_RESULTS/CROSS_VALIDATION_POSTPROCESSED_CLR/Berg/GZ/3comp/2/Berg_GZ_z_710_kriged_reverse_3comp_spherical_2.asc
ncols 100
nrows 90
xllcorner 5.6208707817415728
yllcorner 50.959635321741573
cellsize 0.00013419651685393446
nodata_value 1.7014100000000001E+038
[rows 0 to 18 of 90, columns 43 to 85 of 100]
-3.3151628604975336 -3.3173072920872806 -3.3709930299111304 -3.480034026227397 -3.638844368309208 -3.8391372061270834 -4.0199768477533775 -4.144654170566312 -4.293107138762554 -4.463485182572198 -4.638448422361922 -4.805445876814625 -4.95994743263065 -5.095864747743912 -5.210213234019131 -5.301006084602232 -5.366413767106588 -5.404685971998873 -5.414088276468047 -5.3928517926595925 -5.359725381571898 -5.334402606600886 -5.317345357490511 -5.3088357532841135 -5.308980608828861 -5.315453785735588 -5.32286544941091 -5.33031664145779 -5.336976603192013 -5.341931456193722 -5.344204923518255 -5.344252158469473 -5.344252158469473 -5.344252158469473 -5.344252158469473 -5.344252158469473 -5.344252158469473 -5.344252158469473 -5.344252158469473 -5.344252158469473 -5.344252158469473 -5.344252158469473 -5.344252158469473
-3.1699881975804707 -3.171648045557073 -3.230592257971396 -3.341689503933502 -3.499834523328984 -3.6871276703500695 -3.8613549141432193 -4.0071978334469565 -4.154858158270154 -4.315240444294515 -4.491972154865596 -4.67780034156784 -4.846405903047259 -4.994129264233122 -5.119164577753256 -5.219887860386384 -5.2947784494313295 -5.342351242717642 -5.361098182795992 -5.349437950013463 -5.316699988935586 -5.29124485833168 -5.275042974203097 -5.26836323287972 -5.271273496504287 -5.281234050966587 -5.292899339191788 -5.305321458279318 -5.317575832127003 -5.3286552912170055 -5.337494735569632 -5.342992265308182 -5.344252158469473 -5.344252158469473 -5.344252158469473 -5.344252158469473 -5.344252158469473 -5.344252158469473 -5.344252158469473 -5.344252158469473 -5.344252158469473 -5.344252158469473 -5.344252158469473
-3.0430006429737393 -3.0362225743867652 -3.105587270175637 -3.2412051654274783 -3.4141628655019858 -3.5959059280624084 -3.7707512008818145 -3.9289974471503633 -4.079072512793692 -4.23080133876658 -4.3869028169576785 -4.551715979057401 -4.727017940390123 -4.885354840872268 -5.019611050386263 -5.128643201825318 -5.2113192461863935 -5.266476674980272 -5.292877029837119 -5.289160837134975 -5.259268734580053 -5.234143910439308 -5.2193074044686485 -5.2150164667912495 -5.22129385918226 -5.235039908846188 -5.251241918380994 -5.268932651659269 -5.287076097597501 -5.304556786214875 -5.320209051210373 -5.332841009268216 -5.341253063513543 -5.344252158469473 -5.344252158469473 -5.344252158469473 -5.344252158469473 -5.344252158469473 -5.344252158469473 -5.344252158469473 -5.344252158469473 -5.344252158469473 -5.344252158469473
-2.943061171151165 -2.9147233747528376 -2.9978312373581035 -3.172837625752407 -3.386580058549438 -3.5942875762106405 -3.7731246939492036 -3.9319944546485326 -4.076635688779159 -4.20995921003308 -4.33906249408548 -4.472053800820724 -4.616283466947614 -4.774763123517667 -4.916047727746379 -5.03120377910363 -5.1195170142335575 -5.180175181809454 -5.212235482051562 -5.214583442971445 -5.188430200123828 -5.164069630845409 -5.151103045707533 -5.149774802805576 -5.16004938636119 -5.177835102214414 -5.1989080163115196 -5.22221258943773 -5.246579775969021 -5.270768322480658 -5.293499209500813 -5.31348232655385 -5.329435695653605 -5.340098268980911 -5.34423760670568 -5.344252158469473 -5.344252158469473 -5.344252158469473 -5.344252158469473 -5.344252158469473 -5.344252158469473 -5.344252158469473 -5.344252158469473
-2.891253802957491 -2.81212976749391 -2.922117882402254 -3.1670814408014887 -3.436282353142761 -3.6788671351803166 -3.876184618005526 -4.026971524730941 -4.1500346071440735 -4.254698029246074 -4.350679573023186 -4.447104153978312 -4.5523388294830625 -4.674091919141546 -4.812771031242928 -4.931295602210907 -5.022643199965656 -5.086347716497508 -5.1217706671169205 -5.12805716902657 -5.105282481777 -5.082077057026609 -5.071473499545812 -5.073697831799936 -5.088479069866954 -5.110621823550218 -5.136962585149473 -5.166282308537163 -5.197252552710893 -5.228486312895207 -5.258577911491221 -5.286131677423304 -5.309780714795623 -5.328197762830563 -5.340100235142787 -5.344252158469473 -5.344252158469473 -5.344252158469473 -5.344252158469473 -5.344252158469473 -5.344252158469473 -5.344252158469473 -5.344252158469473
-2.952715436839844 -2.74011991604021 -2.9312696993401666 -3.2857061412251767 -3.6034456322350996 -3.865892810794729 -4.070255379121267 -4.212948123334809 -4.301353334344105 -4.367102898923322 -4.422075956558921 -4.47588813269369 -4.537443266618359 -4.614964039499013 -4.716088491500072 -4.832287516211927 -4.923655668381738 -4.987608426708441 -5.023809163264778 -5.031674450343273 -5.011012034026768 -4.9892972476710575 -4.981536272131376 -4.987925494135936 -5.007513981065371 -5.034455314875074 -5.0665381230710915 -5.102339846209994 -5.140340858901864 -5.178986396757776 -5.216731397002331 -5.252069524719935 -5.283549448223857 -5.309781841474406 -5.329440221596743 -5.341258053104538 -5.344252158469473 -5.344252158469473 -5.344252158469473 -5.344252158469473 -5.344252158469473 -5.344252158469473 -5.344252158469473
-3.283243351539855 -3.0701000519075294 -3.2668047031877 -3.6178306131257085 -3.9239452823524266 -4.170797916962137 -4.355220139694375 -4.47312914390702 -4.529536997167678 -4.545469420483785 -4.550893809839362 -4.5555488332271885 -4.5684016474156754 -4.597811347838963 -4.651594856514192 -4.7370698103091335 -4.825117234101791 -4.886227350003821 -4.92036298354744 -4.9272316513118355 -4.906880621130722 -4.886926044611155 -4.88247672101741 -4.893679826428312 -4.918180545245134 -4.950465336742388 -4.988859313396774 -5.0316850184633655 -5.077194257523873 -5.123641819625754 -5.169333139940461 -5.21265039572068 -5.252063024049942 -5.28612819222166 -5.313485503966378 -5.332848898676539 -5.342997607880776 -5.344252158469473 -5.344252158469473 -5.344252158469473 -5.344252158469473 -5.344252158469473 -5.344252158469473
-3.8899401117919385 -3.831334575329156 -3.9407117999061776 -4.165137701418227 -4.396324568569524 -4.589823339926061 -4.725525850050738 -4.800366000189504 -4.817854996540071 -4.78406054236976 -4.7318252936414 -4.681106949147912 -4.64050694802296 -4.618168108997175 -4.621809782798548 -4.658787839333328 -4.729155892941553 -4.784104741217925 -4.8131086324683166 -4.816207323627213 -4.794212519314723 -4.776211908637269 -4.775542798088525 -4.792204500645566 -4.82158080762653 -4.859888334324431 -4.905278182874975 -4.9557528424238 -5.009293747955189 -5.0639449482253 -5.117858341305054 -5.16931104985177 -5.216705355864278 -5.258559223988721 -5.293492748762409 -5.320213686771614 -5.337503741401208 -5.344206345325162 -5.344252158469473 -5.344252158469473 -5.344252158469473 -5.344252158469473 -5.344252158469473
-4.618156494710906 -4.62631789118236 -4.70271323937221 -4.834804445953524 -4.978578304864288 -5.096802218370963 -5.166992721427996 -5.184701062928667 -5.151413464378201 -5.0709484912982274 -4.956743007391204 -4.845525064516663 -4.747578820918761 -4.6705393374539454 -4.621786175547241 -4.608490465305326 -4.637658723160161 -4.682789634959813 -4.703399456573578 -4.699762492559982 -4.674384334776494 -4.658443897478069 -4.66204280270148 -4.684076162631015 -4.71893165641522 -4.764116511937919 -4.8173245163175675 -4.876158150366679 -4.938286506987115 -5.001531026047432 -5.063897591522462 -5.123575918142112 -5.178922461585244 -5.2284371808862025 -5.270739815682178 -5.304548327462433 -5.328660444883473 -5.341938387297905 -5.344252158469473 -5.344252158469473 -5.344252158469473 -5.344252158469473 -5.344252158469473
-5.381934305715505 -5.419875849803271 -5.470420279690266 -5.534862937430331 -5.598458180703418 -5.6364576032541125 -5.636369047385681 -5.594243998275413 -5.509294679244595 -5.382267805376436 -5.215077211005875 -5.040024670780779 -4.882193426530035 -4.748598633893396 -4.646679415103933 -4.582934485595876 -4.563589781769302 -4.585548057558887 -4.593621152319728 -4.579167203717864 -4.548820400527155 -4.534940636840277 -4.543323213043134 -4.5702680410666074 -4.611629894190636 -4.664773881785894 -4.726777934533473 -4.794753659668121 -4.86602619966448 -4.938201599165195 -5.009166599316326 -5.077056896148495 -5.140215708928275 -5.197153504032927 -5.246513153227792 -5.287041484019699 -5.317566746879359 -5.336981048438125 -5.344226754563486 -5.344252158469473 -5.344252158469473 -5.344252158469473 -5.344252158469473
-6.148511134465219 -6.199376912023984 -6.221695036763074 -6.2265328793010495 -6.213743277413608 -6.172180777317959 -6.099169830039914 -5.993313235587007 -5.853996751232043 -5.681130265511364 -5.475644512464541 -5.25334462152682 -5.047649300519149 -4.8647250773643185 -4.714813414736391 -4.603517451124233 -4.5367329143753805 -4.5204423688747655 -4.510557654734387 -4.478136277132898 -4.436235722787149 -4.416914804367915 -4.423266892312817 -4.45229060040145 -4.501363763684473 -4.56383520138153 -4.635769101354446 -4.7137016275852295 -4.794614751812726 -4.8759420712559045 -4.955506727285476 -5.031443249216292 -5.1021259002005905 -5.1661103618340825 -5.222088820907099 -5.268856271180747 -5.305285505816764 -5.3303086047929265 -5.3429031964553175 -5.344252158469473 -5.344252158469473 -5.344252158469473 -5.344252158469473
-6.913768155397431 -6.963291759522075 -6.947910164659552 -6.89040375541997 -6.80035842771662 -6.680357761224785 -6.534795231902293 -6.365006918574342 -6.17273454367574 -5.9623110590030075 -5.7309409073056194 -5.478762542833792 -5.239520749798268 -5.023244326735384 -4.831183141625808 -4.673481064106256 -4.559944729501096 -4.497063996865718 -4.46372763293598 -4.409167168570978 -4.355894603107022 -4.328805897237011 -4.3275742885480195 -4.351268679329152 -4.397802539571518 -4.4644267343546495 -4.546915106221011 -4.635552662033263 -4.72643501853128 -4.816923218020269 -4.904868381949679 -4.988476129034369 -5.066204724328836 -5.136692341745079 -5.198706103229994 -5.251106503009135 -5.292822460039777 -5.322833669982755 -5.34015798462156 -5.344252158469473 -5.344252158469473 -5.344252158469473 -5.344252158469473
-7.677505492974658 -7.7075099410893 -7.637385038504212 -7.506942313616312 -7.3360996638004075 -7.138680925376678 -6.9236074180536695 -6.7015682577715525 -6.473307934094029 -6.234623422311561 -5.980850885138347 -5.707477740317565 -5.439151415495869 -5.196122091099127 -4.978298144696602 -4.786443906542851 -4.6281223778810165 -4.518828405839967 -4.452533477501712 -4.373103268705204 -4.3072471315618435 -4.26884714307015 -4.260437270298826 -4.280738162108606 -4.325216292921068 -4.3891235917425035 -4.469089767758554 -4.56330983856367 -4.664152870965992 -4.763470572469617 -4.859266873154114 -4.949901701453582 -5.033970486286753 -5.110226974756674 -5.177533375730958 -5.234827662667843 -5.281101743652616 -5.3153866141150665 -5.336742072979756 -5.34424947442105 -5.344252158469473 -5.344252158469473 -5.344252158469473
-8.435028755417243 -8.418093235718514 -8.268356881192718 -8.050907023868575 -7.79618769059655 -7.526882611947223 -7.262401445674161 -7.003667050277069 -6.746695883837598 -6.48594870002035 -6.21533996106733 -5.928797412474334 -5.63875395206041 -5.374960563790323 -5.136741344237068 -4.923692820695951 -4.736673602533118 -4.58344682411426 -4.477573756422748 -4.373185475713678 -4.288070574319045 -4.235265175989822 -4.221335543174321 -4.241739757289724 -4.287007676985814 -4.349573311857698 -4.425302739504591 -4.512583652551042 -4.611302246218684 -4.717980749713772 -4.820700084576148 -4.917398301057695 -5.006846764932504 -5.087934305525368 -5.159627089876901 -5.220943654848082 -5.27093890747058 -5.3086935920350635 -5.333307184031035 -5.343892988395904 -5.344252158469473 -5.344252158469473 -5.344252158469473
-9.175982630322306 -9.058652640703107 -8.795197146373246 -8.48141404266641 -8.153158847232977 -7.837832471112147 -7.538680651978627 -7.254095468070694 -6.9784696473156895 -6.704688545861736 -6.425243241554443 -6.132721053383081 -5.831421815224417 -5.554736406450407 -5.303164077074687 -5.075091876958215 -4.870163343756795 -4.689706419228348 -4.542626930651472 -4.411768744311994 -4.297902502435801 -4.226483115313487 -4.211380882414378 -4.238140077887862 -4.287363054981448 -4.348960116860139 -4.419376595212453 -4.498083310724522 -4.5858853139783875 -4.684185688465319 -4.791022200623555 -4.892477649311887 -4.986086179489823 -5.070868189264273 -5.145886396451909 -5.210231483445371 -5.263013184103297 -5.303354560158738 -5.330388215992412 -5.343253729608067 -5.344252158469473 -5.344252158469473 -5.344252158469473
-9.863555123810551 -9.549600164837123 -9.150279692643444 -8.75334503801122 -8.383570685975041 -8.044126448798242 -7.731092207772597 -7.437517895193274 -7.156612087939592 -6.881714837069776 -6.603691716386409 -6.313845416501703 -6.011667306118173 -5.731330133140397 -5.475111751561965 -5.240008385455785 -5.024475894126471 -4.828215403176794 -4.659281251721241 -4.49817560869446 -4.342165471550999 -4.240965127230543 -4.237907667348529 -4.280061518521039 -4.333695518715505 -4.391623389159981 -4.453414186618604 -4.520443842812195 -4.594647765025221 -4.678125589575085 -4.772993319112487 -4.876368439245515 -4.972686514896882 -5.0598550260853 -5.137007715856292 -5.203287047421827 -5.257841350626441 -5.299823018752855 -5.328387331180883 -5.342691662578998 -5.344252158469473 -5.344252158469473 -5.344252158469473
-10.224689108839831 -9.719240920781058 -9.250419660013934 -8.833748022061751 -8.46077939085772 -8.128620777791333 -7.82947186333501 -7.553724030806727 -7.290866077414527 -7.030800095125832 -6.7664790458061965 -6.488772230349112 -6.194522726192925 -5.917196106648928 -5.66080395156332 -5.422858951365665 -5.201543161661658 -4.99791502259209 -4.8322404074300485 -4.655878941028353 -4.454938704177193 -4.281350551233512 -4.334054124591368 -4.38693179037734 -4.4351657207792226 -4.481421635096117 -4.528551684880105 -4.579342762060309 -4.636456301912031 -4.702409733029722 -4.779575346167183 -4.870187891270913 -4.967311646591866 -5.055438312742313 -5.133444927852656 -5.200495934710982 -5.255755877125239 -5.298389368593202 -5.327561071951197 -5.342435685760812 -5.344252158469473 -5.344252158469473 -5.344252158469473
-9.743858655106328 -9.442033474745019 -9.065440577958139 -8.712501923524805 -8.391755771677525 -8.104651554212035 -7.846482012616558 -7.609061211924009 -7.382327015859913 -7.155351220280499 -6.9176445714794275 -6.662771731564501 -6.387356262437724 -6.124268966229901 -5.877150651125971 -5.642023983419208 -5.417451405799676 -5.220906605536691 -5.066782372417736 -4.904173073105412 -4.715609951710648 -4.576415427060416 -4.555899493381173 -4.573669488851996 -4.595756280070822 -4.618570471694316 -4.64345090851076 -4.672735603154642 -4.70894092308811 -4.754533988592948 -4.811864531106583 -4.88314999417432 -4.970232526241584 -5.057838424512807 -5.135381139305974 -5.202013081327207 -5.256889930432869 -5.2991696266681485 -5.328011713038075 -5.342576894888567 -5.344252158469473 -5.344252158469473 -5.344252158469473
-8.967492798918169 -8.875717623935996 -8.663882036605077 -8.42618028012446 -8.192989458040302 -7.97797301726699 -7.78273537749244 -7.602104667609912 -7.427338568960064 -7.2479766754838035 -7.052972463951715 -6.832144937448262 -6.585609947038565 -6.346302516151869 -6.116548407238626 -5.892994178318762 -5.685990023995865 -5.512310967868772 -5.377280061303799 -5.230574788215897 -5.065805326647881 -4.9338692622134115 -4.860565505437759 -4.825749663478014 -4.807588419004251 -4.797387667975582 -4.793392737347363 -4.796442791229524 -4.808290844106638 -4.8309765655221435 -4.866584284314995 -4.917149917518794 -4.98462891127989 -5.066935430078852 -5.142716767376062 -5.207754269372201 -5.261171155900028 -5.302100777770159 -5.3296837187013635 -5.34306583569758 -5.344252158469473 -5.344252158469473 -5.344252158469473
