_RESULTS/CROSS_VALIDATION_POSTPROCESSED/MHZ/IZ/3comp/2/MHZ_IZ_z_355_kriged_reverse_3comp_spherical_2.asc
ncols 100
nrows 81
xllcorner 5.5967107548124995
yllcorner 50.982328804812504
cellsize 0.00017565037499993607
nodata_value 1.7014100000000001E+038
[rows 60 to 79 of 81, columns 44 to 87 of 100]
3.353125915174547 3.4392487134597123 3.5678354908564405 3.739864155688494 3.951681237768103 4.187368374048448 4.423933659598557 4.648204539511297 4.8473867266471045 5.02466609165842 5.191640760806477 5.341048161652196 5.464529575340718 5.554942034747166 5.60761829854125 5.621453113418742 5.59958445888237 5.552458699249837 5.491597574355273 5.439425070603092 5.424810517713866 5.448057115526912 5.508124055165439 5.594390522036162 5.686213930716408 5.7612112426405035 5.811076101222968 5.844605884894379 5.874048929982338 5.907577432289095 5.9464470682612545 5.976695726283937 5.995273397882626 6.0004612510945 5.990149197141433 5.962046547904968 5.913820470142885 5.843205096732815 5.758539309793679 5.6866475535679 5.631384636446449 5.594192517650898 5.575164251878363 5.561720024383236
3.271374235553403 3.327918593163866 3.43527548564237 3.5955231771030687 3.801713781697582 4.038178247427857 4.277163057635908 4.502919841817955 4.7022039791362005 4.882326631956508 5.052916385413642 5.206835364148088 5.337445634111497 5.439244927847495 5.508646191854007 5.544624168122036 5.551648087855254 5.536634455737833 5.505938008279406 5.47235819556992 5.466030656957262 5.493165230086189 5.549962546892476 5.623035551831395 5.699914471323033 5.768913533780328 5.824751766206536 5.869919820496656 5.910392302619089 5.951682581891095 5.988208833959965 6.01083988781923 6.019054306390748 6.011614733155448 5.9868514746666985 5.942873135642565 5.878062165737501 5.796965106452386 5.7185027307362395 5.65462331243785 5.606872907880077 5.576766992036733 5.562807991052003 5.552528550621051
3.196545540883383 3.2169755341489457 3.3013523228402772 3.4546151555718607 3.6618149973027356 3.9019135636776268 4.145975843536618 4.374262904718751 4.576209921871066 4.761137567920719 4.935445725425969 5.093753115152672 5.230768262118455 5.34212355475953 5.424884319570158 5.479611667877253 5.510154845308591 5.519599778539922 5.511859874496914 5.492628415688623 5.489433794663321 5.510985814223812 5.554858802293822 5.614922767241824 5.6826182261494305 5.7490002745703395 5.808248576159906 5.860721086271657 5.909213603301505 5.954868273030122 5.986206956795311 6.001215370451199 5.999488759606047 5.980091011086229 5.943829074636229 5.892068341237531 5.825315461612606 5.747278040473501 5.678296173383572 5.623334442864593 5.584011717121219 5.561922923480876 5.552509739216503 5.545430087295648
3.137723056060937 3.1097476130644504 3.167396481623877 3.3258143642633256 3.5442280454212147 3.7889945964200167 4.037795625820632 4.26732889576172 4.4749525623882676 4.664705084817109 4.8415075864996275 5.002853240863471 5.14447776028976 5.26279107143927 5.356561362946914 5.427182554847373 5.475386324977218 5.502825440483515 5.511556436272854 5.504076042486634 5.502715481786456 5.519450220218282 5.553333697978558 5.600312598734105 5.655055434524322 5.712459856892774 5.769071960715904 5.823621137782871 5.8765236167513875 5.91932242293036 5.9454814276641645 5.955237206972285 5.948885730282618 5.9267379158661795 5.8891336612472855 5.836467983982183 5.7692096121679235 5.698686304266171 5.63985858906368 5.594532514156378 5.564398460414712 5.550926913294734 5.544906149031627 5.541031293232745
3.118457363557992 3.0225009467950277 3.0384175322298463 3.2343579151235327 3.470160881650374 3.7154389796265708 3.960387358733463 4.188923175325634 4.401861653633558 4.5955708630479695 4.772502077428931 4.934613834563983 5.0783373721823555 5.202069922846129 5.3053239080539045 5.38729033034609 5.447943488408987 5.487839534399272 5.507735125875864 5.508487143655727 5.510264565051782 5.5243308322014135 5.551267823354021 5.589450678203486 5.635492192715619 5.6861270093202485 5.738974287796301 5.7928833878023305 5.843090533285833 5.87917740786113 5.900219608269958 5.906006571479256 5.896545123265718 5.871972749133391 5.832523985070339 5.778521896878173 5.712847597912531 5.653390514288235 5.60518463204513 5.5700423692498 5.549718476509535 5.543518292935514 5.540604157016178 5.53984655633172
3.1783824436339203 3.0555079575589104 3.044701393789403 3.2412474409335394 3.4647632793768612 3.693319521782034 3.9199583055422544 4.14553564488076 4.358782208182925 4.5539753358747115 4.728770824439136 4.888826718366087 5.033691085970116 5.161469352208843 5.270483860505163 5.35961025416843 5.428240944223852 5.4761274640189335 5.503109546888525 5.509164147338256 5.51380977001198 5.5283449056967635 5.552140487517608 5.584484380315504 5.624729005100413 5.67078306483704 5.721004614158667 5.772053169846792 5.813065577753554 5.8415255634174486 5.8564879850271865 5.857424557303167 5.844092988095965 5.816451012246591 5.774606200306074 5.7188656264518745 5.661740508392108 5.613567951180589 5.576282301566735 5.551730369319997 5.541718807858438 5.540040701038331 5.53984655633172 5.53984655633172
3.321613491220772 3.239163169573225 3.243627671168698 3.3588510247324526 3.5312674272433635 3.7233573341965873 3.9260053988294366 4.136967299544435 4.345150046146454 4.537728617883113 4.7110101825773 4.868159534412703 5.0121000684856805 5.140624472802766 5.251893030399465 5.344460557499878 5.417234478248207 5.469355532201987 5.500012238833407 5.508922293911113 5.516286957977373 5.531992595812842 5.555715001560564 5.586647309076122 5.623750209327644 5.666865379100148 5.713728437185727 5.754422320871301 5.785740522797608 5.806075058998381 5.814307465468716 5.809709685570456 5.791854512282441 5.760545762088949 5.715768689401501 5.663790936835833 5.618195229536024 5.5813391623317665 5.555146430280871 5.541484322239284 5.53984655633172 5.53984655633172 5.53984655633172 5.53984655633172
3.5082004005007805 3.4501247350921025 3.453988019096952 3.5247812185078122 3.6460278665760604 3.7999323185054954 3.9758139051154266 4.164263514543476 4.358816746090962 4.547075974292223 4.719326066108245 4.872820539029621 5.012813659874158 5.139000852396775 5.249319719205083 5.342013741622247 5.415587133611152 5.468715551619323 5.500122631473631 5.510077167406586 5.520104790407393 5.537474366391491 5.562071801150514 5.593473001373763 5.631090955466451 5.672152732958084 5.708720454151311 5.738557654112566 5.7602593590761275 5.772256899700565 5.773366816999232 5.762751033571855 5.739859626662281 5.704379413174907 5.6596502211990325 5.618635939304055 5.5843532376449145 5.55875741433038 5.543634723166134 5.53984655633172 5.53984655633172 5.53984655633172 5.53984655633172 5.53984655633172
3.7070528899047743 3.6593517074578044 3.65778468162467 3.7033831369901864 3.7917807126083245 3.914993558788827 4.063791643622762 4.228811716362238 4.402857521053573 4.579978790800893 4.748703303252144 4.900569750301585 5.034605564005244 5.1556903337325135 5.262203872224926 5.35210325773742 5.423561096734746 5.474898838018442 5.5045069246391325 5.514552661217096 5.527220085147079 5.546602409075209 5.57272641395095 5.605403968260155 5.640297559340553 5.672611894587554 5.700320955871921 5.721611417332482 5.73494897161807 5.7390951274136 5.733087765415662 5.7162029434190496 5.6879124190865795 5.650664062443125 5.615470647021761 5.585080536908038 5.56124682002817 5.545637597623027 5.5398520439586605 5.53984655633172 5.53984655633172 5.53984655633172 5.53984655633172 5.53984655633172
3.9051730582966147 3.8604904219810923 3.8522764197189647 3.886038371840421 3.9580744516481574 4.060556126426434 4.185215247402624 4.32677142273003 4.479498050792569 4.6374020972077306 4.795183741914042 4.9441768648175595 5.075568191319656 5.189429583457474 5.289647263470959 5.374206039209449 5.441012663508669 5.488121767409511 5.513686514802775 5.523975909524837 5.539265686074826 5.560899102488394 5.587478026588293 5.614966029145972 5.641529418353578 5.6653686729246004 5.684737806420842 5.698032015655288 5.70384536889079 5.700996588349824 5.688528633248982 5.665691466605912 5.63566345513193 5.6068306677943 5.581154317099249 5.560348739336524 5.546079473535123 5.5399630349608175 5.53984655633172 5.53984655633172 5.53984655633172 5.53984655633172 5.53984655633172 5.53984655633172
4.0940000068139 4.0523913978220625 4.045070449418409 4.072764821596055 4.132804328799943 4.22008838196909 4.328522007621313 4.452078029098491 4.585263295180965 4.723592602542878 4.863362819505171 4.999865026730981 5.127819923365074 5.238345743387426 5.33044220687027 5.4074641547320415 5.46742214807084 5.508175861494566 5.5277292493470656 5.53968682390576 5.555698271213811 5.574358958608123 5.5945012800193235 5.61475987288661 5.633639507704801 5.649594104575147 5.661105521768084 5.666751217101664 5.665253359050757 5.655506985693426 5.636812544648143 5.614643559972507 5.5927751722233445 5.572774639680262 5.5562362336702185 5.544754115483844 5.539907867451043 5.53984655633172 5.53984655633172 5.53984655633172 5.53984655633172 5.53984655633172 5.53984655633172 5.53984655633172
4.278054660762133 4.243094525200448 4.236975947533948 4.2601740688177845 4.310923437840926 4.385675331702672 4.479854954849222 4.58854533365794 4.706911999807104 4.830383477567869 4.9546822644923365 5.075791853060878 5.189911293917278 5.293421175236151 5.381861152254007 5.45007366139142 5.500536962129784 5.531432875544749 5.542268413890271 5.551457464994902 5.5631753054296125 5.576590188549988 5.5906729440544956 5.604235598606071 5.615983357724814 5.624574223069125 5.628678980031283 5.627034525309569 5.618496271467267 5.60535803936188 5.5906881657468634 5.5756848147719635 5.561672066043922 5.550058101543075 5.5423017695172785 5.53984655633172 5.53984655633172 5.53984655633172 5.53984655633172 5.53984655633172 5.53984655633172 5.53984655633172 5.53984655633172 5.53984655633172
4.460537116396807 4.430887693087611 4.425714551564416 4.4453536603882675 4.488546653393068 4.552678807037962 4.6342031575050315 4.7290770353281975 4.833093113410743 4.94207639541199 5.051975586491612 5.158892316219013 5.259083749934428 5.348960792906347 5.425093272999072 5.484226662852269 5.523311176324933 5.5408396273097305 5.544995333870558 5.551021190232682 5.558652476544131 5.567138723029768 5.575568081049301 5.582898806248418 5.588000049914085 5.5896980908026 5.587530301182779 5.582739390572039 5.5758413129174205 5.567527799110204 5.558689189332243 5.550378947306 5.5437778154951785 5.540161125748942 5.53984655633172 5.53984655633172 5.53984655633172 5.53984655633172 5.53984655633172 5.53984655633172 5.53984655633172 5.53984655633172 5.53984655633172 5.53984655633172
4.638401620640189 4.613201814079525 4.60881285956801 4.625487425165688 4.662274092341864 4.717151370144438 4.787279310701205 4.869283326608379 4.959500158888489 5.054154805383256 5.149470704401861 5.241731778594181 5.327317172567019 5.402725034522904 5.464595859493198 5.5097411044723845 5.535179500737766 5.53984655633172 5.53984655633172 5.541014350222808 5.543975252116056 5.547739294244932 5.551457855815216 5.554452234942491 5.556238258655931 5.556545485746168 5.5553285435249204 5.552769073233937 5.54926801708888 5.545429296564371 5.542037021315636 5.540029018671857 5.53984655633172 5.53984655633172 5.53984655633172 5.53984655633172 5.53984655633172 5.53984655633172 5.53984655633172 5.53984655633172 5.53984655633172 5.53984655633172 5.53984655633172 5.53984655633172
4.808658170340903 4.787329702476152 4.783618455728206 4.797723798751575 4.828892280337471 4.875498339377509 4.935201795020596 5.005137890877363 5.082098647037383 5.162681106744276 5.2433963909348655 5.320745586649274 5.391273238631104 5.451608964772988 5.498505260266097 5.528876721774707 5.539843529420412 5.53984655633172 5.53984655633172 5.53984655633172 5.53984655633172 5.53984655633172 5.540007743381318 5.5404846240814205 5.540879441212961 5.540954308314203 5.540669383229904 5.5401842853491505 5.539852470555421 5.53984655633172 5.53984655633172 5.53984655633172 5.53984655633172 5.53984655633172 5.53984655633172 5.53984655633172 5.53984655633172 5.53984655633172 5.53984655633172 5.53984655633172 5.53984655633172 5.53984655633172 5.53984655633172 5.53984655633172
4.968296616804092 4.950436392401949 4.947329518354456 4.959139272107519 4.985247045248928 5.024303910147327 5.07433426329761 5.132867527835263 5.197073352217167 5.263882997672357 5.330089364395897 5.392426032129012 5.447630106226789 5.492494967844886 5.523918425393452 5.538950353360249 5.53984655633172 5.53984655633172 5.53984655633172 5.53984655633172 5.53984655633172 5.53984655633172 5.53984655633172 5.53984655633172 5.53984655633172 5.53984655633172 5.53984655633172 5.53984655633172 5.53984655633172 5.53984655633172 5.53984655633172 5.53984655633172 5.53984655633172 5.53984655633172 5.53984655633172 5.53984655633172 5.53984655633172 5.53984655633172 5.53984655633172 5.53984655633172 5.53984655633172 5.53984655633172 5.53984655633172 5.53984655633172
5.114273319675358 5.099589727151339 5.097034664019125 5.106745708888524 5.128200703775455 5.160252515894579 5.201200558671907 5.248885461700065 5.300791975727664 5.354148266148264 5.406014888056397 5.453361637192778 5.493133832707574 5.522311186804079 5.537962658249876 5.53984655633172 5.53984655633172 5.53984655633172 5.53984655633172 5.53984655633172 5.53984655633172 5.53984655633172 5.53984655633172 5.53984655633172 5.53984655633172 5.53984655633172 5.53984655633172 5.53984655633172 5.53984655633172 5.53984655633172 5.53984655633172 5.53984655633172 5.53984655633172 5.53984655633172 5.53984655633172 5.53984655633172 5.53984655633172 5.53984655633172 5.53984655633172 5.53984655633172 5.53984655633172 5.53984655633172 5.53984655633172 5.53984655633172
5.243531165712025 5.231804245139979 5.229761656496504 5.237521814696668 5.254634743310893 5.280106702485662 5.312451826211147 5.349762756720774 5.389791015226529 5.430029074811645 5.4677887926935025 5.5002738047957 5.524645827412386 5.538086212795235 5.53984655633172 5.53984655633172 5.53984655633172 5.53984655633172 5.53984655633172 5.53984655633172 5.53984655633172 5.53984655633172 5.53984655633172 5.53984655633172 5.53984655633172 5.53984655633172 5.53984655633172 5.53984655633172 5.53984655633172 5.53984655633172 5.53984655633172 5.53984655633172 5.53984655633172 5.53984655633172 5.53984655633172 5.53984655633172 5.53984655633172 5.53984655633172 5.53984655633172 5.53984655633172 5.53984655633172 5.53984655633172 5.53984655633172 5.53984655633172
5.3530398695486365 5.344095187678185 5.3425341023763595 5.348460106480717 5.361479591690394 5.380720126590334 5.404869375372798 5.432229775375167 5.460783085979544 5.488259341262646 5.512206135332864 5.530055909503787 5.539190463765597 5.53984655633172 5.53984655633172 5.53984655633172 5.53984655633172 5.53984655633172 5.53984655633172 5.53984655633172 5.53984655633172 5.53984655633172 5.53984655633172 5.53984655633172 5.53984655633172 5.53984655633172 5.53984655633172 5.53984655633172 5.53984655633172 5.53984655633172 5.53984655633172 5.53984655633172 5.53984655633172 5.53984655633172 5.53984655633172 5.53984655633172 5.53984655633172 5.53984655633172 5.53984655633172 5.53984655633172 5.53984655633172 5.53984655633172 5.53984655633172 5.53984655633172
5.439849971447072 5.433540767819126 5.432435305372118 5.436624976144864 5.44576199047235 5.459073540158968 5.475392336969716 5.4932004559713565 5.510682649597975 5.525785371048082 5.536278454632574 5.53984655633172 5.53984655633172 5.53984655633172 5.53984655633172 5.53984655633172 5.53984655633172 5.53984655633172 5.53984655633172 5.53984655633172 5.53984655633172 5.53984655633172 5.53984655633172 5.53984655633172 5.53984655633172 5.53984655633172 5.53984655633172 5.53984655633172 5.53984655633172 5.53984655633172 5.53984655633172 5.53984655633172 5.53984655633172 5.53984655633172 5.53984655633172 5.53984655633172 5.53984655633172 5.53984655633172 5.53984655633172 5.53984655633172 5.53984655633172 5.53984655633172 5.53984655633172 5.53984655633172
