_RESULTS/CROSS_VALIDATION_POSTPROCESSED/MHZ/TZ/6comp/5/MHZ_TZ_z_355_kriged_reverse_6comp_spherical_5.asc
ncols 100
nrows 81
xllcorner 5.5967107548124995
yllcorner 50.982328804812504
cellsize 0.00017565037499993607
nodata_value 1.7014100000000001E+038
[rows 20 to 39 of 81, columns 0 to 43 of 100]
8.172754824512134 8.204052809780144 8.228092942637641 8.24468066334864 8.262044352625333 8.27963219764264 8.296882303674224 8.314199345880235 8.332689471150594 8.353884815325017 8.379513340410979 8.411295409526582 8.448134485008381 8.488598266082217 8.5321313278878 8.576530855241895 8.618832879940662 8.655192600759367 8.681088846038948 8.692207076832384 8.6807798329678 8.64606983442079 8.592540953002041 8.52552047243948 8.467071793038139 8.45533315083095 8.489482672813562 8.567863905679502 8.688744995423017 8.85014520315037 9.049653071074788 9.28413216221593 9.549300340242088 9.837517519127603 10.091467635019285 10.274904481847601 10.367128152090133 10.329535966279126 10.133927296781977 9.767000290519192 9.234162324317898 8.568716692393194 7.8230497838401085 7.042782956768496
8.247505246671453 8.281970114586489 8.30614900878051 8.318648220818309 8.328002772671148 8.33657589167621 8.344460425585575 8.352481936737192 8.361759778498595 8.373336338488146 8.387945907009993 8.406941091861743 8.43093797379372 8.458534603588435 8.487935391698622 8.516991695852068 8.54328185979147 8.56428338008575 8.577676261402651 8.581784318212234 8.573145984766342 8.54620712466993 8.50268425069105 8.44596908472972 8.412694962310564 8.426728069282147 8.487921590365149 8.595995997238386 8.748508767507134 8.943863572699044 9.183176785752744 9.465080557714808 9.783465161287419 10.130103299308628 10.449677026821018 10.701106195300929 10.85886600595897 10.87890988219065 10.72660494849943 10.378288489148336 9.834208292995285 9.134183047219068 8.337136947412036 7.502045821877984
8.324195598675987 8.365472103688303 8.394815943619216 8.409080531452616 8.412729784236287 8.412258429931322 8.408389267611732 8.402808077845716 8.39739969474264 8.394267436543497 8.396704073857677 8.404536223324865 8.416664825039122 8.431548905585444 8.44731801340274 8.461942547750823 8.473528839691854 8.48077045664283 8.483322160763864 8.481457109665289 8.474315676339376 8.45422028409316 8.419343547792282 8.374443093742764 8.36342831509085 8.399257940969601 8.482145386287844 8.613895663600559 8.803738327095683 9.049233393202373 9.343613001199177 9.682056819907988 10.059113575942682 10.468010222694751 10.861948384293362 11.192967372680243 11.43006588225744 11.528391741294556 11.441037158074053 11.122324900060319 10.559374153137536 9.806295151737984 8.946005081893519 8.053480741057673
8.400476484892346 8.450074415952665 8.486063230185101 8.503709655603457 8.502193703982046 8.490892127254 8.473052519009046 8.451799890652929 8.431728107732916 8.417301341762764 8.408757923921693 8.405466729441295 8.406170617998486 8.409153339488812 8.412408515370245 8.413875620292966 8.411871787854807 8.405918505816787 8.397845080870272 8.391015749147973 8.385629755366706 8.37268659561687 8.345714933503343 8.312868137445431 8.319487448553664 8.373025208596271 8.486116997707201 8.662357309318946 8.898493807697943 9.191813389227615 9.539058683354181 9.93253101723402 10.366800313356054 10.835978148573504 11.30730414358627 11.723310829402402 12.051178996525797 12.253191203809049 12.270720088558825 12.019975447780915 11.445238373071405 10.608232285697449 9.644442109625912 8.670340058188446
8.473429890051 8.533291830078122 8.57822330694765 8.600834730592046 8.596394218074089 8.571876003112374 8.537284659414148 8.500509222917088 8.468460055573146 8.44271043733422 8.423405125834467 8.409710404103802 8.400130122457687 8.392722919657071 8.385275428160352 8.375501677833869 8.361403041269694 8.34220967348476 8.321351179818835 8.310078574048449 8.309681257448283 8.304858167674123 8.284891383466006 8.26207842518857 8.285154223750155 8.37605400252664 8.533240853130327 8.753114324118872 9.032726123280996 9.369601243764054 9.76155581928701 10.20566833082437 10.692927015780155 11.21702294403405 11.759391618767765 12.25351204569592 12.672238650226786 12.992735046146702 13.163152857786148 13.05537757424987 12.475105974277897 11.499228599898487 10.401831366269265 9.333478460615249
8.53888799727881 8.611202479071437 8.668667002293013 8.69935044792957 8.693449459619535 8.653612653084307 8.600850952955742 8.549923054582846 8.50538434820598 8.468707276852335 8.439650617224718 8.416999157736429 8.398952539553092 8.38334155882011 8.367769597281956 8.349731054855205 8.32674332327231 8.296576308940788 8.258517818054477 8.241206373623347 8.253677546802027 8.25545028877152 8.239924752848758 8.230384938419126 8.291351133346406 8.422614025857488 8.620030152743768 8.880138285965534 9.199994663291625 9.57700070122488 10.008740094949777 10.492828053945946 11.025261613430363 11.59467682174969 12.189395751164398 12.742565811273604 13.229843527216032 13.646002728143635 13.976544298553195 14.154674688229735 13.560318804962316 12.34245370249562 11.119014554714749 9.980946848016906
8.590934746289726 8.677026368896659 8.75199437401578 8.797686188324235 8.789395977637191 8.732721370615733 8.661204508017095 8.595295726365325 8.539111268068659 8.493068322230442 8.456209527302214 8.426762514251216 8.40262899765955 8.381501912793327 8.360939629812862 8.338497402265896 8.311893399453249 8.279422525070778 8.24241200066038 8.223967048864692 8.229156001280407 8.228602725591713 8.220347975594976 8.243970553397796 8.340313739928177 8.507464492903251 8.741262174942346 9.03810796073764 9.39474772931644 9.808058034391802 10.274857716330626 10.791757519643346 11.35504000918009 11.956626458312352 12.571461038027207 13.157660691803589 13.670408306323619 14.107871649188183 14.45814462721302 14.648263129260691 14.085245126218481 12.896812142598646 11.68152387994415 10.543774030396728
8.622146963206001 8.719367056202207 8.813886543277533 8.890894051425475 8.87601781929868 8.79209792694382 8.7037335893163 8.623957643670876 8.558227707280226 8.505503145318393 8.464069835015442 8.431778949859138 8.406149368011691 8.384447223581441 8.363790036975741 8.341329367198599 8.315777092231828 8.287629945769263 8.260266950652312 8.241560742027207 8.232172693260521 8.227550983063576 8.24659368881924 8.300188417162719 8.426872328375449 8.625650140912985 8.892095858626812 9.222240846060293 9.612236911146132 10.058047261870854 10.555180832307004 11.098487879280867 11.682011585693857 12.291796087470926 12.901810923445803 13.485346004788957 13.980511360749967 14.364820867853565 14.597396320464679 14.556795998710703 14.04795258032421 13.12472551973158 12.051488962142427 10.987348502132585
8.626165495540608 8.724951772621905 8.820996122028918 8.905625759341689 8.885579077628268 8.793838043303358 8.70503739667461 8.62356243894007 8.5539532563745 8.498713555418576 8.456091409695635 8.42397358967246 8.399948264242047 8.38137328635439 8.365487593913587 8.349616224212967 8.331547292100579 8.3101554328049 8.287347368604049 8.267461371804373 8.251376706750534 8.265502490428934 8.312939012182312 8.393368037713532 8.545891506997995 8.77231917241326 9.067879684808933 9.428106850483422 9.848358656174634 10.32337148470639 10.846869238279927 11.41126423571533 12.002163984252066 12.599965855469348 13.186780738945577 13.731624411952618 14.185551606967758 14.49005159881056 14.60372230005062 14.450909107209831 13.969995585545055 13.202118228122536 12.275618409179513 11.312874806829335
8.600437816492212 8.684803081485816 8.757287121929883 8.800504466558465 8.78897265350556 8.731160151856663 8.65992655012879 8.589993976016347 8.526219076433565 8.472652770981526 8.432144826798407 8.403071670705463 8.383320849761098 8.370441554910514 8.36176786066555 8.354596957251427 8.346465761967986 8.33550303843009 8.320640765590694 8.301441868913525 8.29555138721111 8.336426655246242 8.411882693166744 8.518055451153447 8.692293677501336 8.942616146760853 9.263973627815037 9.651398914620064 10.099381082804864 10.601248863278908 11.148597660230186 11.725384570932839 12.311786866281725 12.889486595858173 13.438440553437106 13.927054543497194 14.319680790419701 14.550677376331189 14.576801044201842 14.364315002846345 13.901191138628164 13.222754662473285 12.406580025473817 11.539109055381576
8.5433672588533 8.60759550612971 8.655011714504814 8.676657830792424 8.66739748628357 8.6299531803107 8.578086209909392 8.523446678186723 8.472467956492657 8.428258314102782 8.392830514698693 8.369128506820514 8.355882636852389 8.35088428644276 8.351527431584033 8.354931395505895 8.358120855293766 8.358292477883044 8.353131688920701 8.343034692979218 8.36594323413446 8.433499274357391 8.536374669106404 8.66920818621566 8.86106889174476 9.131577911988373 9.475553301756692 9.887638772221875 10.361531810586284 10.888645954424211 11.452181611869868 12.034035445642333 12.613796454726453 13.168350690705877 13.673317121071825 14.100621516492346 14.412352826402913 14.578290637395716 14.541975990868892 14.291816773428787 13.836684804426024 13.211927917637462 12.473074063913783 11.68333722292993
8.463017998623288 8.507637449671277 8.534915277129564 8.544462463618139 8.535157918501964 8.508343910745221 8.470850914754822 8.430318794545943 8.39246644836783 8.360835961858704 8.337308104367326 8.322568777495668 8.317474839790584 8.322093493863834 8.333890601800947 8.349760886880036 8.36611115438997 8.37907954573315 8.38506938675895 8.396310997924925 8.453134556272532 8.550514069137723 8.67945390306005 8.840517284951876 9.047168449057784 9.333993636794299 9.697390144887086 10.131814623411053 10.627574350992887 11.171430804855657 11.747773161587682 12.336220218838365 12.911557569044016 13.445042162724711 13.907338634963528 14.271439542010125 14.502700935901247 14.582876580691021 14.498233441993674 14.218600391962111 13.763481771905738 13.170814784767066 12.48530951696743 11.755766803597808
8.367395599380714 8.39449192865544 8.406141003599172 8.406697077754442 8.395725222200747 8.374124339614388 8.345985218542094 8.316463009430604 8.290154987869132 8.270430878092503 8.259386840650764 8.25800379426916 8.266311484485147 8.283494014351588 8.308112847696913 8.338332071475012 8.370113452554824 8.39834372050857 8.417742403441347 8.459897836279987 8.549212327056246 8.67658583132519 8.833672409171239 9.021191825809936 9.24534392012732 9.544112801954926 9.92116536435352 10.36911451518653 10.878878861107346 11.438054225716375 12.029375891470176 12.62925199394272 13.20710755954563 13.726901808820246 14.152145772066612 14.453752793012816 14.604802107096493 14.594679189422937 14.43278439157366 14.12409093231211 13.660265914009695 13.081368463663502 12.428479968886725 11.742262857472372
8.262635920311721 8.274221221156763 8.273087109752227 8.265424766090948 8.251253523656318 8.231257780235257 8.208365606941548 8.186419658028262 8.169186280736778 8.159732058582794 8.16016396857589 8.171593019903392 8.194195280779157 8.227283541792108 8.269313449572326 8.317732374984491 8.368568188123108 8.41581844016004 8.45571736422964 8.530487932855586 8.648947387555435 8.802173366933854 8.986407500597537 9.19955937587301 9.444639662473808 9.745464985901023 10.127133419614605 10.582878697312028 11.103929890157946 11.678063450054335 12.287538028074781 12.90656800232177 13.499039689879922 14.018839828173219 14.417081563872014 14.657824005702663 14.72450480243896 14.615848123386673 14.352284342980756 13.963809270152472 13.476415074366976 12.901947931002274 12.272955922825544 11.623120486427455
8.153404709594822 8.151061550906535 8.138602148571847 8.12269336052237 8.10367430279133 8.08245567194063 8.06138108176033 8.043709786846303 8.032779453362586 8.03146303189635 8.041828310141783 8.064998493432075 8.101165910063088 8.149684679940451 8.209142650233293 8.27726802353666 8.350394181091849 8.42189478117461 8.49133845744909 8.596619732504909 8.736929634595526 8.909327313785475 9.1147591037958 9.351690107795275 9.61860941658203 9.924305693479642 10.30462314578355 10.762669323231641 11.290640055482243 11.877683893776798 12.507492212646415 13.154577312659749 13.778953312899617 14.321392268754243 14.709559558833272 14.888411373916446 14.845670861540992 14.608389369282701 14.228498240349264 13.74878477248441 13.201704780009818 12.617129182856047 12.012544569091137 11.399128545219748
8.043419374365685 8.028342959657515 8.00514676143821 7.980520435215001 7.955029525551341 7.930075377866763 7.907791072683909 7.8912824289677355 7.8838389349897415 7.888350472032259 7.90688756417741 7.940488604087747 7.989174451654078 8.052127005461445 8.127913100490872 8.214616638261756 8.30966310458956 8.408471795616848 8.516782770484395 8.646939251267375 8.796750812382202 8.982277039734479 9.204920285665807 9.462013724763818 9.750579903800908 10.072282422126188 10.445356312887892 10.89830966153682 11.425996822900041 12.020000666175957 12.667689590076424 13.348177084254159 14.024011948320345 14.625087635386025 15.03032462081123 15.123970794605693 14.931345040595989 14.542597000157398 14.04007409222346 13.472291085614238 12.869008640758567 12.252611303277524 11.647670449582568 11.068396648251982
7.935822379325856 7.908948857971431 7.8751278327655285 7.841101308618407 7.807663511731744 7.776510028628207 7.750191356329633 7.731854825068976 7.725113789663109 7.733160212936636 7.758171016292181 7.800989437744866 7.861181115275915 7.937374409402198 8.027680295547773 8.130025966382632 8.242343537042666 8.362631732048305 8.515760308438985 8.656849220964743 8.810926785583636 9.009586710224912 9.247912007357968 9.522000573231901 9.828845929458714 10.167151560661447 10.543323726215343 10.981632118612374 11.49817222570116 12.087183594269641 12.740865888845518 13.446920146852307 14.182040788771058 14.88175540972479 15.361724511373792 15.339879781051932 14.932573370845152 14.37425215734753 13.757336757149824 13.116909011123203 12.472389624338422 11.838618944947612 11.231033500340864 10.665312108861254
7.833413205519321 7.795556023129397 7.751064070032145 7.706919140909535 7.664122105638091 7.624571484871345 7.591304407901728 7.568147190273949 7.5593141764802905 7.568716813875137 7.598822200086949 7.650116658051642 7.72127962738406 7.809846858699681 7.9128852962847525 8.027345183099316 8.149893879985514 8.275477066426294 8.419230182627985 8.585125486255595 8.76857529304041 8.98613679598183 9.239709372445986 9.527426099384211 9.847227883572588 10.19754138208607 10.582964957542972 11.008729973081854 11.499911712356827 12.065706339693964 12.701452235519394 13.401589277218543 14.151860873295613 14.925205081144046 15.66504309347024 15.399066622399168 14.727637751342304 14.039407648467463 13.350030807845231 12.669559169290975 12.007669122575766 11.374123766690708 10.778386747925856 10.233021721995893
7.7387805141883135 7.6907621237353325 7.635676582052269 7.580828489666606 7.527424918779422 7.477466891980356 7.434396289542816 7.403085861413358 7.3891818016666555 7.397870741999697 7.432257993731654 7.492174164674016 7.574700424260117 7.675587653341302 7.790374174600393 7.914683825903154 8.04367290421319 8.170399617672803 8.308115425954785 8.482088455821543 8.684901025812831 8.918179339576072 9.183224126831412 9.479453510180656 9.805670616617132 10.160786174939378 10.546531068495293 10.970291429185218 11.432121891649112 11.953304339870357 12.539943556525854 13.180454541957065 13.842786227844098 14.495642421362277 14.98806293130832 14.792180002054215 14.180694985092929 13.498369155711035 12.808146157331754 12.130880339957164 11.479619416233898 10.865000979629915 10.296173233632608 9.780973711245242
7.654360881948592 7.597137397181748 7.531922088271732 7.466116201840222 7.401224532299304 7.3391152427772 7.283479682223358 7.240286870435407 7.21757538477525 7.223415545273894 7.26214633028079 7.332234387762182 7.427798846213809 7.541908102763108 7.668375334596717 7.80181787680352 7.9368594678105735 8.065172877132937 8.19723130595746 8.370413107267904 8.578278381174325 8.817405798343453 9.086359154688788 9.383943560826836 9.708916230179387 10.060101166435086 10.437284421532379 10.847594140506637 11.290722509441915 11.763135753838485 12.272790379522352 12.799791576218194 13.308961455720548 13.740392239394383 13.960518085884416 13.82097958440621 13.379893688215287 12.793358863923403 12.158608545545462 11.520629245884253 10.903776626300958 10.323946236657935 9.792648113749241 9.318344370647269
