_RESULTS/CROSS_VALIDATION_POSTPROCESSED/MHZ/IZ/1comp/5/MHZ_IZ_z_1000_kriged_reverse_1comp_spherical_5.asc
ncols 100
nrows 81
xllcorner 5.5967107548124995
yllcorner 50.982328804812504
cellsize 0.00017565037499993607
nodata_value 1.7014100000000001E+038
[rows 54 to 71 of 81, columns 0 to 39 of 100]
3.475073451529691e-06 2.084218949674764e-06 1.1980529029352373e-06 6.60002120987826e-07 3.504242315480099e-07 2.1500477437585217e-07 2.938942348685953e-07 4.0301959358301444e-07 5.452735396975417e-07 7.29109384441851e-07 9.666537259123785e-07 1.275876276608502e-06 1.683303998908635e-06 2.2279527516923117e-06 2.96646115436054e-06 3.9795775456383e-06 5.4932436483748715e-06 8.169603483594209e-06 1.2992922422575223e-05 2.1802511650058583e-05 3.571774695575338e-05 5.374573070920028e-05 7.23552069829558e-05 8.839918102585645e-05 0.00010123143167247414 0.00011086002811662244 0.00011425984076378112 0.00010868556958128751 9.335773833345238e-05 7.188634950850514e-05 5.08603249985662e-05 3.301874012501625e-05 1.9428650135320922e-05 1.0283168049134176e-05 4.894262804929028e-06 2.2123367549276126e-06 1.2765325214805316e-06 1.7396675185820511e-06 3.1780524721712032e-06 5.609909736692845e-06
3.595829415891759e-06 2.1531588480388413e-06 1.2489033488040633e-06 7.142146590866416e-07 4.2331957143240734e-07 3.1108849740355335e-07 3.2620124365284763e-07 4.00064641421508e-07 5.088733788000968e-07 6.521314580611908e-07 8.373305911411679e-07 1.0785729753453079e-06 1.3988557237559933e-06 1.8341927585103265e-06 2.4393549749592638e-06 3.2950492280843103e-06 4.532905227944389e-06 6.644153406442847e-06 1.0411959467480683e-05 1.7162987389860117e-05 2.7406840205783842e-05 3.9422940142792687e-05 5.0341672915889654e-05 5.867340411459468e-05 6.599559767055769e-05 7.10409305105863e-05 7.197897232498196e-05 6.743103126205275e-05 5.730506471998084e-05 4.3470669589882275e-05 3.0009875281617486e-05 1.917779770180683e-05 1.123764641517025e-05 5.887311945080077e-06 2.7549478506254743e-06 1.1688917829816584e-06 5.325420644804069e-07 9.430656062259254e-07 1.921237853640528e-06 3.5328622398927554e-06
4.066487718157426e-06 2.4860917921272363e-06 1.4975147580749739e-06 9.172686633014184e-07 6.017091811166244e-07 4.611827002485985e-07 4.3131194959646963e-07 4.649717187899347e-07 5.378891891596717e-07 6.427864340293592e-07 7.820166195008738e-07 9.655419034149978e-07 1.212510426283352e-06 1.555184551774114e-06 2.0448759373995907e-06 2.7595415554364363e-06 3.811835298608309e-06 5.474500664203682e-06 8.409659575965175e-06 1.3546675256346348e-05 2.0825548582546544e-05 2.8645577225987553e-05 3.490608586339359e-05 4.009616739023699e-05 4.475279513182147e-05 4.784831532284188e-05 4.8289348623240036e-05 4.5303703117273724e-05 3.889366239483644e-05 3.0080278419452532e-05 2.1040131854719602e-05 1.371505886017948e-05 8.297177735436281e-06 4.6165436285545415e-06 2.4129204061901787e-06 1.285035497208621e-06 8.97685683518022e-07 1.0989382275936636e-06 1.8129667487563116e-06 3.0241332782669037e-06
4.9272294521400464e-06 3.1093013548421096e-06 1.956956411107538e-06 1.2682148722666167e-06 8.799372170861963e-07 6.804449111356505e-07 5.98419902561342e-07 5.870482296135024e-07 6.197264758668277e-07 6.844150470376085e-07 7.789392660980124e-07 9.093021620014807e-07 1.090911216801036e-06 1.3523036542487144e-06 1.741159613419103e-06 2.3321357266158928e-06 3.235123182367451e-06 4.608524125690725e-06 6.9140746954287755e-06 1.0694453885871367e-05 1.5845047176884664e-05 2.0940437939638695e-05 2.4851355397277633e-05 2.8538217430072567e-05 3.185847881043085e-05 3.415355283417497e-05 3.473423589736649e-05 3.310525584142615e-05 2.921791688297347e-05 2.3610573749122894e-05 1.7339850768255535e-05 1.1847223073016876e-05 7.646945425332991e-06 4.725211121717858e-06 2.894877751806866e-06 1.916223945862045e-06 1.5631568963820028e-06 1.7135893310661498e-06 2.3351780175528316e-06 3.372450413739341e-06
6.266805822571006e-06 4.092900717974045e-06 2.680522501737685e-06 1.8076100836283965e-06 1.2925045296036623e-06 9.990075250813052e-07 8.434569539660909e-07 7.727222251742038e-07 7.546186818070591e-07 7.718376823647184e-07 8.176239383796134e-07 8.940299178439819e-07 1.0128707416813871e-06 1.1993911389154581e-06 1.498505322741951e-06 1.9827060758572242e-06 2.759817002068466e-06 3.977666794244841e-06 5.791583910690327e-06 8.558554893405042e-06 1.2252367228142576e-05 1.5639812458982348e-05 1.8475467214987085e-05 2.1328314282545226e-05 2.3964099145906928e-05 2.5950629975808326e-05 2.6832867519989604e-05 2.6260934741278855e-05 2.4132300196523102e-05 2.068017610992322e-05 1.6440882314487244e-05 1.199325615838327e-05 8.422044894896066e-06 5.852958435408208e-06 4.16700725072367e-06 3.2111290263757426e-06 2.843502432718121e-06 2.9805837434655936e-06 3.5882221879697976e-06 4.5616030379897804e-06
8.233928502650744e-06 5.558550417210088e-06 3.7644475046997e-06 2.61160094510896e-06 1.8955797766792205e-06 1.4605233634079679e-06 1.1971223055589522e-06 1.04174488943322e-06 9.539491044258536e-07 9.097207576717227e-07 8.969320000508961e-07 9.132046855356315e-07 9.665855419496478e-07 1.0795391161482604e-06 1.2961549170381785e-06 1.6899506381520371e-06 2.3688086537787333e-06 3.460077680156347e-06 4.999995818759903e-06 7.071129136065233e-06 9.770809474123297e-06 1.2198485852989069e-05 1.4468495911853296e-05 1.684885072119847e-05 1.91284348426781e-05 2.101957031360906e-05 2.2216145118469784e-05 2.2466266784669268e-05 2.1650362444173145e-05 1.9832061357357257e-05 1.7185713310459336e-05 1.3768152468609858e-05 1.0590586525366993e-05 8.273896816197952e-06 6.723323974281546e-06 5.8160203171701424e-06 5.467713723379374e-06 5.615714484366899e-06 6.197497302572829e-06 7.090553434625403e-06
1.1031000243720729e-05 7.679918557404764e-06 5.351180885502845e-06 3.793480734727515e-06 2.778477059108187e-06 2.127514537887513e-06 1.7067778965676459e-06 1.4285550423955571e-06 1.2418141239891018e-06 1.1139853948147383e-06 1.026159158857544e-06 9.703554263735698e-07 9.498217621070293e-07 9.841236865894631e-07 1.1201866478855431e-06 1.4405609704361261e-06 2.0561012140365106e-06 3.0433063508017596e-06 4.421024323597322e-06 6.149694559467821e-06 8.152058187695328e-06 1.0050360062074938e-05 1.202907414615936e-05 1.4143422111096253e-05 1.6243011991712192e-05 1.81368010539893e-05 1.9623417966089146e-05 2.0535059273978252e-05 2.078043266660413e-05 2.0368180024970583e-05 1.9182286488599608e-05 1.7056284158204783e-05 1.463297834975423e-05 1.2837720816213905e-05 1.1778522048910506e-05 1.1292853932771097e-05 1.1235826910227192e-05 1.1459345007781031e-05 1.1829763622490182e-05 1.2261040922685466e-05
1.4913199980708298e-05 1.0687651819414063e-05 7.637498388597666e-06 5.5142442084074516e-06 4.0698353674945246e-06 3.09766304410289e-06 2.4425424392820787e-06 1.987772536465325e-06 1.660176047676625e-06 1.416694637840211e-06 1.2298032376157896e-06 1.084022412337737e-06 9.751711398247145e-07 9.164239266150045e-07 9.62393827507571e-07 1.2312457517173198e-06 1.8277478731717116e-06 2.767943359843766e-06 4.0458601558333145e-06 5.58604917113895e-06 7.209254695968336e-06 8.860457416984857e-06 1.0688902543885096e-05 1.2666351244013372e-05 1.4691220861554665e-05 1.6638906065841217e-05 1.8386642743776788e-05 1.984692005475829e-05 2.0998461943402646e-05 2.189994422470273e-05 2.223843463928996e-05 2.1837034527386258e-05 2.1224937132489907e-05 2.1206185145260305e-05 2.1965536714591475e-05 2.3446875653667105e-05 2.492538713319692e-05 2.5507123233117177e-05 2.479772693725596e-05 2.3191001939192817e-05
2.01750226806721e-05 1.486717399552749e-05 1.0880093332323145e-05 7.99292283972107e-06 5.9497490763262006e-06 4.518835835743935e-06 3.5152560540168522e-06 2.802335807686783e-06 2.2772130868777928e-06 1.8745084924753954e-06 1.5564255239495173e-06 1.2981916696738309e-06 1.0850868695924952e-06 9.131806514652552e-07 8.23261778365871e-07 1.0903093942484074e-06 1.7445479206975915e-06 2.6963109085780052e-06 3.917217338853294e-06 5.302951371462217e-06 6.6802828312960985e-06 8.386262027810154e-06 1.0203687863923753e-05 1.2135633167243494e-05 1.415874706540546e-05 1.6192976538752016e-05 1.817372527841457e-05 2.0086931636816914e-05 2.200800656153203e-05 2.411222037876142e-05 2.609468981655286e-05 2.8115851905013358e-05 3.0782118255289795e-05 3.546818670355115e-05 4.261454309128537e-05 5.1724507175077124e-05 6.0214236257880084e-05 6.249724587729154e-05 5.678677136258198e-05 4.743287797997754e-05
2.711401352441313e-05 2.0539713553703562e-05 1.539047004074484e-05 1.1511253090441263e-05 8.661380263422696e-06 6.594637714448396e-06 5.098680890646838e-06 4.007153286445831e-06 3.197333938715298e-06 2.5792356538441237e-06 2.090019687201907e-06 1.695359886414899e-06 1.37293129628552e-06 1.1106256972424494e-06 9.339633004109291e-07 1.2361709259478394e-06 1.946478877708537e-06 2.913645864692259e-06 4.0797176185216396e-06 5.3089625067322655e-06 6.504500076906298e-06 8.188021664684946e-06 1.0308802001009283e-05 1.2446120063440415e-05 1.4538617249850921e-05 1.6686034408194863e-05 1.8871382002080514e-05 2.1135349505540222e-05 2.364708296788366e-05 2.6751452525155306e-05 3.0448880189590654e-05 3.5391038963816535e-05 4.3063410262405e-05 5.689724925843004e-05 8.06853893540299e-05 0.00011757770476737703 0.00015898424063573997 0.00016985906223235432 0.00013929111975006882 0.00010155823821169785
3.5959985807692685e-05 2.8013437853469655e-05 2.150658466685463e-05 1.639828337354145e-05 1.2492109381984886e-05 9.562989411076753e-06 7.386695529351508e-06 5.769659239987521e-06 4.559329020813197e-06 3.642430666370516e-06 2.9385057229922984e-06 2.3895417833505384e-06 1.968373396801051e-06 1.6800460820736187e-06 1.5997695128230217e-06 1.8950022573167887e-06 2.5643739075502604e-06 3.4969801623032174e-06 4.567170549332123e-06 5.613682358180984e-06 6.694932668804925e-06 8.25900896427271e-06 1.052376877368639e-05 1.3074454845530988e-05 1.5651907783124807e-05 1.8152493807827736e-05 2.055206039515882e-05 2.3050402164200465e-05 2.596675557771342e-05 2.9810809146308486e-05 3.479825140262041e-05 4.244910575902605e-05 5.617226047915482e-05 8.373660956357452e-05 0.00013857848554335892 0.0002466668639844018 0.0004352872054506862 0.0005040682745047039 0.00033648779702366127 0.00020743636765578507
4.676188347744416e-05 3.7461757394192705e-05 2.9411048561244134e-05 2.2810533209181093e-05 1.7601225445127264e-05 1.3591364375044444e-05 1.0549184591003617e-05 8.255566066463944e-06 6.5271222004947306e-06 5.2218006845212625e-06 4.236423567550934e-06 3.502533629094537e-06 2.9852124331069514e-06 2.6870768181170177e-06 2.666754676235583e-06 3.001938504670277e-06 3.6406848465632198e-06 4.486496726842943e-06 5.390659426458675e-06 6.3010231664271865e-06 7.254778339732045e-06 8.675853785898108e-06 1.0786380181011138e-05 1.3645487798460525e-05 1.6701721693990005e-05 1.9781387176983158e-05 2.283297672196717e-05 2.5915527414520438e-05 2.9273725540988884e-05 3.341603404726706e-05 3.870561713469013e-05 4.7673662280058576e-05 6.671617529705476e-05 0.00010941050812689678 0.00020143154879955795 0.0003996996152729538 0.0008221617825584722 0.0010214272901172385 0.0006004845803827241 0.0003509872472155138
5.9020207412300226e-05 4.84374874048242e-05 3.88558341756013e-05 3.070224814699623e-05 2.406073672854696e-05 1.8812019111445318e-05 1.4745899976588577e-05 1.1634436668202793e-05 9.271190306265582e-06 7.4875301255963915e-06 6.1563541226364126e-06 5.190907653071302e-06 4.543693814624896e-06 4.207441024828826e-06 4.213890071214111e-06 4.573943811246745e-06 5.1602891251388725e-06 5.86644553024406e-06 6.637616495378004e-06 7.423579336277291e-06 8.209425071117513e-06 9.448095760949314e-06 1.1329681317005535e-05 1.4049028082753527e-05 1.7522882075444613e-05 2.1173031007271687e-05 2.4871390823098456e-05 2.855823440162645e-05 3.2293594372836414e-05 3.629434781377707e-05 4.044517274703186e-05 4.7593683899645604e-05 6.865415020175953e-05 0.00012197331926609291 0.00023440269768408242 0.000449400861676634 0.0007665085648041463 0.0009053584665331282 0.0007032038651946268 0.00046066695982802125
7.141976255293051e-05 6.0090292824736066e-05 4.930809220675959e-05 3.975647396381535e-05 3.1712863887299665e-05 2.5179248488809696e-05 2.0005672719967387e-05 1.598189744194418e-05 1.2894318533616808e-05 1.0555636153946791e-05 8.817095546011399e-06 7.571540143153006e-06 6.752606878250308e-06 6.331928045956218e-06 6.3123091831898375e-06 6.6379288050968106e-06 7.094878846788973e-06 7.696245064272502e-06 8.395632897705574e-06 9.071026679597816e-06 9.652601020333164e-06 1.0666917442623546e-05 1.2316391242746515e-05 1.4729197719706448e-05 1.810440898391363e-05 2.2264691718970184e-05 2.6564883166983524e-05 3.083033253434558e-05 3.491374454841232e-05 3.8659807264371815e-05 4.098426008956417e-05 4.2150175296110955e-05 6.269848668880734e-05 0.00012299306561970263 0.00023597189987730824 0.0004196688781857488 0.0006375393613008961 0.0007494182136384815 0.0006719183415491083 0.0005023762256613867
8.238132372588302e-05 7.111356676083859e-05 5.974690017298673e-05 4.9217265953339395e-05 4.002538061023946e-05 3.233719565274439e-05 2.6104456438286475e-05 2.1167940137086208e-05 1.7330267961681746e-05 1.4399853119793805e-05 1.2213409668655685e-05 1.0644859235771841e-05 9.60635519553234e-06 9.044205746651892e-06 8.929779115645176e-06 9.16985780434533e-06 9.601636449940862e-06 1.0181141601453583e-05 1.0816258003301408e-05 1.1384331835205588e-05 1.1774509350230275e-05 1.249890045255445e-05 1.3871124540177475e-05 1.5970003807695412e-05 1.8918433016658748e-05 2.288565332330474e-05 2.7737427829750043e-05 3.268544056100264e-05 3.748739234524451e-05 4.197149398779434e-05 4.5268030207093914e-05 4.882646202844214e-05 7.053053382727113e-05 0.00012816209031292668 0.0002289712772606055 0.0003749181725813215 0.0005316007190192858 0.0006229553091266501 0.0005996587652251976 0.0004929540330496676
9.005601412713586e-05 7.980691989533032e-05 6.869904005306351e-05 5.786600756156215e-05 4.802493201692031e-05 3.952749047129447e-05 3.246023260784642e-05 2.6747896676881393e-05 2.223634961951164e-05 1.8749048338505537e-05 1.6120192163989536e-05 1.4210753931956787e-05 1.2913028839264295e-05 1.2151103971549953e-05 1.1980376089679763e-05 1.233868103235553e-05 1.2855613350276989e-05 1.3456398991449209e-05 1.4050504386186102e-05 1.4515338913790933e-05 1.4719102603944383e-05 1.5090499177958101e-05 1.6113847072425234e-05 1.785523873250739e-05 2.0388795281155182e-05 2.3813843924608185e-05 2.8257519592197027e-05 3.378227417311861e-05 3.969465868462379e-05 4.595149897788947e-05 5.285815491477776e-05 6.34009169783499e-05 8.816617153926186e-05 0.00013887509953257546 0.00022229332793939527 0.0003341510495107509 0.0004482466449680472 0.0005201416112114069 0.0005190513009213214 0.0004538326563234965
9.275179213891708e-05 8.44189821259459e-05 7.448556112724741e-05 6.417900744083268e-05 5.438089478228449e-05 4.561699079782666e-05 3.812117412635654e-05 3.192489523913481e-05 2.6941021068867898e-05 2.3028061505213104e-05 2.003237177619235e-05 1.782982785518487e-05 1.640060954146941e-05 1.568860680131016e-05 1.5664874727485355e-05 1.624974694762664e-05 1.6952321014356454e-05 1.765144954728933e-05 1.8255832872222965e-05 1.864282944598113e-05 1.8682924737394476e-05 1.8593464515601256e-05 1.9205831380319728e-05 2.0502842789265278e-05 2.2582336109162947e-05 2.5498034533876754e-05 2.9338402097395398e-05 3.424766911276518e-05 4.049055849474125e-05 4.8444192844274965e-05 5.854193047742489e-05 7.376832132512837e-05 0.00010029224833787788 0.00014503828051071955 0.00021169142260045137 0.0002951485743352104 0.0003772032432800117 0.0004310630351752137 0.0004373436045626088 0.0003973746236721631
9.092485139027063e-05 8.42529410067964e-05 7.586694247285485e-05 6.674778627837126e-05 5.7706328140537596e-05 4.9320582521880974e-05 4.193526011229991e-05 3.5701146838688685e-05 3.0631466108198166e-05 2.6658130120031918e-05 2.3678251418819004e-05 2.158762453465692e-05 2.0302007368700264e-05 1.976895353956332e-05 1.9973175900320294e-05 2.0891167663224816e-05 2.193284907439945e-05 2.2857544314875333e-05 2.3567917187495152e-05 2.393901996043944e-05 2.3843912761034417e-05 2.327578671572577e-05 2.329353061684311e-05 2.406543917011536e-05 2.55797813518739e-05 2.7934170709638415e-05 3.117760933593189e-05 3.5438113864800186e-05 4.098095674707972e-05 4.834716249178e-05 5.9255324032887275e-05 7.633245806123304e-05 0.00010224325819705812 0.0001404570441067641 0.00019217741467050643 0.0002528224867557149 0.00031036380482863253 0.0003486394726786157 0.0003556606756628864 0.000330603785160934
