_RESULTS/CROSS_VALIDATION_POSTPROCESSED_CLR/MHZ/GZ/1comp/1/MHZ_GZ_z_355_kriged_reverse_1comp_spherical_1.asc
ncols 100
nrows 74
xllcorner 5.5967023332191781
yllcorner 50.982320383219182
cellsize 0.00019249356164376555
nodata_value 1.7014100000000001E+038
[rows 38 to 56 of 74, columns 0 to 43 of 100]
2.0373695600332096 2.083193625133439 2.159310717143079 2.2409783708523863 2.30128812725456 2.3337351206419448 2.335493514671068 2.3049502891730014 2.254029213956014 2.2153461788353304 2.1879134668243125 2.170466721982165 2.1655703452779136 2.1814958486064393 2.2290435090150984 2.311219811006719 2.4360076494758074 2.6102484675891726 2.8298785801601043 3.0941771119874852 3.3977803634239843 3.731896164940393 4.074401470990592 4.2467943475181755 4.011700686196303 3.6969929799039694 3.374645704687096 3.057744594876499 2.754496682515356 2.4722932660941397 2.221376626232026 2.0230155761538184 1.8915959837339713 1.8395002851291866 1.8566029520703693 1.9309564800679748 2.0519979871996883 2.2164253974400623 2.4378815641014833 2.701187056841836 2.9635726332148584 3.211983093677439 3.434678156037024 3.6186828297647855
2.089798068414588 2.1162519679991654 2.1682409010802046 2.2296159575980306 2.269386140328448 2.282620051176256 2.2669214166745113 2.2208201247826325 2.153788213063351 2.107453752511746 2.0756349377247036 2.0579366729096833 2.0612966152949905 2.09241363664128 2.155665970190798 2.2486400692605724 2.3821858354538787 2.564151756005172 2.7852883246343203 3.0422526158847485 3.3261866552023864 3.6170790099253876 3.8550609140463488 3.9392874957200004 3.8165150495821805 3.5746912422339054 3.291090800261209 2.9999526747923646 2.7190156024916137 2.4591176592326267 2.225874860629782 2.0281761073346862 1.893425803128614 1.831794231499829 1.834320465029104 1.8913706146395453 1.993039533290879 2.1436688337967937 2.3546248726003145 2.6075157791012273 2.861933891735856 3.103877247995352 3.317661579375362 3.498407318275178
2.144876025102437 2.1533617338954887 2.18378857398868 2.222408231190456 2.245571109809446 2.243247137056107 2.2138000857492917 2.1565661299315964 2.0790633736387876 2.0197351588181722 1.981681169953879 1.9642499748816356 1.9705189544263886 2.0041256106521734 2.0678575769167375 2.1599899227652397 2.2919621541299606 2.471420783929568 2.687701851224782 2.9311545939159322 3.1871743229630063 3.419043251653256 3.5840196651675793 3.6347052879417525 3.5526076069447727 3.369362312738636 3.1310922834465957 2.873252777622914 2.6204056519994285 2.3880079502540794 2.1816748209569594 2.003062461371552 1.876751555210308 1.8133112905051236 1.8079095090594193 1.8532282795133326 1.9397548089430323 2.0813052423818705 2.283982923771271 2.5258813401632745 2.7689537122646617 2.9943144779874844 3.195257183075558 3.3682059150352703
2.1976053809479383 2.196837213941731 2.2061886689283217 2.2201428609507374 2.2290444691118094 2.2151829687141995 2.1765423158584194 2.113798619005844 2.0314441683901134 1.9626174463268908 1.9169254424424844 1.894025859976677 1.8938960324959018 1.9207501742634583 1.9739148071951687 2.0547521014802705 2.1766435009205973 2.345392806580248 2.5547568148031186 2.781857087241119 3.000249251066473 3.184767693509488 3.3064111839438395 3.3393363026733702 3.2745955320637474 3.126717834752009 2.9230709559539556 2.6935289724755007 2.466843165224779 2.2646867365204404 2.0918319273896695 1.9531373586564893 1.8489225793843347 1.7924536975985725 1.785302567757732 1.824194207158829 1.9007786648429232 2.0348671028031187 2.2301400116750862 2.457683581725747 2.679630135240578 2.8845586656351805 3.0684048829588813 3.2282115662004682
2.246289756062258 2.2449685645773765 2.2466940050975417 2.2413789340413333 2.231901079533165 2.2108212633794966 2.167366747598158 2.102448191828509 2.0180089617684454 1.9386539810054704 1.8834196282035518 1.8501073158413168 1.8388236256799257 1.8523397892363795 1.8865990984674768 1.9469264416709282 2.048687729559219 2.2009284165786305 2.3931143647054327 2.596685202045085 2.7860258789220578 2.9389313381524578 3.0346061073565256 3.0572583288312405 3.0014374311500505 2.8745397409219158 2.6928949073920645 2.4796633058696593 2.26864690436931 2.0980821483638987 1.9738700865890975 1.8842228967482002 1.8170452346228378 1.7769293753444377 1.775080234698179 1.8103845369650333 1.8801685174144689 2.0075479748438614 2.1938966033196294 2.3996924418626557 2.5957736927075543 2.7767373896829928 2.938936885560231 3.0797878020421443
2.29235880815848 2.290763128528083 2.289361325161848 2.2793575641903185 2.260771137913964 2.2335067977307617 2.1880289202894856 2.1233869105384726 2.044186360208919 1.9609363130335593 1.8984970469834113 1.8553795663566057 1.831495336865097 1.8278000794930578 1.8379167934578733 1.8663107514141575 1.9271987003599427 2.040872688698739 2.2060981169570373 2.3918226774485087 2.5624156474235784 2.695258509120358 2.775342995442809 2.7926241433212255 2.743516927942155 2.631638858615627 2.465605509203007 2.258362304962635 2.0383043185140175 1.9078353888297739 1.8538133437232323 1.8147965284807386 1.785074606484892 1.7718456112446632 1.7836756379731642 1.8183233864639363 1.8827588516396951 2.00331161446181 2.1756043611684723 2.352791733864173 2.5202885287946786 2.673819442635389 2.8098985692878604 2.9259887501625723
2.3352348724023613 2.333546415288086 2.3299454930789394 2.3167152689339825 2.294213361477344 2.2634603083627676 2.22907577494413 2.1817238710150426 2.117825386637546 2.0391038643384465 1.9688511692176611 1.9147638123102437 1.8753024026382268 1.8489080592760858 1.827621238952844 1.8110512636357732 1.8112514625935239 1.8833508790231914 2.0371169241928544 2.2025120968489365 2.350415140686592 2.463545168601245 2.533177181381192 2.548487461483836 2.507056243903114 2.4108000074448315 2.2647348269965177 2.0764044397092736 1.8631581577939738 1.7776765656483557 1.771051211088682 1.7668332294329558 1.7655649832740874 1.7749009156116566 1.8046692490631084 1.8502759998673548 1.913688532501848 2.0265257057453847 2.1745150740612953 2.320188295725144 2.4566348066511665 2.579656396224029 2.685675222869707 2.771865528075489
2.37433035055665 2.3726653561937483 2.3679330581561406 2.352810736717018 2.3311811608884465 2.3083257792454597 2.2823658061841128 2.2512129797600884 2.2067910255615537 2.141773257311577 2.0658112472403607 2.0010891590675235 1.9462476831201143 1.9004346764876783 1.855509589515489 1.805372939730772 1.7497964014595975 1.7768468331149874 1.9252451151676793 2.0604248944861854 2.176412478154257 2.26409370940071 2.315107286615362 2.327798091599886 2.295623010749812 2.2179979757064445 2.1002574066491877 1.9567323837896629 1.8252200680643336 1.755577802673381 1.742235149480034 1.7495066412787916 1.7647272950189037 1.7906640071200968 1.835072895241922 1.892993624358033 1.9655949180461796 2.0722719024270253 2.1922995758513633 2.3052703256501634 2.4086949919821654 2.498835873648525 2.5718353570945856 2.6284943839676105
2.409057038712214 2.4074876063637523 2.402681561514593 2.392429789148145 2.3823222747927444 2.3703941530123642 2.3545343050037686 2.332551008787487 2.3014471257482816 2.2535655401483496 2.1829585252322943 2.1099240703994173 2.04397658250101 1.9864285854419719 1.929290588283607 1.8687341923448701 1.8193120516943018 1.8256085036884722 1.8950455582272276 1.976819069679482 2.0485627159031012 2.102620252449353 2.132691254341791 2.1336844261403045 2.1075787442341203 2.0497208822330073 1.9669114668816388 1.8760141383290174 1.7980607948869982 1.75357843735179 1.74421557581046 1.7571566979669822 1.7821937149718066 1.8204161085353043 1.87691747372385 1.9460866554358294 2.0281682746493934 2.1189814776758924 2.21352741955739 2.2994367474823583 2.3733135827050917 2.431738878518617 2.4754290512492045 2.506162050115515
2.4388317711413303 2.4374008354379257 2.439085321328654 2.442434901830876 2.445483263592048 2.44621831831174 2.4424520703076547 2.4318675024372967 2.409945060563323 2.3714140207457413 2.314594516827753 2.240536426513218 2.1692913909590286 2.1044604498355426 2.042054294393238 1.9786295022919593 1.9274289522199934 1.9062292096631477 1.9169379228343906 1.9419646779997275 1.9655877448558141 1.9799081821476916 1.9816995371774377 1.9695569051987099 1.9420368279375626 1.9063328767224177 1.8605433214643847 1.8111286463218557 1.771222610858795 1.7516384761602726 1.7551277115677517 1.7772772001900772 1.8121058665923404 1.862358214886564 1.9306087091413808 2.0105483206807806 2.0919164258276672 2.1626416219297453 2.230330137869633 2.2883011812107763 2.3332955159951143 2.3664721886197086 2.386798067443406 2.3918286181914445
2.4630790563883918 2.4655846226661486 2.4814057794959825 2.4994365855236063 2.516965258520814 2.5319602741638323 2.542171866580241 2.5450939905389975 2.534659840359593 2.5067110419126815 2.460469521643057 2.3965965182594213 2.32016161811626 2.248899181304816 2.181922954495434 2.112729561235321 2.0490740341860567 1.9994817919736012 1.9654754715661018 1.9407684177249678 1.9177589424113286 1.8926042495874222 1.8650249757279276 1.8370389313301578 1.8107025262963528 1.7879585982996773 1.7707015005900075 1.7541791808092015 1.7442030989268917 1.747431208366506 1.7665527903700777 1.800356268944887 1.845960188279793 1.9093175469681691 1.9912266675599102 2.078206948760901 2.149815397139233 2.2023955582692514 2.2428413987727485 2.275086460581266 2.2982192870809746 2.3098624392662392 2.307489057097678 2.2883238939116524
2.482294775259393 2.496291252997962 2.5260680678401664 2.559620877193199 2.5927291612082968 2.6233682369264217 2.6492488060887136 2.66745266574535 2.6713155683967424 2.658755541906764 2.6283255424775556 2.5789155987589854 2.51051807207242 2.428698637150619 2.3497465118686636 2.2683928283744406 2.18634245132946 2.1086654497183046 2.0374319048328724 1.9714889223438639 1.9079888500456708 1.8465324370936116 1.7924387965392647 1.7501420192752026 1.719777674617118 1.7009361400833212 1.696386915037605 1.7054273399611688 1.719894495637674 1.7434069102301193 1.778385705762385 1.8249087800918948 1.8826248321094816 1.959822828428572 2.0503985637417457 2.1302758997831903 2.1943634560556173 2.23887797159305 2.2593547392528706 2.271515589724471 2.274336717309238 2.2652846625022627 2.2417151888110864 2.200822335546849
2.500811126218932 2.526670368411185 2.569279282582524 2.6189116804788997 2.6684043389133527 2.7157787684674646 2.75895380376456 2.79548687267024 2.8186721468477387 2.8254372351043715 2.8134603502989908 2.7807933954178155 2.7264932541130795 2.6513876237657827 2.5599473676611444 2.4631502296469066 2.3600203942469884 2.25486963075274 2.1506548921368567 2.046496038628538 1.9423262942964443 1.8430675107983112 1.7606335669437843 1.7061322366226306 1.6732408514167996 1.6557507413744526 1.6548935176584854 1.6746511572662532 1.705628781953281 1.7447864120064072 1.7937251190482448 1.8526823333776674 1.924250586874518 2.009220224157721 2.0947463453075836 2.170553984068971 2.23222546715374 2.2755363748105517 2.285355013437367 2.280116706213021 2.2635041872800676 2.235076771021602 2.1922522825190933 2.133694519246548
2.5168504573306016 2.553814537308498 2.6077524213155185 2.6734332939497696 2.7404644494852164 2.8067092113316763 2.870284279168177 2.9279973084489015 2.972853049494144 3.0014520390701813 3.0105896836578623 2.9970329691062405 2.958278689833737 2.8936425713059943 2.8052321912837987 2.69723853823382 2.572050582330754 2.4401189806650603 2.3032487466867315 2.162801538950914 2.0217250185250437 1.883438178273233 1.7647753289597483 1.7070411328791435 1.6733281214822653 1.6542477807275446 1.6531102841982985 1.6746755968573432 1.7170576944382234 1.7681169545848063 1.8286512999967521 1.897805933350285 1.9725165577457433 2.052544955856669 2.1338467045196254 2.207114620431401 2.2668673111252686 2.309591856146269 2.3182805821995034 2.2991752736473763 2.2667978284022388 2.2205513978524007 2.1605152530351392 2.0898116844664103
2.5318264428655772 2.579097900155541 2.643977506471776 2.7239606769058327 2.809285195560729 2.895060205343725 2.9795147963158612 3.059482478157869 3.1278346977858322 3.1807114155973504 3.2138825235850295 3.2223476934229804 3.201199581612906 3.1473818165431986 3.061682822024495 2.9494153102502647 2.815483189731598 2.6603937682877445 2.491944486661099 2.3205020216599674 2.150317828878971 1.9855150443165508 1.8426977661311756 1.7705269196720828 1.7249892804620786 1.6975300303002459 1.6913065926831639 1.7104619101781506 1.7574030040464206 1.816710758260955 1.8790201593224223 1.9429084392625762 2.013804043445311 2.0895776535550525 2.1667371545739122 2.2382272990440515 2.2965910291677494 2.3390059504012672 2.3510375820084484 2.327485273093358 2.2825746976053454 2.2221277972549887 2.1482873432250447 2.070189667941653
2.5469208951787485 2.6031573414428406 2.677730339857979 2.768498259864426 2.8709142225367517 2.975733272766183 3.0808429270780753 3.183482331538622 3.2766144940468847 3.3559963344633035 3.416480197751971 3.450904575638318 3.450708259196426 3.4087526844551626 3.323847347603165 3.202842784920049 3.056544666678782 2.8872644527353675 2.7024359793864687 2.5117438550114883 2.3235825657808835 2.1477317843284287 2.0003701779753795 1.8957193012148261 1.8261619883837106 1.7835775270866177 1.7665927064657032 1.7762178369730848 1.813651324196559 1.8653970815852956 1.9193528735188192 1.9794373970347587 2.047045327627718 2.11917135341072 2.1924647234129133 2.2622432570493762 2.3197596865080365 2.36165878864943 2.3785172211451218 2.360665273925035 2.309523417962069 2.2387191165317715 2.158189172800313 2.0749902325086667
2.560812735683261 2.6241962925705815 2.7066715112694624 2.806256770206292 2.9208252782505237 3.0434801117158576 3.1681569236948866 3.292826927925379 3.411015221957788 3.518390740295892 3.6095340073585254 3.6752993280021165 3.7018330918448865 3.6740646151498675 3.586781514677133 3.451325107948347 3.2828137322086874 3.0959438439735387 2.897449937857294 2.6955040963209282 2.49902646791715 2.3173618793819704 2.1607684283614925 2.036289128043804 1.94375722272336 1.8803365408549375 1.844811164269221 1.8374900330500714 1.8591202949604144 1.9011823365401412 1.9490465810609356 2.0065430846135266 2.071353207718149 2.140409664966426 2.2103451839260506 2.2776560160940957 2.3348259897325567 2.376395614772388 2.3980675813783146 2.387648254392188 2.3436902275632825 2.272218322858851 2.190336138281722 2.103857080878283
2.572094061632135 2.640871491536619 2.729277846225884 2.8354743433848744 2.9575586341836386 3.093320098384182 3.2353742869312074 3.3799075055227927 3.521718061046725 3.6567167626136428 3.7806107029616607 3.8842141990076686 3.9479729613884897 3.94004174051566 3.843642429867221 3.682423992017842 3.486000792561602 3.275877569854858 3.063927814490765 2.8532753635435304 2.650059147980312 2.4617779450933055 2.29541237272937 2.1558579073460282 2.0449187588450277 1.9626316990294939 1.909071964670734 1.8848743094423042 1.890838046142346 1.9230276365664678 1.9681141503372568 2.0233699702473746 2.0859689068827048 2.152580318503759 2.219677240978558 2.283742825606886 2.3403523420812635 2.3817808056716196 2.4069046258875577 2.4051477882304853 2.3740321126311934 2.3192770882770106 2.2432794109232286 2.1561665684834974
2.5796128035253925 2.6518309259609265 2.744044799717504 2.8545209124451323 2.981505883376398 3.1232142305170365 3.277507633284215 3.4379126290144724 3.599494750066453 3.758266502713105 3.9124628081549977 4.057171953872262 4.175196909233692 4.203441097920212 4.078252212802179 3.875180198661682 3.649340126700121 3.419029322257698 3.1923807207441235 2.9747777126835304 2.7674815381288442 2.5741005740457585 2.3998212179641687 2.2486201256155827 2.1229776637813838 2.0243959662013693 1.9542025284173774 1.9139098195596262 1.9059090612354035 1.9327428500704453 1.9754731906554746 2.029137493097144 2.0903217138551664 2.1552107583339226 2.2199970860744047 2.281066971158185 2.3350445962827475 2.376407577297554 2.4028869884113866 2.4141540734736506 2.400692385379663 2.3639634712959516 2.306325906641393 2.2303955036371317
