_RESULTS/CROSS_VALIDATION_POSTPROCESSED_CLR/MHZ/GZ/1comp/1/MHZ_GZ_z_1000_kriged_reverse_1comp_spherical_1.asc
ncols 100
nrows 74
xllcorner 5.5967023332191781
yllcorner 50.982320383219182
cellsize 0.00019249356164376555
nodata_value 1.7014100000000001E+038
[rows 38 to 56 of 74, columns 0 to 42 of 100]
-3.1574830936311606 -3.328181785168634 -3.611724678651865 -3.915943904916983 -4.140603076517697 -4.26147099391955 -4.26802116705068 -4.154244953254494 -3.9645594486575337 -3.820461724779132 -3.7182724485688556 -3.653281782428068 -3.635042346558243 -3.694366253643069 -3.8714854900022537 -4.177599476063426 -4.642445200681521 -5.291507644166513 -6.109649220128491 -7.094184604746369 -8.225133542894444 -9.469744426195573 -10.745606955186219 -11.38778565297906 -10.512040991552315 -9.339726977870633 -8.138954894908608 -6.958470259311075 -5.82884499061665 -4.777612328801473 -3.84292567418541 -3.104013235354668 -2.614463641284639 -2.420402560777777 -2.4841115063345622 -2.761084968043497 -3.2119752774020114 -3.8244819094420963 -4.649425698242271 -5.6302619245155 -6.607671381036117 -7.533022295941555 -8.362581080686883
-3.352783919963086 -3.4513270333964776 -3.644990402893529 -3.8736179115555416 -4.021765356341152 -4.071062843604741 -4.012584042945926 -3.8408526571136505 -3.5911528629834377 -3.418552903290773 -3.3000250066813965 -3.234097406417216 -3.2466134886888094 -3.3625271427205345 -3.59814767420281 -3.9444844084792816 -4.441954187725308 -5.119793320385802 -5.943546578275907 -6.900761268687181 -7.958440653710305 -9.042040378458907 -9.928543999518949 -10.242295458559504 -9.78495724845654 -8.884142198402113 -7.8277054929657375 -6.743190250472431 -5.696674832400834 -4.728532029038604 -3.8596819947834677 -3.12323666999072 -2.6212798802135113 -2.391696830097363 -2.40110727321327 -2.6136241214941665 -2.992349826990896 -3.5534572810616996 -4.339287165794232 -5.281328138087088 -6.229058088172792 -7.130318468484925 -7.926683992974337
-3.557954175343296 -3.58956419039922 -3.702906858278367 -3.8467684938087316 -3.933052263348922 -3.92439525949525 -3.814702391420018 -3.6015008487758853 -3.312796233399806 -3.09179339091994 -2.950038919929459 -2.8851061780555494 -2.9084586807901696 -3.0336464447334954 -3.2710536504599252 -3.6142547796093893 -4.105863002580548 -4.774362255645449 -5.5800283420319285 -6.486911320172172 -7.440607432913925 -8.304339680348757 -8.91889139809453 -9.107699821537304 -8.801878705628162 -8.11927379305723 -7.231696880276024 -6.271221938244949 -5.329344053589012 -4.463642079801261 -3.6950329414628484 -3.0296861197227365 -2.559166833372279 -2.322846241729446 -2.302724128539874 -2.4715405528717116 -2.7938595205281724 -3.3211473925605217 -4.076139664445329 -4.977232639780141 -5.882698703863765 -6.72218746918014 -7.470716801039063
-3.754375685062123 -3.7515141950883484 -3.7863491912130076 -3.838329789496443 -3.8714890664473374 -3.819853752656585 -3.6759139064598685 -3.4421880916171146 -3.135410486189824 -2.8790248649380215 -2.708818113098489 -2.623515144993894 -2.6230315261563795 -2.723065577086984 -2.9211085324132586 -3.2222345964522043 -3.6762908297572476 -4.304896904119149 -5.084796334266079 -5.930764915800244 -6.7442950232991254 -7.431642525548494 -7.884775275900905 -8.007424252449663 -7.766259161399395 -7.215401672360043 -6.456799054489197 -5.601734883578435 -4.7573102214892495 -4.004259661914467 -3.3603602243581405 -2.8437107007001137 -2.4555014394372083 -2.2451498651643798 -2.2185112746295577 -2.363386067884887 -2.6486699398021423 -3.1481612193306017 -3.875570059298274 -4.723189963609617 -5.549960486769589 -6.313337370085005 -6.998180774366755
-3.9357292841406193 -3.9308077291182424 -3.937235147516712 -3.9174360381897895 -3.8821301926785243 -3.8036060148821793 -3.6417341039322317 -3.3999067474516718 -3.085363154382004 -2.7897588391910038 -2.584005994466639 -2.459914687423419 -2.417881944539286 -2.4682308480825816 -2.5958498021394685 -2.820574486128922 -3.1996442751951126 -3.766754286411673 -4.482663924838088 -5.240983281557326 -5.946294033168423 -6.515880379610547 -6.872277348769931 -6.956658875325758 -6.748721099098685 -6.276015990250502 -5.5993729351163015 -4.805066378185975 -4.019011637074074 -3.383642849760043 -2.9209419442041065 -2.586998240772697 -2.3367555135012483 -2.187320393030236 -2.180432180731858 -2.311943826183087 -2.571895319507402 -3.046395053749479 -3.7405601606870795 -4.507167843491191 -5.237587828733566 -5.911693590016984 -6.515901044194673
-4.107340573885345 -4.1013965262670045 -4.096174684863677 -4.058909791307013 -3.9896737111209366 -3.888111634846698 -3.718702522928155 -3.4779053248027703 -3.182876276621821 -2.872762494874516 -2.640170711670475 -2.4795542864517706 -2.390583421172495 -2.376818260946714 -2.4145039143839564 -2.5202739166765613 -2.747086906591634 -3.170532557448597 -3.786011877118753 -4.4778522756718635 -5.113326162515875 -5.608177560403318 -5.906499348262871 -5.970873151081526 -5.787944434654441 -5.37118874080655 -4.7526998434481955 -3.980700595531457 -3.1609651515679333 -2.6749568601891003 -2.4737199687501774 -2.3283788844250406 -2.217662098745447 -2.1683829225544375 -2.2124508174256485 -2.341516742047527 -2.581544543379699 -3.0306142369992495 -3.672419942361632 -4.332458562024977 -4.9563989232482895 -5.528315143379326 -6.03522191418484
-4.267057701745977 -4.2607680498023175 -4.247354296393819 -4.19807054242411 -4.114248948867448 -3.9996911086592832 -3.8716056834389314 -3.6952156572632995 -3.457188156852566 -3.1639435304122316 -2.902246033521259 -2.7007658498530875 -2.553768611993373 -2.455447350750976 -2.3761520641319707 -2.314427441943922 -2.315173200751231 -2.5837498976950823 -3.156542002802799 -3.7726536353534055 -4.323605542441433 -4.745024892653824 -5.004410292981349 -5.06144243918831 -4.907107492815379 -4.5485445067552845 -4.004438803187156 -3.302891469567531 -2.508530226876503 -2.1901037429344696 -2.1654237117797805 -2.1497113574090663 -2.144987028404365 -2.17976420128983 -2.2906538737424946 -2.4605430503254224 -2.69676033755451 -3.1170887782401966 -3.6683622516374013 -4.211007874099708 -4.719283183786472 -5.17754947519942 -5.5724789723353
-4.412691812368247 -4.406489561246638 -4.3888613329081405 -4.332529349330927 -4.251957268168508 -4.166818952034526 -4.070115758543782 -3.954068727433739 -3.788593022896354 -3.546396091160106 -3.2634308916006267 -3.0223353942781737 -2.818046050551668 -2.647388552783858 -2.4800386342075273 -2.2932751836580283 -2.0862476678249933 -2.1870129159320575 -2.7398096291306113 -3.2433662516502877 -3.6754302495393336 -4.0020505834932765 -4.1920806662050625 -4.23935503613879 -4.1195000169647615 -3.830339902438235 -3.3917458790797395 -2.857102486979546 -2.367207490403514 -2.107783898194068 -2.0580813360848143 -2.085168285548125 -2.1418665656352207 -2.2384831099940405 -2.4039101422411564 -2.6196699761055484 -2.8901162101833795 -3.2874974030379316 -3.734611092253579 -4.15543711741052 -4.540703138156551 -4.876485887260684 -5.148415413371005
-4.5420517942166265 -4.536205520042717 -4.518302578314882 -4.480113820397725 -4.442462436318436 -4.398029128711243 -4.338949793494497 -4.257060072632931 -4.141195359956003 -3.962832222753517 -3.6998148533172737 -3.42775505570097 -3.182094836123787 -2.967723462106798 -2.75487937394763 -2.5293014482800142 -2.3451996073896306 -2.3686544474258113 -2.6273136110782827 -2.9319271667895253 -3.199178588279799 -3.4005476884676846 -3.51256482760697 -3.5162644803136285 -3.419018508500953 -3.203492860194901 -2.895020470926431 -2.556419890330918 -2.266036798009907 -2.100336085706142 -2.0654585991571905 -2.1136654226747726 -2.2069305233020753 -2.349312316677424 -2.559784894495873 -2.8174462081992147 -3.1232074925459044 -3.461494698123234 -3.813686685762253 -4.133706523277332 -4.408904262279037 -4.626543651675083 -4.7892934055837575
-4.652965303426508 -4.6476349414930755 -4.653909800278121 -4.666387283619638 -4.6777427005348935 -4.680480844315578 -4.6664512377126535 -4.627022787137443 -4.545359754078096 -4.401828226134136 -4.190170553437605 -3.9142976232031406 -3.6489035705140003 -3.407402586332075 -3.1749341430679228 -2.9386711882418064 -2.747944615115502 -2.66897370087056 -2.7088646036611137 -2.8020914780295842 -2.8900894894154403 -2.9434343836892514 -2.9501073394601525 -2.904874962409877 -2.8023602429232275 -2.669359869826418 -2.4987897305004343 -2.314715699287156 -2.166062191068428 -2.0931095588517223 -2.106107269055306 -2.1886160713142337 -2.318355931142421 -2.505550368863015 -2.759789490612707 -3.0575716071041814 -3.3606749885060103 -3.6241325933027406 -3.876278296172614 -4.092225554971043 -4.259833427766403 -4.383419464801712 -4.459135159425605
-4.743288583475019 -4.752622039252853 -4.811557246409939 -4.878723592074587 -4.944019447832189 -4.999877206070106 -5.037916290123044 -5.048801460069862 -5.009933328684441 -4.905821584898783 -4.73356783596875 -4.4956352545116625 -4.210908497649367 -3.9454496237393677 -3.695957260818881 -3.4382057569593965 -3.2010832940641674 -3.01634780982549 -2.8896712614907347 -2.797635302803901 -2.711922974130941 -2.618219520679659 -2.515484288633521 -2.411233800389845 -2.313128364539961 -2.2284052230865954 -2.1641210092716094 -2.102573908167017 -2.0654121216634347 -2.077437114563489 -2.1486666971200976 -2.2745876417048696 -2.444466270814314 -2.6804780302189157 -2.9855967419572442 -3.309605975055516 -3.5763537726259376 -3.7722195188466667 -3.922883848538484 -4.042999552966273 -4.1291713757067185 -4.17254314639204 -4.16370208810082
-4.814868834180788 -4.867006950493283 -4.977928216875921 -5.102915396460307 -5.226246679882386 -5.340379944217664 -5.436787351168257 -5.504598336892089 -5.51898799059669 -5.472200782110802 -5.358846345425831 -5.174789939184869 -4.920003108635047 -4.615218483941923 -4.3211148410142455 -4.018065181542894 -3.7124202770347514 -3.4230665824514217 -3.1577153335187242 -2.9120718969896533 -2.675528516778232 -2.4465979482100018 -2.245094357401792 -2.087535124727099 -1.9744252578658559 -1.9042388768793042 -1.8872926116120317 -1.9209689932691307 -1.9748604264897955 -2.062446248416294 -2.192745352519231 -2.366047915200607 -2.581045308787616 -2.8686146663328373 -3.206017283695256 -3.5035674184541503 -3.742299228379995 -3.908119732083544 -3.9843975009546138 -4.029697743500636 -4.040206693030249 -4.006486989029818 -3.918688616918774
-4.8838438776198325 -4.980171839722568 -5.1388938099574535 -5.323778877666912 -5.5081434035332535 -5.684617339652479 -5.845448161103574 -5.981537070858915 -6.067904265833434 -6.09310481735624 -6.0484898631721915 -5.926802569770054 -5.724529745420127 -5.444754636002424 -5.104131602302277 -4.743553710151896 -4.359385960679297 -3.967690075485021 -3.579480965670319 -3.1914800328193333 -2.8034385306874654 -2.433690791597251 -2.126617066831378 -1.9235947956181256 -1.8010714794258607 -1.7359192740825575 -1.7327260399958297 -1.806324993330461 -1.9217193824892722 -2.0675850144264882 -2.2498860224078934 -2.4695068552762636 -2.7361049233615287 -3.0526243302044582 -3.371216688621911 -3.653606841411946 -3.8833385652282306 -4.044675523225025 -4.081250819690119 -4.0617376624197785 -3.99985456150339 -3.8939599240787657 -3.7344349204120095
-4.943591803254754 -5.08128626733847 -5.282209651245156 -5.526876705405087 -5.776573682683699 -6.023341273984663 -6.260164019202927 -6.475150152828035 -6.6422417516990455 -6.7487755148919355 -6.782814048388253 -6.7323140888048485 -6.5879509741657465 -6.347175721367594 -6.017839243796033 -5.615553343807406 -5.149217146393151 -4.657760272640929 -4.147906557143928 -3.624728298336948 -3.099205794153113 -2.5840750951152964 -2.1420454963091715 -1.9269805144842 -1.8013965681309503 -1.7303206128704112 -1.7260833377891625 -1.8064160329667667 -1.964293091360557 -2.154493347030356 -2.379989132537278 -2.6375962523199066 -2.9158999296640733 -3.2140127839797104 -3.516868981615605 -3.7897984423795537 -4.012382494994201 -4.17153520036128 -4.2039014726501 -4.132732510138053 -4.012123665711384 -3.8398516255536803 -3.6162116812832306
-4.9993786726587 -5.175469027995289 -5.417151294320286 -5.715095671543245 -6.032937042853242 -6.3524565334210505 -6.667057347245487 -6.964944028094481 -7.219562085847654 -7.416532531910876 -7.54009784018198 -7.571631345815324 -7.492852760664226 -7.292376830412804 -6.973140503421235 -6.55493410204431 -6.056025118797838 -5.478303320134521 -4.8508148618058495 -4.212176530927917 -3.578225375251602 -2.9643204406936174 -2.432313460041333 -2.1634706799262764 -1.9938389501386382 -1.8915508169716504 -1.8683679619417135 -1.9397232121847292 -2.1145829345844187 -2.335509559498723 -2.5676175841449878 -2.80560707212495 -3.069699462079476 -3.3519628551353406 -3.639388814285737 -3.9056959193447467 -4.123105971106208 -4.281105300506387 -4.3259241913645985 -4.238189759561162 -4.070893897545632 -3.8457238526198223 -3.5706616367759194
-5.055606841279215 -5.2650925726956945 -5.542883581102463 -5.881002103428868 -6.262510613913005 -6.652970837885473 -7.044513587743044 -7.426854438631741 -7.773779973183151 -8.069484342956564 -8.294792078093648 -8.423025927476894 -8.422294631384222 -8.266006408255791 -7.949726526200722 -7.498973838177664 -6.954000420748276 -6.323416666118012 -5.634914271349727 -4.92456925839392 -4.223651829976871 -3.568592130796541 -3.0196571261803813 -2.62982336323938 -2.3707162268217807 -2.2120853457041316 -2.1488153881033103 -2.184669849725032 -2.3241128972756036 -2.516870415831691 -2.717860508346956 -2.941680667544749 -3.1935261828767514 -3.4622020020129898 -3.7352262815128814 -3.9951574849775895 -4.20941126689384 -4.365489124597805 -4.428288275264448 -4.361788194461937 -4.1712802620779 -3.9075279829437615 -3.607546826874798
-5.1073551746490455 -5.343464524659603 -5.65069200186776 -6.021655890814666 -6.448433706614619 -6.905333799120257 -7.369765940252519 -7.834172721919948 -8.274434560372105 -8.674417853940282 -9.013934577216848 -9.258916207673444 -9.357756822525452 -9.254316793198923 -8.929179531556134 -8.424592447490214 -7.796872683103897 -7.100765837503809 -6.361358498192149 -5.6090923944256605 -4.877195867752324 -4.200479223477713 -3.6171547817446044 -3.1534583890030707 -2.808768865515334 -2.57252122166979 -2.440186054846552 -2.4129141941561145 -2.493488831033756 -2.6501736525429282 -2.8284721926933605 -3.04265174884884 -3.284075184071008 -3.5413165891866636 -3.8018325768514565 -4.052571374298875 -4.265534577671861 -4.420385104059732 -4.50111509461347 -4.462302180932796 -4.298554646840151 -4.032315486520079 -3.7272971138162614
-5.1493791106326485 -5.405581114237671 -5.734902597088387 -6.130493932585416 -6.585268703244624 -7.090992153347879 -7.620156557670301 -8.158555567957137 -8.686812417740992 -9.189694509635874 -9.651210384767662 -10.037142561999854 -10.274649585627062 -10.245105087068815 -9.886009137008276 -9.285456210671178 -8.553762436636793 -7.771034865452831 -6.981503298726837 -6.196804305584156 -5.439805946316709 -4.738441828933927 -4.118715371726523 -3.5988626570657143 -3.185604526256463 -2.8790779575145935 -2.679563214461185 -2.5894248106174116 -2.6116402567840598 -2.7315493254034924 -2.899500573068366 -3.1053333846676185 -3.338519954910041 -3.586653349018742 -3.836595313957643 -4.075245277567792 -4.286120728482269 -4.440445415997743 -4.534033866256424 -4.527489490748705 -4.411580849743458 -4.207613545840628 -3.9245154825020125
-5.1773870885451245 -5.446405975849756 -5.789910803660649 -6.201444085299997 -6.674474322479513 -7.202350437004409 -7.777106995760471 -8.374629778327655 -8.976537456729687 -9.5679762644962 -10.142371127136002 -10.681425481511011 -11.121078868981076 -11.226290967510119 -10.759951308688006 -10.003490112461911 -9.162215889054476 -8.304287792119498 -7.460001724688706 -6.649411292143789 -5.877214725125744 -5.156853546669917 -4.507647545848053 -3.9444101166394634 -3.4763808444713495 -3.1091553102538034 -2.8476785521783965 -2.6975846513977775 -2.667781119688725 -2.7677393541473165 -2.9269136485025014 -3.1268179169044408 -3.354734545498834 -3.596451969813184 -3.837786765201357 -4.065277483306437 -4.266348906387514 -4.420429665522991 -4.51906781165707 -4.561038699079719 -4.5108927214475925 -4.3740742710991 -4.159369249874556
