_RESULTS/CROSS_VALIDATION_POSTPROCESSED_CLR/MHZ/GZ/1comp/1/MHZ_GZ_z_250_kriged_reverse_1comp_spherical_1.asc
ncols 100
nrows 74
xllcorner 5.5967023332191781
yllcorner 50.982320383219182
cellsize 0.00019249356164376555
nodata_value 1.7014100000000001E+038
[rows 0 to 18 of 74, columns 0 to 43 of 100]
3.354232149943907 3.294923792952745 3.265979769927495 3.2710753295244346 3.3004306255651645 3.348384154644458 3.4144188153746713 3.4898509403706046 3.562097403866021 3.630279607175737 3.6896215059564774 3.7302684170553735 3.7441761713649084 3.7235559560882363 3.665797787970748 3.570675866084483 3.439451013644702 3.2741446754419044 3.076831180526589 3.0713499699419984 3.2293092199543847 3.363372566580653 3.479573215133092 3.5750738945782867 3.64854898315972 3.7074120687760153 3.75834696878374 3.802163128262514 3.823735159215511 3.825027727082259 3.809387979721389 3.779989661893656 3.739906196334754 3.6921530872315187 3.639643564469591 3.5982297389448488 3.584507035156765 3.5871195312220308 3.6055862355990493 3.6483041873274553 3.711220031142158 3.789421070616514 3.8778570092469695 3.9797401941921926
3.3002171823981863 3.242960278184645 3.214530734665308 3.2196829373055036 3.253813523025798 3.3184503434591126 3.4159591360964248 3.530700883898369 3.64603916166423 3.7606431480298226 3.861695233596787 3.934192403751188 3.9702328450333035 3.966024339388098 3.9205647612185195 3.835620138790294 3.716413308506738 3.5741081075691232 3.4439943868019336 3.429160999015725 3.52136663996184 3.625489517628935 3.7200031830620026 3.791425633298604 3.8381310967351867 3.8643233855399255 3.878465366769559 3.8913829178508133 3.8913676847721566 3.8713658978537895 3.8348741447301324 3.7851563864336724 3.72542342051926 3.6589757241601584 3.5892344300217003 3.5335764777234866 3.509134114144016 3.5141795034350114 3.54831992390246 3.6094669473291208 3.6922842653425345 3.7910842544532724 3.9002213756372415 4.024566991268893
3.2623561226121165 3.2072918924874854 3.178015299673082 3.1779632085719003 3.2081652421277123 3.286818355466076 3.427430041529276 3.592436589582283 3.7601901371307784 3.9199965175742686 4.056752775759944 4.160952025331758 4.224385576710061 4.241602930235505 4.212503367237413 4.143706978674864 4.046654063277387 3.940901043590236 3.859552033813159 3.8402893650251007 3.8791194065947026 3.9389938765814745 3.997839294966699 4.0353399520772895 4.049102698992734 4.0433059692867035 4.024145993508274 3.998518653327009 3.9717489562640074 3.9276418922530896 3.86804122882317 3.796008166688253 3.714644480025666 3.6273766762633137 3.538315089283293 3.468002453471645 3.432435160938911 3.444699403381626 3.4956028916664357 3.5763160281203867 3.680176202590841 3.8005280833028343 3.9311870036901655 4.077477938071474
3.2432584744675736 3.1930757914760246 3.166100172181353 3.161619971483886 3.1751702386470098 3.2516459738817343 3.4634854487006885 3.6852771982222534 3.8976318800392953 4.094810449217349 4.267807181635912 4.406334037150771 4.499926940191805 4.5411409127595075 4.529633807866734 4.474845324084376 4.395508867910761 4.313910324009293 4.2542242776303905 4.2331995645369265 4.246217605308927 4.273027948390705 4.295881263567097 4.295280639277435 4.27027122453659 4.227291729456764 4.174197739505837 4.117560503523164 4.060686312517725 3.9907451343429803 3.906791646456446 3.8113455138759744 3.7070736512314353 3.5972277366313015 3.4871250358408026 3.4011549439335544 3.3577721127193456 3.3777711968508832 3.4466978552739653 3.5485889796998524 3.6746686156262602 3.8172214991510574 3.9696992269686313 4.13689881931065
3.2440004563744598 3.2036066783404897 3.187735144736271 3.195757346931234 3.2267327624024262 3.324547164741084 3.566075704277118 3.8114819351863476 4.051184152136156 4.280030402360544 4.488455865906143 4.6636694944861725 4.790138546036309 4.854672218451143 4.85555301859541 4.806726412519918 4.732636551245973 4.660055970753681 4.608862147471109 4.588467341700294 4.592489228225762 4.602596343222233 4.596996396652252 4.557312097640728 4.488855267885598 4.404939919405109 4.316299142342893 4.229538512320641 4.14856675058139 4.056795461777036 3.948684687612208 3.83005188574154 3.702781768668397 3.5694631881884713 3.437481170849611 3.333728602837841 3.2851615958035367 3.312536381323644 3.40208018139375 3.5273592822174944 3.6764565289591027 3.841045263722654 4.014834406335218 4.201201474061093
3.2627438069082624 3.2367209346990222 3.2404723250472673 3.2780397946999225 3.3621709716714365 3.5100987358025915 3.7218943928926445 3.95940050296746 4.211047435297861 4.463845664670432 4.705901378734335 4.921307615796021 5.086065259429628 5.1729668810113845 5.174331441973818 5.115048238118407 5.031554288249083 4.954546793701631 4.903927761521597 4.886471621965077 4.895207892613005 4.90872849744675 4.887356885469596 4.80545648207936 4.687710128212493 4.561364888742645 4.4389517774980325 4.32529229789222 4.2223677782511215 4.118437380364045 3.991070504664604 3.851161150135497 3.702581845527531 3.5467518080968516 3.3943886823090366 3.270694247571493 3.212618697147919 3.2499897517317553 3.365433963043696 3.516131652592061 3.6874312059324175 3.872211873072454 4.065398088033586 4.268457035465918
3.294809573675078 3.284821729032684 3.3102388965398557 3.377081211528252 3.4965638341325804 3.6683082080847074 3.872143728803821 4.101870806229304 4.357400931003289 4.626614794105066 4.8986530008171005 5.158516984996796 5.3746296354931244 5.487265231347172 5.466927327176029 5.372197227542916 5.263856343050714 5.172986995760289 5.117076214835146 5.102241690706385 5.124672964255834 5.16925182750769 5.1559012196034555 5.0140748082935 4.841672927536834 4.6781971841078205 4.529634001788957 4.396396257752031 4.278003053432206 4.1651769539266645 4.030273558615807 3.873642672465905 3.707608668118781 3.533746767555038 3.368046252432319 3.2261999703457143 3.1408561892499494 3.1988621234524306 3.348275278627109 3.5214638650221244 3.7102191912059745 3.910769356976361 4.119616396527773 4.336141858714889
3.334243852532024 3.338677945204367 3.3823134028243738 3.4705974498068732 3.609088568346621 3.787972281258458 3.9901909104666364 4.214510027788805 4.468580873441585 4.744583663182001 5.035858268954201 5.3354649997769545 5.624436101683844 5.789079222705234 5.694264741593188 5.5385426702487095 5.398616939299475 5.29201809720948 5.227076308980097 5.208849864664046 5.235449717452141 5.309878572215998 5.348462223838042 5.120464184299307 4.917328945404333 4.737357134752926 4.577696092818391 4.436147392529765 4.311165001382697 4.194816034001992 4.058118986493865 3.895894729515904 3.7179936424678477 3.536999818035908 3.3703331867644195 3.231079321767604 3.149938298130697 3.213404452450161 3.369239432417376 3.5495432174705197 3.7461834665866185 3.9556470306745504 4.174760840422563 4.398877660470687
3.3755576265389124 3.390668833468278 3.4468293824440317 3.548294064122224 3.6909723033095663 3.865988414855221 4.066161829541714 4.283190298328555 4.5286481692312055 4.79766366256963 5.085661665887522 5.389541462949353 5.7057580923954205 5.932048067874063 5.748884617536271 5.56348086743721 5.409600313981261 5.294533023161063 5.2215639098430575 5.1923638349468115 5.200286238320277 5.231526246497951 5.206988819676923 5.069077914624196 4.896987796029485 4.73076483918451 4.57849641084428 4.441490880266838 4.319673431637009 4.206239231649662 4.07255611870061 3.913561209215346 3.731790294174326 3.556700516397231 3.400785325187703 3.2837948564388455 3.239363083474765 3.2923151534718125 3.4266587996062494 3.598469662147826 3.7929583690736077 4.0038728739615115 4.226485650098646 4.4504328724208
3.4147287952508005 3.4358033557423497 3.498366491985683 3.6046880928079883 3.7417955903926017 3.906341839352534 4.0969552196845465 4.30273407000138 4.531329343167693 4.7785552892992085 5.037376158906109 5.296450112612559 5.525860866456756 5.6377614946932955 5.569726865455398 5.427892600661066 5.288002049185757 5.176106798336997 5.100322076521043 5.060123068128027 5.048103053398408 5.047869426763272 5.014847514950969 4.925270896917598 4.800345060667441 4.665995153552551 4.535324996127084 4.413829006829307 4.303924008686141 4.199279099891436 4.07253717147047 3.919048077824034 3.7454425524759554 3.580724843067666 3.4390730087091246 3.3424669263697364 3.316286924940048 3.369452919106699 3.4910916989093304 3.6524742894108857 3.8413982432211156 4.049836544596642 4.267931989708413 4.486032592574814
3.4494984638875077 3.4710616432212404 3.53346304629773 3.635341854233161 3.7623629252191475 3.9135773508880733 4.086093799979028 4.27507772661201 4.48019419703723 4.695190406950817 4.909080273114816 5.105466824011806 5.2551857694129245 5.317251455188975 5.276754854840644 5.172154598610428 5.052659797268966 4.949764169272909 4.877124062062606 4.834113684414364 4.818286562196397 4.8137680887463645 4.793179636699621 4.738859116414711 4.656538860611695 4.558956730685452 4.456951779354767 4.358070798662036 4.266241275971538 4.171680867111849 4.050575641388434 3.9054725962314754 3.7502831433124793 3.5986654738897443 3.471785588964178 3.390452020543348 3.375530665474576 3.431089773108059 3.5447493347493433 3.6964750295680378 3.877680914323956 4.080327774801105 4.290253936400067 4.500653424492304
3.468343366154893 3.482309054643304 3.537084017908448 3.626951125907862 3.7411607052260303 3.8788249597248594 4.03454561794563 4.201161570062696 4.381768214872903 4.561886684485147 4.728265323928248 4.867428488003965 4.959255942413089 4.98434872092133 4.939329422337883 4.844679774999984 4.733533606122884 4.636650070520541 4.57166548697176 4.539481149005104 4.537465137215882 4.547287242681654 4.549679664513399 4.528460538224074 4.484074255084518 4.423186711971617 4.353321345373839 4.279213667485256 4.204521243205056 4.118681198248748 4.005943059712344 3.8790050500570445 3.7432877924576697 3.6071572684771116 3.4943996334659517 3.4245947316338663 3.4177123447372972 3.475667042296711 3.5823257926660226 3.7250952255415384 3.8974107258320174 4.089745585728074 4.287900603622047 4.4867701296744515
3.464634356308043 3.466385492124115 3.507524411120594 3.579648998043867 3.679487137461389 3.8045194117935432 3.9445421247566683 4.088569489106084 4.234995809602018 4.3839229642264685 4.514234174423063 4.609939035983482 4.657007576165178 4.648748327947695 4.585038185436307 4.479432188194654 4.358579897261096 4.2577455127858626 4.204031730389669 4.199978307219078 4.227071106314398 4.263472848416957 4.2942529891475125 4.305976138037659 4.296409874280318 4.26981979723674 4.229173441134218 4.177770636562393 4.12096218306056 4.044683515146279 3.9499539578185763 3.841945101240957 3.7249049338636864 3.604990023691043 3.5056795028624457 3.445150918187739 3.444392644712865 3.5027084810410942 3.602299588559932 3.7361418099682804 3.89874416395248 4.077908398325087 4.261199432297868 4.440870354142375
3.442972904938784 3.429368910739917 3.451120668654843 3.498960924566838 3.5849805823406653 3.70190656954641 3.828095445029806 3.953215815993197 4.0702760069287685 4.183297955295344 4.281295407118228 4.345848431673455 4.36240426949371 4.323556760292964 4.234537208297469 4.1054331749614805 3.9552071703697997 3.8307296426618818 3.7981182166738847 3.8424655718686718 3.910761035928593 3.9793641466632543 4.038540802954764 4.081481669181915 4.103471458845023 4.105189822357381 4.088263260193765 4.058650008980586 4.021992737297066 3.964152292879307 3.8873892595729522 3.796805077509593 3.6967992747494565 3.5924797278631027 3.5060633093424434 3.4538425617241866 3.457826066216994 3.513019178019471 3.6049333979936216 3.7295069260767106 3.881411048839886 4.044477787754667 4.206553226179166 4.3634173125081155
3.408868919596733 3.3799525940453568 3.382501386010939 3.3984736109643285 3.4809423533180506 3.6024356474845125 3.72395586554185 3.8378299742680384 3.935494447081884 4.017677012987628 4.0813154219130565 4.114519120506128 4.10627248430497 4.0455637325910265 3.9292147458292024 3.7662841097282636 3.5701295172568455 3.376902650242622 3.3944280527691184 3.5087483290399417 3.616415874136098 3.7117975159880414 3.7934739376442432 3.861100419618959 3.9080309393665433 3.9310826691702867 3.9366157186515407 3.9350625648727173 3.921356530499325 3.8821019510243175 3.821674475455983 3.746332289751728 3.661145429426838 3.570895026239382 3.496856312259127 3.453231629513598 3.4596817634118016 3.507975830310862 3.591495377541832 3.7064103129456227 3.8445906134787036 3.9871075298762695 4.127294516526987 4.260844902537728
3.3667875717180267 3.3252149651460146 3.3234024223901257 3.3551550742505274 3.432784413632796 3.541503098067951 3.6538415223749645 3.757122920559304 3.841616566325818 3.9001243309406957 3.9359052378623884 3.9409875498850844 3.9066912950130583 3.826806156684798 3.698324493200048 3.5216316440512 3.312568385518518 3.11882677318043 3.131028882491276 3.24991778271524 3.3664165165373183 3.4725843922705897 3.5670541903482995 3.649490200801796 3.7145597334293745 3.7608543299874477 3.794439824944174 3.8199583305471254 3.8218404037287352 3.7984108987884695 3.753541386364864 3.6922157493392787 3.620214399149375 3.5420876172191895 3.4798411338463255 3.4464355085476064 3.449264585031756 3.489357162747962 3.563897384733041 3.667650350775877 3.789870249979388 3.9146408163723874 4.035090298838627 4.146295966823751
3.319376815021261 3.279287940813836 3.2906964422404563 3.3385150621823487 3.416372082298258 3.5148601173901493 3.6184934862062317 3.7136699745053097 3.789304296731615 3.8357277433791257 3.8499283683894676 3.833652095648014 3.7802597360843984 3.685758579189097 3.549939011964915 3.3807853676244592 3.1995882740364583 3.0600929439975277 3.0239650871629764 3.0754275400846844 3.1689383209730266 3.2718137166734538 3.372648715887952 3.4651555935051386 3.5459161660537837 3.6144045600313963 3.6725404723709034 3.7138659706135932 3.7273854798444046 3.7163679966698497 3.6842884754743 3.63487474124864 3.5741484908809427 3.5076067500641557 3.4570857967551127 3.4323028017672095 3.4283547357850823 3.4632037538771625 3.535367429484764 3.6321726268378014 3.7441484275719104 3.855249290831636 3.958550867113042 4.049067498595252
3.2829869409371257 3.253013550327377 3.2749706660488243 3.334536888295127 3.4166996945378796 3.513942761530234 3.6148474750170583 3.7070493799942787 3.779166435285 3.8213221935877377 3.8254938522881994 3.7933119683252032 3.7261176733705548 3.6224932875409057 3.4886765809133933 3.3340161059387032 3.176546979333235 3.0480611272379914 2.9842853517917054 2.9853928751429146 3.037038511535731 3.1252920939268884 3.226290846087651 3.322383936938386 3.4120215015669615 3.496959896593561 3.571628704780122 3.6195133752018234 3.641175625779216 3.639289387663611 3.6168489566516557 3.57711181982518 3.524796936725563 3.4679357540673292 3.428825116238224 3.4097102516794315 3.413927512593313 3.4516471414586327 3.5216658169402786 3.612542970512139 3.716079521000056 3.815670937391257 3.9038351204191413 3.975573678222933
3.2525041127278387 3.241583387195124 3.2709838920125995 3.341142412156925 3.4314072138503393 3.5344309034012973 3.639785462979969 3.7355886884726313 3.8102733690345727 3.8537534296478198 3.858195539790896 3.8189843317696592 3.7435349948312897 3.6364308427535135 3.5022354978089294 3.352098865709494 3.202825455708406 3.0732301065400955 2.9873490662992284 2.955140822012526 2.9734882671724367 3.034143752424821 3.1261482374273037 3.223144612007089 3.318734811845065 3.4118745132655253 3.48754941697599 3.5388735702794127 3.565701563872524 3.5700356226620946 3.554320249699414 3.5214242540636946 3.4750302995651214 3.4261560009333776 3.3980249869875543 3.3941097424828253 3.4138440643492487 3.4564278483383024 3.5241797659058367 3.6111551831408306 3.7085572519358716 3.799243953179932 3.8745876931710215 3.9296148592951043
