_KRIGING/CROSS_VALIDATION_CLASSIC_CLR/Berg/TZ/train_3/Berg_TZ_3_train_z_710.asc
ncols 100
nrows 90
xllcorner 5.6208707817415728
yllcorner 50.959635321741573
cellsize 0.00013419651685393446
nodata_value 1.7014100000000001E+038
[rows 0 to 18 of 90, columns 42 to 83 of 100]
-2.9775465054813246 -2.9320103667410038 -2.8945969815074815 -2.8666924142112542 -2.8492784632771144 -2.8428611875060206 -2.8474351846899832 -2.8624877730879721 -2.8870430393868762 -2.9197414588876036 -2.9589470250721295 -3.0028710409476833 -3.0497002765527963 -3.0977172448182273 -3.1454018369363244 -3.1915062351222439 -3.2350984789481227 -3.2755738102505827 -3.312636462113316 -3.3462574563764349 -3.3766159216236336 -3.4040322872964861 -3.4289014619610647 -3.4516329236840022 -3.4726028048314355 -3.4921208666061752 -3.510413058600431 -3.5276184304452869 -3.5437977127785398 -3.5589500228578288 -3.5730338875903271 -3.5859890404631134 -3.5977561057201672 -3.6082921697488484 -3.6175811917034579 -3.625639082074505 -3.632513978126406 -3.6382827144654506 -3.643044716011854 -3.6469145563247842 -3.650014277633236 -3.6524663217537423
-2.9518519381464348 -2.9040676097936089 -2.8646298345881789 -2.8349592362835381 -2.816051152818968 -2.8084030713494865 -2.8119803314731602 -2.826224214898696 -2.8501020203308709 -2.8821941659536314 -2.9208093745716646 -2.9641161074741067 -3.0102769931310327 -3.0575732029422156 -3.1045074822442693 -3.1498775598426008 -3.192815479928008 -3.2327924853908243 -3.2695928873737401 -3.303263415430866 -3.3340465280057234 -3.3623069214900418 -3.3884600370580422 -3.4129099171577906 -3.4360016140720475 -3.4579908674304836 -3.4790313126411458 -3.4991773723521842 -3.5183994418739299 -3.5366071197777931 -3.5536760579883957 -3.5694744180225513 -3.5838857616294995 -3.5968262830508859 -3.6082554164267524 -3.6181798652304931 -3.6266518887329529 -3.6337631864154432 -3.639635940576154 -3.644412547661199 -3.6482453546238087 -3.6512873933275873
-2.9361424745917866 -2.8861481492586645 -2.8445434591082002 -2.8127787809640932 -2.7918645785313405 -2.7822977321013234 -2.7840284022063049 -2.7964715525900736 -2.8185624007622749 -2.8488501984733006 -2.8856205266970072 -2.9270332893100459 -2.9712621990027053 -3.0166219245173611 -3.061671111063287 -3.1052828635575125 -3.1466784886457688 -3.1854247292621132 -3.2213988007147183 -3.2547287462362355 -3.2857186266694622 -3.3147686935048171 -3.3423000181122955 -3.3686912893884848 -3.3942329994386569 -3.4191014261049126 -3.4433521008265302 -3.4669301654240599 -3.4896934108960238 -3.5114429671504244 -3.5319565606661492 -3.5510198575198384 -3.5684524699898503 -3.5841265018068054 -3.5979768222647319 -3.6100034128842324 -3.6202670000637518 -3.6288797162325235 -3.635992724239637 -3.6417826463472345 -3.6464383409128605 -3.6501491577598539
-2.9308510388204585 -2.8785139028936104 -2.8344084200403508 -2.8000165699486441 -2.7763729618114255 -2.7639895826822798 -2.762823103715343 -2.7722889585479695 -2.7913211959280968 -2.8184719065192763 -2.8520395481390679 -2.8902123619869684 -2.9312117049814663 -2.9734206785579893 -3.0154857884482205 -3.0563831437395894 -3.0954453289472887 -3.1323498978749207 -3.1670747909475807 -3.1998293238474922 -3.2309713707420915 -3.2609218272103853 -3.290086467226951 -3.3187931787132232 -3.3472496809471348 -3.3755236632879875 -3.4035442929300501 -3.4311215953277241 -3.4579785653184398 -3.4837901246522556 -3.5082231654058358 -3.5309727548454379 -3.5517908953525552 -3.5705057723859799 -3.5870309371102689 -3.6013651596711824 -3.6135846252299988 -3.6238296749464425 -3.6322884345367878 -3.639179492793895 -3.6447353913977079 -3.6491881740729273
-2.9356207634329614 -2.8805765069530658 -2.8333944943744971 -2.7955989042971545 -2.7682665394503498 -2.7519489605939533 -2.7466390197204156 -2.7517862223672633 -2.7663597448681418 -2.7889523452916727 -2.8179136255300126 -2.851497804625545 -2.8880098069387028 -2.9259342166664268 -2.9640343508196345 -3.0014129206763762 -3.0375308451911831 -3.0721860088190471 -3.1054584008178878 -3.1376315422188306 -3.1691020189900847 -3.2002891661227331 -3.2315556094239462 -3.2631468031000583 -3.295154377372798 -3.3275045643472314 -3.3599697071983954 -3.3921982825940908 -3.4237572357925465 -3.4541798304904816 -3.4830125802832974 -3.5098559579157556 -3.5343951960848621 -3.5564192981718783 -3.5758280921450822 -3.59262857140763 -3.6069227417464536 -3.6188896910806498 -3.6287646534215625 -3.6368175420270603 -3.6433329016662999 -3.6485926039734249
-2.9491564646662169 -2.8907520195772971 -2.8396315615495542 -2.7973826317260286 -2.7651524607015272 -2.7435658322442595 -2.7326891287603416 -2.7320453739264945 -2.7406790277369719 -2.7572632397907277 -2.7802371077278103 -2.8079569750357294 -2.8388444411300338 -2.8715147185523726 -2.904872071954923 -2.9381638064753286 -2.9709899057898586 -3.0032711164282677 -3.0351832326394703 -3.0670689105923969 -3.0993401349253293 -3.1323843686910351 -3.1664856181410581 -3.2017685478662674 -3.2381699495595448 -3.2754379078650455 -3.3131554795315559 -3.3507830393232023 -3.3877119012964698 -3.4233214559637997 -3.4570327533422045 -3.4883529545440997 -3.5169070390174273 -3.5424552446245077 -3.564896627559186 -3.5842606328711355 -3.6006895388714799 -3.6144150559275126 -3.6257322837384383 -3.634973781846174 -3.6424858350021996 -3.6486082464681004
-2.96911679288805 -2.9063625152540258 -2.8501233425858175 -2.8020832135415361 -2.763498681795344 -2.7351102093685018 -2.7171015655317472 -2.7091127392188703 -2.7103051553219402 -2.7194713602609664 -2.7351757056785502 -2.7559087665831328 -2.7802368491678404 -2.8069291567629531 -2.8350487614005946 -2.8639988796652691 -2.8935222250217851 -2.9236574478521646 -2.9546619758408763 -2.9869142244230282 -3.0208097502232825 -3.056665401376792 -3.0946431340851461 -3.1347014281879151 -3.1765778119066468 -3.2198015964974154 -3.2637321455790893 -3.3076153152754628 -3.3506493371471695 -3.3920513873231251 -3.4311172056690129 -3.4672680704967505 -3.5000817994622615 -3.52930684028866 -3.5548606028322762 -3.5768147371937076 -3.5953709720528888 -3.610831399410845 -3.6235668251660975 -3.6339861571402654 -3.642508953664354 -3.6495423768784878
-2.9920685078186384 -2.9236073210812172 -2.8607377957854716 -2.8052856860154538 -2.7586659561133438 -2.7217845949060298 -2.6949908884928728 -2.6780863833336923 -2.6703894486275193 -2.6708469905468721 -2.6781786259261349 -2.6910344729848763 -2.7081463077645314 -2.7284533620770279 -2.7511882153556311 -2.7759143490050509 -2.8025139875865808 -2.831131736535184 -2.862085213086905 -2.8957575767844244 -2.9324881818885622 -2.9724764850761751 -3.0157112119505047 -3.0619322626638024 -3.1106277202528574 -3.1610634232236396 -3.212338562548771 -3.2634581311026736 -3.3134119936700266 -3.3612507975206611 -3.4061506282599776 -3.4474608110734319 -3.4847320856801165 -3.5177250942981839 -3.5464013593357375 -3.5709004682869772 -3.5915079488622421 -3.6086183593226941 -3.6226975865566864 -3.6342474421882098 -3.643774592043119 -3.6517648397556979
-3.0135257674160734 -2.937627873312902 -2.8662989727048789 -2.8015638732827775 -2.7450535664454829 -2.6978941519205293 -2.6606493854234969 -2.6333241417660869 -2.6154278537032543 -2.6060886941022936 -2.6042022523384745 -2.6085938607781465 -2.6181722971363026 -2.632054528510082 -2.6496461065341279 -2.6706689069984648 -2.6951359366609537 -2.7232806001094225 -2.7554539476191611 -2.7920071481377153 -2.8331773350165879 -2.8789931283484318 -2.9292120560265342 -2.9832965986341531 -3.0404296402980435 -3.0995646585634855 -3.1595017895117454 -3.2189784329372841 -3.2767624621545206 -3.3317372111648602 -3.3829698258313723 -3.4297577425291799 -3.4716514225670512 -3.5084545136232084 -3.5402049559717934 -3.567141998394959 -3.5896646065132689 -3.608286451006478 -3.6235917714277885 -3.636195186731598 -3.6467072266773215 -3.6557062060141643
-3.0280964410815994 -2.9426888166035123 -2.8608032984251199 -2.7847309062627872 -2.7163817299248798 -2.6571572394299139 -2.6078806730124722 -2.5687940733506593 -2.5396211311556414 -2.519685507432996 -2.5080663213600172 -2.5037673580161446 -2.5058751293825434 -2.5136834225428863 -2.5267679138410521 -2.5450027509142412 -2.568520259724588 -2.5976235689523772 -2.632668585206785 -2.6739354392377468 -2.7215098547016812 -2.7751920574086792 -2.8344455472719954 -2.8983913470101044 -2.9658464040105414 -3.0353987545291279 -3.1055077009128631 -3.1746150678431135 -3.2412536521577735 -3.3041409595883113 -3.3622496654660168 -3.4148502492606223 -3.4615252422986824 -3.5021579178346514 -3.5369006568208956 -3.5661294751567283 -3.5903913403318395 -3.6103501416231722 -3.6267358130484091 -3.6402994800241544 -3.6517759210556466 -3.6618533470190631
-3.0297531451635606 -2.9324928408070949 -2.8377773125627908 -2.7482374239633582 -2.6661262631171567 -2.5931710722070687 -2.5304895706390731 -2.4785806866132631 -2.4373887788988107 -2.4064294316164183 -2.3849557257577221 -2.3721381293348891 -2.367229800781157 -2.3696923700318724 -2.3792645199327289 -2.395965606178585 -2.4200373582114505 -2.4518365330322034 -2.4916986391052003 -2.5397964358498193 -2.5960164746844789 -2.6598728315774434 -2.7304703450000858 -2.8065214571752737 -2.8864126114183257 -2.9683093785799741 -3.0502849989001124 -3.1304552734730997 -3.2071036602103877 -3.2787835334679372 -3.3443890795756825 -3.4031913345287492 -3.4548405902513952 -3.4993401512637305 -3.5369988246267567 -3.5683704635996936 -3.5941884992804471 -3.6153020056710385 -3.6326178699615514 -3.647051511847577 -3.6594866869168978 -3.6707434887089399
-3.0122379925525227 -2.9006368598405832 -2.7907828755694872 -2.6857217436767176 -2.5881080714390414 -2.5000334682007068 -2.4229278631373727 -2.357545581163297 -2.3040348406739124 -2.262076452963754 -2.2310668751312104 -2.2103142946245651 -2.1992152584568423 -2.1973836811550367 -2.2047130395866237 -2.2213645164927112 -2.2476866109821287 -2.2840830420753715 -2.3308537338952338 -2.388037086586241 -2.4552802853113409 -2.5317586455404211 -2.6161562184178422 -2.7067097921410106 -2.8013088076256274 -2.8976360897061006 -2.9933297077310019 -3.0861451220111462 -3.1740988212769423 -3.2555791818900062 -3.3294162424276497 -3.3949083613608373 -3.4518093038126434 -3.5002834501751074 -3.5408391498294289 -3.5742507281468647 -3.6014785638074276 -3.623594457316031 -3.6417167711617395 -3.656957082607585 -3.6703777993504527 -3.6829586450821257
-2.9695964748394577 -2.8412020453486129 -2.7140593111489526 -2.5916984310586511 -2.4772210112624116 -2.3731016697447114 -2.2810748582189646 -2.2021199594908811 -2.1365423607256755 -2.0841330058382628 -2.0443765780390759 -2.0166712128763695 -2.0005218219864034 -1.9956748452742659 -2.0021734413237962 -2.020326664021507 -2.0506013713885043 -2.0934587418782389 -2.1491660906126118 -2.2176178340903743 -2.2981967025746748 -2.3896984849003662 -2.4903324032586038 -2.5977968185307798 -2.7094185524711811 -2.8223354970035643 -2.9336975081313188 -3.0408601924255212 -3.1415496556045266 -3.233982564585741 -3.3169336085269912 -3.3897502127688526 -3.4523209476039618 -3.5050086479763163 -3.5485614488963755 -3.5840148205561349 -3.61259569145383 -3.6356365366658991 -3.6545036200864462 -3.67054010049862 -3.6850219793449117 -3.6991232158136533
-2.8968178128873223 -2.7494504175879158 -2.6032705311545001 -2.462348816581466 -2.3302575180879668 -2.2098440177842686 -2.103105625425794 -2.0111798880575034 -1.9344463720023821 -1.8727178827121875 -1.8254847244478558 -1.7921675356538209 -1.7723339864690431 -1.7658422343272395 -1.7728880505589029 -1.7939503039339169 -1.8296477043156383 -1.880535063860604 -1.946877167873664 -2.0284411462648269 -2.1243438608862899 -2.2329804606591779 -2.3520461047266252 -2.4786476347800548 -2.6094883797789059 -2.7410994569967251 -2.8700861720402813 -2.9933586767423659 -3.108321226509041 -3.2130027869591302 -3.3061216054170846 -3.3870859148130794 -3.4559407124491859 -3.5132756061787607 -3.5601106950302999 -3.5977765584833339 -3.6278013073972453 -3.6518131908885643 -3.6714624131884701 -3.688361451699194 -3.7040399289103387 -3.7199083495792404
-2.7905379819133707 -2.6225778546504976 -2.456300785151468 -2.2963512164684268 -2.1467644221066688 -2.0107123162434295 -1.8903711097400127 -1.7869259571206815 -1.7007057481463335 -1.631419908720714 -1.5784524133745421 -1.5411593281059872 -1.51911681839632 -1.512276586942745 -1.5210032582009969 -1.5459899859429047 -1.5880704587194678 -1.6479635186037509 -1.7259976479329726 -1.8218649127605264 -1.9344475809171833 -2.0617471696299674 -2.2009279363467229 -2.3484681989713572 -2.5003966401524202 -2.6525794783634549 -2.8010195121335908 -2.9421297220107476 -3.0729513434661602 -3.1912972576127707 -3.2958139383845673 -3.3859668520007009 -3.4619633680137962 -3.5246328287044495 -3.5752851114207171 -3.6155671754396064 -3.6473325967029737 -3.6725331307082207 -3.6931351248390669 -3.7110581945298087 -3.7281297624224301 -3.7460472582439408
-2.6497401053912206 -2.4604504890641614 -2.2740185794994723 -2.0956634998362009 -1.9298354233639081 -1.7799361179447963 -1.6481872080093503 -1.5356615173507233 -1.4424665177753706 -1.3680437863968873 -1.3115291391957165 -1.2721084512658383 -1.2493060222687511 -1.2431554329294734 -1.2542247326383933 -1.283494384541255 -1.3321127106091097 -1.401074816611116 -1.4908834289095658 -1.6012518281266992 -1.7309002958821313 -1.8774803244424412 -2.0376388195124715 -2.2072118396612002 -2.3815180433556247 -2.5557089972389448 -2.7251284554903705 -2.885635689170428 -3.0338575528284846 -3.167347854540381 -3.2846479345519093 -3.3852564680176584 -3.4695272814602838 -3.5385201693145412 -3.5938310242936193 -3.6374246113420856 -3.6714871973226995 -3.6983084997656448 -3.7201945709470472 -3.7394066074661207 -3.758116210917434 -3.7783658051798614
-2.4763687201703792 -2.2662325891039909 -2.0609089445435504 -1.86615095268583 -1.6867268239337943 -1.5261202064542623 -1.3864099114638204 -1.2683436628386797 -1.1715891637084077 -1.0951162883317789 -1.0376421562590696 -0.99806051213820801 -0.97578035157660459 -0.97091559438621999 -0.98429472672719776 -1.0172916579598432 -1.0715105620339465 -1.1483824533161933 -1.2487453328600218 -1.3724807899114619 -1.518268348043323 -1.6834973325103064 -1.8643490016989297 -2.056034239693517 -2.2531490413451394 -2.4500949296602705 -2.641506157874824 -2.8226299667690888 -2.9896184915348627 -3.1397081678926515 -3.2712812113234602 -3.3838206716845693 -3.4777831847451015 -3.5544204240577884 -3.615581143270779 -3.6635213668992801 -3.7007422545105602 -3.7298653210834569 -3.7535449489222419 -3.7744100925302888 -3.7950218921528123 -3.8178321328612803
-2.2757638072823791 -2.0468037973432445 -1.8254645594615564 -1.617943400962055 -1.4291748698154212 -1.2625190384047347 -1.1196667567508509 -1.0007747561450664 -0.90480631181049098 -0.83001882723686471 -0.77451464024155037 -0.73676049795785481 -0.7159868345732594 -0.71239939652271644 -0.7271690418676684 -0.76220455316582658 -0.81975085178942564 -0.90188428338849924 -1.0099925877509008 -1.1443273796739284 -1.3037021019659658 -1.4853818889731869 -1.6851789715216157 -1.8977343241147544 -2.116938919850293 -2.3364304424638735 -2.5500956810911131 -2.7525148487350819 -2.9392994365266389 -3.107296280723288 -3.2546530712889812 -3.3807606464876461 -3.4861021167288637 -3.5720464964454681 -3.6406248723503314 -3.694321224564229 -3.7358997526755715 -3.7682782853858257 -3.7944454081440924 -3.81740930065836 -3.8401603031061615 -3.8656275781167029
-2.0568215270218708 -1.8128663653552763 -1.5802308661289821 -1.3654120835051273 -1.1733014471128875 -1.0068720196802445 -0.86712640328248014 -0.75331498395917684 -0.66339058989602329 -0.59462599060620747 -0.54429246252410834 -0.51028649540697302 -0.49160012240094453 -0.48855712805430684 -0.5027777838993206 -0.53688141200576034 -0.59398045582422476 -0.67705386452231942 -0.78830560699892871 -0.9286133692330889 -1.0971539064927871 -1.2912593283505345 -1.5065192592375389 -1.7371046840575755 -1.9762571107767499 -2.2168663920112373 -2.4520544923651606 -2.6756902441200179 -2.8827788779714787 -3.0696954155011511 -3.2342578234285639 -3.3756594896658072 -3.4942975769262752 -3.5915422433871083 -3.6694914043978351 -3.7307479482248489 -3.778243466850741 -3.8151174832504449 -3.8446466917139279 -3.870207265555722 -3.8952464712147457 -3.923238424522534
