_KRIGING/CROSS_VALIDATION_CLASSIC_CLR/Berg/TZ/train_3/Berg_TZ_3_train_z_63.asc
ncols 100
nrows 90
xllcorner 5.6208707817415728
yllcorner 50.959635321741573
cellsize 0.00013419651685393446
nodata_value 1.7014100000000001E+038
[rows 38 to 56 of 90, columns 42 to 83 of 100]
-0.55013005015345406 -0.36420947986167995 -0.14742609143291041 0.097300508012551745 0.36530105993407957 0.65055227151616357 0.94639375157775341 1.2465131180692364 1.5460738679112662 1.842794864764274 2.1377481081001299 2.4356388479078763 2.7443798923470109 3.0738716533574468 3.4340408320541229 3.8323515550763609 4.2711522043874677 4.745324895252331 5.2407325923593078 5.7338931722852209 6.1931500759568028 6.5813754375665585 6.8599716893977796 6.9936811649262172 6.9555215439370084 6.7310804463473914 6.3214488142613199 5.7442490722802191 5.0324941307621796 4.2313499272366855 3.393208398911332 2.5717502979856111 1.8158401491347078 1.1641213191489861 0.64106516706141115 0.25499688958818467 -0.0016860713977742137 -0.15021633285641123 -0.22149044454379307 -0.25106583965604568 -0.27386642177999843 -0.31933955741291431
-0.71379767276839878 -0.53404953450473691 -0.32557265359751497 -0.09375289157724076 0.15368819713122583 0.40729201025003725 0.65689041386903391 0.89299185896929067 1.108366130414586 1.2995863134639976 1.4682334356932483 1.6214632975865655 1.7716890053829459 1.9352487894763044 2.1300954259454059 2.3727359176439773 2.6748325447011911 3.0400094057029321 3.4614569242553355 3.920868261796711 4.3890736738018727 4.828481807415713 5.1971317514835036 5.4538611464684799 5.5638618979040722 5.5037751941759261 5.2655010692184163 4.8580673709939948 4.3071931189482253 3.6525424823392498 2.9430343569066029 2.2308833910759507 1.5652469587475366 0.98640591372638475 0.52130888742660986 0.18108143064321247 -0.039214528812628657 -0.15863266553154176 -0.20658799027579633 -0.21792282688447262 -0.22755387298081509 -0.2654728783714484
-0.93038185430302178 -0.76775236435693461 -0.58015316416280704 -0.37550290378391438 -0.16459384505792762 0.039722294314030293 0.22388349185386147 0.37541351841357162 0.4849700497846765 0.5483528998345033 0.56811648771220469 0.55442123624114359 0.52481849920189561 0.50279562247198761 0.51509945055323669 0.58808017619008801 0.74351314183334161 0.99451930347053263 1.342275111494212 1.7741530082425214 2.2637596124081796 2.7730601426487418 3.2564383004375301 3.6662004208052696 3.9587556916995474 4.1005466389932312 4.0728013057491665 3.8743373389884361 3.521944301375985 3.0482530432451949 2.4974022283252921 1.9191610128414922 1.3624027956136349 0.86890913303923689 0.46840514506587994 0.17550711404752484 -0.011057137385712679 -0.10695583917885898 -0.13883049695705907 -0.13955109812519062 -0.14291297308233908 -0.17856729673975646
-1.1961537936634716 -1.0597103881282983 -0.90285784407568226 -0.73594463084111261 -0.57269408407678668 -0.429179377801578 -0.32216074280783857 -0.26688966835792094 -0.27460818349679172 -0.35008332637779915 -0.4895917524940554 -0.6797828518459923 -0.89778404083007146 -1.1127654821585518 -1.2889665099313667 -1.3899327094509921 -1.3834645427202101 -1.2465851924116276 -0.96974241219474244 -0.55949750902801298 -0.039131897808410088 0.55310166791887205 1.1679855883383485 1.7511236844674585 2.2497094799083861 2.6192820163695849 2.8294425627917104 2.8676491320838959 2.7405027920459091 2.4723387589498209 2.1013653135523782 1.6739785338763102 1.2381541498506028 0.83693506961348696 0.502979648264537 0.25492807403611373 0.096025237099715 0.015067869746440365 -0.010613857938636784 -0.010717350923510338 -0.016824450300953586 -0.057353937040248937
-1.5037210749950605 -1.399758318469325 -1.2797857809400028 -1.1563063975667633 -1.0456787046192613 -0.96690359009475202 -0.9396757100837112 -0.98181811727150059 -1.1063573043966812 -1.3186222180673166 -1.6138365081986015 -1.9756916329815528 -2.3763207968566835 -2.777935505102989 -3.1361512790372066 -3.4047488632116005 -3.5413389579321262 -3.513175994050231 -3.3022499129427985 -2.9088094943468104 -2.3526472999249597 -1.6717863028857947 -0.91860513195806615 -0.15385525003581257 0.56061617317111789 1.169388036321271 1.6301181034622942 1.9183370717229629 2.0296864398409848 1.9793121051372555 1.7985790997606053 1.5296901718972808 1.2191001899965883 0.91076971656832661 0.64027521998944792 0.43060358478772187 0.29014642332197482 0.2130354635288807 0.18159056271244367 0.17034702648559019 0.15093285643397891 0.097000798658642751
-1.8425192557480612 -1.7739799239382563 -1.692676591212364 -1.6128319253002195 -1.5530024633953365 -1.5347169938575123 -1.5802888518988265 -1.7099299393427909 -1.9384466233012452 -2.2719373999045525 -2.7050088232896963 -3.2190507616459847 -3.7820440073606534 -4.3502069034471234 -4.8715363529467046 -5.2909956101871547 -5.5567959919200627 -5.6269695266349817 -5.4752889293978768 -5.0955994245483733 -4.5037979547601772 -3.7370125678219059 -2.8499515170311716 -1.9088383179165183 -0.983746144161878 -0.14041867249598994 0.56723818962327144 1.102909216402276 1.4510642034068777 1.6172031718307114 1.6252319591936519 1.5124919896753983 1.323310218299337 1.1021204566482989 0.88721140957288824 0.70598937386654548 0.57234406017664874 0.4863341863318329 0.43603298049665362 0.40105506719910444 0.3570721428973016 0.28053972276539874
-2.1996565483833965 -2.1659472540227567 -2.1206639892227841 -2.0791836410778162 -2.0617095899617022 -2.0918162356875891 -2.1940849767560788 -2.3909628010455357 -2.6991386952979406 -3.1258849926127681 -3.6659183040207983 -4.2993669528781266 -4.9913664669128437 -5.6936345429144213 -6.3481147472177923 -6.8924577141265129 -7.2667807091778647 -7.4208712507236365 -7.3208358767396726 -6.9541841962385336 -6.332498685119436 -5.4911581354498002 -4.486011457048801 -3.3873682191491126 -2.2721006074385715 -1.214960249303612 -0.28034456193366708 0.4843250028282835 1.0527143383154787 1.4206872643811721 1.6044035746276748 1.6358572445083031 1.5566780632671549 1.4112373347081864 1.2401337164832391 1.0749941764907351 0.93524380718930544 0.82713509977172528 0.74494985302884587 0.67395901670476555 0.59449641450280488 0.48639845073176069
-2.5610005287485489 -2.5582288294895532 -2.5423200992205581 -2.5291512289958247 -2.5399450833942536 -2.5997862440654211 -2.7351552902035881 -2.9706092857572353 -3.3249096161172478 -3.8070609936311506 -4.4128438114829418 -5.1224635999784516 -5.899882000752207 -6.6942246578488058 -7.4433943044400506 -8.0796853276635083 -8.5368507457507974 -8.757775630262012 -8.7017231026075308 -8.3500866332030323 -7.7097266865931582 -6.8132798039898503 -5.7162602766034558 -4.4912586751047971 -3.2199940092285733 -1.9843160047938557 -0.85741847010282246 0.10351685864025839 0.86226702463509142 1.4055214796855431 1.7417375397180752 1.8972692185057074 1.9105340332428753 1.8252288959729643 1.6836730349388702 1.5212440373735898 1.3626151775874504 1.2201538695759524 1.0944688625445078 0.97676185158697137 0.85239800226570139 0.70498881511635503
-2.9123628197389113 -2.9339650264699593 -2.9377156661874828 -2.9393004645273884 -2.9603030249520561 -3.0267621264542495 -3.1666852206857916 -3.4066351117514477 -3.7676872190061728 -4.2612266562592529 -4.8851833188406717 -5.6213555523312788 -6.4344230405837139 -7.2730867158473798 -8.0735076085020996 -8.7648795665571591 -9.2766137408030129 -9.5462980725397628 -9.5273851155085509 -9.1955057865688623 -8.5524298979445135 -7.6269893231222783 -6.4727058094731609 -5.1623546904729603 -3.780164552143078 -2.4127182974902155 -1.1398170943921642 -0.026559880378810519 0.88232036859975871 1.5651970908508517 2.023170159409613 2.2768485437847534 2.3609872862465284 2.3179418909260949 2.1910003455783205 2.0185722650782658 1.8299842962734072 1.6433031214165759 1.4652464561714638 1.2929118602607907 1.1168042342125215 0.92450681116359412
-3.2406287204369635 -3.2783035485756997 -3.2902217971368337 -3.2912062071252297 -3.3025586024341971 -3.3507283774516452 -3.464886233508456 -3.6735025188143444 -4.0002143158141186 -4.4594446402441221 -5.0523762128301648 -5.7639466968827211 -6.5614948746088615 -7.395535431548149 -8.2028814773019469 -8.9119985301470379 -9.4501110130046726 -9.75125433173584 -9.7642356176017984 -9.4593859495377473 -8.8330846647637831 -7.9093091377938194 -6.7378746782437027 -5.3895140952002443 -3.9484230952897761 -2.5032826208904453 -1.1379940399892599 0.076611978909637557 1.0890100749733893 1.8704222485829796 2.4151827480899684 2.7382161494752744 2.8702356030993119 2.8515593586475063 2.725568836306012 2.5327826315876845 2.3063213343838047 2.0692357483092465 1.8338271458420277 1.6027644419205043 1.3715508614808254 1.1317444836551278
-3.5346945574166524 -3.5795158721915579 -3.5878232688202107 -3.5729790624611617 -3.5554227110116505 -3.5615134177903345 -3.6212390007869315 -3.7648666790005914 -4.0187980330892135 -4.4010751122816583 -4.9171331531791269 -5.5564726691021873 -6.2909013397059974 -7.0748596396180607 -7.8480985564566472 -8.5406501872744069 -9.0796696591474273 -9.3973902322308138 -9.4391858799382895 -9.1706305059393323 -8.5825118682942332 -7.6930026116955261 -6.5465789612803489 -5.2097491210976798 -3.7641293308970152 -2.2978033724888771 -0.89615115858819117 0.36660953827360743 1.4340654455619095 2.2716442229873017 2.8676804603243795 3.2316079366461317 3.3897917402328286 3.3798188605906958 3.2442158125947156 3.0245443881393896 2.7566600799561805 2.4676449539057579 2.1746048424646105 1.8852089883285092 1.5995991190570322 1.3131379212846568
-3.7861123277602315 -3.8296711583598224 -3.8237935711979993 -3.7799063149423562 -3.7171070417147432 -3.661231831611599 -3.6427623259786843 -3.693619745762077 -3.8430790605226894 -4.1132248079193809 -4.5145268892189225 -5.042205062610976 -5.6740454235296607 -6.3702143808052822 -7.0753877467283361 -7.7231983969273044 -8.2426495573043539 -8.5658003363296942 -8.6357680171791031 -8.4139622404464873 -7.8855040912304064 -7.0619941724659592 -5.9811518359866938 -4.7032977079805987 -3.3051187608412844 -1.8715591090422583 -0.48695011722478121 0.77341609816815371 1.8501684757283776 2.704366876236314 3.3192056172398594 3.6989160160840289 3.865283019462721 3.8525037591010687 3.7012866004451261 3.4531016741336078 3.1453611768803782 2.8080673561222014 2.4621703885878468 2.1195832667669308 1.7845551979447212 1.4559427339310744
-3.9893915034847849 -4.0248167713176892 -3.9966831802902112 -3.9141648139900873 -3.7946680689968444 -3.6631585682480683 -3.5503134837992283 -3.4895153160243106 -3.5128863213888124 -3.6467525224774828 -3.9070899870015374 -4.2956091458072754 -4.7971452500106215 -5.3789262760157124 -5.9920829898743238 -6.5754696860928155 -7.0615186200897675 -7.3835114692501831 -7.4833779753098977 -7.3189799054078168 -6.8698446324611364 -6.1404873237390794 -5.1607835002993401 -3.983275457774023 -2.6777471513539162 -1.3238055535442541 -0.0024924952281999424 1.2119290060427286 2.2589339820786662 3.0965927720752955 3.7038338305535135 4.080031413956462 4.2422332785444041 4.2206579772857928 4.0532783256662661 3.7803474283581906 3.4396244798999938 3.0628511940864058 2.673763274835256 2.287646754898212 1.9122129555629499 1.5494018247030059
-4.1419621382739349 -4.1646909664214204 -4.109677088171809 -3.9837027685753252 -3.8022794801074555 -3.5892497436065538 -3.3752125528901393 -3.194756397654678 -3.0826622488741897 -3.0694281165226434 -3.1766357373543412 -3.412794613548801 -3.7703285594374938 -4.2242951339612365 -4.7332452997926593 -5.2423557865993802 -5.6886361424894503 -6.0076778003685884 -6.1411319922282033 -6.0439312745229152 -5.6902446972831209 -5.0772937151664834 -4.2264400977213938 -3.181345602279924 -2.0034322996764509 -0.76526924363025817 0.45719247079087744 1.5924682829163981 2.5804310552695302 3.377392626244804 3.958838372697409 4.3196560789018736 4.4720765453675106 4.4418538636189666 4.2634117584506139 3.9747463568297867 3.6128086319313173 3.2099177710795725 2.7915214020623704 2.3753674511533411 1.9719292816289435 1.5857634348374638
-4.2438520128950827 -4.2520601999042107 -4.1694674406980718 -4.0005052757637802 -3.7587339639663222 -3.4667151551630786 -3.1547183939915922 -2.8582147269205924 -2.6142826057139308 -2.4572380815923474 -2.4139734092738507 -2.4996126541969543 -2.7141392676314133 -3.0405975707978659 -3.4453114921682442 -3.8803124429125617 -4.2878558395501836 -4.6065799482767584 -4.7785768539130942 -4.7564566593005564 -4.5094326827103055 -4.0275555081668877 -3.3234680353751092 -2.4314058724854934 -1.4035700241506817 -0.30438371402489217 0.79655336742163563 1.8318325885652236 2.7429368926072506 3.4854331973824415 4.0320871284474595 4.3736734414491867 4.5176075013067134 4.4848247312120044 4.305540174916068 4.014604587281374 3.6471359818795204 3.234967056532783 2.8042453751739327 2.3742973209020271 1.9576593383131691 1.5610223413583739
-4.297165585233885 -4.2918200574764009 -4.1848477757928819 -3.9785359428242639 -3.6845726232627412 -3.3241677153037976 -2.9270295610855328 -2.5291229541214433 -2.1692984966403204 -1.8850657665939403 -1.7079558226281435 -1.6590505201042154 -1.7453168290659908 -1.9573516321224131 -2.2690078761623269 -2.6391456902074717 -3.0154599156860824 -3.3400217067338396 -3.5558885640980336 -3.6139359450461397 -3.4789852178894973 -3.1343682287721597 -2.5842738868595667 -1.8535368719852219 -0.9849016701493305 -0.034163751798935493 0.93610879345811426 1.8633856797790589 2.6915907831223667 3.3763064084188272 3.8881770524991595 4.2142296744448764 4.3571523107658656 4.3328613501199023 4.1668952825385333 3.890273172471888 3.535445006974987 3.1328541096676314 2.7084595223714327 2.2823665021558526 1.8685232740067725 1.4752917438696613
-4.3054692286112832 -4.2900185939919373 -4.1652583681777555 -3.9316732460570725 -3.5992697732456218 -3.1879075444087288 -2.7265186875614669 -2.2511187173889518 -1.8016673409194865 -1.4180143010339741 -1.1353369991306623 -0.97961328241724654 -0.9637450152096374 -1.0849332042093254 -1.3237932341047705 -1.6454953429602659 -2.0029446261378494 -2.3417157178634742 -2.6061784171337807 -2.7460413358134765 -2.7224418244603594 -2.5127452008378679 -2.1133847364169061 -1.5403516131244457 -0.82728616638571051 -0.021470724046233514 0.82167876288934671 1.6448294832430577 2.394799731473725 3.0276932257475302 3.5125047505133331 3.8328702512252626 3.9869304890550232 3.985549619049042 3.849335773955799 3.605023076108445 3.2817859869367165 2.907978660395786 2.5086493840089314 2.104006355673377 1.7088395537158991 1.332762175801534
-4.2731847011981836 -4.2529528474024794 -4.1194963979853778 -3.8719340798590389 -3.5188613348103361 -3.0788423357537473 -2.579832852632209 -2.0574203665112423 -1.5519139710782497 -1.104485563338689 -0.75273169633009207 -0.52616378499405236 -0.44221476739096843 -0.50335015092155544 -0.69577904661472711 -0.99007988838790251 -1.3438062732638167 -1.7058558488062552 -2.0221142840710842 -2.2416739614000676 -2.3228130173332842 -2.2379293496590957 -1.9767597482019879 -1.547457147585857 -0.97540996166787597 -0.30001451524612222 0.43010026568481585 1.1626949320261062 1.8476027796960768 2.4417301936541058 2.912783486129463 3.2413641705324814 3.4213413808140487 3.4586640100732069 3.3689755871528408 3.1745149950057243 2.9008160754782519 2.5736661565639025 2.2166682744599715 1.8496028763035266 1.4876320560396437 1.1412585942617159
-4.205073680440977 -4.1864574916155588 -4.0547559247299692 -3.8082064379055947 -3.4543074182207505 -3.0104152484221505 -2.5033235914812773 -1.9677012127681444 -1.4434010398990971 -0.97181325459519563 -0.59159702167793782 -0.33426236898531592 -0.22015873718652834 -0.2554376026419547 -0.43048103909877788 -0.72012769307151547 -1.0857995260446387 -1.4793681905904741 -1.8483402230957706 -2.1417293261594921 -2.3158603803257174 -2.339338634412031 -2.1965249299189349 -1.8890688633887613 -1.4353325680382563 -0.86784153050667001 -0.22917475874186977 0.43309042334318626 1.0716645994000285 1.6443652710012646 2.1178921270222677 2.4701816889115982 2.6912027380761234 2.782288157394591 2.7542911241667412 2.6249775267778723 2.4161106446103435 2.1506524720087334 1.8504151228396424 1.5343698387432507 1.2176867003873966 0.91145862859782945
