_KRIGING/CROSS_VALIDATION_CLASSIC_CLR/Berg/TZ/train_3/Berg_TZ_3_train_z_250.asc
ncols 100
nrows 90
xllcorner 5.6208707817415728
yllcorner 50.959635321741573
cellsize 0.00013419651685393446
nodata_value 1.7014100000000001E+038
[rows 19 to 37 of 90, columns 43 to 85 of 100]
4.7373242646116518 4.2794440867124059 3.8199494351535179 3.3814298866653161 2.9845733654180995 2.6467902928022546 2.3812665337116501 2.196511831359639 2.0963915388610124 2.0805583555836806 2.1451504975916631 2.2836016908964991 2.4874186586696139 2.7468188647755802 3.0511752817703499 3.3892729879646843 3.7494315633528421 4.1195774676312151 4.487356641756441 4.8403599868136462 5.1664988570863271 5.4545235409611523 5.6946354227391067 5.8791124846769929 6.0028542716457611 6.0637584530509976 6.0628644720348728 6.0042348764094395 5.8945843018151516 5.74270209672527 5.5587410150390975 5.3534574935901942 5.1374878955910965 4.9207315064064909 4.7118887230340869 4.518176455937601 4.3452169120626118 4.1970744786211247 4.0764008900691078 3.9846422718013983 3.9222627023457841 3.8889462812628492 3.8837513635354224
4.5254619384985775 4.0596922676501341 3.6000931333663839 3.1695375978575253 2.7883671323909018 2.4730416666243329 2.2352909813980606 2.0818226769495256 2.0145534441542949 2.0312528139003696 2.1264362495343629 2.2923262438700309 2.5197176018380345 2.7986305146074546 3.1187005882425192 3.4693237234903727 3.839630901898258 4.2184021693947447 4.5940347575661233 4.9546582458463231 5.2884467716290038 5.5841253793930976 5.8316168545710854 6.0227376108593136 6.1518335952317909 6.2162521439053107 6.2165708127293566 6.1565431112987277 6.0427653404889163 5.884109728187715 5.6909996974223773 5.4746190564556079 5.2461470594325981 5.0160975032356818 4.7938163296741472 4.5871637156496989 4.4023784853853973 4.2440991157311094 4.1154994496939423 4.0184897007534524 3.9539341642086105 3.9218448598683411 3.9215230114946333
4.2649195000501265 3.8046443176803537 3.3595484400148541 2.9520699811209052 2.6014099062870688 2.3222622326981863 2.1241220695408298 2.0112100375441733 1.9829535616614953 2.0348821687722518 2.1597406958199326 2.3486103859520293 2.5918541875452927 2.8797618666825953 3.202848982765242 3.5518442084654573 3.9174652278883801 4.2901218881366185 4.6596903133943135 5.015474672555956 5.3464222419389626 5.6415948107197158 5.8908392781974426 6.0855548001261726 6.2194312835322254 6.2890372120852058 6.2941610541270938 6.2378528777885931 6.1261618644128832 5.9676115200020021 5.7724895780503358 5.5520489279321925 5.3177179891405109 5.0804056504236863 4.8499614785247305 4.6348218819257099 4.4418428467786404 4.2762943876775239 4.141974109097716 4.0413886770435656 3.9759523971551927 3.9461600958649328 3.9517049245486637
3.9783339676941578 3.5385403851578854 3.1237118746626313 2.7550676448856031 2.4498351653907617 2.2201178341045669 2.0724182123378059 2.0078334431746452 2.0228323138334323 2.1104351914636883 2.2615652252624372 2.4663310493736201 2.7150378719469135 2.9987963359873353 3.3096909083362123 3.6405623799760995 3.9845337370403193 4.3344512980209728 4.6824171367848857 5.0195563011347071 5.3361024736932983 5.6218126976406468 5.8666513400466949 6.0616294539646045 6.1996574146120675 6.276269397070382 6.2901051239544996 6.2430797238578517 6.1402261824102871 5.989246099683414 5.7998444625455559 5.5829473274054529 5.3499059444596568 5.1117787448670828 4.878758191453473 4.6597785701901495 4.4623092896030094 4.292311154022511 4.1543138201860454 4.0515628858097177 3.9861847813552025 3.9593255162103045 3.9712331709976638
3.6909299563427513 3.2874102715899625 2.9188795885454857 2.604530231958333 2.3587922399637806 2.1903958357610565 2.102165230180149 2.0915335103152648 2.1516529249430967 2.2728830120085508 2.4443880267967186 2.6555742209714346 2.8971458054562591 3.161645158087639 3.4434497995200291 3.7383041782836246 4.0425478863555879 4.3522485051532982 4.6624500984936583 4.9667098976494666 5.2570265514254864 5.5241793545104239 5.7584166469692599 5.9503684999103061 6.0920242094841175 6.1776127255635727 6.2042510161730853 6.1722733226610451 6.0852121239477901 5.9494578387365706 5.7736691909126039 5.5680335447067826 5.3434842625345418 5.1109719238922269 4.8808625696034174 4.6625050121463705 4.4639768678623657 4.2919906079638759 4.1519203046672057 4.0478987562961493 3.9829334874617404 3.9589975384527563 3.9770648396035284
3.4279482171051665 3.0763232223060966 2.7693555995873265 2.5234269069261117 2.3494076562134252 2.2519685717506785 2.2296934634275889 2.2759522777207453 2.3803703752974865 2.530636094613242 2.714341087345626 2.920555643806793 3.1409021874737997 3.3699916836060977 3.6052094321784711 3.8459547292769125 4.09253093209895 4.3449324516238663 4.6017761986728978 4.859580171669772 5.1125131137220636 5.3526440873660945 5.5706286701087588 5.7566961311451994 5.9017607490842812 5.9984745237391817 6.0420649034105463 6.0308510947378204 5.9663941214172427 5.8532966609394208 5.6987183962790606 5.5117043786813307 5.3024351996331367 5.0815000982779424 4.8592719589019957 4.6454325824434175 4.4486640008471712 4.2764924411683953 4.135249781731388 4.0301051020431631 3.9651166127099486 3.9432608530676561 3.966409551674194
3.2119431304546726 2.9265835938989957 2.6945912464435189 2.5288283124675948 2.4359590071119825 2.4160567367139381 2.4630740906495028 2.5660995697779327 2.7111970222302473 2.8835293916849611 3.0694258269594394 3.2580687957912087 3.4425521697589083 3.62017775791315 3.7919938533946844 3.9617091164977838 4.1342147437747476 4.3140004376121075 4.5037482634057868 4.7033369675239936 4.9094009682068087 5.1154822371464457 5.3127105083354405 5.4908658724137958 5.639630058493549 5.7498230997617661 5.8144475200313934 5.8294135335429598 5.7938834603165548 5.7102385413351184 5.5837255353012694 5.4218765827455373 5.2338109557175461 5.0295227239252664 4.8192384171974432 4.6128995217616389 4.4197925121208206 4.2483196960393723 4.1058815475171313 3.9988277651751272 3.9324306714767507 3.910840003580744 3.9369908389435322
3.0602954316781297 2.8532412850843105 2.7067433889894117 2.6295615255422513 2.6236717552404549 2.6842065868903395 2.800306501890411 2.9567699080986767 3.1362571312745855 3.3217112402103242 3.4986225368889805 3.6567919718270963 3.7913366774777106 3.9028118010975756 3.9964722354889695 4.0808380008275185 4.1658328523673314 4.2608196892123438 4.3728517777171776 4.5054004279656974 4.6577221020368631 4.8249116731379633 4.9985759323100201 5.1679717463443255 5.3213994218721945 5.4476286216165439 5.53715840336708 5.5831651176374422 5.5820589531714306 5.5336382588746726 5.4408888681678693 5.3095158055755061 5.1473137742910522 4.9634817105158495 4.7679696027459375 4.5709186316257471 4.3822247914283698 4.2112270943127976 4.0664984200105696 3.9557025758061783 3.8854760831308637 3.8612971513533614 3.8873157255820949
2.9832785961308677 2.8632673882602342 2.8090089804477243 2.8247476746279014 2.9074955021427602 3.0473294097108221 3.2286326061061974 3.4321294111167386 3.6374302566294991 3.8257142732863825 3.9821489923255822 4.0976866098500357 4.1699775485882959 4.2032864340358618 4.2074566619789202 4.1961183279002308 4.1844444479691196 4.1868144093071065 4.2147351217209552 4.2753050815431024 4.3704002526817636 4.4966352807536643 4.6460324344852983 4.8072339137175764 4.967034134084968 5.1119921964999975 5.2299076235567661 5.3109948149448236 5.3486601576751829 5.339856417534218 5.2850501501706511 5.1878814806592191 5.0546183027172056 4.8935095093008218 4.7141281759070868 4.5267713187466097 4.3419539976567672 4.1700075496921034 4.0207687723358312 3.9033315551860444 3.8258259427430081 3.7951917836678559 3.8169238380533823
2.9829554513909438 2.9546698324061733 2.9950037402718781 3.1034778585428642 3.2720987053580926 3.4860217462368253 3.7251731707219626 3.9666426063777758 4.1875276192312452 4.3678273006123449 4.4929636873103629 4.5555614451185669 4.5562301001040293 4.5032491628387294 4.4112268610002232 4.2989576908723617 4.1868161964861912 4.0940767257369588 4.0365357479761999 4.0247413360806092 4.0630204940463441 4.1493621325157521 4.2760857770989826 4.4311240746854956 4.599684324631534 4.7660354024029754 4.9151879958311877 5.034288042025918 5.1136121091096678 5.1471252503062068 5.1326247876441533 5.0715396352799491 4.9684806681225213 4.8306438541597352 4.6671579734981608 4.4884479856562924 4.3056591243115703 4.1301606841984277 3.9731261882229889 3.8451708338857173 3.7560191905360298 3.7141763044780109 3.7265829564701205
3.0530726820615826 3.1166996875313364 3.249313580743669 3.4457296582203947 3.6931543940523364 3.9722070051528497 4.2588941289910833 4.5273150680000773 4.7527475178378502 4.9146878282667794 4.9994116843234933 5.0016844029633258 4.9253751294796384 4.7828946378656365 4.5935531895630728 4.3810922488663202 4.1707554193305665 3.9863127783045558 3.8474341479488823 3.767728525675607 3.7536467730977261 3.8043064323020452 3.9121656730420558 4.0643684108746134 4.2445178024160288 4.4346150564391538 4.616920918905981 4.7755481496132131 4.8976613375083051 4.9742317706795438 5.0003583155712175 4.9752127127625831 4.9016959954220862 4.7859023416524975 4.6364808132508077 4.4639688361432617 4.2801490060223442 4.097457426604131 3.9284509340617841 3.7853247820860982 3.6794631929624515 3.6210032465742765 3.6183976643938776
3.1799810511661413 3.3311447553132414 3.5491800411283103 3.8244470585260926 4.1397995686411706 4.471940895831664 4.793706578190533 5.0770201415640956 5.2961474139312514 5.4308084749756897 5.4687093006071592 5.4071295162872337 5.2533371457191933 5.0237731549329201 4.7421282828133675 4.436591372784898 4.1366564072201184 3.869918764291099 3.6592664020201084 3.5207876496679438 3.4625927488128996 3.4846053038311444 3.5792467309530878 3.7328316784898359 3.927427769617001 4.1429126727759087 4.358981121538255 4.5569038508192703 4.7209062903305803 4.83910407240929 4.9039941550996398 4.9125475559215452 4.8659793066336361 4.7692837330078079 4.6306214145509372 4.4606322885184984 4.2717316393832387 4.0774260105172564 3.8916674857711202 3.7282496278955382 3.6002382456415631 3.5194260788918275 3.4958027653091515
3.3444609509253045 3.5745481181095569 3.8671127056610537 4.2085307286659139 4.5779695077081382 4.9490382435627591 5.2923182297038842 5.5784932915340635 5.7816891124709784 5.8825749648063486 5.8707958382068552 5.7463873511786163 5.5199673713663531 5.2116733634273462 4.8489932893613217 4.4637902361411701 4.0889222499191353 3.7548946978017685 3.4869509082363184 3.3029179771694581 3.2119978016671533 3.2145526613323696 3.3028037435161783 3.4622589123137306 3.6736241401483554 3.9149341516024325 4.1636570902740813 4.398575144163309 4.6013053473029091 4.7573899039577769 4.8569435699698618 4.8948907202353364 4.8708542996505058 4.7887734966952396 4.6563292378368795 4.4842498604381147 4.2855569633408344 4.0747963815313444 3.8672838469173305 3.6783810902659102 3.5228075059825468 3.4139863565949575 3.3634237337189532
3.5242012077275904 3.8210524511435047 4.1740813788540425 4.566344077201034 4.9741674282674699 5.369040803272342 5.720320930996885 5.9984510611481756 6.1782950421527429 6.2421442979293564 6.1819816834667192 6.0006792234906783 5.7119526526464766 5.3390703134379391 4.9124878308778817 4.4667240768264156 4.0368854358070827 3.6552718496831123 3.3484593838915764 3.1351614599349276 3.0250441897298979 3.0185340372008191 3.1075308970938567 3.2768440437974355 3.5061120081526598 3.7719517617621889 4.0501020249860682 4.3173698185772293 4.5532465596095069 4.741118964967959 4.8690524000008608 4.9301652321568428 4.9226406719797868 4.8494384164669952 4.7177744016299119 4.5384357103171213 4.3249914579402757 4.092951078401633 3.8589102695526716 3.6397132548579245 3.4516494263201167 3.3096944409765747 3.2268019307550082
3.6965863308276736 4.0454798429981347 4.4428534779786828 4.8692589801838269 5.2991561520211308 5.7029813244414624 6.0499453375962888 6.3112499167712306 6.4633243025130227 6.4906548301794116 6.3878173045678599 6.1604219255547203 5.8248278490138947 5.4066548502261602 4.9382843604983293 4.4556741469085734 3.9948895990936748 3.5887699545412994 3.2641016884256651 3.0395762730258298 2.9246855147993891 2.9195774568603428 3.0157802749225242 3.197615975353342 3.4440776410517744 3.7309332733924849 4.0328394723226912 4.3252890957622965 4.5862675847263841 4.7975432883429709 4.9455613081422163 5.0219449031754877 5.0236329945116589 4.9526981885960977 4.8158990208201837 4.6240245401576408 4.3910899626863635 4.1334393607634068 3.8688054749397498 3.6153682812435823 3.3908440803946949 3.211627382574151 3.0920008005523671
3.8414092000220856 4.226227372085738 4.6510233558882907 5.0947589359909529 5.5310664247690822 5.9304223778199292 6.2629529615113197 6.5015553585198687 6.6249477016166924 6.6202448966545351 6.4847052819872433 6.2263978635112789 5.8636855179025069 5.4235818926331536 4.9391914911753698 4.4465587187753473 3.9813148208532478 3.5755144584645269 3.2550002062370016 3.03753728150744 2.9318422060730995 2.9375093471332523 3.0457370605406027 3.2406830744155686 3.5012418316738829 3.8030325742737441 4.1204085029784769 4.42833429491602 4.7040216770910401 4.9282529592712461 5.0863560349922867 5.1688201911984812 5.1715612500587094 5.0958592104474985 4.9480035293676092 4.7386913389177883 4.4822319168833769 4.195615536377499 3.8975052881606178 3.6072061673705367 3.3436573655620609 3.124483195514582 2.9651280071363164
3.943148264282355 4.3475954040321696 4.7833334059510957 5.2286883801993387 5.6575063100240417 6.0413574195004278 6.3522637543303473 6.5656376968062364 6.6630635731201373 6.6345535641339062 6.4799661231309393 6.2093826170409407 5.8423788172541569 5.4062785526773496 4.9336118910942748 4.459097567262841 4.0165146619432663 3.6358176728717 3.3407885475453476 3.1474238692571817 3.0631447998687076 3.0868114158357809 3.2094377357297352 3.4154484870834079 3.6842955231324348 3.9922563103025706 4.3142604067719796 4.6256223731146413 4.9035924663231105 5.1286642327444607 5.2855988526045392 5.3641409863951433 5.3594128304079387 5.271985119234234 5.1076377372076589 4.8768383862787585 4.5939836312213957 4.2764598383823964 3.9435893549784389 3.6155281478311574 3.3121751522833982 3.052142650007565 2.8518242005563286
3.9925255451978812 4.4012611853098988 4.8330020676466603 5.2663726123412822 5.6764124825405258 6.0367382659546278 6.3221133161699505 6.5111243320241643 6.5886247302258063 6.5476178435093546 6.3903180985404351 6.1282363595504759 5.7812688970312429 5.3759052444312365 4.942785392746714 4.5139125215397762 4.119853058488232 3.7872305889772324 3.5367529016819788 3.381918230312734 3.3284466223893032 3.3743931770757554 3.5108345883675343 3.7229849232877612 3.9915895391311649 4.2944605059265175 4.6080429108973417 4.9089291454799895 5.1752605096515065 5.3879690409053893 5.531818287687515 5.5962036334240102 5.5756756672741687 5.4701581065195155 5.2848467915430968 5.0297974083859964 4.7192335621173847 4.3706290602197049 4.003634362719275 3.6389241862087003 3.2970405704667529 2.997295070788482 2.7567786478537437
3.9871793369527442 4.3867470876226839 4.8019303753828462 5.2125090953980031 5.595579799577397 5.9276067909529102 6.1867637655749181 6.3552822523976413 6.4215018170593439 6.3813432648138155 6.2389978848526448 6.0067322061336874 5.7038308076008208 5.35481794806506 4.987191604188844 4.6289556671260179 4.3062407282190422 4.0412638913063264 3.8508047670884871 3.7452851893150614 3.7284526241822924 3.7975973152108553 3.9441904953588676 4.1548175878487728 4.4122912966730521 4.6968551563008614 4.9874171532340217 5.2627757431715469 5.5028112730041805 5.6896138176485191 5.8085076380812888 5.8489195560629819 5.8050306939303802 5.6761536392074605 5.4667922476731192 5.1863673119139166 4.848623397138744 4.4707638493916928 4.0723860737474764 3.6743032566856906 3.2973402174726081 2.9611814936163565 2.6833329388504055
