_RESULTS/CROSS_VALIDATION_POSTPROCESSED_80-20/Berg/IZ/9comp/2/Berg_IZ_z_1000_kriged_reverse_9comp_spherical_2.asc
ncols 100
nrows 90
xllcorner 5.6208707817415728
yllcorner 50.959635321741573
cellsize 0.00013419651685393446
nodata_value 1.7014100000000001E+038
[rows 54 to 71 of 90, columns 0 to 40 of 100]
0.06316096766066068 0.06939835113139022 0.07377174129791633 0.07592726806658853 0.0757942387096148 0.07350025071191094 0.06931831839440625 0.06364484793261116 0.05697338753928646 0.049842829558157754 0.04276524241404006 0.03544325722760552 0.026801110948281488 0.0186672856236942 0.012165281789182318 0.0076034437587103485 0.004682284113787965 0.002869202357504096 0.0017675142797698117 0.0010979008090314817 0.0006909277614945647 0.00044641810919083034 0.000300597818257637 0.0002144142524180954 0.00016474777458716925 0.00013615466762209618 0.00012116256670188921 0.0001170677297907185 0.0001232850683877812 0.00014230142440039225 0.00018197025975754706 0.00025558353031471476 0.0003903886943229874 0.0006434897228340461 0.001111017188187852 0.0019613644048637542 0.0034844959417715997 0.006137914647482769 0.010573191657582814 0.017421731594948597 0.0254500522157769
0.04740032206702326 0.051046584877119786 0.053464966742644254 0.05443340645921223 0.05390249233660925 0.051968444377330954 0.04883906002135166 0.0448028513554391 0.040196460923652186 0.03536606356099219 0.030626361821932478 0.02622036587303869 0.02127525308189777 0.015978061000070192 0.011279780110191661 0.007603143192066299 0.004969957377403583 0.0032165826199372447 0.0021032940098603516 0.0013892779369772718 0.0009339926895724529 0.0006468224879082237 0.000467580926541341 0.00035782264279131707 0.0002915750674201632 0.00025154194648945575 0.00023172127289822092 0.00022942898750979114 0.00024494224278313073 0.000283601013894829 0.000360658654457523 0.0005004640564718022 0.0007419875125939169 0.001156963326245695 0.001871475932672208 0.003092549622451312 0.005143658196853748 0.008489946555718084 0.013721063452601281 0.021438675855044626 0.031243985137391902
0.03622695166718163 0.03825551854055567 0.03946152198942504 0.03971898840762993 0.03900626073402615 0.03739677544436025 0.03503884184146571 0.032131579411523115 0.02889921711973786 0.02556491345949955 0.022326852058567482 0.019340485255661996 0.01660487129904938 0.013451335479283894 0.010289512614395339 0.007547906040955872 0.00538950572430472 0.0038002726591668695 0.0026746856172232825 0.0018859629598572852 0.0013519976691554194 0.0010004578975095475 0.0007731942389536865 0.0006293348198262938 0.0005357567416711217 0.0004801102455059639 0.00045621066364874417 0.00046209078834776117 0.0005002202951629534 0.0005786471622445295 0.0007217188438268147 0.0009621271291634804 0.001354073627411204 0.001989492925415237 0.003021508579181915 0.004677870521930756 0.0072815085054330295 0.011243525490455396 0.016999663378965118 0.024852678439617096 0.03470552080393707
0.028337015191885348 0.029363757608861996 0.029835834331253787 0.029686195937375946 0.028911455180513173 0.0275677581426424 0.02575855457599356 0.02361833011713008 0.021295080967734366 0.01893359689200626 0.016661548294114478 0.014580105325467732 0.012759793107140172 0.01108783532432498 0.009186177841377444 0.007331995279210225 0.005718902733100087 0.004415759043109522 0.003388903283977955 0.0026022375076698487 0.0020236871330795185 0.001614043553791179 0.001334240659583912 0.0011379835516834836 0.0010068975609911755 0.0009307841074206432 0.0009035310001958877 0.0009234970244009018 0.0009938575077054477 0.0011262816801912625 0.0013597739518033387 0.0017387786269338792 0.0023298937651862767 0.003235955013403881 0.004623296299638971 0.0067130589506350586 0.009779738374804427 0.014113158167105727 0.019922217095026434 0.027168880437643542 0.03535691662136952
0.022791554644301493 0.023195933650202855 0.023227429282805474 0.02285210657823153 0.022075503294259703 0.020939981586312696 0.019517023775771206 0.017896722379368304 0.016176521901540508 0.014450925694008883 0.012803573812587371 0.011302654958051418 0.00999978561505291 0.00893103393924769 0.007985314028349913 0.00693103526692643 0.00590629435119301 0.004982665328753503 0.004162086148233482 0.003472828621140978 0.002925530644803269 0.0025110494888888387 0.0021888517281301967 0.0019489203951674832 0.0017853740647468723 0.001692783523292499 0.0016682007984947817 0.001712468670364633 0.0018310732236610616 0.00203678323342142 0.0023839811184141976 0.0029300606613229573 0.003746111762591233 0.0049310099092041496 0.006639279995884168 0.009051439935402228 0.012345680557967153 0.016643406084523433 0.021908233727536666 0.027816491235801794 0.033648837840859355
0.018932240366057833 0.01894270616484992 0.01870676087090046 0.018207714665915763 0.017453880201424382 0.016476458866322066 0.015324474335413124 0.014058019259925543 0.012741145224409342 0.011435585862006584 0.010196304611554408 0.009069657026785952 0.00809471835130652 0.007307426609941091 0.006742837382883239 0.006343492972004969 0.0059096213674897655 0.005430771688626414 0.004932330092388632 0.004461812705086568 0.00404394978147509 0.0036659663108366577 0.0033470344917279154 0.003099733120361527 0.002930365131414265 0.002842308341508645 0.0028387895349407883 0.0029248677757487762 0.003108600982868647 0.003401428514698293 0.0038634854480478834 0.004570580248758297 0.005584567222955148 0.006980463869383626 0.008871607891333563 0.011369276690320378 0.014527698082841985 0.018297275110811435 0.02244921186903719 0.02651274313273137 0.030537212395736736
0.016309595028498332 0.016059281334826366 0.01565342959902045 0.01508328033554864 0.014356436231818226 0.013495033602970406 0.012532258878955926 0.011507929764611903 0.010463947201701029 0.009440365514563658 0.008472727092110282 0.007591314076229398 0.006823443996093028 0.006201681711752304 0.005781119664643904 0.005631428925708461 0.005695894468127156 0.005703000860378385 0.005622594063261904 0.005454969199885842 0.005223397849591302 0.004971819192325647 0.004737246403827227 0.004547752914742747 0.004423484924025024 0.004378970864007577 0.004425889512812693 0.0045743822359269335 0.004833397243251562 0.0052120317065772435 0.0057517466101472325 0.006556063278742981 0.007664913703862751 0.009111338247967685 0.01094648487352622 0.013202705112880806 0.015818582434995385 0.018622296601165083 0.021312119651241544 0.02415797570392501 0.027432685876206078
0.014626317080771877 0.0141898118230536 0.013664027852491994 0.013044949270479304 0.012337588287761601 0.01155662953312924 0.010723908821352813 0.009865420517188748 0.009008316762714474 0.008178322835448778 0.007397905797986111 0.006685484020177207 0.006056229149176558 0.005527264519948782 0.005150075358622521 0.005122306463284908 0.005391328580233493 0.005750542845640779 0.006050498852714036 0.006205789621965889 0.006248949929676976 0.006221169847334887 0.006169347799337167 0.0061354907413744275 0.0061442412100100405 0.006215154611780433 0.006363515131481705 0.006600797349993727 0.006934477188541144 0.0073668516411658945 0.00790390980919119 0.008657692138620601 0.009661027271200424 0.010903225478149644 0.012385990770389814 0.014077136107153542 0.015831041918642527 0.017559358028766514 0.019564999165404714 0.02188558557204283 0.024504622494672976
0.013442555353309824 0.01302146092089129 0.01247284438823962 0.01182350242608827 0.011120706569454068 0.010388976917198475 0.009641739718364965 0.008895391110350448 0.008167254966713632 0.007473855295852722 0.0068296716464633905 0.006246467530902447 0.005733231046618623 0.0052969272260693576 0.004938766280930939 0.004966304350600267 0.005322120634869277 0.00570462143964737 0.006107125176716232 0.00652568717598464 0.0068962405653279005 0.007195237997633455 0.007446701806560951 0.007676262793819909 0.007908122222686833 0.008162939419494919 0.008456336388750355 0.008797610075980332 0.009188286313105793 0.00962030594047223 0.01007389454933282 0.010603835877401161 0.011284160031594409 0.01206100088961569 0.012894500832051828 0.013780217271890357 0.014896599433433263 0.016288923208276018 0.017920761992189834 0.01978246220065118 0.021847852520458788
0.012514220912631524 0.012133995097351661 0.011649018547295553 0.011080693806614257 0.010453135294119483 0.009791071982629266 0.009117980975202607 0.008454694977903767 0.0078186032269339 0.007223463050131427 0.0066798100252089205 0.006196092685693904 0.0057813317607751345 0.005446980100445137 0.005220055664005347 0.005232008293420625 0.005472057383415873 0.005807449360451241 0.006198588962945063 0.006655065643625908 0.007166737051621571 0.007722712962041315 0.00830331007552051 0.008849681934939634 0.009359912733675408 0.009843575099744992 0.01030629215534405 0.010747184385347846 0.011156738227204891 0.01151523700727194 0.011792098974734386 0.011965947900053628 0.012149311741424017 0.01240246573947121 0.01279182570795338 0.013370006988940744 0.014152643790347723 0.015161945495324923 0.016431108393298244 0.01795401582579621 0.019659309854093438
0.011810050766671867 0.011467768077985555 0.01103894674911571 0.01054126982270626 0.009994562851517218 0.009419273623254416 0.008835117859869762 0.008260074253679531 0.007709847921548293 0.007197881766338401 0.006736034580527663 0.006336265537105945 0.006003406460016164 0.0057379300498209855 0.005583840920162618 0.005591089790680322 0.005757216090710692 0.006062015097867966 0.0064797852680153 0.006985130486261147 0.007561493655333779 0.008193894140327042 0.008865450561911936 0.009555907777814026 0.010241419773334072 0.010895340236530944 0.01148987320312989 0.011998352940577101 0.012397784391187733 0.012671178553987856 0.012809227732154819 0.012811002422244387 0.01275634382707178 0.01278101411213897 0.012928958603047045 0.013237945223334668 0.013726444123183022 0.014462809227373417 0.01545848043528425 0.016721020339081072 0.01821312400975046
0.011306577053358951 0.01099972673840631 0.010621184290968333 0.010185834224217124 0.009710316789264727 0.009211927027364562 0.008707645354793174 0.008213443284715497 0.0077439772400256695 0.007312772368173191 0.006932275978025553 0.006595085295544097 0.006307437010020901 0.006091485697094331 0.005975104450175322 0.005982832854040154 0.0061566763671159295 0.006487253549800893 0.006946734005500724 0.007513171663104217 0.008168539241430765 0.008894799294979017 0.009670898326301454 0.010471119956625434 0.011264789767166498 0.012017323796424981 0.012692532186196068 0.01325587619739241 0.013678116921386839 0.013938618375044466 0.014027587862911218 0.013946781672487935 0.013710803368795543 0.013468142854849917 0.013353718998758583 0.013460926824997697 0.013809274174591485 0.014384710735033397 0.015179839763795435 0.016190745694127002 0.017414514465682138
0.010987672635306409 0.010714216168686664 0.010381434054260386 0.010002109938178431 0.009590524442280706 0.009161663252860676 0.00873053629360209 0.008311721109220346 0.00791918600500882 0.0075527626350886615 0.007212647480323299 0.006910519974557243 0.006660675674042383 0.006480129544467361 0.006388652688686625 0.0064496136994024985 0.006679304527461031 0.007064922078103604 0.007590956968123943 0.008241605846002505 0.009000278996966492 0.009847335223738287 0.010757661208861903 0.011699064533532722 0.012632051313554951 0.01351134718394233 0.014289236135288133 0.014920352462924506 0.015367066598634299 0.015604272330609214 0.015622417003260052 0.015428067007822403 0.015041999870757517 0.014536863919572084 0.014259955356861928 0.014248727498075835 0.01447148984666022 0.014906693524636028 0.015538687278722669 0.016354607804548043 0.017342205510175467
0.01084433471559839 0.010602797753043245 0.010312502616778801 0.009984672740379516 0.009631860589705271 0.009267386172822288 0.008901924645371937 0.008537267937322965 0.008181605802199222 0.007844169094622301 0.007534913194921726 0.007264863552601419 0.00704623179109756 0.006892172096119119 0.006867693938102075 0.007011414384961439 0.00732026045534131 0.007789588567212552 0.00841236676141037 0.00917879462901669 0.010074989054699541 0.011080683503746561 0.012166679255104349 0.013292988785917524 0.014408604103367542 0.01545366612024464 0.016364373303093805 0.017080195333596792 0.017552038985730052 0.017749370355552047 0.017664355900900357 0.0173119442746769 0.01676723624392777 0.0162404179474225 0.01583640989869447 0.015682000635672544 0.015768747521060913 0.016067278117382556 0.016553917658988754 0.017207538031377333 0.018007567569125377
0.010870597644635514 0.010659214550967475 0.01040567492380236 0.010118257930636004 0.009805480336662308 0.009475987660463484 0.00913849598470508 0.008801792434051691 0.008474798032495186 0.008166684307421393 0.007887005929710407 0.007645754713866045 0.007453155644759714 0.007356147383651955 0.007427864215517754 0.007668457931533813 0.008079189922266635 0.00866161536965961 0.009415492357164457 0.010336748089848958 0.011414869993701764 0.012629589536643 0.013947343023063238 0.015318508082635494 0.016676767108293106 0.017941980454456406 0.019027391079311142 0.019850686101814532 0.02034672206087098 0.020478435033755567 0.020242550716889754 0.019715816973947444 0.019151223380741704 0.018632502441903065 0.018214183791461707 0.01790600488590398 0.01782746408340031 0.017975713571411624 0.018317878474629668 0.018823624142757872 0.019463223924475352
0.010950637289498098 0.010768024843503714 0.010543558804062388 0.010285405487194896 0.010002010519490335 0.009701982242178532 0.009394015476328866 0.009086857264509264 0.008789309314555085 0.008510248586499798 0.008258624697938087 0.008043360752965512 0.0078865188509413 0.007888469742289888 0.00806515384991478 0.00841856003945755 0.008954771568301698 0.009681382483404952 0.010604827036288702 0.011727236791822207 0.013042433450255589 0.014530962925885762 0.016154648150641146 0.017851902651490805 0.019535838826754703 0.021097624131538265 0.022416934355725334 0.023379206355108272 0.023896082946292852 0.02392272002176422 0.023495487544726183 0.022944946059064306 0.022359562770415897 0.021840497657697952 0.021416561401943812 0.02108916998615272 0.020858953309581273 0.02082349429755825 0.021005549171924 0.02136275640252357 0.021853382158446236
0.011026671589910551 0.010875738827010737 0.010683182348110443 0.010456982089823805 0.01020542806649269 0.009936992350876042 0.009660231728414775 0.009383718817475035 0.009115992661199068 0.008865509327134605 0.008640559041418359 0.008449103144934283 0.008372172346022383 0.008479995344689831 0.008772080044010049 0.009255212338118487 0.009941249873067626 0.010844716071091541 0.011979825141961954 0.013356479238061847 0.014974780590723219 0.0168178491248043 0.018843371912971286 0.02097543514210022 0.023099708585876236 0.025066361569390693 0.02670483246868013 0.027851158894968735 0.02838200801923606 0.0282458239313156 0.027774339212462872 0.027196956638232156 0.026578444487088827 0.026036422290822498 0.025590259518327357 0.025250875912381267 0.025021222732729633 0.02489615164564478 0.024894814027930926 0.025089964196242702 0.02543221206901825
0.011092936588769059 0.01097613658075848 0.010817872198680797 0.010625863641664056 0.010408164181696503 0.010173019906497719 0.009928752314341349 0.009683660012580206 0.009445930321553832 0.009223544628438083 0.00902415412879473 0.008873979344762792 0.008899128669668107 0.009118381432580445 0.009536360872049024 0.010165735338500523 0.011025461373324746 0.012138631966580467 0.01352939811810212 0.01521829901117092 0.01721525545871827 0.01950963087884504 0.02205814859437032 0.024777856609438077 0.027517485043799205 0.030062370424643034 0.03215846121007681 0.033558069868099824 0.0340810046113767 0.0338459472818147 0.03335969849988914 0.03268993717601313 0.0320144547464509 0.03140862563226397 0.03091203926799666 0.030549681322462333 0.030330444044605755 0.030248146572037768 0.03028303040553587 0.030403471955384773 0.0305985605348411
