_RESULTS/CROSS_VALIDATION_POSTPROCESSED_80-20/Berg/IZ/9comp/2/Berg_IZ_z_500_kriged_reverse_9comp_spherical_2.asc
ncols 100
nrows 90
xllcorner 5.6208707817415728
yllcorner 50.959635321741573
cellsize 0.00013419651685393446
nodata_value 1.7014100000000001E+038
[rows 19 to 37 of 90, columns 0 to 40 of 100]
0.04250496448377309 0.04377472621485133 0.045134868763441825 0.04651396514260801 0.047835692964659206 0.049022106478909214 0.04999868641031711 0.05070060945829781 0.05107924857705356 0.05110764638389284 0.0507837602828517 0.050130714340192575 0.04919399701924439 0.04803626998624832 0.04673094437477169 0.04535579819171784 0.0439876823885 0.04269894577905374 0.04136877451759519 0.03911994382001497 0.03609460240317736 0.032606139948906 0.028894998683765695 0.02499162739085562 0.02111411028347276 0.01773647659610598 0.015102265526265484 0.01313465080141039 0.01179507841561915 0.010923316091444223 0.01040075685721234 0.010156392551323905 0.01013544198654377 0.010273929398117767 0.010690208753263283 0.01173007344346374 0.014193952624670117 0.01935158275625956 0.028480693929014634 0.04264462207933991 0.06234495469943654
0.04467301004753893 0.046450014449220915 0.04832662076331918 0.050216795333035504 0.05202429153510911 0.05364708739625658 0.05498469634289535 0.05594766676339687 0.05646777160254283 0.056506799074583176 0.05606184289815567 0.05516571516980603 0.05388237116597514 0.052298546754880645 0.0505136432806407 0.04862999725615169 0.046745152815386944 0.04494695142325902 0.043210982094354214 0.040682544047953656 0.037439371303376524 0.033760592395971345 0.02990764864033323 0.026053907189388686 0.022175257549174845 0.018773281528012113 0.01621349150848298 0.014276735015875754 0.012890774637479946 0.012039016037198964 0.011589666775971983 0.011474102048994985 0.011681807233019785 0.012253202169463658 0.013261220481308154 0.015039151433262227 0.0181939412608258 0.023529416560344976 0.031761162243804535 0.043137866191168245 0.05707756021837913
0.04742218921165855 0.049801885101758696 0.05230672495394882 0.05483202208528089 0.05725486584524202 0.05943972726954937 0.06124877137305371 0.062556165364916 0.06326414516326052 0.0633173240565225 0.06271147152865872 0.06149420327054553 0.05975737408418346 0.057623412778701914 0.05522927787910929 0.05271167828134768 0.050223517964845504 0.04805314778305522 0.04619978137341571 0.043748959424712325 0.04044475480952349 0.036589071073059865 0.032477021236632465 0.028367499825240623 0.024483161408442068 0.021077040360268362 0.018459691090076773 0.01647395128720583 0.01498271767623734 0.014013283534467715 0.01355455429709002 0.013567635470706482 0.014061975479693855 0.015061833640949419 0.01674004418737301 0.019331874799096184 0.02323068084331476 0.028896035736348115 0.036531420445606755 0.04572791181643029 0.05527253378003822
0.05074916356378357 0.05384997231401831 0.057124464742277635 0.06044531479414588 0.06365488446880394 0.06657159718306056 0.0690040169256902 0.07077226005214036 0.07173353597923444 0.071805848569541 0.07098290319859317 0.06933528915103046 0.06699752982655952 0.06414533322031316 0.060992125049415966 0.0580652526985227 0.055489127117265113 0.05322695211944386 0.051250193484152155 0.04890655624463468 0.04551417950735908 0.041400603252985176 0.03690495083156692 0.032341185813264006 0.02843619275817287 0.02499158273847131 0.022210147928991408 0.02010137965458026 0.01853477021845744 0.017435545154319092 0.016900497763173157 0.016959210940315064 0.017647742062162103 0.019093737413549017 0.021471648035511413 0.024941813227831535 0.02978718678843943 0.03606752966106086 0.0435226496344332 0.05123715530055899 0.05759099321231131
0.05463957471125299 0.05860300597714077 0.0628210690899738 0.06714077388523712 0.0713607979474422 0.07523728863651542 0.07850210408477659 0.08089447740246518 0.08220196041207657 0.08230051636671437 0.08118056375836061 0.07894906663887073 0.07580683649437958 0.07225001923458668 0.06899561839147562 0.06604473595134802 0.06337201569059002 0.060953782992064845 0.05876772383322407 0.056495983097061594 0.053036079640426885 0.04861053756085725 0.04361194611940224 0.03860849567926984 0.03458741309769024 0.031093015075963543 0.028037452360809585 0.02573010746824485 0.024048071419588445 0.022920316559653413 0.022325539109943136 0.022431222680840836 0.023353154303563255 0.025220433510673306 0.028264751364782622 0.032794943894034305 0.03878571296610656 0.04605509074634448 0.05398247982914604 0.06116599956597986 0.06578957273470491
0.059056742211479205 0.06404479083465875 0.0694133084028699 0.0749833357514987 0.08050141683969167 0.08564153840875326 0.09002650813975979 0.09327364184036208 0.09506080161617181 0.09519588026596769 0.0936639182708711 0.09063094549960586 0.0869832302456412 0.08353221592197632 0.08028487968314443 0.0772490734070455 0.07442366635943191 0.07179620058713322 0.06934598793677002 0.06700598952303044 0.06358009236765622 0.058841551142990875 0.05324193094092424 0.04794736588036848 0.04379372932390453 0.04019240599214059 0.0368608624037761 0.03426844132869429 0.032427424426915756 0.031281961110847356 0.030825550792723366 0.03110004702748967 0.0323383256216774 0.03481245411513149 0.0387469238548489 0.04442518654126103 0.0520938981019253 0.06116760233336061 0.07035324812267407 0.07797369943540874 0.08226772518749892
0.06392839324328306 0.07011614793590866 0.07687034229255982 0.08399148771642977 0.09116931777771657 0.09797391435278989 0.1038753207624457 0.10830608865223905 0.11076773253081555 0.110954472225852 0.10884223720543096 0.10557222022923449 0.10221771626355364 0.09884994367529085 0.09555095781742097 0.09238089753785397 0.0893659153650972 0.08650018949492647 0.08375527783339137 0.08109234961519121 0.07787590608766636 0.07292406372384602 0.06677979322181997 0.06137335385058365 0.05715689718107275 0.053537746167214795 0.050093614685692595 0.04710111727518034 0.04504120016928268 0.043884784458788795 0.043660540348434786 0.044454836836472125 0.046415283323643454 0.049805729204026566 0.05512018585052804 0.06265939192017021 0.07258086315405457 0.08466905460144204 0.09697830824588985 0.10660860861202806 0.11147153666623381
0.06913236172810518 0.07669319338903251 0.08508279198528759 0.09409684488134865 0.10337538582415669 0.1124171339365535 0.1204743994961878 0.1266516517558051 0.13012019693747442 0.13035771880669952 0.12828283314948027 0.12554733302574192 0.12236488725488928 0.1189928469820955 0.11557607335558127 0.11223892466406742 0.10903573877757022 0.1059558778071668 0.10294451357223716 0.0999251739805354 0.09675369817076074 0.09186737753051004 0.08552720453446351 0.08022392287908586 0.07614742286880988 0.0728004424480691 0.06953845518745876 0.06627356235995621 0.06388105526070781 0.0626900735902686 0.06279056972016528 0.06434627163173573 0.06760263376907497 0.0728903270204479 0.08060487608119395 0.09123309019170349 0.10517818974421442 0.12199009418135606 0.14001540962175815 0.15426779588761272 0.1603451838414011
0.07448370465285933 0.08356969383892855 0.09398726264851291 0.10560847293887558 0.1180051181901156 0.13043320324894983 0.14178977556250852 0.1506892886621998 0.15574488224835903 0.15673292338775047 0.15578402779742795 0.15324666518048108 0.14962343361224428 0.14550625549677376 0.1413884191988289 0.13760106682251197 0.13425854168469895 0.13109557010460854 0.12796701707730856 0.12472052960919226 0.12120145869355584 0.1167625065520362 0.11084962078875349 0.1060920136242777 0.10252680702773509 0.09989923259761074 0.09720358145172846 0.0944917235568377 0.09161296186394488 0.09028868545725356 0.09077407776003873 0.09334033290271562 0.09839370429516874 0.10651415529806313 0.11839713206919915 0.134788375670187 0.15617913381988752 0.1820713850388802 0.2098806640597151 0.2331386255669999 0.24080015306975483
0.07996005382389154 0.09120279056809794 0.10441061521987455 0.11946598072925989 0.13595346319047735 0.1529967829414029 0.1691015017757164 0.1821375510463995 0.18993541563734068 0.19380885815034754 0.1940782503065811 0.19124995479018583 0.18648793046910483 0.1809466648858925 0.17545235793613229 0.17047929182981514 0.1662343470302636 0.16274708437007393 0.1598114233948465 0.15668802167754903 0.1529685139531663 0.14830188640990244 0.14353150715384835 0.13985000574788306 0.13730979520780692 0.1359793314692115 0.1345689410351992 0.13318536253798852 0.13083395609934284 0.12905697456522724 0.1298459526840014 0.13366630372816996 0.1411557119489126 0.1531861732827824 0.1709117345557857 0.1958742759058051 0.22977998461604537 0.273151360566647 0.3222302814963428 0.363276671443102 0.37286294729058544
0.08611497179470712 0.09986206031237249 0.11630228341896631 0.13547511123770517 0.15708460198521243 0.18023867823093018 0.20308829932423378 0.22249116936979593 0.23650199979351993 0.24471063708775692 0.24585813631788322 0.24152964067928528 0.23435741271235488 0.2264264258255651 0.2189464038438762 0.2124739132614272 0.20716503040078485 0.20294102848798637 0.19948001044954128 0.19624941522576955 0.19238169778280007 0.18703819850071005 0.18333171461038358 0.1818066474694654 0.1811758109622361 0.18177543581941044 0.18265591503214584 0.18334017842550734 0.18296720477516804 0.18146309513580064 0.18186201646238548 0.18652906881301978 0.19642185737278306 0.21288579658788714 0.2378342499887342 0.2739467649660885 0.32475403084773496 0.39443210292261266 0.4838276256968964 0.5704106651852445 0.5794368918647114
0.09275491537685529 0.10920134194933712 0.12920108816405956 0.15303345004858104 0.18066591097537138 0.21143039225893415 0.24344137190301457 0.27316086439522325 0.2986173912451524 0.31279470764674094 0.31311128896768403 0.30465744404681644 0.2931303079187739 0.2817113105272146 0.27175412592386683 0.2636828800526768 0.2574465249873535 0.2523293496538399 0.2478751108720179 0.24373441633820347 0.23947496037624222 0.2341541887897694 0.23069566186887502 0.2315936796221183 0.23400401568947132 0.23712461687752914 0.24112906060204004 0.24457006869904502 0.24684736359971288 0.24732554344331112 0.2477876725841701 0.251873708395768 0.26296042427244204 0.28279450698591263 0.3139497596598381 0.3602856780720549 0.42762109669378545 0.5246864077825156 0.6641795009312721 0.8577406679934683 0.8636088371228584
0.09960379271214496 0.1188015910894061 0.14244912570128015 0.17110869582977023 0.2051257877455785 0.24432891500091136 0.2874236560013723 0.33350134043966345 0.3781386900471454 0.40034284426098143 0.39420430785576466 0.3772917709359874 0.35961627002880875 0.3442348990077017 0.3319110591945431 0.32250693975339767 0.3150300048566097 0.3091033043289777 0.30430278940765493 0.30002065817643886 0.295488105863495 0.2898705063926324 0.2872659506326561 0.28907695930352806 0.2942689022955101 0.30051062518336347 0.3074051252505676 0.3139782835192747 0.318903166348376 0.32114482498620817 0.32311644027502395 0.3271735564130656 0.3367312933262953 0.356763776783646 0.39003633193165077 0.44045746184530343 0.5137395604220998 0.6177703851568798 0.7608630597711229 0.9281708212338937 0.9130396813463209
0.10666052729688452 0.1285430581388402 0.15568387935277866 0.1888484802274519 0.22863863394085326 0.27529533130207545 0.32858314834085656 0.39336549035559254 0.4687663897130531 0.5026597918216553 0.47637144269233433 0.44939958003440356 0.42676231803911435 0.4088298720737102 0.3951523437733511 0.38446243448614215 0.3764537598841918 0.3707770530360829 0.36685694803443675 0.3638371802815611 0.3605391468736251 0.35549759752577187 0.35305009782147345 0.3562856120627131 0.3615552503213149 0.3684045600767198 0.37658404470430984 0.385363135603988 0.3918443901549753 0.3945295971303986 0.3965338395710539 0.40076717723748323 0.4098057048352 0.4261766309240106 0.4549967622089937 0.4998874669066181 0.5634981378886976 0.646755746052292 0.7415184059713754 0.809604352088701 0.777359727694163
0.11367684765155324 0.13803060632710026 0.16826823157587112 0.20519417559580286 0.24935750536708481 0.3007902552295362 0.35984557225780345 0.43243508712987583 0.513460447730371 0.5519631275643235 0.5318706568702887 0.5073015758879229 0.48601232757276736 0.4689378846463703 0.45515719244241004 0.4447145159982447 0.4376351897061149 0.4336836815225702 0.43230708936146434 0.43252066462112676 0.43275684043793566 0.4307592235707967 0.42913429531263103 0.4330206944339867 0.437935578746589 0.4408507114374696 0.4434478510776784 0.4492261675438343 0.454867000018479 0.45558382525787605 0.4552405140431387 0.4570955734984992 0.46371003048828213 0.477121557596681 0.4989489654955815 0.5303733331281683 0.5731185607846383 0.6235274299994024 0.669069162050865 0.6853546916780495 0.6456941355451513
0.12037906125237322 0.14686499890057533 0.17960928680651994 0.21925394848217403 0.26593198497069637 0.31879854407781794 0.3781187793668738 0.4464738741996422 0.5118786171262232 0.5502676770286892 0.5552909999416433 0.5452612151384519 0.5319272452598581 0.518593932290635 0.507137092628877 0.4987986711525079 0.49418622680292895 0.49346366070231806 0.49635366976323086 0.5019915640789875 0.5086264782141742 0.5132066949743933 0.5151612881132098 0.5198626161093993 0.5225305441881811 0.5179441847336205 0.5082546811535608 0.4999740959772862 0.49590665982981347 0.49118125156614795 0.4861592464215656 0.48336397263601566 0.4849552629004648 0.4922671913036367 0.5058762877784365 0.5253594749346333 0.5485933643895059 0.5705442928318207 0.5823363148789809 0.5737374227815143 0.5311711474646698
0.12655712568148395 0.15477840549987779 0.1893925398827568 0.23073473339428738 0.2783237261604031 0.33025316811420846 0.38706290106146846 0.449136512512545 0.5063441249481778 0.5462162476024828 0.56452036424437 0.5677066516847166 0.563127858842503 0.555449519728788 0.5480091197299645 0.5430609558178783 0.5419615109843167 0.5454738869635154 0.5538508273778604 0.566699520604178 0.5825552851343251 0.598023206279455 0.6085559238779509 0.6169802021756485 0.614111231521809 0.5956152504864056 0.5658857441298079 0.5371951134660504 0.5140880062881563 0.4962388699241681 0.4821245115814614 0.4724765503197593 0.46800443022357335 0.46834963090122983 0.472933149321184 0.48057059666140833 0.4888061746490419 0.4935814747591711 0.4894990408822666 0.47285489385990265 0.432303888451017
0.13207209290748126 0.16164089289252276 0.19757181773194882 0.23985391366923162 0.2874104314770998 0.33751344122215043 0.3914708439482945 0.448791349091643 0.5018532546837479 0.5428104135481351 0.5682074616380095 0.5799733305355538 0.5817892999092411 0.5791067449819942 0.575918697184607 0.5745690944846317 0.577057635357017 0.5847890805266786 0.5987098974128002 0.6192533361359984 0.6459416196086432 0.6762704066627216 0.7032814498653019 0.7222333129279483 0.7116165723555931 0.6656510488865532 0.6058242353547733 0.5520381108439529 0.5084965546838327 0.47504206515452735 0.4514866975711629 0.43428770763630253 0.4225007160043324 0.4154249632246594 0.411930897897374 0.41040879689483445 0.40867672420257983 0.4040200899432452 0.39417487319658023 0.37746134267344306 0.34454628018502065
0.13684080663152498 0.16741806340347687 0.20425849481727087 0.24705823942289148 0.2942927961858229 0.34278187319662456 0.39441174095650966 0.4485403175394577 0.499091369339741 0.5402219328790158 0.5688927469368298 0.5844712230713559 0.5899478585248449 0.5902075371295967 0.5895042679665229 0.5907074466234492 0.5956160975655823 0.6061344705035736 0.6238536542436538 0.6501331021693585 0.6859751785277725 0.7313918437723395 0.7830157193646039 0.8294588222158702 0.807391891184299 0.7089249842157492 0.6119857608499366 0.535283215485972 0.4761299611490235 0.43185069825349065 0.40014969954192153 0.378528571287152 0.36306394559464317 0.3518495747328627 0.34364323729267177 0.33703152015709525 0.33042784797083335 0.32217478352157963 0.3121285988005458 0.2979714114328671 0.27258793238004086
