_RESULTS/CROSS_VALIDATION_POSTPROCESSED/Berg/IZ/4comp/2/Berg_IZ_z_710_kriged_reverse_4comp_spherical_2.asc
ncols 100
nrows 90
xllcorner  5.6208707817415728
yllcorner 50.959635321741573
cellsize 0.00013419651685393446
nodata_value 1.7014100000000001E+038
[rows 36 to 53 of 90, columns 41 to 81 of 100]
0.08144392705973891 0.06252100398836918 0.044108435811472 0.029015801611809756 0.018060612587215634 0.010789552495353884 0.006264101752196375 0.0034689956375263554 0.0018510674454575592 0.0009656416515319944 0.0004999435931941307 0.0002610434537920244 0.0001399333533152187 7.862542434985988e-05 4.749600095798714e-05 3.1661626761963734e-05 2.393403944287866e-05 2.0646046761495235e-05 1.963545577163109e-05 2.0188840629436663e-05 2.213617056437027e-05 2.5749494821130292e-05 3.1810259399574387e-05 4.1924316081481606e-05 5.9379618768361136e-05 9.018583645855966e-05 0.00014457063181356908 0.00023942856661298968 0.0004010329016964335 0.0006666795020026921 0.001082643702740804 0.0017115360675562304 0.002636521548221807 0.00392278453675556 0.005601729910424669 0.007741608993000136 0.010508691794344082 0.013829338863211076 0.01740944125015752 0.02078461033976006 0.023342932313016405
0.06279898848357336 0.04804312599278508 0.033849928948089476 0.02223285585578728 0.013790704127267047 0.008216315116335474 0.004717670441510577 0.002564105579531993 0.001337176530653762 0.000678819257491332 0.00034049829337391225 0.00017144274724691585 8.744440555458943e-05 4.5599466922987804e-05 2.5182891845257662e-05 1.545669753929629e-05 1.1156041135652933e-05 9.538750186380453e-06 9.225774366062554e-06 9.680277896209488e-06 1.0799079017576514e-05 1.2777495738723204e-05 1.618152518738052e-05 2.2325829779982556e-05 3.396016227394992e-05 5.6072761101207796e-05 9.726684077352926e-05 0.0001716983660876283 0.00030524949142281884 0.0005360166850118339 0.000914852271868606 0.0015030037072384476 0.002392573810589522 0.003669835503641732 0.005385917618812735 0.007602983080394472 0.010525746179502159 0.014197480880636376 0.01832846541024825 0.022370433999337937 0.02554307461140115
0.04924736825819817 0.037550859925491474 0.026400893819969618 0.017304779258769873 0.010707123159836669 0.006389377882095165 0.003633003548886164 0.0019476639172411878 0.000998303247408905 0.0004962477215036421 0.00024013609148164047 0.00011238206455801588 5.217160818211611e-05 2.4693232030041474e-05 1.2298473916373496e-05 6.793542266663074e-06 4.622291604681371e-06 4.034818242001608e-06 4.067370036482307e-06 4.379878227464993e-06 4.938801304578613e-06 5.856769101590607e-06 7.45919047738201e-06 1.061626501082569e-05 1.7340321598627838e-05 3.188753837681362e-05 6.272156322742607e-05 0.00012510644702519187 0.0002426205028513532 0.0004486585341924542 0.000799899247841704 0.001361781260241418 0.002226258615080985 0.0034988480846105926 0.005252279342156364 0.007548679374973706 0.01063081840321891 0.014616881777317898 0.01934941056032601 0.024172669960800554 0.028066432538900527
0.03941665598249368 0.03001086004310919 0.021080269237147963 0.013794833890883174 0.008545829828048926 0.0051123645117583895 0.0028907024434911503 0.0015375373308364683 0.0007783967398670979 0.00036709423002148476 0.00016290667158480845 6.994486272526394e-05 2.9880779917980396e-05 1.3040355300967245e-05 5.945836129432888e-06 2.897319308296709e-06 1.7507040452246992e-06 1.7057137636766282e-06 1.8126276693414836e-06 1.9857106592865437e-06 2.2322969378513723e-06 2.5997475408137652e-06 3.2325993845505922e-06 4.613925059854879e-06 8.10585920410664e-06 1.6973605819692594e-05 3.842773139326831e-05 8.742649902391278e-05 0.0001913604723845698 0.0003913642580868503 0.0007320469721473359 0.0012807889523721687 0.0021327334995970737 0.0034072882630705667 0.005195147869730004 0.00756695522401923 0.010794731936992305 0.0150687243085401 0.020403621861068175 0.026172520490482378 0.03100612387856288
0.03233708971782437 0.024627489529885506 0.017307574090496203 0.011333568641762238 0.007055547190065621 0.004238516206197115 0.0023969110370830587 0.0012626547646956462 0.0005989477960637697 0.00026028304211134196 0.00010657744456929435 4.239477377843261e-05 1.6931368411060394e-05 7.0164936368540174e-06 3.104414325397772e-06 1.5054029048033495e-06 9.185455117764455e-07 8.530875047408007e-07 8.929426865256309e-07 9.71944538447524e-07 1.0794795837841477e-06 1.2192588031648278e-06 1.4239440926380887e-06 1.9000538348658905e-06 3.628041066614516e-06 9.05894203880327e-06 2.3816983622610117e-05 6.125860561834421e-05 0.00014930226266063885 0.00033718426110809703 0.000691981967492835 0.0012670077397860572 0.002119450134153038 0.003397116201960009 0.005207557999467641 0.007638810298562813 0.01097122246137517 0.015457209466534776 0.02127239579916861 0.028108357884775097 0.034425915683302596
0.027292214523106897 0.020835125994320455 0.014666376105048165 0.009638002810667783 0.006047728946728062 0.00366081155446427 0.002058564176688879 0.0010158480251040622 0.0004473124642942495 0.0001804829607399557 6.869884508712152e-05 2.5516651735017548e-05 9.637262844171458e-06 3.898353396649392e-06 1.7907248739487163e-06 9.61040845581781e-07 6.410875068678688e-07 5.47405655068403e-07 5.460425624453475e-07 5.854100461047449e-07 6.455912057711671e-07 7.178806316216772e-07 7.964098229374329e-07 8.860293026016854e-07 1.9087353911339233e-06 5.593716266064473e-06 1.6074367648175303e-05 4.4776508476352426e-05 0.00011847463828375971 0.0002896892943378531 0.0006428323789877895 0.0012715951209263691 0.0022080802069199723 0.0035040960678791554 0.005316031763034473 0.007745759969732811 0.011108266222787122 0.015638533038190155 0.021571831954090383 0.028950944912215133 0.03727651558484936
0.02376525842778843 0.01822017821798365 0.012853774143621835 0.008496185215218832 0.005385626157626793 0.0032701074078730417 0.0017348491939813836 0.0008014294053785738 0.00033052017968755834 0.0001249173913794402 4.453647263272901e-05 1.5587523742824136e-05 5.722663410110519e-06 2.3554262093849015e-06 1.15391424392223e-06 6.809916832583609e-07 4.86224432491e-07 4.1573942692058084e-07 4.0831845079884496e-07 4.3764591806295574e-07 4.90580667599919e-07 5.637648450908551e-07 6.681302665186592e-07 8.984534181246738e-07 1.7889325331286672e-06 4.746770644312922e-06 1.3296410362016106e-05 3.687515788606906e-05 9.880211855239339e-05 0.00025174670831952707 0.0005933920877104421 0.0012491652474963095 0.0023073652012032034 0.0037409414684394667 0.0055564359640937686 0.007949037234026363 0.011202156361233267 0.015535059751788574 0.021084173626167317 0.027654178265927993 0.03366855379472296
0.021394940722751218 0.01647668267610981 0.011636333368163962 0.007750951797653421 0.004963258764318548 0.0028749209040710775 0.0014416700264067402 0.0006298009962627766 0.0002458845087641681 8.805010871383207e-05 3.044230904087182e-05 1.0574770922373005e-05 3.81835716013508e-06 1.544149415572812e-06 8.107677182865348e-07 5.319768554479602e-07 4.069759556012532e-07 3.5894209516205856e-07 3.585951664560526e-07 3.94225559207495e-07 4.610547134845066e-07 5.655734325677117e-07 7.429476344057812e-07 1.132259308798297e-06 2.1818625713890474e-06 5.147704439521736e-06 1.3377645504057188e-05 3.558264903705054e-05 9.306460584990726e-05 0.00023353811272441415 0.0005525263189601481 0.0012113546515751636 0.0023504523302420835 0.003999117167654986 0.005929789456864241 0.008263843248677384 0.011341212731259438 0.015274690655366359 0.020074149927170545 0.025398774546376787 0.02980216304187759
0.019938342275278225 0.015319911591862601 0.010805366831799366 0.007280678737194864 0.004538978463027985 0.0024923778095625876 0.0011947227168495316 0.0004995711642221348 0.0001876652424841066 6.733105143134327e-05 2.372879732140511e-05 8.383969335771904e-06 3.0227494919596336e-06 1.1327261081035907e-06 6.649089200097193e-07 4.747283398274004e-07 3.807184846546632e-07 3.4673032814529183e-07 3.5771896115828536e-07 4.113586487806995e-07 5.106650489327747e-07 6.697505287215502e-07 9.444613581011669e-07 1.5160035439486932e-06 2.8818110584089867e-06 6.370203241232502e-06 1.548116095725155e-05 3.909363225157148e-05 9.837617818488241e-05 0.00023957117852738398 0.0005527131354179833 0.0011884024973693632 0.002349752281006121 0.004151888150071102 0.006372463827078524 0.008698611438837248 0.011553250629784484 0.015027796988261207 0.019018184286552293 0.023188467472910763 0.02657141927618125
0.01881670420667864 0.014235152908650362 0.010151880144312375 0.006875592239433641 0.004094840362150352 0.002151313989703046 0.000997146336693446 0.0004068356483812854 0.00015614768534543956 5.797515759180434e-05 2.1248123340719606e-05 7.82549663396897e-06 2.9849541037226206e-06 1.2847080894694589e-06 7.142032193358821e-07 4.93873226905124e-07 3.966957251084168e-07 3.6684596670253755e-07 3.905284570210751e-07 4.747704260433261e-07 6.358400663366796e-07 8.811040480815977e-07 1.2846224944186528e-06 2.107170250525555e-06 3.9814882532219256e-06 8.498714442803997e-06 1.9699607317696386e-05 4.746964850907358e-05 0.00011450925052322732 0.0002684671068768697 0.0005980135107374069 0.0012433367021851159 0.0023797126190219786 0.004214381504118465 0.00667041960116857 0.009264878602504394 0.011864847791777605 0.014870472140568169 0.018128989767404183 0.02133885012946024 0.023846148238786873
0.015968858292396294 0.012870842386306067 0.009576100546404053 0.006382790122258142 0.0036786436316604515 0.0018689430169421836 0.0008500086031973707 0.0003583076124245779 0.00014366829599666005 5.584994143314314e-05 2.1365484995989888e-05 8.256577693753715e-06 3.3821482856157674e-06 1.561036109085574e-06 8.601734749137046e-07 5.704778290740868e-07 4.4718207676867247e-07 4.1156116419895555e-07 4.4561442867008184e-07 5.681751496912009e-07 8.427418479535053e-07 1.2085240321815148e-06 1.7741665879161628e-06 2.9740830170857326e-06 5.6610507385005115e-06 1.1922543427244397e-05 2.6842636164699056e-05 6.231460406779574e-05 0.00014435268632748875 0.00032468019398057584 0.0006936340636330683 0.0013828327822783038 0.0025383907892960714 0.00431614244441794 0.006837965955707407 0.009778771358432314 0.012289044350359705 0.014830243229850909 0.01743357502212858 0.019849847111774045 0.021590839745989274
0.014033427868922093 0.011754231139922364 0.009017633824205392 0.0059025448276757795 0.00332884110437393 0.001653942878648552 0.0007742868454511223 0.00034358491054648215 0.0001445658933635678 5.856727272579662e-05 2.3377234643849462e-05 9.513976010979094e-06 4.1099352887169375e-06 1.964737937519599e-06 1.0787990676537443e-06 6.938425141317659e-07 5.263018967990295e-07 4.737265506187022e-07 5.095224839330175e-07 6.544964993686643e-07 9.711371164362644e-07 1.4880879892742023e-06 2.3748413903276003e-06 4.201596367246789e-06 8.22897786138217e-06 1.7424001351810548e-05 3.867616512103428e-05 8.728087591454561e-05 0.000194744718177731 0.0004194890484773475 0.0008552452524258657 0.0016236039630845478 0.0028377950445551653 0.0046027374392854075 0.007035655026366139 0.010122370903552672 0.012821270740978021 0.014898254650814305 0.016901114789117683 0.018633831667951007 0.019713472002160753
0.012763205062464523 0.011056301739848453 0.008535926909387532 0.00552134744948436 0.003071894888836632 0.001549824046090338 0.0007548049000450884 0.00035155046884674437 0.00015487919779260743 6.564651650432058e-05 2.7445353749929373e-05 1.1714988086020107e-05 5.257429011813669e-06 2.559990596015016e-06 1.3933676807376966e-06 8.684790395654409e-07 6.324109484092929e-07 5.482112369089113e-07 5.743572330882357e-07 7.268261502115145e-07 1.0743483366995527e-06 1.7610652036712766e-06 3.124150930341302e-06 5.990664169962235e-06 1.2302468665443248e-05 2.6575180841345695e-05 5.877149221530676e-05 0.00012969383831629657 0.00027913590028721925 0.0005745729210026975 0.0011125591185333493 0.0019982992384842153 0.003305564155855843 0.005110775741951975 0.007500291134392056 0.010402247488868439 0.013311935083338123 0.015042923280984569 0.01647970610772682 0.017602333854918387 0.018094568660736114
0.011997554276737772 0.010716822059427816 0.008217914985844463 0.005262273945386166 0.0029206158713446133 0.0015285803185857852 0.0007714592343947544 0.0003770858951348145 0.0001750105617655755 7.795681245915876e-05 3.4281462116520085e-05 1.528430514818378e-05 7.067422728575355e-06 3.473837415136808e-06 1.861751006091889e-06 1.1166994769376327e-06 7.714754326764036e-07 6.340406324833836e-07 6.391797150722841e-07 7.995156422825639e-07 1.2147356997557054e-06 2.146502841249474e-06 4.210062860241741e-06 8.832276782383897e-06 1.9244829210078992e-05 4.274455060613707e-05 9.460359902501084e-05 0.0002043726891213533 0.0004235043335929824 0.0008295146671439826 0.0015165628795248476 0.0025596401228946096 0.003989479693538078 0.0058898287634715826 0.008258799542782823 0.010944380644627804 0.013636894858012826 0.015218027995351869 0.016110549352663064 0.016674507009913537 0.016639496948404657
0.011440153053858574 0.01037982516430349 0.007915770153285802 0.005030508870678537 0.0028751796010241778 0.0015688100267054032 0.0008245947224449606 0.0004213858975056868 0.0002072350300295529 9.767176946278358e-05 4.532418146469172e-05 2.1109882488215666e-05 1.0040358861074334e-05 4.968316460705387e-06 2.6112033383205127e-06 1.4947577487834001e-06 9.645185248484597e-07 7.359340273293692e-07 7.029728619753517e-07 8.73262469010523e-07 1.3998418164513015e-06 2.731712983340918e-06 5.998573821091593e-06 1.3869985645112475e-05 3.2264299577900174e-05 7.367479433728529e-05 0.00016271667167749122 0.00034242430318013266 0.0006788255799698217 0.001255985299994427 0.002151382552594206 0.0033871647824251865 0.004991409512552903 0.007010053740263635 0.009348057496352702 0.011787439611727214 0.013993205934527799 0.015367402452702073 0.015733886468575577 0.015779122162629902 0.015312531780766313
0.01096900522949078 0.009958324556808854 0.0076059427744797495 0.004886791230568882 0.0029236881158580296 0.0016703233377670333 0.000918729731043773 0.0004905644328832208 0.00025560920452923395 0.00012850005780528853 6.326771950792443e-05 3.09422583934797e-05 1.5217188361225614e-05 7.619132199319984e-06 3.9386845312099735e-06 2.1436947218684486e-06 1.2703607888538715e-06 8.716243009372954e-07 7.635141639640981e-07 9.405044703107183e-07 1.6507226557579978e-06 3.716231817328644e-06 9.369209366849613e-06 2.4031630040866715e-05 5.950104552120441e-05 0.00013862179745472114 0.0003020331592732969 0.0006118500438190017 0.0011469873068394854 0.0019829672636779263 0.0031508666274828985 0.004620421368085109 0.006444796926164042 0.00856412394820305 0.010811301672777506 0.012920994941420993 0.014563285004692608 0.015412906012707601 0.015292868092152474 0.014856073284061556 0.01418219973853415
0.010565080534629113 0.00957673987786598 0.0073038573287214775 0.00486446554078601 0.0030577924225804872 0.0018368483015680846 0.0010623309126480372 0.0005959198132639942 0.0003267146775758877 0.0001765023051450555 9.299601138113611e-05 4.825227119842721e-05 2.484918431810311e-05 1.27801089811137e-05 6.601108584131603e-06 3.4524335957928417e-06 1.865925366120835e-06 1.103868120021879e-06 8.256623244231617e-07 9.910983515884856e-07 2.0502146478408942e-06 5.719026652267355e-06 1.697529379759591e-05 4.7985875586668235e-05 0.0001240550119029475 0.00028955228477947056 0.0006096767797172608 0.0011663652138322255 0.0020330274488626976 0.0032373754750343654 0.0047267673786821115 0.0064974085526340545 0.008522582189959032 0.010658893823197834 0.012683435699943981 0.014316372937865954 0.015273872798859308 0.01534287162306335 0.01473763687218819 0.013950608866222179 0.013221331545738768
0.010208587437707972 0.009279420477025232 0.007093969780035571 0.004934223064082671 0.003270423087206581 0.0020742328429025677 0.0012674556336972015 0.0007512116745091756 0.0004353580773300344 0.0002511350765278024 0.00014316680989048762 7.996654104852601e-05 4.397341666099088e-05 2.3842857312731995e-05 1.2722453646871122e-05 6.646231408689093e-06 3.382704713961013e-06 1.6988990592316006e-06 9.44707238993013e-07 1.0219542451794675e-06 3.007853275153513e-06 1.127034899487619e-05 3.8793793510377367e-05 0.00011579891969875917 0.0002994010114254649 0.0006756525743633557 0.001339616189198002 0.0023589448797928995 0.003742024706244543 0.005406568022689744 0.007277502668224784 0.009327782218511037 0.011432077220235894 0.013392350239195626 0.01496631169029648 0.015907862926139466 0.01602541765321836 0.01524188361593468 0.014055101222542771 0.01316728273565649 0.012402379261995706
