_RESULTS/CROSS_VALIDATION_POSTPROCESSED/Berg/IZ/4comp/2/Berg_IZ_z_125_kriged_reverse_4comp_spherical_2.asc
ncols 100
nrows 90
xllcorner  5.6208707817415728
yllcorner 50.959635321741573
cellsize 0.00013419651685393446
nodata_value 1.7014100000000001E+038
[rows 38 to 56 of 90, columns 0 to 42 of 100]
17.88962795257708 17.881449042971088 17.85734004453802 17.81854153817376 17.766989680110406 17.705151419815497 17.635845304139966 17.56207620540921 17.4869015572157 17.413335453017634 17.34428873136421 17.28253881532075 17.23072182714778 17.191340101011356 17.166779596204798 17.159243744911578 17.159243744911578 17.159243744911578 17.159243744911578 17.159243744911578 17.159243744911578 17.159243744911578 17.15920879468873 17.163547220856582 17.22017455325201 17.32112806946293 17.45806128212395 17.627549287741047 17.825781606716447 18.048396287994695 18.29029597783961 18.545452927368583 18.806719821193482 19.065680508120117 19.312601754596585 19.53658312278621 19.726034573770534 19.863530308451303 19.89141480804698 19.81172296019535 19.66436378744001 19.455755722937973 19.19481166557566
18.08193307942868 18.072023988460476 18.04284175809803 17.995955388786697 17.933778918964997 17.85932831150375 17.77596974078176 17.687201935550554 17.59649390462832 17.50718061191145 17.422407950189285 17.34511433724043 17.27803679013514 17.22373184578927 17.184604537559547 17.162941044591847 17.159243744911578 17.159243744911578 17.159243744911578 17.159243744911578 17.159243744911578 17.158635546633576 17.154739233977235 17.14793894398277 17.161996279791943 17.214513572981776 17.300935555553693 17.417528446217926 17.56020794063525 17.724398571254255 17.904890659783 18.095709342219436 18.290021214024215 18.48011987683312 18.657551013688902 18.81345440471317 18.939197664207306 19.009262193047963 18.9738602907691 18.850022832482864 18.679208979178284 18.468597979056593 18.225588283809895
18.292433077569676 18.280490951474356 18.245379684063998 18.189137355513612 18.114841318532516 18.026239464974697 17.927392572837192 17.822390788365492 17.71516528247864 17.60938617228827 17.508424846239024 17.41535799878601 17.33299537746567 17.263919006529516 17.210526460259132 17.175074130471383 17.159718547115688 17.159243744911578 17.159243744911578 17.159243744911578 17.157984302998454 17.15246694364485 17.14334419311402 17.131485515878875 17.11095312762922 17.114167866348158 17.149645106587506 17.213431088727972 17.301275633844142 17.40851486820236 17.52996206765435 17.659824890532523 17.79167783564869 17.918532008932434 18.0330582692154 18.128028769087614 18.197032214661228 18.203191212888825 18.112441065396766 17.947565808003624 17.753039704233846 17.53837276336846 17.310335301099947
18.51977854000634 18.505393027370467 18.46320849754452 18.395957431252942 18.30766198305714 18.203057907878552 18.087083561697476 17.964521513984966 17.83979913543914 17.716911498312818 17.599421499175385 17.490500901211288 17.392988574900308 17.30945257284016 17.242249529005598 17.193578839788476 17.165531137756904 17.159243744911578 17.159243744911578 17.157779591470874 17.1512655154845 17.140329584301618 17.12586726200624 17.10821371309577 17.07260186058916 17.028342781909426 17.013010429527846 17.02471495366813 17.059140864245265 17.111644788961442 17.17716904532104 17.250186902974214 17.3247079843381 17.394383089480954 17.452758865906386 17.49374224662943 17.511396047309916 17.46006444586815 17.320431882849228 17.115990338077996 16.896312760211046 16.675998392154646 16.462534212863254
18.7625716448578 18.745166808385648 18.69433265221145 18.613874677033017 18.50919900205163 18.386385342678913 18.251463142185244 18.109990143783367 17.9668841608489 17.826413004606405 17.692262176737504 17.56762995963512 17.455324071847805 17.35784913541558 17.277482020946366 17.21633562152796 17.176412847157366 17.159652832782786 17.158157711089384 17.151495642859665 17.139511834741892 17.123101634663666 17.10319803111861 17.078781945647012 17.033346787407964 16.965063461721133 16.899468346595896 16.860243917957828 16.84311904788986 16.84356580901503 16.856741967053733 16.87744435298441 16.900117544967074 16.91895239821187 16.92811712310407 16.922173644600992 16.89373805772898 16.79361990048275 16.610793694274903 16.366911770261325 16.118010868423678 15.889649050083673 15.693373447807652
19.019354071940285 18.99808436304739 18.936347758984112 18.839695489150536 18.715618912313708 18.572020938872583 18.416233148563432 18.254605598900984 18.092463569352148 17.934231671602667 17.78360505354449 17.643713079889675 17.517257519953912 17.406623563008246 17.313967699266946 17.241287631042358 17.190478838163862 17.16299625063594 17.15309005074194 17.141052201136954 17.12361779914402 17.10170434229381 17.076276846073675 17.044871011107873 16.9907489938289 16.913812980711445 16.817057266284476 16.728280494130594 16.661691867822253 16.61296488209092 16.577551136125653 16.550624935778032 16.52707243334081 16.501555572027517 16.468684246223404 16.423332700176548 16.35642898844878 16.217450971035284 15.998217607862147 15.715166549681756 15.427937862487514 15.185160317966842 15.014261841970706
19.28859615066749 19.262145251179522 19.186139828324002 19.069151569047982 18.921886715816253 18.754651815818963 18.576189040739273 18.393504079541508 18.212119754925073 18.036418548505875 17.868364792202296 17.710617726601036 17.56716540760618 17.441330168370552 17.33584548632205 17.252919030762857 17.19428874436542 17.15758985016598 17.140042913967527 17.126020722153353 17.10451213339091 17.07710367839311 17.04609966519028 17.00802561267247 16.94641308241655 16.862028081811683 16.757698398837903 16.636546244786953 16.522585248918205 16.427538134197306 16.347231022121665 16.277281366067744 16.213051632507543 16.14966542633915 16.082114988314206 16.005476870419283 15.909989113168876 15.744777532066943 15.500651665772569 15.185463315557296 14.846578356233096 14.566459260104706 14.44673200719406
19.568687484971317 19.53483829632091 19.43925914403942 19.296135818691177 19.12114482040038 18.927478017865205 18.725059269022747 18.519877255320342 18.31275263118472 18.109552272752474 17.91577301558037 17.73600709923691 17.57409086338645 17.433202164880278 17.31592990454038 17.22433032360383 17.15875100356194 17.114332348107126 17.09170973713493 17.081421461722364 17.065659247910606 17.043183750862035 17.01285366328863 16.969644204021037 16.901784364469872 16.81118278668744 16.70078704294561 16.573646060921657 16.432851947635434 16.294148854363584 16.172353077480963 16.063669716229995 15.964006533760564 15.868995004869804 15.774054572539217 15.674571453227681 15.561756280093567 15.385813850107999 15.1356645611758 14.815073815997012 14.448174663441696 14.090870400085926 14.062121365237815
19.857929378806254 19.81251099109431 19.68849412163473 19.511315927957263 19.303862123262718 19.080945961985712 18.844909654785067 18.60324023794122 18.363615276206506 18.132255560914444 17.914337477967532 17.714214881616115 17.535541081978927 17.381340390489285 17.254056808491864 17.155592607901106 17.08272679006533 17.032771199211822 17.007053467656764 17.00014988459177 16.990905702948204 16.97648878949319 16.95552157252624 16.922249401374625 16.85762556156564 16.76258438039161 16.647337596508166 16.515651381393667 16.37087694175056 16.21639282134982 16.058649869410825 15.914975878013776 15.7845741167905 15.66365470947855 15.548130756719807 15.433854542670774 15.31443931728074 15.143569325104576 14.90854552844516 14.617688714948848 14.298864863841395 14.04389476046334 13.921175359480678
20.15452947577249 20.088292435564473 19.920396312910285 19.69983930125566 19.45155594408278 19.18319125347593 18.90647751957451 18.629954092096305 18.360352890578195 18.10328742278023 17.863556715299318 17.64528055743833 17.45195878723207 17.286498260588562 17.151230431640855 17.047017185159905 16.96836893518957 16.91531461191761 16.88892656643652 16.88594320130931 16.88412279549602 16.87864197158957 16.867835631843167 16.846892795019606 16.796450994548277 16.713402633358335 16.598484554144722 16.46335811568442 16.315680880595817 16.15926743173101 15.997931057915576 15.835210116305623 15.67838220783365 15.536482812079383 15.406292351258108 15.28410722811141 15.16613928256117 15.012845885674109 14.807176368428962 14.561223717640084 14.298460816403292 14.077974111401117 13.931360291165015
20.45659912270282 20.343035215085106 20.107209091111507 19.828573355593683 19.527209374861233 19.216242214193045 18.904074217936444 18.597338657586164 18.30175575552952 18.02241152613003 17.763844090978 17.530056482797978 17.32450078640691 17.150055152009454 17.00900711143245 16.900033557933796 16.81824913740848 16.76475353851022 16.740343902853066 16.742679974628675 16.749358326742055 16.7538582714121 16.754168628476023 16.746668944976992 16.712370331459535 16.64596483782401 16.547536157055177 16.41770784751814 16.267960721516257 16.11038109505425 15.949541490336866 15.789890350744114 15.635169568880697 15.487856038097226 15.349555348131796 15.224796064218497 15.112442678128406 14.984584029132389 14.814064056671889 14.612676968395059 14.39786733458327 14.197614297592715 14.046473525482122
20.762154062494943 20.499029403983428 20.18494167243411 19.85489457243348 19.51583850195251 19.173917828727664 18.83499421497531 18.504675390528465 18.188280569931724 17.890789150821085 17.61678089661411 17.370370445722035 17.15514010522863 16.97407782692472 16.829498613547628 16.717457673163377 16.63534057422541 16.58424123198425 16.564658515567853 16.574335070944628 16.590784141775664 16.606506817634674 16.6190822330709 16.625739206323274 16.609619037521732 16.56168661889173 16.481750512023602 16.37026045313235 16.22848105595208 16.070011618478688 15.909841783852919 15.753797318755606 15.606990749583252 15.472564194601215 15.351279207696548 15.242560001090613 15.146181333009448 15.049307838704978 14.916640216683733 14.756778423782722 14.582982397861526 14.407849658099192 14.257562515100522
20.54940746776087 20.39651056901619 20.10085496157272 19.76504505270312 19.413051093805976 19.055630880496206 18.700466529486363 18.354125819113932 18.022568920307368 17.711284504997984 17.425299591301773 17.16913367583672 16.946724888342 16.761346860834045 16.61505314927182 16.50254068491067 16.42298786659733 16.377262935023708 16.365532803850353 16.384942316832003 16.412656733969737 16.441065925544564 16.46727429521258 16.488361840274695 16.492460569505823 16.464931255409386 16.405102961163305 16.31312830596023 16.19013500896459 16.03882816344262 15.87854935533917 15.725434590044934 15.587110171640022 15.467894086184222 15.367347154066977 15.282680257689835 15.21202663346527 15.151633711727852 15.063885091431818 14.947169537572833 14.811623489256196 14.666247523095155 14.514765291794578
20.238818926136034 20.128756425328874 19.88538394967014 19.573138157245715 19.227872309320222 18.868386496573784 18.506521061261342 18.15114635299809 17.80966208991858 17.48858137865814 17.19374565126519 16.93036703275024 16.702978732750445 16.515338645809273 16.36914853675638 16.25892066122219 16.184862182465746 16.147598460387126 16.146908662264092 16.17857044619844 16.219288766226896 16.26208326047339 16.303521710883604 16.340188639547453 16.365128743330416 16.36010256381214 16.32221585635496 16.251152530146545 16.1476016476211 16.01378925229401 15.856363967201691 15.703565086376244 15.572967222400502 15.471733644406061 15.395909568610957 15.337867788507472 15.293393498726948 15.262212807288067 15.21906028310483 15.14422916789453 15.046053184012179 14.931920079876859 14.794544544370705
19.91847911583968 19.813022761014107 19.59866621776601 19.310795169551803 18.979447945770342 18.625451508183655 18.26335822741768 17.90415493346246 17.556811851933116 17.22906915745771 16.927801492709342 16.65913981602874 16.428440800302923 16.24016197924962 16.095887861883135 15.990552305288247 15.924905123379576 15.899284195876712 15.912985423330916 15.959321271492971 16.015040286383027 16.07414885729284 16.132624561128665 16.18653731624602 16.231725200994024 16.251504464310173 16.237747197240672 16.189565006809552 16.106904254091745 15.991012577307973 15.845731980792662 15.68855401440732 15.562014317780648 15.484075890357365 15.438874530826268 15.409323121353538 15.390008176995048 15.381127852589444 15.376646763078023 15.342604139262065 15.281358451100507 15.199478275537729 15.082648864268263
19.594049243264937 19.481981149690018 19.279427631078168 19.00772927023546 18.68924822969409 18.342879838237575 17.983639725163304 17.62362222386328 17.272970911672665 16.940546419511886 16.634305013401356 16.361444783837772 16.128361921958234 15.940458769377026 15.799681011575542 15.70161984273013 15.647269159161059 15.636586143005148 15.668219997030954 15.731363244233986 15.804342199209831 15.881892772830136 15.959363317191972 16.03232457733749 16.09665333935242 16.143101283106503 16.156020777307802 16.133467892528984 16.074668219862545 15.979553387237752 15.84920711694007 15.688831803091896 15.55191953985055 15.513595685768374 15.504508168442824 15.501264224226151 15.50318408753873 15.512412280000786 15.531659534597075 15.537061118892472 15.512188126172694 15.463113898504805 15.370316486860963
19.271030317981097 19.1485050087523 18.948509654082986 18.685470762358953 18.37612478973983 18.03649555294899 17.68071733170469 17.321027218811547 16.968174843858446 16.631858080048307 16.32103589589325 16.04406008688348 15.808591079434395 15.621288994614574 15.485127240188474 15.396441602719543 15.356267564202003 15.36400308793512 15.417355442750944 15.499018751894228 15.591767471758555 15.690021078818559 15.788484859637697 15.882289079459072 15.967024883484557 16.038231131299867 16.08049030589022 16.086838289218587 16.05630957165942 15.988521503840294 15.883796971623031 15.74412509051983 15.60572649614795 15.596891938238397 15.606318540130893 15.618232437782611 15.633916762992946 15.655640797283848 15.685802087098141 15.721852675365463 15.732519792201142 15.716316464586377 15.651407687562937
18.954641362104212 18.82061904098517 18.61851854982704 18.359058450864307 18.055231268156575 17.7204490193818 17.36746742913933 17.008042751407 16.6530200977668 16.31259217274721 15.996559573977635 15.714468656515443 15.475504507517094 15.288030687731933 15.156896430025418 15.079377348102005 15.056354965874185 15.086332088692892 15.16424203334665 15.266929643780472 15.382165668569378 15.503400360462024 15.624729527241726 15.740955770179262 15.84754442358427 15.940550044915442 16.013286003523476 16.051524368099695 16.053592706759034 16.02013636544467 15.954101648078362 15.864948118955239 15.780171720751415 15.74539348395166 15.745569658284644 15.75917408435776 15.780480328837227 15.808965509463146 15.845571470831757 15.891542888644707 15.93554182489948 15.951893896188507 15.9186427937584
18.649756547210078 18.504576131317457 18.29831675647147 18.039505233849503 17.738616358156218 17.406940789117183 17.055779789400813 16.696067368083035 16.338339427414418 15.992921609396515 15.670212488266877 15.380922036355802 15.136054517472441 14.946341598410745 14.81962457258818 14.754751980077085 14.752176876235193 14.808855115077401 14.913119478337016 15.040331514722945 15.180870202095626 15.327188009980116 15.472895875878079 15.61265278967505 15.741994857830518 15.857192352590635 15.955174321912233 16.027074224103885 16.064157813698067 16.068140954181978 16.043500446011798 15.999353433759742 15.949093741751577 15.91291482046918 15.905391550869272 15.915816299330018 15.937745006665004 15.968715031860942 16.008203525964372 16.056419773256454 16.11367055525566 16.162039860058318 16.16359121658138
