_RESULTS/CROSS_VALIDATION_POSTPROCESSED_80-20/MHZ/TZ/5comp/5/MHZ_TZ_z_0_kriged_reverse_5comp_spherical_5.asc
ncols 100
nrows 81
xllcorner 5.5967107548124995
yllcorner 50.982328804812504
cellsize 0.00017565037499993607
nodata_value 1.7014100000000001E+038
[rows 57 to 75 of 81, columns 42 to 83 of 100]
0.10645156486639933 0.11811375872057216 0.12797817769215789 0.134847893876456 0.1377093126354032 0.13638419447240796 0.13092697655317645 0.12139349976717276 0.1087101144326636 0.09413214623459014 0.07920961540578819 0.06666323164601325 0.056643739988911646 0.04902399402657377 0.04391111431711112 0.04159745696095121 0.04245700537742613 0.046826461698032215 0.054993102413288766 0.06721796203755849 0.0838714186503454 0.1053967928327969 0.1338549491744934 0.17394198616241266 0.2321641460047877 0.31424890783121623 0.42630574871804555 0.49088282218879475 0.4021560142360392 0.32169510929813655 0.25238235869284437 0.19532018376356675 0.14991876833294943 0.1152970237086058 0.09078060918317116 0.07343802905827866 0.061201682071684874 0.052654503262690826 0.04671368251035821 0.04268351193953166 0.040141575298466126 0.038972830957258904
0.1097988390770633 0.12179951260313265 0.13182823348724165 0.13855395440357185 0.14114039316036575 0.1393344428370836 0.13315621609436865 0.12285808085374579 0.10954162095148465 0.09463930794623554 0.0797637221807988 0.06761904523439954 0.058314641619540114 0.051591951746867405 0.04738580945092 0.04579434397946315 0.0470469083430986 0.0514574873694768 0.05947982053043788 0.07173184900445968 0.08892147615356708 0.11221079367600031 0.1439345606485809 0.18788012333135606 0.24933906169868625 0.33344672609270903 0.43749445785707325 0.489430060359826 0.42852629678223897 0.3483624423337119 0.27515769283223124 0.213671982648194 0.16408198238007332 0.12633205670261471 0.09949354795606574 0.0804824803676268 0.06700191905644967 0.057446632781654836 0.05072383988222054 0.046108999524493925 0.043154666613395926 0.04173029642659738
0.1131356991564252 0.12569492240096766 0.1361502054679957 0.1431344361878841 0.1457962031862383 0.14358008428820704 0.1366744245218832 0.12562477110663026 0.11169215999180604 0.09646639921509527 0.08151356467580233 0.06949614827870743 0.06057720712015818 0.05438080759892062 0.05071475123112957 0.04956202047520853 0.05105506974787611 0.055423610688222574 0.0632439217906188 0.07547985516853688 0.09278374165994871 0.11613117654464906 0.14753583881924984 0.18977516754115267 0.2454899162241917 0.31410635825215966 0.3829342700415491 0.41729716920879106 0.39508872298628106 0.3385757310205643 0.27554937438507476 0.21793661045654086 0.16953483675859515 0.13261432413608443 0.10568195638153025 0.08614318868911683 0.07201114761759303 0.06183238803772885 0.05457946046082661 0.049548039219173036 0.04630912280327254 0.04473220840755844
0.11625419812368787 0.12961871554387974 0.14094347731113355 0.1488152316495661 0.15177301248747654 0.14914271500688353 0.14135731467636609 0.12945051200564708 0.11483160257093332 0.09922848477663257 0.08409040512976025 0.07193372103923015 0.0631177098468004 0.05715977082074775 0.05376379187255433 0.05281706172224939 0.054310269013719145 0.058511710586586364 0.0659717316493184 0.07761825444630115 0.09463755343138809 0.11750844195319522 0.14690237643778845 0.18457528168498422 0.2309940560056155 0.28303429766811933 0.33051149898315546 0.35683504277466116 0.34767784310452854 0.3105900263477179 0.2617301046381687 0.2124789295516012 0.16895387727543026 0.1349762494493221 0.10931559577821717 0.09017945767029353 0.07602813616615246 0.06565370825657053 0.058162372552350336 0.05291712185220517 0.04953956921442878 0.047724140943143235
0.11886287021354286 0.13340342098880606 0.14637088633956233 0.15565347822738954 0.15915379285207515 0.1559692253591401 0.14696502644972256 0.13393256962571748 0.1185203535867034 0.10250092463851522 0.08718298847087555 0.07466078070649039 0.06572730252678494 0.05979045340692863 0.05644710659986099 0.05543612078443732 0.056762770624333464 0.06064929083168999 0.06756177266424698 0.07828735942172203 0.09405060234618272 0.11571773780821655 0.14285870504110637 0.1757258515788331 0.21356847743459828 0.25350228899181976 0.2888689234974362 0.30844660216973374 0.3037667063388564 0.27836353676500225 0.24118213055454138 0.20064920330161742 0.16384175121037553 0.13402376317735018 0.11063005489706274 0.0926466015304538 0.07902581075120209 0.068857949579912 0.06141347585468947 0.05603042634438874 0.052410701081598676 0.05036129849779334
0.12105557009612061 0.13697007907190484 0.1521936980017723 0.1636736131536604 0.16803244767926928 0.16384151182557868 0.15298521214327107 0.1384325310339504 0.12218173198700005 0.10580726519648603 0.0904452289492322 0.07747650318881567 0.06827222056368591 0.06217245998522011 0.05863711713429719 0.05741210221509812 0.058446977414788284 0.061888209903493724 0.06809933050484186 0.07770464941760509 0.0916515258019616 0.11116100460016427 0.1355734895056249 0.16418851848810043 0.19590973401543346 0.22803788305790412 0.255193655404142 0.2688106067514578 0.2655167690872812 0.24694383103596806 0.21826366461134022 0.1857150387189182 0.15591770983400796 0.13066587384114256 0.1100978308158092 0.09379525372531243 0.08108249354218772 0.07128864575753077 0.06386212273916526 0.058388183577728285 0.054697556171135496 0.05256830451191404
0.12316794024737598 0.1396409495837488 0.157659528949396 0.1727140945758586 0.17849875893301365 0.17203196635176077 0.15834231381257377 0.1419953966635149 0.12510106329663337 0.10863549306043177 0.09344454731233724 0.08024345726429712 0.07061437439812462 0.0641663733605198 0.06034092797505075 0.058814092088001015 0.05946867774222592 0.062375219900959095 0.0677942463093248 0.07619504508929664 0.08828299454464016 0.10498256037219078 0.1262740215419484 0.15099102907153156 0.17778992054620107 0.20423908501008328 0.2246051791981978 0.23449332983445917 0.23187126506257846 0.21766584314305584 0.19512866198251885 0.170062210877956 0.14641206511974827 0.12549148095541843 0.10777383515995513 0.09321645328486239 0.08152028933571509 0.072297920887676 0.06516694402458893 0.059897708622502654 0.05633732954469589 0.05428416641954451
0.12491757993248148 0.14098319340010945 0.16067047250401287 0.18124573297220523 0.19027727953276646 0.17794909339607273 0.16101624757740016 0.14349294342307045 0.12653539982779238 0.1105066049664634 0.09580072091815664 0.08275247330413127 0.07263026606147094 0.06580326342050288 0.06164269320178017 0.05976272398410036 0.05998646918907402 0.062315058759002756 0.06691657100055148 0.07412823877091507 0.08446400857893353 0.09859750044111024 0.11634514252264865 0.13728521082290207 0.15985805874323217 0.18028590416542284 0.1953206031440838 0.20230953815699632 0.1999570889314795 0.18880473821053015 0.17179428022230842 0.15318440017560378 0.1348508780242891 0.11797661022006949 0.10316992109764905 0.09062159052129365 0.08026838751110643 0.07192045107653479 0.06537135540099072 0.06056019525781749 0.05730971800057919 0.05547804004344825
0.12495464853042898 0.1403823894466393 0.15811426131054993 0.17867874527411856 0.18870825264829294 0.17519386394761685 0.15868277806861114 0.14196839808669154 0.12590760118467437 0.11091578162520037 0.0971098649229314 0.08477413795061857 0.07439675346072243 0.06718902670635821 0.06267398452819456 0.060416772241293944 0.06019039275462891 0.061936778502848566 0.06574692189820666 0.07185314029077534 0.08062669144775125 0.09255694805125028 0.10731041018592624 0.1241193449618051 0.141276444054182 0.156664058692858 0.16759485908261104 0.1723112078628391 0.1699882845902172 0.16140313934396522 0.14951814741807756 0.13599153874954015 0.12213149190762645 0.10890600905885885 0.0969164143695868 0.08645814862139413 0.07761164446743872 0.0703286906385943 0.064622932034525 0.060436919755209005 0.05764163025335735 0.05615580156492828
0.12235855683276366 0.1363150765010273 0.15080088514016834 0.16350307792637886 0.16912049097676068 0.1632852343273102 0.1512790755444539 0.13731932506846672 0.12320135134540014 0.10975733972699656 0.09731088868654665 0.08601291982245068 0.07606778123123707 0.06848224817777182 0.06360338229829669 0.06095977837587683 0.06028416153051631 0.06147020292578264 0.06454754610807016 0.06966865386762933 0.07710202279084502 0.08719663850301125 0.09904418156195384 0.11151887193815382 0.12365705036802785 0.1341905423686351 0.14172307439322493 0.14469452732066806 0.14261465538664164 0.1370529903004525 0.12898500825662332 0.11937769354457793 0.10915420733642789 0.09906460811005881 0.08963731208422043 0.08119149392977384 0.07388106745816038 0.06781356788755927 0.06308563269065913 0.05963251600487893 0.057397242355332646 0.05635434897297392
0.11764893339844393 0.12934031673805887 0.14050937368852617 0.14911605378195092 0.15242589953217234 0.14942362251939462 0.1414187453166043 0.13067635745043985 0.11899343736982346 0.10740466440744398 0.09650119475402613 0.0864872455622876 0.07751291129387664 0.0698852850342598 0.06462745023025462 0.0615904359522956 0.060474485247137194 0.06113442640150523 0.06355208756551041 0.067820448063267 0.07398023088334868 0.08191837277784464 0.09072954662342053 0.09964096101038909 0.10790040140057179 0.1146072497680847 0.11884660721243785 0.12016336698943146 0.11911506439959635 0.1158036783980043 0.1105184529288548 0.10388497781151404 0.09654435685415211 0.08905799717692481 0.08186024195053054 0.07524991181105106 0.06944598756822318 0.06466650482383021 0.060943867536543614 0.058276663208127855 0.05668620095108781 0.05628950598997152
0.11164877047582634 0.12106157710227214 0.12952114951760935 0.13565457659775096 0.13808264582523452 0.1363041094509072 0.13105502186058968 0.1232858185977413 0.11398060798992742 0.10432451917093338 0.09495990944195902 0.08627807083749811 0.0784201757425613 0.07153506694060278 0.06596606297192378 0.06251904516724253 0.060968576745107424 0.061112068404272364 0.06277592636288364 0.0659009612723131 0.07047248407808449 0.07635734824319632 0.0826172660154012 0.08867695899885454 0.09396694541244614 0.09785974152783063 0.10020389625552044 0.10104111993613663 0.10028220679959782 0.09800259810635858 0.09442508067826023 0.08987447617449168 0.08472017734708556 0.07932329252197026 0.07399944887601413 0.0690319518123705 0.06471962044932655 0.06119968747534787 0.05856491434541014 0.056896990022175825 0.056290078780055944 0.05628950598997152
0.10504276071884142 0.11248224013933826 0.11889207407975784 0.12338186115562674 0.12518328552327018 0.12401742106139559 0.120233702967108 0.11458058524936793 0.1078496734876238 0.10041061726132317 0.0927704768938779 0.08542015238150713 0.07869320139510534 0.07274896865288329 0.0676061867401046 0.06362784012212971 0.061416754297839056 0.06075114276441761 0.06146444143513016 0.06345325540227911 0.0666519362276252 0.07075352366417072 0.07490615646491423 0.0787115686920769 0.081885313784808 0.08437492889913664 0.08596732291652925 0.08651088611490906 0.0859488993429119 0.08432922075114085 0.08179479823990513 0.0785582883039643 0.07486869653970764 0.0709789887235148 0.06716203321288661 0.06370014283633091 0.06075818871135151 0.05846772965377965 0.05694359253123687 0.056301665013883256 0.05628950598997152 0.05628950598997152
0.09829981136058802 0.10412607012297725 0.1089954479315013 0.11232529059825325 0.11365592606311795 0.11282037110687619 0.11000637628374066 0.10566211519340817 0.10032000259583192 0.09446947821811688 0.08850282502877509 0.0826631042504923 0.07713425474158832 0.07213920110628604 0.06777614401714342 0.06404506878450092 0.06121692907362464 0.05981735034785153 0.05968829859217857 0.060693857942657685 0.0627359464038884 0.06528257533073711 0.06785954993137598 0.07032236317889601 0.07248555679387052 0.07417226972536738 0.0752341358420949 0.07557107354033657 0.07514594518686493 0.07398996921429923 0.0721973271648257 0.06991060441064452 0.06730358021898579 0.06462137253631127 0.06207362688512712 0.05982581175234228 0.058024614182870936 0.056803919779029356 0.056295905858530296 0.05628950598997152 0.05628950598997152 0.05628950598997152
0.09172131610825666 0.09625862324665442 0.09996275259106331 0.10244568266233631 0.10341884051884329 0.10277837000045405 0.10063549287792477 0.09726916369280744 0.09303388630209053 0.08829127287335052 0.08335731541845143 0.07848964470385444 0.07392237590503657 0.06977836015251038 0.06612823609404271 0.06301550281540723 0.0604570306614986 0.0585317269564562 0.05772322779462903 0.05800366226320069 0.059241853195849 0.06082404815502095 0.06249031030351384 0.06410162042936841 0.0655204025810982 0.0666203194270529 0.0672982095285119 0.06748565144903158 0.06715736055378643 0.06633421734826989 0.0650802180467624 0.06352788229191504 0.06183544643666736 0.060148095173320995 0.05861098425051555 0.057364800917480974 0.05654631924651002 0.05628950598997152 0.05628950598997152 0.05628950598997152 0.05628950598997152 0.05628950598997152
0.08549960780214415 0.08901666186339714 0.09183353970636578 0.09368739193820932 0.09439104805443259 0.09387862502598106 0.09222118818657687 0.08959437268685054 0.08623916509373321 0.08242066281792658 0.07838607635107878 0.07437062540943447 0.07057060811457369 0.06709703472190633 0.06402805539163352 0.061418383000639676 0.059307792092963864 0.05772868778638961 0.05671279515433896 0.05650557200774362 0.057067904649705126 0.057879056288038556 0.05881390145115456 0.05975873814349439 0.060606674117998485 0.06126327438148514 0.06165349368663199 0.061728333206544354 0.0614766735812394 0.060936069835242586 0.060165472088817354 0.05924881770745102 0.05828853833711306 0.05739889409853232 0.05670123633550868 0.05632234901253416 0.05628950598997152 0.05628950598997152 0.05628950598997152 0.05628950598997152 0.05628950598997152 0.05628950598997152
0.07975787689650829 0.08247037904994899 0.08460847107916897 0.08599136895249035 0.0864947966958933 0.08607651209333515 0.08478299072751574 0.08272403280682393 0.08006921858854472 0.0770132210392422 0.07375192218812264 0.07049766537343988 0.06739468868795732 0.06454721474733233 0.06203489121171131 0.05991868094728136 0.05824721819727622 0.057063047555264805 0.0564085906616556 0.05628950598997152 0.05628950598997152 0.05641152072457012 0.05672198801885871 0.05711896307624378 0.057513677596090045 0.0578333649385761 0.05802483160050908 0.058057826586338894 0.05792723405512179 0.057653463543532235 0.05728092655979282 0.05687503382315307 0.056518574495728925 0.05630855403479366 0.05628950598997152 0.05628950598997152 0.05628950598997152 0.05628950598997152 0.05628950598997152 0.05628950598997152 0.05628950598997152 0.05628950598997152
0.07457431422246506 0.07665290978490408 0.07826985067641004 0.07929902180252066 0.07965633783485682 0.07931449081818254 0.07830005103764581 0.07668410565433564 0.07458965137351459 0.07216067431123577 0.06957037051678658 0.06697778524021698 0.06449719048236742 0.062223557992205226 0.060234376581830576 0.05859334725658316 0.057355029112709024 0.05656989531306682 0.05628958312633805 0.05628950598997152 0.05628950598997152 0.05628950598997152 0.05628950598997152 0.05628950598997152 0.056306332705205756 0.056356142850848265 0.0563974124598321 0.056405241367811484 0.05637545193524213 0.05632476772420508 0.05629012330779866 0.05628950598997152 0.05628950598997152 0.05628950598997152 0.05628950598997152 0.05628950598997152 0.05628950598997152 0.05628950598997152 0.05628950598997152 0.05628950598997152 0.05628950598997152 0.05628950598997152
0.06999705033002977 0.07157550140761235 0.07279087866673456 0.07355390683409216 0.07380666036353845 0.07353038799736443 0.07273258741000803 0.07146739560702717 0.06982463490034335 0.06792312600953834 0.06590695748443075 0.06388535740766549 0.061955510414668145 0.060202506326712715 0.058699889127832805 0.05751195647484415 0.05669718239454459 0.056312349971944335 0.05628950598997152 0.05628950598997152 0.05628950598997152 0.05628950598997152 0.05628950598997152 0.05628950598997152 0.05628950598997152 0.05628950598997152 0.05628950598997152 0.05628950598997152 0.05628950598997152 0.05628950598997152 0.05628950598997152 0.05628950598997152 0.05628950598997152 0.05628950598997152 0.05628950598997152 0.05628950598997152 0.05628950598997152 0.05628950598997152 0.05628950598997152 0.05628950598997152 0.05628950598997152 0.05628950598997152
