_RESULTS/CROSS_VALIDATION_POSTPROCESSED/MHZ/GZ/1comp/2/MHZ_GZ_z_1000_kriged_reverse_1comp_spherical_2.asc
ncols 100
nrows 74
xllcorner 5.5967023332191781
yllcorner 50.982320383219182
cellsize 0.00019249356164376555
nodata_value 1.7014100000000001E+038
[rows 36 to 53 of 74, columns 0 to 39 of 100]
0.06612386658525614 0.04529514887835815 0.026056176179411084 0.014730883131596737 0.008514218549305421 0.005280883070636995 0.0036150538153847662 0.002753190674898622 0.0023357981510318962 0.0022305369881691507 0.0024362937829054366 0.0030476689752030254 0.004321119274560148 0.006776069580968832 0.011480614473460339 0.019157010204248887 0.029343575457413923 0.03797032393223532 0.04046049713438606 0.0362572237949048 0.028320115423350906 0.01988556865394046 0.012841089300974485 0.007757392821428953 0.004643432751886265 0.002898749938646626 0.0019183647137098645 0.0013360772064755968 0.0009861434977955085 0.0007730218905734474 0.0006101791541910422 0.00045974104535362835 0.0003357942852666662 0.00023352496827638893 0.00015418327752552782 9.848308326895283e-05 6.204109445797621e-05 3.932134747110135e-05 2.4420848969591377e-05 1.4746749807501489e-05
0.08974520310369657 0.0689649975391293 0.04382372627237396 0.026266971190842314 0.01606496441539473 0.010632330463821359 0.007764805067793219 0.006281043543148723 0.005544855539433306 0.0052618250689859866 0.005442500312600675 0.006315394349862918 0.008217969799447878 0.011698465568267811 0.017526811323691424 0.025835895878335926 0.03533631355516039 0.04206791298531499 0.04270342047464202 0.03721269808975633 0.02841635482597741 0.019469305225561877 0.012226700382463629 0.0073009502134103645 0.004504891917609005 0.0028517361686699284 0.0018497437341115646 0.0012519470072939352 0.0008990932699826793 0.0006915730786034287 0.0005318941900060284 0.00039750702064377257 0.0002881630754996971 0.00019804147642781718 0.00013017810837238116 8.346805724713257e-05 5.326282123528979e-05 3.429339673278958e-05 2.1544940610783986e-05 1.3448696602306035e-05
0.11019728798135227 0.0899238244532774 0.06142488910453726 0.03862752604532527 0.024991984855090247 0.017458140383348038 0.013524421674541482 0.011708847832826835 0.010917384752895734 0.01025570908946849 0.010171523633751293 0.011211054168383146 0.01371540463954363 0.01821915604888334 0.025420141528815946 0.03537483343388137 0.04434574387890308 0.04897527293868863 0.04698992598491527 0.039239095115908076 0.028909431989034305 0.019151568190260017 0.011705588011959435 0.007101599486531583 0.0043492306902240055 0.0026839928261971164 0.001696138559199841 0.0011190358973897187 0.000784394262087589 0.0005708917827780617 0.00042395767569509014 0.00031394736027605527 0.00022562356469911358 0.00015333626620867707 0.00010030147643553554 6.443672866364057e-05 4.1501807341582376e-05 2.718475696429543e-05 1.7511833300649412e-05 1.1275839420391384e-05
0.121361215980786 0.10281693015266768 0.07330166513580973 0.04752870348863049 0.03168200544693164 0.022793556585120563 0.01833159366038875 0.016862892898919107 0.01759808675517853 0.015566489754882225 0.014820194775100335 0.016033171858244502 0.019302691736305215 0.02510191017786711 0.03401929726397272 0.046224935013355346 0.05711994481173348 0.05912600003615205 0.053412403263226785 0.042211803043784975 0.029498819168039637 0.018582257937015227 0.01127345490357584 0.006715536679797832 0.004009406362789699 0.0024135785223773007 0.0014884970178590973 0.000959514470986821 0.000648258782134079 0.00044354874445943923 0.0003133791141861543 0.00022873360797625726 0.00016219321371775325 0.0001090458565811128 7.092758687181989e-05 4.5548880706522655e-05 2.9762867469324157e-05 1.996542425880458e-05 1.3167774900260135e-05 8.732948987545656e-06
0.11913124773069654 0.10321179593845607 0.07463076124824043 0.04892974902263588 0.03240066763046266 0.023184564471281713 0.018605907097812097 0.017019917547340717 0.017024225103884235 0.016220615022341713 0.016182728039881154 0.018016301843443466 0.022133124592489083 0.02918699152411397 0.039890420711696094 0.05432858913835981 0.06826471902485409 0.06977904381530788 0.059134527438673215 0.04368268175912726 0.028666262625006416 0.0177700880979555 0.0105417589768011 0.006111565279607698 0.0035561217475952095 0.0020886458914889374 0.0012586481395262358 0.0007937823773354403 0.0005088436712516925 0.0003291383277563274 0.00022025838025235999 0.00015473362099076694 0.00010780095033398013 7.17455007152045e-05 4.638130110011628e-05 2.9720956454520063e-05 2.002755791231533e-05 1.3673278940126022e-05 9.216121609396094e-06 6.284578108325249e-06
0.10705126967792342 0.09094254235796596 0.0649463087640539 0.04179284934275748 0.026489113872653937 0.01820695700125747 0.014126151562335234 0.01244635354953286 0.012059577113203351 0.012317100237065774 0.013415118031278808 0.015960551087808594 0.020676181688600238 0.02852998892407859 0.04057110486344257 0.05686477774177938 0.07307231742722596 0.07636580165878966 0.06194219608560254 0.04296367673466953 0.027594732191814728 0.016636767511876968 0.009552145804867516 0.00538450241708535 0.0030545256923252937 0.0017515270971830096 0.0010328167754579639 0.0006321052751378427 0.0003848653041812339 0.00023675547052173952 0.0001508964948347877 9.903057625875052e-05 6.67580363086943e-05 4.4045157250938714e-05 2.8317348659709116e-05 1.8285344927837078e-05 1.2690733559495008e-05 8.813223600016624e-06 6.05534004893806e-06 4.234838832929538e-06
0.09325092076572489 0.07457157326473238 0.04854008651955258 0.02885361291021714 0.017084549947357548 0.010987552303898253 0.008164541086997323 0.007033612056241025 0.006875274656581337 0.007430384547136694 0.008773794333889074 0.011284349173355688 0.015703675780156256 0.023215957689913504 0.035378488292216154 0.052497120438732094 0.07029340790772574 0.07581764338045821 0.06254252432238484 0.042225717093900945 0.02620554065299629 0.015138230098074686 0.008404294943167127 0.004612938175118896 0.002555660652292336 0.0014334186713485743 0.0008288303658053949 0.0004891579200067615 0.0002847426470049004 0.00016766399562975241 0.0001010423383513849 6.19610121667422e-05 3.936192815648093e-05 2.5473299385474282e-05 1.63293633457532e-05 1.0763330948373285e-05 7.665439424448443e-06 5.418109302661107e-06 3.781647955256887e-06 2.7371509672274363e-06
0.07943187138979368 0.05978620928190012 0.03312733807546259 0.016380441467514457 0.008491517857077236 0.005038241646618722 0.0036064875973440226 0.003102413288660218 0.0030993482238073806 0.0035077253732318588 0.004417504443913334 0.006115656272257574 0.009193891682266317 0.014755946103904504 0.02458781945727075 0.04024711111408161 0.060230331765028074 0.0715902618884584 0.06135871055025638 0.04092815173251098 0.02404693317452257 0.013320103184083965 0.007179594923837136 0.0038574432553272336 0.002094988067011365 0.0011536486299340359 0.0006561381032880974 0.0003734407223686181 0.00020935314712334892 0.00011795725906706627 6.658649684384179e-05 3.838287219268621e-05 2.306089197193812e-05 1.4317500288362309e-05 9.0375408272805e-06 6.128873255693547e-06 4.486218515476172e-06 3.2388661696227797e-06 2.29142390874619e-06 1.7234713336272361e-06
0.06526466367248221 0.047591356335067225 0.019906502247555045 0.007602817321533091 0.003351443468832409 0.0018341353932282516 0.0012459898138873762 0.0010522926381712984 0.0010757525085755457 0.0012822029421829678 0.0017304661538440757 0.0025920748432412487 0.004249116518971932 0.0075319784935298185 0.01404011071219304 0.026592572816091082 0.048100040187348675 0.06373946431608209 0.05357927783394488 0.03570743690474072 0.02055310619496648 0.011237406693426615 0.005954904070707686 0.003163287124743557 0.001694303791961171 0.0009214849426735769 0.0005167671310749764 0.0002858196675245767 0.00015479513149504876 8.22019131915133e-05 4.369732809807855e-05 2.3829509819748865e-05 1.3645196536379198e-05 8.183397920332719e-06 5.066106891910274e-06 3.4546167370056637e-06 2.596824937585829e-06 1.934700266639675e-06 1.4030690482167847e-06 1.0813089355825893e-06
0.04240417235860618 0.03488023248615929 0.008670444138407046 0.0025921383362852777 0.0009988949991327164 0.0005100233535804716 0.00034653938907328014 0.0003019947087152481 0.0003246292383535972 0.00041351976516237497 0.0006016789725426554 0.0009766089869817276 0.0017419311825523757 0.0033542847795881687 0.006792692223122333 0.014293865788950835 0.03084429007335003 0.04633192570112464 0.03755143545946792 0.026026257127618965 0.01543076919888591 0.008714345155661824 0.004774578000982732 0.00255834618807397 0.0013644610947237158 0.0007388628649063085 0.00041087475349579986 0.00022180151428563511 0.00011427776847266 5.744589900170182e-05 2.8922161618976372e-05 1.5007598505580342e-05 8.258133326303663e-06 4.83112131964327e-06 2.9814546665274074e-06 2.0590875291785227e-06 1.575181586745399e-06 1.2094573417996122e-06 9.115026562678459e-07 7.14661116778073e-07
0.012165425911305962 0.007101288171378602 0.0021086863759325787 0.0005972393458666701 0.00021230690247160965 0.00010738082512348356 7.814842249940953e-05 7.605585900534048e-05 9.08970595525603e-05 0.0001261821978626292 0.00019862001358702245 0.0003469058869147915 0.0006603563448700497 0.0013335782775073836 0.0028099582714859904 0.0060217371534387115 0.012254982688991172 0.019045882030956203 0.01981982467757253 0.015754842757056457 0.010237617096814448 0.006173701792756366 0.0036009191038081654 0.0020344237024529166 0.0011079489769833084 0.0006031301666411647 0.00033163974561132317 0.00017271004570487377 8.531748115325473e-05 4.091092257464681e-05 1.959422536355537e-05 9.707782174061725e-06 5.166327750783868e-06 2.981550529884894e-06 1.8687840296876065e-06 1.3356904209926578e-06 1.0638070717388232e-06 8.676063300892987e-07 6.988512325944911e-07 5.708232390152574e-07
0.0026183628662870407 0.0012018620823014193 0.0003722002166918199 0.00010152928236111257 3.386315078796816e-05 1.793360701652119e-05 1.5309037950365905e-05 1.7817200041999793e-05 2.4786235086839582e-05 3.8708820418972216e-05 6.610797563298237e-05 0.00012214247651199409 0.00024045401583894032 0.000497284604158883 0.00105964522658692 0.0022483393667489136 0.004465390388348869 0.0073707843635710405 0.009092819763462 0.008455755248558702 0.006223530454203173 0.004111669135331176 0.0026009298662502942 0.0015714336317173409 0.000910862699478112 0.0005051824882813233 0.0002760532015460812 0.00014180712367019556 6.829907372497437e-05 3.153117395096992e-05 1.4369399554541555e-05 6.734992797864223e-06 3.430224906944016e-06 1.952064581128071e-06 1.2638470165259394e-06 9.620919679198162e-07 8.214810122640103e-07 7.401063280384367e-07 6.725791135363379e-07 6.284438469547243e-07
0.000646094986136097 0.00025020561396576493 6.944546355249668e-05 1.6398897557478426e-05 4.529844650667899e-06 2.6195256576652235e-06 3.017828878703977e-06 4.4338856389748255e-06 7.191679733197204e-06 1.2474975276573357e-05 2.289170986675575e-05 4.403881999226821e-05 8.857341030233462e-05 0.0001848916463977203 0.00039471491626915257 0.0008379669630467133 0.001695714772060563 0.0029717040887360254 0.004109134259689578 0.004363833142211496 0.0036459325584857994 0.00267280480428701 0.0018571019574344203 0.0012205908834493988 0.0007589172729526905 0.00044595591880669007 0.00024808451463160353 0.00012801750876234756 6.11329250191301e-05 2.754520805632923e-05 1.2023496760889819e-05 5.300626916417327e-06 2.5402050842159846e-06 1.421717214063095e-06 9.699662672145553e-07 7.978876565383668e-07 7.411303333965713e-07 7.512680281534732e-07 7.983900986142821e-07 9.016469329391289e-07
0.0002051855595461795 7.050118961351895e-05 1.7978210288329125e-05 3.705866770314438e-06 6.767080114619215e-07 4.671471909475578e-07 8.073734103717614e-07 1.4043958788712997e-06 2.484915062164374e-06 4.503651857857309e-06 8.432840122938297e-06 1.642176334472897e-05 3.333081603494075e-05 7.020503690452415e-05 0.00015148867310308702 0.0003275286816805878 0.0006881771912317271 0.0012707363894434109 0.00191360783202466 0.0022557152322045986 0.002114394558132504 0.0017406338792076244 0.0013398989675127832 0.0009659596116161262 0.0006520677531256337 0.00041165660635312655 0.00024253796618868207 0.00012855874889442434 6.222934031095863e-05 2.798320018214623e-05 1.1920357243877327e-05 4.952025606662663e-06 2.138807288942895e-06 1.1593989371380358e-06 8.941912974958225e-07 8.183256812016678e-07 8.201027755130581e-07 8.984106463142512e-07 1.1064678384770235e-06 1.4902768072403509e-06
8.690183159085744e-05 2.8892523093568377e-05 7.630870672752945e-06 1.7689956326750871e-06 4.657760937167929e-07 2.9601080311578476e-07 4.0270599563548405e-07 6.460546195767963e-07 1.0890497197719989e-06 1.9026582483464405e-06 3.4577274904592476e-06 6.577421389680881e-06 1.314646033410866e-05 2.75541673844232e-05 5.9956982834491425e-05 0.00013301811059604853 0.00029025049078529563 0.0005607448533118206 0.0009053702305594532 0.0011826579102275244 0.0012534875411197445 0.001157660464167479 0.000993590144576592 0.0007925321819888713 0.0005868529080988785 0.0004026904634068923 0.0002555800898450343 0.00014471235698097803 7.295022254768931e-05 3.383243520528127e-05 1.4668223513740007e-05 6.0515913576667484e-06 2.391656459525857e-06 1.1887386219388767e-06 1.1148198607052167e-06 1.0907026233314405e-06 1.1382394109379573e-06 1.2931582235909877e-06 1.722303643754801e-06 2.609185371195756e-06
4.941529175847784e-05 1.7097464790248304e-05 5.126599916275968e-06 1.4997626193532937e-06 5.495336394347939e-07 3.310144666612395e-07 3.254059935070096e-07 4.180350876106175e-07 6.106486335259985e-07 9.638050210156357e-07 1.6217360809352615e-06 2.910639042779059e-06 5.592439188785389e-06 1.1504015555144462e-05 2.513530993162693e-05 5.7351755695067714e-05 0.00012855902855441072 0.0002582240585390989 0.00045173852937251927 0.0006562336812050735 0.0007725466953887317 0.0008015667015474986 0.0007703261725891604 0.0006842459107806832 0.0005604769202430882 0.00042234314105544374 0.00029214995643323747 0.00018228085566713784 9.861910877420369e-05 4.893986501469221e-05 2.28040748192785e-05 1.0308186016924295e-05 4.7315254044815515e-06 2.6792339052169414e-06 2.087385214823202e-06 1.916314787736908e-06 1.9538701565101067e-06 2.2018975100673147e-06 2.9452244340897915e-06 4.708510620392475e-06
3.604031856320553e-05 1.3436901876491675e-05 4.625743583153254e-06 1.6242567309188334e-06 6.885630691815765e-07 4.0282497485735706e-07 3.2899124588453713e-07 3.447222917152497e-07 4.245742851401624e-07 5.840662072020512e-07 8.793507461972732e-07 1.4459444455146936e-06 2.6120498981878627e-06 5.205782011698378e-06 1.1380114435003228e-05 2.6654201693067354e-05 6.060712529747125e-05 0.00012802165456489518 0.00024364569153748831 0.00038664371389636253 0.0005025909928063773 0.0005865623842735818 0.0006328588457082424 0.0006288040126149602 0.0005734115434598536 0.00047845217154644977 0.0003644358046483304 0.00025255404117056473 0.0001517720233384536 8.295592166037952e-05 4.3067147879871386e-05 2.2076232504238532e-05 1.1662838786298927e-05 7.009093938980532e-06 4.999771287654409e-06 4.1522209642324284e-06 3.969294625866743e-06 4.278410102991139e-06 5.462480697079788e-06 8.594972433247757e-06
3.181501604870463e-05 1.2907328089113691e-05 4.9993597559253485e-06 1.9995654786457748e-06 9.101639734007218e-07 5.190061287538861e-07 3.768056517592502e-07 3.36765629113981e-07 3.5312334122096535e-07 4.1891407290908344e-07 5.529697613091785e-07 8.135863506242349e-07 1.3532885210541277e-06 2.582277581160372e-06 5.6447680876771305e-06 1.3347860994794423e-05 3.104338735772741e-05 6.94322812366528e-05 0.00014171598415568093 0.00024375701348960363 0.00034957996091009675 0.00045887947404781016 0.0005563100653336542 0.0006197820549099271 0.0006318329732864243 0.0005871849402305904 0.0004960771190538722 0.00038071339188791743 0.0002597389543971851 0.00015882101112396933 9.275384797621854e-05 5.279395827177744e-05 3.054257798742763e-05 1.9042283583666645e-05 1.3176471044312558e-05 1.0151451746466826e-05 9.005492649579423e-06 9.111937031663258e-06 1.0787340187990306e-05 1.5693789823247712e-05
