_RESULTS/POSTPROCESSED/MHZ/GZ/7comp/MHZ_GZ_z_250_kriged_reverse_7comp_spherical.asc
ncols 100
nrows 74
xllcorner 5.5967023332191781
yllcorner 50.982320383219182
cellsize 0.00019249356164376555
nodata_value 1.7014100000000001E+038
[rows 38 to 56 of 74, columns 0 to 43 of 100]
19.359620333808166 19.189112932873893 19.286180897541115 19.463739548415294 19.575460125158017 19.589197103659732 19.503788204554617 19.347698836687925 19.241850822302368 19.379523425505656 19.665372325784393 19.97916402611946 20.291141165685872 20.585409312521055 20.839075288155264 21.1466186600158 21.597265393325266 22.395977802959123 23.606383913048344 25.205895403325286 27.145364546428937 29.353131971471758 31.71844136926302 33.80699399583955 35.00019371670252 35.907668417187985 36.64412488737522 37.180735254630164 37.47938829339936 37.56055843747742 37.41598816154293 36.94724888126247 36.15181185153385 35.1840438398771 34.13113434318345 33.07291786720713 32.06334428407957 31.054863470616333 30.063951402340866 29.111465388204245 28.141297813717507 27.171667602195797 26.28053255919441 25.577096525268768
20.171838484666505 19.851188808018808 19.732017475445502 19.722101173038194 19.670015357441464 19.548400813601383 19.349971536009118 19.075517061703096 18.7825126706159 19.096407178316188 19.541122951875238 19.98243673557019 20.417475975253367 20.855901097146106 21.330444253248114 21.90958460474091 22.63577367379977 23.605890563583458 24.941774021007443 26.62273549901141 28.591211130363657 30.751029179023703 32.90335718159477 34.66910245363918 35.87300573699139 36.69351234576979 37.25082662438803 37.54562379472111 37.5782562992575 37.40093458360573 37.005508615833975 36.3705925910648 35.552398113713664 34.63657134759739 33.68354824023548 32.749229192783915 31.82371945881278 30.817584073468947 29.856009104109297 28.93345824710451 27.993545569166045 27.094473506043894 26.356059243365078 25.79814317878297
20.99543366283025 20.54563415519565 20.247509364269952 20.059727897422853 19.876128702185184 19.654298952260604 19.39886453587864 19.126399906037168 18.947585656292315 19.179524911223943 19.61865918362139 20.10201293698498 20.60853611257383 21.17416408865355 21.833697467975067 22.63841470954131 23.630819102055966 24.802121360310174 26.236928571976947 27.971521416368684 29.93367627108647 31.985449879978283 33.853837041137616 35.35606708526977 36.42770838009816 37.14142240360568 37.5487116086567 37.643504894865984 37.47106113532762 37.05178266597402 36.39292252125345 35.555264446385365 34.6565527065266 33.76456586762442 32.897384067699974 32.088306553588986 31.197368364440315 30.25483476789386 29.360368027642703 28.49682055486659 27.63254342056748 26.897957892466646 26.3135554057012 25.896040866237964
21.81823773615398 21.270332419763033 20.81061303229526 20.440924941621084 20.144982703598714 19.856017776438613 19.58958229829704 19.381120926588558 19.304843969127457 19.47412826714226 19.842916362607728 20.32088160849686 20.90405590172723 21.57118860655146 22.356669251644117 23.320374069900993 24.537562530415695 25.930673379531616 27.47221361387404 29.237709070610173 31.154659221813073 33.00674032310622 34.60043077854984 35.85895741854158 36.749083658307356 37.31935860182453 37.57939199035773 37.519293934468216 37.1757875111491 36.51314089693347 35.562947925652324 34.5078162456638 33.484684368881425 32.55871777862884 31.777706919547555 31.095444609435486 30.277696013580545 29.442119849954988 28.65192230349886 27.86936460457677 27.17117925444826 26.609154487589297 26.168300700530388 25.862426239838353
22.594231634190397 21.97816841949951 21.386054656373805 20.841404672509395 20.402026580448034 20.063289697094906 19.800819118076582 19.644323342054957 19.623114289765727 19.783852116350417 20.121859007828288 20.629531789543844 21.272461921943044 22.01282183661342 22.891419910499152 23.984406061433514 25.352461148351473 26.93455779066739 28.61412048302813 30.381203117128802 32.196512402145196 33.81163898700174 35.149233214219684 36.16341460224555 36.843973893679234 37.238810440936035 37.34498981666404 37.17501858287173 36.703632574901214 35.7744125788051 34.497782453599115 33.18536694142317 31.99157194140908 31.01817039137145 30.327319341321196 29.755325933084624 29.063920969942743 28.38596754948074 27.748778777660878 27.130410481918705 26.63804298155118 26.256191415379664 25.944798410051035 25.70930782271924
23.31283022822395 22.635802126792274 21.8985967599384 21.182695066144568 20.593674047360825 20.190129134076575 19.94232120582246 19.831411989412324 19.84483918241853 19.991771751281487 20.337225957911432 20.879173859516776 21.56895949522321 22.366347493819998 23.322539593909493 24.53178720868168 26.007395746926786 27.725419180754944 29.56351904677636 31.3792698306726 33.02819801973798 34.41561852768014 35.50094021237023 36.25824831843229 36.69940441176576 36.875026443386375 36.7908452700704 36.524744283927376 36.03985914172667 34.79308318573298 33.09822058360375 31.5017099469905 30.166389956215905 29.16966337571297 28.555829759866064 28.072119218580312 27.56209302927245 27.09594697752193 26.66949347698192 26.319905808463783 26.060417868270065 25.881602551063978 25.68222204897333 25.463568557971772
23.955202017689327 23.235751279011197 22.288543172941598 21.36309623638511 20.62859404564606 20.142194820860475 19.884717758023207 19.795666945380034 19.840325442303435 20.018699991692017 20.412646223242817 21.000394088869946 21.736558618793346 22.57873301887968 23.61847732496873 24.90334489482979 26.413382231973266 28.2266074585188 30.254933069979067 32.14227046657753 33.65482783597512 34.83993776262608 35.66407106075179 36.14199481168151 36.3068252204789 36.19799645651738 35.83022634649991 35.31917487507037 34.7008767206478 33.183941342486605 31.19852146446197 29.430641796396166 28.01920245515123 27.04269610371893 26.500670029250646 26.107522676294927 25.80181235669557 25.591845196976955 25.44904153355283 25.444729882974816 25.48865602177111 25.54514699575553 25.41412656204231 25.146039581130864
24.403265860754917 23.72316566464191 22.418496689781737 21.287321523337383 20.412738350109173 19.815642199798088 19.505200785773187 19.446441149061545 19.555986146997352 19.83167282778647 20.290426313525856 20.931094090158705 21.714742132662106 22.629134988612414 23.773695155497318 25.15066266052149 26.687766434174016 28.54236179996365 30.761775548386073 32.669911164486905 34.08791603877392 35.1024308959926 35.713837454651056 35.900389269200666 35.74297441465071 35.279277006064966 34.51797793463812 33.56186005835107 32.39442658528158 30.773641323695117 28.85810570481575 27.070729702366343 25.65897383309353 24.752066032197572 24.31930576173792 24.068556204779277 23.94618872108138 23.958915262510228 24.090953003992684 24.427605147839458 24.883042663519763 25.232319693910902 25.11576908569601 24.70974116945576
24.304460633059502 23.38133366861146 22.108274637174823 20.8573282648671 19.83852495397751 19.17408445483419 18.868683097823222 18.84377435558236 19.02742753151508 19.423550320726484 19.96842499862465 20.66272907963337 21.508783561574095 22.537899946285954 23.795629307659798 25.307437797224768 27.04590550984891 29.031473346507404 31.1614142995317 32.996875125947625 34.33754903678793 35.21610318010397 35.6300253365078 35.589447750105144 35.10880867888749 34.24403223701313 33.08384571513629 31.737010119070803 30.16949853512665 28.34204780685444 26.38868415793823 24.5866198636704 23.19221312312441 22.37713044825326 22.09694754890012 22.04558149001586 22.14394609515828 22.349205601527782 22.7202812538841 23.29710283818391 24.04529708917904 24.91408087126302 24.625534366954508 24.079729268440968
23.93306839452645 22.82087340963151 21.487009663878712 20.09018100280738 18.93193931858462 18.2506153968933 18.03595255596802 18.108656968425443 18.378395655553632 18.841572814011855 19.45967607580916 20.215814468496536 21.161879121838943 22.30121126376177 23.663693622905644 25.30381027886393 27.198623734755202 29.284105839231362 31.37859909524348 33.13557673998148 34.404974995639726 35.18341032344651 35.44914826916594 35.1960091780075 34.461061008646325 33.30623710146415 31.81562822342292 30.110680678119166 28.210317119799477 26.147497621977035 24.054722954995533 22.16228275667307 20.73694130024348 20.002006947565086 19.92335032916485 20.14533947913055 20.496590855549684 20.886013506431667 21.44240989837681 22.14840501890447 22.943546112142084 23.60277443385513 23.62082066543436 23.28806631335656
23.562609300109923 22.301496605520356 20.798510983133863 19.18489186009895 17.779582070082878 17.129875401895923 17.139493801163415 17.359485580447874 17.718009166957845 18.217108170422755 18.86245776456766 19.681970026463365 20.68765747454269 21.907815739955286 23.35223549372095 25.08294159654629 27.077395472535382 29.235099615081833 31.334879786934934 33.060880521981375 34.295297564244784 35.01401833269671 35.1997280037304 34.83306021557915 33.95306980022839 32.59710924709015 30.818522706206824 28.805806401134316 26.629603463106506 24.34293023219572 22.062003973087574 19.981853220878858 18.399087123454652 17.70871041908872 17.92523232547836 18.50559446985047 19.135428476141144 19.706463260377184 20.391167430201712 21.137161153705392 21.854639298754897 22.393299650516198 22.604834969304115 22.552077027045172
23.279165148852908 21.897937006139948 20.280892614478805 18.4927996452327 16.644955266525113 16.12045923508865 16.44602779796912 16.750905367219016 17.13003485416339 17.643128345000164 18.312948452063917 19.15719737841807 20.190600773596792 21.429008140898205 22.9003336031418 24.663735301511057 26.706629879335335 28.90703684624953 31.034601134868584 32.793515823828336 34.07470566931764 34.836850304629344 35.03408557851985 34.61296575997873 33.6059860842676 32.09770764488628 30.14723211825435 27.8992264382197 25.522026578627084 23.070171327876153 20.622454098917046 18.294345490110587 16.349508448146764 15.600006504444783 16.31834589351381 17.312285223378876 18.209652599472744 18.939066445584682 19.66852980263358 20.39570311954055 21.05932735600246 21.582405941198317 21.912427539835985 22.076329521720776
23.085436402191778 21.676452087976948 20.07946912949341 18.38887969816523 16.85697038309152 16.190342137108686 16.22146358393036 16.40448636191559 16.72588880542448 17.19632829780727 17.831302080742425 18.65193265588074 19.679334367940964 20.929468725305078 22.409779376880604 24.165262473406752 26.21265407061415 28.425593121310804 30.58558309734398 32.402112817455574 33.7829360764689 34.712385348964936 35.03970474877626 34.537294657730506 33.37011279493391 31.737564532090662 29.713871539954916 27.378548057484313 24.921490694151487 22.425011487344662 19.93253631858648 17.508461138226146 15.227019726985242 14.164592589723284 15.568393549748254 16.807254628426488 17.81930109487519 18.61008017047911 19.335740462342766 20.020053275593348 20.638835889857898 21.163299343897503 21.578459736017543 21.89924621783842
22.971249157101187 21.615055239398867 20.136002630746113 18.66953209244889 17.434208903973197 16.683701797471496 16.38762030903867 16.34586113521675 16.517813845227185 16.8746178646107 17.417071200387646 18.16391025496621 19.140390041864535 20.368658489905574 21.857839493867605 23.602530566213016 25.61317714240467 27.802412253003506 29.964298894634695 31.8204003091552 33.32545165455311 34.55480346722705 35.23345861980856 34.48254469222192 33.132769453195785 31.450341121881593 29.454335117963517 27.17816715619343 24.77033694071365 22.36624872298735 20.019605030278285 17.83140615435633 16.039140664977268 15.357684958381828 16.053939283446834 17.08749101676615 18.0152551604185 18.756132803342325 19.431552330062594 20.036952734977035 20.59984731622084 21.110113744837598 21.577280717107026 21.98720123127492
22.97436686521716 21.714130384373075 20.38016285168559 19.09751684302886 18.00350597799633 17.210307844307085 16.720189175846205 16.466930041896234 16.455671702311143 16.654794585261524 17.05835808756901 17.684783851466833 18.565802426912146 19.732822524961644 21.200242783213863 22.94960508553494 24.914354648116046 27.04444374794091 29.170515077730506 31.02664047578212 32.567593652708496 33.89631676673005 34.71154835188297 33.98933897106626 32.72425152909508 31.165112218827346 29.33013959620247 27.24244422191494 25.017111602869317 22.816026340948266 20.73108594144915 18.89165090998539 17.539550373993276 16.978821033538598 17.27166260825044 18.00238295857366 18.74070331863655 19.36028363377467 19.934014504428905 20.442363460136313 20.916404067981023 21.386063086962352 21.856037979076184 22.28794061644309
23.114163503355016 21.953395726969216 20.74406961608023 19.580759603036604 18.55837584268338 17.732283464227592 17.114585199715837 16.687518156004792 16.492912331154326 16.512999168562857 16.743364895782094 17.20695424161254 17.948450719921656 19.017394792558697 20.438317719980063 22.167580170319532 24.096599182107198 26.164911211662783 28.252095807814225 30.056057591663237 31.538751645149244 32.7061413033625 33.28425360664226 33.02286375200868 32.140293698853434 30.87323836130018 29.31555765612067 27.517828715109054 25.550685074761294 23.600383661661063 21.80867581003095 20.29713925602564 19.22116199601442 18.716056824715864 18.8005351639412 19.30830445416657 19.865946528165818 20.350128787535184 20.78448907365191 21.194579445098473 21.563919678673674 21.95736765888426 22.352901296474055 22.750295012532362
23.378328186376294 22.294478692368244 21.17348930972139 20.088110148246223 19.102897040308306 18.251917525082238 17.543030505583356 16.974534423802044 16.607338450034486 16.440903414483575 16.473212971323576 16.733110567467588 17.28672670160882 18.2217441927922 19.583274651247066 21.293938935276664 23.219566847107863 25.230251228780876 27.239961867044947 28.977371433404553 30.39913222987851 31.477519665911334 32.05624710182053 32.04470164979497 31.508714378998498 30.575303250439546 29.34266288707972 27.879940797068887 26.229399886464854 24.566534267404336 23.080178226942362 21.862042578710927 20.996499662582757 20.543316366509284 20.505545344995372 20.827102211731084 21.253758569061723 21.618467202896767 21.909236291505472 22.193408657391014 22.481723701635875 22.75127880953548 23.02976675794397 23.345049833416827
23.741317295290596 22.729020133812547 21.67475127850809 20.63560569211509 19.661017780664274 18.78375206097294 18.00699349387679 17.32637408938332 16.802682023689353 16.45439658540528 16.276402141022654 16.29585040930541 16.60329864678647 17.37010116739724 18.68540791476677 20.417712032080214 22.351019163670767 24.327906286178962 26.23277013807513 27.90739450620047 29.30018626876574 30.360168360823764 30.998585097174903 31.173344219085486 30.913067533363286 30.29082787469602 29.38641299266638 28.26569776857931 26.967350791808087 25.60746348424039 24.42895891606491 23.489752135101526 22.82329247381421 22.43944262269548 22.325872063231465 22.460987322065414 22.777387233987582 23.05062265184915 23.219718744911624 23.358804580412684 23.517237273697443 23.67057838369577 23.827743797957805 24.03033531080205
24.180071973865775 23.236833740650713 22.242744706769404 21.244044281282495 20.280000386708412 19.37787944768868 18.5500798505111 17.788813830402063 17.131546049168996 16.62337922145803 16.2493778846119 16.013709589046837 15.988280466451677 16.47774700515153 17.836848232755543 19.65959177680173 21.602721579497057 23.522965290254085 25.32301267065987 26.953148740841165 28.33480303877069 29.40733031202192 30.117460887613344 30.44346917269294 30.40357292539516 30.04730409146818 29.43925198690001 28.634105897638307 27.67214595737441 26.645802734591477 25.762748985927143 25.10442201422266 24.656016653309106 24.373421464384844 24.21347657421374 24.18074713091069 24.3126114188236 24.523879965843957 24.6100715516504 24.57219058590222 24.55137616140576 24.568458479078487 24.640226190578417 24.764560404533732
