_RESULTS/CROSS_VALIDATION_POSTPROCESSED/Berg/TZ/9comp/2/Berg_TZ_z_250_kriged_reverse_9comp_spherical_2.asc
ncols 100
nrows 90
xllcorner  5.6208707817415728
yllcorner 50.959635321741573
cellsize 0.00013419651685393446
nodata_value 1.7014100000000001E+038
[rows 38 to 56 of 90, columns 0 to 43 of 100]
23.541304076284288 23.45965164503959 23.346304577301073 23.20329030550652 23.037251873957228 22.857606992510178 22.654985055390245 22.43125629319366 22.202536053660875 21.98311249174202 21.778870245051284 21.57509505201961 21.369022743698668 21.159087600791974 20.94338628435462 20.7200924510855 20.487369573364326 20.243127519312225 19.984835399994513 19.70947636450044 19.413660109288504 19.09389182784968 18.747087558469723 18.373808825051352 18.481437206185294 18.98768248222831 19.461720167143316 19.925970810972863 20.377044457481635 20.801723487545914 21.197568837670246 21.575986221279255 21.933754364493314 22.30072698662264 22.676383272706904 23.059064360266653 23.43325569474296 23.77984175607836 24.092576820173495 24.36468023214768 24.58864341012072 24.756129657995995 24.85805144804851 24.899876401195154
23.486119229744503 23.391543243649803 23.277368542951702 23.129801315397263 22.954167890037798 22.76119728333662 22.544738363445973 22.310705826819902 22.082781967289645 21.88084273864116 21.702525961412285 21.52996562075529 21.35684556520688 21.176558592514073 20.984087270770583 20.776107852957157 20.550345046140777 20.304921234738778 20.038010832260273 19.747964075788673 19.43424509572905 19.10039773996819 18.76580991280637 18.513006220499076 18.559227007294986 18.888632338843077 19.293216686369586 19.719535208277996 20.155230180609077 20.582184335417598 21.0025307323998 21.405110923771474 21.782192575489006 22.13428583609027 22.504905399767818 22.88420430367947 23.256504642904027 23.598868183919816 23.903935755867742 24.165271445534664 24.376040555193686 24.528935755047232 24.61623503372144 24.642471808264904
23.431866306074 23.31882831081051 23.18573495691166 23.02777921092954 22.834163107556076 22.61483210162262 22.3693974581915 22.109522862945155 21.87432503484358 21.69477640017091 21.556036002832904 21.435049940806348 21.313864119634847 21.178821107931874 21.022174604069605 20.84032833725654 20.631847925941436 20.39620682928903 20.13337187438001 19.844319136740054 19.532826268242992 19.212591802274652 18.91908518287829 18.724009755139672 18.71534558974968 18.89760010996622 19.193893222822005 19.550668685849676 19.957551758052723 20.39480006313636 20.833803384270823 21.25531390229782 21.649061063892454 22.01064633734965 22.342606048208413 22.68462930027943 23.04062037147053 23.375947986518383 23.671871778094157 23.922306338981798 24.121000034490912 24.261477040219624 24.337110383216995 24.3556799148362
23.38228236994412 23.250879266771083 23.092132038424626 22.90294285718912 22.680647504204067 22.418746732915004 22.120864193733695 21.80669066395827 21.54801205333426 21.40072355619257 21.33333735069479 21.29701768638896 21.252649986983943 21.179517388435045 21.070051971202098 20.923065603269464 20.739783077007083 20.52210640297627 20.272268062804464 19.993110253523348 19.69273344305213 19.39035229979967 19.11818550026134 18.92366098067471 18.85366338739726 18.92370673321197 19.11288160527294 19.400924052547754 19.792263195028966 20.237171562151936 20.691196759003596 21.127498581430267 21.533391772032473 21.90445326965504 22.24023459920648 22.54259118213003 22.8420139058168 23.138052406902528 23.40742965478047 23.639927136033442 23.825882125406995 23.955469679966512 24.021880113849395 24.036185867714934
23.34165037810603 23.194039465565844 23.011583159380802 22.786985205501523 22.513129368111592 22.187433496129774 21.805373281384213 21.384320403279993 21.064146995857254 20.977973840713577 21.04611709955083 21.141631885488533 21.198710581071882 21.19894480915929 21.142302043073233 21.03389699143573 20.879391549781772 20.683730538663237 20.45059545692208 20.18455650983 19.89789283293163 19.607379933182102 19.336316256219003 19.114310705279724 18.97165061064097 18.93313485640197 19.028382275751618 19.26674193474189 19.647539863039597 20.103961400189384 20.572951947295167 21.020962700912076 21.43468291500003 21.810753941933342 22.149968218750647 22.454431212332956 22.726213276049847 22.97468671710916 23.202835285185383 23.399249696585684 23.55531614904156 23.66304232414456 23.717175526663762 23.73009660210706
23.314161669822465 23.15495040583879 22.954880705844545 22.702534378190688 22.383161347137243 21.97976644860048 21.476461896837638 20.863488956909595 20.36996639560242 20.43995787762328 20.76041327454065 21.02718014839361 21.190990039468094 21.2606364205498 21.25199286273088 21.178793541011736 21.051490663283488 20.877414054324372 20.65996837095077 20.408739749903482 20.134824530851667 19.85037351547889 19.56946696718041 19.30803392468144 19.091904770368405 18.95381973732536 18.944320415883436 19.126910201746146 19.514289650904097 19.994501305421988 20.479541295793847 20.935197458374823 21.351585514670813 21.727893226065703 22.066514648282165 22.37056960741335 22.642747549119598 22.884804294261983 23.088686956332637 23.251554511274616 23.38015144897171 23.46727596614089 23.511515319464905 23.525096468181342
23.30302879579295 23.13896632532308 22.931365889641473 22.666758844701967 22.326201055834666 21.883227295808418 21.301579072303053 20.499503009282165 19.43438387731695 20.042676359826558 20.647825765115474 21.037298081908254 21.26829801445235 21.38146960820358 21.40459913716745 21.356702111253423 21.25083518687719 21.092917381180616 20.89023101583404 20.653178100241295 20.39045231512011 20.111100393382163 19.827327027282042 19.547733458014413 19.279407162281757 19.033948508226732 18.863535186377597 18.96463028114815 19.406264838126503 19.92318275742907 20.417260794862575 20.87100154515058 21.282285480786296 21.65320089729842 21.98727497139275 22.288129722123614 22.558673184614637 22.80069568679803 23.014175261726542 23.184438073132 23.304251732491434 23.374540408358197 23.41289881776755 23.429238185787895
23.309644077791937 23.148475101009144 22.945378235433235 22.68813266797066 22.360376841689956 21.941602716053023 21.412190867373322 20.77157158599163 20.239705577857812 20.436054869804245 20.87980365578223 21.224041779005788 21.444618730099435 21.56103923795943 21.5936058494719 21.55824028705825 21.465418677046777 21.319707997143947 21.13243990294463 20.913563730530495 20.671305526157017 20.412401197269592 20.141695298426004 19.86113695715421 19.56834847465628 19.25515892321813 18.90707389733287 18.841317488097097 19.410374528344036 19.924952694173932 20.39665228527341 20.829138041959087 21.223871761119597 21.58280697960094 21.90865671501695 22.204296632522734 22.472071065648596 22.71333162824164 22.928273084449458 23.1136387382133 23.253550953091782 23.345427728139565 23.404818272534637 23.439064894264185
23.333173705275318 23.182041924344333 22.994297678619834 22.761502458388076 22.4745361775376 22.12741036037297 21.730159502436504 21.343555329083262 21.104223483448255 21.147049977106896 21.355452052921475 21.57033505453212 21.726491707597816 21.812739041098126 21.834435725197675 21.800224351250115 21.71314392781175 21.57937163356189 21.409015648758945 21.210087928196376 20.988997234899458 20.750606113849738 20.497957502367868 20.231905372119467 19.95142587009699 19.657951009957458 19.384563915980788 19.332677447786377 19.630297777821475 20.02191101984003 20.420549030371618 20.806170384158694 21.170930666937377 21.51128987136716 21.82615924450191 22.115805360814292 22.380876293393758 22.62164985879179 22.837618023327977 23.02737391968524 23.185166251224995 23.302957897779404 23.39258578763358 23.45769994745305
23.37080374780936 23.234931573348362 23.06974919596097 22.87116152373627 22.637160952252234 22.37251488873332 22.098679929767577 21.86816555287791 21.75137963418734 21.76417065968765 21.858018969420982 21.971933171737508 22.062438905265015 22.111507066283153 22.11566437449696 22.076236785955054 21.99033822948847 21.865040991507996 21.707959293972294 21.525365048216155 21.32238280525365 21.103011708932325 20.870127060752253 20.625892954515983 20.3738061597704 20.12574984834995 19.919940543392382 19.836931968002446 19.944459859081316 20.179088422126217 20.473165079948583 20.7913390325576 21.11472920027229 21.431678518852188 21.734712858172355 22.019405265776314 22.283346430568653 22.52502267635104 22.742930027990667 22.93509459679747 23.099929052264002 23.245619205301733 23.364445764089233 23.464591625224564
23.418504963654694 23.300664108525147 23.16098244876094 22.998749879571168 22.816352316711097 22.6226183285237 22.43750842079208 22.29477388762941 22.233269749903705 22.24689938477426 22.294988492750655 22.352997105926466 22.398603347747013 22.41851942407639 22.407584862769443 22.361443229630684 22.27583916569675 22.156845683830305 22.010089559587318 21.840495511168523 21.65231429546834 21.44912529467997 21.23395131264241 21.00984201608735 20.781668300174793 20.560140217365987 20.366878977838805 20.242278683556865 20.237707976020427 20.34255143884743 20.52808387811362 20.768790344544808 21.04414607289722 21.336153795696003 21.629417625754392 21.91260752723473 22.178719012778604 22.423765549965832 22.64510879460986 22.840303308606888 23.014437819175324 23.175669651344094 23.32053664729405 23.461553750197904
23.47194393885235 23.37270008686368 23.25806711590798 23.129325445792677 22.990629624726125 22.850783805246035 22.724756785125074 22.63286689166901 22.594979624003393 22.614464453593445 22.64865463018667 22.681812575579503 22.7036885850246 22.70676361755622 22.687236412949762 22.636455345945834 22.552016308529804 22.438457134021476 22.30006405593946 22.14082441317911 21.96437624161685 21.77396332681897 21.572478393031044 21.362773545432955 21.14849618564662 20.935513809136587 20.73289442672397 20.569576718636984 20.483100230300906 20.48153953540982 20.56356613519785 20.723011108900113 20.947729647197544 21.217263019907147 21.506710766939108 21.79478758891571 22.06808354527104 22.31972490715461 22.546177916720563 22.748108254703585 22.935780082590476 23.108813184568685 23.266378905211216 23.446067295805843
23.527201295002083 23.445565309891883 23.353531984282768 23.253236900197784 23.14901476097888 23.048137757077548 22.960986602946146 22.89974904098302 22.87507580002446 22.891002347711865 22.924904030135824 22.951140035298458 22.964450554748794 22.961416173895305 22.939448093882007 22.88794327697338 22.806393615340156 22.698335456517775 22.56725193580368 22.416515067689623 22.249300296670565 22.068479097238164 21.876521113386147 21.675458890487985 21.466959491340294 21.25244375325858 21.03389132399807 20.836636114367174 20.68309039297419 20.58852380185533 20.56948549315897 20.642788521928665 20.815297944637678 21.069316078068052 21.366158185941842 21.66881718883272 21.955476585935383 22.216861174055364 22.450838164632195 22.667134394898227 22.867528551232535 23.051156257399256 23.222283505269345 23.426139399169756
23.581158613788965 23.51527550161899 23.44257844035927 23.365357839472573 23.287424902075045 23.21431959319125 23.153056659063715 23.11108181449005 23.09442278457953 23.105697071067134 23.134644822289616 23.16324202078266 23.177524758569234 23.17602786239326 23.156558663900206 23.108089953265512 23.031354873723416 22.929405813138096 22.805276350063426 22.661937015833786 22.50219327453943 22.32852617651288 22.142876582419966 21.946366009249765 21.738927725506304 21.518795983806772 21.286567381760847 21.060599810519264 20.85119328212667 20.67249443074329 20.5494655497588 20.523360655592786 20.638293144021713 20.89050879964122 21.21386200813857 21.543569379782223 21.849070229856 22.122373496704625 22.37222110397611 22.602355553233274 22.81347973511202 23.005664047993108 23.19011540913885 23.41270343658807
23.631594266661516 23.57927496617741 23.522581644869106 23.463611421764526 23.405455020630214 23.352179922235074 23.308510983198165 23.2791132282731 23.267564731151584 23.275372958319817 23.298698876163897 23.323621042457262 23.343783259932675 23.348751873607924 23.33547856450323 23.293061516039085 23.22296152722919 23.128012235769766 23.01099856586861 22.87462300429631 22.721397367837532 22.55345608378361 22.372278012231966 22.178285709276267 21.9702647846986 21.74453002915281 21.50496906951074 21.258544715180356 21.007055785119537 20.7568549906324 20.52702865561957 20.372101713766572 20.409116991344632 20.689845809161568 21.070151197332855 21.437211280261558 21.76275622706534 22.054543570159943 22.318643716790113 22.55878211852331 22.777261738856954 22.975025482859618 23.169819537898256 23.405125502089444
23.677100095493632 23.63615784165542 23.592438016859486 23.547714733288192 23.504390010920957 23.465402833257567 23.43395641096812 23.413049928963353 23.404895554094225 23.410405309032846 23.428775542526015 23.44973281574102 23.467415547459193 23.479886126494037 23.475491136856164 23.441489210813554 23.379673477357283 23.292778976366527 23.18344916375462 23.054207132912705 22.90734989612641 22.744759448819472 22.567613020696882 22.37595261445517 22.168037422696514 21.94138240720634 21.70108090306508 21.445522477840427 21.171480186563134 20.876196213026258 20.560184027013836 20.243424697106885 20.12027879691786 20.520825802396285 20.983205074919887 21.38032648891767 21.723880432866785 22.026224145728264 22.296533787094628 22.540647481900972 22.761778323502014 22.961288097164203 23.161373069195474 23.402863076777564
23.716921068589688 23.685350651939448 23.652011743148112 23.61834006762441 23.586159634323593 23.557582188391102 23.534801266511792 23.51979092524845 23.51396579087085 23.5178999023303 23.531204019227463 23.55014436870592 23.565402104258084 23.575886619114584 23.577072448253553 23.553318112758333 23.501305072807405 23.423646220691317 23.322903687800355 23.20148838442842 23.061564209858247 22.904875400100664 22.732479430861527 22.544344836825303 22.33880277698883 22.118168240713523 21.88336860055019 21.63119696218687 21.357613853890665 21.058038912920722 20.728155219001035 20.36932905433742 20.135302064586934 20.5760803493683 21.02700728161529 21.413192025171746 21.748042278427082 22.044061457079103 22.309786827252715 22.550396884448524 22.768622164705725 22.96549707132958 23.16455083210485 23.405350863523935
23.75078162894734 23.726836276563603 23.701736264332595 23.676614455887083 23.65283919833219 23.63192748409957 23.615397621769958 23.604575431182113 23.600390610850052 23.603215983099034 23.61279901753651 23.62828167007737 23.643057278880768 23.652704956570084 23.653575366201327 23.63224884379285 23.588291845717066 23.5211192072262 23.430134972137548 23.317652725212234 23.185779099012823 23.03622736595629 22.8700905168582 22.687497437971444 22.489423771585866 22.279215877464097 22.055807272851016 21.817604018141033 21.563386242760913 21.294296750216198 21.020003879630803 20.781073167771176 20.708486933163435 20.90409908320155 21.217891331065168 21.5370845474251 21.83468649239885 22.107836411671595 22.35831736229398 22.587952281964625 22.797662311711058 22.987443994686597 23.17875528165625 23.412803455245378
23.778728005054514 23.760938706914548 23.742346982129554 23.723835703433092 23.706426557278945 23.691212591732214 23.679255804723688 23.67146192724847 23.668455535798124 23.670484837961627 23.677381847947903 23.688589461526217 23.702589976065237 23.71271220580368 23.71506067226902 23.695920479421552 23.65418927758605 23.590899671407357 23.507058556191883 23.40367048336024 23.281293272674226 23.14050620922394 22.982521188010885 22.80860110902556 22.622754233018366 22.42585255936839 22.218149643654485 22.000314280273873 21.77473319118554 21.549587706507246 21.343711296659507 21.19595097137447 21.163959091708108 21.273353540516247 21.47881268056135 21.721803746801537 21.97004226285193 22.210413891028356 22.43798352905418 22.65063309047588 22.84697251313116 23.025605689502566 23.203107269158917 23.425778965882433
