_RESULTS/REVERSE_NEW/MHZ/IZ/7comp/MHZ_IZ_z_125_kriged_reverse_7comp_spherical.asc
ncols 100
nrows 81
xllcorner 5.5967107548124995
yllcorner 50.982328804812504
cellsize 0.00017565037499993607
nodata_value 1.7014100000000001E+038
[rows 38 to 56 of 81, columns 0 to 43 of 100]
9.74240980296139 9.871593984966932 10.033031278560374 10.214564078481052 10.409673845093598 10.60895204289445 10.801307807778567 10.975806119579774 11.112306510964324 11.207407089851161 11.296598800327558 11.372995453115067 11.428332716466702 11.457186410578167 11.45824097188858 11.446899246453288 11.436606332400224 11.449140024875765 11.504006812484597 11.604006356329693 11.743604948961774 11.880220832340125 11.976190548411147 11.997895430678385 11.905332288659768 11.656045313864396 11.234212911863835 10.657081289271222 9.963391976972476 9.209223048552886 8.440331031090329 7.693731379033399 7.036348660203176 6.495106604128617 6.13049066273491 6.153127293744755 6.409393477044147 6.734059068408017 7.09891865645504 7.495301287905829 7.916511656078849 8.352256584921436 8.793971689910988 9.25059151390179
9.783181711185911 9.904714059594632 10.061325513140888 10.235456421131179 10.417413914251016 10.59821896355549 10.770936593954602 10.921771076897379 11.034750148173057 11.118459447710167 11.20121224758843 11.275918214101589 11.33738682574049 11.389900536050483 11.434272264243367 11.467063706001959 11.511405139323427 11.594535050399617 11.723780472354225 11.869061152523715 12.032472177960091 12.1975489415394 12.340272871739783 12.429733787004746 12.413447125875383 12.202837142310171 11.732491167183499 11.038339283414235 10.239876371001412 9.421427843625017 8.626836704772415 7.878051356969914 7.2249591894924245 6.732354726441687 6.45645920387685 6.409779688314715 6.543009066058063 6.778754123074171 7.06881946668639 7.390248889851193 7.728731490404163 8.071622328049118 8.436840003794549 8.812715350781119
9.78770009754853 9.92318690206268 10.085578948050419 10.259904973485447 10.435885416839925 10.609421916107895 10.771428853191715 10.908125254473637 11.004520234316674 11.076956558783579 11.1527053661589 11.223410550508788 11.285507355166635 11.340690531358224 11.39883231040942 11.467548361124399 11.55956445881366 11.702239025651608 11.88829382514003 12.077755400771476 12.273254499316897 12.468012110317018 12.654147457931922 12.819947133069778 12.930228057862209 12.839436153448098 12.268760604318773 11.410514305139962 10.510698108543828 9.652180629247384 8.85761186228 8.133588402196347 7.502388241718825 7.054312657160962 6.813716184659989 6.732963111865704 6.788906064207432 6.9440386755951575 7.158824838108649 7.406180992706303 7.6668446016684415 7.930268050880931 8.218299253378381 8.4789392026202
9.802399769334812 9.942356910085882 10.109935628367408 10.289447984543845 10.467625497245008 10.641409587003151 10.800041065638856 10.930927163551733 11.019622879323355 11.08274763379797 11.144255900305232 11.202593005989808 11.259149392924737 11.31333562291853 11.371965818593681 11.45429720381405 11.583184079748463 11.765939418789964 11.985405691870668 12.191621323400716 12.387660427743043 12.581509223960547 12.777882513417586 12.980646513034486 13.194192196416187 13.409163520882917 12.575289464290378 11.59606938133662 10.691083062832755 9.863190187605628 9.104155095945377 8.419041093753561 7.833689584798196 7.4184112538125655 7.19499704325301 7.095564208644131 7.105507647493068 7.200815993794081 7.351933091438778 7.533834677265448 7.726300090370225 7.921012035697128 8.114012983551618 8.27611131360881
9.826909112714564 9.968917834452355 10.139230770676912 10.32637360552098 10.51329984873197 10.692276472242423 10.852838241896535 10.984028335904302 11.073578697675474 11.131342140306979 11.171785656235198 11.208254071028941 11.248712313153035 11.294525757492243 11.359027221739412 11.458900907902358 11.590079085013407 11.747056714852262 11.951160218571067 12.147607869129997 12.326551545475393 12.497230412063171 12.664761262644545 12.827529618833358 12.956022455525378 12.877866889668049 12.313225997536973 11.510475933137645 10.711847644355736 9.968167364239093 9.284416884744742 8.676761608418015 8.18377423796773 7.813134533457536 7.598939826106582 7.493452122859538 7.478770032926592 7.534266501305726 7.63722718340617 7.766296311852057 7.896735927919061 8.011494981542329 8.120355408278174 8.19870303369581
9.86068439325567 10.004216832217407 10.177467628081368 10.373263251551984 10.572727043716679 10.76040584701464 10.925437611235852 11.057927986270943 11.149775067707541 11.216318911196172 11.216155390398715 11.228237204401466 11.255871533245063 11.304414137190792 11.376853911744224 11.456664687880147 11.540066528775627 11.639168626841027 11.786526119272537 11.960026124944374 12.107974075091551 12.237580339768545 12.350300795706593 12.43069573554154 12.414250946139067 12.230491969310998 11.80857975385727 11.218573148135496 10.581952931750163 9.958754954726318 9.376325304846604 8.877761917753304 8.491287269952807 8.211297613942335 8.03630774903306 7.941152594165477 7.914111064621208 7.9444975598488465 8.013498127759355 8.102824468205071 8.159416216747474 8.201191065074715 8.238325925137662 8.246824175594437
9.903039595142792 10.048372365840768 10.226305407358593 10.431043632452447 10.646572830194865 10.845863926399238 11.01590938859456 11.145735152074339 11.224910317376564 11.253337318015895 11.261842074130422 11.27305981648858 11.300917241544239 11.346212806436249 11.383554118916143 11.41692354887563 11.443871845472806 11.478834340432236 11.545915963133643 11.665331239953417 11.77365972229319 11.854121603320555 11.901317788633115 11.883395051954174 11.793671351909559 11.595588019143214 11.264658803190937 10.828705590773627 10.344589691778918 9.85037590313668 9.385671541734016 9.01237263034742 8.742692075532714 8.570162009572238 8.48290710747157 8.44353247313119 8.433818497340202 8.453899483420827 8.502776863639653 8.549956123146375 8.533602341588363 8.510680923190188 8.484983987832965 8.42959562288059
9.943246334442454 10.104083337161567 10.290179988289337 10.507232512967219 10.739229366274007 10.954583352048509 11.13269822167822 11.262264063051262 11.334399678992236 11.349802157057946 11.35422828944804 11.363185996643056 11.381663805587221 11.380861066474617 11.36581788406485 11.344535877364873 11.313418126445628 11.28161271736227 11.266002541382635 11.299827573826523 11.359443775394842 11.380081914449077 11.345989569611303 11.27058588535554 11.153276552020435 10.971206331181167 10.71516587832768 10.396734469983343 10.04107393968719 9.667269714602519 9.326370610220824 9.078400498249483 8.933430990686437 8.882743107032805 8.915690212139275 8.9811141122119 9.031135273123061 9.07276904102783 9.113180191630578 9.107171410340609 9.028880429547499 8.947016132229242 8.862120374339995 8.741878920750398
9.991493336409164 10.175439718198358 10.395328772623746 10.640535770564457 10.891254321738348 11.127866814499317 11.318940704918996 11.451455388886764 11.51949252643437 11.523762453069947 11.510876807613375 11.503005479886708 11.468191288111719 11.4063245389181 11.331554690582356 11.249481698213023 11.156520215688296 11.059609122815178 10.967682839012436 10.904968467116385 10.87361812211212 10.821912106122278 10.73061519226996 10.62861419139423 10.50713505451963 10.355036657789594 10.167599945093803 9.94742832526066 9.701608737764088 9.43576549506531 9.210698045581127 9.077989623206458 9.064237694571998 9.15760908770326 9.329150356613116 9.53507730303786 9.692796328481608 9.791789248405848 9.838196081078085 9.783943223946673 9.652590156624603 9.51677886049995 9.371499324896805 9.185152602617972
10.048043340386688 10.254941855136707 10.522722141066042 10.825883775163144 11.124015669498913 11.387171658414417 11.593011775373268 11.726197184738416 11.786216231707511 11.777076897222253 11.733079005857562 11.665484353806086 11.557637402086254 11.425518392209137 11.283725185921302 11.136346986630711 10.979044443559747 10.813356810916368 10.638109961910278 10.469931058338666 10.327060487291565 10.206269920982521 10.08502561806635 9.970879922153324 9.859453298435382 9.745257882069891 9.624452929624585 9.49388691342046 9.349126594931601 9.18742860330891 9.062004467729448 9.015502089909555 9.148011864907222 9.415769228165583 9.737848457272765 10.084998051425865 10.380871812858475 10.58739577516036 10.671852509622765 10.588068724750164 10.411761494549884 10.228447028531045 10.021496561386881 9.765623546247655
10.113585728422372 10.337924691306798 10.677191639033225 11.060047699585642 11.418534940516958 11.718003138337787 11.941307399670658 12.07767993794652 12.124902577523189 12.096444611448437 12.000568416840904 11.845784887708803 11.653611134968708 11.440211233652999 11.219333264633642 10.992665121720805 10.75477965508065 10.51260872822714 10.260638496133422 9.993417386153977 9.741980360503582 9.551624403188114 9.41682620629551 9.30321067342961 9.211216873721344 9.140024230856449 9.085984929925733 9.04295075342094 9.000157974334913 8.951664612850818 8.936946807387132 8.955089172038909 9.261662534313814 9.69453995724465 10.15361165848631 10.624029300249974 11.062093276855837 11.399071732993974 11.571690898883597 11.519649186743862 11.308895353636046 11.08667009610499 10.8270487847529 10.518655004972462
10.213975637985497 10.421382195256331 10.894921380120733 11.374126436288666 11.79256170033437 12.119878107289612 12.341207817638342 12.458688863924172 12.482947447595665 12.42522280455715 12.256153509677418 12.003600798543777 11.716379889958013 11.411062384864916 11.101152871205072 10.7875389856743 10.46681059700634 10.150125000294205 9.845407254326767 9.4781897315049 9.127720831647089 8.872959200597865 8.72151333920699 8.618979082838422 8.555767063021406 8.532335884214673 8.546204363844506 8.591441750515408 8.655475077354374 8.734492340100743 8.87173308403644 9.098529116549985 9.482540639520632 9.990965491914853 10.54967106370967 11.122129179344867 11.680821700052405 12.14735209461247 12.419075664155336 12.454859988094757 12.287086577476456 12.06329252845416 11.79458044493847 11.506696462274341
10.484627210557164 10.751234657953415 11.270364864554352 11.802865628377443 12.259872305533888 12.597849692756144 12.798105979321948 12.869916408651221 12.840396074041735 12.721530996688882 12.472225769529025 12.12210728767549 11.734578844553617 11.334084716365062 10.931633304463546 10.529657597029823 10.122893815293178 9.719354278415388 9.315587937838005 8.891312889857671 8.493441335309432 8.19807267501801 8.017170942621599 7.919882827356341 7.887274391186165 7.913683311191849 7.995363619307429 8.128167513882605 8.300668199304367 8.506669529487375 8.788887608289247 9.16636163739818 9.657684895560008 10.249017378030546 10.898669156070044 11.564832534888705 12.214021102702134 12.798198062845017 13.175431912544882 13.31599782785923 13.23058566549416 13.017957714493408 12.782772692393326 12.562520069252855
10.902140861748109 11.279059973977821 11.784773293190574 12.33168298627538 12.813591971165476 13.149090889685258 13.302976201117866 13.299625768846932 13.189394250133862 12.969115039323956 12.629044006491435 12.197715520715438 11.710699303116495 11.21502248810112 10.721478747354238 10.23400982266511 9.743927759267528 9.255128659049289 8.766925858095902 8.291930968737272 7.865683123967475 7.542265051178579 7.335736711764691 7.226269238947171 7.2101391118049944 7.282546863554639 7.431015692962549 7.647487772347633 7.916690642689185 8.236684763907947 8.645229104819743 9.15010495131845 9.754377174126356 10.445504515534354 11.191793681134046 11.94996780452111 12.68005109930577 13.354976846185556 13.83755329760749 14.074007743693102 14.047351058038624 13.830473699353698 13.594961757533019 13.382522434820135
11.312472383069666 11.764388983990418 12.306394239785678 12.891196993958658 13.418828515230619 13.753774914000239 13.826072049501345 13.70985363325743 13.493411857673735 13.160588954526538 12.72472591431443 12.213007770470934 11.646437692553144 11.060995307626943 10.483705198906495 9.918750873695902 9.356250612189166 8.79789174876054 8.24841125490418 7.729023934785946 7.274686134665327 6.92456049177904 6.691517676562821 6.566374512924736 6.548588639529972 6.650232919539481 6.864794900565864 7.161653979781065 7.52544862414875 7.949800914356507 8.467857632035402 9.083881454381102 9.797238165260357 10.596590013852444 11.452552647893818 12.319882344170535 13.139319838340215 13.855007639308006 14.381548143329544 14.66807302969305 14.663430284042347 14.426365426846324 14.147024444478125 13.864818380765326
11.660111288602627 12.161475960285312 12.741764211071702 13.378536263724028 13.996462990982266 14.368397808207648 14.28950901036323 14.027901012221418 13.699786078463669 13.269345818421488 12.75355522835904 12.172731550539199 11.545404414945581 10.888776291973945 10.234908211808673 9.601997018362596 8.981399307939428 8.370362278777874 7.77646901426553 7.2222765430196665 6.7417213796795705 6.363345418794261 6.0996691029623955 5.955376491785822 5.942288216816656 6.070359176734131 6.325965061977837 6.690098292990062 7.140220799139087 7.6551454925629665 8.263203603239667 8.970843049965712 9.779345634715538 10.683025988941083 11.668019493933423 12.688436240423066 13.618111043674878 14.341994915392423 14.814079078540043 15.043686807958586 15.021950483017509 14.762494475431968 14.428455270468527 14.082437470023434
11.914747196490891 12.431971411886993 13.017051615068315 13.657043721892922 14.313525004206593 14.778509153195255 14.498130602120032 14.1526528976922 13.760408190728949 13.270933209451352 12.702667609284843 12.07495344397431 11.405629430926057 10.71119668198321 10.006455019435933 9.315407151699155 8.648703196619795 7.998401800548042 7.374122293989685 6.795660647283364 6.293171276235446 5.887540488600567 5.596657463561998 5.42774960358967 5.401394162107267 5.544793307736284 5.8502210565679755 6.276793687641362 6.790381500543881 7.371719814197139 8.04207242814022 8.813920510213096 9.68997476380723 10.678458293392183 11.790787275895237 12.99642227461204 14.113378795304898 14.744164894612794 15.060650002002014 15.185413321332266 15.132834872264308 14.876261434046235 14.507621808642632 14.1272360690773
12.062642692646511 12.560439667136809 13.10211317762033 13.659197034643478 14.16027110079855 14.421555381397443 14.32252489854836 14.040663569106881 13.657797452688936 13.157409809328403 12.570925071210166 11.922443025887857 11.232289714855053 10.518284806079835 9.795849272616449 9.077887044745218 8.378190110413009 7.7029406413683805 7.062835566381367 6.47090631230795 5.953982413919884 5.535502118657851 5.2162909710369 4.994476066301152 4.914431544732283 5.08263547378373 5.4629844454963195 5.959031294720239 6.527660545128898 7.153722218545585 7.853548622216282 8.647703277007517 9.54641279620842 10.575038036486564 11.740388926526556 13.03430398649894 14.329750373242401 14.791225493861662 15.04122047858622 15.135321214638697 15.064370438776137 14.819374111370973 14.439177479033779 14.037603051397943
12.109315732561715 12.561162574501472 13.028710555862899 13.472688942067359 13.828477906469777 14.004756299678078 13.962903519578553 13.758987221266707 13.422371014013454 12.945913025192482 12.369914804563905 11.72441767279812 11.033621404756067 10.317800639431237 9.593847378936413 8.875409825883636 8.173144633285306 7.492156753124439 6.850422842814171 6.259079149947663 5.750686111811655 5.333260197643779 4.995182863718983 4.701035380902488 4.488744057992727 4.731411431310077 5.222098097643893 5.776899740050507 6.380084206966269 7.02815639911277 7.732241888947096 8.517517210194251 9.407864064835305 10.417403757069485 11.535280971805859 12.692554228927932 13.707076580373863 14.361949585750372 14.740209492020384 14.894702823038708 14.85920140151356 14.638172201461916 14.268932707317758 13.856345758332012
