_RESULTS/CROSS_VALIDATION_POSTPROCESSED_CLR/MHZ/IZ/2comp/5/MHZ_IZ_z_1000_kriged_reverse_2comp_spherical_5.asc
ncols 100
nrows 81
xllcorner 5.5967107548124995
yllcorner 50.982328804812504
cellsize 0.00017565037499993607
nodata_value 1.7014100000000001E+038
[rows 38 to 56 of 81, columns 0 to 42 of 100]
-4.271122100072937 -4.50520853697768 -4.861833290631647 -5.2259814527265025 -5.579159837415203 -5.9135920873457986 -6.225909530973801 -6.519179547349938 -6.7767088377840405 -6.993035683853594 -7.194363690134282 -7.3744826756586725 -7.528519481334067 -7.655653343765338 -7.755604673125348 -7.810853146579319 -7.825111875170201 -7.816422071883598 -7.8261019873846 -7.889982713214726 -8.00179441465799 -8.119586535334193 -8.210521307238528 -8.249746971965072 -8.208934203266118 -8.05604239661573 -7.775858629593911 -7.376287651800766 -6.876356622497732 -6.303270910770858 -5.684148259830645 -5.038453887252373 -4.3767257182542 -3.7316219610342776 -3.187216815896803 -3.014380842486972 -3.0986209810358574 -3.2895506555902556 -3.557580290543432 -3.8908734894690404 -4.27966612112313 -4.7128591601072625 -5.174295448968632
-4.557895877916561 -4.866027359949538 -5.235001858770891 -5.584024280203277 -5.905776475482845 -6.19906866062985 -6.473591064146706 -6.724865532270167 -6.944894108654976 -7.141175469945416 -7.32975449040437 -7.504670589815213 -7.662394521929697 -7.802422721815975 -7.927586059756695 -8.037608271959922 -8.116632356256305 -8.183406334503108 -8.253816907221147 -8.339774303392161 -8.444481056556452 -8.55328692053224 -8.647112164976475 -8.70433018662338 -8.68868429087108 -8.535343179340812 -8.189855084103485 -7.66877166591434 -7.051476500003314 -6.396978900781611 -5.7345109530566045 -5.019124454798831 -4.285932460507378 -3.6204790625879384 -3.1411364575129648 -2.904524588110837 -2.8764997297135606 -2.9915881233196018 -3.201216987515673 -3.4807416425165605 -3.8142917991816323 -4.188203350961179 -4.574899072045378
-5.288163908329773 -5.460617243277988 -5.744114185601221 -6.036068996590128 -6.304635879090833 -6.553923937599582 -6.7847246884444745 -6.990989617399919 -7.166852410624217 -7.329638365820971 -7.500456792789413 -7.667249011045915 -7.824646482130112 -7.972254328588105 -8.112295563650775 -8.250025448927692 -8.386398810667052 -8.510592772788257 -8.622481973574596 -8.728513379434684 -8.833886876553628 -8.936882816506838 -9.032121650437318 -9.111551083256996 -9.151872514407076 -9.049933323247416 -8.59520378686707 -7.910565756114774 -7.170541572171673 -6.438795448669506 -5.70814871514028 -4.93184336827146 -4.142762286943274 -3.4922249144335984 -3.049132992078193 -2.7860323248305274 -2.693182299728842 -2.740945088312664 -2.8898176921976075 -3.1121915424224884 -3.388889870397048 -3.7025505261133733 -4.015693174511505
-6.019294436849082 -6.140146632855981 -6.340524505450959 -6.560859054436797 -6.769078366691288 -6.967251427576344 -7.147908419018761 -7.305551320401 -7.435680423809806 -7.55894143289404 -7.696720749201766 -7.843322126761795 -7.994055645759302 -8.142986653440342 -8.289735829639108 -8.447321821203246 -8.631147762699296 -8.789578026771808 -8.929032509188362 -9.047483236843707 -9.148324740225851 -9.236588098126756 -9.315695933810261 -9.389682218125738 -9.464252120772153 -9.536660109569288 -8.845639970101933 -8.008261119316472 -7.190939611400195 -6.407636203621129 -5.594423442004256 -4.753562237535741 -3.9560248409952075 -3.329289498670478 -2.9084168657403238 -2.638221510883165 -2.51507022896401 -2.51806252778512 -2.617419171239165 -2.788273343547952 -3.011934340656496 -3.2644415088754326 -3.5123156837067926
-6.7468772779125965 -6.838118434445412 -6.975002083074127 -7.128497288315901 -7.279135333376954 -7.420884357847235 -7.54682948526277 -7.652690556883146 -7.73527024207153 -7.815093334174492 -7.915829930724271 -8.032491822484737 -8.160751075045598 -8.298063902962987 -8.455896049349862 -8.641279545422561 -8.839997715126884 -9.017069165114824 -9.170282284634846 -9.292093622352844 -9.378955214637353 -9.437491714456753 -9.472395368352235 -9.48470649452762 -9.457371374748082 -9.268593634565685 -8.6935981934905 -7.901051328745266 -7.080682329608519 -6.259315056598916 -5.386415974504817 -4.50750496562252 -3.7447662694423003 -3.136553626764889 -2.7256522350846017 -2.4648915009354173 -2.336567637156116 -2.317422996631411 -2.383392461116104 -2.5132778398322753 -2.6908206634706913 -2.884843583165904 -3.075504939115211
-7.4663311330984525 -7.536192303377969 -7.621926276267804 -7.716493425202872 -7.8107189779549255 -7.89366500003765 -7.961991939330662 -8.013714736246516 -8.047211672204083 -8.079957220599807 -8.139827210010894 -8.222589206911225 -8.331106767871862 -8.46921981909199 -8.637015875777395 -8.832653877130525 -9.024607247294599 -9.200595959833256 -9.355066166611614 -9.47237835650598 -9.536807120820875 -9.554402265192518 -9.528455080559132 -9.450857673997657 -9.27561045650219 -8.934331008923323 -8.371761036507454 -7.643557984872743 -6.853717056264316 -6.001113776210014 -5.086320264077105 -4.221307911496295 -3.503044474375096 -2.942224276823998 -2.545104409950885 -2.30361823969426 -2.1813423969175583 -2.154627400264803 -2.2008704588119032 -2.3008013195852586 -2.4386845797551553 -2.5815148958017673 -2.7239561920078135
-8.17279415703688 -8.225781105661829 -8.266215906428553 -8.30384826808376 -8.34110396933292 -8.363413767083763 -8.372043015875272 -8.368033723266977 -8.35149422961191 -8.336002116899177 -8.359291617844056 -8.422089512200973 -8.522996075858927 -8.660339577444189 -8.830653758611083 -9.026279421540348 -9.20687816430611 -9.371300629254165 -9.520038120139628 -9.623738493806185 -9.659899431647826 -9.630370773587291 -9.534389043463975 -9.35040242059048 -9.056015981872626 -8.621588352065848 -8.034164270602107 -7.324498788942904 -6.5451585314362015 -5.660889137658003 -4.7231889144710735 -3.8941243558209973 -3.228398979621153 -2.7326723214927693 -2.3957175455260256 -2.1949181151203723 -2.0995422631640492 -2.0822403014745987 -2.123116751043237 -2.204833684739051 -2.310565764503184 -2.4089607967480307 -2.5060252014004645
-8.855500118113918 -8.905370994010212 -8.901963627976446 -8.879095827016851 -8.85073098935862 -8.810841596331949 -8.760914760991453 -8.70618738933409 -8.649879143198424 -8.600556853207074 -8.595412351660723 -8.638472877177952 -8.727391311596751 -8.857696123055076 -9.026170437221618 -9.217192670263083 -9.387248845596588 -9.543088160690832 -9.68189387467394 -9.762730561946938 -9.767193428844454 -9.67997678934056 -9.498670556679295 -9.220521312321711 -8.835549604509827 -8.332576346762453 -7.711743486731435 -6.994629812653088 -6.199053187653498 -5.2745347480075 -4.328781855048505 -3.5285345579245737 -2.924129865060366 -2.514506011115942 -2.2768270206118535 -2.1605150715981676 -2.112651700156789 -2.123449172965466 -2.1753824747576376 -2.2534011011000237 -2.33766856364882 -2.39690800173437 -2.4424438419250665
-9.5325035485362 -9.588318257614837 -9.55448119403869 -9.467853887378196 -9.360317855382057 -9.254920401722226 -9.149240572939494 -9.048371564478433 -8.955868185337032 -8.8750188749032 -8.83890423060214 -8.859627371135296 -8.932944418753479 -9.054205160118489 -9.219018035540763 -9.404427627865797 -9.570289858296325 -9.725089719115115 -9.85374157522161 -9.902753283149302 -9.852443970062772 -9.693104768236049 -9.433346214567893 -9.077554642843388 -8.623626917249778 -8.068878113953257 -7.417194116874862 -6.684029640178445 -5.85919619910069 -4.886507145862636 -3.924085837857115 -3.129224852763551 -2.5994994703996506 -2.316311905517307 -2.205065757710157 -2.2039824699631474 -2.242428398949132 -2.297466958436085 -2.3771268273725585 -2.46877482918734 -2.549410801265064 -2.582167950299973 -2.567743833921331
-10.198621273664216 -10.268104424047458 -10.194643228883546 -10.039850298612869 -9.858180056281116 -9.682388919904508 -9.523057798284897 -9.378672113734606 -9.254471271337191 -9.15513904157019 -9.097350342488738 -9.101645026186373 -9.16182931228599 -9.273765232734407 -9.433075825030897 -9.613327075855011 -9.786294943514658 -9.94536982871748 -10.054462856433137 -10.043637896046542 -9.90600382379287 -9.669611897907213 -9.340981022520225 -8.924320130676946 -8.420904998129716 -7.831226492023271 -7.159482663742388 -6.416180677889124 -5.56967068119739 -4.564596951822608 -3.560411905634763 -2.703861986725964 -2.2893207258668156 -2.194735298639456 -2.223160958105522 -2.334345307713531 -2.4777984621358433 -2.6152441611534725 -2.7426500815260972 -2.869551650241708 -2.976311743353534 -3.016953031354573 -2.9590548916680293
-10.8356585845447 -10.938406606942777 -10.791344897496447 -10.539444313855794 -10.279010951181792 -10.04243881532063 -9.84195752755063 -9.682155748892601 -9.5526934871176 -9.451415263686089 -9.380698899582509 -9.366896605665145 -9.410534666136126 -9.506944789879423 -9.651396883723777 -9.821075498433173 -9.99703932811094 -10.168441674659274 -10.283496182357364 -10.20578000557986 -9.953492091156024 -9.620133487227399 -9.22135699849798 -8.755936963219582 -8.223403258316605 -7.617933591430734 -6.943431435095255 -6.207842762163612 -5.369727250486463 -4.3818786383607895 -3.3850536035482968 -2.421751839352755 -2.1902562937721495 -2.2519642338451824 -2.3776594098686834 -2.568264386096417 -2.804321177018375 -3.0348377699158764 -3.2549080440031215 -3.458826468269489 -3.634387051364916 -3.7482556285028847 -3.7395997151894993
-11.372599380819219 -11.585651384561418 -11.26083502214232 -10.90029482564144 -10.577203754176821 -10.306800247559838 -10.092429189880328 -9.928640929642475 -9.80617962819831 -9.712469328342166 -9.64138141232808 -9.609533158728226 -9.6323641495327 -9.70491626133773 -9.823603249099847 -9.980787268212996 -10.149099537635381 -10.329483476082377 -10.51607187701231 -10.33469118410021 -9.957491644557827 -9.541020758533778 -9.087288699258519 -8.583633519612231 -8.027438173512374 -7.423675426917403 -6.766752986278995 -6.062066404677002 -5.272633972781819 -4.367735125123923 -3.5091588284394675 -2.822758142608997 -2.515674300697193 -2.5067963336481904 -2.6363354176339957 -2.859445088449174 -3.1583716657708827 -3.476150935312233 -3.7991942872381737 -4.126148410772209 -4.449208564358983 -4.730992991942969 -4.936980253622327
-11.524222831431713 -11.716232716526457 -11.411506409247295 -11.050989785454293 -10.735779948969176 -10.476519857775518 -10.270169223481789 -10.111739116477734 -9.995611701148556 -9.914115707368868 -9.852120491652137 -9.808818448463052 -9.808719649597228 -9.85234832196427 -9.946249738017698 -10.07968596282403 -10.214233664064231 -10.341238906024534 -10.413207388540963 -10.238411210847481 -9.865669907961882 -9.422175769056032 -8.934677475131414 -8.411558116944702 -7.847880682642308 -7.246670177013622 -6.619257430398781 -5.965486253513528 -5.255088013178174 -4.459570076505191 -3.7433888908774033 -3.1966049365382756 -2.8971513927974932 -2.832627939319088 -2.9381805697017622 -3.1701953289578215 -3.5041567993568647 -3.898943490277284 -4.322554946159155 -4.776661042252298 -5.265197515562218 -5.752330466281675 -6.257826800133008
-11.321312143225978 -11.41345125261999 -11.260578547605228 -11.012027600732605 -10.763712334343136 -10.546615718440567 -10.368762774995588 -10.230064578375654 -10.1271988457815 -10.05294424686243 -9.999765642195207 -9.960515330931285 -9.937421818445571 -9.957867999132977 -10.025296481400506 -10.124432968240246 -10.208645719911686 -10.256964822517169 -10.229131162877641 -10.046342519499293 -9.7076586986922 -9.272004115008158 -8.77674218423735 -8.24146724109629 -7.679036564582919 -7.094623725786417 -6.494311695913357 -5.8925549939179085 -5.260937962217051 -4.5676940082710455 -3.963668148377438 -3.506329466287387 -3.2354612622843897 -3.1548813865550427 -3.241561721448322 -3.4715077112912796 -3.824043649295182 -4.2702965531627175 -4.784441284052001 -5.353823818010767 -5.9766365623163775 -6.633147369371565 -7.356835727411016
-11.02590709219966 -11.084610889682047 -11.00615750214043 -10.857022694737246 -10.687475489256721 -10.527853615897492 -10.39188940786689 -10.283827197411995 -10.202678902935808 -10.141408571357193 -10.09425946748734 -10.056238176300054 -10.031302311544957 -10.034651452193213 -10.073146760233461 -10.134805772451276 -10.171668026221646 -10.159560825437921 -10.076513642114547 -9.872201095022344 -9.541678767527237 -9.11516548259531 -8.622696130546256 -8.087273386124208 -7.526906825220926 -6.965634668820221 -6.410095026629589 -5.849661138047798 -5.296633757967786 -4.701424555247843 -4.18747323539932 -3.797854359642753 -3.559185997667745 -3.4808751095528416 -3.5578017542002236 -3.78021602532341 -4.131334265140346 -4.588197685345036 -5.15092406192564 -5.798941077562237 -6.504884788827082 -7.2650207576233665 -8.084637207520986
-10.694009544977643 -10.748764328319943 -10.719417684139076 -10.640020377176814 -10.539359652697321 -10.438194867134124 -10.3491972870846 -10.277952499137923 -10.224322510064377 -10.181910902544603 -10.147571675030083 -10.124911517909574 -10.111272521953211 -10.10261691914683 -10.108946088758463 -10.132035984323796 -10.131881945415177 -10.07862121404697 -9.958825602383218 -9.731017644030022 -9.395142311540203 -8.971196019840686 -8.483419771911443 -7.963761182325927 -7.442210440599968 -6.918255167355957 -6.383381304844981 -5.855816452597415 -5.355652335095906 -4.8468238307810605 -4.405751919047072 -4.070377669368192 -3.861932727010467 -3.792511308314069 -3.8658554769781763 -4.0814193592050705 -4.423471685282095 -4.876994753657986 -5.438989171843743 -6.091020122755994 -6.816771674180102 -7.61185179623402 -8.445993082132047
-10.34348097878202 -10.410038825700148 -10.417530329521185 -10.387920263852642 -10.34275788155016 -10.294316534975108 -10.251635502648263 -10.219372464398937 -10.197063024585376 -10.184278332194026 -10.180441435459398 -10.181929009897345 -10.18407778353434 -10.181712155782929 -10.169591675878038 -10.153433226492998 -10.122666856057421 -10.039291508207759 -9.88918532862059 -9.638311369878217 -9.292778116537791 -8.869862040903172 -8.408066093001514 -7.931399112901753 -7.445598676190068 -6.9389521164401735 -6.427129976597818 -5.924905053147771 -5.450267591521768 -4.999172575939462 -4.614489796154448 -4.3223077590867796 -4.139237133220407 -4.0783705170823366 -4.148507811903112 -4.3540520143487225 -4.678643739586258 -5.111301288007305 -5.635147577590255 -6.24824147131625 -6.948924790532674 -7.720003789126472 -8.527139769394708
-9.985278447269057 -10.065824353571468 -10.104962320448905 -10.112669972253554 -10.111543126160429 -10.10839690175322 -10.109506803015961 -10.121132104424996 -10.14321448786187 -10.17162426923503 -10.203479845367085 -10.234095385162345 -10.257514548625574 -10.267309332605056 -10.257536208540287 -10.223683962575356 -10.165390657160088 -10.061561420472266 -9.882710660988593 -9.6091501441975 -9.254265436809487 -8.855728195631308 -8.43061345733598 -7.987477121229426 -7.510860107621266 -7.02434055229063 -6.539866060082186 -6.063383920460754 -5.609533431157658 -5.191559360663307 -4.839003264758118 -4.572826780002892 -4.402749206286157 -4.342935461217399 -4.40491470949618 -4.593126986751769 -4.885400286751528 -5.270634149315689 -5.747156066611311 -6.311123714955486 -6.955239024833837 -7.666406047335638 -8.416028473538082
-9.618992385675996 -9.714084907037481 -9.781284828987854 -9.822586214462014 -9.859974210012364 -9.901501275214207 -9.950905951278116 -10.010664434115565 -10.078959979536947 -10.150871136875882 -10.22246356674729 -10.287641239756729 -10.338674175424662 -10.367275402599262 -10.366213308242035 -10.331094969333853 -10.26165135483684 -10.145098023705838 -9.936926712568182 -9.6442117011343 -9.306221097780842 -8.93803177004768 -8.548469445597174 -8.113952667631168 -7.635706118287766 -7.177096498005354 -6.725274065678491 -6.273015738055483 -5.836256982594272 -5.433558670563572 -5.0958503398080826 -4.846904556948374 -4.681407379243456 -4.614843918826958 -4.659640271399924 -4.804314550464715 -5.0397122885834715 -5.367789532031219 -5.786967223883947 -6.291344174209041 -6.869811663109846 -7.504854488835974 -8.172205316847911
