_RESULTS/CROSS_VALIDATION_POSTPROCESSED/Berg/GZ/7comp/1/Berg_GZ_z_125_kriged_reverse_7comp_spherical_1.asc
ncols 100
nrows 90
xllcorner  5.6208707817415728
yllcorner 50.959635321741573
cellsize 0.00013419651685393446
nodata_value 1.7014100000000001E+038
[rows 19 to 37 of 90, columns 0 to 42 of 100]
14.9251673976062 15.068308007380814 15.254280175270882 15.478914711819764 15.737629959796221 16.025211617243652 16.335566383917584 16.66145168294093 16.994195539457877 17.323444588140717 17.63702058095356 17.92102872341337 18.16042688579173 18.340270548813475 18.447682423197882 18.474189494318495 18.41760247993852 18.282546845879946 18.05715130152938 17.639720161281357 17.044394732740965 16.30649093796526 15.4609953290785 14.540949755552502 13.577057087837611 12.660949687223312 11.84251618613191 11.119130270918705 10.487612021904658 9.944976364544235 9.489309039357686 9.121051722315448 8.845361106027845 8.659052059115936 8.581303559235028 8.692188982230856 9.134071690896551 10.023625437583847 11.321926761448134 12.907318173902263 14.64930822739242 16.38873016904926 17.924432753253978
14.985161018352988 15.154775279457693 15.369339479675014 15.625047195882935 15.91768020598971 16.24236653748992 16.593293200852678 16.963363565607 17.34379599615081 17.723681375450905 18.089568202447005 18.425247237385086 18.71207289284582 18.930318001662894 19.06196400602935 19.094613965860745 19.024992688753386 18.85998487554983 18.60276330178939 18.156983148172472 17.52841177452895 16.7564297984064 15.878728548765569 14.929998205642539 13.941274538803263 12.985420495459557 12.135248548942759 11.388435643134672 10.741922565911766 10.19334164097069 9.742149069864443 9.391253944330435 9.149723764326852 9.02991706696594 9.041825334135321 9.243846383341566 9.712940382471404 10.501930810885217 11.597644057389815 12.928011141005774 14.38750038397214 15.846540471044207 17.16423639726742
15.045526024435762 15.239150733186225 15.47992851674042 15.764474034189805 16.089027367138943 16.449204686212326 16.83968810088693 17.253829829677763 17.683141041985476 18.116640213184425 18.54007158994898 18.935122367061254 19.27905541233207 19.545680958225624 19.708982013833445 19.74980614705349 19.662914421103427 19.45923173878244 19.158718584880976 18.685508745615984 18.026824823644812 17.226218779441478 16.323611091573643 15.354707187939127 14.350917876922594 13.363520648014745 12.484553039675008 11.717751805915498 11.06004710946284 10.509473418883926 10.066367213789135 9.734949735221052 9.525590687212768 9.455951677658579 9.528512828112595 9.7751293011707 10.238617919895944 10.944108010274608 11.881000480495803 13.000253362655013 14.222874353220663 15.450855030045446 16.583098222891067
15.102119111770666 15.316706873924446 15.580596928513868 15.890856023613726 16.24424773575258 16.636994379286413 17.064471982855906 17.520801347512585 17.998278430367442 18.486561378635503 18.97151209368691 19.43363444207513 19.846345722347046 20.17528726367228 20.38178619241102 20.43411891106582 20.323088235653863 20.06761565562668 19.703760479812278 19.202469668149895 18.51746468256629 17.69523981244221 16.77682475690534 15.797920526558975 14.789541619337149 13.785201520408949 12.880347469547399 12.096304688195955 11.429748696785138 10.87872635823706 10.443751753291917 10.129102562361568 9.944388811147043 9.90619110770632 10.014582564521266 10.27720819042628 10.717923285430562 11.347517187495937 12.15450848256745 13.101958388884851 14.13071640763503 15.168322817787864 16.14046007486252
15.151221870620352 15.383135619738031 15.66629105725811 15.998196809648919 16.376152782288457 16.797041110016096 17.25705719243157 17.751340887345098 18.273437686893676 18.814464006687526 19.36175156684021 19.896594676274965 20.390638168616857 20.801202273389865 21.070154929737754 21.14012249870764 20.9926133713138 20.664731479214478 20.217755993161703 19.676547488012428 18.971530594770847 18.137748590912896 17.21543081936198 16.238966494084707 15.238149588586145 14.238808225257781 13.311255087873406 12.512346139307548 11.838299099144104 11.286801393377784 10.857943846072649 10.555170542645806 10.3862377883171 10.363975808644382 10.489017618097172 10.749671449292372 11.158096788876266 11.717090787372532 12.414434326400285 13.220372478839884 14.090191784755515 14.969700532549925 15.803129434635524
15.189685938164974 15.434741183532374 15.732609780591048 16.081181514877606 16.478235346717884 16.921269325761106 17.407288820871187 17.9325221257307 18.492004688884407 19.078913472975213 19.68339680072765 20.290317812970564 20.87453747575692 21.3908212067752 21.75674934827066 21.85773885698945 21.648027697116124 21.2148401145308 20.666633176834008 20.066690947056752 19.353967466312394 18.523823640111527 17.61340094187406 16.654604869544507 15.675419496025178 14.700433699958825 13.76532791909735 12.95395562961937 12.273375400019624 11.72068331704538 11.295185875209018 10.999048768250606 10.837830128755074 10.82073056282816 10.947716981748782 11.194824205121092 11.565738639976306 12.058703669572273 12.66110370275233 13.34844451072959 14.086078920610698 14.832648843612938 15.545414630663714
15.215076238002782 15.468634929651417 15.776071039615156 16.1355439492472 16.54517960746206 17.00293569010451 17.506445674890962 18.05282611074057 18.63841722643802 19.258395128050847 19.906113761377267 20.571803224188713 21.239450884826137 21.877299714673196 22.40108879002157 22.572102770117823 22.233912503679655 21.65178744032417 20.997517965054797 20.328081336789666 19.626251093952092 18.82189323644171 17.94364608948921 17.02062517284582 16.07898992956526 15.142148851322105 14.230837041352364 13.40976989297249 12.723709439603134 12.169110842690062 11.74438418897887 11.45032514222241 11.290390350211618 11.27070657011069 11.389708310103062 11.615714268013823 11.946417283401289 12.377374027559238 12.896048823823222 13.482024404952545 14.107725340638064 14.740854371004025 15.347955606876065
15.225794907886888 15.482907128065976 15.794352522251872 16.158408766787918 16.573356049115002 17.03735969457596 17.548342930608595 18.103843555287604 18.700844580955053 19.335562432852786 20.003164648599736 20.697366327510316 21.40979814938374 22.128801739025008 22.834860281228817 23.233777309684438 22.581299410171283 21.867108380552313 21.148848225069298 20.44191722076331 19.752734146128496 19.00298531281048 18.18092783644439 17.313943024292218 16.427055975343194 15.54293953376903 14.681858510932678 13.869610700900115 13.179536765093394 12.622768335729317 12.19690326100085 11.901503933220221 11.73823776737143 11.71079686881277 11.81541314831534 12.015351554446948 12.304629418946835 12.67707506132487 13.120831409043005 13.618520656792201 14.147686739175382 14.682524727661841 15.196300981967081
15.221168967654533 15.476750075272799 15.786467179527868 16.14854657079842 16.561201292591633 17.022506030752385 17.530257096331972 18.081806919778586 18.673853862020863 19.30214942148678 19.961039230035915 20.6426221964298 21.33483093102372 22.015348332750996 22.62052543451703 22.85020932100819 22.417842607554093 21.771162220288982 21.082538099789602 20.392383500750064 19.71795144769428 19.04563769982195 18.30496512513278 17.513909586339356 16.696628913565586 15.877355494148576 15.077366558833374 14.31497645613451 13.62697448883688 13.070697346632572 12.645000973612683 12.34737525492555 12.177873959087455 12.139600029345727 12.225808969737908 12.396405739231472 12.6438349247362 12.960928995685261 13.336734016703067 13.756206012941469 14.200677860621663 14.649086502301811 15.07965139414669
15.201488766282534 15.450512489922815 15.752841514236346 16.106489116241548 16.509392400052658 16.95925756774714 17.453372106297476 17.988358886308863 18.55982407312289 19.1617993945705 19.785755445664158 20.418634727289895 21.03840482020312 21.602865564825073 22.022862320943364 22.14414636038669 21.895390677348395 21.40784901368889 20.81620902727507 20.18821042423596 19.55411059746392 18.92736210727644 18.277377742812213 17.569456096799122 16.83148258139509 16.08806903780797 15.360552112035142 14.667197478215924 14.023445792033757 13.47300768149198 13.053536083285127 12.761713156389781 12.595303369709148 12.553109470116707 12.621986988408368 12.761113469245993 12.966709585838485 13.2312824802382 13.54472250937882 13.893847501827533 14.26285612665066 14.6342199674347 14.989874003888776
15.16799128309027 15.405675857708822 15.695281480793804 16.034479027040334 16.420770590003187 16.851295456712023 17.322582448822388 17.83021096500109 18.368311994492853 18.92877878617976 19.499933141453695 20.064153865657747 20.593608592943745 21.04335583863079 21.345601570421337 21.425618309059175 21.257657384519888 20.892567353148817 20.403153279811637 19.839961518209883 19.245332152632848 18.647372767973177 18.064231437020048 17.455255244622457 16.810797896261416 16.155951966028844 15.512287694939259 14.89816020783558 14.329020275650423 13.81784610937504 13.406984225580986 13.122618874681427 12.961709728960377 12.922111598558256 12.984207348842123 13.105122423813627 13.275324312736759 13.489868870190207 13.745477955342231 14.030500222019324 14.331347215831272 14.633179135061953 14.907327607041246
15.12279087415932 15.344756813886598 15.616832663549692 15.936265321413806 16.30003435244204 16.704623622973987 17.145727173852688 17.617849769398767 18.113737503750052 18.623534603263682 19.133511527554088 19.624187906405304 20.067876594051217 20.426723885355557 20.65519882827143 20.71358278186172 20.58932819785872 20.292300291417128 19.865315131642866 19.358019205287643 18.809990782268613 18.25036912244572 17.70018432242881 17.17304185017007 16.631958192982104 16.075014058944905 15.523946548444945 14.997190352906012 14.510218676815187 14.07591580150784 13.704975394646393 13.430425228476986 13.277142187322957 13.242325190800889 13.296278644414627 13.402668769468901 13.55249475313805 13.735101085595607 13.939440111143295 14.165385397272598 14.403929582727487 14.639965938009988 14.81036071205166
15.0772643852495 15.278771884546046 15.526707492061067 15.818846892965697 16.15334294247749 16.526876047217236 16.932520125060954 17.363832289130283 17.812575648730267 18.267927769747267 18.715541660618047 19.136468815926463 19.506337115445465 19.79587386426668 19.974698269372578 20.01619961908522 19.894857583459956 19.626251030490554 19.243846119125507 18.784646342562464 18.282070019407286 17.76339024492312 17.249806980683022 16.757417552999843 16.297815501257613 15.844309795330494 15.391538192360677 14.957870652632366 14.55871639834263 14.206892719730876 13.91302805149142 13.685971397084092 13.544386779881856 13.51603100115659 13.56062690215041 13.653297066311538 13.784570457842488 13.943952332748546 14.119460059958225 14.297812975317365 14.478820306027343 14.633969239562328 14.702660423098523
15.089315418060378 15.266416108187064 15.483533969356294 15.737950677174897 16.027310347489312 16.34939192629555 16.701812423800174 17.08164105480576 17.48109865081053 17.88208404805081 18.27033268596303 18.628740553406427 18.93706548088497 19.173220788157693 19.31139844568131 19.31492117654386 19.182141031422432 18.927686295485632 18.575798045742754 18.154779688319604 17.69227347613723 17.212627806325653 16.7360208275091 16.27855657376679 15.852747244914712 15.468081272225639 15.115454603334314 14.777957764363556 14.470128022374318 14.204591452515764 13.991806389566635 13.840474973531277 13.757934740089986 13.74429886533591 13.780106969995845 13.860302944724456 13.975041537940063 14.113939248398417 14.265437040845539 14.416804706116315 14.55164426237229 14.614658947110277 14.588762287007494
15.169415819022994 15.319609968127482 15.503295426188766 15.717356615465338 15.959083415677178 16.225950527445764 16.51534187133429 16.824217191952336 17.148727508358533 17.483807914145327 17.81685005848081 18.120584292878913 18.377867688553863 18.56798548089853 18.651031622927867 18.61699258466826 18.46928003318314 18.219990415798918 17.88801690355885 17.495874068116322 17.06661078046279 16.621653439793242 16.17968848956153 15.756303137610898 15.364055853111122 15.012745978262249 14.709759142069128 14.459140418158253 14.243888044950506 14.066576754378671 13.937336300008882 13.864573014897394 13.85537095276676 13.895359034678451 13.952803666593741 14.027268199180517 14.127613816828715 14.24866597955253 14.379210223564264 14.507156854525924 14.600740772068374 14.586630391170171 14.47341577456664
15.318695383564638 15.439665494228471 15.587495766790552 15.758808057450482 15.950734290922043 16.160704081467657 16.38619055515021 16.62442588158683 16.87210918695777 17.12514830681699 17.37850710492019 17.62582427237833 17.839134837344183 17.970606618421144 18.003063244707274 17.934874576007317 17.770503709999698 17.520569076763955 17.20067640893801 16.82946477601524 16.42654688150774 16.010855292486596 15.599574717658621 15.207593459330294 14.847315752426868 14.528690968807442 14.259367964641475 14.044931233502844 13.889203070478345 13.793962520387812 13.749090651528526 13.756335284300244 13.820226088443812 13.908711652763692 14.008697187720893 14.11838095790662 14.233825622634841 14.350683493817376 14.46426156549454 14.57167267666055 14.617574031695737 14.54804344160759 14.361279557069484
15.539259135497849 15.628786841578238 15.738401911222603 15.864628785146445 16.004668691553363 16.156186061076458 16.31706200845742 16.485138462346846 16.6579848931005 16.83273028819728 17.006016843745893 17.174144473565708 17.31480556515886 17.39055832681487 17.378604927397195 17.279229238918877 17.097516207530823 16.843127429061518 16.529522582203473 16.17268435267497 15.789705988044192 15.397547136738265 15.012109229688008 14.647637587600148 14.316381180263235 14.028431301297958 13.791689347531118 13.611950549313672 13.493110852502715 13.43749715395815 13.446293541167503 13.520008471216519 13.64388287840734 13.779623664120836 13.921711494168687 14.067408036465428 14.212021822478249 14.35061774552363 14.47738109775829 14.582136259078323 14.59279991598943 14.484565185809798 14.26429340242111
15.834107768639912 15.889983136902398 15.958942203524737 16.037606598923666 16.12350443816986 16.21483378322748 16.310197063599862 16.40834244567304 16.507950493321722 16.60750510371449 16.705287801074988 16.792760859410222 16.83768880326894 16.83892231055711 16.78708669093804 16.659242646355167 16.4601808485449 16.19886462892508 15.887254084597965 15.5394413988529 15.170664380754713 14.796380733320694 14.43150750961851 14.08984436218427 13.783644852042503 13.523291861966385 13.31706449192975 13.172191858931376 13.092961431392993 13.080449768221152 13.134621264086144 13.252080496705334 13.398578991506191 13.559423392473175 13.72864942668632 13.900533241450166 14.068882381227048 14.228640856360075 14.37549145553719 14.492553241471793 14.503950563745457 14.397703222369746 14.177645773344247
16.207074344402212 16.22700275769085 16.252630249275857 16.280907306840938 16.309987941341454 16.33893335364767 16.367387513081713 16.395277182106195 16.42258142972105 16.44920436705445 16.47482890917752 16.473797044841696 16.430183250885054 16.349026330897793 16.23681785573045 16.082864552261235 15.866935562056991 15.597176109560253 15.284408283682529 14.941300571730896 14.58168198722861 14.21987366092321 13.87009973932222 13.545979137672784 13.260470489292883 13.027822628139063 12.856313990169799 12.750998658614899 12.71463092162507 12.747903575426184 12.850039895921523 12.998491932692573 13.168544171186646 13.35305561828884 13.545251702235364 13.738914744214052 13.927659304632082 14.106108581017661 14.269904499084053 14.395707796787601 14.411622343704389 14.312479120196025 14.09832837060367
