_RESULTS/CROSS_VALIDATION_POSTPROCESSED_80-20/Berg/GZ/1comp/1/Berg_GZ_z_355_kriged_reverse_1comp_spherical_1.asc
ncols 100
nrows 90
xllcorner 5.6208707817415728
yllcorner 50.959635321741573
cellsize 0.00013419651685393446
nodata_value 1.7014100000000001E+038
[rows 0 to 18 of 90, columns 43 to 85 of 100]
2.4562739648312784 2.4679950543633553 2.4701672077774695 2.4619281192049374 2.4442598639179085 2.4186716916335045 2.386685318704844 2.3495317386208843 2.308059042325262 2.2628423833489375 2.217412670739106 2.1742731712342547 2.134262818226981 2.0980616196774973 2.066234394779386 2.0392664554755258 2.0175927006116505 2.00162169810521 1.9917561209731598 1.9884103576957666 1.9884103576957666 1.9884103576957666 1.9884103576957666 1.9884103576957666 1.9884103576957666 1.9884103576957666 1.9884103576957666 1.9884103576957666 1.9884103576957666 1.9884103576957666 1.9884103576957666 1.9884103576957666 1.9884103576957666 1.9884103576957666 1.9884103576957666 1.9884103576957666 1.9884103576957666 1.9884103576957666 1.9884103576957666 1.9884103576957666 1.9884103576957666 1.9884103576957666 1.9884103576957666
2.4834912525849577 2.4947463718947867 2.4953126704766957 2.486009611846701 2.467203719972535 2.440549666788241 2.4082252302919964 2.371739898516145 2.3319616897869846 2.2892694159827034 2.24371069941671 2.1966325406209886 2.152831885250772 2.113233217484236 2.078346426032978 2.0486058290723164 2.0244001233470623 2.006096411695756 1.9940601830744524 1.9886725836325125 1.9884103576957666 1.9884103576957666 1.9884103576957666 1.9884103576957666 1.9884103576957666 1.9884103576957666 1.9884103576957666 1.9884103576957666 1.9884103576957666 1.9884103576957666 1.9884103576957666 1.9884103576957666 1.9884103576957666 1.9884103576957666 1.9884103576957666 1.9884103576957666 1.9884103576957666 1.9884103576957666 1.9884103576957666 1.9884103576957666 1.9884103576957666 1.9884103576957666 1.9884103576957666
2.5055824963061646 2.5174304897755873 2.5147105212657515 2.498924247776203 2.474756965946709 2.445928534927403 2.4129186495166377 2.3772693310504964 2.3396838200218197 2.3002812948369518 2.258842455715917 2.2149683023156888 2.1689538354239315 2.126405401835137 2.0888928757272156 2.0567962554259798 2.030457506590976 2.010203449825136 1.9963646040051333 1.989291444158955 1.9884103576957666 1.9884103576957666 1.9884103576957666 1.9884103576957666 1.9884103576957666 1.9884103576957666 1.9884103576957666 1.9884103576957666 1.9884103576957666 1.9884103576957666 1.9884103576957666 1.9884103576957666 1.9884103576957666 1.9884103576957666 1.9884103576957666 1.9884103576957666 1.9884103576957666 1.9884103576957666 1.9884103576957666 1.9884103576957666 1.9884103576957666 1.9884103576957666 1.9884103576957666
2.5211258365887956 2.53578506443154 2.52889152598793 2.503632566394131 2.4692847196769203 2.433396703669474 2.399392013287285 2.3652600384885702 2.3307902424668616 2.295672369055323 2.259338563583424 2.2211136291525024 2.1803003927716946 2.1369413488143643 2.0973410947636837 2.0633867019881356 2.0353779560362826 2.0136064101335793 1.9983641821772857 1.9898118349265432 1.9879704056131349 1.9878113919900198 1.9878222371853376 1.987997918412168 1.9882498529678612 1.988408462126124 1.9884103576957666 1.9884103576957666 1.9884103576957666 1.9884103576957666 1.9884103576957666 1.9884103576957666 1.9884103576957666 1.9884103576957666 1.9884103576957666 1.9884103576957666 1.9884103576957666 1.9884103576957666 1.9884103576957666 1.9884103576957666 1.9884103576957666 1.9884103576957666 1.9884103576957666
2.5264806214157374 2.5494079618117516 2.5358421944519307 2.4954011680292716 2.4484954532863075 2.404451460405531 2.3665349002538862 2.334914896699437 2.305082087678616 2.2756238580672643 2.2456054422328973 2.2140893893132425 2.1801832550747378 2.143067309949278 2.1032551152409265 2.0678218841991747 2.037551193149205 2.013055572842205 1.9950265702800272 1.9841003371674781 1.9806616034952742 1.9800101089801354 1.9800523405625152 1.9807827097129798 1.9821026882839876 1.9838238227075997 1.9856733842891863 1.987302293442859 1.9882948619425178 1.9884103576957666 1.9884103576957666 1.9884103576957666 1.9884103576957666 1.9884103576957666 1.9884103576957666 1.9884103576957666 1.9884103576957666 1.9884103576957666 1.9884103576957666 1.9884103576957666 1.9884103576957666 1.9884103576957666 1.9884103576957666
2.5095345843805705 2.556586382605518 2.5260842143594577 2.4628880336596657 2.405077867851205 2.3562497218660257 2.3167725811564144 2.286325190075166 2.2628987685682813 2.2408043998322373 2.218478600519797 2.1947970976708295 2.1687332663769663 2.138924660398395 2.1032547098302654 2.0643820977395504 2.0305842986713944 2.0030736495813652 1.982544624107591 1.9696347266578664 1.9648154102983306 1.9636465443374753 1.9637217550796944 1.9650348159212423 1.967476002992926 1.9708357256095772 1.9748112788487089 1.9790161965462656 1.9829915608286044 1.986218610774296 1.988132071531808 1.9884103576957666 1.9884103576957666 1.9884103576957666 1.9884103576957666 1.9884103576957666 1.9884103576957666 1.9884103576957666 1.9884103576957666 1.9884103576957666 1.9884103576957666 1.9884103576957666 1.9884103576957666
2.440237081509551 2.486651247384343 2.453267187489831 2.38905625834625 2.332523331812771 2.2862853886109344 2.2501656870287365 2.2234924097493773 2.2055179935231912 2.1925683081149776 2.179324210568673 2.1644794446068127 2.1449871122566604 2.1196078707042854 2.0882498459733467 2.0509247075925963 2.01413717730098 1.984090391030911 1.9614936859236383 1.9469965593872762 1.9410827541320421 1.9393709381170368 1.9394807683465416 1.9414052819701706 1.9450218666034635 1.9500967516653094 1.9562932827872304 1.9631832104083868 1.970260069335857 1.9769537421302668 1.9826454464451138 1.986682605487195 1.988393297130355 1.9884103576957666 1.9884103576957666 1.9884103576957666 1.9884103576957666 1.9884103576957666 1.9884103576957666 1.9884103576957666 1.9884103576957666 1.9884103576957666 1.9884103576957666
2.317477528817355 2.332674393942212 2.3150129914037048 2.274646120489364 2.2323360827258094 2.1962348854077307 2.168373680260547 2.148889945715863 2.137368013502004 2.133062507961764 2.1295393983055297 2.120855549848249 2.1062747856598527 2.0856541622602887 2.0589649380252886 2.0262759972493103 1.9889671467653285 1.9568550924169883 1.9326109134343454 1.9169089615249244 1.9101764646076078 1.9078943553670826 1.9080405630995672 1.9106072531866156 1.9154565960171053 1.9223264951125876 1.9308410152618818 1.940524343734245 1.950816931817102 1.961092554349651 1.9706753038177987 1.9788558888942633 1.9849069434315278 1.9880973240943307 1.9884103576957666 1.9884103576957666 1.9884103576957666 1.9884103576957666 1.9884103576957666 1.9884103576957666 1.9884103576957666 1.9884103576957666 1.9884103576957666
2.1742316518765987 2.1753640446471163 2.1633116132653596 2.140375778046629 2.114686324855225 2.0921655497731946 2.075488086872166 2.06556119631313 2.062372319350056 2.0647207631552376 2.0674881580814897 2.0645600740849925 2.055318088420798 2.0397228185391505 2.0178470267184205 1.9898586679510193 1.9559981434122884 1.9222874048275502 1.896779913285921 1.8802208973797825 1.8728580987753998 1.8699750975608376 1.8701596560477596 1.8734028762999357 1.8795484343066498 1.8883001431492856 1.8992355189285117 1.9118235193097763 1.925444422694487 1.939410073425922 1.9529832446131945 1.9653954492395493 1.9758630115988811 1.9836015389950394 1.987839126521838 1.9884103576957666 1.9884103576957666 1.9884103576957666 1.9884103576957666 1.9884103576957666 1.9884103576957666 1.9884103576957666 1.9884103576957666
2.0298668758002054 2.024554997356073 2.0166520449660505 2.00585222916063 1.9945831749851044 1.9855304426543412 1.9804306955156756 1.980160494445155 1.9843051026192844 1.9895181395653074 1.9960642335092669 1.999115822452799 1.9953156401244616 1.9847343760535814 1.9675375860614919 1.9440346103385853 1.9146200097533423 1.8813528761015763 1.8549434715078468 1.837866351404386 1.8299245427754975 1.8264046626565764 1.8266299004550397 1.8305900169837068 1.8381054637269647 1.8488377641092024 1.8623077939451858 1.8779189906455045 1.8949823622925868 1.9127407851733045 1.9303910614325526 1.9471031556205787 1.9620367077086933 1.9743552864491292 1.9832389780414794 1.9878959173516162 1.9884103576957666 1.9884103576957666 1.9884103576957666 1.9884103576957666 1.9884103576957666 1.9884103576957666 1.9884103576957666
1.89178821004128 1.8835801724474448 1.8799703768390585 1.8790061465118826 1.8801076812744493 1.8835385576772274 1.8897905114142612 1.8989095593619036 1.9073161630639144 1.9148638350953398 1.9225383011667567 1.928960769479993 1.929024865755418 1.9227193804833298 1.9095687750550272 1.890004536404957 1.8645610083143849 1.8338898586498964 1.8069271223873664 1.7897418590841356 1.7813461584003178 1.7775081625013178 1.7780844170031107 1.7829795103978947 1.7919639439546184 1.804794582956016 1.8209307395634657 1.839696376048034 1.8603215682017937 1.8819718871627076 1.903773318094033 1.924832509424108 1.9442530522377055 1.9611488227761247 1.9746553888799596 1.9839403059720822 1.988212969236659 1.9884103576957666 1.9884103576957666 1.9884103576957666 1.9884103576957666 1.9884103576957666 1.9884103576957666
1.761200610224145 1.7527720982049217 1.7546079849122442 1.763030764464472 1.7753882227022095 1.7902541003280623 1.807079642691594 1.822464919658919 1.8345275400707874 1.8440117373478262 1.8521410022015197 1.8596591645843041 1.8614224144658842 1.856636041420257 1.846254023469798 1.830020923619022 1.8079345932703235 1.7806973113287057 1.7535901802139553 1.7364422833469224 1.7271605371796876 1.7230123727236153 1.7241473909618197 1.7304650667061934 1.7416158822981567 1.7570233397602089 1.7760135410057154 1.7980841356736925 1.8223994344886918 1.8480382009426939 1.8740511242145523 1.8994810763229915 1.9233779482142235 1.9448099991084717 1.9628732754521525 1.976700168613864 1.9854678035050948 1.9884103576957666 1.9884103576957666 1.9884103576957666 1.9884103576957666 1.988426331298789 1.9885811714637163
1.638194734955649 1.6323999495091173 1.6417321750540337 1.660200088105828 1.6834016981869173 1.708798972987814 1.7337083580732815 1.7532785123307706 1.7678612527384416 1.778608389270863 1.786871707943851 1.7940986221246895 1.7968017883184721 1.7923863752441445 1.7819890724146175 1.766816869698737 1.7472605138622515 1.7227767897082147 1.6963980425304563 1.6789930998994715 1.6684362834614725 1.6639076881779784 1.6656049173877432 1.6734222654719868 1.6869518981479925 1.7055176776626344 1.7282309052491993 1.7540529270300576 1.7821985561972893 1.8119191380425934 1.8421870647526202 1.8719834073234707 1.9003093446482384 1.926193991150919 1.9487008140568682 1.966933889958493 1.9800446073976483 1.9872391206589808 1.9884103576957666 1.988437391985773 1.9887049266856902 1.989187296677098 1.9897997291990626
1.5239971394929657 1.524234362456647 1.543636750028055 1.5730826867546819 1.6068818001730083 1.6415379139498993 1.6709990243457409 1.6934486833762454 1.709718667031146 1.7210376121870836 1.7288604522217743 1.7347696823092458 1.737354396719098 1.7324231277352091 1.7211406014410597 1.7048707384168016 1.6850228401472287 1.662266539071543 1.636845524617491 1.6182476316745065 1.6062384534469472 1.6012303427509151 1.6034935422653127 1.6129167475775197 1.6290085055630268 1.650952869911993 1.6776970818477903 1.7080424159333387 1.7407181159171399 1.7746380838854172 1.8091811467775043 1.8433040174259983 1.8759679262566993 1.9061723690698067 1.93295743849388 1.9554072925283557 1.9726550694534748 1.9838891911624628 1.9885591518318129 1.9891753127686735 1.9900128707750975 1.9910248790036529 1.9921186120070336
1.420197302422294 1.4330130399850676 1.4661270324287214 1.5068101049500873 1.5492777841353937 1.5892245292224931 1.6214252891481595 1.6454953717664664 1.6623269411613149 1.6732616842085453 1.679854935446467 1.6837801063737308 1.6849121675209449 1.6784876427500859 1.665393205572963 1.6471231679252254 1.6252385794873574 1.6013357873543674 1.576327886573125 1.555327946027147 1.5416155959585967 1.5359843528996935 1.538819621395772 1.5500033518160787 1.568916290670044 1.5945365312383941 1.625584880633996 1.6606599573429501 1.698332253783881 1.7371955928428675 1.776067139733731 1.814429636885332 1.8512865656472435 1.8856208388470437 1.9164606752222406 1.9428800972957783 1.9640173168884156 1.979410206325913 1.9883765348331657 1.9908503398522726 1.9922813214570112 1.9938490262638138 1.995451575861738
1.3305191195225636 1.3671401574530282 1.416194849006885 1.4665523058524597 1.514686953040239 1.5559876499161578 1.5879069036605495 1.611389145134713 1.6273465812402526 1.6366715322692664 1.6410652798380092 1.6422887665144235 1.6409014308360053 1.6320262910948384 1.6161776167251045 1.59499070587563 1.5701432747950446 1.5433922082418896 1.515368249257364 1.491377150625296 1.4755966561691722 1.4691265209291486 1.4725453052160677 1.4857254525762307 1.507838250474172 1.5375431414423315 1.573241445135534 1.613277774235512 1.6560499437999792 1.700046957641756 1.7438490525302774 1.7863593137969185 1.8271974379943705 1.8654048715331766 1.9000112803496807 1.9301223937186307 1.955307385860943 1.9748139323425264 1.9877694735727498 1.9933628832676944 1.9954131854769117 1.997566100336438 1.9997092686175297
1.2866485076451515 1.3457921901327587 1.4027882133357257 1.4562354312563723 1.5049940383949585 1.5437441143058859 1.5720395450403257 1.5911991804062906 1.6029111162577308 1.6088519783948232 1.6099097358917493 1.6077553175137125 1.603261295476378 1.591654498442851 1.573078209323876 1.548979957439663 1.520888783498182 1.4901440154215215 1.4560249486381662 1.4276005805238472 1.4092052651130098 1.4015564251059953 1.4055804657500814 1.4211335917862933 1.447015300770556 1.4813678511540902 1.5221398204684597 1.5673733168418642 1.6153011638364503 1.664339141809929 1.7130445912887493 1.760076134882986 1.8046153382471983 1.846362356976327 1.8843962738623703 1.9182917259845402 1.947325411591886 1.9705766685780417 1.9871634354838443 1.9962535398770846 1.9993061026432077 2.0020773160324783 2.004797684711689
1.349734362731847 1.3836058605250932 1.429978205279259 1.4763649685582885 1.5182355436624109 1.5498716455440806 1.5713773602819887 1.5839699063290105 1.58932103626298 1.5893472212517925 1.5858754542286473 1.5796214416594154 1.571278070132986 1.5561332687649874 1.5342260311361486 1.5069458700342346 1.4757347498500737 1.4398920479002497 1.399885596030149 1.3655752512508987 1.3435118162271174 1.3341143471635633 1.3387850713401075 1.3573461051554263 1.3878712019386201 1.4276282114040606 1.4739472747647926 1.5245600550741352 1.5775922894101204 1.631453187077408 1.6847318326884797 1.7361264010961768 1.784415596340188 1.829282955299523 1.8706984829884736 1.9080998695104026 1.9405464214160801 1.967118930108265 1.986929683852397 1.9991345389828923 2.0038507002034978 2.007276811176899 2.01061618829466
1.4567383383336885 1.4635684835475442 1.4897364338816899 1.5222023836454788 1.5523638275542162 1.5736440989197336 1.5858166695072544 1.5898231715953084 1.5872325317515095 1.5799187965575157 1.5698479195100428 1.55870221961259 1.5459493227854124 1.5266570611268746 1.5009529849836132 1.4700995013393463 1.4338404730237806 1.3917197981380087 1.3457675081103677 1.3062796217328587 1.2795907218131464 1.267596375977997 1.272996418539191 1.2957163584968232 1.332238649452739 1.3783347556660097 1.430609377400375 1.486606341934684 1.5444889372440844 1.6027656078533479 1.6601238826020672 1.7153413611410233 1.7672427164386062 1.8151130903626647 1.8596139789918074 1.9000101120304191 1.935374312432801 1.96479198880797 1.9873725917706504 2.0022625597583343 2.008928531585345 2.0130492392617243 2.017054931919642
