_RESULTS/CROSS_VALIDATION_POSTPROCESSED_CLR/Berg/TZ/2comp/2/Berg_TZ_z_63_kriged_reverse_2comp_spherical_2.asc
ncols 100
nrows 90
xllcorner 5.6208707817415728
yllcorner 50.959635321741573
cellsize 0.00013419651685393446
nodata_value 1.7014100000000001E+038
[rows 38 to 56 of 90, columns 42 to 83 of 100]
-1.1818964398610818 -1.0700177890556537 -0.9372859322436848 -0.7815417508550881 -0.607407203928511 -0.42717310921612195 -0.24842473297624335 -0.07071375158382853 0.10664812697156978 0.2851432328918999 0.46673968091035456 0.6504728704871745 0.828122743914504 0.984095725270999 1.0826386211902757 1.0608629390054831 0.8776697495305359 0.628343507428899 0.3841036575654493 0.1718197941704911 0.005391002327783001 -0.10290853250009446 -0.14351917521719737 -0.1111598538269849 -0.011387495733754971 0.13915322892964044 0.32200320068613086 0.5207151634206721 0.7192140359595762 0.8996245111928725 1.0451450425195896 1.145237448568685 1.1930014986111581 1.179491318023439 1.0973848815911433 0.9343955891413886 0.7034468082580532 0.4245014862904173 0.11919012220992453 -0.19867632297626625 -0.5165569126096871 -0.8113738263911082
-1.2176999040241687 -1.1116832556961271 -0.9836010686092665 -0.8379889399123425 -0.6783300348710117 -0.5131767213380543 -0.3480443821176764 -0.18224182918609644 -0.012600760899818209 0.1626867545279589 0.3432094703450361 0.5267357323700894 0.7128951489745408 0.8982616957591605 1.0807085955057796 1.1457958900010252 0.8381773782074284 0.5214039228838663 0.2438670314157676 0.01245264670677404 -0.16721076675452795 -0.2848598020133408 -0.3227834988959958 -0.26134227754177153 -0.11033847213345616 0.09901164471070634 0.34200184217639884 0.6013750793912214 0.8614254622936104 1.1040659380686277 1.3049105799665408 1.442274415981952 1.505738867124103 1.4826939782569093 1.3757488383543686 1.1815114265495252 0.9176128989648606 0.6025593008670709 0.2617437988245499 -0.08551541728050571 -0.4232586334162567 -0.737844157813207
-1.253127057794333 -1.1549814074088984 -1.0340012478702332 -0.8997144325094838 -0.755418539020223 -0.6077502834194335 -0.45891797082083974 -0.30567548906566055 -0.14902030141178602 0.009688984912694432 0.17083085134356435 0.33551056635254395 0.5035313943410649 0.6709995994753011 0.8347278216007086 0.8771982886875014 0.6124116552953305 0.31041199166351685 0.035188287032840604 -0.19940372472982815 -0.3867389240344302 -0.5180871697500037 -0.5679809825408313 -0.4683578422645106 -0.24739946989332917 0.02734728682613019 0.33185002727853763 0.6535651432443719 0.9796599418566585 1.292149511908437 1.56380268933708 1.7569949564082676 1.83905663649461 1.798045675991238 1.6542586980744478 1.4200565729313868 1.1192042883961861 0.7692195439511114 0.391051708351267 0.009452514636664633 -0.340459674661331 -0.66277675022267
-1.2859882449973006 -1.197765297613378 -1.0874364795294427 -0.9664561658171665 -0.836114074473837 -0.7067063217804556 -0.5757488315363388 -0.4428321816960643 -0.3095881257154731 -0.17730580689687603 -0.046563544845715565 0.08267871585273512 0.20805243435581744 0.3188012525605084 0.3981247763967881 0.38447708799194236 0.22680235070889432 -0.004645879743221837 -0.24361812460151822 -0.4591003389235725 -0.6341223278436369 -0.7634150039958478 -0.849854124256134 -0.6888480794645988 -0.3921067918285833 -0.0634065056777402 0.2926138861186731 0.6701363947472689 1.0604324441392416 1.4487584085010716 1.8059354289001603 2.0724102706974623 2.1758783442184404 2.1047371554868928 1.913190390506058 1.6335352173493491 1.296970216554563 0.9193925066261694 0.5127425864750907 0.09226814750041235 -0.2577228294467079 -0.5776945668392066
-1.320866956495797 -1.244622815975677 -1.1489716509719523 -1.0448804077272755 -0.932155680961582 -0.8173518972037519 -0.705409155472681 -0.5955601289352765 -0.4884802788345515 -0.38708874514250735 -0.29392354775184526 -0.21056066320350586 -0.137433911656217 -0.0795230057235462 -0.04842048701166557 -0.08128322575604596 -0.19904846606416204 -0.3750797962532417 -0.5681246451003206 -0.7462536315959858 -0.886185480362794 -0.9693247011346847 -0.9694284921342249 -0.8060335985438967 -0.512994621276182 -0.16338531964134506 0.22349815647368798 0.6407894528217619 1.0831724595087253 1.542302744527529 1.9960672455218897 2.3788410311429793 2.5055195833621697 2.3565802388832484 2.1037668474521816 1.7910530998589185 1.4344549130800262 1.0438113409161522 0.6324107667044276 0.22573517785645203 -0.1429133661009525 -0.48140513403088103
-1.3686501848431483 -1.306283492772355 -1.2276251234203064 -1.1414718653986573 -1.043759960058494 -0.9429899381345112 -0.846346513416504 -0.7561443314073171 -0.6747554537599072 -0.6034228527010985 -0.5473426474168712 -0.5134965420304117 -0.4964298979049947 -0.4728531984534784 -0.46769261218104796 -0.5101179643459994 -0.6106347185395192 -0.7540175641238167 -0.9109647844522999 -1.0492930493854093 -1.1414644990173086 -1.1628931557541202 -1.0927325475679934 -0.9110700425035649 -0.6292940675380336 -0.2792599904156482 0.1187575539160286 0.5553105447698876 1.02473398028535 1.5205062125309035 2.0381700821442994 2.572065779489363 2.7322077612102476 2.4560292524605263 2.17026046654975 1.8529468428066103 1.5044935944267064 1.1264782389085048 0.7263086668025678 0.33215297633940977 -0.04013327868709715 -0.39057737873959586
-1.4274054045115319 -1.380727598418401 -1.320426847014958 -1.2504149196488417 -1.1673635538807527 -1.0798835495487906 -0.9972526451175413 -0.9221908498631586 -0.8575216974027036 -0.8083238448395073 -0.7809505479406583 -0.7838811149287965 -0.829801659215391 -0.8205222175791634 -0.8319378992939792 -0.8855516962548109 -0.9828748570377028 -1.112629982506176 -1.2508997320837745 -1.362052713984962 -1.4084836976237085 -1.3730536707846281 -1.252634641450141 -1.0483249952628806 -0.7668087674718209 -0.4222830479133979 -0.028077247192644927 0.4047192022163204 0.8680059750482945 1.3526781352571782 1.8409653820680816 2.2715153779768977 2.431223599220117 2.3020808957335213 2.0788253770206326 1.8034353234308906 1.4902124677412865 1.1454805135741595 0.7746356837794632 0.3959395783080595 0.03000834487816406 -0.3199575714840318
-1.4946675387952189 -1.4654277427655893 -1.423171349308129 -1.368073137139329 -1.2999747111424962 -1.2245228201109113 -1.1534455012238052 -1.0886486459091522 -1.034203136836906 -0.9954251128461029 -0.9773453767347875 -0.9871273537792579 -1.0261851159034925 -1.0685778937808916 -1.12104999034772 -1.194851090136571 -1.2989265394471277 -1.4287228569643442 -1.5679264490689606 -1.6777054458309149 -1.6873829929050457 -1.5931750748296323 -1.4319010053480214 -1.2097963178886784 -0.9294697214212407 -0.5976502976174974 -0.22247636217790512 0.18756057195695042 0.6222379247609267 1.0650753577919263 1.4843884034411479 1.8175962532805932 1.9860214488315362 1.9818170018405687 1.8561976043605333 1.652616033775374 1.394675445998393 1.0961079679876333 0.7651180382395453 0.415892062392609 0.06417480831447264 -0.2759571646990657
-1.5677606714971475 -1.557401080620385 -1.531567772701814 -1.491827225618484 -1.438508784094426 -1.37398275219561 -1.310318134027964 -1.2514464082943717 -1.201348868132747 -1.162976426818852 -1.1420053452898484 -1.15242036708739 -1.1918283628772608 -1.2559805636800787 -1.3401706379934026 -1.4339343742544364 -1.5466393922242596 -1.6792082370485342 -1.825935732788813 -1.9733002965763649 -1.9468735589592365 -1.792974354728499 -1.6081171979976123 -1.3840646486304153 -1.116202572340506 -0.8062764736066699 -0.4593195779595508 -0.08247418948933549 0.31361643440433173 0.7096968358288744 1.0736323825374876 1.3624081803570383 1.5433492955856518 1.6052680650923314 1.5573914262229607 1.427395548061967 1.231906223388292 0.9860077281369166 0.6999222698774841 0.38821866555812634 0.06300535094588589 -0.2599527089251804
-1.6438012964004165 -1.6526674604714984 -1.643206224549643 -1.61929911628265 -1.5804719276664465 -1.5252415396537728 -1.4658576245931618 -1.4079047467028825 -1.3544716519868607 -1.3095011226100493 -1.287008350350395 -1.2963167615430629 -1.3363054907622245 -1.4076688368038375 -1.5070741503357625 -1.6122381149034708 -1.7275122300165364 -1.8538833513659845 -1.9843893574869098 -2.09003242367519 -2.070697450161775 -1.940639723038395 -1.7684393792750623 -1.5626154272960298 -1.3186054675471368 -1.03817973397678 -0.7259406560301387 -0.3879745639741169 -0.031220518406504416 0.3265804507065193 0.6548361549705328 0.9240024603235921 1.118362512746035 1.216740344262522 1.2231370752737518 1.154952613110954 1.01961936459439 0.8269887381488858 0.5874448422566061 0.31625549282862164 0.025909503151370306 -0.27064559995135473
-1.7196562958244148 -1.7478386922478555 -1.7557176786916524 -1.7483363312961138 -1.722892324765659 -1.6760827119713906 -1.6160811898474883 -1.5535359697711657 -1.4922315463862088 -1.440090995256099 -1.4148552079049814 -1.4201350167539082 -1.4567083784134438 -1.5262670874329256 -1.6287783685868398 -1.7377327976621446 -1.8495256975196221 -1.9628012560229982 -2.0667466022919934 -2.1341486309393267 -2.1280805414461086 -2.0458859183750246 -1.9111493965940136 -1.73835167995535 -1.5277814191852492 -1.2821557276143074 -1.0074462881635984 -0.7115675325009341 -0.3910753962417094 -0.058295903783150305 0.2482009040346438 0.509575302136329 0.7123063621765031 0.8335842922127059 0.8777447812112924 0.8561080855197774 0.7738859926018986 0.6313406847547287 0.43719180468881413 0.20736356055579996 -0.04523109194735975 -0.3055619081254708
-1.791584448407849 -1.8396878637272747 -1.8654510856657396 -1.8740903888033182 -1.8597577730168044 -1.8200789962100872 -1.7581887172055501 -1.6876726965421098 -1.6149375910774486 -1.5568560676361174 -1.5251797769364128 -1.5230048693961178 -1.5517377896140112 -1.6129398116440048 -1.708357587174825 -1.8160532458271959 -1.9214716778390009 -2.0227596862330333 -2.111032716142503 -2.1693455860659165 -2.179667108139439 -2.135900237045953 -2.043690924128761 -1.9106479558353733 -1.738495279699209 -1.5290175105911599 -1.288459763557174 -1.0246844449234371 -0.7334325128109423 -0.4250776872498815 -0.13490270794484238 0.12339115533430434 0.3267968614207395 0.46328415911560317 0.5345934425929915 0.5471904509201824 0.5073297849772396 0.4099006490381212 0.2583223721601855 0.06899255579389751 -0.143189315269303 -0.3646573965757334
-1.8504862812510905 -1.9195816553676948 -1.9642648245297671 -1.9893598226030917 -1.9874804235177561 -1.954892321641053 -1.8919475827635432 -1.8098806261228622 -1.7249158928542903 -1.6582961858223626 -1.616870080847214 -1.6041469558930066 -1.6214562484068014 -1.669803067162106 -1.7500952828079663 -1.8525842354625475 -1.9513601941670968 -2.0450350336952905 -2.1292283370631564 -2.194071598654732 -2.227394705369406 -2.220774513107124 -2.171704309616616 -2.081208018186159 -1.9488074123305403 -1.774182986924271 -1.5622448579125456 -1.3188234402042136 -1.0491308663257168 -0.7657907416966092 -0.4888138884083971 -0.2382828431818228 -0.03672755199384792 0.10996387712802358 0.201081772682266 0.23970861627945173 0.23066628152489166 0.17147327707373927 0.05895371783796377 -0.09110688108411902 -0.26128883934370284 -0.44374558717272905
-1.8902396786705842 -1.9810597624323938 -2.0468434315618707 -2.090717250667889 -2.104288734864845 -2.0795943883445513 -2.014807770509918 -1.918803152264358 -1.8205572249902606 -1.7420867537297302 -1.6884645896961397 -1.663133581661859 -1.6668558176099124 -1.699823807686521 -1.762028029963289 -1.8518616688831533 -1.9442642959991083 -2.033546574947203 -2.1216227426758136 -2.203638034198379 -2.267603430595558 -2.301329240368315 -2.297021079391894 -2.250869535210817 -2.158704702010644 -2.0170488492016982 -1.8302159687333992 -1.605034110904429 -1.3511193871688385 -1.0817078844587273 -0.8152637457067813 -0.5765577202243257 -0.37726266473899195 -0.22367794063589852 -0.11804211461390501 -0.05943070411965712 -0.04485950977135944 -0.07599364948303 -0.15403582837066898 -0.26375536008695444 -0.3932121916674177 -0.537415190147322
-1.915689814015236 -2.0179352159888753 -2.106550784445986 -2.1724852101841847 -2.2074391599956193 -2.1933335137709924 -2.12194226563197 -2.0107773668980906 -1.8971804330050217 -1.8048840893011595 -1.7382142684670776 -1.6998019673131526 -1.6895268744800656 -1.7066191232611745 -1.7500891791808961 -1.8191892032584496 -1.9039843381558557 -1.9883932427213757 -2.0845248873172544 -2.1936736344597274 -2.2970661058727817 -2.3759622298221217 -2.4189843955809485 -2.4188738327840227 -2.368337154009847 -2.257829809592441 -2.0922347634093894 -1.8803479853615752 -1.6350170117477423 -1.3731507217914058 -1.1207598282208626 -0.8909016798102044 -0.6936846543946242 -0.5354768826811642 -0.4193156940091498 -0.34558532359183725 -0.3128053524006198 -0.3219804807467227 -0.37147361390169187 -0.44240534587857894 -0.5331761643409714 -0.6405394199754719
-1.9265098955941862 -2.0327065858746876 -2.1337793316089586 -2.223057587937718 -2.289411206135152 -2.2950822846553116 -2.2042690087372208 -2.0730803370484496 -1.9476139741220801 -1.8424987064167948 -1.7642964181999556 -1.7142280950146642 -1.6913914919727218 -1.6941782490922574 -1.7206979428761837 -1.7690091824770575 -1.8374776055767634 -1.9107154561466815 -2.012998287811487 -2.1641120354644823 -2.315547163365765 -2.4427037014492425 -2.535005679195432 -2.5831992364624528 -2.5756173262721673 -2.4960256025575793 -2.34591987508795 -2.1394413159993664 -1.896235103572008 -1.646155476671501 -1.4032909799429185 -1.1796325845967743 -0.9843246315495912 -0.8233407392339311 -0.6999375500593393 -0.6151919554041226 -0.5685778308535432 -0.5596780015130479 -0.5790064361271667 -0.6189778438382545 -0.6759967308365376 -0.748399940820789
-1.920363272172001 -2.026200999558824 -2.126882538880373 -2.2215325690502468 -2.3149492444614834 -2.370621100443821 -2.2297669418322372 -2.0867377894051695 -1.9598544602233927 -1.8511516694710752 -1.7654566903693654 -1.7068527357993315 -1.674414321841391 -1.666217902084262 -1.6800690260399498 -1.7135145541085828 -1.7639026021990367 -1.824408685312342 -1.9167771795186797 -2.131329869768556 -2.32643593157594 -2.4978712533080785 -2.6389050464347834 -2.738525141714346 -2.777755336525042 -2.728631427583098 -2.5866569244329893 -2.376976778154446 -2.1397418937061237 -1.8956889011686857 -1.6586675903607428 -1.4398113989374064 -1.2468976070635849 -1.0851069910138054 -0.95749978066551 -0.8654238427589208 -0.8085609172494522 -0.77834342608168 -0.7701971346506484 -0.7824648389713784 -0.812022546690201 -0.8558955834036256
-1.896896173790758 -1.996672559625872 -2.087977949880992 -2.1672237164057875 -2.230586685874316 -2.243202554410274 -2.16079228485315 -2.0402038638482614 -1.9261850542391314 -1.8260784899327975 -1.741864449141016 -1.6786775541946466 -1.6403118053737757 -1.6252545841026944 -1.6319022788646564 -1.6589948950209883 -1.706890158561195 -1.7831494377149202 -1.9169500211049182 -2.114376067285778 -2.3270485487952244 -2.531515255413544 -2.717243985616352 -2.8720271519048897 -2.9686192253572727 -2.951755960565566 -2.8088719887151155 -2.594688207448736 -2.3554463068033025 -2.1132552858315705 -1.8811567217457579 -1.6676723121501693 -1.4787889754298977 -1.3186671293509868 -1.1899605741105093 -1.093659001311341 -1.0241304554121682 -0.9721557214351039 -0.9400193184051762 -0.9276623601478933 -0.9324000601608493 -0.9515925391576826
-1.8583087647841081 -1.9470892959679142 -2.023384364518359 -2.081337771550797 -2.110120596466788 -2.0979320643483126 -2.035640306945763 -1.9438469512615473 -1.8503205675196464 -1.764491727457202 -1.6907059184759352 -1.6312322872112284 -1.5904288226412375 -1.5721680599367631 -1.576010736172932 -1.6023659061156141 -1.6544388573958326 -1.7420225125996376 -1.8830558276690779 -2.0779166548143175 -2.298490172655394 -2.5254822666433796 -2.74660941716563 -2.95392444292729 -3.129871375888216 -3.172624877005074 -3.0000571802930067 -2.7680507947517343 -2.526241102964441 -2.288743531571426 -2.064634688461607 -1.859489948257333 -1.6776136232035097 -1.5222763572174074 -1.3948223068600645 -1.291540932300086 -1.207758435039743 -1.136872891577773 -1.0842062202100733 -1.050280377009774 -1.032881262969672 -1.0296955267776189
