_RESULTS/CROSS_VALIDATION_POSTPROCESSED_CLR/Berg/TZ/2comp/2/Berg_TZ_z_180_kriged_reverse_2comp_spherical_2.asc
ncols 100
nrows 90
xllcorner 5.6208707817415728
yllcorner 50.959635321741573
cellsize 0.00013419651685393446
nodata_value 1.7014100000000001E+038
[rows 57 to 75 of 90, columns 44 to 87 of 100]
3.207573768533052 3.1199734716785064 3.046525835785495 2.9980041151383516 2.9796689612253924 2.98380139908602 2.999024345850306 3.0144463798228145 3.022710113396008 3.0196201261019775 3.013520558262789 3.0145678847149027 3.026175656929042 3.052659553880039 3.1024695613951443 3.1899611315003176 3.3293343768999066 3.518010410864401 3.7380670577810284 3.974962856482396 4.2146213485661885 4.446244643138172 4.665853093196501 4.864048870307377 5.0102612129845525 5.126074969510399 5.209092599207169 5.2591016843513785 5.277539847243255 5.268569736769839 5.236165446634331 5.18170755378294 5.106395675178138 5.012686987995711 4.899800144011378 4.777909004846058 4.663030304310827 4.557280274733409 4.463496000295203 4.38451294526174 4.323118340160903 4.282070496981891 4.26352059349633 4.258582165954258
3.2660414205215815 3.1812935226009356 3.1089588601164855 3.053643459486264 3.018126193143752 3.0004569361831606 2.9947529187095068 2.9933962513455947 2.990549193258266 2.98255384589547 2.969738202013845 2.9669427193798334 2.9785686197671355 3.0087508181374742 3.0660679008993506 3.1592866081714854 3.2951555788763756 3.465920733216036 3.649880673558137 3.854209137881147 4.066870561160679 4.276635406329384 4.478696127956808 4.663073093794293 4.809036686611644 4.921737318106957 5.005021088608527 5.059970410156406 5.087904407402328 5.089767002882801 5.066328334023948 5.020988523908989 4.956398064832381 4.872153501290757 4.769016449208556 4.661395161995905 4.561295569387726 4.470574240540594 4.392005362511164 4.328395724410128 4.2825112828712415 4.257014662236005 4.251162308924978 4.249014519595011
3.3521877462405003 3.268397698612565 3.195139620831186 3.134859889214339 3.0877827998209693 3.0542023436431895 3.0326548088860306 3.0180591246791635 3.006104224105388 2.993965116771027 2.9805360692740015 2.9723145197409773 2.9829516068649458 3.015526962869614 3.0743464447947186 3.164036348805319 3.286776691516864 3.435819223937645 3.601087140976576 3.7817514136328803 3.970622598560278 4.159210999759257 4.342230455034186 4.505420567912294 4.641838016706114 4.751042489219152 4.834304943419658 4.891650263109828 4.923615226129245 4.931237976853792 4.916075523494507 4.880100290861608 4.823418752582244 4.74657037584448 4.6528712334173905 4.559689615357229 4.474487479314588 4.399027790849636 4.336022095537453 4.288224824575531 4.258013015486858 4.247264828986516 4.246919095078077 4.246918462141672
3.4606473807122193 3.37963917960667 3.3048145933089357 3.2404747474048383 3.1866679114305025 3.142361629368584 3.108804067245816 3.083977503396615 3.0648421820986114 3.049357341347563 3.0367712849247406 3.0278009874983516 3.033672692127149 3.063413210732431 3.1190669950767447 3.2022189348761723 3.312154816454841 3.4445092670408197 3.5939407292776258 3.756417508667231 3.9259563391785193 4.089816583927533 4.246071729151592 4.388446510021246 4.511444100532854 4.61247123970979 4.690828074869984 4.746508390971459 4.779875812864936 4.791697395533284 4.783148545938978 4.753880043402916 4.704072361758829 4.635256526614523 4.553098616074152 4.475071009688365 4.405171673977637 4.3452304666034856 4.297792509005911 4.264946416932307 4.249023621758434 4.246932717101802 4.246918462141672 4.246918462141672
3.570733407358113 3.504097653465613 3.4362251838683546 3.3703913854574723 3.3119511003426156 3.2618384581641076 3.220522436101065 3.18774672754152 3.162907564933498 3.1445841027378876 3.13227070446915 3.126492207864649 3.1291442141546586 3.152032502493294 3.200317987817549 3.273922546144753 3.3713521599600984 3.489420127465842 3.623796983082248 3.7655004152547784 3.906442569579426 4.043693982872303 4.177011231565145 4.300252630479342 4.408751902122982 4.4997136083595315 4.571898755984881 4.6247485398229315 4.658255973305432 4.672765304294364 4.667204164539458 4.641713374171934 4.597298290995643 4.535168473484781 4.466588451254341 4.404003288667896 4.349390837815136 4.304365752287296 4.271386181513066 4.252843541338143 4.248031600270198 4.246918462141672 4.246918462141672 4.246918462141672
3.6759433980095366 3.623380153382077 3.568039645053183 3.5125757279100904 3.4589408573127605 3.408464239715589 3.363544029509861 3.3265917328611714 3.2973412340831594 3.276459393394161 3.2638421878867234 3.2598404596434154 3.2654561300273386 3.282542902024397 3.320914173599335 3.3833618423334073 3.466262552534609 3.5648686404133696 3.674097617865126 3.788306787822978 3.901985021542295 4.01690282195077 4.12988620648793 4.235904232365279 4.3309328861162575 4.412158467839228 4.477867635826524 4.527189171545979 4.559320816210496 4.572849964352445 4.567843469098872 4.544745772732456 4.504249774385104 4.44899729050308 4.394513615045678 4.346274378913896 4.305974321577803 4.275398665218422 4.256919175227195 4.250452204909093 4.247461372740036 4.246918462141672 4.246918462141672 4.246918462141672
3.7711008286799124 3.732309911936889 3.68957214983503 3.6452860228168786 3.6013276981752216 3.5590371670414713 3.520049393707266 3.4866288914982 3.459289838093932 3.438772147277473 3.4259944193073184 3.4224097226018246 3.4286062358544873 3.4450806333400976 3.472134805536472 3.515469679925525 3.5765011006961283 3.6513486166351488 3.735457551633393 3.8237701134242066 3.9146464178900127 4.009663932549731 4.104338981930116 4.194471250435227 4.276557212952271 4.347941491384877 4.406604129436782 4.450278591139418 4.477901916449485 4.488993681185633 4.4834502970429995 4.461477379154147 4.423528938975816 4.378257186403547 4.33733506793375 4.303097923661595 4.2768860211333894 4.260653529606862 4.253601865924682 4.2491220642638305 4.247044808322916 4.246918462141672 4.246918462141672 4.246918462141672
3.852891215439638 3.8276534466313805 3.797485782143384 3.764587989582918 3.7307715008379034 3.6974374689510023 3.6658021567692676 3.6384259317513274 3.6162493451066955 3.5996498651457607 3.5892046469470067 3.5860277674830896 3.5907634828403596 3.6041619501850515 3.626337744476644 3.6567304137029515 3.6964783451564536 3.748345604033913 3.8084494796569337 3.873179443925317 3.9452926904985754 4.022293442162778 4.100290831779712 4.1757020905353475 4.2450434649895605 4.305326411155474 4.354389319612252 4.3906462790910785 4.413015492658961 4.420843617016967 4.413837456562202 4.3920036806656295 4.35795901722931 4.325141261372393 4.297438431084452 4.276814676157727 4.26441058153952 4.256921817417675 4.251371621962015 4.247972133180403 4.246918462141672 4.246918462141672 4.246918462141672 4.246918462141672
3.9229415195670114 3.9071326727949938 3.8895096378449043 3.8681352009146606 3.8447528532050663 3.820773772614001 3.797310259011592 3.7762183794986193 3.7594295176286048 3.7473455199928054 3.7402864525767967 3.73850170917803 3.7427827475326882 3.7537758848221587 3.7713741482137797 3.7950696260856436 3.823875933731113 3.8563133911954326 3.8934513316757062 3.9394932664283937 3.9943051081126177 4.054351174567868 4.116121084075676 4.176297955133006 4.231903399567762 4.2803952275821775 4.319708772143021 4.34825036181912 4.364861055969009 4.368767632571901 4.359531173193119 4.337344655599945 4.312713331927309 4.291982093742787 4.27715992370651 4.267761377378291 4.259911931371961 4.2537135557666605 4.249396024261849 4.247177020073626 4.246918462141672 4.246918462141672 4.246918462141672 4.246918462141672
3.9831442571935374 3.9702763285297227 3.9634075426976203 3.9536300397186483 3.940857414027022 3.9264749842626285 3.911606171365138 3.8973174992629773 3.8859045872065674 3.8781713310084474 3.87436607362394 3.87461106819411 3.878872608739377 3.887302489306227 3.900520497794963 3.9179635712559007 3.9386258638869136 3.961088086342322 3.986884548326352 4.0192090267880864 4.057548117747882 4.101310588893408 4.1474927534330135 4.193181641135808 4.235719941853441 4.272784679136784 4.302429562397527 4.323094006693846 4.333587742623443 4.3330610046324125 4.3209679966907 4.303950247163694 4.2900478528292405 4.279046085370468 4.269947371269507 4.2621594233444124 4.25572315431186 4.250885101959927 4.247877979311154 4.246918462141672 4.246918462141672 4.246918462141672 4.246918462141672 4.246918462141672
4.032813406956189 4.02207156546353 4.017988249462152 4.018832126219137 4.016765901926314 4.0121196636282646 4.00598795800194 3.9992531201569217 3.9932230602987007 3.989695264187901 3.988898833349848 3.9908538617051343 3.995403560951353 4.002178090895184 4.010888227572111 4.021985235302469 4.034581640015322 4.0496931016103 4.070859335919421 4.09720339574236 4.127452998265265 4.16012703132556 4.193608802054341 4.226218120137736 4.256334060246531 4.282350276020193 4.302472204633431 4.315194943460076 4.319319366230506 4.3135275884820405 4.30139284997032 4.2898939733245465 4.279529944443354 4.270721121526103 4.263367858987565 4.257072607006742 4.25208922840342 4.248663057290257 4.247027220333901 4.246918462141672 4.246918462141672 4.246918462141672 4.246918462141672 4.246918462141672
4.071129413270026 4.062589366509451 4.059550491242061 4.062635225059438 4.070249006772215 4.075415913996217 4.078099548793098 4.0791328884105695 4.0791711693215085 4.079727747272707 4.081757870594565 4.085197381517361 4.089798525680746 4.095105313390159 4.1004246102143584 4.105250369100129 4.112181519508645 4.124400106571487 4.141382495685361 4.162273769057239 4.185980811835517 4.211223100954669 4.236588577247955 4.260588843470451 4.281707976048303 4.298440511136466 4.309316539366623 4.312914524283125 4.307864484039447 4.2975634737728825 4.2875526264573836 4.278267180904383 4.2701208235460975 4.263381242817477 4.257553748354373 4.252760250940449 4.249253601621204 4.247275445925522 4.246918462141672 4.246918462141672 4.246918462141672 4.246918462141672 4.246918462141672 4.246918462141672
4.097463715699451 4.091154530039008 4.0892556064174475 4.092610342628282 4.101200910039746 4.114185601309587 4.125728993131338 4.134553170494974 4.141240833701132 4.146266155247455 4.150989015539401 4.155755556650942 4.160250186642188 4.1639589597132876 4.166177786712028 4.168974384432445 4.174683132865567 4.184346216222358 4.1974853589532115 4.213359257865973 4.231018117979404 4.249342698868596 4.26708738692764 4.282923149628466 4.295476423596068 4.303360877741333 4.30520045233825 4.299784295509133 4.291486376648333 4.2831933737508505 4.275290430815934 4.268167080243204 4.262197858031656 4.2570941346950395 4.25276862650035 4.249474320328769 4.247455835456233 4.246918462141672 4.246918462141672 4.246918462141672 4.246918462141672 4.246918462141672 4.246918462141672 4.246918462141672
4.111134180235002 4.106983247589063 4.106611035276422 4.1103503807458495 4.118650263478325 4.131074636877549 4.146902711451377 4.163417691431464 4.176742221222165 4.187105540681564 4.194773144841921 4.200755751501212 4.205037264678998 4.207764003860859 4.211315647948338 4.2159114526184185 4.22132604157525 4.228616543735216 4.2381959189668885 4.24941462162478 4.26143868265621 4.273279996935356 4.283829902834679 4.291893063265612 4.296218840935998 4.295527966751531 4.290020074260813 4.283714533962971 4.2772145189384085 4.270855283869308 4.264988125775779 4.25997273686343 4.25576295010647 4.252112770345314 4.249264423241095 4.247458491831109 4.246918462141672 4.246918462141672 4.246918462141672 4.246918462141672 4.246918462141672 4.246918462141672 4.246918462141672 4.246918462141672
4.10981668714566 4.109519269068382 4.110721404818827 4.115444379855392 4.1236570922300615 4.13539994585709 4.149950718137169 4.166400412553974 4.183722844273614 4.1994154344697385 4.211016849078772 4.21886082445099 4.225643014681139 4.23222572588675 4.238709780335581 4.24502435737816 4.2509144780597055 4.256282679578157 4.262540036582766 4.26940725600546 4.276144977039814 4.2818728817359855 4.285596171935321 4.2862326139155975 4.2833632425361206 4.279438964818925 4.274969153137673 4.270200199260267 4.265411081411335 4.260905733651313 4.257005746324041 4.253765362736207 4.2509191733643 4.248681668216269 4.247281935807064 4.246918462141672 4.246918462141672 4.246918462141672 4.246918462141672 4.246918462141672 4.246918462141672 4.246918462141672 4.246918462141672 4.246918462141672
4.092861937766151 4.098213107978371 4.1010052878979435 4.106992078094054 4.1158602768283385 4.127223557210334 4.1407968258397805 4.155674863233091 4.170891187561811 4.186224186201538 4.201296722253064 4.21560537615366 4.227962454596821 4.238449417026899 4.247713145877816 4.255659020112352 4.262030293066024 4.266405287816911 4.269542222462912 4.272314668016309 4.274062044043176 4.274114214378034 4.273113112920652 4.271369494749164 4.268979546694907 4.266085816652644 4.262872963001453 4.259562457932647 4.256406613645269 4.25368235574803 4.2514266500962465 4.249433262575143 4.247898514491087 4.24703319590072 4.246918462141672 4.246918462141672 4.246918462141672 4.246918462141672 4.246918462141672 4.246918462141672 4.246918462141672 4.246918462141672 4.246918462141672 4.246918462141672
4.062873014870692 4.073296970527083 4.078027920345011 4.085352485458168 4.095499961531685 4.107879084998474 4.121925822270093 4.137405626469226 4.153742049103194 4.17033307270997 4.186634295804578 4.202153707103607 4.216445753143618 4.22910627651874 4.2398134941335845 4.248683632938595 4.255383549231353 4.259465348190844 4.2609124880547515 4.261646800681103 4.261911487517656 4.261657240132138 4.260880295376027 4.259622419381558 4.25796965727587 4.256049902826193 4.254029418115633 4.252108513369659 4.2505154972627945 4.24916956089241 4.248002919837152 4.247191142082898 4.246918462141672 4.246918462141672 4.246918462141672 4.246918462141672 4.246918462141672 4.246918462141672 4.246918462141672 4.246918462141672 4.246918462141672 4.246918462141672 4.246918462141672 4.246918462141672
4.030119901628205 4.044262358072522 4.051507356365033 4.060270912052656 4.072273833832381 4.086735094798413 4.1028848733385335 4.120026475353431 4.137745345774475 4.155650577150085 4.173197488793912 4.189904996117358 4.205344224341456 4.219129927503028 4.230914486300708 4.240383892329032 4.247273672997625 4.251579273200534 4.2530572979301144 4.253250746969196 4.253222048717082 4.2529264772931255 4.252360385458861 4.25156118592583 4.2506063130528124 4.249611217671376 4.248726505799975 4.248072661073019 4.247489201651508 4.247057798152261 4.246918462141672 4.246918462141672 4.246918462141672 4.246918462141672 4.246918462141672 4.246918462141672 4.246918462141672 4.246918462141672 4.246918462141672 4.246918462141672 4.246918462141672 4.246918462141672 4.246918462141672 4.246918462141672
3.9964674858226714 4.013717781787013 4.024129194858195 4.034712908455114 4.048960634912706 4.065823287811482 4.084352909781142 4.103756886493293 4.123390664506198 4.142731894985531 4.1614936359758055 4.179330043837703 4.195837241278042 4.210654232466838 4.223455467300892 4.233946050700302 4.241858631697077 4.246951248417425 4.249005607612075 4.248823010314392 4.248514548967099 4.248178673166554 4.247811839987078 4.247447756225678 4.247156518867461 4.247021566963719 4.246938347879464 4.246918462141672 4.246918462141672 4.246918462141672 4.246918462141672 4.246918462141672 4.246918462141672 4.246918462141672 4.246918462141672 4.246918462141672 4.246918462141672 4.246918462141672 4.246918462141672 4.246918462141672 4.246918462141672 4.246918462141672 4.246918462141672 4.246918462141672
