_RESULTS/CROSS_VALIDATION_POSTPROCESSED_CLR/Berg/GZ/8comp/5/Berg_GZ_z_0_kriged_reverse_8comp_spherical_5.asc
ncols 100
nrows 90
xllcorner 5.6208707817415728
yllcorner 50.959635321741573
cellsize 0.00013419651685393446
nodata_value 1.7014100000000001E+038
[rows 0 to 18 of 90, columns 0 to 42 of 100]
-4.69440586625154 -4.69440586625154 -4.69440586625154 -4.69440586625154 -4.69440586625154 -4.69440586625154 -4.69440586625154 -4.69440586625154 -4.69440586625154 -4.69440586625154 -4.69440586625154 -4.69440586625154 -4.69440586625154 -4.69440586625154 -4.69440586625154 -4.69440586625154 -4.69440586625154 -4.69440586625154 -4.69440586625154 -4.69440586625154 -4.69440586625154 -4.69440586625154 -4.69440586625154 -4.69440586625154 -4.69440586625154 -4.69440586625154 -4.69440586625154 -4.6846481652996435 -4.618443871489833 -4.488728944411965 -4.298020441075977 -4.101767016572281 -3.953153034689674 -3.8555375743528044 -3.824703288035786 -3.8632776178408488 -3.9687801248850443 -4.139587356222613 -4.3754446504817 -4.678114543480063 -5.052087169124261 -5.505107001113543 -6.047960281942299
-4.69440586625154 -4.69440586625154 -4.69440586625154 -4.69440586625154 -4.69440586625154 -4.69440586625154 -4.69440586625154 -4.69440586625154 -4.69440586625154 -4.69440586625154 -4.69440586625154 -4.69440586625154 -4.69440586625154 -4.69440586625154 -4.69440586625154 -4.69440586625154 -4.69440586625154 -4.69440586625154 -4.69440586625154 -4.69440586625154 -4.69440586625154 -4.69440586625154 -4.69440586625154 -4.69440586625154 -4.69440586625154 -4.69440586625154 -4.69440586625154 -4.6663141809937105 -4.563062192329852 -4.391498823349448 -4.159579410675985 -3.920172003385157 -3.737630550533133 -3.629111812945095 -3.5914259735407175 -3.62083389483538 -3.7138874589744324 -3.867835874558673 -4.081247372510072 -4.354912288190232 -4.69306205129671 -5.104766559104035 -5.604826679324109
-4.69440586625154 -4.69440586625154 -4.69440586625154 -4.69440586625154 -4.69440586625154 -4.69440586625154 -4.69440586625154 -4.69440586625154 -4.69440586625154 -4.69440586625154 -4.69440586625154 -4.69440586625154 -4.69440586625154 -4.69440586625154 -4.69440586625154 -4.69440586625154 -4.69440586625154 -4.69440586625154 -4.69440586625154 -4.69440586625154 -4.69440586625154 -4.69440586625154 -4.69440586625154 -4.69440586625154 -4.69440586625154 -4.69345827218006 -4.678466542871578 -4.61132617028107 -4.468285037502374 -4.257503673206815 -3.9871089017818244 -3.720563296369679 -3.531240999549582 -3.415634723292613 -3.369272027558452 -3.3874323476866826 -3.4653398138125855 -3.598527307363411 -3.7834605104607295 -4.01856167781669 -4.305847270899186 -4.653420016134765 -5.078628621098724
-4.69440586625154 -4.69440586625154 -4.69440586625154 -4.69440586625154 -4.69440586625154 -4.69440586625154 -4.69440586625154 -4.69440586625154 -4.69440586625154 -4.69440586625154 -4.69440586625154 -4.69440586625154 -4.69440586625154 -4.69440586625154 -4.69440586625154 -4.69440586625154 -4.69440586625154 -4.69440586625154 -4.69440586625154 -4.69440586625154 -4.69440586625154 -4.69440586625154 -4.69440586625154 -4.69440586625154 -4.691227811089254 -4.668378556673231 -4.625505007884872 -4.520972125158904 -4.340973177034934 -4.0940297553474 -3.811455512464656 -3.5400806764781536 -3.343451572179622 -3.2199988484922866 -3.1645534379996065 -3.1713319096839663 -3.2340216964710455 -3.3460228450109337 -3.5009365042456055 -3.693463661701877 -3.9210581112200797 -4.187095475986774 -4.5070332724866
-4.69440586625154 -4.69440586625154 -4.69440586625154 -4.69440586625154 -4.69440586625154 -4.69440586625154 -4.69440586625154 -4.69440586625154 -4.69440586625154 -4.69440586625154 -4.69440586625154 -4.69440586625154 -4.69440586625154 -4.69440586625154 -4.69440586625154 -4.69440586625154 -4.69440586625154 -4.69440586625154 -4.69440586625154 -4.69440586625154 -4.69440586625154 -4.69440586625154 -4.69440586625154 -4.690315095980795 -4.6625797536592914 -4.6123519281615355 -4.540415663579865 -4.401486040583233 -4.1875462741044185 -3.9296535042415384 -3.6557595925197712 -3.3823851513108623 -3.1779917028889613 -3.046919509097083 -2.983432663428057 -2.9807800517538787 -3.0311417263909606 -3.1257012549082814 -3.2549069153777563 -3.4090229580393525 -3.5792140390195435 -3.7599479794147657 -3.9553990338140994
-4.69440586625154 -4.69440586625154 -4.69440586625154 -4.69440586625154 -4.69440586625154 -4.69440586625154 -4.69440586625154 -4.69440586625154 -4.69440586625154 -4.69440586625154 -4.69440586625154 -4.69440586625154 -4.69440586625154 -4.69440586625154 -4.69440586625154 -4.69440586625154 -4.69440586625154 -4.69440586625154 -4.69440586625154 -4.69440586625154 -4.69440586625154 -4.69440586625154 -4.691549270709576 -4.663110348489804 -4.607685332018047 -4.529748012749252 -4.428878760050251 -4.258689890534235 -4.029334263078458 -3.781633203283385 -3.5196918875601604 -3.2502218310259394 -3.0380877551911567 -2.900413173730456 -2.83117260272671 -2.822938855574711 -2.866685332922183 -2.9535333361480633 -3.073269001915145 -3.210011753374516 -3.347237747213523 -3.468613560434514 -3.559566016343867
-4.69440586625154 -4.69440586625154 -4.69440586625154 -4.69440586625154 -4.69440586625154 -4.69440586625154 -4.69440586625154 -4.69440586625154 -4.69440586625154 -4.69440586625154 -4.69440586625154 -4.69440586625154 -4.69440586625154 -4.69440586625154 -4.69440586625154 -4.69440586625154 -4.69440586625154 -4.69440586625154 -4.69440586625154 -4.69440586625154 -4.69440586625154 -4.6937826906106626 -4.66979790982536 -4.614085044281898 -4.531008523342381 -4.425144884741593 -4.296201513314236 -4.103834639159375 -3.88401230928241 -3.6489950081897944 -3.401966098612723 -3.145820206735333 -2.926154796215587 -2.783320312013057 -2.71149693546161 -2.7091852074767235 -2.768206490595836 -2.873435463300746 -3.007797304990987 -3.1526665842518296 -3.2885607088927604 -3.3961588060876298 -3.4581199371558746
-4.69440586625154 -4.69440586625154 -4.69440586625154 -4.69440586625154 -4.69440586625154 -4.69440586625154 -4.69440586625154 -4.69440586625154 -4.69440586625154 -4.69440586625154 -4.69440586625154 -4.69440586625154 -4.69440586625154 -4.69440586625154 -4.69440586625154 -4.69440586625154 -4.69440586625154 -4.69440586625154 -4.69440586625154 -4.69440586625154 -4.69440586625154 -4.680352318835438 -4.630201789312492 -4.547682732430195 -4.437184858791733 -4.3033473467168335 -4.14738871300774 -3.957434046592094 -3.750393374040393 -3.530097566989879 -3.3003884830406567 -3.0649611928051055 -2.8436021852743227 -2.7021282702493488 -2.649091263261711 -2.673773378578698 -2.7627921196241885 -2.900175054945947 -3.0675891149062204 -3.2452029405840137 -3.4134561664769443 -3.556445386644257 -3.6695096522988626
-4.69440586625154 -4.69440586625154 -4.69440586625154 -4.69440586625154 -4.69440586625154 -4.69440586625154 -4.69440586625154 -4.69440586625154 -4.69440586625154 -4.69440586625154 -4.69440586625154 -4.694399480894013 -4.694139087361378 -4.693728185134807 -4.693409393251345 -4.69332318089997 -4.693503711384958 -4.69387781366563 -4.694267176622495 -4.69440586625154 -4.69051046224076 -4.652452594385071 -4.577053585916491 -4.468451568842727 -4.331016178040434 -4.169396994656555 -3.99695580659239 -3.8197853696713144 -3.62692259332404 -3.4227885675572223 -3.212022633714798 -2.999729256236879 -2.8046594767691766 -2.68472072373342 -2.658797996713182 -2.716736581029761 -2.84550456320775 -3.028820133390799 -3.2474599334750067 -3.480613923962539 -3.7087072949902447 -3.9184024473043544 -4.111148180669282
-4.69440586625154 -4.69440586625154 -4.69440586625154 -4.69440586625154 -4.69440586625154 -4.69440586625154 -4.69440586625154 -4.69440586625154 -4.694313845518343 -4.693106259749006 -4.690973699414718 -4.688466294462644 -4.686053719523095 -4.684112132413558 -4.682912737448405 -4.682612975213814 -4.683251183768055 -4.684745273189839 -4.686895551437682 -4.689391409017256 -4.672677719107366 -4.61337669367589 -4.514662208485932 -4.381013289038549 -4.217449372390387 -4.028567016997523 -3.8529140914915354 -3.6896398339780996 -3.511878774592361 -3.3246568927645357 -3.1349119339160643 -2.9655494894633936 -2.8244108006317057 -2.7301953459221235 -2.7334103874628157 -2.8295575487479208 -3.0067041972988022 -3.2486264534507883 -3.534941664368384 -3.8426813932644004 -4.14710181697056 -4.42777841950679 -4.684399841198667
-4.69440586625154 -4.69440586625154 -4.69440586625154 -4.69440586625154 -4.69440586625154 -4.69440586625154 -4.694214140865156 -4.692022312613905 -4.687990587359392 -4.6828494529334845 -4.677276976849279 -4.671882703308454 -4.6671908216758595 -4.663623753926263 -4.66148753452609 -4.660960400783267 -4.662085819754142 -4.664770750340584 -4.66878934529681 -4.670790168575152 -4.636754421191178 -4.559623909591272 -4.442519021546199 -4.288679590864422 -4.1015318056529155 -3.891104263316194 -3.715203212434471 -3.5657901046872933 -3.403623764677305 -3.2348460921778726 -3.085579850837546 -2.966004690525935 -2.8798640482474163 -2.831517537342368 -2.8635460106069104 -3.00053858743747 -3.2326843003475494 -3.5442111069526288 -3.90745475792437 -4.288079814935913 -4.661698122984456 -5.00775512108513 -5.315349154888603
-4.69440586625154 -4.69440586625154 -4.69440586625154 -4.69440586625154 -4.69440586625154 -4.692769017488976 -4.687974233864368 -4.680865666660966 -4.67227556752258 -4.663003176675264 -4.653797820942235 -4.6453395560257835 -4.638218320021831 -4.632913084445574 -4.629772895817112 -4.62900184846542 -4.630649806259122 -4.634610079418557 -4.640624368142587 -4.635689346495871 -4.586405915236832 -4.493621147739832 -4.360248661189192 -4.189301793514477 -3.9839628193567607 -3.7644649570738826 -3.586682623563658 -3.4472392264458476 -3.3013205940702726 -3.168712401845428 -3.064379623716982 -2.9924471714739047 -2.9585087514796986 -2.9695579096455655 -3.0383378489402917 -3.2153624198359356 -3.504128369700608 -3.875182544168676 -4.305022879415675 -4.764923140119415 -5.220893754414252 -5.639194602432885 -5.993661260166136
-4.69440586625154 -4.69440586625154 -4.69440586625154 -4.694280158196648 -4.6909381293949215 -4.683723694948558 -4.673549276034243 -4.661328422496263 -4.64796442292412 -4.634334970471084 -4.621272697673469 -4.609541923766294 -4.599812688373202 -4.592633973022255 -4.588408736302194 -4.58737374934905 -4.5895869904396775 -4.594924470874056 -4.603081662958118 -4.587610213708378 -4.525597620874459 -4.4197070032133485 -4.272616420065797 -4.0870763524647815 -3.865976835846393 -3.644685108123842 -3.4678434230336377 -3.3333249402953293 -3.2173948936216505 -3.1269920864571787 -3.0654495209735355 -3.0376040966549693 -3.0506338800335904 -3.1146213293604417 -3.2423662978466337 -3.450230608898765 -3.7679339026203564 -4.192550576086218 -4.701413959312783 -5.257240360162494 -5.812926314415062 -6.316578922473047 -6.72046588344264
-4.69440586625154 -4.69440586625154 -4.694122690586635 -4.689656823057684 -4.680481917305946 -4.667545278140024 -4.651814065344965 -4.634268280132363 -4.615889565763287 -4.597644887061788 -4.580464458956467 -4.565213947802718 -4.552662003988867 -4.5434454933202275 -4.538036077544402 -4.536712589990505 -4.539543502187725 -4.546382478159656 -4.55518974998228 -4.529902798940597 -4.458004925382966 -4.341933537438523 -4.184112421481222 -3.9870073274430693 -3.753648401787741 -3.5332566108273267 -3.356522313684622 -3.227938914879131 -3.1549450445232767 -3.105723113075476 -3.084718520967455 -3.0967531433861435 -3.149698068826015 -3.256084928097289 -3.4229118488578223 -3.6561977592854786 -3.994517959493395 -4.476658772138942 -5.077301772311117 -5.7473266264754965 -6.4251994536933275 -7.0374468431951485 -7.502546057381158
-4.69440586625154 -4.694206716843513 -4.689448360880725 -4.679045666074255 -4.663953521368488 -4.645161215245471 -4.623687634157117 -4.600447243354923 -4.576629404901678 -4.553460622982481 -4.531997177891921 -4.513091921728225 -4.4974703957361175 -4.4860140258725325 -4.479297498658424 -4.477654935140986 -4.4811686786928515 -4.489662888595125 -4.497657702757928 -4.465568822782116 -4.386940933592951 -4.263975193176279 -4.098834381883454 -3.893696507012076 -3.6531659766888667 -3.433487280787936 -3.256479099448319 -3.1447683161609445 -3.108000699758826 -3.1021389196688824 -3.1202841850963283 -3.1687956230547165 -3.254605277623313 -3.378638115011123 -3.5411634347199836 -3.7853194958343335 -4.163340104480877 -4.708002607738591 -5.413241263031014 -6.212729007847109 -7.034950207486258 -7.79228536574981 -8.349377770953927
-4.694396278598484 -4.69039173938023 -4.67974509931244 -4.662513060789726 -4.63928498703813 -4.611820529903364 -4.581810850575734 -4.550859352189276 -4.520459741566262 -4.491970095149599 -4.466581373771289 -4.445279000166251 -4.4287973255944255 -4.417569353129448 -4.411677597059237 -4.410815146320703 -4.41511647660314 -4.425459082234101 -4.432840302264994 -4.397209238675876 -4.315289542469859 -4.189040561129824 -4.020369285921819 -3.81118372296464 -3.567636600973368 -3.3487261741962593 -3.178506373934635 -3.086703964318104 -3.0719625503349355 -3.1125003316190103 -3.172077712384695 -3.2564979071974705 -3.3638536949193005 -3.47300679406771 -3.6063285321942873 -3.8195710586628784 -4.2174579747193 -4.869401199423013 -5.6992044476628285 -6.626965810477939 -7.592037371169827 -8.530841169921217 -9.267241698810794
-4.6920507295977325 -4.680087640269914 -4.658895513957003 -4.630414886160965 -4.596558536444069 -4.559196038859741 -4.520136665455589 -4.481110597722422 -4.443747749363915 -4.409552479330959 -4.379871342500061 -4.355850450530639 -4.33838003559911 -4.328027417460539 -4.32496577343925 -4.328912875054646 -4.339097303674081 -4.354265928187567 -4.362681234435581 -4.326984634083381 -4.24545231718517 -4.119797660065594 -3.9516867745075683 -3.7427947487155047 -3.4997574833522176 -3.282116635972653 -3.1272991966779187 -3.0547372164511275 -3.0585377366103046 -3.1321418261685428 -3.2397633315352166 -3.3623984682835797 -3.4736209984990496 -3.569529436760291 -3.6626794703960033 -3.788647887430079 -4.125556460882994 -4.942063425567913 -5.942650703848701 -6.973141631537111 -8.012808412088756 -9.060527565004918 -10.10474626970026
-4.678729900591569 -4.654491366772322 -4.621391579591954 -4.581466388664094 -4.536733538506068 -4.489176491613931 -4.440727060268207 -4.3932473801805445 -4.348510919576061 -4.308180510612237 -4.273778953778612 -4.246645447088095 -4.22787082283875 -4.218208915102355 -4.217971866712732 -4.2269313037556335 -4.244256931159786 -4.26851966455241 -4.286243435384456 -4.256596261255676 -4.179318700287681 -4.058324586797885 -3.895060006043506 -3.6910192438405796 -3.451928750591276 -3.238924585907866 -3.102798445427006 -3.04914150479935 -3.0720000490657537 -3.165345667409381 -3.318935674712056 -3.4737154787542512 -3.59962180420022 -3.7056566734668213 -3.7967913911540068 -3.8793137066777383 -4.05656705732011 -5.088881456907819 -6.167784799649324 -7.227309483926997 -8.247062150864005 -9.180946758832786 -9.867844239601839
-4.651009822661095 -4.614449139897571 -4.569331078200707 -4.517789919778734 -4.461952224298307 -4.403919092560375 -4.345747724968601 -4.2894339773678025 -4.2368968651439785 -4.189963597506419 -4.150349369999537 -4.119620484002783 -4.099125222090167 -4.089879872327073 -4.092413525245615 -4.106604193728369 -4.131564803756074 -4.165635240665357 -4.1962550049978855 -4.181729825733612 -4.117873815859165 -4.006096588058662 -3.8520284033063747 -3.6574401050499246 -3.42614700415867 -3.2227461247726588 -3.1042961775630022 -3.069102175143076 -3.111496354302213 -3.2258845900890383 -3.4009915754913242 -3.584820002330615 -3.744238608809746 -3.8920738287547447 -4.046923829705164 -4.255991272925198 -4.67359650772964 -5.456262006922356 -6.415784354655127 -7.39293678850863 -8.311119040250517 -9.085300650692318 -9.581220949888369
