_RESULTS/CROSS_VALIDATION_POSTPROCESSED_CLR/MHZ/GZ/8comp/1/MHZ_GZ_z_250_kriged_reverse_8comp_spherical_1.asc
ncols 100
nrows 74
xllcorner 5.5967023332191781
yllcorner 50.982320383219182
cellsize 0.00019249356164376555
nodata_value 1.7014100000000001E+038
[rows 38 to 56 of 74, columns 44 to 87 of 100]
4.585592015015542 4.6722478501342355 4.7481717933990035 4.818073815323965 4.8899914113868 4.962370697032121 5.026635606321673 5.073261655910946 5.082740367043927 5.0527631847001775 4.988837161993316 4.8830177090390094 4.742827070030226 4.567903956213662 4.357910314993921 4.120193764299508 3.861699411344895 3.589718624767033 3.317828091069985 3.0454844449703815 2.755529809025658 2.5335752466067136 2.397248266091039 2.3409091538109825 2.3348326398504042 2.3602431134341626 2.4062705228061594 2.4635554794478165 2.5246158533186387 2.585276178565227 2.6486946879072186 2.7213614132290216 2.79440994143403 2.8541021780010225 2.8905098590883567 2.9112090384212808 2.923057892804689 2.9326286767262975 2.9628133528434075 3.029545407574816 3.1295739993464156 3.246394372237557 3.3659604515609205 3.4798997989195657
4.479165816128568 4.5729094599300355 4.662609146383247 4.756172984895551 4.857696586706506 4.964486013071809 5.064837178398285 5.140461048884948 5.167596463750236 5.142932881144045 5.079437977372608 4.988440465750712 4.860401409908983 4.691731539118996 4.492255770640549 4.270406925193244 4.029649834469264 3.7755389445775074 3.5133193427257647 3.2386279557993944 2.965906680425768 2.7434199138723683 2.595758045965101 2.525778710067464 2.5025583798749014 2.5078655399106893 2.53195495895558 2.5648631171096716 2.5997716426949977 2.630980829558132 2.6609112847257737 2.723263140256665 2.8047698137487624 2.8721493026096585 2.9263883474122814 2.9756269031299274 3.0170084323529878 3.056497511259115 3.1103541675233313 3.184694828160663 3.279262552642334 3.385457375761855 3.4936912523465535 3.5968028732618773
4.351994112564844 4.442298383429538 4.538543703425278 4.651207348905467 4.782579410259965 4.931325884078059 5.077991359560391 5.189591054166154 5.232885937842016 5.205979131882431 5.1350068632545725 5.040651378818367 4.921934939631068 4.770294686933005 4.589935201858306 4.387285456436021 4.163733973112317 3.922276018038603 3.6651244612305454 3.3920251419753558 3.128710132612489 2.905261621657384 2.7494970183635044 2.6740580080837733 2.646426812535329 2.6414537468532773 2.6517788545470014 2.669870622289512 2.688004156113023 2.7004178747347756 2.7040775871005187 2.7632256552163224 2.8487797452319366 2.9270225572531183 3.0036813616926956 3.0760174478205062 3.140467215562257 3.203438303850904 3.2733285729304074 3.3527095263034994 3.442096706206852 3.538927127168293 3.6363150569936993 3.728085886349795
4.206325226456509 4.28635884649448 4.382834031817223 4.506294445351162 4.663284547276417 4.85479684848597 5.061912793698152 5.228446258949434 5.27994262643827 5.234867703572148 5.152193796841752 5.0502828125154275 4.929895687417015 4.793602347664145 4.63524898474006 4.453688038261331 4.248923730410832 4.022445657490468 3.7771394452358154 3.5158589684690598 3.2554526900795193 3.02636482584 2.858928689132076 2.7891923358031865 2.7614783392707416 2.7527168073104504 2.7563740620052988 2.7689676072885785 2.7834374563578064 2.795203139657543 2.8128209111066447 2.8600383911862473 2.9365735602106975 3.024907103106915 3.1160626808337595 3.2033870867561975 3.2829905530525907 3.3628415833479144 3.4448182266352596 3.530306310983822 3.617318415747184 3.7067633806692624 3.793736294920934 3.8732030190104982
4.043137810038052 4.106317961676476 4.194366621942605 4.319226835258206 4.489848804319264 4.714717880355359 4.990177195010865 5.265927334462979 5.288286819609381 5.203641278918133 5.111388305724552 5.010417651710828 4.896508307822827 4.768613967290415 4.626225060455303 4.468301829722881 4.28613974311652 4.079134299217186 3.851175381285215 3.6068275137943018 3.3560069367122285 3.1305381129860934 2.961828466889232 2.88568247097532 2.849798196700057 2.837022929017767 2.8373522425063133 2.847820880231952 2.8643905999476598 2.8821071892113332 2.9140293978829437 2.971958857417882 3.053090053983736 3.1473200957825207 3.2472406776949496 3.343787160533342 3.437023535966208 3.530487042451561 3.622763011697812 3.7142454921516017 3.8013583168417124 3.8852681580480386 3.9632412201376526 4.03098059791354
3.866597856874697 3.9074926369315635 3.9762850459552266 4.086173250449342 4.24889191947347 4.476619265179775 4.768729991503358 5.072228040417153 5.118791576203313 5.058696667507787 4.99321770725094 4.9153961795279315 4.822111333985311 4.712125495175158 4.584891785380943 4.440534120389007 4.27727063455709 4.092383769386917 3.8860676773943634 3.6623737497166404 3.4293770503312975 3.2179516598850513 3.057422050373124 2.9622392873855286 2.9098006933563045 2.8884139988396407 2.8875771403883292 2.8994987442343065 2.9226265498727217 2.9600162163154455 3.0158057621363055 3.0894624131425226 3.17952193240715 3.2812102662540528 3.387818260532107 3.4923848776523085 3.598232369922445 3.703001933026237 3.804428155430374 3.901934914734356 3.990895776514683 4.070829176952444 4.140990243225844 4.197439980330339
3.6881470785063257 3.7000643794864967 3.737920931138888 3.8139016559737557 3.9440778512606642 4.142880041148877 4.398828095380107 4.639241429152347 4.769642960037813 4.806593692924547 4.804114045516171 4.771147209567981 4.711961423547146 4.628968664805586 4.5234346663509015 4.396626361385441 4.249042614399706 4.078456278002383 3.888025389973567 3.6824757469165514 3.4681390198083286 3.2675937362393013 3.1095948246735836 3.0036604679525154 2.9354130596436105 2.9048417412190792 2.9113449220054344 2.9391252552621205 2.980375338297969 3.0406833849667185 3.117247215903852 3.206952396048224 3.307255723355259 3.4166503456111483 3.5296552820985934 3.64529736979598 3.761905666014186 3.876367830718937 3.9863680037769478 4.090233891188702 4.182408031969479 4.260095297535354 4.323575884770256 4.368966488755048
3.521476869869062 3.5008275345838 3.4982093284442106 3.5231920427412433 3.596601408133413 3.7499654414410206 3.9804801154927096 4.220458407514625 4.402642342650103 4.515091839030151 4.575568779743808 4.594902282968 4.577273536370701 4.527181353146884 4.447961366683534 4.342304024251132 4.212945990744646 4.059295937570116 3.8846837570721857 3.694676975983315 3.495460448490282 3.30352210193134 3.1478181541919312 3.0344336017099707 2.95079598683522 2.913390525609051 2.932075920479078 2.981049778834018 3.0424306342383356 3.1218480617058217 3.2160464309006485 3.31976495040392 3.430564779552531 3.5468578417440173 3.6691777714410465 3.7952466598145 3.9218951662016774 4.045530158300737 4.164287871274511 4.275256811035739 4.372060633279874 4.449727341098862 4.507840130964897 4.54213419238528
3.3800011367667815 3.327930583187705 3.282296278613593 3.2449775363053464 3.2327054063258975 3.325891356003165 3.57447994939187 3.846280641220113 4.070649224776284 4.235119107352054 4.345933817160802 4.408750454713646 4.431836412536599 4.4164495334026075 4.365556107836116 4.28269128096751 4.171994999052726 4.036349749134191 3.878501983208794 3.704861339643186 3.5214568292496287 3.3412076220182896 3.1922363057254928 3.0749550212455263 2.971558578269231 2.9170165171347473 2.9630748115772723 3.0297597518196078 3.1088973148282193 3.202762898790104 3.3099350323653307 3.424574692852243 3.5444280203278087 3.6704922742454613 3.801751139899889 3.93628655270293 4.0711770102201275 4.203117795939736 4.331034299261789 4.450650781639016 4.554581727941557 4.6354419486007865 4.69016771662331 4.7128715051323065
3.2677263983720266 3.1921951425823427 3.1160504255596475 3.0346733288442005 2.9415328544880026 2.9256471523459417 3.26297267790921 3.557070518281667 3.8017972427761335 3.9953752113690775 4.140253191243244 4.236619733400626 4.290437497016173 4.305961238768833 4.283171332545068 4.222817002115274 4.12971620264564 4.010538345736749 3.8692867021826354 3.712599265008612 3.5465793237224954 3.382719741386695 3.248625102146917 3.1387016122940183 3.0411173328994012 2.9922291504074314 3.0318861784370195 3.095859027316492 3.179277989240119 3.2812432557267437 3.395994987904208 3.518967895007945 3.6500203503105273 3.7846196222418302 3.9223576619607456 4.062985699720881 4.203896312848766 4.342791678351052 4.4790750907360115 4.607952031959988 4.7216996010115615 4.810476505858331 4.865244146186626 4.874996008734437
3.191759686735069 3.1055188080407192 3.0210157947902747 2.939659495560247 2.8775499466636796 2.920344373199258 3.1317614332861243 3.380194741094771 3.609552729197418 3.809411715301388 3.9724097868701618 4.091312379313279 4.168919657379717 4.207614531215289 4.207339222066961 4.167062090231132 4.088612506115404 3.981724983904051 3.8557763251680166 3.7164310151005795 3.5697510721379846 3.427272178980099 3.315275347015219 3.221919435024344 3.1487325539465383 3.1156384849599217 3.1316984116711355 3.1794962964366213 3.254514945882329 3.353432793463519 3.473653877284866 3.6064392428594583 3.7444318694750782 3.8846554149838184 4.026191426003106 4.170061024835322 4.314132359880373 4.45796655364616 4.60049124980857 4.737719633440777 4.863277542102914 4.967216323372055 5.029685740514601 5.022551521303134
3.1540921184721844 3.0681168731209514 2.991483456446316 2.9325589053752106 2.9121881092133504 2.9672106279603843 3.11028925498203 3.2984321379845234 3.488876669851738 3.680645159975567 3.8477077732556046 3.9779814618207654 4.071992996418474 4.130594707825253 4.150565978717463 4.123158538561368 4.050078819304624 3.949158276402217 3.8350509169428078 3.7135238285587464 3.5882887088253845 3.471572671779656 3.3823053259171028 3.3070723936011275 3.2516615315252446 3.2258440371144363 3.2328962585342893 3.2679238586655033 3.3344234063123466 3.4291303708479695 3.54788943504702 3.682814828902578 3.8236886063009647 3.966211572857839 4.108745189478027 4.252610731122152 4.396872107010411 4.542216916038499 4.6867961406152565 4.827965581810129 4.962282373580954 5.087056470078025 5.179488330117243 5.140238127480059
3.1513214093639825 3.071446513999834 3.0076137998785786 2.969098912564256 2.9689313975794995 3.022018669202198 3.1309510363143804 3.2777551312532482 3.4405358831604307 3.6075055705699213 3.7643736005124717 3.895647683107922 3.9980159624561886 4.07195372167144 4.115362253273473 4.100881516810651 4.019550300903786 3.9164847498528585 3.8078494872710396 3.702674792640903 3.6006333283718566 3.513051575924295 3.4426526896774514 3.3840803113438964 3.342394603155003 3.3235548338157415 3.329808753563117 3.3599611964939218 3.420755225190993 3.510231304887649 3.6224605519840063 3.7503941732771158 3.8859801043371105 4.025650125821435 4.166000965879813 4.306480456945751 4.448180804312156 4.59040427653636 4.730997959522129 4.867556154729223 4.997313714977571 5.121570155405762 5.2258432046448435 5.165462510627965
3.1777495176285133 3.1053951365504293 3.0529317196151378 3.027705405839807 3.0360955221206747 3.0842629573639986 3.1723845511764397 3.2915017935089086 3.428980630221971 3.5735000240235224 3.7146890787729934 3.8395211585677327 3.9416025908590546 4.02022038957331 4.074898602287504 4.07050129912502 3.9861575679660617 3.8855390497970643 3.7820901522015067 3.693156334592183 3.6176899490509746 3.556382587070128 3.502872984067685 3.4592599803011943 3.429408584115665 3.417631715379492 3.4256213070407 3.453314482667879 3.5089053558541887 3.5904809743621326 3.69368840280862 3.812580628536824 3.939005155358975 4.069294827209715 4.2000821365115355 4.332281639570923 4.466663209592554 4.600459722839808 4.73060875708139 4.853418728861225 4.963977730738752 5.057618291561487 5.109048280274698 5.082423320471061
3.227833714168032 3.1620660466227166 3.1177534727069256 3.1000326592987064 3.1112246112762816 3.1536502223710023 3.2267709494663457 3.3252316638323163 3.4408375221120115 3.5648686314753415 3.6892873177858942 3.8048159333319242 3.8998467757961803 3.9715198268992307 4.012729183425246 4.006340540680642 3.9492177933213863 3.862540869097056 3.7607708030702462 3.6946024160632023 3.6473068015517742 3.603496407067224 3.5647389695540457 3.533611473611799 3.513529042316889 3.508047846526325 3.5185511739133646 3.54421413503541 3.5925388490353076 3.6651714267568103 3.7586283652649985 3.866926511743995 3.9822348363939626 4.100908811420307 4.2200982831992855 4.3414635259060885 4.46399889988457 4.584464939847843 4.699062359993403 4.802849124584628 4.890516302777716 4.957917885181175 4.9899669311057355 4.97401702096632
3.2972137185948416 3.2362497130078003 3.19695168291314 3.18274137507148 3.1936588149661262 3.230018035587601 3.2909972097712727 3.3728889863162372 3.4699241507683807 3.5754585290883076 3.6829049864474905 3.785902314809287 3.8733127318627427 3.937003353708503 3.9707775089985127 3.9683669588016826 3.9301764470527063 3.865758661817079 3.790538770198777 3.7359601906460234 3.692882724346736 3.6568419715858544 3.6275812106011633 3.6062150495127248 3.5940596688716706 3.593278570121269 3.6045001600850592 3.627402493747629 3.6682742173948544 3.731824797037416 3.815026766881908 3.9114511846282722 4.0140766968021895 4.119863581995963 4.227136790182046 4.335782531393149 4.444334304251001 4.549178356591197 4.6460141414636364 4.729672184503956 4.799475542119006 4.85030999585977 4.872902557439791 4.86180487778788
3.382815986738018 3.324768461425018 3.287903030953812 3.274453627425049 3.2833245427421627 3.313481363439639 3.3639699611650133 3.4319504322853596 3.51308507183862 3.6021790063976993 3.6937770184757888 3.7825373073580044 3.8610462758778636 3.9197513962010886 3.9530008608390976 3.957997466295012 3.9364176122350325 3.8954752331563056 3.8468400110419108 3.7936479873701927 3.750195005917372 3.7170375249748346 3.6917751310719362 3.6744048302009453 3.6663299040207784 3.66819141488668 3.6797157206714783 3.7007133603446722 3.734424998012492 3.7886915472268967 3.8611611060456017 3.944625713815604 4.0340929555481155 4.12740279262886 4.2214462913653374 4.316106788502597 4.4094316237961415 4.497705583189481 4.577560061716345 4.645861190683095 4.702496544191553 4.742061214849604 4.759088615762646 4.750771361775845
3.4826189404383907 3.425785310597762 3.3893358667372735 3.374662274065897 3.380424648646816 3.4043703227830058 3.4454873413250433 3.501456098882536 3.5688507461873913 3.6435047887160286 3.720894098689503 3.796427865842466 3.8654904725361177 3.9197486331406313 3.9542327833275377 3.9672902289176095 3.9601744759230924 3.936753116118915 3.8947275122950686 3.845581708032075 3.805959821363142 3.7752555711704585 3.7522924899416075 3.7368332225811556 3.7299572213049115 3.7320228455010818 3.7429076572390008 3.7620813330877314 3.7897938151395225 3.8345426492578967 3.8956996011049596 3.966694384338083 4.043701933556755 4.123630562612405 4.203583884494406 4.284028881263856 4.362849778748383 4.436647899861538 4.501764177129532 4.558532182985976 4.604756237639792 4.636258118000233 4.649584626166112 4.643093585690166
3.59537226513564 3.538315343050689 3.5007333990462026 3.483403804485053 3.485302271111875 3.5031284111972694 3.535737754802899 3.581163404878229 3.6366097777255737 3.698678108531636 3.763629222243837 3.8276279544613008 3.8869612283016526 3.937630697723896 3.973080035841916 3.992112845868739 3.9916902684669022 3.9688431248079 3.927948233456197 3.8878901306061797 3.8538925491888723 3.826631072313074 3.805986074597946 3.7923150476231764 3.7863387301464595 3.788066512053779 3.7973008782152107 3.8135610106377866 3.8361601516315003 3.871338280994237 3.921780958741782 3.980654961079543 4.04489309217885 4.111547073158097 4.178338177614863 4.245650776420405 4.310840086766048 4.370611866590499 4.424148101506511 4.471453598298947 4.509334295053764 4.534761752317049 4.545412634479681 4.540233070839553
