_RESULTS/CROSS_VALIDATION_POSTPROCESSED_CLR/MHZ/GZ/8comp/1/MHZ_GZ_z_0_kriged_reverse_8comp_spherical_1.asc
ncols 100
nrows 74
xllcorner 5.5967023332191781
yllcorner 50.982320383219182
cellsize 0.00019249356164376555
nodata_value 1.7014100000000001E+038
[rows 0 to 18 of 74, columns 43 to 85 of 100]
-5.236502453911684 -5.35627556597269 -5.412851381029489 -5.39976236220143 -5.3113712508182 -5.143485636226484 -4.894077697090467 -4.563990124913276 -4.159418361369952 -3.69676466493276 -3.1902382444766264 -2.658673534074199 -2.129781378077041 -1.648854751224134 -1.2922537196445436 -1.1479429407959842 -1.2237830150807865 -1.4489093503281372 -1.764849943425964 -2.1432024816800435 -2.5410674784664273 -2.927514773045271 -3.2944644731852133 -3.635530793454355 -3.9452231631021415 -4.218554915392693 -4.450838770707812 -4.6375736753568955 -4.774379027021966 -4.8569547847037615 -4.881398343387213 -4.881398343387213 -4.881398343387213 -4.881398343387213 -4.881398343387213 -4.881398343387213 -4.881398343387213 -4.881398343387213 -4.881398343387213 -4.881398343387213 -4.881398343387213 -4.881398343387213 -4.881398343387213
-5.43010513840178 -5.588785897717608 -5.6808306786820015 -5.698096044320174 -5.632978955480179 -5.47919606703485 -5.23277466624664 -4.8930356555972105 -4.463228013650702 -3.955911087141863 -3.388315587980994 -2.778442191497803 -2.148887515696091 -1.5355006292360596 -1.0294252004091549 -0.8499197190027115 -1.0009494088313748 -1.2804817677035563 -1.619818444029851 -2.0027487898555325 -2.4211219077402664 -2.830654815727462 -3.21586911234081 -3.5719160464405557 -3.89426326028382 -4.178547804052715 -4.420503934507391 -4.61584842020158 -4.7594210168317534 -4.847426175264503 -4.876452325929955 -4.875120682294588 -4.874650215651119 -4.8751500023939185 -4.87650406472797 -4.87837680444046 -4.88022820061486 -4.881336728564044 -4.881398343387213 -4.881398343387213 -4.881398343387213 -4.881398343387213 -4.881398343387213
-5.652033098514721 -5.856671468588686 -5.992263871069419 -6.048867478428745 -6.016559537515116 -5.8864432993546165 -5.648085461971828 -5.295226262749164 -4.834555507827716 -4.281811968793415 -3.6601010475429128 -2.98750988570906 -2.282300980425822 -1.5620986312891731 -0.8463847594446392 -0.6398271328529148 -0.9338195710172172 -1.2556206349911148 -1.602276214496055 -1.9730240034802078 -2.3737051396190565 -2.7917178490791925 -3.184439081750619 -3.5465524221321 -3.873972246704508 -4.1621691695323895 -4.404879190582683 -4.598735735529339 -4.740769107640507 -4.827881490114727 -4.85680895060335 -4.853850227804658 -4.852825617877484 -4.8539146927751915 -4.856983166989543 -4.861643626843078 -4.867276232211382 -4.873059466608454 -4.878006627559289 -4.881003692883082 -4.881398343387213 -4.881398343387213 -4.881398343387213
-5.89493552243436 -6.152343865813317 -6.339833391841685 -6.445607595090745 -6.45387403547369 -6.3415571270242665 -6.102307930305343 -5.736462602918629 -5.251447493970712 -4.663885862198692 -4.003090560305149 -3.2938509157482443 -2.5620876164049213 -1.841599815378634 -1.216967258381287 -0.974712155379696 -1.1171189666922303 -1.3765675469171987 -1.6875149675473766 -2.034957524465272 -2.412669315287615 -2.8144324140791244 -3.202762442841211 -3.5613138732137095 -3.882859897187233 -4.162075501572931 -4.396151528429695 -4.5822657200320736 -4.717533098722709 -4.79895417006769 -4.82336140395016 -4.818537764915361 -4.816911328530943 -4.818640378552988 -4.823566873803673 -4.8312365926688745 -4.840928041477108 -4.851694597158388 -4.862413166553653 -4.871832923117079 -4.878619269102635 -4.881390255937157 -4.881398343387213
-6.1493534556677805 -6.46546482843995 -6.712979888188421 -6.868509565649813 -6.906557230544594 -6.815379676076307 -6.585388528723337 -6.214009036346825 -5.709878459034432 -5.094190474836308 -4.404914268697228 -3.678395482262191 -2.953606675453148 -2.283349182644552 -1.7553631298357537 -1.480580196862344 -1.4649956849005736 -1.612554281862686 -1.853507969974428 -2.15546241278141 -2.5025437945883477 -2.885341887389523 -3.26893018819505 -3.6094081807674403 -3.9126574998275987 -4.175391448550782 -4.394561745048993 -4.5672402064103945 -4.690523553388368 -4.7614472363140115 -4.777057576667541 -4.770226985409451 -4.767938848405748 -4.770371514245252 -4.77733537284163 -4.788288127849077 -4.802376323166731 -4.818494471242335 -4.835351018691564 -4.851531539813709 -4.865552716141588 -4.875904224961697 -4.881078487579169
-6.403364323180573 -6.782326490667873 -7.082401598499261 -7.278953182831826 -7.358266142772417 -7.302430470891446 -7.093456020895943 -6.722496606129313 -6.199474384807825 -5.554495692885892 -4.837753694895006 -4.098324183186586 -3.3837651124809702 -2.7476863347572413 -2.2519844146575854 -1.9487862200329524 -1.8438824296868535 -1.8981550621938665 -2.0660826195506132 -2.3150761280545624 -2.6243395770245583 -2.979617835406911 -3.3544173625831704 -3.6832783212681406 -3.9612912417685733 -4.201131598812801 -4.399524745498487 -4.553338422597048 -4.6595910815171315 -4.715323080654042 -4.719017737554662 -4.709966115420526 -4.706939679432098 -4.710157369562638 -4.719386444292441 -4.733965494612157 -4.752866061292439 -4.774777768958134 -4.798199225755162 -4.821520270621394 -4.843087426069094 -4.8612504243828765 -4.874391683741782
-6.642372164439328 -7.071193387057349 -7.413243561096072 -7.659732680876648 -7.794751285540931 -7.792521929794131 -7.620005463846635 -7.253578359179501 -6.7037411356755445 -6.017710757463229 -5.264442424518624 -4.505214275924458 -3.790560622985169 -3.1673051919787443 -2.6779627499157432 -2.3516846450564706 -2.19275395927556 -2.181873180509288 -2.290156980152639 -2.490823438422963 -2.7626922291598004 -3.0838589446877327 -3.437784028775581 -3.7618159091787486 -4.02544575083911 -4.2369020388757015 -4.4092874045240045 -4.539249060629512 -4.623724465377897 -4.659774953931832 -4.650372963825392 -4.638810233013906 -4.634945325274087 -4.639054488555617 -4.650844099680542 -4.669486834697934 -4.6937165790865665 -4.721954517270201 -4.752436265225989 -4.7833185724404865 -4.812756488467228 -4.838951710016089 -4.8601779243477905
-6.840385903699699 -7.301071771549063 -7.685000866826023 -7.986420354478115 -8.190903725480993 -8.266657179640053 -8.155736451915367 -7.796646889891825 -7.198013509356288 -6.446609158599271 -5.641635241961078 -4.853255674613248 -4.129364819690009 -3.507705067187538 -3.0174655906232637 -2.676005080438693 -2.485267676247871 -2.433067223906711 -2.4993214539384985 -2.6625791610886465 -2.898906138459447 -3.187465754856362 -3.5166951081405244 -3.831846937953996 -4.089200974850002 -4.279265130288918 -4.4211940570378205 -4.522870318592518 -4.581202845215299 -4.59334020407284 -4.5722840683168755 -4.557825163879746 -4.552987292313223 -4.557545716582028 -4.5704536238711455 -4.59190032118888 -4.621172722151332 -4.6567182186926805 -4.696307699556245 -4.737177588592101 -4.776143355604078 -4.810621241520849 -4.83999986045238
-6.969566813006349 -7.4538781808111105 -7.872212493002005 -8.22393763657266 -8.502705404586454 -8.683737162128844 -8.684639662327916 -8.336971768539556 -7.637398916248515 -6.7865989217140985 -5.91929636992817 -5.09986383125782 -4.366187099277638 -3.7458529014453354 -3.2580644812430193 -2.9124264522340955 -2.7083260487704273 -2.635630101385872 -2.6771897419246993 -2.8137330032499555 -3.020810838383225 -3.282917114202964 -3.5887892743214937 -3.8924369082113857 -4.139940719633513 -4.3204174732111875 -4.431996318145884 -4.501555906443041 -4.529791730414523 -4.514338029937872 -4.485260969456885 -4.461797903977409 -4.446845789777428 -4.443257042820693 -4.452501812617237 -4.474691825590956 -4.508768662245813 -4.552756883505986 -4.603995701351702 -4.659313079917155 -4.715146811829047 -4.767631973898311 -4.8126714018180365
-7.024815382962497 -7.512731024928678 -7.948979295017441 -8.330454042833033 -8.661293209618009 -8.942441146744411 -9.143242011520543 -8.825638993282059 -7.914104536967827 -6.957637755588296 -6.043784245225579 -5.20784435093832 -4.477921638899011 -3.8840904260074582 -3.4324230574700896 -3.1196697111841756 -2.9362436992091543 -2.868084418435965 -2.899246947168686 -3.0072808309204135 -3.1749905243931824 -3.3944819140225 -3.6615140309706797 -3.9427809497139945 -4.17768645142484 -4.345983586621049 -4.438168332462213 -4.472386910803957 -4.466657322493258 -4.419588786141393 -4.369672577778731 -4.327928381915099 -4.299274918845002 -4.287084287883648 -4.292888833594245 -4.316472940109011 -4.3562421148566886 -4.409645238581495 -4.473495485119101 -4.544162716069219 -4.61768040665398 -4.689815779950076 -4.756131199658835
-7.0178797281248 -7.4669657040008826 -7.898046941537998 -8.27333005896053 -8.59585511495975 -8.867107770274682 -9.054430954118354 -8.729616543004962 -7.822391735982688 -6.8706604076478515 -5.973243763353252 -5.187665180398464 -4.531480094912058 -4.0110913416955265 -3.6255544210332955 -3.3678368136959325 -3.224120671703984 -3.1782572082582083 -3.2125990093208836 -3.303425617074115 -3.439540242887851 -3.615074200773371 -3.8276866549953708 -4.045716082436038 -4.221605611239605 -4.355578394942815 -4.4319081127085 -4.429729410059566 -4.3726161045010565 -4.294188500829046 -4.221533875138102 -4.160899711700737 -4.1177988568830015 -4.0961190565896946 -4.097608074078748 -4.122132721649977 -4.168304360194 -4.232238685773339 -4.309723473882152 -4.39665252225539 -4.488653001228657 -4.581117307122267 -4.668790511970663
-7.008877094268085 -7.359605111397007 -7.713155048524849 -8.038222367479507 -8.292339400276882 -8.448192602560912 -8.425088502745508 -8.061198752512139 -7.356854311906034 -6.543692972263413 -5.771528182445154 -5.094474382290745 -4.540398767249833 -4.120121173764262 -3.829016895342141 -3.651030518555719 -3.566626175148313 -3.559909391837861 -3.609315760981856 -3.693904835652103 -3.806169967087702 -3.9426961981265523 -4.103593577890439 -4.254817368037799 -4.3553571346548345 -4.407462289411384 -4.4112684153744315 -4.360082786328114 -4.263903664727228 -4.16462305272803 -4.071074897737932 -3.9912959554072027 -3.932796586408516 -3.9006108461065767 -3.89622265723478 -3.918323610521326 -3.9644401732732293 -4.032043778942917 -4.118860443456226 -4.222018678723353 -4.331976972669197 -4.44136309697412 -4.546143177227865
-6.997221796652283 -7.228049678391754 -7.451490015581861 -7.6618863910008255 -7.819602808815912 -7.857471418971437 -7.712377669232501 -7.3295255100112975 -6.765173171818059 -6.122529243981243 -5.491637064033119 -4.936616886233466 -4.500027526235383 -4.2000780166200125 -4.028352052045384 -3.958893556873964 -3.9619564806636505 -4.012089165782418 -4.087175848471201 -4.174045808725415 -4.268009410398604 -4.3687022204769885 -4.478958004268308 -4.558395377826825 -4.579155381194147 -4.547660911984521 -4.453757196308106 -4.3073515600917345 -4.170163707143418 -4.048059163708782 -3.930379009354204 -3.827897268068826 -3.7517241408842095 -3.7089999373841733 -3.7001822314056634 -3.721404947177838 -3.768318813763727 -3.837653934845453 -3.92661879019978 -4.0295979053311655 -4.14471868105962 -4.268633335862325 -4.390485915941088
-6.980835833623319 -7.083375806155677 -7.167342688774265 -7.230592015527552 -7.256596450899293 -7.197808955863896 -6.984095572911472 -6.639866406089311 -6.1897842447587665 -5.681132689005165 -5.174098021824164 -4.7328629789595915 -4.417004500994853 -4.256464107700548 -4.231506642377403 -4.295539142821451 -4.40621459562174 -4.533374641614233 -4.647737022065899 -4.741873507962994 -4.8194264850375 -4.882156749341372 -4.936161737551699 -4.941459099649518 -4.8903788502308485 -4.767630275989585 -4.575726642492155 -4.347728422077289 -4.120361946838807 -3.9509169316484902 -3.8050384290370127 -3.6742216855164704 -3.5766771504710055 -3.524348860723883 -3.514162225751363 -3.5365399409392415 -3.5847386002148376 -3.6541657139375827 -3.738517513454516 -3.8369749644491247 -3.9489256914295057 -4.073337019463408 -4.20838139433857
-6.968136005469446 -6.939839638481022 -6.885034738306286 -6.802254501714447 -6.6847764215304455 -6.517159091419611 -6.306804040082572 -6.024395531946038 -5.6707815853857735 -5.270400298003453 -4.86222759782178 -4.507668981467072 -4.299564307891366 -4.302456964278539 -4.460643067197799 -4.683134811792837 -4.914811512166656 -5.122760202205055 -5.271460099514737 -5.358403606157667 -5.396743623555615 -5.405754750347781 -5.395598666982617 -5.331878887885728 -5.197509799395468 -4.989518055386301 -4.736314966504009 -4.452260818874736 -4.154740783690974 -3.8986625931049934 -3.7048186554842593 -3.536516758555556 -3.410097839693359 -3.3524227268194196 -3.346778032840927 -3.3716095991689783 -3.4181199735568732 -3.479556956635756 -3.5563939917267495 -3.649044395720204 -3.7569427281240895 -3.878801219765802 -4.012977568930227
-6.954012939119784 -6.798642542301595 -6.614744863583565 -6.401570260899369 -6.154294427959696 -5.901110464846126 -5.699519193748967 -5.489357676167575 -5.231499953785457 -4.933336610612355 -4.612036283532439 -4.305647476597307 -4.153806954353769 -4.374542230894912 -4.763372203947213 -5.154460829613318 -5.484079689355542 -5.734138043681017 -5.892114940627262 -5.96323930426353 -5.960024073731309 -5.915231417905299 -5.837302883588404 -5.691059430686811 -5.4696293542876635 -5.1979961310993845 -4.889206514443008 -4.5530925583560595 -4.20312565445062 -3.8918392282887675 -3.63901762312207 -3.4323115538168874 -3.2549471863136974 -3.2102865217510645 -3.2148389040434866 -3.236548485321683 -3.2699418765381862 -3.318296034416211 -3.384649770508008 -3.4701379486426385 -3.5744163141617786 -3.694741628387364 -3.828221804695412
-6.898766607351 -6.622493224965699 -6.322011341783567 -5.999104188090264 -5.661923119262771 -5.387835662781035 -5.183829270043948 -5.036965640336028 -4.885292378959462 -4.706614140960174 -4.502182417334736 -4.274081087405507 -4.028958128402973 -4.623808755181308 -5.208256785166611 -5.698005372563499 -6.08421067373331 -6.359507135990506 -6.514009867587681 -6.55675894955848 -6.510191975158446 -6.411161813127626 -6.247772355790078 -6.016686810381875 -5.726141333256578 -5.392843158545006 -5.029558163038012 -4.645531656620972 -4.252200127491522 -3.9000554023343166 -3.6074415719394963 -3.383238882965009 -3.196607873104673 -3.1544247533364773 -3.1420634880878664 -3.137646190573371 -3.1459746911337643 -3.1762897005173722 -3.232969463313748 -3.314651800320197 -3.4176380155112414 -3.5375115688091237 -3.6702908049098495
-6.803212591088803 -6.41295769911376 -6.006567415918719 -5.588234046473985 -5.209021149684881 -4.933717644667582 -4.75769775474702 -4.675606845907319 -4.640403744147945 -4.601037552118614 -4.572762288761943 -4.578732507373443 -4.74122775654928 -5.217075720431481 -5.795874715858067 -6.316708383310046 -6.728751727115418 -7.009639612873553 -7.143809443214272 -7.1420712501426 -7.048493362344004 -6.883510839857445 -6.6379907234887 -6.323537595419013 -5.959317896195321 -5.563474351779891 -5.148734123222685 -4.723340837814536 -4.298180342973863 -3.922910361222511 -3.615589613351313 -3.3932050310297326 -3.2730810474385663 -3.1994619022063704 -3.132150900379844 -3.0790158657802533 -3.0548921654475327 -3.06554749095934 -3.1119526951290135 -3.189779298959662 -3.2919662212498286 -3.411510428880656 -3.5429668421394562
-6.6687626686321835 -6.173077764516418 -5.672514760385899 -5.179672027976887 -4.789007839539596 -4.528790740957776 -4.395408758138846 -4.385374796305701 -4.482431154106771 -4.615587404773227 -4.78219261313599 -5.028679254307731 -5.397389928777302 -5.897401138112402 -6.463237591400731 -6.993010065627747 -7.416205466528566 -7.691840158186898 -7.795696004204793 -7.749234737576444 -7.599193241281943 -7.344378169567795 -7.0019462902610705 -6.594234942381095 -6.152294807909475 -5.694988812992665 -5.234112423749231 -4.776030496395969 -4.332222443936231 -3.9501879635650017 -3.6435368903682734 -3.426095331083447 -3.3175964719366897 -3.2476136059862912 -3.1627476853405927 -3.063152694110319 -2.9983435671226166 -2.984735414734592 -3.0212214435641362 -3.097577541662525 -3.2009567242430306 -3.320781393786408 -3.450100141986629
