_RESULTS/REVERSE_NEW/Berg/TZ/6comp/Berg_TZ_z_355_kriged_reverse_6comp_test2.asc
ncols 100
nrows 90
xllcorner 5.6208707817415728
yllcorner 50.959635321741573
cellsize 0.00013419651685393446
nodata_value 1.7014100000000001E+038
[rows 57 to 75 of 90, columns 44 to 87 of 100]
3.484336002771878 3.6127883277042456 3.7303377669392797 3.8314119326080984 3.9112560029134 3.9662594412103527 3.994322173606393 3.9952638765204727 3.971471793832318 3.9289062225353417 3.8778152177137724 3.8318377854666767 3.8048854699865937 3.805923142716282 3.833253891543663 3.8756777008541894 3.9232989192450947 3.97395263704568 4.028890746701084 4.087678898287236 4.146373956132916 4.19701201833582 4.2279940200613995 4.225816765958749 4.178051228021873 4.076811090467968 3.9215396983596142 3.719990829215843 3.486853112043267 3.240375499677623 2.998252475424317 2.7743834957140443 2.577500502075678 2.411509837974169 2.2767054109267324 2.1710884227441314 2.0914265591501437 2.0339834262704852 1.994971257807631 1.970804291003628 1.9582208194379866 1.9543252718608282 1.9565867149175016 1.962819063604088
3.3342459347459172 3.4356946002226336 3.5199187253751507 3.5804765883531755 3.612214273107553 3.6117279043702535 3.577843082469897 3.512108411238155 3.419286018211893 3.307737541777922 3.1893868948817565 3.0787771665114247 2.99055920338951 2.934791834835326 2.9125167868137405 2.918137643964605 2.9476760678131217 3.0017124616264383 3.0813657318574887 3.1848895647058533 3.3066013056062826 3.4364283702708636 3.559981702452772 3.659860245655143 3.7184686331043735 3.7218595251734627 3.663394801254363 3.5457800484702764 3.38053334874028 3.185008862750739 2.9781508134652754 2.776612526706932 2.5924548299695904 2.4326617343012167 2.2999084132017305 2.1938128473013543 2.1121353604122395 2.0517010243490463 2.009020546308039 1.9806678510398146 1.96348709093431 1.9546894118190286 1.9518825405402036 1.953062486109518
3.1520251192769098 3.227047396987008 3.2809167387151486 3.3068057562010154 3.2995516673385885 3.2563233305132595 3.1772009437190065 3.0656048069758843 2.9284581130976965 2.775950472736061 2.6207999256499344 2.4769072326506434 2.357079866488867 2.269815771669141 2.2173782497495154 2.1983457031401867 2.2123197544032283 2.260876034824961 2.34511606564741 2.463697969803733 2.6118492023167366 2.78049909981065 2.9557528497674155 3.119511686468321 3.2517961210797615 3.3345831082796216 3.356054691517517 3.3136297381582183 3.2144748270909482 3.073272078875374 2.9082251646136528 2.736912010405089 2.573350840457046 2.4268066891108653 2.3020362948966464 2.200295751637187 2.12051392927876 2.0602979839926077 2.01666541447741 1.9865213900710954 1.9669419395010288 1.9553232438408767 1.94944356171373 1.947470846605923
2.954831603542525 3.0054354430777015 3.033203862350526 3.0314625260370174 2.9954123956719854 2.922945764288596 2.8152747231371724 2.677236425824096 2.517124625632235 2.345962400029998 2.176273347740712 2.020494802556298 1.8891296425830841 1.789014875459453 1.7229524663171223 1.6915826131950522 1.6957599408527786 1.7370024734357246 1.816411524273381 1.9335433884831337 2.085363204550087 2.2650155725491694 2.460774275125626 2.6559796259745205 2.8306931233567387 2.9651665287152977 3.0442397168892725 3.061032680744411 3.0183889326824294 2.9275139913053616 2.8045223348560113 2.6663853968594995 2.527701716428877 2.3990063247619604 2.2865384455527527 2.1929287569950437 2.1182279944621496 2.060891622015685 2.0185528728659916 1.9885594188967564 1.9683119611049325 1.9554566769689536 1.9479767984093657 1.9442179444790457
2.7588396347470083 2.788482677369298 2.795458161962252 2.7736206715283487 2.7187384086106032 2.629362783411235 2.5074492647395 2.3585449914789147 2.1913915231635066 2.0169207267828173 1.846814677872012 1.6919327281707381 1.5609232974729468 1.4594005814766233 1.3901608528739309 1.3544402915855172 1.3532498314769206 1.3878268457110154 1.4592912502786306 1.5679453247339252 1.7122493941970514 1.8874570869245397 2.0842849901461027 2.288367147272689 2.4812879932488574 2.643496693972581 2.7584657126866072 2.816600109109349 2.8172939276951423 2.7683472116181345 2.6831825011378103 2.577157882466814 2.4643469067953507 2.3555933197523524 2.2579237722503738 2.1749226939364914 2.1075578275614486 2.055068964574715 2.0157182871490225 1.9873421525623454 1.9677179969625787 1.954785069047283 1.9467588754166487 1.9421727869172296
2.575875952136349 2.5888593556327555 2.5807354285485147 2.5460476091872057 2.481139652162896 2.3850006221034294 2.259847817715942 2.11124525410589 1.9476177715491303 1.7791797704197254 1.6165021415146907 1.4690794535749776 1.3442644727021782 1.24685123607183 1.1794244597384402 1.1432669088196419 1.139287003483011 1.1685062488268465 1.2320267081452123 1.3305519925182376 1.4634579506996437 1.6274696266968929 1.8152825164630264 2.0147897145320472 2.209678513708756 2.3817918097880932 2.514820127257207 2.5980460495129853 2.6286350242838283 2.6116016257917574 2.557672437493203 2.480110824797728 2.39173631952627 2.3029453455143374 2.2209174217229455 2.149737341039913 2.091010120068557 2.0446136019884578 2.009380184562117 1.9836255356282255 1.965516857652164 1.9533050049705674 1.9454525017208648 1.9406874719338318
2.4124756206664633 2.413157978478062 2.3952496555867064 2.3539767446210185 2.286140679380561 2.1908940904115224 2.07028200932395 1.929350682518802 1.775694066234226 1.6184650462234804 1.4670718325569476 1.3299108579401477 1.213483278112348 1.1221090721545308 1.0582434795807898 1.0231772119581803 1.0177703604864148 1.0429255939069415 1.0996673327645565 1.1887858630000783 1.3100281838174195 1.4609092197224331 1.6354405820535232 1.8233436855907244 2.0104202761777055 2.1804672626784347 2.3184270992615663 2.4137199086263963 2.4624499461056666 2.4676617677837265 2.437734453058259 2.383754891358614 2.3169141376364157 2.246660786049427 2.1798376180334094 2.1206305617435106 2.070997913006128 2.0312762949764207 2.0007681996986393 1.9782205905437242 1.962172371794484 1.951182248800661 1.9439605712664898 1.9394303967457867
2.270582675921896 2.2628045971862534 2.239554962807015 2.1966469640409514 2.131180792579135 2.0422321951118474 1.9313591974199291 1.8027461686675783 1.6628600489121625 1.519629068200305 1.3813257710987892 1.2554596880642044 1.1479891028475269 1.0630379139234423 1.0031112622318976 0.9696301651915978 0.963524627405719 0.9856553640395903 1.036920669803478 1.1179752826362204 1.228541915872732 1.366396212805468 1.526290331731737 1.6992922729319488 1.873094353997731 2.0336043873462244 2.167568593275262 2.2653734074239122 2.322960222107097 2.342159519503393 2.3294767421185156 2.2939792249293456 2.245124442466342 2.1911480094169415 2.1382345467450046 2.0903693131137477 2.0496210656804172 2.0166108630846646 1.9909972456882779 1.971889663151833 1.958159960825746 1.9486537590741693 1.942317603984063 1.938261947988612
2.1488456647696212 2.1356574774256667 2.1104702588201905 2.069559430865868 2.0101802791680545 1.931165332308516 1.8334022165304147 1.7200339004054093 1.5962587544817504 1.468713178463901 1.3445642756366523 1.2305570581149814 1.132283434626089 1.0538496418642942 0.9979601709945511 0.9662893424410984 0.9599378808025033 0.9797801591635812 1.0265621342172515 1.1006712174597053 1.201564987425607 1.3269460807733258 1.471922183863354 1.6285440034175673 1.786146880866831 1.9327087285168736 2.056992345926339 2.1507912430933827 2.2104558697339303 2.2371727430740767 2.2360225792059794 2.214313334797934 2.1798356899023017 2.1395291378326244 2.098751164293526 2.0610910083159766 2.028546932887934 2.0018777674140953 1.980989767653892 1.9652800040458722 1.9539037557065122 1.9459614545137072 1.9406148244522403 1.9371473929856178
2.0438877573559546 2.027506085205435 2.00279386843288 1.966367281683618 1.9155306226038844 1.848784538925782 1.7662745450989261 1.6700468790438894 1.5639935445102389 1.453442211548418 1.344462597675038 1.2430691109294278 1.1545414120593396 1.0830324344869682 1.0315132579314845 1.0019785251287323 0.9957597082734233 1.0137821334890442 1.056636036473869 1.1243870856379579 1.2161217197342897 1.329318144804856 1.4592541082529888 1.5987628881166702 1.7386406710434983 1.8688184196993856 1.9800744588577637 2.0657553275212552 2.1229019479105693 2.152416172600313 2.158308890198212 2.1464053064569706 2.1229875496179758 2.09373867075356 2.063138774034999 2.0342801558214614 2.0089737503159584 1.9880064516263494 1.9714407241660297 1.9588904246717318 1.949741929680503 1.9433127934001082 1.9389530329445483 1.936100039060672
1.9513456803913247 1.9332387293385587 1.910568934388056 1.880186832803389 1.8393772882156916 1.7862825022598294 1.7203157860723375 1.6424584857914957 1.5553300863499815 1.4629669901169378 1.3703329067885877 1.2826792089818602 1.20492880471448 1.1412398586821688 1.0948240359744743 1.0679911273653355 1.0623155553195889 1.0787935880747739 1.1178783300989006 1.1793271580449263 1.261863915343119 1.3627431434605948 1.4773933663582255 1.5993718405882915 1.7208261243978844 1.833495284273861 1.9300415372759414 2.005309611929533 2.0570960839080024 2.0862001880138905 2.0958136562072673 2.090530370150422 2.075319322631292 2.0547192221560455 2.032364234084555 2.0108216994819372 1.9916538595142517 1.9756027126481446 1.962816389982245 1.9530643416269564 1.9459142992575285 1.9408621336692453 1.937416695091337 1.9351473102902754
1.8666806869761494 1.847711744277698 1.8279787224522825 1.8044761040784736 1.7744291982583642 1.7356362306699995 1.6868399597916688 1.62804508401925 1.56068308892833 1.4875486496968637 1.412493104162517 1.3399401317498332 1.2743494967639206 1.2197642811415628 1.179530215492204 1.15619819722351 1.151551018113798 1.1666596069722204 1.2018787308089351 1.2567292042975446 1.3296724483680422 1.4178525796747894 1.516942656906935 1.6212540345543627 1.7242175568541764 1.8192160133899231 1.9005849590706219 1.9644909654164773 2.0094151826482882 2.036115191231751 2.047130818949274 2.0460394412785705 2.0366982670461247 2.0226491731429275 2.0067610675882834 1.9910981896727031 1.9769549301519598 1.9649866429946914 1.9553770351013837 1.9480017485179173 1.9425658763173006 1.9387068500799136 1.936063001301448 1.934312977355112
1.7858168848387652 1.7664074965830783 1.749999619776129 1.7336554126961976 1.7145190771174643 1.6900818387651062 1.6585043173597702 1.6189337973690834 1.5717315675690842 1.5185307163251727 1.4620841641527385 1.405925624507937 1.3539257821509483 1.3098531072775765 1.2770303798876776 1.2581258498912433 1.255059701822276 1.26896819938762 1.3001618718118408 1.348038558198004 1.4109569969026723 1.4861274541390241 1.5696134508875699 1.6565404939803796 1.7415579808527057 1.8195063011450483 1.8861412214273405 1.9387166938866627 1.9762607298433283 1.999484705243575 2.010390192464806 2.011719653248643 2.006410108064381 1.9971648932634485 1.9861926120277151 1.9751059466076515 1.9649408669736463 1.9562479939717725 1.9492139754684046 1.9437829294680238 1.9397604707328926 1.9368928454503154 1.9349205629114579 1.9336099229796733
1.7056376263656388 1.6859299245537986 1.6728813667555864 1.663559525775166 1.6550186742873396 1.6444902495647717 1.629650151179536 1.608918552627184 1.581721165466323 1.5486338078556354 1.5113540142851096 1.4724907469117896 1.435217706310845 1.4028725816611562 1.3785873265702795 1.3650050256989144 1.36409510682827 1.3770427563640457 1.4041750118730247 1.4448975715162415 1.4976452370866027 1.5598813590772995 1.6282012587276802 1.6985867396088075 1.766818127994223 1.8289883008551526 1.8820079545636095 1.9239742201694974 1.9543098041748315 1.9736526421456748 1.9835517222476375 1.986070218706449 1.9833996851672246 1.9775587436501905 1.9702074551603153 1.9625726145663693 1.9554581192872937 1.94930798545133 1.9442927475540925 1.9403976346962888 1.9374993079989535 1.9354250656314482 1.933993551540641 1.9330391435681764
1.624327243752382 1.6043307179116735 1.5944537330366777 1.5917234909462883 1.5931068472915189 1.5956272299789793 1.5965722595828786 1.5937630490982218 1.5858271236587391 1.5724010793642285 1.554197404060247 1.5329038079942297 1.510931180553419 1.4910675480759048 1.4761126293462756 1.4685562731313009 1.4703343275749423 1.4826645979713236 1.505947746409704 1.539718309671754 1.5826449668695337 1.632596134433389 1.6867947135784909 1.7420756342428043 1.7952313561257414 1.8433941603193167 1.8843778946842016 1.9169018608424453 1.9406493804957952 1.9561610840586947 1.9646072132178525 1.967506971477452 1.9664611988347118 1.9629443787889271 1.9581754335530597 1.953064213457257 1.9482169393988766 1.9439791040185874 1.940495866591068 1.9377747143838535 1.935740722512194 1.9342796995802627 1.9332682231947105 1.9325919289907667
1.5415193869144397 1.5212283032158869 1.5142217842840222 1.5174609300580186 1.5278399751543923 1.5422293865078476 1.5576202205433252 1.5713537324298414 1.58139016698043 1.5865483489758987 1.5866452088838574 1.5824870857268736 1.5757058053763504 1.5684753821219495 1.5631720967170863 1.5620431039636795 1.566930874045031 1.579075385267357 1.5989959031011025 1.6264459234856996 1.660437000055638 1.6993327960928597 1.7410156977406013 1.7831197107222612 1.8233062203750612 1.8595408702460485 1.8903205116674149 1.9148061071854294 1.9328400508419046 1.9448560166974889 1.9517144020560782 1.9545081858152114 1.9543810082139523 1.9523860410712417 1.9493977106521427 1.9460742949026943 1.9428606596566582 1.9400170537070334 1.9376605547504016 1.9358086616062753 1.9344181625478802 1.9334157886928316 1.9327197806841299 1.9322532076835035
1.4582225210891948 1.4376927699918682 1.4332230735529075 1.4417050076030105 1.4599875749089282 1.4848462877619935 1.513061966457872 1.541604635940489 1.5678877259362116 1.5900302883466781 1.607053299491113 1.6189491079872644 1.6265982026093577 1.631550772454364 1.6357242798117388 1.641080914686456 1.6493402759856866 1.6617620752024918 1.6790125547476373 1.7011141544104553 1.7274718963862234 1.756968323608764 1.7881166116230498 1.8192556862108318 1.8487626320369974 1.8752505496049903 1.8977193533576864 1.9156354761720296 1.9289323696219087 1.9379416589536562 1.943278559665456 1.9457107013509036 1.9460366053911722 1.9449915455735454 1.9431882991879919 1.9410915709709036 1.939019277346978 1.9371615745607984 1.935608763941246 1.934380974777233 1.9334548725770044 1.9327849010166431 1.932318364412873 1.9320048583345497
1.376535942349948 1.3559171331130426 1.3536698977044987 1.3666341924483394 1.3916513001424242 1.4254606992793315 1.4647131495272117 1.5061056297477122 1.5466143782757227 1.583770457418448 1.6159022107518004 1.6422729521407844 1.6630717029562252 1.6792582090066759 1.6923026896219748 1.7038815517158152 1.7155891049328562 1.7287086613163867 1.7440648849865379 1.76196125498418 1.782195214387276 1.804137739635273 1.8268606480733494 1.8492918013437436 1.8703754400017505 1.8892139710224904 1.9051706541840285 1.9179204080494692 1.927446809089338 1.933994137501686 1.9379908397545913 1.9399632624827075 1.9404561758756593 1.9399711620748095 1.9389276057614888 1.9376455921621336 1.9363464501587107 1.9351651175385114 1.9341685611227792 1.933375552440841 1.932774595974141 1.9323382901248094 1.9320336053879248 1.9318283819362416
1.2992250302076886 1.2787534324165746 1.2784593063298608 1.2951655958767678 1.3257480203144572 1.3669653166803972 1.4154096584725142 1.4675922566355168 1.5201515559445753 1.5701359990785768 1.6152852065105097 1.6542284896501738 1.6865435078561575 1.7126612866685649 1.7336479484670115 1.7509213606972336 1.7659658332142836 1.7800945087338544 1.7942873976913483 1.8091124515272103 1.8247224905351533 1.8409126002338052 1.8572188695539498 1.8730380872286976 1.8877483811377902 1.9008129756659224 1.911853681040046 1.920687213101695 1.9273248198314215 1.93194223139225 1.934831105090134 1.9363441913444186 1.936844712097791 1.9366669667444936 1.9360912290937675 1.9353326020557289 1.9345412215172542 1.9338101552806641 1.9331873168062237 1.9326883511904374 1.9323083898202889 1.9320315232822924 1.9318376285909549 1.9317067278345468
