_RESULTS/REVERSE_NEW/Berg/TZ/6comp/Berg_TZ_z_1000_kriged_reverse_6comp_test.asc
ncols 100
nrows 90
xllcorner 5.6208707817415728
yllcorner 50.959635321741573
cellsize 0.00013419651685393446
nodata_value 1.7014100000000001E+038
[rows 38 to 56 of 90, columns 0 to 43 of 100]
2.180337573913464 2.1878209922041782 2.183686511070625 2.1673940690477846 2.139865735320409 2.1038791298167125 2.0638999475503037 2.025024915037386 1.9912885469423456 1.964238308256248 1.9426960537172733 1.9238452361391152 1.9048602928658318 1.884045271334912 1.8610312974400696 1.836325176714249 1.8107402102952093 1.7850176549485404 1.7596709127068022 1.7349645070871393 1.710941124495354 1.687447226409745 1.6641394795995124 1.6404741009924069 1.6156928810306042 1.5888258521482717 1.5587314026103183 1.5241885052491 1.4840409775721568 1.4373716056985038 1.3836621601466226 1.3228871389992023 1.2555060357369847 1.1823608031163666 1.1045360307602958 1.0232710898319988 0.9399889317819111 0.8563875474619749 0.7743556863052037 0.6954636364712082 0.6202954089203193 0.5485763243765172 0.4804404311816728 0.4173226057229916
2.34090240971602 2.3589262623930867 2.3621256813809772 2.3497066782252527 2.3228105998844786 2.2848563373080046 2.241087589679356 2.197111939153122 2.1569534032778748 2.1217198253273173 2.089743758678307 2.058069645870674 2.024246365181707 1.98734123609276 1.9478806542266125 1.9071904809894433 1.8667349360881362 1.827734479044475 1.7910466670027807 1.7571916251121846 1.726422416278782 1.6987856998252755 1.6741517265285772 1.6522123395015476 1.63245682145611 1.6141421618091074 1.5962782553346786 1.5776490846103917 1.5568849312375823 1.5325846918975559 1.503463804132516 1.468484240238962 1.426924971072259 1.378382463981899 1.3227415086818524 1.2601955813425723 1.19136704280307 1.1174211466998758 1.0398474475632524 0.9596833890955584 0.8767924415858965 0.7905496713648658 0.7018672873611843 0.6140413496409219
2.5265325914875256 2.5548806945921942 2.5642395075087867 2.5538237087482716 2.5254250267739144 2.4835339088017214 2.434395895478816 2.3840522141207776 2.3362323423866425 2.291323986700911 2.2470700745034855 2.2004947360792273 2.1497659781513994 2.0949535669331465 2.0376323023967475 1.9800034831296751 1.9241690187228513 1.8717781406972396 1.8239688402508896 1.7814541095983598 1.7446431937291926 1.7137415281760766 1.6888083383741166 1.6697696171049352 1.6563934317028253 1.6482393650700533 1.6445982114012312 1.6444437011364863 1.6464215369286515 1.6488937863178053 1.6500342891199975 1.6479436617737147 1.6407430232050384 1.6266305704312356 1.6039392060134443 1.571277774421385 1.5277913294470462 1.4733507843683638 1.4081999327543666 1.3318543608668436 1.242374200663713 1.1379774434117464 1.0203507490785624 0.8956127575179588
2.733457977242183 2.770614029879753 2.783649112995987 2.772316701279333 2.7397086145023364 2.6918640124860973 2.6361061852890493 2.5785962810006304 2.5223076248149265 2.466588475958864 2.40856888386743 2.345478460543151 2.276407698613584 2.2026548079197523 2.1269361049837836 2.0523145384675847 1.9814597015803164 1.9163632971786415 1.85836305336435 1.8082983319029782 1.7666835801320975 1.7338462932138805 1.7100120545889677 1.6953362566915093 1.689887968536069 1.6935917594601988 1.7061347060121943 1.7268546876514344 1.7546404892441902 1.7878794012820016 1.8244692828911229 1.8618767773813913 1.8972028000027248 1.9272399313183617 1.9485722242507089 1.9578227103953734 1.9520758708280614 1.929165558933151 1.8871283147425117 1.8226171295206115 1.730156269643964 1.6052416794935358 1.4499233831964813 1.2743233020107292
2.9540239025540105 2.9968986937823447 3.009885823469835 2.994135579522905 2.954808731956508 2.8997880296738168 2.8371752081853203 2.7725972508497745 2.707672635107244 2.64047111221034 2.567674311609803 2.487097900041187 2.399100912345077 2.3063783188206815 2.2127823416943713 2.122135029610239 2.0375468166714104 1.9612412244845718 1.894674900725032 1.8387616148316077 1.794091083233082 1.7610973979095854 1.7401665184929798 1.7316868569681472 1.7360484701380308 1.7535897381727061 1.7844849918430408 1.8285757778129395 1.8851755564545534 1.9529015486599184 2.0295775995027703 2.112207598491838 2.196983256167294 2.279312569593045 2.353940869962481 2.415308228416514 2.458163547373059 2.4779522057378363 2.469926477929397 2.4267076995725976 2.337246272728289 2.1919670231567117 1.992131504226127 1.7528758663073747
3.1764169563758986 3.2205544917180853 3.2292540314731175 3.2061343461826812 3.1589916951199815 3.097311178515293 3.029116596940802 2.9585584716246194 2.885361066526791 2.8063601970849827 2.7182530841770367 2.6199757120043103 2.513477420473105 2.402891190187191 2.2930628364550074 2.188376157694823 2.0922117412520422 2.0069102373477565 1.933987334937666 1.874413080367169 1.8288608123437884 1.7978926197821912 1.782079464389343 1.7820658564361647 1.7985860985494568 1.83242407552709 1.8842922152301125 1.9546100430230644 2.0432028144641396 2.148992021788474 2.2697598675442854 2.402020121604824 2.54097108209325 2.680521531007173 2.8134859163043164 2.9321336004511642 3.0290870499662 3.0978332535033513 3.131281419567629 3.117859966574861 3.0393711638163796 2.878248808348649 2.6325569290226323 2.3224804972901056
3.385978243627197 3.42661999851476 3.4277963857927474 3.396459816888433 3.342918209824793 3.2772251292047305 3.206004604353753 3.131016028580802 3.0499421986902497 2.9589107731063593 2.855412838276354 2.7400820258224203 2.6166254575984493 2.4904503265915694 2.3670992606801953 2.2512433641154823 2.1463477900480323 2.0547789784352526 1.9780946622824893 1.917353842205823 1.8733741031798896 1.8469167142535308 1.8388055505301124 1.8499948978583116 1.881595370750835 1.9348446719753845 2.0109802337064204 2.11096492665544 2.2350661831248444 2.382374922521555 2.550398646051113 2.7348216529286784 2.9294454525174456 3.1263156792536275 3.316150327049993 3.4892721003353895 3.636966975096017 3.7521989912422073 3.82744895623582 3.8486416273022295 3.7904373263870332 3.624416357935736 3.3411910485983882 2.9637851691594617
3.568523266177041 3.6025030946235477 3.5957180698052102 3.5584941491255364 3.5025281324825213 3.4367931787464125 3.365217551013453 3.286785386996348 3.197682646322135 3.0943597527188063 2.9760087848189394 2.845344832468403 2.707691641348752 2.5693198807747764 2.4360457190543956 2.3125245809298653 2.202148386616283 2.107271133446019 2.029537051818837 1.9701890577150456 1.9303102418246947 1.9109904402178999 1.9134279361589215 1.938982591107185 1.9891902131008419 2.065722285865491 2.1702348806809284 2.30403041062883 2.467506142569591 2.65948408715347 2.876619024837485 3.1130701274302455 3.360523524538405 3.6086028228216085 3.8457771808004027 4.060926151166619 4.245342109592879 4.393749015068546 4.501449263396345 4.555730094265341 4.526906353485664 4.374350254163291 4.075094694268177 3.648923850285489
3.7144458699927196 3.742024772845904 3.7304885302430466 3.6924049279200295 3.6390219902229783 3.57666256448098 3.5059803385819177 3.423733981698856 3.3258706719094517 3.210412110883197 3.0789000272854024 2.936049652548461 2.7882699628233216 2.6420839268305025 2.5031159622689625 2.375745582678865 2.2632069587764914 2.1678807594838307 2.091614380788865 2.035995506572445 2.002555586559306 1.9929023528423049 2.0087887977254746 2.052128071314087 2.1249580943267903 2.229337910979696 2.367118394329347 2.5395030668484933 2.7463614049881455 2.9854002891571483 3.2514522261606733 3.5361674781828443 3.8282864104336296 4.114555436866673 4.381342090643489 4.616978902137899 4.814430561251415 4.972641365228433 5.093321555774737 5.170404567355739 5.1760932270640625 5.060267347615596 4.7804153990229 4.341977479292135
3.820603792169542 3.845836344431642 3.835359168564196 3.802032422641683 3.754939450969313 3.6970863393672273 3.6264538603716536 3.5390495497387118 3.4321454000464233 3.306242129178172 3.1652136628009364 3.015107754052217 2.862582054653758 2.713743912451861 2.573632906929048 2.4462014767264284 2.33454541604017 2.241198805091029 2.1684011779422367 2.118306887195418 2.09313310417356 2.095247582650602 2.1271928696245532 2.191637290285795 2.2912363907372204 2.4283776803522907 2.604764367422012 2.8207903168982935 3.0747177857005306 3.3618150141940943 3.6737610813661816 3.998641074932708 4.321714028866273 4.626979220272495 4.899499532593066 5.128357479627097 5.309710588701121 5.4483585110995305 5.554757796934772 5.634178005194023 5.6692298963916965 5.609498579087188 5.392693039258247 4.9959619596046085
3.8877274803167654 3.9167335201828677 3.913232173555212 3.8884885005923744 3.8486609935114364 3.7940939438718555 3.7217682048198406 3.6287826102533955 3.514873954902775 3.383061151717923 3.2387377824863943 3.088196949118062 2.937441874585393 2.7916117245394587 2.654924780503799 2.5308914297951204 2.42259334146735 2.332924812403058 2.2647691695313656 2.2211193310556197 2.2051563022177163 2.2202857451327036 2.270110895805164 2.3582978513899557 2.4882746591100187 2.662708172208942 2.882734678475635 3.1469989280850643 3.4506890071982634 3.7848912999723554 4.136602319505409 4.489547193523667 4.825714779834735 5.127456200913133 5.380081796828651 5.574863368803727 5.711982370312581 5.802152851055107 5.8644683061003695 5.917267517356223 5.960713520824939 5.958301277311096 5.8400057112165715 5.547661566878003
3.9150975507964527 3.9532124352228886 3.960431776192329 3.9453969290379436 3.9118324241936793 3.8591113378800417 3.7852112800991806 3.6896374033688097 3.5746963817892072 3.4450101721434754 3.306186251255839 3.163629721675558 3.021963299861339 2.8850132842915386 2.756099315933117 2.6383816173281507 2.535126772585377 2.4498550884985235 2.386394503752734 2.348886601167874 2.3417787647490234 2.3698031517901184 2.4378972323038424 2.5509724108530474 2.7134030968666423 2.92811921966605 3.195289089150704 3.510818045909682 3.865209510014258 4.243489540780194 4.6265523502653565 4.9935164337146105 5.324210528422752 5.601293948829371 5.812252038709954 5.951671887411499 6.0236545755321655 6.0434179205242815 6.0362980482743565 6.031560121525305 6.048548502157465 6.076339574716325 6.059709132084225 5.918955820218271
3.897618345862803 3.9472460805763143 3.9661475782829454 3.960435313684519 3.93273379722165 3.883266375820729 3.812311835217096 3.721929979389693 3.6160692063148723 3.499548072057039 3.3769081352951007 3.251798473735352 3.126996152328989 3.004831432823972 2.8877219579503706 2.7786016043444737 2.6811470889956732 2.5998057698088184 2.5396919427197435 2.506439595351697 2.5060776760041152 2.544937244410073 2.629521048471788 2.7661808396285568 2.9603814426299815 3.2153380551067667 3.5299971240116674 3.896796301608827 4.300286477967034 4.717951656500219 5.1236358648437745 5.492141354969996 5.802688663669656 6.040302620076118 6.196231659034646 6.268886884455636 6.265568657535142 6.2040634832776425 6.112693056886379 6.027021480083031 5.980956999966846 5.9905397732141825 6.033516993655894 6.041604663148234
3.8287997159379703 3.8892011526179244 3.9191332795426526 3.923057710569734 3.9038266224706653 3.863513700093969 3.804766679324049 3.7313128342353736 3.647383874556054 3.556719095610654 3.461883567315437 3.364219926771332 3.264345452030145 3.1629189366155797 3.0613918019330257 2.9625338457399457 2.870633324427453 2.7913861911175006 2.7315821826441944 2.6987365472440317 2.700789684232383 2.7459099143798578 2.842310624781732 2.9978600869464214 3.219155517405946 3.5097274325480847 3.867294695795635 4.280699076932329 4.7282054720888995 5.179312426474416 5.600628933638219 5.963097236120789 6.2463814951718675 6.439003865453417 6.5366470188620145 6.5415496634195875 6.463579718132012 6.321732962530458 6.1447209134265 5.9696561338111165 5.837419653826151 5.782607002660646 5.816701079318062 5.9088476960342895
3.707431474787961 3.7762081374226946 3.8166270402187354 3.8325122438765566 3.8276050758952596 3.805739678760144 3.7710878205546314 3.7278272346207446 3.6793386439418354 3.627462288345719 3.5722511732829156 3.512344717921081 3.4458327802225366 3.3713529517841243 3.2891270006867894 3.2016727035202566 3.1140278975484903 3.0334807691544534 2.968960340860145 2.930331642715745 2.9278161008461145 2.9716277078362774 3.0717275682860032 3.2374071749753144 3.476263045094018 3.7921074033091617 4.181665277782005 4.630807546954547 5.112487728892453 5.589271768662767 6.021292610777084 6.375878296538287 6.632924133852182 6.784020155166432 6.828912869242997 6.77352989298297 6.630336158252871 6.419326917245445 6.168356786327918 5.912654534820665 5.693113764004102 5.551572787082577 5.520619456647605 5.606906402799389
3.541855879648084 3.6167352658298775 3.668061212189027 3.699712196425124 3.7163038381445737 3.722749235717941 3.7237471928711026 3.7230152149083615 3.7224590738317307 3.72163000916304 3.717730192146726 3.706248972847268 3.6821487948953937 3.6413756761698024 3.5823466047761645 3.5070173100429654 3.4212249069095026 3.3342345080045424 3.257701707078876 3.2044480967538833 3.1874367560419192 3.2191403186229715 3.311210966174426 3.4740931183751074 3.716036599188846 4.0409523756300105 4.444894538009167 4.9119412808134735 5.411842415817699 5.902724376567724 6.340019719542022 6.687599463686087 6.924252072889373 7.042850893759393 7.046059127045454 6.943407877563983 6.750652005627271 6.489557858206534 6.187077804831474 5.874651607075933 5.5882549244618485 5.367769594667769 5.252618701516281 5.271182835275541
3.3482776825303935 3.4279987940200716 3.491304233880197 3.5424604459101623 3.586694233315716 3.6293822853346764 3.6751466002336133 3.7268780298875046 3.7848625345738904 3.846252531053601 3.9051063790605225 3.953151773986801 3.9813025069444556 3.9817428917859345 3.95012858057549 3.887274360836024 3.799768418042462 3.699309101533669 3.6010488863073093 3.521581643345629 3.477231154163381 3.48300534851455 3.552150497806255 3.695864948199052 3.9225199576174603 4.235746962076606 4.631125563030297 5.092184497524721 5.58797019635579 6.075404781617366 6.507843656835886 6.846389261593233 7.067385462944774 7.1628778005081735 7.136995773115927 7.00265707778114 6.779607962133152 6.492355429287073 6.1675398663169325 5.832257076154065 5.51481625445752 5.247072396431933 5.064848256738844 5.002713015073973
3.1452510580695323 3.2294581632767327 3.305701608888232 3.378794005408482 3.4544287109652787 3.538222615723108 3.634640003914038 3.7458675380823494 3.8707774261268777 4.004191963101005 4.136737856147683 4.25560895899688 4.3464451459977935 4.396207506967814 4.396448715755888 4.345990338762889 4.252034136018676 4.129267735354083 3.9973373892627238 3.8776840559816548 3.7908213763718646 3.75468940710463 3.784061296474692 3.890450095057505 4.081722476863843 4.360694689165565 4.722406806859974 5.150677681309285 5.615870432653299 6.076654583674153 6.4872254446792645 6.8075875938309744 7.011576947758505 7.089246355717124 7.044969638205931 6.894333877330242 6.660842950482833 6.371864612649163 6.054195320580756 5.731165112617027 5.423126948201003 5.151170737584933 4.941055855457254 4.822755364975635
2.9486604722558414 3.03739915227347 3.1268936359736133 3.222627885696306 3.33083275157306 3.4575117316788724 3.607282939256741 3.7820775545484984 3.9797930241391444 4.193132475798513 4.409051562260649 4.609376774319387 4.773070101273569 4.880140405925394 4.91641264134629 4.877657995707994 4.771497561473613 4.616265772160079 4.437307598467333 4.262219859527462 4.116729199839022 4.022233553560704 3.9950419888829622 4.046591757171907 4.1836453773872995 4.407626237795807 4.712743534214474 5.083383737023361 5.492308316504511 5.901868982061033 6.269584679728915 6.556724283149926 6.736139433628216 6.796249031924365 6.741000891855401 6.587285694282172 6.360712914775774 6.090153007819656 5.802190756868295 5.517414033650405 5.250126640093646 5.011705385152686 4.815780843874838 4.681312528161063
