_RESULTS/REVERSE_NEW/Berg/TZ/6comp/Berg_TZ_z_125_kriged_reverse_6comp_test2.asc
ncols 100
nrows 90
xllcorner 5.6208707817415728
yllcorner 50.959635321741573
cellsize 0.00013419651685393446
nodata_value 1.7014100000000001E+038
[rows 57 to 75 of 90, columns 0 to 43 of 100]
16.14355136542734 16.187825737194462 16.26265111945509 16.363272651980452 16.482025558832884 16.610157831069554 16.739455300374363 16.863188224951113 16.97630362206549 17.075092315358916 17.156640651804008 17.218276592740043 17.257058666659336 17.269248131218397 17.249720238368248 17.191408092836685 17.085032312606604 16.91940082183258 16.68240450368494 16.36260109442935 15.951149617850993 15.44386959568056 14.843216721525684 14.159859389627199 13.413368781914048 12.631521868316245 11.848022346220006 11.09897900874671 10.418945943991424 9.837446077605188 9.376616823725564 9.050126843872636 8.86308748501364 8.812489685672862 8.887760237373248 9.07128930226042 9.339126362744857 9.662315085779753 10.009357918459525 10.349968578243436 10.65967728999959 10.924284444305538 11.14292869280396 11.328774133234708
16.30567836370537 16.349243452256427 16.415041899902548 16.50036343622805 16.60053140828614 16.709874303085705 16.822613346555983 16.933407041141088 17.03751179988993 17.13068677817172 17.209013768609765 17.26872513271785 17.305997560424704 17.316578249300456 17.29517364429837 17.234773806261614 17.126335340609614 16.9592203724884 16.722424735891874 16.40624244317386 16.0039618380282 15.513426223801453 14.938454637763757 14.289994252194631 13.586621981761462 12.853937552429272 12.122640029753333 11.425537225409515 10.79413642948971 10.255580673907893 9.830481675244055 9.53180448830428 9.36460121580912 9.326226080218813 9.406723278299982 9.589304332823465 9.851115254118707 10.164692106525155 10.500471352805473 10.830396693951947 11.132151541490646 11.393100697787547 11.61290287197903 11.804031197597924
16.413826564638363 16.457302141726572 16.5181050834608 16.594871032830827 16.684798896040533 16.78410029007512 16.88843561050159 16.99320813048789 17.093703854009135 17.185159998363204 17.262863372571775 17.32230011292289 17.359227586666638 17.369427563208145 17.348005915121377 17.288495403187675 17.1824107985244 17.019813890271244 16.790806134474927 16.487293071259685 16.104434813134784 15.64170710697116 15.103797215763109 14.5013877499097 13.851535850336399 13.177220187969613 12.505821321778496 11.866682470956453 11.28823850625073 10.79532466954603 10.407140761175697 10.136050556806245 9.98710846715927 9.958059754106031 10.039598242072174 10.21584247676951 10.46520893766152 10.761992202769985 11.078893303497006 11.390437998748562 11.676802709979118 11.927232330346946 12.142188131535564 12.333642934825924
16.485669751336125 16.53004070587459 16.589063512878333 16.662204671444307 16.74777303366891 16.84305899477712 16.944499547833576 17.04781800669753 17.148151400296875 17.240235543899036 17.318721298085414 17.37860247003893 17.415546205418217 17.425758886315307 17.405161074198528 17.34820840812685 17.24726214918889 17.09324974936912 16.87740884260387 16.593143427344206 16.237237690706465 15.810457319595447 15.31797927612667 14.769861329835887 14.181335167595247 13.572522382804511 12.96731300057668 12.391457166639555 11.870208971266338 11.425992364579724 11.076493627577076 10.833383463756107 10.701653921920478 10.679429526751013 10.758123488377848 10.922931126542256 11.153802048092167 11.427104970379155 11.718110021913834 12.004154052860056 12.268022749448175 12.500848715657764 12.70382845563195 12.888316873711005
16.535012619874184 16.58141119312006 16.641183908368777 16.71426542759853 16.79956127044866 16.89490774483782 16.997079761980146 17.10184144759718 17.204073217100728 17.29804691275397 17.37791502895262 17.438370698275985 17.475201124934056 17.485248659613802 17.465463986136808 17.411460578499803 17.31670135214307 17.173208923149087 16.973475703006972 16.712347385055253 16.388011819205374 16.002219856723663 15.560341421933796 15.071582695084409 14.54921265662175 14.010430364861637 13.475598100219896 12.966812549280707 12.506026536581539 12.113066401316862 11.803880221460155 11.589231555340014 11.473900571286503 11.456350854261608 11.528808578366874 11.677767779147159 11.885020757517264 12.129336605157945 12.388815375017497 12.643734884226168 12.87946310802925 13.08885625852404 13.27359532941012 13.444132175010779
16.57196361109904 16.621627439637166 16.684249642364588 16.7599772492539 16.847963696589208 16.94622986720638 17.051588244754733 17.159652735218373 17.26498285693281 17.36143815139464 17.442805216071122 17.50363438926311 17.53995466070693 17.549296715983687 17.529659202174873 17.477891922087835 17.38876764356309 17.255691213157263 17.072624143592193 16.835871978151637 16.544849829069957 16.202025594666384 15.81272028777119 15.3851467131284 14.930585979417248 14.463374422152638 14.000428370923887 13.560224400190696 13.161348973674771 12.820858678111513 12.55272068622386 12.366545190490097 12.266724048029593 12.25200918322544 12.315536274402199 12.445320996741568 12.625287325604498 12.83687602026577 13.06119014258089 13.281473551135589 13.485549783447995 13.667757979914205 13.82996850430793 13.981437888539814
16.60365054020873 16.65795779418015 16.725353980375594 16.80601117879859 16.89908148942037 17.00250917889066 17.11292091343525 17.225633413760182 17.33483658934839 17.434028260253374 17.51675244626237 17.577552692683668 17.612768548362542 17.620572893829454 17.599900717202047 17.54880139898301 17.463506318028937 17.339091449102085 17.17124071555717 16.957788448647303 16.699250627210215 16.39859088233722 16.060886468145345 15.693268780259013 15.305072387072292 14.907912522811607 14.515436625997454 14.14263722861773 13.804770439409374 13.516040616705915 13.288262266338757 13.129695475934492 13.044195907487444 13.030760509575911 13.083513206956784 13.192164504007417 13.34297355950744 13.520208385129918 13.708019383722695 13.89252470484655 14.063796221818503 14.217387069013872 14.355090323803921 14.484756230691598
16.634981325454863 16.695497383660573 16.769613583234644 16.857381391981367 16.95775893881124 17.068406255827725 17.185577040246624 17.304156596306644 17.4179081079549 17.519996629732216 17.603820797987083 17.664028022368026 17.69731351359415 17.702423004943636 17.679090417992985 17.62649144328839 17.54240917599844 17.42381300499739 17.268314085022585 17.075339733209457 16.846417215096093 16.58483925146024 16.29529569392102 15.983790487333408 15.657792901959377 15.326388550399248 15.000203419576927 14.690977820808133 14.410791265106159 14.17104173173117 13.981341880181422 13.848505073691122 13.775766745816439 13.76234341867906 13.803392643983022 13.89040904737215 14.012065117876865 14.155463465447285 14.307700617083604 14.457560834763369 14.59709027757409 14.722780331689325 14.836133387810074 14.943487723469614
16.669241042880227 16.737735248465444 16.82064899986296 16.91779244259144 17.02776787427053 17.147769366837142 17.27350286426722 17.399282652425367 17.5183655094449 17.623577344051114 17.70822849902696 17.767148981558048 17.79742876785673 17.798349518221137 17.77036364387422 17.713733305831152 17.62784840336727 17.511689282952307 17.364888532785102 17.188474608677097 16.984906987077135 16.75768886663992 16.511030769664625 16.249802578820614 15.979719455461549 15.707562487693188 15.441235857946573 15.189540276612687 14.961642408126258 14.766308826800467 14.61103112403999 14.501188564348084 14.439381376142007 14.425035724870813 14.45434555297845 14.520583800018583 14.614782752762249 14.726742293180827 14.846272150581457 14.964517807163727 15.075177539541615 15.175409850705638 15.2662665357084 15.352560927098521
16.708473844192113 16.78688150136649 16.88081288572363 16.989731655122668 17.11173922089356 17.243393741146207 17.37968042767504 17.514192342219413 17.639577087599843 17.748281450250424 17.833546158528822 17.890432974808263 17.9164674374149 17.91148008623745 17.876643324105228 17.813323339925535 17.722549501251418 17.605330314095905 17.463295561886024 17.29900813526803 17.115767745008498 16.91719809260606 16.706979333870024 16.488876619523985 16.266991829908594 16.046058886630387 15.831606288852063 15.629876151109451 15.447476025713472 15.290818522035101 15.165454398124147 15.07542031590014 15.022709366895015 15.006945253242895 15.025312475955472 15.072769454427219 15.142545412664422 15.226889231664545 15.317998216675976 15.409013758909381 15.49494178027275 15.573350942577118 15.644726577309545 15.712408781842893
16.75367655637067 16.843994728908342 16.95121705274309 17.07436637874842 17.21090873781474 17.356603259507157 17.50554254084854 17.650443390419838 17.783231487348914 17.895919910884196 17.98168058981244 18.035841822107386 18.05640914013253 18.043808557882357 17.999986449552544 17.927463458220142 17.82891909394105 17.70733344915558 17.566221829908052 17.409552218660735 17.241348763520943 17.065272769554063 16.884446400807793 16.70158962898316 16.519367642632695 16.340769748505117 16.16935289454572 16.009250624007365 15.864936999527282 15.740811149322811 15.640706667222892 15.567426405013348 15.522373887752108 15.505322148170562 15.514343927850577 15.545921631925836 15.595248641142092 15.656715182450858 15.724541182322502 15.79348369625575 15.859519601101702 15.920395103652002 15.975946277848943 16.028126394361582
16.80486647662501 16.908985123557713 17.031645223897158 17.171343425187484 17.324784837624595 17.486773971544213 17.650345640892503 17.807194099503096 17.94842405426263 18.06557858634006 18.15177936197646 18.20266707863025 18.216775344343056 18.195172097606545 18.140626633286477 18.05684555749374 17.948130332312605 17.81932369266646 17.675662599544623 17.522349278240046 17.363990076675247 17.204190716889904 17.045494556066707 16.889662505857967 16.738149910756764 16.59257928255166 16.455033422238976 16.328080558555065 16.21455544362472 16.11720752544028 16.038348749186344 15.979588056336027 15.94166853176262 15.924377679653198 15.926503713647538 15.945843735052112 15.979298604866074 16.023090937384943 16.07311642907946 16.125399505430522 16.176589210481385 16.224411773834348 16.267996169040895 16.308005975792085
16.86109743146211 16.98058070222486 17.12045202462655 17.278605171422733 17.450868856968963 17.63094856738833 17.810671445365053 17.98058870692841 18.130927817471367 18.252784596115248 18.339310890878778 18.386548066336868 18.393610400764437 18.362217638948376 18.295945174220137 18.199641424821756 18.07913439127592 17.940970787520563 17.79190943504191 17.63818430949589 17.484810103709485 17.33521764874164 17.19134288168715 17.054100399302836 16.924037612311274 16.80191453867314 16.688996999927088 16.58698241499522 16.497650434477816 16.422454814484862 16.362268981525716 16.31736863966097 16.287574901798198 16.2724016057328 16.271089199198567 16.28251377421717 16.305051155117383 16.336504163844527 16.374170073418924 16.415066790131185 16.45628119027041 16.4953675136334 16.5307110387979 16.56177887327263
16.920493823365216 17.056338909715453 17.214544176248868 17.392334271072592 17.58455970343488 17.783699462246524 17.980247649272073 18.163533801646718 18.322921648291455 18.449180301641178 18.535677046083794 18.5790154295675 18.57895034854195 18.537797700202304 18.459808338200684 18.35080644691045 18.217954028919415 18.069280297603697 17.912824651925398 17.75561069397316 17.602840561199415 17.457603557416608 17.321173385802677 17.193756427393417 17.075400506334947 16.96670559290665 16.86903866056751 16.784170073633035 16.713550037191602 16.657655211139357 16.615791464504408 16.58644512740492 16.56793719564377 16.558988684189107 16.558919332193366 16.567449147861407 16.58427204900813 16.60863162743378 16.63907287804754 16.673441690262326 16.7091129021538 16.743370662133366 16.773841119749246 16.798878431361093
16.98035625992544 17.132766705035582 17.30951781443116 17.507114476511944 17.7193490387333 17.93737347387038 18.150258639047838 18.346087139350004 18.513457023611572 18.64304901639486 18.72875823754949 18.768001627730953 18.76124453661415 18.711265673679005 18.622726899197083 18.50212029398879 18.357635316446537 18.19848372243352 18.033685487407528 17.87075128652994 17.71477683999129 17.56826524508746 17.431717658266486 17.304783079015024 17.187550069709083 17.081438385545407 16.98922019170149 16.91406186536684 16.858027364587176 16.820878455978917 16.799897303764357 16.790848914200634 16.78952180092451 16.793021094623946 16.800259644119674 16.811609111983895 16.828057889704368 16.850315073930865 16.878176032581894 16.91027844114376 16.944229548892128 16.97700287555542 17.00547229506497 17.026953364915435
17.037367727564853 17.20558149581314 17.399987565488114 17.616347115467345 17.84735295356636 18.082776352962316 18.310227321414796 18.516577284695995 18.68983344656615 18.82092133060544 18.904673343652618 18.93963679652281 18.92706184503093 18.86999576954147 18.77314382452681 18.64324579303696 18.48911391728053 18.32076265196311 18.147819190449912 17.977895901429704 17.815586789603195 17.662450199920187 17.518007947086655 17.38148189555649 17.253672015249563 17.13812778342258 17.0408224069446 16.9681411125822 16.923996053587036 16.907621612714127 16.913386838529455 16.93278733743923 16.957486135644046 16.981811966725353 17.00370357811777 17.024097279251773 17.045443668107435 17.07014282227259 17.099414106409018 17.132780188949734 17.168114075885228 17.202091165209872 17.230861775008286 17.250772057021564
17.08790017904614 17.27010762428215 17.48009346264276 17.71289573143127 17.960132701584886 18.210223131098992 18.449362953153788 18.66331859703589 18.839724041134172 18.9700929299924 19.050588131195052 19.081177421275868 19.06395028222445 19.00202253239229 18.899774318634798 18.763761253119835 18.602982001557997 18.427821605964812 18.248069947398893 18.07096435111964 17.90008668757432 17.735555166159635 17.575569985058397 17.41898132506484 17.268046375723927 17.13004889152097 17.01644462860356 16.93917212285261 16.90552569571226 16.914316117636695 16.955653429357298 17.01458293375081 17.076505568900792 17.131536152359573 17.17607379897727 17.21170722344328 17.24274173576583 17.2736916784758 17.30751978103077 17.34482491445901 17.38384190349077 17.420998128782767 17.451767117407613 17.47159518599147
17.128393212409247 17.32176617002964 17.54412228602261 17.789862143041344 18.049654803655756 18.31072272522298 18.558024750984075 18.776415685213987 18.953367027401434 19.081199131695495 19.157594133544546 19.18404481997807 19.16346749586469 19.098924558209625 18.994263533460252 18.85557463319959 18.69168905619223 18.512940007046733 18.328796336443517 18.145577536024398 17.96525573870192 17.78589909144481 17.603903199507524 17.417668570404544 17.231600690396114 17.05841478834489 16.917564535895664 16.829142246377522 16.805506710073743 16.845082275023696 16.932100649809627 17.0426152255204 17.15335764864542 17.248730070710188 17.32315706807707 17.379178430092438 17.423533506213456 17.46339406394731 17.50384617434242 17.546782708813165 17.590909917312697 17.63246835697168 17.666312103660815 17.687063550756488
17.155755273218904 17.3565892302898 17.587146787952275 17.841354843217168 18.10918252197907 18.37697598635936 18.628803697691982 18.84890738037859 19.024758932577875 19.149456560376375 19.22200869131401 19.245198525063184 19.222638882155017 19.157366623354374 19.05279726560049 18.914579108772163 18.751223976570248 18.572683897736216 18.38765288075765 18.201001505012712 18.012503146906315 17.817552244659794 17.610181656724784 17.388096094812024 17.1582800960584 16.940254045688537 16.76363150987957 16.658923061459948 16.645010140238238 16.71995378400768 16.860685538278734 17.032043169388015 17.20003681139378 17.342202574517017 17.450837616975207 17.529894633948786 17.589159299992378 17.638946710744325 17.6867557411447 17.735909749179243 17.785643142692216 17.832048308275656 17.869417600080613 17.891636585153975
