_RESULTS/REVERSE_NEW/Berg/TZ/6comp/Berg_TZ_z_0_kriged_reverse_6comp_test.asc
ncols 100
nrows 90
xllcorner 5.6208707817415728
yllcorner 50.959635321741573
cellsize 0.00013419651685393446
nodata_value 1.7014100000000001E+038
[rows 19 to 37 of 90, columns 0 to 40 of 100]
0.023425493015236613 0.02421390619378239 0.025104788292473913 0.026077835726433483 0.027100453103398467 0.028127864894245885 0.029105313690438072 0.029972706762786253 0.03067150138943076 0.031152892975337156 0.03138577053487413 0.031362749089116695 0.03110304230974057 0.030651880678084463 0.030077246658806966 0.02946548872014173 0.028917682679553015 0.02854851035656862 0.028489204485019216 0.02889607681908261 0.02996648054310584 0.0319646606537095 0.035260176583850854 0.04037952098115662 0.048062336642872204 0.059286938027883665 0.07517046389950603 0.09655576278229966 0.123049768887386 0.151534644207987 0.1750452629066494 0.18399657625493945 0.17117639599761159 0.13801793263062329 0.09556909823077683 0.05723573694030338 0.03040542617862043 0.014969404352990913 0.007270566969841241 0.003768240228827975 0.0022670773755232437
0.024655862006138004 0.025789243339947143 0.02708070104307398 0.028502683100581887 0.030007368368435917 0.03152577298196623 0.03297060095019772 0.03424384321995643 0.03524893952585253 0.03590565329033477 0.036164357137473686 0.03601601934429804 0.03549526436940724 0.03467611195456099 0.03366237857240943 0.03257620831265219 0.031548330384298 0.030712718612754434 0.030207081762186727 0.03017969214628814 0.030802698439459517 0.032291965627647225 0.034932680770188844 0.039106402177758556 0.045304906771309106 0.05409286402892719 0.06594131018744508 0.08081657309866645 0.09746127674392857 0.11261281628987217 0.12101156756589929 0.11734595735479805 0.0999729126655163 0.07341198858143531 0.04611934966180614 0.024958203878002693 0.011915942260822052 0.005260517620731964 0.0023209225034934856 0.0011368015126128658 0.0006901524229920033
0.026289901570851443 0.027906486406210802 0.029770311881117634 0.03184645776283327 0.034066363006960323 0.03632415570069637 0.038479687377691155 0.04037089187643682 0.04183566425763266 0.04273967070468466 0.04300299707713738 0.042617501273849306 0.041649348955314594 0.040226526233725975 0.03851643291289787 0.036701351921646495 0.03495884520323586 0.033451110908938084 0.032324016673373215 0.03171430756857129 0.0317626407722144 0.03262990978407764 0.034513434565097346 0.03765606532980423 0.04233246382833094 0.04878066238639387 0.057027832648274004 0.06656357803091362 0.07590838113236699 0.08237858438554485 0.08264408869284164 0.07446852890477568 0.058778357782491845 0.039920126154235465 0.0231353012053933 0.011477819823871402 0.004982109976192727 0.0020025395356964067 0.0008264341166266254 0.000399957204200086 0.00025716339510502056
0.028425884170769508 0.03071577650348515 0.033396475223324694 0.03642850101036206 0.03971652357464046 0.04309894916817296 0.04634934146682779 0.04919619478882678 0.05136277748209993 0.052620218412536474 0.05283858400089278 0.05201804534806609 0.05028856828909074 0.047879216309389884 0.04506992213220125 0.04214309620142533 0.03934866458058714 0.03688802416612355 0.03491503488560396 0.03354830976010298 0.032888533404606735 0.03303548122821326 0.034099688898475776 0.0362015368983086 0.03944469712360663 0.043842373052578584 0.049171490556642355 0.054755251329600824 0.05926555160014398 0.06079445400303153 0.05751037600967311 0.04885516085798801 0.03643108897622266 0.023453038963488323 0.01291045762794302 0.0060799621248998955 0.00250966038448619 0.0009761661656396631 0.0004057360386234227 0.00020856438374281514 0.0001501286735818576
0.031173767461892297 0.03439547159136551 0.038238234363950886 0.04266738501861675 0.04755621232314022 0.052660409260025264 0.057612821410943815 0.06195406549154024 0.06520545017036973 0.06697156154926268 0.06703975456594276 0.06543713489922773 0.0624209099366802 0.05840795067325994 0.05387508465204456 0.04926800822928866 0.044943950676830983 0.041153393791580485 0.03805141452567672 0.03572409818269185 0.034217478220010165 0.033560766596550926 0.03377856972098053 0.034886720869152725 0.03686352695161498 0.039585407761674414 0.04272118072343051 0.045608351909723364 0.047201387454523576 0.04625653313260215 0.041873685718032676 0.03420426526120661 0.02472354795295553 0.015592128298621845 0.008509039843131673 0.004025645885686371 0.001700954996720797 0.000697427077328885 0.00031719893304951524 0.00018498308450261647 0.00015526921025552453
0.03464971712379085 0.03914800007463787 0.04463201151065467 0.05109423839968046 0.05837790841774868 0.06611946643529443 0.07372436124514405 0.0804118239358315 0.0853478966423536 0.08784420724161587 0.08755267941288541 0.08456998578215297 0.07940207801056871 0.07280901357038087 0.0656049307320813 0.058493300095771 0.05198086161994189 0.04636850990702272 0.041790742785676786 0.03827191126866734 0.03577731477974316 0.034248693617215546 0.033620846835018425 0.0338181379510019 0.034728617352090554 0.03615339664673203 0.037736471431878374 0.038904035910393084 0.03888274006422128 0.036890026476380934 0.03251742617417975 0.02611707259722776 0.018826828304119986 0.012066515564527024 0.0068538165220943074 0.003475132454297965 0.0016272035049622374 0.0007639104365532083 0.00040799940476793947 0.00028334163539063756 0.00028341640047122214
0.038965496698711716 0.045186652088095317 0.05295871524103509 0.062346715731917045 0.07317964606357692 0.0849293305471168 0.09664047616619867 0.1069901083224399 0.11452732395336512 0.11805535055409222 0.11700965813466056 0.11164700474121977 0.10294567244622563 0.09227590036365022 0.081011380145144 0.07024432071697609 0.06067151856582275 0.05262317114813777 0.04616390349414899 0.04120360354609438 0.03758404635327937 0.03513179455720692 0.03368039044929116 0.03306769703277769 0.03311279811074263 0.03357650210075114 0.03411541870775462 0.0342555586811466 0.03343250046020167 0.03114535393364932 0.027208512293411855 0.021959087185703694 0.01621245729119203 0.01091488243146897 0.0067295888192035 0.0038566763168935013 0.00212995500865515 0.0012184602687923128 0.0008032828490529975 0.0006832074485230406 0.0008149546122938877
0.04421215899163346 0.05270985128128616 0.06360749350886694 0.07712433117920109 0.09311876118855368 0.11084837407236067 0.12880164479070907 0.1447641182171784 0.15624142284961165 0.16117903695045277 0.15868092667999617 0.1493418648454561 0.13500105202483634 0.11807101399313746 0.10081287180781337 0.0848701986107349 0.07114913765627749 0.059944962021091716 0.05116086798100678 0.04450802970984101 0.03964190590044539 0.036234396800276646 0.03399853055131109 0.032682660203929556 0.03204605878231465 0.03182451684731496 0.03169696115871864 0.03127302757377864 0.030131029285279724 0.027928483358687962 0.02456244512293326 0.020285488749993717 0.015659948877618755 0.011333746161741666 0.007780505755963317 0.005179625879864609 0.003471001297279612 0.002484642298995264 0.0020587940195634156 0.0021453343106130327 0.002974664073223132
0.05044036740293163 0.0618632194288675 0.07691038253811446 0.09608626945873455 0.11936577090325703 0.14574733266963855 0.17289376901102313 0.19718066942923757 0.214420889802317 0.22117677347276557 0.21607732947936564 0.20037561366917114 0.17739628703888238 0.1512380646774534 0.12548878852291856 0.10251411345730081 0.08339664599079634 0.06826629863043776 0.056719626918304844 0.04815064570065113 0.04194733643150588 0.03757850531314598 0.0346123211791186 0.032699408280772224 0.03154045284591917 0.030849913268673073 0.03032580297112357 0.02963925597479057 0.028461117350294524 0.02653519806020257 0.02377921916852873 0.020354876727472566 0.01663938259635429 0.013088799896268275 0.010072498886565922 0.007783915209090389 0.006265430973986724 0.0055080395281290224 0.005586029876771429 0.00686734187232622 0.010487411706492453
0.05764465817874306 0.07269845153343116 0.09305555261042277 0.11969063361404174 0.15283539977954683 0.19119827049305022 0.231271425495301 0.26731377343755863 0.29254710700596265 0.30144211490045547 0.2920119993964496 0.26668729272451536 0.23118288177180293 0.19214202264561053 0.15499442334108923 0.12295956778019547 0.09717716890919677 0.07740137697377235 0.06272487974504579 0.05208036649989851 0.04449801120764172 0.03919348296674408 0.035565937732687604 0.03315905918924665 0.03161288491582985 0.03061922939044594 0.029888201615908588 0.02913382248308552 0.028087689851552307 0.026544032108763455 0.02442258178676096 0.021814139230981352 0.01896940275289869 0.016222896434796314 0.013893791264198683 0.01222801040296916 0.011422000396185964 0.01173628389521586 0.013721410021042386 0.01866665823028134 0.029525780574139487
0.0657645548463111 0.0851504747656467 0.11201142965743709 0.1480175628871896 0.1938409628127097 0.24788238933594406 0.3050561661156815 0.3566423896984778 0.3921817572651752 0.40323791752532634 0.3871394036137608 0.3482370509082427 0.2957799744176412 0.23993885597290077 0.188481150396479 0.14551077934233136 0.11200016567133107 0.08704968824767832 0.06902331290273828 0.056245833111830526 0.047307237757869366 0.04112929323966294 0.03692473303507917 0.03412440649205759 0.03230609663124477 0.031136815290365476 0.030332351168806705 0.029636820586861148 0.02882523171613045 0.027728787772911375 0.02627345267836759 0.024511174951240906 0.022621379133875418 0.020877198455414574 0.0195996628181577 0.01914285157623747 0.019953755416329225 0.02275033854833575 0.028889372819879584 0.0410468818076279 0.06426627313690572
0.07471795447735374 0.0990639680569296 0.13351976730544254 0.18067629927876036 0.24183050588866437 0.3150470228727205 0.3932193951003394 0.4637380895645732 0.5113634630784493 0.5240242824951571 0.4984724765827527 0.441895850329078 0.36828362121526187 0.2922335181939012 0.22418102411278354 0.168991913689462 0.12716136846320844 0.09683980410712145 0.07545854444167914 0.060620637090109085 0.050422719267285566 0.04347260659120473 0.038791747123245124 0.03569869534642253 0.03370996018582051 0.032466550513889386 0.03168518109793802 0.031131934602768703 0.03061681154858321 0.030006366282233125 0.02924736485150895 0.028389567238143905 0.027596123891772052 0.027140381775080557 0.027405783284538247 0.028922529299259227 0.03248592666585287 0.03941055637738528 0.051973241011573725 0.07399964530222956 0.11106756877130053
0.08447750195432883 0.11429662214635893 0.15722003773521995 0.21692467944236798 0.29544469796916695 0.39041755689358576 0.49226771597310987 0.5837041385875265 0.6438871336133354 0.6567538236952347 0.6188727524500278 0.5412190030480363 0.44349247382125484 0.3452527703966815 0.2596188143646417 0.19193067386034782 0.14187446452493663 0.10641315668469442 0.0819210504592306 0.06523340150883528 0.05394723276628974 0.046364797162212174 0.04132686356661765 0.03804762756270156 0.035986168414690545 0.03475715778554146 0.034074305100975484 0.03371969144221348 0.0335336671590719 0.033420438244088184 0.033363422919735285 0.03344360163106786 0.03385641192241894 0.0349303919824521 0.03716265951409505 0.041298144011325984 0.0484850627174707 0.060523451710615725 0.0801335944098703 0.11086743642837946 0.15560511219810624
0.09518889793365266 0.1309045699797525 0.18293099063690055 0.2560767133794597 0.3530727821732271 0.4709104379171126 0.597111731688086 0.7091992937840566 0.7804812227580399 0.791176529678893 0.7384072076680466 0.6377353453603541 0.5150081868021911 0.39468354469053746 0.29218325298249204 0.21290922371427443 0.15546784699702973 0.11552660023022365 0.08839987723725184 0.07019572126034754 0.05805812965522509 0.05002108511444225 0.04476949664361364 0.04142698565907743 0.03940039483653505 0.0382769788827389 0.037762290293051504 0.037647684315359115 0.03779881770075154 0.03815826891166811 0.03875658402367581 0.03972783675653804 0.04132947798009983 0.04397211761827691 0.048271097530919904 0.05513312022494283 0.06587543942158094 0.08231152876966194 0.10656395995054466 0.1400393896761695 0.18081514962522174
0.10731943919740086 0.1493872000938477 0.21105105119109369 0.2981437456617956 0.4138443826696985 0.5540966705792151 0.703099703003009 0.8330599541396329 0.9118937232687696 0.9171055265308163 0.8474242570387399 0.7235146175439976 0.5771352895225118 0.43692449335819883 0.3198656449684694 0.23095752718974685 0.1675749646809385 0.12413705953893969 0.09501895658758176 0.07572061642745619 0.06302303801651275 0.054750699301530106 0.04946649442556324 0.04621936591883093 0.04436732333584549 0.04346529497844976 0.04320107986938 0.043364528260053714 0.04383797905958138 0.04459860926817605 0.04572630038217282 0.04741445793776456 0.04998558596788317 0.05391672887393556 0.05987876018590282 0.0687807790151198 0.08177151306678346 0.10005916917013857 0.12426518798110424 0.1529728272155525 0.18068553931152867
0.12182859821125779 0.1709610362549139 0.2430000330367869 0.34454294380759115 0.478742627187602 0.6398813128017171 0.8083957872065636 0.9513867903169793 1.0324873164752288 1.0281165092072644 0.9398853955401271 0.7937835467927338 0.6266732135752641 0.47016020526510044 0.34182493039053863 0.2458132522700825 0.1782365383904336 0.132433679617747 0.10204445541869205 0.08212639624241173 0.06920999341343816 0.06097805671377172 0.05590700468139415 0.052983988663094415 0.051515077632676556 0.05100905255961622 0.05111667687195533 0.051606948012108425 0.05236399239992688 0.05339123847189909 0.05481449913126988 0.0568819918411633 0.05996439747576508 0.06455816749454255 0.07128638033311456 0.0808677529929458 0.09397841518435077 0.11086703322256428 0.13056865975848786 0.14980144705062376 0.16234669622779627
0.14037779588048135 0.1978658292474191 0.2816606412932335 0.39872815983842214 0.5514961989805316 0.7317387091923674 0.9156162986674314 1.0655535155317144 1.142455689353739 1.123693406794652 1.0151564270896107 0.8481964794600321 0.6636685141750801 0.4947193706072837 0.35850873719598597 0.2579300313923056 0.18786972418358908 0.14080250121752738 0.10985817467240264 0.08982327276548134 0.07708954638403143 0.0692628824576424 0.06476363894340732 0.06252155614884791 0.06177455361846389 0.06195411866142263 0.06263579019449787 0.06353214811337432 0.06450458000182288 0.06557262074345081 0.0669083732985102 0.06881531583650177 0.07169850194999026 0.07603057874825753 0.08230290568738305 0.09092435114959137 0.1019989828205539 0.11490767968286578 0.1277175759833459 0.13674438750639623 0.13699686962640423
0.1656388310459033 0.23377292471245723 0.33188213236145336 0.4667577220469903 0.6391512408112391 0.8372105733380539 1.0321769445832332 1.1823424403039775 1.2477143267558202 1.2088834087856575 1.0774866351281598 0.8902371111669685 0.6908425998963815 0.5126013030700454 0.3713047418760161 0.26824197299184394 0.19711719823702015 0.14973174560598845 0.11889871958280897 0.09927930814283631 0.087221990683333 0.0803107176734645 0.0769315745272291 0.07594801523191476 0.07649151684513494 0.07785381954665782 0.07946149828944929 0.08090473570720896 0.08198200192120689 0.0827226549507057 0.08336643937341229 0.08430384277537359 0.08599702771563836 0.0888967053495255 0.0933488304903474 0.09945928013586544 0.10687448230386329 0.11447400733113106 0.12009727483609689 0.12062395877922606 0.11283697368345338
0.20180594214517317 0.28443465361103587 0.4012130620342231 0.5579814511588373 0.752508635418477 0.9678596756757638 1.1695830303136148 1.3125288926820042 1.357913496998804 1.292020120010866 1.1337782913868355 0.9253100976313652 0.7121438609743234 0.5264858036131165 0.38191707660933805 0.27779104444959213 0.20662711899075842 0.15967680292649936 0.1295718803907441 0.1109567159072332 0.10021363446587435 0.09495238919979393 0.09354051403733304 0.09475084308168337 0.09753665669825012 0.10093403278242641 0.10408232357704114 0.1063268712915039 0.10733557112469849 0.10715399326249335 0.1061592616419613 0.10492953444906392 0.10408178980396848 0.10412335408358478 0.10532640887180522 0.10760237629080201 0.11035366763567676 0.11233131533194023 0.11162254549826674 0.10597832425652674 0.09367814187240217
