_RESULTS/REVERSE_NEW/Berg/TZ/6comp/Berg_TZ_z_500_kriged_reverse_6comp.asc
ncols 100
nrows 90
xllcorner 5.6208707817415728
yllcorner 50.959635321741573
cellsize 0.00013419651685393446
nodata_value 1.7014100000000001E+038
[rows 72 to 89 of 90, columns 0 to 40 of 100]
0.017809053838766565 0.02087767316193498 0.025063874301135346 0.0306904632171595 0.038078641849482675 0.04743990630791946 0.05869446607350052 0.07124656998162764 0.0838247803221892 0.0945588679964064 0.10141619011161376 0.10290471559209337 0.09869192671317184 0.08975093933189165 0.07793538107325405 0.06526473830920385 0.05333049903322497 0.04305039687539591 0.034734003187619995 0.02829231124779692 0.023446322461842584 0.019869901972689015 0.017263764469227387 0.015382089431494812 0.014034102722048742 0.013075679998473732 0.012398922731983444 0.011923032414689923 0.011587376318463438 0.011346573175706183 0.011167081746945133 0.011024766648104839 0.010903040149813033 0.010791329329073984 0.010683741811914647 0.01057788120090099 0.010473798174410886 0.010373069620618527 0.010277992399853343 0.010190872779586885 0.010113393821326809
0.01874596467337141 0.022321299425052614 0.027281508817316384 0.034074769441999296 0.0431765854914039 0.05495074407055082 0.06939589251455718 0.0858087040996119 0.1025150938470735 0.1169349159733576 0.12619192943013313 0.12815181769798653 0.12235259405869381 0.11021764114942972 0.09440164914968804 0.07772165955875694 0.06230875088671934 0.04930300187406069 0.039000367486486595 0.031181162026690457 0.025408883521007935 0.021219370080737796 0.018208903247518254 0.016058781989763907 0.014529597240102093 0.013445482933951796 0.012678005495059477 0.012133134800842233 0.011741786673173321 0.011453304399579608 0.01123099921887148 0.01104898778848438 0.010889798019978029 0.01074244058735261 0.010600806267956226 0.010462336418883333 0.010326940296791721 0.010196125656442496 0.01007229377094756 0.009958143202352178 0.009856134203168318
0.01954604481054079 0.023567231932533284 0.029221473566472783 0.03708246616802135 0.0477863399520432 0.06186484015273505 0.07941973365908753 0.09966556030768012 0.12053531868937749 0.13871842575892482 0.1504487831879727 0.15290669376343194 0.14549312063681527 0.13011499172834387 0.11027524204309205 0.08961665692480435 0.07080727533802275 0.055187025566257465 0.043013306468156785 0.03391894507297688 0.027302951556559568 0.022562986633470193 0.019193964588947947 0.016808103964074297 0.015120682803283264 0.013926565949186445 0.013078457641976913 0.012470176697010353 0.0120249070216543 0.011687269936423992 0.011417952037048266 0.011189886951221448 0.01098534392596377 0.010793583982739347 0.01060894749806614 0.010429330684630408 0.010255021821659726 0.01008784297274276 0.009930515253529601 0.009786156129319814 0.00965783063354988
0.020117850919994795 0.0244655327976364 0.030635187683850672 0.03930119106631168 0.05123205555227282 0.0671033880063039 0.0871145325858523 0.11043009672788633 0.13467505770087124 0.15594212758863993 0.16972477748476195 0.17262770422670048 0.1639355026869092 0.14595874388669583 0.12290356247562646 0.09908744608072054 0.07760597783691273 0.059947623738680116 0.046327638960737536 0.03625445065498915 0.0289939658610521 0.0238346168326401 0.020192394340061266 0.017626145786712098 0.015816111900018547 0.014534296930062788 0.0136184218171973 0.012952504335450955 0.01245351338644527 0.01206248129191928 0.011738474728017352 0.011454230997651332 0.01119274142819575 0.01094445108296257 0.010704979123752852 0.010473351221202857 0.010250722455445964 0.010039516592775842 0.009842862874322372 0.009664198220486349 0.009506923073873894
0.020389609440895816 0.02489522490831863 0.031316226236323096 0.04037821185858815 0.052918080411682125 0.06968740801008476 0.09094003760344847 0.11582132551417894 0.14180486811547774 0.16468202598170317 0.17956818835350027 0.182771634871636 0.1735130798621986 0.15430205674403638 0.12969384839554826 0.10434020007650453 0.0815481581734802 0.06288074351614333 0.04853521170718899 0.03796229402396511 0.030365628089621604 0.02498204578914943 0.021189518311182445 0.018520251697823294 0.01663599101563924 0.015295745372281025 0.014328028320115555 0.013610500671159754 0.013056162551791387 0.012604186226132973 0.012213580111759508 0.011858397931043143 0.011523794298176338 0.011202685009903077 0.01089301693980318 0.0105957055222103 0.01031323357359394 0.010048809548406186 0.009805916096168793 0.009588064364924495 0.009398600791337195
0.020323896799764322 0.024792736136867055 0.03115500172182559 0.04012400777265269 0.05252016139519743 0.06907679561601453 0.09003545072191772 0.11454944420888917 0.14013736109334185 0.1626786636484622 0.17739927400999436 0.1806919643484345 0.1717866791139478 0.15311539037984526 0.1291071738435424 0.10429787960547499 0.08192828280992151 0.06354855369671071 0.04937728004023601 0.038898322724831645 0.03134572315649703 0.02597826509780361 0.02218710889360078 0.019510730154858866 0.017612430885774587 0.016250011229698963 0.015249614328242364 0.014486664332773524 0.013873018182612095 0.013348339358951168 0.012873827087838153 0.012427060164673553 0.011997414671110675 0.011582027195392133 0.011182495162079023 0.010802475781853 0.010446188716367537 0.010117667398875214 0.009820511322749095 0.009557881527123188 0.009332533569479209
0.019925701550523124 0.02416797121328308 0.030170482153415265 0.038573882784975595 0.050101970845855395 0.06538176264366975 0.08458133396972194 0.10688992676572519 0.13005732545776524 0.15041619871546275 0.16375875510441354 0.16691761273200856 0.15920330670753702 0.1427189478001542 0.12133024368475245 0.09903843956147024 0.07875404622369599 0.061924732830575493 0.04881960694554014 0.039035605597356304 0.03192165238688245 0.026826981992661307 0.02320441666305081 0.020630217504563852 0.01878855574343496 0.01744737980827188 0.01643709136648467 0.015635051476525608 0.014955172075189265 0.014340645681842581 0.013758014150034087 0.013191545084635438 0.012637731155645936 0.012100278644520575 0.011586077124424606 0.011102444949306753 0.010655634455603472 0.010250331828254263 0.009889774984823319 0.009576128076120526 0.009310843299500847
0.01924051575303339 0.023100843316113482 0.02850362146409227 0.035975335133617455 0.046091077898506465 0.05931866784186299 0.07572291065533913 0.09456037188362112 0.11394245521580461 0.13088988256756517 0.14204298498097856 0.14489120096806743 0.13887390513095393 0.12562220826606013 0.10817836808144736 0.08974729250022634 0.07272917022331682 0.05839147670935802 0.04705363436524957 0.03846508901710868 0.03213925196808572 0.02755986579984494 0.024274603250521106 0.021920008577147473 0.020215189321668867 0.018946533195734055 0.017953618013234973 0.01711920892990631 0.016362609070128317 0.015634389271881856 0.014910809063909878 0.01418730311708838 0.013471493647142023 0.012776751760159704 0.012117238598048937 0.011504853092111004 0.010947959708300828 0.010451413092962339 0.010017294223983108 0.009645855055699034 0.009336333621146895
0.01834308759557678 0.021719666207880597 0.026375564821358347 0.03270775390591902 0.04112801955715051 0.051937240587763396 0.06510456881579672 0.0799840542103921 0.09510149499289768 0.10823078896190887 0.1169212731319069 0.11936148036020362 0.11513563914346701 0.10538988225305317 0.09230225196236835 0.07822112092049223 0.06497272737059555 0.05359388220876908 0.044425672561631956 0.0373618924994435 0.03208564205826636 0.02822603260276541 0.025436669800768925 0.023422956633760268 0.02194435239252649 0.020808587480202933 0.01986612099639272 0.019007060985470395 0.01815932775859324 0.017285711695595608 0.01637819790806675 0.015449612460825081 0.014524141957420153 0.013628784612112362 0.01278725510338061 0.012016829329513645 0.011327704300012275 0.010723989323930802 0.01020542129427949 0.009769121422130728 0.009410997736860527
0.017321064510015825 0.02017046772893578 0.024029950662415946 0.02917496457015712 0.03587079779550015 0.04427842168791113 0.05430325586615062 0.06541671848581654 0.07654103235147572 0.08613053993905925 0.0925335515233481 0.09454708051369204 0.09188894654195211 0.08530042890272888 0.07621883348456726 0.06623586294169499 0.056643595041785955 0.04823442703613286 0.04133180591953938 0.03593365491974031 0.03186314269535705 0.028876708960050346 0.02672382425763372 0.025172671223285915 0.02401842387326723 0.023086171902726195 0.022234492364451165 0.021360446310993413 0.020403417728907275 0.019344424375047888 0.018199222754444962 0.017006396799395362 0.01581378101089888 0.014666850745022346 0.013601332007022786 0.012640369527455108 0.01179519287970553 0.011067718179674647 0.010453714846802282 0.009945652035514634 0.009534812304480925
0.016259019010234577 0.018588507263399508 0.021682325589703493 0.025716707998901907 0.03084411713895391 0.03712775829849649 0.04444622023191171 0.052392083178743526 0.060220927149843215 0.06692369922434563 0.07145871846836789 0.07308208317780768 0.07161902558495525 0.06752100224909441 0.06167785317340533 0.05510247997301776 0.04865474294175897 0.04290362094507361 0.03812460273658547 0.03437166663237995 0.031563215917346114 0.029548824382768627 0.02814960498798328 0.02717892110033507 0.026453832143237054 0.025805611219008817 0.025093003056360603 0.024216667023575413 0.02312961141627593 0.021838279151136227 0.020392460665326358 0.018867133959904775 0.0173424756992585 0.015887986525914787 0.014553787935433509 0.013368866811470367 0.012344038673858944 0.011477010503656928 0.010757558186748105 0.010171743739510493 0.00970482712287119
0.015227009068088031 0.01707976647440225 0.019490910173308226 0.022564269064507293 0.02637588806944706 0.030931626976331283 0.03611163591518193 0.041618598530888166 0.04696214483364484 0.05151557129059632 0.05465663142643503 0.05595293081280719 0.05530775757410625 0.05298853244552393 0.049524311818232386 0.045532458812491676 0.041560450815270565 0.037997465490587835 0.03505938150310056 0.03281868486286272 0.031247043354044376 0.030250735370318596 0.02969340309014065 0.029409972835232202 0.029219235031079056 0.028941464506332875 0.028422668265085285 0.027560579895266255 0.026322971396792766 0.02474973317990861 0.02293674582628559 0.021007771271237107 0.0190850624575747 0.01726786933823629 0.015622648579735884 0.014183510114706118 0.012958764504366574 0.011939444317970588 0.011107073523460655 0.010439491543176032 0.00991458650411599
0.014275178176266808 0.015714295818190834 0.017550166960457747 0.01983863409558153 0.0226097822742872 0.02584230375251118 0.02943365085004445 0.033176806401104555 0.03676090105463106 0.03981183181500037 0.04197428047669331 0.043011317228429616 0.0428787925224707 0.04173777441960609 0.03989998865006719 0.03773593384552571 0.035587890586228535 0.03371609954948318 0.03228213395430494 0.031356685536483436 0.030935476655203204 0.030952507420233047 0.03128794897225498 0.03177471613336704 0.03221118999547136 0.032386363870281765 0.032117334006590614 0.0312898385958164 0.029886233854085446 0.02798767609795717 0.02574850282648249 0.023353809624855473 0.02097732724903604 0.018753025136183356 0.016764760382107162 0.015050339308163943 0.01361307719276913 0.012434770679655066 0.011486555002293506 0.010736470019567934 0.010153957902641682
0.013433571794172204 0.014528737743066154 0.015900007206503787 0.01757410258478703 0.01955673444604419 0.021818111451234096 0.024278261231058706 0.026798551483155963 0.029187934387367758 0.031230308147032846 0.03273108377641818 0.03356927831517833 0.033734098794223746 0.03332942792312939 0.03254487254282657 0.03160781606846264 0.03073657142455713 0.030108463056698537 0.029845319757988497 0.030010378480497896 0.030608318780717257 0.031583004575271655 0.03281300847813911 0.03411083476629604 0.0352354013967396 0.03592559771660102 0.0359536419463167 0.03518347447534309 0.033610408791683095 0.0313626446052194 0.028662825963679174 0.025767183608103216 0.022907738511250605 0.020256118951133155 0.017913410244592858 0.0159192416580048 0.014269602472131809 0.012935008008315138 0.011874720951934124 0.011046047698514685 0.010409468394526668
0.012715210858241954 0.013533672455883994 0.014541491976105788 0.015749223652385638 0.017151652424676325 0.01872016996044267 0.02039637876690894 0.022090440763154806 0.023688091821418983 0.02506840974505554 0.026129996040717182 0.02681797175721681 0.02714164491153665 0.027175595542854068 0.027044194145617286 0.026896590937906566 0.02688154640573805 0.02712843306348506 0.027735252526987747 0.02876017713092702 0.030211899895702853 0.03203619889675908 0.03410099370099435 0.03618839947721401 0.038006704235815966 0.03923283134539575 0.03958327347012818 0.038892597662891534 0.03716618181148655 0.034580603379527335 0.0314302882194275 0.028045793206297884 0.024718860136369477 0.02165832567596898 0.018980936226059383 0.016726376839059982 0.014881946462658512 0.01340611965980842 0.012246063159264206 0.011348485986680075 0.010665226060116646
0.012120461154147421 0.012722054008893658 0.01345228781574229 0.014313633628926587 0.015297409596051255 0.016380112989292272 0.017521214227624468 0.01866423596731283 0.019742776744393103 0.020691873309860557 0.021462825986702787 0.022037344422952986 0.022436156778926453 0.022718981236668358 0.022976232355233717 0.023315912351192 0.023849945369641763 0.024682502010458695 0.025899933310031056 0.02755952369938075 0.029673693768531025 0.03218836580911038 0.0349593329013991 0.03773772235118218 0.040181191726794505 0.041904634128067525 0.0425680181568351 0.04197449030538111 0.04013586914227911 0.03727184687199122 0.03374208619505304 0.029944470673787155 0.026224087613567156 0.022822151805113607 0.019868216546914542 0.01740102771992981 0.01539958137209143 0.013811505512772333 0.012573385529546233 0.011622843741829581 0.010904410120522939
0.011641335869166493 0.01207654155141208 0.012598647441870591 0.013206672744729947 0.013892102777730515 0.014637362216723473 0.015415551141340082 0.01619233923858811 0.016930639676968826 0.017597897141663228 0.018174690441111276 0.018662407256544174 0.019087657675530816 0.019502123026730676 0.019978209376111306 0.020602190819308915 0.021466658228573708 0.02266293422173936 0.024272287775802023 0.026353228170046154 0.028921917092807618 0.0319249489844359 0.035209336095851744 0.03850281383027615 0.04142416787693699 0.04354007711185528 0.044465933852492597 0.043979093479779935 0.04209421228074095 0.03906152482080546 0.035287848229332786 0.03121975292054858 0.027240665504904202 0.023614833420857025 0.02048077359076314 0.017876494706876404 0.015775184642622033 0.014116993503103645 0.012831278753770305 0.011849483754784595 0.011111162195896798
0.011265054861648013 0.011574931778000725 0.011943324797525839 0.012368222794099396 0.012842726068801463 0.013354604996741926 0.01388682724200325 0.014419470259310422 0.014933198940625348 0.015414024296166583 0.015858500590905582 0.016278142600802313 0.01670192796019155 0.01717634266372889 0.01776323784058269 0.018536291282845174 0.019576708454239578 0.02096789881213261 0.022787536851767345 0.02509426760835214 0.027906260372136067 0.031171129210105755 0.03473259350613846 0.03830805951028085 0.04149837279330406 0.043847529398275235 0.04494961512005898 0.04456908377414883 0.042720536724721786 0.03966650195231975 0.035833488980704646 0.031688622142914215 0.027631714881882985 0.02393718508243733 0.02074801720746424 0.018102739259171826 0.01597293618679053 0.014296353498031497 0.012999879244545744 0.012012731202182356 0.011272553098212297
