_RESULTS/REVERSE_NEW/Berg/TZ/6comp/Berg_TZ_z_90_kriged_reverse_6comp_test2.asc
ncols 100
nrows 90
xllcorner 5.6208707817415728
yllcorner 50.959635321741573
cellsize 0.00013419651685393446
nodata_value 1.7014100000000001E+038
[rows 38 to 56 of 90, columns 43 to 85 of 100]
1.9462792339165151 1.9854073227186777 2.033825625744445 2.1041919816324777 2.204410277730804 2.3400253131653685 2.515128024689851 2.732046443902749 2.990854509770078 3.2893726390798106 3.6242494142107167 3.9934397780942184 4.399421241391642 4.850863214650236 5.3594618074680085 5.933173990830834 6.56595385149205 7.19946719650071 7.690577083237264 7.839658688264851 7.4747380902403835 6.596247188960599 5.439785153048169 4.296956025573083 3.3009231470578153 2.4403860459319637 1.7060091252522662 1.1409934129446444 0.7653440681701038 0.5452298807403116 0.432265601381596 0.39272559817976566 0.41323437842219896 0.499860124966668 0.6788887687208403 0.9979246640903331 1.5180862414489489 2.280986687257373 3.237410043233526 4.148909153838571 4.568238959279643 4.21837290587724 3.4590240735754363
1.905666685478771 1.9755154444512097 2.0681461113653756 2.1906671168276084 2.346350194583752 2.5349926304427663 2.7524747226716704 2.990172045821063 3.2349877135475644 3.4706285172189926 3.6810972526758268 3.856844072628679 4.001223087642835 4.132504517682065 4.279049133024717 4.47109490753675 4.730225682346713 5.051068931328211 5.387966665721698 5.650305291892313 5.704839622902305 5.415259925572217 4.745293572216146 3.8312548275788094 2.883636917485613 2.045806601549349 1.3803676122473756 0.9054768808936985 0.6022128512060131 0.42726347882752713 0.338321239577679 0.30834343149463583 0.32759977242883265 0.4034331726174928 0.5628669038637151 0.8568079092742674 1.357165039809199 2.1285510988373826 3.155311184879956 4.228611588089393 4.876239978631383 4.6759924643343975 3.897494708471937
1.8455872117493406 1.9452205926326072 2.076914878536547 2.244160323840758 2.445271944405315 2.672242201317783 2.90994798839601 3.136609093230259 3.325480843440802 3.44818704093299 3.4824644461101144 3.424325672560385 3.2954788784259796 3.137086145296834 2.994550719690243 2.9049851384676084 2.8913884712078275 2.9600711153661887 3.098754426515001 3.271860382327467 3.412791624128917 3.4240926868656096 3.2132625088860514 2.7658375939467272 2.1755646809777267 1.5806357422859356 1.0826379344355443 0.7205881288112502 0.4859205909757698 0.3483878740375979 0.27778274487852567 0.2545340657790661 0.27218204552875225 0.33860209334202246 0.4800464259624342 0.7473576700937002 1.216938089249062 1.9682399372342156 3.014606887585941 4.187686345480981 5.040291227873612 5.058427830673738 4.349545199282061
1.7669836024927683 1.8895273961460648 2.050086532445178 2.2491289139030446 2.4794759527081154 2.724094975522993 2.955939949520338 3.140650888576434 3.240566282697635 3.221418198661369 3.0676068395049274 2.799433048671962 2.470642458984988 2.1438858383087505 1.8670901054838949 1.6658028570710823 1.5478156209453495 1.510742667613211 1.5464927225174698 1.6401717992612723 1.7633781418539927 1.865960871507017 1.880871393859017 1.7567978119958483 1.4981359482339727 1.1681738588252895 0.8478348750128154 0.5911715303282785 0.41314252531523576 0.3036015198411569 0.24560030444787181 0.22654914947017457 0.24272030028584324 0.30210372051905826 0.4294118378500168 0.6731473313454404 1.1086721020297035 1.820776845319695 2.8418709956897295 4.043429818027523 5.036146033998905 5.294280266821278 4.753274579983003
1.6696813144395597 1.8054074815129488 1.9817793389530627 2.196551529563634 2.437215165234732 2.6781654131033084 2.8818009051127493 3.004026799769738 3.001453151848514 2.8439861379561227 2.537893032731015 2.1378616813204956 1.723041022014055 1.3584520546969363 1.0763945808101554 0.8813111164495352 0.7635419247212516 0.7106433908017272 0.7127297877946192 0.7624257999373213 0.8503627174580873 0.957138870288138 1.0470903564366485 1.0756711721482821 1.013840722143901 0.8703464004708941 0.6878324699716007 0.514490294708898 0.37936178631467365 0.28917702949861634 0.23878490274811237 0.22177386934434884 0.23677377881651676 0.2917726528301383 0.4096919554425134 0.6353753236626898 1.039021287602902 1.7021413133538423 2.664482585956472 3.829166410572265 4.875910852074258 5.333440090602373 5.02222875937782
1.5550232944285978 1.6936639618299472 1.872431638583503 2.0868892323283306 2.3203754476738627 2.5408819513765306 2.7034324714959124 2.7584675153231193 2.663538628450007 2.4026493321382953 2.010371085858163 1.5676156619903583 1.1589090859515259 0.8344021070212737 0.6046880350664715 0.45662317796391194 0.3705691603557085 0.33025767940417305 0.32581485707506425 0.3530492459017086 0.41063319266376264 0.4948773930257501 0.592363934856991 0.6758058703393812 0.7121434360386629 0.6824127031475613 0.5964274280878507 0.4858411457081366 0.38272490226350236 0.30524960229379877 0.2583328852586657 0.24135959566423032 0.2553144347695964 0.30829900802321847 0.42141806328532194 0.6350783925126394 1.0115252722117611 1.622494220710607 2.504785244112049 3.582647937286683 4.60102696509482 5.174841462471443 5.087714165605222
1.4267435773699702 1.5593906196085319 1.7291690532660913 1.9302980024547458 2.14392732150261 2.334912301217383 2.4550494325816854 2.4540122300706937 2.295780818460887 1.9817506965657101 1.568020261862028 1.144573846834481 0.7861608307226524 0.5238595795740021 0.3517514063639086 0.24786501547149173 0.19025154363549046 0.16351667060231673 0.15939192164762406 0.17534647164172767 0.21284849547626478 0.27471146298741833 0.35996298843692676 0.45674824804868963 0.5396875584005488 0.5798858954606649 0.563928350548637 0.5037729498140683 0.42675148945754277 0.35780886241011967 0.310931352067024 0.29173094362867186 0.30407622487052727 0.35649356891337153 0.4682488564234369 0.6746817486289034 1.0282423685399331 1.5868101569088366 2.3773228701900884 3.336306781720032 4.264089878598382 4.864738034090364 4.940220440448312
1.2906864851484494 1.4110752393207715 1.5641714057443203 1.7438928468788688 1.9314280188853874 2.0919747550115098 2.1781810295303514 2.142585616155611 1.9570619549148258 1.6356095411140164 1.2429499351634172 0.8651308637019519 0.5632927108818272 0.35458228311084705 0.2249444092589366 0.15046029737652525 0.11069724429885827 0.09255832755171708 0.08948379541855572 0.09985125280776268 0.12590511215154768 0.17275871293918452 0.24569917669646832 0.34387404688888934 0.452439930751182 0.5423720282208931 0.5852108051692974 0.5728516001494943 0.5220865211568415 0.4605064285110184 0.41082641575456436 0.3862875898275832 0.3949085692827244 0.44622154983473655 0.5575689112407199 0.7585541318937566 1.0906410196604468 1.596006448836227 2.2887080095573396 3.112252394757277 3.9121762917314666 4.4704852233303525 4.630350607311783
1.1537894314054962 1.2587474346036012 1.3916629122836615 1.5471452342607137 1.7083727268186393 1.8437652967862614 1.909872976443856 1.8636521086640205 1.6823694740829596 1.384130949065927 1.031313889422374 0.7008267434813985 0.4436488130091205 0.2706243533650288 0.1661221520078059 0.10764875275311292 0.07708754388313517 0.06327561687030375 0.06080577384612009 0.06851679641581443 0.08883264229149186 0.12771720256917168 0.19380721926350938 0.2939487948023398 0.42363430209882436 0.5586594780266957 0.6613999746658992 0.7038245975032491 0.6866557882205105 0.6353266160537061 0.5808543723154757 0.5463778991618646 0.5463237107875466 0.5923418832127065 0.6998758592809957 0.8921991529606297 1.1992442168940698 1.6476002252858575 2.238838259062608 2.9216397840887653 3.5783192720608965 4.053741160915014 4.23424284737145
1.0228203852337354 1.1119066952322045 1.224736779066382 1.3573203679021273 1.496133041972687 1.614647429146717 1.6749867345975666 1.6383778881100568 1.4834684277953583 1.2247938049723004 0.9157246867321367 0.6235846440125421 0.39456031376203254 0.23974884921647133 0.14608021522935963 0.09369122246320684 0.06632111940653289 0.05387944710622518 0.0514724367396803 0.05811501114932013 0.07633191548880915 0.11267172127981115 0.17810970937943058 0.2854637137511825 0.4399077142769757 0.6246829567188433 0.7972203567412943 0.9097858043628506 0.9412409930958191 0.908406419173369 0.8488879092208305 0.7982100519679531 0.7805106782570949 0.8116014331538036 0.9056219111818111 1.0794312745121115 1.351795884599709 1.735505475099785 2.222354230467918 2.7665892464748145 3.28051047276764 3.6572448185035284 3.8193498556917533
0.9033536791069465 0.9779669240454644 1.073148079965915 1.1866140625290578 1.3086906281851243 1.4186890832362635 1.4849306228319976 1.4722522617634117 1.3574643906792767 1.1464530775214075 0.879860819775029 0.6158746523310366 0.4000719128945983 0.24865967494235888 0.15408033198040622 0.09978450767128265 0.07079896042213497 0.05729051885274293 0.054303710332289236 0.0608041129085259 0.07947638657712994 0.11759082147064338 0.18826947347717776 0.30946258061616794 0.495341533907771 0.7380240626008446 0.9934175385079869 1.1951977205306334 1.295505471822693 1.294859337590473 1.2333698339468944 1.1601404059969223 1.1125716004730584 1.1136992111854018 1.1780832698550365 1.3172076031478555 1.5402601927797568 1.8492620965443531 2.229902461825311 2.6429614327874185 3.0247871397642623 3.303916670974352 3.42989535586483
0.7992888200522255 0.8616231695866176 0.9425648356643095 1.041496460397266 1.1525067495172048 1.26076008989964 1.3409002972180406 1.361147351403634 1.2950895985636446 1.1374660387911102 0.913717363796562 0.6718821519400431 0.45847086119487773 0.29811806949751973 0.19174077586928664 0.12747493626383047 0.09165642479966621 0.0741754951665141 0.06950270094732898 0.07629254164953356 0.09739073575089588 0.1409067530771569 0.22196074113481176 0.36268532282426436 0.5847510541548844 0.8892181603810452 1.2337391349415776 1.5370510857598532 1.72351297242503 1.7710376620237476 1.7158788218677286 1.6184608065369346 1.5309566300642719 1.486614693039177 1.5032726010592634 1.5895776464029125 1.74804314204906 1.9736254383297944 2.2493859468323207 2.543047070582683 2.809436807397366 3.0017363746260215 3.08787410851278
0.7129420575486629 0.7651218414093615 0.8350834252546688 0.9236839850257522 1.0283006482872787 1.1394933536149168 1.2381830825599647 1.2964697292933491 1.2852360580509705 1.1878158287112308 1.012701534410775 0.7946709526347434 0.5791642346650855 0.40049208392100655 0.2713369489201024 0.18736677970488883 0.13751657385457855 0.11148351714090332 0.10277764372739943 0.10935767534948748 0.13397581008013362 0.18530350413329674 0.27969537892612834 0.4414861560762871 0.6965457236791228 1.0527772063097913 1.472895035368605 1.8688970130585032 2.143616447953007 2.251197998193147 2.2169603200375163 2.1053864681028385 1.9799179967429543 1.8844973286258666 1.843012064481353 1.8648816040785665 1.9498535983102427 2.0897023547043543 2.2676171646539833 2.4578802277003198 2.6287333877798376 2.7495450743869863 2.7998174962592564
0.6454969248879556 0.6891085507836732 0.7504929671129604 0.8318545629824802 0.9333065088958004 1.0501245226919749 1.1693417041651109 1.2679131288618284 1.3159917573231277 1.2872682371287758 1.172879027426095 0.9901744039338187 0.7777207320979646 0.5771014882999802 0.41523197490511543 0.2996899355714182 0.22528815901433855 0.1828905676152769 0.165094645249754 0.16865422311521694 0.19551023803183196 0.2538782748071573 0.35957645194572874 0.5359450873569944 0.8082220768587401 1.1869984556087798 1.642589995908323 2.0928101000107397 2.434198979437366 2.6034407149070216 2.60902028855116 2.507962622123138 2.365669943981133 2.232848441774497 2.1401164052616184 2.1008863211082582 2.1161804409182374 2.1782554138553567 2.2725364740579246 2.3791514574235886 2.4756873970791187 2.5416759401672246 2.5634925748915434
0.5974932900315356 0.6335828715145337 0.6877493178012455 0.7635208457137809 0.8633406248695501 0.9865207843974486 1.125881609848321 1.2642089471417957 1.3736191858002769 1.4215556759463106 1.3835497348503474 1.2566818308269974 1.0647591240546848 0.8492014190696879 0.6499750096812016 0.49089157219071955 0.37800454585922083 0.30679418836403033 0.2701172401069408 0.26319790017218386 0.2860256320263142 0.34461909235563587 0.45179783063568774 0.6265319204805552 0.8891631133307834 1.2489898665648813 1.6846839931274158 2.131299060867481 2.4981412522049253 2.717174088447914 2.7780391710400134 2.7188441083057775 2.595079836185058 2.4566144732240764 2.3381556255802516 2.258146053570955 2.221697740337589 2.2244260820321697 2.255600994830954 2.3006631974895853 2.3438182871799964 2.3710041392187584 2.372676725885196
0.5691166956792527 0.5985110884879066 0.6461163533192008 0.7166931841742289 0.8147058091689977 0.9429015999757305 1.0993790256834926 1.2732984128152245 1.4412835887487045 1.5687564233411844 1.619538098745564 1.5709699249576916 1.4262811857315238 1.2162158966872072 0.9863847086488261 0.7773326373382206 0.61186725079359 0.4956166009162195 0.4247999459654453 0.3937945918006095 0.39975141229524336 0.44476762822490107 0.5365789916815432 0.6877363421403447 0.9119449670973029 1.2157081404553267 1.5855208897553077 1.9778778931533938 2.326597500453335 2.5720234929624843 2.6897979018462177 2.694415703672872 2.6225657065263253 2.515015619320125 2.4052788066680137 2.314923703427638 2.2536531146116996 2.2218296372064823 2.2135094323381796 2.2191675378490046 2.228111699442829 2.2306790694557743 2.2200210480755542
0.5602575900743776 0.5838979592340606 0.6254985280205062 0.6907522751839845 0.7856937627832393 0.9157875691515476 1.083562750716929 1.2843000616549618 1.5006819778619378 1.7000668838969815 1.8397027097668675 1.8810477838051354 1.8063309363839497 1.6283537916786641 1.3874797830258083 1.134537403061091 0.9101626742350901 0.7352014894056875 0.61398298507857 0.5425507449341345 0.5156912948050573 0.5309915857218106 0.5903852107263005 0.6998239650802327 0.8669213635784533 1.095854553962056 1.3796858872578943 1.6935228119042107 1.9957354605912736 2.2416597140473384 2.4021004685727405 2.472534761179389 2.4690539734862313 2.4180115675823823 2.3462109520951553 2.274541342098646 2.2155451241493433 2.173931584385799 2.1485131509983852 2.1344512181175506 2.125333860158071 2.114935177278475 2.098537833515902
0.5704677220990965 0.5894974810691413 0.6259416669513301 0.6859999397357017 0.7766295507833934 0.9050155755171173 1.07674935318628 1.291907907770784 1.5391024981332506 1.7900997705472335 2.0007058968063105 2.122343138195288 2.1205133388604076 1.9901905164641502 1.7601606352350425 1.481778586215428 1.207209625806347 0.9725914605361603 0.7940399335862034 0.6728068386525413 0.6033452977674498 0.579687813684891 0.598694967002619 0.660785510632358 0.7688193979351148 0.92523305229684 1.1275592204283436 1.3637307623220247 1.6104801812607168 1.8380170033639187 2.019777806876433 2.1411858595189845 2.20235818522249 2.2148509611860363 2.1956116114095656 2.1612296212424424 2.1242801595348837 2.0920818119757745 2.0671887146602357 2.0487180715974005 2.0338727825041882 2.019317472537898 2.002232167982547
0.5989444013420322 0.6145263505226359 0.6468782923937764 0.7023224318458514 0.7880820714734565 0.9119721761748739 1.080979513053341 1.2978591630004495 1.555397088894811 1.830030953890309 2.0798154710661914 2.2525632750910707 2.303901244156945 2.2162551129935513 2.007555880397316 1.7235114527297646 1.4188221847887625 1.1396459059011261 0.9134132941434558 0.7482420327650992 0.6401290706729303 0.5811693938343063 0.5646522017188998 0.5869969731867748 0.6476233498604897 0.747431407973594 0.8861535186867333 1.0590944440449934 1.2546836188186883 1.4548480732684885 1.6390602436052497 1.7902853883344543 1.8995492788830992 1.9670265827891928 1.999873780444756 2.0084983384336734 2.003084035748941 1.9914340725869624 1.9782662439521752 1.9655398922789071 1.9532897818547834 1.9405677997189383 1.9262498126690102
