_RESULTS/REVERSE_NEW/Berg/TZ/6comp/Berg_TZ_z_90_kriged_reverse_6comp_test.asc
ncols 100
nrows 90
xllcorner 5.6208707817415728
yllcorner 50.959635321741573
cellsize 0.00013419651685393446
nodata_value 1.7014100000000001E+038
[rows 38 to 56 of 90, columns 43 to 85 of 100]
1.8732270004896086 1.7575261170358438 1.6239807738066312 1.48053231662923 1.3356862620692003 1.197781486624129 1.0740372138505594 0.9698795068139241 0.8888194150993102 0.8328316863548051 0.8029981377006199 0.8001338558274333 0.8251385692677413 0.8788293421815379 0.9609913382221625 1.0684250921889298 1.1921126708174583 1.3145508536597594 1.4096389575175858 1.4478660452769119 1.4068115608520892 1.282071584936028 1.0919108726912603 0.8718163048831551 0.6602409494737906 0.48397886500421194 0.3527890949414054 0.2637024994409028 0.20846974865544346 0.1791039978350183 0.17056619089664493 0.18177961336910345 0.21631054577045503 0.2834117026335636 0.3991758616922249 0.5860624249500046 0.8671196935270638 1.2507452899093319 1.7075356266502921 2.158279759306146 2.5065166385356776 2.6993013358646776 2.736151922561096
1.8110133396671864 1.703164173120741 1.5800788950572746 1.4483132419866225 1.3151057083612674 1.1877671058437445 1.0728431862223153 0.9754942854210604 0.8993227210282541 0.846629228301289 0.818923431028369 0.8174527544714488 0.8435065249310446 0.8982376660099288 0.981704666362792 1.0908609726342218 1.2165560338886312 1.3405804964143115 1.4352838607498728 1.468926118095604 1.4172990390119236 1.2764857430898902 1.068329807864316 0.833255919432688 0.6130083562026397 0.4345423016822372 0.30549221600948884 0.22021744979748245 0.1684048290317531 0.14082960358658952 0.1317275830911984 0.13941504169809463 0.16672554797147332 0.22210009918296886 0.32130536060118364 0.48833171740788606 0.7516524906912191 1.1301355066426135 1.6064729691763577 2.1038920446790597 2.510081452271637 2.754042449178497 2.8323603533199737
1.7601746810404815 1.6622942072342304 1.5510159410417022 1.4315969002183067 1.3100671125008307 1.1927883030539819 1.0857401551872452 0.993929480424006 0.9211430481544406 0.8700669467587617 0.8426567602060043 0.8405677437987097 0.865419051340508 0.9186290026915456 1.0005033561307304 1.1082643244632417 1.2330144272756205 1.3565776211091445 1.4507361310723674 1.4823224120336818 1.425379142861225 1.2754716079030568 1.0562812468371514 0.8114530481427727 0.5851607537988516 0.40478714625623824 0.27676416001923304 0.19373189902243818 0.14398348452849832 0.11743175538875761 0.10777718597410783 0.11283002899896812 0.13471709533626294 0.1808969391210907 0.26614121520781825 0.41438502558744866 0.6568751560123222 1.0202003596942666 1.4992585005159509 2.0259198345703475 2.4796971473623364 2.7706094031765427 2.888312832297858
1.7201024362248678 1.6332495995369136 1.534242480662284 1.4271469982036 1.3168542959716394 1.2088427210095873 1.108589298801455 1.0209978919936087 0.9500717759302877 0.8988947550045855 0.8698596922129807 0.864998530811028 0.8862118070627362 0.9351407077096807 1.0123576493574942 1.115536132194223 1.2365138890881373 1.358029544918532 1.4524757729630486 1.486237081014945 1.4315605891778074 1.281864907608434 1.0599808104366035 0.8105278753728551 0.5795242986112957 0.3957713068688188 0.2660507082498281 0.18251559668146455 0.13271748619300552 0.10593631929464875 0.09538514862632697 0.09839647955976658 0.11645264509006113 0.156058077987805 0.23073798916948668 0.3633684824327629 0.5856923318643377 0.9286167100457969 1.3968608556277973 1.9342508899138375 2.4216219416307365 2.7536552427614716 2.907575160481912
1.6890238171540868 1.6135190108679962 1.5266012430147922 1.4312989332349348 1.3314509200475757 1.231706165970076 1.137068628420654 1.052345770069619 0.9817475612443576 0.9287377929486421 0.8961245610019861 0.8862889276176171 0.9013819288255105 0.9432519788255348 1.0127875037971146 1.1083220292626064 1.2229331948950366 1.3411957813434956 1.4373874427244302 1.4785708623549048 1.4352035327135124 1.2966724595022414 1.0817231502787723 0.833238836185771 0.598447885265698 0.40889908793151075 0.27371619868172603 0.18607790479444364 0.1335087795558771 0.10481822282377162 0.09268201043323711 0.09391018718330255 0.1093863784484937 0.1447748588641252 0.21236836031065134 0.3334880471078906 0.5387234135660735 0.8600872344468578 1.3084027315933018 1.8394012999608034 2.3432254570462265 2.7072701463447433 2.8933230699712276
1.6646078855285376 1.6002813959039834 1.5247914285099589 1.4403608674193336 1.3498928673525759 1.257257433638688 1.1669946146891774 1.083796304089248 1.01204650169028 0.9555574357808047 0.9175292466316124 0.900675911866153 0.9073874073270377 0.9397214190242287 0.9989314030654398 1.0841789175623906 1.1901902130225128 1.3041739348287118 1.403516956755566 1.457237053982467 1.4343625586197772 1.3186922548229403 1.121617224789939 0.8810860716073979 0.6443119264352332 0.4466774373476887 0.3018288586197821 0.20583004758413687 0.14713961761845598 0.11434416688251373 0.09951520464097849 0.09884232234396205 0.11260872024721091 0.1457479990767335 0.20943717625204572 0.32325625235838723 0.5155644069850137 0.8168868369233582 1.2402832758537787 1.750996320611041 2.2528638161730323 2.635465948203521 2.847249677794741
1.644319715518295 1.5907806111055716 1.525738761727133 1.4509724573290668 1.3686258253300596 1.2818521364826774 1.1947300727882584 1.11180702229735 1.03760142206407 0.9762411114836873 0.9313011387685572 0.9058248731464243 0.9024434971804496 0.9234279146033992 0.9704114930115177 1.043445942722567 1.139104293596225 1.247729714839068 1.35080536419341 1.4206871503882557 1.4259897163337107 1.344346131582741 1.1771322091443734 0.9538104597118924 0.7192520427642697 0.5127775685539157 0.35447905059262275 0.24550221889682095 0.17666708767197895 0.13689141837704238 0.11768995232817603 0.11453017262976807 0.12703839582357362 0.15946278996260366 0.2219537063522454 0.332264929902786 0.5158199935712131 0.7997609796129931 1.1961472843726086 1.6765291512951455 2.15934257510145 2.5439288087317857 2.7716525942984753
1.6254997003051121 1.582529922893559 1.526872598726951 1.4604167923913483 1.3848443881917962 1.3026957840047546 1.2175997476423763 1.1339319717261807 1.0563076993710472 0.989140461409465 0.936367250361401 0.9013627975389691 0.887004683655179 0.8957691652382069 0.9296334793159771 0.9894722789119311 1.0736466325228413 1.1757264997169068 1.2818250276283458 1.3688916537097988 1.4068331579458038 1.3680417279076107 1.242637646533342 1.0482539077677748 0.8238532114038595 0.611074831622584 0.4373672339113872 0.31118414289429003 0.22771169504270175 0.1773137168781962 0.15131437768564657 0.14445975176349884 0.15563594917293833 0.18835665360819126 0.2517172398022106 0.3615013208058776 0.5396628165328248 0.8086742337535499 1.1773398808856785 1.6207185352728426 2.0706858127133367 2.4405559185689074 2.6718899457073975
1.605108874129359 1.5732794757466972 1.5262672065239171 1.466847859544171 1.3967601893081738 1.318138382289864 1.2342058416687172 1.149148664105617 1.0676429332158492 0.9943546940715003 0.9335630663218738 0.8889684392046271 0.8636918043516375 0.8603913116228679 0.8813118058862136 0.927987068588576 1.000299573760448 1.0947411926804753 1.2019823699261958 1.304292144759711 1.3748431805733992 1.3832780126843252 1.3094127222205159 1.156983097050294 0.9548430599944228 0.7432804134090103 0.5560565680448608 0.4103936269795568 0.30817426635097833 0.24303202768112409 0.20703653364953115 0.19450200720296437 0.20355374028071752 0.23684131459230243 0.3022195910861947 0.4132167632389104 0.5878416611927809 0.8431249409660089 1.1834147469617216 1.585490827339188 1.992883750262897 2.33412577476582 2.556605759716115
1.5791144678887443 1.5605990010863202 1.522530999106297 1.4693610652647393 1.403740727514673 1.32782573126727 1.2445634746966403 1.1579533136991484 1.072692267385762 0.9936499664304457 0.9254061848547341 0.8719603742116213 0.8366591523462344 0.8223099143404716 0.8313365753277919 0.8657320709891506 0.9265284045743467 1.0125688369949877 1.118456496484235 1.2317018464492215 1.3302434833206966 1.3843079833353473 1.3666914455758516 1.267637162162219 1.1025306743766299 0.9052500419309516 0.7123056450252472 0.5492245496339418 0.42638747086190143 0.3429834600234831 0.29347254273945395 0.27254493713022715 0.2777783666003407 0.31083863925852745 0.37803712372576237 0.49024242682874175 0.6611131638225842 0.901952178751072 1.212427060867892 1.5703411828521339 1.92926534655917 2.2323181023354373 2.4357377309396924
1.541847714119124 1.5409353967235502 1.5142193840420897 1.4677646773955049 1.4062499230042425 1.3326757417891517 1.2500445237867606 1.1622317233208455 1.0739138659693523 0.9900904426277631 0.9155686240898236 0.8545925130639592 0.81070171702345 0.786822132455659 0.7854826540940724 0.8089484047990851 0.8590137037145353 0.9362072851878542 1.0381456254924546 1.156814758538759 1.275409262077879 1.3676363696791312 1.4038804067225161 1.364190972558678 1.2497351370014615 1.0833954493475624 0.898979846088346 0.7271302580004728 0.5866854116386142 0.48423348296241914 0.418694579510478 0.3865523009073138 0.38548358323629456 0.4162444466352829 0.4833377892376051 0.5945989312156522 0.7591312367878235 0.9827350700912124 1.2609757282109453 1.572810405345076 1.8805816344284239 2.140399831150483 2.318086060425916
1.486675198146573 1.5085221276865006 1.498546920546599 1.4617812364850562 1.4054470480699153 1.3346445643135878 1.2531688387664326 1.165008764099028 1.074816193861312 0.9876309764153348 0.9083849269880327 0.8414872506673327 0.7906282171209696 0.7588328469113581 0.7486913514195405 0.7625952829031105 0.8027572708954267 0.8707620941027356 0.9662925606081311 1.0847160430347338 1.2139897661351753 1.3328077893738122 1.4133541507985397 1.4306354974716555 1.3742479575426874 1.2541892712170135 1.0963186879259021 0.9310611066631532 0.78292387852295 0.6659503967766321 0.5850867925847719 0.5402932931993376 0.5304617880266531 0.5559036062512134 0.6193345124014873 0.7254643542913578 0.8790249664789963 1.0810604964389752 1.3241544438408634 1.5889621364076338 1.845531350473017 2.0609525005472826 2.2098601929184003
1.4102060420560365 1.4561637258054643 1.4699432949931046 1.4494463850918193 1.4021526049864554 1.3361352062438236 1.2572263170106057 1.1701594958413446 1.0797179700251933 0.9909286843651971 0.9087382523461116 0.8376270763454275 0.781388069873336 0.743136913694166 0.7255117253965887 0.7309364335159438 0.7617778678488533 0.8201602092725286 0.9070038778300734 1.0199332681629263 1.1505923808054572 1.2827117198198676 1.3928530122340943 1.4560347552106991 1.4552930567355886 1.3895093853383333 1.2739806232252497 1.133642384250757 0.9937690513556582 0.8733291340576375 0.7831349345014211 0.7276863465631304 0.7083006146067116 0.725700168412882 0.7813102487949327 0.8771331902313291 1.014236704043127 1.190099734541201 1.3956755531070464 1.613889844645984 1.8214559999776387 1.9943279191771277 2.1144387408664933
1.3194799433265914 1.3812536948019631 1.4214286564067484 1.4256682869531014 1.3950859413200722 1.338766543455615 1.2655273317294846 1.1819676413623446 1.0935313052967568 1.0053446700158624 0.9223110181375015 0.8488921841067907 0.7889238633622919 0.7455941545200081 0.7215824451789644 0.7192901539810767 0.7410611034478745 0.7891771271091298 0.8651328730568147 0.9678282002594376 1.0913913155093462 1.2237513828268847 1.3466649440266099 1.4386318821287931 1.4813635415136324 1.466925515086339 1.4009703923341272 1.3001228986237883 1.1856424315487617 1.0771296455844976 0.9888969315254659 0.9294857604325595 0.9031880666198869 0.9120020446049598 0.9569357533307402 1.0382201823980908 1.1544421912758542 1.3009621426537405 1.4684017152911188 1.6423290998639568 1.8050568597899608 1.9394004174340118 2.032893488763822
1.2345409503321756 1.2951050248334433 1.3528998924635882 1.3849909239227454 1.3800839749364169 1.3417833761630302 1.280091137339352 1.2042262251930524 1.1211991666246826 1.0366719292182283 0.9556045342119515 0.8823937232909073 0.8208340816521588 0.7741159586351949 0.7449131285752016 0.7355546286519852 0.7482502684378493 0.7851794397370904 0.847922613474669 0.9359191018962038 1.0448042542837017 1.1656713272776575 1.2851654962133503 1.386842188904977 1.4548616963421168 1.479106738381235 1.4588252740865946 1.4026332707146345 1.3252304141661304 1.2429223520109218 1.169984159504317 1.1168673032252876 1.0901390805339048 1.0933405249970614 1.1278653095531752 1.1933039007135728 1.287135123889398 1.404030775219084 1.5353352741828763 1.6693854631807004 1.7930639213708002 1.8943242739231072 1.9647696184141934
1.1801203997345928 1.2233223773711241 1.2810028875994033 1.3317177519761618 1.35480681740522 1.3426398271420414 1.3006801866198165 1.239009816257513 1.1665614045021298 1.0901276330856313 1.015030418073057 0.9456531339426751 0.8856537265677044 0.8380665574867454 0.8054087697085895 0.7898307257305037 0.7933236932014236 0.8178216131666188 0.8647165515222435 0.9335759135456126 1.0209730871065732 1.1203889436349768 1.2226608481018062 1.316600965245069 1.3906789198984 1.435952090261159 1.4488481792646088 1.4322169052531901 1.3942312999298232 1.3459434973303395 1.2986802060900051 1.2621302330477022 1.243424352351773 1.247018545376691 1.2749347953871841 1.3269537214121039 1.4005898075253833 1.490957594750186 1.5908359711109197 1.6912627231421198 1.7827871436737892 1.8571430785761924 1.9088011818688504
1.1737120263412228 1.1921628576195018 1.2344796425110556 1.286846057535998 1.3284371050462815 1.3429382476360063 1.3268354323586944 1.2866072936150195 1.2314006721977113 1.1690066503496905 1.1053010074437133 1.0447350030864033 0.9907397543324542 0.9459620936601552 0.9124686750225803 0.8919821005142046 0.886136630442686 0.8965800245148318 0.9245240938242207 0.9696762497117715 1.0294669356510888 1.0994072113185598 1.1738650379361404 1.246383568459552 1.3100900907937592 1.3588812651220294 1.3890034598935095 1.4001437956727267 1.395495384678095 1.3808756314497956 1.363363935608331 1.3499541367677343 1.3465380324156249 1.3573110395373214 1.3845117676010301 1.4283390330954084 1.4869454157564004 1.556527681398508 1.6316314094176176 1.7057857967258065 1.772463917286237 1.8261819804695336 1.8634261525529154
1.2195293406869372 1.2149981394486375 1.236202453050697 1.2770084844569591 1.3222073965065801 1.3542634032387428 1.362814953649874 1.3479673756301827 1.3160010309798524 1.2741419393091318 1.2282594048379452 1.1826303792407513 1.1402299285519588 1.1030019174750316 1.0721575593083377 1.0485894161170146 1.0333201844259625 1.0277138572024205 1.033083733868106 1.0497477646457782 1.076428798078444 1.110754765610065 1.150161008833768 1.1921037113832857 1.2337872210464111 1.272224785153303 1.3048186555548622 1.3300853171100808 1.3481265398519255 1.360661037890626 1.3706498595939098 1.3816758300547354 1.3972603220854718 1.4202575350310613 1.4524008935487724 1.4940226239234549 1.5439488063015003 1.599584686171983 1.657217553652722 1.7125419710146004 1.7613458306656633 1.8002166341169905 1.8270886275408567
1.3074321630870511 1.2879583315185796 1.291011612968027 1.3160473180642562 1.3543493090496532 1.3921867934576395 1.4177822751014326 1.4265278718977568 1.4204125537149255 1.4041843543592971 1.3823897912122747 1.3582959445847906 1.3337861906100936 1.30952970502455 1.285338538051689 1.26079517820933 1.2360118930470567 1.212107720376424 1.1909640483166868 1.1743143561927019 1.163014919117907 1.157275471623378 1.1573834583690452 1.1638645409736494 1.1769785846417387 1.196255134871619 1.220486718502496 1.2480909361626131 1.2775950232992488 1.3080399108045562 1.3391806959104302 1.3714461974800303 1.4056959628756804 1.4428591828610928 1.4835532535745992 1.5277697058674238 1.5746937021239293 1.622697831252652 1.669521472727617 1.7126098584205274 1.7495447799937418 1.778466091357133 1.7983787952720063
