_RESULTS/CROSS_VALIDATION_POSTPROCESSED_80-20/Berg/IZ/4comp/1/Berg_IZ_z_180_kriged_reverse_4comp_spherical_1.asc
ncols 100
nrows 90
xllcorner 5.6208707817415728
yllcorner 50.959635321741573
cellsize 0.00013419651685393446
nodata_value 1.7014100000000001E+038
[rows 38 to 56 of 90, columns 44 to 87 of 100]
61.73066568693124 62.35924074299063 62.96399295829534 63.53515709405125 64.07254688361836 64.56640502805824 65.00723325381172 65.3900007022853 65.7134416353533 65.96190766750082 66.12240134069299 66.19370329806983 66.1962842958856 66.20542384867527 66.27409476783846 66.41241420251565 66.62445483414217 66.8971237740052 67.20094186050807 67.50684304345206 67.76117548712975 67.93048640321211 68.02070252821697 68.04905916123292 68.03270127597656 67.98338316620594 67.90345972289256 67.78322513843833 67.61486968775972 67.36551028364228 66.99832482402695 66.51042428402661 65.88922138386458 65.12889575748946 64.2422579622692 63.28027490149183 62.34484870243213 61.55891013965641 61.046438266653205 60.85779700242787 60.94544949543077 61.24891480123493 61.69508682272136 62.23130570945956
62.10793705207804 62.71322058772141 63.28344822369968 63.82829803498748 64.34447996826152 64.82254298445169 65.26806233347605 65.67002622187158 66.00897624286277 66.26528353724481 66.42211337670241 66.48635212349633 66.47740972776904 66.48560762498082 66.55182785963177 66.68487052680304 66.89562060852438 67.17125945222337 67.4877918268726 67.81422227661284 68.08139744950287 68.24625808398399 68.318951729805 68.33259550645657 68.31123426413693 68.26755715103319 68.20693325548406 68.12588608969743 68.00062590930676 67.79512039690073 67.46283924972043 66.98507968758337 66.35096381744864 65.55260491643111 64.59470293367002 63.50498706139391 62.38578755093391 61.412488271145094 60.81008305909009 60.63243495248775 60.75325863191442 61.07450232803239 61.542880794321185 62.09169795182166
62.482270722874425 63.06863038196083 63.61289605983942 64.1329550501622 64.6328907397261 65.12388717421759 65.59229163848994 66.0190702646531 66.38179624414397 66.6538438910031 66.81963051909894 66.87379807771518 66.84968037407754 66.84434892879472 66.88956043872679 67.00857243857465 67.20570478662347 67.47197405294261 67.79391696157344 68.14417415215543 68.4412675721302 68.59065892094146 68.62232257862777 68.60915510614612 68.5749258506309 68.52890110753722 68.47490025549298 68.41024682258549 68.32183648787584 68.16941273248392 67.87898265903887 67.41770446944399 66.77852376472903 65.95629528652577 64.94699420990058 63.754024057264026 62.43132166637581 61.17434451522491 60.51728973468792 60.44921390002167 60.62645810869506 60.95343058189563 61.40587954578748 61.94554276154302
62.837178722034835 63.4099575736675 63.94004338299547 64.44522304245777 64.95773224025105 65.46803561541068 65.95965207542324 66.41444891989504 66.80882223886732 67.11138853725873 67.29522606992258 67.32788518551907 67.27092143990002 67.21866941025812 67.21168537142287 67.27467239353945 67.42779010293822 67.67666317132186 67.99934825748777 68.37121186036408 68.73730850127967 68.85399448152305 68.84099768233392 68.80813098874671 68.76068372044328 68.70772079426199 68.65861638198042 68.61497685284542 68.5656797612729 68.46780726685479 68.22570948802618 67.7823377320048 67.14618610883849 66.32012942176908 65.2990283789169 64.07125142284033 62.63439325112719 61.00043471285302 60.418774955061906 60.47606387197 60.64654773738481 60.92841888529949 61.32302432777371 61.8166775387263
63.17127234878218 63.73409758097297 64.25780839842938 64.78314175562966 65.31069805464946 65.83353971572875 66.3427502027299 66.823914035296 67.25476587689198 67.598926739847 67.80081981769044 67.8022440114549 67.68238803426115 67.55239320269408 67.46557098626226 67.4559150016007 67.54695921483356 67.75487159280054 68.06030406579204 68.4156907365297 68.7276229363187 68.87989101821826 68.90490141305699 68.88150486440784 68.83573629321864 68.78355242019185 68.73844018191444 68.71244053879502 68.70497722097647 68.67933622813892 68.48701242792575 68.04214479748613 67.41246076196052 66.61120544313943 65.62838648173229 64.45851442435635 63.12734376003267 61.82478416650486 61.054177353807916 60.831771240890205 60.8491296319524 61.01591110956751 61.3119332411152 61.72231052749504
63.49028528444185 64.04460703220136 64.5847025385547 65.12656325944221 65.66662841265637 66.19749848456577 66.71294351684605 67.20043684535906 67.64705787761103 68.04480560713286 68.31539430454767 68.26229439890227 68.0287455378431 67.80281913865225 67.63250065472418 67.54380959841346 67.56147674153755 67.71155845089764 67.98551945871189 68.31997344703386 68.60700726296697 68.78060339658818 68.84511495220663 68.83875982977659 68.79497798384855 68.74030706741192 68.6961474328037 68.67595792365296 68.68958339112602 68.74552738056315 68.60537353254867 68.13335985266383 67.53678809079841 66.79313827354898 65.8911458430402 64.83721160515118 63.679523150173644 62.586476898879916 61.78204290027127 61.341351549427394 61.17031308358176 61.18978785369683 61.36428877098331 61.67114699630362
63.799792447950665 64.36105025639367 64.9147376454167 65.46189363301079 66.00278283172568 66.5304522645125 67.02744409444088 67.4904430429052 67.92306162356951 68.34144619573883 68.74647211890411 68.56349185999005 68.23165697083611 67.94188971014738 67.70681716539842 67.54237773167114 67.47558248407809 67.55494155982518 67.79840201336427 68.13599267551506 68.4336252284094 68.62374930785211 68.70637722490262 68.70647546739596 68.65662405594345 68.58786049561428 68.52893581656832 68.49911864661496 68.50148188231111 68.50623503416205 68.37424950098256 68.01844970487852 67.50915219094045 66.85425727100089 66.05472947801637 65.1282394935169 64.12199810071884 63.15274376185936 62.363020703567926 61.82333781099379 61.514717668467256 61.4012804490767 61.45638508072173 61.65835347262553
64.11452039562148 64.68459128543856 65.2404410739248 65.78080992556185 66.30754928228887 66.79964410383468 67.25510906014952 67.67239271462321 68.05478213312038 68.3963264521644 68.6094144052726 68.5264167704365 68.25706515050122 67.96907059378024 67.70344372889792 67.47772544515071 67.31496300160553 67.29048726589127 67.52111912004308 67.89700367456227 68.22525515898926 68.42928758345292 68.51581526544018 68.50698419925243 68.43557025842402 68.34118220558186 68.2622544207059 68.22007419410029 68.2071488036457 68.18327613735656 68.06463468553657 67.79325086776689 67.3710437875055 66.81221082902978 66.1167897557419 65.30722720953699 64.42461218906932 63.55261586173925 62.793112970911714 62.214058669771276 61.82106773420342 61.607460388090885 61.561676092746666 61.669383429363656
64.43022416392166 64.99688256517572 65.544981192594 66.06686543229293 66.55109018430288 66.99357511676905 67.3948580458087 67.75739960764083 68.07591163901365 68.32516207377377 68.44740691724608 68.38645514128572 68.17918171420216 67.92395327087324 67.65944492140228 67.40299207486211 67.16298297254608 66.96166496764039 67.2154016511802 67.66025300416787 68.0017679115982 68.2054345387233 68.28218516822892 68.25386070357379 68.15184995139137 68.02353330365472 67.92522535932812 67.88386143128238 67.87727293850806 67.85870319683596 67.76303906328295 67.54114155362609 67.18049440890111 66.69858462254867 66.09422388523339 65.38397327525679 64.60169932656538 63.812952552237945 63.09675771412711 62.50656065698854 62.064654473931405 61.78207703117283 61.6593060067134 61.689902747204506
64.72767414545389 65.28300802931784 65.81600131348273 66.29837912056507 66.73169722374756 67.12360570023156 67.47544689301836 67.78317201837832 68.0368915751929 68.21751904402113 68.29262115605673 68.23649373884597 68.06290719521536 67.8419631788586 67.6007541856382 67.35578321255467 67.12623700943328 66.98314759476705 67.14273109722511 67.47604688036985 67.76888250587206 67.95393524319253 68.01635191943966 67.96839096752844 67.83182805062712 67.6566845737572 67.54160559465296 67.52810355053876 67.55060705221878 67.55065473356096 67.47476429036105 67.28836938781367 66.97230288571198 66.54079883320905 66.00860964179269 65.37849708022043 64.67749426757001 63.960569286421354 63.294063471125774 62.71188908411423 62.24603966057397 61.91898426114171 61.74006882614722 61.7109449761797
64.99177862299533 65.53465528115183 66.03915270039134 66.48170559944691 66.87070436169394 67.21611366323114 67.5175267831758 67.77037133985301 67.96700203422358 68.09759160956871 68.14323491113235 68.08959309195077 67.93857910065302 67.74644896629664 67.53751777714132 67.32706032105125 67.14490092619683 67.05739886542635 67.12839026481583 67.31580921255998 67.52283378441366 67.67626587718956 67.72687932114177 67.67108496857664 67.5124967106034 67.26991132647512 67.1345836961197 67.19875446293216 67.25612270677075 67.26890805648877 67.20233267617131 67.03559560167955 66.75457847968434 66.35913515109081 65.87808463481801 65.31053480430171 64.67509881557606 64.0209981910913 63.40237801365014 62.84237612659697 62.37030760613656 62.019249295428004 61.80446947173075 61.73345034457007
65.21635304891956 65.75153300419503 66.22855167471614 66.63852558072405 66.98441743588762 67.28067522483241 67.53092060964971 67.72989138533553 67.8766776871079 67.96795304754156 67.99275924584755 67.94257425033572 67.81408597661122 67.6462566108268 67.46951268748212 67.29187527971347 67.13615570514231 67.04312523656267 67.04230303516452 67.1241104230748 67.24704523419335 67.36373706001068 67.41130936857459 67.36960794963733 67.23393410064219 67.01261202741426 66.88826273519398 66.95468381013363 67.00692544129049 67.01071036853824 66.9395055109228 66.7796784324187 66.52117220072027 66.1600438037973 65.71577637334944 65.19644814549443 64.61438746912908 64.01610166473255 63.440876885265396 62.90904719368391 62.446270158876395 62.086811499055685 61.853112072337964 61.75671319484849
65.41683888922907 65.9396053343237 66.39361992397659 66.77257355002565 67.07728324113654 67.32176076380615 67.51857430534287 67.66525602271321 67.7661983146452 67.82342119903862 67.8312741186543 67.78521950092014 67.68262530962043 67.53808936293387 67.39087498338733 67.23792949790513 67.08717849536619 66.96084432681617 66.88617169084176 66.87683926400301 66.92285993494856 66.99831217986521 67.05149639102082 67.04132607705068 66.96480986898314 66.84624682069162 66.76570768092053 66.76194538379998 66.77675607270692 66.75524798577291 66.6707929526757 66.51080032443136 66.26708792889501 65.93675082251701 65.52787810511084 65.0495022302331 64.51236032711549 63.96379462842934 63.42730356322831 62.92660135312956 62.48477691525516 62.129062714981764 61.89036202542659 61.782924415875826
65.58203977212071 66.0952626053425 66.53424381135483 66.88580159077402 67.14921700219924 67.3396765132862 67.47930482862053 67.57398888851998 67.63042494580205 67.65506815164852 67.64625263866195 67.6029047839128 67.52456386688314 67.41136904094408 67.29460175393858 67.16582318157116 67.00726358212215 66.82558819973892 66.66256492421486 66.55932955346178 66.52923134566412 66.55974794363705 66.61653329592295 66.64287922719795 66.6264549150528 66.58064563116525 66.53946288427758 66.52362469040385 66.51508504349025 66.47221676447737 66.37632219386967 66.21644052525781 65.98598572182574 65.68302427143784 65.31094117291984 64.8780478207417 64.38417638648856 63.876969404930875 63.377775305730566 62.91036211948803 62.49590461643811 62.15548466906105 61.92323771448528 61.817002823644806
65.69750779471359 66.21076000797426 66.64824404272267 66.97948364294251 67.19551152259949 67.32840148252639 67.40705333288996 67.44935894435781 67.46137829708809 67.45228526470532 67.4236569692752 67.37776768217697 67.3179060458968 67.24517384441185 67.16626741668112 67.07786325237024 66.90873221870753 66.63934778303417 66.35858987530739 66.14909886224952 66.03985535007186 66.0238877374566 66.07215857398802 66.13394468558045 66.17246947594565 66.18717348156106 66.19114383298243 66.19593542664146 66.1854151458766 66.13639156689233 66.03901704320916 65.88575924117471 65.67224571499703 65.39781903607778 65.06598828132223 64.6767648877341 64.23677951782459 63.76962929433089 63.30729631397032 62.875099625891984 62.492374800229285 62.17681187640106 61.960526560348896 61.86583268091235
65.748515502715 66.26729353942486 66.7243968002065 67.05385687896495 67.20232348956209 67.26736476754098 67.29012200241164 67.28205139688293 67.25041006032461 67.20482888078875 67.1498402715493 67.09056322966855 67.03475499488263 66.99134721907352 66.96476066149894 66.95962874873365 66.80091798666844 66.36968816743342 65.93052050184012 65.60784642199494 65.42249095641608 65.36239358811395 65.39888649594369 65.48451333582828 65.58087137373761 65.65954399818577 65.72080870632271 65.76527479169695 65.77154886633329 65.73413336090616 65.64900828493947 65.51259499931903 65.32315262535302 65.08158789246248 64.79191899730932 64.44933654226315 64.05893830037593 63.64648164854066 63.230040719690315 62.83506191196253 62.48781210888412 62.20441481278986 62.01204209381761 61.93750825846502
65.71994835624731 66.22793034606576 66.70116533706509 67.08543712998957 67.11562767645437 67.12618428461577 67.10971099186227 67.06318999612438 66.9908826985201 66.90540453444588 66.81470272714039 66.72519321789147 66.64680143599645 66.59361479870188 66.5867120276647 66.65967264186871 66.60288121206537 65.87002852746362 65.29127436472987 64.88607349657775 64.64719126981754 64.55497425343235 64.58377928597508 64.68966937495378 64.84280098519908 65.00098001543873 65.13724895532127 65.23073845219652 65.27199884697353 65.26312963116384 65.20462253723697 65.09656652698338 64.9398703846375 64.73710664941214 64.4925128565474 64.1973082376612 63.85575647704874 63.498252234996656 63.14085368744774 62.80066057936534 62.49547255824606 62.249380142940936 62.087931352279526 62.04056864319213
65.6075014882101 66.06746099918485 66.47950172758652 66.76528348252057 66.86906557360028 66.88441677447946 66.85343553727586 66.78490805062042 66.68112848321496 66.55251964472109 66.41566875670142 66.27601044908874 66.14059138741904 66.0183925460993 65.92056308173078 65.81884352123349 65.52124286886104 64.92863806133937 64.36289207332358 63.95456177299141 63.70822007274551 63.60546641550429 63.63076871701154 63.76312134189755 63.9804539704386 64.22849686897705 64.45048045518783 64.60482435188929 64.69633147200017 64.7305699021266 64.71166991812437 64.64286743159504 64.52747200989303 64.36910798524363 64.16610079080868 63.92547445032578 63.63435215674424 63.332389772700736 63.034316794092014 62.75561046526169 62.51209226610867 62.31926879828629 62.19803233345197 62.18326223863885
65.42749538241581 65.81909719625861 66.16099438675482 66.40170925487546 66.52536440876872 66.55877454730366 66.52724173070266 66.44543415307847 66.31958968580743 66.15247476415705 65.96077396683938 65.75392384152632 65.5321816831771 65.29580336648637 65.03177925453059 64.69478535002517 64.21635463168505 63.649786801733974 63.17597693259782 62.84981819098293 62.653754719847996 62.56755635236782 62.57880210515773 62.729387514409254 63.057018430616786 63.39806806839658 63.685928816274625 63.91067442422075 64.06311942856364 64.15122139111251 64.1820424163427 64.16132021917058 64.09302850575187 63.9757177316308 63.822352037180885 63.640039226340306 63.402451495417836 63.157262134435534 62.919337459819104 62.70283665950509 62.52213789667063 62.39116895985602 62.327840816177115 62.35875984113639
