_RESULTS/CROSS_VALIDATION_POSTPROCESSED_80-20/Berg/GZ/1comp/4/Berg_GZ_z_500_kriged_reverse_1comp_spherical_4.asc
ncols 100
nrows 90
xllcorner 5.6208707817415728
yllcorner 50.959635321741573
cellsize 0.00013419651685393446
nodata_value 1.7014100000000001E+038
[rows 36 to 53 of 90, columns 0 to 41 of 100]
0.08989382741778164 0.10445542212405337 0.12237945046077274 0.14386760583585104 0.16880323859826146 0.1964789778802426 0.22523841220427315 0.2521468302997334 0.27311364719004017 0.2841796445661244 0.283670485873296 0.2734195806163253 0.2583106299483677 0.24089124913274257 0.22228043074273277 0.20269502274953402 0.18311957495182216 0.16432632998128144 0.14687286806364439 0.13111816353255462 0.11724647984819488 0.10530281350950411 0.09529159352539224 0.08888767742288982 0.08639167083418986 0.08757972845541005 0.09295941486282452 0.10304172738553877 0.11823820610159244 0.1395409525253085 0.16827538526647232 0.20260296743121964 0.247856518694232 0.3072122084662404 0.3842744730276651 0.4809396372683016 0.5793664700086263 0.6620376905224987 0.7080905767859235 0.6897011411898305 0.6231408831264983 0.5240699102277067
0.09813906589874473 0.11310832059702855 0.13116990333356598 0.15228041251736335 0.17598728814221698 0.20118976143195855 0.22592445280703202 0.24735429188470787 0.2622348155961962 0.26797546015859547 0.26379764283265306 0.2526163493172637 0.23764788560872474 0.22082325314303733 0.2037046158140723 0.18677450652610803 0.1699687684742458 0.15393915166087288 0.13912865779782063 0.12580294943582104 0.11408715059040445 0.10400161188837591 0.0954966500895873 0.0894358592116534 0.08712809000269058 0.08897754890039908 0.09575823621524071 0.10730877371692256 0.12382475904827235 0.14643472840540991 0.17705314768352265 0.2163942178600536 0.2639894490080689 0.32494854568249715 0.40197019737841383 0.4965916645121163 0.5917355674078126 0.6674082434187483 0.6950485907939656 0.6603719096670099 0.5845573327607833 0.4814757202418649
0.10810522831599204 0.12364417441515245 0.14189402478522398 0.16272707609874545 0.18543463104988692 0.20864546848351037 0.2302120300689 0.2473725456501558 0.25736024884163683 0.2583578960188012 0.2506805128345306 0.2379241331895203 0.2222071287017577 0.20530815165559976 0.18865262357312312 0.17321398253194265 0.1587284926841404 0.14507586604844586 0.13259464934211604 0.12147137060079088 0.1117802877824022 0.10351582297884142 0.09662339491611335 0.09143088082757196 0.08976359899348589 0.09281781029745884 0.10109958627599822 0.11432316494403048 0.13242368945224006 0.15663271340209806 0.1880732494711893 0.2267096368847802 0.27363533302604937 0.33395661362703183 0.40841910630258893 0.4979844858526681 0.5898264572585074 0.6584522922196716 0.6701928578434783 0.6197308720997295 0.5326665919507231 0.4265467439056288
0.11942469291331581 0.13645207983491453 0.15502830680134422 0.1757263911028641 0.19773291735105014 0.219495981182033 0.23870644257687185 0.252528241567061 0.25833274331473105 0.25475654266740894 0.2436144239230416 0.2284132492356069 0.21112326617107555 0.19350485139392326 0.17683984810047765 0.16192708690045793 0.14908151849684342 0.13747371041528017 0.12706293758694803 0.1179661138533093 0.11021542688827542 0.10385026805822987 0.09907181646164973 0.09570824132810951 0.09507625430444779 0.09959296235960023 0.10961979956830084 0.12480722590911808 0.1448542676873452 0.17058755777802734 0.20182316395602162 0.2391968673326254 0.28325184742464765 0.33483052100468197 0.4025729830923465 0.48467988287033364 0.572078115860112 0.6290790480516387 0.6233171473398652 0.5616143779593333 0.4703716923862889 0.36668789905601673
0.1320273582443098 0.15093963554252507 0.1709799882511788 0.19173257809135244 0.21332023283806428 0.2341934327085194 0.2518782560125934 0.2632236325034691 0.26529254158030235 0.256974437741772 0.24177756259917516 0.22313021723666354 0.2034557649444967 0.18454853237693938 0.16748795384551768 0.15281745716137124 0.1407508169978604 0.13088500904283562 0.12233368971984633 0.11512510357856683 0.10940909016814702 0.10546662105330404 0.10312561786315383 0.10219138453207649 0.10356864051816717 0.11001675054250258 0.1222621721645858 0.13985345098223195 0.16192945173218515 0.18801509257331178 0.21857982008270735 0.2542427487389578 0.2954576139584984 0.3422108204556532 0.39444961400935613 0.4590046573244245 0.5306839557373344 0.5723370943785849 0.5558810001335059 0.49089310550537385 0.402415479326437 0.30617033043259145
0.14585283316284342 0.16671008314932145 0.18864047173656964 0.21083985677289988 0.23236520546506753 0.2528469975631973 0.26996130339771895 0.27994518026118265 0.27871614101238446 0.2651124613804252 0.24436709472596221 0.22100749181892362 0.1981703026445068 0.17755417241859114 0.15986462657402017 0.14528110656924018 0.13374802953419673 0.12508515753911328 0.11822176432273801 0.1129605451036702 0.10969703460089275 0.1083197000465225 0.10871490555742984 0.11080672905495906 0.11588254575535355 0.12519136687985405 0.14040461938030652 0.16060514126154712 0.1836259671158301 0.20936652067993214 0.2384418819914742 0.27161343679197997 0.3094329534656487 0.35198832937582347 0.3979769126799546 0.4408264551654069 0.48302316796676736 0.5024046503017637 0.47643391339051044 0.41325164682856674 0.3332150557282943 0.24824606579834507
0.16076573079010906 0.183469095028109 0.20705163508628485 0.23079414638604462 0.25381055490166526 0.27481479894746114 0.2924111260300695 0.3029556197429702 0.2994616050819321 0.27899379408895186 0.2501277465515722 0.22058624512325714 0.19405867430081866 0.17161819960389305 0.1532978304185644 0.13879935007725322 0.1277697429660093 0.11991250631630126 0.11470250403202273 0.11170888596045757 0.11087934497360644 0.1121935248069577 0.11568943881885567 0.12160439435144885 0.13177951097179524 0.14652751103061404 0.1651909507959887 0.18755172274257467 0.21083607690446385 0.23491063196505974 0.26109241396049365 0.2906266595001982 0.3242647066017539 0.3617542215841224 0.3974450478156053 0.4281589175865226 0.4509532926944745 0.45078144734612613 0.4160618047288326 0.3528667259511126 0.2787346599527015 0.2026079716232224
0.17657354190140778 0.20079070988651715 0.22537873482355364 0.2497524374199154 0.27344017978131235 0.29590183395334346 0.31605872447176825 0.330679244252939 0.32881277233745837 0.29722339146608934 0.2562004425222575 0.21967346834483348 0.1897411232634356 0.16588542592061783 0.1472275735679584 0.13297431618126496 0.12250792626371922 0.1154462495018437 0.11200126636396783 0.11116187712810821 0.11271912619948202 0.11682305675498851 0.12375414308089347 0.13426907087178466 0.1506079140077124 0.17243507336596842 0.19736427701001852 0.22258358200053563 0.24430119390869026 0.2641109613543266 0.28539148955296667 0.3099862638550004 0.3385513316170589 0.3665512304135453 0.3904702098667991 0.4092681299756826 0.4208032009886486 0.41145908653502417 0.3747669980658317 0.31410848126467295 0.24659916126348846 0.17654121311421064
0.1930753541126496 0.21818885935857893 0.2426183463678318 0.26594273422706716 0.2881415716928867 0.30938894923344307 0.3298860448565973 0.3497424886873085 0.3667178165895162 0.30979423539654277 0.2568044012241817 0.21611936720630007 0.18480585059505727 0.16070553092656187 0.14228273251711934 0.1284576348424365 0.11849475249000863 0.1123726386287738 0.11024838679402904 0.11123776218599093 0.11502191233809858 0.12186147215175651 0.13200498629355695 0.1466035582885388 0.16863396583068768 0.1990401337896291 0.23666732176956598 0.2681512882300244 0.28280164923217144 0.29433544277532614 0.30893441806911315 0.32780387532697036 0.3483101162259943 0.3649515203833356 0.3769693222116562 0.3840449724839407 0.3849371959176085 0.36848698435542193 0.33512573370062654 0.2846146585076816 0.2280067607132021 0.16511432553125993
0.2101351965476747 0.23522133646684157 0.25777595694025635 0.27770483455566763 0.29546022964079244 0.3114615236602015 0.3255958828669336 0.3360885385327898 0.33199476868576344 0.29383613831302846 0.24864346072332333 0.21086982564895432 0.18101033533541233 0.15780254507053176 0.1400190748486108 0.1267000634545986 0.11730818015569966 0.11208521412522966 0.11079396331477884 0.11291524073019754 0.11780528469109289 0.1259202356547464 0.13802022143658715 0.15557385530014933 0.18155664034994928 0.21893109364764188 0.27192884227086855 0.3185475229442683 0.3168901541476352 0.31964330579220157 0.32836438500755516 0.3413842864957579 0.35168129242780316 0.3572260000698483 0.3577938066351817 0.353651108597329 0.34450055179542943 0.3214379445335689 0.28624867203577226 0.243838666049013 0.19874065117717193 0.15450986500101116
0.2277592422403752 0.25154301886756963 0.269929817617329 0.28382871784267477 0.2944503520617644 0.30237498935583496 0.30788719608551113 0.3077137757160473 0.29483048231625897 0.2668953560410265 0.23343098968151085 0.20227047328335002 0.1760843473919372 0.1550156093363015 0.1385154435036898 0.12596585584727701 0.11743592892860015 0.11294366441514235 0.11223879277327573 0.11509820920505726 0.12076028821760786 0.12965214779962916 0.1423814851141199 0.1598979054230827 0.18608677571674168 0.2234591487379189 0.27129023678089403 0.31209970214551463 0.32693736725729533 0.33419870088854176 0.3414859817759982 0.34819498575551805 0.3493318554721638 0.3447561416639119 0.3348370813705312 0.3204257349087915 0.30216217754046126 0.2732114208624871 0.2351861312661725 0.193079576213332 0.14992527174933507 0.10546253247225112
0.24615230414494904 0.26671526519154576 0.27788385981765124 0.2833879392149756 0.2862470014820237 0.2879680778747012 0.28709663161707016 0.28082672357925187 0.26599158284712754 0.2431465800685751 0.21740874283461428 0.1924342277811721 0.17037063542097886 0.15191419799071848 0.13703688744148695 0.12558898204002977 0.11810153537614501 0.11435043599862842 0.11420092252846978 0.11762527354765481 0.1238296592405698 0.13292721877382427 0.1450647646945223 0.16114793442490344 0.18436988465948848 0.21598840620442963 0.25449805492168315 0.2913310862645635 0.31701200912147176 0.33420882838368937 0.34680925798885764 0.34985630530402484 0.34336544979897277 0.32990637380646576 0.3107222313651684 0.2873761603493731 0.2613944979389848 0.22820414524764832 0.18866579426582397 0.14744772677496626 0.10782158083976297 0.0732024093853093
0.2657418275520667 0.27905225261175115 0.2791248801222917 0.2765725756073217 0.2742637720998375 0.27149398465730046 0.26667638068705773 0.2578371888844166 0.24340613326710162 0.22410495813317918 0.2034893488277958 0.18334944819092475 0.1650063991406025 0.14914468853327711 0.13597427234888246 0.1258703970667735 0.11942479292159504 0.11639738796094808 0.11676095413338272 0.1206022829094526 0.12680486583431522 0.1352570056008541 0.1462522907601392 0.16022666055732115 0.17971128958040666 0.20551247123557587 0.236681180327052 0.2701236239656805 0.2997604606810547 0.3237755395337609 0.34049246294770247 0.3439614563146389 0.3348848450778104 0.3153016410555188 0.2882146570865037 0.2573445556989172 0.225181868077353 0.18983517924343513 0.15092210463961778 0.11297731206310462 0.07919333160617772 0.05199437699667223
0.28717541374393496 0.2798909512469703 0.2704792857208321 0.26388415422371797 0.25883476463049854 0.25391482048410857 0.24761264572102787 0.23849774603347998 0.2256250416179472 0.20935630888577034 0.19248671255939462 0.17607786961090385 0.16085880631593003 0.14734087728589335 0.13579783644146384 0.12710130719996093 0.12164440428584537 0.11929607162664276 0.11999300779389592 0.12365160142705563 0.12929346580097453 0.13681412909126395 0.14639360621519548 0.15815040311470419 0.1740193676549658 0.19513325574371138 0.22122526061175868 0.25034466151476426 0.2798601789455851 0.30767097298603624 0.3263136401692493 0.3304037745644546 0.32007247405963135 0.29745157391499816 0.26633374526454834 0.23099990166298942 0.1950406135957304 0.15927382346170474 0.12253014236181872 0.0887245250322646 0.06043976713164723 0.03877964536346684
0.24943787385231247 0.25480226145398477 0.2501923016836563 0.24510270248881144 0.24058183958953921 0.2359443106074183 0.23017470907455467 0.22230519165885249 0.21170200894198724 0.19839153820235567 0.18454284591052583 0.17113734559847626 0.1585327218256196 0.1470658420394398 0.13705892023978578 0.12965501874651222 0.12496186332263708 0.12285108248201307 0.12337596847967645 0.12659405502113544 0.13146906006321682 0.13786926265930546 0.14592280572679384 0.1556716396671879 0.1682769927853206 0.18558741159543893 0.2077232591104419 0.23291047523835445 0.2599574514311851 0.28812621758457774 0.3077580338523111 0.312671402252848 0.3016336782163964 0.2765584391766185 0.24232776593734248 0.2045234591693129 0.16740905322721372 0.13308337558429348 0.10010255889863111 0.07090026927845139 0.0473970328338728 0.030033247798170452
0.20837053950908055 0.21915633377816846 0.22234235814879655 0.22225051120873035 0.22081973222578952 0.21837073024463313 0.21457512640633286 0.20893524942578162 0.20106953180450984 0.19088133374656657 0.1796799615749861 0.1688366020160551 0.15844735005413935 0.14867246168149428 0.13985998563846883 0.13321877219159417 0.12885179827697152 0.12674343910958444 0.1269940235906317 0.1296193659346686 0.1335364080158824 0.138672256409572 0.14515538514614582 0.15306002583448233 0.16288989714763846 0.17693115792736339 0.19542199946790628 0.21689892059402724 0.24114898511348953 0.2670850844017082 0.28694810918477204 0.29340682174688204 0.2823910965955365 0.25506969656890305 0.21818519936126438 0.17908770748529887 0.14238725228306334 0.11021658965202144 0.08169546325714834 0.057106681756279705 0.037785424012362484 0.023793779441738567
0.17516017036464412 0.18661549798922647 0.1937415030656538 0.19781571273424886 0.19995943734729527 0.20062158995284152 0.19976473621145285 0.19712970940185967 0.19244610955284858 0.18558037431330468 0.17699716331537843 0.16837400479613962 0.15984905360129933 0.15147355331699602 0.14365603482613848 0.13763334244640849 0.13348288451231335 0.1312521454979208 0.13109476771971215 0.1329305032505246 0.13568785993592095 0.1394181676651318 0.1442844853304123 0.15042153722101265 0.15799780967520669 0.16902939542139858 0.18374452624177198 0.20148905434641246 0.2225626398014397 0.24577011359206916 0.26456415650126447 0.2739486427646246 0.2643765815438868 0.2341892265022143 0.19463171511614183 0.1553939839323197 0.1204624512984517 0.09106321088775986 0.06687107094924181 0.04656144520013304 0.030763287736360403 0.019393139983538102
0.1483373662139561 0.15925999757426618 0.1679666154441644 0.17463595774516447 0.17965528787483998 0.18324840675367293 0.18539990193325262 0.1859265070818629 0.18458555517010627 0.1811758915948828 0.1756401632008151 0.16926796117248047 0.16263879494972214 0.15568634187102035 0.14882772897836918 0.1433126672306007 0.13923356828547867 0.13670748643562713 0.13595943893665718 0.13672476425602367 0.13808582449284862 0.14024344996302188 0.14341328559136723 0.14779205218386068 0.153576134765756 0.1614934239810967 0.17227597397719677 0.18608201353630122 0.2033723499000299 0.22303556127885407 0.24008970149502676 0.25280616578126486 0.24886959051562021 0.2125653058434611 0.17090158085785587 0.13336958473875374 0.10154384667954919 0.07556996273054013 0.0550285736663584 0.038545343482446974 0.025678579746369664 0.0163564464116178
