_RESULTS/CROSS_VALIDATION_POSTPROCESSED_80-20/Berg/GZ/1comp/4/Berg_GZ_z_710_kriged_reverse_1comp_spherical_4.asc
ncols 100
nrows 90
xllcorner 5.6208707817415728
yllcorner 50.959635321741573
cellsize 0.00013419651685393446
nodata_value 1.7014100000000001E+038
[rows 54 to 71 of 90, columns 0 to 39 of 100]
0.005237357143174696 0.005871501135924461 0.006468453673512431 0.007011728069494293 0.007496576278306939 0.007918902134060556 0.00826845355726706 0.008527577358673653 0.008673690673511395 0.00868364530320339 0.008538773281733712 0.008258841656738241 0.00793110393017925 0.007550144045676995 0.007141695506260872 0.006793586780439172 0.0065126428558503575 0.006310120831496088 0.006205400721185464 0.006158718386517252 0.0061374540323802015 0.0061621226916111676 0.006250789312817253 0.006420447526765246 0.006688723810431014 0.0070162043566948575 0.007484323712924067 0.008164442946334735 0.00910045538865497 0.010227382909448367 0.011223538367822696 0.012019830747634982 0.011950507572877227 0.009109647219176568 0.006463514972239324 0.004411033185480433 0.0029072766928680185 0.0018548202389741446 0.0011476669299188668 0.0006868092810645863
0.004193522738085376 0.004730039215917768 0.005281034318963371 0.005832596243221173 0.006375384887226267 0.006900619062377974 0.007395999371149139 0.007843200313093397 0.00821717534521253 0.00848706382713806 0.008618703793879839 0.00857957429928687 0.008415901006669968 0.008154960436059965 0.007807208594813875 0.007467091192093845 0.007150568970677632 0.006881031508380131 0.006684247628747865 0.0065048455960760206 0.006347952896856545 0.006239878928717156 0.0062008046935973764 0.006247465621553552 0.006367993034671966 0.006512546540595878 0.00671198087247628 0.007077545060180742 0.007634090964328443 0.008302223706354429 0.008767738772314255 0.00886474805431812 0.00823464346267887 0.006665299615080972 0.004887812896648701 0.003386197662196059 0.0022509617422554347 0.0014455501982832612 0.000900637577526303 0.0005463684554028599
0.003407381233862732 0.003861030003213778 0.0043568460547762115 0.004888073584646838 0.005449236058706747 0.006034478034423899 0.006635064085186738 0.007236699217694031 0.007816966536101968 0.0083430253278868 0.008770084844890202 0.009042248328210992 0.009109003087287092 0.009007265746321548 0.008736694329595774 0.008393063879666072 0.008008086640094787 0.007627378097988606 0.007276245563153907 0.006917085690400223 0.006591192812515616 0.006330346608236993 0.006154355259430848 0.006064169220653726 0.006010032733264241 0.005986967068509082 0.005995890702887887 0.006087383832543548 0.006319724556843939 0.006616636164226338 0.006700646445716922 0.006462863606614928 0.005826470835916029 0.0048185942892965865 0.003652633731711468 0.002598735843118825 0.0017642841304210883 0.001154402141974292 0.0007329448131119366 0.00045409763817808306
0.0028121570399278514 0.003196689926200685 0.003637440033925513 0.004134707251298571 0.004689480381877299 0.005302610392670112 0.005973173536450612 0.006695998421705922 0.007458139422966142 0.008233887911647898 0.008978102065409695 0.00961901079935766 0.010055581316642423 0.010195757774152249 0.010043056500311499 0.009681018698506367 0.009170817191145831 0.008603149231180109 0.007997943287243044 0.007396544977457376 0.006862639796781997 0.006429056932910178 0.00610258995588326 0.0058365041318889565 0.005619987803045566 0.005449737404636156 0.005320964425679363 0.005228194206944201 0.005216029546205636 0.005261946719392056 0.0051460049200663105 0.004810912950207053 0.0042652071484540165 0.0035649088619051114 0.0027724492103243146 0.002028808453493557 0.001415504765561586 0.0009514417509008903 0.0006212075054264519 0.0003968635329037318
0.002359681803573677 0.002686784775290639 0.0030762009177295133 0.003533815768901695 0.00406698266380235 0.004684268166169317 0.005394636422951155 0.0062057446618260185 0.0071210201449353585 0.00813397927886469 0.009214507677999466 0.010292776285432695 0.011236027022355443 0.011836745874028234 0.011898881758457205 0.01149713661989387 0.010754466860375726 0.009839691678737236 0.008851277093771818 0.007930378973981871 0.007148631412243802 0.006519802633299583 0.00599627792891068 0.005562255544941643 0.0052066517854993145 0.0049176188515737025 0.004683577762817593 0.004493008199589344 0.00433496219135529 0.004226427952180748 0.004026266728419677 0.003688978465034774 0.003241078365451109 0.0027296542913210725 0.0021699094314130926 0.0016320790918874135 0.0011734034022137347 0.0008142019523300788 0.0005500361543907427 0.00036479512635385116
0.002015283470490902 0.0022945645494629966 0.0026375551700290123 0.003054008619401129 0.003556406783819948 0.004163449870566238 0.0048961343495591255 0.00577594201876772 0.006825257877344799 0.008062948935156028 0.00949361203276956 0.011082915305686858 0.012705813245680686 0.014061729594274293 0.014641286992437177 0.014142344675051398 0.012911509697547717 0.011339924058790286 0.009801859065894201 0.00848205568649652 0.0074095567259133 0.0065312870411697675 0.005819171775305093 0.005244421261052826 0.004780715375852585 0.004405700753950529 0.004100706289807728 0.003849833512094929 0.003638943754843177 0.003455151175792788 0.003231420970276803 0.0029250274573152744 0.0025614554419513477 0.0021745334631749122 0.0017648973654157737 0.0013637344374299275 0.0010115566452710467 0.0007265527887782597 0.0005097206478162829 0.000352385231544363
0.0017541066942292811 0.001993383644871042 0.0022951882647917676 0.002675774609533628 0.0031536111402764365 0.0037504609629110436 0.004494064562078572 0.005419366872285005 0.006569611986792256 0.007996360529444739 0.009755538711999448 0.011890708494735981 0.014376146362735301 0.016939060576670738 0.018651522134383217 0.018135976175323965 0.015782253270892294 0.013081015998915972 0.010775605682373712 0.008949851706410935 0.007532272851038519 0.006429479264999425 0.005567437712775806 0.00488993416148342 0.004353713921986605 0.003925902626052301 0.0035813951702094904 0.0033007132270897227 0.0030684333507881296 0.002872236800992533 0.002670518243259517 0.0024037308926409505 0.0021083641304091927 0.001807716231478048 0.0014980284062237536 0.0011890746584421149 0.000910472850592295 0.0006778238525831527 0.0004947127142423432 0.00035521879359459144
0.0015583826245422086 0.0017663646060212866 0.002040304339814872 0.002394814031302657 0.002849347533872464 0.003429754924374716 0.004170231944500558 0.005116048816883934 0.006327324127331125 0.007884101848789972 0.009892620816253082 0.012490690821048171 0.015840093620659995 0.02003195540584061 0.024294291646104058 0.023704261805513917 0.018970084164694596 0.014744122301720144 0.01154567468251768 0.00920129155285929 0.007478252207308626 0.006202740538799766 0.005245951258389795 0.004510169639958433 0.0039375054486897945 0.003486954268898854 0.0031287347899761164 0.0028409126318577295 0.0026071648104312463 0.002415390367881965 0.00225047474065626 0.0020466680965536186 0.001809425709328317 0.0015712171885438918 0.0013300366364518356 0.0010846489249587978 0.0008575084833595476 0.000661166710458136 0.000498568965674377 0.00037019000173759954
0.0014055247858297108 0.0016023840300409264 0.0018597313756630585 0.0021929692363446035 0.002625236586062124 0.0031858963584469615 0.003912706630709091 0.004856580738656503 0.0060866181199623875 0.0076974657604952194 0.009820179943637895 0.012638282227965682 0.01641097028387558 0.021501136668983623 0.02823815564997352 0.0273399342499568 0.020439176792983703 0.015406911015259341 0.011783117715287403 0.0091609031740996 0.007265228710139692 0.005887091316549421 0.004873957087018122 0.004120700382459282 0.0035438271185914386 0.00309493459885202 0.002742095358183324 0.0024623597823390485 0.0022391394546565227 0.002060533569385233 0.001918306872998559 0.0017769578001189154 0.0016073921083059773 0.0014278306222140606 0.0012368788166869404 0.0010359221356275121 0.0008417071229600139 0.0006667837010195725 0.0005181618190795297 0.000397714386749359
0.0012843588284847933 0.0014710315825912693 0.0017173900889746589 0.002039269991716421 0.002458161285805585 0.003003000866181004 0.0037126083737930235 0.004638926961948829 0.005851185576733764 0.007440803851084048 0.009525676740353334 0.012247953402461523 0.015740669197597007 0.01991951346516737 0.023486820760454143 0.022975303120508574 0.018832402791685594 0.01461113331171269 0.011267747232957634 0.008755495715066591 0.006893896628760623 0.005517377760985184 0.004498153698424044 0.0037443653894239015 0.0031836404405161476 0.0027538185633909037 0.002418850623787566 0.0021562237616703137 0.001949821252561593 0.0017882216878777784 0.0016636031051026447 0.0015659561813949866 0.0014545338601579152 0.0013304504032600768 0.0011866349017345794 0.0010204347377102325 0.0008509183204276569 0.0006925048212036788 0.0005542922143356309 0.0004393905393909756
0.0011898238721218973 0.0013660140160037387 0.0016001415203219444 0.0019078181811009861 0.0023100474161418545 0.0028347065272746985 0.0035183592266089477 0.0044082563773349915 0.005564018675746025 0.007057503743634504 0.008966661460985108 0.011351787896187536 0.01415048589608491 0.016929029753397426 0.01871038827889107 0.018317183932557875 0.015935535017460686 0.012906450206263251 0.010189889420366164 0.00800913217279002 0.0063313785042014015 0.005063176531272159 0.004110948626387303 0.003397361490070952 0.0028629670024183334 0.002462526329512339 0.002153529005815681 0.001912620558564032 0.0017251369556797085 0.0015803940953390784 0.0014708255052326591 0.001391400708445456 0.0013238352354832744 0.0012436497552036443 0.0011390832616730434 0.0010084523580843345 0.0008676393239868221 0.000729788716916916 0.0006039879760229063 0.000495225342573722
0.0011185397667049892 0.0012845425863033746 0.001506232124976875 0.0017985111025491545 0.0021811630345757345 0.002679877822868262 0.0033272241288469498 0.0041631348252037575 0.005233924791327952 0.006587677668562418 0.008260217819269788 0.01020270234721113 0.012242210920799908 0.014014193717046972 0.014956509995459435 0.014614750357157794 0.0130993713489549 0.010996271537456545 0.008890204186550866 0.007097243605616871 0.00566098445233769 0.004545430034416798 0.003692467790166859 0.003045412254897297 0.002556755491888305 0.002189340731154872 0.0019131464374460556 0.0016985943005608955 0.0015318596398866274 0.0014039211241281765 0.0013083647043371103 0.0012409462416481001 0.0011989376517905145 0.0011587680288961245 0.0010900810061885448 0.000993301831281074 0.0008812038052720054 0.0007653642019901714 0.0006547254833064862 0.0005551299043538464
0.0010684949291051389 0.0012250704228758261 0.0014349759928384504 0.0017121438488645465 0.0020747669146705433 0.0025458359118414853 0.0031532810093431304 0.003929115600569703 0.0049064398823763945 0.0060980802644323 0.007480280510157802 0.00897772297089274 0.01042599496544715 0.011558554778732256 0.012065165038442707 0.011753882117523881 0.010703051304142954 0.009215123217327953 0.007620864671058009 0.006172585910086179 0.00497435225670368 0.004020085769129079 0.003276846898834914 0.002705473773129417 0.0022698676574909775 0.00194014436126949 0.0016929823396553021 0.0015067309216060265 0.0013622971198631868 0.0012522109160902264 0.0011712796712503542 0.0011161208373233983 0.0010850089118821498 0.001073119824897022 0.0010368934517193673 0.0009721555100016547 0.0008886852624893414 0.0007962357354111574 0.0007031289056996747 0.00061554381598747
0.0010388576233623357 0.0011871164246334913 0.0013865814477119407 0.0016501495528048885 0.0019943720621450494 0.002439554199486416 0.003007927304687516 0.003716639448868466 0.004576589879150844 0.0055815199212168876 0.006694257449566772 0.00783151373850829 0.008854714798573663 0.009582608997834505 0.009842604387086975 0.00955194708449465 0.008772078041795297 0.00767992959167804 0.006479570637511274 0.005328822095413945 0.004334926796019293 0.0035282677477964383 0.0028901160158587252 0.0023935336262585574 0.0020114953817153246 0.0017204469933795098 0.0015013672651382527 0.0013394315030342992 0.0012169352904732621 0.001124371461594569 0.0010577323239411131 0.0010145026937323398 0.0009936110180080314 0.0009888165858292235 0.0009774944741579806 0.0009425960328787009 0.0008872556129332239 0.0008192426971778151 0.0007458712202841371 0.0006731863915720754
0.0010294321911165317 0.0011705113064807047 0.0013606439078698905 0.0016110679113825709 0.0019353459237403613 0.002348501209332915 0.0028650340103605816 0.003495218068310211 0.004239173062235114 0.005078761514124281 0.0059686714157090575 0.006830262594004729 0.007554362578112266 0.008020003236589385 0.00813055330976321 0.007854174026375903 0.007242373668996016 0.006409766525852651 0.005488462441139121 0.004587642977924146 0.0037761193062222664 0.0030938665352713388 0.002548055066205936 0.002119263838903287 0.001786883926785431 0.0015322925915711558 0.0013400595522889292 0.001198152155320336 0.001095454081939571 0.0010192585129783667 0.0009660500255227295 0.0009341361864307254 0.0009231044689547405 0.0009207360316311826 0.0009143286190313347 0.0009028224904105043 0.0008744362043764956 0.0008312712712629096 0.0007793549158932666 0.0007241976772097735
0.0010270053626660481 0.0011599607378157662 0.0013387612131119371 0.001572933100171369 0.0018735732902146866 0.002252194477767402 0.0027184483640772515 0.003276294877907599 0.003918510248407389 0.004620298219169724 0.005334209579478556 0.005989996030295268 0.006503116238788614 0.00679303870053099 0.006807113889167081 0.006539926998987871 0.00603690519939145 0.005378711322968767 0.004655064541116067 0.003941879398037447 0.0032900869350035856 0.0027256245207152403 0.002257731538999319 0.0018869486983772005 0.0015980122820717653 0.0013758697131331472 0.0012078860926403381 0.0010841209491638758 0.0009970482765281397 0.0009356822219111005 0.0008948377598693698 0.000873577501721057 0.0008704216702532914 0.0008687735385733435 0.0008643242240517847 0.0008574118564184592 0.0008483822748210919 0.0008295792187612563 0.0008000361607263138 0.000764423903921498
0.0010261391192316553 0.0011499352146395782 0.0013164562110341625 0.0015337042599662526 0.001810725895058341 0.0021563162072919502 0.0025766401552223756 0.003071444327727605 0.003628993760582727 0.004220956828839653 0.00479999359966604 0.005303547425127122 0.00566545501515749 0.00583254433004662 0.005779716499089562 0.005517122318273004 0.0050864843507784085 0.004548381773112602 0.003966215118019182 0.003393230502549021 0.002866103746967157 0.0024047414760117324 0.0020157717692044727 0.001697122270562673 0.0014446354730260635 0.0012502004037078125 0.0011032596617843 0.0009955196625574207 0.0009209231444568188 0.0008726276568581007 0.0008431191032999562 0.0008319871583064575 0.0008325163380462387 0.0008314582290663375 0.0008286192708452942 0.0008242661300688621 0.0008188167672410162 0.0008128164071712387 0.0008048370602955447 0.0007898382821077595
0.0010279778187470506 0.0011417918020177199 0.00129544265790427 0.001495635162864094 0.0017498216066984234 0.0020648931477556236 0.002444835978752578 0.0028870269438177696 0.0033773316402197252 0.0038854587169656406 0.004363988416865691 0.004755155614995362 0.00500552158841695 0.00508160324555908 0.004977970030625912 0.004715625926884262 0.004334022524030794 0.003880696772641646 0.0034015578493051344 0.0029339936119367025 0.0025037562345489477 0.0021251858689919933 0.0018036417400675176 0.001539495626509556 0.0013269390738144947 0.00115900702932825 0.0010301537264842174 0.0009356866285709371 0.0008708454253487695 0.0008318480648075796 0.000811433828605167 0.000808051081403504 0.0008084348436396664 0.0008078774594060532 0.0008064101938765948 0.0008042526126885446 0.0008017530391350278 0.0007993741466020155 0.0007976773961231557 0.0007972381662265056
