_RESULTS/CROSS_VALIDATION_POSTPROCESSED_80-20/Berg/GZ/1comp/4/Berg_GZ_z_180_kriged_reverse_1comp_spherical_4.asc
ncols 100
nrows 90
xllcorner 5.6208707817415728
yllcorner 50.959635321741573
cellsize 0.00013419651685393446
nodata_value 1.7014100000000001E+038
[rows 57 to 75 of 90, columns 0 to 43 of 100]
53.27475223559682 53.15595782742745 53.03363353867226 52.90956766304768 52.78488462670218 52.66039500067763 52.53695543632314 52.41579870228469 52.29885881089452 52.18915207800864 52.09126326473464 52.01188920626924 51.960126302367726 51.94387191987079 51.96158706462418 52.004428509888015 52.06694778936086 52.13975738124999 52.22162785920491 52.30794863137558 52.38935979883308 52.45926505935279 52.514430553001354 52.56117263702551 52.60049018956126 52.632274224418 52.656852705486955 52.67485983644319 52.67724022972353 52.66827855568709 52.69103100683793 52.75921762346136 52.87905681549253 53.05288582532452 53.287780036932105 53.56654406370458 53.87169354012129 54.190240509457055 54.51265148260689 54.831495127488225 55.14049674581677 55.43397534679721 55.71178366286008 55.945898054586394
53.43339665903727 53.31642703358204 53.19183386445027 53.06123855016677 52.92571503058291 52.78599841596433 52.642732990501514 52.49674946911188 52.349357393302185 52.202813500640424 52.06149032173107 51.93272183720856 51.828286443685755 51.76519221408542 51.7588046552123 51.8005567722889 51.880733986525286 51.98550319784844 52.10748686502987 52.23106571321097 52.345151067110784 52.4443299034703 52.53290557007935 52.61117995977534 52.679078355953465 52.7370959171228 52.78614602296548 52.82758679964721 52.86306141817825 52.888042323732506 52.93552966518376 53.020145759737716 53.143024709008145 53.301996868856385 53.50767376871293 53.75296865118776 54.024379807606124 54.31029101382705 54.60120658817238 54.88927354491 55.16771265724145 55.43325890031785 55.679859752498274 55.877910280745404
53.572367197014614 53.45829666641715 53.333238203993425 53.198569095110095 53.05516377154008 52.902780361709304 52.74151830213037 52.57205013928336 52.39524591110899 52.21260626607097 52.02709091691203 51.84477414882546 51.67803786972769 51.5505202934457 51.49877029456218 51.543229540685346 51.6580642230682 51.81719492775814 51.989994168846934 52.15577010358964 52.306023451531345 52.442451625560984 52.56427636423422 52.67169149406418 52.76555060664011 52.84705473901559 52.91764697374269 52.9790286026822 53.03323777596221 53.08264614683018 53.14582590070831 53.238543353780564 53.35975075825298 53.50579990287378 53.68664368646142 53.90235559014073 54.14229127751427 54.39641828519382 54.65584899267621 54.912813364616376 55.1632953106461 55.404514371245895 55.629582870641116 55.805510915536004
53.69187091648939 53.58186660405171 53.45805535636222 53.320164270427675 53.16865318580407 53.00425804228064 52.82735315488344 52.63802824003656 52.4362025870425 52.22184823297975 51.99551086185669 51.75964343215267 51.522255649864434 51.307148225043186 51.17612187202912 51.214639989338316 51.4011011561228 51.641781686684176 51.87839470001499 52.09486161503341 52.28799679380087 52.45919516188787 52.61021677263389 52.74279749212183 52.858797540114324 52.96007654024213 53.04848147974632 53.125879484885466 53.194186649619866 53.2553303644147 53.32195301617183 53.41687910446856 53.53294150341262 53.66616515508908 53.8247397695608 54.01371675471529 54.22443052187387 54.448245213458065 54.677144791941124 54.9073762881641 55.13435202953831 55.35191783415488 55.554132013235304 55.719659452564485
53.7917762667718 53.68593502131366 53.56162031821593 53.42020205886414 53.26268928378518 53.08964379770706 52.90118445962651 52.696977187748075 52.47621018142332 52.237566508819 51.979242375914545 51.69918606595708 51.396287969515356 51.07652934473413 50.79606717774634 50.83279111870051 51.152693493230196 51.48974502933108 51.79545457487546 52.06313905901533 52.295903497713205 52.497261043069486 52.671393171521366 52.823796613533204 52.95721246982987 53.07394311854326 53.17605023446706 53.26541358795425 53.34374795284806 53.41254970870287 53.47549645011216 53.558904773223624 53.66535616207918 53.78490697509899 53.922852045303216 54.0871778772528 54.27064470423916 54.46669796321534 54.67162031447103 54.87925485886461 55.083471019099406 55.278440544386456 55.45861273886998 55.613673289095324
53.877529078474716 53.76842265019095 53.64183500893975 53.4983621870197 53.33748596692639 53.159125256836745 52.96334237257791 52.74970155852442 52.517189577877474 52.26409261599719 51.98781770476263 51.68464776000339 51.349448050605396 50.97562824706971 50.56458375306391 50.61534653861203 51.04806476996707 51.432648960667606 51.77072546955333 52.068188968924964 52.327529170031696 52.552156158463994 52.74609989815725 52.91288933006919 53.05854251320512 53.18617978294865 53.29784469776266 53.39528522848843 53.479964333631315 53.55301273850348 53.61511763085485 53.68083337413023 53.76579934075283 53.86453455751047 53.9819163066634 54.12355034302321 54.28490694671966 54.460431213421046 54.64410747946404 54.830017712742304 55.012459090071495 55.1859989531655 55.345504633896425 55.486114693470824
53.951355202958396 53.83985213598831 53.70986422309806 53.562062372431626 53.396817133295315 53.21420586274521 53.01401381550544 52.79573025515161 52.558549411444886 52.30141110110921 52.02318915470978 51.72337800951594 51.404569446749505 51.08445947138617 50.846479167554115 50.8790189459979 51.16278506039234 51.5014254776827 51.82489196341123 52.11985940750124 52.384457672314944 52.619551669171905 52.82644914923147 53.00582354170742 53.15978839697999 53.293946532680614 53.41126823182949 53.51323964812848 53.601028202314914 53.6754369692038 53.73682237869103 53.78771696286327 53.8492040630799 53.92259769900841 54.01536888413327 54.135418243845436 54.27656528807858 54.43230235900036 54.59564128472682 54.76078502928667 54.92247410540985 55.07568339894641 55.215679763611355 55.338074809064864
54.01320999191624 53.900984725044474 53.76959957380888 53.61985041695324 53.45232276203925 53.267422361103996 53.065413430540595 52.84648040976903 52.61085217294238 52.3590828435144 52.09271943619596 51.81593329701077 51.5424949530341 51.30794284619622 51.17177159624926 51.201014565317614 51.38837344616587 51.658552664156474 51.94454895256375 52.22007096025184 52.47553070967729 52.707541526332946 52.915207405617416 53.098632154670746 53.258304680201604 53.39522450576687 53.514339103497996 53.61768072268046 53.70604078521622 53.7800245576057 53.83996840065643 53.88584848619914 53.926672222951 53.97749744530065 54.04816440407896 54.144706687858246 54.2616189554901 54.39308359171395 54.53324281052434 54.6764082655522 54.8172056856887 54.95066642761422 55.07228404404868 55.17805401157572
54.062696608331194 53.951238813996184 53.82019345085314 53.67053258260596 53.503119163901594 53.31876999074847 53.118340140422006 52.90285454754864 52.6737400263808 52.433266986821025 52.18557335655329 51.94307110864914 51.72395464583677 51.554833785609965 51.47124922766862 51.50110676763692 51.640027910667065 51.85418088081886 52.102488178979414 52.35298990437165 52.592952906481536 52.8160460877306 53.019238240982105 53.201189017821235 53.36140977371433 53.49982188486789 53.61744341332416 53.71920208881056 53.80612586808573 53.878470073096594 53.936269406561244 53.97925934421471 54.00706725356218 54.034448640025346 54.083210282325126 54.15658743090304 54.24967478057094 54.35723675629318 54.47394093774178 54.59455024243758 54.71406791252166 54.82784009454523 54.931626454038586 55.02165033954485
54.09907818198836 53.98967245125722 53.86040855497058 53.71246181636333 53.546999154913735 53.365274143775245 53.16875103218172 52.95928274312305 52.73939503566844 52.51520898353309 52.29560581323399 52.091311493199434 51.91754147198873 51.79410336755227 51.74183306680338 51.77374992349889 51.88643841830892 52.06141357659614 52.27512636617016 52.502407125968766 52.72549304099843 52.93702673427943 53.13270995224265 53.310112631985774 53.46789642563575 53.605333888836704 53.722007168027844 53.81991770982116 53.90322095243337 53.97193959576628 54.025834201007925 54.064422733876214 54.08691441661212 54.095655459221504 54.122811109169454 54.173432495128814 54.243154393741186 54.32727252323121 54.420945458173044 54.51936936449736 54.61791812470892 54.71224938196369 54.798381893255176 54.87275123056591
54.12131806039571 54.01504258136309 53.888703633961285 53.74368104408519 53.581435963011124 53.40363290740672 53.21268599760215 53.01297098020042 52.80923774012392 52.60760302625126 52.4160776722575 52.24499032514343 52.10704473775301 52.016286280393956 51.98515799114275 52.020000011411405 52.11770988391693 52.26661089810922 52.45093076361591 52.65533921552649 52.863069480873634 53.06273534983285 53.249616231395635 53.42068006909809 53.57400407276425 53.70835375221117 53.82288689423036 53.91709351107673 53.99505315366263 54.05854826989095 54.10709261555861 54.140004861309485 54.15634342435134 54.160134480197605 54.16915006578462 54.19751411465333 54.24439673792767 54.30558441289743 54.376696482251354 54.45334303716308 54.531257403470754 54.60640124252881 54.67504436599799 54.73382329099592
54.12850491022777 54.02636095572475 53.90421726207062 53.76387831985492 53.6074756814586 53.437630459978216 53.25764076098947 53.07169248534008 52.88508171566947 52.70441823023422 52.53774605816057 52.394456390257226 52.28477652338576 52.21855991822103 52.203284289152485 52.241786604965 52.330965627275184 52.46246160964546 52.62497486582741 52.80683177616224 52.99769129735462 53.18650137071942 53.36448767318996 53.52842155497184 53.67607636331119 53.805889937409844 53.91670978279524 54.007595106628514 54.07930241059804 54.13632587290527 54.17835455354496 54.20452542869172 54.213750563764776 54.21574346859003 54.22115707786143 54.23096085628515 54.255614089022366 54.294452936162976 54.34353089155318 54.39885331856913 54.45650085243112 54.512730977959166 54.564057763760474 54.6073117238725
54.13036448439949 54.03362402024422 53.91750321726896 53.783992211593834 53.63545775458343 53.474820262978916 53.30575041526349 53.132868427946015 52.961904937200984 52.799751189077845 52.65430256016616 52.53400545321413 52.447063680277694 52.40033971402946 52.39811208900378 52.441040295204836 52.52581450200059 52.645771849955345 52.7922576823877 52.956134599517455 53.128915604654736 53.30334519430985 53.47264608864853 53.62933326817041 53.77071834957607 53.89508020530083 54.00107469488808 54.087564418036315 54.15363515648539 54.203240054530596 54.237827469031984 54.256370513762164 54.25915595855788 54.26061410488292 54.26456242918645 54.270731230875 54.27885416243946 54.296010396575525 54.323653132214275 54.35816561330537 54.39596415647748 54.43359466359572 54.46781067504551 54.49619463859523
54.13102916173676 54.04057821890831 53.93123780228889 53.805121063588366 53.66474129654417 53.51320195108228 53.354408189715095 53.19327403979898 53.03585902540804 52.889315481760754 52.761503858546114 52.66021391460824 52.59213365423528 52.56188106909969 52.57136953086249 52.61959947789128 52.702873426891195 52.81539950573958 52.95015550578213 53.0997835109757 53.2572973208733 53.41650315583662 53.57215638714536 53.71993710446535 53.85485857673129 53.97324188198036 54.07365451029912 54.154838584347345 54.21558586385875 54.257207969095546 54.2836231847004 54.29379481320561 54.29330864500592 54.29428101680376 54.29689520045707 54.30091866582528 54.305981144659185 54.31158909943334 54.31910198771984 54.333398901261084 54.351837468450825 54.37127380287847 54.39075847957832 54.40937604509142
54.129618881363065 54.04626519251985 53.94436021920477 53.826070048898366 53.69395428149524 53.55116709582903 53.40169375899353 53.25060137093457 53.1042256104641 52.970114726939585 52.85646765068239 52.770936508280144 52.71916419437157 52.70384957524686 52.72475680943284 52.7793128389828 52.86327548310159 52.97130230910989 53.09746376855357 53.23571739484362 53.380297360895604 53.525974007089594 53.66809598773147 53.801973055565874 53.92475829523591 54.03428334078928 54.12795275346317 54.20323639343842 54.258781434249926 54.293922645323825 54.31288630233807 54.31606818776717 54.31570663769561 54.31623180900098 54.31761576689739 54.319654781713325 54.32202288101913 54.32428254684781 54.32589779222332 54.326316404357634 54.32782191117268 54.33377440758992 54.342419967840506 54.35197818525155
54.125199886001155 54.049727809446935 53.9558905947396 53.8458394585817 53.72207801420424 53.58766631981998 53.44648432626439 53.30356160195132 53.16542343071359 53.04023225006299 52.937200838420274 52.864734076287775 52.827902529488966 52.82730732308809 52.860192370052026 52.92222121421791 53.008529884673486 53.11408913393591 53.233833553889355 53.36274597334043 53.493868610267384 53.62270108362597 53.74668548968319 53.86346434053475 53.970856790933766 54.06680949202488 54.149332611779634 54.21642849946895 54.266016613648794 54.29602379167168 54.30938393084554 54.31467268224982 54.31987450940675 54.324077435006814 54.32611920840327 54.326310442263605 54.326316404357634 54.326316404357634 54.326316404357634 54.326316404357634 54.326316404357634 54.326316404357634 54.326316404357634 54.32714138558836
54.1167730543948 54.04999608219685 53.964913587137474 53.86360905577101 53.748441902809574 53.62223567255974 53.48854586029531 53.35206481002779 53.21922341765205 53.09889081163591 53.00235060547628 52.940556706044994 52.918669850992785 52.934035525412924 52.980194179197106 53.05078035491202 53.14049454552082 53.24476062990836 53.35599949691273 53.46897699512889 53.581722755239944 53.692260375918146 53.79863492355377 53.89892803135184 53.99125140690669 54.07372038761594 54.14441301052596 54.201319849829 54.24228771632645 54.264957500999365 54.274589095743686 54.285120625594274 54.296451025302 54.307492627201334 54.31703345421157 54.3237671111354 54.326316404357634 54.326316404357634 54.326316404357634 54.326316404357634 54.326316404357634 54.326316404357634 54.326316404357634 54.326316404357634
54.104371157527545 54.04604275922682 53.97051743295176 53.87865775385377 53.772629456939434 53.654918427356066 53.52855040368388 53.39747865116783 53.267360330808245 53.147134879262325 53.051274515634375 52.99760740751041 52.99296027434143 53.02738623648702 53.08841900479834 53.1680417677348 53.25991226304865 53.35481768307334 53.45087254494163 53.54705768166055 53.64222695702846 53.73510255377022 53.824296457864506 53.908326955814424 53.9856193393205 54.054490230103355 54.11311923703709 54.15951229671614 54.191459483747785 54.20812584516593 54.22128139307267 54.23726854533582 54.25511424667185 54.27357996371946 54.29130638007258 54.30685267628381 54.31872697100738 54.32540646711861 54.326316404357634 54.326316404357634 54.326316404357634 54.326316404357634 54.326316404357634 54.326316404357634
54.09508408397999 54.037392113133755 53.97169215028368 53.89021536240543 53.79426969724987 53.68600108804792 53.567837276376785 53.44270810953849 53.31458461810688 53.190195164005736 53.08527353458863 53.03555737178027 53.055934391064156 53.114007373413386 53.190119155957895 53.274067661067384 53.357039367518325 53.4388639700922 53.51956828642144 53.59896231357488 53.67660725338216 53.75183454487167 53.8237715760406 53.89135638876097 53.95333612988053 54.008250668839864 54.054405976350125 54.0898422991133 54.11336535597946 54.1324090136992 54.150458372924945 54.17245228614521 54.19741135074256 54.22390476046739 54.250388593735856 54.27525651857367 54.2968777593677 54.313621225432186 54.32386628835414 54.326316404357634 54.326316404357634 54.326316404357634 54.326316404357634 54.326316404357634
