_RESULTS/CROSS_VALIDATION_POSTPROCESSED/Berg/IZ/8comp/3/Berg_IZ_z_125_kriged_reverse_8comp_spherical_3.asc
ncols 100
nrows 90
xllcorner  5.6208707817415728
yllcorner 50.959635321741573
cellsize 0.00013419651685393446
nodata_value 1.7014100000000001E+038
[rows 57 to 75 of 90, columns 43 to 85 of 100]
16.42751699798051 16.611163457184176 16.737842958176127 16.808072534356235 16.822515156408834 16.782018940955876 16.68761373189916 16.540444245632276 16.355107700870462 16.167036863618854 15.97847837726309 15.788389904232872 15.594788048537254 15.401970199525378 15.222758795138205 15.058941212125621 14.916249683121746 14.819751459544767 14.860478122989107 15.075125135206358 15.332579759836653 15.577059113261276 15.792202847108939 15.972730275586994 16.1161888728312 16.226052901255343 16.330428414026336 16.437374689901795 16.550158522032003 16.670866801531474 16.800186762880102 16.937231945959667 17.08243947714652 17.235128246041672 17.390799524190975 17.543434165340653 17.68567614102104 17.816009926378566 17.946910779586187 18.0718651596998 18.182598992377798 18.27063128056425 18.327441670640905
16.770914354574792 16.96637834925692 17.10201478106417 17.177968440065953 17.19458593948355 17.152393910809927 17.052061331591734 16.894329240448258 16.701594075996578 16.499537709186995 16.28933130627542 16.071198594340935 15.851577184075113 15.643480807538351 15.44613379778317 15.255615166520434 15.069186319416913 14.883725920727612 14.833199177027986 15.157299968438146 15.476559210610583 15.759098968915552 16.000189261644834 16.198352156059784 16.357562268906626 16.50199005093891 16.638680982329674 16.77142727470636 16.903037782228512 17.035164228257628 17.169719072064396 17.308517199308877 17.450272018996934 17.59220719395693 17.730099079618505 17.85837371569713 17.97026275008278 18.064375031148373 18.154475766027744 18.23505991769778 18.29852123924883 18.337025253484217 18.344925160083665
17.066811383831062 17.271832938530284 17.4150941075733 17.495563883352006 17.51326892905039 17.468438524592685 17.36145137442513 17.19406682924708 16.99793231962773 16.787717596278014 16.564523835463998 16.3361654791356 16.114458980846962 15.900455430952743 15.694298278986826 15.495957990475192 15.307903704018615 15.14999748965396 15.137625146528677 15.348876671894669 15.623369606127577 15.899679256172494 16.1464947190383 16.356861775134934 16.547240571879467 16.721754687703722 16.883958426656545 17.037118125013293 17.18490169665794 17.32946450929507 17.47181474013115 17.611772015419433 17.74788681123982 17.87741181005497 17.996329049492807 18.09943274392777 18.180463736871104 18.23909031123835 18.289664236567727 18.3271215183977 18.344487208149772 18.344925160083665 18.344925160083665
17.331709630858434 17.519111297251325 17.66297993722457 17.74705055419266 17.765066451899227 17.71701830841558 17.603081291701113 17.43075301887593 17.234146866097333 17.019427218590213 16.797963941520493 16.577768421742878 16.3614707721812 16.151296589513127 15.949759397942637 15.761450155227102 15.597824042080896 15.488389894242927 15.485695168391636 15.607154170637283 15.80044823291557 16.0160014721548 16.240814325037526 16.467857875440174 16.682257419398006 16.880236203021752 17.0642167301515 17.236602754624364 17.399385534097863 17.55387781236169 17.70052282238409 17.838759607809028 17.9669397038655 18.08229500748502 18.180957125700683 18.258026933802732 18.30769089937179 18.331728525806657 18.344165630889364 18.344925160083665 18.344925160083665 18.344925160083665 18.344925160083665
17.571414094370166 17.734430902723318 17.852783176498725 17.92170060917307 17.936108379057845 17.884614387823337 17.763808998641238 17.593999257033317 17.40291638342633 17.202115533742056 16.99626023848382 16.789118827838873 16.58417260371518 16.385055120538293 16.196453055453 16.025853071017444 15.886444156864284 15.799470212238512 15.787775868694693 15.85574235027663 15.989179522628454 16.163809334366103 16.3601141510577 16.566161161269026 16.77467262856604 16.980847429826785 17.18034026895014 17.366661079966914 17.539755543434907 17.700137632406275 17.847654276015803 17.981336282278058 18.099306856334902 18.1987424021091 18.27588285804912 18.32608899380473 18.344716819203395 18.344925160083665 18.344925160083665 18.344925160083665 18.344925160083665 18.344925160083665 18.344925160083665
17.778513261774805 17.918055157803476 18.010682426928 18.0519377191883 18.03803761038263 17.96585302966598 17.837037642055485 17.68549549468395 17.518069250595616 17.338579536250233 17.151515232696347 16.96110834633526 16.77157299189396 16.58754522862778 16.414807710811324 16.261301713242986 16.138095927307464 16.061759962336016 16.046319823000022 16.094832861018645 16.198204068212345 16.34128253101006 16.509697101885415 16.692464873681782 16.88174919229242 17.071905410549203 17.25867032670675 17.438625737115682 17.608871809995016 17.76683376054607 17.91014840756119 18.036597991200427 18.144072167624266 18.230547118878565 18.294075334098775 18.332782261599995 18.344925160083665 18.344925160083665 18.344925160083665 18.344925160083665 18.344925160083665 18.344925160083665 18.344925160083665
17.978989562192808 18.097827894992864 18.165253782240843 18.177907969443186 18.135227445763466 18.03670736129755 17.901063161163293 17.752185909702035 17.594921571925802 17.432012068910463 17.26258078214985 17.089992606367424 16.91842651648533 16.75305699976784 16.600433817254608 16.468795463142797 16.367917965954383 16.307805894170365 16.29584444543908 16.33365648971221 16.41629239923101 16.53456647384203 16.67833283326501 16.83854903284342 17.00788516738127 17.180560663903737 17.351966648330116 17.51831648150035 17.67638502896286 17.82333039347524 17.95657692074045 18.073740161325897 18.172579697682703 18.250970366891593 18.306885725347055 18.338389798621918 18.344925160083665 18.344925160083665 18.344925160083665 18.344925160083665 18.344925160083665 18.344925160083665 18.344925160083665
18.185383555412834 18.28869365444312 18.33877179277126 18.332888200231984 18.269608987757884 18.15496630998727 18.01781792629823 17.865837142968136 17.70431644307406 17.539064356061555 17.37640063746752 17.22025917948857 17.067368891915233 16.922148516252996 16.79055577400283 16.6794410698963 16.596128477100972 16.547370912505954 16.53775572249499 16.568251222328517 16.635860565902696 16.7346483668031 16.857390273354074 16.996923571032276 17.146844537729162 17.3016876421677 17.456841114420506 17.608378634794907 17.75289346910246 17.88736411592097 18.009054767915476 18.115445134554182 18.204182653390415 18.27305105228711 18.31995066756481 18.342887209358143 18.344925160083665 18.344925160083665 18.344925160083665 18.344925160083665 18.344925160083665 18.344925160083665 18.344925160083665
18.422514196816593 18.510955420236918 18.545585410037894 18.52140264817779 18.438811995381165 18.322282720746685 18.183938900070867 18.028942363352822 17.863043325676532 17.69251639100266 17.524119821468513 17.365084076246262 17.22310078741017 17.09638715650186 16.983121778762683 16.88889610617029 16.81925134776886 16.7789450969265 16.77103893817463 16.796162872634895 16.852349044889355 16.935534133151418 17.040441711234248 17.16143206197729 17.29307549140823 17.430426955296564 17.56909274802521 17.705189502265696 17.835263984347346 17.95620968140265 18.065195026644705 18.159607138032666 18.23701022623194 18.29511628357213 18.331765509100194 18.34491426284854 18.344925160083665 18.344925160083665 18.344925160083665 18.344925160083665 18.344925160083665 18.344925160083665 18.344925160083665
18.686914859904192 18.757057821444846 18.77683769495363 18.73467635303646 18.648587323180116 18.53330097273078 18.39369646977414 18.235374756326603 18.064546194362116 17.887927876505657 17.712660303215703 17.546246103147585 17.39650369445079 17.27151583789594 17.173501374304543 17.093400137283172 17.03475419873901 17.00105445733822 16.994466185830458 17.01542744665178 17.062561517684045 17.132944898573548 17.222607677789835 17.32707103355092 17.441774749193666 17.562343839133636 17.684714683291126 17.805167363789593 17.920307503013014 18.027027331291716 18.122462875120267 18.203955341523073 18.26901969267486 18.315320848216462 18.340656848028903 18.344925160083665 18.344925160083665 18.344925160083665 18.344925160083665 18.344925160083665 18.344925160083665 18.344925160083665 18.344925160083665
18.971028967622527 19.01938746691507 19.023219759872383 18.97829274517712 18.89656382842459 18.78240845572914 18.641129158845608 18.478803643934082 18.302125593606295 18.118255869614828 17.934694787036452 17.759177281588745 17.599583295414895 17.463846518145846 17.359837529277137 17.29001562222716 17.240491874396223 17.212164147885606 17.20663781003091 17.224233848739694 17.26393920139849 17.32356016097284 17.4000215653589 17.489714019638487 17.58880290057786 17.693454205788882 17.799972255943466 17.904866915324078 18.004874031655536 18.096949535853366 18.17825151108894 18.246118922583197 18.298051658653762 18.331694003944875 18.344822234309348 18.344925160083665 18.344925160083665 18.344925160083665 18.344925160083665 18.344925160083665 18.344925160083665 18.344925160083665 18.344925160083665
19.26699993698874 19.293880771683966 19.291208614893016 19.254609661414314 19.177203081191095 19.063744046494183 18.920026501197217 18.752670941580003 18.568905467084154 18.376364104536826 18.182915460794998 17.996523309484378 17.825131081708186 17.676555609721536 17.55837286944052 17.477781422412882 17.43448135669793 17.410663731615962 17.406023339219757 17.420805484277484 17.454233627221726 17.504602487713044 17.569465568433483 17.645865506417305 17.73055640138425 17.820184940785143 17.911418531548804 18.001024310918197 18.085910339017435 18.163141445916274 18.229940170246483 18.28368027841262 18.32187768014028 18.34218155105154 18.344925160083665 18.344925160083665 18.344925160083665 18.344925160083665 18.344925160083665 18.344925160083665 18.344925160083665 18.344925160083665 18.344925160083665
19.569013784983223 19.5935670790601 19.590327348358112 19.558125910449718 19.484710150920193 19.371165624554646 19.223885389769947 19.05013713098534 18.857767564029228 18.654940677663216 18.449925312377825 18.250931773871958 18.065986660774698 17.902830266135727 17.768821130610974 17.670836951534135 17.61516943550567 17.594876753140383 17.590996376413276 17.60336068701559 17.6313542557917 17.67361161097806 17.728139769672524 17.79247536392758 17.86384581774471 17.93931149358944 18.015876986667408 18.090569683003515 18.160489907401363 18.222839511607496 18.274935786080203 18.3142163978024 18.338239550946273 18.344925160083665 18.344925160083665 18.344925160083665 18.344925160083665 18.344925160083665 18.344925160083665 18.344925160083665 18.344925160083665 18.344925160083665 18.344925160083665
19.896096318799646 19.925634837595343 19.921736363662454 19.884603346188428 19.812990870391772 19.698190561925834 19.545836438815297 19.363997642913784 19.16126042394791 18.946398883423836 18.728127050639507 18.514925170344 18.314921737673057 18.13581046958415 17.98478472241907 17.868478229746064 17.792908678375436 17.763076799118124 17.75986327965202 17.770103602082475 17.79329645404548 17.828320952807093 17.873519715432153 17.92680898852767 17.985797053694 18.047895155082436 18.110411085511675 18.1706216328838 18.225824632650575 18.27337391744722 18.310701330433915 18.335329786042898 18.344880674990208 18.344925160083665 18.344925160083665 18.344925160083665 18.344925160083665 18.344925160083665 18.344925160083665 18.344925160083665 18.344925160083665 18.344925160083665 18.344925160083665
20.251542240506392 20.286805497081144 20.28214914062763 20.237832672370168 20.15628451806651 20.037897826487356 19.87853192677799 19.68656634278263 19.47148564722186 19.242769058672902 19.009619699125317 18.78080073365587 18.564544893804687 18.368507028473697 18.19973772692817 18.064665290886328 17.96908140131983 17.918131845471365 17.910886728601525 17.919227254603484 17.938108164327765 17.96658998772846 18.00326969955478 18.046359925329554 18.093777316204164 18.14322935592985 18.192291931926434 18.238473637905674 18.279265901207285 18.312180141010774 18.334774247131488 18.344670966325584 18.344925160083665 18.344925160083665 18.344925160083665 18.344925160083665 18.344925160083665 18.344925160083665 18.344925160083665 18.344925160083665 18.344925160083665 18.344925160083665 18.344925160083665
20.631654510795343 20.67362053342387 20.66807454844851 20.615360152069297 20.51866853268437 20.383522866858463 20.213979957323357 20.009518494954694 19.77996149604962 19.535586824980015 19.28610981425368 19.040561122279865 18.807250012009643 18.593769933564033 18.40701995965083 18.25322887584147 18.13797772355183 18.066221899747784 18.042316217187697 18.04892151446438 18.063876035662712 18.086367705878963 18.115190615812025 18.148792585233412 18.185342245010023 18.222797474695916 18.258969413102616 18.291578420292876 18.318300452201257 18.33680391755043 18.344778096659915 18.344925160083665 18.344925160083665 18.344925160083665 18.344925160083665 18.344925160083665 18.344925160083665 18.344925160083665 18.344925160083665 18.344925160083665 18.344925160083665 18.344925160083665 18.344925160083665
21.03236285113337 21.08236296353667 21.075746817066413 21.012987856169644 20.898436645769834 20.739428911765764 20.545023747814056 20.323683062077542 20.077465055312057 19.815785513611893 19.548846515790668 19.285882347669375 19.035209446758902 18.804302824093106 18.599871918060572 18.42792592185996 18.293827733902216 18.202339738897194 18.15766562651923 18.157382988803406 18.168721778638048 18.18567389708677 18.207189365733917 18.23190567637067 18.258199583876603 18.284241603161973 18.308048901333354 18.32753355526694 18.340544509058855 18.344925160083665 18.344925160083665 18.344925160083665 18.344925160083665 18.344925160083665 18.344925160083665 18.344925160083665 18.344925160083665 18.344925160083665 18.344925160083665 18.344925160083665 18.344925160083665 18.344925160083665 18.344925160083665
21.449022942218686 21.50893566265324 21.5009921655324 21.425878435054877 21.289800163121352 21.10283402330591 20.87679189946039 20.62350676415276 20.353862888072605 20.073609492590663 19.788596713464337 19.508130847456528 19.240417975676284 18.99272458379792 18.77150915037589 18.582523940673678 18.430893017942882 18.321173831413656 18.25740873910632 18.242825662118417 18.250804156529767 18.262590996301732 18.277261924767114 18.293609803697006 18.31018527575863 18.32534065612524 18.337273850216306 18.344069848314025 18.344925160083665 18.344925160083665 18.344925160083665 18.344925160083665 18.344925160083665 18.344925160083665 18.344925160083665 18.344925160083665 18.344925160083665 18.344925160083665 18.344925160083665 18.344925160083665 18.344925160083665 18.344925160083665 18.344925160083665
21.876067328986345 21.948668650666534 21.939012153373724 21.84815911751424 21.68548013778121 21.465348731987525 21.203392015800997 20.91408082440037 20.609808197387537 20.30086019102605 19.995688401351146 19.698448425322287 19.41479772295933 19.151681990922302 18.91523656450553 18.710914113319323 18.54357660468165 18.417564044231305 18.336748877358886 18.304581588507006 18.308324275445862 18.315262440010784 18.323485270940694 18.33191482563917 18.339248749719463 18.34399605403693 18.344925160083665 18.344925160083665 18.344925160083665 18.344925160083665 18.344925160083665 18.344925160083665 18.344925160083665 18.344925160083665 18.344925160083665 18.344925160083665 18.344925160083665 18.344925160083665 18.344925160083665 18.344925160083665 18.344925160083665 18.344925160083665 18.344925160083665
