_RESULTS/CROSS_VALIDATION_POSTPROCESSED/Berg/IZ/8comp/3/Berg_IZ_z_90_kriged_reverse_8comp_spherical_3.asc
ncols 100
nrows 90
xllcorner  5.6208707817415728
yllcorner 50.959635321741573
cellsize 0.00013419651685393446
nodata_value 1.7014100000000001E+038
[rows 0 to 18 of 90, columns 43 to 85 of 100]
0.34991891197634234 0.33382552552777034 0.32310167749690216 0.31766451638120996 0.3168238841197368 0.31964834488930854 0.3252652478162513 0.333005207961058 0.34242591639956343 0.35328450795442046 0.3656934318871162 0.3798588917071013 0.39594175538528303 0.41371402447211864 0.43354668312503375 0.45605729098634984 0.48059767839991374 0.49991140526760325 0.5117581622993908 0.5151064139248103 0.5142975697429549 0.5140693748056149 0.5144396368544998 0.5153794010698747 0.5168136933920808 0.5186234420789978 0.5206485257409749 0.5226918813573045 0.5245246069133727 0.5258920052249955 0.5265205304623763 0.5265335965158968 0.5265335965158968 0.5265335965158968 0.5265335965158968 0.5265335965158968 0.5265335965158968 0.5265335965158968 0.5265335965158968 0.5265335965158968 0.5265335965158968 0.5265335965158968 0.5265335965158968
0.3515595810266265 0.3319011662467007 0.31952905635578743 0.314077287211672 0.3141660567627993 0.3182016154510551 0.32489200575156596 0.33337953107869533 0.3431764671828136 0.35405749170427836 0.3659696168473954 0.3786254364947432 0.39206036125869215 0.40675382616054995 0.4232436636686233 0.4421469056622773 0.46417160661745327 0.48482891542136847 0.49839602400134675 0.5038279961225184 0.5030292160629968 0.5027042608089233 0.5032319161430129 0.5045807920832825 0.5066696183043692 0.5093693353748808 0.5125063677428735 0.5158669626737137 0.5192024907703904 0.5222356362816126 0.5246674410670388 0.5261851905011145 0.5265335965158968 0.5265335965158968 0.5265335965158968 0.5265335965158968 0.5265335965158968 0.5265335965158968 0.5265335965158968 0.5265335965158968 0.5265335965158968 0.5265335965158968 0.5265335965158968
0.3555548645103823 0.33087242214771245 0.3167345908817181 0.31208880364748215 0.3140877404225092 0.3200250872473025 0.3281195256543639 0.3374157882973303 0.3474901843155569 0.35819157934352736 0.36876254331890984 0.37908412812281245 0.389547124819448 0.400975754482731 0.4140054693144302 0.42925551974230397 0.44741703894676765 0.4676782731361294 0.48223621158467783 0.4890822286434848 0.4887442859856992 0.4883212521675287 0.4890084405980902 0.49077188716024406 0.49352371631699216 0.49712453011136815 0.5013870661325165 0.5060809131714835 0.5109381059968339 0.515659495388215 0.519921868358879 0.5233858450559711 0.525704591715819 0.5265335965158968 0.5265335965158968 0.5265335965158968 0.5265335965158968 0.5265335965158968 0.5265335965158968 0.5265335965158968 0.5265335965158968 0.5265335965158968 0.5265335965158968
0.36300909040161106 0.3305228254219862 0.31473603236280323 0.31268249293894484 0.31809472075851386 0.3266047594033946 0.3361625101484044 0.3460096823668662 0.3559150716986255 0.3649676708112022 0.37312732352545663 0.3807881480388552 0.3883790843309217 0.3963978822170012 0.4058088543319759 0.4173337696801986 0.4316420274070646 0.4493381117502625 0.4641604204629326 0.47173415286164394 0.4719142860541993 0.47139223743192515 0.47224046978010736 0.4744221301189738 0.4778420121306757 0.48234947099124803 0.4877427492968395 0.493774325197278 0.5001569688526385 0.5065703473274639 0.5126681771433531 0.5180860280629238 0.5224499068791997 0.5253857102859951 0.5265295711990059 0.5265335965158968 0.5265335965158968 0.5265335965158968 0.5265335965158968 0.5265335965158968 0.5265335965158968 0.5265335965158968 0.5265335965158968
0.37733379405742085 0.33062099488428687 0.314376745068094 0.3188537186218351 0.3293557309337212 0.34040422584772684 0.3507169546151791 0.360210593801735 0.36806928740025674 0.3742721405116113 0.3793436208333698 0.3838023854373253 0.38815287061149967 0.3928872022494532 0.39857865091426464 0.4062923445494383 0.41675023133949174 0.4306532844794639 0.44491688039175875 0.45254867999466225 0.4530250084764684 0.4524029287097298 0.45341383456374085 0.4560173875645415 0.46010966087599087 0.46552697457874725 0.47205136980237483 0.47941701235521333 0.48731697932326135 0.49541018198384545 0.5033284747824173 0.5106841909096255 0.5170783929231477 0.5221100539354416 0.5253862530624214 0.5265335965158968 0.5265335965158968 0.5265335965158968 0.5265335965158968 0.5265335965158968 0.5265335965158968 0.5265335965158968 0.5265335965158968
0.41278619632661606 0.3327529664521151 0.32306440815170506 0.3396887212687362 0.35389913104766396 0.36490634296563185 0.3737333814615774 0.380194803498734 0.3841610847776883 0.38638514266111434 0.3875217691406919 0.38815238456115997 0.38880696428261013 0.38998231189892346 0.39215757536951723 0.39600718384360045 0.40262218573979314 0.412677973488942 0.4251050003302593 0.432166618756709 0.43255878446816154 0.4318349764389025 0.43301127501063186 0.43604281386518706 0.44081451979125913 0.44714654974581164 0.45480171310912815 0.4634935981779137 0.47289447842631643 0.4826426457297004 0.49234933684040677 0.5016057287261854 0.5099905459605181 0.5170786993417946 0.522451149778146 0.5257059699181359 0.5265335965158968 0.5265335965158968 0.5265335965158968 0.5265335965158968 0.5265335965158968 0.5265335965158968 0.5265335965158968
0.5126859491861238 0.4043864075977663 0.3836301767234027 0.3935365789427621 0.4005760511152321 0.40476708688442903 0.4068537960590237 0.4064035039076923 0.40434263581847735 0.4012553392128797 0.3975323099262763 0.39369489726205537 0.3902159928196868 0.3875402300424015 0.38610010511584564 0.3863304130516916 0.38912711182157217 0.3954339106573718 0.40517672931448584 0.411097647914752 0.41097929387140364 0.41015059508569707 0.4114973608079063 0.41496843715464776 0.4204335460656173 0.4276915249240799 0.436481031559366 0.4464914106820776 0.45737222001727407 0.4687410011890149 0.4801897428306559 0.4912909169846453 0.5016040108255196 0.5106832541054591 0.5180868937952302 0.5233880152517406 0.5261866674614543 0.5265335965158968 0.5265335965158968 0.5265335965158968 0.5265335965158968 0.5265335965158968 0.5265335965158968
0.7196605876947242 0.5936147048903928 0.5219034347461529 0.49048925936507226 0.47350240355529233 0.4617356270322638 0.4508240985523479 0.43982615638515277 0.42895113893548853 0.4185465644064822 0.4089666666920557 0.4001119786033072 0.3921480776730654 0.3854048615055032 0.3802264306249395 0.3769782159746055 0.3761393568578316 0.37881103284647494 0.3854509267669575 0.3897267401474365 0.38871967244705785 0.387780384659756 0.38930676870408504 0.3932384215071612 0.3994231457237457 0.40763018583869215 0.4175664733383539 0.42889172954371857 0.44123012941060274 0.45417829209112676 0.4673107030605951 0.4801841434467027 0.4923425760982528 0.5033235202375334 0.5126664341629206 0.5199231355870624 0.5246699240363685 0.5265209237558204 0.5265335965158968 0.5265335965158968 0.5265335965158968 0.5265335965158968 0.5265335965158968
1.0428959397731525 0.8436794920340117 0.7037283689313978 0.6196312669756484 0.5678721987658273 0.5322003110217518 0.5036049314272764 0.47918056885173255 0.45766197801776737 0.43852607925108705 0.4216113834815058 0.4069434748694851 0.39429748459500435 0.3833886483628286 0.37443720520117385 0.3677172751394676 0.36355731837891103 0.36272692414970265 0.3661371706189037 0.3683305696152059 0.3661741916672879 0.36511451559466657 0.3668362535627926 0.3712646653140391 0.37821440231650655 0.3874119386647609 0.3985212356782135 0.41116514543260707 0.42493943576070814 0.43942016056630523 0.45416691481683935 0.46872467954366304 0.4826263602952037 0.49539735089340126 0.5065627433002875 0.5156572008379214 0.5222370510205534 0.5258939203412296 0.5265335965158968 0.5265335965158968 0.5265335965158968 0.5265335965158968 0.5265335965158968
1.433835669228176 1.1044872182613512 0.8922217870804187 0.7580686039348256 0.6710216546968277 0.6089461833146025 0.5609201895327013 0.5217530316166986 0.48867589537977846 0.46020815908115553 0.43556278463300574 0.41433823610088594 0.3963598672138131 0.3813147673021805 0.3686594648128475 0.3585438680312466 0.35122298109386424 0.34714320183465636 0.34736385404223924 0.3471001860318122 0.3436935299381481 0.34249708136716106 0.34444045263221285 0.34942546100894206 0.35721428302689145 0.3674695581129288 0.3797961811934523 0.3937714022243151 0.40896028839680537 0.4249203092467849 0.44120042519987696 0.4573389962363979 0.4728632192076961 0.4872915161907792 0.5001394113785512 0.5109287977484565 0.5192000103603138 0.5245258321849898 0.5265265692921574 0.5265335965158968 0.5265335965158968 0.5265335965158968 0.5265335965158968
1.570920224664683 1.2708056800511416 1.040150479234831 0.8795178584315907 0.7670445658688824 0.6829887693869869 0.6173729289363933 0.5641969682863539 0.5198561363563101 0.4821970655097892 0.4499232379787197 0.42224478459220993 0.3987003960897431 0.37903735594335813 0.3628322744909956 0.3494700212990267 0.33910881912859714 0.33204814308270875 0.32917449269582666 0.3261318492537679 0.32155482010646436 0.3202068427961917 0.3224258065392408 0.3280703848112295 0.33681477020393424 0.3482290084534403 0.3618375400808085 0.3771636042816161 0.3937423411726841 0.4111180034020623 0.42883579181808884 0.44643427944806546 0.4634411840864719 0.47937349632511855 0.49374210475034863 0.5060605580039299 0.515857206458058 0.5226896734060394 0.5261605678840365 0.5265335965158968 0.5265335965158968 0.5265335965158968 0.5265335965158968
1.5212410724382377 1.3199233060225164 1.1241578769382663 0.9666866733144236 0.844090324816043 0.7466366041108096 0.6680264637732467 0.6033440974920901 0.5491530668303135 0.5031376578491289 0.46377734985791375 0.43005716652910925 0.40129529727692986 0.3770416181279978 0.3570241426492225 0.34064619800665485 0.3274113416223864 0.3175649211925679 0.3116607141658624 0.30553600900389705 0.30000735653873395 0.29846182439526037 0.30103363439998326 0.307506688255471 0.3174016047501637 0.3301279815734601 0.3451009716963779 0.3617958295913259 0.3797269166294133 0.3984363024417488 0.41747572161421115 0.43639245129732757 0.45472151499341784 0.47198398819232373 0.4876908000699776 0.5013512965414363 0.5124856337950308 0.5206398268563689 0.5254021955518059 0.5265335965158968 0.5265335965158968 0.5265335965158968 0.5265335965158968
1.4437716295897915 1.3062801181782058 1.1550556367809361 1.0173351418048828 0.8976531459571483 0.7956854623801486 0.709642738477359 0.636856470536521 0.5749195067653895 0.5219283297904305 0.47644085015991827 0.4373808666217972 0.40394819350880035 0.3755538905333223 0.3517823696839636 0.3323519792858999 0.31645894660753937 0.303948220418323 0.29499502694082813 0.2857756335190442 0.2793078333721482 0.27748097704051006 0.2805324226014319 0.2880895990444833 0.29939211283261713 0.31361959750671303 0.3300609175263126 0.3481314713574736 0.36734808605974295 0.38727893796914215 0.40749574672090577 0.42756377813667745 0.4470318270429918 0.46542983722380205 0.4822726652039468 0.4970689204282624 0.5093338595388557 0.5186051226779201 0.524459965643779 0.5265328540507896 0.5265335965158968 0.5265335965158968 0.5265335965158968
1.3691364756746227 1.2699085895031057 1.1542372837866635 1.0390601036698797 0.9295597518799869 0.8296102827782645 0.7409894860416358 0.6635224573951887 0.5962277877961405 0.5379290089162359 0.48751068582407664 0.444002851879463 0.406594846558776 0.3746266440719571 0.34757928508524094 0.3250751168673522 0.3067102480485835 0.29169375325672736 0.2794958063165906 0.26753825814472526 0.2597066571430199 0.2574366216218237 0.26121630650864697 0.27029666555865167 0.28336315382092564 0.29927374341066987 0.3172199327848078 0.33662425487718495 0.35702707370607334 0.3780231384408495 0.39923635768684373 0.42025917900631904 0.44065880969844373 0.4599771510778666 0.47773548162431373 0.4934440807636482 0.5066158521675823 0.5167828117394879 0.5235140935160394 0.5264342510811404 0.5265335965158968 0.5265335965158968 0.5265335965158968
1.308164313515313 1.2351472005259154 1.14534257088981 1.0477309451604793 0.9469678099392395 0.8505130091683135 0.7625149490473977 0.6832325798930631 0.6128051099766585 0.5508880424135684 0.4968245356098759 0.4498658148882975 0.40927922745097056 0.3743979756301666 0.34464417359566957 0.3195439054837636 0.29874804143011274 0.2815071240358838 0.26586004864055873 0.251521143013721 0.24154069634946032 0.2384581993660882 0.2435222487528085 0.25488092388750766 0.2701197244810108 0.28780303430901827 0.3071667770606045 0.3277341742454797 0.3491305827823137 0.37100277361474004 0.39299146285058156 0.4147407696684378 0.43584036223767847 0.45584453925455626 0.47428160557498533 0.4906645907460625 0.5045056911631118 0.5153334717957289 0.5227115457556162 0.5262574771449359 0.5265335965158968 0.5265335965158968 0.5265335965158968
1.2618780626767496 1.2105439090300256 1.139584863400703 1.0548457564707034 0.9608589629921951 0.8663194959709815 0.7771515521265403 0.6965525377802191 0.6248032815018543 0.5607750071206404 0.5043168864303984 0.45495842908578066 0.41208378165706094 0.37503984999052264 0.3432311876908407 0.3161473909962601 0.2933353355498642 0.2742788998277374 0.25598229714210635 0.2391377977356019 0.2256541167090107 0.22065039906299508 0.2285380579192604 0.2432535276914497 0.26079896564560323 0.28002902233521165 0.30049480881473073 0.3219055017142272 0.34399213634152254 0.3664637047687721 0.388990547543462 0.4112110292424562 0.43275748304087885 0.453196717057635 0.4720626234470561 0.48887071138927546 0.5031332283032158 0.5143768991080705 0.5221620832060845 0.5261020947619629 0.5265335965158968 0.5265335965158968 0.5265335965158968
1.2406065878617003 1.204194411605239 1.1433043236603473 1.0654844866162059 0.9750709992158851 0.8807675014368419 0.7894648644216637 0.7054062336072532 0.6307206145255101 0.5656392850447822 0.508103111901807 0.4576039086446846 0.413642924231263 0.3756171873106661 0.34290222932413267 0.31489881866418795 0.29105746555224316 0.2707548789149265 0.2515407719934873 0.23315178896590505 0.2159800422234711 0.20455279535909415 0.22014272475275443 0.23782863066412618 0.256723607009845 0.27671733345996585 0.29768671996908785 0.31946971074353764 0.3418577357815378 0.3645917812644719 0.3873606285966795 0.4098013437297319 0.43152682343786875 0.4521390134177499 0.47117501158331665 0.4881514815310124 0.502580803914562 0.5139890503579052 0.5219353421444629 0.5260313446347252 0.5265335965158968 0.5265335965158968 0.5265335965158968
1.2632221682689273 1.2202971528762308 1.1585570022439062 1.0801960627869522 0.9883316457909321 0.8918568062464192 0.7977846211719091 0.7106295979664972 0.6328078058340733 0.5652333143902895 0.5075433873284825 0.4571312432266926 0.413183277158037 0.3751703418415569 0.34251275625968314 0.3146405031830598 0.2910610282649582 0.2716529157696163 0.2533423306929569 0.23605372985668482 0.22135215261817326 0.21526861341506984 0.22470735886413207 0.2405431844459295 0.2586689508704323 0.27824946009506496 0.29896210039952575 0.3205702226482333 0.3428314135584451 0.3654692184845799 0.38816260998497004 0.410542784371385 0.43219518307498883 0.45271349015354584 0.47165718852308436 0.4885423029457935 0.5028811336313974 0.5142001012174158 0.5220589950949998 0.526070372710689 0.5265335965158968 0.5265335965158968 0.5265335965158968
1.3036870640382814 1.2501891876422353 1.1797538611049632 1.0955855133263153 0.9994711447625167 0.8994777239884112 0.8023158654792066 0.71239312908588 0.6321162463697041 0.562416291216707 0.5032683084093846 0.45369179562851747 0.4107759193200683 0.373709174866675 0.3419847692227316 0.31510474274583494 0.29402303670306906 0.27607310251600925 0.2598770012602706 0.2457636708788561 0.23548561334465085 0.2321860428002604 0.23790713322012713 0.2501845040316285 0.2661595275244807 0.2843924277478602 0.3041884865717879 0.32512358673451536 0.34685664927613014 0.36905570181496533 0.3913666392334289 0.4134001455544506 0.434728037329056 0.4548973020081737 0.47348829569939355 0.49002395899902274 0.5040164606022204 0.514993673745143 0.5225180221965735 0.5262055294599884 0.5265335965158968 0.5265335965158968 0.5265335965158968
