_RESULTS/CROSS_VALIDATION_POSTPROCESSED/Berg/IZ/8comp/3/Berg_IZ_z_710_kriged_reverse_8comp_spherical_3.asc
ncols 100
nrows 90
xllcorner  5.6208707817415728
yllcorner 50.959635321741573
cellsize 0.00013419651685393446
nodata_value 1.7014100000000001E+038
[rows 0 to 17 of 90, columns 41 to 81 of 100]
0.007466040301353316 0.007392139340944556 0.007204775954497913 0.006929093578103378 0.006594193645218962 0.0062260473595122144 0.00584513051772595 0.005467621518810016 0.005107038299679777 0.004774872159917655 0.004480586396216869 0.00423141973423164 0.004023213805670191 0.0038545416061622115 0.003729375399066606 0.0036595747668795565 0.003647499388519114 0.0036951105521961006 0.0037949454564968218 0.0038839899680914274 0.003947555102974557 0.003980482346357296 0.003992734016252738 0.003996200518323694 0.003990578106602187 0.003976359815204135 0.003954802256531484 0.003927845052202611 0.003897998066318108 0.0038682168206770106 0.0038417874331080283 0.003822239825944248 0.0038133034136304342 0.0038131179631007523 0.0038131179631007523 0.0038131179631007523 0.0038131179631007523 0.0038131179631007523 0.0038131179631007523 0.0038131179631007523 0.0038131179631007523
0.009086027028234842 0.008978845323848869 0.008698999615688952 0.00829308256832761 0.007811673439526095 0.007293657415819255 0.006764647071761297 0.00624352750329235 0.005746827726689305 0.00528899992710548 0.004881423959799598 0.00453204167792702 0.0042458979342280875 0.004030736064954352 0.00388133969475608 0.003793001994984455 0.0037641901486648198 0.00379584751507059 0.0038917941830034276 0.004009117968262803 0.004097136605343858 0.004149592509825006 0.004169338613894774 0.004174600817593445 0.0041660611115476275 0.00414434716152719 0.0041110489816456085 0.004068592483815919 0.004020063251912842 0.003969012433537079 0.003919276610257797 0.0038748375313954666 0.003839738735274369 0.003818067501867859 0.0038131179631007523 0.0038131179631007523 0.0038131179631007523 0.0038131179631007523 0.0038131179631007523 0.0038131179631007523 0.0038131179631007523
0.011342857848521574 0.01117891302296366 0.010743027452783391 0.010127984369676412 0.009428527754154885 0.00870080518941253 0.007969542531662314 0.007253516594922734 0.006573879806409838 0.005950354445621635 0.005397345942461624 0.0049239295790345335 0.004552187348649581 0.004282628515555361 0.004105156977260261 0.00399701281705499 0.003951850876558303 0.003969505245452783 0.004052678232917222 0.00419113304986669 0.004306233075363246 0.004379983378612024 0.004410250019501631 0.004417695135072177 0.004405610481968019 0.0043748219215061016 0.004327408585284521 0.004266505509632191 0.00419603150489164 0.004120393627428774 0.004044217018651124 0.0039721364578415635 0.0039086697134397 0.003858178151463417 0.003824910396151884 0.0038131179631007523 0.0038131179631007523 0.0038131179631007523 0.0038131179631007523 0.0038131179631007523 0.0038131179631007523
0.014529016740726243 0.014271507929762157 0.01355826325279376 0.01258833043128649 0.01156225274013705 0.01054797938625555 0.009540938926344958 0.008555731001632073 0.007625399062908269 0.006780096653950595 0.006040550950774313 0.005441882463200419 0.004979439517865428 0.004637572091120348 0.004404382684231707 0.004270048834720868 0.00420911902146197 0.004214885106053699 0.004288868781469294 0.00443442318506352 0.0045802992153769545 0.0046779378156834184 0.004721444676477912 0.004731612860963355 0.00471510790183968 0.0046730475058704025 0.004608227104729007 0.004524809937535834 0.004427906537486169 0.004323128425525989 0.004216191858375718 0.004112622544657238 0.004017583186788765 0.003935821967795329 0.0038717261250443818 0.003829460594340303 0.0038131750942636683 0.0038131179631007523 0.0038131179631007523 0.0038131179631007523 0.0038131179631007523
0.019120695393428744 0.01873474329530381 0.01750779264949602 0.015877202407846104 0.014372057549170834 0.012990570284369006 0.011598302906186398 0.010226514576544003 0.008944145649885538 0.007800760864853179 0.0068565471131211255 0.006109311265455453 0.005532172612779398 0.005101930670037638 0.004800456786866824 0.004615281179248622 0.0045355035768890346 0.004532287950472714 0.004601400668418085 0.004746591667431369 0.004926621905557646 0.005051745128780039 0.005111148494652075 0.005124786743320797 0.005102651440302105 0.005046293761764953 0.004959565112731951 0.004848123806101689 0.004718780009916644 0.004578822224140808 0.004435444310514368 0.004295342556297146 0.004164501167875329 0.004048147759073044 0.003950842522867762 0.0038766628015147685 0.0038294528426196933 0.0038131179631007523 0.0038131179631007523 0.0038131179631007523 0.0038131179631007523
0.025885545001792933 0.02544779552676703 0.023336728918586472 0.020259990257709814 0.018170088035481716 0.016322028342544072 0.01431790927568046 0.012355726110957563 0.010569579289209449 0.009066483775018388 0.00786905299962715 0.00693178790939939 0.0062125519000704845 0.005676175937505679 0.005295480104391615 0.005051237659256034 0.004931907780347765 0.004922437268183363 0.004992528678784821 0.005142910202524286 0.005354281712814772 0.00551176919439157 0.005589970434141676 0.005608112895523105 0.00557867307862957 0.005503855605458603 0.005389088203984263 0.005242220995403667 0.005072492872910945 0.004889512455022934 0.004702440443359921 0.004519461992922382 0.004347549510229098 0.0041924626702394725 0.004058914402867695 0.003950837942409694 0.0038717080876600903 0.003824890747365906 0.0038131179631007523 0.0038131179631007523 0.0038131179631007523
0.03598842425596948 0.03601653840446556 0.03292276669917996 0.027914324450516028 0.024252387520178886 0.02106062148696809 0.017893792333193166 0.015004195337420473 0.01254629792090029 0.010597473499321362 0.00907693729235868 0.00790512654414283 0.007015819420553278 0.006356023091506099 0.005886054832646835 0.005577905294776882 0.005413809653022414 0.00538534262904265 0.005464752137973734 0.005629971636298266 0.005874021131745981 0.006070475960109847 0.006171086468654046 0.006195176186229422 0.006156097663106305 0.006057060891945256 0.00590588805527124 0.005713681184429802 0.005493164475161859 0.005257138034374063 0.005017332240487713 0.00478375754951287 0.004564497142609119 0.0043658206074837815 0.004192490690993178 0.004048162271687751 0.003935809098534003 0.0038581468177910187 0.0038180465000447143 0.0038131179631007523 0.0038131179631007523
0.05084266430156219 0.05282408437558518 0.04879760609019542 0.04110572297447731 0.03367921526464407 0.027513440363233464 0.02237078905799861 0.018145786937082048 0.014860822450812314 0.01235442311806073 0.010448975793612567 0.009007138426895886 0.007925214258520885 0.007128661624059858 0.00656271747688534 0.006188719314395148 0.005981692067277107 0.00592827672192977 0.006019686400931278 0.0062131494988185995 0.006497913940761274 0.00674234874909645 0.006870449817451362 0.006902528162802759 0.006850512605267274 0.00671920119137132 0.006520135017947825 0.006269312929823293 0.005984483379263763 0.005682798862192664 0.005379261453511779 0.005086006879681739 0.004812243898486003 0.004564600706407746 0.004347665859453548 0.0041645811896006656 0.004017609889617372 0.003908651065815141 0.0038397031356704227 0.0038132978313032153 0.0038131179631007523
0.07099668004947605 0.07877042996377967 0.0726575113540687 0.058324056884224096 0.04524141464561567 0.03511514712891842 0.02741296948930041 0.02162544085707525 0.017381402667641332 0.014245082156476591 0.011916438318827351 0.010185779401843054 0.00890499756270094 0.00796930743481659 0.007307041011009967 0.0068703244593110585 0.006626569922324988 0.006557420895131479 0.006656815529307165 0.006897025111320282 0.007238656117423213 0.00754356986748497 0.00770698938410553 0.00775000141390782 0.007680297656775953 0.007505269611727258 0.007242395066075729 0.006915172477488306 0.006548610776806317 0.006165703110286912 0.005785447744743569 0.005422252959827013 0.005086254004615542 0.00478408120304106 0.004519758817871827 0.0042955594716258625 0.00411274311406324 0.003972171029130621 0.003874816976100923 0.0038222125503192482 0.0038131179631007523
0.09167574439065378 0.11480349182136686 0.10113632932221822 0.07555998070222035 0.05643614578685347 0.04248504250210315 0.032308390079778926 0.025055500802026915 0.019870883523338285 0.016117121883457472 0.013376142885776444 0.01136686084317306 0.009897228970945257 0.008835021967253465 0.008089314560742003 0.007600082340955754 0.007324906263431137 0.007245063109666421 0.007358222968219706 0.007660559330646104 0.008092280848124522 0.008486170112914151 0.008702728071321632 0.008761037871656411 0.00866662066365662 0.00843128683899906 0.008082314437046276 0.007654894666836074 0.0071844911159866295 0.0067016907145104835 0.00623002429771538 0.005785951208636519 0.005379962898535537 0.005018039485764842 0.00470304475136019 0.004435895707857218 0.004216480644728491 0.004044361016270052 0.003919313255619832 0.0038417698520157658 0.0038132177010210856
0.09992714370881883 0.11741048969595286 0.10836625446456835 0.08467126986208087 0.06392111751277658 0.04797937227634163 0.03624834118187551 0.027944495882963365 0.02203002565842018 0.017777335788742868 0.014696592446360077 0.012456590013066936 0.010819556230979748 0.009593781497786346 0.008705344397931216 0.008105142701227244 0.007760693022463864 0.00765627105511304 0.00778555654890169 0.00815438118614309 0.008714565190122144 0.00925655438726073 0.009628709619738093 0.009815518947836811 0.009779569392392292 0.009510047807435699 0.009046127888159661 0.008486888068877662 0.007885312610240619 0.007281248565432639 0.0067026437217041586 0.006167067957205161 0.00568423264753957 0.0052584418681807235 0.004890586259913928 0.00457963091698336 0.004323678369499679 0.004120717288256302 0.003969159261067238 0.0038682488211081527 0.003818417651087933
0.09634157010811067 0.1060131006142684 0.10088034088985233 0.08456024106425822 0.06634503092138835 0.05063780859992768 0.03859880525028608 0.02987022893896548 0.02357683214707295 0.019032206654705966 0.015696259014823643 0.013141264424403108 0.011211190007603011 0.009786890527849344 0.008774044423478636 0.00810273750904693 0.0077254302023585875 0.007618344855232356 0.0077774993352861315 0.008211938763503512 0.008903727396271611 0.009598469539423378 0.010152257978351602 0.010510866489926008 0.010612724134657768 0.010440502960741966 0.010017963016518399 0.00939099204730183 0.008634876885560274 0.007887057644149648 0.007187012141244011 0.00655130192919596 0.005986996626054691 0.005495323054855597 0.0050742283437324376 0.0047200895106461254 0.004428825223824108 0.004196615733413604 0.004020381205141104 0.003898125565432197 0.0038292251684351915
0.08920725094348764 0.0956513037961854 0.09200876155757652 0.08000249725819342 0.06484909550712373 0.05056878147692957 0.03915613861888507 0.030605530470014495 0.024304779711038674 0.01946226916464723 0.015737258318244286 0.012926545239579148 0.010843207503816805 0.009333048559578847 0.008277631341942593 0.007591869582257146 0.007220115336688903 0.007132685401936247 0.0073286449292717225 0.00782635407856719 0.00862992574978301 0.00947341867001337 0.01022307087091847 0.010767203524711349 0.01101323667077719 0.010942655776457835 0.01059772941188715 0.01003988426411481 0.009323568538871436 0.008491444992928638 0.007659757367057351 0.006919745305667692 0.0062733045957634815 0.005716982965399103 0.005244828589152053 0.004850089137931573 0.004526212539353031 0.004267436429854784 0.004069146198922924 0.003928116579916485 0.0038427151198503436
0.08401128874009729 0.08893105386220562 0.08532970270061893 0.07473527251135206 0.061265279062304584 0.04840774704888074 0.03806914569829044 0.030022287211477212 0.023555396149396616 0.01852044720661876 0.014706752449794875 0.011874666015334767 0.009808208888499684 0.008332872631135165 0.0073174780271691555 0.00667006221799505 0.006332670155273518 0.006277189858652977 0.006504256946387066 0.007046577409541339 0.007921979350197334 0.008901982865266566 0.009849756486188377 0.010580142103853957 0.010948340853504658 0.010951737389301107 0.010678249921521579 0.010212449725539835 0.009606632102942684 0.008890021717549412 0.0080824565957968 0.007249443949298839 0.006526017199570445 0.005910623839431633 0.005392776735303287 0.0049623385730486105 0.004610226104956969 0.004328769995011535 0.004111901128864829 0.003955264604794061 0.0038563271152650337
0.08182160696487191 0.08651362328947405 0.0823883445475914 0.07141515338954248 0.058149048749330176 0.045811127249279916 0.03577681682770107 0.027606883293894137 0.0212942376733251 0.016470548633339237 0.012865927365074477 0.010225061830645608 0.008323539965246608 0.006983308692593953 0.00607276650355734 0.005501407899560145 0.005214010814291915 0.005186695319582337 0.005425820442686912 0.005974171959275662 0.006858146198507208 0.007941618914580232 0.009086464542270791 0.010000651256289867 0.010427793786393318 0.010439425311090602 0.010218623288228328 0.009865530788033398 0.009413463297132345 0.00886817108499639 0.008229029198734014 0.007499228195896721 0.006727337952517828 0.006063483492071724 0.005508805271696803 0.005050006532529583 0.004675739879731424 0.004376686139445759 0.004145551736254067 0.0039770529806412245 0.0038679318363299565
0.08166364544188204 0.08781386983927476 0.0822559728923704 0.06928869786713508 0.0555352673892893 0.04319477425890713 0.03270180745065418 0.02441795618745551 0.01822751647928239 0.013774854243281856 0.010592503240909427 0.008287158594272643 0.006648333821926357 0.005508396504779588 0.004743458933215971 0.00426849819147263 0.004034070869988979 0.004022408389923563 0.004244266524879916 0.004746982931935082 0.005558881438256239 0.006660299088327611 0.007991240539386558 0.00911886608189656 0.009457933244630175 0.009393947542217512 0.009230966648673448 0.00902453900273379 0.008766647372733414 0.008436025745945392 0.008012613194783925 0.007483897764081613 0.006848581380456483 0.006164375124623916 0.0055850053162704505 0.005107393534944674 0.004718561358055911 0.004408028617948542 0.004167656342795653 0.003991529959540459 0.003875906432329494
0.08072804125866664 0.09043676853024504 0.08150364964425108 0.06658128857326584 0.052624386019448174 0.03971606464121972 0.029120848861183383 0.020969043244145707 0.015039743372218011 0.010896905930700716 0.008083726749343738 0.006198489272695301 0.004893938514918772 0.004003890871745658 0.003418853211321245 0.003066116827527447 0.0029031224292162087 0.002913317460235637 0.003105643679889589 0.003514533366404313 0.004172915778694321 0.005132991653298289 0.006480169962689899 0.008010249480485628 0.007909755805764477 0.00783556864889977 0.007810602245905444 0.00779855695035898 0.007762443087438374 0.007667052486265778 0.0074813700746467135 0.007181733881765379 0.006755254325308808 0.006202656436809324 0.005615863518007281 0.005130589100431991 0.004735853450764433 0.0044206882146499045 0.004176602597148352 0.003997421775028583 0.0038792042321032717
0.07621236002263744 0.08026857489705182 0.07421196249616102 0.06208137285056638 0.04829374358581143 0.035230415279306815 0.02480000709747282 0.017118970453964835 0.011761726724838805 0.008160902793216096 0.005799399256450644 0.004278394316209018 0.0033108036056248816 0.0026706600968167157 0.002256987881531792 0.002012821376561066 0.0019058486548799978 0.0019247087771540813 0.0020787964618751518 0.0023900634386615485 0.002874859874945139 0.003562451468130335 0.004475322789079515 0.005380850800277415 0.005770262570386019 0.005976392684961336 0.006175192250816125 0.006375412140299076 0.006554648874602702 0.006682091991658353 0.006725158344942066 0.006654123954433091 0.006446761091266524 0.00609275152672715 0.005599073245041946 0.0051179713441480415 0.004726448226533292 0.0044138024703011 0.0041717353928196746 0.003994214117678651 0.003877405272951723
