_RESULTS/CROSS_VALIDATION_POSTPROCESSED/MHZ/GZ/2comp/4/MHZ_GZ_z_355_kriged_reverse_2comp_spherical_4.asc
ncols 100
nrows 74
xllcorner 5.5967023332191781
yllcorner 50.982320383219182
cellsize 0.00019249356164376555
nodata_value 1.7014100000000001E+038
[rows 0 to 19 of 74, columns 0 to 43 of 100]
6.2837029553190415 6.301414705780643 6.317461290630141 6.330443687163803 6.338642048006668 6.340527865046121 6.335683539889635 6.325128447334917 6.310578750973769 6.293639396127644 6.275533874622617 6.257149056734768 6.239156570164699 6.222127913357694 6.206449496998365 6.192440732601011 6.180390871914434 6.170574134036432 6.163259232793066 6.158714997313178 6.1572034458524945 6.157057306844414 6.156930910998079 6.156974643037492 6.1573312687752475 6.157912390416278 6.158681247492176 6.159598358954941 6.1606218391783285 6.161707680545065 6.162920383509697 6.164698331795701 6.166574945539415 6.168079878691252 6.16892223697657 6.169004022432925 6.1684270509248345 6.167492092214088 6.166689065542327 6.16612031997577 6.165351739325434 6.164426056109952 6.163392622164466 6.163650105764364
6.295847029709736 6.316057607994516 6.335063987857878 6.35127113210644 6.36215522611502 6.364763981446798 6.35814988106726 6.344514759401718 6.326805839289511 6.307108755533254 6.286734889655608 6.266621041706247 6.247306399764613 6.229173832392668 6.212531702144861 6.197649318405692 6.1847777436142914 6.1741626049027465 6.166052026686604 6.160701129914579 6.158373796562571 6.158002947572011 6.15763573815872 6.157501951774087 6.15771534857472 6.158310479278498 6.1592160919447405 6.160280232928117 6.1628137921117645 6.167109323876347 6.172187649809686 6.177187942648117 6.181398337785508 6.184284852314471 6.185515545574504 6.184977544162395 6.1827856537136165 6.17928159776061 6.175022053400248 6.1707541130352785 6.167380834796973 6.165760289191864 6.164583930280334 6.16504820309298
6.304864019096453 6.327271963173413 6.349233729739763 6.369382346466265 6.384625209005678 6.388703186733862 6.378751563568456 6.360741446236494 6.339544233509052 6.317402961249467 6.295411287775001 6.274127476163666 6.253922355168831 6.235078029336359 6.217833332148253 6.202407880621838 6.189016463098168 6.177878366793076 6.1692234187010895 6.163295346014446 6.160352656256688 6.159685564312331 6.159098076343128 6.158756046111492 6.158726719508839 6.159054323911487 6.161083570851518 6.166834593164247 6.174968699539582 6.184254138984046 6.193596272183079 6.202021190317083 6.208716072378779 6.213068103708022 6.2146967058986675 6.213474663072236 6.209536608819316 6.203276286698903 6.195332384581416 6.186558525780598 6.177977642643603 6.170731376704156 6.1660419965659425 6.166176857024897
6.309755566970164 6.333518796465857 6.357532871213381 6.381159225542932 6.402863032476246 6.411306322707381 6.393617462560916 6.370720732356134 6.3470309768511814 6.3235604533699945 6.300784923569784 6.279019279028965 6.25850500702278 6.2394468593026655 6.222032424003958 6.206444700343663 6.1928713615566195 6.181511938879785 6.17258304918338 6.166321352733876 6.162983936885967 6.162025843836162 6.161218093849736 6.160630261463837 6.160379587565483 6.163841870296604 6.172051332297871 6.183741261888442 6.197632896560947 6.2122003992206025 6.226087861405752 6.238178287038202 6.247529416308471 6.253428718424775 6.255439864137004 6.2534306929951615 6.2475757513530965 6.2383386753789285 6.226451970670104 6.212891233180066 6.1988221480805015 6.185530820535386 6.17436626943413 6.168463951839363
6.309875311373022 6.333673426580148 6.357743195835964 6.381476699042432 6.403474951058804 6.412315291915974 6.39406187448245 6.371200962947578 6.347785497436474 6.324663299339764 6.3022665742721955 6.280885980764915 6.2607453221673035 6.242033618382689 6.22492312837487 6.209581924547058 6.196184091775796 6.184918335694076 6.175994633684023 6.169648128413474 6.166139642489376 6.164939453550193 6.163890096383718 6.163208095768601 6.167446513978237 6.177555208657061 6.192221794449776 6.210087136065208 6.229757570837495 6.249819583581129 6.268589202620803 6.284628896375294 6.296823765942944 6.304327584799925 6.306637525505867 6.303645069035162 6.295632965250271 6.283185432282977 6.267109638915966 6.248481972014141 6.228630652560454 6.2090206538325585 6.191157823473113 6.178013938259494
6.305206348558591 6.3277049680158095 6.349797813717364 6.3701458051483195 6.385663075011538 6.389854691147541 6.379851119696248 6.362150940135434 6.3417419062098395 6.3206545835674355 6.299795768743232 6.2796617012814195 6.260573115657715 6.242765598831255 6.226431769462687 6.211745736100508 6.198880540573915 6.188022070654468 6.179379715541162 6.173192753152281 6.169731588948247 6.168339139971811 6.167090849016874 6.170971674961194 6.181988427371344 6.198846206585738 6.220171497709164 6.244507240152645 6.270320062594302 6.29602389625267 6.3199865812926275 6.340311153287244 6.355551013119226 6.364664270596343 6.367043954632286 6.36263311921972 6.35202716575202 6.33621329207204 6.315864484187345 6.291963764366729 6.266050514726404 6.239843915055767 6.21505748609643 6.194363278833167
6.296369367165661 6.316698176695882 6.335854013613844 6.352239806028637 6.363289836673582 6.36607455393936 6.3598586110894795 6.346975080172013 6.330453446462819 6.312343305309281 6.293831024686804 6.2756185535233895 6.258152451370835 6.241740655009601 6.2266141999387665 6.2129643950092195 6.2009694971871765 6.190816279697728 6.18271696321247 6.176919628093561 6.173710466878938 6.172121735145144 6.174231219236047 6.184758467639849 6.202522067534041 6.226208430463225 6.254390245004883 6.285511852675827 6.317886641552656 6.349712994707726 6.379116320679961 6.40410827459773 6.422627534462023 6.433314096585735 6.435369663223085 6.428683671071357 6.414189263952021 6.395387138577921 6.37118767365798 6.34191158827465 6.309663950272706 6.276577659905118 6.244645420705069 6.216219836521533
6.284353326012382 6.302188156458956 6.318372657733137 6.331494130207374 6.339838194839851 6.342183628542516 6.338153669185083 6.328800318336486 6.315869374648561 6.3009358453272535 6.285142088251786 6.26926324868242 6.253825115100269 6.239193707996335 6.225634590003634 6.213354190972186 6.202533105708163 6.193355975867361 6.1860369353412406 6.180835870731826 6.178054711395475 6.1777694912302294 6.186106565126093 6.203081870007418 6.227499918154501 6.258045914832304 6.293253235269715 6.331475158164965 6.370865557813782 6.409377729450603 6.444795357160387 6.474809526903774 6.496933237744088 6.509230736465329 6.5107001234742015 6.501317641142963 6.482629017767909 6.460430412509031 6.43198978422963 6.3969602453022345 6.358002304883256 6.31772127679265 6.278430803549124 6.242278910315218
6.270208312886261 6.285581104166571 6.299130440674353 6.309736075530145 6.316455339566495 6.318689432055989 6.316166021041027 6.309430351346829 6.299529770818722 6.287588793062866 6.274566501980333 6.261199390980574 6.248028568677631 6.235445134243345 6.22385410489944 6.213542583165955 6.204437612674583 6.1965606169595695 6.190080368215241 6.185339907997235 6.182747306728503 6.1870520613378455 6.201281278568761 6.2244144723082995 6.255304646691036 6.292658647914368 6.3349936701782035 6.380591523834951 6.427454057890553 6.4732709485374444 6.515423136246151 6.551059594588983 6.57724138301978 6.591324108449586 6.591887604165179 6.580021818165448 6.558818563908507 6.531428439489365 6.497174365330946 6.4557518652713215 6.4095030472466465 6.361663563327875 6.314828443586403 6.271197325487056
6.254870957409239 6.267971886505124 6.2792792843542236 6.287963521674462 6.2936722448956175 6.295934297188645 6.294559816812216 6.289854380011341 6.282477545131 6.273224317802867 6.262855721280587 6.252317457286714 6.242844620462377 6.234360437622646 6.226662577490599 6.219553847312826 6.212889837639371 6.206638523019999 6.200945126904889 6.196176680187381 6.194117586405379 6.201669245021202 6.219517655408564 6.2473118405660335 6.284254492771971 6.328239064740752 6.377683753835862 6.430833659381611 6.485567306094032 6.539315173012445 6.588575408804514 6.627981986902588 6.654708784737122 6.666728547938919 6.663903108159584 6.648302606039441 6.623295309259808 6.591182070478388 6.55217633241534 6.506823898255264 6.457015643337817 6.404896876784306 6.352116265250651 6.301225530511695
6.239117823384607 6.250178754658144 6.259589346743111 6.266835924351212 6.271834964039693 6.274182999779132 6.27373280281652 6.270662229429011 6.265403958168961 6.258804410366949 6.252957907849091 6.248046130998084 6.2438568727409525 6.24013239839223 6.236588915368501 6.232944636796434 6.228962064331086 6.224519531487327 6.219713023159203 6.214929140723275 6.214632730041351 6.224617458810505 6.2446921917103 6.274695820329567 6.314275217922609 6.362951699217363 6.419236983555088 6.479927438736362 6.542311051907679 6.600062024434056 6.650216597846822 6.690036023447645 6.716208540660321 6.72599432300822 6.71949668797009 6.699650085103706 6.670091344290645 6.632875957549037 6.588778124877667 6.539163991038264 6.486335334222962 6.432581309829871 6.379536444325427 6.328117732754837
6.223581586448389 6.232824146875201 6.240615921367358 6.246753365218361 6.251213969205778 6.2536610948544205 6.253971286157155 6.2522483829125175 6.249992233733774 6.249067633925383 6.249182197361011 6.250015774439071 6.251224033183194 6.252436297716679 6.253265197868058 6.2533220483245975 6.2522440514897015 6.2497689299007915 6.245899560614987 6.2410005804893185 6.242543673578845 6.254066654242073 6.275501562687332 6.306870822980482 6.348000562922955 6.398573458545559 6.458066700394204 6.522808078041983 6.584847022951222 6.642341487072821 6.6931800784699815 6.733934173923811 6.7600249572854585 6.767407754914833 6.756589640801011 6.7318633037788205 6.697269879495672 6.654620460120272 6.60519286024858 6.551281099761567 6.495761634904769 6.441056760253326 6.388674348422089 6.3392942008736215
6.208784059817473 6.216401907837694 6.222796820695218 6.228029185439678 6.232045770342019 6.234576289021134 6.235511686710359 6.236876778411594 6.2402936671038 6.24524778107706 6.2512620284209826 6.257863217383268 6.2645644660509605 6.270863127224145 6.27624845350359 6.280209228666898 6.282235576494263 6.281861113971273 6.278882739303544 6.273720859332663 6.2761291868221605 6.288183889136434 6.309990272873957 6.341714904326517 6.383386672305674 6.434869273710643 6.4913959705751045 6.548680554801406 6.607249340296463 6.663816913190056 6.715140960996359 6.757126690408009 6.783446591299905 6.787762376273545 6.771311892364093 6.741230666969712 6.701697094226239 6.653642095857915 6.599009069563695 6.541297578715747 6.48400630148363 6.429571562291506 6.379219539759992 6.3332711053494695
6.19516691472863 6.201322997398096 6.2065049126140455 6.21093686409239 6.214553973248113 6.217131971218512 6.220625580300845 6.227188940831476 6.236147802462113 6.246868451020681 6.258736330660384 6.271130763606597 6.283411937918304 6.294922361930336 6.3049999449942 6.312991826874077 6.318243910688212 6.320050121190661 6.317161218767095 6.311474201982728 6.313712034474772 6.325237028498398 6.346324968155247 6.3770984040473255 6.417912437128194 6.464229028692651 6.5107840710043945 6.558782970599156 6.609206138964477 6.6622562150284805 6.71294279649869 6.755661222242894 6.781873960528828 6.78103481212564 6.756096869247086 6.721423688026218 6.678598663760877 6.6260096856918045 6.5671397898983965 6.507088913652208 6.449840169734982 6.397615045237471 6.351191563492929 6.310438939533363
6.1831151830512825 6.187944606913774 6.192043887247784 6.195732873430814 6.1989614114823794 6.202955379196557 6.211037475613276 6.2226304985946035 6.236985301209165 6.253373628616725 6.271060791885786 6.289282655423426 6.3072331586388035 6.324067117682669 6.338919525614996 6.350934810569769 6.359284049494153 6.362711720246699 6.359148878333521 6.352338428879369 6.351595127133673 6.358722703532209 6.375006600095515 6.4015019778561735 6.435651945908634 6.469896646683955 6.505621969142711 6.544331753728971 6.587034225908243 6.6338955384231015 6.682560310093606 6.724010209555215 6.748387525029731 6.737243846542879 6.6962185058936985 6.663904007969991 6.622039914581454 6.5669542090136925 6.506290810096026 6.446793284995758 6.392524479939507 6.345238821156228 6.305164867926242 6.271700469064519
6.17297383276116 6.176588296785319 6.179696602337581 6.182669476365928 6.1859602751339695 6.193676024159897 6.206156953789921 6.222591741425504 6.2421872993283545 6.264142870047902 6.287620823157781 6.311719257177419 6.33545292792423 6.357749981174397 6.377470797199799 6.3934482158708565 6.404188490586718 6.407194279902077 6.399471393070742 6.385879137738078 6.377913132184599 6.377933130797843 6.387577064848504 6.406992241587349 6.427074040334348 6.447640501550213 6.470712217601604 6.497917377564802 6.530414310050432 6.5686220055922835 6.611455220803703 6.652084753779057 6.6747361979071025 6.651993668232738 6.577606466995635 6.5677032118822805 6.527297731698536 6.4724419319220114 6.414278346921226 6.359870244364912 6.312936985295019 6.274354542973855 6.2436706716007535 6.219806225002043
6.165058972957867 6.167551176581132 6.169739235895599 6.172001926495736 6.177354551074326 6.188758718553882 6.205392129575071 6.226442411129026 6.251093457140694 6.278495875286783 6.307731376293463 6.337774599117532 6.367458859920222 6.3954570885454975 6.420295435309521 6.43993274717792 6.4495382693347105 6.445878496995132 6.4303034324365935 6.408266526827585 6.391504080768708 6.382751376625703 6.3840413994850005 6.389647263839899 6.393927722451542 6.399425861258829 6.408206125884417 6.421825169767763 6.441316380840337 6.466978032330224 6.4977401166849695 6.529249983493641 6.546904239568704 6.53124220147195 6.483311744248442 6.43923579593213 6.393089231194249 6.343448376981804 6.295101945696984 6.252378186114341 6.21775934869016 6.191681090995509 6.173288380176732 6.1612004705031955
6.159665202032046 6.161112697760167 6.162447031878828 6.164624501760526 6.17290065690036 6.187679716851383 6.2081584859982355 6.233539372739143 6.263005901398712 6.295688593949306 6.330620634551633 6.366684211523424 6.402552549524944 6.4365684265819105 6.466101927954184 6.484409646415136 6.487930469534875 6.476968578789083 6.452952534689425 6.420828222197617 6.393216002220338 6.373700829547968 6.362973966996311 6.3510611940195725 6.338571233956247 6.328038321781547 6.3214117126695015 6.320001002714632 6.324464194910876 6.334665608222921 6.349203215214809 6.364366068725304 6.370364201281448 6.353591550955885 6.316173076179544 6.272310258102867 6.229962449229182 6.191207269095697 6.156943919701087 6.129812063445924 6.11119890182329 6.100770902258924 6.097182311057263 6.098799876340606
6.157070266215557 6.157538651430096 6.1580913120141645 6.161345878064412 6.172178100189758 6.189948810058925 6.213890936545131 6.243237284779268 6.277194798303368 6.31490722381727 6.355402947061572 6.397471049438554 6.439225842807615 6.478541041271517 6.507823527631189 6.521991188870091 6.520001703561104 6.501723863820984 6.468537923490753 6.4247419870623865 6.3839219605351385 6.3514220156055385 6.323852570459146 6.2936260463011 6.263840326284304 6.236953088528021 6.214629300616701 6.197786919300305 6.186560113623917 6.1802445202759895 6.177062546343222 6.173738302268986 6.164657141101913 6.140807142155131 6.109064417039756 6.07788945064541 6.0482061837227326 6.022184752631336 6.005020262845137 5.997025289360855 5.99773398677163 6.005677913084948 6.018959535080197 6.035774097498708
6.156872394600509 6.156872394600509 6.156930288180592 6.161874434755776 6.174821440821566 6.195125285856858 6.222061729836362 6.254902649771132 6.292825804654749 6.3349038856835405 6.380067295385638 6.4270248828011525 6.474158853414086 6.515026879374034 6.5420580074835035 6.5533598123859935 6.546869638870405 6.521392001782633 6.478037725873619 6.421001079154909 6.364305486989692 6.316192572563815 6.268756576651599 6.219868814203314 6.172876041985479 6.1300688353445345 6.092745215852289 6.061297511227561 6.035621458876041 6.014284031393662 5.9948076858984 5.974120845340942 5.949350248739815 5.919697629716075 5.889839057566873 5.866179855243016 5.851250211305247 5.843581186088893 5.846296733715633 5.860542151208854 5.883245232262546 5.911540475926897 5.943022108092637 5.975856713937079
