_RESULTS/CROSS_VALIDATION_POSTPROCESSED_80-20/Berg/TZ/9comp/3/Berg_TZ_z_355_kriged_reverse_9comp_spherical_3.asc
ncols 100
nrows 90
xllcorner 5.6208707817415728
yllcorner 50.959635321741573
cellsize 0.00013419651685393446
nodata_value 1.7014100000000001E+038
[rows 38 to 56 of 90, columns 0 to 43 of 100]
3.362157586124845 3.4608948479855948 3.5204557249485617 3.5374689166546713 3.512140955592704 3.4487299543022805 3.3627515726771584 3.266077134304361 3.166130886867359 3.069371067726205 2.9801554647039827 2.902436534306324 2.840130394814368 2.797997109353648 2.7815916574372492 2.796845836101731 2.8302906506876906 2.8709635624523173 2.9201082673424192 2.9785981212741937 3.0469098344730896 3.1250896972689035 3.2127205923643403 3.3108605326500467 3.288821149151426 3.1600953738269677 3.0369578875389083 2.9127961849488857 2.785032042817322 2.654433505651694 2.5224649779819264 2.391130641327569 2.263271716434968 2.1511316936272613 2.056867400453479 1.9796128358279645 1.920359007201509 1.8798860880701522 1.8576765531806845 1.8538382174747152 1.8664687374025748 1.8953150639925813 1.940232099627482 1.994605624221582
3.835061102328721 3.94855105270582 4.010548091067458 4.018357644840111 3.9740976821756875 3.884464696412335 3.767442114431329 3.636735859220979 3.499920733457647 3.36341788382823 3.2325585698823924 3.1129585268938986 3.0102197911524753 2.930241309603918 2.8788656005702737 2.861744725716698 2.8816070169803774 2.9154609178944932 2.9577477591432992 3.0086654156229757 3.0675679611748015 3.1331935463589464 3.2037847593278617 3.2589168906318897 3.2446053498601914 3.1599745600955638 3.055995951657804 2.944699354968856 2.8244587062979587 2.6973719024762794 2.5656438643256863 2.431988879800814 2.2993927748124805 2.1718745763207146 2.0622004983432483 1.9702465043418893 1.895453145895205 1.841244252116202 1.8069337961000325 1.7905478039931908 1.790204647633685 1.805738791563153 1.8370169666265608 1.8786013666724097
4.400896605350082 4.52975983617625 4.591220101167935 4.584282951232535 4.514288282163046 4.391413670496589 4.235752668266899 4.063524090070401 3.8818338292532375 3.6966922507288253 3.514782085277896 3.3442256434181297 3.1933098272091045 3.069449679439403 2.978702635880106 2.925989183254139 2.915684052847108 2.939282747302131 2.9715859817773422 3.0109180311877783 3.0568650807185698 3.1096518960582977 3.160232032529976 3.1916592645446378 3.1816137944782032 3.127705186068956 3.049202772829713 2.9576057581658257 2.850640212883813 2.731336483497692 2.6029352896984363 2.4691930076891766 2.334068439669544 2.2012768207670765 2.074889511752946 1.9661296586802282 1.8791562215389916 1.813802134125736 1.7681230189760038 1.7402951362854677 1.728652735112486 1.7332099398100556 1.7538523868668756 1.7843668985756365
5.069718451742345 5.212754659497143 5.267583092393526 5.23674195006723 5.131007273472099 4.965956574899729 4.763582114411129 4.543042091768141 4.309106022869896 4.065555509127913 3.8209401367732965 3.588580788627618 3.3810750900904893 3.207558728971515 3.0738176045496424 2.983439725588858 2.9390083898987527 2.9414386966013164 2.9622507764666364 2.9904805611463123 3.0282961211330224 3.0704460966670246 3.108439043810827 3.131283952501692 3.1257175750560084 3.0898809605747704 3.032295441300806 2.959906995199013 2.867963774327657 2.7583963353023986 2.635055484467032 2.502743088582804 2.3664392740623 2.230661218538506 2.0997754541749325 1.9802734072939612 1.8795414956118668 1.8003263909563483 1.742112697158722 1.702839120641695 1.6808138278971128 1.6761424469415163 1.6885580566213452 1.710661263370303
5.850150185469522 6.003115039152326 6.040327782758734 5.970970535457091 5.814727467873445 5.595407842192645 5.338220371649614 5.065139056984219 4.774664160014043 4.4618369383819 4.139690768315875 3.833366737767563 3.561604057168543 3.3343683195182487 3.1559240112025213 3.027615837835736 2.949710301406314 2.9224980448377673 2.9326995370462448 2.955689918093476 2.987729280927723 3.0234831525868695 3.056097076865997 3.0777509507539325 3.07815676513669 3.0555286952254344 3.0144336777441967 2.958478733230836 2.8805988508326394 2.7805993047452904 2.6626730005708907 2.5326089462033754 2.396239590412925 2.2591169882217446 2.1295143053092556 2.010254945286234 1.9024260933797499 1.8092297418501557 1.737005188420594 1.684677593695928 1.6510804287872265 1.6373947394405273 1.6432624835961231 1.6597132934374845
6.748504624800688 6.902711921228049 6.904336750679943 6.774339160196136 6.5462596214354445 6.255601849496702 5.933671448130791 5.607583451575924 5.265685652275776 4.8683947338395175 4.448890703441098 4.058341241432817 3.718840778195091 3.4378420009830033 3.2162486138832156 3.052293669705045 2.9435921257897917 2.8886954101228848 2.888565605844354 2.9085654813498265 2.9376759410141373 2.97121259370676 3.003715373712487 3.0288136629972686 3.037212158937469 3.0267610703932037 2.9994783234523226 2.9572190811133634 2.891065406085928 2.7989158277144965 2.6858265485171526 2.558514311648865 2.423305999438898 2.2898150826797803 2.1632293152984894 2.0452079621950174 1.937077736720109 1.8399699544454573 1.7562147424100358 1.6902891893060958 1.6443094485591958 1.621977152314385 1.6238126447787147 1.6380330748643768
7.768088125987658 7.908953124448025 7.847696663120021 7.625698014771626 7.296898516811832 6.9110953074132455 6.506956122835946 6.1190589937267195 5.759958723986699 5.234795648896064 4.7067039074666 4.235269875693498 3.8342066147994216 3.5057406909153648 3.2467566990566388 3.0523149675371934 2.9175390764303097 2.8431040558684737 2.830853541438627 2.849947155028905 2.878709519337639 2.9132101197926965 2.949082898596934 2.9807827181355715 2.9995305696994454 3.0022655400989757 2.988194149533361 2.957480810386542 2.8995577338449916 2.812591373737801 2.7037761273640917 2.580062893198058 2.4501014764540376 2.322747547865445 2.2003252952727257 2.084686425179132 1.9773738286604503 1.879644436301798 1.7926369105503506 1.7194037580506754 1.6613753613209843 1.62816627866141 1.631311181498742 1.647615349726947
8.908637488809605 9.013801499198792 8.849887103223983 8.494231420137922 8.029532506777866 7.519788495035057 7.006212866452133 6.511827577138848 6.020893893979142 5.448916147346274 4.862818445714366 4.337191989714471 3.8920340707367482 3.5286977613594366 3.241901539643482 3.0245758534391527 2.8715538909757337 2.7847286558681423 2.7609858923580215 2.780463338755257 2.8107331243793467 2.8481293886782897 2.889149879897115 2.9288635150790396 2.9590680302627703 2.9764075578595266 2.9780277688256396 2.958038975861441 2.9023608550127307 2.8191271196535297 2.715569910198795 2.598041591709639 2.477360200271646 2.3574600136704067 2.240546549365019 2.1286928470549955 2.0237482118222165 1.9272457660692077 1.8403522875065705 1.7642863029867408 1.7011694332949376 1.6547345149227173 1.6721141949156078 1.691977114906044
10.165554431239793 10.200569826010621 9.875452880884266 9.33394694036169 8.696538776315874 8.036699489991951 7.390299093394839 6.764299583939602 6.147345891950109 5.5180180578286135 4.905185772964341 4.354143629096666 3.8860035076070263 3.503202154763499 3.2001028331696157 2.9687795463534767 2.8071771271579875 2.713161115283356 2.681989679351308 2.70122611238615 2.7340641520807654 2.7751597666059027 2.8214269543319546 2.868286886223574 2.908467112518285 2.937969720222169 2.9518794639265282 2.940033314771379 2.8916629936338154 2.8164209679022933 2.7212924414814963 2.6148767487373634 2.5050743396917032 2.3939895678204213 2.283932631031027 2.1773232751494622 2.076493521309382 1.983532966234349 1.9002878220781827 1.8287141430435032 1.7729453179500876 1.7427541969680684 1.7430036443662755 1.7578917396388356
11.528422031759865 11.43222440876133 10.855394083467457 10.0702347653951 9.233083839249776 8.411939005603045 7.629833736673003 6.885089075811073 6.168719986338625 5.485813982555094 4.853555544644681 4.294293647911044 3.8203614038713236 3.4322980984838436 3.124072234851825 2.888633394413985 2.7258161586028065 2.629532656190742 2.595017946778686 2.6142048682570143 2.6500427610694337 2.694516080221575 2.744564739371563 2.7969631828428 2.844533837865967 2.88229029493562 2.9042886749489454 2.9026278795931315 2.868049345825116 2.8060131568610314 2.7234632136673533 2.631477400940454 2.5338820560149773 2.4327404727087156 2.330629620655294 2.2304829575054903 2.1352939507629327 2.0479021884902235 1.9710403713617664 1.907816729745625 1.8623949891953457 1.8354584410320833 1.8291046374830575 1.8373182501689764
12.978359293135652 12.602092009161028 11.64244624524618 10.582803649773341 9.554456964470734 8.591465839957982 7.697983214919775 6.86626457219843 6.086699677753591 5.36880074601375 4.728279090733065 4.172937210499689 3.7058106072655987 3.3237957726431095 3.019876000548669 2.7893205796863576 2.6306308242617256 2.536383345166191 2.5021120580126244 2.5221730089269023 2.5602827689601004 2.606764620339814 2.659632031033817 2.716221864981817 2.76974969342373 2.814912122735267 2.846601204689594 2.857427543741656 2.838016185233694 2.791558143944418 2.725393211474784 2.649177747648253 2.564750860662204 2.4742433872806013 2.380669115679379 2.2876746728011783 2.19906300955818 2.1184491223615156 2.049242190086901 1.994941808224776 1.956203172449046 1.9317765034714163 1.9219426023904542 1.925119518399892
14.484045851867297 13.288371596143003 11.956552378656397 10.7156195787167 9.574390324582021 8.530805894962445 7.577414851234339 6.7047934565950245 5.90543753751743 5.17980066322601 4.546078023642193 4.005807083175199 3.5551772444797374 3.1877443291290066 2.8954610307257838 2.6763536677928315 2.525998014016808 2.4372809418668173 2.405892020484687 2.4268517446408535 2.4661875702431377 2.514187027779514 2.569204685028409 2.6291622067270595 2.6883700601230798 2.7415541836834905 2.7846893387645286 2.808660816407072 2.8051976910189422 2.775768742233913 2.7285937885681535 2.6692692389669688 2.5986680232738957 2.5189432832522627 2.4337949784194364 2.347906658826052 2.2660667554886493 2.192614214540897 2.131361994896709 2.0843957787657805 2.049262232140426 2.027244138152547 2.0178893918220786 2.018342193606967
13.226857242157159 12.675305135884546 11.542560583224484 10.3677081135782 9.251552687414707 8.218345562787905 7.272313698307904 6.411216886416822 5.631875714845598 4.932992772898725 4.322554002032566 3.8076301089661877 3.381149784803487 3.0345510876808635 2.7596670160482155 2.5558557784188403 2.4164847813623416 2.33490305193315 2.3076170101896576 2.3303526906423104 2.370558363910624 2.4196496159024123 2.4763506370710746 2.539078206044859 2.603971827581554 2.6656852699053797 2.720771058595549 2.7575990524601117 2.7706413775629937 2.7600972444882257 2.733688991196155 2.692692684619847 2.6365010730674046 2.567050493221966 2.4892787781919714 2.4095882312444283 2.3340334799217723 2.2675898886616 2.213654200840735 2.170201974245716 2.138063186100253 2.118417067037292 2.1110820638112107 2.112944313760412
11.475177233814252 11.277680671120448 10.541527427371939 9.602228532957103 8.628589975918857 7.689764478098583 6.813635354996476 6.011013753505514 5.285674936456576 4.638614296458688 4.072894003359887 3.5920454732941787 3.195254211224037 2.873432152695146 2.6190455641197437 2.4317084283216084 2.3044731890830525 2.231617766991487 2.2103204487032198 2.235617465860117 2.27629590626943 2.3260753254293705 2.3840545421825237 2.4491270832192362 2.519211596599556 2.589383399971368 2.6548600980307273 2.703997273927652 2.733598283459308 2.7435604624662457 2.739961365766855 2.7198176103207214 2.678993289848247 2.6183041884805554 2.545490485383689 2.470212072120179 2.400063235376909 2.3400039888686273 2.289137500954662 2.248295168290648 2.2189980781902507 2.202141333440454 2.197527981285104 2.202739171255345
9.8239591890904 9.755083495448703 9.289489085668361 8.59596263949287 7.810468200747918 7.013696775585553 6.248607454706291 5.537009300325852 4.8894451330035515 4.310431533633077 3.802240380822839 3.3677935701449426 3.00430968368136 2.7094941624576316 2.477428727758528 2.3078735433088235 2.194143884053733 2.1313748809599486 2.117462760148876 2.1454080000250784 2.186142486963516 2.236200966704203 2.29502664129632 2.3619640357516603 2.4361768969668343 2.5140952287192806 2.586815064171018 2.6467175078641407 2.6917737642697395 2.7225412016183945 2.744029135294913 2.7496144556980404 2.726795331189164 2.67105922830229 2.598716384397982 2.5257025563468734 2.459962467173489 2.4018845701821703 2.352901981020756 2.314645392434158 2.288296554856221 2.2746307656281353 2.2734471911081098 2.283019658597075
8.337021124168102 8.319038122356245 8.017773201787232 7.518976065351509 6.9130000090049295 6.26844801356305 5.6299440723771825 5.02418561263131 4.46613491843181 3.9634030676739727 3.519064945283717 3.136696474843849 2.814931603832851 2.5495140837608994 2.34064258363187 2.1893929890844177 2.089822105177915 2.0379514149461126 2.0324182696980593 2.0621960063669316 2.102574152525339 2.1524995825456634 2.211702425776925 2.2799052584584123 2.3568405084826516 2.4396046029393696 2.516505178776917 2.5844452412047683 2.6419364725413543 2.6907296448641063 2.736697115759842 2.7748260941954888 2.7804223682662172 2.7176767562387774 2.6405908598838908 2.568769266396622 2.5036587972511097 2.447143520576569 2.4006865452978965 2.3654311856180708 2.342302686314207 2.3320347688732377 2.334541058585944 2.348624982060978
7.043329311575489 7.043977001551746 6.842799472235312 6.485242949339816 6.028178690034906 5.522609169292676 5.007000223057473 4.507461656273172 4.040361914500405 3.6150942859123965 3.236269602118844 2.9064034265641365 2.627784064693257 2.3974055021118983 2.2138476612621387 2.080728655204416 1.99541362654477 1.9548400675882458 1.9583687571295476 1.988144602652781 2.0277869438834224 2.0771920093323253 2.1363063530832944 2.205135127120652 2.283689217704381 2.3658881352826797 2.444410749203334 2.516764721655353 2.58175711527372 2.6415384518726297 2.7023412170909635 2.7610522885858484 2.7935775984984486 2.728790521999358 2.6547223077074364 2.5856614193966254 2.5240829618773506 2.471478515977396 2.4289891041515075 2.397561791112772 2.3780162482318916 2.371079753105334 2.3768075300924107 2.3941381466143827
5.94620694279309 5.951514398370275 5.812593326627352 5.554622941797763 5.213089345135249 4.823723474824668 4.416598068624821 4.014262165153148 3.6322108348261337 3.280234064866136 2.9638608916232863 2.6856153287272524 2.448314155536489 2.252066524767412 2.09624581947975 1.9844722702756827 1.9143828972031658 1.885253747622798 1.8965373874575264 1.9251534395758128 1.9637406946516338 2.012300297574306 2.07092551141453 2.1398085511076212 2.216487426924906 2.2946000632808614 2.3720425350959484 2.4451366242422425 2.5122735766000304 2.574567463787286 2.636364699265845 2.68920054343254 2.709568153226478 2.680799573974199 2.6276764657230327 2.5709367386489523 2.5181805794019922 2.4725916205648892 2.435919356362825 2.4093387580953207 2.3937452692305747 2.3898696871172618 2.3978391679193587 2.415395955927485
5.033266389001431 5.037477179484847 4.938220606170866 4.750034554007157 4.495243217637732 4.198264712050823 3.881411622365087 3.562788063584483 3.255819321937545 2.9696942263246475 2.710168323719063 2.4804180624480283 2.2821042071857454 2.117792578681839 1.9880373775660876 1.8973694133693721 1.844878621700163 1.830245307535144 1.847300023414245 1.8749363502077332 1.9122368111956785 1.9597211053112895 2.017578051288658 2.0849195466922383 2.155907917190016 2.228667210138583 2.3019103013143014 2.3729383671188637 2.4383274432044573 2.497023167946794 2.55160557186693 2.593826189027121 2.6117777091376233 2.600292864980275 2.5681818385179414 2.527810493140194 2.4872986223759574 2.4511120695912063 2.4217935246764153 2.4009260892035598 2.3895743286366846 2.3884662261807827 2.3975972218465973 2.411621744985946
