_RESULTS/CROSS_VALIDATION_POSTPROCESSED_80-20/Berg/TZ/9comp/3/Berg_TZ_z_180_kriged_reverse_9comp_spherical_3.asc
ncols 100
nrows 90
xllcorner 5.6208707817415728
yllcorner 50.959635321741573
cellsize 0.00013419651685393446
nodata_value 1.7014100000000001E+038
[rows 57 to 75 of 90, columns 44 to 87 of 100]
60.82849491570097 60.8162752876496 60.7661022168029 60.670209960232626 60.518881372455404 60.307891419468476 60.025162072854584 59.683042338083844 59.2834698198192 58.83672744378262 58.35453428113505 57.85226667466047 57.34653847029385 56.84601043980349 56.35439938419745 55.866335593763 55.36096889906382 54.82363316457825 54.28087066366226 53.77227317379785 53.3099426860404 52.900035849078684 52.538256387462525 52.46887320767774 53.151789251352376 53.80690359436871 54.385600240705756 54.87528838125175 55.27078372396574 55.56054374068397 55.7482886582925 55.852354077193226 55.894891614024665 55.89528218056529 55.87819545977531 55.833058458572005 55.73455834678541 55.627293429670274 55.52875588221661 55.45362734715552 55.41525700547335 55.42475143949005 55.48260993367906 55.539272485164574
60.581610801381245 60.58835536771943 60.56329133443544 60.5031761505103 60.39156978249684 60.21433637954306 59.968687564367585 59.66355219037077 59.30195315504099 58.896410459595 58.4574191229663 57.99586285304995 57.524075772594976 57.05110289893837 56.57902361033087 56.092696352701154 55.559186125926 55.04404177907235 54.69357235484919 54.2701743487661 53.860394082321115 53.50178613781765 53.24523371904115 53.24732779561434 53.581348106218755 54.0288250603568 54.46096902012504 54.83648749478608 55.14179788473016 55.376411895192454 55.54835518036534 55.659712944619265 55.72157694594577 55.757145513753294 55.78436016812097 55.77598357644541 55.715527108546326 55.64762634763496 55.58907078345287 55.55326479021247 55.55229503479187 55.592280413772514 55.6266035175189 55.65178417649954
60.24883446413602 60.26467654613875 60.25398026056112 60.21272852773425 60.136699233527594 60.00379321308152 59.803988691586916 59.53868531599711 59.21704167106563 58.852920919814 58.45620102302526 58.0339208073809 57.59528568629777 57.14801178153618 56.690176086961976 56.21141851662067 55.71196428326306 55.29601741338836 55.019963550745445 54.726589168141004 54.4079083762401 54.128904501145925 53.946263315884345 53.92470778810187 54.07901732154996 54.33474134899787 54.612387715140656 54.86801470917292 55.0834923913021 55.255013374045326 55.38616791586326 55.48311977938493 55.561430313058246 55.63437268119591 55.703252739743924 55.726850698323624 55.70162357522962 55.671307258844735 55.65114119617688 55.65322525951315 55.67108249094912 55.67435037868924 55.676308507698224 55.67631590911664
59.847337235781175 59.8656347439644 59.8622432427869 59.833312117832584 59.77514289903026 59.68145222616494 59.52855554329683 59.30336428187641 59.02088421620035 58.69385568427883 58.33400831766434 57.952068428123795 57.551440973501364 57.136693259873184 56.711880540042195 56.28198923065722 55.87271268070773 55.54172129485995 55.30188559445164 55.09396187797794 54.890394470705026 54.70497222935702 54.55612906338746 54.49805375978626 54.544243434654916 54.66410036550416 54.81620115571489 54.96951584017754 55.10726929697635 55.2230931588802 55.31635227402134 55.39905788182408 55.4821744133225 55.57136746035252 55.660341161911084 55.70263267632388 55.705303210287695 55.70881122573723 55.71719614219208 55.71297244635062 55.69489328875471 55.6764811005385 55.67631590911664 55.67631590911664
59.39793992742952 59.414095274293786 59.41314116752574 59.39166251822512 59.34652171142434 59.27429340593825 59.15437321499801 58.966820240072416 58.7171824490761 58.42200213991481 58.09579482493292 57.750484235430655 57.39510875055161 57.0279492468129 56.65538673968691 56.29232656717906 55.96464312398329 55.70264312520782 55.511604461794285 55.36657455114147 55.247146267410955 55.141298376303425 55.04849303625389 54.99183560628559 54.98102054618318 55.010391348584996 55.07069823789487 55.1443403067599 55.21838950123789 55.28642131559127 55.35756618336698 55.43688153498103 55.52751909087363 55.63410372634171 55.72992500791495 55.78033805419261 55.78921362760949 55.782822625135275 55.76242940685094 55.72855033408855 55.6891327505538 55.67631590911664 55.67631590911664 55.67631590911664
58.924351739597945 58.9351857660645 58.93308428874384 58.91539001429331 58.88000024812933 58.82070794083607 58.70853167275215 58.53991547943219 58.31913965157859 58.05368912631601 57.75857662824362 57.44750267288269 57.131895955970855 56.82126872119466 56.5143827162255 56.2236614347826 55.97049485512924 55.7732375175698 55.63575213244457 55.54659417863642 55.490496782330545 55.43494721791748 55.3809377821908 55.34127193677468 55.32343060789759 55.32695650336641 55.34590201605503 55.37297331868878 55.4062681477277 55.45352516876336 55.5151534123016 55.59198157057187 55.68521478442291 55.79025794194579 55.85985621498259 55.87538137483802 55.855523655716496 55.820868384636704 55.77224663323018 55.71642805919753 55.68258795770815 55.67631590911664 55.67631590911664 55.67631590911664
58.46602726859162 58.46951181778303 58.46292245118476 58.44288499485707 58.40723313453906 58.33890928727731 58.219356150413695 58.05496660066011 57.850668770264 57.61185633490635 57.347392867973866 57.06947371152145 56.79161633653408 56.52607692260306 56.28486721474479 56.069676807381555 55.88940227682574 55.75708933161757 55.67643995882086 55.6421173976688 55.62973875322547 55.60813320419099 55.581369220574736 55.55637755575831 55.538477699262046 55.52928213047568 55.52858604511483 55.542237845360745 55.57059348592007 55.613304587347734 55.67063561077252 55.743348505181615 55.83233918378683 55.9124002276407 55.94623797090337 55.92631777090662 55.87980116410564 55.818362843449734 55.75076935575716 55.70152656317209 55.67777909549343 55.67631590911664 55.67631590911664 55.67631590911664
58.04361198893334 58.035538293141464 58.01920458377654 57.99255740296951 57.94877384388092 57.86219801407284 57.727600152650226 57.554972969222774 57.352629328841196 57.128126785673004 56.88966969356633 56.644707680586826 56.404411237585784 56.18114511582269 55.987476004607615 55.835016735694886 55.728263034187286 55.66301157548501 55.64247420678359 55.659676884943366 55.674055890663475 55.67667379056927 55.66942245802626 55.65602339010027 55.643162163094054 55.63742521838071 55.642058675658035 55.658731322941335 55.68827118609414 55.73129394472846 55.78850954346339 55.86070635814732 55.940876770447176 55.98637899731569 55.98328683133281 55.93062170862112 55.85863513885383 55.785538477094185 55.72658959944059 55.68845226449163 55.67631590911664 55.67631590911664 55.67631590911664 55.67631590911664
57.649666050560235 57.64216321938383 57.616511205853925 57.58268057229973 57.51799175877414 57.41214135565649 57.262566316788636 57.07637979778405 56.86925304881041 56.64885789937423 56.4240496083562 56.204838095556 55.999304976150746 55.816201978677206 55.66640358801743 55.55973918624443 55.50351665705415 55.500869517416454 55.54291951079252 55.59247762161868 55.629113296806366 55.65297527233245 55.66642799511686 55.67364722527518 55.679498612151946 55.688450082000685 55.7039871349455 55.728576237779684 55.763944128515654 55.811395868443746 55.87199040210413 55.945370757510105 55.99757363742649 56.006982060115575 55.96489053556398 55.888972072459154 55.81560666544889 55.751962839329984 55.704615148440304 55.67930790021332 55.67631590911664 55.67631590911664 55.67631590911664 55.67631590911664
57.28648785291859 57.30367813958107 57.27590450285791 57.221646687471875 57.13353019144294 57.008936131580626 56.84636580863371 56.64730605501687 56.43182226508241 56.211687203244374 55.99553043550976 55.79279610882494 55.61358072969737 55.466608339176496 55.35712561679904 55.29286260481899 55.27940072804965 55.31899951918958 55.39014266042952 55.45995834154258 55.521728738443244 55.57035680884351 55.60790420062723 55.63771957633402 55.66376284943584 55.68996467915633 55.71977788760574 55.75600991141968 55.80085942871564 55.856013472964904 55.92267509209671 55.97834393199999 55.99549362853457 55.97136882256783 55.90798021320247 55.83743400475979 55.77315364200659 55.72122660317326 55.687373880189796 55.67631590911664 55.67631590911664 55.67631590911664 55.67631590911664 55.67631590911664
56.96709618525196 57.013794402408955 57.00078073643894 56.92377734525017 56.813430817593144 56.671704078921934 56.49814267302823 56.293665759881506 56.06857734781041 55.84644440263467 55.63636852073994 55.447266418778085 55.288345875251544 55.16883248008608 55.0960617502305 55.071612096412146 55.09927835831847 55.165311697758 55.23714141740389 55.30982361931467 55.37964148527239 55.44401673570917 55.50191767693388 55.553843587691986 55.601344518239436 55.64676294515984 55.693343410769415 55.743959783438434 55.800979609000436 55.86713451614473 55.92830567151791 55.95900597529994 55.95566939821701 55.91432539791683 55.84889706287265 55.78708301545638 55.734442133063844 55.69632916631095 55.67757554224091 55.67631590911664 55.67631590911664 55.67631590911664 55.67631590911664 55.67631590911664
56.71198864058845 56.76484281726369 56.76693488926673 56.70073939979999 56.57439944067513 56.41788362962718 56.235886321975535 56.030357894533125 55.80484571968016 55.57964758485075 55.374060580206 55.19654792680383 55.055518532980464 54.959100151687515 54.91479944885447 54.92708208729611 54.978050739921045 55.04032122086431 55.10991306531056 55.18313290671362 55.256692674226436 55.328187063635724 55.396400901656186 55.46136510883598 55.52419076278207 55.58678327595753 55.651544814879095 55.721128336392844 55.798245927843396 55.86879606876204 55.91179811238898 55.92437910279584 55.9031488939976 55.849022953152584 55.79199127573736 55.74172270667046 55.70301075515348 55.68044449510078 55.67631590911664 55.67631590911664 55.67631590911664 55.67631590911664 55.67631590911664 55.67631590911664
56.517869461517414 56.55894355337684 56.57208149279423 56.52807726361129 56.4228193739804 56.26255666704068 56.074923675865364 55.87098885748145 55.65502205574988 55.433655011782534 55.231788734979936 55.064426748980786 54.93930810183068 54.86363279007336 54.84362428438095 54.86318851548104 54.90480357841878 54.959848816751844 55.02486654996829 55.09652356574163 55.17186021190287 55.24863071210579 55.32553872952561 55.40231387030383 55.47963285581672 55.55893274420538 55.642174572092614 55.73107279989896 55.80712661305232 55.85854118043786 55.882784064598845 55.87688512573889 55.837801527303775 55.78730327867662 55.74181320174555 55.70549599389596 55.6825241883981 55.67631590911664 55.67631590911664 55.67631590911664 55.67631590911664 55.67631590911664 55.67631590911664 55.67631590911664
56.38538850300413 56.41460114721071 56.4221724597823 56.400798749312095 56.32508184272302 56.19806978244315 56.02680504542622 55.82741158242845 55.6229369679647 55.42001138380528 55.227244817624644 55.06919372912612 54.95838486920241 54.89621863754023 54.86588441430349 54.86455038032114 54.89094206799311 54.93684438036824 54.99546643021562 55.063807467400906 55.139191258716245 55.219522351134266 55.30346988876179 55.39054206834357 55.48104508362487 55.575945877704456 55.670944493327944 55.74815010377425 55.803938801982746 55.835778540739454 55.84089032831033 55.81609546693914 55.773567871768556 55.73469857945466 55.70313275656149 55.682554780663054 55.67631590911664 55.67631590911664 55.67631590911664 55.67631590911664 55.67631590911664 55.67631590911664 55.67631590911664 55.67631590911664
56.31872058202085 56.34238877855168 56.34144621053463 56.322258071700794 56.27698026896506 56.186015774993436 56.0560016645862 55.89590950610722 55.71567451560529 55.532594785156874 55.36512303257118 55.21955475323386 55.10179832993727 55.01619078248054 54.962317068008424 54.93940376734603 54.94645046790359 54.98076502125928 55.031747760886965 55.09541335161041 55.16935098744264 55.25160655539836 55.34082757429136 55.43632503663311 55.53510868998046 55.62353492791148 55.69709971380925 55.75290433677762 55.78819241983499 55.80015505702942 55.785753374479455 55.752515869374896 55.721603209852745 55.69654045164242 55.680519392504145 55.67631590911664 55.67631590911664 55.67631590911664 55.67631590911664 55.67631590911664 55.67631590911664 55.67631590911664 55.67631590911664 55.67631590911664
56.32740368011496 56.35224208869653 56.342568993338624 56.31851206820274 56.28093353204437 56.22521826479216 56.135906168771896 56.02094579092167 55.89005975504525 55.74792520898284 55.60049465809044 55.45477918665734 55.32094532275246 55.21129373104684 55.13457911066357 55.090432504447385 55.07816315705066 55.09692522056845 55.13961642935564 55.19764062431142 55.268841750756984 55.350875929959464 55.435930376766784 55.51829817411325 55.5938635102745 55.658955832314646 55.71027478587488 55.744760687932406 55.75943757184596 55.75124728500222 55.72719419098115 55.70503418915642 55.68760918025545 55.6776447046969 55.67631590911664 55.67631590911664 55.67631590911664 55.67631590911664 55.67631590911664 55.67631590911664 55.67631590911664 55.67631590911664 55.67631590911664 55.67631590911664
56.40577270754798 56.43980377867494 56.42674845631008 56.39803754061151 56.35764337572874 56.307414354066665 56.24683807889376 56.16180473307725 56.056164928489274 55.937177891366574 55.811711835502074 55.68628513301823 55.56705150070582 55.45972392058055 55.37007034278032 55.30874270410687 55.27863331212236 55.279463629271554 55.30825513703738 55.35225057619475 55.406060138050904 55.46557619035898 55.52664487373733 55.58524824851252 55.63760792211245 55.68021000260547 55.709762980166225 55.7231059271047 55.717131204393766 55.70206275612861 55.68880461786932 55.67947105772305 55.67631590911664 55.67631590911664 55.67631590911664 55.67631590911664 55.67631590911664 55.67631590911664 55.67631590911664 55.67631590911664 55.67631590911664 55.67631590911664 55.67631590911664 55.67631590911664
56.48988432032919 56.536764651625504 56.527459474282004 56.49475532669981 56.44903626239783 56.39257573282425 56.327802998266776 56.257131677830806 56.174349570693224 56.07635317867614 55.97003309428348 55.861688832758084 55.75707234052511 55.66138094396387 55.579205680572755 55.51444994371256 55.470479502431346 55.452765949487095 55.46198779773203 55.487711964156716 55.52136284237144 55.559518691376965 55.59861787054202 55.63510190269145 55.66550242819655 55.68646933023338 55.694745263189525 55.68960233398575 55.682908382584614 55.67792940545999 55.67631590911664 55.67631590911664 55.67631590911664 55.67631590911664 55.67631590911664 55.67631590911664 55.67631590911664 55.67631590911664 55.67631590911664 55.67631590911664 55.67631590911664 55.67631590911664 55.67631590911664 55.67631590911664
56.57258987518736 56.63024432014634 56.625767814971994 56.58847765128691 56.53685394950756 56.47373764989776 56.40197791304901 56.324255097881604 56.24303471418891 56.16046867056077 56.07215553412779 55.97929522177416 55.887472220066826 55.80161323536789 55.7259972223866 55.66423429109708 55.61922822743727 55.59313721439754 55.58734438196045 55.59756153555566 55.613276893340824 55.632145263961085 55.65109607105614 55.666960240375005 55.676540548375776 55.67751010451416 55.67654634437596 55.67631590911664 55.67631590911664 55.67631590911664 55.67631590911664 55.67631590911664 55.67631590911664 55.67631590911664 55.67631590911664 55.67631590911664 55.67631590911664 55.67631590911664 55.67631590911664 55.67631590911664 55.67631590911664 55.67631590911664 55.67631590911664 55.67631590911664
