_RESULTS/REVERSE_NEW/Berg/GZ/7comp/Berg_GZ_z_63_kriged_reverse_7comp_test3.asc
ncols 100
nrows 90
xllcorner  5.6208707817415728
yllcorner 50.959635321741573
cellsize 0.00013419651685393446
nodata_value 1.7014100000000001E+038
[rows 36 to 53 of 90, columns 41 to 81 of 100]
5.429240943823682 3.138338888321522 1.4099823058848118 0.5075297737530119 0.15661191496028828 0.04567367744652518 0.014168758843332643 0.005309733502682267 0.0027114571953493647 0.0020755503259204003 0.002510196313349194 0.004779977023767041 0.013424879008296734 0.049134677791517825 0.19778722072084381 0.7214313006548149 1.9814920929773963 3.5719525677836885 3.9150193198319596 2.513911958460111 0.9540969454496133 0.23339586069353888 0.04267083593792934 0.006908645345138026 0.0011694292097180474 0.00023934131150524834 6.626387720882543e-05 2.668386521704728e-05 1.6143241914023225e-05 1.4622994021622331e-05 1.921037297947184e-05 3.4733940977269696e-05 8.096002634069759e-05 0.00022623423616728865 0.0007029951945608164 0.0022556372663859268 0.006972905994364462 0.01955139268040865 0.04743464218856536 0.09657187453310513 0.16280104534772302
3.8091390151204005 1.9575068107015918 0.7798699752304685 0.25134444305517856 0.07076602927713732 0.01931839263941654 0.00578253293450029 0.0021596846359723926 0.0011334679484020964 0.0009145745114951955 0.0011852672622467103 0.002431258545220491 0.007305628948745307 0.028102464395349365 0.11587425084707666 0.4204985377914717 1.1157156416941645 1.8815862932829306 1.85929937862866 1.0448160312434862 0.34483165788830406 0.07425376779735564 0.012179078155683408 0.0018101228074857646 0.0002888194745464373 5.732693909384049e-05 1.583803192086116e-05 6.540431196221884e-06 4.161857632445277e-06 4.05848521511074e-06 5.8629605268961666e-06 1.1883976231859677e-05 3.1587418230367115e-05 0.00010208645930052705 0.00037056719304318184 0.0013950990794329933 0.005047620625558634 0.016399052444055578 0.04532131384554179 0.10281363231896369 0.18852428352264305
2.503433961302711 1.162933537685413 0.4194480639003059 0.1235201029206844 0.03224576740085735 0.008315733557240242 0.002401585204135216 0.0008840358371803112 0.000465940721607468 0.00038270137931519226 0.0005080169459791694 0.0010649922402177138 0.003236221576097603 0.012372349634306865 0.049642642666222994 0.17166009264068777 0.42571593267161134 0.6572732312980504 0.5818178438271016 0.2899268284320181 0.08558262709816486 0.016798179564092377 0.002568951030211309 0.00036505298727927476 5.718947186028685e-05 1.1442617133272092e-05 3.2662408930279387e-06 1.424793996919325e-06 9.765731357420417e-07 1.0435958302967796e-06 1.6778431822534096e-06 3.838714083569619e-06 1.166442494408442e-05 4.356770489020018e-05 0.0001842316366893388 0.0008109048224979094 0.003422656564218727 0.012855861291699322 0.04043778656870152 0.10226455672359988 0.20425974464087873
1.61191481486366 0.686020775424646 0.22709434622636168 0.06175149390918491 0.015018635436972735 0.003647413382748965 0.0010033754889804576 0.00035548949520503476 0.0001817148339885133 0.0001452498187302779 0.00018734940010409275 0.0003791314166056709 0.0011002970749504416 0.003965232832744988 0.01480299279118276 0.047134841898787555 0.10695368332948535 0.15055656607452364 0.12154270635340106 0.055746503142832374 0.015432247774833057 0.0029076035214529216 0.00043750760074330207 6.270005626224669e-05 1.0139722466148139e-05 2.1378932219596174e-06 6.542188854156119e-07 3.101568327891095e-07 2.3352639565674014e-07 2.7651458592828113e-07 4.963366971433805e-07 1.2769912056846635e-06 4.3948914617557705e-06 1.8718324682813936e-05 9.07534382582995e-05 0.00045932008325304924 0.002226524456650258 0.009541934960143364 0.0338259403086763 0.0947705481880716 0.20558756125327285
1.0401950392315413 0.40926162162476337 0.12527371455209538 0.031566288689418576 0.007136017706161901 0.0016160529952236643 0.00041557171503254196 0.00013773016439059947 6.57409166877702e-05 4.8846491401910767e-05 5.816246123976632e-05 0.0001077614242095311 0.0002840195549237481 0.0009238816152113901 0.0031061321530523925 0.008934754979984463 0.0184827250219354 0.024067920261003063 0.01832801374285933 0.008124600334081819 0.002233904554881024 0.0004296600489070717 6.769128586058131e-05 1.0380747697161225e-05 1.8275276707738676e-06 4.245852077187352e-07 1.442010481609887e-07 7.61029269028216e-08 6.378940181857667e-08 8.396213701419488e-08 1.672645582193334e-07 4.772972783896514e-07 1.8232681088561393e-06 8.636944668740605e-06 4.669758457776963e-05 0.0002641148902428142 0.001430906392789069 0.00683194077890761 0.02678375089187311 0.08203876937695176 0.19178968235058957
0.6741973273635464 0.24655033744654262 0.07004498440786971 0.016363117834606207 0.0034238148053361847 0.0007156503399073494 0.00016907715781001758 5.113500127500942e-05 2.2076573124585056e-05 1.4686589544460267e-05 1.5500406043685536e-05 2.5249202818352162e-05 5.826854734590732e-05 0.00016626192654051801 0.0004948239587204714 0.0012816246976215839 0.00244640397994115 0.0030306141831003427 0.0022722675562050544 0.0010277811975227687 0.00029837978979524937 6.244100254492162e-05 1.096155301745698e-05 1.9043688172707645e-06 3.832461459217451e-07 1.019796495046868e-07 3.950999854713644e-08 2.3586401119068195e-08 2.211672821682716e-08 3.2183210241050157e-08 7.011197718793513e-08 2.1689475882949093e-07 8.93040562549421e-07 4.546921613193752e-06 2.6414388425680666e-05 0.00016071644271909534 0.0009381910536656561 0.0048295256414776075 0.020380839561604688 0.0668973048911168 0.1663807681182408
0.4332343853906053 0.14777643666438978 0.039080402316205784 0.008475235880381076 0.0016393588987236925 0.0003147717873512246 6.771074144141333e-05 1.8434202756659468e-05 7.0705908648710595e-06 4.123207467811861e-06 3.770998682695805e-06 5.285853447838017e-06 1.0496428262275626e-05 2.600232694655905e-05 6.846801522327563e-05 0.00016146307603740896 0.00029119245871171213 0.00035566625687650225 0.0002749840127234368 0.00013392846380875904 4.349116115102326e-05 1.0490051262033548e-05 2.1655217628028405e-06 4.466561314430329e-07 1.0668051655109935e-07 3.3397392731660526e-08 1.4994561895486986e-08 1.0175234908938723e-08 1.0617950536932634e-08 1.6835320056831266e-08 3.920392810155305e-08 1.2759741169504332e-07 5.46295614756666e-07 2.871154403260737e-06 1.7162729996341325e-05 0.00010749033184373011 0.0006478132347380785 0.0034578793669368386 0.015197428288671561 0.05210632810833312 0.13545676294144288
0.2702851178761588 0.0862994229367774 0.021344157074448353 0.004320341888462272 0.0007768601435132063 0.00013773224174031158 2.708800957117762e-05 6.6568987222646605e-06 2.271374843479577e-06 1.161392779741077e-06 9.206089019329018e-07 1.1120541024483325e-06 1.908718794576519e-06 4.143568194678028e-06 9.806451908607307e-06 2.155139643489566e-05 3.787960950065943e-05 4.739261259951629e-05 3.9472898903379335e-05 2.169369027699101e-05 8.259393923331293e-06 2.399776523205622e-06 6.05354257694436e-07 1.5280282794973194e-07 4.4226145279872456e-08 1.6465672515743173e-08 8.575296603369677e-09 6.561743958400037e-09 7.498494935300536e-09 1.2658585704279187e-08 3.059821252196832e-08 1.0119308502244639e-07 4.330840916863318e-07 2.250482781395493e-06 1.3227594563319023e-05 8.14273645168903e-05 0.00048434523748855276 0.002571354590095094 0.011350808929928728 0.039482814958209496 0.10501002239723432
0.16019516803901393 0.0481215814265007 0.011222311116313704 0.002144387429707439 0.0003636626657036277 6.056504997661216e-05 1.1104162421228855e-05 2.5159387432501245e-06 7.809577526147799e-07 3.5837265803606773e-07 2.5219485230062815e-07 2.691453246184895e-07 4.0985256932906365e-07 8.01655209737384e-07 1.7569921705289478e-06 3.7162128641580125e-06 6.588168185771291e-06 8.750592465083113e-06 8.138609674590207e-06 5.223962990853146e-06 2.405214979345731e-06 8.636548559693383e-07 2.7119966465935214e-07 8.464610653996417e-08 2.9736098903157463e-08 1.3075320098331579e-08 7.784531550151795e-09 6.57689705695013e-09 8.017531354995201e-09 1.3979206656895495e-08 3.390645252806223e-08 1.098048277444789e-07 4.514500915554201e-07 2.2238276117886327e-06 1.2302546788926564e-05 7.121626959925606e-05 0.0004003677262278749 0.0020297823604448063 0.00867907981882091 0.029712988468853226 0.07897097798463701
0.088742107539776 0.02526761351613741 0.005625283654417651 0.0010328661993171339 0.00016909536098377696 2.722618699358735e-05 4.813598155886309e-06 1.0446905077017637e-06 3.075306356619849e-07 1.3233675881525367e-07 8.648960014398957e-08 8.531449090306063e-08 1.2047653197756935e-07 2.2153913521674715e-07 4.6804554311699975e-07 9.88758500924018e-07 1.8282562084044873e-06 2.6546052030663107e-06 2.8250491331549413e-06 2.1578023804491647e-06 1.2162599121278282e-06 5.425303949743879e-07 2.1158666699669804e-07 8.086304486279672e-08 3.3901364940066e-08 1.7202469585848754e-08 1.1382183248794431e-08 1.0285029458077504e-08 1.2926748863084775e-08 2.2471972007716982e-08 5.276306644923955e-08 1.6133133952387658e-07 6.139627900647513e-07 2.760194883889554e-06 1.3827551483011274e-05 7.240398595998312e-05 0.00037030692875484727 0.0017287935582187123 0.006925962862089116 0.022671735154489683 0.05880843243877546
0.045657900003484554 0.012446687084257651 0.002688432239410662 0.0004853880124226371 7.907737304607029e-05 1.2782432744443966e-05 2.2788253631574858e-06 4.984032229744568e-07 1.470950212261401e-07 6.294900107462067e-08 4.0569070403442435e-08 3.923978887644345e-08 5.43549959149597e-08 9.891929315321073e-08 2.107170390619773e-07 4.615176634933403e-07 9.161460991055598e-07 1.4835556505162568e-06 1.8265160851205173e-06 1.6637957324321607e-06 1.1410192549829323e-06 6.235365278675366e-07 2.958044933201455e-07 1.3477396171016005e-07 6.533936765115506e-08 3.694137431674292e-08 2.6168487715787736e-08 2.434025091339572e-08 3.036562497095098e-08 5.073308842813778e-08 1.1134063337804189e-07 3.1088072539271346e-07 1.060450416908167e-06 4.216340839016128e-06 1.854047383588842e-05 8.513693186962128e-05 0.0003842065822391873 0.0016035350992000378 0.005853453236170756 0.017863305649246104 0.04424645520046751
0.021951376847387724 0.00580001845521483 0.001238629021345982 0.00022576258795594146 3.787663494724923e-05 6.412357223738004e-06 1.2118432279491654e-06 2.8270197528138194e-07 8.900843384902367e-08 4.044217446714692e-08 2.7464621959148345e-08 2.7785638394173603e-08 4.0091499939994994e-08 7.613826411890067e-08 1.7084562649787698e-07 4.0093043155656773e-07 8.726755177126341e-07 1.5905418075365166e-06 2.2601693231038227e-06 2.4241162317949615e-06 1.9791368616683844e-06 1.2871550452042167e-06 7.17676404689415e-07 3.7529822859215995e-07 2.021496823356808e-07 1.222644572925854e-07 8.906362030197951e-08 8.201704490564698e-08 9.789549749274881e-08 1.5193685890509222e-07 3.021864903020203e-07 7.492821795428004e-07 2.2335303760266434e-06 7.67101042416237e-06 2.895077185326204e-05 0.00011405393438589361 0.0004444019760381934 0.0016228611221216738 0.0052852549116372445 0.014737891672846181 0.03422417042339756
0.010049882099442072 0.00260955450668207 0.0005621596551260142 0.00010627434698740698 1.900455889034e-05 3.51398974058641e-06 7.393967102621285e-07 1.9445316901959632e-07 6.936524952937049e-08 3.5638608207864234e-08 2.7170294985756948e-08 3.055390313503134e-08 4.853544933198597e-08 1.0082775722499801e-07 2.4718319011854406e-07 6.367587314078141e-07 1.5366253911944505e-06 3.1458011492235505e-06 5.086891772096668e-06 6.267972831281306e-06 5.896084136613921e-06 4.3918516356131615e-06 2.7611783531013387e-06 1.5885712470269286e-06 9.120896425429398e-07 5.673710094465146e-07 4.097443726908695e-07 3.6125980892206777e-07 4.0024659907825986e-07 5.617205790403391e-07 9.889174227791973e-07 2.1338655138119643e-06 5.463047943320785e-06 1.5965185591934636e-05 5.1017521656369403e-05 0.00017023584546672975 0.0005654481439993841 0.0017831275670874276 0.005110625557679942 0.012839939771199736 0.02756903499619162
0.004514729366341141 0.0011690886505719364 0.0002591064068547319 5.210256957059522e-05 1.0243900890708858e-05 2.1462746964415466e-06 5.245178325078584e-07 1.629826932677667e-07 6.927543390682099e-08 4.23991681068019e-08 3.820924808405269e-08 5.0135471633718724e-08 9.15145376122105e-08 2.1526737517183856e-07 5.906387333080609e-07 1.6906737366665071e-06 4.5217463238716815e-06 1.0268010496651793e-05 1.8456291328657962e-05 2.5297487083316286e-05 2.6386074955612773e-05 2.1595064517648252e-05 1.4680966243380832e-05 8.928835187495268e-06 5.2698929415082865e-06 3.2660565046530956e-06 2.275632764855066e-06 1.8772664540456516e-06 1.8935386797600248e-06 2.364343576783845e-06 3.6354195319622927e-06 6.753278312768667e-06 1.4725089146242975e-05 3.638231985037823e-05 9.794616469748605e-05 0.00027560715379331254 0.0007768567816293768 0.0021042707041744346 0.005272951265028352 0.011842621958560517 0.023303751291792775
0.002066855905657467 0.0005417457292293073 0.00012577755982612378 2.7484645876711566e-05 6.090071582452914e-06 1.4868225378989146e-06 4.3523011992966506e-07 1.6516787665139606e-07 8.658805827407877e-08 6.535401850677325e-08 7.196320733551948e-08 1.1350481780204287e-07 2.439462473426702e-07 6.609265372107435e-07 2.0461264227667373e-06 6.496250379208559e-06 1.9025583840164303e-05 4.689653308150656e-05 9.095280118743441e-05 0.00013382303110345196 0.00014888206040395227 0.00012875342079899906 9.124443416552884e-05 5.681243619267005e-05 3.357674778314911e-05 2.032257402068373e-05 1.3469069113295237e-05 1.0299247593223758e-05 9.403015324042245e-06 1.0411076231225812e-05 1.3958882304105172e-05 2.231875753275054e-05 4.1488263894063665e-05 8.684579727277212e-05 0.00019752352925345564 0.00047012521373889497 0.001127468415201224 0.0026271424968383004 0.005754732831118098 0.011529901253054484 0.020713234468073164
0.0010050109454832724 0.00027056234998870074 6.683539583050044e-05 1.613173735080331e-05 4.096632183986438e-06 1.1853115580942548e-06 4.226170871929966e-07 1.9906873302206474e-07 1.3067693694121568e-07 1.2327748135256722e-07 1.6768264690218513e-07 3.2028022783193367e-07 8.127497365960175e-07 2.5290047014565006e-06 8.752375527942452e-06 3.032747175802577e-05 9.506723883498502e-05 0.0002471824450965425 0.0005004963793013199 0.0007631692884423268 0.0008744978556966669 0.0007737372802988906 0.0005561562961455378 0.00034718736932565317 0.00020269863393731672 0.00011905376708505514 7.505174561192998e-05 5.3452486080658196e-05 4.452827388473102e-05 4.414627579275117e-05 5.215180699512765e-05 7.252249663867365e-05 0.0001161175194775975 0.00020801757544718164 0.00040368234241276496 0.0008204132770081246 0.0016884711450555986 0.003408844067367198 0.006561694364214266 0.011763070802267846 0.019305870705543387
0.0005402965778618117 0.00015150696309618772 4.0328587027615676e-05 1.0868038124911746e-05 3.189487148382744e-06 1.0996012700920987e-06 4.785487542338061e-07 2.794203552794023e-07 2.2857433313110753e-07 2.672890032843201e-07 4.4385609010588035e-07 1.0110996426934484e-06 2.9730094610926998e-06 1.0389510456038329e-05 3.916695729806721e-05 0.0001438713976348773 0.0004676756821625847 0.0012408397808287889 0.002537281129766147 0.0038847086277443398 0.0044575212770203414 0.003943625821044526 0.002828876557846746 0.0017553908764555651 0.0010116068206632036 0.000580349887613365 0.0003524299706066419 0.00023784865944478443 0.00018443978558096652 0.00016722235513070947 0.00017772567343468044 0.0002192620477692648 0.00030804621357904076 0.00048049585640393876 0.000808481526432406 0.0014240045097427944 0.0025491236461253016 0.004511628079188741 0.00770502051148777 0.012447338054913595 0.018748189310117472
0.0003323020114535571 9.835391599108906e-05 2.8490363092326025e-05 8.619899134639066e-06 2.9247589126236093e-06 1.1952572954433544e-06 6.279151676319422e-07 4.4679829855089405e-07 4.452816571313271e-07 6.278804197175684e-07 1.2330834568578369e-06 3.234518550768793e-06 1.0614436544764938e-05 4.006495871403835e-05 0.0001581464906431703 0.0005921908920207782 0.0019224628250342575 0.0050261350691326485 0.010062184564632693 0.015073394685099302 0.016981894782851212 0.014834249221326676 0.010566149617408373 0.006535090710814089 0.00375526788249122 0.002139821333950363 0.0012798177413664228 0.000840072863560732 0.0006238251653829884 0.0005324654209362046 0.0005238018538526671 0.0005889404825921468 0.0007443534541803557 0.0010343342889145932 0.001540885083640172 0.0023974200677200647 0.003797635915132723 0.005982263377669522 0.009181390040050412 0.013503700951437004 0.0188060949984724
