_RESULTS/REVERSE_NEW/Berg/GZ/7comp/Berg_GZ_z_250_kriged_reverse_7comp.asc
ncols 100
nrows 90
xllcorner 5.6208707817415728
yllcorner 50.959635321741573
cellsize 0.00013419651685393446
nodata_value 1.7014100000000001E+038
[rows 19 to 37 of 90, columns 43 to 85 of 100]
0.7588964847419402 0.7639186348053704 0.80378379730191 0.8746217308314448 0.9709588980213932 1.084665332053923 1.2049782592161995 1.3200949684747794 1.4202105735910293 1.5007119905213968 1.5629458960826126 1.6115290204907338 1.6510745856868587 1.6852212320218982 1.7170709194085243 1.7489664725736036 1.7815849407801538 1.8134667242052604 1.8414031242602853 1.8613658718149289 1.8695668195126678 1.8633603453006446 1.8417977130195093 1.8057451584275015 1.7576049806543752 1.7007831070052746 1.6390830801385272 1.5761749645851924 1.515221172301697 1.4586761119028844 1.4082335720945858 1.3648778525987602 1.3289947083143083 1.3005068275506186 1.279008762028757 1.2638845890662882 1.2543979882738543 1.2497501927780814 1.2491070746099957 1.2516018372086897 1.2563236568699212 1.262304891059892 1.2685199500580884
0.6313325760460745 0.6563699340236059 0.7142265143420975 0.8026868800024074 0.9172421177280056 1.049679735891553 1.1879944136372171 1.318195134449684 1.428090668367654 1.5119112217441408 1.5717928484809254 1.6136715511743123 1.6426806307327564 1.6629615790586114 1.6789801394859167 1.6947587002918794 1.7122418295329809 1.730801278627561 1.747877620721245 1.7600204901163758 1.7639008311055666 1.7571096058157705 1.7386261046559868 1.7089097320458564 1.669669001637439 1.623437803391399 1.5731059711630988 1.521515500173721 1.4711769081472799 1.4241114092620304 1.3817966897271297 1.345185427482007 1.3147682547709343 1.2906590286234483 1.2726856379416045 1.2604729288044167 1.2535068651477739 1.2511729176919628 1.252767699611505 1.2574895438926073 1.264419062645752 1.2725039716835842 1.2805634389905542
0.566640297042042 0.6078819970505256 0.6814944552848681 0.7862062979472888 0.9175566572177796 1.066283834955976 1.2183582167357039 1.357218496956588 1.4684882297458859 1.546268472786844 1.5950093589695944 1.6228494407065333 1.6354450824079496 1.637400718884714 1.6346612552228876 1.6328382621864854 1.6348454659325131 1.6405641678296834 1.6477940882709172 1.6533950021295503 1.654259146119606 1.648028888095752 1.6334993523159556 1.6106910572245718 1.5806559412373384 1.5451360405764372 1.5061981848165573 1.465930092752216 1.4262325203225446 1.388703321099912 1.3545911657549612 1.3247949676011241 1.2998908558897109 1.2801745931786404 1.2657103623125083 1.2563769306929908 1.2519015556150677 1.2518737130948672 1.255736328550989 1.2627598757041465 1.272011442725708 1.2823351835995476 1.292362199300389
0.5525751338907119 0.6093671842323806 0.6992965736058658 0.8211321142758811 0.9693268632338681 1.132446792092237 1.2936349021276932 1.4335117714656813 1.5361758944180994 1.5974856757665408 1.626282805927999 1.6336144006734383 1.6253445399804882 1.6062808162622284 1.5837112299751697 1.5645610314615352 1.5523397985107923 1.5470691037412867 1.5465702778556287 1.54771622888557 1.5473786078024607 1.5430816841859243 1.5333528323326675 1.5177782766727406 1.4968321816255716 1.4715894453271798 1.4434301333601682 1.4138052860840014 1.3840865801250553 1.3554883087865621 1.3290367528969225 1.3055643783180364 1.2857150838200222 1.2699543297618536 1.2585810352338418 1.251737011240805 1.2494071259667956 1.251403238560467 1.257329644805758 1.266535850256462 1.278070272601141 1.2906539043545817 1.302695471695329
0.5846250385027346 0.6585891794848104 0.7670292470295866 0.9075823566855193 1.072278013932467 1.2463916839332492 1.4096736229072255 1.5401715902370006 1.6221256960535593 1.6560494193317594 1.6569756816601826 1.6387198911287142 1.6068987811300832 1.5662387050921198 1.5248807456192863 1.4905017846845927 1.466755413707473 1.453443074239267 1.4481060198811047 1.4473849773418335 1.4479461889585752 1.4470780964774985 1.4429967688782062 1.4348851411742394 1.4227333517716865 1.4070822228600315 1.3887684324081826 1.3687335520594561 1.3479138199385192 1.32719458408606 1.3074006589376421 1.2892973773728595 1.273587877688035 1.2609021059000536 1.2517779956576092 1.2466350551996466 1.2457376572784142 1.2491439585011006 1.2566399491665043 1.267665872733133 1.2812505443457138 1.2959755929755432 1.3099953586469488
0.6644337585441021 0.7584712246269618 0.887820503200157 1.0475174211272353 1.2257913434271575 1.4038310987467948 1.5580712338715383 1.6654410571511302 1.713710175750531 1.7110565032508487 1.6783697434210685 1.6309684915010392 1.5744847938638562 1.5137173744212822 1.4567218552729329 1.4108993829705108 1.3794898107124416 1.3617995886070966 1.3549116357550626 1.3551030774834054 1.358742561865599 1.3628313973996866 1.36526947842454 1.3648805514351832 1.361257683099799 1.3545221699814811 1.3450890651232872 1.3334998403162077 1.3203386684472158 1.3062146043708545 1.2917769669329056 1.2777333204036487 1.2648507405314988 1.2539334778636302 1.2457785377712285 1.2411133979364426 1.2405185059966881 1.2443354388780663 1.2525638099956014 1.2647565157426424 1.2799309402120649 1.2965212064332674 1.3124019602329184
0.7974379529810989 0.9142769268020389 1.0651309925508188 1.2408470901134003 1.4248403425140963 1.5942549957957206 1.7237234605961957 1.7928052307127986 1.797322520548548 1.7533673573992232 1.684154980597264 1.605311037183407 1.5241428918226867 1.446266363814449 1.3784163829660936 1.326201521607655 1.2917153605989666 1.273601840288429 1.2684832217762043 1.2722869302493072 1.2810936040552465 1.291629103256932 1.3015011657521662 1.309218370111562 1.3140415251971238 1.3157512533662648 1.314422343260934 1.3102681069519606 1.3035749891911057 1.2947106436158107 1.2841691027807787 1.2726149359036707 1.2608985522636131 1.2500296898955896 1.2411094468555939 1.2352290593833084 1.2333452630639186 1.2361406323960906 1.2438775163856974 1.256258090759329 1.2723097201616724 1.2903231628794354 1.3078790254218464
0.9888684238218657 1.1288621689109335 1.297393945483119 1.4799072180746906 1.6550616725010514 1.7977859629244581 1.8849498385202255 1.9041500489753738 1.8610591834367485 1.7755097030722704 1.6693285338009745 1.5588535999933089 1.4547038159909236 1.3637729015207296 1.2905694361196312 1.237521265833099 1.2047256756644986 1.1900196370926204 1.1897123386599227 1.1995357320981321 1.2153829845134547 1.2337654685239687 1.2520395447133268 1.268432623865863 1.2819068817949513 1.2919356087475058 1.2982825216211764 1.300853361754517 1.2996471093816608 1.2947930831778616 1.286633852026635 1.2758059490009492 1.2632780967873636 1.250324230564239 1.2384288793751106 1.2291383041774067 1.2238777848987408 1.2237546883265389 1.2293636763415843 1.2406093691866564 1.2565654055912834 1.27539793187411 1.294393211590771
1.2373735779529391 1.3956275456877665 1.570899361395774 1.743424512244508 1.8895277660333096 1.986286476245229 2.0179471351341296 1.9825176333147934 1.8921864902970316 1.7666290222143344 1.626325313948825 1.4889518620380915 1.367383860987138 1.2688499438052536 1.195623936184522 1.1468187246437809 1.1200437057069808 1.1121068388019124 1.1191601603943047 1.136982303510532 1.1614504577841822 1.188958786773873 1.2166623837803354 1.2425280612529968 1.2652191996892401 1.283885096422684 1.297947600972074 1.3069628962999988 1.3105952956859825 1.3086937975405109 1.3014267339273125 1.289413018201653 1.2737921414357085 1.2561962233359274 1.2386179718187487 1.2231964636306134 1.2119578581084083 1.2065478682931412 1.2079829346047883 1.2164369305589708 1.2310779929918487 1.2499797087440956 1.2701485211615293
1.5266784516397731 1.69032601066667 1.8536591862090965 1.9950699964843506 2.093098018282422 2.1306966451483764 2.1010721110864248 2.010368309661509 1.8742798025323137 1.7130306223612026 1.547182410634323 1.3939958805414823 1.2650979482677038 1.1660922698158616 1.0975654920992102 1.0567169931066704 1.0392232077210661 1.0407008234031039 1.0570947242138518 1.0844282564706886 1.118776837072905 1.1565512448850905 1.194770242788817 1.231154075652611 1.2640383604691214 1.292182148899753 1.3145694233354965 1.3302918547124039 1.3385606256671059 1.3388430477702578 1.3310724805551204 1.3158509145619006 1.294561327985225 1.2693333935675006 1.2428523642327647 1.2180480322624552 1.1977284070539287 1.1842220759271773 1.179071039615318 1.1827894184142513 1.1946904399254679 1.2127938648331256 1.2338532362424928
1.8188695522860256 1.9684001997599125 2.1002144339774445 2.1949050650234727 2.2342420970938157 2.2071578666374236 2.1153010783754285 1.9716883983619975 1.795953927487173 1.6097299550393025 1.432291263934864 1.2774549840027283 1.1528075281027892 1.0608868732671017 1.0009327101603531 0.969986283279535 0.9634369924690976 0.9760621609219607 1.003265618566884 1.0412320300649567 1.0864197309277448 1.1354453631472832 1.185300015272415 1.2334870017804922 1.2779711682274049 1.3170125127450554 1.3489948084710677 1.372348401548005 1.3856267406160976 1.3877370700100442 1.3782631243415895 1.3577714293795335 1.3279818226025717 1.2917169557154597 1.2526159683596643 1.2146748310718962 1.181723731090175 1.1569495812757205 1.1425275744246481 1.1393705235566076 1.146972450140852 1.1633318043515295 1.1849824651422642
2.061971869335975 2.1821695308807887 2.273002688583726 2.3146481936403 2.290850675282248 2.1987485733651333 2.0497328143756497 1.8635504475854252 1.6625971502901449 1.4673755566089473 1.2931954499399183 1.1488787345929985 1.0375071119580446 0.9584479953032145 0.9096347328268023 0.888849618200899 0.8930744010933531 0.9174587165868217 0.9565226717535372 1.0060035335697952 1.062728440258774 1.1237840334460831 1.186343561761688 1.2477793767712564 1.3056553146988807 1.357598700646689 1.401172782035207 1.4338654572850278 1.4532683842981853 1.457451485584524 1.4454549387473998 1.4177504263545408 1.3764981908329401 1.3254699126261669 1.2696141761697524 1.2143676449927265 1.1648975811151323 1.1254572301406003 1.0989536615143343 1.086722102649681 1.088434349177324 1.1020752313260238 1.1239890631727902
2.218568097386779 2.3064309698942504 2.3537702131332363 2.33844402553372 2.251631027408659 2.102642180567638 1.9116315310627359 1.7017444346345365 1.4942921982678998 1.3057277707925163 1.1462275707968794 1.0199610736988551 0.9265474089534969 0.8630277860211261 0.8261338603524904 0.8143854302472362 0.8276197090335071 0.8631583661562995 0.9146810009099714 0.9763472734585322 1.0449753491646012 1.1184613524948623 1.194528072346696 1.2706014949305307 1.34386208992793 1.4111799975681611 1.469047833978774 1.513661099112352 1.5412436313026165 1.54862955273871 1.5340036123698833 1.4975974683230355 1.4420885849257623 1.3724979346659478 1.2955405744711774 1.2185897173642384 1.1485611365282689 1.0910236581585302 1.0496971871907588 1.0263067376774568 1.020634533363608 1.0306133833751512 1.052413339025744
2.2814093248713014 2.336808767155864 2.3362887131833165 2.2636100804096815 2.123867220930224 1.936661558841229 1.7256084975226051 1.5125821528586794 1.3149228784898168 1.1440759506106428 1.0055945949785705 0.9002499764269825 0.8255657455896878 0.7772759940322609 0.7512053160722812 0.7464012695063871 0.7661348285908008 0.8114023885374241 0.8752693528969735 0.9490815622599448 1.0291617328278764 1.114663418332924 1.204342338395204 1.2959436702296383 1.3863564022185026 1.4716320950764858 1.546974472631422 1.6069200356280338 1.6458445375641024 1.658818214714794 1.6426923944712415 1.597149511241448 1.5253496840352396 1.4338447560255858 1.3316510489976556 1.2287077233094235 1.1342153820999763 1.0553717045944235 0.9967785804466855 0.9604520185865901 0.946135191656038 0.9516066886233622 0.9728511315749875
2.2606161888123086 2.278159518946383 2.2277536235783044 2.1077952232316743 1.9350347116228825 1.7324465755776663 1.5219731941546204 1.321610541727333 1.1440193684890168 0.9962375970839712 0.880463634244536 0.7954168787075104 0.7375951373128043 0.7021419002035446 0.6844147178625191 0.6842718973720084 0.7086527937818089 0.7622294917178194 0.8369410573781008 0.9208410434369865 1.0100986717652496 1.105697305653848 1.2077641261717675 1.3145905194342797 1.4229519680364642 1.5281595965858248 1.6240468402238046 1.7032169867734686 1.7577300516414658 1.780271666706941 1.7656820251081655 1.712516341530551 1.62412373661142 1.5087086397400247 1.3781115626500013 1.245577546164312 1.1232785549469715 1.0204598588591633 0.9426962258715567 0.8921473688489877 0.8682897668889569 0.8685769498721848 0.8887622042473675
2.1705785540904676 2.145631162686067 2.053409830915032 1.9050281189512637 1.7208767564311278 1.5218718505568867 1.3260781348075608 1.1471712255539905 0.9937491264550553 0.8696505692314423 0.775034106101725 0.707620973079148 0.6635320834699113 0.6377179800927948 0.6257003875041792 0.629034181326374 0.6578593908336083 0.7181284752404465 0.7993625388994813 0.8879246373992569 0.9815958160495037 1.0834215081249905 1.194730929955234 1.3144717508408186 1.43960614449253 1.5650128723605599 1.6833465665000256 1.7852629326450042 1.8602198687751856 1.8979314271293526 1.89038642266924 1.8340840086299777 1.7318200857996375 1.593178357433046 1.433137369389707 1.2689955502644443 1.1167260923768132 0.988198077393137 0.8901408848440087 0.824722482703266 0.7908878269365106 0.7855447999729185 0.804134657645244
2.028667559484889 1.9665108250924754 1.8488070405865686 1.6911418681244799 1.511889970294089 1.3281019881449707 1.1538300691970922 0.9990435446728408 0.8693450581306996 0.7665710208543717 0.6898672982978228 0.6366733696836497 0.6031795462861066 0.5845531996215564 0.5771874514975319 0.5846339417599337 0.6179624917100209 0.6807172912177532 0.7603086247328582 0.8455062108632939 0.9372603385848969 1.039782889175123 1.1550408005996573 1.2827726785291103 1.420593603901385 1.5635341571112245 1.7036408075189535 1.830044728241625 1.929727600781809 1.9891197944122145 1.9965393140430296 1.9451980256523445 1.8360158444127725 1.6790066886316628 1.4920715968876106 1.2970790574862021 1.114679855736286 0.9601273363114086 0.8416714422237679 0.7614717415963694 0.7177268262404083 0.7065800193064703 0.7230593661301766
1.8586579584380383 1.7728038161603576 1.645978039822106 1.4925598452828868 1.3273279760259 1.1636374802731047 1.01218185176137 0.8801468533014364 0.7711659211893398 0.6859834980969937 0.6233990668212639 0.5810308756144015 0.5555901100489153 0.5430697492379977 0.540990032160349 0.5532556818330475 0.5882246607989601 0.645506046585408 0.7142422492757148 0.7889708338164183 0.872758062476338 0.9695549305326653 1.0816857953282801 1.2099517044531423 1.3531654201806333 1.5072808901494201 1.6646654596285675 1.813866674077248 1.9401257572497068 2.0268573963180905 2.0582685584180282 2.023050454908097 1.918449144832005 1.753120030489522 1.5467742068168502 1.3257417172467367 1.1160150478077124 0.9371065260467424 0.7994080609602592 0.7053038040188546 0.6522064978481847 0.6353622807266436 0.64929887943448
1.6861239870121656 1.5903758639482493 1.4657434175319757 1.3237498582231932 1.1759050010176635 1.032587505243283 0.9019536405508977 0.7892778615663669 0.697011524497718 0.6253867267772613 0.5732010498282331 0.5384485096684734 0.5186007917447327 0.5108102763743169 0.5133393281996164 0.52821935625489 0.5590924157032356 0.6038712413696521 0.6569338170980453 0.7174299218820981 0.7883791749158147 0.8730860271850988 0.9743899891528964 1.0943468367360734 1.2333517069613265 1.3890033070745422 1.5550663421751183 1.7208322685903634 1.8711595426677794 1.987505780361381 2.050327549240973 2.0431132908796035 1.957653574725269 1.7988151153053498 1.5859164761263342 1.3485660890766604 1.1181073672157438 0.9190527739317161 0.7647800878863693 0.6584756001745564 0.5970299698637207 0.5748487533543146 0.5859421189047965
