_RESULTS/REVERSE_NEW/Berg/GZ/7comp/Berg_GZ_z_180_kriged_reverse_7comp.asc
ncols 100
nrows 90
xllcorner 5.6208707817415728
yllcorner 50.959635321741573
cellsize 0.00013419651685393446
nodata_value 1.7014100000000001E+038
[rows 38 to 56 of 90, columns 0 to 42 of 100]
20.94051194296254 21.448155819226976 21.998477668247315 22.56560834213227 23.117412253413715 23.618485135964196 24.03423882660807 24.335409598462213 24.502160249534793 24.527035954612902 24.41630497267105 24.189512069003417 23.877307158810037 23.51782071351781 23.15209309589083 22.819268239409087 22.55229651702482 22.374698005865064 22.298613636924767 22.324092980218037 22.439448225485073 22.622534423784384 22.842897641691412 23.06475710390112 23.250700780397445 23.36579902949737 23.381657156354542 23.279824084927142 23.054003695430843 22.71067496483992 22.267969848815273 21.752923258684493 21.19747008818162 20.633908073245053 20.091272159483882 19.595484912327464 19.177165042900036 18.886557634168398 18.79985579583078 18.98892244557637 19.454184461190952 20.08592419628734 20.72346525655099
20.662258096607207 21.14433767848263 21.67221526283381 22.22145183284701 22.761433802888945 23.258215362508302 23.678403606649553 23.99348757015894 24.183853385581713 24.24178080671306 24.172923472990863 23.99602652575254 23.74087920588784 23.444761060044293 23.14791728277186 22.88879449510837 22.699762899250448 22.60383182605664 22.61255763148369 22.725109682204124 22.928388550178926 23.198148693999805 23.501156300721878 23.798400513911226 24.049225425287286 24.216002572454748 24.268725901260414 24.18879480288599 23.97131455461906 23.625473471465696 23.17288791086313 22.64416413959237 22.074269969834496 21.497709458492164 20.94519147135823 20.444579123229538 20.028928798174604 19.74864550804187 19.670831336802454 19.8442329070386 20.243655305432835 20.760197076312654 21.271982274294327
20.346064518567715 20.801019505257447 21.30540117279113 21.836041245445546 22.36363950603358 22.855503229347526 23.279290737960487 23.607206013218242 23.81994102467256 23.909688408712963 23.881706136721903 23.75413626874804 23.556037083496612 23.323888633939568 23.09712946405929 22.91345765119323 22.804586992903428 22.792916600849438 22.88928893362656 23.091826208331337 23.38581004213046 23.744653456282904 24.132087443769503 24.5056307720306 24.82119103598394 25.038321469983053 25.12536950826202 25.063632901012923 24.849745367394778 24.495815096014667 24.027254020936475 23.478678196719947 22.88867952309639 22.294708129343523 21.729919016965447 21.224526870436748 20.81332600219234 20.544623095309205 20.474330656248963 20.63100989743467 20.974974976448753 21.409202076483762 21.84698008802561
19.99723637125361 20.424597950749405 20.905677013886933 21.418375465630408 21.93443286685915 22.422118639620404 22.849897648205555 23.190542171198455 23.42502276287761 23.545519598222505 23.557023476373196 23.477200037889826 23.334463022598577 23.164528982390724 23.00602550165798 22.89587160433677 22.865075405709742 22.935358561308206 23.116764633969293 23.406271153071938 23.787443530828238 24.231276484860906 24.6984335143 25.142996901453223 25.51754756878499 25.778996355055416 25.89425700621066 25.844738286690017 25.628787827585462 25.26158943376682 24.772501362439844 24.20033764887967 23.587580245718932 22.97497054981342 22.398424389110243 21.890478584266678 21.48685574654453 21.232299801819675 21.171278811473673 21.31629847892412 21.621429186905605 22.00572351683116 22.41103241446634
19.62207537284973 20.021923082385257 20.480466112818206 20.97646748428116 21.48241153238343 21.967202710430154 22.399817307088536 22.7533873605014 23.009065467613706 23.159021561203126 23.208036458611257 23.173360268906247 23.082791786718293 22.9712727096729 22.87657504184142 22.834772372553388 22.876087616530686 23.02148055693279 23.280120492240165 23.647797191468456 24.106380188995512 24.624562304625844 25.160176382067323 25.664230084028123 26.0864403422043 26.381584922482652 26.515626471321816 26.470469121148138 26.246414026458563 25.861808828163372 25.349929064844595 24.753703026960327 24.119430783665727 23.491111538692383 22.9073412990634 22.402590407974596 22.012522347779537 21.777062141445715 21.729443867514135 21.86990837350536 22.152039449884516 22.51202605367934 22.91406462940336
19.228953902506248 19.60145850776262 20.038181459098013 20.518555904388798 21.015536810373366 21.498354996912695 21.936215039997446 22.302402436922836 22.57814441852511 22.755575820760537 22.83928045774234 22.846094989003518 22.803164109881248 22.74456865843829 22.707102485209642 22.725849363710303 22.830096312895726 23.039904655568872 23.36347815265801 23.795416251147845 24.31602841280016 24.892022661567484 25.478918798064925 26.02534832392146 26.478979059665587 26.7932866603674 26.934016156479878 26.884104642179953 26.64608852406507 26.24149517230289 25.707307061535 25.090208159205773 24.43990015283878 23.803215960074844 23.220929413869897 22.728625661483807 22.36056952974349 22.15049634951538 22.12072157713646 22.26270772695941 22.53386251145705 22.8871389623871 23.303587813358817
18.829261020122598 19.17437823716184 19.58945041672246 20.05442722595347 20.542521066013347 21.023057066024037 21.465266874943463 21.84245749156257 22.13587601720615 22.337616980012456 22.452062929971607 22.495589578408985 22.494575569522098 22.482067615747425 22.493663794696538 22.563217360075498 22.7188402959627 22.97949162869335 23.352289398807354 23.830668296174533 24.393614402922726 25.00634799620135 25.62284319805068 26.190346687677184 26.655589287911802 26.971837272754552 27.105547443326643 27.041339925175812 26.784288377697084 26.359038766660337 25.805894587674267 25.17466947088825 24.517705296604888 23.883835574959498 23.31504525791367 22.846735044446646 22.510086520860366 22.331323395830744 22.322602982368196 22.47017251107381 22.738474291092707 23.095655202734005 23.53450920174336
18.43774409102284 18.755070414521587 19.147784114135106 19.596248580423715 20.073819088565397 20.549817763829246 20.99345289111073 21.37806193140883 21.684963039434027 21.90626050701823 22.04613479361985 22.12041544204619 22.154538758624575 22.1802648288755 22.231691872823966 22.341114624663742 22.53515094879459 22.831392363230133 23.235721800710223 23.740451423887464 24.323553131074245 24.949386339581473 25.571323412988495 26.13641835776552 26.591773380404653 26.891703073518947 27.004420345027025 26.916932465675952 26.637137792748266 26.192648970644772 25.626532193350105 24.99085164770255 24.339500789637633 23.722088053435485 23.180411409631763 22.748025830291596 22.451312777521398 22.308222754618647 22.322359486443478 22.478264820683577 22.749116327573173 23.115422035847512 23.57703413751323
18.07185285570164 18.360608806919647 18.7292208381754 19.15842509370906 19.621736652807385 20.088560409882266 20.528233249454885 20.914315607000855 21.22838176018407 21.462667522551175 21.621167006227218 21.719057803102892 21.78061735608791 21.836017504116036 21.917499581335402 22.055418421577183 22.274529644033066 22.590754128469236 23.008571070554915 23.51921794568042 24.099994553304235 24.715083389005947 25.3182713545976 25.857687131691005 26.282177967762678 26.54840940073789 26.62741117643964 26.50926184571406 26.204907235129625 25.74465867486357 25.173617386153037 24.544999916243693 23.91290086893221 23.32619093560185 22.824836738694977 22.438861944478518 22.188604781772806 22.08397186978925 22.12231448355551 22.28914526143902 22.566126600833293 22.94251951913581 23.421501140028404
17.749974171984327 18.00906186833134 18.350802599301527 18.756336730612652 19.199507569571654 19.65009300935746 20.077926327739775 20.45716841881633 20.769962749991837 21.008867426463446 21.17773253654373 21.29098358384813 21.37152244000358 21.4476307665075 21.549335371611274 21.704667651336347 21.936149309125494 22.257723778826914 22.67229461528405 23.170067576310476 23.72800089702411 24.310759166238544 24.87351672897147 25.366681984768753 25.74214402840058 25.960135855004356 25.99547033549991 25.84187390775578 25.513436730314325 25.042758107552878 24.476097485775174 23.866583789948454 23.267041957158128 22.72402472624427 22.274101807576873 21.942484822008332 21.74307392698848 21.67888354875925 21.743264486073414 21.923776083835815 22.208636887484666 22.592454043162267 23.079426574911167
17.488861647560817 17.716959522718657 18.028208836967266 18.40426450540549 18.819612422174277 19.244875361717373 19.65092773165342 20.013048339810354 20.314355029724044 20.547974121089542 20.717693462662886 20.83712805152711 20.92763889290924 21.015374637667414 21.12785040928007 21.290446300081708 21.523124677233856 21.83757742373945 22.234973942135213 22.704516580940304 23.22309912282061 23.75642635396644 24.26188323655598 24.6931737178146 25.006314402872853 25.166107014200605 25.15190505980308 24.961460713504678 24.61192214715889 24.137614844209725 23.584986367181564 23.00582594792644 22.45030405802708 21.96128886282189 21.570799070547572 21.298635906017548 21.152689578706436 21.130611867128355 21.22322489513078 21.419623311369122 21.711916090417205 22.097568284694464 22.580887241732068
17.30093213086494 17.496622373275542 17.7732486007979 18.113162309295237 18.491911739705397 18.881547257923796 19.254620208481377 19.588106197896945 19.866543165577514 20.08391097025366 20.244073699240158 20.359859806199825 20.451029337760797 20.541473116221823 20.656016252720697 20.817168572577273 21.04209774252378 21.340032706052835 21.710275501732987 22.141028722481202 22.60931101663133 23.08226556263775 23.52008025458389 23.880482971428695 24.124383986282925 24.221830212072863 24.157165541069393 23.93227375653782 23.56706108887389 23.09689329609907 22.56743481731145 22.028026841413954 21.52509427958959 21.096898207299983 20.770344812589855 20.55989541174842 20.46832401058912 20.489263331012385 20.61156852001719 20.82454564493318 21.121715056193622 21.501827227067032 21.969241144050333
17.19221286618085 17.354154789103447 17.59198533646145 17.88897785410861 18.222196303952277 18.565710277450957 18.89436754283779 19.187393559347246 19.431181273722306 19.620875331995006 19.76062756815826 19.8626212747759 19.94510501676913 20.02975215013906 20.1386835374056 20.29146803700141 20.502363142710273 20.778003528697035 21.115718982764626 21.50267967587999 21.916105247631975 22.324778036861144 22.692002024943765 22.979911673961993 23.15469110578884 23.191915510435845 23.081003386553757 22.827774945227247 22.454396108759315 21.99652764803874 21.49818497648624 21.005427633755644 20.56026870818389 20.19597415843402 19.93434585666153 19.785025626964657 19.746651033499433 19.80978159109556 19.961360140547846 20.189641924219696 20.487717696646477 20.85452833311749 21.294605740926876
17.16150476182231 17.288652454594217 17.484002357639447 17.731970826208347 18.011540118091382 18.299297065498198 18.572892130147093 18.81425519430802 19.0120171331049 19.162811600025524 19.271369735095323 19.34950731746981 19.414225205370844 19.485211280631766 19.582056695490106 19.721486507878268 19.91486416590603 20.16618107185613 20.4707114354767 20.814510685796677 21.17494619521254 21.522427036924988 21.823393107643135 22.04440873852224 22.15691223872452 22.141886374692767 21.993546205437724 21.72118192869523 21.348584949693148 20.910993364444593 20.450102202277893 20.00819555702953 19.622650284277473 19.32182771198094 19.122848634070053 19.031266200514185 19.042458316375754 19.144564009037264 19.32262878932886 19.563130969713136 19.857596029688494 20.204198825469522 20.60743859481378
17.200903590500168 17.292732862261946 17.442888651779185 17.637094933770186 17.856531555198302 18.08063163972458 18.290177596569386 18.47011426541105 18.611613087423848 18.713117948494506 18.78030236196459 18.82502432549738 18.86347366106654 18.913776499289703 18.99335747849721 19.116360480604023 19.291396265776477 19.51983567941121 19.794822576182913 20.101154219519263 20.416158211797875 20.711650695225845 20.956952471478075 21.122751772652173 21.185361806698292 21.130699360863975 20.957200583629522 20.67696859209973 20.31474062334084 19.904724321790344 19.485865983328782 19.096511606706557 18.769542068378485 18.528840789480387 18.387502955335425 18.347778205579708 18.402542192664427 18.53805484223153 18.737674150231825 18.98596877039087 19.272396249513125 19.593534025835186 19.953172716440406
17.297411824936678 17.354099610370813 17.45766254794249 17.595200662452186 17.750205590807198 17.905082693181466 18.04387484387219 18.154691287119167 18.231449837578953 18.274702321001055 18.291473606207884 18.2941766521382 18.298769833985695 18.322404254414042 18.38086353199267 18.486114740627677 18.644261573445533 18.85413132021663 19.10665952734458 19.385178409562005 19.666665492472855 19.923946110087932 20.128740607883888 20.255293440563165 20.284138274605986 20.20539746395885 20.020961129981476 19.745001500056897 19.402563783192182 19.026379697479605 18.652461797449686 18.31532470224893 18.043737698555447 17.857711907680496 17.767055154897623 17.771475823874336 17.86202647270378 18.023625554812256 18.238361319551316 18.489199799740707 18.763552299013707 19.055873509050837 19.36833530089178
17.43513448356757 17.457640661127602 17.514672738078403 17.594665139516525 17.68336635227049 17.766083726937843 17.830060080758887 17.86656409478671 17.872362195839987 17.850364394053166 17.809361743037126 17.762886162972833 17.7273295755559 17.719560510788 17.754357569050384 17.84201480846688 17.986448554472577 18.184057431676326 18.423486202432485 18.686346828983694 18.948866988050746 19.18435822756962 19.36630635954865 19.4717760275528 19.484701492818555 19.398546088312017 19.21781045992883 18.958000551347258 18.643931687129722 18.306586445513794 17.979061050579784 17.69232863558236 17.47155725254858 17.333543563803214 17.28552935114861 17.325383869030006 17.442963444985946 17.622400351709764 17.8450565129239 18.092847490379388 18.351539309215532 18.613381891382527 18.87820109863592
17.597513129225824 17.58754346521665 17.599510794728193 17.623047276193443 17.645964415699776 17.65624459958315 17.64411873258405 17.603879547007107 17.535142200408576 17.44335283897659 17.339439603968387 17.238599260824554 17.158326872355957 17.115924187342017 17.125837406244376 17.1972340841756 17.332203229108238 17.524859107861264 17.761484762726262 18.021706547807298 18.280570580606863 18.51130123994476 18.688453258947675 18.791110802942757 18.80573606941843 18.72824489992827 18.56492592440676 18.331956971281265 18.053505576824282 17.758676359903568 17.477802781572862 17.238701420370006 17.06348255297863 16.96635687630912 16.95264980264189 17.01901403988922 17.15468520276651 17.34356040112463 17.56685577511979 17.806073904060657 18.045942723160795 18.276832717209775 18.49597038088366
17.769163599201914 17.729024254741983 17.698573855750237 17.668448843438032 17.62824549171433 17.56829809381644 17.481516375505606 17.364986743961463 17.22107941394213 17.057859367777834 16.88866500398164 16.730806041392388 16.60345871845015 16.524997366904817 16.51015612780643 16.56750030230432 16.697659547746355 16.892640205248572 17.13633892713484 17.406180871973273 17.67564427634706 17.917330823011664 18.10619999084746 18.222588244110945 18.254656820349943 18.19994834449816 18.065802423227925 17.868510743038474 17.631284062282017 17.381315854904976 17.146394374587555 16.95158343010569 16.81644822549696 16.75316958516046 16.76571290889442 16.85004991660756 16.995310560781697 17.18567341085993 17.40276256459996 17.628283492011047 17.846578341475862 18.046697403604806 18.223487994849915
