_RESULTS/REVERSE_NEW/Berg/GZ/7comp/Berg_GZ_z_710_kriged_reverse_7comp.asc
ncols 100
nrows 90
xllcorner 5.6208707817415728
yllcorner 50.959635321741573
cellsize 0.00013419651685393446
nodata_value 1.7014100000000001E+038
[rows 36 to 53 of 90, columns 0 to 40 of 100]
0.020025710185655604 0.024208406584487197 0.029663271914210053 0.03662218892304644 0.04521654471015535 0.055358567089263906 0.06660822491984487 0.07808464608705804 0.08850416990832691 0.09640360442870044 0.10052029504752759 0.10018880021173257 0.09556407456712193 0.08755426693993712 0.0775038979512726 0.06679378109274742 0.056532177281495205 0.04742124805447847 0.039779089764720485 0.033644984684970465 0.028899236968159887 0.02535909331772928 0.022840729299274876 0.021193128011891053 0.02031448362047212 0.02016090094907567 0.020754849941355256 0.02219915791731726 0.024701891597069935 0.02861807064398893 0.03451467418890427 0.043262730452375546 0.0561462716842749 0.07493440508350893 0.10175996217622361 0.13847388980277775 0.1850238700239795 0.23678627411815703 0.28217510860149575 0.30356542428355343 0.2844729340777555
0.0210265700948268 0.025277527828204704 0.030696185527580435 0.03741998241770742 0.045447649884148476 0.05453479424486024 0.06410360084906845 0.07322691587494548 0.080746422847848 0.08553537867456928 0.086828627842437 0.08447417831207098 0.07897770427235648 0.07131878587640414 0.06263960111062865 0.05395429967544312 0.04598078624003095 0.03911047334369178 0.03347017913087349 0.029016746094025474 0.025623090008499584 0.023139048071766512 0.021427249778499732 0.020381234193947776 0.019933750026486844 0.020061437798639174 0.020790163736830545 0.022203989199456924 0.02446012291689871 0.02781169517551882 0.032638591857992005 0.0394812244165469 0.04905760428995529 0.062211855871803314 0.07968712699636574 0.10156562379360183 0.12629540716692245 0.14963291230015496 0.16450126085811553 0.16294377441668126 0.14048104853778198
0.022356536665263584 0.026733177257170324 0.03217945976344074 0.038744606615464125 0.04631101227558614 0.05450952253863007 0.0626724878093804 0.0698786232884677 0.07512311624849881 0.07758427211496549 0.07688441030920132 0.07321764057220946 0.06727668851518606 0.06002033015442211 0.05240063374120897 0.04516405998369453 0.038774099549887635 0.033435137879484565 0.02916680517490263 0.025884126595408303 0.023459882280471706 0.021763972991644606 0.020684223205717226 0.02013559038294116 0.020063753857992542 0.02044711102081296 0.021299498806454334 0.022674771142792077 0.024673528821762776 0.027451331723703568 0.031225703835600215 0.03627457144013228 0.04290917217436488 0.051388512279746335 0.061726187485398626 0.07335306448567346 0.08470359423346016 0.09301841286658358 0.09481676025069721 0.08727110049076364 0.07020182232701537
0.02408827665309626 0.02865838722153155 0.0342032672101061 0.04068735492147976 0.04788856896121924 0.05533710564565397 0.06231042538783917 0.06792701164143126 0.0713458833716162 0.07201436828456582 0.06985496215606432 0.06529380632188662 0.059114623351805645 0.052216016508281504 0.04538717147347691 0.03918050054474128 0.03389202127853217 0.029612382074536266 0.02630154510641548 0.023855086331118724 0.0221497051293181 0.021068660114178222 0.020513103864584405 0.02040562646736982 0.020690720232109015 0.02133499702892224 0.022328397315416977 0.023686395179543376 0.025452229408044844 0.02769724943633328 0.030516095410888684 0.03401093948284084 0.038254936240528364 0.04322072065816224 0.048662088698465604 0.053962328439985746 0.058028021317159784 0.059383285568659364 0.05659366220607653 0.048973681744122304 0.037347550059028845
0.026272962035581004 0.031104687980864697 0.03681210305783282 0.043275327666831405 0.050176282716597374 0.05696405997206523 0.06288941138390537 0.06713596271150066 0.06903079833982832 0.06825854403064846 0.06497609493182817 0.059764489965172536 0.05344175088510245 0.04683153860750806 0.04058725080205673 0.035118916353351695 0.030609998718393514 0.027080972992336368 0.024459392545041127 0.02263424884023654 0.021489174105948212 0.020918157876513688 0.020830092029636718 0.021147824054188406 0.021805802292586468 0.022748792230270858 0.023932663404194268 0.02532682683370706 0.026916608858463593 0.02870285973299952 0.030695487834050836 0.032897237827271886 0.035273900960748734 0.03770849142834478 0.03994362074246862 0.04153411375161212 0.04185885705330898 0.04024866240970349 0.03623666614708365 0.029864447268461727 0.02193633619490422
0.028921611598839426 0.03406981180123399 0.039979874402911585 0.04644640751443861 0.05306327310802519 0.0592179925714278 0.06416208531406606 0.06716789571994965 0.06773418663573547 0.06575644089026246 0.061574838096262685 0.0558698608481159 0.049457297320258456 0.04308043840560998 0.03727881030588298 0.03235562471970141 0.028417070469414888 0.02544028658782527 0.02333699491074137 0.02199793636567075 0.02131686275842078 0.021199001329133868 0.02156001668182813 0.022320584735977953 0.02340051947656183 0.024715372469155363 0.02617725341282826 0.027699948017809596 0.02920634085390842 0.030634357145333576 0.03193698572708181 0.03307290843631139 0.033986727673469566 0.034581662037092266 0.03469358003806409 0.03408369988160348 0.03247280683472848 0.029628187553484592 0.025483616263632037 0.020258604768966747 0.014539873026274465
0.03197985444768116 0.03746859981122124 0.04357894067043643 0.05001992937266892 0.05630880569683089 0.061795649975416506 0.06576367892988538 0.06759836352579263 0.06697315507316727 0.0639695190872764 0.059066389419166164 0.05299858816830119 0.04655212143172495 0.04038699467466893 0.03494545778911394 0.030449013412805315 0.02695051921907413 0.024401649485227533 0.022709563428421904 0.02177322864333403 0.02150048993582645 0.021810956199940654 0.02262997541861155 0.023878153659004843 0.02546043890891546 0.02725879922058256 0.029132180948684135 0.030925744480205675 0.03248801094608922 0.033690532946939335 0.034442205908503894 0.034691364146546604 0.03441359352180575 0.03358993709736123 0.0321863163377662 0.03014805450798582 0.027419763656704323 0.023987717256682743 0.019929344313069 0.015461545909651974 0.010976051201457128
0.035300957105504474 0.041104254001149684 0.047353128080639635 0.053676205902373486 0.05953322497087391 0.06426855601988889 0.06723219733943474 0.0679460782541715 0.066256708301867 0.062402712399144425 0.05695738079721249 0.05066862729283391 0.04426917647195407 0.038333595191728846 0.03322004179651019 0.029087466507737123 0.025953248098998974 0.023756905330839326 0.02240981503098613 0.021825048577551527 0.02192944164669517 0.0226623643509275 0.023965265139510424 0.025765448280242555 0.02795800820612348 0.03039139210233861 0.032863468788973116 0.03513416131594753 0.036955943386663345 0.03811541451635912 0.038471732922249036 0.037976381183063776 0.036666142825388964 0.034633893207086756 0.03199242583140547 0.028848738259562388 0.025298384105758662 0.02143674748531127 0.01737952316084343 0.013293531887628584 0.00942849558071101
0.0386289092512643 0.04465531467658241 0.05091359770027006 0.05696641020204138 0.062245321304162084 0.0661278163884394 0.06806610831475042 0.06773502807993528 0.06514207454692572 0.060645856289044064 0.05486692462819725 0.04852728052292827 0.042286471911078524 0.03663320937595738 0.03185368009620378 0.028060591596724666 0.025250600953020334 0.023362053335790337 0.0223180706624526 0.022051439363500396 0.02251350703747592 0.02367042327933659 0.025489178828773953 0.027915334748708765 0.03084557944061374 0.034101710608300556 0.037417031887242026 0.04044804476774986 0.04281925625748877 0.04419521774996157 0.044356932122130925 0.043251253644208794 0.04099117753452932 0.03780865538174462 0.0339842082391678 0.029784104389429064 0.02542425234016231 0.02106257979843043 0.0168147883533662 0.012791283613026967 0.009138951529671901
0.04160849815077283 0.047698228555405266 0.05377877789265864 0.059372840191229855 0.06392209931934434 0.066877821922126 0.06782248147079412 0.06658607997738165 0.06331033401025793 0.05842767556337025 0.05255783446851413 0.04636246671075799 0.040413707513735096 0.035117504160131846 0.03070083941598128 0.027245267212703043 0.024739707767528034 0.023130809400897682 0.022359973528727265 0.02238479027402079 0.02318658351190242 0.02476597456846003 0.027126977218571748 0.03024925438240137 0.03404969695067792 0.038339784303466 0.042793745817846916 0.04694996131121922 0.050265806455611795 0.05222694728709586 0.05248001022725903 0.05093297067667492 0.047774211129920814 0.043401383395006224 0.03829767102361407 0.03291227803411104 0.027585608535572174 0.022528935965626776 0.017849188366919413 0.01360362846757167 0.009857385217428545
0.04383597673818448 0.04977809048004438 0.05546683074320063 0.06042066652068329 0.06413248689033466 0.06616081910208879 0.06623043115768067 0.06430981552512921 0.06063391281936583 0.05565817416639074 0.04995777570967392 0.04410826831137356 0.03858805905511171 0.03372791514440575 0.029709462665903956 0.026597247017671112 0.024383838378165188 0.02303216248971504 0.022507203451999764 0.02279538541480321 0.023912515096998706 0.02590072361010414 0.028812867332633236 0.03268115468379102 0.037467697076515365 0.04300102027838261 0.04891578278068089 0.054629091138741155 0.05939297845369549 0.062441641687713094 0.06320044013750425 0.061469731724762625 0.05748868096459656 0.0518432474086993 0.04526940452756518 0.03845014020800072 0.03188496460355339 0.025855316058287843 0.020465775102230507 0.015724286105827358 0.011620935584183197
0.044947637200757395 0.05051769574142775 0.05562077358228296 0.05980994815163042 0.06266373367672069 0.06386512432146788 0.06327230157906501 0.060957900227407824 0.05720117890958918 0.05243305808204945 0.04715094110966077 0.04183022582179819 0.03685768264554536 0.03250024273981851 0.02890820121357983 0.026141645865104667 0.024206195418185788 0.023087253633723506 0.022777155317880167 0.023293642133346306 0.024689688530151393 0.027053833710415896 0.030497603744533638 0.03512366646444485 0.0409676094754498 0.04791201535710618 0.05558847680877639 0.06331035598504467 0.07010091175404189 0.07486748741616908 0.07670180766112081 0.0751879173763298 0.07055491310873434 0.06358323592760086 0.05531922615402972 0.04675422406084969 0.038609515369905034 0.03127603446973121 0.0248740407847019 0.019365923454189304 0.014663858344439321
0.04471966243989619 0.04972736895602874 0.05411804464626051 0.05751207911945028 0.059592713770771556 0.06016399104610987 0.05918989521263178 0.05680302582975978 0.05328000861719994 0.0489907805795676 0.04433594672754935 0.03968832247187568 0.03535146296719959 0.031541217902079054 0.02838902416310527 0.025960509143580564 0.02428135711228632 0.02336378052810773 0.023229672312696414 0.02392887225116122 0.02555185126028916 0.028235032349851107 0.03215390879324715 0.03749473365493222 0.04439218278029924 0.05282357714020973 0.06246845925481866 0.0725803548222427 0.08196149736955854 0.08913760047280965 0.09274922990381991 0.09202234381015847 0.08706961595131762 0.07883689250410544 0.06872725202736232 0.05812601547762979 0.04806061111418935 0.039091111135767444 0.031383728474201275 0.024862451194453274 0.019354977670965237
0.04313743178467925 0.04746634920373117 0.05111237355331898 0.053782177361514194 0.05526411446057825 0.05546223050117346 0.054408738476912535 0.05225325959346288 0.04923379537400211 0.04563815083188458 0.04176472462015501 0.037889542211506214 0.03424373292569499 0.031003120629618672 0.02828936515384056 0.02618032286258708 0.024726336230590593 0.02396921564546389 0.023961503528008785 0.02478457130997705 0.026564389836263958 0.029482638348528142 0.033777487206541036 0.0397227154430543 0.04756743168681703 0.057417466726572434 0.06905539598486607 0.08174167335994212 0.09410785912843146 0.10429297061981435 0.11040197211730754 0.11115784038862654 0.10641213852446467 0.09719524920849765 0.0852734581517197 0.07249565332842851 0.06028360291951433 0.049438804459127565 0.040216366304649434 0.032518132155582254 0.026085241827429412
0.0404012166227424 0.044025232767765834 0.046986212589040136 0.049079985133682426 0.05018510594563339 0.05027574220074696 0.04941593703024096 0.04773996202206025 0.04542671197098523 0.04267535641369927 0.03968619103692416 0.036647334013165084 0.033726253362851934 0.03106516432684176 0.028780127717701352 0.026964205960821306 0.025694914018433358 0.025045692090936263 0.02510067335868045 0.02597179093447481 0.02781692611086749 0.030856519263745916 0.035382690575405586 0.041748428842930924 0.05031534792961579 0.06133218383071341 0.07472653143101182 0.08983949050164723 0.10522204699543554 0.11869315210878748 0.12781805781492278 0.1307236953728699 0.1268535636714186 0.1171908846025459 0.1038025796620262 0.08901430198347622 0.07470035919654207 0.061969540635743496 0.05121677927730605 0.04235223619756526 0.03504302572186622
0.03686568583601566 0.03983848439780917 0.042237697156174855 0.04393848238991372 0.04488733152716859 0.045099866589657235 0.04464534831059266 0.04362527738918655 0.04215396004824626 0.04034607859024174 0.03831216632911259 0.036159572203923795 0.03399519829398336 0.03192703607485187 0.030063525296476303 0.02851187303827468 0.027377722645125682 0.026768575564245393 0.02680245483239948 0.02762207320139117 0.029413544247271987 0.03242701676718523 0.03699326448875536 0.0435235604391679 0.05246947561708972 0.06420850435356261 0.07882469345556443 0.09579625025217961 0.11370232139006704 0.13017945398785016 0.1423628689174829 0.14780408154474686 0.14545164588714546 0.13609055668442804 0.12194619099533664 0.10573901442817897 0.08978080053967318 0.07551614262950956 0.06352471217519538 0.05376912607787862 0.045877728559956456
0.03294236615904115 0.03536868187470205 0.0373545624235175 0.03883853542775245 0.03981362436648157 0.04031651247140036 0.04040842729108275 0.04015508718808451 0.03961221479233117 0.03882023627460356 0.03780835855605756 0.03660532804401573 0.03525237170676303 0.03381348441259366 0.03237962961618638 0.03106629327950385 0.030007041493261635 0.029347757783954074 0.02924618859472948 0.029879623220001403 0.03146098789121355 0.03426089905960311 0.03862957572742482 0.04500605424976922 0.0538912258926441 0.06574806480960572 0.08078956683325134 0.0986495619885583 0.11803105753442511 0.1365672148309361 0.15118072420770048 0.1590139758492594 0.15855352136765669 0.15027206460312956 0.13635675744373058 0.11973501122195093 0.10303684253635068 0.08800198653597471 0.07541157022496468 0.06532763118633435 0.05739641124995125
0.029006346335387075 0.03100928970712996 0.03272233943260845 0.03413152235883529 0.03526107895760096 0.036159064800592416 0.036877903085078614 0.037455706229648396 0.03790328584758583 0.03820011711774879 0.03830076947004368 0.0381512788443521 0.03771221255166718 0.036982231243319445 0.03601452436652399 0.034920469216152085 0.03386024540776361 0.03302625418091561 0.032628460935561945 0.03288955198157644 0.034053352903892775 0.03640472601688178 0.04029416305508701 0.04615412022754543 0.054484384301354626 0.06577085809435597 0.08029604269055571 0.09782545921938565 0.11724323133501867 0.13635217361440244 0.1521347031117506 0.1616061957005089 0.16295778279733653 0.15632309338688852 0.14365715837284565 0.12783759964542335 0.11159806547197262 0.09685212390207726 0.08455110462194641 0.07488642482851678 0.06758423774989197
