_RESULTS/REVERSE_NEW/Berg/GZ/7comp/Berg_GZ_z_125_kriged_reverse_7comp_test_spherical.asc
ncols 100
nrows 90
xllcorner  5.6208707817415728
yllcorner 50.959635321741573
cellsize 0.00013419651685393446
nodata_value 1.7014100000000001E+038
[rows 19 to 37 of 90, columns 43 to 85 of 100]
21.070217566028266 21.304163362576872 21.03324847087723 20.46463589912188 19.7496570717485 18.991256637566444 18.24383739342176 17.48845121248411 16.610176885570517 15.775121741030713 15.04573155971872 14.421590727762906 13.901429365262638 13.484191355973543 13.16767060054907 12.810456212340307 12.332763204259013 11.777249574357334 11.228401062440742 10.72036161324304 10.302909263243306 10.049540672157303 10.027643364205781 10.225853732042948 10.569995991806861 10.997684227419875 11.473250369990293 11.976334167667652 12.493538094885421 13.013600841746367 13.51023993370141 13.964498776197464 14.363253167297604 14.693781034035483 14.943954837395893 15.102494251554566 15.161977637987025 15.151780386410731 15.114322568290106 15.055424559249476 14.980399558560231 14.894811801656619 14.80441568537626
20.68736141287977 20.738904567523267 20.33457029587124 19.67270814625079 18.901646136021718 18.118321475098025 17.364570922327317 16.643142259915088 15.879538579438677 15.185231098112656 14.586949138557607 14.083338086054706 13.672912042550319 13.354588273208993 13.116721612357626 12.819607231113123 12.386121900097427 11.828391925268166 11.238893154430222 10.66969364379534 10.161154095080411 9.804397725954619 9.772426553049476 10.042898912904388 10.445529489164862 10.906740861421532 11.399772154464477 11.910889234243212 12.430449882607538 12.950169663177617 13.456464977940813 13.920529960134797 14.328228040157859 14.66703368999169 14.924915342159878 15.090632081318256 15.153862785947462 15.122613776249613 15.06109768088082 14.977842760886661 14.878387185045533 14.768610366981259 14.654709332969794
20.48641612819217 20.21216463223297 19.56334718839323 18.745635871582387 17.9017892976532 17.106576286688487 16.378587210737212 15.702759884289291 15.051061268764684 14.525579708387232 14.084129854190897 13.724877576596628 13.447270273293855 13.251109057083852 13.101209695801778 12.87533408648497 12.504049309448211 11.989134747604636 11.382428856375979 10.767694001318871 10.171568583701255 9.624344045158548 9.604909167725427 10.01449094739475 10.464463396706485 10.939397830524964 11.432346772652554 11.936904112581672 12.446554561274418 12.95450239044618 13.453285204624507 13.917232506777724 14.324545096649025 14.662792179307779 14.919982903233084 15.084266313463674 15.132877307432155 15.080386427684168 14.995533592672016 14.888345232986449 14.76450222009403 14.630119390695814 14.49177765039915
20.440631116983205 19.666077153581725 18.69401189273573 17.69718963051435 16.789899097071228 16.004192475025093 15.326062586762745 14.718214649932715 14.20366475253925 13.836993471244996 13.569645053235547 13.371841230042394 13.245347064889831 13.190878296642685 13.130929020227233 12.988689884931093 12.693680879579523 12.243479993725465 11.665935796922222 11.06400739847755 10.479278477208059 9.998829650478092 9.942403624030268 10.26024621143933 10.667573754380788 11.11113632183005 11.576697569316012 12.055848240381817 12.541321059363264 13.025953403028542 13.502382491302075 13.954950512033518 14.35237863576945 14.681121663190073 14.9291469677912 15.077635664295332 15.104284368025834 15.03003957536731 14.923002802493416 14.792730778250828 14.644935867665417 14.485841939274295 14.322288814931927
19.99571715092354 18.876196502602514 17.648636131343164 16.50984030796878 15.573126259566983 14.83682297063391 14.24162064413419 13.745390593421916 13.391865453721467 13.17084459865216 13.074970212045814 13.048018164090516 13.085370090613718 13.169561554628537 13.209947866585347 13.165023525671346 12.96032214389391 12.591034181334654 12.076956831397009 11.53025730010744 11.032458391514863 10.673171083422268 10.577335260841664 10.736998002107155 11.03903471301029 11.412342917826047 11.825188119247642 12.261013575786258 12.708655658495378 13.15892214900208 13.603311958570737 14.031128485826185 14.409427278568193 14.719937440193364 14.95032670536586 15.072054763024283 15.072187272922783 14.976463493150549 14.848911695273195 14.6969548189941 14.52620216986012 14.342811066175143 14.153667628966177
19.066569382350337 17.846295860266206 16.443269851353502 15.19228003087364 14.2764768202897 13.650433935338183 13.175760432702205 12.84288309684301 12.653022704643549 12.579797867498272 12.629012424273114 12.774137433700798 12.979935460491362 13.181913548773075 13.336000730456158 13.401496976407351 13.299325943253612 13.020301710538279 12.583495858633187 12.10009299153826 11.677494315961729 11.379436112591366 11.256460478523584 11.318671953591581 11.520325022181524 11.811231740127122 12.157533707231396 12.537745065671388 12.937030355454263 13.34382357962409 13.748123240879629 14.140400361020994 14.490987136914462 14.775065535168746 14.978127385068099 15.069405263429688 15.039189700167219 14.924355998818568 14.778554446034583 14.606992351710396 14.415036793414462 14.208570536966345 13.99422553576389
18.28405761585833 16.84236472781438 15.21164020226593 13.789050933681581 12.961682509042863 12.532380404555878 12.226814054332511 12.067776575108509 12.027940612175035 12.087804375646245 12.265004522458964 12.566445283540222 12.905436241918276 13.218826844944934 13.496119202824621 13.684177511195175 13.69760770356809 13.510429969425882 13.143152048080795 12.711128901983596 12.339453264929928 12.073223501900822 11.93808861035001 11.935565434643442 12.056668044407443 12.270015840231476 12.547110885681487 12.866227800216553 13.210876499198715 13.567873367597604 13.925964283567607 14.27498413547209 14.590183450831656 14.840560484948268 15.012372209731412 15.069830115393668 15.007300055969697 14.878045442188123 14.716910437271228 14.528616216403586 14.31817827652933 14.091012614037284 13.851601339338734
17.779571057430598 16.10430655134789 14.22456616974285 12.387198010742734 11.830957833191466 11.648150398249845 11.51375978856444 11.476539731577247 11.548583884395999 11.712202581628844 11.996285932103937 12.40410680469511 12.832590738631811 13.250219326400497 13.651196478305433 13.969706627360484 14.120867127305333 14.02055113863967 13.699417078567164 13.30830367567731 12.975707305739254 12.731327239537954 12.590993268192358 12.551293787461734 12.609157796950635 12.755189344594065 12.96692975226755 13.224802381175252 13.512482905188678 13.81623757328784 14.124131464982117 14.42540349984446 14.69832037476547 14.913913909825027 15.050563294291376 15.071765505819275 14.981316671245196 14.84128274078814 14.668383887745124 14.46707420273056 14.24197667978619 13.992833936788115 13.72229490211383
17.58775655974035 15.773644721958371 13.873564538542752 12.216136210974945 11.462480640167014 11.210231995277208 11.099768465919725 11.099530573714874 11.223913618551991 11.458359951343418 11.805446437973972 12.247611348830553 12.746958448265012 13.25203154542072 13.755984883933955 14.191314449598124 14.520826157113701 14.478610693258908 14.161983117448967 13.806660381555389 13.51295091790361 13.296523506201765 13.163491287566076 13.111588328594909 13.133618637390326 13.233116974007286 13.392238153372382 13.592293840382187 13.823643073603211 14.07317133927112 14.328869016373014 14.579767621345715 14.809680671345998 14.990227579907117 15.098821969188423 15.112477703319025 15.03937363834225 14.920337506962614 14.75303385928356 14.538425996199855 14.274730473631664 13.969704177336428 13.643401363640633
17.64278871021297 15.774592144233464 13.977294090061617 12.509717555383304 11.606167956245454 11.158376515992979 10.958779611084744 10.927008577907912 11.051111645834313 11.304844863866178 11.64634211143342 12.094639171201758 12.637963860126 13.207232813892954 13.771759027148539 14.25212109185976 14.590241862856319 14.61811058663098 14.38398342845183 14.096066103901197 13.856101283112748 13.67929241946385 13.571075410879399 13.528021175445781 13.539955273087815 13.615329585265448 13.751226401224844 13.927743287049282 14.124150734198219 14.322918233930377 14.526110774527204 14.730420739636575 14.950604470193035 15.169960118197645 15.33165319481076 15.386974358326725 15.367810355026377 15.282639775646395 15.126473104725967 14.89187022304864 14.580666188548536 14.208278176589953 13.810221518546717
17.795581319691657 15.903364862038638 14.171156340184407 12.807859312811285 11.876337166666078 11.312978088240888 11.018980775943216 10.92637678877198 10.985738799922917 11.186390743232245 11.504243817235478 11.945320739258992 12.505604525650662 13.11024723256401 13.66842026889554 14.117437688451155 14.41158249281653 14.491088217342352 14.363264506538625 14.1688425407132 13.997427038681733 13.87077777669184 13.797662416147954 13.777544727790067 13.802123631199523 13.86779269043242 13.98785391947586 14.12463032003554 14.269855483001583 14.420699848916263 14.587350096668109 14.838373554025294 15.159923842319737 15.491029037545614 15.760507009513223 15.917336671230547 15.969007532178164 15.926301721690331 15.78075556184684 15.522176357529451 15.161683711895197 14.718090797397853 14.247962199988015
17.883344216879106 16.034642580767233 14.427093671062256 13.146518911072787 12.211134103109437 11.584615593339507 11.197757690230953 10.992229419878768 10.940872208862453 11.045881706542026 11.31484574695259 11.736867171329111 12.298814512913589 12.883369130727724 13.407744236660937 13.834542403736494 14.12047070192065 14.225581364361018 14.163682400463045 14.053301444833851 13.950616955954844 13.87754303794415 13.845181148657687 13.855595581182087 13.8870726711329 13.883630527413946 13.882729824888159 13.90813020186086 13.968206322813154 14.098051385545274 14.363987732606844 14.737115221195257 15.171607336666623 15.639156956165948 16.078631883280686 16.454353111737934 16.722201291090265 16.82846314086703 16.71623689064934 16.43505930888157 16.021852616563812 15.500151432992054 14.948335113874522
17.914041467893743 16.222109000900122 14.736762904210526 13.510144240077162 12.56153464020128 11.848509686161815 11.334337556555992 10.995206133667137 10.81890382009394 10.812790262545454 11.0051493631069 11.402359088712606 11.935936569659768 12.47087913037081 12.95599518726733 13.362389225712104 13.657283368669763 13.808347310549113 13.82117585090018 13.781870182404202 13.738106963674475 13.714786625587102 13.720959038301325 13.683125504001778 13.586577992779356 13.45708714651655 13.340233819584704 13.265184332091925 13.285887764024551 13.491455073592961 13.864462083511064 14.375707677778138 14.96345108402403 15.579513451363697 16.234680554489483 16.856031278909096 17.379013502673942 17.72671063028959 17.826934322685286 17.634712901457146 17.169130954001393 16.558419017416686 15.905596121798254
17.854390891386565 16.343689940820212 14.976150679947922 13.790339801910761 12.79335990107842 11.98988579606874 11.369794996191333 10.918505218314628 10.626164845250948 10.501153572194722 10.591264905630561 10.933825665075242 11.431063838198034 11.916771307083447 12.357681393084738 12.729789230707691 13.010093502320796 13.176427143953722 13.269334376414516 13.333320324240052 13.368749355117037 13.381469898705273 13.298458205114203 13.12595861559922 12.900702541313061 12.65543582331397 12.435486288846507 12.297122355919424 12.363958017386194 12.640166812478473 13.110614915191826 13.749794695885658 14.500364227753062 15.336174797964455 16.229728979303843 17.12270918324979 17.93130151154188 18.5531030483071 18.90595322078082 18.92879108486244 18.5857451488627 17.896931163135378 17.114223930260398
17.67596696237858 16.3596310976244 15.096217242859957 13.914385278705533 12.88110986889739 12.017737926404253 11.32314855763297 10.788065221728504 10.402678663757618 10.161150638995123 10.076860651939638 10.393210869753933 10.83365537207914 11.244638015439646 11.602178097727506 11.904030874895739 12.140015024297126 12.304741299414895 12.456164674103427 12.601472042422712 12.720444947262655 12.678605975865393 12.483768714351045 12.214015793483737 11.90167601039397 11.569553571554158 11.26634256481473 11.147134119129685 11.253568213931477 11.585032524505715 12.13595482507019 12.885965002618455 13.81744156943355 14.89788142474701 16.065199701793265 17.256335338093244 18.381879330018897 19.31728848204144 19.959775581643115 20.227645387466602 20.07196969845937 19.481969253346012 18.566422983002834
17.437217884900626 16.269258259592355 15.064839513995743 13.905769766586552 12.857231751562823 11.958958135935461 11.218074782164576 10.63265953468852 10.198291826277144 9.899828310345118 9.750390297226783 9.912303484114721 10.179771769765866 10.44205137112571 10.691822151582397 10.913184246241803 11.093127435446423 11.262040684757032 11.44816518322945 11.640890520673638 11.70232582707372 11.59817858075704 11.351012470842667 11.0012392819068 10.629539480216918 10.261599514402196 9.981223886475684 9.897458039742295 10.02349169773839 10.38182292247035 10.990372720550189 11.852397870220422 12.954188465993678 14.268586589968002 15.736155899201245 17.259830415361773 18.739610751803898 20.033311904130034 21.005346979495133 21.546454350887085 21.59254537078971 21.13069469263147 20.229220590020308
17.155455639956116 16.070416437395696 14.925589300105663 13.801114218596409 12.756161330160731 11.841633003773016 11.076716018774626 10.467776624056661 10.016820545805334 9.68091499324638 9.468051441955781 9.429084895001207 9.484862946578513 9.577318727585745 9.690459664775766 9.813781757161149 9.947208278639982 10.116294071354492 10.316651434776043 10.450319422043362 10.424456765006365 10.27077542033054 10.027893314242862 9.701909931094375 9.326552749110693 8.964741069466466 8.749434545551278 8.716319822776626 8.865570380298493 9.227717147661577 9.849640368948025 10.75057824717236 11.954778873272055 13.469912332376424 15.237150006651126 17.13537388903922 19.015114570340646 20.7198600037786 22.06613202760208 22.906010465382597 23.158111399356 22.81359542095739 21.937025554650084
16.82653869663609 15.810318570082401 14.721298170762543 13.63522964341908 12.610170648118288 11.691511522181203 10.915637984967876 10.286592607462044 9.789350652630416 9.365829990450699 9.050779436741799 8.858435884502727 8.740011196218834 8.67975489321758 8.668297854614178 8.699707023192566 8.793342061716988 8.940323173501552 9.100433785195202 9.134928712711991 9.076310016363976 8.94138418132905 8.7382232331789 8.467079959958653 8.124778618490716 7.801886472760623 7.63986964799514 7.645522014722659 7.828161279386797 8.207112794046452 8.816084823729486 9.726680550616381 10.98271969981467 12.610590337931358 14.601029879400635 16.88058424734436 19.21897574270562 21.40003334662809 23.173158541072524 24.332683594448707 24.778576777041092 24.52030245578512 23.639972040033708
16.485430292534662 15.527219941533971 14.489118651857588 13.441777129824247 12.439226014893237 11.518692983134644 10.714792888139304 10.049774743442628 9.46360841534228 8.946825164979364 8.534898026053689 8.209282436889609 7.954937315216144 7.771603533442947 7.663593556831434 7.650402418713344 7.713578947586726 7.8316769797193935 7.914513691323849 7.916435505989532 7.849753795626355 7.730704950539848 7.568821359329343 7.3586086298972635 7.084711314306463 6.826189229061209 6.704502312554959 6.726542556888461 6.909303535549351 7.277260288038337 7.872529314535619 8.768741797106847 10.057985619337572 11.790609847504328 13.978057256152349 16.55892254044758 19.35723885011716 22.099193883154967 24.365871608215336 25.856968750707033 26.45574018741473 26.222743612311955 25.299230412184304
