_RESULTS/CROSS_VALIDATION_POSTPROCESSED_80-20/Berg/IZ/3comp/3/Berg_IZ_z_90_kriged_reverse_3comp_spherical_3.asc
ncols 100
nrows 90
xllcorner 5.6208707817415728
yllcorner 50.959635321741573
cellsize 0.00013419651685393446
nodata_value 1.7014100000000001E+038
[rows 57 to 75 of 90, columns 43 to 85 of 100]
0.25200124792946615 0.22653588710557748 0.2061853536319724 0.19206832464796772 0.18563526108616452 0.1877594902973114 0.19773618341995144 0.21499038242699361 0.23881842046139598 0.2688280915576772 0.305241101999128 0.34692406419009536 0.39208758986317854 0.43932484374326947 0.48706784198224784 0.5346926945745297 0.5819429606602764 0.6277990702534024 0.6664349707849299 0.6916276685262288 0.7054261376766138 0.7099293885140573 0.7061596831072421 0.6976749529427797 0.6770561274494996 0.6203699943196119 0.571815850592345 0.5328984048487131 0.503028422969477 0.4813404813392007 0.4674914927589005 0.4605820242923213 0.4599402556383492 0.46515119852609654 0.47534874589085757 0.4877817846834939 0.5017685606608815 0.517218406762438 0.5324966055982897 0.5466669428563076 0.5588678516728633 0.5682880273715762 0.5741994846004002
0.26503034435176814 0.2421315361550242 0.22420801005720065 0.21198009067138032 0.20598785078093057 0.20684662220352884 0.21484948294528275 0.23005784056129974 0.25193977120372096 0.2802044568948926 0.31506395233083556 0.3566422115599433 0.4025217916952832 0.4511231272067533 0.5017345067248755 0.5534534883218009 0.605919940932252 0.6587096271629013 0.7032325477416933 0.7243089307731965 0.7390383971276482 0.7451694335954333 0.7415389719751362 0.7294486181017862 0.7044479708993542 0.6632954348130302 0.620215722353164 0.5826462595482906 0.552216143985876 0.5288842353755758 0.5123519700564667 0.5023772205614394 0.49883734467638097 0.5011748385221179 0.5069355296294044 0.5144352048661578 0.5237229445863826 0.5344910780449037 0.5450763582113658 0.5545862616128384 0.5622306669630526 0.567275857579102 0.5691694841637449
0.28164022872471317 0.2609757748455351 0.24500021942197336 0.23420680368879424 0.228914000254453 0.22916361138267602 0.23565223995390727 0.24921558033063293 0.26939186961298195 0.296042796725552 0.32938262265683677 0.3694921581735958 0.4151419105118024 0.46386764991619683 0.5149606103482856 0.5677127620984082 0.6211456597552443 0.6728851218338264 0.7148728675833979 0.7406600360158585 0.7561649778292634 0.7625817697765473 0.757718005787147 0.7442243413888487 0.7213972440982918 0.689451866013232 0.6541081466392218 0.6207904533802622 0.5924116567317312 0.5699720002661995 0.5536255416137643 0.5431749964386592 0.5382923455281007 0.5371333181311914 0.5380742331453012 0.5406824477606604 0.5453655339724891 0.5514996680369023 0.5574317747457884 0.5623330549207393 0.5654804339607015 0.5666603312559291 0.5663255573556085
0.30126013280445885 0.28259067059883686 0.26828961585456257 0.2587369774492839 0.2541706568031465 0.2546489632607445 0.26026478788427665 0.27237137223817753 0.29100887617773635 0.3161429864432025 0.34757638627464493 0.3852026134135286 0.42905918012717137 0.47721067365083353 0.5275656648856752 0.5790627673442701 0.6300318809864348 0.6774562301698539 0.7165861697988196 0.7440542096934841 0.7600954776715503 0.7650415371186858 0.7591263214961061 0.7473154209318269 0.7287561474410177 0.7040337489643623 0.6762661067047215 0.6489653372946456 0.6246240476580215 0.6046000417312408 0.5894811606781525 0.5794079346340028 0.5728984007099525 0.5685973887603807 0.5659473593688857 0.5646545010880206 0.565324764286749 0.5671412405545946 0.5685815325402787 0.569152683749687 0.5689380546202484 0.5676041331197871 0.5661089987749879
0.323512296322836 0.306702594625828 0.2939502161929862 0.28558669095902756 0.281830525021445 0.2827801468351446 0.2885130395012918 0.299748016843851 0.31679793704379905 0.3398694935472877 0.3688617092077139 0.40371096825754793 0.4443146097988131 0.4903644087375471 0.539111269223087 0.5883181475683951 0.6360693409580648 0.6796376629094589 0.7157815179031256 0.7419515107522463 0.7569964965312471 0.7603608754896413 0.7547447606246324 0.7446154985228741 0.7298186980876975 0.7110564341618664 0.6900084808919038 0.6686002485573047 0.6487778917251441 0.6319104702117497 0.618707997379211 0.6080630108383142 0.5993505117305004 0.5922353836069192 0.5862641172042362 0.5817155319667053 0.5789302071452236 0.5772259940420601 0.5754927431739223 0.5733471008851154 0.5704305666181696 0.5671385224137415 0.5660956543218502
0.3482052209775939 0.333238214816906 0.32200172961818396 0.3148204019501953 0.3119464561809212 0.3135602553786493 0.31960353284659804 0.3302993739000296 0.3460332373704171 0.3667814953391024 0.39307173260759476 0.4248285080905717 0.4617907983952803 0.503537649868979 0.5492694841699303 0.595665815706938 0.6399870820171781 0.6798690627591175 0.7127691554569633 0.736513223611852 0.7496377111637156 0.7516889953231605 0.7479647728525423 0.7402307390816103 0.728721568636164 0.7141520031927192 0.6977533176251562 0.6810061709538259 0.665297797100715 0.6512675742292725 0.6383756127374361 0.626748822055296 0.616356506127855 0.6070222626516478 0.5986233223424986 0.592033047130053 0.5872229111863272 0.5831707510047948 0.5789750370115552 0.574301298568061 0.5694121256330353 0.5666040821779614 0.5660956543218502
0.3771958072921952 0.36403706256917046 0.35429511956691295 0.3481844537702787 0.3458844600327712 0.347546882379973 0.35300565622846614 0.3624265336903749 0.3768650714190108 0.3962246266377062 0.4201197768855261 0.4484872988374806 0.4814660227391066 0.5185085781240121 0.5587597847814887 0.6009649611238214 0.6417429650320017 0.6779195573797314 0.7073516770613842 0.7281337530583841 0.7388225232638616 0.7411513383648897 0.7396242103579651 0.7345346212356385 0.7262650465591652 0.7154839754277215 0.7031476067675906 0.6901965733121627 0.6767401179824635 0.663313470925955 0.6503492588268018 0.6380699055681197 0.6265202180066347 0.6156093330632394 0.6058276108718367 0.597811364073863 0.5912890847321232 0.585098280057606 0.5786424835858825 0.5723824425233932 0.5681617781851029 0.5662139399944252 0.5660956543218502
0.4113986069771539 0.3996000409435314 0.3911271895943951 0.3857667503677911 0.38376905011136764 0.3852209377030579 0.3898021461843792 0.397579939231511 0.40974020273813516 0.426559144018614 0.4480058047059816 0.4738538768683122 0.5032133039129177 0.5354615600094321 0.5700050422879468 0.6057465837228809 0.6410784931949354 0.6734221881205068 0.6992465702851042 0.7168070697549205 0.7254403837261116 0.7295414503975319 0.7302511381387514 0.7278180671808003 0.7226468056022884 0.7149721989381822 0.7051149007668764 0.6936861763693026 0.6812974772490156 0.6684727008177616 0.6555963587587033 0.64289927716932 0.6304702301211605 0.6184840242644694 0.607915942997912 0.5988059794406406 0.5907661170647013 0.5826787933506407 0.5755279991359721 0.5702777944111891 0.5670827668539429 0.5660956543218502 0.5660956543218502
0.4495795488082198 0.4390305733995674 0.43163365284968547 0.4270763047470034 0.42536253206755065 0.42629226499204487 0.4298192008663086 0.43595801304891907 0.4454010427517459 0.45905926492027377 0.4768218941266529 0.4985624142224063 0.5241176053052621 0.5524309206405236 0.5820962475716895 0.6119824309504049 0.6407014913727272 0.6666412559508351 0.6880475166246547 0.702315540062232 0.7112541829876713 0.7169514597735983 0.7194178934189074 0.7187491137432339 0.7151434001151861 0.7089147648440746 0.7004816065228683 0.6903249207634554 0.6789284480955874 0.6667212473831776 0.6540380056536211 0.6411016393794992 0.6280548086914781 0.6158055183206425 0.6047584238158982 0.5948554905576279 0.5859033264017021 0.5783739442304443 0.572488020808897 0.5684191071079717 0.5663377402051711 0.5660956543218502 0.5660956543218502
0.49143113598961047 0.48238697797730296 0.47572809377278436 0.4719221430198098 0.47018369714177805 0.4703762213319913 0.47261068262223516 0.4769290666547342 0.4834448040003843 0.49338663633696367 0.5069152054291473 0.5238215967953869 0.5438529647413511 0.566687399469362 0.5913763253935095 0.6157217264167695 0.6383604528929917 0.6578422647893217 0.672646759889051 0.6834872128699248 0.6926268631791535 0.6993545868562459 0.7029590639814149 0.7035188324653701 0.7012169708930173 0.6963239183070733 0.6891831902750226 0.6801814755167608 0.6697090450148155 0.6581207257375874 0.6457062758950636 0.6326742134945014 0.6197459071519182 0.607623929242884 0.5968593005175291 0.5880152948064978 0.580521140232196 0.5743905646177812 0.5698195726521924 0.5669944992403338 0.5660956543218502 0.5660956543218502 0.5660956543218502
0.5366682613138332 0.529473688167283 0.5236046524420622 0.5197107873770462 0.5176262934524588 0.5168676809398673 0.5175124522831821 0.5196455489252076 0.5232870389376423 0.5289314435365057 0.5376244993218826 0.5491510891358956 0.563201925582932 0.5794042259947347 0.5973056665823502 0.615891407942668 0.6325093076834755 0.6457180463120122 0.6557024836850468 0.6645845908346896 0.6720179609532098 0.6776301816092514 0.6811206819605768 0.6822822036874161 0.6810183561595369 0.6773357520118626 0.6713672599622187 0.6634193450985388 0.6538112451970096 0.642841663966191 0.6308751621754671 0.6187231029534643 0.6073989707255615 0.5972966348410107 0.5887639971128794 0.5816785156624409 0.5756712253762224 0.5709542496304943 0.5677308642774255 0.5661974727698263 0.5660956543218502 0.5660956543218502 0.5660956543218502
0.5848409858822855 0.5797700410491337 0.574691777163051 0.5702216683948368 0.5669600469991318 0.5649048381552579 0.563606887524456 0.5631322303965988 0.563567135081316 0.5649359790962591 0.5681629184239001 0.5737600588874966 0.5813945895971024 0.590676884065246 0.6011539190198629 0.6123063081857785 0.6229158608015906 0.6315160904342959 0.6395734355248957 0.6467453838245735 0.6526814522610714 0.6570742899706791 0.6596781806865611 0.6603251403752305 0.6589367810032607 0.655529607467321 0.6502118608514895 0.6431716742436988 0.6346584535857587 0.6249609340659544 0.6147900412501075 0.6050117481378107 0.5960181691512317 0.5881717454489311 0.5816913452203354 0.5761284414361939 0.5715874268045754 0.5682853176818723 0.5664299194253937 0.5660956543218502 0.5660956543218502 0.5660956543218502 0.5660956543218502
0.6355865237074049 0.6321609427600058 0.6279194370095099 0.622865594480676 0.617943146880004 0.6135168563696775 0.6096976608292717 0.6061474291606311 0.602876946884273 0.5999983682078474 0.597605247669106 0.5967500105545913 0.597581340669524 0.5997194442164818 0.6027337092187102 0.6061631226940667 0.6112797651257271 0.6180813246631754 0.6244846591491621 0.630141206659149 0.6347575287171183 0.6380783330360893 0.6399007486816289 0.6400863099373653 0.638569245894886 0.6353597029129866 0.6305410015814167 0.6242610083429606 0.6167309417345065 0.6086688728364827 0.600662466239628 0.5930773424687201 0.5862669363614669 0.580557920041727 0.5756916758090739 0.571595333863083 0.5684926688522712 0.5665988945748011 0.5660956543218502 0.5660956543218502 0.5660956543218502 0.5660956543218502 0.5660956543218502
0.6877748261495363 0.6853233225741623 0.681990217348961 0.6766247147514047 0.6697321858820827 0.6623197824684416 0.654729658636105 0.6471888727102524 0.6396984079502629 0.6320986711640519 0.6245271217740955 0.6171217702141462 0.6108488662237596 0.6057163265118012 0.60173460795356 0.600280771420946 0.6015743939465465 0.6056750340921083 0.6105949997046501 0.614901831102284 0.6183478287846634 0.6207190338195878 0.6218460736511013 0.6216130612368553 0.6199635123737595 0.6169024221426064 0.6124940430422263 0.6069815466533692 0.600967695400667 0.5947842090359396 0.5887513925872526 0.583193398696821 0.5784317590134256 0.5744282961011458 0.570976453435932 0.5682954823616462 0.5666013831938538 0.5660956543218502 0.5660956543218502 0.5660956543218502 0.5660956543218502 0.5660956543218502 0.5660956543218502
0.7397564414440452 0.7382835477936978 0.735495450302108 0.7297568258691913 0.7210381041378502 0.7101176519482555 0.698109554914142 0.6854711421161482 0.6725428139810492 0.6595627424726442 0.6465381051223134 0.6333978643771665 0.6204527260754343 0.6096931993903963 0.6017068388268222 0.5965354870797116 0.5942266931256465 0.5948481285783875 0.5980318124165952 0.6011286424713391 0.6035292272003989 0.6050523177232859 0.605554773636109 0.6049381643987132 0.6031530454836408 0.6002612150358558 0.5966148846596052 0.5924429235306674 0.5879840704458417 0.5835027343410888 0.5792800473775856 0.5756066497753575 0.5725369987286836 0.5698516518190528 0.5677483305749924 0.5664359978859729 0.5660956543218502 0.5660956543218502 0.5660956543218502 0.5660956543218502 0.5660956543218502 0.5660956543218502 0.5660956543218502
0.7897084761148969 0.7894877697222071 0.7867632016482748 0.7804807015449445 0.7697216577875747 0.7552965725457003 0.7382662347667609 0.7199296252102676 0.7008997854406962 0.6816413663240481 0.6629789425749908 0.645479574722275 0.629508425954203 0.6152945061174984 0.6034944489239272 0.5947288468259674 0.5890121650858912 0.5863793282669943 0.5869017320626325 0.5889044994548419 0.5903634139359315 0.5911221502997077 0.5910681213737005 0.5902439589221103 0.5887117762843167 0.5865608955289499 0.5839256475843445 0.5809796167276825 0.5779288458506026 0.5750048013556893 0.5724579092603828 0.5703296421331185 0.568454092696166 0.5670137495884269 0.566203067506863 0.5660956543218502 0.5660956543218502 0.5660956543218502 0.5660956543218502 0.5660956543218502 0.5660956543218502 0.5660956543218502 0.5660956543218502
0.8386910827777903 0.8388090934542872 0.8352713404206468 0.8276695150164607 0.8143222439901399 0.7961532178120623 0.7744893842908298 0.7507221704070958 0.7264330848355092 0.7025504965142678 0.6797224552134887 0.6584377758951625 0.6390596174142207 0.6218595477897141 0.6070483721203521 0.5948465870278492 0.5858501802208513 0.5801852258833482 0.5778789308706643 0.5785197079990023 0.5792722974505047 0.5796005880173277 0.5794518969785294 0.5788169033344175 0.5777298960607015 0.5762673490701217 0.5745449661710168 0.5727135284263116 0.57095403040608 0.5694716811181084 0.5682063841669074 0.567111631418535 0.5663509651488856 0.5660956543218502 0.5660956543218502 0.5660956543218502 0.5660956543218502 0.5660956543218502 0.5660956543218502 0.5660956543218502 0.5660956543218502 0.5660956543218502 0.5660956543218502
0.8924204947117943 0.8927367951924778 0.8877705530564063 0.8776538755162319 0.8608473505788722 0.8382929542527022 0.8118247280855423 0.7831636348753468 0.7537583306348673 0.7249507959666306 0.6977025503381395 0.6724980412201754 0.6496686749575268 0.629441543519587 0.611978671649408 0.597408003133711 0.5858480541875768 0.5774459192701602 0.5725950685983858 0.5714320584482372 0.5716494387011966 0.571673268736094 0.5714571861682999 0.5709927693598351 0.5703096726570446 0.5694745814231563 0.5685890989099838 0.5677868142204142 0.5671770232821746 0.5666301543175111 0.5662261023384579 0.5660956543218502 0.5660956543218502 0.5660956543218502 0.5660956543218502 0.5660956543218502 0.5660956543218502 0.5660956543218502 0.5660956543218502 0.5660956543218502 0.5660956543218502 0.5660956543218502 0.5660956543218502
0.9507834332823885 0.9519585575954495 0.9455508126914578 0.932022862307825 0.9106689381116924 0.8825919155460626 0.8503475407831033 0.8161321893395296 0.7816426824265236 0.7481080874187949 0.7163851600051693 0.687201882234037 0.6609455898054499 0.6377715552433333 0.6177736139635456 0.6010177133588545 0.5875670150400439 0.5775016100572794 0.5709351697358539 0.5680303636166447 0.5677261243130828 0.5674661174636068 0.5671859137385604 0.5668776356014437 0.5665674116122676 0.5663146300048131 0.5661921797400291 0.5661142699739201 0.5660956543218502 0.5660956543218502 0.5660956543218502 0.5660956543218502 0.5660956543218502 0.5660956543218502 0.5660956543218502 0.5660956543218502 0.5660956543218502 0.5660956543218502 0.5660956543218502 0.5660956543218502 0.5660956543218502 0.5660956543218502 0.5660956543218502
