_RESULTS/CROSS_VALIDATION_POSTPROCESSED_80-20/Berg/IZ/3comp/3/Berg_IZ_z_0_kriged_reverse_3comp_spherical_3.asc
ncols 100
nrows 90
xllcorner 5.6208707817415728
yllcorner 50.959635321741573
cellsize 0.00013419651685393446
nodata_value 1.7014100000000001E+038
[rows 72 to 89 of 90, columns 41 to 81 of 100]
0.03574949368842786 0.03718595073865022 0.037974649236608815 0.03793895119241095 0.037138328919621946 0.03530509523027087 0.032325319952831805 0.028658144024645768 0.024801076558476534 0.02119972708327645 0.017978056655637707 0.015176222382051269 0.012837417773889527 0.010936894197462303 0.009419902356259176 0.008219390461540651 0.007327760279236846 0.006735137591590368 0.0063886619870410334 0.006258740969383252 0.006336397573521176 0.006507725711077714 0.006630771628592618 0.006687202851837213 0.006663621918546053 0.006568587076834491 0.006412563386259311 0.006208202955105043 0.005971901326073732 0.0057219826152516825 0.005477075360532252 0.005254999103408276 0.00507234714593111 0.004927332285315437 0.004802656728302515 0.0047088158371510055 0.004656715666923259 0.004649850969159855 0.004649850969159855 0.004649850969159855 0.004649850969159855
0.05156268181291017 0.054208473893468986 0.05574164297434735 0.055812661445672526 0.05433304311154705 0.05124797244210927 0.0461923369960107 0.04000010339450583 0.03355667127310229 0.02753440017913732 0.022396815130273254 0.018193435609655122 0.014839362077257869 0.012210034206623725 0.010176018308059061 0.008620838359241047 0.007447990944690096 0.006585934275378321 0.006012676379246884 0.005681774363189152 0.00556129462527247 0.005613015846087305 0.005663402139386738 0.005678425237135811 0.005654482083758841 0.005592133560291185 0.005495998606364266 0.005374224703628987 0.005237662086534247 0.005098942608535102 0.004971685436886539 0.004869948845091862 0.004786401148672717 0.004715141201655648 0.004666182378363092 0.004649850969159855 0.004649850969159855 0.004649850969159855 0.004649850969159855 0.004649850969159855 0.004649850969159855
0.07481811223226399 0.07992900836725692 0.08302293152309552 0.08324911559677782 0.08033227327302363 0.07462754269885492 0.0659145593907756 0.055603749331020864 0.04529541107582377 0.03602113735191576 0.028242176880354214 0.02207655415975788 0.017361984837500698 0.013805116468919654 0.011144469208230355 0.009166958448021126 0.0077080905793990824 0.006645675260436763 0.005892169602567901 0.005389281675066617 0.005116827457747811 0.005054612137181587 0.005065404930589271 0.005060885794640783 0.0050384044362379215 0.00499823389726955 0.004943494766730751 0.004879886522919381 0.004815295515151719 0.004759394014769185 0.004719371175235716 0.004684099318198587 0.004658188973917159 0.004649850969159855 0.004649850969159855 0.004649850969159855 0.004649850969159855 0.004649850969159855 0.004649850969159855 0.004649850969159855 0.004649850969159855
0.10826530065379616 0.118360223514587 0.12500126624681085 0.12606888450585968 0.12070103717245564 0.10995454900072606 0.09466120468476653 0.07736851885165776 0.06092715270016785 0.046851797135344424 0.03557817477661977 0.026925001633569912 0.020459759707944798 0.015739530841992415 0.012327156431932402 0.00986350189246946 0.008088279832634932 0.00681724046065723 0.005922718488337559 0.0053189544130631365 0.004952043190446395 0.004794047163601345 0.004772877654161263 0.004752520444870411 0.004730312256381459 0.004706290796959455 0.004682784660949307 0.004664298070023282 0.00465601942934375 0.004651040039623571 0.004649850969159855 0.004649850969159855 0.004649850969159855 0.004649850969159855 0.004649850969159855 0.004649850969159855 0.004649850969159855 0.004649850969159855 0.004649850969159855 0.004649850969159855 0.004649850969159855
0.15454629337379858 0.17447696705555793 0.1890980169340151 0.1930385655437971 0.18352153237061392 0.16303113131306138 0.13573963811267564 0.1067383120993185 0.0808624152531429 0.05996845090676027 0.04406710410239267 0.032382717152214816 0.023967672647331906 0.017970646135817694 0.013716371719051516 0.01070471388931637 0.008581980799284088 0.007088823717128477 0.006049322211573095 0.00534767999277222 0.004910910101363203 0.004698453890882934 0.0046677660229381655 0.004659908863073451 0.0046528691170969454 0.004649850969159855 0.004649850969159855 0.004649850969159855 0.004649850969159855 0.004649850969159855 0.004649850969159855 0.004649850969159855 0.004649850969159855 0.004649850969159855 0.004649850969159855 0.004649850969159855 0.004649850969159855 0.004649850969159855 0.004649850969159855 0.004649850969159855 0.004649850969159855
0.2144901110757704 0.25288767992116457 0.2851306801256073 0.2976463844923753 0.2810727193825892 0.24133888863236597 0.19204462890282745 0.144071300456542 0.10454475421732831 0.07468231053185985 0.053147285603442236 0.03799551080009513 0.02746048357808736 0.020165138876234303 0.01511009135389412 0.011597032548297841 0.009148306744869057 0.007441380257253299 0.006260714362319402 0.005464410088108144 0.004962132382447339 0.004701424655945551 0.004649850969159855 0.004649850969159855 0.004649850969159855 0.004649850969159855 0.004649850969159855 0.004649850969159855 0.004649850969159855 0.004649850969159855 0.004649850969159855 0.004649850969159855 0.004649850969159855 0.004649850969159855 0.004649850969159855 0.004649850969159855 0.004649850969159855 0.004649850969159855 0.004649850969159855 0.004649850969159855 0.004649850969159855
0.28428611326130954 0.35329953215389875 0.42285309680766614 0.4600268046309132 0.4310044402064706 0.35143047909449276 0.26285181969597754 0.18665667321257048 0.1295551423744024 0.08932410351507011 0.0617754272432061 0.04313843763783918 0.03056912302548219 0.02207279473193433 0.016298674905601072 0.012348055699399948 0.009628126714822856 0.007749461383575924 0.00645712220629525 0.005585581621386346 0.005029953081348857 0.004728404285716258 0.004649850969159855 0.004649850969159855 0.004649850969159855 0.004649850969159855 0.004649850969159855 0.004649850969159855 0.004649850969159855 0.004649850969159855 0.004649850969159855 0.004649850969159855 0.004649850969159855 0.004649850969159855 0.004649850969159855 0.004649850969159855 0.004649850969159855 0.004649850969159855 0.004649850969159855 0.004649850969159855 0.004649850969159855
0.3526560630918451 0.45958478090709554 0.5983014251160669 0.7074148907105166 0.6533765033915867 0.48691531686170364 0.33658405115654566 0.22617740360265978 0.1510305983378349 0.10123366775911716 0.0685229521868325 0.04704304707447904 0.03287564961103987 0.023462669430848206 0.01715208769785775 0.012881034037584218 0.009965571706048315 0.00796475982493434 0.006593985495045018 0.005670258972093807 0.0050781287069717 0.004749083884960356 0.004649850969159855 0.004649850969159855 0.004649850969159855 0.004649850969159855 0.004649850969159855 0.004649850969159855 0.004649850969159855 0.004649850969159855 0.004649850969159855 0.004649850969159855 0.004649850969159855 0.004649850969159855 0.004649850969159855 0.004649850969159855 0.004649850969159855 0.004649850969159855 0.004649850969159855 0.004649850969159855 0.004649850969159855
0.39565910087885947 0.52971019091262 0.7418234271693858 1.0398275043840568 0.9165139351950266 0.59270325422535 0.3837358438149121 0.24898914112188233 0.16271508297179704 0.10747395505195505 0.07196810242043 0.048999468689339146 0.03401495913908053 0.024141586769518587 0.017565282330021973 0.013137272951899388 0.010126919149306673 0.008067303423565436 0.006659043640692252 0.005710555266040396 0.0051012394814356375 0.004759366487586496 0.004649850969159855 0.004649850969159855 0.004649850969159855 0.004649850969159855 0.004649850969159855 0.004649850969159855 0.004649850969159855 0.004649850969159855 0.004649850969159855 0.004649850969159855 0.004649850969159855 0.004649850969159855 0.004649850969159855 0.004649850969159855 0.004649850969159855 0.004649850969159855 0.004649850969159855 0.004649850969159855 0.004649850969159855
0.3917461280263124 0.5146662918435094 0.700518789361952 0.9234944584149491 0.8355666773569026 0.5681513953273472 0.3736598665568235 0.24427199470590422 0.16034025108641042 0.1062188522348161 0.071280013811429 0.048610667517670826 0.0337893901115386 0.02400755934960752 0.017483899133815185 0.013086895748745336 0.01009524271011185 0.008047192025854919 0.00664629087264167 0.005702654572602104 0.005096699696091938 0.0047573297349741825 0.004649850969159855 0.004649850969159855 0.004649850969159855 0.004649850969159855 0.004649850969159855 0.004649850969159855 0.004649850969159855 0.004649850969159855 0.004649850969159855 0.004649850969159855 0.004649850969159855 0.004649850969159855 0.004649850969159855 0.004649850969159855 0.004649850969159855 0.004649850969159855 0.004649850969159855 0.004649850969159855 0.004649850969159855
0.34346142317553385 0.4260004875772682 0.5270335822542117 0.6042809237956976 0.5670959811940619 0.44175549591646224 0.3137551340305544 0.21445063920945057 0.14482458951727045 0.09785178566677069 0.06663035021026455 0.0459577523295754 0.03223898693459579 0.023081117104539473 0.016918825153547177 0.012735861177438888 0.00987390633490907 0.007906387027028375 0.00655691351232733 0.005647308344103011 0.005065016773294578 0.004743349315744813 0.004649850969159855 0.004649850969159855 0.004649850969159855 0.004649850969159855 0.004649850969159855 0.004649850969159855 0.004649850969159855 0.004649850969159855 0.004649850969159855 0.004649850969159855 0.004649850969159855 0.004649850969159855 0.004649850969159855 0.004649850969159855 0.004649850969159855 0.004649850969159855 0.004649850969159855 0.004649850969159855 0.004649850969159855
0.273964504503922 0.3182684646342492 0.3627811178216207 0.3881246106836016 0.3703772877511749 0.31195441700874055 0.23863821208408978 0.172618819070912 0.12153314340649186 0.08472184451079696 0.05910442486319107 0.04156497177450231 0.029626832984593007 0.021498838396271615 0.015943213380487428 0.01212453642440874 0.00948585765057025 0.007658351084298916 0.006399101926402593 0.005549736038205516 0.005009739412844809 0.0047200741174592 0.004649850969159855 0.004649850969159855 0.004649850969159855 0.004649850969159855 0.004649850969159855 0.004649850969159855 0.004649850969159855 0.004649850969159855 0.004649850969159855 0.004649850969159855 0.004649850969159855 0.004649850969159855 0.004649850969159855 0.004649850969159855 0.004649850969159855 0.004649850969159855 0.004649850969159855 0.004649850969159855 0.004649850969159855
0.2051616125763084 0.2253328358764857 0.24269672302329087 0.25004859590231127 0.24112307482503045 0.21262690210106977 0.1719939549868187 0.131143827207297 0.09654000867370198 0.06980665169034207 0.05018639959798441 0.03618900453724211 0.02634823346578501 0.01947242653523504 0.014673306958413073 0.011318392991082128 0.00896897056202121 0.0073256524046540665 0.006186791568860391 0.00541895686931533 0.004937108875545944 0.004692261045124037 0.004649850969159855 0.004649850969159855 0.004649850969159855 0.004649850969159855 0.004649850969159855 0.004649850969159855 0.004649850969159855 0.004649850969159855 0.004649850969159855 0.004649850969159855 0.004649850969159855 0.004649850969159855 0.004649850969159855 0.004649850969159855 0.004649850969159855 0.004649850969159855 0.004649850969159855 0.004649850969159855 0.004649850969159855
0.1478584398464369 0.155521086660795 0.1612852823952458 0.16264832910020802 0.15806142410993768 0.14340851759440285 0.12083444994311654 0.09630160009580266 0.07391897055882785 0.05548116256941301 0.04120771347812929 0.030568517036067427 0.02281436672583018 0.017233235848482558 0.013241279644378835 0.010394361026756123 0.008369019851734152 0.006936268562845759 0.005937686935952664 0.005266729937336116 0.004855506997014567 0.0046665233592189026 0.004649850969159855 0.004649850969159855 0.004649850969159855 0.004649850969159855 0.004649850969159855 0.004649850969159855 0.004649850969159855 0.004649850969159855 0.004649850969159855 0.004649850969159855 0.004649850969159855 0.004649850969159855 0.004649850969159855 0.004649850969159855 0.004649850969159855 0.004649850969159855 0.004649850969159855 0.004649850969159855 0.004649850969159855
0.10435158710070053 0.10633897617783582 0.10758321613767857 0.10723254710043226 0.10475660834089921 0.09685000696927278 0.0841361227149881 0.06952404751686651 0.055384289606605006 0.04307080078101719 0.03305342493439964 0.02525791484386121 0.019362853734307232 0.014984901766454502 0.011770131504656287 0.009427414852490688 0.007732430252052585 0.00651962316958232 0.005671082632725952 0.0051063685251505385 0.004774846207909075 0.004651080017636426 0.004649850969159855 0.004649850969159855 0.004649850969159855 0.004649850969159855 0.004649850969159855 0.004649850969159855 0.004649850969159855 0.004649850969159855 0.004649850969159855 0.004649850969159855 0.004649850969159855 0.004649850969159855 0.004649850969159855 0.004649850969159855 0.004649850969159855 0.004649850969159855 0.004649850969159855 0.004649850969159855 0.004649850969159855
0.073015990006808 0.07278092688496521 0.07251358100611396 0.07192290873850185 0.0703475531343723 0.06595016783300867 0.05866437197791157 0.04993665377734897 0.04108812720074206 0.03301210926281899 0.026144115545626272 0.02057954973444029 0.016218289164557 0.012876946529354678 0.01035739797557446 0.008480868267852474 0.007100589426756889 0.00610328574349311 0.0054059752434647045 0.0049516998241056044 0.0047060603104944745 0.004649850969159855 0.004649850969159855 0.004649850969159855 0.004649850969159855 0.004649850969159855 0.004649850969159855 0.004649850969159855 0.004649850969159855 0.004649850969159855 0.004649850969159855 0.004649850969159855 0.004649850969159855 0.004649850969159855 0.004649850969159855 0.004649850969159855 0.004649850969159855 0.004649850969159855 0.004649850969159855 0.004649850969159855 0.004649850969159855
0.05113159123930749 0.050245254573775426 0.04965682147908642 0.049165171682082315 0.048017546672676575 0.04550456575439189 0.04125123272481232 0.035992441064040724 0.030458557772884445 0.025205299228456622 0.020561208918497286 0.016658346062184155 0.01349561316847373 0.01099967782919136 0.009069240519581825 0.00760170508853992 0.006506614797632011 0.005710887727068485 0.00515980280359364 0.004816379780295358 0.0046608365493672295 0.004649850969159855 0.004649850969159855 0.004649850969159855 0.004649850969159855 0.004649850969159855 0.004649850969159855 0.004649850969159855 0.004649850969159855 0.004649850969159855 0.004649850969159855 0.004649850969159855 0.004649850969159855 0.004649850969159855 0.004649850969159855 0.004649850969159855 0.004649850969159855 0.004649850969159855 0.004649850969159855 0.004649850969159855 0.004649850969159855
0.03611718579512069 0.035216420037826594 0.03472119299898397 0.03421032072985224 0.033411335395972776 0.03193931564541724 0.02940906959839369 0.02620224897689658 0.022724549421211812 0.01931293533953002 0.016194350116937383 0.013487201481211063 0.011226256043558735 0.009393183397409424 0.007942608063889555 0.006820365321315372 0.00597454968432614 0.005361374271276231 0.004947947064800752 0.004713684097276746 0.004649850969159855 0.004649850969159855 0.004649850969159855 0.004649850969159855 0.004649850969159855 0.004649850969159855 0.004649850969159855 0.004649850969159855 0.004649850969159855 0.004649850969159855 0.004649850969159855 0.004649850969159855 0.004649850969159855 0.004649850969159855 0.004649850969159855 0.004649850969159855 0.004649850969159855 0.004649850969159855 0.004649850969159855 0.004649850969159855 0.004649850969159855
