_RESULTS/CROSS_VALIDATION_POSTPROCESSED_80-20/Berg/IZ/3comp/3/Berg_IZ_z_500_kriged_reverse_3comp_spherical_3.asc
ncols 100
nrows 90
xllcorner 5.6208707817415728
yllcorner 50.959635321741573
cellsize 0.00013419651685393446
nodata_value 1.7014100000000001E+038
[rows 19 to 37 of 90, columns 0 to 40 of 100]
0.039746049471665226 0.04062242932477357 0.041554658706176494 0.042493264729988635 0.0433868288027523 0.04418410253982465 0.04483706640361337 0.04530459668349249 0.04555618676513707 0.045575038872042395 0.0453598833600802 0.044925119550211355 0.04429924586935806 0.04352193209580527 0.04264035145730466 0.04170546287494614 0.04076882659133401 0.03988032484288921 0.03908693302296825 0.038432511664103906 0.03795849316468214 0.03770531626600395 0.037674312142118235 0.037674312142118235 0.037674312142118235 0.037892060243907885 0.03872849177863386 0.04019380403336419 0.042313493728619346 0.04513611339187514 0.048314544713701855 0.0512763598908975 0.05399358743792965 0.05649260414891809 0.05874681177701774 0.06072269461778738 0.0623806956477398 0.06366544418999605 0.06448825975763595 0.06469888022826938 0.06405054062486168
0.04123884518141915 0.04244988347273255 0.04371727606021066 0.04498250100801761 0.046182297519000194 0.047251494358254535 0.04812734219926645 0.04875493585614625 0.04909290104201805 0.04911823321783935 0.048829187340771664 0.048245502787473124 0.04740590605536737 0.04636351491136794 0.04518020838598991 0.04392109699530424 0.0426499776409885 0.04142625378629113 0.0403034154725496 0.03933420705346846 0.03856697577942262 0.03803251936846471 0.037762840737849135 0.03774123445088976 0.03774082601048331 0.03805038781278519 0.038993368708124525 0.04058129647892568 0.04285507781596712 0.04583743797288247 0.04885101712446459 0.05161634300324306 0.0540988182698276 0.056282403378148646 0.0582037530956365 0.05985738347456624 0.06122929421069728 0.06229935342822058 0.0630248768546186 0.06330496305509187 0.06290731234182985
0.04310789308516692 0.044705715856551864 0.04636891545823325 0.04802761610942816 0.049603046673665566 0.05101110885265248 0.05216837888674997 0.05300009342400312 0.05344890555905957 0.05348257339642642 0.053098641047637674 0.05232480557487805 0.051214863789852655 0.049841381312696026 0.048286973010140635 0.04663609280865098 0.04497307856339885 0.04339879103566123 0.04196459907005284 0.04070659180286752 0.039656423759065904 0.03884330621926754 0.03829639174149092 0.038047475445371015 0.03803640156930513 0.03841021965527139 0.039416080080987036 0.04106908996554017 0.04341414625089413 0.04631863978788948 0.04905706643946039 0.05154126292770578 0.05375175501515203 0.05563723058305578 0.05718965274465812 0.05844994178758687 0.059449118266151214 0.06020112986229083 0.060718473318075915 0.06099012477980108 0.06160223646277342
0.045336882624169794 0.04738465237107725 0.049518636710573175 0.05165533300741532 0.05369614235214251 0.05553150967425194 0.05704900450495375 0.05814503054218384 0.058738444729439114 0.05878301703804539 0.05827520855857987 0.05725478686839007 0.05579807401036901 0.05400600602194559 0.05199387225001054 0.04992555970567982 0.04789740312607021 0.0459696975631998 0.04419199836725935 0.04260424029647002 0.04123892856166967 0.040123860682932146 0.03928506458531845 0.0387498387136421 0.038558438033071595 0.03896146936853612 0.039993616791562825 0.041671066784383114 0.04403973259385704 0.04674123221479571 0.04915258739324104 0.05125119925943188 0.05303640663519347 0.05452323779273978 0.055707902081516325 0.05655007179389026 0.05708054587566257 0.05736806693478725 0.05746613722207313 0.057903518992366156 0.0602040110586534
0.04790182200427983 0.05047324336563899 0.05316815298848336 0.05588764009062307 0.05850854551734567 0.060887547514916235 0.06287154899664414 0.06431468539075082 0.06509973768837163 0.06515881152993269 0.06448667716700955 0.0631418376886949 0.061234910274261305 0.05894400471240872 0.05648967053241068 0.05398248490731103 0.05151456743255534 0.049160776535796445 0.04697895296122988 0.045012435355576474 0.0432936366545727 0.04184790308073824 0.04069726445569999 0.03986396742249661 0.03938280773150625 0.03969012907432163 0.04070868770171975 0.04236550773396169 0.04469874575940744 0.04711974651970215 0.04918124130145971 0.050869645754871747 0.052188333095507626 0.05315610243626352 0.053805044403641665 0.05417085245437467 0.05420663326218567 0.05392447977776698 0.05353691767354934 0.05464609071899176 0.057620563138135954
0.05076512443023048 0.05394252550492456 0.05730322122895941 0.060732488902420764 0.0640781816947666 0.06715317671257898 0.06974759280186078 0.07165296238931437 0.07269620234593752 0.07277490106722656 0.07188110574193239 0.0701032582506994 0.06768711007708181 0.06490080533818951 0.06190393242048002 0.058841252644479085 0.05583202582134347 0.052967354130155485 0.050312746505236386 0.04791319320581944 0.04579892573209186 0.043990888937786125 0.04250555255348452 0.04135904793830707 0.040575028560525535 0.040597005247106216 0.041551383792763436 0.043138587862937665 0.04535450802252348 0.047473045502798156 0.049168054842175665 0.05043023421896112 0.05126744287700843 0.05170188842812118 0.05176654044870924 0.05150096741749549 0.05094535650282753 0.05004712879566768 0.0498570858424409 0.051251217008006375 0.05400509043324743
0.05386900746030866 0.05773902794870488 0.061882100991000194 0.06617018206532749 0.07041966316477852 0.07438879965261606 0.07778935548397001 0.08031930747559672 0.0817168794371306 0.08182267384161186 0.08062417511741843 0.07837749311109593 0.07541392389531171 0.07196636496428654 0.06826416708709415 0.06450330173227846 0.060834690392575275 0.057365200344650785 0.05416502910251718 0.05127703203269173 0.04872561787034201 0.0465242811405554 0.04468163327378613 0.043206156549827165 0.04211004819951671 0.04177128337064199 0.04251916535439881 0.04398454430016035 0.04601884481168149 0.047824091719625886 0.04914358440908706 0.04997406134787584 0.050329429875746616 0.05023661132372778 0.04973056736854972 0.04884862664505807 0.04762381481697158 0.04640998452781014 0.046603360407518515 0.048072477251068356 0.05046639772493802
0.057128755506829436 0.061774426299206195 0.06682073548316918 0.07213396895481336 0.07750239218586612 0.08264045074126046 0.08715000514219896 0.09057029212676718 0.09248023470050735 0.09261541614427674 0.0910812641825907 0.0882671010211527 0.08450358385860823 0.08016177870886941 0.07554932988787913 0.07092287742699957 0.06646570313885206 0.06229541244204467 0.058480063021839855 0.055053798953259785 0.05202971659427142 0.04940966204609627 0.04719142077125577 0.04537394242646791 0.04396121867053417 0.04322342420399531 0.04361717757989632 0.04490545803318642 0.04671066766428258 0.04819778145842674 0.04914086575292934 0.049545197511318154 0.049433228642383135 0.048839243339506275 0.04780343753105887 0.046365623524465216 0.044559126455731554 0.0434981070603267 0.043956782858493935 0.04555103856659073 0.047882327509158454
0.060427106620044996 0.06591731298790553 0.07204058128543427 0.07868798819718113 0.08561057268876462 0.0924118277149135 0.09852958145586874 0.10327317823752599 0.10595772126123794 0.10621347079905229 0.10427782198901465 0.10049724962769159 0.09543348190666905 0.08968416161392742 0.08374856210444101 0.07798477106077313 0.07260304202353957 0.06764713546655589 0.06316182592469113 0.059162808296181806 0.05564464024096118 0.05259243681483753 0.04998979167230891 0.04784287706502027 0.04616448869243645 0.045069890081738166 0.04507102596951341 0.046091952144297586 0.04760534003533345 0.04872042370664767 0.04922985089164635 0.04918626159855831 0.04863373048900344 0.047580852460653536 0.04607630250086759 0.044167836926357576 0.042090707055480736 0.0413602882926889 0.04205024907146695 0.04391721844599787 0.04657738574853777
0.06370900485948765 0.07029503999132472 0.07779104406346267 0.08609156857505075 0.09495316921385738 0.10392254666985229 0.11226431863401301 0.11894943241259935 0.12285238413766268 0.12348721354883281 0.12083643526858662 0.11552989841985464 0.10856817931027535 0.1008906906030354 0.09318263576505487 0.08587167716894838 0.0791925779880167 0.0732542081559868 0.06806161494317814 0.06348305923542398 0.059536298501243326 0.05628904513282347 0.05361511910510096 0.051416196123442066 0.049628557822039565 0.04826740834773896 0.0478684906952272 0.048530277268477084 0.049704472161438154 0.05038541081998034 0.05032338895598049 0.049599524400779534 0.04832434836942007 0.04662198964265456 0.04462341274675125 0.0423579912614366 0.04037991118393964 0.039988604630578184 0.04099406610067651 0.04324613075069584 0.0465757273906611
0.06714500838267771 0.07492565887045413 0.08392192029134243 0.09409591999564357 0.10526191571850242 0.11697356799330313 0.1283579283351491 0.13794557347737688 0.14400214154861674 0.1451675356275967 0.1411864800621254 0.13342476296772393 0.12372427235524076 0.11350627646031185 0.1036227018239972 0.09451116933879805 0.08635984777175641 0.07921855359838433 0.07318385161542189 0.06843803311585567 0.06464433264397887 0.061511059136469266 0.05888858589092825 0.056668722606879746 0.054782224214709956 0.05319683558364097 0.052320425062987966 0.052515327922157296 0.05328740502072944 0.053513126927198014 0.052838989446429764 0.051389229054246796 0.049330150328577016 0.046844373406821106 0.04408137145293004 0.041172249841048364 0.039342993197776094 0.03929351028155412 0.04068771802415286 0.043469727881045174 0.047679975021761405
0.07057905650471821 0.07956122855974487 0.09009939489849149 0.10225763844000947 0.11597497697399613 0.13093370887438588 0.14629960897841215 0.1602974539135135 0.17010461267088975 0.17197785189817236 0.16537347256448057 0.15364861819223477 0.140179856291233 0.1268494171462328 0.11449964387786657 0.1034477460427552 0.09378576049709715 0.08596644249425517 0.07985043561149005 0.07508595706305456 0.0713993310584947 0.06849789537130938 0.06603148930592896 0.06386626449887076 0.061920859197168186 0.06016088837357546 0.05875651552589232 0.05834569693419778 0.05857590675783009 0.05828574885882803 0.056910642114734324 0.05466755155280244 0.05177686700279752 0.04844768790832212 0.044873813349298304 0.04128917659141428 0.0392773954916949 0.039215560891959086 0.040986817771452626 0.044411020331244874 0.04963909992336836
0.07384829577338703 0.08395272341106552 0.09593235783130373 0.10996798548925692 0.1261767045971712 0.1445036770916508 0.16446867435640092 0.18481486567614006 0.20137090932595994 0.20429086666697593 0.1920863781087568 0.17435709965905258 0.15636065447241193 0.1397410872860543 0.1249516278331347 0.11220047478469027 0.1021525209221618 0.09436846314146771 0.08835531956627961 0.08372919469279871 0.08018693239720384 0.07748726570193726 0.07535546634517208 0.07339368338149482 0.07147917449493651 0.06956911240223192 0.0676962136007767 0.06649549819700862 0.06594736342079953 0.065002013453822 0.06283201708485886 0.05966636390292045 0.05578888037252075 0.05147870773982649 0.04698516668703523 0.042709043279796154 0.04040297360296174 0.040161820205811063 0.041905511617372354 0.04585485183768369 0.05219415680666355
0.0770426653865132 0.08813505620476561 0.10133929154849117 0.11690449815145382 0.13505642485073016 0.15595953885500397 0.1796645137195481 0.20646151310278588 0.2346316547960956 0.23993160529561758 0.21585578127186872 0.1916685585062166 0.16986161974288955 0.15065456597098814 0.13424243185659424 0.12149377604551596 0.11173380305715123 0.10429733121177269 0.09867556425687463 0.09446711415428874 0.09134325258306865 0.08902552306672644 0.08727651956618938 0.08576922173910204 0.08405680330914099 0.08206010017600389 0.07982031513795702 0.07764411131495487 0.07600478966472515 0.07414853154567713 0.07098692276606267 0.06666193958562534 0.06156434827974882 0.056063057375328705 0.05047425552684915 0.045377088554583146 0.042623766842384406 0.04212258708007077 0.043778286271151795 0.04784750924916827 0.05486554900971946
0.08005622559915113 0.09194242190956677 0.10606361642125307 0.12265946823308806 0.1419233578265743 0.16394998996875088 0.18874823954075667 0.21641641553843813 0.24399615059944613 0.24879433706008627 0.22579524959966432 0.20110971994799876 0.1784231205406227 0.15853692269471842 0.14298544524725473 0.13113742619058563 0.12220066052247665 0.11556826114709484 0.11076257052794146 0.10739048409802844 0.105108261499691 0.10359549993775442 0.10254232842175322 0.10166094415609504 0.10045141222693801 0.0984954378013166 0.09585444968893668 0.09276429573584531 0.08962829669031522 0.086312028016033 0.08185109418852096 0.07603087976319584 0.06938493191887551 0.062396645542784256 0.055462193421129444 0.04930950631229175 0.04589985887283949 0.045004684567315524 0.04648493314107789 0.05060145106800659 0.057029905532756504
0.08277213123866163 0.0952158085022771 0.1098851251100292 0.126924252418646 0.14634267700499506 0.16788297668723587 0.19098842852691117 0.2142021364648354 0.23204278580041493 0.23483981398556833 0.221662875451143 0.20197529273880377 0.18152387976454185 0.1642978151973738 0.15089522674008082 0.1407253344544674 0.1332408021145993 0.1279754726001365 0.12453258592762333 0.12255833860275371 0.12171092052027893 0.12162866408371376 0.12190269791800426 0.12207569096721438 0.12169264571612938 0.12000220044109262 0.11690932511703303 0.11291544467038112 0.10796387713232762 0.10229887961193326 0.0960241805685384 0.08824802992889039 0.07960841443170374 0.07073493396198535 0.06211924911752114 0.05457386625183721 0.05022604739782817 0.04874096243489662 0.049895262572045865 0.05391681992579693 0.058934842996144106
0.08512502310480977 0.09788727010187602 0.11275181696536737 0.12971377014886007 0.14853114093238412 0.16854395998191524 0.18876500553108227 0.20714973864894723 0.21947490282998666 0.22142569335791293 0.21276197161764496 0.19753186523608174 0.1815336359997314 0.1682666302127771 0.15779285939887577 0.14998069955124899 0.14457291453904922 0.1412880231266536 0.13984713132246912 0.13996547755661112 0.1413248009389507 0.14353220438845132 0.1460652688029696 0.14820902334170147 0.1491077568768098 0.14799224454399143 0.1444314860740099 0.1392552941502216 0.1322977091314281 0.12345173807191971 0.11422034783887566 0.1038734713262055 0.09265222261093632 0.08137449686090052 0.07064588802256848 0.06127410829492493 0.05561558422726206 0.05327421355007454 0.053887357245947974 0.0574125769235853 0.06055550571419552
0.08709937881790053 0.09997239684619477 0.11475388773574619 0.1312835810640279 0.1490943564710313 0.16724872771888813 0.1846593164708206 0.1993964571103911 0.20855706947430025 0.20987775872976416 0.2033084784982671 0.19165538808891838 0.18031657126780368 0.17085490648954452 0.16367369834388404 0.15869363415737234 0.1558994316187396 0.15519774462716024 0.1564494374307344 0.15946749718234463 0.16398486884452537 0.16959590759442553 0.17566919438778447 0.18118430246919864 0.18446573339880645 0.18409768486841852 0.1800226220681297 0.1732408124457847 0.16346123598585868 0.15103119252888353 0.13724624984469863 0.12336685719645145 0.10881677430188269 0.09450382667240767 0.08116053550731789 0.06948839082163975 0.0620642585492705 0.058540690385404576 0.058340604286359884 0.06080896198634064 0.06192724716505795
0.0887164656274191 0.10154079026894111 0.11605673497510631 0.1319773113930118 0.1486814702677328 0.16510256228464845 0.18021066177679268 0.19236176604609112 0.19948016025104534 0.20019114162636215 0.19455648865690436 0.18639803891369908 0.17879634348828483 0.17263942489934087 0.16851858144167067 0.1666045119435472 0.16681092363456668 0.16921537628464134 0.17383460253812033 0.18061537039344602 0.1893894181889884 0.1997834886785951 0.2110733136967031 0.2219447346566769 0.22935437305912737 0.22967792862736508 0.22480983291021114 0.2159063913218971 0.20235074889940025 0.1852320275237146 0.16626703823643338 0.147036878268053 0.12825751812312303 0.1101622693427131 0.09362598839198007 0.07918706162410998 0.06944226498785595 0.06435973982733245 0.06306433837586771 0.0640896221697504 0.06310870558494323
