_RESULTS/POSTPROCESSED/Berg/GZ/4comp/Berg_GZ_z_0_kriged_reverse_4comp_test_linear.asc
ncols 100
nrows 90
xllcorner  5.6208707817415728
yllcorner 50.959635321741573
cellsize 0.00013419651685393446
nodata_value 1.7014100000000001E+038
[rows 72 to 89 of 90, columns 0 to 40 of 100]
0.4368675180738974 0.43859244908487016 0.4402741461332272 0.4418274439247633 0.4431374715654323 0.44404770169749597 0.44434262334679736 0.443724970848391 0.44179380369915044 0.438047501851146 0.4319631978586101 0.42319212677133683 0.4117768124851882 0.39817116718120665 0.38302789805858356 0.3669696614570154 0.3504868152131216 0.33393354461076563 0.3175575839816608 0.3015304045147729 0.28596950851393166 0.27095350216572783 0.2565322824668768 0.24273424373730088 0.22957172819274468 0.2170454340016908 0.20514816043664713 0.19386805017284542 0.18319133817283856 0.17310451619640926 0.16359576907359014 0.1546555345707207 0.14627607919124555 0.1384500559238075 0.13116810066794074 0.12441562034655831 0.11816903269599544 0.11239186678243186 0.10703137995474368 0.10201673962053301 0.09726031179375111
0.44854233205443084 0.4503566578780479 0.45216746913383726 0.45390803352704945 0.4554867510421217 0.4567744694108101 0.4575826690493127 0.45762631983446206 0.45646587465066546 0.45344323069252274 0.4477098821214635 0.4385609550785667 0.4260120533700523 0.41088886791028945 0.39425406368226057 0.3769522366330254 0.35953981728353207 0.3423652395169077 0.3256484096437287 0.30953116569483125 0.2941058570921439 0.27943128958819324 0.2655419526721139 0.2524537971169039 0.2401682947021196 0.22867568727545726 0.21795788261367008 0.20799118633521288 0.19874887706633937 0.19020349824713828 0.18232864549882555 0.17509997409160355 0.1684951347120634 0.1624923578685122 0.15706743475393203 0.1521888817623573 0.14781115644466578 0.14386600924679704 0.14025260343259427 0.13682821357898753 0.1334033805844948
0.45955318717867305 0.4613911187338081 0.4632616634198206 0.46511897776926814 0.46690069446560617 0.4685182005161233 0.4698373264852237 0.4706378543340799 0.4705256793694905 0.4687515696258116 0.4639682026280796 0.4545614636540897 0.44037681190501055 0.4231688383772762 0.40471819403631704 0.38605518993070737 0.3677058299437127 0.34994959767992817 0.33294761892592895 0.31679972806091894 0.30157016627753325 0.28729964489927307 0.274011363935647 0.261714350084373 0.250405692072828 0.24007245735646623 0.23069368429619214 0.22224261107890728 0.21468912500630538 0.20800225962722263 0.20215243023071522 0.1971129863021179 0.19286057041355084 0.18937368859000117 0.1866287871360745 0.18459297039902536 0.18321230236906402 0.18239455313515662 0.18198568666525494 0.18174123872276154 0.1812985457816093
0.4698071367977887 0.4715782661913519 0.47340473580865766 0.475259285341555 0.4771074050853397 0.4789033202015256 0.48058082727654056 0.4820303182189757 0.48303358375275507 0.48304804855442923 0.4804266914856866 0.4711410158308987 0.45412523749852757 0.4340762529149551 0.41365307380873345 0.39370755995529977 0.3745548421219564 0.35634374792632306 0.3391608145072351 0.3230640435504471 0.3080950855146133 0.29428382343706316 0.28165006241579976 0.2702041645228464 0.2599474735907177 0.25087299239133576 0.24296659360264705 0.23620890846815962 0.2305778835478286 0.22605181657789322 0.22261249331164937 0.22024786707802468 0.2189535496875851 0.21873217741080697 0.2195894002924439 0.22152471011596359 0.22451447161797505 0.22848335656762875 0.23325928166763144 0.23850737291453258 0.24364439264054905
0.47923371472753507 0.48082757819974725 0.4824770629614168 0.4841658294176389 0.4858763077552163 0.48759005818649187 0.4892878970618427 0.49094898642187285 0.49254566049946574 0.4940159402556711 0.4950139111504434 0.4875461775159069 0.4648132451927799 0.44197735705358776 0.4201057245213914 0.3993255758778934 0.37969240098160806 0.3612487666616278 0.3440340007798938 0.3280857655074475 0.31343959410893474 0.300127812717907 0.288178315750945 0.2776134427541078 0.2684491847261844 0.2606949844871102 0.25435441673536147 0.2494269880206032 0.24591115822885584 0.2438084627204643 0.24312834989481052 0.24389308937420393 0.24614186079053804 0.24993283926549037 0.25534159701199166 0.2624531855609591 0.2713434749165748 0.2820422015317954 0.2944652296696514 0.308297121380095 0.322801600602713
0.48779355179277545 0.4890884842112703 0.4904114755728735 0.49174599931709856 0.4930739557317776 0.4943752144423159 0.49562579220537756 0.4967918074229865 0.49780832249727336 0.49848701836316694 0.49788121592418705 0.48895586810578806 0.4678706228324117 0.4452739009546392 0.4233727364122101 0.4025299541985568 0.3828720196711296 0.36447359062845325 0.34739454579419377 0.33169000150952094 0.3174131613430221 0.3046157116422545 0.2933471992455789 0.28365398154914623 0.2755781615209985 0.2691569632203944 0.2644230878812758 0.26140659808541417 0.26013873104321417 0.26065773565801414 0.26301643713433404 0.2672908679690405 0.273589024375472 0.28205854452949414 0.29289163014590863 0.3063244298826549 0.3226256711147292 0.3420643123059969 0.3648360712918852 0.39090985732696826 0.41972258372541243
0.4954838805977425 0.4963586384530482 0.4972062705494138 0.4979993520253432 0.4987026877187834 0.4992675947579517 0.49961910534648885 0.499625157611425 0.4990152561710006 0.4971460182719098 0.4923701282517273 0.48165859348377366 0.4644661174990638 0.44425924339155975 0.4235454578127108 0.40334359053773255 0.38408241121487463 0.3659818142551671 0.3491816860452374 0.3337889577805937 0.31989659340634263 0.3075916725342688 0.2969586008109621 0.2880798449528891 0.2810354083640003 0.2759020053439194 0.2727529755761645 0.2716600700083793 0.27269809884038393 0.2759529790639991 0.28153307918499976 0.2895831942120316 0.3003001968090435 0.31394937438372206 0.3308803898198242 0.3515411852043231 0.3764861609296265 0.4063700123193735 0.4419070606020054 0.48374889554084816 0.5321684594109177
0.5023395518057375 0.5026850966212087 0.5029264637942061 0.5030186421343373 0.5029005212881538 0.5024839826690266 0.5016327197918423 0.5001200133853348 0.497545134770181 0.49318779038991556 0.48588766439948383 0.4744495059463912 0.45888561274660417 0.4406670459074319 0.4214080830983272 0.40216619682226984 0.38354407766834436 0.3658965047122441 0.3494555005106373 0.3343937077566281 0.3208560657957923 0.30897593565608983 0.2988831168436884 0.29070713257228337 0.28457752126679126 0.28062250008886225 0.2789676447006448 0.2797366357210515 0.2830561301498888 0.289066124633221 0.297935988942983 0.30988528943019394 0.32520816092728994 0.3443003949811875 0.3676891824474122 0.3960659896527433 0.43032274100205553 0.4715893674052657 0.5212644529798969 0.5810130784541601 0.6526541941128329
0.5084293989680102 0.5081582182583939 0.5076931638090327 0.5069704292234809 0.5059037055199029 0.5043715884212276 0.5021966310296799 0.4991119512563616 0.4947152179572983 0.48843311048679283 0.47958513554715015 0.46768420865774196 0.45286390983761604 0.43591912272606914 0.4178666003002827 0.39956482452754927 0.3816247400323805 0.3644650129122644 0.34838414959158914 0.33361320851258336 0.32034926781445006 0.3087758107285553 0.2990745777816965 0.2914313174476462 0.2860366737661465 0.2830833745482503 0.2827618075146029 0.2852574080032112 0.29075391435766296 0.29944550549543764 0.31155835973287166 0.32737982005930444 0.3472926446148217 0.3718129599263874 0.40163256832452426 0.4376681815585364 0.48112155204970236 0.5335554241404405 0.5969908266120115 0.6740310215264288 0.7680139968451526
0.5138490351644386 0.5129004184559082 0.5116654373573981 0.5100648070472726 0.5079943110396506 0.505314129741804 0.5018341378212582 0.4972965650209572 0.49136410249573614 0.4836363673797509 0.4737338096833122 0.46146505523120473 0.44698968371402087 0.43081778554648376 0.41363157974922715 0.39609170666919785 0.378743312806844 0.3620092582976665 0.346219392382179 0.33164462872495487 0.3185252750526828 0.30709215503404497 0.29758117554010877 0.2902415688902263 0.2853373024520831 0.2831413956067029 0.2839249741483991 0.28794648646492 0.29544918858997093 0.30667361994203246 0.32188615792210545 0.3414189845555502 0.3657152083224797 0.39537559483647833 0.43120740159274956 0.47427871839682095 0.5259829065454423 0.5881175169885624 0.6629801716928613 0.7534776477476592 0.8632233481378159
0.5187118835723509 0.5170530054483219 0.5150206845970539 0.5125258358402383 0.5094558067545948 0.5056674208296187 0.500979738253429 0.49516987308158317 0.4879795093074121 0.47914477969256886 0.46846065625378386 0.45587018966283366 0.4415322741713643 0.42581359463949475 0.409204254161519 0.39221520921549474 0.37531059111277204 0.35888527919735735 0.34327198170359313 0.32876075699813073 0.3156211998994719 0.30412321529886466 0.29455453937876186 0.28723291049138117 0.28250941675308283 0.2807590497409534 0.2823577704386033 0.2876539431578358 0.2969510570526118 0.31051788407632913 0.3286283555407621 0.35161848679662805 0.37994472685260927 0.4142356988335184 0.4553375477328598 0.5043562607637079 0.5626982040086894 0.6321030591370745 0.7146476128657052 0.812660629765156 0.9283857006193676
0.5231402360548094 0.5207639875879552 0.5179381348272472 0.5145697901165605 0.5105463144774263 0.5057321246932678 0.4999673244668148 0.4930712092025962 0.4848554331784276 0.47515195450888215 0.46385642932497745 0.45097634820591764 0.4366611306464379 0.42119382609488537 0.40494619102954277 0.3883211179553875 0.37170772001385355 0.35545954842255617 0.3398929921828106 0.32529845086274967 0.31195828849652396 0.3001681426830784 0.290259347267267 0.28261903349582945 0.2777006698854011 0.2760132459148794 0.27807902542751906 0.28436774283743693 0.295243977751032 0.3109704601836378 0.3317727896752853 0.3579294484571817 0.38984904640917695 0.4281213152407036 0.4735460919486822 0.5271458786053065 0.5901585569000841 0.6639906107223257 0.7500820697012267 0.8495747491757891 0.9625463602570956
0.5272576033825969 0.5241785316105214 0.5205874259298595 0.5163926528888153 0.5114876449745582 0.5057506176996778 0.49904681918045424 0.4912353741135661 0.48218307447105396 0.47178640675769906 0.45999964555355877 0.4468614453057425 0.4325086854821119 0.4171693873102351 0.40113643406713384 0.3847332445517618 0.36828422495652685 0.3520974697388779 0.33646078086175324 0.32164872659638605 0.30793827410073 0.29563176836277394 0.2850868573605326 0.27675130089417727 0.2711932646759522 0.2691023323720871 0.2712234599359079 0.27821389848147876 0.29050286876227654 0.30828003562633083 0.33162722802412153 0.3606811153682693 0.39573685899015826 0.437285344051855 0.4860090582406875 0.5427509494338063 0.6084494392849982 0.684009972485527 0.7700528196161144 0.866428123063984 0.9713177583256941
0.5311829376154468 0.5274325176715129 0.5231220911690484 0.5181649230035403 0.512464117718459 0.5059142012902017 0.4984051351543059 0.48982990937350673 0.4800965806866361 0.4691444897699385 0.45696226699630726 0.44360283945279144 0.4291897516149396 0.413911332974716 0.39800404311401105 0.3817307154499677 0.36536063510682526 0.34915642129655344 0.3333697365143697 0.31824596558517854 0.30403789112356 0.291029744648182 0.2795750955851682 0.27015294694110753 0.2634395701708035 0.2603621326478923 0.2620322901686472 0.2694475334473073 0.2831110599738112 0.3029904661655745 0.32885447058955264 0.3605949923262962 0.39834519279662706 0.44246580919645123 0.493484911627904 0.5520162668832207 0.6186432557387126 0.6937339168384155 0.7771337114131054 0.867663864379405 0.9623536409714495
0.5350267546394725 0.5306488290068802 0.5256767570698259 0.5200309768176452 0.5136259314128864 0.506372636650996 0.49818324412413223 0.48897811619662895 0.4786955231091002 0.46730322294094234 0.45481000072028654 0.44127423418389805 0.42680651868967573 0.4115648272044994 0.39574315894336703 0.37955684145916996 0.36322844346196415 0.3469775437788182 0.3310162668319867 0.3155515954865436 0.3007957199429322 0.2869875752713585 0.27443304337896035 0.2635791607759594 0.25514647825692044 0.25032251389442656 0.2508441429297811 0.25844434996585114 0.27371766735231895 0.29602174899461 0.3245163457887926 0.3587719717762502 0.39877409126868757 0.44477354015905457 0.49714973238528204 0.5562859592885623 0.622423068642042 0.6954547078096591 0.7746273634009988 0.8581169913455678 0.9424938658328471
0.5388888676974432 0.5339356869961359 0.5283667118865627 0.5221107345584614 0.5150939072258071 0.5072426807811862 0.4984882376885076 0.48877256471561714 0.4780559524900506 0.4663251488577944 0.45360076681859984 0.4399421556302622 0.4254481350465171 0.41025290528852176 0.3945177943546701 0.37842068412707947 0.36214544972253815 0.3458734826075177 0.32977872403711067 0.31402716530280217 0.298782019209289 0.2842174542076242 0.2705486568994649 0.25809927497296187 0.24746404705681735 0.23990995696680475 0.2381145750117393 0.2457291981140453 0.26345167516939255 0.2888551446804407 0.32012489882560524 0.35663653418005054 0.39836557320507315 0.44552600262332437 0.4983839057893155 0.5571215222236243 0.6216901260906876 0.6916189606219324 0.7657627702734466 0.8419923561159396 0.9168785890154147
0.5428573328332055 0.5373863386941018 0.5312887762857982 0.524502202558264 0.5169640901776913 0.5086147617004131 0.4994013735875889 0.4892829048895073 0.47823583617213045 0.46625985882294996 0.45338263691233155 0.43966251710821913 0.4251882963596555 0.4100757336621732 0.3944612586470839 0.3784939860421607 0.36232743981343435 0.3461122711121739 0.3299908756723875 0.31409443816963367 0.29854282652619407 0.2834482896756499 0.26892602252087966 0.2551219768091028 0.24229795007731986 0.23116893891527573 0.22466856523351902 0.23229789735438244 0.25467494155528114 0.28383014981376703 0.3176091883919734 0.35578186362451175 0.3985157892896049 0.4460477082742811 0.49855461076281576 0.5560488395593816 0.6182541376382076 0.6844482178373811 0.7532725777039742 0.8225317308684341 0.8890394652812734
0.5470082262177809 0.5410795461358746 0.5345227679640798 0.5272841337877369 0.5193116696032501 0.5105579151201702 0.5009833540517028 0.4905604171220632 0.47927774367927867 0.46714418360423343 0.4541918676187843 0.4404776573104443 0.4260824682737969 0.4111083295238106 0.3956734964772517 0.37990631682415327 0.36393872858615417 0.3479002101332195 0.33191276438764417 0.3160872155740714 0.3005208273078332 0.28529606976802874 0.2704802780787852 0.2561259320266416 0.24227131883681413 0.22894139039149106 0.21614867753205078 0.22427478728827802 0.25257164989303715 0.28401243531167514 0.31893195793436174 0.35764527403996793 0.4004253067097771 0.4474665716899595 0.49883119627831246 0.5543733849768818 0.6136399372958443 0.6757487980142686 0.7392568834160493 0.8020443869030613 0.8612649076349608
