_RESULTS/POSTPROCESSED/Berg/GZ/4comp/Berg_GZ_z_0_kriged_reverse_4comp_spherical.asc
ncols 100
nrows 90
xllcorner  5.6208707817415728
yllcorner 50.959635321741573
cellsize 0.00013419651685393446
nodata_value 1.7014100000000001E+038
[rows 72 to 89 of 90, columns 0 to 40 of 100]
0.007736811936459914 0.010188071750764955 0.013904347549816818 0.01952304334277107 0.02796985050102389 0.040496068329513815 0.058577292213464374 0.08346465178033183 0.11510851774270699 0.1504491461331481 0.1822272021694543 0.20091402265865602 0.2003895398428384 0.18210836522804008 0.1531037438787517 0.12108607514137375 0.0914394926153405 0.0667751448196974 0.047678015145973134 0.03361811191475875 0.02370293833318427 0.016863023116483633 0.012181003900898534 0.008987799675551954 0.00681373998572963 0.005338045186669949 0.0043465102513641695 0.00369981660807821 0.003316477543757483 0.0032398902250875307 0.003405139245098363 0.0037530904816724464 0.004267526816954926 0.004991487079904145 0.005988568970660635 0.007327229772595883 0.009064638278786192 0.011265372143522542 0.013969335926538106 0.017156911444018045 0.02070692952958523
0.008304093280082421 0.010914165454498364 0.0148915760993634 0.020950227036188634 0.030161014438074733 0.04404682221858729 0.06456417492507101 0.09370541924524874 0.13219494559130104 0.17671931411169503 0.21679208771517008 0.23705203642292086 0.22913399801976794 0.1992139047004143 0.1601165623929796 0.12182697184405136 0.08927321922110512 0.06380198132785746 0.04513653545872401 0.031949274852387834 0.022752591755119022 0.01638732883842129 0.011997947248788842 0.008974803595262737 0.006894019070605771 0.005466357313575194 0.004497921111985466 0.0038619433785411525 0.0035210884081198443 0.003534896537712095 0.003820217133619483 0.004273536710675709 0.004929566723133539 0.005848496225408134 0.007117709831422658 0.008860051194711827 0.011243352185473688 0.014412000903343703 0.01844564420453244 0.02338362602955868 0.02910014284998026
0.008852639523791273 0.011590260004081301 0.015752532943563675 0.022125524414289725 0.03190218402126972 0.04686780558014365 0.0695329537092197 0.10298239017089059 0.14972423636910615 0.20786062123115426 0.26307552998310185 0.2868238382812796 0.26521386466695424 0.21719246720483498 0.16543326546869525 0.12076423957935625 0.0860842150521105 0.061053217392507575 0.04336503159538291 0.03097935017503428 0.02234663534598175 0.016339708226029922 0.012158795600278665 0.009245688852791731 0.007215511628482153 0.0058057647382206675 0.004839820059683645 0.00420305168385077 0.003933790635414007 0.004046194230459561 0.004437438576903179 0.005028696086203264 0.005872709732740708 0.00705241896031732 0.008688972844382348 0.010955394916055022 0.01409333169985978 0.018429813622966446 0.02434455906496766 0.031935760143055845 0.041126827109047845
0.009255256153402922 0.012176911652450157 0.01642699110823689 0.022922426740837706 0.03292648025491335 0.04838638340528587 0.07224820129211357 0.10872148373762215 0.1630185167209096 0.23848558658271815 0.3225330205621282 0.355122124067536 0.3038034188167986 0.2294427296498717 0.16506784765574475 0.1166353358308428 0.08251762174595428 0.058695971936136904 0.042086444727729974 0.03049051322731018 0.022373450226884032 0.016672496936707012 0.01265437375952583 0.009814309895693997 0.007805755237987199 0.006391939255315109 0.00541288364479735 0.0047867826239687454 0.004601035204027332 0.004785085007225762 0.005302465399621714 0.0060706600966223215 0.007158160255545316 0.008678399135968993 0.01079907629645035 0.013764681799373723 0.017926320951877215 0.023776186618157023 0.03197530865273335 0.04332032916888082 0.05795232411578909
0.009449760716841048 0.012483919690519697 0.016853473688681272 0.02325435889781918 0.033040101651805674 0.04814625395392011 0.0715683904866822 0.10792701114018283 0.1641693762082648 0.2501793365447416 0.3762227018080684 0.43968020080923853 0.3202039741870031 0.22367374053393038 0.15571353690621623 0.1096008968301319 0.07803909257914766 0.05622939221121985 0.041024130059938844 0.030336879676871646 0.02276927847866207 0.017374914757446614 0.013508197925111159 0.010726256810664072 0.008724458919524369 0.007293699479486658 0.006292166698891381 0.005689266972220474 0.0055379801781610125 0.005803778543645279 0.0064799460924071335 0.007470168068294154 0.008863761357307796 0.010813133379840122 0.01354687148644252 0.01740573174411826 0.02289415096214364 0.030748224075491527 0.04201029233379308 0.058069164248224225 0.08051947862000097
0.009412674756978835 0.01242526331681602 0.016759007056325676 0.02303845903333815 0.03221529426407422 0.04606324907345276 0.06719268368509598 0.09941276827105368 0.14817611967012262 0.2201980087387109 0.31582956641120474 0.353998238914504 0.27163152443121913 0.19330242036040057 0.13772122500576503 0.09915551772643642 0.07229335104175734 0.05341942904247149 0.04003010814781288 0.030442013471426298 0.023515856386070462 0.01847398733744686 0.014781354897889159 0.012067607599462921 0.010075782284145981 0.008628387147129254 0.007574853141352424 0.006928764044395566 0.006805966698857342 0.007180705495108437 0.008053568536440273 0.009312255481268981 0.011074032165236362 0.0135377802829575 0.017005898436894255 0.02193861102251696 0.02903726416190633 0.039367027779940236 0.0545224503783773 0.07680442419777044 0.10926193624002728
0.00914854582237787 0.012009137615762262 0.016092157743700576 0.021949242287386525 0.030379968566926416 0.042520113961148506 0.06005504539336311 0.0854705531320327 0.12107126983783512 0.16670867835829117 0.21151059122180488 0.2243917635004954 0.19373446917697298 0.1513401811886962 0.11463591497119349 0.08646716600393027 0.06561594101589578 0.05032051669685355 0.03908899671165797 0.03079999201314355 0.024643215377622454 0.020041170901528453 0.016584139221121806 0.013982189249576985 0.01202450611318559 0.010492603001528435 0.009279896335247203 0.008586176016533628 0.008504566872714642 0.0090209417880815 0.010126746125456616 0.011691960107962779 0.01386887986732923 0.01690665300946074 0.021187962540000414 0.02730460684828175 0.03617993042073696 0.04926489896761389 0.06884255385903641 0.09846437912895084 0.1434416233357614
0.008688795359951018 0.01129165448766643 0.014956088537973927 0.020121936676326696 0.027392445059393693 0.03755421875719231 0.0515307802177675 0.0701396205613899 0.09346994490271335 0.11935137283411838 0.1403056853375246 0.1454375062729834 0.13371148016176662 0.11331856731239338 0.09206992140207795 0.073618295688988 0.058768199577708326 0.04719778943674985 0.03829693641039256 0.0314728129050432 0.02623540934311469 0.02220505732316024 0.019088752520086776 0.016598592263986158 0.01456930518468432 0.012900637500382726 0.011535309832548593 0.010794722773696216 0.01076965875733039 0.011463548725067637 0.01282190135463158 0.014706421918457925 0.01730694923194761 0.020919930501802103 0.026002390191908826 0.03326682317244315 0.0438405927010155 0.05953547244171805 0.08330439939602843 0.12000696880699212 0.17763478327731197
0.008084079797543301 0.010361247084812505 0.013508831972800226 0.017845690323732507 0.0237764111655202 0.03176672767169937 0.0422442449023418 0.055343086899848466 0.07038918376128141 0.08516232871562984 0.09560740071357117 0.09844648945512904 0.09416732673229657 0.08477154201661108 0.07337958380463987 0.06226817199298715 0.05250966857786372 0.0443895616579461 0.03782070058623067 0.032574034562580165 0.028356992815072462 0.02493540511700128 0.02212064054079051 0.019764336006695443 0.01775569886211875 0.016018401986133808 0.014526110838098962 0.013741159325404066 0.013787723314614315 0.014691079222677872 0.016277189437685257 0.018442320149062885 0.02140423254738366 0.025495270882626105 0.031224561233768777 0.039383352358318406 0.05122466619483578 0.06877380763720364 0.09537391233924067 0.136660706729154 0.20233035549612122
0.007393244408760806 0.009317013275732628 0.011919730959107231 0.015413052588249564 0.02003972230666153 0.026033580884105154 0.033524843271939 0.04236076183630819 0.05184223838564189 0.060499036720193654 0.06635675144884036 0.0690159565692763 0.0682056139829707 0.06443337680894072 0.05891483561392082 0.052837894971366324 0.04699374655387961 0.0417735673580353 0.03729817363832195 0.033540528320748976 0.030405565804272297 0.02777413941577432 0.025525420562716103 0.023549113515712972 0.02175443129294718 0.020078603206882314 0.018516113425608893 0.01769177612624439 0.017817901537381133 0.018918201513044235 0.02063877519808102 0.022957487732294918 0.026109824888329605 0.03044601367553752 0.03649061932197875 0.04504419471667509 0.05735512867182718 0.07541220400661604 0.1024488327290517 0.14382169924660704 0.20854590129671854
0.0066727434672684445 0.008249405110360262 0.01033410442432228 0.01305597429368372 0.016544717132815703 0.020893589757486026 0.026091360075746372 0.031920312487013824 0.03784594551103716 0.04298092691505139 0.046684800786829676 0.04909907104584145 0.04985344361450298 0.048999834360272124 0.046954585950982355 0.044255783650450874 0.04136639208400193 0.03859743594668499 0.036115371508853314 0.03397935916574336 0.03217734998205467 0.03065149955507606 0.029314352291424022 0.028061396141420187 0.02678647995314148 0.02540437173612489 0.023892031056687867 0.02303430535275503 0.023225688132761272 0.024400991104852256 0.026045008276825956 0.028254836282230945 0.03128132389994734 0.03547382653428829 0.041329720846711694 0.049579323578309284 0.06132356362959936 0.07825402943045147 0.10300025735052272 0.1396565702490732 0.19448740222212804
0.005969302239327407 0.007228450225199077 0.008855401116913552 0.010922246207003078 0.013488697125900678 0.01657471519881546 0.020118811963841132 0.023927488881929738 0.027637273235450222 0.03074136606269352 0.033342923043612104 0.03544466897563574 0.03681087142933623 0.037384268645852856 0.03728114379560786 0.03671928217539355 0.0359341413488204 0.03512321542544871 0.03442422025820334 0.0339140175391829 0.03361406045778856 0.0334939121548467 0.03347068431738926 0.033408399505900556 0.033128123325689214 0.03244416333895374 0.031233300317919245 0.030346068085266794 0.030533074951992818 0.03143394504308305 0.03259501090626515 0.03424521075331398 0.03666229283682524 0.040180757821177235 0.04523152318928673 0.05240703176592193 0.06255456094202427 0.0769044870443637 0.09723401725355801 0.12603032092994923 0.16649048034955596
0.0053166882776228795 0.006300197218836264 0.0075435620220276715 0.009082740586435233 0.010938422647543388 0.013098240103229462 0.015493753997582458 0.017978036814526626 0.02031672622191745 0.022288637763036308 0.024193333206814497 0.02597007981631538 0.027490152230251457 0.02869541641779828 0.029607818889269805 0.03031221719177442 0.030926127490266662 0.031571635232466894 0.03235646155383191 0.033362695058567884 0.034637427902906893 0.03617872596956836 0.037911813458564335 0.039655847262213315 0.041097032050108145 0.04181250491715055 0.04140526229998124 0.040505800251214516 0.040401735212083234 0.040313130857090755 0.040286948529120306 0.04069440823720874 0.04186495726304928 0.04410199454745136 0.047732906699847505 0.053167128481914995 0.06095468527007607 0.07184113902387149 0.08680178063337203 0.10699983842999373 0.13352926678463203
0.00473591484402329 0.005489102335111161 0.006423071909208022 0.007552560991112316 0.008878721339696454 0.010378495604448614 0.011992879658369572 0.013618150768764355 0.015106740572156413 0.01642566800151923 0.01784772125308254 0.019319720846102267 0.020779939899160046 0.02219671472393709 0.023576972867027774 0.024965322771125665 0.0264362208572813 0.028083925966473217 0.030013470435894734 0.0323325597185061 0.03514065273730202 0.03850741737500109 0.04242770192993377 0.0467365374503879 0.05098072325961003 0.054316432685633784 0.05566184095713994 0.054877732579361155 0.05350414963027705 0.051233400905608184 0.04890052131699058 0.047152556122501625 0.04636634203069965 0.04675965501217166 0.04850302843237809 0.051792625473718074 0.0568902589571672 0.06413621915893236 0.07392508147963807 0.08661115499267477 0.10228139717476532
0.004237529706845356 0.004803309736166525 0.005494216287832558 0.006313390207044259 0.007253497726603829 0.008290752272710221 0.009379330202840826 0.010448606744484066 0.011406395140064918 0.012324360207375006 0.013398776558907966 0.01460158759524411 0.015911641742233296 0.017324057574371145 0.018856358580352263 0.020552168490673473 0.022482718004432165 0.02474755821731402 0.027475816812190898 0.030828022030044186 0.03499573450403447 0.040190489923023986 0.04660091194168351 0.05427039214792507 0.06280823141262169 0.07087884594308233 0.07589714511035314 0.07542011176497529 0.07057967310803351 0.06401654743043812 0.05779368727404445 0.0528826569072795 0.04953880539424829 0.04773990696689512 0.04741027864867089 0.04850617300693389 0.0510365456196698 0.055050936221189256 0.06059917001760562 0.0676527957069458 0.07597441233902306
0.0038247116703627685 0.004240440140905593 0.0047434660526102885 0.005331060505784406 0.005993097639057467 0.00670882694619749 0.007444406591540905 0.008152513540228458 0.008775611511015052 0.009430628651960945 0.010248312307003514 0.011222110061584085 0.012354084798608507 0.013658835098069696 0.015168284096357903 0.01693691156985062 0.019047679404024076 0.021619589821784135 0.024818253433439616 0.028870825186727674 0.034085694482426133 0.040873557167042725 0.049753759614588854 0.06128796298190158 0.07575010958228033 0.09198894455063827 0.10487582169238356 0.10431061705142772 0.09172489826863847 0.07747759393506556 0.06563499323162042 0.05685783008901663 0.050751965541164824 0.04679347421762583 0.04456021794372716 0.04375650064517869 0.04418565615399977 0.04571049418389618 0.04820746671702799 0.05151192443428758 0.055354656983274415
0.0034963184662565043 0.003792577388677773 0.004151334949012871 0.0045671440155085185 0.005029693675856733 0.005522102665944729 0.006019926690993963 0.006491548005267064 0.006902136952718408 0.007373194156226344 0.00799818535501619 0.008781959900589206 0.009738622199654687 0.010894295932879808 0.012291396969016597 0.013994583821777623 0.01609903429662719 0.0187423684615706 0.02212242814112254 0.02652432564449352 0.03236179574914451 0.0402396824054472 0.051044184246773885 0.06605357899203895 0.08697123969905034 0.11521001813578535 0.14461291684976368 0.14317013212115168 0.11387321168539316 0.08836470123395675 0.07033265188053325 0.05797479662572282 0.04957459553091851 0.04394110381217916 0.0402930787044206 0.03812043928277395 0.03708281095269815 0.03693863652314091 0.03749281139640242 0.038554893409706824 0.03990606611929679
0.0032494856285171375 0.0034500270836991336 0.0036975938279048305 0.0039855897995180875 0.004304481655227167 0.004640878910332025 0.004977178493961541 0.005292091370706268 0.0055642569318831644 0.005902287155836803 0.006380973260328623 0.007009752134679908 0.007807815786642211 0.008806442816938228 0.01005304547672196 0.01161738394821467 0.01360087577317629 0.016150661413312055 0.019481245098403967 0.023908422994917182 0.02990341442587989 0.03818068677725418 0.049842868942637016 0.06662404534578469 0.09130556952580884 0.1277905408248637 0.17947903178711996 0.17549708748245427 0.12498555668867278 0.09141784965728952 0.06982751557173346 0.055589841577958925 0.046024357936426036 0.039531272632070055 0.035128254362767286 0.03219397426096869 0.030320997753194467 0.02922775053099809 0.02870321790430646 0.0285709444957675 0.028666588160305838
