_RESULTS/POSTPROCESSED/Berg/GZ/4comp/Berg_GZ_z_180_kriged_reverse_4comp_spherical.asc
ncols 100
nrows 90
xllcorner  5.6208707817415728
yllcorner 50.959635321741573
cellsize 0.00013419651685393446
nodata_value 1.7014100000000001E+038
[rows 0 to 18 of 90, columns 44 to 87 of 100]
48.29175070777558 47.648033920701025 46.98438520317466 46.29220198732436 45.56531956210741 45.45914242667813 46.36975559022499 47.26623201392251 48.14956067408891 48.998882613546115 49.79899860370096 50.542542544157634 51.20353575778248 51.78188870916932 52.28347503155844 52.71314302535156 53.074669030064506 53.370670477860486 53.60250392002 53.788100517093476 53.94618243976228 54.07783521483306 54.18229560025119 54.256807765276974 54.31069167369365 54.369466196660134 54.428451576246815 54.4810869375805 54.5201937786784 54.53812246651051 54.538494864378336 54.538494864378336 54.538494864378336 54.538494864378336 54.538494864378336 54.538494864378336 54.538494864378336 54.538494864378336 54.538494864378336 54.538494864378336 54.538494864378336 54.538494864378336 54.538494864378336 54.538494864378336
48.31859543780068 47.74109026989599 47.1378924294265 46.53753954745816 46.042826615584076 46.031521705346904 46.61172594029281 47.37252565960712 48.170579054528986 48.97516375977801 49.74792519767702 50.435475567043895 51.04184493037772 51.57316774281875 52.03510186055201 52.43257999199936 52.769603920559895 53.04904892425218 53.272477923182834 53.44953675775972 53.60587130627841 53.74356603359038 53.86145289684017 53.956267509416634 54.03798676695361 54.13120063032575 54.23017619196923 54.32752995401191 54.4153088118094 54.48517846362571 54.52856054609631 54.538494864378336 54.538494864378336 54.538494864378336 54.538494864378336 54.538494864378336 54.538494864378336 54.538494864378336 54.538494864378336 54.538494864378336 54.538494864378336 54.538494864378336 54.538494864378336 54.538494864378336
48.41864139209773 47.96747645429494 47.537390467785784 47.136649695868336 46.85807799917839 46.8801986271155 47.2379889346715 47.8008990802933 48.45380574184473 49.10496934987616 49.72757155738107 50.322086210086724 50.85562815130164 51.324445913033315 51.733264284508984 52.08671242942518 52.38883282478768 52.642691893645186 52.85004741195184 53.01578449347597 53.16719609943472 53.30894513478568 53.43926651113424 53.55414052974151 53.666241005589214 53.79711054522676 53.939404444842445 54.08470155283857 54.22409197111995 54.348412690775916 54.448411865786696 54.51484211663505 54.538494864378336 54.538494864378336 54.538494864378336 54.538494864378336 54.538494864378336 54.538494864378336 54.538494864378336 54.538494864378336 54.538494864378336 54.538494864378336 54.538494864378336 54.538494864378336
48.54485680238425 48.24991405595876 48.02859029193138 47.85059633290353 47.74710119654038 47.78607633158358 48.0276111385932 48.42882412527572 48.87951510611907 49.33190592646195 49.7764072739818 50.21471855564471 50.649390768212875 51.04157984716831 51.384166295390784 51.681496743692094 51.93773837681957 52.15638676069258 52.3415646273246 52.49454065807715 52.63958840967342 52.783301155219654 52.92318795235986 53.055303853489235 53.19982917348823 53.3724406304139 53.562249904753855 53.759507096394486 53.95413410497698 54.135986956061224 54.29504075917377 54.421483140807666 54.50573031850946 54.53838013947052 54.538494864378336 54.538494864378336 54.538494864378336 54.538494864378336 54.538494864378336 54.538494864378336 54.538494864378336 54.538494864378336 54.538494864378336 54.538494864378336
48.643733018524905 48.5378445808882 48.56410534045073 48.593912194413384 48.636531905438616 48.730787693494676 48.8997967848582 49.12447509514821 49.37085528760174 49.62659141766644 49.886714005727754 50.153315989434056 50.433373989418214 50.727933173353925 50.994177565119834 51.23690429401404 51.45679109700188 51.6528307984514 51.823516716852104 51.96736396070254 52.106624812308944 52.25003163339107 52.394142229704 52.53498899670347 52.69923958054803 52.89581495548662 53.11829268120828 53.36031625903994 53.61315336813443 53.85619235798262 54.077154141120346 54.26563494953825 54.41168846090167 54.50574583438983 54.538494864378336 54.538494864378336 54.538494864378336 54.538494864378336 54.538494864378336 54.538494864378336 54.538494864378336 54.538494864378336 54.538494864378336 54.538494864378336
48.78056806169271 48.93553397718319 49.222292981528284 49.399023154388715 49.532245005000256 49.67140421693275 49.78116994483893 49.83833883846403 49.898162434913495 49.96508482576292 50.04095307582247 50.130898567716606 50.24853689212656 50.42062828779707 50.63359111611189 50.8336560691086 51.017012563282684 51.18325563894059 51.331477564734286 51.46016682084982 51.59022698520243 51.73127124367405 51.87872052145123 52.031369682473496 52.21898036560586 52.44100044854941 52.689483935154676 52.95678535710173 53.23597756942122 53.52107697873326 53.80378121058084 54.056509270194475 54.26564390384655 54.42151894545982 54.51488148126759 54.538494864378336 54.538494864378336 54.538494864378336 54.538494864378336 54.538494864378336 54.538494864378336 54.538494864378336 54.538494864378336 54.538494864378336
49.71017264155806 49.894377209986175 50.196188861232 50.39402686297575 50.533747290583165 50.626199692851515 50.628974024489125 50.5578108101682 50.443873808000816 50.33008908847307 50.225545511531266 50.163093073245335 50.157317239057754 50.21232320214685 50.33385453359573 50.48235877905608 50.619729711325455 50.74681224618042 50.86395226128174 50.970598632444734 51.08779314460754 51.22452444960166 51.37486344373758 51.54544778095425 51.76098506656667 52.01296526713824 52.29148562316331 52.58733427038008 52.89247690487149 53.20026363096891 53.50542538169679 53.80393391543093 54.07712628566419 54.29506598969156 54.44847422934931 54.528602678625504 54.538494864378336 54.538494864378336 54.538494864378336 54.538494864378336 54.538494864378336 54.538494864378336 54.538494864378336 54.538494864378336
51.23457100669082 51.29525773329945 51.445800917309036 51.57868381834233 51.66739128153208 51.64861863529933 51.51992187647163 51.29985461945375 51.00525267572675 50.715791111762634 50.479278958671856 50.295444748182035 50.168271497477 50.10342312722772 50.10824724837003 50.18240530328559 50.26391120853807 50.34166581394472 50.418200812003114 50.49521164745225 50.595590028388834 50.72631983011744 50.88036819212736 51.07866634651484 51.32788018760933 51.61529488086066 51.92851502436457 52.25647637702865 52.58995930901873 52.92170924488779 53.24630256432547 53.559876018029826 53.85980086891021 54.13593540991719 54.34844944171261 54.48524957546746 54.53813367602041 54.538494864378336 54.538494864378336 54.538494864378336 54.538494864378336 54.538494864378336 54.538494864378336 54.538494864378336
52.71809221328926 52.7681932415179 52.839182955457574 52.8967265011463 52.88412999984785 52.73777024518835 52.46942585286093 52.09625484894311 51.6458939944699 51.191723540759504 50.816564293496924 50.51614068553909 50.26966811714361 50.084092833479076 49.968394799352154 49.933443454638535 49.948293111093264 49.96537234474908 49.990454698503854 50.02952543439765 50.108770663485636 50.23230632655288 50.39917357460458 50.633383655014995 50.923520487899985 51.252914056198264 51.606049860222946 51.969776117313906 52.33372965792109 52.690244649024564 53.03399216769491 53.36152054643271 53.6707909228484 53.96075048040272 54.22402466169445 54.41534958977316 54.5202484520219 54.538494864378336 54.538494864378336 54.538494864378336 54.538494864378336 54.538494864378336 54.538494864378336 54.538494864378336
54.15791750392195 54.205130817667566 54.224861697477465 54.20806843435552 54.07484224249275 53.8063501554212 53.41426933744059 52.920825247788095 52.382280659521705 51.80633789191778 51.263941444585306 50.81341208565108 50.45034234206551 50.14568576727425 49.9080711651258 49.74992891538508 49.67394417504419 49.61673423666816 49.576749081920994 49.56824321721652 49.62150317521236 49.73775656763424 49.934348163259294 50.213672087605545 50.55384384829086 50.932847856280105 51.33140724418512 51.73422493151638 52.130068667873644 52.51126035561592 52.87296333428833 53.21247535198933 53.52860937370371 53.82117841153651 54.09057312408916 54.32745788114046 54.481122042356645 54.53829458182469 54.538494864378336 54.538494864378336 54.538494864378336 54.538494864378336 54.538494864378336 54.538494864378336
55.55207170084847 55.58944870369993 55.559533114464756 55.45000193251235 55.19397697510794 54.800628685408334 54.28857441938677 53.721234479654754 53.11513297028828 52.47042180008018 51.815840392263546 51.226019523647615 50.717676708293624 50.30098418966765 49.94426557028277 49.659982064524584 49.46583742387761 49.3175625020451 49.19344604609295 49.120864646477585 49.135910335743084 49.25180186709946 49.48986654701197 49.82658835473227 50.228141331556486 50.66525157551741 51.114442201649204 51.55863084373703 51.98638686086018 52.390704180663086 52.76780611545284 53.11615987008468 53.43571714189491 53.727340057088504 53.99236217121612 54.23224246311435 54.428388011275295 54.52785812478291 54.538494864378336 54.538494864378336 54.538494864378336 54.538494864378336 54.538494864378336 54.53843637950931
56.910547929264666 56.92058483541831 56.82897460649956 56.60827176819099 56.22820730674493 55.71015847014502 55.11494107331868 54.483158886951834 53.8202613332872 53.12346231966075 52.39500988987956 51.711584574141355 51.096402542042796 50.553065331293546 50.08074247521912 49.66878136767377 49.33766422869734 49.078418783719634 48.84951182948714 48.6979362158282 48.669185893180014 48.80362218299229 49.09062592726022 49.49090722443308 49.96142675126961 50.464671800890216 50.968231565003144 51.453866552297654 51.9112027052832 52.33492024188146 52.723016050056245 53.075582770786625 53.39397666118485 53.68024624448999 53.9367243989652 54.16571828582721 54.36921440349249 54.506201558731235 54.538494864378336 54.538494864378336 54.538241450368666 54.535784982090796 54.53162307277216 54.52677408759442
58.231902824765946 58.18753373925415 58.00979826132191 57.665628347569 57.16031448363093 56.54034345496074 55.88543369181009 55.20494112735717 54.497331987600894 53.75783982952822 52.979510596441024 52.21860824091128 51.52103301627003 50.88658516313288 50.31560989240046 49.779322702464455 49.30492843480494 48.90740335008075 48.54773323310564 48.29384911377843 48.233852329928006 48.40169930901164 48.76143138345142 49.246441210521766 49.793120164460454 50.3563624270628 50.90946070549428 51.43272021339176 51.91375727693804 52.35020726170699 52.7425848772553 53.09299834849536 53.404378174478786 53.67999991958307 53.923166346808735 54.13697019390264 54.324094516187586 54.47923476605418 54.53804481657536 54.533821663633134 54.526169102055086 54.51645318772831 54.50592550974396 54.49571505742976
59.49371452830374 59.36255004469092 59.071892222291154 58.59751330107985 57.97252423690339 57.2909458452751 56.58909125980608 55.86880050407469 55.127079620329525 54.357241067585946 53.54972828304447 52.73337845278435 51.97421924312585 51.26926521056624 50.615482896073594 49.99990583877595 49.38501024496438 48.82603610715663 48.302836808438514 47.92730212269331 47.83095367044844 48.05614347505334 48.528209502596 49.12745905718953 49.76284697230967 50.3841448013999 50.9688200868859 51.509562523210484 52.0030575500563 52.441989593157516 52.82934834806573 53.169422613375204 53.4666945316711 53.72555637462255 53.95013661301281 54.14416434833392 54.310837554015656 54.449532641545396 54.52352665938876 54.51307181669718 54.49701691367793 54.479665553394995 54.462401799043825 54.44648720039048
60.63941663627398 60.375249916102504 59.955649611203775 59.36530435807372 58.66435422811449 57.93647731856835 57.198148764071874 56.45055768769265 55.68892504090349 54.9045129465964 54.08541198240633 53.24223025290855 52.44766107532936 51.69946952260497 50.98843388786144 50.30723222841817 49.60864752850626 48.88151329081994 48.17811281364864 47.62545338334969 47.459664049020745 47.79502949349319 48.445945995638255 49.18960417338187 49.914011489290964 50.57940922305707 51.177109655538914 51.71054202756207 52.18745593817397 52.613571921739975 52.98410712717846 53.30403617707178 53.579089507827916 53.81447543863691 54.0148752742197 54.184172326707504 54.32011584296651 54.42437464206967 54.49190650722488 54.47708427817 54.45221373849163 54.42679043681961 54.40235454023028 54.380327235981106
61.58219169790643 61.14608653692345 60.60017616743074 59.921168685402506 59.18352453229008 58.43727298458221 57.6845068660895 56.92677985080241 56.16385458514287 55.38416663521928 54.57337346482609 53.73143036218134 52.93165611968219 52.174273834351226 51.44393460651499 50.72485493286044 49.99012529554123 49.18898396974519 48.30747604393862 47.458759394651864 47.12097199721971 47.711664121537275 48.63174431519958 49.51823253961922 50.29887374339208 50.97130181667987 51.54891575848458 52.04762899232094 52.48224730572837 52.86566875053447 53.20463821391257 53.49356457932301 53.7377427966099 53.94270669141565 54.11278605017953 54.244948227976785 54.341864057668566 54.408187409710116 54.44759899084918 54.427399472917415 54.393244961815746 54.35924487463094 54.327123332887254 54.29849467139493
62.12593881017884 61.57485166727877 60.95933700702374 60.237271892428254 59.49918979496564 58.76854199431811 58.04398385023338 57.31802807042907 56.58088046616031 55.828787634835784 55.04706925805567 54.23008091696565 53.44918661308733 52.708310871809395 51.992483710262825 51.29155094906989 50.6020225446941 49.85909773422379 48.930258479630034 47.79200596511111 46.861491004098596 48.16013776694907 49.2892507674032 50.21028330529166 50.960805442703986 51.57661324552157 52.08762991594366 52.51749440287434 52.88456747930604 53.203241673707794 53.48507603181372 53.73178596450599 53.93658677612405 54.10412601892239 54.230865072590525 54.31877393316407 54.37309730325226 54.398361796971464 54.39827073672632 54.36564088434599 54.32167680700392 54.27851853102715 54.23810647958892 54.202289558858205
62.1113982640674 61.612653187259205 61.021026471144445 60.330869582674474 59.63531066298427 58.9514870656559 58.28001379081703 57.61314741794178 56.93737175789884 56.23740651565353 55.50746351071973 54.74265502658272 54.01360110783395 53.32934845147127 52.68701644954166 52.07818922057228 51.50511601331712 50.936181997548616 50.23145977757968 49.41163406325729 49.0292299648379 49.69276125696855 50.56140255213295 51.30360538849155 51.90245254482696 52.38476283694662 52.7780652814459 53.10403116776064 53.37894227913825 53.61521881948953 53.82270614401835 54.009341139955616 54.167251027539876 54.28496415282568 54.36123821372716 54.40137019580031 54.410139462738336 54.39174232528351 54.34967378869161 54.29354242298972 54.23918654961466 54.18620455082209 54.1367896827213 54.09307625221167
61.701953235447036 61.33703304351982 60.824090200298656 60.20479241999911 59.57849139668868 58.96672354048441 58.37275431808256 57.7884695937064 57.19893966044475 56.58565217976167 55.93192052017375 55.249805356012594 54.61662588085846 54.04240786224055 53.523287072297386 53.06607975171732 52.68315167195977 52.37040747998486 52.01143100421355 51.65626003198586 51.5626806730053 51.848802271682146 52.29405082158313 52.7142043271642 53.06413598047255 53.349294841861905 53.58307186273456 53.77716114376207 53.94074304194366 54.08118472474366 54.20471574911261 54.31687294446023 54.415281404671376 54.47522814328853 54.49789881691319 54.48770841591016 54.44876429325124 54.38476472520446 54.298857616845986 54.212980936286534 54.14760046778107 54.084040176373904 54.02478527263668 53.967847909616495
