_RESULTS/POSTPROCESSED/Berg/GZ/4comp/Berg_GZ_z_1000_kriged_reverse_4comp_test_spherical.asc
ncols 100
nrows 90
xllcorner  5.6208707817415728
yllcorner 50.959635321741573
cellsize 0.00013419651685393446
nodata_value 1.7014100000000001E+038
[rows 36 to 53 of 90, columns 0 to 40 of 100]
0.01305745249478196 0.016520348605500033 0.021194350338867508 0.027334993173156227 0.03519255501870072 0.045757390415932825 0.05926523743143465 0.0746620740715897 0.08886284904058481 0.09742755795743804 0.09767519850847238 0.09035672769247512 0.07837626700861251 0.06472241835503639 0.05152048284037968 0.039963583967937505 0.03089208709707804 0.024184148702243592 0.019326199570814585 0.015898205838635354 0.013580490149263613 0.012125322160623698 0.011200174863868437 0.010720980652653686 0.010515604395027845 0.010412165229835504 0.01046121911441702 0.010953174240904234 0.011888449552259588 0.013308272796021182 0.015367669833105195 0.0183024358507233 0.022354313203287575 0.02781804245205619 0.03498967981402886 0.04404985487726277 0.05669366314903873 0.07418227682369812 0.09559495789092515 0.1168781795883893 0.12261006387700943
0.013877628284296055 0.017556306856150332 0.022430236742797423 0.028672593858900274 0.03628938030299136 0.04505222193101208 0.05514905123029172 0.06551128937874695 0.0740704993688395 0.0785895773760017 0.07740197852555697 0.07097850607675721 0.06127590086840932 0.050453138245082026 0.040121960578981944 0.031422561794353966 0.024836084216634864 0.019972852899166813 0.01646936226398221 0.014034241869525097 0.012455693971444819 0.011602098982375674 0.011321630512836134 0.011429164853380963 0.011699472929841803 0.01205436240797337 0.012367312464385088 0.012627317341464144 0.013266048398559337 0.014323046114947554 0.01594283858996374 0.018220107772522448 0.02127346295828892 0.02522929226097297 0.03017549567681422 0.036082369222744264 0.04270889313507393 0.0509696828645414 0.06131975386010119 0.07233919085365847 0.07590465585811279
0.015026411979569358 0.01897972851686315 0.024130966564070804 0.030587653575708612 0.038243102258272786 0.04659620944384684 0.0546467663826381 0.06174132271788765 0.06654584399400518 0.06772501242717041 0.0649547179491217 0.058632281087023945 0.05007893574138591 0.04096278452794922 0.032560248167150065 0.025923814257959 0.0209441258018403 0.01730480381450294 0.014732282125911217 0.013017820769758803 0.012023527082805678 0.011685820878714783 0.012007293729940026 0.01276671745047504 0.013653774450421872 0.014444397557540161 0.014915255832910439 0.01501109811026731 0.015222722366245951 0.0158532621982744 0.016944904634385104 0.01852400081973792 0.020633945172162004 0.023310983725046416 0.026551230654341087 0.030266606043001645 0.034236773721485904 0.038080795858174116 0.042051010775697874 0.046392831368567096 0.04771840241293603
0.01655240518126033 0.020851139312813093 0.026375180287765004 0.03318888907709292 0.04111351599208746 0.04954600400939428 0.05732489177412971 0.06284349407778578 0.06490878988047968 0.06334706957000819 0.05842438803295613 0.05132540433080235 0.04312225438060212 0.03489330427121996 0.02784660199527873 0.022501254950838653 0.018563063514004875 0.01575351005744643 0.01385088629807367 0.012702431886482658 0.012228573194830405 0.012430626436483511 0.013411218675493537 0.01492766011745244 0.016378609807155903 0.01755878328113875 0.018275291267471457 0.018390390063952197 0.018072042173018197 0.018092690298655935 0.018503822652188164 0.019303623995736752 0.020485184349427976 0.022038013172554688 0.023930836731708722 0.026092622033097333 0.02835896452885869 0.03048688635853151 0.032184884422819277 0.03330439933053941 0.03344549374696086
0.018517886704897707 0.023236213129317868 0.029229843680738013 0.03654639057239672 0.044983186860426794 0.05388970974624029 0.06198556052581407 0.06742446818137653 0.06844387287345789 0.06449921042878128 0.05694548609081425 0.04801437028207664 0.03928436462016205 0.03136542440765791 0.025150490440553824 0.020579615888516988 0.017315509484683217 0.015086082028646454 0.0136998625635324 0.01304850808748417 0.013111099056944318 0.013949729314395405 0.015566674591925279 0.017683866377916795 0.01979703784859053 0.021579529135496146 0.022692563618967165 0.022940575747531566 0.022455616179866435 0.021697674559408506 0.02127521562246048 0.02118412845891898 0.02140495778408701 0.021905877448332167 0.022637570852120426 0.023531087628273356 0.02449747095389452 0.02543143031674881 0.0262215066554057 0.02665488015197378 0.026429943553429668
0.020998734311070376 0.026199296024678048 0.03273145573047244 0.04065316452684002 0.04980089729191907 0.05957426950038398 0.06863534878411741 0.07471925013749836 0.07526080778331388 0.06940849591809303 0.059266301137058566 0.04804548791584159 0.03792516156006951 0.029856795559200722 0.02398989901894002 0.019845092615412563 0.017014028373094684 0.015210064833943358 0.014242720609468977 0.014019113870484844 0.014543174415629885 0.01591278012865494 0.0180410334389557 0.020901258642270604 0.023972411693502206 0.026815399244640537 0.028954087201713604 0.02978712640935715 0.02933798844103397 0.02785677704472024 0.026072092402169803 0.0247023059885542 0.023737066634857158 0.023119513403771726 0.022776829702389912 0.022632323510756367 0.022610306225418358 0.02263735660571921 0.02264204416042675 0.02255601247280348 0.022196132133420345
0.024088116954726423 0.029799462887275165 0.036865389621992706 0.04537123542138893 0.055262246429804665 0.06615256129229374 0.07691332757598511 0.08490025235454468 0.08564474300019564 0.07681597838259298 0.06275192843260376 0.04884756691127289 0.03740292974162356 0.02909367091609177 0.023517722375311703 0.019681419179843247 0.01714639742923917 0.015624108575513204 0.014951648942268582 0.015078056292681637 0.016067432943923505 0.017916362385869425 0.020637495976313286 0.02444784434279671 0.029196409943797432 0.03421352861229879 0.03835720770182457 0.040272733170417276 0.03969395090379706 0.037211892584583954 0.03381219238091403 0.03043231257082718 0.027800874843224396 0.02579989570810972 0.024281647576819373 0.023125493196644982 0.02223903285637663 0.021551231943012346 0.021000181927175635 0.02060327882920522 0.020060649952925794
0.027907822481353598 0.03409544699348014 0.04155649147284626 0.05039305573367954 0.060691627303668255 0.0724289625710333 0.0851865067912884 0.09706472495634497 0.1005246786384409 0.08608055698203425 0.06585605906412778 0.04899255885590344 0.03647827633291024 0.028066103070980133 0.02278642566124901 0.019315513930958608 0.01710878551005996 0.015896473856871658 0.015549816774502897 0.016066936202093676 0.017441631935614724 0.0196802534334482 0.02308549369527053 0.028415232962382946 0.03572951912641594 0.044320294877438125 0.05232647956726024 0.05629987516555574 0.05489662289690556 0.050211368905835496 0.044575068650464934 0.039087999704266414 0.03417466383314315 0.030294259321137683 0.02730960979973829 0.02499167125592613 0.023189385550894698 0.021809035617444173 0.02094065283674665 0.02053210602525204 0.020001699125044604
0.03263283893689395 0.03916764449901865 0.04669003966783445 0.055280688242872196 0.06511697208651102 0.07644057060896346 0.08952128223979408 0.1046131414368504 0.12052422423775007 0.0914247605722366 0.06549392541319295 0.047315110350297146 0.034734471924046516 0.026650608453071562 0.02174166439089789 0.01871737703079413 0.01688091474090984 0.016003066347533686 0.015999852112023073 0.016783286892951676 0.018350913326023715 0.020944560211915788 0.025325344869993435 0.032409303287494175 0.04282020904414075 0.05665888200585714 0.07237669684255633 0.08064755343618452 0.07559701085517463 0.06657964611893036 0.057751828515168205 0.0498763647558259 0.04303356381900757 0.03717936204389865 0.032282593133553784 0.028452002781541915 0.025511486003348217 0.023515742733498463 0.022389323049694626 0.021997129582732037 0.02175433183511574
0.038462309331628114 0.04515942717749738 0.05216321780606695 0.05960961384887583 0.06770477940842225 0.07663719818042947 0.0863532645917972 0.09574576953403097 0.0978228806798605 0.08034458352678242 0.059361486042593226 0.04335915515538824 0.03206987955721383 0.024820604433966557 0.020449015164901503 0.017921167396610874 0.016486169674204965 0.015939207205651697 0.01609832675694061 0.01695687404325795 0.01863531102403834 0.02171426347107161 0.026970228439793898 0.03555756018376595 0.04863439322179372 0.06751483767552277 0.09439009252181892 0.11289426236145239 0.0968900163952443 0.08338991981491464 0.07186813747838186 0.06187991614736176 0.053171187709619976 0.04561949271667777 0.03917221438966755 0.033796542778452204 0.029705790285833977 0.026942548142018855 0.025325680283547196 0.024738235894972354 0.024717468150690414
0.044917281221284217 0.05192090780929417 0.057878111975278465 0.06310349976735201 0.06823109645144917 0.07333098840663857 0.07782631074433702 0.07989087803047422 0.07593093272544069 0.06441074152326683 0.05028221323309194 0.03806689361583661 0.028850702948403726 0.02274705989105479 0.019050521856894098 0.0170144992487731 0.015896937443091168 0.015467017091535655 0.015676814798149464 0.01655525999636547 0.01839658890614836 0.021856167770946115 0.027655070301544623 0.03707015595010129 0.05121691638336114 0.07110620302182469 0.09589741784489489 0.1116410025287187 0.1066867820255493 0.09593108166244359 0.08475165157821321 0.07403995399007579 0.06402514279653151 0.05487793249403408 0.04677035774727257 0.040021637042075564 0.03504601368579687 0.03156431929087392 0.0293430094575697 0.028197158201173807 0.027519915753059492
0.0517735611467211 0.05837911603940719 0.06240547536036042 0.06498393998842969 0.06684854886627643 0.06806971132772657 0.06813642963711265 0.06599804855589547 0.06045631876147484 0.05170092797205278 0.04179200898138746 0.03281117351746898 0.02564488203302606 0.02066374213179795 0.017567503470625107 0.015828425007681744 0.01489537670137688 0.01456516132034028 0.014806094889151793 0.015686063730899803 0.01770395673815189 0.02133009486419203 0.027290474745246693 0.03676793020798206 0.05041248823669446 0.06834845086180913 0.0881539628385874 0.10259828911038686 0.10662880261797873 0.10283237354004912 0.09513058425850343 0.0855447857700148 0.07512760230631044 0.06465857668242923 0.054851542257480526 0.04686594773322827 0.04079314425762035 0.036359932238343995 0.03330380476818881 0.03134832731264485 0.02996383102779365
0.0590050651374766 0.06362799105808148 0.06404595999431138 0.06340785773283651 0.06241042392301966 0.060933657001600944 0.05853559589220532 0.05467349551892519 0.04906110219341592 0.04208681630315069 0.03486938552396662 0.028320203902469303 0.02286588616478095 0.018830099349156713 0.016244404621552026 0.014758798918079317 0.01394567729563638 0.013613470131853912 0.01376130738900439 0.014607419972345513 0.016638437229009363 0.02024405371582339 0.026064549287514564 0.03505827310368092 0.04747860589230242 0.06317661733513548 0.08025309857086255 0.09470318970760977 0.10358534349751636 0.10610436746180489 0.10324263662079991 0.09624582605423775 0.0863209342187672 0.0748050853982793 0.06350630468229024 0.05411909456774878 0.04670796381179497 0.04111638819051548 0.03708472358208352 0.034303078185198434 0.032418913176087465
0.06665924519650018 0.06431833476708786 0.0609676468703266 0.05803802122337602 0.05525615570690672 0.05229568039114252 0.04882476906640948 0.044600684550455925 0.03987257222590707 0.034842007232880584 0.029776302759780618 0.025040876363318698 0.020905919779478765 0.01761365580937268 0.015427061597081505 0.014139473886876601 0.013403194293311852 0.013042602047663074 0.013072685233686057 0.013845949394407133 0.015667264208324868 0.018912889011529616 0.024292775343402503 0.03250192451229641 0.043561761666847394 0.05742940982768281 0.07296540575039044 0.087764307130958 0.09985922223645259 0.10760558575710867 0.10996589546983146 0.10656034604333596 0.09783675141813068 0.08539253446348373 0.07263657781379805 0.06149818468828715 0.05247100313864775 0.04556589138165941 0.040530287529865726 0.0370269690901364 0.03473521897531698
0.05386643098107421 0.05518126145558012 0.05268595545860959 0.049669321361993306 0.0465591272105872 0.04330020429668827 0.039903414506782524 0.03664566826827016 0.033310123986804524 0.029821287462975334 0.026273170043750935 0.022845241221001213 0.019710517048775866 0.017019557715112252 0.01512856527588399 0.013985172168436184 0.013278725482384322 0.012861155604391406 0.012800940489175006 0.0134867142530046 0.015109964142467415 0.017985088755069288 0.022682383120671945 0.029612191473843436 0.03929035355277103 0.0516471007562967 0.06609487804556852 0.08127574513219044 0.09575182121908754 0.10805332203721203 0.11595856480946821 0.11713785021222252 0.11023878794291604 0.09683238977542423 0.08200230574862215 0.06854159404854879 0.05760080838050333 0.04931308010180847 0.0433530076952396 0.03929917161880678 0.036794130441854964
0.04100447901101788 0.04301562996080302 0.042274934007978736 0.04025554913157444 0.03770377422453209 0.0351112731724085 0.032884470263952074 0.030788481280036934 0.028643473847550997 0.026368806909841107 0.023981348293358205 0.02156585512138189 0.019232776706436035 0.017083893638792688 0.015402321766810388 0.014350562305737155 0.01362182543787702 0.01310850877847828 0.01295217899157532 0.013524500528659162 0.014954404537218758 0.017508406546851575 0.021544431528880324 0.02724311645426735 0.03515294611833682 0.045939725115312045 0.0593419875232681 0.07462180890977503 0.09083156474613752 0.10715327950645724 0.12115553097115495 0.1285207398846662 0.12435015581368344 0.10927520361017988 0.09097450152655515 0.07441059978521967 0.061371463328381864 0.05181641237349823 0.045155051539756914 0.04079425064862575 0.0383011693628817
0.0313965162871517 0.03290753606051245 0.032813346252836446 0.03161409403605165 0.030006117793460033 0.028674187978578267 0.027540085118683107 0.02646891243987351 0.02534104811615471 0.02407850988390437 0.02265646122431357 0.02109992447983087 0.0194697261090546 0.017845137440473006 0.016364804999955015 0.015348021459232454 0.014533966137970894 0.013868682170085488 0.013573453612057503 0.013991954848876898 0.01521754772505974 0.017464253607919346 0.020786451750269733 0.025414803756118917 0.031801563328033286 0.040566713717026234 0.05248993311518931 0.06725342709616153 0.08435365598827975 0.1036697894331093 0.12405219431855365 0.14047460451516414 0.14123782911904498 0.12206629579415178 0.09785745013517493 0.07765815194656023 0.06282784076105273 0.05247554567132961 0.04553039388808134 0.04118578589116189 0.038930448058219574
0.024329185488588125 0.025288300477225325 0.025313291524947476 0.024687084717449473 0.02414326787407649 0.023770516005237177 0.023521100661403095 0.02331677286337844 0.02307050282655406 0.022704159739563554 0.022161908642459018 0.021418645351812527 0.020483424387206406 0.019398684258960786 0.018235937796152728 0.017182112235896316 0.016196564961102326 0.01529146128173752 0.014769020593378679 0.014965052703584438 0.015948993717748758 0.017739339655154392 0.020332685160750832 0.02397372835862216 0.02901838957981006 0.03598644522537682 0.045656302442524235 0.05896367282459922 0.07558904239356157 0.09577008543079672 0.12047235408724655 0.14868522609380921 0.16223634834669434 0.13069997537767758 0.09884936144323685 0.07635898216330603 0.061082259835117524 0.05086388142168304 0.044232994028901046 0.040275587392387874 0.038249224684033294
