_RESULTS/CROSS_VALIDATION_POSTPROCESSED_CLR/Berg/IZ/6comp/2/Berg_IZ_z_0_kriged_reverse_6comp_spherical_2.asc
ncols 100
nrows 90
xllcorner 5.6208707817415728
yllcorner 50.959635321741573
cellsize 0.00013419651685393446
nodata_value 1.7014100000000001E+038
[rows 19 to 37 of 90, columns 43 to 85 of 100]
-1.8905564742743177 -1.9802279277048753 -2.145457824612162 -2.3751460015333823 -2.6897767036649602 -3.079655787094734 -3.53075839342025 -4.030224517658736 -4.565904248219951 -5.126040248518185 -5.699030673288879 -6.27324709309523 -6.838866885046588 -7.388597646183273 -7.9111357245912854 -8.39179880967676 -8.822636815627344 -9.204130751649902 -9.520396363122343 -9.758258957145497 -9.883806135586298 -9.854103045642171 -9.654501744457598 -9.318499299668183 -8.897839381706564 -8.433673461643732 -7.952989961830237 -7.473468301241277 -7.007522233333748 -6.564612266961838 -6.152481975828206 -5.777828585715362 -5.4466813685052475 -5.164625052140254 -4.925459845224027 -4.720704584971923 -4.553403084049031 -4.426530661259269 -4.3430106182530475 -4.305727982343738 -4.30395997168669 -4.30395997168669 -4.30395997168669
-1.8785202600958089 -1.9891742860569583 -2.1763716323454205 -2.4226808400334194 -2.74642085711642 -3.143597264034173 -3.60074388134995 -4.105392484262098 -4.645566002747891 -5.20944376083099 -5.785098127328259 -6.360264783518226 -6.920886109100882 -7.4558877591801895 -7.954523643585741 -8.402649664386423 -8.801305648974463 -9.138006385348444 -9.396655500859584 -9.567664486925306 -9.632436959874603 -9.571184317301821 -9.380523922592833 -9.079174606978178 -8.698399589853274 -8.269055814883844 -7.8158153605681795 -7.357100212809201 -6.9067242471486 -6.475430309362418 -6.071965614819626 -5.70377293572024 -5.377426544760815 -5.09890919175017 -4.870415279794831 -4.677944280921916 -4.5219872799796335 -4.405677822580213 -4.3320646283013735 -4.304133210771808 -4.30395997168669 -4.30395997168669 -4.308804290848288
-1.8506314137788595 -1.9931202697462536 -2.2097066443769338 -2.4770810072775156 -2.8080928337489475 -3.209554055292932 -3.66914939820055 -4.175090334029189 -4.715749894074788 -5.279391322556531 -5.8539041255117015 -6.426529106403031 -6.981505664054268 -7.4979240076402345 -7.968098850406152 -8.391345517262005 -8.75693900676815 -9.04996574521908 -9.256970171690849 -9.372639162598249 -9.38994303224959 -9.301082173541609 -9.107934402040641 -8.823828280344848 -8.469846634558277 -8.068905834320649 -7.641708440753563 -7.205401084672028 -6.7737987841782275 -6.35810340024882 -5.9676120425588675 -5.610271487713739 -5.293076567688996 -5.022347327525257 -4.803701427047067 -4.626502554988525 -4.48473990485091 -4.381715986575454 -4.3206165615293495 -4.30395997168669 -4.30395997168669 -4.306188604707651 -4.330986789264244
-1.8154788254254473 -2.006946334940291 -2.254563527029436 -2.543223288479487 -2.8778895986384896 -3.2790044235978613 -3.7365257614731733 -4.239347087753241 -4.7778393936141175 -5.342207859628167 -5.918595514540155 -6.490418228707509 -7.037015334942273 -7.538822609813627 -7.992135900189997 -8.393418093302095 -8.725238170688147 -8.972165411300386 -9.125878022674708 -9.186785569271496 -9.158491449313143 -9.041942778575862 -8.839526283010121 -8.561908687090241 -8.224780979949118 -7.845626993552102 -7.4413579946219315 -7.027048684778349 -6.615623046961383 -6.218048673925404 -5.843701972164136 -5.500733848066643 -5.196375034825429 -4.9371718293013505 -4.729161630657451 -4.569283567403598 -4.444216730171097 -4.356915068095962 -4.310699414711171 -4.30395997168669 -4.309406105815654 -4.338959017851399 -4.397020545839537
-1.849669759923084 -2.059407923427911 -2.3214698660307658 -2.622663190359677 -2.9586880138399567 -3.3533543643495767 -3.807621046527615 -4.312933797300758 -4.8558997813697395 -5.42159056186181 -5.995064626397598 -6.560335656897367 -7.097349032224047 -7.59634452050973 -8.043310063317016 -8.427342352316991 -8.72978481403916 -8.933969789253009 -9.03661124355439 -9.043473045481832 -8.96516696999321 -8.808786136092081 -8.5839324396646 -8.302708315060045 -7.973122657338459 -7.608097369476485 -7.222745171535145 -6.829339405713841 -6.4385569643426495 -6.060685195415029 -5.704812350350293 -5.379022353433114 -5.090593098155597 -4.846170138816473 -4.651616000670009 -4.507706885660192 -4.399393111442705 -4.328192634300038 -4.29864580573897 -4.311220990995603 -4.344618651366467 -4.410420908831454 -4.5039963367975915
-1.9631820230626853 -2.1524784957027627 -2.410494755453541 -2.7143344594086916 -3.0541234768186385 -3.4480118673108064 -3.9042907159201032 -4.4090286879263605 -4.9483782570081365 -5.508368337397238 -6.074665921701607 -6.631412174982031 -7.168821286852896 -7.672163935512805 -8.120744595314113 -8.500138192246942 -8.78980649476739 -8.966033438237304 -9.024171087412224 -8.979578656503712 -8.852109542816628 -8.654245675142718 -8.397198895534483 -8.092762531756314 -7.754221890085997 -7.392920192209722 -7.013621149990634 -6.628636831731019 -6.25053393534934 -5.891176022783324 -5.555570690401693 -5.248945733512205 -4.975211019059307 -4.741484105697658 -4.555586500761558 -4.4232543399199065 -4.330453958769228 -4.277294168100843 -4.28210033830741 -4.319480348839711 -4.387942324973117 -4.492026369718211 -4.625017732551429
-2.0668567855330853 -2.2524016513228036 -2.5052422800523013 -2.8139705571567784 -3.1705087214989396 -3.566303633787458 -4.017773141961867 -4.515923712034692 -5.0468962460902365 -5.596910991855543 -6.1550372872759676 -6.711171393769426 -7.251181008840706 -7.766608899647819 -8.239914218238376 -8.64169366716618 -8.937841044902516 -9.088707667581577 -9.093518062329862 -8.990724197618388 -8.811592101705298 -8.571728615732422 -8.281875330302928 -7.952179873928134 -7.593864471829214 -7.219516029277546 -6.841621772547725 -6.461849339699186 -6.088721681094839 -5.732976259051698 -5.40029036236623 -5.1004390223482154 -4.835610074534536 -4.611049697507196 -4.4349828426226585 -4.314785625494545 -4.240361636375478 -4.2247270286017695 -4.262633282587687 -4.327385680271175 -4.432462199001756 -4.574930881203561 -4.747742277908979
-2.142657851354282 -2.334113267348086 -2.597291161164038 -2.9225850283720787 -3.29461706090484 -3.7002330587826457 -4.1426288925307295 -4.630726824889907 -5.153194298703516 -5.700212212799711 -6.2578886086264065 -6.814500564618019 -7.368557272696785 -7.904949337177884 -8.405126171227845 -8.842862733226141 -9.172199386106145 -9.293786716922153 -9.223131045338498 -9.054690886134654 -8.825471099705892 -8.547241839854532 -8.227437478281903 -7.873876930662881 -7.496865458886729 -7.108137948960875 -6.719244588827742 -6.342056683907645 -5.972456985459841 -5.609453109677399 -5.265557477286618 -4.95361645470835 -4.686318542520317 -4.4710177270674905 -4.304902662290996 -4.195945700506691 -4.153925578015699 -4.1765771788282295 -4.237384026763631 -4.33287573541995 -4.474198615779436 -4.655049622322228 -4.868019388955331
-2.191128566184031 -2.404689026572768 -2.6899911336707185 -3.0325300336116348 -3.4200651117082588 -3.845765133806224 -4.2995930362549695 -4.792532399115689 -5.319954330692147 -5.867691040633698 -6.427983200246601 -6.998314712024124 -7.5632884509083755 -8.108310308246232 -8.619752933278253 -9.085530342573623 -9.494787676509443 -9.548926573260134 -9.365915125996736 -9.139487801698568 -8.873777473001656 -8.567378725014269 -8.225734747260965 -7.856635576161585 -7.467456206895708 -7.067423290196915 -6.6672699732854035 -6.2723679676470665 -5.889022816656935 -5.516058771435174 -5.160996937066181 -4.8367614756969965 -4.556247056103539 -4.332200827774528 -4.174488458681141 -4.090928758059145 -4.086252566578597 -4.132205273053635 -4.210323919306834 -4.333687218984598 -4.509082390329806 -4.7281881892895425 -4.981578938830971
-2.2265101289409386 -2.4715773909998076 -2.7818475279873036 -3.155059369254172 -3.579358873141363 -4.041140072345833 -4.527621113793561 -5.030169361441919 -5.558441680785699 -6.111240697834038 -6.684891672685177 -7.262218899575622 -7.826854091345568 -8.363265801780422 -8.856646917721012 -9.29053196595212 -9.621751019932614 -9.663296147448651 -9.479744097666366 -9.229871759860508 -8.94078273496346 -8.624720579508015 -8.278380028403497 -7.90122604237498 -7.503208765364418 -7.0936885010712665 -6.674794497164552 -6.252476732565279 -5.841704956860769 -5.455236386901317 -5.088943133093684 -4.75247671213055 -4.4589992505051175 -4.221602891043868 -4.059110070871596 -4.00658991102753 -4.029384621859057 -4.089520413169718 -4.1854505779743265 -4.334327276817107 -4.538118332260479 -4.790632430358154 -5.084031928401673
-2.2816457035634627 -2.564598901025078 -2.9204155693068063 -3.336092323074067 -3.798567556839653 -4.294882884898217 -4.812330787509026 -5.338566294010186 -5.875314504219092 -6.442782768247943 -7.024430449587246 -7.601533587583339 -8.151538305610101 -8.64832237065378 -9.078482141076915 -9.418092577368753 -9.625126194806988 -9.647004416282533 -9.504120835913414 -9.26749453346562 -8.980728483025642 -8.662237888282055 -8.322804893685609 -7.966372349411067 -7.584750530888419 -7.173513974940109 -6.731243214761502 -6.282078995867469 -5.843213007321948 -5.430364948537267 -5.051786530752089 -4.70297482965223 -4.396562413097867 -4.146378337615139 -3.9886672978870017 -3.941996985789462 -3.9721968424368033 -4.045141257653865 -4.158562812227066 -4.331134536121446 -4.562073597479242 -4.845039154451706 -5.1725600738091195
-2.3897014712671436 -2.7211461524779494 -3.1198344935746998 -3.5741169583929566 -4.07169091430266 -4.599854869832403 -5.145725398733047 -5.702132783638405 -6.276506182668759 -6.857505558809733 -7.435169747773019 -7.977379697170228 -8.470501697925307 -8.902154592817933 -9.255530231517152 -9.50717191683891 -9.632925530078687 -9.620792165348423 -9.486485557824135 -9.266312435291024 -8.989310527156837 -8.675417898204323 -8.338361821100168 -7.9888411789995555 -7.62852444755717 -7.233588395845833 -6.807436561709704 -6.357346505763866 -5.894430738653294 -5.452570927853026 -5.052001001260415 -4.690564266840331 -4.371041215090712 -4.114819306621156 -3.9586024781275757 -3.8962974307252862 -3.9130381272426384 -3.9955699782948235 -4.124997295743858 -4.319034416614986 -4.575550243970257 -4.888080582528283 -5.2487791811560545
-2.571718317987515 -2.9403846291945333 -3.374591693844655 -3.862442456273251 -4.391472265393488 -4.948701783272259 -5.521689837570916 -6.120333582730012 -6.732457660922346 -7.314425187010517 -7.848706888284152 -8.337550146733498 -8.77209777337589 -9.137412470396995 -9.417025451036988 -9.592675951856029 -9.65321193369277 -9.605610886350146 -9.465806924009527 -9.250895072013275 -8.980753396503982 -8.675206632609541 -8.351472969102169 -8.016217624521941 -7.660851991933839 -7.288692285332725 -6.887585556006551 -6.459939983128306 -6.013768027051009 -5.5579084184437235 -5.118118150039421 -4.729841161995969 -4.388080569796774 -4.121397090801674 -3.9463858942071064 -3.8646052408792446 -3.8616785999674264 -3.9372364949802825 -4.080161745116612 -4.292951986195211 -4.573084361721061 -4.913997167671164 -5.307461685360084
-2.8190589566497937 -3.2141362629496792 -3.676533905376265 -4.192836695434986 -4.74964112018655 -5.331968919588989 -5.941467643693045 -6.5726677489869 -7.175916238656729 -7.737195876824979 -8.246283077540415 -8.692182789029008 -9.06842622972404 -9.368983138643767 -9.579228907272572 -9.685896627142295 -9.68893867724208 -9.608819696364154 -9.453230950812152 -9.241872831099375 -8.992489089293523 -8.714775232189599 -8.417242967375707 -8.09568457434176 -7.746718863076655 -7.380428788221087 -7.003170949165953 -6.600114292057771 -6.175505410165295 -5.738135542181611 -5.297657449591717 -4.872423919132098 -4.48613556397734 -4.17329700718844 -3.9558613775248626 -3.841064820215366 -3.8153038643596924 -3.872986575995393 -4.019609509923056 -4.247886617298789 -4.549225787399966 -4.916969877953267 -5.342484237233229
-3.1150679491115825 -3.5298583490172524 -4.01490452165696 -4.554952718281223 -5.134574464051864 -5.743043617782846 -6.379694622892379 -6.9968043343143815 -7.581772011054275 -8.123376231355298 -8.609407006030793 -9.027074317198249 -9.363430177903371 -9.606290650754048 -9.750125390172514 -9.790483438971318 -9.74441034288657 -9.634562321605 -9.480444186305562 -9.28788619984119 -9.063171873591013 -8.812538942726103 -8.538683885468352 -8.228974430592553 -7.889122314674113 -7.529072306572304 -7.159546536592163 -6.781988718207937 -6.380828753991268 -5.963310735611188 -5.532073982112721 -5.091761842712414 -4.658559710167085 -4.296022819218294 -4.02689901480446 -3.8541294231187915 -3.776010279712323 -3.8044395355139997 -3.939325592190214 -4.179033271319915 -4.49868584918723 -4.891275669153554 -5.347666132277673
-3.4416865647187613 -3.8728835023629986 -4.375803177539719 -4.934743796119899 -5.53434803273566 -6.162088224607213 -6.783105090448473 -7.383021144085651 -7.950294587114386 -8.472528524155086 -8.93636814751968 -9.327547813537306 -9.631409250373139 -9.834392156497797 -9.926665306800778 -9.911325858982213 -9.83297782609435 -9.71640846464066 -9.56717800719716 -9.3900672880719 -9.188616314572243 -8.965372339047425 -8.711009233443724 -8.415747024593461 -8.087680755501804 -7.736640660514812 -7.373484937823482 -7.00797404535179 -6.624947121608757 -6.2133417327401315 -5.779622671577689 -5.331335278799576 -4.89170284364535 -4.481809777209692 -4.155768097834704 -3.9178403661323182 -3.7765440845829596 -3.74622850364257 -3.842183626363208 -4.081966049975436 -4.416598618894015 -4.831610451786799 -5.31707461868906
-3.781873841895537 -4.226720890100635 -4.744963072899596 -5.3211919451351655 -5.933383089432025 -6.544897727201958 -7.1470762758696935 -7.728666679199707 -8.277601666881697 -8.780825377963435 -9.2240685929825 -9.591592529599613 -9.866304321721373 -10.031435228865256 -10.078228999496353 -10.042960409954908 -9.957921399454003 -9.837947644765075 -9.694621336779496 -9.534543689043318 -9.359004800870212 -9.164791973830503 -8.9301730780805 -8.651318810975871 -8.334969701199736 -7.990250285393186 -7.627028923143204 -7.2548873525185344 -6.8782392865579 -6.472973035217006 -6.039338811622692 -5.584716917801338 -5.14243523320192 -4.7216546937216926 -4.3320968961259405 -4.022620488383433 -3.8118260773587727 -3.717036238293723 -3.7546599942899888 -3.9555793762971163 -4.298947234733885 -4.733680373649113 -5.245683737946601
-4.125782634035258 -4.586035264007277 -5.1210441278017536 -5.713674818270027 -6.305242751568228 -6.893626594971039 -7.472570941479555 -8.03127839398794 -8.558470066906436 -9.042071313110512 -9.466186304177567 -9.813455926190912 -10.06397904900815 -10.196516245514292 -10.225282875819605 -10.172159651852255 -10.066880220531331 -9.936650380295998 -9.800585857149827 -9.665082610780107 -9.525589217923878 -9.366055930552907 -9.156335137498672 -8.89498714166443 -8.589366515208592 -8.250451263125793 -7.889407690080411 -7.515957231599119 -7.138483074932957 -6.743754805064146 -6.313624049779295 -5.8552651581637445 -5.406887758916338 -4.980518125185835 -4.548278713058008 -4.160186569517936 -3.8723447481989917 -3.706092713621973 -3.681116603326342 -3.8263423778952816 -4.145959212489618 -4.595181575248904 -5.130553050238498
-4.490198034157734 -4.974405183455624 -5.527469877028315 -6.111536316960382 -6.674598249243207 -7.236676303585153 -7.7880194233700655 -8.317731065946104 -8.81434234407875 -9.265860051165633 -9.658575670557854 -9.977109932903627 -10.205105370144606 -10.335258077697084 -10.3523434525419 -10.260856743172429 -10.112196543632942 -9.958947450537682 -9.829289919883623 -9.727332462474678 -9.639128339123266 -9.529416343121913 -9.359693998353787 -9.125263446303125 -8.835795947990384 -8.506640395594891 -8.153530239226864 -7.786027194266812 -7.41085090902307 -7.027338128240169 -6.605401122152607 -6.146437942450618 -5.690431454784102 -5.246993723901391 -4.785172099251122 -4.324358251243792 -3.9505097079226497 -3.703755948440256 -3.6105692925735484 -3.697616069532498 -3.9817887458983114 -4.418329927103591 -4.972601213401941
