_RESULTS/CROSS_VALIDATION_POSTPROCESSED_CLR/Berg/IZ/6comp/2/Berg_IZ_z_710_kriged_reverse_6comp_spherical_2.asc
ncols 100
nrows 90
xllcorner 5.6208707817415728
yllcorner 50.959635321741573
cellsize 0.00013419651685393446
nodata_value 1.7014100000000001E+038
[rows 38 to 56 of 90, columns 0 to 42 of 100]
-3.1288246352193054 -3.0329339639786 -2.938145034391092 -2.8472890665189565 -2.763700022318933 -2.691045348441037 -2.621254602138767 -2.552245053326187 -2.488624059599889 -2.4331984208667228 -2.3872665885687576 -2.353817518148925 -2.329743358652512 -2.3107044700392323 -2.292605346819863 -2.271892361629732 -2.2464786364153437 -2.214592885567196 -2.1742214573855567 -2.123576323056447 -2.0609973194360216 -1.9848870899600013 -1.8937428686348192 -1.7860099069538764 -1.8488157649553 -2.0484877433740016 -2.213064004153635 -2.3488151626728957 -2.4621953547774273 -2.5545155092016945 -2.6274753791086107 -2.6832790698005065 -2.724444641604289 -2.75380432612307 -2.77431313858745 -2.7888589005409816 -2.8003837066110826 -2.8121390617019935 -2.8275255183391046 -2.8508299561551684 -2.90341940765594 -2.986394008691903 -3.098410841330355
-3.093750643588029 -2.994823091741033 -2.8969176314591456 -2.8028701551842397 -2.7160969991507224 -2.640583598356642 -2.569222412468709 -2.499967828158546 -2.4379844001384017 -2.386228068038856 -2.3475441160310173 -2.3231577255561846 -2.3086029492804623 -2.2992016369719597 -2.2907599838285675 -2.279776942494024 -2.263546828729799 -2.241065860046014 -2.2109732916690494 -2.1720818466562393 -2.1238812296085907 -2.06744400520602 -2.0091506204270937 -1.9777525229883315 -2.0452609047148997 -2.195052826727577 -2.346331230599628 -2.4782993230691868 -2.5915590857039548 -2.684900157143471 -2.7594574475746483 -2.8174072218508015 -2.8613343712677803 -2.893932626143716 -2.9178940855339133 -2.9359714829413557 -2.9504727802574986 -2.9567307346081337 -2.957422033456635 -2.9653285306022505 -3.0015569575252012 -3.067099603701295 -3.161186483094202
-3.0625584360699207 -2.9608645864646337 -2.859796309480638 -2.762021718675706 -2.6708510954779943 -2.590514211193991 -2.5160914299133745 -2.4452699533758997 -2.3848965410700673 -2.3389876145731545 -2.3116207582707515 -2.300277361250949 -2.2990323537908597 -2.3025670912929783 -2.3066597652144702 -2.308109649761769 -2.304544554659143 -2.294850436899362 -2.2792928993238317 -2.2578948862389634 -2.232056749260502 -2.2060962421040164 -2.190802405404023 -2.2086962060356488 -2.284956292967069 -2.4048082143362337 -2.533188775919876 -2.6513615018674512 -2.7557893749023403 -2.843033147414219 -2.9133109535539243 -2.9685275182363036 -3.011105685364823 -3.043501747767539 -3.0680546685124055 -3.085521044148474 -3.0865765398724125 -3.0751268847073003 -3.057716367442992 -3.0465915619351973 -3.06290097903448 -3.1078842377667444 -3.1812653932011514
-3.036333461835727 -2.932444678402196 -2.8285570028579214 -2.7269667313092603 -2.63058069573707 -2.543412277416565 -2.4637731554073183 -2.38897025482587 -2.3294548534814474 -2.2924103112252197 -2.280762777666501 -2.2869101585186455 -2.3025055805818404 -2.3216005443190046 -2.3402703115374717 -2.3559373053405865 -2.366950721223561 -2.3724862884957303 -2.3738003320821326 -2.3724819182404224 -2.371257719468721 -2.375515127664645 -2.394552950931301 -2.440993082271989 -2.5238210825292224 -2.634592387239019 -2.749098971287618 -2.853480635529261 -2.945064140259057 -3.0211954071259366 -3.0823901216214313 -3.1307104444550666 -3.168418680836193 -3.1975842242354693 -3.2179277774715556 -3.217528332687694 -3.198008445287999 -3.1665893200624495 -3.128724466509575 -3.0952295254444584 -3.0880934284436847 -3.109219560094657 -3.1591073930581697
-3.0161605242852394 -2.911080668739536 -2.805342489101825 -2.7006888098189283 -2.5992648692349833 -2.5041943836967504 -2.4163935404442656 -2.333069344969776 -2.271573146705376 -2.2475552516473423 -2.2582235772200265 -2.2866248065285646 -2.3215994415989396 -2.3575209125881433 -2.3914675996447423 -2.4218443378667693 -2.4478685055560403 -2.4694430645395444 -2.487913688772289 -2.5063344257377977 -2.52792103273278 -2.557612265632792 -2.602014155938728 -2.667737944011142 -2.757326052153334 -2.8653808012927593 -2.9763302801926894 -3.070855995658064 -3.148331655225392 -3.2098748527029954 -3.258381272795492 -3.296747297750949 -3.3270564692915165 -3.349284657511698 -3.349110393802351 -3.325938872115727 -3.2840024683629574 -3.2305075481694048 -3.170196374825681 -3.111593421552244 -3.077688861078297 -3.071675592720415 -3.0955882407772
-3.002950216106595 -2.898173673940138 -2.792333239848368 -2.686560840505115 -2.5820490361249933 -2.480412293067904 -2.382926590258477 -2.2842634208278882 -2.2110714443187613 -2.2092945146114813 -2.252360120877107 -2.3058495389066436 -2.3599741543641297 -2.41172021021049 -2.459885817460581 -2.5039972154442287 -2.5440754404192347 -2.58064998345201 -2.6150770695770014 -2.6509172586731546 -2.691553452719794 -2.7410119521137464 -2.803797089995246 -2.8834865430396484 -2.9803248367462203 -3.091036524077508 -3.20338175652891 -3.2926681057160616 -3.3544149184432936 -3.398119368492951 -3.4315878236341297 -3.458473184339308 -3.479925744201078 -3.4813712558634995 -3.456834552772337 -3.4097983369019316 -3.344168206210739 -3.266954549363511 -3.1824623544433566 -3.096648005928471 -3.0326458538511254 -2.9961200740324916 -2.9920300628845444
-2.997230695498148 -2.894679621612497 -2.79122250488345 -2.687502295194345 -2.5840034321858454 -2.481211844136693 -2.379573413090471 -2.269271399954144 -2.1502753821719445 -2.20444041184612 -2.2807399162207456 -2.3531297953761534 -2.421289265989485 -2.485141162261976 -2.544729206105192 -2.6002729033159087 -2.652255568583791 -2.701529414120376 -2.7494442253632503 -2.799243939361316 -2.8544065010927304 -2.9180296366139524 -2.9931994645140536 -3.0821143274759963 -3.1861935301299527 -3.3042670341235656 -3.4238670630966794 -3.5102590583556452 -3.5497565485331144 -3.5726007347287596 -3.591136130852575 -3.607291262944837 -3.611628517532667 -3.588247657355809 -3.539493093413422 -3.4683383131455088 -3.3783504912023736 -3.2763008423853304 -3.1662787977087565 -3.0521877610141885 -2.954938786428471 -2.8845711919755157 -2.8511236449002073
-2.9989651795920156 -2.9008070333764975 -2.8026750312683815 -2.7048868499754315 -2.6077580194833745 -2.5120457816060764 -2.419623956565423 -2.331971383590902 -2.267466655532189 -2.2905992953587284 -2.3587973202922203 -2.433290410376255 -2.50665623766906 -2.5771248705014234 -2.644242677341045 -2.7080874355594773 -2.769107508398885 -2.8281140359998282 -2.886310571978459 -2.946140337971393 -3.0110305791803444 -3.0832733867127198 -3.1649550723995143 -3.2582895593794334 -3.3660736243361775 -3.48730437286079 -3.6190325132406898 -3.709571155826071 -3.7098415622655008 -3.717193449569046 -3.7261589937301283 -3.7325272755559653 -3.714084704988238 -3.6677721632717217 -3.5959128823406132 -3.5011601432128456 -3.3867672910436437 -3.2592775768066495 -3.1227682719579084 -2.9805468491766143 -2.8471918808635834 -2.740814094155245 -2.676414526771902
-3.0074633935307302 -2.915901266648401 -2.826117212581103 -2.7379713261176164 -2.651898768290823 -2.5697290546776097 -2.4959346796089372 -2.439831787113527 -2.410080224118671 -2.423675056205055 -2.4739692962687254 -2.54041261151443 -2.611977866776849 -2.6840877542098296 -2.754894010008871 -2.82376584955977 -2.890736370884074 -2.956293791025182 -3.021289351758494 -3.087363932553112 -3.157541936960521 -3.2333714307454233 -3.316648938982429 -3.4101858615527405 -3.513618059162175 -3.623956743178496 -3.7309406722461915 -3.797662079913829 -3.813645505671303 -3.820481810069804 -3.8290010503805205 -3.8227046038656507 -3.7852185349691756 -3.7187239521736553 -3.625585706479481 -3.5083823280705753 -3.3701188491745215 -3.2170742220152038 -3.05352304455206 -2.882801860171563 -2.712783460618642 -2.570502287769015 -2.4723709939431093
-3.021422981237951 -2.9386699396555604 -2.860149167069735 -2.7844471031962335 -2.712129072365797 -2.645944493593551 -2.5909844330177814 -2.555606229644945 -2.54601605490636 -2.561593502232437 -2.6035625974800607 -2.6623445042214815 -2.729652019524716 -2.8004448449244554 -2.87202485667461 -2.9430803011631754 -3.013124059899268 -3.082193916066468 -3.1506760361908883 -3.2194752270479574 -3.291012186054069 -3.3670442014455833 -3.449643619888467 -3.5384884321753036 -3.631536053538637 -3.7235988448415784 -3.803459848705169 -3.855219316967057 -3.880887269759396 -3.892885105235165 -3.8983958610118137 -3.8772138676636856 -3.82466146742192 -3.7409762194701006 -3.6287628564012384 -3.4907000862299062 -3.329635277745874 -3.151391554363083 -2.960677446757367 -2.7608268665640168 -2.5567501463964786 -2.379229150773903 -2.244518119933839
-3.039079739274271 -2.9680883794607236 -2.903629320954091 -2.841830590854599 -2.783827904722294 -2.732743249171409 -2.693284665219476 -2.6714668581267125 -2.673008372011978 -2.6939889657269376 -2.733822415071532 -2.78811090385825 -2.8515294698650386 -2.9199062451019957 -2.9904722832939816 -3.061562054148556 -3.132273713210508 -3.202210005198351 -3.271284224952442 -3.339806734224383 -3.4109855510918954 -3.4860935230299708 -3.564878360846575 -3.6460866513681407 -3.726858515280841 -3.8019308988020772 -3.863225945498955 -3.9048075248677994 -3.931024990949251 -3.9456378691891607 -3.943988364564708 -3.9067842792515948 -3.836527844071052 -3.7357442675847996 -3.6063676538726783 -3.4493300800634996 -3.267036486543251 -3.0644304844641255 -2.8469297836037564 -2.617792173371046 -2.3870599271915243 -2.1737545824145985 -1.9996529435246062
-3.058408352831026 -3.0069708124297962 -2.9570479351406305 -2.908142184799005 -2.8628671202677767 -2.8245113939995656 -2.797005807555517 -2.784562428432584 -2.790714477213445 -2.816592355677768 -2.8574605537666766 -2.9099126331945384 -2.970637102892651 -3.0365320624248167 -3.105167250026197 -3.174820931174782 -3.2443474861633037 -3.3130092754459417 -3.3809314012563725 -3.4489866958796442 -3.518855345180757 -3.590686765762401 -3.6636418118993865 -3.7359942397867654 -3.804784132681607 -3.865593504380935 -3.912885393071706 -3.946393226323192 -3.969912991129233 -3.984178213600778 -3.9717774719657557 -3.9206623367381126 -3.8343048932745862 -3.715424004202766 -3.5662818487210473 -3.3889458853668226 -3.185487383964279 -2.959203384922037 -2.7155855001637095 -2.460115125134001 -2.2066861600627563 -1.9622714329781208 -1.7484233728149152
-3.1165782513616405 -3.0640880915651216 -3.0205785681716963 -2.9809395411242274 -2.9457259174934016 -2.9173757832207956 -2.898827836887829 -2.8929760920205605 -2.9020313099612842 -2.927111125898322 -2.969937397743947 -3.0222933704292583 -3.0814505666764997 -3.1451807682317003 -3.2114909456122636 -3.278788459012232 -3.3464146594198305 -3.4139325313200275 -3.4809060858658327 -3.5471411462981197 -3.6138978998507962 -3.6808853992225288 -3.746922947622635 -3.810133594972296 -3.8677968445322457 -3.916379016152892 -3.9522466700706658 -3.979251140749887 -3.9988152450285073 -4.009256231075466 -3.9856608406661183 -3.922174833560975 -3.8218471320913845 -3.6872985149151454 -3.5208081269156466 -3.3244581995057545 -3.100278615870391 -2.8506993566236485 -2.5820991046942754 -2.30705198930587 -2.0320331796100004 -1.7624999137370327 -1.5200273353032108
-3.1841932206003216 -3.134312424293202 -3.0931849294683484 -3.0583906355099395 -3.029758295193214 -3.0085053120336096 -2.9963879234430255 -2.995154862023896 -3.0060661473271377 -3.0295299808124945 -3.0681970872081616 -3.1211969827323562 -3.179798199085372 -3.242218873653118 -3.3070634304836055 -3.373133020610746 -3.4394596605329086 -3.505266369359137 -3.569883652694563 -3.6329133984583044 -3.6953377190648333 -3.756517785657628 -3.815114348933383 -3.869278301464982 -3.916612425403353 -3.954273981370828 -3.9811614574837826 -4.00243804228564 -4.017683596520777 -4.021956164706699 -3.988159221019596 -3.913844965514926 -3.801558752810294 -3.653706254143432 -3.4724652939132192 -3.2598451407915046 -3.0177726961147613 -2.748778966989894 -2.464918513306051 -2.1739151702898867 -1.879699378550252 -1.5869458565771177 -1.328791566146816
-3.253015298340263 -3.208345367249774 -3.170929317676448 -3.140230664936606 -3.1162296773359532 -3.099621937872637 -3.0914830694302813 -3.092885479255444 -3.1045598139574304 -3.1266392527183973 -3.1597709510906005 -3.207584652065351 -3.266505435345749 -3.3287259969651237 -3.3926677978035693 -3.457278922717666 -3.52161150023178 -3.5848119432145196 -3.646069459415912 -3.704967990512305 -3.7622766448379705 -3.817092887078564 -3.8680359578846146 -3.913362733939161 -3.950977654787952 -3.978543848757846 -3.9989399120947446 -4.015049922572382 -4.025910767258843 -4.023489035810059 -3.980796785309645 -3.897384378201559 -3.775233091543056 -3.6165077494340796 -3.423244489257203 -3.1973429855540694 -2.941347723154175 -2.6640647089306855 -2.3708391688769916 -2.0677415396784835 -1.7583799518752272 -1.4464124381397485 -1.177601074422998
-3.3213509333457236 -3.2825102583482906 -3.2496602877604364 -3.2230814873173177 -3.2030527844101195 -3.1900927030447646 -3.1848816386078114 -3.188057427371035 -3.200000333427205 -3.2206665079231733 -3.2495961732818404 -3.2898497208224775 -3.3418304797333276 -3.4027540527223206 -3.4657673867172836 -3.528663852347586 -3.5905411084712453 -3.650523840735541 -3.7077331906028954 -3.761945661022659 -3.8136656817635632 -3.8618232578113694 -3.9050638948981433 -3.941775038128066 -3.9701130015057977 -3.98942519290388 -4.004842490703757 -4.016223276680003 -4.022760571731979 -4.014252073991792 -3.9644530923419876 -3.873777987293975 -3.744002430267033 -3.5769557553332376 -3.3745473315733636 -3.1402476133208976 -2.881648183641477 -2.6021892665155306 -2.3049071400651973 -1.9947325474861546 -1.6760305988537136 -1.3515634496706501 -1.0755743603451031
-3.387646177740174 -3.35469965819392 -3.326716540117745 -3.3042972894199005 -3.287902620144898 -3.2779992961134665 -3.2750583223072285 -3.2794583233152066 -3.2913611202980464 -3.3106076790496477 -3.3366637580465377 -3.3699560282099705 -3.4134583131641105 -3.465528801946647 -3.5240182686166315 -3.584995928391667 -3.644119616632156 -3.7004784039197185 -3.7531824351682226 -3.8024485790290514 -3.848317945817595 -3.889685963403594 -3.925260493817412 -3.9535597559070927 -3.9730067456143545 -3.9871325072268657 -3.9981225670171643 -4.00512754649926 -4.007457573929287 -3.994147416148699 -3.939275468708881 -3.8433937416518527 -3.7083348803408502 -3.5357547694641642 -3.331283950260026 -3.099478789939168 -2.8434030211218717 -2.5660479659280044 -2.2703355852452582 -1.9594670274908235 -1.6386076938481553 -1.3106748581620091 -1.0329402842539848
-3.450476966139819 -3.423291059017851 -3.400188628291667 -3.381876601636143 -3.368893515380441 -3.361683531291631 -3.360606559981752 -3.365893440194451 -3.3775770702643086 -3.39542971971047 -3.4189276668692163 -3.4472688513789893 -3.482564503365269 -3.5255346225116684 -3.5741928773006397 -3.626495827132979 -3.6804006845762283 -3.732841273770937 -3.780855876166453 -3.8250399533672237 -3.864935447555959 -3.899484980317514 -3.927475561857814 -3.9475464853378703 -3.960695595175859 -3.9710489531761604 -3.978034554341057 -3.9809579721513946 -3.9792196438779985 -3.962652663105215 -3.9048617407263944 -3.8061169594535946 -3.670725604925453 -3.5022600544566016 -3.3036244810579305 -3.077879040807453 -2.8280603189487046 -2.55717670112883 -2.268215668004804 -1.9641636045797761 -1.6489211942576283 -1.327464950507553 -1.0544173518140827
-3.50853282346101 -3.4868958618788257 -3.468552964274365 -3.454225417946766 -3.4444688796902385 -3.439706639942652 -3.4402359356301244 -3.4462055554819915 -3.457577514983022 -3.4740893713567695 -3.495230788354932 -3.520242572042584 -3.548561315727576 -3.5827178868024885 -3.6218184605955654 -3.6639426149347125 -3.707188838293812 -3.749701205740788 -3.790154653958034 -3.8282616956851614 -3.862135396212301 -3.889902001440434 -3.910418064286786 -3.9235500842001327 -3.9335568065576214 -3.9405181913181457 -3.943836745503596 -3.942930309355548 -3.937303502100602 -3.9199333745795655 -3.86456091690079 -3.7712846916367853 -3.643000674032654 -3.482487873120471 -3.2924238595361768 -3.0758623173088777 -2.8358955709695106 -2.5756581971019976 -2.298356728480246 -2.007329541011361 -1.706158386201456 -1.4001384125282281 -1.1369138997022454
