_RESULTS/CROSS_VALIDATION_POSTPROCESSED/Berg/GZ/6comp/3/Berg_GZ_z_180_kriged_reverse_6comp_spherical_3.asc
ncols 100
nrows 90
xllcorner  5.6208707817415728
yllcorner 50.959635321741573
cellsize 0.00013419651685393446
nodata_value 1.7014100000000001E+038
[rows 38 to 56 of 90, columns 0 to 43 of 100]
51.01604156286581 50.49837876061092 49.96701904210493 49.43583037913207 48.92304735218541 48.45268079989965 48.0551348435486 47.76517019901282 47.61522832271736 47.62496277708685 47.78388512506347 48.023969497142474 48.31276610294064 48.62421104486241 48.93613659158394 49.23184064247911 49.49967385875624 49.73204901917141 49.924542908313306 50.075282093325605 50.184598952924645 50.254871492972455 50.29041997288826 50.29728113021123 50.28208502194903 50.244542236688716 50.189388512006 50.151013636688944 50.18035948469621 50.27609129618278 50.42809212529057 50.6232953561837 50.84799097702523 51.098509011301296 51.37148348555646 51.652646633052946 51.93039714937706 52.19580692133216 52.441501501603994 52.66070709371719 52.85079173461627 53.00940318802579 53.133540104328034 53.219173200092705
51.14691185543629 50.652375606494346 50.14627566779313 49.64228952866874 49.15809880703693 48.71663339663446 48.34654673573515 48.080112528964555 47.946654712980035 47.96269216878951 48.097597884812 48.29548652468477 48.534113659892995 48.79065255145865 49.04541191196619 49.283081977369704 49.492513196329526 49.66605061830695 49.79892252181322 49.888854263724255 49.935932251821946 49.94268138481016 49.914265227144654 49.85861659136553 49.7835627926461 49.69308073994485 49.59716595244593 49.54663362633428 49.58565128997779 49.70653620658831 49.89413807928047 50.13006940611916 50.39629791802638 50.67719354724156 50.96086799252518 51.24734142480036 51.52966422888557 51.79697535991406 52.04365495518783 52.267590991274346 52.4674777730047 52.64169279147145 52.787264670557555 52.89950446073595
51.296075451723965 50.82511674057307 50.34292000577266 49.86217036066521 49.39911143055824 48.97505600655285 48.61771868301844 48.36032008412119 48.23480321966972 48.257089844461774 48.37522679583374 48.54894399467684 48.754451741760455 48.96974820927393 49.17710653691354 49.3630217427275 49.517491572734144 49.63334289212051 49.70578739012617 49.7322382134981 49.71239488819785 49.64860694209621 49.54650646739683 49.41578942836713 49.26515928010526 49.107073519704194 48.96527375701584 48.90560072503488 48.95970344766594 49.11552866536149 49.3494722243784 49.6352696566298 49.94944642090664 50.273329786875195 50.59306617650009 50.8985357279399 51.180651047255445 51.441976039223334 51.6847465168922 51.90867071083045 52.11447579376723 52.30201355614512 52.46832649240694 52.607275530717935
51.45937781214885 51.01252574124513 50.55331352915535 50.0927660546458 49.64477420243594 49.228003749602316 48.868962079499205 48.604743259006234 48.47782587560291 48.505393442226556 48.62323668314511 48.790971524522824 48.97872802870707 49.16456720254368 49.3331601121088 49.47341441779344 49.57698803550274 49.637543924103284 49.650443779854335 49.61273502703571 49.52341255798107 49.384023739105956 49.1997482287358 48.980778030249304 48.73697086845875 48.491648489526305 48.30059172644698 48.23063885401022 48.308891337985315 48.51483622485653 48.80983703092694 49.1562523474197 49.52462273564472 49.89396821117077 50.24929273355434 50.57797836206761 50.87657128963864 51.14524878969354 51.38677622966399 51.60652427050343 51.8114722259589 52.00722684859574 52.19206411486563 52.35688573401514
51.6333292425442 51.211793493399206 50.77598725542223 50.334878662453555 49.89918219961781 49.48314435863057 49.109055450112834 48.81718288650062 48.67386711333832 48.713574415688626 48.854851660461605 49.03506949433133 49.2170058251352 49.38154546524675 49.51753827317501 49.61708441964019 49.67382523315476 49.68239571091569 49.638322560228026 49.538147329819026 49.37976521758188 49.16310232589585 48.89141155021344 48.57267281502856 48.21679968888233 47.86300886892265 47.609162172641156 47.5247493893095 47.64411276961818 47.924648440932884 48.29985170181306 48.717626750177864 49.14435473930491 49.5586995510954 49.943899179326664 50.293768083696875 50.60639497055159 50.882213394220365 51.12453299286097 51.340802525153464 51.54348802384823 51.74589472092512 51.949575863172214 52.13971434800152
51.81465017524389 51.42062135985294 51.0104799178252 50.591275562661274 50.17047519738902 49.75665819865784 49.36239066998866 49.01708314931889 48.82111021609487 48.900030088285895 49.099157179948946 49.30353234806182 49.48305475291715 49.6284349487859 49.73444815204166 49.796540290220996 49.81017336247383 49.77080644259213 49.674033250535146 49.515779231810214 49.29258957631589 49.00213528290825 48.64423808803024 48.22130252583955 47.73800753942143 47.261158405590116 46.901541274296314 46.79204225193551 46.98909377209883 47.38305481173744 47.85834652583209 48.353002861567795 48.83637805633994 49.28822568849605 49.699545333452186 50.067342678598855 50.39026371250694 50.66849223390217 50.90450288266306 51.10542364094764 51.288706549370865 51.48582463246758 51.71013596311481 51.92845347022185
51.999689257681695 51.63623451690245 51.255683688484346 50.863966310632755 50.46666739003537 50.06877584194419 49.67444297847706 49.287074990252314 48.92609223748765 49.152784526061396 49.41128812159851 49.62159807305927 49.78680664922397 49.90767384824331 49.98290955964556 50.00975459829476 49.984461871227985 49.90267271746852 49.75971048913562 49.55081660681658 49.27135917619976 48.91704536520404 48.48400171793265 47.96730117385552 47.37568397116885 46.75955496807495 46.21025166512288 46.04287558912773 46.410476724591085 46.963310900907054 47.541847643419594 48.10312870324168 48.62851839824322 49.107141572990166 49.53677335693639 49.9160986779746 50.2443152387087 50.52119329204374 50.747407629706274 50.925765123580035 51.06755325634178 51.23053423185784 51.489448370328226 51.73968001115428
52.1838978704487 51.85447225952521 51.508199435729715 51.151000305162455 50.78878024652551 50.4277858166837 50.07640001274672 49.754254800420625 49.55311616780946 49.63761900795037 49.82282408504878 49.99125543477639 50.12247037574402 50.21129947320604 50.25449472162731 50.24853193545288 50.18927345853547 50.072034834465626 49.891739434783524 49.64307269243642 49.32060196534586 48.918838216518274 48.43220853136453 47.8620753068823 47.225056559425624 46.52124434134846 45.74751407738096 45.40982611601825 46.10941801498326 46.7803019263465 47.41369777095796 48.00503158585548 48.54540706700921 49.033183609928074 49.46793756084565 49.849083426794245 50.17614946073971 50.44895040772877 50.667654328793276 50.83278291281753 50.945374049839174 51.030190400012366 51.342287053061916 51.59830277074794
52.36154309368918 52.0693211785245 51.76152210242787 51.44483682094339 51.12683102870863 50.817022990868374 50.52854403331652 50.29279523429045 50.17231622270949 50.19435314883056 50.28752887044353 50.39264258207059 50.478129213940704 50.53005972957999 50.5408734873495 50.50492802855011 50.41697517621159 50.271694706646464 50.06362485888067 49.78725025009955 49.43715696552823 49.00823376635913 48.503968134796615 47.94778152922817 47.33957276934007 46.69756613652372 46.1004654307279 45.912573453005805 46.33008384286413 46.913129283954206 47.50770069615092 48.07441827698312 48.596999712110524 49.07123504389895 49.494616849441286 49.86558877611058 50.18344934464767 50.44845890981195 50.66221908329326 50.829083066764014 50.96232220766108 51.106728605707495 51.307771625527174 51.51205520123315
52.525743142226375 52.27306704803011 52.00649598513989 51.73360764087691 51.46191044659915 51.200666578650356 50.967546987463116 50.78948466716802 50.70064419215735 50.7007542409617 50.73983282152268 50.791415692836935 50.83261012248721 50.84838802265127 50.82893231160448 50.76691627536003 50.656019923988914 50.49030150264303 50.2640437046066 49.97187132412607 49.60906662738134 49.18199846373956 48.71188793571082 48.20787739141375 47.68081284173643 47.173204760453885 46.78179376959114 46.66312614835015 46.88228225891992 47.30295495063212 47.79803855998508 48.29768788443742 48.773599992178724 49.2130375089851 49.609002671334515 49.957662002089236 50.25740491705629 50.50862764289582 50.71415104976189 50.88075126447453 51.02248548715459 51.16178398250382 51.31178839532306 51.44586366011287
52.66876045710494 52.45690100676791 52.23259742453812 52.00125638163282 51.77027250915971 51.55182120722359 51.36167814812826 51.21948750205411 51.1452139999833 51.13534291134192 51.14406725629029 51.15786471599222 51.16308565002347 51.14779357195116 51.102495367760184 51.01938974353316 50.89160909313556 50.71282764662472 50.47722394055516 50.18016425486292 49.83303901238022 49.44628400540789 49.0284762419743 48.59404422218553 48.160398136427915 47.770532470009755 47.4922244452356 47.401261433922585 47.532568698698455 47.831903963638 48.22163489921199 48.63869647823184 49.051498118205586 49.44155940806613 49.797898764126344 50.11426228576767 50.38774518914545 50.61821733519669 50.80835310943933 50.96418068897612 51.09548748300925 51.213578072513975 51.3242897776367 51.37544149769072
52.782428852684745 52.61161204883802 52.42605368061879 52.23146125519379 52.03724647931436 51.85445169264388 51.696063101184194 51.57633823442852 51.508260901551 51.491689625854185 51.48289037423237 51.47121843882388 51.4495610828232 51.40983015796991 51.34423982731276 51.24552707006443 51.106848363495 50.92175634549039 50.690709545342074 50.42063702613946 50.11391489611299 49.776103550584274 49.41738109635651 49.054339101300094 48.70490681622092 48.4018257042137 48.18883219835704 48.11371721445526 48.19925204513768 48.418604779655325 48.71962913080796 49.057024790977984 49.402599068893004 49.736732387291774 50.046535542146806 50.32410452882809 50.56529694669734 50.7689916841771 50.936722522371625 51.07246390885345 51.1820171361712 51.27117792917333 51.341014174655456 51.30145846094194
52.885147821594344 52.733497241877615 52.5753873368077 52.41418755282902 52.25209276611943 52.09810477039657 51.96273329175304 51.856719714455345 51.78945698726767 51.76489595749444 51.745572192251274 51.716611610528126 51.67543505312723 51.617445133189534 51.53701827959385 51.42818836296208 51.29024521033255 51.12220891287733 50.9223341348383 50.69051141490788 50.42905507155324 50.1436389549647 49.8443649634407 49.54685550917053 49.26796921446111 49.02847566282375 48.8580037374806 48.795773553612136 48.85455502636187 49.01945848265482 49.25115945662463 49.51934779493906 49.8013882210334 50.0794512638876 50.340674351735885 50.576505950165206 50.781902562412526 50.954629601408364 51.09470047593596 51.203831625970864 51.28466857778156 51.33963035599535 51.35730438172887 51.23048213292268
52.99274098062081 52.852739665899115 52.70685473620641 52.559101608396944 52.41425377923097 52.27801180044387 52.156922044317 52.057903163074904 51.98727289533177 51.94995302552689 51.923717328969246 51.88265549731741 51.82866009796201 51.76167558566331 51.680300128253585 51.58220573612525 51.46454178632796 51.32445002172072 51.15974249089692 50.96971375122015 50.756015804807845 50.52351333540642 50.281017603815044 50.04171188698858 49.82083582295763 49.63002474043675 49.492983929756264 49.4427391686605 49.48576883826398 49.61212161297279 49.790781767003395 50.00159182559176 50.22736696044869 50.45315660494564 50.66726486980462 50.8612775868837 51.02965431634126 51.16917766590872 51.27838016420512 51.3569429064654 51.40501419974044 51.42249947217261 51.3812240307726 51.171224996168085
53.09961465361327 52.97073723355892 52.8357522512933 52.698041445204716 52.56153642920091 52.43083630347439 52.31115929172214 52.20807227432359 52.12700274559736 52.0726419135594 52.03947093013287 51.99420537259943 51.93736064300381 51.87163482612047 51.7978050246599 51.71489823028882 51.620551012045304 51.51164589279744 51.38520591363951 51.239425084071954 51.07466867455196 50.89429003265805 50.70513119108555 50.51755510858654 50.34454642511722 50.193331142717376 50.08777667936256 50.050133007037914 50.08479089042525 50.18392596845944 50.32257893206828 50.486932828542805 50.66470090929418 50.843908392996404 51.01446662073962 51.16855963078486 51.30050255377093 51.40635662761823 51.483439629568004 51.52978764332629 51.54359666215929 51.522728395573324 51.42263104735751 51.136433001339846
53.2029386757634 53.084370294082575 52.958786491450105 52.828871318895565 52.69771020515734 52.568911753747685 52.44663382075818 52.335493849332856 52.2403671384939 52.166106352734566 52.11659213288078 52.06672119334903 52.006947416522124 51.94282280623332 51.87750427390058 51.81151854329015 51.742931173657105 51.66805617559428 51.582623859161636 51.483135268051505 51.368086866215336 51.238831924416495 51.09995439709021 50.9590910982626 50.82615068674949 50.71209537895809 50.63748371490986 50.61385338891756 50.64568322563733 50.72640351193797 50.83544646488114 50.963281524961445 51.10102519660138 51.239923374518035 51.37152227022632 51.488810871514744 51.58622679317072 51.65941068028044 51.70482920769912 51.719337190612116 51.699724783795595 51.64231030687147 51.49057104680872 51.14228330091358
53.30018004145393 53.19100409720373 53.07335822318364 52.94920041463329 52.82078136167847 52.690793417959995 52.56247861076794 52.439693962760934 52.32693551369846 52.229315053796284 52.152455353504465 52.09304139626515 52.028128416399234 51.96398787930513 51.90664451341325 51.85841975840015 51.81771094888211 51.77976243638671 51.738279130071305 51.687332871735535 51.6229767051034 51.544231983234454 51.45338278330362 51.35564967097578 51.25849965454944 51.18268033184985 51.13824468248258 51.13037858836154 51.16380271617956 51.233272402401795 51.321205173388954 51.42123395714558 51.526342527950696 51.63106568698831 51.72862128189794 51.812857205938265 51.878520286917066 51.92111502184743 51.93663690169039 51.921244224735 51.870911621077035 51.781103761172574 51.590670246285384 51.20752153642959
53.38911055274238 53.28846163575395 53.177478746542626 53.05738316703194 52.92959763793523 52.79592581462704 52.65873326206497 52.52114307467605 52.38725547845273 52.2623777408607 52.15319412394479 52.06760555578571 51.993109791981325 51.92515369705932 51.87361659169992 51.843248555622964 51.83266968844441 51.83522718198268 51.841464545631275 51.84203472825892 51.82994225447174 51.801678396961556 51.75737199245797 51.70025761907515 51.64183817778798 51.60216614960751 51.58725130531151 51.596901682012366 51.63549067970775 51.69955483709197 51.77338539583084 51.852709950032825 51.932235698736605 52.00843253581541 52.076765311443886 52.13191680912672 52.16906392050058 52.18381183026186 52.172025904797295 52.12961561169435 52.05231339402134 51.935491890613726 51.72182274880538 51.339026122714124
53.46779126551935 53.374970710040124 53.269680063064584 53.15240555962908 53.023742809094834 52.88459738331592 52.736418220643365 52.581492832784235 52.42333503248907 52.26717755285999 52.12051721107003 51.99351088688405 51.896029325951645 51.817795667286546 51.76794728090537 51.754995900614965 51.77766097619142 51.8258903106427 51.885166750463696 51.94133546628931 51.983747215039166 52.00637118018948 52.00754825926753 51.99188435752371 51.9772630823937 51.97201222418536 51.9827552062359 52.01137664948155 52.057919371476466 52.121156403748415 52.186601397663104 52.251161835351425 52.31130334187145 52.36404278220592 52.407637040792125 52.437591181554545 52.449579058213835 52.43947929460858 52.403290992761896 52.33702408573482 52.236611512125776 52.097905086298944 51.87599248909489 51.53237076235369
