_RESULTS/CROSS_VALIDATION_POSTPROCESSED/Berg/IZ/9comp/1/Berg_IZ_z_63_kriged_reverse_9comp_spherical_1.asc
ncols 100
nrows 90
xllcorner  5.6208707817415728
yllcorner 50.959635321741573
cellsize 0.00013419651685393446
nodata_value 1.7014100000000001E+038
[rows 38 to 56 of 90, columns 0 to 40 of 100]
0.14717689205116521 0.19163176733975615 0.2533002385539719 0.33685920856765217 0.4453202319494389 0.5774161180099747 0.7239801307867414 0.8657743679581519 0.976290777642636 1.0309677514943192 1.0182238919252118 0.9441905861288118 0.8280798256453675 0.692973009408156 0.5583585008047471 0.43693138890909783 0.3347729383077943 0.2530971945100972 0.19023021611796365 0.14319247356525544 0.10873285384368499 0.08388997858982493 0.0662249426663172 0.05385870203314586 0.04542502550097128 0.03998928143925639 0.036940151264469756 0.03534876136880291 0.03433618437305976 0.03389103645182809 0.03387078673972397 0.0338673383096186 0.03386626504906289 0.03393477208594819 0.03413331480624498 0.03442710425383171 0.03478186479699821 0.035164070442422396 0.035541443519147876 0.03588389901654463 0.036164813749039855
0.14156547151422955 0.1826430528165165 0.23642009782343 0.3076328698194041 0.39794828886003775 0.5050933107014179 0.6203912984874868 0.7277214387269044 0.8065838213171524 0.8396123529075254 0.8202902390871328 0.7552189615882731 0.6598949958876703 0.551902932256789 0.44570428069452206 0.3505194401212023 0.27060992580190474 0.20665394490725605 0.1572457448500824 0.12006760343959133 0.09264015469988937 0.07272065960032748 0.05846290692728742 0.04845195286558042 0.04166197695672193 0.037401167063249245 0.035268121793839605 0.034334306217213464 0.03387767661473955 0.033835686859565964 0.03382766073765453 0.03382271943886136 0.033821186592543004 0.03382316285506633 0.03383281908854084 0.03391870819527857 0.03408024219219706 0.03428684204328404 0.034509993988477254 0.03472382427838066 0.03490591711565075
0.1346681668843307 0.17261657746453285 0.22126589902546878 0.28238334384765135 0.35861038895352293 0.44774483769330736 0.5419953053348019 0.6271691218718414 0.6855271894841364 0.7032007002562322 0.6772635879859104 0.6161007682881281 0.5339054555052276 0.44475383634653154 0.3592457626334448 0.2836676048896305 0.22063427220505846 0.17025478930312743 0.13124409432694076 0.10174706774097951 0.07984853423024164 0.06383893611440597 0.052328324434861205 0.04425361742878588 0.03885148752826669 0.03562422248091515 0.03424073537282523 0.03383790753539285 0.03379706251985716 0.03378262728618998 0.0337717448094171 0.033765066339132496 0.033762997540397494 0.03376566504380819 0.03377290565865335 0.03378428024360824 0.03379920386965597 0.03384663826499252 0.03393252018568025 0.034033669760202494 0.034130417195890175
0.12682343376569502 0.16141214629848774 0.20570414686731345 0.2607149091279747 0.32643014281933014 0.4027638095676795 0.4835498478455695 0.5556723386324772 0.6013376797543243 0.6071890933580545 0.5737796180295175 0.5129956051421177 0.43904722770980426 0.3632957119483449 0.2930941955666967 0.23226166042460977 0.18203257418943175 0.14202144249732918 0.11100404050631739 0.08745605017025235 0.06987656920009795 0.05696331786843342 0.04766567542231057 0.04118819091314479 0.03697258541389274 0.03467939869475439 0.03384567262889573 0.033758480624021654 0.033735938336165436 0.033717023447757365 0.03370279253211062 0.03369406808751347 0.03369136661285814 0.0336948499777846 0.03370430963497728 0.03371918691205696 0.033738625234175895 0.03376154411539458 0.03378672186995991 0.0338128745311074 0.03383875236488099
0.11833474530159259 0.1493775383131055 0.18913548929422633 0.23878970106589234 0.29859312140151845 0.36678317223854473 0.43951430515200285 0.5062114911413814 0.545854191555591 0.5408537863213606 0.4975754138845665 0.4346618327893238 0.36629699456034026 0.30074666835868724 0.24232970262673356 0.19282376044844107 0.15240713019010668 0.1203441077150616 0.09547291898609683 0.07652347547000671 0.06231949354115352 0.051861699420442275 0.04435629982290997 0.03921428375161865 0.03604106651114011 0.034532704920114246 0.033829445049541676 0.03369172627226285 0.033662906019989565 0.033638733333106526 0.033620542122635 0.03360938504309799 0.03360592934996651 0.03361038513599086 0.0336224818110928 0.033641498313061784 0.03366634002635116 0.03369564559238756 0.03372790297667681 0.033761556407293426 0.03379509171584116
0.10949326382625847 0.1368412541994233 0.17183168998903253 0.21572307021971845 0.26932504075328845 0.332367824435841 0.4022757691960975 0.47083175468876465 0.513684467285464 0.4943396229140101 0.43713523543202737 0.37179337620055325 0.3087103628411698 0.25196079804746757 0.2031695728835653 0.16262963005606634 0.1298509721199514 0.10392951949148069 0.08379953405843588 0.06841930219320533 0.05686441292923429 0.04836860860310573 0.04233667188942961 0.0383407389134852 0.035969158518395696 0.03456777034103174 0.03379534737630041 0.033614232064046644 0.03357808064426494 0.03354769873593649 0.03352478791286614 0.03351071324803675 0.033506350080378305 0.03351197562484008 0.033527232983271336 0.0335511773299774 0.03358239178417673 0.03361914390950038 0.033659549204178976 0.03370171440759223 0.03374384514573963
0.10059867178725225 0.12417377081978909 0.15419380340991057 0.19179535202357104 0.23792994550050034 0.29308168781254607 0.356888121389349 0.42764726629912536 0.4985371837764505 0.4473447009802625 0.3799215083391559 0.31743633722152337 0.26172456083387635 0.21357389780790928 0.17306978254597405 0.13979420008241014 0.11301476946976434 0.09184346509301491 0.07537170466618555 0.06276513773045066 0.05330477617386685 0.04636881629977652 0.041405140566426406 0.038087312782584336 0.03597432331870961 0.03453687737595475 0.033731811679438825 0.03352651986901046 0.03348178197586459 0.033444027227697175 0.033415448214041014 0.03339784096464926 0.03339237448664784 0.03339942182235784 0.03341850295296863 0.03344835798273713 0.03348712710107891 0.033532584608505334 0.033582370487768236 0.03363417966780678 0.03368589207953559
0.09196339311784887 0.1118073202099006 0.136821127017305 0.16782748946640333 0.2054582442584771 0.24985330876306167 0.3000254893390303 0.3517704500480654 0.3860574427853486 0.3650590025151947 0.3174096045924523 0.2680960611493771 0.22291711368120776 0.18355506521826478 0.15035291406022616 0.1230211747994028 0.10095423905330166 0.0834135617623187 0.06966667109255217 0.05904656452870497 0.05098405079470265 0.045020589100112536 0.04080989500766901 0.037959595644587195 0.03586710323964194 0.03443691100953229 0.03363621229217057 0.033429454119803546 0.03337464031592897 0.03332808170201862 0.03329263304505559 0.0332706977870046 0.0332638720104176 0.03327267034369615 0.03329643105407746 0.03333343749487921 0.033381208656368545 0.033436857855833786 0.03349742196475114 0.03356010498564689 0.033622424163313
0.08389580633833899 0.1001992983270321 0.12043445738503741 0.14503913365339577 0.1741467225117943 0.20719806065936874 0.24218479983239455 0.27356373017407537 0.2899408303819078 0.28141971236937824 0.2544400096085966 0.22094935309966826 0.18764788647245811 0.15737076111512105 0.1311401574389551 0.10912044808161167 0.09105138671786399 0.07649109482469629 0.0649524268553135 0.05596673742212534 0.04912289000287048 0.044086458485826686 0.04047274283152637 0.03770056682805412 0.03565387376196291 0.034272403008089834 0.033512407475132025 0.03332437526820633 0.033257727373904956 0.033200590119963895 0.03315671975939101 0.03312939854081807 0.03312086789335162 0.03313186118248093 0.03316143637274654 0.033207189666872604 0.03326574744408661 0.03333333100561445 0.033406222510617936 0.033481062223690905 0.03355498976935555
0.07667179329660512 0.08976115927026228 0.10569913037035872 0.12459864457312388 0.14626003282813305 0.16983975131945847 0.19316551833640097 0.212172212864574 0.22135469248450454 0.21720997458789695 0.20172244486778967 0.18008021204381872 0.1567420836500642 0.13437099544194478 0.11427526106560948 0.0969498154079508 0.08242971723336327 0.07053573308998297 0.06099379928377208 0.0535083909394099 0.0478069624669756 0.0434806573541865 0.04003330959405338 0.037359023241364704 0.035384795453948716 0.03406273842190933 0.033370725671462306 0.03321326826272367 0.033132734416763676 0.03306279994749767 0.03300845381891366 0.032974287505142384 0.03296356514403217 0.03297737791994394 0.03301432627225229 0.03307092428653677 0.03314248138330272 0.03322401400451382 0.03331088771331057 0.03339913798523808 0.03348555675997645
0.07051162227659472 0.08079779062873632 0.09307358662995237 0.10730575798737517 0.12315043714045866 0.13967907805593127 0.1551826143784233 0.16712928476956498 0.1727769161191091 0.1705959383803591 0.16132923002251343 0.14737415688708094 0.13133579924919705 0.11517813859669705 0.1001029562108142 0.08671628292587821 0.07523443037765558 0.06566422468139885 0.05789607683834097 0.05176428080381758 0.04680060716806706 0.042739374191016165 0.039484273910574665 0.036955818514279225 0.03509402603233473 0.03386058981087274 0.03324144636081242 0.03309898158567154 0.03300223371801694 0.032916724967216315 0.03284911265310623 0.032805996067907114 0.0327923571641968 0.03280991721908517 0.032856473642351613 0.03292673980477421 0.03301403389444171 0.033111770666989004 0.033214274477319936 0.0333170169557859 0.033416550355612536
0.06557401715594201 0.07348988942629933 0.08282461206126528 0.09344643107927127 0.10493572243799278 0.11651275317362238 0.1269716652355151 0.13478155478619203 0.13848477239386697 0.13731100237604155 0.13156963405132577 0.12245133214327569 0.11145226073684292 0.09989369566988182 0.0887251812792682 0.07851629061272063 0.06956131129367012 0.061976683164493805 0.05560469625392471 0.05017674951289885 0.045624993381805014 0.041876058279907105 0.038860096938345565 0.03651736361804924 0.03480266549156407 0.03368892091085482 0.03317082968881507 0.03300194932648747 0.03287007560257465 0.03276557791458328 0.03268082150551401 0.03262554751230226 0.0326078322051491 0.03263061906529236 0.03269015587785219 0.03277795917283604 0.032884298495784586 0.033000579124000784 0.03312011788713216 0.03323802828571274 0.03335084508540688
0.06116592439778352 0.06769309983539615 0.07496800300662504 0.08285355684722913 0.09117349399915435 0.09934600121560926 0.10654905551752218 0.11184336349957537 0.1144015335855172 0.11379252265486055 0.1101502389684616 0.10410274577847854 0.09652402643034627 0.08827832917078629 0.08006587394525294 0.07235609849971518 0.0652759239515017 0.05890036596843508 0.05328848621773969 0.04844514009090044 0.04434410018052812 0.04094440938259486 0.03820168551374019 0.036075965995068085 0.034537416151409914 0.033571004736153584 0.033163948570356046 0.032942914067101946 0.03275610195180789 0.03261456623735564 0.032507246337279534 0.03243460891303609 0.032410771456841014 0.03244137929312407 0.03251928430159583 0.03262991112228358 0.032758987732318716 0.03289580476530807 0.03303310477154706 0.033166108513541466 0.03329167995763169
0.056802861435046786 0.06225745975179546 0.0682415566622309 0.07457351723041582 0.0809608655252651 0.086988730945207 0.09214060917576317 0.09586958396715513 0.097722483833356 0.09745593127420624 0.09512526944832957 0.0910643413945858 0.08575361253938665 0.07971232509503666 0.0733986390431731 0.06715313175004525 0.061228524899461935 0.05578770843203796 0.05092094954717882 0.04666706770846976 0.043031546737570946 0.04000087597290038 0.03755347019540216 0.03566791275239837 0.034329372526163825 0.033535058465561166 0.03319653571363676 0.03292279265296636 0.032680457570433794 0.03248039758884894 0.032335271358035836 0.03223625062600284 0.03220214441778156 0.03224577144337575 0.032351111077449445 0.03249128464161651 0.03264628147880203 0.03280434225993166 0.03295876780693756 0.033105610982848234 0.03324246169220728
0.052679305739918185 0.05718786883525626 0.06207079177024534 0.06716401864368449 0.07222753443121749 0.07694569978877934 0.08094937994463294 0.08386591718012201 0.08539124555489445 0.08536186335900596 0.08379576495070452 0.08088285588823588 0.07693147437986878 0.07229757795096224 0.06731841144709913 0.06226550241595693 0.05736516543408185 0.052779915574002016 0.04861506183327411 0.04493121932438411 0.04175710762138458 0.0391010903601627 0.03696092398555526 0.03533177422342864 0.034212894649349866 0.033613155877753695 0.03326810185289474 0.03294430873085431 0.03264876345549714 0.0323898967621674 0.03218102731986053 0.0320379010064336 0.03198311601869594 0.032052467018648535 0.032200291984139345 0.032376013784512124 0.0325571263850501 0.03273428702314278 0.03290302436907463 0.03306088973494557 0.03320643487350722
0.048899811193964166 0.05259392996830494 0.05655682030090842 0.06064772148808682 0.06467507206067072 0.06840104671747785 0.07155992895090849 0.07389175312623024 0.07518618064749658 0.07532424459999404 0.074302790023265 0.07223210624414593 0.06930885541134059 0.06577610170284941 0.061877971220929334 0.05782442266318473 0.05380960665524662 0.04998576998183475 0.046462735608816995 0.04331377013568002 0.0405836834936611 0.03829751702016221 0.03646883223559828 0.035107177257651334 0.034224754397669144 0.03376821407297971 0.03337893929944075 0.0330107578936537 0.03266910320717286 0.03235919008667125 0.03208730452067299 0.031867142073970144 0.03175523700390439 0.03189140190118949 0.03209631688145158 0.032303787324000556 0.032503955936471485 0.032693647890868344 0.03287122288903506 0.033035646980070256 0.03318624327580859
0.04552699457869646 0.048530479038781084 0.05173375726533357 0.055019445293553244 0.05823673117268407 0.061206636092193074 0.06373583723534723 0.0656389280306188 0.066765545837997 0.06702548175579061 0.06640399420760561 0.06496244042783199 0.0628248061896727 0.060155535643375155 0.05712915120633609 0.053903996134182466 0.050642738651816954 0.04748363840178035 0.04453528895176452 0.04187761542344192 0.03956617963289921 0.037638398909468226 0.036120469556470844 0.03503423738945021 0.034400154880124566 0.03395522691913401 0.033527647119591115 0.03312337783134956 0.03274749653770093 0.032404472719827195 0.032098694819910095 0.03183707241964354 0.031683266146021107 0.03186147786815563 0.03208031470654315 0.0322933382959571 0.0324964631229512 0.032687996641740116 0.03286683396775521 0.03303217947326053 0.03318347804959374
0.04259324646491606 0.045015652133435224 0.04759500321053375 0.050234780297240794 0.0528168083664975 0.05520589308046709 0.05725970947911509 0.05884340537185702 0.059846559765749714 0.06019860817931766 0.05987862190608797 0.05891690495733188 0.05738864043943073 0.055402280233361745 0.05308054096037577 0.050539456795289636 0.04791362391592617 0.045327499317483255 0.04288637173247491 0.04067359203821025 0.03875192058650499 0.0371678861753598 0.03595771541195293 0.035153781817558245 0.03464955488997829 0.03416884784547585 0.0337096801971478 0.03327852498269947 0.03288152275818567 0.03252562860696101 0.03222172938547179 0.031995428686538145 0.03191313348397511 0.03199621256168704 0.03216105271048675 0.03234793722880509 0.03253618328576305 0.03271817049517886 0.032890363146297126 0.033050815297267964 0.03319836356639497
0.040111353991753904 0.042045632458484125 0.04411232690201372 0.04623237417158358 0.04831301475193664 0.05025143026121498 0.05194160640505436 0.05328385414324952 0.05419544741749554 0.054620114590738456 0.05453413092411324 0.05394772689169057 0.052902171934907774 0.05146440311679585 0.049717396335745075 0.047742429830267344 0.04565003224459853 0.04355361781065332 0.041555956697707924 0.039742837630722415 0.03818213849339827 0.03692714030192344 0.03602206650998529 0.03544304826778211 0.03491244185221412 0.03440112680915587 0.03391687967995766 0.03346689655780812 0.03305871491109761 0.03270182102528657 0.03241078860175023 0.03221041524814463 0.032135661269995855 0.0321847471353863 0.03230136319984944 0.03245212877887292 0.03261546891509009 0.032779879464623476 0.03293917661560252 0.03308982730931033 0.033229710521599475
