_RESULTS/CROSS_VALIDATION_POSTPROCESSED/Berg/IZ/9comp/1/Berg_IZ_z_710_kriged_reverse_9comp_spherical_1.asc
ncols 100
nrows 90
xllcorner  5.6208707817415728
yllcorner 50.959635321741573
cellsize 0.00013419651685393446
nodata_value 1.7014100000000001E+038
[rows 0 to 17 of 90, columns 0 to 40 of 100]
0.004112200866655876 0.004112200866655876 0.004112200866655876 0.004112200866655876 0.004112200866655876 0.004112200866655876 0.004112200866655876 0.004112200866655876 0.004112200866655876 0.004112200866655876 0.004112200866655876 0.004112200866655876 0.004112200866655876 0.004112200866655876 0.004112200866655876 0.004112200866655876 0.004112200866655876 0.004112200866655876 0.004112200866655876 0.004112200866655876 0.004112200866655876 0.004112200866655876 0.004112200866655876 0.004112200866655876 0.004112200866655876 0.004112200866655876 0.004112200866655876 0.004119770694724074 0.00417147918361827 0.0042707489416672 0.004416962914420987 0.00461595870929942 0.004875262937623688 0.005197988417952687 0.0055878240696616895 0.006048432270224924 0.006582550593854828 0.007190635395922729 0.007868851081310125 0.008606229705372627 0.009381025233986958
0.004112200866655876 0.004112200866655876 0.004112200866655876 0.004112200866655876 0.004112200866655876 0.004112200866655876 0.004112200866655876 0.004112200866655876 0.004112200866655876 0.004112200866655876 0.004112200866655876 0.004112200866655876 0.004112200866655876 0.004112200866655876 0.004112200866655876 0.004112200866655876 0.004112200866655876 0.004112200866655876 0.004112200866655876 0.004112200866655876 0.004112200866655876 0.004112200866655876 0.004112200866655876 0.004112200866655876 0.004112200866655876 0.004112200866655876 0.004112200866655876 0.00412992499664978 0.004197366877648058 0.004314170232751078 0.00448048171527928 0.004702837370513367 0.004990354223333423 0.005347719944249465 0.005780590239973918 0.006295086681558929 0.006896971971975973 0.0075902839312995225 0.008375089828393575 0.00924389036474436 0.010176165996584746
0.004112200866655876 0.004112200866655876 0.004112200866655876 0.004112200866655876 0.004112200866655876 0.004112200866655876 0.004112200866655876 0.004112200866655876 0.004112200866655876 0.004112200866655876 0.004112200866655876 0.004112200866655876 0.004112200866655876 0.004112200866655876 0.004112200866655876 0.004112200866655876 0.004112200866655876 0.004112200866655876 0.004112200866655876 0.004112200866655876 0.004112200866655876 0.004112200866655876 0.004112200866655876 0.004112200866655876 0.004112200866655876 0.004112200866655876 0.004112265804474474 0.0041412694366929174 0.004221860271116522 0.004353505101484081 0.004537047604926314 0.004779057283671068 0.005090576092770641 0.005477859387286812 0.0059485261867178825 0.006511285689942403 0.007175311476358945 0.007949087723792948 0.008838293308030553 0.009841961152100686 0.0109456316626638
0.004112200866655876 0.004112200866655876 0.004112200866655876 0.004112200866655876 0.004112200866655876 0.004112200866655876 0.004112200866655876 0.004112200866655876 0.004112200866655876 0.004112200866655876 0.004112200866655876 0.004112200866655876 0.004112200866655876 0.004112200866655876 0.004112200866655876 0.004112200866655876 0.004112200866655876 0.004112200866655876 0.004112200866655876 0.004112200866655876 0.004112200866655876 0.004112200866655876 0.004112200866655876 0.004112200866655876 0.004112200866655876 0.004112200866655876 0.00411344088064214 0.0041517354324320434 0.004242562863997682 0.0043858790786165044 0.0045831108928271825 0.004840271493220005 0.005170245591947405 0.005580835657184059 0.006081387369197676 0.006682991796323587 0.00739815458459128 0.008240070824196222 0.00922110336332111 0.01034964136232902 0.011623571164612394
0.004112200866655876 0.004112200866655876 0.004112200866655876 0.004112200866655876 0.004112200866655876 0.004112200866655876 0.004112200866655876 0.004112200866655876 0.004112200866655876 0.004112200866655876 0.004112200866655876 0.004112200866655876 0.004112200866655876 0.004112200866655876 0.004112200866655876 0.004112200866655876 0.004112200866655876 0.004112200866655876 0.004112200866655876 0.004112200866655876 0.004112200866655876 0.004112200866655876 0.004112200866655876 0.004112200866655876 0.004112200866655876 0.004112200866655876 0.004115060134807883 0.004159691841221989 0.00425755243096367 0.0044089464366448864 0.004615723251830689 0.004882958596153648 0.005224666780730354 0.005650252764325494 0.0061702913632454715 0.006797639106554839 0.007547402207935518 0.008436713210818169 0.009484077665838605 0.010707766248583819 0.012121956954248853
0.004112200866655876 0.004112200866655876 0.004112200866655876 0.004112200866655876 0.004112200866655876 0.004112200866655876 0.004112200866655876 0.004112200866655876 0.004112200866655876 0.004112200866655876 0.004112200866655876 0.004112200866655876 0.004112200866655876 0.004112200866655876 0.004112200866655876 0.004112200866655876 0.004112200866655876 0.004112200866655876 0.004112200866655876 0.004112200866655876 0.004112200866655876 0.004112200866655876 0.004112200866655876 0.004112200866655876 0.004112200866655876 0.004112200866655876 0.004116134875778823 0.00416400606154682 0.004265477849736038 0.004421037915916055 0.0046327598670406695 0.0049047457605709294 0.005250626088947367 0.005681657655884346 0.006208924417310099 0.006846057501466275 0.007609380998113452 0.008524525964769603 0.00962439761485256 0.010930305693015 0.012463394040085755
0.004112200866655876 0.004112200866655876 0.004112200866655876 0.004112200866655876 0.004112200866655876 0.004112200866655876 0.004112200866655876 0.004112200866655876 0.004112200866655876 0.004112200866655876 0.004112200866655876 0.004112200866655876 0.004112200866655876 0.004112200866655876 0.004112200866655876 0.004112200866655876 0.004112200866655876 0.004112200866655876 0.004112200866655876 0.004112200866655876 0.004112200866655876 0.004112200866655876 0.004112200866655876 0.004112200866655876 0.004112200866655876 0.004112200866655876 0.004116157645762796 0.004164092512754387 0.004265635397225757 0.004421277609136077 0.004633097220056185 0.004904654670764387 0.005246777254507311 0.005673154824889592 0.0061947443479157946 0.0068422342773885245 0.007642397783514483 0.008612848155128196 0.009772630080992311 0.011141059697253038 0.012736102193395667
0.004112200866655876 0.004112200866655876 0.004112200866655876 0.004112200866655876 0.004112200866655876 0.004112200866655876 0.004112200866655876 0.004112200866655876 0.004112200866655876 0.004112200866655876 0.004112200866655876 0.004112200866655876 0.004112200866655876 0.004112200866655876 0.004112200866655876 0.004112200866655876 0.004112200866655876 0.004112200866655876 0.004112200866655876 0.004112200866655876 0.004112200866655876 0.004112200866655876 0.004112200866655876 0.004112200866655876 0.004112200866655876 0.004112200866655876 0.004115118454440296 0.00415993963766138 0.0042580111495528206 0.0044096481414961555 0.004616712965830173 0.0048824914761515445 0.005213826117438579 0.005637738024773329 0.006188312957235976 0.006878923484811518 0.007724353149435675 0.008740050648960399 0.009940192419224203 0.011334674850131413 0.012923876238468348
0.004112200866655876 0.004112200866655876 0.004112200866655876 0.004112200866655876 0.004112200866655876 0.004112200866655876 0.004112200866655876 0.004112200866655876 0.004112200866655876 0.004112200866655876 0.004112200866655876 0.004112301284925379 0.004116398395674329 0.004122871901732106 0.004127901229923721 0.004129262380379396 0.004126412612886243 0.00412051342892185 0.004114382494158965 0.004112200866655876 0.004112200866655876 0.004112200866655876 0.004112200866655876 0.004112200866655876 0.004112200866655876 0.004112200866655876 0.0041135051086201 0.004152110448737103 0.00424328183925145 0.004386991990166209 0.004584687959852271 0.004839874264037677 0.005184004471155529 0.005644095286557392 0.006233841754216069 0.00696570938455579 0.007852652040330216 0.008905838138625742 0.010131259536887876 0.01152445366378628 0.013061727638149724
0.004112200866655876 0.004112200866655876 0.004112200866655876 0.004112200866655876 0.004112200866655876 0.004112200866655876 0.004112200866655876 0.004112200866655876 0.004113648250824443 0.004132689178341191 0.004166528862376432 0.004206668685075784 0.004245652806613894 0.004277286699082492 0.0042969450223186625 0.004301872180673779 0.004291388752125953 0.004266945432557132 0.004232009304146899 0.004191814474522264 0.004153047893148387 0.004123562835922862 0.004112200866655876 0.004112200866655876 0.004112200866655876 0.004112200866655876 0.004112287569232694 0.004141716516747774 0.004222774013473606 0.004354948693362451 0.004541764070545884 0.004819207193900951 0.005201811984178064 0.005698966428486692 0.006328122375843613 0.007101388823556631 0.008029005252205335 0.009116577075323987 0.010360328179314772 0.01174027185331581 0.013210401385718126
0.004112200866655876 0.004112200866655876 0.004112200866655876 0.004112200866655876 0.004112200866655876 0.004112200866655876 0.0041152170655160015 0.004149855118825951 0.00421432726754201 0.004297984756012961 0.004390524009183912 0.004481987538024095 0.004563078179662395 0.004625701570941117 0.0046636127180211895 0.00467301502659263 0.00465296405645759 0.004605472409747359 0.004535288328251173 0.004449405642855986 0.004356429271876239 0.004265949953264887 0.004188072564168642 0.0041332080914842214 0.004112201637418569 0.004112200866655876 0.004112200866655876 0.004130370199774358 0.004198388864636066 0.004318442374327549 0.004527621225034377 0.004840087873054589 0.005261426991416951 0.005799667320459035 0.006470138159689722 0.007287324128681939 0.008258377615313036 0.009382915290533693 0.01064727345461407 0.012017160187648068 0.013429072727587948
0.004112200866655876 0.004112200866655876 0.004112200866655876 0.004112200866655876 0.004112200866655876 0.004138022349687782 0.004214590794432181 0.004330704345176456 0.0044752628661762755 0.004636683216260327 0.0048026521911113205 0.00496034401795906 0.005097086361501435 0.005201383768258111 0.005264112887067306 0.0052796299715628615 0.005246520348384571 0.005167793609400783 0.005050471837832376 0.004904681277390543 0.004742480403531862 0.0045767001433084115 0.0044200341163098435 0.004284530147727251 0.004181542836622752 0.004122146145061961 0.004112200866655876 0.004120123842222581 0.004173270304609042 0.004310528408920289 0.004550974778072604 0.004898162315502158 0.005359169855543553 0.005943141839391146 0.006660297408839226 0.007526473018210603 0.00854759591008074 0.009717519585659713 0.011013353333877141 0.012388284651748108 0.013765206736211767
0.004112200866655876 0.004112200866655876 0.004112200866655876 0.004114178241545489 0.004167095617579621 0.004283643470176605 0.004453529557170076 0.004666448765598739 0.0049108650067488345 0.005173224430146449 0.005437707057995526 0.005686643735124126 0.0059016610470375725 0.006065465814736036 0.006163978544265637 0.006188350664689784 0.0061363486451049675 0.006012716782078276 0.005828412961942419 0.005598938203788524 0.0053422163654193 0.005076541409484485 0.004819003227794754 0.0045846072574947105 0.004386112462734433 0.0042344910878524475 0.004139881679583158 0.004113406971746977 0.0041725284278521825 0.004337101853437006 0.00460784554580829 0.004990011562607917 0.0054922888623018685 0.006125206906712785 0.006898968862282127 0.007822462932556007 0.008904121626889862 0.010133422364760397 0.011479115232289533 0.01288310778823786 0.014256291351944287
0.004112200866655876 0.004112200866655876 0.00411665652310327 0.004187562445285874 0.0043370622056329985 0.00455690151047256 0.004839183713451363 0.005174541791494385 0.005550569446551545 0.005950658034769989 0.006353520037327915 0.006733731672675925 0.0070635336748672995 0.007315852435088477 0.007468087371385754 0.007505809615305765 0.00742535153055073 0.007234491548636342 0.006951014378803791 0.006599604528911821 0.006207998401126039 0.005803395337687956 0.0054098520293734695 0.005046954123236856 0.004729681210655541 0.004469171673125448 0.004274060168157403 0.0041619005363917935 0.004204535154463296 0.004394622580246594 0.004695004695743292 0.005112708534590561 0.005658264929545282 0.006343992796821464 0.007181541925703385 0.008178263380085779 0.009334968797952621 0.010642889122710027 0.012063665185065929 0.013528261920216824 0.014934862570001813
0.004112200866655876 0.004115333903426693 0.004190901723906828 0.004360940002602633 0.004619876563921981 0.004963723656523304 0.005387771847698588 0.005885002264401099 0.006441614041531719 0.007035839789310244 0.007638009095060567 0.008211414916722991 0.008714373340388245 0.009102271361807633 0.0093375937776957 0.009396054989501443 0.009271435032882974 0.008976903209280412 0.008542242262751274 0.008007957068071255 0.007418203967089842 0.006814520163872813 0.006231631004108534 0.005695671052731612 0.005224429730108712 0.004828912045439597 0.004515883251397334 0.004332365646386717 0.0043076455591794256 0.004480247907861869 0.004809645302032292 0.005263446299845116 0.005854351819385634 0.006597037132870527 0.007505452428731498 0.008588686044031103 0.009844977130350239 0.011256370250833557 0.012784280473509027 0.0143488744656717 0.015832891074281926
0.004112351646213393 0.004175811152593362 0.004349295606753844 0.004633839404602654 0.005033101858726288 0.0055471111787155705 0.006174093919074657 0.006906877614664164 0.007729075478588825 0.008611605881121096 0.009510600217348668 0.010368105917801261 0.011116858497866438 0.011689452439314766 0.01203050138830373 0.012108509775350702 0.01191339753496703 0.011455178498591805 0.010784844734199966 0.009970517001075506 0.009083975043501877 0.008189686376096664 0.007338275786005154 0.0065645871478611185 0.005889150579535556 0.005321482726539083 0.004878527760350534 0.004615778799810756 0.00452562547074378 0.004622209735765864 0.00494913560273525 0.005439232744791948 0.006077159347556376 0.0068806460634108875 0.007867050645668621 0.00904878677538017 0.010426419479980806 0.011979256343971971 0.01365538416666457 0.015368964980227894 0.016984495745132364
0.004148631805646554 0.00431509809242789 0.0046170619437003865 0.00505832743801456 0.005647280407902956 0.006393495646528025 0.0073035465746897465 0.008375623282032339 0.009593024303929247 0.010917352734538673 0.012283302171778242 0.0135979407756068 0.014747645388624577 0.015614328005678397 0.01609891336226347 0.016145389583266202 0.01575618520387254 0.014991955796894607 0.013944221093754929 0.012694265934559657 0.011357373386455505 0.010034366726416282 0.008798759583606432 0.007695809706774762 0.006747091599781325 0.005957298353104209 0.0053698156359346175 0.005006914286818099 0.004841495375673257 0.004866303337096412 0.005122889941177835 0.005636666012452394 0.0063223054840644095 0.007189326132327748 0.008259801403454045 0.009551502901551136 0.011070154842063775 0.012798148220803668 0.014680275002395193 0.01660976340885756 0.018426509896003498
0.0042722896521218065 0.004569177956032508 0.005027165358572041 0.0056629563359745045 0.006499234048383303 0.007560997528948622 0.008870051193397642 0.010436814437808603 0.012249151037586892 0.01425913916778541 0.01637080693155961 0.018434500956796142 0.02025530086379233 0.02162113636990281 0.02234878182194513 0.02233428698659141 0.02158623803764774 0.0202245666697239 0.018444718599878146 0.01646482486783955 0.014439129540079485 0.012480996892332471 0.010695055707671992 0.009136469835670982 0.007822593795159231 0.006753456774339951 0.005989987244992275 0.005500433727634272 0.005243076189512213 0.005199844483613056 0.00538024593304942 0.005851824682800311 0.006584196166315455 0.00751533601050156 0.008673402216852881 0.010083899441657142 0.01176144536273327 0.013696654243608586 0.015837557236757872 0.018067909979381423 0.02019140133149299
