_RESULTS/CROSS_VALIDATION_POSTPROCESSED_CLR/MHZ/TZ/5comp/4/MHZ_TZ_z_180_kriged_reverse_5comp_spherical_4.asc
ncols 100
nrows 81
xllcorner 5.5967107548124995
yllcorner 50.982328804812504
cellsize 0.00017565037499993607
nodata_value 1.7014100000000001E+038
[rows 57 to 75 of 81, columns 0 to 43 of 100]
2.252961583407778 2.257697535767533 2.2693686421779002 2.287403788894977 2.310918450368697 2.338811023960595 2.369865705010596 2.402829954466931 2.436455227255684 2.4695053370173166 2.500744516240889 2.528922201345363 2.5527791431351656 2.5711068524286085 2.58288052864208 2.5874304024821164 2.5845470550865435 2.5758522308822367 2.5648573136086625 2.554071823512266 2.5443774296109605 2.5359133827229376 2.528779053542429 2.5228770495064654 2.51818790402874 2.5146419040714174 2.5121262175120145 2.510504467297902 2.5096391484413165 2.5094176787869413 2.509812018743239 2.5109996632940583 2.511663168563385 2.5115128355872463 2.510572688298592 2.508957714978848 2.506844544087188 2.504438360848642 2.5031982219546443 2.512059997212143 2.5320837320683753 2.562079615410524 2.5964278080669194 2.632812060641943
2.2891528834757975 2.294597993911489 2.30615521490869 2.3234400607544505 2.345731886435639 2.3721292258773508 2.401612954368634 2.433097688989001 2.4654599417673855 2.4975395284952278 2.5281164427843352 2.5558726111976044 2.5793657296749157 2.5970776155276947 2.6076219933661093 2.610100366608494 2.604603254210346 2.594610793176332 2.5831291639820977 2.5722436244715357 2.5624688271274816 2.55411769694562 2.54719519130912 2.5416586694897636 2.5374579357825047 2.534469958165098 2.5325180429528813 2.5313916436218045 2.5308706472247704 2.53075661052945 2.5309149047537423 2.5318064493433963 2.5322551105861737 2.5314593810735495 2.5294925486836233 2.5265466382482407 2.5228888348483602 2.5188130552130845 2.5146360821520397 2.5171193141238453 2.5305548779729894 2.5540404138365154 2.5828811916714596 2.613658452957031
2.3228163289083827 2.3292783758066924 2.341029698306923 2.357737916604952 2.3789604537304183 2.4040378223607117 2.4321113279121453 2.4622482308124005 2.493459625696323 2.5246943592379605 2.5548014846479727 2.5824544188432563 2.6060454732023155 2.623632545360248 2.6331821997765252 2.6333240047344817 2.625726478059968 2.6139794742046703 2.601751769510937 2.5903453571297366 2.580372591481685 2.5721126145416267 2.565501357962149 2.5605079634358967 2.557026662928019 2.5548724551747988 2.553796537669632 2.553502434963726 2.553669301212605 2.5539876795910934 2.554308366807399 2.5551079390439777 2.555276772645789 2.5536888530071744 2.5504910422051563 2.545986247114807 2.540569332819185 2.534653696312358 2.5286114196791027 2.524906645516154 2.5312600375044396 2.5475343738930234 2.5707458576971804 2.595884895131155
2.3533168684619787 2.360600275509151 2.372639678820048 2.3891441201104353 2.409674393160838 2.4336635330977447 2.4604424144555224 2.4892625993496478 2.5193103907651384 2.549694356338127 2.5794028447653914 2.6072174485179667 2.6314789358515944 2.6497457741592885 2.6587284925870605 2.656643156270392 2.64643201687023 2.632791663655343 2.619300215019861 2.607180533440297 2.5970154560521377 2.588938669619324 2.582835504925705 2.578629524571407 2.5761534628401206 2.575160113107905 2.575328013089095 2.5762683402107247 2.5775420827939652 2.5786974355889933 2.5796112249105185 2.5805619956601276 2.5805464121507815 2.5779781167535303 2.5732782921649524 2.5669119870258483 2.5594567779903694 2.55148841215922 2.5434912909612626 2.5358753690256117 2.5347531355112642 2.543493849664806 2.560483883309347 2.5802226560151444
2.380213998133246 2.3881029588231772 2.4002756365683293 2.416471637440414 2.4363117940446273 2.4593126195213038 2.4849052554518654 2.5124542171852093 2.541270823216639 2.5706148835543017 2.5996725989726333 2.6274787304283014 2.652682113761383 2.672828652118506 2.6831557280073257 2.679620667936816 2.665397764157692 2.6491329217011326 2.634130816147005 2.621402826502985 2.6112744040282445 2.6036420313958883 2.5983420967860686 2.5952302325443775 2.5940877474696435 2.5946189687120516 2.5964419882250693 2.5990798825067567 2.601963125407182 2.6044613559974152 2.606444383910534 2.6078111681440492 2.607679226326595 2.604100256343279 2.597533458219849 2.5888994882923173 2.579042593697197 2.5687637725880306 2.5586770054259724 2.549173295604639 2.54157014844289 2.5425831812258544 2.5524470689334717 2.567137402317697
2.4031063922098976 2.4113760979776395 2.4234961279270157 2.4392268341897423 2.4582312660806562 2.4800859465632783 2.504295668940129 2.530309768879326 2.5575373443584115 2.5853590082449744 2.613131943074465 2.6401799784363678 2.665734121029879 2.688993920661454 2.7071391305420995 2.6996522100517093 2.6791462131832486 2.6602630725568353 2.644379486554325 2.631672482384425 2.6220951842284683 2.61534805612101 2.611228862080569 2.6095548008690423 2.6100867740359166 2.6125113406528535 2.6164154737714593 2.6212565034204323 2.6263366926044824 2.6308324994919747 2.6344360665450477 2.6365769256917195 2.636277521944091 2.6315430089056564 2.6228699929725834 2.6114426514880966 2.5987133543778898 2.585830053124044 2.5735461805331434 2.5622056772189166 2.5519785593456277 2.545385325537447 2.5475550492606143 2.556902643474471
2.4216352233740053 2.4300566431010044 2.4419187535474847 2.456993499977801 2.4749703456667302 2.4954640174254608 2.518025387955054 2.5421538921267763 2.5673098372752805 2.592925062491329 2.618410151757848 2.643154267286852 2.6670794744727915 2.6909324769385226 2.7118135515668294 2.7026230138698617 2.681691525178284 2.6634411394607245 2.648523886031203 2.6369726286871233 2.628690678913732 2.623366234285976 2.620831993375655 2.6209265578445775 2.62343741246704 2.6280778544294305 2.634451150267536 2.6419979335666115 2.6499278456602835 2.6572181233457006 2.663184830674972 2.6666188852262334 2.6661385190745586 2.659773447566701 2.6484500905186037 2.6338371767734663 2.6177240866139826 2.601932621531569 2.587460921295463 2.57434517916941 2.562612844600408 2.552406480909449 2.5468949630184943 2.549541804075431
2.4354860363895834 2.443832214838485 2.4552238036048126 2.4694362046708926 2.4861717667204086 2.505064425866748 2.525686062804403 2.547552867935337 2.570129160718374 2.5928241685342113 2.6150043496679007 2.636927666627222 2.658237377779947 2.677084525422849 2.6883073216480033 2.6845901792886897 2.6718951400099233 2.6581207415855923 2.646163540839839 2.636932022856883 2.6306808878711734 2.6272767084465967 2.6266719484821937 2.628787099579561 2.633483113871176 2.6405472296291266 2.649657899878959 2.66031857016778 2.6717423794071866 2.6827596012478563 2.6921621148669437 2.6977157002344256 2.6970400502297607 2.6883018420806852 2.6734285401369555 2.654924226669647 2.634942160961639 2.616188613096261 2.599932054444727 2.585123723445204 2.571862361383897 2.5603731779186183 2.5508669713751404 2.5461414720963185
2.444388625110422 2.4524414244729797 2.4631539795641344 2.4762986904706468 2.4915804009221487 2.5086379216087193 2.5270456971621087 2.5463134580908653 2.5658845894023155 2.5857078772069673 2.6056623445440716 2.6250788739752258 2.6428227839036724 2.6568578202636206 2.6639894779125 2.66218360746138 2.6551452431778007 2.6463217401023336 2.6381357876502998 2.6318762742527104 2.628123274733055 2.626958937019697 2.628483779775337 2.6327303761928675 2.639660603259422 2.6491683977193303 2.661058832264366 2.6749911925592387 2.690349509930324 2.7060416676647727 2.720435759265253 2.7296106448074484 2.728636294341655 2.716145768331136 2.6965673941670794 2.6737893994970383 2.6500802554380316 2.6284800866347107 2.6105141316229195 2.5940241299432065 2.579228445556829 2.5663740636246146 2.5556758460103683 2.547324328903561
2.448114779738969 2.4556710563032134 2.465509895321698 2.477396443736767 2.491031432093907 2.506050019101437 2.522196911654768 2.5393324674896087 2.557132745247887 2.575190033307482 2.592957886390901 2.609659527584345 2.6241573665325557 2.634858033112796 2.639941753537527 2.639123947711775 2.635439314628141 2.630488992126756 2.625819066194309 2.6225666859753103 2.621408884327736 2.622556199753224 2.6262188228786476 2.6325309150324707 2.6415518248969083 2.653283871348806 2.667672819023584 2.6845851307396815 2.7037341142115814 2.724517951643639 2.7457628889542787 2.7617959672587378 2.7600539122564025 2.7408478925436395 2.7153784222840693 2.6886576109892792 2.6627041898943973 2.6390962326724896 2.61840845819142 2.6000367447177366 2.583752285518617 2.5695877158235505 2.557617129680085 2.547860508808286
2.4471080658250477 2.4539394304936994 2.462832416936408 2.4735774215182875 2.48595158917379 2.4997133133732405 2.5145939969598774 2.5302855719478767 2.546421537718367 2.562548554804125 2.578086035818579 2.5922764671998104 2.604148639156397 2.6125604036661616 2.616428379782053 2.6161606280708805 2.6145203712415803 2.612321647397855 2.610494005804858 2.6098837598076075 2.6111084974990333 2.614407015030819 2.620027751633149 2.6281670992098065 2.638949520283719 2.652450521123661 2.6687112059097164 2.6877462380888115 2.7095442979381716 2.734082174798859 2.7617756489502012 2.7909756041624103 2.7863924265562865 2.756193939950558 2.7258278582388287 2.6967008485349537 2.669423002571225 2.6445474917652323 2.62229366480293 2.6024946568511336 2.584965381298919 2.5696229748885577 2.5564145682622543 2.545217659191334
2.445282463148494 2.4511835493528578 2.459079008424463 2.4687467757652892 2.4799489469335767 2.4924260005838206 2.505888676309648 2.5200066436215462 2.5343930825919885 2.54858490987636 2.5620207402051545 2.574024870102433 2.5838176665535557 2.5905865668144283 2.593644469331073 2.5936197573614237 2.593203273703806 2.592865950872111 2.593154403309888 2.594651772945734 2.5978566486987007 2.6029807247083028 2.6102371607124017 2.619835946075126 2.6319188878805444 2.646575511007632 2.6638525423617434 2.6837544508992175 2.706225438893532 2.731074359021836 2.75809862307261 2.78296256284604 2.7797894894528388 2.7534724293186428 2.7244423620651905 2.696012371857955 2.6690908495463526 2.6441642555755993 2.6214638688314333 2.601010590494614 2.582738411023302 2.5665727842597303 2.5524233376854 2.540134618163778
2.4434866132850304 2.4483254821807705 2.4550922736904517 2.4635547601827468 2.4734636716371314 2.484547377807987 2.4965049417437464 2.5089973243226047 2.521636930823082 2.533976773659732 2.545502844785344 2.555637314156789 2.56376502186137 2.5692966715559584 2.571769794235244 2.5717542362807913 2.5719812908344912 2.5728143829738706 2.574560797151357 2.5775995776204645 2.5822969503333826 2.5888338690771704 2.597324535882025 2.607950426878095 2.6208252910173413 2.6359960214049467 2.6534322872283926 2.6729908145053685 2.6943171560180113 2.716571806330747 2.737945231220561 2.7526966955903185 2.751341158783148 2.7350054829473094 2.7118693730655483 2.6868060054069254 2.6618960325597287 2.638113816349279 2.615946087397143 2.5956138357360414 2.5771935896478038 2.5606873925295734 2.5460453319941414 2.5331608317606347
2.441916171391254 2.4455840236808335 2.451118396867692 2.4582799617870514 2.4668124828277325 2.476438448523459 2.486853844608142 2.497722301753255 2.508669375969205 2.519278698520538 2.5290932849608248 2.5376271779419604 2.5443936161229526 2.548953475752713 2.5509791275446103 2.5508203340422453 2.5512428123116986 2.55269736648112 2.555335135483627 2.5593821822654323 2.56508011998737 2.572583880737376 2.581889915110516 2.5931119994140905 2.60630624528767 2.6214450324383813 2.638387750216819 2.65681886953385 2.6761192172087753 2.6951103249491135 2.7116641304359583 2.721343636265672 2.72051442781785 2.7095511266660743 2.691905243027152 2.6709761012046975 2.6489626279186407 2.6271419185102984 2.6062450626150926 2.5866831944376094 2.568677071304193 2.5523324874633757 2.537680420920609 2.5246987145730215
2.440780863904725 2.443190587698072 2.4474136197918486 2.4532068136192855 2.4603113260039557 2.4684494091857982 2.477320994879771 2.486600529342593 2.49593497216683 2.504944543259762 2.5132286106609167 2.520379695611391 2.5260081346505046 2.529777415997572 2.5314452146178557 2.5310991250146686 2.5313518103795243 2.5329810782874076 2.536030895536868 2.5406122069020407 2.546861031768402 2.554890501396484 2.56462253162886 2.5760608030239944 2.5891941197109714 2.6039179762218114 2.6199979943010496 2.6370087292428295 2.6542360139116274 2.6705472933497796 2.6835741338106023 2.6903782404103924 2.689699290928047 2.6816878655451326 2.6680184982122346 2.650806066265883 2.6318231818145277 2.612326637983689 2.5931493638307668 2.5748265398678547 2.5576944012893015 2.541958455601052 2.5277387550154202 2.5151023690464887
2.440299518053893 2.4413834458789383 2.444237687783704 2.4486183862436146 2.454267924606399 2.4609128753228133 2.4682621988791165 2.476006206250096 2.483817115642678 2.4913524114592 2.498262524741473 2.5042043274201373 2.5088611614845586 2.511968278276981 2.5133398506431814 2.5129019334684117 2.5126786884776022 2.514113653566397 2.5171738683155196 2.521882583775527 2.528288935948222 2.53643994642809 2.5462646953885995 2.5576159456906975 2.5704201506035873 2.584513248247384 2.5996067708328794 2.615244228412833 2.6307508781268623 2.645012101902347 2.655307427496758 2.6602427207726014 2.6595390998346544 2.653284785949011 2.6423903630490564 2.6281813746343845 2.611966419836782 2.5948236912787253 2.577563744021261 2.560767966573433 2.5448434746327666 2.5300726276950645 2.5166528856795605 2.5047295021937876
2.4402959010832967 2.4404032907101665 2.441849165331546 2.444791754891371 2.4489777529659813 2.454141393210343 2.460003938015027 2.4662741563447996 2.4726504460329757 2.478825423427265 2.4844938463054342 2.489364493171169 2.49317592291994 2.495714837943074 2.4968343371416886 2.496468324035622 2.495611083437273 2.4965452406236897 2.4992823154964916 2.503778236133303 2.5100122555131374 2.5179643470935855 2.52757796437428 2.538620639122349 2.5509314339903524 2.56431063795375 2.578454405338798 2.5929312118498773 2.607148295553173 2.6192136527461263 2.627517403853741 2.631248824285009 2.6304158060846827 2.625263760643725 2.616329903895429 2.6044737902571913 2.590641959006517 2.575705168717631 2.5603880543420408 2.5452606434419103 2.5307586268462052 2.5172124816989796 2.5048768149289438 2.493957621516259
2.4402959010832967 2.4402959010832967 2.440502372187623 2.441995406843539 2.444722440685351 2.448427591621944 2.452846233085098 2.4577064526608763 2.4627320061565734 2.467647280050539 2.472184699639962 2.476094744963965 2.4791582072531844 2.4811995766628288 2.48209969838783 2.4818054135258363 2.4805558786327166 2.480734994196058 2.4828748470840853 2.486879757929616 2.4926741058801536 2.500184279874768 2.5093208725040235 2.5199016594425423 2.5316364793336987 2.544306826632264 2.5576206347908688 2.5711993087723877 2.583780780480443 2.593827824217945 2.6006310065390394 2.603628157858864 2.602648092770061 2.5982044702144864 2.5906856278830555 2.580669530372611 2.568844582345117 2.5558984918036574 2.542451741548367 2.529031349727414 2.5160706380663433 2.5039223141239817 2.4928769609187578 2.4831829813710358
2.4402959010832967 2.4402959010832967 2.4402959010832967 2.440488117382925 2.441769729985685 2.4440457404545 2.447066363912332 2.4505787514844988 2.454330283020472 2.4580734186575497 2.461572288651277 2.4646109621882806 2.4670029654694554 2.468601171835167 2.4693067931643196 2.4690760417673627 2.467923249966418 2.4671517270749828 2.4684717837593033 2.471762687343373 2.4769069318256514 2.483790097954155 2.4922865728805306 2.5022452563501747 2.5133786968716016 2.5253953323009557 2.538029820889391 2.5503097580826677 2.5609437769989722 2.569341139119487 2.5749705065379835 2.5774322601605046 2.576531195043986 2.5725459397235424 2.5660690120864804 2.55750561460749 2.547364024332989 2.536185543600934 2.5244912727989077 2.512752857750047 2.5013825443821265 2.490735849633076 2.4811212732174264 2.4728133099287914
