_RESULTS/CROSS_VALIDATION_POSTPROCESSED_80-20/Berg/IZ/4comp/3/Berg_IZ_z_500_kriged_reverse_4comp_spherical_3.asc
ncols 100
nrows 90
xllcorner 5.6208707817415728
yllcorner 50.959635321741573
cellsize 0.00013419651685393446
nodata_value 1.7014100000000001E+038
[rows 36 to 53 of 90, columns 42 to 83 of 100]
0.05674578273489369 0.05765229174077198 0.056588284639393915 0.053254954097883125 0.048325608642147196 0.04391785265161087 0.04078549137807545 0.03845989897837931 0.036375184314305614 0.033752941588129325 0.029581208442895596 0.023329370993031225 0.016366011617441525 0.010925269325207498 0.007695823205693937 0.005987200697577755 0.005084287741473775 0.004630847754435885 0.00433518271612298 0.004010222368903578 0.003570728191951547 0.003037901488814876 0.002502100649788384 0.0020615754999555374 0.0017184188425964672 0.0014676261133603238 0.0013045517785451072 0.0012276799789839449 0.001244420136076991 0.0013807951319085108 0.001687072665575664 0.0021933351884362235 0.0030126654957554097 0.004235035792253171 0.0061052859337084155 0.009381620077560483 0.01466532162789357 0.02211025193500795 0.03116208355538068 0.03990812000737199 0.04510919549326964 0.04415577564834696
0.05193640767098812 0.05111706397313829 0.04910178558521831 0.045165624221685 0.04047674654238402 0.03674440436784906 0.03378031257658721 0.031143284139229514 0.02836316404265666 0.024964013159041166 0.02064620952159064 0.01564433460613369 0.010865515713205898 0.007258869840506365 0.0050484342618320405 0.003945834256532541 0.0035874796907723874 0.0035823121823676056 0.0036076317948962643 0.003473843264996044 0.003125332505445661 0.002631968547272505 0.002112397706463657 0.001669548194359015 0.001316843665243987 0.0010554769337532367 0.0008780644114684082 0.000775871054833818 0.0007443050578749701 0.0007915693056226818 0.000938213621041261 0.0012058977191969518 0.0016790247506659232 0.0024456761765734216 0.003695227298539962 0.006062724232484617 0.010479219930078084 0.017659351559522137 0.02763481952099182 0.038646422943859005 0.04678754908163022 0.04806886336617485
0.046864602268336254 0.0446959135675231 0.04164355638726428 0.037606761356498306 0.03384328762089354 0.030763005929602082 0.02812746985458948 0.025584022441684243 0.0228011384792935 0.01951496888628061 0.015677869543799326 0.01163210751905187 0.007939196414217923 0.005052155156071761 0.0031908147141326013 0.002413701219322636 0.0025024399483254078 0.002893389374268728 0.003198636881340982 0.0032193285475553605 0.0029377611832525487 0.0024371566539106264 0.0018929086295172899 0.0014180317687931784 0.0010444292350222035 0.0007760346065440639 0.0005976481572535804 0.0004896830035449525 0.00043821404866772315 0.0004403358177209076 0.0004979456818200701 0.0006256263971304133 0.0008754065234301657 0.0013181728137903693 0.00212524790153195 0.0037842738596115173 0.007227440109345394 0.01387061427588752 0.024587268679946372 0.038095774881681796 0.04942093025267165 0.05284917359900842
0.042063775314918166 0.03886374991982555 0.03506024771057169 0.03136433659307293 0.028471842887512686 0.02604902526950921 0.023890585118457708 0.021726803799644867 0.019281108342359965 0.01642380334727084 0.013194842315641796 0.009832938504503029 0.006711601772700926 0.00405380090767667 0.0021829213195207987 0.001414110153438647 0.0020086187939521855 0.0027395908606927598 0.0032539452970178967 0.0033724163920269353 0.003074661003880361 0.0024879970062944403 0.00185060687973752 0.001295396209106941 0.0008758019969255697 0.0005933288102157132 0.00041653471629041444 0.00031211135917084563 0.00025686335283400737 0.00023889927319455453 0.00025082692717832473 0.00030127144147568455 0.00041970609468211105 0.0006637600631927511 0.0011598888276111797 0.0022776538326256773 0.004855174399681094 0.010704693133086314 0.02205076653520002 0.038756525390564865 0.05357371291399108 0.05839323592797753
0.03786098389730215 0.03395477988984 0.029722612394827312 0.026468095193552442 0.02422993077410724 0.022462448352422594 0.020863791715335867 0.019175254532605598 0.017224684553928737 0.014923886657925023 0.012320473300197698 0.009596666042283219 0.006839195353889292 0.004368760648170388 0.0025526658838388003 0.0018369768475070534 0.002488522098104412 0.003391492601662922 0.0040477272828870915 0.004179204891108257 0.003729118521944071 0.002903424691154234 0.002046696617677363 0.0013113215269977853 0.0007946541103393979 0.0004826823692408784 0.00030469753932610107 0.000205748146951201 0.00015280158783071235 0.00012781058785515026 0.00012062478926031097 0.00013439906916534053 0.00018593104953141875 0.00031331410967000564 0.0006042050039442281 0.001325276540344861 0.0031717917193286814 0.007986534454413802 0.019568582476800028 0.04109933676445276 0.059268426256321595 0.06288326722965634
0.034341899787261786 0.030013287017436073 0.02577040388725642 0.022879784792240992 0.02099237242200868 0.019735693213523708 0.01862709254070897 0.01743981857588107 0.016068779730906917 0.0144555188071317 0.012617453411449216 0.010600090077614541 0.008274871946910206 0.006140930829974913 0.004582646877114842 0.003988147123248945 0.004467600124698746 0.005447196505850638 0.006184186951559831 0.006121063465042961 0.005185809550322168 0.003783279355034466 0.0025059701577412495 0.00142779621202719 0.0007613838965763155 0.000411291381446756 0.0002319119880947849 0.00014024105513512548 9.328730942020519e-05 6.859959060376439e-05 5.6575110780739894e-05 5.693835060922745e-05 7.789852298095695e-05 0.00014250847972127462 0.0003080931382476232 0.0007571508431709432 0.002008713214977198 0.005585405489407988 0.015686113458610578 0.04179343428928108 0.0593567626575896 0.06098461739210189
0.031329749357122155 0.02680125771172705 0.02277827917179696 0.0201811635129616 0.01852785747274387 0.01745895589619059 0.016748476248229904 0.016136140288705594 0.015456693949281612 0.014670044372812685 0.0137842738835131 0.012590913141975347 0.010973482704742292 0.009492895211978766 0.008432701511926302 0.00818602815272566 0.008949201662324975 0.010238280826410966 0.011040183422089029 0.01035883383650555 0.008125225927670638 0.005333549583248702 0.003066086306977759 0.0015651554017918692 0.0007504867895784924 0.00036253458251389733 0.00018360622095110738 0.00010027751634769636 6.0025603067801306e-05 3.8680032399546454e-05 2.744021861897382e-05 2.339393955877405e-05 3.147508165775578e-05 6.697371297323965e-05 0.00016528859451435193 0.00044401840873491995 0.0012553822089318696 0.0036428964146961174 0.010376839390045826 0.02511596126865435 0.04151627910299224 0.05030761987198608
0.02850671897031447 0.023982976384296268 0.02031087749493485 0.018002750995766276 0.016530889107964953 0.015635907434423706 0.015187054271465595 0.01503487925075096 0.015083600722024207 0.015202069537982631 0.015413577039683624 0.015242942382117045 0.014741025793077919 0.014506845669998186 0.014804211471749332 0.015857656060522432 0.017936597766461046 0.02047741935941178 0.02176598787650321 0.01969709107901326 0.014220238437314132 0.008173824381388136 0.00401010549982193 0.0017862264057443042 0.0007630275180792622 0.0003303641545981967 0.00015146232716754422 7.596039156745485e-05 4.171916852757355e-05 2.4881606260819722e-05 1.6015690432289857e-05 1.099183171736933e-05 1.4315475232241556e-05 3.801378633189449e-05 0.00010242149645359194 0.0002862191239272471 0.0008177062464179014 0.0023414843115316135 0.0064471698755590055 0.015012487774821769 0.027006774338666596 0.03810377975560853
0.025902622338245432 0.02153807047902244 0.01823910820926993 0.016159853362711436 0.01486355789321028 0.01414307055589094 0.013933422160455915 0.014133392983138926 0.014680650844040648 0.01562506112945406 0.016956371184899146 0.018047965145204358 0.01921057534528848 0.021254183823575173 0.024272513806363857 0.028401993707556965 0.03411502183680621 0.04075943198938041 0.0451016077607372 0.04113404630082096 0.02750346751262696 0.013524412183792798 0.005564903740887345 0.002127629512382774 0.0008002817684325203 0.0003105970120857886 0.00013008042046216967 6.101271706477697e-05 3.2124194137292436e-05 1.9156298296072512e-05 1.299279063873744e-05 1.06401584223321e-05 1.4176374211805733e-05 3.080965225989847e-05 7.843641115373819e-05 0.00021195657963891693 0.0005853777463628522 0.00160634854879624 0.004236076219290696 0.00981404232301558 0.018616907409666008 0.028961690228534023
0.0236291793250394 0.01945986990069704 0.01644840246274323 0.014546360729518405 0.013416095950268296 0.012855550346535419 0.012837355441429105 0.013307745605314636 0.014273410885919224 0.015882656651687414 0.018152120151446228 0.020642682048223074 0.023997453121637282 0.02906701405621814 0.03627157812492892 0.04575684983705816 0.058627040296814745 0.07514646479592285 0.09175723338551582 0.09236585566804234 0.05724404152550532 0.022897400306083858 0.007784737655105885 0.002565931842176003 0.0008564647811372558 0.00030138403263207155 0.00011695668980226093 5.155865103162879e-05 2.6914391631152438e-05 1.701420727041279e-05 1.3121520269557096e-05 1.286983099357656e-05 1.7416535301905305e-05 3.200987398825766e-05 7.27541265165566e-05 0.0001817084778711413 0.0004714421334967225 0.001224559265949398 0.0030893368165211786 0.007073112969519656 0.013872507978624448 0.022982630729704173
0.022010897890331033 0.01794709551278909 0.015060786154896677 0.01327062432249184 0.012260599051247566 0.011825986990959799 0.011935702782278635 0.012614729530976731 0.013941502326696246 0.01612837401899014 0.019184823606361083 0.023060735481030194 0.028462688396569697 0.036601872606841133 0.04858556149161869 0.06459356398350649 0.08651183215609304 0.11653727106518989 0.15633782502956983 0.20234781922120734 0.11152329716294149 0.034543712740688355 0.010249537314366928 0.0030677934871785884 0.0009445500356528108 0.00030713152985615037 0.00010847175881308596 4.467714773842446e-05 2.35157507003968e-05 1.6310461658410852e-05 1.4405792979123053e-05 1.586376118691378e-05 2.1810851803153446e-05 3.7164438379974694e-05 7.687601544873408e-05 0.0001768553479744083 0.0004272116531719343 0.0010456768937545473 0.0025233159397194706 0.0056570549661475265 0.011203361388649533 0.019296568944139943
0.020940798567597868 0.016925833376312177 0.014075134496615207 0.012344096476527388 0.011406479359616152 0.011030022545891985 0.01121588557945454 0.012029079465132382 0.013612031282150841 0.016225279958711005 0.020038362040069226 0.025133159806822816 0.03232214223607051 0.0430565062679286 0.059131799051082054 0.08044123839522108 0.10833647429025664 0.14362663969939285 0.1827372777721878 0.1981750132038813 0.11555454816504838 0.04035325752140359 0.012314555260236386 0.003650244422993601 0.001091668759742134 0.000330717117651724 0.00010501065327148788 3.891518410125793e-05 2.0669282801469398e-05 1.6484259029307067e-05 1.6809152720004663e-05 2.0209776381515856e-05 2.811922843142968e-05 4.634598507169604e-05 8.91287790392483e-05 0.00019087401995329344 0.0004305061470884988 0.0009936967750902314 0.002293174738901031 0.0049982094615667405 0.009810954447056246 0.017176735353622862
0.02033199987052811 0.0163049054924161 0.01341661563594678 0.01168960000780877 0.010755273792422084 0.010397604405144473 0.010616827427364006 0.011504433961054845 0.013233912703405367 0.01618047681464592 0.020619607157011433 0.026648241922856582 0.035143455405562234 0.04758167287994147 0.06607832361517742 0.08993235780536726 0.11816845742291242 0.1471926739709254 0.1652811117192387 0.14880663861413684 0.09196758661059201 0.039764604091862575 0.01395499578946628 0.0044315180416446606 0.001343453758367927 0.0003955855841670782 0.00011546410130703564 3.539092091017322e-05 1.8488041589841966e-05 1.8881045201511097e-05 2.1934821658934092e-05 2.772257789806122e-05 3.869073468625682e-05 6.201171937667029e-05 0.00011239158451394917 0.00022427383296279811 0.0004754373481998161 0.001038000435128816 0.0022913172053613683 0.004823210694370384 0.009281898802625359 0.016158928043023185
0.020002347456275243 0.016058864674989896 0.013048047646386802 0.011254360013032589 0.010258083701790387 0.009886251114612716 0.010109892695931615 0.011024472653247365 0.01281430562647242 0.016035803299529836 0.020923000414182248 0.027577172085667363 0.03682998687980733 0.04996369917605663 0.06884694181938247 0.0925943223804765 0.11749938119794019 0.13753191630157527 0.14183855166043477 0.12000813750523674 0.07811382428948772 0.03918936009926394 0.016007085775328105 0.005611186281212722 0.0018166940157687591 0.0005620427312916173 0.0001703067608948753 5.362593030216537e-05 2.8586268914973914e-05 2.9606665308576237e-05 3.432185713975154e-05 4.24602634366728e-05 5.82067887557802e-05 8.962240695921913e-05 0.0001531565310030072 0.00028507077134677026 0.0005672580112787981 0.0011753224338016054 0.0024814731561527037 0.005016695994423918 0.009375604541982687 0.016028690572286973
0.01936787273229086 0.015905690944376626 0.012938721499166677 0.011008728316346578 0.009897066789318619 0.009474816107431214 0.00969161431569657 0.010606405513465296 0.012446672907155672 0.015845968540499723 0.021043588794523085 0.028070545321042407 0.037630046884263205 0.05068264886619304 0.06841227805971609 0.09051918489296047 0.11152346063811676 0.12534847550177533 0.12463096488057486 0.10528660473643947 0.07302517956832903 0.041009949996873823 0.01905620924027319 0.007587704325491466 0.00273972109445342 0.0009526327094554678 0.0003362825901442352 0.00013516843495002954 7.629305404186295e-05 6.310280908235437e-05 6.408979095825254e-05 7.373387218315933e-05 9.608097569222073e-05 0.0001398329190779465 0.00022425864892627873 0.00039011017700922004 0.0007239920352347364 0.0014220967838018737 0.002868370543021947 0.005542583174167974 0.009981562316104585 0.016614545629876874
0.01840262126310837 0.015461592296485456 0.012703711306931792 0.01080468782375862 0.009641305618574996 0.00916112597332391 0.00937143459881952 0.010298856244599404 0.012216525547171552 0.01572396331133424 0.02115094366992238 0.02840312409636331 0.038009883278689385 0.05058813612685971 0.06669442537376066 0.0862888710554215 0.10434549042886379 0.11515535899395737 0.11401272541528852 0.09855700760793608 0.07260945762031493 0.04511740039684477 0.023840504283964635 0.010944445951396157 0.004523607378933148 0.0018080714137637625 0.0007456194241827332 0.0003468696396777315 0.00020060216172455018 0.00014798531878297712 0.0001327150990547649 0.00014089363104561952 0.00017122482991925733 0.00023305430699744494 0.00034944454658983575 0.0005683056145720669 0.0009870668038991816 0.001818340698624018 0.0034829005129953876 0.006399937746570569 0.011048173053893157 0.01778581741190912
0.01754341711147364 0.014753078801530681 0.01227261724798392 0.010368041889951449 0.009173055770907667 0.00873040888849199 0.009073503937992361 0.01014697833236815 0.012216121957255355 0.015828633348038856 0.021460086117672805 0.028908180231832264 0.03850873438551723 0.050572872931280585 0.06513054846504562 0.08162646563704062 0.0970898707852445 0.10545301413865374 0.10469389297193799 0.09417471234522762 0.07486452593762162 0.0517450729242412 0.031121356666908233 0.016500036209349124 0.007906585213951921 0.0036035960229416526 0.0016765590834595112 0.0008490353751170599 0.000495886713900413 0.00034357532158465207 0.00028744393694221724 0.000283583420691494 0.0003209363127680736 0.0004077918036578883 0.0005717356187404253 0.0008709319758094093 0.001420759685244639 0.0024601690033022356 0.0043846394738468195 0.007603456300793023 0.012535701067535855 0.01942010807383485
0.01697381574138215 0.014163517813733711 0.011757956521816342 0.00982717826766726 0.008500052007059717 0.007994709631115322 0.008571422798672691 0.009889879753110736 0.012146572391779674 0.015833704313767235 0.02157499374477033 0.029123404224716397 0.03852823643452881 0.049786624427098955 0.06250721277726433 0.07569809667687005 0.08764234865885738 0.09384597589169569 0.09437845945242734 0.09066000478799778 0.07889163408572986 0.06086068280172428 0.04161189627645567 0.025397043318377978 0.014035893101358164 0.00725039636709787 0.003678333981127387 0.0019544099710701855 0.0011434584876534094 0.0007787004600676276 0.0006235072843533334 0.0005801683363831393 0.000616443229478312 0.000734940499635474 0.0009675877266537262 0.0013863336735400978 0.0021326180581679316 0.003477797840464633 0.0057210413541402385 0.009219226580641235 0.014374830661837515 0.02135395292166796
