_RESULTS/CROSS_VALIDATION_POSTPROCESSED_80-20/Berg/IZ/4comp/3/Berg_IZ_z_355_kriged_reverse_4comp_spherical_3.asc
ncols 100
nrows 90
xllcorner 5.6208707817415728
yllcorner 50.959635321741573
cellsize 0.00013419651685393446
nodata_value 1.7014100000000001E+038
[rows 19 to 37 of 90, columns 0 to 42 of 100]
0.5822606810584895 0.5831812249752631 0.5841369966992842 0.5850759356316948 0.5859489392098896 0.5867113476904081 0.5873245487043708 0.5877575787315045 0.5879885616924728 0.5880058127398561 0.5878084585714479 0.5874064846668148 0.5868202024510079 0.5860792138846629 0.5852210149572924 0.5842894088233341 0.5833328923372466 0.5824031458172759 0.581553709216079 0.5808388815109614 0.5803128422637566 0.5800289677931663 0.5799940632085476 0.5799940632085476 0.5799940632085476 0.5801827130145464 0.5808975249497667 0.5821136929321419 0.5837973843241016 0.585913978204822 0.5882394609112785 0.5904941374150297 0.5926773562985577 0.5948158759058219 0.5968856853404056 0.5988524373309472 0.6006735473692398 0.6022938031871745 0.6036380859867536 0.604599969095974 0.6050269994612759 0.6047144661503605 0.6036045954298618
0.5838158497050056 0.58503304132502 0.5862667918938678 0.5874597842826784 0.5885573053073921 0.5895090083327913 0.5902708938527266 0.5908073513039479 0.591093041049575 0.5911143659091478 0.5908703078974277 0.5903724922189298 0.5896444676678493 0.588720322996745 0.5876428536118697 0.586461529137987 0.5852304906343914 0.5840067457364867 0.5828486561802985 0.5818241979273677 0.5810027475317857 0.5804261786857992 0.580136902997667 0.580119518608375 0.5801187540886552 0.5803761264800281 0.5811603352065282 0.5824477530142108 0.5842182598358606 0.5864306666827614 0.588705729153361 0.5909104272845294 0.5930349110013141 0.5950732501105336 0.5970447635623125 0.5989267250968595 0.6006827144240943 0.602265892858306 0.6036114864371832 0.6046218593932 0.6051365749725406 0.6051385323514422 0.6046098162334929
0.5856785566270993 0.5872019922840547 0.5887251702974445 0.590184928658612 0.5915201205962568 0.5926736954267384 0.5935951484609285 0.5942431456877029 0.5945880179223835 0.594613755071456 0.5943191559569903 0.593717916709004 0.5928376405125322 0.5917179572200082 0.5904080836735415 0.5889641969124184 0.587453635770358 0.585986913672496 0.5846179151921413 0.5833871956615839 0.5823356822097985 0.5815049832203776 0.5809378693852502 0.5806787776029808 0.580664859791376 0.5809602982963133 0.5817607558688682 0.5830445851846908 0.5847943917986956 0.586898482433255 0.5889966373872659 0.5910700504333021 0.5931144825734078 0.5950706837024325 0.5969211906131301 0.5986718813034397 0.6003076509848615 0.6017898354164853 0.6030678358737993 0.6040684751074271 0.6049372563060157 0.605920462475706 0.6063542536171859
0.5877872995408777 0.5896258518752427 0.5914497969118959 0.5931895380076698 0.594776585748466 0.5961459855858413 0.5972393434071261 0.5980082201381399 0.5984174768155842 0.5984480210287285 0.598098416616109 0.5973850081628255 0.5963405323824279 0.5950115199310859 0.5934593104053791 0.5918195912799594 0.59016669814329 0.5885443299187711 0.5869955976944046 0.5855626743076141 0.5842870624632964 0.5832102579037072 0.582374598655485 0.5818241173826278 0.5816124319258396 0.5819128217066099 0.5826930376258388 0.5839331833831264 0.5856182766377122 0.5875346656602952 0.5893898957780687 0.591200043990615 0.5929827911185007 0.594752521186109 0.596479061633769 0.5980760516939063 0.5995225207077222 0.6008069259637795 0.6018881747968515 0.6028975677442414 0.6044108572984772 0.606457727381909 0.6085951706744803
0.5900762073290577 0.5922373342485494 0.5943726740203159 0.5964056594521971 0.5982595004046387 0.5998599582350744 0.6011390575986657 0.6020394904628754 0.6025191476670761 0.6025549574534556 0.6021451788137132 0.6013095801177123 0.600087456890836 0.5985717361827099 0.5969120463634906 0.5951623586274759 0.5933727802911754 0.5915918587287249 0.5898654807569106 0.5882368530635965 0.5867472201598308 0.5854370087275969 0.5843471400758677 0.5835203005207907 0.5830093778909978 0.5831882427838004 0.5839115664552612 0.5850677839369126 0.5866411730541564 0.5883168562108414 0.5899001767333976 0.5914130364629235 0.5928760311400927 0.594306282671336 0.5957143067172157 0.5970908466730172 0.5983134102164649 0.5993127673096815 0.6001031460325418 0.6013051143695691 0.603084056039021 0.6054227298606019 0.6078293050265251
0.5924747812490331 0.5949635159538877 0.5974192042577102 0.5997579082302036 0.601893601370616 0.6037412357305945 0.6052212356030472 0.6062652056447985 0.6068221124355077 0.6068637125332097 0.6063878665383955 0.6054187992664194 0.604075801503898 0.6024974141594013 0.6007410283872187 0.5988667601198855 0.5969326953190901 0.5949922934290651 0.5930936629678146 0.5912801306291462 0.5895915912976596 0.5880662484807959 0.5867424605714866 0.5856604788129706 0.5848672687369738 0.5847457467412281 0.5853692647662552 0.5864028706109192 0.5878103834310658 0.5892216111894494 0.5905079883333666 0.5916941413236994 0.5928028079309284 0.5938524038118216 0.5948536202813559 0.5958040978028598 0.5966778788623432 0.5973204791668241 0.5980723088202222 0.5993259339471365 0.60098103959487 0.6027682893034787 0.6036027310658618
0.5949078405983679 0.5977253901476522 0.6005072611175089 0.603161986740989 0.6055935054023066 0.6077043786253487 0.6094011163052134 0.6106015334384158 0.6112432026809074 0.6112911723528414 0.6107427833312289 0.6097096641417136 0.6083270856550264 0.6066604628784109 0.6047836601349322 0.6027696057063516 0.6006847695004783 0.5985869830482317 0.5965255596875113 0.594542762737643 0.5926759430655516 0.5909599175639422 0.5894293305872143 0.5881208344885147 0.5870749602083822 0.5866153685262493 0.5870139558728876 0.5878904150977796 0.5890924804758698 0.5902245296108299 0.5911956641866939 0.5920334096059532 0.5927624606713638 0.5934019103647927 0.5939614865331533 0.5944358213605503 0.5947947297979715 0.5951159639348096 0.595926477387087 0.59714782937003 0.5985909685176739 0.5998887724911733 0.6000398712793479
0.5972958682561738 0.6004377805050102 0.60354650584625 0.6065232447287141 0.6092616815625295 0.6116586323733105 0.6136005999654299 0.6149812610067699 0.6157197985669789 0.6157713969160942 0.6151973182814365 0.6141350237471767 0.6126604415968432 0.6108690139137443 0.6088466981823196 0.6066789235810289 0.6044397776149846 0.6021900520490815 0.5999788314201174 0.5978461676264768 0.5958260565090132 0.5939493133414536 0.5922461945118035 0.5907487697118253 0.5894930918684287 0.588712386012263 0.5887807775363848 0.5894736464716457 0.5904484046648854 0.5912966840098243 0.5919444883969677 0.5924231341060026 0.5927599535996436 0.5929752589744759 0.5930783879949749 0.5930619271125468 0.5928926538713535 0.5930250450182041 0.5938302387833015 0.5950414877406448 0.5963814841872715 0.5974981765440424 0.5975183278562705
0.599556019411347 0.6030111951243879 0.6064712193191745 0.6098278203396302 0.6129457670225329 0.6156843619396827 0.6179050809862712 0.6194838177724222 0.620325701824267 0.6204083155425848 0.6198318909192151 0.6186612571383994 0.617003552013399 0.6149872804248084 0.6127393251609412 0.6103728807975289 0.6079750524779071 0.6055800075127132 0.6032312637933546 0.6009663156365663 0.5988165563647418 0.5968101740211034 0.5949741986539535 0.5933490085186633 0.5919781542080645 0.5909740286665435 0.5907329553352914 0.591198384056205 0.5919243459748189 0.5924630093226233 0.5927537341444856 0.5928541868689461 0.5928013581634698 0.5925962030504065 0.5922495092580103 0.5917550123057109 0.5911743680083025 0.591222280065632 0.5919639509160227 0.5932206637118699 0.5946237329618659 0.5958389845171091 0.5961015210393499
0.6016607341140968 0.6055140142306383 0.6093833165151028 0.6131336320917752 0.61661701861987 0.6196759921287818 0.6221531792913987 0.6239085649776692 0.6248446347571575 0.6249736251440688 0.624323455622063 0.6229886762899128 0.6211147270765138 0.6188571982825917 0.6163580635725626 0.6137367698098506 0.6110898706351924 0.6084945458644272 0.6060010605062878 0.6036030484004261 0.6013671123676352 0.5994016027726669 0.5976896632881881 0.5962055937954318 0.594926642895574 0.593872326592817 0.5934086193096643 0.5936196264393229 0.5940857328572315 0.5942863885854166 0.5941446812567608 0.5937302921843669 0.5931121556586544 0.5923550911896656 0.5915314696614515 0.5906359575964001 0.58986898357294 0.5898886737026797 0.5906138923525781 0.5918981408460186 0.5934939558134117 0.5950071853502703 0.5957697876126467
0.6037128836654203 0.6079420775202231 0.6121785953638823 0.6162775534716266 0.6200761040078591 0.6233965181947899 0.6260598270101185 0.6279158594548011 0.628883247145518 0.6289291319904583 0.6281167508438089 0.6265893614699233 0.6245115861060152 0.6220431623392048 0.6193251037351036 0.6164736168720361 0.6135807698585544 0.6107192623846736 0.6080133312646399 0.6056813158036075 0.6036962881135037 0.6020083174252524 0.6005845660722481 0.5993767977232001 0.5983296247225134 0.5973974625593197 0.5968024950775275 0.5967766147428608 0.5969946931270781 0.5968818160517725 0.596321117299071 0.5954004991147687 0.5942209621876124 0.5928902794704223 0.5914632654327118 0.5899811859826475 0.5890496026526659 0.5890658258868017 0.5898087115233352 0.5911484857066676 0.5929449743736397 0.5948686166835258 0.5958984565008241
0.6056236660806789 0.6101727858329336 0.6147141539807962 0.619090027177251 0.6231171567274035 0.6265875606830451 0.6292859811646753 0.6310414785407902 0.6317228282332893 0.6314250189760813 0.630407195603829 0.6287865535147359 0.6266329304558473 0.6240586596493871 0.6211887110282484 0.6181317819141829 0.6149836866950021 0.612075185864328 0.6095536765815347 0.6074359794754723 0.6057301426605326 0.6044143207472519 0.6034143648248971 0.6026512301774798 0.6020172998057517 0.6014074065942485 0.6008402156402928 0.6006367106994065 0.6006148211638942 0.6002178523236752 0.5992555458582236 0.5978899835153657 0.5962367010570355 0.5943755761464912 0.592373466404267 0.5903173325886191 0.5890132949902394 0.588766066791616 0.589503098334206 0.5909286658608709 0.5928925737251327 0.5951777933614917 0.5957432647636451
0.6073219008864839 0.6121180500623775 0.6168773943399349 0.6214279980142375 0.6255618801346374 0.6290238194290448 0.6315183136231599 0.6326997367170434 0.63225639777978 0.6311092375668776 0.6302058859829139 0.628936526871015 0.6270058995579119 0.6244926397871935 0.6215357484082453 0.6183150400669273 0.6153246766424689 0.6126919857846658 0.6104578170327903 0.608654283829295 0.60730618783628 0.6064233293462943 0.6059757071018558 0.6058451571295153 0.6058435688062571 0.6057638539010369 0.6054678411097998 0.6051804738977885 0.6049219567196106 0.6042634568906832 0.6029847557311705 0.601228111880951 0.5991133780826208 0.5967404706262208 0.5941926696881037 0.5916310382285328 0.5899486995542512 0.5893335873469479 0.5897465532490763 0.5911451656464326 0.593273964139649 0.5952677391049382 0.5952624238301889
0.6088736903243052 0.6138282236619993 0.618697095571956 0.6232900272289492 0.6273699571905468 0.6306338269761647 0.6326857586835894 0.6327053779042277 0.6293517919194054 0.6262959912383871 0.6272991691494509 0.627065244549477 0.6256066273485523 0.6232269330797232 0.6202518734917006 0.6173706239894898 0.6147601920610287 0.6124923430821181 0.610621003916302 0.6091976720878436 0.6082795336896012 0.6079187459914915 0.6081223196371176 0.6087964367862772 0.6096723943576043 0.6103685830200759 0.6106036300100278 0.6103731071457174 0.6099057649700584 0.6090274450706527 0.6074607825574645 0.605318661684526 0.602753260680068 0.5998874915109261 0.5968227762424339 0.5937912811837209 0.5917156214366047 0.590722166477037 0.590779481149739 0.5918631929454576 0.5938898874963582 0.5950627711824251 0.594466674149959
0.6102430024725893 0.615266941544654 0.6201437872344767 0.6246653168878861 0.6285722092275319 0.6315364898599195 0.6331065012905506 0.6322456715545113 0.6276484061760585 0.6236824208428681 0.6245307193077577 0.6244879969980976 0.6231107548848371 0.6207048032815304 0.6181577787720163 0.6157577755402248 0.6136077202269716 0.6117699907646919 0.6102912157937156 0.6092312207011641 0.6086896598106171 0.6088082131435959 0.6097058719906459 0.6113286228404102 0.6133380622535416 0.6151035812956898 0.6160868883616031 0.6161577679325871 0.6155554849421938 0.6144049332797025 0.6125576198544916 0.6100381347667583 0.6070353988931723 0.6036973172932808 0.6001443753711233 0.5966559419183577 0.5941667377988828 0.5927790715645187 0.5924666630390792 0.5932140292781248 0.5944986183283737 0.5946680762417728 0.5934083659065473
0.6113959967139168 0.6164082188455638 0.6212058723791551 0.6255691777559066 0.629235784205777 0.6319040919023604 0.6331772372619414 0.6323069164716859 0.629146075424549 0.6257839626963368 0.6240511195151152 0.6226312393813787 0.6205231847422925 0.6182432335578937 0.616122548141607 0.6142268977477606 0.6125922349928744 0.6112242317138561 0.6101203596810126 0.6093093970977022 0.608909622658588 0.6091879059337988 0.6105289341511351 0.6131409480888725 0.6165805583256093 0.6197981919794107 0.6217926309766548 0.6223692287255593 0.6217513683736914 0.6202595153947998 0.6181263697861771 0.6152456817543299 0.6118246977030409 0.6080382927850797 0.6040269911155686 0.6000837421671323 0.5971588356695446 0.5953593759903688 0.5946605650210036 0.5950498695738292 0.5952955186215891 0.594275161059673 0.5921708273870697
0.6123256842377514 0.617260368497719 0.6219152187725463 0.6260689476754505 0.6294772413471968 0.6319018833639458 0.6330419553479432 0.6324352790682426 0.6301544289266668 0.6271477697903237 0.624339032818988 0.6215938053230883 0.6189236943279623 0.6167545118150642 0.6150266991866027 0.6136719032044942 0.6126153611898953 0.6117660183626331 0.6110276280516173 0.6103331110232493 0.6097247052024996 0.6095161177949213 0.610493793060075 0.613688716955798 0.6189641745654422 0.6242350897399906 0.6275854257995707 0.6287742498884965 0.6282929061918138 0.6265147017519899 0.6240119787664573 0.6207967648524778 0.6169828911843398 0.612775563855196 0.6083372296260926 0.6039417823043963 0.6005584186122069 0.5983298431795298 0.5972285637839682 0.5971455049755878 0.596294430419335 0.5941492731750311 0.5909354097922591
0.6130452396321601 0.6178548446170418 0.6223281807943145 0.6262516735833673 0.6294113635506254 0.6316376602769098 0.6327041148276145 0.6323040597487207 0.6304886658854689 0.6277182756585615 0.6244904655362954 0.6211177566957471 0.6185148202096417 0.6166731523142162 0.615450430004394 0.6147387125896507 0.6143598809614211 0.6141249021600957 0.6138327528962949 0.6132748013900144 0.6122791443204072 0.6108968525327155 0.6099904499656745 0.6122257813313586 0.6198014419085814 0.6283076527250602 0.6333937406023243 0.6352423424371476 0.6348901173309308 0.6329895536979042 0.6300478211433623 0.6264937859635665 0.6223136269864963 0.6177191874192122 0.6128965934147688 0.6080771948811666 0.6042270491291017 0.6015649684068538 0.6000522245066546 0.5993568217055542 0.5975142787864482 0.5943401909105828 0.5900507742618757
0.613579514050716 0.6182333919005786 0.6225068094770104 0.6261994557812938 0.6291295899315906 0.6311820886587817 0.6321788260096405 0.6318851817475003 0.6303122641420174 0.6276992001002059 0.6243280734175836 0.6212089263997136 0.6190988359794221 0.617921223715403 0.6174672212462673 0.6175336459858296 0.6179391758409105 0.6184401642667197 0.6187767880176616 0.6186398888849689 0.6176304604339575 0.6152568595172664 0.6112514854305381 0.6082963379431743 0.6187040912704631 0.632577100090732 0.6393680256493411 0.6416883379588413 0.6413859010428934 0.6393473606626832 0.6361332467176634 0.632146412300645 0.6276250121969417 0.622671517286672 0.6174991288930496 0.6122983544760745 0.6079686149716246 0.604878401013676 0.6029779312815383 0.6016637298012828 0.5989486765955875 0.5947733056536292 0.5893725011137165
