_RESULTS/CROSS_VALIDATION_POSTPROCESSED_80-20/Berg/IZ/4comp/3/Berg_IZ_z_1000_kriged_reverse_4comp_spherical_3.asc
ncols 100
nrows 90
xllcorner 5.6208707817415728
yllcorner 50.959635321741573
cellsize 0.00013419651685393446
nodata_value 1.7014100000000001E+038
[rows 72 to 89 of 90, columns 41 to 81 of 100]
0.04625421815516563 0.04676831344455227 0.04694826294403782 0.046725302840273146 0.046103904720401004 0.0447009103402809 0.04223528104635782 0.03901603480667066 0.03547505265928919 0.032117779724723246 0.02905142387179713 0.026320067389933734 0.023935132431618742 0.0218882507392886 0.020160392727731895 0.018748334199186763 0.0175432666444124 0.016452325029222073 0.01551041837849093 0.014750321889227046 0.014205834490849988 0.013744451313564549 0.013224994968978132 0.012695336872025974 0.012198448256372157 0.011748090213847978 0.011360472337883861 0.011051356484028123 0.010832055149285497 0.010710644197091652 0.01069320228553474 0.010784938002351916 0.01099114087681774 0.011269478736451904 0.011523456607425016 0.011722881737619638 0.011836834801453191 0.01185202670855005 0.01185202670855005 0.01185202670855005 0.01185202670855005
0.05913836793109589 0.06008919480193503 0.06041299826060853 0.05994690642960417 0.058671232951874194 0.056468234119656756 0.052782845174771956 0.048069216851121255 0.042882554761837645 0.037724092494399314 0.033104324295934615 0.02911147585894696 0.025722520032320742 0.02288686359920383 0.020543524340708556 0.018632008004413603 0.017098496221069223 0.015891115714211253 0.01490404967446599 0.01413417200271899 0.013605620105781233 0.013298406677747943 0.012974391706835082 0.012621758282016055 0.01226883354261326 0.011940367133519118 0.011656950404662303 0.011435076059646191 0.011287662740767132 0.011224851124836177 0.011254903863808549 0.011384868677101471 0.011557479650703216 0.011709206865345507 0.011815952898908156 0.01185202670855005 0.01185202670855005 0.01185202670855005 0.01185202670855005 0.01185202670855005 0.01185202670855005
0.07585552782827747 0.07774347093716949 0.07854546612091674 0.07789155958136108 0.07568907519056207 0.0720835657919467 0.06649921452696896 0.05954194848346719 0.052114510054834966 0.04490441545448745 0.03833506999703156 0.03270924820491743 0.02808650489103004 0.02432939032767197 0.02130228787034082 0.018884546964361187 0.016975528177127525 0.015495461331028155 0.014384556674789562 0.013598980946190385 0.013079656851191756 0.012827198274313546 0.012652437285143125 0.012442322796030148 0.012221199168703517 0.012011283481658034 0.011831999358380068 0.01169980325430741 0.011628401493519524 0.011629230361785143 0.011700081115874006 0.011776646782797337 0.011833579744719793 0.01185202670855005 0.01185202670855005 0.01185202670855005 0.01185202670855005 0.01185202670855005 0.01185202670855005 0.01185202670855005 0.01185202670855005
0.09702195415588384 0.10078471506684086 0.10278491254288584 0.10218081131652247 0.09866933825040959 0.09270697265524565 0.08411889381123025 0.0737920537572456 0.063185798086109 0.053271329574242424 0.044544676306252376 0.037162837529550415 0.0310857891334913 0.026240774348280736 0.02243979638237935 0.019471880656243615 0.017170782184579576 0.015409542797400436 0.014094450596756784 0.013159920038159658 0.012564972994938764 0.012291718075477367 0.012232667592413949 0.012152395146287551 0.012053966067118806 0.01195692964834453 0.011879131524131475 0.011836404685437807 0.011838373705145257 0.011849392243853847 0.01185202670855005 0.01185202670855005 0.01185202670855005 0.01185202670855005 0.01185202670855005 0.01185202670855005 0.01185202670855005 0.01185202670855005 0.01185202670855005 0.01185202670855005 0.01185202670855005
0.1228297515978689 0.1301259391553796 0.13480641647339517 0.13493669975154415 0.12958864000621298 0.11969849964806548 0.10628736224477883 0.09093779400126857 0.07593926267510595 0.06253810582997532 0.05119165407516441 0.04190118157063448 0.034454828204930135 0.028569910142441996 0.023965246919883217 0.020397167842958256 0.0176762801984063 0.015623013829321625 0.014102981531420691 0.013022554279796235 0.012321202841369675 0.01196717392027989 0.01190733401753212 0.011883071885708842 0.011861341181120902 0.01185202670855005 0.01185202670855005 0.01185202670855005 0.01185202670855005 0.01185202670855005 0.01185202670855005 0.01185202670855005 0.01185202670855005 0.01185202670855005 0.01185202670855005 0.01185202670855005 0.01185202670855005 0.01185202670855005 0.01185202670855005 0.01185202670855005 0.01185202670855005
0.1524343174771376 0.16594991934457284 0.17623898340803146 0.17885539240457965 0.1709187795058773 0.15435559951863645 0.13310913280203238 0.11047508174737725 0.08972036885522824 0.07211791743893634 0.057819371500935614 0.04648934729958024 0.037641768265563445 0.030793291949077893 0.025522642244690738 0.021485845507472366 0.018412735482482623 0.016096909643924948 0.014384696387050477 0.013165496051537148 0.012364403776268877 0.011937456747458513 0.01185202670855005 0.01185202670855005 0.01185202670855005 0.01185202670855005 0.01185202670855005 0.01185202670855005 0.01185202670855005 0.01185202670855005 0.01185202670855005 0.01185202670855005 0.01185202670855005 0.01185202670855005 0.01185202670855005 0.01185202670855005 0.01185202670855005 0.01185202670855005 0.01185202670855005 0.01185202670855005 0.01185202670855005
0.183163249628986 0.20633492020825056 0.22764839156231317 0.2371876830414664 0.2254550768471439 0.1968822580207576 0.16312827803575328 0.1306761414860151 0.10311988629764862 0.0810085501189891 0.06375590297283874 0.05048791473442109 0.04036016588833356 0.03265789433175053 0.02681140423438056 0.02238129734111035 0.019035630942436647 0.016527624077974194 0.014676885792919633 0.013354838224704563 0.012474173938597845 0.011982017029651773 0.01185202670855005 0.01185202670855005 0.01185202670855005 0.01185202670855005 0.01185202670855005 0.01185202670855005 0.01185202670855005 0.01185202670855005 0.01185202670855005 0.01185202670855005 0.01185202670855005 0.01185202670855005 0.01185202670855005 0.01185202670855005 0.01185202670855005 0.01185202670855005 0.01185202670855005 0.01185202670855005 0.01185202670855005
0.2099211265224317 0.24456236322593192 0.28485445249948765 0.31313295630504495 0.2949419539527747 0.24308981902271534 0.1914462238177167 0.14799693548450832 0.11390775081660316 0.0878655021862801 0.06819685994307949 0.05341254203550038 0.042314746662713294 0.033980954779889126 0.027716497253980427 0.023005231001563767 0.019467202751363853 0.016825072701152275 0.0148786573499001 0.013486303033985306 0.0125518337842473 0.012016111875476928 0.01185202670855005 0.01185202670855005 0.01185202670855005 0.01185202670855005 0.01185202670855005 0.01185202670855005 0.01185202670855005 0.01185202670855005 0.01185202670855005 0.01185202670855005 0.01185202670855005 0.01185202670855005 0.01185202670855005 0.01185202670855005 0.01185202670855005 0.01185202670855005 0.01185202670855005 0.01185202670855005 0.01185202670855005
0.22455413581720113 0.2672484653649523 0.3268928219520503 0.40099158379519806 0.366674506381507 0.27598514388775397 0.20839269101807323 0.157502833984379 0.11954796888240633 0.09134409471527959 0.0704046516094919 0.05484570979339465 0.043262381149083796 0.03461720929235932 0.028149027749144052 0.023301972574113327 0.019671745389007622 0.01696575277816009 0.01497405553229135 0.013548623311822808 0.012588997252141243 0.01203304567717181 0.01185202670855005 0.01185202670855005 0.01185202670855005 0.01185202670855005 0.01185202670855005 0.01185202670855005 0.01185202670855005 0.01185202670855005 0.01185202670855005 0.01185202670855005 0.01185202670855005 0.01185202670855005 0.01185202670855005 0.01185202670855005 0.01185202670855005 0.01185202670855005 0.01185202670855005 0.01185202670855005 0.01185202670855005
0.22083917032404876 0.26074290106654024 0.31435223741990276 0.37106121206868087 0.34526780715672817 0.26854266818728467 0.20483686418258676 0.1555634102695389 0.11841353100839984 0.0906502974824396 0.06996672269540496 0.054562520026345186 0.04307565678671953 0.03449210624921421 0.02806412048733967 0.023243793635162997 0.01963167917401568 0.016938211389270166 0.014955381251146075 0.013536416633531992 0.012581701666055165 0.01202969248777548 0.01185202670855005 0.01185202670855005 0.01185202670855005 0.01185202670855005 0.01185202670855005 0.01185202670855005 0.01185202670855005 0.01185202670855005 0.01185202670855005 0.01185202670855005 0.01185202670855005 0.01185202670855005 0.01185202670855005 0.01185202670855005 0.01185202670855005 0.01185202670855005 0.01185202670855005 0.01185202670855005 0.01185202670855005
0.200265658193223 0.22883750537245848 0.2605202437040806 0.28182700755843987 0.2687006435090401 0.22825484216600797 0.18293887304809175 0.14297823562699236 0.11084942715770749 0.08594875063055796 0.06696739671155061 0.0526084905104069 0.041780178346105375 0.03362054730051596 0.027470707573155603 0.022836194415851347 0.019350481077343315 0.016744707853216655 0.014824149565309386 0.013450739518442676 0.012530722750041658 0.012006662391446632 0.01185202670855005 0.01185202670855005 0.01185202670855005 0.01185202670855005 0.01185202670855005 0.01185202670855005 0.01185202670855005 0.01185202670855005 0.01185202670855005 0.01185202670855005 0.01185202670855005 0.01185202670855005 0.01185202670855005 0.01185202670855005 0.01185202670855005 0.01185202670855005 0.01185202670855005 0.01185202670855005 0.01185202670855005
0.17054309587247496 0.18763866301872634 0.203473761698454 0.21128012826185724 0.20386396436006168 0.18225859308726922 0.15322959408336564 0.12421716733663625 0.09893049929628836 0.07827347812447125 0.06195124901807185 0.049283271821174326 0.03954686193041618 0.03210305313678322 0.026429540596958796 0.02211683721425462 0.018852095777297934 0.016400880883357193 0.014590898455690558 0.013298976955879041 0.012441511830080637 0.011968268205011066 0.01185202670855005 0.01185202670855005 0.01185202670855005 0.01185202670855005 0.01185202670855005 0.01185202670855005 0.01185202670855005 0.01185202670855005 0.01185202670855005 0.01185202670855005 0.01185202670855005 0.01185202670855005 0.01185202670855005 0.01185202670855005 0.01185202670855005 0.01185202670855005 0.01185202670855005 0.01185202670855005 0.01185202670855005
0.13929091950798853 0.14844223663448197 0.15582264415073574 0.15852489391823915 0.15430340170560353 0.14218907763583627 0.12392542257419573 0.10393855902335189 0.08519900761968466 0.0690239741930399 0.055705387426903806 0.04504033760259928 0.03664322772369495 0.030101060119802424 0.025040193748308848 0.021148492151770466 0.01817700477206799 0.015933511032469455 0.014273896399024575 0.013094093344012396 0.01232377011601749 0.011922301562814397 0.01185202670855005 0.01185202670855005 0.01185202670855005 0.01185202670855005 0.01185202670855005 0.01185202670855005 0.01185202670855005 0.01185202670855005 0.01185202670855005 0.01185202670855005 0.01185202670855005 0.01185202670855005 0.01185202670855005 0.01185202670855005 0.01185202670855005 0.01185202670855005 0.01185202670855005 0.01185202670855005 0.01185202670855005
0.11096849004681754 0.11548137614646253 0.11876219671126266 0.11960690259720762 0.11731935164200019 0.11014514064593244 0.09856106229062386 0.08506236106350462 0.07163832950188646 0.059456628220851536 0.04900753850659882 0.04035964570111236 0.03336733820174317 0.027801728385302874 0.023421839914139063 0.02000829219692926 0.01737609841667898 0.015376968738411781 0.013897063287454717 0.012853418465132188 0.012190760217043876 0.011879680005594712 0.01185202670855005 0.01185202670855005 0.01185202670855005 0.01185202670855005 0.01185202670855005 0.01185202670855005 0.01185202670855005 0.01185202670855005 0.01185202670855005 0.01185202670855005 0.01185202670855005 0.01185202670855005 0.01185202670855005 0.01185202670855005 0.01185202670855005 0.01185202670855005 0.01185202670855005 0.01185202670855005 0.01185202670855005
0.08728196397382972 0.08934301692363604 0.09076008972438747 0.09104087098921036 0.08983833843237557 0.08537650884312367 0.0779216781615722 0.068842349162236 0.05938915784221708 0.05043645298577265 0.04246336341946551 0.0356499213383255 0.029990778438942593 0.025384869832480325 0.02169399044976991 0.018776422520845337 0.016503971911784255 0.014769211891526314 0.013487578414193586 0.012597237066164566 0.012058514206809515 0.01185406642489218 0.01185202670855005 0.01185202670855005 0.01185202670855005 0.01185202670855005 0.01185202670855005 0.01185202670855005 0.01185202670855005 0.01185202670855005 0.01185202670855005 0.01185202670855005 0.01185202670855005 0.01185202670855005 0.01185202670855005 0.01185202670855005 0.01185202670855005 0.01185202670855005 0.01185202670855005 0.01185202670855005 0.01185202670855005
0.0683793592116091 0.06925219803145691 0.06989854834105379 0.07012418897657079 0.0693708826364801 0.06652254733202906 0.06165120091515235 0.055525098812011654 0.04891505401129834 0.04242884938388849 0.036458384779673475 0.03120342981219374 0.026725305180031567 0.02300048073820762 0.019961960233916377 0.01752689630715045 0.015613129722787382 0.014148174405376876 0.013073662047630217 0.012347471909775809 0.011945119465161814 0.01185202670855005 0.01185202670855005 0.01185202670855005 0.01185202670855005 0.01185202670855005 0.01185202670855005 0.01185202670855005 0.01185202670855005 0.01185202670855005 0.01185202670855005 0.01185202670855005 0.01185202670855005 0.01185202670855005 0.01185202670855005 0.01185202670855005 0.01185202670855005 0.01185202670855005 0.01185202670855005 0.01185202670855005 0.01185202670855005
0.05372441439075645 0.05408613791519933 0.05447570896264499 0.05473192961550812 0.054128519578107805 0.052270772120648165 0.04904117160611735 0.04488115782044662 0.040265195607171185 0.03560161099133911 0.031185339695054822 0.027194832226055444 0.02371357855096495 0.020759032800864836 0.018309007031370096 0.01632181494544388 0.014750021587077652 0.013549136839112724 0.012682907983527149 0.012126706550558575 0.011870251588365036 0.01185202670855005 0.01185202670855005 0.01185202670855005 0.01185202670855005 0.01185202670855005 0.01185202670855005 0.01185202670855005 0.01185202670855005 0.01185202670855005 0.01185202670855005 0.01185202670855005 0.01185202670855005 0.01185202670855005 0.01185202670855005 0.01185202670855005 0.01185202670855005 0.01185202670855005 0.01185202670855005 0.01185202670855005 0.01185202670855005
0.04257438213605745 0.04276664918630048 0.04312636193146363 0.0432286155439997 0.04276082122816113 0.041527281222135545 0.039357623122050794 0.03651108002159328 0.033281847128615316 0.029940464614584376 0.02669963582810328 0.02370396069927939 0.021036302871519634 0.018732022517199506 0.01679459956338029 0.015209215274876772 0.013953170991214339 0.013003335152732824 0.012341378196033443 0.011957715818776282 0.01185202670855005 0.01185202670855005 0.01185202670855005 0.01185202670855005 0.01185202670855005 0.01185202670855005 0.01185202670855005 0.01185202670855005 0.01185202670855005 0.01185202670855005 0.01185202670855005 0.01185202670855005 0.01185202670855005 0.01185202670855005 0.01185202670855005 0.01185202670855005 0.01185202670855005 0.01185202670855005 0.01185202670855005 0.01185202670855005 0.01185202670855005
