_RESULTS/CROSS_VALIDATION_POSTPROCESSED_80-20/Berg/TZ/9comp/2/Berg_TZ_z_0_kriged_reverse_9comp_spherical_2.asc
ncols 100
nrows 90
xllcorner 5.6208707817415728
yllcorner 50.959635321741573
cellsize 0.00013419651685393446
nodata_value 1.7014100000000001E+038
[rows 54 to 71 of 90, columns 0 to 40 of 100]
0.3037225669929544 0.32750417500066026 0.34037460759832794 0.3425827930295161 0.33604808140501913 0.3230671562498264 0.3056112659078758 0.28517068017808317 0.2628460209902204 0.2394842564166615 0.21578087768664705 0.19308507485596055 0.17379805110906932 0.15743741376606216 0.14353961404192248 0.1321164633040466 0.12334368551474312 0.11704168757765968 0.11320343005380695 0.11011244674346349 0.10637742442463399 0.10221104931465816 0.09778593944081639 0.09323910817092783 0.08868145679434965 0.0836065897570529 0.07783794449068603 0.07167927277677985 0.0654693196283082 0.05962532517236746 0.05460127734682798 0.050545913084641736 0.047359532605996575 0.04446191715144988 0.041767996333716875 0.039298909151485456 0.037121205018557805 0.03527902454348452 0.03380182219581347 0.03237664157757382 0.02892526534810227
0.22641379065140532 0.2460165904658035 0.2599882667343261 0.26773362441289433 0.26963205352610203 0.2665707136531384 0.259541138057962 0.2494258613553307 0.23693599769912918 0.22262471062595401 0.20692713105712746 0.19021789973320027 0.17447033316468818 0.16057469859759113 0.14812561537216498 0.1369999849180054 0.12732454480300995 0.11952938164299473 0.11389527542440085 0.10823050958971077 0.10217493829444539 0.09605444549429296 0.09010061634332946 0.08447083407042909 0.07899602386300963 0.07322706842330728 0.06734200134858148 0.061551146185754614 0.05606287878019287 0.05113345626411478 0.04706842008444894 0.04393242487202539 0.04164568773634016 0.0396188370697167 0.03767287023622013 0.03588526230271274 0.03431587232373792 0.03301040817697431 0.03200505658904646 0.03133143261625039 0.030212142733529127
0.17063970146510815 0.18644085747554456 0.1996089073661166 0.2094912058419419 0.21592843650114305 0.2191166282357438 0.21942515569831683 0.21725132588044227 0.21293234484867618 0.2067024229498216 0.19868025766932254 0.188886124377926 0.17752353992847208 0.1664173735416732 0.15560538510630037 0.1449994181004894 0.13494985983916868 0.1260864011808421 0.11824879830630389 0.10973818244858866 0.10117768546653587 0.0930820628805409 0.08567900568517528 0.07895377433150963 0.07240035610028424 0.06606748722222484 0.06007409984989735 0.05453199714129851 0.0495408747441062 0.045184770691325524 0.04163626368258497 0.03889225869242235 0.03694380419569836 0.03550622830918199 0.03413740585949343 0.032890730551727865 0.031817746718078875 0.03096211850729734 0.030362414952069244 0.030055501878510395 0.030080186964961876
0.13040519016894175 0.14302116675378604 0.1546872253728926 0.16491710184525846 0.17345491822462508 0.1802478844658571 0.18537559169341863 0.1889689404997023 0.1911358982783807 0.19189564994084765 0.19111789329650747 0.1884749427345562 0.18344630319724925 0.1759356542784091 0.16715139668190943 0.15702171487635685 0.1461732372860846 0.13578711245244232 0.12493712465495661 0.11356358835127403 0.10262831517671943 0.09266205156583683 0.08381980159353405 0.07563976336589219 0.0680892696348734 0.06120721873013157 0.05500963491450787 0.04950196472044261 0.04468407445691034 0.04057667299518554 0.037302958977399256 0.03483394401027293 0.033134609132118645 0.03208098037983065 0.031155095101355827 0.030334713582589597 0.029663570990815402 0.02918202843679079 0.02892886152385375 0.028943695125566413 0.029269837589508133
0.10132882067782992 0.1113753340544062 0.12139596165849198 0.13109689589419446 0.14029095985191123 0.1489016197033125 0.15694054914946307 0.16446769062283367 0.17153853673741717 0.17813439517508806 0.18406246493589976 0.18881158739409473 0.191382817146522 0.19024681788606285 0.18442023807789384 0.17472427837806612 0.1622502482200873 0.14860391126551273 0.1334646755349128 0.11857563771279046 0.10501110395181108 0.09310695633363283 0.08244081477131394 0.07294282042798932 0.06456697013201547 0.05723801318561682 0.05087526956769118 0.04540280967417795 0.04075289048557044 0.03687493698543217 0.033832527563201355 0.031589787820127155 0.0300937609036868 0.02928971297739453 0.028704253492077787 0.028220135874340715 0.02787473041648399 0.027705208295076212 0.02774987582485427 0.028050120617908278 0.02865283777856926
0.08026597708939912 0.08827797395307124 0.09675052014540773 0.10554688053088247 0.11458805284677992 0.12386440133945745 0.13343488992902353 0.14341439488588667 0.15394719596795672 0.1651565074480866 0.17704269230942474 0.1892705514031836 0.20074445198719013 0.208943352622128 0.20974834912105078 0.20055305045858715 0.18459826903157858 0.1644242960966085 0.14353639905638654 0.12446656981996823 0.10789953649047453 0.09348145613659507 0.08108166319329284 0.0704938597204239 0.06149221805349769 0.05386722211761028 0.047437242169086444 0.042049843020598617 0.0375793273060285 0.03392381263330224 0.031082297667263246 0.02903202550758019 0.027708350239565877 0.027079595970288035 0.026758286273164414 0.026542237886183245 0.026464203221453556 0.026559016383154013 0.02686481175329796 0.027424831934506667 0.028150115842316904
0.0649869656102515 0.07140212093862586 0.07851455199096666 0.08629776376932116 0.09476909307467908 0.10400364093797865 0.1141454112288537 0.125415366468704 0.13811504749797401 0.15261894763661227 0.16933239304352957 0.18854260359728506 0.20993768188002435 0.23113223235268812 0.24431955811970585 0.23776470342071937 0.2127593225895156 0.1822385387327236 0.154194411252679 0.13018456980946394 0.11005523436870351 0.09336411597604631 0.07957039004674663 0.0681764592537388 0.05876296704271442 0.05098886497572688 0.04458635519868158 0.03933660466770318 0.035055619118010556 0.031611514500672226 0.02894871267676138 0.027067000257285805 0.025895142153386033 0.02540547347617707 0.02529325179658996 0.025295787247157822 0.025442970795793413 0.025768525927084916 0.02630819815060015 0.026947593197333967 0.027598981255105588
0.05392166418438757 0.05909093669243321 0.0650517818341458 0.071850239515261 0.0795720324764478 0.08836117144992924 0.09843813268038878 0.11012255112131167 0.12386279438081317 0.14027492913176764 0.1601906950039067 0.18469823771544033 0.21507835845603102 0.252032681892675 0.28918780790010457 0.285121381802607 0.2415686587331473 0.19838145852974048 0.16243158676986236 0.1337164783309558 0.11081946239688495 0.09250425973337081 0.07790519851560124 0.06630734005856355 0.05696803543597625 0.049367622928458206 0.04314177790813663 0.038033260049614305 0.03385941139012932 0.030490582196340023 0.02784491099785883 0.025942821558947598 0.024756725417820667 0.024280781378018923 0.024293725746033546 0.024481241701007895 0.024826099104555497 0.02532694075790791 0.025873775200207807 0.026443384651840426 0.02702046417466311
0.04560849890338006 0.050025436136726324 0.05515539119624947 0.06109320486448794 0.06802689530357939 0.07617315504637324 0.08580001544455168 0.09728614434514013 0.11116228549636457 0.12817168710935856 0.1493598515341267 0.1762091360241621 0.21083806834011598 0.25625560585976953 0.3148766787990782 0.30965620821891804 0.2512379135166642 0.2033174366003333 0.16482675933476762 0.13409106600014953 0.11034588652876257 0.09212479417590622 0.0778617568505125 0.06649824798714712 0.05730988491990925 0.049796020910187005 0.04360785098771652 0.038500676966676965 0.03430189341681537 0.030889724889222522 0.02817977422850609 0.02616397338804578 0.024860198009811332 0.02425821575316829 0.024139112147165288 0.024227450803159828 0.02450577790999176 0.024948981872361557 0.025429723722798923 0.02592982200030556 0.02643459456338258
0.039192850741805854 0.042982590294368184 0.0474961177530564 0.052842974652704315 0.059178503708116934 0.06671872232440068 0.07576010344022029 0.08670578258360422 0.10009980051774733 0.11666935941325356 0.1373669999296359 0.1633714936504874 0.19586368094779388 0.23413787004631595 0.26642565751338 0.26458706375689733 0.23088543098728015 0.19247560517406131 0.15894195812132764 0.13213464904450806 0.1108174135104699 0.09376663544787163 0.080021998941136 0.0689048463068444 0.05980571305379427 0.052276666882275794 0.04600416541033963 0.040768818148267105 0.03641714973914674 0.03284219029423932 0.02997092794319377 0.027766917578254453 0.02627981412055836 0.02548010544736865 0.025073817271747127 0.024776457781271025 0.02463122927879927 0.024685377733002577 0.024998024550643864 0.02549279210240982 0.026033782963498047
0.03429304571567994 0.037535867174484996 0.0414800968070683 0.04623809215999342 0.05196420953305228 0.05886676408275992 0.06722331460355035 0.07739887008822055 0.08986442728317376 0.10520660811533754 0.12409996015983846 0.14715848702639234 0.1737838351395768 0.1997217396768638 0.21707298668546088 0.21621435633641137 0.19775824584078228 0.1730528555062159 0.14931679365552136 0.12854947603477457 0.11096784583838057 0.09621968761160249 0.08384001212105434 0.0734006496106619 0.06454945220911429 0.05701147790373759 0.05057823142101019 0.04509437125182498 0.04044531378838253 0.036547047146990495 0.03333871250799135 0.03077820773015717 0.02887600317697661 0.02767838392562789 0.026821828442656903 0.026061669698319242 0.02546769441630715 0.025171454551754357 0.025196708422598683 0.02556645834173452 0.02620999513573915
0.030628736767492493 0.03340334032629887 0.036842535752748345 0.041053400185851456 0.046180495062655945 0.052414436785871 0.06000181085332458 0.06925437713583033 0.08055208151495342 0.09432626949111361 0.11096632975373855 0.1297746376342689 0.14913296910165458 0.16613897809109518 0.1763354312257231 0.1759744963648977 0.16717283286511472 0.1537059982334111 0.1387374762083726 0.124176823799607 0.11083527797772412 0.09892090617090289 0.08837669632449725 0.07905511532063858 0.07079811918199716 0.06346984865869015 0.056966544526119815 0.05121561460756486 0.0461698659756046 0.041800333164740425 0.03808994946186693 0.03502957342794889 0.03261838092208553 0.03090952608593348 0.02947429425292926 0.02827638422098398 0.02738950573289981 0.02680857613344116 0.0265381788599057 0.02659386763033484 0.02700488959574791
0.028001173825774436 0.030380218504306354 0.033385017118989994 0.03711319094757167 0.04169544967430428 0.047301112499384325 0.05414346077820928 0.062482113655925764 0.07261555447277795 0.08453550989295375 0.09789200610100898 0.11207096514400232 0.12581586972869457 0.1371030904633245 0.14357709711146252 0.14539876966268145 0.1428855865560926 0.13688355266713245 0.12880555151558337 0.1198656310208084 0.11083004721103848 0.10208809153419213 0.09379412441741587 0.08598209337385064 0.07863882458403207 0.07174561179102149 0.06529852606490258 0.059314699645371755 0.05382960757649122 0.048889480937738164 0.04454264574333328 0.04083302163896359 0.03779796741166428 0.035449777110523314 0.03352487993166875 0.03193353675900924 0.03066615052694221 0.029718445375651742 0.029091977860532078 0.02879587125193615 0.028849675891516397
0.026281215880467678 0.02832862662309041 0.03096906275264826 0.03428924976807047 0.038405457982975115 0.04346672214220786 0.049623592029208095 0.056912280977369584 0.06535765837253917 0.07487446639629086 0.08517699121686581 0.09567643834914227 0.1054005294912319 0.11304343881101203 0.11876761501765576 0.12261064420458832 0.12402526300097973 0.1230846911466408 0.12027923172852759 0.11619873527012314 0.11132643489359809 0.10597988640543493 0.10033585089815371 0.0944815045196638 0.08846392290640986 0.08232825474761195 0.07614202437181776 0.07000513868405676 0.06404670265723943 0.05841198076643882 0.05324505611594346 0.048673521957348205 0.04489607377326669 0.042082183056077145 0.039566109285230286 0.037396403461677975 0.035589110708586766 0.03414190947450173 0.0330531283686778 0.032324697618040875 0.03196585558003137
0.025384730270568027 0.027147136664072175 0.029464040808646272 0.0323927605265113 0.035999890721443065 0.04035380934412296 0.045512300484461914 0.05150273954410139 0.05829210683123866 0.06574521924664818 0.07357391396761698 0.08129031181445856 0.08819497902064238 0.09423450063557977 0.10016738468587336 0.10538365656992824 0.10941344351338345 0.11205772995137936 0.11335661327455374 0.1134761268270701 0.11259624142617172 0.11084641009538568 0.10829022424414347 0.104942626031733 0.100803545353275 0.09589599972885156 0.09029874271000138 0.08416443552134854 0.07771709479180768 0.07122880353170044 0.06498349322771277 0.0593648577644337 0.05506378967188824 0.05152312804286072 0.04820759632226324 0.04519911890889218 0.042610597101852 0.04046216453717765 0.03874663437263682 0.03745524705709844 0.03658329366545383
0.024754247054475563 0.026221793349497653 0.028175116497182344 0.03064808110911842 0.03367879809980293 0.03730185986264322 0.04153693176299393 0.04637238387428933 0.051743187442042315 0.05750400882742277 0.06340217095022359 0.06906139667721557 0.07420366243294786 0.07987945287395061 0.08600076621896892 0.09216898088532322 0.0980336861817707 0.10334355799262371 0.10795368613834312 0.11179045303519176 0.1147991069601419 0.1169001499574976 0.11796893116707964 0.11784247985595334 0.11635203818543159 0.11337527267540053 0.10889553369261447 0.10304827641239862 0.09613315438645388 0.08858050397894418 0.08097025941601464 0.07454062774647247 0.06945182978698627 0.06470792294474079 0.060198624471811575 0.05605643308855012 0.05236566452995945 0.0492200546835598 0.046638527129709464 0.04459330704090984 0.0430573390414594
0.024173014891595696 0.02534364459585095 0.02693990711363263 0.028976110642047578 0.03146802058741409 0.03442562666695203 0.03784354531993179 0.04168857424165743 0.04588464798889914 0.050296929057026804 0.05471920685184459 0.058871812793764695 0.06333755800286087 0.0687926158567706 0.07504490247569925 0.0818817300373821 0.08908964151426345 0.09647418064175688 0.10386477987323027 0.11109884925048284 0.11799027461339652 0.12429414941790798 0.12968136737971908 0.13373687529690287 0.13599473638179047 0.1360178978036149 0.13351506493804807 0.1284614945931471 0.1211692004935775 0.11226814017825315 0.10355282645469438 0.09610092501720542 0.08949430434695364 0.08288372192772217 0.07656651713074589 0.07076270172892365 0.06559671953853714 0.06111877484459604 0.057344527118373595 0.05428499092662053 0.05187975039768458
0.02368005360943366 0.024557430933382463 0.025810839818616205 0.027438765608393843 0.029440135510547145 0.03180796730303821 0.03452173131773406 0.037538387656956794 0.04078271387681803 0.0441385760941483 0.04744414598149939 0.05067494436072548 0.05485000142442994 0.0601249866708718 0.06644617662033343 0.07375184246523454 0.08197235588839762 0.09103093594308619 0.10083701505615496 0.11126589061383887 0.12212254003902172 0.13309281712730736 0.14370032464662896 0.15334733408318807 0.16111760650763662 0.16595700393901988 0.16693783657677871 0.1635583436291393 0.15599065756535488 0.14579456457044251 0.1357717221471956 0.1265578415236417 0.11711020373408983 0.10758956070773786 0.09854145558815142 0.09030683536759328 0.08305136278086038 0.07681574207700448 0.07156258791660258 0.06721286546154558 0.06368548038798769
