_RESULTS/CROSS_VALIDATION_POSTPROCESSED_80-20/Berg/GZ/2comp/1/Berg_GZ_z_500_kriged_reverse_2comp_spherical_1.asc
ncols 100
nrows 90
xllcorner 5.6208707817415728
yllcorner 50.959635321741573
cellsize 0.00013419651685393446
nodata_value 1.7014100000000001E+038
[rows 19 to 37 of 90, columns 41 to 81 of 100]
0.20262236854001223 0.2005630863835385 0.18759852574642993 0.16965728965590055 0.15196669389666775 0.1372043711564037 0.12348520387735953 0.10933440269050906 0.09554311104624932 0.08246406799696857 0.07025895148092422 0.05902469769509118 0.04884003681760041 0.03977047210211448 0.031769000704931064 0.02470494936414817 0.018696075396023182 0.013768555567049307 0.009881985785027133 0.006957799095266653 0.004854079573217871 0.0033645635736602466 0.002387533266221135 0.0018444154920665345 0.0016700200920877909 0.0017619861214939676 0.0020415663020658006 0.0024810421283824134 0.003086989774456558 0.003887289581109175 0.004925696379849169 0.006261031002618978 0.007968464755841087 0.010141799027040587 0.012896799499399352 0.01638239903855335 0.02053388128281558 0.02503031724827186 0.02959673791379552 0.03386146387253215 0.03739093904886578
0.1679604476199413 0.16371764847318723 0.15427690596856866 0.14346573324980963 0.13317944260715747 0.12489953346763716 0.11639757305698159 0.1067113740093234 0.09649956632822103 0.08607283456181933 0.07561515057077307 0.0653038129302747 0.05534416750038742 0.045956592260597215 0.03737442838511498 0.02959593847941142 0.02259367559598187 0.01659755866829941 0.011747243917491802 0.008043758143922127 0.0053527578876074585 0.003452517165973263 0.0022163689660203954 0.0015316244619084517 0.0013511015395107847 0.0015150279463470335 0.0018590626144820484 0.002338537094227421 0.0029663221281473126 0.0037735496500229306 0.004804036377533206 0.0061142305544521275 0.007774759434397032 0.009872602458562637 0.012517327498262934 0.01584643846770287 0.01995069875938841 0.024480197874901754 0.02912215323229656 0.03350664001515404 0.03719510981815358
0.1445939700867991 0.13925296340096263 0.13210055525890316 0.1250556038649545 0.11916817129537667 0.11540086405173414 0.11139378400132226 0.10610855248630686 0.09982859897893573 0.092589158735333 0.08441471696196386 0.07544031245658303 0.06592901520361907 0.056231615204584404 0.046773027204214564 0.03784035820876751 0.02936538959956384 0.021740811991800873 0.0153455743804026 0.010349782217540713 0.0066593492014850155 0.004065250313918285 0.0023810082717687763 0.0013713648874492336 0.0011970428132870746 0.0014872206885495202 0.0018871793583269173 0.0024071607875471674 0.0030619008828855743 0.0038862200751208966 0.0049237739396921585 0.00622863243006427 0.007867157854753453 0.009920461709989756 0.012493640266930114 0.015710873402501907 0.01971297496431292 0.024264783787354516 0.02895036577656335 0.03340055613860459 0.03717411174283061
0.12971620518314791 0.1237908987209344 0.11771147291380527 0.11248883123139788 0.10905779997557208 0.10838561460632383 0.10835240606795972 0.10760599551524666 0.10588923795926389 0.10272640420111442 0.09776776377623474 0.090938913010524 0.08244556823204345 0.07263752849174862 0.062126629733021806 0.051510172465719796 0.04104831880681217 0.030993010843877754 0.022111194357281743 0.014926150648592557 0.009480796972942539 0.005696815527683366 0.0033131710570106815 0.0019957507982774885 0.0016531990189712902 0.0018530134348038103 0.002221869935447445 0.002741692366519034 0.0034138897227539 0.0042554435464025086 0.005306782114298086 0.006618314679214939 0.008251683685217233 0.010283559933830512 0.012812416172953593 0.015950788489966145 0.019830533947237505 0.024386853964619364 0.029087113032462652 0.03355112034679369 0.037336780607263934
0.12158006072403944 0.11514316774722051 0.10918959873760631 0.10445229175764106 0.10203516207806711 0.10334088365922754 0.10703491483950456 0.11136004260968578 0.11532495359498404 0.11768205032102055 0.11747282949054942 0.11412945115338291 0.1075938967751239 0.098273047326949 0.08699412553317754 0.07450025266951564 0.06143066469776056 0.04789534568338916 0.035001743489742165 0.02393443374298941 0.015254343168811602 0.00927340163199409 0.00562144188759604 0.003680846463410876 0.0028965287131424047 0.002780027119039525 0.002993449381266869 0.003429705901924711 0.004084774420735645 0.004930711175817281 0.0059917239600604305 0.007312151483740001 0.00894768796249781 0.01097118969604387 0.013472326891525607 0.016553063212271495 0.02033228481806266 0.024845079693375547 0.02952959384127343 0.0339538433826809 0.03767724147567704
0.11938545705531402 0.1122701189003705 0.10569266984351042 0.10034675986328895 0.09757704618220521 0.09968445158829196 0.10719359915157413 0.11781158262156571 0.12927271696418466 0.13922686450885882 0.1458968911451788 0.14813772382251109 0.14547290061430374 0.13821276960183596 0.12722234417665446 0.11335163776290291 0.09741009730438467 0.07926118829566772 0.05979320865400468 0.041355170777738155 0.026411427061387948 0.016193889825823295 0.010044795324887073 0.006696034774326813 0.005049862870195257 0.004394869038893778 0.004292666471244763 0.00454583205766858 0.005105833704209936 0.005949593965155121 0.007023895617578315 0.008350708254264205 0.009984622401014661 0.012001007377962532 0.014479452279951897 0.017511354062278103 0.021202581296520487 0.02563337938974991 0.030265838576025335 0.03459248459434981 0.03818845895196374
0.1226701149377421 0.11472355255052673 0.10705548600130371 0.10028676078460307 0.09563298632152566 0.0966122629803729 0.10852660690926166 0.12786944549731816 0.1494424442845405 0.169922895816029 0.18679346921396167 0.1980478019689446 0.2024563848114813 0.2000943828068705 0.19169174860518873 0.1777506313557834 0.1591653543559391 0.13601103263806272 0.10681441498084134 0.07444727086562633 0.04701484724839385 0.02855072737826912 0.01766047986012362 0.011650707513320433 0.008451511649268103 0.006873152251899135 0.0062200195927505945 0.006139079014847276 0.006493959515936057 0.007253271067058406 0.008311648600328384 0.009652104181642448 0.011303502229407302 0.013305060664355267 0.015755925906841512 0.01875740610028547 0.022395914273538257 0.026738490022612867 0.031273912222321815 0.03544861287026842 0.03883806345789453
0.13173400075225955 0.12267964223716171 0.11377988650301328 0.10560079720242134 0.09851811870639782 0.09388385307583692 0.11374963353973117 0.14541612237352902 0.1798847860258866 0.21418728537910262 0.24458940644452626 0.2681865237454755 0.2831565447526394 0.28884557199077093 0.2846675569507366 0.27290063597433567 0.2559367822427193 0.2336756064759961 0.19523907016883646 0.13585925696187603 0.0822604781349471 0.04846539706354881 0.029445347991545138 0.019044878715825532 0.01335948605068594 0.010339979355927778 0.008810243383022411 0.008149761283760387 0.008099404596823949 0.008572585908751084 0.009493851837360227 0.0107390646098966 0.01233556533525155 0.014327083478797591 0.016747600188195187 0.019660283174219844 0.023233201080716987 0.027562659692886196 0.03218231768954998 0.03636549176108713 0.03956865730477886
0.1483555285405452 0.1376646194848163 0.12754074971863966 0.11908759673026638 0.11324650519436885 0.11398405318171294 0.13695462157760535 0.17549998028594205 0.21954651510143874 0.2652492916564714 0.30870299003045526 0.3458087121013533 0.3722984300792581 0.3847966763592724 0.3850605328160223 0.3773035588723222 0.3666549260296846 0.35612273097657 0.3371263645201458 0.2314204352604589 0.13151741034740907 0.07562575697719978 0.04525058889734287 0.028796730544355886 0.01962669642600253 0.014489210690009267 0.011656901125145494 0.01017460300496976 0.00957306801482542 0.00964673177762314 0.010317995996048861 0.011387505730413272 0.012840683444632987 0.01472410351312376 0.01708142905998197 0.019946900615121183 0.023356841411299553 0.02752844467066299 0.03207909986454439 0.03627889751978543 0.03960523389612462
0.17608390521952016 0.16237928734435664 0.15083946781958635 0.14337509167036896 0.1417113837166515 0.14849855074595092 0.1709484545257396 0.20972593358643088 0.2585981882362735 0.31345740009183565 0.3692047391782391 0.41824526571912074 0.4521934309762667 0.4682274348311844 0.4685596101351232 0.4591719193211918 0.4459975456682268 0.4283854104087428 0.39067615709772757 0.27956255327417556 0.16891220591213107 0.10130994640787935 0.0622681924884167 0.039287795217826604 0.02594935392543496 0.018422189559895507 0.014176652316178883 0.01181350911714053 0.010624513445272798 0.010268991594195026 0.01061783845512139 0.011466968523019391 0.012718247543394923 0.01441740405305194 0.01661460338263688 0.01935918340834876 0.022685788959351208 0.0266285393388806 0.030931059446642692 0.034967116883736965 0.03826694427633449
0.21597569006770828 0.1965549226455353 0.18323157002194285 0.17563859538150522 0.17350235873241446 0.180733614358917 0.2018395065671357 0.23971385188313699 0.28987655471604207 0.3497139130894117 0.41380117175241854 0.46981650812284415 0.5071674846035064 0.5204369303200779 0.5118023338623539 0.48798365252532233 0.4531677213623118 0.40890679373269273 0.34490575776838656 0.25576598159822883 0.17069381472230932 0.10972735894626386 0.07009078048300234 0.0453999199757825 0.030140615576857252 0.020983882315843323 0.015718269532125906 0.012686719702523474 0.011012624847553013 0.010287375097874408 0.010317752118965991 0.010939645845846458 0.011966211475699134 0.013437276367953051 0.015406593527682307 0.017935067564210903 0.021085683827791656 0.024887797219265585 0.028842451902353978 0.032566533461079364 0.035702419133603336
0.26207478729713807 0.23586581185025207 0.21721688232518238 0.20433255470950684 0.1991009079415728 0.2038969904942931 0.22160438853216224 0.2556115907307906 0.3052403607138399 0.3660386415996884 0.4308082449720937 0.4893728700868462 0.5252211964916104 0.5243463365982248 0.4931399019588721 0.44378072912915084 0.38800021019575737 0.3302953243666582 0.26822554962111916 0.20252267229687446 0.14312232291321497 0.09659400426823318 0.06429077030841845 0.0430870620264975 0.02947460084265976 0.020945715222133697 0.015541703911885524 0.012344882447716069 0.010541832085033405 0.009657863482939767 0.009465718431232487 0.009877763218713058 0.010687686711734019 0.01191749219386341 0.013622273285741589 0.01587273167379775 0.01875039466266097 0.022296003596736624 0.02598542399099168 0.029311377128616308 0.03217909310100134
0.29543521391293204 0.26538212669096667 0.2401595246945244 0.2220356680225397 0.21238592985086177 0.21265493736593025 0.22475069937301256 0.25146499897546976 0.29612406463385926 0.3523707881494665 0.4153583045856668 0.4708064860858719 0.49507286674386386 0.47202884842519066 0.4134770226807268 0.3465737003832624 0.2850960149988202 0.23179960389943904 0.18426412990870264 0.1403524741784895 0.1015229205313396 0.07105681084654199 0.049165173631927 0.03411212727583624 0.024032147687852116 0.017521446327514796 0.013263578637537278 0.01044961768688878 0.008821080741069064 0.008029202207415794 0.007859332214494379 0.008203257218458838 0.0088869680315229 0.009958867966160368 0.011460292029789574 0.013434156448465469 0.015974233835421306 0.019147286045128414 0.022480099760991336 0.025499158721455275 0.028225674622839418
0.30469125707912864 0.2758505556599035 0.24752612823153536 0.22512131614366562 0.21062149422356596 0.20517404256779082 0.21004830983213507 0.2275005410383301 0.2594032293653246 0.3048095004909596 0.35737857297211606 0.40977755071496674 0.4272922954466199 0.3750212073419992 0.29800132276045627 0.23131853750721487 0.18024114500032684 0.1418033446774496 0.11124806842999478 0.08433269420257553 0.061940918597988545 0.04433042726985546 0.031261890882778136 0.02206346753705699 0.0159161493826092 0.01190801685677271 0.009270167186059587 0.007505448780675047 0.00633807953816304 0.005768005786857153 0.005677844358194328 0.006007808777785692 0.0066239660608941155 0.007523035451949491 0.008822001875857452 0.010606973484777838 0.012947270728513156 0.015779651106000204 0.018672156971794883 0.02142291508139257 0.02423350304276852
0.29951726554013636 0.2714323677928854 0.24080117557361752 0.214658915562457 0.1953856780443644 0.1840314669508099 0.18141219551956192 0.1884138451027143 0.20377035040715646 0.2279156308591356 0.26122991578252475 0.30359828247918236 0.33675698123690906 0.25285549341896674 0.1781466017922613 0.12979735416321486 0.09754527291726504 0.07549007023314253 0.058334083023788494 0.043929999945623764 0.03206599855909663 0.02295958616818792 0.016348153394540467 0.011738933313836146 0.008689955947299082 0.006694487435702328 0.005383209687296821 0.004516895174005177 0.003942596909324565 0.0036136020222508882 0.003596404009478062 0.003874436369639374 0.004383306981451462 0.005129761488103585 0.006164125144686237 0.0076278441581401155 0.009636778278834402 0.01213946290853814 0.014814519558648006 0.01754884275718046 0.02044097178993196
0.28894051989207 0.2588632983316344 0.22490445910821774 0.19505345077727965 0.17155244682058524 0.15510430998625882 0.14586192964916492 0.14223222629421578 0.1414230237760749 0.1446126291292905 0.1530990907602775 0.16518361346674917 0.16684751371662385 0.12355616671134323 0.08480898491832216 0.06043465427115852 0.04511421937992552 0.034757294165013525 0.02631381314807001 0.01936294928316264 0.013973405047084208 0.009997978012050057 0.0071758813984733475 0.005252543135050996 0.003995345818418028 0.003177624759696328 0.0026487532319823506 0.002312315316383084 0.002107526572330072 0.0019960079373013617 0.002017594441316925 0.0022216243526410745 0.002586766946604782 0.0031377002808560283 0.003927778429565108 0.005030179393130466 0.006595362222389158 0.00859286999953639 0.011010353918937456 0.013861837400495708 0.016953010421788657
0.2773191448567507 0.24275436876178627 0.2049108484376045 0.17136946462451955 0.14420997316443002 0.12366947255766135 0.1089560404139887 0.09666566118964319 0.08659817052311045 0.07900116058683142 0.07349303372180946 0.06850120546753066 0.05964192547281325 0.045682130095457636 0.03274434373452001 0.023747186171141684 0.01799404527391676 0.013651325727651452 0.010086435829689027 0.007299851795184576 0.005223431064606315 0.0037351239595149 0.00270200694417618 0.0020205909476301224 0.0015811056787223203 0.0013013314314049538 0.0011279528291293045 0.0010277684501870845 0.0009809313440610385 0.000976144783293667 0.0010143151009699622 0.0011449186818803117 0.001375117604725058 0.0017340483864690726 0.002274356960769382 0.0030629803444695756 0.004171183287065315 0.005694566671249515 0.007757475009311846 0.010400557530906289 0.013546112325703004
0.26283136475060437 0.22330296665522145 0.18186387091878164 0.14509026935949756 0.11552539358964865 0.09291396104439785 0.07493475515062514 0.05987731233763458 0.04784699679168672 0.03852036944577416 0.031252578899563836 0.025249640668901386 0.019864930355195876 0.014953414041268083 0.010968923437737567 0.008183733852375162 0.006205332714581566 0.004654211080937668 0.003400676898799407 0.002438105090649892 0.0017319755188239343 0.001233639507619025 0.0008984142847800567 0.0006841718619946636 0.000551085166529977 0.000470579527191693 0.00042546975317164575 0.00040576312610106867 0.0004062775484948914 0.00042519719582661625 0.000463147395357397 0.0005366193513969026 0.0006657004474701112 0.0008750141747017538 0.0012067978591129291 0.0017217883370777634 0.002485959860946077 0.0036095378407220353 0.005241926962835148 0.007497973870575819 0.010412388766357243
0.2457996186173245 0.2006966668937299 0.1563602148975637 0.11798178945128504 0.0880995761779778 0.06545155301618479 0.04777391382684001 0.03418428381190858 0.024250487931167866 0.017207152789079274 0.01226891407472843 0.008786586282180223 0.006325688233028443 0.004617173188205933 0.0034553272742159913 0.0026291152404608917 0.0019955168790168416 0.0014920730400032006 0.0010896741269621928 0.0007785439716654294 0.0005494863234244628 0.0003889359333198144 0.0002835034142623486 0.0002171194199658847 0.00017732484319265174 0.0001554187807582718 0.0001459919446609436 0.000146011467739993 0.00015346530449160772 0.00016873191386550338 0.00019360681833174503 0.0002317351267212625 0.00029691566786556296 0.0004076402453270718 0.0005949299344797532 0.000912602611129491 0.001423790862511799 0.0022161575724628417 0.0034408672789885517 0.00525954063255062 0.007793582765569591
