_RESULTS/REVERSE_NEW/Berg/IZ/5comp/Berg_IZ_z_1000_kriged_reverse_5comp_test.asc
ncols 100
nrows 90
xllcorner 5.6208707817415728
yllcorner 50.959635321741573
cellsize 0.00013419651685393446
nodata_value 1.7014100000000001E+038
[rows 38 to 56 of 90, columns 43 to 85 of 100]
0.7648235439057776 0.7284594801641047 0.6871834331517849 0.6432662235273195 0.5992845815632558 0.5577780376071944 0.5209316170528954 0.490375075915121 0.4671228664079736 0.45161795654534026 0.44381590727340736 0.44325342874566565 0.44907106902046035 0.4599899850586956 0.47429872142284074 0.4899514567695082 0.5047560465109765 0.5165719565870049 0.5232299533917596 0.5224418719490195 0.5127331934685158 0.4943373465000601 0.46909806092763984 0.4399047938774899 0.4100339779998779 0.3825518771125665 0.35994221857510883 0.3440173263534836 0.33604158246652743 0.33694211622012404 0.3474956542877132 0.36841995850656944 0.40033360808378604 0.44356594427788915 0.4978130158518623 0.5616966799427224 0.632388608351629 0.7054771581345491 0.7752574083482945 0.8359616313407301 0.883783420873912 0.9171426851576694 0.9353553054909718
0.7567080670035762 0.7232754392715219 0.6851777591567533 0.644470490209801 0.6035317835354724 0.56475701950576 0.5302628042280729 0.5016845742197036 0.4800966521402995 0.46602813440732194 0.45952000495245493 0.46017190715628203 0.4671476523004027 0.47913126143062457 0.49426519573169836 0.5102291257237072 0.5246873909160151 0.5355460049444568 0.5402243779438858 0.5358468393372123 0.52096113158566 0.4962971413514574 0.4643469917519285 0.4286505471073206 0.3929964054157387 0.36072286477957644 0.33434015732493577 0.31551443059652523 0.30529152570577567 0.3043961988393835 0.31347966681916445 0.3332434601720688 0.36440862977347904 0.4075155903452216 0.46254029454353435 0.5283636045490087 0.6022711230015657 0.679721467410367 0.7545651680940763 0.8202679331967752 0.8723630307557767 0.909226751778091 0.9303003146931597
0.7514265869295519 0.7209613949726392 0.6860574950604351 0.6485564876361645 0.6106392134156136 0.5745588781835119 0.5423665076578826 0.5157070305406501 0.4957194779490851 0.4830246336281157 0.47775434481805246 0.47957480854116447 0.48767040084424357 0.5006681244206732 0.5165366791974381 0.5327508758205601 0.546949122967937 0.5568425720804917 0.5591828055486071 0.550750977177889 0.5303872053550843 0.4993776305190094 0.4608652455035648 0.4190263728349558 0.37811123198981006 0.34165069245665947 0.31209771125314123 0.29090320800954583 0.2788456968544795 0.2764138027071776 0.2841054270672864 0.302576778790076 0.332617495995115 0.3749431205754511 0.42978866437507607 0.49631885343295135 0.5720237273361214 0.6523882987329835 0.7310443632101283 0.8009162227353116 0.8568850896576206 0.8971544398366494 0.9212862201671482
0.7490784805547877 0.721409662149147 0.6894985451242002 0.6549808472618377 0.6198469810417319 0.5862127220527766 0.5560658076297321 0.531061265097562 0.5124031487900543 0.5008052668172001 0.4964933875878274 0.49920452120504855 0.5081471792153286 0.5219010510622999 0.5383248071589676 0.554807888999627 0.5688382682034882 0.5775880776883348 0.5772786196019825 0.564744887323453 0.5392049197294407 0.5024194464337736 0.45810496171467463 0.4109931130232905 0.3657047905317378 0.3258830605412922 0.29387062611301523 0.2708798716780576 0.2574189518991506 0.25374329684182073 0.26019353912211746 0.27736214466577197 0.30607183548592265 0.34716103950468163 0.40106531458886513 0.4672015511740837 0.5433002860547473 0.6249947359825754 0.7059192988382623 0.778759672100709 0.8378853095649045 0.8811711467866596 0.9082228539576569
0.7494741681628616 0.7242686333797655 0.6949767798888236 0.6630358920039839 0.63025271938401 0.5986094436518662 0.5700306763034027 0.5461789867464378 0.5283201835890612 0.5172594663459532 0.5133189106692836 0.5163155704031555 0.525504661691536 0.5394738778084577 0.5560725052060976 0.5726266318054403 0.5862736113164387 0.5936231275167178 0.5907410985072529 0.5747192273316016 0.5450523452771608 0.5038190493771748 0.4551532016668778 0.40418434510293266 0.35577854052294106 0.31362436653233233 0.2799458422642679 0.25574733434029595 0.24131177920417496 0.23670051261006675 0.2421161772516469 0.25808050860553927 0.28541574545002274 0.3250250796230474 0.37746724118153874 0.44233891420360744 0.5175912421256011 0.5990758664433533 0.6806105517515341 0.7549496238465703 0.8162039638403925 0.8618343676232768 0.8913483954261101
0.7522218504335217 0.7290276132594925 0.7018521564727661 0.6719362227126644 0.6409056522811379 0.6106097161538805 0.5829073412483701 0.5594636458449321 0.5416008266225899 0.5302125243788608 0.5257202410349456 0.5280357417091373 0.5364964844464762 0.5497651162994588 0.5657589076901411 0.5817563723678 0.5945732999636567 0.6005050522428301 0.59570732879798 0.5775012960289996 0.5454972759206259 0.5018899694881863 0.45098732752781756 0.39808637079593007 0.34814903674049824 0.3048646774560229 0.27037703985873124 0.24556387502880916 0.23057058517586912 0.22533420805254661 0.2299587541153799 0.24489944657780832 0.2709482819356536 0.3090146124963651 0.3596990569152897 0.42268895025585235 0.4960974690990463 0.5760135179615594 0.6565630441739154 0.7308222083977924 0.7929338689235267 0.8399881429104953 0.8712657976727106
0.7568027536477399 0.7350956132642604 0.7094520793053611 0.6809114892920357 0.650916706875645 0.621181799425114 0.5934960967299616 0.5695222673656323 0.5506345053244823 0.5378135990834724 0.5315860457018612 0.5319766450292149 0.5384437034150226 0.5497862783033775 0.5640633238319979 0.578611865805625 0.5901560100366108 0.5949558801076588 0.5893342016399807 0.5707383824464458 0.5387281298921508 0.4953640222795199 0.4448139981614352 0.392263947603633 0.3426107115271611 0.29951782169457886 0.265120661751739 0.24028686344737393 0.22514077063558025 0.21958574206370576 0.2236810665197691 0.2378296407230589 0.2627690775425553 0.2993587757369217 0.3481630108200571 0.40887176939776343 0.4796879533057821 0.5569227059306443 0.6350845327925516 0.7077475472644627 0.7693368835715175 0.816723633065517 0.8489246836246772
0.7626312990306764 0.7418694502814064 0.7171489486285987 0.6892989373689459 0.6595748521422068 0.6295531217733732 0.600951781465293 0.575430327398454 0.554416200067841 0.5389819416011047 0.5297694851415059 0.5269374996477942 0.530102353183389 0.5382570264157781 0.5496873077655803 0.5619432671094816 0.5719117098656855 0.5760329261965116 0.5708283601512731 0.5537873906227486 0.5242591848281466 0.4839025782509304 0.43641707906864347 0.38659301083798303 0.33910005016809885 0.29755220487596395 0.2641550382274522 0.2398910472204303 0.22498833269450214 0.21941460791958853 0.22324522856058457 0.2368519276217993 0.2609005453787232 0.29615021122290797 0.34305742079934953 0.40123687205770736 0.4689152170253796 0.5426014152611597 0.6172279384866179 0.6869702104892311 0.7467065663117376 0.7932829918215466 0.8255211666490168
0.769105678154233 0.7487897378150443 0.7244255635125622 0.6966237734834132 0.6664494616228144 0.635343036836311 0.6049561686143514 0.5769531128215778 0.5528255280440072 0.5337513795945387 0.5205044145833158 0.5133980530570814 0.5122361785205762 0.5162494344562755 0.5240205138704723 0.5334367262213964 0.541728027363373 0.5456612738303774 0.5419950130608198 0.5282172537002936 0.5033447091084642 0.4684184701958049 0.42640092673214297 0.3814430846833396 0.3378338020303407 0.29909880245302506 0.2675699731402767 0.24444922329800622 0.23017768081117274 0.22487627827010226 0.22869437480821142 0.2419959508593857 0.265363955314273 0.2994160775715598 0.34444131328036026 0.39991726752280937 0.46404730762572893 0.5335237506216671 0.6037273857471953 0.6694798150032372 0.7262047677178911 0.7709021833508937 0.8023287556639045
0.775646456927785 0.7553790442020161 0.7309184983052521 0.7026512802804458 0.6714534226244497 0.6386382709210351 0.6058054869376742 0.5746421593699998 0.5467249419329206 0.5233586687038945 0.5054682747989213 0.49353758522483654 0.4875708183596717 0.487050409437823 0.49088103986203296 0.4973398438448874 0.504082789289021 0.5082793365652004 0.5069607991583132 0.4976117577745989 0.478869908468071 0.4510534160495943 0.4162342341737583 0.37775690385614485 0.33939187776507024 0.30450811159252156 0.27558414205252335 0.25412152445165703 0.2408546635377781 0.23611191590999317 0.2401512913486697 0.25334573278211675 0.27618935621884955 0.30913035351415136 0.35224961519136966 0.40485023362011074 0.46509244528464105 0.5298550131555898 0.594979624470435 0.6559353750713731 0.708726727488618 0.7506442890624591 0.7805140052878135
0.7817096884414549 0.7612516318377941 0.7364280280460256 0.707395857591695 0.6748467713208685 0.6399839012466665 0.6043781331607028 0.5697642695741894 0.5378287744173321 0.5100256248717759 0.48744648398881196 0.4707503155158127 0.46013354000871776 0.4553106012518628 0.4554827996489253 0.45929782086092863 0.46483412155479636 0.46967275413146287 0.4711349200893366 0.46673129095107624 0.4547556936439153 0.4348210107737059 0.4080847716250162 0.3770077217450914 0.34471500864566573 0.31427984291363864 0.2882981451473783 0.2687321953599786 0.2567767366079354 0.25295657191191645 0.25754078985048284 0.2708552063633684 0.2932947545396476 0.3251373983067759 0.36625229044199226 0.4157687761574135 0.47181649018278937 0.5314781163256714 0.5910565684555642 0.6466436991601994 0.6948286349700565 0.7332806541078736 0.760994226415851
0.7867655086746518 0.7660856825692225 0.7408853492964989 0.7110784793375398 0.6771741002683299 0.6402868778334103 0.6019876787769665 0.5640838766189343 0.5283909226380386 0.49652517523734035 0.46974949769977814 0.4488895992445634 0.43430944530779575 0.4259132696064335 0.42314165178184043 0.4249483485051597 0.42977515328288424 0.43557401077021063 0.43994841508739996 0.44047494193631653 0.43518933403425786 0.4231029096998289 0.4045311390484727 0.38103225070144975 0.35490544646616157 0.32857046550143715 0.3045647540381392 0.28591614722394776 0.27519372100584577 0.27316893021444955 0.2794220938033125 0.2936842628170656 0.31613710353945434 0.3469810617401357 0.38598620176998266 0.43219439414009214 0.48376724408225846 0.538027000403962 0.5917358654409093 0.6415786455038444 0.6847180445608138 0.719242466645348 0.7443649578703337
0.7902551775919806 0.7695570322010012 0.7442703515040395 0.7140290848185494 0.679141802150278 0.6406523470789502 0.6001618301326702 0.5595694812689506 0.5208251586718616 0.4857042930729174 0.4556309769527889 0.4315793897363463 0.41405110211738044 0.4030951049862115 0.39832958003061636 0.3989390388345461 0.4036493378372405 0.4107166061521986 0.41799479735960127 0.42315158570831646 0.4240533960592107 0.4192363188616886 0.40826692412657634 0.39173055377313387 0.3706875014094093 0.346184591456082 0.32058617055849886 0.2996207346231543 0.2893756358671107 0.2911322249434147 0.3021227995742208 0.3197935861774691 0.34359335130515267 0.37391014571181774 0.410799494599763 0.4534842803164181 0.5003127272923386 0.5489201382375145 0.5965402838347228 0.6404264719990337 0.6782896408912277 0.7086332573631275 0.7308933115381058
0.7915893848288693 0.771265030536888 0.7464835678911967 0.7165294830149291 0.681441203183017 0.6421790786659778 0.60039816289964 0.5581036116234634 0.5173713669959156 0.48011578402134314 0.4479001142761171 0.42182571828666954 0.40250846695379 0.390111043647436 0.38438444727999677 0.38468257842900394 0.38994108800908917 0.3986456678618533 0.4088471179236483 0.418296109492682 0.42473980595764926 0.42632571024529414 0.4219142872284692 0.4109768678532488 0.39296603516520057 0.3674515223604899 0.3375556788180423 0.3128069424136283 0.3027717810214492 0.309092047238837 0.3265214810041531 0.3493392868830548 0.3754878590788157 0.4055209032544832 0.44010006482554453 0.47891384522892827 0.5206673617665694 0.5633857292047498 0.604783011760106 0.6426468056371919 0.6751872415130131 0.7012808004083884 0.7205577534405655
0.7903297430895982 0.7707762813155888 0.7472432193237695 0.7186133806279873 0.684512961001359 0.645718522613624 0.6039211792448455 0.5612385850909054 0.5198606984660001 0.481813360640066 0.44877234131932414 0.42194858864658275 0.4020621841034553 0.3893790989398406 0.38376235885326027 0.3846957404600409 0.39126375245361084 0.40210549425016157 0.41539362321961454 0.42891092956211657 0.4402770940558801 0.44728759859193323 0.4481816751669303 0.44157462252159385 0.426164461931341 0.4016278136350455 0.3721288543901264 0.34780630317439487 0.33826170191539856 0.345444679119301 0.3641846362365257 0.38801224649490224 0.41393112966036244 0.4421323112143125 0.4733873989096758 0.5076346137816274 0.5438714684630295 0.5804839836137549 0.6156228333408477 0.6475431904330958 0.6748778253750523 0.6968084965092677 0.713113229483474
0.7866499592012747 0.7680010474641442 0.7462471790659925 0.7199835104154192 0.688305966388284 0.6515870188466766 0.6114122475794966 0.5699676666396443 0.5295409153237076 0.4922478744150394 0.4598564517749866 0.43367810352033875 0.41453981637106835 0.40281694311578636 0.39848133994229046 0.40112181604094665 0.4099175613447927 0.42357862562010684 0.44030167753627725 0.4578138259852331 0.47356723940675616 0.4850742913340697 0.4902612800997493 0.4876832561228896 0.47667267414832626 0.45800098132904876 0.4353880617391088 0.41585575056925783 0.406298364731346 0.40901927636364616 0.4213217900135088 0.43905733740937897 0.4598689018039572 0.48337343335388955 0.5096949492065235 0.5384844563057785 0.5687659565610286 0.5991525847654426 0.6281343864659095 0.6543387751904858 0.6767281395228679 0.6947119505036964 0.7081649746730583
0.7817407919717294 0.763820849996991 0.7438281792945476 0.7204359349353758 0.6923580795459479 0.6593883438783206 0.6227246193687347 0.5844383119908118 0.5468384744403432 0.512100115367601 0.48206902958414144 0.4581558837779899 0.44130387175901775 0.4320090075447201 0.43035183298140667 0.4360006138567513 0.4481685925629287 0.465541438950604 0.4862256365521493 0.5077944182197914 0.5275041015564412 0.5426918697222853 0.5512609191109481 0.5520912197891246 0.545268976403612 0.5322034651934998 0.5157520271647245 0.5000078944317007 0.4890459648895064 0.48513060569371025 0.48816674489589285 0.49685148466805296 0.5100224590754547 0.5270044567252924 0.5472427885869227 0.5699551415528334 0.5940603914567179 0.6182946361472322 0.6413908675704435 0.6622515304811023 0.6800771035894478 0.6944313606430161 0.7052396841015672
0.7774012573375237 0.7601306976377549 0.7415459911605146 0.7207828934695499 0.6966354845310153 0.668491009476234 0.6369840205034437 0.6037972349459396 0.5710685356365556 0.5409318276475437 0.5152648583584275 0.4955610971699612 0.48287911768468483 0.4778375995687893 0.480615887730967 0.4909243545495036 0.5079333588378094 0.5301866100508121 0.5555601082839555 0.5813474567091346 0.6045395815549885 0.6222994797538918 0.6325214572078467 0.6342847374802549 0.6280399659612347 0.6154970994662244 0.5992979345763076 0.5825286533584432 0.5680755372625784 0.5579993042252595 0.5532764992848349 0.554010186401102 0.5598151586504084 0.5700624079004603 0.5839406921327502 0.6004611547574719 0.6184998303411489 0.636891266965331 0.6545462432875934 0.6705616728471582 0.6842983793891542 0.695413552763406 0.7038469931355998
0.7747731006647384 0.7586220141703999 0.7414574620836017 0.7229542068581977 0.702387522990599 0.679192679950705 0.6536251122783816 0.626884388562926 0.6007535019983199 0.5771725516442203 0.5579506020089511 0.544605383320207 0.5382822487819805 0.5397090596190288 0.5491416310440208 0.5662659546653239 0.5900654726718031 0.6187183469956682 0.6496156743858494 0.6795650936403227 0.7051937945992335 0.7235056208633833 0.7324678953265965 0.7314450488814024 0.7213217651911061 0.7042656097257115 0.6832112889010713 0.6612423647994535 0.6410583633159344 0.6246484890566729 0.6131933529647264 0.6071371973255602 0.6063424076699252 0.6102521187187404 0.6180256753891995 0.6286481478069695 0.6410290876169856 0.6540991924003361 0.6669012110292287 0.6786639768934145 0.6888484009992768 0.6971596490942099 0.7035272547375326
