_RESULTS/REVERSE_NEW/Berg/IZ/5comp/Berg_IZ_z_710_kriged_reverse_5comp_test2.asc
ncols 100
nrows 90
xllcorner 5.6208707817415728
yllcorner 50.959635321741573
cellsize 0.00013419651685393446
nodata_value 1.7014100000000001E+038
[rows 72 to 89 of 90, columns 0 to 40 of 100]
0.017288743693673544 0.020108382524417392 0.023897774077795406 0.028897309497495954 0.03531584024192989 0.043233842077290904 0.05246213602633945 0.06239740343013892 0.07196788861276848 0.07977971168805388 0.08449549412603358 0.08531133124289178 0.08227491790046736 0.07625073680802937 0.0685632306647996 0.060541278982165096 0.053194131710231095 0.04710786201901456 0.04250940571820441 0.03939418159585351 0.03763912987635537 0.03706961187441228 0.037481071914705934 0.03863089267255189 0.040221288847772804 0.041896010507647845 0.04326989637431588 0.043995600952862444 0.04384770563607421 0.04278546466259683 0.040959793115939364 0.0386594583178679 0.03622444069742357 0.0339663140272446 0.0321217414292337 0.030841637383470365 0.03020249737089196 0.030223200521979306 0.030875775868092207 0.03208624081355098 0.03372871586207843
0.018314728790271784 0.021673181957401217 0.02627974585581449 0.03250068706031543 0.04069599819677755 0.05108984544631264 0.0635594603846378 0.07738970258954198 0.09113183292700178 0.10275797977213938 0.11020291552925063 0.1121163200868153 0.10841454762350315 0.10028617181671484 0.08966469416690435 0.07851696611032846 0.06832893496427735 0.05994337142036679 0.05366534439815995 0.04946515358171274 0.04715341810726608 0.046480866454054484 0.047166706059889006 0.04888026621135556 0.051207844460982296 0.053640595982630504 0.0556155548736283 0.05661929242408014 0.05632278838807295 0.054682063561175685 0.05194603108093832 0.048564857685040014 0.04504924549983997 0.041848426783163646 0.03928697936865402 0.037559226292936086 0.036755202722860286 0.03689012629484418 0.03791967269764375 0.0397357804651945 0.04214868443835748
0.019186578028508504 0.02302339147453384 0.028372123042247767 0.035730210557703417 0.04562379247523006 0.058449052170847136 0.07418937009774738 0.09205586968061034 0.11023538562530842 0.1260317729918255 0.1365729629064897 0.13987161852217733 0.1356553290377123 0.12543741204406816 0.11180871930473511 0.0974371478710915 0.0843343588473359 0.07362533806410282 0.06570159598708471 0.060509887560814546 0.05779629692948095 0.057240424891638046 0.058487217656262 0.06111153320267704 0.06456056369891848 0.06812758322818735 0.07100868005125827 0.07246091622768276 0.07201343823410322 0.06962473589239843 0.06569015091539747 0.06089180325889807 0.05597786690936055 0.05158176629224733 0.048140143036769945 0.04589965001205631 0.04496653460860317 0.04535455537962461 0.04700532976677343 0.04977406509340838 0.05338970505819749
0.019816590769819273 0.024011385468321704 0.029925639081663145 0.038167502937619134 0.049409091507571494 0.06420721404686583 0.08266179281062624 0.10395533154715973 0.12599349171259627 0.14551800349589486 0.15894549605335984 0.16369933141420479 0.1592989251951467 0.1475068843793411 0.1314733395529856 0.1144811017568507 0.09901297415536592 0.08645567937543601 0.07729296308833251 0.07146954762674411 0.06869529098046159 0.06860711228994203 0.07079816354064501 0.07475775772215325 0.07978050665056641 0.08492008786959994 0.08906659921390728 0.09117985987592268 0.0906068647324073 0.08731741007621138 0.08190888431915758 0.07537296933851512 0.06876555433024902 0.06295047752988739 0.05849869439302959 0.05571716562790817 0.05473256672820224 0.055563785694882774 0.058147203294157686 0.06230521900337142 0.06767065503903977
0.020135669051580558 0.024517577541009188 0.030732091505776618 0.03945140803213828 0.05143528024316082 0.067342739770672 0.08735923406785183 0.11067729476859113 0.13506839745371635 0.15696661375204324 0.17237095711347475 0.17833122795415485 0.17419879213379838 0.16183778535274884 0.14470024202086468 0.12642854672182388 0.10980172633370397 0.0963925238760754 0.08677690919610424 0.0809383189283912 0.07860480226328294 0.079423229874128 0.08297750700980329 0.08869720417454742 0.09572610512827318 0.10285110790441879 0.10860508176665053 0.11159498155531763 0.11095394028503335 0.10667471893716128 0.09960787481578533 0.0911212882051686 0.08263488251094372 0.07527671430399221 0.0697664571758553 0.0664768201512567 0.06556106062969434 0.06705503953532085 0.07090636864172804 0.07691742443012671 0.08461767303543218
0.020108457509096306 0.024479528349520736 0.030680286725766205 0.03938427831444563 0.051356157991929004 0.06726687829949682 0.08732500909955715 0.11075942654701697 0.1353857984165533 0.15767367594877071 0.17362609257167905 0.18025216200014318 0.17682818492480223 0.16513957053050815 0.14858838042370953 0.130812585646226 0.11462956014866484 0.10167877899660344 0.09261648135863967 0.0875105016391524 0.08617176458401739 0.08831979432956912 0.09358110303457395 0.10136246585682974 0.11067557223760643 0.12003927122151478 0.12761193793711412 0.1316268946245731 0.130995346799744 0.1257465310811605 0.11701372895173932 0.10657167706637813 0.0962239317086717 0.08736933506601788 0.08087591155723414 0.0771826416603276 0.07647611425080034 0.07882397704203574 0.08420602640662561 0.09242451102266498 0.10291001961706539
0.019741626892366835 0.023908318300717393 0.029788457634115622 0.03799553220790818 0.049217567719536746 0.06404719821183985 0.08265066037044687 0.1043110258581208 0.12705211253227583 0.1477056427025469 0.16269019638338353 0.16931094470209088 0.16688045095834522 0.15695033051406054 0.1425421183727951 0.1269351807943804 0.11272422846819187 0.10148395351429777 0.09392292543441003 0.09022305001596335 0.09032833278707486 0.09408140760180961 0.1011949138133071 0.11108934749147746 0.12267663169645089 0.1342391786190638 0.1435942643383925 0.14863589386809026 0.14808231389014903 0.14201307254516532 0.13183620722968253 0.11970593171642632 0.107773390235338 0.09767598353248681 0.09040950730421737 0.08647180711266826 0.08608625796313696 0.0893636335037307 0.09633281793264604 0.106815659683083 0.12016102548934181
0.019082043038977096 0.02288512299693245 0.02819787139456993 0.035529926084118806 0.04543661686430121 0.058372759374620546 0.07442202393739562 0.09293793778287641 0.11226359337798959 0.12980842623655348 0.1426785392987781 0.14870395010236476 0.14732118298216404 0.13976257496899094 0.1284623319014047 0.11610705649512437 0.10488361148693365 0.0961943602672159 0.09075945317319228 0.08887452489857116 0.09063319857606834 0.09602111841064273 0.10485691987757913 0.11659928547552223 0.13009920594425473 0.14346553352200656 0.15426197947825418 0.16013819985001698 0.1596885613266581 0.15305491671206034 0.14186850967523423 0.12857147069136113 0.11556725948243379 0.1046595926403966 0.09693042047541166 0.0929187093406344 0.09287959386487071 0.09696651768139182 0.10525964859894464 0.11761009432679434 0.133312356212195
0.018205547631067305 0.021539541759647597 0.02613089170863238 0.03236723146966782 0.04065161566600075 0.05128513885743299 0.06426475144737785 0.07903095779625083 0.09428897597198226 0.10809327451576048 0.11831736126700466 0.12338730144179594 0.12290258897166728 0.1177698585867982 0.10978880690308776 0.10098334148977733 0.09306020553778202 0.08718911820437814 0.08405849426263566 0.08404887353599183 0.08738358650259498 0.09417638676623806 0.10434347447968474 0.11738874339005027 0.13214024769919974 0.14661673619501547 0.15825562322667905 0.16460187631528309 0.164222858208195 0.15733004589998456 0.14569147676918684 0.13189791958669284 0.11846785306162246 0.10727142763097425 0.09941987742083708 0.09546559382275303 0.09567902735387862 0.10023930800323515 0.10925962491370879 0.12261392897137822 0.13957531581519023
0.01720063644752364 0.020018843737377376 0.023833000754956493 0.02891409387089424 0.035525150395753956 0.04383351560588889 0.05377233496034521 0.06488139893526636 0.07621112815772736 0.08640564734218537 0.09402825157005047 0.09804045070002627 0.09819695163653513 0.09512827663812069 0.09007689558832468 0.08446848905871558 0.07955669651404547 0.07626795355206767 0.07522473297742766 0.07684921339682865 0.08145076789970132 0.08923178956938506 0.10017661734958029 0.11382683528923848 0.1290200762137568 0.14377327279710242 0.15553720079813366 0.16190419506859643 0.16151548566763133 0.15465202655219795 0.14311753618003176 0.1294974204212711 0.11627770309504813 0.10528944798837672 0.09761239319235739 0.09377936975403284 0.09405091804402599 0.09860187802381766 0.1075444055980043 0.1207555609398863 0.13751990266262432
0.01615253814140246 0.018459445234372564 0.021521900628256232 0.02551447241503767 0.030590470091995614 0.036820954323256626 0.044107416740524166 0.052091606114869536 0.060114723359882494 0.06728971069954474 0.07271300060828435 0.0757549661384457 0.07629084373400045 0.07474598565837451 0.0719396898874087 0.0688313555792489 0.06630527278067734 0.06506993285408466 0.06566347845117798 0.06850820441069014 0.07395030183979105 0.08223344531083193 0.09337315616543757 0.10693467071317625 0.12179096485608536 0.1360355179412759 0.14725603421706243 0.15322266139910237 0.15273119230916815 0.1461231245986504 0.1351442826983687 0.12224024711805927 0.10973908268408175 0.09934388401389484 0.09205089672043199 0.08834291382480881 0.08844449209988024 0.09249429685573532 0.10056734551907028 0.1125213345556799 0.127679972936575
0.015131830969092396 0.016968378544599275 0.019357992884541403 0.02240423285106019 0.026185044348747806 0.030713259118722205 0.03588584256591182 0.04143835650316535 0.0469346974951523 0.051823736180133036 0.05557020834046857 0.0578209710849524 0.058531416303545046 0.05798777507997904 0.05671981400196559 0.05535976121169584 0.05452036944041519 0.05473439552488757 0.05645259263620327 0.06006750930228757 0.06592118282500165 0.0742573196097192 0.08509022003498745 0.0979962239777044 0.11190350358736167 0.12504128148739446 0.13522281906156636 0.14048307431498358 0.139818794901723 0.13361551951577388 0.12349062687903355 0.11165668280028022 0.10019993685824846 0.09063713034237106 0.08384679778281665 0.08024107688356454 0.07999053364013324 0.08317615518506769 0.08981252432935162 0.0997249105183986 0.11229680325963887
0.014189087417961386 0.015616623502003461 0.017437732767237573 0.019708552632466226 0.0224610880112965 0.025679331686025507 0.029272119514618573 0.03305325348580187 0.03674495119579867 0.040018737346593676 0.04257333227321936 0.04422609460876071 0.04497914463078973 0.04502946145921096 0.04472211716217565 0.04447560423326747 0.04471645596454984 0.04584524926745062 0.04823245900868318 0.05222463264062075 0.05813258499310392 0.0661717905615074 0.0763339221021136 0.08819995624997087 0.10076854297729751 0.11244206121594821 0.12130769130212382 0.12570405578952404 0.1248401019043657 0.11912473185987187 0.11000464138899897 0.09941215294940861 0.08915272554657093 0.08053121571891086 0.0742944875265851 0.07077669852752551 0.07008936407041219 0.0722510945727393 0.07721286376780465 0.08476999808576491 0.09438018609692428
0.013354718422741744 0.014441621262947148 0.015802717020959315 0.017465157834473215 0.019436191022582962 0.021689680468037903 0.024152906870970162 0.02669987436264889 0.02915911644822325 0.03134154229511761 0.03308569394580626 0.034306946408849834 0.03503127701001422 0.03539964254542686 0.03564376517080098 0.03604808580964411 0.03691629294205144 0.038553242154706235 0.04126056431374687 0.045333190024994176 0.05103678564210996 0.05854377612794431 0.06781363006767582 0.07843234287520945 0.08948071161306266 0.09955224272958597 0.1070214497239331 0.11052978715483663 0.10948311577634322 0.10429287240003174 0.09621812908579189 0.08690163729272184 0.07786516146782034 0.07020258514398763 0.0645320403393531 0.06111426719882346 0.06000859818303854 0.06118150934523211 0.06453423936221364 0.06984710058871577 0.07666040187266819
0.012642061260088204 0.013454619161476014 0.014455352802680914 0.01565519218464382 0.017049998573199228 0.018613498889811952 0.020291678433071555 0.02200207615354899 0.0236416891230486 0.025105248984157044 0.02631128099950647 0.0272284712950043 0.027892907018733502 0.028410084700208414 0.028942788467122928 0.029692337688797817 0.030882119244695715 0.03274824097962505 0.03553515005741569 0.03948697670302439 0.04481985914671778 0.05165883545064999 0.05993094987553427 0.069232785731227 0.07873578373390053 0.08722778295353369 0.09335942149952593 0.09604850860138216 0.09486774700803727 0.09021319313468687 0.0831574903442693 0.07506917585114997 0.06720613214031897 0.060468707468286094 0.05535987091939769 0.05207892426710637 0.05064685129943631 0.050996109050377325 0.05299990452459247 0.05644232824868106 0.06094763511137398
0.012051755866583748 0.012649115178589219 0.013374339639124494 0.01423016076789301 0.015208569000591074 0.016287439675295782 0.017428734444794803 0.01858007685898135 0.019681287919484692 0.02067616991187168 0.021527595125067158 0.02223183757892633 0.02282760387430833 0.023397180106853526 0.024060627276323267 0.024966844904581148 0.026285709367151706 0.02820306656655666 0.030916134434601013 0.03462214539665567 0.03948912970113259 0.04559716008455386 0.05284654193510386 0.06085270869042977 0.06888315232983157 0.07591335129025178 0.08084479532782864 0.08283297155950714 0.08158266725523808 0.07746094984761227 0.07136575074167893 0.06441910607531885 0.05764550914708016 0.05177667086808188 0.04721843481371471 0.04412316657129998 0.042488800177509674 0.04223245703759557 0.04322002670248119 0.0452545026735844 0.048038280211187084
0.01157605146869899 0.012008204303112498 0.012526703890620189 0.013130711967066267 0.013812074879835304 0.014553940179904483 0.015330690958075587 0.016110090146452895 0.016858239508884633 0.01754716469398627 0.018163721932542634 0.018717636452179897 0.01924648412389665 0.019816554015099352 0.02052025373517277 0.021471992797020348 0.022804418676276375 0.02466527586975684 0.02721240314603945 0.030601154497564016 0.034955927425866874 0.04031793134097955 0.04656925759845014 0.05335282848108893 0.060034421187481396 0.06576446830378603 0.06966419531958061 0.07108566895886775 0.06983283358802234 0.06623445891356688 0.06103008869027293 0.055126736906068285 0.04934854506722626 0.04428475349661711 0.04026220811714002 0.03739981653738153 0.035685471492347506 0.035035732431487256 0.03532417341998698 0.03638110013876561 0.03797629222423913
0.011202369318812773 0.011510028874820975 0.011875772421927938 0.012297633148135041 0.012768849633850395 0.013277483149853938 0.013807027992273997 0.014338435702848339 0.014853735685714626 0.015340971505133935 0.015799621417432592 0.016245316103901654 0.016712784853931243 0.017256599200234507 0.017950132023774112 0.018883681157372604 0.020162472266273476 0.021904111765593114 0.024233170626268025 0.027268382383910404 0.0310964004230736 0.03572726478869463 0.041033997128670736 0.04669431001650969 0.0521712382606413 0.056774115978975616 0.05981210039747184 0.060795862692908896 0.0596005232521986 0.056510940463689784 0.05212572163877211 0.0471675245997472 0.042291480603657144 0.03796852879882062 0.03446239989772181 0.031869218827363516 0.030175996997559608 0.029308228988386233 0.02915570668893852 0.0295784417578804 0.030401043179141534
