_RESULTS/REVERSE_NEW/Berg/IZ/5comp/Berg_IZ_z_90_kriged_reverse_5comp_test.asc
ncols 100
nrows 90
xllcorner 5.6208707817415728
yllcorner 50.959635321741573
cellsize 0.00013419651685393446
nodata_value 1.7014100000000001E+038
[rows 38 to 56 of 90, columns 43 to 85 of 100]
0.5577134055008485 0.4292152391823974 0.32116805877577687 0.23787690764937217 0.17822357682578704 0.13829307637610627 0.11368552211598797 0.10087795350665407 0.09776104653389416 0.10372510696312091 0.11954156847999464 0.14700096526128703 0.18796767697358374 0.24242798411551114 0.30574661312278667 0.3669518709453907 0.41090455366053363 0.4249646426437466 0.4057091378808597 0.3602368866094119 0.30188087750555376 0.24364720800379613 0.19378798592520854 0.15537603816615533 0.1281535638908673 0.1105301693195767 0.10086297717600946 0.09805791688921367 0.10179453793019394 0.11262003024157899 0.1320337845194526 0.16257354863887868 0.20781142456561624 0.27205254328400275 0.35942527909651856 0.47209564535630744 0.607741705889023 0.7571744508677163 0.903756132977511 1.0266957808169361 1.1081931034172776 1.138819347324726 1.1182669988052252
0.5589455720315758 0.4366973269143302 0.3327198797586588 0.2515515373949486 0.1926975214281835 0.15294009863120475 0.12845923124257777 0.11615475996460112 0.11422870774102328 0.12232320774229798 0.14139746407191964 0.17325097919365776 0.2193252673568582 0.2784458348570585 0.34402022493856776 0.40296401961893 0.4393891091968337 0.44227884921041183 0.41101799284343504 0.3552842161445064 0.28998681567092355 0.22820047895462126 0.1772242027692989 0.13899642464665604 0.11239533519228145 0.0953047065949446 0.08579893398684404 0.08263133739678992 0.08538077799539867 0.09450942969418685 0.11145033124745445 0.13873734437638488 0.18009012723051754 0.24023972599548998 0.3241334739590553 0.4351286830693194 0.572167037330987 0.726811659753779 0.8820052543964955 1.0150922529320165 1.1059078653302226 1.1436912867484377 1.1278044203319555
0.5673049588454412 0.4496831423215395 0.34834327666675075 0.2681563231903382 0.20924523244708174 0.16902276004001587 0.14415914602633131 0.13187934850994565 0.13058335314339423 0.1400147193144254 0.16111110551029084 0.19541860743308792 0.2437275493728156 0.3037253931877869 0.36743552937675017 0.42095312668305196 0.44914711651519246 0.4430244230297633 0.4039206701911397 0.3428738878538085 0.27512913089955576 0.2130659394812355 0.16296574702849465 0.1259618129491776 0.10045787337739256 0.08411054703343487 0.07489839970629791 0.07152453567440743 0.0735144731375844 0.08125338526459792 0.09607639598754147 0.12042849287780112 0.15801685967716544 0.21374869682371972 0.29307537968699243 0.40026908200863015 0.5354773331197561 0.6913582124364994 0.851252643462857 0.9916920068654621 1.090785913655015 1.136461298284137 1.127474795119832
0.5800519169415821 0.46562677901802674 0.3657343873021549 0.2855986548873037 0.2259069418075813 0.18461174941725053 0.1587684924846222 0.1458098100928622 0.14419049968241807 0.15356960083684695 0.1746338503415867 0.20845639343898703 0.2551228851549999 0.31156250140999464 0.3694750249791231 0.41570271519162816 0.4368927982861145 0.4257280495230313 0.3843984589921427 0.3238707255789354 0.2584000113649869 0.19914527873233584 0.15158148187078502 0.11652181959032265 0.09233928845251665 0.07676462767100808 0.06785349277595566 0.06434827825555318 0.06576416406611464 0.07242483076986082 0.0855570346406611 0.10746633369486319 0.14172913006275603 0.19320890755820028 0.26752535866324634 0.3694727120609829 0.500128372087883 0.6533324868831598 0.813476193171195 0.9574381255068107 1.0626086251857845 1.115827636856347 1.1150479186138917
0.5943555332354666 0.48197187606490116 0.38262229223173977 0.30184084707703474 0.24079549952760712 0.19787925967508163 0.17042829246762356 0.15596823889210135 0.1528719725538607 0.160549748966275 0.1792672089577376 0.20952833444251462 0.25085459972540697 0.30000243291538037 0.3494434796046193 0.38793560200869 0.40432529571920545 0.39252474355425254 0.3545712813564073 0.2999488239793609 0.24085011829431202 0.18695055338090238 0.1432127023976907 0.11058803193832444 0.08781206673984951 0.07295097020490943 0.06428588349182793 0.06067566588828392 0.06166513491038206 0.06753783942739568 0.07941821208472262 0.0994515345121417 0.13100888439681088 0.1787419516244482 0.24813969304507372 0.34410112485725675 0.4682283177758874 0.6154010226027083 0.7714485373579829 0.9146156426650995 1.0227515625225596 1.082100216060471 1.0897273059642667
0.6075532932891333 0.4964215989003205 0.3970709060998819 0.3152498824302727 0.25250594896761586 0.2075811497295502 0.17801030469252466 0.16133054123359658 0.1557447547634444 0.16032522669203658 0.17485711320791275 0.19931436946584186 0.2328917616205467 0.2726795258234736 0.3126041307414101 0.34386481099867455 0.3576133085969787 0.3486973133076585 0.31824718824422105 0.27331856127962917 0.22345363912558963 0.1767268582163156 0.13776495451692525 0.1079427708338134 0.08662605580135495 0.07241181389767533 0.0639283575255348 0.060220576901974056 0.06090336552972134 0.06624655432772751 0.07728907017632557 0.0960152000256356 0.12555015367336456 0.17021693164308593 0.2351384043588001 0.32494967717080375 0.44135165003531135 0.5799845004499071 0.7282458195234609 0.8664588488372068 0.9740072730126157 1.0372396806662911 1.0524370449901181
0.6174523394901416 0.5072358712476895 0.4077769782723218 0.3249012169037627 0.2604277429607207 0.213376654971921 0.1814379958843563 0.16213219388565253 0.15347453997668084 0.1542012557738301 0.16366265769733684 0.18142431622913366 0.20656665617622033 0.23676852534803752 0.26757589404205384 0.2926035730036841 0.3051891586473838 0.30095976553750814 0.279873490085045 0.24632776826641287 0.20709919166188034 0.16858910797418575 0.13506381762959868 0.10837293485355312 0.0886176401301161 0.07503982661801024 0.06670814494242286 0.06291900426015593 0.06340151699848202 0.06844322987513686 0.07902042528720409 0.09696609574265641 0.1251397549656909 0.16745794661829794 0.22850749873959084 0.31237683328344856 0.42050543382997047 0.5489894949362687 0.6867474189759564 0.8165519678314627 0.9200837117097427 0.9845306177512382 1.0056931189466771
0.6225901457056254 0.5134490427025642 0.4142392860051954 0.33069808615147556 0.2648103568594872 0.21582874378161002 0.18159700011438257 0.1596442003319354 0.14784338470549435 0.14466520047688666 0.14913061816679923 0.16053440255951296 0.17796933898538836 0.19971870885548598 0.22274547492442553 0.2426990021578106 0.25479197981513774 0.2553796301980048 0.24345602976853098 0.22111582552546763 0.19261316472463916 0.1626568770751623 0.134980117041576 0.11175477369871631 0.09376178884574378 0.0809123929985578 0.07277438574545453 0.06895579190041724 0.06934851953765687 0.07429408687026413 0.0847317102125852 0.10235553770082699 0.12974847348946233 0.17036827767510143 0.22815149972964352 0.3064513539112615 0.4061972822564222 0.5236988704676908 0.6492692522335772 0.7682200566561335 0.8649094992710044 0.927947170526958 0.9530712912704506
0.6223748128289239 0.5149306610330671 0.41673738301037777 0.3332696061125814 0.2665795553500798 0.21612925481959214 0.17994746260598699 0.15563550662674547 0.14100810326222848 0.13437264827873774 0.13453922718647673 0.14064508573749182 0.15184270832817842 0.16690212414875671 0.18384701836728445 0.1998460971209796 0.21158577923042873 0.21613213955914448 0.2119367468514071 0.1994283241335424 0.1808076279947477 0.15917853294123296 0.13754088563623393 0.11812265971375914 0.10220382298235647 0.09030131553163577 0.08249811912958874 0.07876177235842438 0.07919633147878183 0.08423616874842392 0.09480892278033873 0.11247999033734941 0.13954571052729067 0.1789682783102893 0.23396553609092227 0.30705607843763627 0.3985346055247144 0.50478687877124 0.617388839409526 0.7240891207737435 0.8119738595057481 0.871406796965784 0.898459394375092
0.617060193317841 0.5122763814797113 0.4161467551733267 0.333719085635907 0.2670253319394136 0.21572777300581464 0.1780888348666088 0.15186379879298867 0.13490691104085006 0.12546804971010936 0.12225142214555777 0.12431707757235624 0.13088021662891353 0.14104815987875807 0.15355562062493455 0.16660863763737593 0.17797352380252204 0.1853777334191747 0.1871190429872434 0.182607956298076 0.17254624024196652 0.15864293930026155 0.1430408387097168 0.12774900587070953 0.1142988506560646 0.1036753257322128 0.09644619745927353 0.09297033526112639 0.09360889281207072 0.09892257317097108 0.10984595877078687 0.12781924628745156 0.15484023352744913 0.19335124640661092 0.24582451441009942 0.3139265837666953 0.39730878407739784 0.4924031236261945 0.5919396859086505 0.6858910679886169 0.7638965135909842 0.8181611340285586 0.8453610750849494
0.6075619585854541 0.5065759811890764 0.4136742745969515 0.333338787997973 0.2675058367543943 0.21603325818036248 0.17746737073968682 0.14979953329856177 0.13101856191104355 0.1194124125482489 0.11366478881878433 0.11281453459465336 0.11613008298522928 0.12293240389918988 0.13239878718401693 0.1434006318424431 0.15445333279255646 0.16384899642423792 0.1699774305724253 0.1717346497978766 0.16883743030857845 0.16188795001979506 0.15216419678948961 0.14124960949973758 0.1306698234614448 0.12167717920114687 0.11524519831834493 0.11217723081925031 0.11317793916682344 0.11895300639935089 0.13041143279276285 0.14883624800160222 0.17590853515489796 0.21354614283148687 0.2634963170838769 0.3266335740303986 0.40205259344381966 0.4862803775908492 0.5731125005607075 0.6544817491050701 0.7222863845867391 0.7704757260680799 0.7964475505951016
0.5951709523603974 0.49913326230350147 0.41059978360648824 0.333380564410267 0.2692521736672218 0.21825986531159966 0.1792733392020639 0.1505898369865518 0.13041569772326103 0.11715914508417394 0.10955336702487811 0.10665991489936345 0.10779652851687072 0.11241763621162003 0.11996703087193501 0.12972823092666874 0.14071569675699697 0.1516634487940715 0.1611549114973877 0.16788657200812018 0.1709827228198986 0.17022986304275978 0.16612348610574076 0.1597019247762847 0.1522305968657083 0.14491525481070078 0.13895807460976137 0.13585628639896594 0.13712789919206556 0.1437184412021675 0.15620280845775528 0.17541477570227595 0.20262964364107086 0.23928635837339438 0.2865150843058262 0.3445478199610441 0.41208405321357094 0.4858393532893267 0.5605993117039229 0.6299874529344486 0.6878252987640254 0.7295959728816477 0.7534051440860552
0.5812496000921468 0.4912044235570394 0.40807164054614603 0.3349115378538471 0.273281506824273 0.223396992781717 0.18447329935368575 0.15516368418971319 0.1339579922002137 0.11945398866459267 0.1104952515770252 0.10620756616264153 0.10596703604055362 0.10932216395556912 0.11588268175132363 0.12518739758896738 0.13657452251851676 0.1490958368505426 0.161526872862013 0.17251045833850828 0.18081895074735 0.1856491551433648 0.1868171343471237 0.1847223233514376 0.18002512808524726 0.1733424674236616 0.16589943955796704 0.16076188295983931 0.16159579386997547 0.16989695366209906 0.18500831599843517 0.20628067288313573 0.23420662828469943 0.26989144731857395 0.31414628117808285 0.36685250873797337 0.42655294712868974 0.4902759153631851 0.5537363472399918 0.611997680138176 0.6604685419317187 0.695900621682693 0.7170097280401984
0.5670109516682226 0.48380529060038013 0.40696277427899397 0.33873102872384275 0.28037392344185913 0.2322404714430848 0.19389452367560206 0.1643745848039947 0.14250126014670583 0.1271188016049396 0.11723729551504875 0.11209184473402921 0.11114136561601541 0.11402215791099693 0.12046357430110222 0.13017071609522068 0.1426867005471635 0.15726528778471324 0.1728060289125767 0.18791088464343167 0.20108971318072733 0.21106405247285537 0.21702009308061332 0.2185921229080809 0.21548210117942188 0.20743450387747664 0.19616050230661713 0.18730233299398635 0.18713049786127897 0.1976461354821486 0.2165892153003373 0.2410303168879359 0.270124056360047 0.3046916849833485 0.34556276974697164 0.3926117670527902 0.44448011246063357 0.4986254070421423 0.5516271324199142 0.5997514705186555 0.6396720786947468 0.6691315292485988 0.6873202909190629
0.5534936684582121 0.47765908346375646 0.4077976849149117 0.3453089103115678 0.29104868105751663 0.24541344935240125 0.20828873145957624 0.17910855165463854 0.15705519621157543 0.14126499577549828 0.13096763345691306 0.12555880214757242 0.12462049618757083 0.12789704162539786 0.13522820548706363 0.14643854006611454 0.16118928136118962 0.1788189213375644 0.1982268836003181 0.21787440440331116 0.2359565637564598 0.2507145798925256 0.2607291180946402 0.2649623830797946 0.26256284881588127 0.25333894103558785 0.2399823933501951 0.2292730297758401 0.22811019803206825 0.23867595241153172 0.2583175787728258 0.28315352402092 0.31140776789915114 0.3434360351633621 0.3799322262533401 0.4207727812396954 0.46476680372761353 0.5098144120071466 0.5532473902126454 0.5922949643640378 0.6245953434870098 0.6486220469317135 0.6639019330256654
0.5417800211327232 0.4733885594533564 0.4108429334193156 0.3547725724061575 0.30550457686789256 0.26331352662339175 0.2283093960920065 0.20029927113044335 0.1788433535062492 0.16340727934663024 0.15349178959746904 0.14871127221141994 0.14882589601698537 0.15372890703558997 0.1633837686425539 0.1777045700265005 0.19638310147531401 0.21869165860406145 0.24332787420742008 0.268396527182358 0.29160569735463365 0.31066038172950317 0.3237003398474624 0.32957653909760826 0.3279577570707156 0.319697524186791 0.3077987806714976 0.29765823568522687 0.2946837097877643 0.3010799505071395 0.3154068893237941 0.3350090099710491 0.3583778212174302 0.38535690480723594 0.4160605439671957 0.4500649084456726 0.48620755766348395 0.522725677794811 0.5575403722493716 0.5886067319908359 0.614261438604996 0.6334867871286773 0.6460260186715139
0.5332182461985716 0.4718887044675827 0.416473846544888 0.36711481809501983 0.3236349248631731 0.28600379398192965 0.2543594628591731 0.22878138730527847 0.2091884624149145 0.19540069515430575 0.18724013856374974 0.18460451874051173 0.18749910855133742 0.19601882976717605 0.21026725029781798 0.23020064566691922 0.255403261085818 0.2848393103414427 0.31667885894215797 0.34832769214343434 0.3767583122039107 0.39911083166225697 0.41336214225498125 0.41878827297257776 0.41606955969648457 0.40714987843420486 0.3950738083981888 0.38365264254082054 0.37646826149935314 0.37556343764191225 0.381087570121841 0.3921975449466625 0.40808799277810237 0.42825160753655583 0.45217478539012784 0.4790286604105032 0.5075810881225228 0.5362910219488627 0.5635049994090299 0.5876940228097016 0.6076749052337893 0.6227637356452433 0.6328273762592324
0.5291703543349618 0.4743950264395154 0.4255523778552357 0.3826797139606307 0.34537032095371445 0.31329652437509076 0.28644781499714167 0.2650020917514492 0.24915040768902133 0.23905686248365254 0.2349026143882794 0.23693324465579596 0.24546953161170398 0.26085695648046714 0.2833292440792507 0.3127707549692714 0.34839863471097093 0.3884524775045129 0.4300513957809406 0.4693970851351207 0.5024062413377693 0.5256431609938073 0.5372051152339639 0.5371748444467253 0.5274710274039319 0.511248937679052 0.49217180289711876 0.4737643004702399 0.4588760923510682 0.44931735097450914 0.4458259254375033 0.4483588429711012 0.4564525396493319 0.46942277738645666 0.48639511150247833 0.5062837804625133 0.5278111007598104 0.5495922068572215 0.5702692403017349 0.5886627457775775 0.6039035034915792 0.6155132240595618 0.6234173968855943
0.5302638968063854 0.48183189179006786 0.4391257650455986 0.4023271361168297 0.3711491374590974 0.3452229999408456 0.3244309768914713 0.30895538059889033 0.2991643695547113 0.29552862628686144 0.2986072847251556 0.30904953313302425 0.32755630495125754 0.3547553741400244 0.39094681150644506 0.43570114802768045 0.4873727626433956 0.5427229956478472 0.5969434296359212 0.6442984038862216 0.6793356828154096 0.6982774570957191 0.7000200119852396 0.6863104557517028 0.6610777058497804 0.6292837332151471 0.5957839026983132 0.564540755086609 0.5382894907915462 0.5185644492085982 0.5059230845955588 0.5002218903962049 0.5008543413282962 0.5069165176565521 0.5173081589181006 0.5308000423265801 0.5460997211848978 0.5619328244160383 0.5771383061960937 0.5907623149849315 0.6021304318311509 0.6108819085791335 0.6169595300197614
