_RESULTS/REVERSE_NEW/Berg/IZ/5comp/Berg_IZ_z_63_kriged_reverse_5comp.asc
ncols 100
nrows 90
xllcorner 5.6208707817415728
yllcorner 50.959635321741573
cellsize 0.00013419651685393446
nodata_value 1.7014100000000001E+038
[rows 0 to 18 of 90, columns 0 to 41 of 100]
0.3462315654838257 0.3462361622079741 0.3462421707357556 0.3462497905919246 0.34625915335684876 0.3462702796214615 0.34628303337587607 0.3462970776188669 0.3463118336738839 0.3463264431536451 0.34633972543833375 0.3463501151634846 0.34635555446226823 0.3463533051456141 0.346339638670817 0.34630935874196944 0.3462551142775465 0.3461664696814755 0.34602871363645465 0.3458214041792603 0.3455166631837987 0.34507724580630045 0.34445442340570187 0.3435857446576386 0.34239280344483275 0.3407792772600391 0.33862973769955057 0.3358100809801908 0.33217082773719825 0.32755485075021606 0.32181105524963505 0.3148148496329717 0.3064946744371095 0.2968614763484765 0.28603541580949715 0.274262419819136 0.26191373877801677 0.24946512368812612 0.23745790025822777 0.22644989033966575 0.21696713669281087 0.20946614425669652
0.3462415752264401 0.34625035753907973 0.34626182860305815 0.3462763677426422 0.34629422646326347 0.34631544848435375 0.3463397864874653 0.34636662397588003 0.3463949089623529 0.3464231006615082 0.3464491205232879 0.34647028537227 0.3464831849380924 0.34648345174603573 0.3464653621514332 0.3464212073846165 0.34634038608061524 0.3462081960497522 0.34600434094335675 0.3457012111942029 0.34526203930972643 0.3446390578181382 0.34377179845196937 0.3425856681518236 0.3409909415198693 0.3388823574524938 0.3361396445162032 0.3326295539989545 0.32821032659766736 0.32273983834785813 0.3160887279503938 0.30815928750355753 0.2989095416230825 0.2883797632600762 0.2767162049650314 0.2641851489641148 0.251170800050046 0.23815381091983812 0.22567272708256322 0.21427623639262064 0.20447710073390746 0.19671737588956062
0.34625983328373655 0.34627620991878355 0.34629758134650873 0.34632464997123874 0.34635788299548104 0.346397366950446 0.34644265843365313 0.3464926483042247 0.34654545459358277 0.34659835077990575 0.34664772014401707 0.34668900478436004 0.34671659287970646 0.34672356552927647 0.3467012121353433 0.3466382282952038 0.3465195384840038 0.34632473970242217 0.3460262382325152 0.34558723900008825 0.34495982795677493 0.344083439937436 0.34288400648921336 0.3412740197785851 0.3391536412360789 0.33641286828289857 0.3329347174630817 0.3285994609009724 0.3232902001952803 0.31690041914770434 0.30934443263680866 0.30057153595138486 0.2905838442349713 0.27945618583845017 0.2673543069750516 0.2545459321384171 0.24139909031904694 0.22836441803837665 0.21594263827570148 0.20464342359906573 0.19494495556344094 0.18726292386436935
0.3462923266474517 0.3463221362449435 0.3463609972885539 0.34641017698104815 0.34647051948390595 0.3465421870073022 0.3466243972359307 0.34671519058106337 0.34681125872617785 0.3469078526859523 0.3469987629307103 0.34707632800450533 0.3471313873409669 0.347153058324494 0.3471281994032614 0.3470404330381096 0.34686865459950994 0.3465850498320446 0.34615277815491985 0.34552363319850293 0.3446361333982098 0.34341458089812316 0.34176960985570937 0.33960059026166955 0.3367999576452695 0.3332591530444929 0.3288754942681439 0.32355911444941987 0.31723923781220864 0.30986955491465806 0.3014331715726008 0.29194820664233284 0.281475176450361 0.2701265082173187 0.25807690935819316 0.2455714439940991 0.23292702872838425 0.22052365365734425 0.20878428867693066 0.19814631157216647 0.189030573191921 0.18181506610804554
0.3463487587964122 0.3464017343577102 0.3464707132220015 0.3465579235177675 0.34666485016892296 0.3467917843096075 0.34693737042842454 0.34709821331034396 0.3472686055357208 0.34744041623087957 0.3476031408212872 0.347744052915087 0.34784833290997286 0.3478989896574906 0.34787636217363627 0.34775700920385605 0.3475118820038825 0.3471038358843119 0.3464847583647562 0.34559284467248835 0.3443507800836981 0.34266571766496645 0.3404318835190571 0.33753632711404974 0.33386774032504024 0.32932746976142796 0.3238410409200719 0.3173679999153297 0.30990796562128325 0.3015016305258605 0.29222691875703466 0.28219214249822894 0.2715291351657881 0.26038939667315686 0.2489450428957667 0.23739413053158 0.22596756684789507 0.2149333922500984 0.20459458544093362 0.19527876254275525 0.18732128511463322 0.18104575460127725
0.3464444230240806 0.3465363559251052 0.34665589918747053 0.3468068730352226 0.3469918234048824 0.34721125550226273 0.3474628683652505 0.3477409008831255 0.34803570082588464 0.3483335988124624 0.34861710488116116 0.3488653511824147 0.34905459592714533 0.34915850746114113 0.3491478970092563 0.34898959893599785 0.34864433486020374 0.3480636511895981 0.3471863701406133 0.3459353897776349 0.3442160194467131 0.3419172189937006 0.3389169799517315 0.33509251984566474 0.3303349176720069 0.32456642867708846 0.3177573332408832 0.30993833649680946 0.30120478314220916 0.29171053957756576 0.28165204483782097 0.27124592442375256 0.2607056452037762 0.2502231557523242 0.23996009653996514 0.23005041210223404 0.22061289961028416 0.2117693535244995 0.20366238110401227 0.19646722611641196 0.19039402755241164 0.18568006340199178
0.3466027597097935 0.3467585894356423 0.34696091536207696 0.34721612923534567 0.34752849253470164 0.34789886244498364 0.3483234237883053 0.34879261626235863 0.3492904535186789 0.3497943886903034 0.3502757824761226 0.35070088098456775 0.3510320351050695 0.3512287331212833 0.35124792838961344 0.3510431806739843 0.35056233574419304 0.34974385513372486 0.3485124439730922 0.3467752233443627 0.3444202112422683 0.3413191173591516 0.3373361974797495 0.33234396195466337 0.3262448431074476 0.31899573946469695 0.3106302886805345 0.30127267983579936 0.2911376324800949 0.2805140847071452 0.2697344288515376 0.25913528945543235 0.24901824931920893 0.23961877432851783 0.23108921550253755 0.2234983260642721 0.216846374849367 0.21109224743611427 0.20618695482768817 0.20210672121078813 0.1988786315667821 0.19659317792685935
0.3468587139351305 0.34711678967491416 0.34745131995101175 0.3478727524102584 0.3483880668455054 0.3489987055088226 0.3496985127452446 0.35047199720015115 0.3512932509012203 0.35212580444717545 0.3529235516614312 0.35363264617974766 0.3541939907424386 0.35454567244864443 0.3546245323896864 0.35436608899604893 0.3537023309848863 0.3525574752952194 0.3508425903430559 0.3484508726222212 0.3452561081359326 0.34111715093380296 0.3358907780929907 0.32945376643265056 0.32173245669110845 0.31273487050949844 0.3025776608676541 0.291499226538226 0.2798523455976605 0.2680746719208395 0.2566417844891436 0.24601254303872155 0.23657807674883946 0.22862342152991252 0.2223062611572445 0.2176529346198503 0.21456962036015642 0.21286646317705107 0.2122929313227832 0.21258205124812848 0.2134985351873888 0.21488223777516077
0.34726297030270376 0.34768073072198025 0.34822130515052874 0.3489014039530351 0.34973224940047803 0.3507162885421483 0.35184390560675355 0.35309063429709703 0.35441542152742345 0.35576043188255807 0.3570526768015224 0.358207403392947 0.35913272904177007 0.35973455755196787 0.35992050400799824 0.359601546177591 0.3586905300650762 0.35709751394225564 0.3547231369689788 0.351452505746053 0.3471531450503613 0.3416809128618902 0.3348969711268694 0.3266965954754467 0.3170468567958533 0.3060257974660365 0.2938522994721984 0.28089547730688164 0.26765649828050847 0.2547235839233533 0.242709514707668 0.23218613848582023 0.22362955201822282 0.2173834742520644 0.21364044595369686 0.21243508349782111 0.2136431949555052 0.21698494877366964 0.22203686665471348 0.22826204538976547 0.2350664532363222 0.2418795521984339
0.34788707728852963 0.3485483731466814 0.3494025317570988 0.3504757643900628 0.3517858580501773 0.35333706787868036 0.35511495532816184 0.3570819431807897 0.35917447327073443 0.3613026071450644 0.3633526437721733 0.3651928176004656 0.36668143043891577 0.36767600386765026 0.3680414502266601 0.36765512541190226 0.3664071646462506 0.36419576665173903 0.36091890129875126 0.3564658581345606 0.35071354859803505 0.3435328692887166 0.3348091156646653 0.3244770400749591 0.31256592255015675 0.29924426373221963 0.2848498680543922 0.26989198148671617 0.25501917991294176 0.2409580442351975 0.22843822402502106 0.21812359755640306 0.21056439190462942 0.20617386595178705 0.20522130161474061 0.2078261105448213 0.21393871440062723 0.22330273819300422 0.23540823947595033 0.24946265134007692 0.26441587233160296 0.27906695411912974
0.3488293889345122 0.3498536368961154 0.35117423033838796 0.35283160722974355 0.3548537021857078 0.3572481741428329 0.35999441100579177 0.36303645475357055 0.3662782359023258 0.3695825421007778 0.37277485034527114 0.3756524383071545 0.37799807473092756 0.37959626490739895 0.3802488841190234 0.3797865726991283 0.3780729172999073 0.3750003269436148 0.3704793070464689 0.3644258035553517 0.356753466842764 0.34737810791741436 0.33623953800270895 0.32334111765487616 0.30880031562903426 0.292896413968817 0.2760976128807563 0.25905271227053744 0.24254333621345323 0.22740773000573086 0.21445901267898745 0.2044224334507596 0.19790615860780583 0.19540344048193672 0.19730841152871217 0.20391877080381868 0.21539843124641334 0.23168310231624092 0.2523345476180852 0.27638576835467654 0.3022589460626193 0.32785142005328355
0.3502216587025953 0.3517749834823918 0.3537743801661081 0.35628142892662423 0.3593398476342926 0.3629638939175403 0.3671261117287463 0.3717460454346399 0.3766820498661592 0.38172859298330725 0.3866212372998386 0.391050558039447 0.39468451689604334 0.3971964894089148 0.39829389054802194 0.3977411093065139 0.3953711270225094 0.39108306581109675 0.3848274161148507 0.3765854552559017 0.3663526990661656 0.3541366741525186 0.33997603946781607 0.3239811893690711 0.3063872497075466 0.28760182412152824 0.2682263989683501 0.24903597735602426 0.2309165100231622 0.21477816396948995 0.2014745087626685 0.19175574363473016 0.1862686112336171 0.18559448841253154 0.19029897441523744 0.20095486025721007 0.21809532995116518 0.24205793835069142 0.27270346335062534 0.30905315484936324 0.34898206121294306 0.3891850314156642
0.352236034249621 0.3545445621093215 0.3575118091585082 0.3612307146338013 0.365769824825451 0.3711562987714125 0.37735727449483153 0.38426177578440646 0.39166634368944675 0.3992683970352338 0.4066714984388957 0.41340565376358956 0.41896309902703516 0.42284590720623505 0.4246172558538734 0.4239451897872495 0.4206280746359697 0.41459547199103175 0.4058858372605248 0.39461057488169843 0.38091942609790735 0.36498261534304327 0.3469999537634043 0.32723717364395016 0.30607771842643966 0.284068268150931 0.2619337627129039 0.24054660399966762 0.22085389386344545 0.2037876249608001 0.19019378179397517 0.18081016179863094 0.17630261256890922 0.17734572562155615 0.18471512341247154 0.19934435588331176 0.22228525741925784 0.2544983670633925 0.2964115572701946 0.3472631321101343 0.40441973244207025 0.46306794910074445
0.3550921351381816 0.3584576817756693 0.36277919909228473 0.3681962781719411 0.37481702986922255 0.38269360489087245 0.39179401631338495 0.4019729682033027 0.4129463149055589 0.42427578117613507 0.43537181347233483 0.4455216416478066 0.4539456281666185 0.4598776020166472 0.4626558617641795 0.4618045679097352 0.457084471890168 0.44849942808111887 0.4362590182008311 0.4207124341362187 0.40227825736983475 0.3813950655049416 0.35850886336593873 0.3340983340034651 0.30872275785165093 0.28306595359623454 0.25794850735969294 0.2342930735328349 0.21305048123921094 0.19511699705509827 0.18128232227354785 0.17223792500296073 0.16865232666304844 0.17129621832866654 0.18118242937561096 0.1996688161003235 0.22844503978186262 0.2692861611081639 0.3234394776774496 0.3905962491485343 0.46767432267222675 0.5480518744875065
0.3590638467486524 0.36388242339300636 0.37006719790996073 0.37782758569312025 0.38733541609161853 0.39869025194430124 0.41187698166350967 0.4267185951780997 0.4428305815962422 0.45958776921931516 0.4761182042570764 0.4913392005769076 0.5040450080614687 0.5130423041537631 0.5173115782403699 0.5161568295524511 0.5093020721350866 0.4969062077715602 0.4794943888719796 0.4578324783769781 0.43278857524234005 0.40522486977079464 0.375946382303438 0.3457086163509092 0.3152632891248074 0.2854078642907105 0.25700574048511277 0.23096063571016767 0.20815512602817607 0.18938674894332969 0.1753424522814242 0.16663966006109873 0.16393860299262397 0.16810875977540896 0.18041641616696696 0.20268005982639886 0.2372974204575452 0.2869764701328628 0.3539441376059319 0.43848640214577206 0.5370637686027956 0.6409373103316065
0.36448540526197154 0.3712692411877695 0.3799800210299267 0.39093236571672807 0.4044012815131499 0.4205738786125355 0.43948589210692335 0.4609451829199056 0.48445058753750136 0.5091233886693911 0.5336779843050503 0.5564628349755976 0.5755954954606689 0.5891918596375099 0.5956532783653927 0.593940785858148 0.5837539605709354 0.5655559752614521 0.540439434878497 0.5098843365561653 0.47549184237330516 0.43877270698764365 0.4010351336691946 0.3633733256394581 0.326723433078649 0.29193800179785206 0.2598354961265993 0.23120420420225807 0.2067703604000384 0.18716471403165247 0.17292807728007725 0.1645831562980342 0.16277765299132538 0.16848469891517012 0.18323241657116762 0.2093093732665619 0.2498316911645108 0.3084485410770506 0.3883561085690148 0.49036317500922716 0.6102770628705992 0.736895407808869
0.37175621571643414 0.3811602943962612 0.3932528496378764 0.4085077827517041 0.4273670158824678 0.45017460181691044 0.4770824215176456 0.5079267025982791 0.5420849455363687 0.5783399743883223 0.614798540903231 0.6489263751980052 0.6777542976764104 0.698267994161849 0.7079209748248853 0.7051359184481951 0.6896301194983162 0.6624472441591573 0.6256864057926802 0.5820342676099677 0.5342654921293265 0.4848580223979237 0.43579646815790307 0.38855530404473543 0.34419918388036125 0.3035217430754938 0.2671600579751333 0.23565585010454862 0.20947175197421405 0.18899735940383175 0.17458612029563186 0.16665160806794893 0.16583161997368476 0.1732119102199114 0.1905866223642654 0.2206999918838508 0.26733249990325425 0.3349481727610755 0.4274721629103999 0.5458551945790641 0.6847752804803 0.830177114065574
0.38134353160076273 0.3941978008998407 0.41077067723543054 0.4317774923133876 0.4579282900115845 0.4898400617693395 0.5278981147723314 0.5720582433937595 0.6215977986998541 0.6748553059679234 0.7290415550607358 0.7802422807031566 0.8237305412104936 0.854632926017317 0.86884819291145 0.8639598698878043 0.8398171726473191 0.7985525915314022 0.744029785963539 0.6809460981492629 0.6139193147779392 0.546828608546877 0.48252043908644265 0.42283500048127043 0.3688241083007282 0.3210239682497911 0.279687089948182 0.24493377456419307 0.21683264082117104 0.19544934794378005 0.18090910132687169 0.1735066429719532 0.17387874338048886 0.1832377409073599 0.20364597123785633 0.23826694613653096 0.2914249939033292 0.36812639814086645 0.47253083932501966 0.6050140681984879 0.7583704666311314 0.9153316437191181
0.39378149158519327 0.4111296557840657 0.4335865768492225 0.462232280122162 0.49820216454074623 0.5425735855329792 0.5961646874612763 0.6592206820161789 0.7309873974508989 0.8092280460072561 0.8898255510385462 0.9666982925703584 1.0322731448563651 1.0786295169138518 1.099141018544603 1.0901187749740078 1.051820551793508 0.9883863202339129 0.9067230962479014 0.8148142420408776 0.7201008025393079 0.6284169366675476 0.5436232588365518 0.4677929895203766 0.4016835199157138 0.3452531604753128 0.29807957947930463 0.2596343330940991 0.22943540996413722 0.2071319967070843 0.19257927724264962 0.18594693628859277 0.18788497307037938 0.19975070590092459 0.22387377411912293 0.2637757434298311 0.3241327738377062 0.4100718635949469 0.5252542148626301 0.6684911660177706 0.8297965773638718 0.988535714931092
