_RESULTS/REVERSE_NEW/Berg/IZ/5comp/Berg_IZ_z_250_kriged_reverse_5comp_test2.asc
ncols 100
nrows 90
xllcorner 5.6208707817415728
yllcorner 50.959635321741573
cellsize 0.00013419651685393446
nodata_value 1.7014100000000001E+038
[rows 40 to 59 of 90, columns 0 to 42 of 100]
16.696412123015563 16.537271854411166 16.353647428322056 16.146066106532114 15.917562645109662 15.675460908166755 15.432692072460458 15.206816399717974 15.015632927615341 14.870847539025617 14.773425530232972 14.713421695963671 14.673997025998867 14.637069967588454 14.588170395850675 14.519436163712776 14.430556528377233 14.327506460885136 14.219468658192893 14.11646131588662 14.03124319944998 13.984003169289046 14.001003927111178 14.102467845162481 14.288912559555337 14.538817075065325 14.819260460986927 15.100080362911712 15.361880704492082 15.595928493203878 15.800096158440159 15.975117552912662 16.12267915502187 16.24500342411168 16.34519729071807 16.427831291484843 16.499316489310477 16.567492275925908 16.63972252801244 16.719574335684733 16.804246170128643 16.885829581696 16.95592216039984
16.675670479867684 16.513122240194583 16.32572840954048 16.11431591678308 15.882854264220933 15.64061297941565 15.403519592546166 15.192529855084103 15.028023048560488 14.92244214962536 14.875550970078045 14.875117534129334 14.902032762125799 14.93649355329303 14.962402001737205 14.9691027062969 14.951121526537303 14.907248310344952 14.84050622562641 14.759882225629509 14.682363577092552 14.631533215116244 14.630648159104688 14.693386869961362 14.818364481689695 14.990927270818135 15.190494651764444 15.398328856016683 15.601577456114809 15.793170060372974 15.969755263943384 16.129772001332984 16.27245574641869 16.397683029728256 16.50632110044996 16.600775473841413 16.685374483612907 16.765997508416294 16.84823580413381 16.934184250304714 17.02001415675695 17.097320307778695 17.157735682225812
16.658035974468742 16.49278183373576 16.302398832694685 16.088104362280053 15.854992836575796 15.614541513209208 15.385871621449281 15.193235612670458 15.058981174229485 14.995083185954025 14.998401760637112 15.052454923386371 15.13394846415063 15.219852117956467 15.291902204804156 15.33808224447277 15.352434049921746 15.33473370565761 15.290669059008884 15.231928809585375 15.174930888828447 15.137524559556478 15.134473131454632 15.173556332038771 15.254074706142424 15.368459612512309 15.505985841131901 15.65643208671434 15.81201951259793 15.967497465157804 16.11930795317763 16.26475963924382 16.40163433515946 16.528251587139266 16.643867285883886 16.749229066078865 16.846970461968684 16.941243937680962 17.03589997675715 17.131397399336468 17.22260826933393 17.300316222144836 17.35576460763861
16.64656895249118 16.48048940642579 16.28960046768974 16.075770953011645 15.845469542075316 15.612399452382652 15.398362055000437 15.229685639907808 15.128919072165644 15.105727188885718 15.152684079446804 15.248517823103969 15.366228613616961 15.481079401157086 15.575137818347942 15.638290451893841 15.667448457882754 15.665400033739605 15.639687545696802 15.601228794722676 15.562482741669717 15.535338442992524 15.529116390335714 15.549141730990183 15.596362473654532 15.668195157223359 15.760163877430758 15.86748299095954 15.985939767630494 16.112018891871223 16.242631541450834 16.374847658689788 16.505850460421627 16.633160191106345 16.75508159197331 16.871252853959444 16.98299528625035 17.09287609105645 17.20288610913933 17.31159241296373 17.41238004701505 17.49513959516254 17.55053671330544
16.644483078297633 16.480721095927386 16.293587793732964 16.0859349746634 15.865717809904876 15.64837527944743 15.45697132155007 15.31766541036627 15.250830814663177 15.262289663624093 15.340334874387082 15.46051187083213 15.594806947082393 15.719750227410549 15.820217259647848 15.889348924306537 15.926712497806028 15.936313745747999 15.924976846315333 15.901042809163798 15.873263914346674 15.849817656375368 15.837436053860094 15.840782299782283 15.862275315108693 15.90242055266716 15.960448396462898 16.034925875627152 16.124104509151298 16.22599025182303 16.3382862211676 16.458382540104765 16.583497735594715 16.710995283042756 16.838840413188983 16.966082442382177 17.093063038231524 17.220817541318365 17.34928017318474 17.474894757327288 17.589515477149686 17.682216479194473 17.74299356434033
16.654597849300806 16.49729999033644 16.319456701947953 16.125112523638965 15.92347793836736 15.730661754805997 15.568945227812852 15.461761243994312 15.425294714471432 15.46113952316898 15.554945426862396 15.682147335998883 15.81697932007775 15.939500227879403 16.038067912922187 16.108254338597174 16.15052255417547 16.16822169904516 16.16631142463831 16.15063024882458 16.127402116062566 16.10276820190647 16.082305454196124 16.07063642757337 16.071247023131345 16.086526001839417 16.11792865183922 16.166133647736252 16.231117818356008 16.31216508557187 16.407886451081826 16.516328106006274 16.635203382381984 16.762237458374067 16.895571746033742 17.034095705695325 17.177410195949584 17.325013976165405 17.474646123120042 17.62059456205357 17.75333811990951 17.86124421207182 17.9334679319726
16.678706556286002 16.532389764551993 16.369578282936263 16.195420346878805 16.01975162477752 15.857968885074927 15.729588567895558 15.653418648219276 15.640621832678542 15.689466558021103 15.78541358053023 15.906734271211825 16.032052265908607 16.14556178915307 16.23831769062842 16.30684803820491 16.35112090613784 16.37305412910747 16.37575457146287 16.3631950532055 16.339997767128274 16.311150637453757 16.281660722957415 16.256235625672712 16.23906198502992 16.233682011450863 16.242923041386838 16.26883704654382 16.312643136145798 16.37470472505417 16.454586546113845 16.55121781290149 16.66315137965214 16.788874318194914 16.92708946707447 17.076813208947513 17.23702696887678 17.40568617099726 17.57839040431561 17.747542456360446 17.90255654867533 18.031100509906263 18.121165701830513
16.717061589468223 16.5857781708442 16.442704679303706 16.29367816364403 16.14830711477984 16.020051795760534 15.924443189940686 15.87504813113345 15.878484483986602 15.93126033537487 16.020673870530636 16.12939245722783 16.240889469764838 16.342892404195332 16.428038491269188 16.492806365438963 16.536149200901633 16.558584302637442 16.561793131650717 16.548477819949557 16.52223096737792 16.487315931276736 16.448379964166843 16.410165289237156 16.37725848112132 16.353880003349616 16.34370092512579 16.349686480339233 16.373988891206963 16.41792369273419 16.482052545762162 16.566364291372228 16.670509803232257 16.79401708655344 16.93638077908548 17.096864307688733 17.273842939530326 17.463781531309817 17.660449481556988 17.85489339210003 18.035798157603416 18.18998808083114 18.303906819311244
16.768208387700835 16.65483063423708 16.534294995104094 16.412542278859558 16.298188326666022 16.202080136720042 16.13557530274846 16.10758039563586 16.121409872190164 16.173189167921283 16.252919636514562 16.34766473766173 16.445030195347474 16.535317370609786 16.61199574088474 16.67116998779917 16.710865833147277 16.730558928806584 16.730969830458534 16.7139733198318 16.682482465053035 16.64025515873865 16.591643288007276 16.54132510318742 16.49404546107343 16.45437098410203 16.42646703657898 16.413917071938467 16.419616575940648 16.445768999244425 16.493985345157565 16.565450751645013 16.66108589190447 16.7816064379122 16.927360479831417 17.09781174975678 17.290665460522803 17.50105320667901 17.721456063698678 17.94222180231791 18.151561252173984 18.33523059825642 18.477841191644487
16.829272876049096 16.73516990537808 16.637902245230418 16.542988465820926 16.457611388862684 16.38995847769981 16.347813034799287 16.33660100608688 16.357613148142434 16.407322015430136 16.4782441837913 16.56091122221595 16.645942508727764 16.725403881574696 16.79328439092579 16.84541522874503 16.8792275428301 16.893564656414302 16.888576154020317 16.865633283427357 16.827205779556333 16.77668019963009 16.718134469817496 16.656092774816944 16.595277628188832 16.540370743323017 16.495800039655382 16.46558074243409 16.45324087862014 16.461845437146987 16.494098892944923 16.55246373095526 16.639199016565403 16.756205886782173 16.904567509487414 17.08374421289442 17.29067965473761 17.51949396326164 17.762130427317864 18.008906714176014 18.247682030114127 18.462926103224174 18.637330830637158
16.896589098505913 16.82174650634726 16.746860144114226 16.676713862391573 16.61698450183843 16.573584850986546 16.55162773213366 16.554222785430415 16.581530117796095 16.630505016797205 16.695479426624907 16.76931115285966 16.8446077364274 16.914639831813755 16.9738411000778 17.018002024316978 17.044309133388207 17.05132392556071 17.038929758693513 17.008241181109874 16.961467123221468 16.90173133338831 16.83286445272043 16.759184165811444 16.685276676454052 16.615792978860277 16.555279802552068 16.508071163273694 16.478261335377166 16.46975642469739 16.48636139820232 16.531814860585637 16.60965307196443 16.72278355059788 16.87270915691257 17.058565334318512 17.276551599789954 17.52041300528319 17.78249903913139 18.053610162378323 18.321137902707658 18.568072466454446 18.775334753665003
16.96640429430723 16.90982064588836 16.855509274026442 16.80743904175095 16.7699596395955 16.74724295613699 16.74255793387002 16.757539000271183 16.791679069369152 16.842240902965422 16.904626025920575 16.97305966460991 17.041363040320462 17.10362733478286 17.154709809490125 17.190555378878866 17.20837593108042 17.206716164541447 17.185426733399026 17.14556343442894 17.08923279957331 17.019405720879245 16.939719252373546 16.854282508941488 16.767498718927936 16.683915722930404 16.60812110386895 16.544699249570783 16.498256797799428 16.47349381064604 16.475252557803334 16.508427552360956 16.57759587425785 16.686271240578016 16.83588418126724 17.024998603715602 17.249532007734313 17.503970971313645 17.781969966561846 18.074791991475212 18.36885167667262 18.645533114238454 18.884440888793094
17.03541781918391 16.995547127150658 16.959679438439913 16.931047713419034 16.912952343837436 16.90831107114301 16.91914598089476 16.94611692761917 16.988228452005114 17.042801966672734 17.10572543573395 17.171911175341865 17.235851344218204 17.29216873071143 17.336093466203543 17.363827288442657 17.372777202735445 17.361655387904225 17.330457449304486 17.280345396692145 17.213470419182812 17.13277111810878 17.0417766417169 16.94443496561559 16.84497879281788 16.747837946885426 16.657606398034254 16.579068183466234 16.517270840996556 16.477600500839294 16.46576019979449 16.487501557876897 16.547965686895093 16.650660499905786 16.796521613256445 16.983884796825528 17.209663413826913 17.470381955769767 17.761111125190418 18.072608405206893 18.38951420348582 18.691764656537355 18.95850078442403
17.101050233106456 17.07613688161066 17.05660273873719 17.045094367187254 17.044135049946114 17.055756907782744 17.081115551843165 17.120163756014936 17.17146234152058 17.232181150687122 17.298298852949074 17.3649664541041 17.426971875076568 17.47923507409565 17.517268358000926 17.53754809426873 17.537760054379163 17.516901378793694 17.475245936232636 17.41420179521134 17.336103870484514 17.24398815131453 17.141387066008186 17.032172869413316 16.920462959473817 16.810591380182135 16.707143939261933 16.615044953880187 16.539662500070662 16.48685734222483 16.462841779096827 16.473682415567357 16.52439476325215 16.61797203090126 16.75516729253557 16.935537926251623 17.158656765719922 17.42334418998981 17.72465008805864 18.051199876544707 18.38542496832205 18.70655482939928 18.994440804647695
17.16147739566266 17.149743901348337 17.14457930388396 17.148202342285472 17.162583082980927 17.18912551362683 17.228352492687954 17.279652332264067 17.34114424794288 17.409701606885168 17.48114274054834 17.5505684952988 17.612801344865776 17.662865938568235 17.696445762186265 17.710255262057974 17.702281425501308 17.67187197365577 17.61967499958211 17.547461038579797 17.457876883680157 17.354186670106788 17.24004941380483 17.119366935604212 16.996217751677698 16.87487587333091 16.75989934621429 16.656256953913548 16.569433242566888 16.50540535612838 16.470342400396444 16.46993525588255 16.508573883463367 16.58906991874742 16.71352976897893 16.884571661835135 17.10471859431375 17.373223020998765 17.68275379969166 18.01886317434123 18.362451125459362 18.69332787631277 18.993165964714635
17.2155260555879 17.21524478109562 17.222626036171878 17.239599513371452 17.267753349043637 17.308041906282458 17.360505855937657 17.42405628457415 17.496371918037255 17.5739438117186 17.652278430568565 17.72624343462394 17.790515870902198 17.84007390967387 17.87066405674343 17.879178304227285 17.86389045804731 17.824525793876663 17.76216858725105 17.679041496211326 17.5782124164626 17.46329306995108 17.338187640154207 17.206932026796682 17.0736405691428 16.942553049835325 16.81815245899857 16.705299800414394 16.609300196185746 16.535783102227246 16.490307990677444 16.477815732477275 16.502435305669653 16.568208255643473 16.68022728667552 16.844228935938613 17.063457646355296 17.334775890656257 17.647304071823534 17.984405091708478 18.327127148985294 18.657134228083464 18.958499931421223
17.262519099032733 17.272015989174733 17.29019992408688 17.318822143362148 17.359217017843356 17.41201778765235 17.476890811304543 17.55233771164261 17.63561221044581 17.72278523080425 17.808970151016766 17.888693734220258 17.95637192341729 18.006828633641724 18.03578484598675 18.04024776434368 18.01874560324231 17.97138005813842 17.89970100945447 17.806440288970744 17.695166182032903 17.56993140414632 17.434981671750272 17.29457168713724 17.15290624569738 17.014192788323335 16.882761813440673 16.763183592270046 16.66028878286477 16.579018534441975 16.524159645639234 16.500288140567545 16.512359287861766 16.56672049323157 16.671042029276936 16.831709452854543 17.049761054171586 17.318556440337087 17.624869264078747 17.952037670261582 18.282917202432326 18.601676784694725 18.894710513181774
17.302123798426265 17.319751387332254 17.347004968728 17.38554024337375 17.43653344062524 17.500394314620266 17.57650206101762 17.6630138820039 17.75679354651323 17.85349462645695 17.94781134497375 18.03388215621789 18.10580228719032 18.158178177637907 18.18664534062762 18.188274747471432 18.16181036944428 18.107708356908237 18.027982114210666 17.925891930551703 17.805545749722505 17.67149148624621 17.528376415635645 17.38072667235612 17.232865963849513 17.08895528986401 16.953101754405463 16.82946202868152 16.722272293428688 16.63580910127689 16.574447569884533 16.543102733554264 16.54803211957145 16.597093490587874 16.698113369998683 16.8554399730441 17.06697148330689 17.323920466311506 17.613092166006574 17.919681583463767 18.229146702105893 18.52810715858387 18.804832246010513
17.334226675215813 17.358328644246 17.392867308522966 17.439461286971554 17.499199880813745 17.57234749100055 17.65807395903827 17.75426222975067 17.857442708923134 17.962891163881313 18.06490441749254 18.157237990000898 18.23365790524357 18.28853336541008 18.31738555845746 18.317313429525264 18.287237052429557 18.22792811657781 18.1418310046163 18.032713443289097 17.90521645988737 17.764390432947213 17.615300660609186 17.462762130693815 17.311225932605716 17.16479928780716 17.027348512891418 16.902622573704658 16.794363364585895 16.706451728899726 16.643227913158455 16.61003744747687 16.613602614019946 16.661330734244064 16.7590854119661 16.908441513218392 17.10534558999263 17.341005886738383 17.604003426236854 17.8821375768889 18.16342210762304 18.436537409677815 18.69120277572938
17.358842094772385 17.387721663651657 17.42766448123052 17.480289873745463 17.54665297807809 17.626938407102593 17.72018135445197 17.824069737153657 17.93487946932317 18.04758246697164 18.156143239029262 18.25398724052433 18.334588997676757 18.39210033385372 18.421927941647553 18.421177705362577 18.38890556079463 18.3261440431167 18.23570659000043 18.121807229494152 17.98956662298859 17.844496201155017 17.692051111279792 17.53731886105206 17.384871721350233 17.238769671990163 17.102670485436903 16.97999778773014 16.874146024767576 16.788749954091088 16.728045295024124 16.69718541745316 16.702088040461312 16.748351392221544 16.839403604633596 16.974909093414123 17.15046673662851 17.358611114941315 17.590227790148827 17.835586177295887 18.084857201566575 18.32841360887757 18.55719152751542
