_RESULTS/REVERSE_NEW/Berg/IZ/5comp/Berg_IZ_z_355_kriged_reverse_5comp_test.asc
ncols 100
nrows 90
xllcorner 5.6208707817415728
yllcorner 50.959635321741573
cellsize 0.00013419651685393446
nodata_value 1.7014100000000001E+038
[rows 54 to 71 of 90, columns 41 to 81 of 100]
1.591391650552515 1.6663771436843569 1.6357382714760536 1.4832911436845562 1.2291023097666387 0.9273990538071248 0.6416406048148088 0.4149625440234344 0.25852835415817793 0.1609524729459828 0.10392471708078224 0.07184607430863577 0.0543568034474871 0.04543131812181821 0.04182716296340903 0.0419018769965071 0.04491278066072859 0.050695374426172536 0.05964433912629146 0.07298546987245505 0.09340060999315875 0.12621657700243416 0.18162801476318952 0.27861436120815736 0.4505268022219287 0.7485348950825512 1.229465377907903 1.9060006792710587 2.664391734604153 3.239440233869469 3.3549528197760066 2.9459074456035927 2.216981196539573 1.4675082419947578 0.888069858969466 0.5139427522262675 0.29707204293231476 0.17767928516592663 0.11257179969502197 0.07636504098985765 0.05543622143018936
1.6806929509987856 1.8375765556750134 1.9254874862244111 1.90504138103216 1.7589494050253298 1.5074886485590362 1.2035094385546101 0.9077104198452238 0.6623246163781586 0.4816331642003754 0.35968938450890864 0.2827702426361002 0.23752483671896402 0.2137749866602106 0.20429757301400853 0.20366757820739775 0.20732154648056192 0.21141006857400224 0.2134617975362318 0.21321990048962897 0.21280906230040728 0.2160848050213336 0.2278676404030278 0.25376414770180644 0.3005152672380203 0.3759023290628412 0.4863647606388767 0.6302477305363976 0.7875687250067576 0.9152698279820449 0.9618101194528889 0.8998911152079717 0.7489933050781822 0.5620234631439036 0.3897676522280832 0.25784045088445157 0.1681132446796947 0.11118483604343515 0.07619146379600679 0.05476145842652067 0.041424718866294424
1.522828308454694 1.7184043465275665 1.8922193769227842 2.003472890974719 2.015350202044027 1.913966093682324 1.7185742620703361 1.47406548188475 1.230124354029886 1.0222482412565288 0.8657408266006589 0.7605959224521821 0.6988807955232637 0.6692742403256762 0.6582369767748194 0.6500051347596975 0.6283917584481545 0.581926994793761 0.5097378635458859 0.42245550446657865 0.3359382117347326 0.2629039438206952 0.208955151633037 0.17391544519880375 0.1551070136794212 0.1497334543619104 0.1556603786078391 0.17092923539806276 0.19248866054091168 0.21490949796528536 0.23047089893894357 0.23178223224633582 0.21584508378703224 0.18606848136356538 0.15008568401932307 0.11540232717054888 0.08648991725329108 0.0645728848650386 0.04889768532898527 0.03802054865791328 0.030541272096869996
1.2012267829441887 1.383054974377447 1.575931310207281 1.75201262254504 1.8778085637257607 1.9271934875626815 1.8941409652015306 1.7964419885982357 1.6674209562465558 1.5416939917665544 1.444235468997051 1.3865943077268237 1.367370624366349 1.3727184481813277 1.376161741059221 1.3419120465637708 1.2375130231512232 1.0540635055247978 0.8181841444502846 0.5794150431234484 0.3808440380500688 0.23973305372277445 0.1504636713465778 0.09820086003291983 0.06910283741396321 0.05370562490524622 0.04647887796208369 0.04443077469427318 0.04590170364158278 0.049704908563622766 0.054566000823816484 0.05892418360195127 0.06119966905931514 0.06038590849308373 0.05649467998037639 0.05045323949160785 0.043551112365781026 0.03688049398609641 0.03107909272822886 0.0263626417309743 0.02268032035106667
0.8447231126055434 0.9817828113852336 1.1410132992241493 1.3084838764174263 1.4637119597367132 1.586053328245831 1.6633652168524187 1.6977883234643432 1.7048189429055753 1.706519566911308 1.7230779403819099 1.7658834037243627 1.8320185413264345 1.8991394962309351 1.9234742211292253 1.849614765445457 1.6392038883636824 1.3060962800738383 0.9227538102791499 0.5791121589999144 0.3292563964358827 0.1757715269445477 0.09232477460447144 0.05017399022030566 0.02953256934315836 0.01948437085118671 0.014675523797638047 0.012629657648265995 0.01223257468556429 0.012978007328798717 0.014584305341756088 0.016776861249729803 0.019177467049136702 0.021315556912943675 0.02275632966915561 0.02325987962862139 0.022852467326578564 0.021766375636624636 0.02030898556108672 0.018749922290681748 0.01726912256936432
0.5459587525347319 0.6346022651408777 0.7427234846132029 0.8648417633137874 0.9913274755483019 1.1109900361447413 1.2155050313799522 1.3033594327027207 1.3808457714140365 1.4594357203316775 1.5506835304682207 1.6598829730695468 1.7787579863600422 1.8782610938811026 1.9071666135206653 1.8074049777606693 1.5507692228167447 1.174836065151095 0.775377194973036 0.4473833370327358 0.23083802153425073 0.11078644497364072 0.05199497908983775 0.02517745269127169 0.01322606774561925 0.007847356479193985 0.005393720613990369 0.004328140796242525 0.004017004843487258 0.004212399952470634 0.004831077068446837 0.005845082380904461 0.007209791421964931 0.008814446310506605 0.010471344582348148 0.01195713027455649 0.013086469959023043 0.013771075110173423 0.014029705422414352 0.013953931389180392 0.013659730644748984
0.33551160936684793 0.3871706816667268 0.45165769871471395 0.5271079062688555 0.6096521256970463 0.6944273631262635 0.7775384786282394 0.8580470726280556 0.9387667614544595 1.0251795970598327 1.1225010206811168 1.231079892682675 1.3403311375327787 1.4228991673252804 1.4349422832726444 1.3320231530036766 1.102279833284674 0.793043792393944 0.4919812862490786 0.26726715642171756 0.13165757616459428 0.061280347961469986 0.028035852726923938 0.013141744707342563 0.006614652440964949 0.0037403034920010236 0.002455084836339606 0.0018979208783136052 0.0017211206744818018 0.001795476447368341 0.0020899804295847666 0.002618558390276075 0.00340594544313263 0.00445484816026638 0.005716915632163457 0.007083298391868055 0.008407090890197215 0.009549080580658037 0.010420001708840504 0.010996632965279826 0.011309892102053265
0.20278412011152583 0.2311448782842545 0.26677417958149313 0.3090176641502458 0.35637501651730413 0.40693162314335574 0.4591879458785011 0.5129147293336325 0.5694939016875269 0.6313360988796188 0.7001847855553488 0.7741900766548391 0.8438352320019552 0.8880657716350654 0.8752029564328653 0.7767539058842495 0.5965000428860309 0.38806936861266444 0.21841246346420082 0.11286203742983307 0.05695523532892179 0.028898044202100535 0.014650421250729639 0.007392051152562633 0.003843889843391609 0.002184784588915233 0.001423877086725904 0.0010895311803697143 0.0009803338663988061 0.0010211788888039024 0.0011979037786346476 0.0015289614174605157 0.002048374209769589 0.0027868531834558895 0.0037482728755763566 0.004889659241475453 0.0061188013220631115 0.007316287399416034 0.008371841121203276 0.009214586467441957 0.009823192586766288
0.12427995906161679 0.13953870589140768 0.15860726462213728 0.18118781638938833 0.20664276465507275 0.23420205603611738 0.2633173774121789 0.29400133050039745 0.3269184521957026 0.363024923657751 0.40260867977841475 0.4435903723999739 0.47905589205795746 0.494756200203428 0.4698843061403162 0.38913079482328156 0.26797295960112005 0.15397829863111806 0.07948801611754683 0.04075311422884424 0.022292801059025168 0.01318395277816867 0.00801115911061619 0.004684545128129695 0.0026574044000918164 0.0015777379949539758 0.001050344131391948 0.0008113451858091751 0.0007320507600679853 0.0007623758360652078 0.0008943619731224375 0.0011450516455630017 0.0015463381530417953 0.0021328804037124205 0.0029244319614067783 0.003906512100214702 0.005020264769776049 0.006171245883817715 0.007255547896434373 0.00818952018952543 0.008927982731555425
0.07920529416658381 0.08753098029907701 0.09778884336576285 0.10979529737302646 0.12323003271761074 0.1377446904557766 0.15312040223433765 0.16939840284524893 0.18688276670303883 0.20592474278345851 0.22641248136715914 0.246883132101765 0.2632087562599353 0.26718176246613573 0.2470380921556195 0.1957758821674812 0.1271740708700246 0.06972812561862078 0.035756994019773794 0.01913245247838364 0.01142464456339167 0.0076448759310193655 0.00535061106751221 0.003551883861371595 0.0022051408218282933 0.0013882807949199434 0.0009596029343586891 0.0007576307498583006 0.0006898462712718444 0.0007179493548962186 0.000836311083375905 0.001060036468484997 0.0014173614548231431 0.001940280268421101 0.0026503292538692003 0.0035419452136842495 0.004571629772478398 0.005661690251105804 0.006719596111150187 0.00766360738815724 0.008441786103056683
0.05349261460657772 0.05823915519565437 0.06395611638612836 0.07051028243023762 0.07771251348302305 0.08537887342490666 0.0934051942065229 0.10181752848786746 0.11075445607760186 0.12034490584512064 0.13045311685154495 0.14026180123361806 0.14767973029436796 0.14871109935380106 0.13766833595315148 0.11093782734483107 0.07474606924276181 0.04329276796368392 0.02375555470143186 0.013696233553720875 0.008814238584942184 0.006309758987768106 0.00467549784557635 0.003278236558530765 0.0021592972104999336 0.0014384502337184955 0.0010395634170429304 0.0008445031229069248 0.0007784980081713646 0.0008087360736442657 0.0009301187983848649 0.0011557085810179905 0.0015097456719514925 0.002019027011698387 0.0027005771809959496 0.0035478157158470524 0.004521773793916403 0.005554167800999504 0.006563204386892264 0.007474960326919987 0.008240063181512733
0.03876635449381058 0.04167241208067133 0.04505880241388376 0.04882108850327694 0.05283267917442797 0.05698205310894942 0.06121113914584357 0.06553509072699479 0.07002404888607962 0.07473429216413353 0.07958284338565119 0.0841635398124404 0.08751423333241809 0.0879014596190151 0.08291073631133876 0.07066581018702034 0.052675177603136294 0.03465294516929235 0.021473278741058057 0.013609258815377619 0.009274080291723146 0.006748215069598569 0.0049555504189478065 0.003489767532945327 0.002386279637486129 0.0016757756265718868 0.0012691801990073405 0.0010637924560374836 0.0009939621369303502 0.0010294278049810287 0.0011644755382518323 0.0014094654648942537 0.001783666632299878 0.0023066648008026507 0.0029874086604894166 0.0038133022471039855 0.004744576639671034 0.0057185472321209605 0.006663465390696776 0.007515926072479088 0.008233999502086418
0.030351384525626798 0.03231461878462835 0.0344974271036588 0.036811836301334756 0.0391636687109712 0.04147765936611512 0.043719404155693524 0.045902890193639787 0.048075064653919246 0.05027467324290789 0.05246769317251629 0.05446530270300089 0.05583748367430087 0.05585680490071649 0.05356210491130973 0.04813137480933849 0.03970030138749216 0.029977666610257706 0.021311294369933276 0.014934762237729873 0.01065774329903235 0.0077379571279048215 0.005585325240224173 0.003965029176380872 0.0028252066939904795 0.002093612583360569 0.0016621365150784806 0.0014375964212317855 0.001361132783644927 0.001404084707717338 0.0015592209155605578 0.0018329502273380322 0.0022379133513942386 0.002784542319982465 0.003471722252726012 0.004279061341820602 0.0051646415740829454 0.006070717710991794 0.006935895926673638 0.007708666083798504 0.008356697923895914
0.02572428129148381 0.027226712372772 0.028794668943493737 0.030346628293750823 0.03180459889551296 0.0331134448835016 0.03425502319131882 0.035250068424006034 0.03614440167875789 0.03698094079973215 0.03776244248512174 0.03841157436866742 0.038737535517108054 0.03842564734989598 0.03707927212797707 0.03435440680475875 0.03019809860910649 0.025058768963990896 0.019774518642390382 0.015097366322856565 0.011333363032509588 0.008422590394420717 0.006209293857620055 0.004579628647672091 0.0034422063719071736 0.0026954170189959614 0.0022390955871541256 0.0019947294337028273 0.0019116023428065248 0.0019629895854856136 0.0021395077196279815 0.002442229915195308 0.002875550531905862 0.003439567987069148 0.004122903059540331 0.00489820559157508 0.005722784630943289 0.006545063810623897 0.007314721238150684 0.007992452862041222 0.008555743949765438
0.02356310860891082 0.024891239246981566 0.02617526107227285 0.027330100752791357 0.02828304120669288 0.028991146749180303 0.02945148306455917 0.02969918199864443 0.02979286888510882 0.029791414493868743 0.029728039888854505 0.029587507920239803 0.02929162294699604 0.028699566204547337 0.027632198873821994 0.025928670512549386 0.023530242239502647 0.020553274434336414 0.01728391814821537 0.014066817661107336 0.011168520111077149 0.00872422062613845 0.006769128036348689 0.0052817866037326066 0.004206956835313628 0.0034721765280064797 0.003005637230680463 0.002749031403411061 0.0026620283527587353 0.0027207787322273943 0.002913595946788085 0.003235460197848048 0.0036819597478503596 0.004243301027387411 0.0048996458179826445 0.005619455693672561 0.006361985484855568 0.007083486423799492 0.007744931915012721 0.008318382636007654 0.008789945633723598
0.02322395785264004 0.02458460272231457 0.025801117466817087 0.026772638232131097 0.027422025128685936 0.02771460138260737 0.027666217139504724 0.027336812436749864 0.026811609334135938 0.026176577245005477 0.02549556382219949 0.024794180157098368 0.02405279254325432 0.023209830706871562 0.022176892494951948 0.020866454078183234 0.019228356972451992 0.017282230428148027 0.015126428838864236 0.012912477982910116 0.010798085245510663 0.008907103601108074 0.007312731285769695 0.006039729998090627 0.005076058538308826 0.004388119206369898 0.003935321718175992 0.0036804087221575963 0.003594403363435027 0.003657183207597568 0.003855260240534284 0.004178026315495425 0.004613431187039328 0.00514410755044589 0.0057451172527486554 0.006384319787291899 0.007025590512645319 0.007633969245198714 0.008180953769658435 0.008648140094311252 0.009028249348382424
0.024469691014616924 0.026058361269947573 0.02738842276102867 0.028325398852288543 0.028776116587942668 0.028712658138511427 0.028178908068831096 0.027276594983907186 0.026136758016375886 0.024887781694049697 0.023630047238209922 0.022422078500471156 0.02127800292554829 0.020173798590787124 0.019059958663243285 0.01787894428856498 0.01658519995477732 0.015163189572974252 0.013636897137957172 0.012065892468474502 0.010529266598458362 0.009105083114274744 0.007853988948849474 0.006811511567621418 0.005988835670124397 0.005379106344760608 0.0049655282261442295 0.004728259532674375 0.004648625559224682 0.004710544552758639 0.004899790594225252 0.005201958119399347 0.005600058213901944 0.006072698976443124 0.006593686386841926 0.0071334784841833405 0.00766225031328495 0.008153651591659703 0.00858803599454019 0.008954193335022984 0.009249262508005993
0.02733449546592559 0.02938600962111576 0.031028022945630156 0.03206381947991687 0.03236705256358764 0.031917125380302835 0.030804020743200617 0.029200269748811437 0.027313141044185453 0.02533683061830397 0.02341973860045913 0.021651524549283117 0.020066118667752583 0.018653777507046113 0.017376501552852752 0.016183721849791843 0.015026850542075448 0.013871426128773439 0.012704946055593875 0.011538497510130155 0.010401836914250881 0.009333979976103607 0.008372968875959124 0.007548215111108082 0.006877085827834659 0.0063654130246043735 0.006010339800677478 0.005803689011405028 0.005734561107659635 0.0057906227296674944 0.005958169128700273 0.006221427627836745 0.006561749055966433 0.006957334068040475 0.0073839458963906035 0.007816682854037292 0.008232436841509268 0.008612346761114702 0.00894353268186781 0.00921967589717183 0.009440432760811333
