_RESULTS/REVERSE_NEW/Berg/IZ/5comp/Berg_IZ_z_0_kriged_reverse_5comp_test2.asc
ncols 100
nrows 90
xllcorner 5.6208707817415728
yllcorner 50.959635321741573
cellsize 0.00013419651685393446
nodata_value 1.7014100000000001E+038
[rows 72 to 89 of 90, columns 0 to 40 of 100]
0.014668143333584238 0.01886436247319871 0.025244501673672214 0.03496087353967243 0.049631804388884745 0.07126363612902537 0.10178283264414846 0.1419389454923853 0.18966155742215132 0.2387320444844025 0.27933136018510135 0.3014073445285824 0.299460024139321 0.27537319129509175 0.2370683647805142 0.19424935614808242 0.1544985893074898 0.12175971756581849 0.09691742971700402 0.07913945066437791 0.06699814401550375 0.059084774737577866 0.0542241549029109 0.05147769253077614 0.05007386800804931 0.049345865212008365 0.04871552306285932 0.04773035940909853 0.04612760346004873 0.043877138205433895 0.04116379599709718 0.038308200654669555 0.03566428589010883 0.03353970793921962 0.03216215996452441 0.03168468526598545 0.03220692119097404 0.03378858554442023 0.03643817668991133 0.04006877400633807 0.044426677803627336
0.015772671581938177 0.020702965709957107 0.028347710682931803 0.04024097455437955 0.058598294027609146 0.08624741447309914 0.125998139326831 0.1790656416487464 0.24264293388670272 0.30793611942921456 0.36106399459621413 0.38816942805128757 0.38237530568535594 0.34741807374744776 0.29503250718569485 0.23856029982064272 0.18770595242747348 0.1469717975205429 0.11688219863767778 0.09595796163918734 0.08218119695720655 0.07370808834008673 0.0690588083731053 0.06705674635771466 0.06669760734890601 0.06705151556675457 0.06725513606598653 0.06660493581142811 0.06470122267416048 0.06154567849326709 0.057512682192625536 0.05319803380921814 0.049228846804140705 0.046128028221901034 0.04427234138273265 0.043922707754330756 0.04527886571995243 0.048513650983329965 0.05375339200951607 0.060980965237786205 0.06985875566364416
0.016722131810763378 0.02231039580464305 0.03111375163799577 0.045047489996432516 0.06693981109565375 0.10048494035870387 0.14945505079695967 0.21561438421361587 0.29543293193937464 0.3774184527017349 0.44341368353900334 0.47562550998657643 0.4658831332273253 0.4199975302552253 0.35367692861468664 0.28389677844045813 0.22237813378704271 0.17408799077586193 0.1391622374240711 0.1155028534524081 0.10055528657414814 0.09209486079810837 0.08837458139548093 0.08798325598374973 0.08963378684850386 0.09201767917509346 0.09381921598742864 0.09391655561520988 0.09167883290281942 0.08716847268790334 0.08109174707539543 0.07451329539357977 0.06850978122048788 0.06394388509633178 0.06142064822930453 0.06137281189584615 0.06418250250718563 0.07026046681544701 0.08002081446055337 0.09369171251245334 0.1109232817222733
0.017395585678181738 0.02346315380337085 0.03312231906116451 0.04858487589919988 0.07316270461630274 0.11124350174702358 0.1673790001733641 0.24378572626378223 0.33635992537046155 0.4314561059527757 0.5075536472109696 0.5438612514425132 0.5313512814859663 0.4775499079657448 0.4012054891777338 0.3219608333274471 0.2529650285892232 0.1995053073635877 0.16146860200104254 0.1363780787902277 0.12137438942098466 0.11403596589115897 0.11247372382040581 0.1150949425236664 0.12028670709415706 0.12620398173431369 0.1308266613175282 0.13235339029106744 0.12977493087989184 0.12326508092169945 0.11409051720196592 0.10408471590515711 0.09503468490820587 0.0883157811179961 0.08486483733428819 0.08537348050055768 0.09053365296298513 0.10120645667366279 0.11840754273661346 0.14297517480326138 0.1747820954281832
0.017693733489784827 0.023972214771095544 0.03400654557593523 0.05013565840197944 0.07587519080135353 0.1158963821555335 0.175051304532117 0.25569277378005834 0.35341817348100246 0.4536928709803665 0.533766434119685 0.5719229461323757 0.5590601169016608 0.5034259080009923 0.4247445981825737 0.3433952838247752 0.2728940599966461 0.2186551998729395 0.1806151848192693 0.15636033941724986 0.14313239187211746 0.13862969864240474 0.14104223789347883 0.14870747769049905 0.15965281465423725 0.17128395140655048 0.18051179281311977 0.18446941516443088 0.18155506366777013 0.17213963499034102 0.15839564425809718 0.14335886527170205 0.12988203664215772 0.12006865721480191 0.11530156758456167 0.11662737131601433 0.12521067897195393 0.14266378789278852 0.1710840922824022 0.21253395226203767 0.2676069829813224
0.01756470224892796 0.02373838514085868 0.03357298140916177 0.04931975681966129 0.07433715836301091 0.11304352859093883 0.16995616473845057 0.24713820357318483 0.34023801398487735 0.43546950228781484 0.5115851933016043 0.5485421435502696 0.5380865702520177 0.4879128882951784 0.41618352199807046 0.3416810989137584 0.2770113484741258 0.22746493318917207 0.19335716384580937 0.17284519205743187 0.16375261599512012 0.16428935871834674 0.1730140159088343 0.1883539440054615 0.20794492396257383 0.22816087080691108 0.24434144364367041 0.25202017074772914 0.24871844408498123 0.2351457191576956 0.21486999135173246 0.1927079918895152 0.17301655421633458 0.15885725019284555 0.1521478387082502 0.1543523815207632 0.1672515111777257 0.1935239928755248 0.23690426796229538 0.3014571559737439 0.3892381982891856
0.01701893833345616 0.022784967210781923 0.031873881765664795 0.0462538451593671 0.06880416359304804 0.10322349014539033 0.15316069455737957 0.22006124230132487 0.2999722606551587 0.3812679710765379 0.4464693401848841 0.4793081896485068 0.4731195203721627 0.4340554384998856 0.3767380881176098 0.3165010325492144 0.2639655099687553 0.22401157577473002 0.19752575945209974 0.18361474756831345 0.18108753479621814 0.1890332287947074 0.2066805161884634 0.23272500553452335 0.2643641003293303 0.2965723596818579 0.32246343290444734 0.3352857296058032 0.3313468209315803 0.31192169599978226 0.2826240836867863 0.2507606765225599 0.22267192293754062 0.20256801641931402 0.19290597694168402 0.19552219910764215 0.21282559455152733 0.24871093532525157 0.3089046412241677 0.40005867400712547 0.5263563803424838
0.016126224394877906 0.02125070725129473 0.029190080863911547 0.04150959818056238 0.060427663208064517 0.08868574118318873 0.12883209290987419 0.18161232876706782 0.2437356703784665 0.30645019740027224 0.3570473490067403 0.3838975244268268 0.3822344502251035 0.35633218082000423 0.31655004325025743 0.2740290325517624 0.23688236599539989 0.20933629196894288 0.19283322603319422 0.18756129550386427 0.19353194964280424 0.21097501909734515 0.24004824681861675 0.2798797259952286 0.327148201659183 0.37496706461417023 0.4134205135855936 0.4326604042080596 0.4274356478257251 0.39993675590575706 0.35863278848153185 0.31411357813107843 0.2751545909907673 0.24719701181639303 0.23309226526439328 0.23481741380157398 0.2551623166947423 0.2989940467323612 0.37380371463316564 0.4886682569378546 0.6499037375641357
0.014996107955673313 0.01934641917803446 0.025933516847624162 0.035894926023941946 0.050773769006824926 0.07237557068690272 0.10223342024528548 0.1405386062335374 0.18478296430846516 0.22903318482489593 0.265049332280348 0.2854588586987721 0.2872532900010754 0.27308355298786335 0.2495155932748911 0.22386158918580273 0.20182445615630823 0.18687387085288631 0.18085831200697375 0.18496444067207354 0.20043562153562403 0.228779610293292 0.27127751160833297 0.32762214075191276 0.3938512351716975 0.46066792870603607 0.5142071654335773 0.5406485906349634 0.5329002236771309 0.49457740155137075 0.4379466001436322 0.37768282922221674 0.32533779617189795 0.28749907922483103 0.2670844757469542 0.2657661557313232 0.2861606926956997 0.33336982115880914 0.415644267635379 0.5432559332572546 0.7236054747238818
0.013750464878230242 0.017296717867029573 0.02252240225384721 0.03018794426429352 0.041268875284847975 0.05682659118955409 0.07764716209591055 0.10360616635151396 0.13294890732700287 0.16200891444321894 0.1859608162660943 0.2006186260561039 0.2043183716249674 0.19860190552860507 0.187307474845938 0.17489790819019843 0.1651806391525991 0.1609391655046556 0.16427417448295822 0.17719860186578518 0.20211131799916837 0.241849939620496 0.2989603177021439 0.373802226584836 0.46161781659385687 0.550099374279262 0.620471113937612 0.6541041465166259 0.6419326229681822 0.5896802635930352 0.5144179846010147 0.4356138780937034 0.3677490881410211 0.3182829738225319 0.2897178589564222 0.28283400615816 0.2993324987192935 0.3435039358603703 0.42285449824938715 0.5469208956123921 0.7224371719044583
0.012498855081970824 0.015291542202206012 0.019286167983350935 0.02495387111981606 0.03285903485781904 0.04355984597714222 0.057387183147977264 0.0741054612822542 0.09258039424033393 0.11071891172076208 0.12593372437435774 0.13607842334970227 0.1403698628677618 0.13971557718402863 0.1362899238248167 0.1327514159801597 0.13164361495411264 0.13524986401490463 0.14584075559580326 0.16610068286996874 0.19948559686099082 0.25017604314624636 0.32208778975845276 0.41632726582239404 0.5271819321045138 0.6387595640143392 0.7265081806173501 0.7663482324669166 0.7473436414656228 0.6781454026099041 0.5815659052612319 0.4823426829148843 0.3977862730613126 0.3357861119226751 0.2978879997310069 0.2834124315876388 0.2924701136088931 0.3276030979751133 0.3942328468515149 0.49946496151902803 0.6478856967899834
0.011323592256624241 0.01346131566433171 0.01642683105287342 0.020492636731414177 0.025959045327002928 0.03308704910879031 0.04197506978894159 0.052395772745751364 0.063665368237346 0.07466657126573843 0.0841162845686636 0.09102309502755689 0.09511034092005734 0.09696518942193699 0.09786544564053506 0.09946308672068158 0.10356769283813884 0.11216708701739389 0.1276820260058306 0.153359880422138 0.19362102511453924 0.25397017415781115 0.3397488671370439 0.45285741142785724 0.5865037006104916 0.7207977444686294 0.8248646091096065 0.8689403883201984 0.840625445787618 0.7523203392767981 0.6332138430465792 0.5133773418708174 0.4125468189992709 0.33849528049012967 0.29134020810592093 0.26856878378867804 0.2683390795007977 0.29098906070432007 0.3392489094923197 0.41710471574836433 0.526547280270073
0.010275648071750822 0.011875277951684375 0.014028835317171466 0.016884260026634 0.020588503747056664 0.02524692078897793 0.03086054682740846 0.037255954433899494 0.044045360312558145 0.05066717637931445 0.0565334720072961 0.0612468681358031 0.06478950748461353 0.0675943659020019 0.0704926068480079 0.07462160857293763 0.08140626298769993 0.09269011336930205 0.11103720155621385 0.14016432438058407 0.1853402309057517 0.2533007081008185 0.3507629289648924 0.480395401160037 0.6342783614715255 0.7884607412251758 0.9058248584362707 0.9513558054998048 0.9119147781442547 0.804227032615455 0.6638588718394062 0.5256596428636416 0.41105798406228733 0.3271512512547364 0.2723501488474426 0.24224319295986818 0.2330864284862755 0.24313532169424856 0.27264349426267354 0.322846125495101 0.39367421147448717
0.009378357361277153 0.010554011663896329 0.012093119193439751 0.01407124488381442 0.016553788602751713 0.019573703641997595 0.023102541001915347 0.027024625183095088 0.03113229231978158 0.035161051896573106 0.038869429099969564 0.04214227360145947 0.04507790733632159 0.0480296278906561 0.051609119251742 0.05669706610026239 0.06452132720608687 0.07685565166287547 0.09637219766313179 0.12713380531283333 0.1750677248423467 0.24790737594569848 0.3535084271634618 0.49514905804113346 0.6638521166254763 0.8321059305546037 0.957588725035361 1.0013664335628405 0.9505298012694459 0.8261155951609986 0.6690766055757739 0.5176959188282432 0.39406453362755944 0.30414770818822867 0.244659241684145 0.2095587451363927 0.19360437951307216 0.19349653966732244 0.20771954921349053 0.23566638678879856 0.27611990729366515
0.008634697558437886 0.009486345940342542 0.01057376633090323 0.011933185336003965 0.013590141780864543 0.01554840349280407 0.0177782333788976 0.02020962845771322 0.022738462387382523 0.025251882399453886 0.027672109798578173 0.030008094960875312 0.0324003317756734 0.035152084443398415 0.03875805773343053 0.04395962838657363 0.05186705230471428 0.0641936742497169 0.08364259410085077 0.11444481194303292 0.16289012182352192 0.23729108442421282 0.346161253907361 0.4930564507006582 0.668166110484123 0.8416341832575167 0.9681282328696845 1.007085992609419 0.9468593788989017 0.8118879081389927 0.6463199235383197 0.4897342150710694 0.3636770237462603 0.27274657385499773 0.21230209865372393 0.17523282520199226 0.15541608424308745 0.14867493575397842 0.15252109375459544 0.16540891326358564 0.18572888184897632
0.008034837720513565 0.00864427993325804 0.00940600250924774 0.010336166841624878 0.011442596575065047 0.01271991422254205 0.014145882647762714 0.015681895967991143 0.017280921103793888 0.018904732719566594 0.020549001181996658 0.02227164430539832 0.02422009916147706 0.026658802638321686 0.030007951912045396 0.03491545542571966 0.042394211736475576 0.05406613617820532 0.0725556031259669 0.10203583778845113 0.14876887249872167 0.2210628665657724 0.3273924447167575 0.4711157464419763 0.6419839185130193 0.8096891137758864 0.9290791469178491 0.9609400423701443 0.8957227116440316 0.7594030595634547 0.5961078195019598 0.44405333459027485 0.32306350853890675 0.2364266524555363 0.17878145414892502 0.1426878547149823 0.12182399465979596 0.1117718905037143 0.10971704097236994 0.11381443759556045 0.12249220456106188
0.007562235315095687 0.00799350654481089 0.008523255500499708 0.009158095849152182 0.00989900568995677 0.010739646059717679 0.011666147902531171 0.012659826032247934 0.013704130657286212 0.014796252629471976 0.01596247854368916 0.01727572238263299 0.018874989446180226 0.020990521771547983 0.023984612295489125 0.028425857421415648 0.03522392310799321 0.045861921805319894 0.06276558791208946 0.08981000202038031 0.13280613663879476 0.1994125909744618 0.2972939032429519 0.4291180114631336 0.5847427006555307 0.7356507696750654 0.8404210280120807 0.8641969947433598 0.799941976010622 0.6727030122668247 0.5230131386348296 0.38510280684625187 0.27615349638683884 0.19845509114144658 0.14670133904106916 0.11388885787842723 0.09411390643126741 0.08321510377545271 0.07848483410081641 0.07814332023195031 0.08083277670258313
0.007197838485085827 0.007499657469448106 0.007865497322749172 0.008297826412822987 0.008795681103517337 0.009354479312866667 0.009967079141487327 0.01062678581466577 0.011332815237576933 0.01209827079507542 0.012960270728409488 0.013992049089397619 0.015318242211916685 0.017137461294512477 0.019760629447838806 0.02367951082713167 0.029687654725041947 0.0390843390288129 0.05399216633886919 0.07778101556196404 0.11544694374934533 0.1734514826083692 0.2580211140824064 0.3708022763180843 0.5023738532555477 0.6280413107397272 0.7130645644584556 0.7291616551246559 0.6717160557360798 0.5625070524509551 0.43552936523051355 0.31908896242739365 0.22721735462576312 0.16161999707508995 0.11773753574570937 0.08961725956408638 0.07222503550446285 0.06198096478487556 0.05652996997091371 0.054330107436253355 0.054279758889093116
