_KRIGING/CROSS_VALIDATION_CLASSIC_80-20/Berg/TZ/train_5/Berg_TZ_5_train_z_1000.asc
ncols 100
nrows 90
xllcorner 5.6208707817415728
yllcorner 50.959635321741573
cellsize 0.00013419651685393446
nodata_value 1.7014100000000001E+038
[rows 38 to 56 of 90, columns 0 to 42 of 100]
4.5155219107699827 4.8726669399570053 5.2130688884660055 5.522705752228295 5.7876080000058296 5.9948284855313068 6.1334273628692335 6.1953770755935391 6.1762933969552964 6.075911078639062 5.8982458012357979 5.6514150707681665 5.3471255436040988 4.9998685167217607 4.6258947104377537 4.2420605688156447 3.8646490027765057 3.508267213593645 3.1849137990264031 2.9032887076685934 2.6683953703776808 2.4814572842380844 2.3401440307763646 2.2390763008738142 2.1705575674632001 2.1254627101958996 2.09420192797992 2.0676722525172631 2.0381093740031271 1.9997596887762517 1.9493066658723808 1.8860066189941513 1.8115159750952821 1.7294235517812375 1.6445346606790097 1.5619856137096755 1.486293347383538 1.4204611527197186 1.3652641707208664 1.3188249414254023 1.2765594612536826 1.2315300308306114 1.1751874419070163
4.8200111545688111 5.2171025076014557 5.597039678194057 5.9445871229078673 6.2445421855938852 6.4827875321351005 6.6473608571617389 6.7294386583755994 6.7241317504425044 6.6310037872283454 6.4542491877701025 6.2025005568699312 5.8882736860904963 5.5270956365834687 5.1363935465356221 4.7342448881000525 4.3381015654150534 3.9635997979957329 3.6235560518111152 3.32722849008612 3.0798964089777163 2.8827800448032925 2.7332929534533434 2.625591361081796 2.5513613650681246 2.5007669437025197 2.4634702560569024 2.429631177038063 2.3907956603298306 2.3405923688050341 2.2751737897801014 2.1933610917787352 2.0964800635831669 1.9879067169750066 1.8723729246093825 1.7551115602802874 1.6409433797768818 1.5334207341723476 1.4341431601281576 1.3423452050686966 1.2548276063249078 1.1662614453609923 1.0698456787617074
5.0929984512413951 5.5256334097918627 5.9407443379424931 6.3220368282800212 6.6532393843887503 6.9192293083402943 7.1071772566892379 7.2075997890215362 7.2152101309079812 7.1294719429840532 6.9547878706818729 6.7002908786648518 6.3792472662557502 6.0081205597673861 5.6053801082815058 5.1901630579213904 4.7809108626427612 4.3941008123842549 4.0431801465293571 3.7377874736502834 3.4833166070141974 3.2808450360029431 3.1274164114767995 3.0166364560198575 2.9395167844120547 2.8854827229321787 2.8434502366962975 2.8028739169130312 2.7546726629853575 2.6919518961534155 2.610460186938254 2.5087429808094872 2.3879850903295403 2.2515646726584215 2.1043718866285164 1.9519722691650729 1.7997148623889738 1.6518952382394771 1.5110814614023647 1.3776955452091504 1.2499145666417422 1.1239166998225678 0.99445227470155251
5.323336325814668 5.7856557641775082 6.2301433563851676 6.639645754866339 6.997032387239817 7.2863825531129125 7.4941916797738086 7.6104797210387307 7.6296856504492867 7.551247453362504 7.3797956417205155 7.1249267547351396 6.8005667103667635 6.4239766530303353 6.0144906943197087 5.5921012676857815 5.1760209358965401 4.7833485279881405 4.4279534109271772 4.1196669837382363 3.8638385401318134 3.6612772729979275 3.5085670356781433 3.3987086510911464 3.3220184652830387 3.2671930987692619 3.222439867423613 3.1765704315762511 3.1199616958002139 3.0453022021231675 2.9480632121758141 2.8266599245128097 2.6822979607576776 2.518531096349732 2.3405855643021147 2.1545312536467622 1.9663978933564701 1.7813423200145917 1.6029693535729634 1.4328929523140501 1.2705969503693875 1.1136182100349812 0.95803344424297587
5.5011249991716538 5.9859868435376047 6.4527884863098679 6.8837562600180009 7.2611488968293907 7.5684908196087823 7.7918241717090568 7.9208576538465127 7.9498913148457975 7.8784126471967477 7.711289296540186 7.4585239157223659 7.1345821004797818 6.7573490881091383 6.34680930776923 5.9235703147226451 5.5073661862746732 5.1156741710572815 4.7625632803349367 4.457867193334029 4.2067399540769834 4.0096155158486715 3.8625551522304855 3.7579334595851894 3.6853866998079763 3.6329282939234488 3.5881262885967771 3.5392367885111446 3.4761953000304127 3.3913837926162875 3.2801137456734248 3.1407928021441132 2.9747728206635937 2.7859077123429699 2.579877847086987 2.3633613215744194 2.1431484396126357 1.9253022255520951 1.7144632697663862 1.5133813433982619 1.3227299783628279 1.141225975448372 0.96603730446206804
5.6183973474310642 6.1176367500754525 6.5986788539455556 7.0433976040465183 7.4337183967742995 7.7528803905202439 7.9867162447151463 8.1248240965617171 8.1615078115069224 8.0963783298206717 7.9345398672434042 7.686326218364786 7.3665992224567267 6.993667548967692 6.5879234798270003 6.1703235198858515 5.7608524123342102 5.3771085017826215 5.0331324278993792 4.7385735609005479 4.4982532085276672 4.3121446804847752 4.1757519018560973 4.080833956177309 4.016395412678289 3.96984333000223 3.9282023258347327 3.8792791764192827 3.8126775282603194 3.7205803937923458 3.5982416399935775 3.444155759517924 3.2599056191928861 3.0497181592070159 2.8197855963083276 2.577432028175263 2.3302201409092573 2.0850981594997697 1.8476821628018523 1.621753309527282 1.4090244675671166 1.209198530610365 1.0203048109677431
5.6696910821207469 6.1744524750550598 6.6609751927560712 7.1110664159265244 7.5066127338323216 7.8308529214537845 8.0696659845429597 8.212747834543217 8.2545513625407878 8.1948818557486121 8.039071206921319 7.7976965549920179 7.4858565444054639 7.1220651658122245 6.7268631755204957 6.3212755102759681 5.9252568187833736 5.5562652371052872 5.2280879285923172 4.9500134808480096 4.7264099143756484 4.5567271859518277 4.435903901988933 4.3551231331286262 4.3028345103611105 4.2659409840864591 4.2310396031786617 4.1856064571037397 4.1190258660108405 4.0233817862879206 3.893953556080648 3.7293865127131207 3.5315383794308883 3.3050321819113813 3.0565733103420683 2.7941097941233544 2.5259288016723374 2.2597872207453995 2.0021690446616018 1.7577472436340162 1.5291039651163931 1.3167325164625097 1.1193108647287535
5.6524498375979961 6.1535687529124585 6.636499554428462 7.0832729475230858 7.4760352580881051 7.7983126369845763 8.0362875756954999 8.1799615240436268 8.2240790170014826 8.1687060732203651 8.0193872787333689 7.7868482543610007 7.4862577945230973 7.1361107114420372 6.7568323441177762 6.3692339126818167 5.9929613165076079 5.6450776153280211 5.338902409416856 5.0832024784270695 4.8817913115259737 4.7335549941737183 4.6328825948780956 4.5704443906105867 4.5342337597034454 4.5107701346761981 4.4863518587378941 4.4482490936493955 4.3857373450041752 4.2908904044993932 4.1590758203234666 3.9891243278711692 3.7831747038904897 3.5462248242922469 3.2854458869401206 3.0093375331518373 2.7268150150003656 2.4463241702520082 2.175075046330762 1.9184706942649845 1.6797850532792409 1.4601150887244303 1.2586004397277266
5.5672115939053137 6.055619025981799 6.5259688369623872 6.9607967703207319 7.3427979262383882 7.6560637994846132 7.8873279393396816 8.0270962960872598 8.0705401704342918 8.0180470137450985 7.8753556982860138 7.6532446643360119 7.3667882878438613 7.0342428283134995 6.6756625127015594 6.311373874469842 5.960449353426216 5.6393184352079269 5.3606374014970735 5.1325099083034358 4.9581140641610437 4.8357518533682651 4.7592978966570021 4.7189902937123245 4.7024793744898084 4.6960323182748773 4.6857835321173358 4.6589223194763454 4.604719930255559 4.5153162381043703 4.3862103008492772 4.2164268830952318 4.008360411134765 3.7673264448659776 3.5008762649330967 3.2179504210277976 2.9279602257633539 2.6398908601567745 2.3615153054444376 2.0987948784831687 1.8555207917560663 1.6332238805824624 1.4313492533374739
5.4175652623058772 5.8846851068080523 6.3339385091060691 6.7486261682234865 7.112258621570704 7.4097488632752366 7.6286092331243589 7.7600326345824495 7.7997402544715468 7.7484950741383214 7.612211158865084 7.4016294461458116 7.1315763881461871 6.8198664291160513 6.4859471796224062 6.1494126183238214 5.8285217730197969 5.5388572319125844 5.2922406602539676 5.0959940529506351 4.9525996305678133 4.8597724058068357 4.8109216603874172 4.7959443980805778 4.8022678954063958 4.8160413787332477 4.8233692890790998 4.8114804108544922 4.7697375389933523 4.6904100378773377 4.5691549268264797 4.4051790591909441 4.2010834100833412 3.9624182241728469 3.6970025867386513 3.4140817985981213 3.1234089847934174 2.8343423379952628 2.5550456141953584 2.2918670644386543 2.0489518808299851 1.8281173198444969 1.628990580736466
5.2098812035622197 5.647992236026762 6.068464079363169 6.4555894843635189 6.7939274517236354 7.0694363063745751 7.2706061037374807 7.3894759336743112 7.422424092188133 7.3706358308065303 7.2401830717238846 7.041689667915997 6.7895995457432017 6.5011077155859782 6.1948501779907543 5.8894737323806732 5.6022178341470665 5.3476371565576928 5.1365765552404676 4.9754824545486542 4.8661000551167195 4.8055683711844654 4.7868889242978856 4.7997122927366531 4.8313620999729352 4.8679999097591464 4.8958274623729592 4.9022245519892493 4.8767308242473382 4.8117966317344401 4.7032502593874455 4.5504545159443994 4.3561529045024647 4.1260322578842601 3.8680527645092622 3.5916157341678798 3.3066525277138754 3.0227234853550322 2.7482127113452401 2.4896932281258066 2.2515181637437398 2.0356690050737352 1.8418640202023591
4.9528454001439481 5.3553831890277506 5.7405177123682458 6.0937192249738024 6.4007857113968054 6.6489040398824635 6.8277050022427508 6.9302045539146269 6.9535262926807695 6.8993164503254283 6.7737910539452262 6.5873921637022574 6.3540715033134356 6.0902599828459545 5.8136153759426987 5.5416635666313638 5.290458744763991 5.0733840253547031 4.9001973667451342 4.7764010377831738 4.7029798631032182 4.6765180286392312 4.689670110462651 4.7319323183233992 4.7906369725174711 4.8520782847601183 4.9026710672309726 4.9300458274937666 4.9239930707709831 4.8771853936524332 4.785626707717852 4.6488020618600503 4.4695272583479078 4.2535228808949439 4.0087605219380391 3.7446480092158501 3.4711335775240419 3.1978148608968198 2.933136489325471 2.6837498687206551 2.4540911333141286 2.2462098668043442 2.0598543362200532
4.6568466245761684 5.0186271182562203 5.3632217545851475 5.6774162396673349 5.9483896243130188 6.1646943185425425 6.317224125106077 6.4000702802822209 6.4111685658645126 6.3526562030006852 6.2308841267804036 6.0560652569089202 5.8415780877324801 5.6029822696608225 5.3568339968956318 5.1194100747835458 4.90545816650343 4.7270863626826038 4.5928890654333951 4.5073808122024817 4.4707785361601875 4.4791396026247172 4.5248312622716842 4.5972797738847966 4.6839263836583207 4.7713037412910779 4.8461405426074355 4.8964039552893848 4.9121980062484392 4.8864505804582388 4.8153407813189641 4.6984407376229598 4.5385699580732126 4.3413843320844343 4.1147440528947179 3.8679232765090723 3.6107375287678454 3.3526713323794382 3.1020873421021959 2.8655892253432667 2.6475941943683186 2.450148924522296 2.2729967952652812
4.3332786706231765 4.6506330452575826 4.950976602646044 5.2224983062649928 5.4538491734176056 5.6350352671729196 5.7582925147954356 5.8188516055247232 5.8155046796101821 5.7509005363502732 5.6315203666892559 5.4673186182888687 5.2710493822491626 5.0573329616841223 4.841545573755031 4.6386339088846809 4.4619634318791279 4.3223044527486065 4.2270443277429202 4.1796901606051131 4.1796973209016182 4.2226284564268006 4.3006186443782477 4.4030974591855232 4.517699779908213 4.6312850446758782 4.7309796089832021 4.8051585779723158 4.8442913093850279 4.8415878547348514 4.7934009039805421 4.6993581698537623 4.5622222826813239 4.387497681569295 4.1828250404071934 3.9572217254591928 3.720239958169981 3.4811212961265912 3.2480257367891472 3.0274058327755857 2.8235811258622339 2.6385472599522064 2.4720294143046266
3.9938241627370132 4.2646428020000506 4.5185656474493641 4.7452231305278989 4.9347783537124128 5.078730463216603 5.1706934369116295 5.2070670653976237 5.1875207768915921 5.1152253399257397 4.9967911083548726 4.8419015905209353 4.6626638799453763 4.4727285611124303 4.2862570217764704 4.1168304763730843 3.9764006111871546 3.8743763491414005 3.8169260365805338 3.8065517710921699 3.8419656854895763 3.918269989121935 4.0274163340731919 4.158897870672897 4.3006106510782427 4.4398105367976637 4.5640875480936538 4.6622813097302656 4.7252682952520058 4.7465632185547451 4.7226923555786602 4.653314893177483 4.5410885396544325 4.3912963330373813 4.2112713748870281 4.0096734636762967 3.7956846349844922 3.5781979309532432 3.365074208068656 3.1625349595021897 2.9747452765656406 2.8036213689787579 2.6488734809878753
3.6497826158946314 3.8734737734585556 4.0803149933467759 4.2613701968421118 4.4083071419135544 4.5141116124743288 4.5737705133489861 4.5848491307998733 4.5478921305345823 4.4665916481763537 4.3476878437118813 4.2005949517547432 4.0367756057377866 3.8689140958090826 3.7099615465022788 3.5721399389526631 3.4659959047395477 3.3995891942630001 3.3778859448961756 3.4024056541854009 3.4711459826399689 3.5787841198869548 3.7171300364398379 3.8757874529452669 4.0429639736649667 4.2063630277374617 4.3540869709878729 4.4754825124445494 4.5618659767408092 4.6070761900877804 4.6078163693733405 4.5637626340815158 4.4774348422345049 4.353844342012513 4.1999516318768855 4.0239833058668211 3.834670393842782 3.6404777510722472 3.4488953123584127 3.2658561946226059 3.0953339780039633 2.9391530555909968 2.7970235743098519
3.3114945407642811 3.4888694606127997 3.649371920922146 3.7854508931863311 3.8902293567581827 3.9581323549344241 3.9854774838392344 3.9709612529387699 3.9159795250469713 3.824733483408826 3.7040930655807069 3.5632151170859077 3.4129403693125133 3.2650181353044232 3.1312270263651483 3.0224715328541514 2.9479367040811781 2.9143764780883274 2.9255967699739713 2.9821744673671566 3.0814307149452196 3.2176540034725924 3.3825479154729008 3.5658615642878919 3.7561487037127019 3.9415944304142947 4.1108461246720509 4.2537872956960019 4.3621987704957252 4.4302606915546106 4.4548606325245856 4.4356873592680826 4.3751057873730606 4.2778257066757277 4.1503937401071447 4.0005533704069354 3.8365301239272411 3.6663065985757841 3.4969537065004821 3.3340795663408809 3.1814459779731714 3.0407852589677717 2.9118291569263848
2.9878976917204962 3.1209981847297437 3.2371464544391033 3.3300949873750767 3.3943377453387811 3.4256572226368522 3.4216276475751086 3.3820154390234407 3.3090232609562857 3.2073367851147498 3.0839523684590162 2.9477869890485748 2.8090959307137684 2.6787455869121111 2.5674053979489742 2.4847321773826896 2.4386208987932463 2.4345886364709095 2.4753441512986667 2.5605767695125343 2.686977278439985 2.8484830465473685 3.0367215051363949 3.2416118747418228 3.4520752275848272 3.6567976771867441 3.8449902934580913 4.0070916946532291 4.1353646241371997 4.2243457651215728 4.2711182960350689 4.2753889977970534 4.2393657423193103 4.1674463208739931 4.0657448740597362 3.941496386381929 3.8023913031715835 3.6558997866368532 3.5086471629398446 3.3658979472296036 3.2311954237589333 3.1061879041620943 2.9906531089893713
2.6862337380839776 2.7781202470125139 2.8529383142834268 2.9056375784839434 2.9319720895563064 2.9289729986444408 2.8953714449587937 2.8319197728498873 2.7415648989635732 2.6294400177301149 2.5026586841889058 2.3699164824369681 2.2409271708178293 2.1257394074267988 2.0339942483430464 1.9741907059899817 1.9530259690065339 1.9748688029518933 2.0414105952034451 2.1515206179028747 2.3013127934616491 2.484412852461285 2.6923990808287415 2.9153779829922364 3.1426485492321357 3.3634052321643173 3.5674296715853515 3.7457240090862358 3.8910437461707619 3.9982951639210835 4.0647711739862737 4.0902100314171337 4.0766734527102919 4.0282539449099248 3.9506348038244257 3.8505391484422953 3.7351151170203107 3.6113114770403665 3.4853001082052524 3.3619982866268132 3.2447343074125352 3.1350854285785275 3.0328988995471464
