_RESULTS/CROSS_VALIDATION_POSTPROCESSED_CLR/Berg/IZ/8comp/4/Berg_IZ_z_180_kriged_reverse_8comp_spherical_4.asc
ncols 100
nrows 90
xllcorner 5.6208707817415728
yllcorner 50.959635321741573
cellsize 0.00013419651685393446
nodata_value 1.7014100000000001E+038
[rows 20 to 39 of 90, columns 0 to 43 of 100]
5.166442044264559 5.072505784861612 4.963600858700226 4.843144562862536 4.714618569795152 4.581551313240474 4.447502734285276 4.316060232933421 4.1908567561042 4.0756190930223735 3.9742409644045864 3.8908443034663494 3.8297401711742616 3.7951468498369323 3.7905370732224357 3.817675849788218 3.8757511692891473 3.9611529177416513 4.06882721443523 4.199265261698934 4.346865631252491 4.504438086989465 4.665460879951893 4.825893916577782 4.989637739044336 5.143060323928056 5.26966848245342 5.369114549703903 5.437865040614718 5.47095673600485 5.467477668271677 5.428058581437363 5.35373657292111 5.248834698913166 5.127431936604349 4.988970517070928 4.831215804629093 4.656613737709533 4.475555718237958 4.30256412645701 4.151298385907305 4.039383162799062 3.9826405348994944 3.980033334711531
5.088976349887165 4.977597364193248 4.851164292107926 4.713205461226082 4.567330584696891 4.417203444334495 4.266513064604606 4.118957016900164 3.978258491010736 3.8482432075357194 3.7329944874541425 3.637069038589191 3.5656674282692196 3.5244976272479542 3.5189394186366068 3.552349386422279 3.6242234682977523 3.729648058555762 3.860755238409893 4.01486053177335 4.18623810334495 4.36676390255873 4.549459458060164 4.728301068817723 4.898356778807644 5.050545742169995 5.175142602348435 5.27120401036121 5.3386461826201295 5.372106642772908 5.36718597339679 5.325022019616949 5.246735205268552 5.134017913026393 5.002117776482676 4.856777205390801 4.699898824011223 4.53633814963284 4.374837722079609 4.226520518961934 4.109465967120105 4.043247627064954 4.02748437959801 4.05339748472989
5.004911783094963 4.8766867218557 4.733222018295816 4.578167038754905 4.415277410546006 4.248373425124202 4.081286034282919 3.9178069273250826 3.761676035366694 3.6166579762964837 3.4867696951412017 3.3767057027650718 3.2924139349795563 3.2414853550976783 3.2324481774375884 3.271849682530172 3.3600233200809653 3.4895959763684057 3.6486271739195426 3.8289366789588195 4.025312980339499 4.228923062475743 4.432617590420918 4.630326107014849 4.805100500394304 4.954255501570927 5.076054740169045 5.167813363695514 5.229560396836538 5.259964718014586 5.252711846849525 5.2069905731499055 5.124210797651507 5.00573438555807 4.864857249118354 4.713889334539265 4.55703672439992 4.400491279267235 4.252580014505333 4.128021726562546 4.051470028211874 4.0285529721426805 4.058144940281757 4.113793204349486
4.9173597045854 4.773047575343006 4.613208340777044 4.441628649273403 4.262243688927641 4.079080183928809 3.896166086402716 3.717420414306151 3.546564414813565 3.3871324019172917 3.242700616978012 3.1174891811387346 3.0174993065009477 2.952120245864962 2.934880748329534 2.979250160927999 3.0879142888930082 3.248045127481476 3.4403922140315024 3.650110968789786 3.872057474247784 4.098044421777106 4.321267397623483 4.532695894115028 4.712405756311413 4.8588390913259545 4.9769549056364735 5.063511628093743 5.118595018338389 5.140513960710449 5.128247433424322 5.078379119688845 4.990625150013623 4.866957685768878 4.717788554301418 4.560797814402958 4.401899592642726 4.248286980676564 4.110382297348641 4.015253146572203 3.972971335095127 3.986141576003047 4.051964763970167 4.14036331023549
4.829395876631469 4.6699324522216 4.49454247064831 4.3071680948273094 4.111972540699091 3.913275306807365 3.7154219543073723 3.522587306351836 3.3385505891383627 3.1665418914028294 3.009327556536079 2.8697819830575204 2.752373783760618 2.6664273604198145 2.6317246333383086 2.677923400440743 2.815375472574245 3.016279674332113 3.2476120266336466 3.4892430500062996 3.7356285780109304 3.981790523762709 4.221905462801611 4.4408232538290155 4.623550076975093 4.769619533141244 4.8821355471945385 4.9626132673565575 5.010182128939206 5.022871978263515 5.00029642019857 4.943166889129503 4.849904868838329 4.7203027918260725 4.563065825728367 4.398732289701814 4.2349981602324265 4.080039882662676 3.9571386434320877 3.8867102119596497 3.8728079685798185 3.915316172721374 4.006491211962999 4.131528199520672
4.7440426176031 4.570560408548975 4.380618564863231 4.178324163053196 3.968121017391056 3.754740798059346 3.543048509449115 3.3377464002729287 3.142952114057016 2.9617675776120698 2.7960590920047546 2.6467143801994846 2.514736168574464 2.4044156651731323 2.3348540512786844 2.371958930347221 2.558970256035579 2.8144231017584906 3.0867455513128497 3.358910284869142 3.625735787556022 3.8877590767963555 4.139695123597859 4.361410659707127 4.544762802794402 4.689251701991028 4.795440487439805 4.869013287710573 4.908418848747183 4.911565060410455 4.878314931845833 4.809456663502901 4.706117894241361 4.5693320452285375 4.403489928715974 4.230078472061461 4.058302403308865 3.9020967481546354 3.7932460716304646 3.7422018478879844 3.753303189266237 3.8252083859578847 3.949071615417262 4.11287874193079
4.664249508973722 4.478111094477095 4.274814578364115 4.05861376916511 3.834263607829034 3.607034564449108 3.3825864866087048 3.166596201353119 2.964085252728493 2.7785807762536394 2.611480624318571 2.462008730690862 2.327811288638266 2.2059246574844167 2.094541233008335 2.0749509518502145 2.3694035132866116 2.675484800768295 2.977111725054426 3.2700508530422074 3.551116187136863 3.8224998442975107 4.0791342071162 4.300215820453863 4.481428508046353 4.621921514254972 4.721635191526561 4.786037424924837 4.8168720155058775 4.810412809404514 4.766565520498883 4.686081619684044 4.570069266588586 4.42022215316494 4.242917698982649 4.058705408227799 3.875560290408579 3.720293577169077 3.6188711214253884 3.5819859960954403 3.6164871920262427 3.7208620939682233 3.883886205304889 4.0910522433995125
4.592866305663364 4.395720004530042 4.180521179131351 3.9516004423989957 3.713987533620094 3.473562933667074 3.237075417780069 3.01179871290363 2.8045767665425316 2.6203320731053648 2.4608072648802177 2.324590772948703 2.2087237507275015 2.111886365435294 2.04470394190528 2.090129218344712 2.3302366352755577 2.627956950185353 2.9318060823621233 3.2299499982026068 3.5169374205044135 3.790424419481197 4.044949666599708 4.261714212965658 4.438073334413122 4.572477886253644 4.665001506958926 4.717319057496439 4.739052904477195 4.7230227444180946 4.6687962584015485 4.577111389253497 4.448926774476352 4.285550775553745 4.093236278522755 3.8928352806389546 3.696206397557939 3.5376960571705203 3.4351611753787723 3.4054004256361705 3.4620175298528313 3.60389501625607 3.813638832241627 4.070510610505387
4.5325953637623915 4.32645834442258 4.101175293204895 3.8610133120897148 3.611117375666924 3.357881654386992 3.1093106564267936 2.8750041038925365 2.665027207292421 2.487205553200472 2.3443321518485356 2.234369678045781 2.154430672645513 2.107053664597835 2.109811649091741 2.201706248896938 2.399553400552997 2.662007164893346 2.9483748012932978 3.238392600416675 3.5221833043276987 3.7941057470677566 4.041847046018228 4.25176002778786 4.421141209705343 4.5477764497811695 4.631516685917299 4.671862604544094 4.680741782627775 4.655464382469837 4.591230472051696 4.488587139405741 4.34835966210921 4.171784834865935 3.9654856427769816 3.7486589262419834 3.537980617059422 3.365637889851969 3.24781434229338 3.211853307587564 3.288264156962273 3.476644676761615 3.742790698751707 4.05299243327962
4.485905098772683 4.273265976167329 4.040253107469588 3.7908699728253197 3.5300605665661173 3.2643230394788563 3.0026447536763126 2.7574864240277726 2.544287186459798 2.3766260462916815 2.2587173004745984 2.185190242759989 2.1497419621828637 2.1530404723616723 2.2057613018799063 2.323527204378343 2.50990154382932 2.747707110282302 3.013642807163632 3.290457149039826 3.566323810301575 3.8333613215170845 4.072824190170428 4.272958611190969 4.433041250714493 4.550351545918453 4.623862454067678 4.652705099210059 4.646757025405561 4.610036623016777 4.537146353360911 4.425273253629365 4.274774322350936 4.086091188017858 3.8674362932822683 3.6361776039560185 3.4156241371589604 3.227017056961636 3.081129037054435 3.0141928832018077 3.106483238412568 3.3611835068124676 3.692391725839032 4.054254892246121
4.45488605809975 4.238795260753716 4.001140830477386 3.7454728095770338 3.4761303767196794 3.1989424783773863 2.922692394675217 2.661969946452589 2.4404303367561524 2.284655674696231 2.2009090682057866 2.172439802487713 2.184031105067162 2.2320053668126527 2.3210555425604174 2.4575707105202302 2.6419044954137543 2.8662019144227946 3.1167489469512093 3.3798794092490176 3.6447642845421866 3.9032023394165516 4.134778843416202 4.32481696754494 4.473867994519623 4.58068495302049 4.64309727429024 4.660576817039901 4.64047069319101 4.590206308990172 4.507328078893421 4.38782055313504 4.228954101938946 4.031520443488677 3.806678271792821 3.5690182744255097 3.345675627942486 3.148180276872506 2.9780716154370883 2.8434244372523523 2.9446286240673065 3.3031051053666416 3.6900087341428844 4.09035961883925
4.439761349481056 4.223994529011091 3.9860270422024184 3.7287531115981842 3.455416781762968 3.170305231862461 2.8802079676772454 2.5975784349556967 2.35318678158723 2.20823580532932 2.174821924452444 2.1997305873995776 2.256523351471919 2.3411741218166693 2.456787442235648 2.6070848209203628 2.7933186920453674 3.0101818550628554 3.248614964561515 3.498708942171003 3.7514461009247517 3.9992055276919483 4.221763938064433 4.4039059996771375 4.542651827032995 4.638094814160188 4.6892657882570665 4.695181226161745 4.662028012663257 4.599585333312735 4.50422054424622 4.375240571291088 4.2111465556814185 4.00978064316226 3.786280537725717 3.552730275265892 3.3390344165229 3.1538712251723293 3.002152449512283 2.908592335851829 3.0270099637405194 3.366846913658069 3.757263370684274 4.168091553313171
4.4329805578645605 4.221815142632164 3.9888425001612053 3.7366387554780847 3.4678266611688318 3.185176095970461 2.8918383914343715 2.592204423671933 2.2995437733315653 2.156567063641938 2.2065805801700646 2.2821965064973417 2.3734384244525595 2.48332220337349 2.616235892618118 2.776547242881005 2.9639948445725564 3.1748300403972114 3.402822248524325 3.640600238499181 3.8807988664570847 4.116679466772749 4.329863467077503 4.503650978259461 4.634931624793603 4.721125998040145 4.761276371426399 4.7557101672001565 4.7105683075012985 4.636344183764998 4.53029441626783 4.391801983479667 4.220926585918152 4.020518974854109 3.8051260674618614 3.5846719872514488 3.3917221699577382 3.2372210923873683 3.1355049331870175 3.122079300046863 3.2548240895000062 3.529844994225851 3.8851949018512846 4.281475143268923
4.433216635614496 4.230960555502106 4.008148007988195 3.767437203480436 3.511554738737582 3.2434322090148813 2.9665520875714835 2.6862849154384163 2.4200344367533733 2.296202735245943 2.3497696667557695 2.436728853185321 2.5401700584105935 2.660794019042838 2.802626718117382 2.966906836568182 3.15267014083615 3.356874916561872 3.574741309067956 3.80045530376709 4.027880436631115 4.251056605653062 4.454854668907004 4.620216851411958 4.743882394811732 4.823229701681381 4.85605417927578 4.840518199502766 4.783538566987514 4.698630306059281 4.583870356556579 4.4382320385331395 4.262211475379656 4.064125696829277 3.8587600804091116 3.656158111080224 3.4887474997130226 3.3686397395730356 3.3112449891270916 3.340653518947947 3.478936819877746 3.721461575265076 4.0423369186122216 4.4140084080168265
4.439554048550356 4.250325646757506 4.042609526219017 3.819521828757942 3.5845669683023007 3.342154128728093 3.0989148808051326 2.867571677895817 2.67792619787086 2.583009664052032 2.591989249510311 2.657337355191178 2.7527155826055396 2.872369636695027 3.0141358822717135 3.176388241576982 3.3570889528474432 3.5531439037774954 3.7603780962758973 3.973839875030558 4.188202644227075 4.398109443187725 4.592284861249631 4.7494799237419345 4.865655088195312 4.938207965927303 4.964915563016492 4.942893097002589 4.878154791941505 4.784152262770599 4.6622457469700365 4.511322907815791 4.332988866414137 4.142311165974701 3.9478338798538815 3.7603440910270116 3.614483492294163 3.522376283101979 3.4957191999554427 3.5482629960559207 3.6872888111614364 3.9091699725908846 4.202416516918662 4.548332341374669
4.449970345051205 4.2773343043024425 4.08883421792749 3.8881864380129834 3.679817834101179 3.469584477329112 3.266190973186017 3.0837305010785707 2.9440072728484754 2.870048147831651 2.8660593504299325 2.9147406842312678 2.9987700863228546 3.11012878619625 3.245467809955782 3.4010737514320413 3.573741043251537 3.759980790256271 3.9557593901750687 4.156547537669612 4.357506941011711 4.553698646611923 4.737508639574093 4.887006046541252 4.996025913760322 5.062009960577465 5.082155064731162 5.053527447505427 4.984863899959245 4.886561700100509 4.760630765417676 4.606781383103413 4.431483652273847 4.250113464306696 4.067764586817115 3.8944445317756093 3.764715675262411 3.6906278589396093 3.680710718130141 3.743236968762561 3.878281464809459 4.083114874925086 4.350531521566008 4.668953691097872
4.461542960714043 4.30828110034032 4.141981886450434 3.9668481147916745 3.787902107237633 3.611592382000611 3.4466532679947752 3.3048811777610645 3.200376488145456 3.1448889510524918 3.1409968621099837 3.181910957179 3.2592696957444014 3.3635387428114383 3.4893866797793907 3.6355307424099745 3.7980759949631384 3.973152310196199 4.156693365497013 4.344360455807557 4.531597397716873 4.7137376773850015 4.885688290287375 5.028097805274322 5.130442739554322 5.190045007514076 5.203258438512595 5.168296737599207 5.096682133728516 4.995824124542002 4.867008119879201 4.713459315366828 4.5481259121466415 4.37839571403504 4.2092275613800645 4.048941718674571 3.9308452490579837 3.8679683531266438 3.866186244960311 3.9297750709039283 4.055584725372904 4.241711639141458 4.483373195387829 4.773537834347094
4.470745417162101 4.338805003634635 4.196562410385449 4.048457082411863 3.899640574689559 3.75635181634358 3.626250027126167 3.518339862241512 3.4418232955451233 3.4035247410390554 3.405214594334944 3.445558277957233 3.51933204761899 3.6190809730335776 3.738171982843216 3.873648058484865 4.024930900151954 4.1879958114006355 4.3587496873707865 4.532960799438596 4.706248968540535 4.874127688063117 5.032067538156219 5.167822847200208 5.264054335053577 5.316854181598806 5.322876567748174 5.282086988282933 5.208039900174502 5.10514339556813 4.9747901011294395 4.8269544045076636 4.6721915404808545 4.514110011664252 4.357662503326775 4.209093002656498 4.098086438768365 4.040787038909576 4.041260132821993 4.100947337718171 4.216131810224528 4.386840947292389 4.608593347683401 4.874498148173961
4.474952203027179 4.364331548504731 4.247091582528134 4.126443185747004 4.007286613198796 3.8951921903885633 3.7964455108270316 3.717732996509569 3.6652468132605165 3.643294503453816 3.6536829916279503 3.697460787058094 3.7704857448892377 3.8671655533074825 3.981869256488203 4.109311583016961 4.248952789603048 4.399641426309458 4.557341466002605 4.717931349976189 4.877173014529218 5.030716859105073 5.174122076140175 5.300690548421434 5.39069591282451 5.436474255688659 5.435506403038928 5.390465309656519 5.314554257472404 5.209842717481379 5.082237416475357 4.943988944268293 4.799514487156075 4.652401420760934 4.507472978214541 4.369864998465912 4.2616259282065965 4.205124368191338 4.204314878409991 4.261811161459413 4.371428123154969 4.530388405308867 4.734157618153745 4.976728703195962
4.477226316211149 4.380926049595395 4.288476523375952 4.195104735286146 4.104677229104096 4.021905171841082 3.9517512052880197 3.8991256858715495 3.868285829704784 3.862065175570984 3.8830791904125608 3.9324249436835865 4.006804318116026 4.101905525592359 4.213017867424078 4.335371017736413 4.46490006663247 4.603210739740101 4.747832364797128 4.894795487883698 5.040015100077952 5.179168176978556 5.307431563217733 5.4203971861309235 5.504512220288945 5.543946101485111 5.53637300098145 5.489420744259885 5.412002664842996 5.308097765289288 5.189256396163166 5.060233446664736 4.9253645087298015 4.7890012237762125 4.65453714360987 4.526972195177963 4.419509917549512 4.3643045159346885 4.366025415509288 4.421738193101095 4.524595336744241 4.671741510281602 4.8587972430025435 5.079769236451465
