_RESULTS/CROSS_VALIDATION_POSTPROCESSED_CLR/Berg/IZ/8comp/4/Berg_IZ_z_1000_kriged_reverse_8comp_spherical_4.asc
ncols 100
nrows 90
xllcorner 5.6208707817415728
yllcorner 50.959635321741573
cellsize 0.00013419651685393446
nodata_value 1.7014100000000001E+038
[rows 0 to 18 of 90, columns 0 to 41 of 100]
-2.969402280179236 -2.969402280179236 -2.969402280179236 -2.969402280179236 -2.969402280179236 -2.969402280179236 -2.969402280179236 -2.969402280179236 -2.969402280179236 -2.969402280179236 -2.969402280179236 -2.969402280179236 -2.969402280179236 -2.969402280179236 -2.969402280179236 -2.969402280179236 -2.969402280179236 -2.969402280179236 -2.969402280179236 -2.969402280179236 -2.969402280179236 -2.969402280179236 -2.969402280179236 -2.969402280179236 -2.969402280179236 -2.969402280179236 -2.969402280179236 -2.965949136581804 -2.9540570927000953 -2.9343445159086228 -2.9076714767809153 -2.870299010591396 -2.818767006239733 -2.7548056433968937 -2.6792784719899245 -2.5941197478429037 -2.5017408297359314 -2.4045892383291854 -2.305108238128314 -2.2056683272861983 -2.1084661394991078 -2.015395227344379
-2.969402280179236 -2.969402280179236 -2.969402280179236 -2.969402280179236 -2.969402280179236 -2.969402280179236 -2.969402280179236 -2.969402280179236 -2.969402280179236 -2.969402280179236 -2.969402280179236 -2.969402280179236 -2.969402280179236 -2.969402280179236 -2.969402280179236 -2.969402280179236 -2.969402280179236 -2.969402280179236 -2.969402280179236 -2.969402280179236 -2.969402280179236 -2.969402280179236 -2.969402280179236 -2.969402280179236 -2.969402280179236 -2.969402280179236 -2.968605118097282 -2.9598024102215144 -2.941756159338193 -2.91551910962742 -2.8821928847029303 -2.838315899064342 -2.7795355016767234 -2.7065634800642684 -2.621723721130992 -2.527481105767855 -2.426401928894105 -2.321146857043188 -2.2144407851846863 -2.1090048190687147 -2.007436773573451 -1.9120386549913857
-2.969402280179236 -2.969402280179236 -2.969402280179236 -2.969402280179236 -2.969402280179236 -2.969402280179236 -2.969402280179236 -2.969402280179236 -2.969402280179236 -2.969402280179236 -2.969402280179236 -2.969402280179236 -2.969402280179236 -2.969402280179236 -2.969402280179236 -2.969402280179236 -2.969402280179236 -2.969402280179236 -2.969402280179236 -2.969402280179236 -2.969402280179236 -2.969402280179236 -2.969402280179236 -2.969402280179236 -2.969402280179236 -2.969359506392587 -2.964925212664697 -2.9501746100605004 -2.9260180929139135 -2.893506396324683 -2.8537310016330775 -2.802639770881653 -2.735028744974735 -2.6531552590932597 -2.559451619232115 -2.4564819089772936 -2.346964667657785 -2.2337892777847648 -2.1200116285354085 -2.008804737553069 -1.9033333303524653 -1.8065319569634661
-2.969402280179236 -2.969402280179236 -2.969402280179236 -2.969402280179236 -2.969402280179236 -2.969402280179236 -2.969402280179236 -2.969402280179236 -2.969402280179236 -2.969402280179236 -2.969402280179236 -2.969402280179236 -2.969402280179236 -2.969402280179236 -2.969402280179236 -2.969402280179236 -2.969402280179236 -2.969402280179236 -2.969402280179236 -2.969402280179236 -2.969402280179236 -2.969402280179236 -2.969402280179236 -2.969402280179236 -2.969258824814144 -2.9679031845871346 -2.9581600463984863 -2.9378334338381737 -2.907925065113295 -2.8694588870759015 -2.821780827667524 -2.762385248110192 -2.686588542810304 -2.5964297921917128 -2.49438316020236 -2.3830857530905636 -2.2653824376844183 -2.1443766391220103 -2.023473149971575 -1.9063793837472947 -1.797005047883508 -1.6991895189074704
-2.969402280179236 -2.969402280179236 -2.969402280179236 -2.969402280179236 -2.969402280179236 -2.969402280179236 -2.969402280179236 -2.969402280179236 -2.969402280179236 -2.969402280179236 -2.969402280179236 -2.969402280179236 -2.969402280179236 -2.969402280179236 -2.969402280179236 -2.969402280179236 -2.969402280179236 -2.969402280179236 -2.969402280179236 -2.969402280179236 -2.969402280179236 -2.969402280179236 -2.969402280179236 -2.969217625441434 -2.9679656699354307 -2.9639046718059587 -2.949204828981827 -2.9237513727760507 -2.8885292107466882 -2.8428673151432218 -2.786364381455609 -2.719121067481499 -2.6359398527336837 -2.538228393121124 -2.428472675240332 -2.3093404669060558 -2.1837478451562475 -2.0549512765242453 -1.9266609763293394 -1.8031437310095584 -1.689222721628403 -1.5900065123779157
-2.969402280179236 -2.969402280179236 -2.969402280179236 -2.969402280179236 -2.969402280179236 -2.969402280179236 -2.969402280179236 -2.969402280179236 -2.969402280179236 -2.969402280179236 -2.969402280179236 -2.969402280179236 -2.969402280179236 -2.969402280179236 -2.969402280179236 -2.969402280179236 -2.969402280179236 -2.969402280179236 -2.969402280179236 -2.969402280179236 -2.969402280179236 -2.969402280179236 -2.9692733352945586 -2.967989620644669 -2.965487771064533 -2.9580442154377313 -2.938907654967088 -2.908848122612283 -2.867674922844407 -2.8139870486655063 -2.749182814183072 -2.6743792582359953 -2.584748429309361 -2.4803685581221226 -2.363705372478681 -2.2374046930680977 -2.1043717834827653 -1.9684229490998804 -1.8340353867323835 -1.7053002910340196 -1.5874865871922237 -1.487005382427229
-2.969402280179236 -2.969402280179236 -2.969402280179236 -2.969402280179236 -2.969402280179236 -2.969402280179236 -2.969402280179236 -2.969402280179236 -2.969402280179236 -2.969402280179236 -2.969402280179236 -2.969402280179236 -2.969402280179236 -2.969402280179236 -2.969402280179236 -2.969402280179236 -2.969402280179236 -2.969402280179236 -2.969402280179236 -2.969402280179236 -2.969402280179236 -2.9693741504317925 -2.968291492860228 -2.9657766499582032 -2.9620208436780553 -2.9510397654774203 -2.9280472613988175 -2.893532732390536 -2.8453734400087427 -2.7843296891600815 -2.7118847941993023 -2.6295783541774176 -2.534583384009774 -2.4246036172280125 -2.3020828392552968 -2.171352349159229 -2.0356537322054606 -1.8972519774785754 -1.7591013438217484 -1.6253066288211906 -1.5018395163502973 -1.3972473091432849
-2.969402280179236 -2.969402280179236 -2.969402280179236 -2.969402280179236 -2.969402280179236 -2.969402280179236 -2.969402280179236 -2.969402280179236 -2.969402280179236 -2.969402280179236 -2.969402280179236 -2.969402280179236 -2.969402280179236 -2.969402280179236 -2.969402280179236 -2.969402280179236 -2.969402280179236 -2.969402280179236 -2.969402280179236 -2.969402280179236 -2.969402280179236 -2.9687679120916757 -2.9665041494585216 -2.962779292327993 -2.9575996040766737 -2.943529275645079 -2.917313697014989 -2.8773985831361273 -2.822926847877258 -2.755314445841497 -2.676026127843598 -2.5865804005267883 -2.486862911705534 -2.3740306374187536 -2.2521315207076276 -2.122654704679305 -1.987201005106541 -1.847681909821332 -1.7065593860322936 -1.567354333834154 -1.4357752589351311 -1.3220574234912381
-2.969402280179236 -2.969402280179236 -2.969402280179236 -2.969402280179236 -2.969402280179236 -2.969402280179236 -2.969402280179236 -2.969402280179236 -2.969402280179236 -2.969402280179236 -2.969402280179236 -2.969399373375794 -2.969280834544668 -2.9690937797082797 -2.9689486562220937 -2.9689094098120288 -2.9689915926237727 -2.969161895037286 -2.9693391445615833 -2.969402280179236 -2.9692264441487004 -2.9675085364821463 -2.9641050737556016 -2.959202848585189 -2.95255329895801 -2.9360589718285817 -2.9065580131596027 -2.8614287189310192 -2.801520485357675 -2.728235580615677 -2.6430273984128125 -2.547511779984397 -2.446750102750923 -2.3381101221266354 -2.2200270935622806 -2.0937686417366246 -1.9607033586293077 -1.8223553546347386 -1.6805273591710417 -1.5375924498245899 -1.397327378754805 -1.2679742918610768
-2.969402280179236 -2.969402280179236 -2.969402280179236 -2.969402280179236 -2.969402280179236 -2.969402280179236 -2.969402280179236 -2.969402280179236 -2.969360389622119 -2.968810660893726 -2.9678398564088067 -2.9666984115765844 -2.965600136168443 -2.9647162683390125 -2.964170268306734 -2.9640338076790704 -2.964324339073096 -2.965004492730749 -2.9659833629335175 -2.9671195510605313 -2.967361537383439 -2.965448795416109 -2.961288767124304 -2.9552559408972563 -2.9472896294723734 -2.9290731850857648 -2.8959883547885927 -2.8465820766423704 -2.7821990631139526 -2.704233047592376 -2.614542402583225 -2.519493122651389 -2.42113913718418 -2.3181634813165792 -2.20591767016467 -2.0852027006226326 -1.957264849638108 -1.8233985448906427 -1.684979798940683 -1.5435221483118007 -1.3992790891796951 -1.2519123486801575
-2.969402280179236 -2.969402280179236 -2.969402280179236 -2.969402280179236 -2.969402280179236 -2.969402280179236 -2.9693150011175478 -2.9683172161253637 -2.966481855645236 -2.9641414593253828 -2.9616047035357935 -2.959149070810141 -2.9570131876379824 -2.955389352985505 -2.9544168827856625 -2.954176915928243 -2.954689239901808 -2.955911499648982 -2.9577408828293033 -2.9598825988234965 -2.9606118838518887 -2.959381621984737 -2.9560716701917857 -2.9505416370593927 -2.942114201142985 -2.922547064336544 -2.8863480610381984 -2.8336699275200288 -2.765847456204665 -2.6846904116296346 -2.5973094696000443 -2.5060794331876437 -2.4113849129358815 -2.3136432031906864 -2.2093532987548237 -2.0966835528119834 -1.9769305202492387 -1.8514383376171755 -1.7185354387093477 -1.5759234907466875 -1.428764102791067 -1.2851002632771356
-2.969402280179236 -2.969402280179236 -2.969402280179236 -2.969402280179236 -2.969402280179236 -2.968657138250882 -2.9664744110510237 -2.963238381189902 -2.9593279142102134 -2.9551068478817477 -2.9509162979183055 -2.9470658457723586 -2.943824048698838 -2.941408948685886 -2.9399794420243417 -2.939628438484109 -2.940378637571723 -2.942181470946643 -2.9449193529061843 -2.9478419589362757 -2.9492277202889032 -2.9488584799391235 -2.9465755572227788 -2.942199353024448 -2.935234275298079 -2.91622470618724 -2.878229062640276 -2.8233421026533616 -2.7533048056033596 -2.675297750300963 -2.593056286946674 -2.5069143504629605 -2.4172861959896226 -2.3246868277392716 -2.229209516650579 -2.127011698000852 -2.017164988955328 -1.8926422038749615 -1.7561059924719244 -1.6133071112380466 -1.4721901613185269 -1.3459133334285474
-2.969402280179236 -2.969402280179236 -2.969402280179236 -2.969345054157766 -2.9678236638846354 -2.9645394401259653 -2.959907743964955 -2.954344450287654 -2.9482607627537196 -2.942056233223821 -2.936109900634185 -2.9307697056875104 -2.9263406702212817 -2.9230727068504008 -2.921149254232568 -2.920678097585886 -2.9216856303353396 -2.9241154091606067 -2.9278309848667012 -2.9314503483017815 -2.9336947799265123 -2.934394358050906 -2.9333451375707713 -2.9303220601617306 -2.925029658998961 -2.9078654106383977 -2.8712617531689846 -2.8160758303850697 -2.7488525705262057 -2.677104693894142 -2.6011564348626366 -2.5213487663257874 -2.43813546882971 -2.3521337797712425 -2.2641619339570136 -2.1696948759379664 -2.0563854647935456 -1.9280638501590361 -1.7899594921521795 -1.6489344595537816 -1.5142679273720563 -1.3991890499921311
-2.969402280179236 -2.969402280179236 -2.969273370248257 -2.9672403753751704 -2.963063687143056 -2.9571745466952564 -2.9500132337471068 -2.942025873810824 -2.9336593399080533 -2.9253538230021454 -2.9175327844180163 -2.910590301062535 -2.904876285307391 -2.9006806572876123 -2.8982181313691107 -2.8976156407232905 -2.898904355613689 -2.9020176595793714 -2.906719246085428 -2.911161699490176 -2.9144975145299723 -2.9165053791021824 -2.9169286029420882 -2.915490326683529 -2.911872126958959 -2.8973827855269993 -2.8635012826425834 -2.8126529003653573 -2.753708181401919 -2.6892687173911525 -2.6207467795344233 -2.5484786046461565 -2.4729378217894897 -2.3947133035294246 -2.306415221416634 -2.199374342389265 -2.077812461625494 -1.9439926592356276 -1.8035285828709702 -1.662941604473494 -1.5309804315513764 -1.419631248323157
-2.969402280179236 -2.9693116214835027 -2.967145477231812 -2.9624098631387503 -2.9555394728703845 -2.946984659778887 -2.9372085603257254 -2.9265971534527893 -2.915719358211982 -2.905169127668841 -2.8954299604622884 -2.8868597078456104 -2.879751434225751 -2.8745361561088254 -2.8714785944362684 -2.8707308509826186 -2.872330410884465 -2.8761972262501887 -2.881911514471111 -2.8874263368311515 -2.892119708733093 -2.8957088984371735 -2.8978760938404164 -2.8982864043491996 -2.8964249415774312 -2.885248584357494 -2.8553243192285684 -2.8138269312566435 -2.765689749406812 -2.71072796627132 -2.650742957295714 -2.586770665538328 -2.516150150299654 -2.4332493084811384 -2.32733873812644 -2.204283096597251 -2.0710404039867 -1.9326944151711893 -1.790660269353805 -1.649472008325952 -1.5160818252616934 -1.4010941995533952
-2.969397915596236 -2.967574931003208 -2.962728265818199 -2.9546858587723426 -2.9436280985003087 -2.9305205241619836 -2.916271466848325 -2.901719410736474 -2.887619744070615 -2.8746305493797606 -2.863296953241045 -2.8540335358577344 -2.84710473148209 -2.842604184468266 -2.8404355222452473 -2.8402983934247947 -2.8422614965394 -2.846969756264027 -2.8538207601948504 -2.8606931709358174 -2.867046864985781 -2.872525181404732 -2.8767397240533836 -2.8792916842163554 -2.879471452878712 -2.8717763211172427 -2.848978419100139 -2.818864980472839 -2.782408355154904 -2.7393957706744287 -2.686373217701575 -2.6239079062191433 -2.550158332767437 -2.4498113764307736 -2.3264103139210026 -2.187013552182383 -2.0409678894136962 -1.8961538878690434 -1.7536674695358663 -1.6119777476793413 -1.4748684101072072 -1.349892939261888
-2.968315343983833 -2.962360331195958 -2.9516502615739153 -2.9372914521160434 -2.920359765311093 -2.9018886210555674 -2.8828561428250383 -2.864171777717104 -2.8466624850231663 -2.8310581158704 -2.817975016564612 -2.807896488210996 -2.8011490216106423 -2.797874687669601 -2.798002738856625 -2.8012264706563355 -2.8069928999970983 -2.814511163659759 -2.822857630811983 -2.8314145989943427 -2.8397714263449183 -2.8474816582731948 -2.8540756370152605 -2.859085456502692 -2.8616913014961183 -2.857118398675466 -2.84485872058654 -2.826824573695916 -2.8022714406723255 -2.765228126164224 -2.7152615529255417 -2.653282073918168 -2.5646947970923177 -2.4477774464076907 -2.3077824600923327 -2.1510335978619763 -1.990290675045293 -1.8423620679087307 -1.6985014249971064 -1.5561948669140935 -1.4172632499709747 -1.284197994478025
-2.9605360514138597 -2.947476337116666 -2.9299484466802292 -2.9091234156111705 -2.886146666326509 -2.86212464580574 -2.8381106088839854 -2.815090264658838 -2.7939677193905337 -2.7755513860955165 -2.760538326427883 -2.749494243233645 -2.742825951848647 -2.740744860888288 -2.743224551838243 -2.7499618607263367 -2.7603552443772683 -2.7735122803350016 -2.7877689480800005 -2.8000555835318655 -2.810802266404528 -2.8211209496009726 -2.8304490896946315 -2.8382459652541803 -2.843695529190321 -2.8427884204155274 -2.8419920154293203 -2.8354834827565627 -2.8152157018099535 -2.78119502625289 -2.735049446693046 -2.6657902566799314 -2.5620369990084932 -2.4307488797268304 -2.2770954322583563 -2.1063507918484046 -1.928159263168045 -1.7817349173441273 -1.635314806252731 -1.4904973948198768 -1.3512065267732796 -1.2228166619879066
-2.943536598588847 -2.9232886977392543 -2.898825227723142 -2.8713865173654125 -2.8421930991387043 -2.8124303635157437 -2.7832322543636216 -2.755665403253485 -2.7307149403484443 -2.7092721997456737 -2.6921224374979524 -2.679927807697807 -2.6731985432578336 -2.6722462138021505 -2.677120000709883 -2.6875399498656107 -2.7028530306673284 -2.7220369210174917 -2.743296040051479 -2.763325227446002 -2.7804115400257285 -2.79401391477117 -2.8064433560496487 -2.81735443992913 -2.82602465635 -2.8305577898562544 -2.8382699000226306 -2.835534130232168 -2.8179565863451748 -2.7872605108515933 -2.7419223058993394 -2.6607208809852962 -2.544147756482465 -2.400830804471294 -2.2374028793063045 -2.0613563539982693 -1.8850626243017907 -1.7209610857495752 -1.5658397715890446 -1.4177923494905138 -1.2792899366862955 -1.1552520668298687
