CROSS_VALIDATION_INTERPOLATED_TRAIN_FILES_80-20/CROSS_VALIDATION_CLASSIC_80-20/Berg/IZ/Berg_IZ_3_train_z_500.asc
ncols 100
nrows 90
xllcorner 5.6208707817415728
yllcorner 50.959635321741573
cellsize 0.00013419651685393446
nodata_value 1.7014100000000001E+038
[rows 19 to 37 of 90, columns 41 to 81 of 100]
0.07869864060171286 0.069920766825011221 0.062352576747384855 0.056144005020570445 0.05137670155432203 0.048049063066348624 0.046068457771180793 0.045252529345136766 0.045340369699802249 0.046013069167559748 0.046921873350754845 0.047721087992529332 0.048102139862636104 0.047824933091607152 0.046742877420311746 0.044818673928134545 0.04212902436225277 0.03885773192631839 0.035278008289840262 0.031726018178267382 0.028568628652693689 0.026168878608392676 0.024852794411493448 0.024880858407105313 0.026426751217739394 0.029565042243698783 0.034268428101102491 0.040414056029098269 0.047797547376740274 0.056152656202649587 0.065174121391461656 0.074541214150547527 0.083939719300521437 0.09308055537301213 0.10171384850765691 0.10963793307762555 0.11670336845406727 0.12281256512197909 0.12791595925883617 0.13200584634467596 0.1351089912482771
0.07621450499328826 0.06670547792315043 0.058606628947310446 0.052058296277130989 0.047126758619806239 0.043788885506008277 0.041924497920003842 0.041318479058054122 0.041673466707706303 0.042632553367817183 0.043810025749630763 0.044827001785671367 0.045348048536382385 0.045114605442145295 0.043971332753777778 0.04188231061870297 0.038935213017915388 0.035333002874135863 0.031374145575310042 0.027423627768716943 0.023878037548350814 0.021128503147682873 0.019525354359923669 0.019347982665136335 0.020782608186631815 0.023909633151426593 0.028701116275774527 0.035027788513308553 0.04267408059839313 0.051358947762787072 0.060759915104659806 0.070537739343763978 0.080359355445811298 0.089917280278022552 0.098944287938869405 0.10722285348862806 0.11458949223000103 0.12093462923731704 0.12619897481711179 0.13036754201489004 0.13346243501936805
0.074028859095894503 0.063752265989783619 0.05512320708679494 0.048265444423835652 0.043222810295871231 0.03994380690253295 0.038274402629646917 0.037961205871044401 0.038665873428087152 0.039990079813363985 0.041508867330904017 0.042808945043044083 0.043527699360158253 0.043388442033433894 0.042227786799472367 0.04001195685258653 0.036840145974275901 0.032934596336950339 0.028618602451172953 0.024284999773957081 0.020358682683115512 0.017257213134412114 0.015353590654918328 0.014944787400848938 0.016228798937562988 0.019291854774498018 0.024106226862775859 0.03053792354033362 0.038362594997865762 0.047287302480065158 0.056975469503996332 0.067072342893972084 0.07722860309962655 0.087120300953061239 0.096463964972350158 0.1050264180294805 0.11262947339752856 0.11915017856078129 0.12451760021314784 0.12870728537226672 0.13173450802945577
0.072533283198416079 0.061473787447271028 0.05233173556616233 0.045205457565154927 0.040107813720201266 0.036951171914521672 0.035540997706213537 0.035580360421531662 0.036686219327677613 0.038416701638467901 0.04030697356126145 0.041909987099284618 0.042837562975989715 0.042797068689053613 0.041619397321487769 0.039274975188990785 0.035875968800761757 0.031664512664480143 0.026988407874564579 0.022267131734525797 0.017951981639515252 0.014484649654566917 0.012258460826794118 0.011585954097111481 0.012675545525008422 0.015618835627694144 0.02038886971554521 0.026848490533437436 0.034766969218340285 0.043842456152055578 0.053727501690244997 0.064054952182297342 0.074461879326412045 0.084609768165753621 0.094199870571845687 0.10298332478936463 0.11076625832525114 0.11741056584688606 0.12283135034475053 0.12699212953767935 0.12989886131183034
0.07207405997833892 0.060236769733348308 0.050612976643612612 0.04326515822281915 0.038165594060740701 0.035182226944343087 0.034073441606005894 0.034494163034485339 0.036014126076328368 0.038147402764847932 0.040390571834583402 0.042265545139976407 0.04336224256475886 0.043376155501934743 0.042136376445722171 0.039620809236303983 0.03595683386428232 0.031407449191713233 0.026344608541919778 0.021212872106942463 0.016487456693973446 0.012631172714950886 0.010054587533297243 0.0090831060897720861 0.0099336365156863088 0.012702269611154351 0.017363118083824611 0.023777294090477047 0.031710080425895265 0.040853755501335146 0.050853297979977299 0.06133230667184586 0.071916865920126499 0.082255677553622869 0.092035464842974882 0.10099133102831308 0.10891234001752417 0.11564302076788578 0.12108175122084548 0.12517705398943241 0.12792276050807833
0.072910281098656063 0.060320020289390985 0.050256940093297273 0.042736191117232841 0.037679321987531489 0.034901577344945839 0.034108267753387961 0.034902684615314483 0.036806380730932287 0.0392907722541216 0.041817241610934364 0.043881519038473968 0.045057314649171287 0.045034085501957602 0.043644458071620554 0.040878077220298237 0.036880319278139284 0.031936136730868758 0.026441032918655724 0.020862566244747194 0.015696687963024064 0.011423542157498301 0.0084671048378267971 0.0071622926515352153 0.0077320699168835216 0.01027579708271692 0.014768771272536396 0.021071768424469062 0.028948527437896943 0.038088591563204946 0.048132760340631867 0.058698577041034997 0.069403712852329269 0.079885715738874458 0.089817265407683658 0.098916718840861464 0.10695426530113125 0.11375438526485457 0.11919550506388847 0.12320776780831427 0.1257697337422084
0.075176485109527375 0.061877613841811147 0.05142670368919143 0.043779749997837417 0.03879757890558802 0.036235141971238102 0.035739851875417936 0.036861473839533171 0.039074345485550943 0.041810751249875058 0.044502448417653773 0.046625929858807341 0.047746239644997593 0.04755414789121383 0.045892230397520731 0.042766757894717011 0.038344058175228735 0.032931901288409698 0.026948199529126665 0.020880677135448042 0.015241989974077774 0.010524994502331075 0.0071625012440770103 0.0054950024627368893 0.0057486927914800201 0.0080247873777972017 0.012299864269014388 0.018435869391978263 0.026197632942200802 0.035275312011391211 0.045309099120798363 0.05591377618252806 0.06670116926737274 0.077299172395659782 0.087366655614618025 0.096604162291991272 0.10476076404715405 0.11163773991602323 0.11708987114669764 0.12102511387472835 0.12340326816195575
0.078854472600988282 0.064911819381464841 0.054132639342283267 0.046402449497949277 0.041512346035918302 0.039150814104443668 0.038904336548927984 0.040269327774433275 0.042676103856088235 0.045523593434699527 0.048221636822629393 0.050236323053433632 0.051133102587937893 0.050612493235516004 0.048534041002394987 0.044925655441092532 0.039977268989259226 0.034019685037312786 0.027491198740133699 0.020895867222758324 0.01475802409086524 0.0095777272088126836 0.0057913437417579233 0.003740534867712475 0.0036516763693345278 0.005626430795309445 0.0096429510651108025 0.015566188504455236 0.023165094664109029 0.032134184329451906 0.042116951919468348 0.052728945983307268 0.063578817703193846 0.074286266500870307 0.084496408925603367 0.093890612490090009 0.10219420711994713 0.10918168793067996 0.114680059489651 0.11857087430251419 0.12079133419327714
0.083758506884219361 0.069259733711192706 0.058220789298535067 0.050446862328498876 0.045652193348206693 0.043454824780246482 0.043379681914220841 0.044872493804161001 0.04732519393617042 0.050111398775016053 0.052628704492052938 0.054343184566715955 0.054830835623533983 0.053810898457314335 0.051166928215809371 0.046953029550410572 0.041384548208801636 0.03481442080115342 0.027698045083678582 0.020550720838875006 0.013902295005923299 0.0082535965962198948 0.0040386361912605889 0.0015955148269952008 0.001147724106934131 0.0027962189254462644 0.0065214807799204716 0.012193894598848329 0.019590210853472415 0.028413674686338528 0.038315539855327249 0.048916072560579602 0.059823690105674163 0.070651466848225056 0.081030779681195791 0.090622284460280325 0.099124670961283315 0.10628172779017692 0.11188818100654774 0.11579459462808642 0.1179113935583673
0.089537079470482089 0.074596414025135976 0.063377814677523986 0.055598772031394669 0.050892328541980766 0.04880504806785986 0.048802622291497608 0.050285579577971987 0.052615659717695121 0.055151367905654294 0.057289391738789636 0.058507273754032363 0.058402192215293844 0.056720989723897136 0.053377633218130632 0.048455895500721657 0.042196939533132319 0.034973354768380399 0.02725275787898096 0.019555118098020643 0.012408390029920377 0.0063068323690175232 0.0016756539229147854 -0.0011554775468283207 -0.0019688046854007407 -0.00066471930742241503 0.0027410801814581331 0.0081277115946776085 0.015284318335826663 0.023928131763938057 0.033723409221545458 0.044299731777033058 0.055268704982833775 0.06623865749067577 0.07682738788340375 0.086673309823505629 0.095445464256806417 0.10285281411481684 0.10865304999159468 0.11266087240936959 0.1147554428199217
0.095692857399051992 0.080455640317567606 0.069153170567891734 0.061411314723501226 0.056781183321527665 0.054740406172423373 0.054701140052088024 0.056027208639195289 0.05806086099926272 0.060157604189445713 0.061725793600691733 0.062266465541381044 0.061408469418180955 0.058934355673969152 0.054793606960742425 0.049101447974672793 0.042123341817615664 0.034247066530624065 0.025945690868494728 0.017735641940026275 0.010134295132973231 0.0036211457116455403 -0.0013942376730400191 -0.0045954416472907822 -0.0057728455044779164 -0.0048280602111645254 -0.0017704798209974421 0.0032921669088153277 0.010167167902825333 0.018592111567846473 0.028250514831996226 0.03878673907026374 0.04981970413627422 0.060955407903344583 0.071798607663979316 0.081964176395869906 0.091088605490320912 0.09884191590590008 0.10493991929849758 0.10915641266572432 0.11133456964123928
0.10162047839483261 0.086267467051139107 0.074997157942588086 0.067344141398334861 0.062781136140356159 0.060723426328372146 0.060538948635850298 0.061566345479425924 0.063141396629224356 0.064630257413693007 0.065466246077813595 0.065185840290324315 0.06345924321386967 0.060111391955662341 0.0551304868029759 0.048662782306962027 0.040994198317264349 0.032520971131049875 0.023712812655235588 0.015072712066738395 0.0070975467643580037 0.00024312580221602653 -0.0051036832206808186 -0.0086442934966650259 -0.010178971170981418 -0.0096094533019147471 -0.0069351665362737402 -0.002244972484804042 0.0042936318442873544 0.012446235661798699 0.021923046533824472 0.032389716969414936 0.043477508632239315 0.054793259992469354 0.065929842458168075 0.076477780025641262 0.08603848433921521 0.094239173234534082 0.10074907446005024 0.10529605683120634 0.10768246402152433
0.10665973749619992 0.091409684089708551 0.080311528819670963 0.072813815523062264 0.068319110766338398 0.066191206483935616 0.065766761012390582 0.06637359716022237 0.067356001113248576 0.068105454452974987 0.068093659114988492 0.066903771282215904 0.06425560043095542 0.06002115450896521 0.054228176243284354 0.047050964075081012 0.038789494931411539 0.02983936305805289 0.02065608077054587 0.011717716928380473 0.0034896591820080952 -0.0036054314560440975 -0.0092104767878267157 -0.013048862296954025 -0.014931693646262179 -0.01475866859600862 -0.012514334423647841 -0.0082616365125949276 -0.0021344390995631929 0.0056697954220120417 0.014896621931485179 0.025240625296022376 0.036351467919251146 0.047840936342227094 0.059292017302239167 0.070270834254226672 0.080341850396126749 0.089086170467992512 0.0961221509168909 0.10112696286189768 0.10385734038671147
0.1101596796672217 0.09526847132755023 0.084507658250374582 0.077250159387169934 0.072841448368219555 0.070608871019059841 0.069874122929871926 0.06997099813715911 0.070268690770623782 0.070199115572521967 0.069285278067773501 0.067166939333764636 0.063619809695729571 0.058565238980761478 0.052068675700719921 0.044326772184098057 0.03564460562884661 0.026405777586713947 0.017038934695540187 0.0079844212845885526 -0.00033564924105645988 -0.007541505411549923 -0.013312765612280661 -0.017398369441029016 -0.019620360187444175 -0.01987317986944595 -0.018120422645317102 -0.014390865601097105 -0.0087751271463837044 -0.0014236133151104974 0.0074543517144883553 0.017591005093072057 0.028661521139603199 0.040287778711476152 0.05204590583452573 0.063478577539584524 0.074112398493230106 0.0834799253575257 0.09114509728530229 0.096730170112936886 0.099941796389129853
0.11154745288383455 0.09730216109380789 0.087066194496981719 0.080152416486326206 0.075866857400249552 0.073519261281863132 0.072435520785656016 0.071973996019056852 0.071545942402005444 0.070638571689116109 0.06883799298980818 0.065848668641579372 0.061506164755290915 0.055780812277784489 0.048771221417154134 0.040688124162141612 0.03183044673326442 0.022556566185335067 0.013254203894880454 0.0043122940619501615 -0.0039024991501846323 -0.01106299323660942 -0.016892019406949274 -0.021167009305304171 -0.02372024014815749 -0.024436804795006747 -0.023252380440768577 -0.020152457254268952 -0.015173962499594129 -0.0084093280772205431 -1.2168388423203225E-005 0.0097969816717027175 0.020726848672917603 0.032415572171764481 0.044436569568955767 0.056311219757130881 0.067528593147662325 0.077571466853573481 0.08594690921996595 0.092218937990009214 0.096040266299104532
0.11039473281794587 0.097101327004895946 0.087591732755258736 0.081139050068187432 0.07703151386952399 0.074583191894639911 0.073145384383850764 0.072120599108640604 0.0709792715611062 0.069277829251958217 0.066675595822227832 0.062947604645641725 0.057990695829921779 0.051821202167394831 0.044563860942356176 0.036433021206582553 0.027708446578547014 0.018708795755973701 0.0097660554290160545 0.0012037891069147377 -0.0066788415119822669 -0.013616528590790433 -0.019381242184597955 -0.023781187492970687 -0.026657540748880784 -0.027881408626578855 -0.027353159291327575 -0.025005557137010595 -0.020811142285116574 -0.014793212363145777 -0.0070387760988422365 0.0022888793053812279 0.012940713392215419 0.024578167225383016 0.036777204676336522 0.049041376154907876 0.060823999712454155 0.071558348640703623 0.08069361170123239 0.087733508585026834 0.092273922653309345
0.10647428518204399 0.094438521581430679 0.085856498525187036 0.079985769617220454 0.076121485340432588 0.073606034978161872 0.071838369314809025 0.07028474704526104 0.068491015001226396 0.066095101669231007 0.062837485912506263 0.05856717097578365 0.053241158607309713 0.046916437864391633 0.039734822883599655 0.031902285214326184 0.023665435402877424 0.015288297609656373 0.0070323908361114434 -0.00085758478464771637 -0.0081613038840170626 -0.014683801094703061 -0.020251340727529002 -0.024704580476499566 -0.027891907980236802 -0.029665738495832053 -0.02988394074185946 -0.028417526131810839 -0.025164477641343663 -0.020068320781770801 -0.013138956688600226 -0.0044725559080756316 0.0057329373645895187 0.01716987576474524 0.029422991471945353 0.04198279593050179 0.05427023303900963 0.065671099811381625 0.075577461073471117 0.083432303932057833 0.088773134142932156
0.099799870935792526 0.089301904916035152 0.081828226367308299 0.076647857009330897 0.073089413775554099 0.070548439150740661 0.068493631115962836 0.066473573319005858 0.064124003341551536 0.061174371764602761 0.057451719677390142 0.052879869092926676 0.047472545286562279 0.04132015083275134 0.034571206391113191 0.027410646807495831 0.020037931894111308 0.012648113266412631 0.0054185375693325682 -0.0014971528470155843 -0.0079674368788330147 -0.013874925387377321 -0.019104403359266595 -0.023530163173567167 -0.027006119537387407 -0.029361796728035489 -0.030406320374573303 -0.029941193509081102 -0.027781112608687861 -0.023780625034032499 -0.017863266577116524 -0.010049118760379325 -0.00047659170679240082 0.010585308342857994 0.022736984509687433 0.035461898145000836 0.048153618030486095 0.060154393867372813 0.070801934696856264 0.079480004057493184 0.08566788532788977
0.090644195628691873 0.081908648525487293 0.075679218805708395 0.07126482935443483 0.068054529690492055 0.065521301446782226 0.06322428589092273 0.060810874795522718 0.058018608266575247 0.05467568381256914 0.050698350544226889 0.04608362876551117 0.040896577350621882 0.035252507296844662 0.029295802183017375 0.023178032613819538 0.0170385763222414 0.010990826284709113 0.0051162783764946013 -0.00053252625068471449 -0.0059208227294440391 -0.011014391876771057 -0.015759697397576114 -0.020065481804160248 -0.023789889052578686 -0.026736462348284626 -0.028661066189131987 -0.029290111567531363 -0.028348683273701644 -0.025595546799503502 -0.020860784876031463 -0.014081151885743534 -0.0053282275703422921 0.0051748998809463403 0.017051470908824515 0.02978482393224692 0.042747659665379509 0.055244531938993466 0.066563710753005836 0.076033418614460335 0.083076877092121693
