CROSS_VALIDATION_INTERPOLATED_TRAIN_FILES_80-20/CROSS_VALIDATION_CLASSIC_80-20/Berg/IZ/Berg_IZ_4_train_z_63.asc
ncols 100
nrows 90
xllcorner 5.6208707817415728
yllcorner 50.959635321741573
cellsize 0.00013419651685393446
nodata_value 1.7014100000000001E+038
[rows 18 to 35 of 90, columns 42 to 83 of 100]
0.20146349336110433 0.21392234629056098 0.22086685729171621 0.22215994291032348 0.21809411527076919 0.20929263193158737 0.19658895231079884 0.1809032977004896 0.16313402260421425 0.14407760880163578 0.12438521152428578 0.10455694501942961 0.084968697020906286 0.065921267668021394 0.047698773926681204 0.03062285399035175 0.015091112208542534 0.0015919491684381615 -0.0093073459384705182 -0.016997471920738555 -0.020882955400745251 -0.020447994847614975 -0.015322041068078662 -0.0053352435146471755 0.0094442216522458433 0.028695980150434508 0.051858031208625616 0.078160263942869707 0.10667630331851888 0.136387176969468 0.1662494936951783 0.1952610960433705 0.22251830794244074 0.24726064620339591 0.26890085573312106 0.28704003218905 0.30146915115059403 0.31215937077342903 0.31924396965338642 0.32299477949879712 0.32379560331174784 0.32211454072195245
0.18757276314081081 0.19419474523593597 0.19577868559705353 0.19240858998994417 0.18455973976556764 0.17298655517836539 0.15859376272543776 0.14231023427976019 0.12498314631800017 0.10730561577520997 0.089784606920013998 0.072748855709157012 0.056390057379198305 0.040825664501616676 0.026169047987059074 0.012592735868782262 0.0003727641756723632 -0.010093726171010231 -0.018300452413656104 -0.023671199223712608 -0.025619605691907577 -0.023619893284710897 -0.017277655479639081 -0.0063903457600149038 0.009010870958995304 0.028643153447168862 0.05197958518253698 0.078280547755189889 0.10664420043583178 0.13606947860368429 0.1655242163856514 0.19401127514867558 0.22062672584306073 0.24460588530051755 0.26535499425396769 0.28246821654785059 0.29573117483659461 0.30511326291236196 0.31075144841404245 0.31292826445205835 0.31204632057467474 0.3086011134335136
0.18030110910869612 0.18013070182276328 0.17540999964242993 0.1664816604215297 0.15403669392850314 0.13898759508120542 0.12233032224673251 0.10501504061855127 0.087843153371636756 0.071403026390479185 0.056049959954760142 0.041928614376211565 0.029029512959593468 0.017266468743302954 0.0065594720578305288 -0.003092073451127525 -0.011558136240754219 -0.018556739644022879 -0.023665040523974473 -0.026359970230380864 -0.026081148161685136 -0.022305807012702045 -0.014624296450949759 -0.002805360454744138 0.013157462802025705 0.033023770001431696 0.056310341807092129 0.082319570596707886 0.11018762030754201 0.13894573816754674 0.1675873280251699 0.1951336692192174 0.22069232289740454 0.24350400128758079 0.26297563396745982 0.27869921954166588 0.29045754596791451 0.29821884887200367 0.30212292072109614 0.30246115317718991 0.29965263117215146 0.29421787405778521
0.17946712519912328 0.17184738105472963 0.16016558818627777 0.14504850836933761 0.12742493750698428 0.10838341168122687 0.089024666651746659 0.070329258933917366 0.053057658370317173 0.03769437636426401 0.024440365042781437 0.013250303999074953 0.0039047564557910808 -0.0038974487543098069 -0.010443255446728444 -0.015921736523008267 -0.020365505644257903 -0.023625049643325208 -0.025378177676562363 -0.025171266756535304 -0.022484451039778225 -0.016809945235150725 -0.0077315959041238114 0.0050055119602231413 0.021444306100787069 0.041389462774304914 0.0644075363564659 0.089851831286195283 0.11690745355205032 0.14465004946135968 0.17211093254450163 0.19834156646430617 0.22247150688349168 0.24375559941220654 0.26160813637235092 0.27562346891295103 0.28558400505358505 0.29145745709951754 0.29338560692322974 0.29166680919940835 0.28673409560532087 0.27913025260520019
0.1845124112208103 0.16912093976431533 0.15014573824889169 0.12850948047798696 0.10538851838503185 0.082055282243789801 0.059721511199349181 0.039403099750040638 0.021823550689329063 0.007366674621906294 -0.0039185904105463187 -0.012266211152745676 -0.018105558199699834 -0.02195442829776717 -0.024310325265744864 -0.025556591285541219 -0.025896420440744111 -0.025322570100529213 -0.023624664154919733 -0.02043032161856928 -0.015271769208589969 -0.0076666753490362283 0.0027990710112786865 0.016398083124302271 0.033206803241584176 0.053075194231534006 0.075622816770763823 0.10025975769216378 0.1262279850743098 0.15265679867533585 0.17862524785429379 0.20322464550124095 0.22561540642480618 0.24507407519042762 0.26102824031810479 0.27307874481071082 0.28100995916270016 0.28478975018382158 0.28456113820832618 0.28062756637427988 0.27343335638677091 0.26354047113388779
0.19459126873334515 0.17145574836199939 0.14519477123522095 0.11702443467661969 0.088365571852488833 0.06067180320355145 0.035264452184858019 0.013195333899665512 -0.0048460347711190843 -0.01857115766396536 -0.028075709455999742 -0.033773617363557523 -0.03629517677858049 -0.036366526678404315 -0.03468915592863453 -0.031836586335888262 -0.02818145390887733 -0.023860697164984651 -0.018780441584891533 -0.012656415644975078 -0.0050811568919332251 0.0043935936301503775 0.016171834398124862 0.030537192436680793 0.047594962509098948 0.067238136040062679 0.089139533365357959 0.11276863768868181 0.13742888844156032 0.16230932587745348 0.18654370082819602 0.20927040750455247 0.22968765227269666 0.24709983542411643 0.26095286429302167 0.27085773222201609 0.27660296272460672 0.27815731001157162 0.27566441470300251 0.2694310217308763 0.25991002579518563 0.24767919301973101
0.20866184574110794 0.1781538514750034 0.1449488428676792 0.11053983369912909 0.076576525216179442 0.044680762383669859 0.016274633470747257 -0.0075577480695648291 -0.026158805956445985 -0.039327810317653367 -0.04729276578851685 -0.050631803640062062 -0.050158496326898644 -0.04678948481763201 -0.041413817599953412 -0.034781519217742723 -0.027424666005129744 -0.019618500274203032 -0.011383862417620044 -0.0025264334046279924 0.0072962529058261671 0.018491840027488105 0.031446860898809048 0.046448777704589994 0.063625555641053627 0.082908623259267428 0.1040213966532568 0.1264921034602362 0.14968687850418785 0.1728572962803552 0.19519575451296456 0.21589235414973332 0.23418792424805854 0.2494193207446958 0.26105476644640468 0.26871850729418445 0.2722052242831175 0.2714853505480822 0.26670269546323394 0.25816566086584725 0.24633299918668267 0.23179468227377228
0.22556813977569123 0.18837594452295633 0.1488761930082792 0.10880946931123564 0.070027318106206854 0.034297563382212487 0.0031275944772001796 -0.022373533158286052 -0.041578921795927842 -0.054366066398271823 -0.061078600302997166 -0.062436737052853603 -0.059411916289471678 -0.0530848506159248 -0.04450684681352568 -0.034582075219668662 -0.023983966502388515 -0.013113009320925573 -0.0020969141457168605 0.009171645489238156 0.020968942966832188 0.03365764394099896 0.047600394344847391 0.063081101530068212 0.080243010056405578 0.099049365132357348 0.11926886759786426 0.14048478919994667 0.16212395462380591 0.18350006596173274 0.20386512919888292 0.2224629611753442 0.23857970203159631 0.25158764787435434 0.26098024607144382 0.26639748838510646 0.26764199647425113 0.26468672018889344 0.25767536477790409 0.24691652027679514 0.23287213513784752 0.21614062690225955
0.24410689523531631 0.20118971082272102 0.15630746798226061 0.11140811002899567 0.068508423704420174 0.029492243965159481 -0.0040686806548796695 -0.03105074665940713 -0.050857065622017583 -0.063432130474840698 -0.069214840864719684 -0.069040129237563225 -0.06400551371594379 -0.055322282141181012 -0.044171368687599272 -0.0315815136429064 -0.018342619703742735 -0.0049612363448423846 0.0083411788472287918 0.021592224273061983 0.035004043029209175 0.048892147519451951 0.063590006094263823 0.079370711452616177 0.096384619244729713 0.11461861501538267 0.13387919837943926 0.15379837370682312 0.17385879842789637 0.19343299933481403 0.21183079273404132 0.22834925192485067 0.24232045302894159 0.25315352548827474 0.26036894752273321 0.26362430331890041 0.26273167337881309 0.25766737256419164 0.24857489080608927 0.23576172241765317 0.21969044019279799 0.20096404698828238
0.26307820092080536 0.21560586123323178 0.16645789929252167 0.11774113883109918 0.071593804943149569 0.029980032115157318 -0.0054890448966765648 -0.033687880704109247 -0.054049351223024039 -0.066572503760571361 -0.071768516970184465 -0.070555931338608047 -0.064121991365840708 -0.053769985819487526 -0.040772530198578488 -0.026248048952070557 -0.01107293400686904 0.004164113184948276 0.01916522137420093 0.033889114976947105 0.048488754491932823 0.063232445450066926 0.078420513913967982 0.094308506122135982 0.11104548310311033 0.12863286056803869 0.14690592554979803 0.16553712263241238 0.18405780686669931 0.20189362069094755 0.21840802401909545 0.23294870378838869 0.24489241693495656 0.25368502114223657 0.25887474923477893 0.26013794663788337 0.25729734634601609 0.25033342161047512 0.23938944597253475 0.22477069647168621 0.20693790488421124 0.18649475682390734
0.28132248181338676 0.23060565672648523 0.17844606938205695 0.1270556795227169 0.078645853708080748 0.03522179444632631 -0.0015933929183706841 -0.03068617858760761 -0.051519279112295507 -0.064133259124563691 -0.069087227283500086 -0.067350247677108566 -0.060160503455566339 -0.048871945667216504 -0.034807945641314314 -0.019138628051092232 -0.002793759662868267 0.013582798447653671 0.029637046401830708 0.04527241919672953 0.060590058527313639 0.075813019047179547 0.091206040495239199 0.10700135972691394 0.12333872082310471 0.14022475986299596 0.15751379914186106 0.17490922871555881 0.1919824133818207 0.2082046313270644 0.22298697104565388 0.23572329965419631 0.24583218353272218 0.25279474966015347 0.2561866699467894 0.25570350908805078 0.25117944113942392 0.24259973767384749 0.230107475935869 0.2140047000439578 0.19474793399343293 0.17293765073577583
0.29774887746863499 0.24516542865317056 0.19131515291138418 0.13845930210614801 0.08883241919536336 0.044440308410400198 0.0068897833620104876 -0.022732132603257071 -0.043918377043824203 -0.056738143738736202 -0.061774165499770439 -0.060012899909580725 -0.052704530631527663 -0.041212035413840803 -0.026868117316375228 -0.010855863906520935 0.0058757415817873304 0.022656011471915205 0.039096708744653902 0.055061366856328842 0.070608571036590517 0.085919951241875514 0.10122392745640335 0.1167250920871484 0.13254689460258276 0.14869247697006122 0.16502556572626451 0.18127066675794754 0.19702973337644569 0.21181115674408002 0.2250663956327979 0.23622973672596814 0.24475738473236491 0.25016309963535943 0.25204869230487748 0.25012865358395087 0.24424887916973345 0.2343997947711951 0.22072419769213519 0.20351989929692993 0.18323691423884775 0.16046865074225153
0.31136044136419722 0.25828345383174467 0.20406178256448465 0.15095111831834393 0.10116027653224891 0.056656140676352384 0.019001611867299234 -0.010757098163653195 -0.032143896719147413 -0.045244667667478616 -0.05064294150908924 -0.04931132670273633 -0.042475186673900073 -0.031467026581327967 -0.017589395748304731 -0.0020011533125599557 0.014362656048981709 0.030832478964752941 0.047008011056856147 0.062729151717358156 0.078022564875587924 0.093033996628149679 0.10795669501860278 0.12296514223529795 0.13816121002168236 0.15353721994436786 0.16895766356648953 0.18415888474645672 0.19876411787073775 0.21231006238149075 0.22428068489425246 0.23414409835707653 0.24138901545314692 0.24555820630460509 0.24627739362670226 0.24327890137602762 0.23641999828124938 0.22569617969942379 0.21124962158920979 0.19337279982535638 0.17250692598247166 0.14923455550203521
0.32128036808490101 0.2690127601939189 0.21567539617931672 0.16346734107753841 0.11452628878078067 0.070743554385027746 0.033612439848329817 0.0041248152327764687 -0.017275433307464894 -0.03068066971897665 -0.036655220505517228 -0.036130272755412834 -0.030273740003404354 -0.020352505435072887 -0.007603628862542261 0.0068718199361389454 0.022183028155384893 0.037687604772439293 0.052994406809942274 0.067935987000086212 0.082518592085751075 0.096859169877941242 0.11111895381472936 0.1254420998717039 0.1399058932164636 0.15448661878206676 0.1690426913021961 0.18331439858962439 0.19693786787303807 0.20946975262665021 0.22041868303436582 0.22927965897849284 0.23556814994088368 0.23885151770274421 0.23877629975854997 0.23509070783106589 0.22766227667723346 0.21649087776047016 0.20171729619329118 0.18362732964318207 0.16265102523894109 0.13935636715047511
0.3267811058255764 0.27650065219518877 0.22518775702679295 0.17493991502919809 0.12778383843520444 0.085503080971065015 0.049498632832244344 0.020695719826933578 -0.00049583770613059741 -0.014167078592489807 -0.020847083773054859 -0.02140320484268815 -0.016919186610867887 -0.0085673204467614505 0.0025101836171906866 0.015298251775270194 0.028976190627761189 0.042951558649310578 0.056861624968767899 0.070547152794826318 0.084005880937554123 0.097334398070073935 0.11066714703647687 0.12412026420421343 0.13774616296192399 0.15150256750505012 0.16523743909360977 0.17868920502216773 0.19150011329441399 0.20323951322912329 0.21343343084131508 0.22159691207857238 0.22726612633134169 0.23002799539007349 0.22954596317419373 0.22558128622003068 0.21800977913038941 0.20683422454583608 0.19219265104285921 0.17436245544724377 0.1537600083473708 0.13093506826555579
0.32731548323690934 0.2800327464486253 0.23172913220416444 0.1843634847449041 0.13981871283574202 0.09974403626529682 0.065429155998637939 0.037721904730022432 0.016995452351280665 0.0031649909640282803 -0.0042520572784831012 -0.006043026995965789 -0.0031879252399855118 0.0032570206138974878 0.012266515736907763 0.022933080127626626 0.034526483974889416 0.046522798472171056 0.058604173401935911 0.07063379713214224 0.082612798287013345 0.09462697399258807 0.10679122311082009 0.11919861236168591 0.13187938575284872 0.14477325517156989 0.15771628256513653 0.17044183589895948 0.18259365836972463 0.19374814187818598 0.20344247216011488 0.21120537384678498 0.21658763068181114 0.21919025080126797 0.21868893289515004 0.21485421546513969 0.20756723651889139 0.19683132129877165 0.18277963716864543 0.16567895457231441 0.14592922845558826 0.124058392685019
0.32254661766470594 0.27907686463648995 0.23458514333959588 0.1908635283426221 0.14962628278727119 0.11236806988548143 0.080252541380654491 0.054041164171472977 0.034067118731452073 0.020253580134386912 0.012170505959996331 0.0091199449265980947 0.010237370167524379 0.014595865762836391 0.021301083571077101 0.029567406222760967 0.038769190642482687 0.048464742377762021 0.058394233509957649 0.068455687843867546 0.078665138898304454 0.089108014470486829 0.099888766961654191 0.11108491927671035 0.12271027092197287 0.13469027278135651 0.14685078561192463 0.15891980253803556 0.17054040188022324 0.18129230411718233 0.19071897318079259 0.19835720550397101 0.20376651619002342 0.20655624654255642 0.20640904417265146 0.20310006652975915 0.1965118107468472 0.18664479612953536 0.17362439290050974 0.15770393278629155 0.13926393658170208 0.11880696838076872
0.31237195315695354 0.27332081171005324 0.23324712137989384 0.19375747407064725 0.15638100803281102 0.12244426340668751 0.092974524161200695 0.068639839876093733 0.049729383765726831 0.03617293085518164 0.027593756166165662 0.023385784671578896 0.022803800512240041 0.025055112202985869 0.029382179155764632 0.035128018257437277 0.041779270662638618 0.048985112442995943 0.056553270805869055 0.064426897485372642 0.07264773067361005 0.081311770849306297 0.090523655499178152 0.10035518729698162 0.11081224801441061 0.12181283279309491 0.13317737359128864 0.14463106586615734 0.15581670908437376 0.16631571471797013 0.17567447228697761 0.18343319345946832 0.18915462838089891 0.19245057917377462 0.19300480607153925 0.19059160320310173 0.18508989362424635 0.17649306653347374 0.16491491033395667 0.15059189582276888 0.1338818006344904 0.11525834546231369
