CROSS_VALIDATION_INTERPOLATED_TRAIN_FILES_80-20/CROSS_VALIDATION_CLASSIC_80-20/Berg/IZ/Berg_IZ_3_train_z_125.asc
ncols 100
nrows 90
xllcorner 5.6208707817415728
yllcorner 50.959635321741573
cellsize 0.00013419651685393446
nodata_value 1.7014100000000001E+038
[rows 19 to 37 of 90, columns 43 to 85 of 100]
34.55635478672346 32.267761896170342 29.814781318794395 27.308671623064406 24.857490912346698 22.557569057139069 20.486557444869472 18.698775502726399 17.223247247519868 16.064454421697228 15.205483830885793 14.612967598624142 14.24304340529179 14.04751405362483 13.979456904327421 13.997700193274646 14.069808785785288 14.173465513360441 14.296357570107965 14.434850958953763 14.591842420688483 14.774213559642149 14.990283502044417 15.247580225772779 15.551146791428341 15.902487456372921 16.299157428805639 16.734921037388535 17.200352551835643 17.683732235316196 18.172093267318349 18.652295805596982 19.112034358014434 19.540715999393537 19.930173739385392 20.275197972243014 20.573878564910647 20.82775231024819 21.041748439770174 21.223922697693439 21.384971978624343 21.537529510503649 21.695256099025016
34.292545421186077 31.847332709402092 29.251424824607756 26.623752934105582 24.078683087517909 21.71694238744659 19.618315875268689 17.836871022188532 16.399110053759461 15.305052983546343 14.531879489984799 14.039461733883947 13.776942171678776 13.689467123797986 13.724271522515192 13.835496074825631 13.98736504675125 14.155616322020201 14.327314159682899 14.499357993911367 14.676110166366694 14.866598479736439 15.081715132451457 15.331749819614714 15.624483569936377 15.963953000295994 16.349890169371886 16.777763299177501 17.239293900413298 17.723305764568941 18.216765645206603 18.705896205119334 19.177270099169064 19.618821968780441 20.020736920090233 20.376186899450893 20.681890367790565 20.938468389302265 21.150565889633171 21.326705150804411 21.478843786947213 21.621624171943136 21.771326084457698
33.429117426111866 30.861095907569492 28.166666680739688 25.470475844581671 22.890869051781589 20.530442620347557 18.468567480641966 16.756662110909183 15.416605228026473 14.442254988085438 13.803646309537186 13.453130706177213 13.332544192404541 13.380454451167179 13.538639408821364 13.757155414268798 13.997620647737122 14.234620184907275 14.455389853576204 14.658124482501357 14.849365196426831 15.040948319677597 15.246956506305423 15.481020983819789 15.75420611794328 16.073586792778844 16.441523736086292 16.855563642865722 17.308844313344682 17.790868173851266 18.28851395893118 18.78717696009279 19.271953726051336 19.728809575503742 20.145681658083735 20.513474791931856 20.826903339377484 21.085123901923044 21.292096018995181 21.456606930872766 21.591906357437686 21.714920619757926 21.845052021474643
32.030125235365134 29.379508435620973 26.636094124281502 23.927980988939325 21.374946828224854 19.078813822343129 17.115988363054235 15.532951509056449 14.345065200316181 13.538613889648321 13.075592085722295 12.900436462896284 12.947727396920012 13.149863598764526 13.443832979923968 13.776429207044409 14.107549325358224 14.411502505885434 14.676518289536482 14.902832245952087 15.099831613692263 15.282763475727396 15.469457039142764 15.677411972025268 15.921482035787051 16.212261175047292 16.555176038982697 16.950215379222165 17.392185920177536 17.871372542891748 18.374489857321883 18.885832314884759 19.388551131083769 19.866000891248564 20.303102680099681 20.687663615474158 21.011577958182894 21.271818215694331 21.471112742674872 21.618205853843694 21.727612299288648 21.818812212813963 21.914883995333309
30.192887293132912 27.504664392305862 24.764694387241992 22.102051900429757 19.635295347641861 17.462845697244145 15.655730685997064 14.253451030144483 13.263293102009058 12.662951886078098 12.405912006452034 12.428725123366618 12.659158978435112 13.024189151919764 13.456943978357003 13.901958689415917 14.318396248731677 14.681196445774187 14.980375637274165 15.218885193947887 15.409532849834807 15.571480491961843 15.726770837015696 15.8972285609062 16.101955789031855 16.355521574376471 16.666847676042547 17.038727831618203 17.467885740296332 17.945472378745094 18.45791609361773 18.988057805090126 19.516518474335218 20.023249756059162 20.489208748064762 20.898075655118223 21.237904450592275 21.50256915513291 21.69285086381749 21.817010899119364 21.890718683773013 21.936250666270649 21.980946157181663
28.039547805992697 25.361347813842031 22.67753551354037 20.115582252794567 17.790200405357858 15.793935869270555 14.190295233060937 13.010126017565991 12.25152074743816 11.883046951219359 11.849690008583512 12.080595676016141 12.497552303755896 13.023168596160126 13.58786252656494 14.135039883163966 14.624153714932856 15.031644120990514 15.350015388453262 15.58548396032516 15.75471419301989 15.881155066414088 15.991419213147413 16.11203273440189 16.266758468340079 16.474580765929939 16.74835273786125 17.094054419668499 17.510590646630906 17.990062227306005 18.518461132936483 19.076757238851432 19.642350311887792 20.190850360939724 20.69812130434595 21.142481405028771 21.506907376525529 21.781048097938434 21.962829394376985 22.059432452100179 22.087460695950895 22.072174128751076 22.045761686606859
25.706394979256995 23.08599898285933 20.508560775310208 18.097392191905996 15.960891255991804 14.183539952436142 12.81957366595671 11.889985689928935 11.383073496867443 11.258264639662631 11.452553756668639 11.888598346269809 12.483395195601869 13.156497441600795 13.836911768829477 14.468092205748999 15.010766097960108 15.443633943899101 15.762232813308312 15.976414840302006 16.106959049834479 16.181815710424793 16.232399855722168 16.290233615269326 16.384114567004445 16.537882949327031 16.768788664949241 17.086423769202003 17.492182562325954 17.979227947956012 18.532964793137772 19.132034615519778 19.749840625390618 20.356583169984155 20.921734534260743 21.416816291485404 21.81827376292857 22.110184555882103 22.286505106837804 22.352561317019465 22.325532547083192 22.233762144486924 22.114845524274891
23.332052375582037 20.814761856910302 18.388698326785395 16.170610665331719 14.260400212884004 12.732697287621608 11.631204717123104 10.966402449961624 10.716748797756658 10.833053051543089 11.245304473008769 11.87098152833169 12.623764519235596 13.421636290905795 14.193553283437581 14.884156052404986 15.456307889351155 15.891547466529861 16.188773362618772 16.361619870146409 16.435029746356982 16.44149356453261 16.417332571630013 16.399283440381737 16.421528441453511 16.513225615615085 16.696542296403916 16.985182443124739 17.383414755140613 17.885639247101171 18.476557511567584 19.132020824839536 19.820610288512828 20.505951248640603 21.149684889879634 21.714924514975834 22.169928599971644 22.491645089660018 22.668738110640444 22.703711723532066 22.613801518199377 22.430412099181193 22.197027252810287
21.045815018425508 18.671913013289888 16.434594828180391 14.441919465050109 12.783506644188645 11.522839123022528 10.692378098359953 10.292005257259095 10.290852427059253 10.632135186760188 11.240241185840219 12.029091109997875 12.910717634255896 13.803092746417182 14.636446703944593 15.357613548371035 15.932251390380163 16.345067034062435 16.598383681232157 16.709506436255829 16.70736268959303 16.62884038645122 16.515145402173058 16.408382423789455 16.348461214254833 16.370362315038687 16.501771578545824 16.761107728464278 17.156007887180024 17.682383311010085 18.324190994070623 19.054069383827571 19.834948258117144 20.622662904057144 21.369489380860813 22.028386857583953 22.557605781629839 22.925219349848025 23.113080462871416 23.119711363982518 22.961704590871467 22.673348270776167 22.304373262238737
18.957386437066088 16.759929397712849 14.739209935007057 12.992854192241886 11.59889876734141 10.608932799234612 10.044044678227667 9.893998896031821 10.119629653829843 10.658017359942779 11.42967943863912 12.346807076656965 13.321536994839647 14.273354887715865 15.134951628600508 15.856143989279399 16.405771674468841 16.771740652469965 16.9595626835026 16.98982640758388 16.895030934585233 16.716140198440176 16.499107267233747 16.291506408354142 16.139325731637186 16.083932560206186 16.159231688525146 16.389084657018344 16.785127313219181 17.345189189839108 18.052557785973605 18.876325184601757 19.772994200462637 20.689408117877477 21.566914666045385 22.346502661309163 22.974485480722336 23.408176860146103 23.62093543268637 23.605961361386118 23.378317426248227 22.974812407372571 22.451609705394649
17.149084379058042 15.152234255553196 13.365262885252921 11.874086735797125 10.744394891656235 10.015707287044272 9.6981721099879614 9.7724361086228022 10.192503938125515 10.891113538788595 11.786856550438934 12.792109537800414 13.820830119330623 14.795400137835884 15.651929550233625 16.343718087748353 16.842851407138514 17.140136407294168 17.243724981697973 17.176826033582913 16.974872135260352 16.682415976417204 16.349917639349222 16.030481879861664 15.77654259790561 15.636484277106522 15.651236959037487 15.850967839785362 16.252094168670784 16.854929581560999 17.642321825058108 18.579623933816166 19.616254723597898 20.688952760111768 21.726628407556547 22.656498870168978 23.410984635930479 23.934685972903065 24.190673521519759 24.165336251534395 23.871138965827924 23.346841949723576 22.655005846243167
15.671248661198899 13.889299495286963 12.342138648124713 11.103212663607916 10.225653132376234 9.7372878690357361 9.6382693240198023 9.9015622101006215 10.47614305913736 11.292412913952994 12.269067746882666 13.320546849610626 14.36419828476712 15.32644612535103 16.147477805527537 16.784239577862362 17.211780415994362 17.423175861966229 17.42836718935455 17.252263259601783 16.932388424079431 16.516250648500812 16.058487517498076 15.617759722690096 15.253328033655357 15.021281557540298 14.970476487513157 15.138374699247564 15.547109373746146 16.200215496572465 17.080515199441528 18.149619768636455 19.349394169737433 20.605534506122108 21.833157273194917 22.94402631719678 23.854789696210879 24.495404284992013 24.816824192446294 24.797040939483459 24.444694360048668 23.799712123791988 22.930756001896857
14.541157281649479 12.978335259394921 11.666399706055724 10.666098539661103 10.018330587000928 9.7401075260693553 9.8229580883850609 10.233928273655113 10.918976548502464 11.808254244632383 12.82254945971486 13.88008835596349 14.902935758407658 15.822396598374183 16.583050120728458 17.14529848584808 17.486530004011822 17.601145826475552 17.499757568565236 17.207834030980088 16.763979761585258 16.217902198224394 15.62800803932987 15.058499438077334 14.575840494865453 14.244540995035727 14.122345603902787 14.255095061031103 14.671703287696506 15.379829959406045 16.362886455022881 17.578970842396078 18.962178333924431 20.426489809748318 21.872132167036316 23.193972828231306 24.291205366729248 25.077351119755537 25.489481264498739 25.495578683904316 25.099113971840513 24.340190457046415 23.292986761988665
13.745304868026295 12.396335355452258 11.305584646882547 10.521384171124723 10.073205519527431 9.9685350630547482 10.191968939818938 10.706600470726556 11.457456795266424 12.376479275563334 13.38837694150596 14.416637607834065 15.389056204349188 16.242309486855515 16.925328206767592 17.401441811636094 17.649450058100435 17.663877212796852 17.454674555699984 17.046564499260217 16.478092732585388 15.800313483824763 15.07492018347574 14.371585624930848 13.764313543435911 13.326729310198182 13.12643295819014 13.218767979556802 13.640578959427252 14.404693110520778 15.495925302539373 16.869348263525254 18.451384280455599 20.14397863742423 21.831744562568204 23.391575280924037 24.703858082903182 25.664152931541036 26.194057916470811 26.250001899318487 25.828885174380989 24.969813397363861 23.751599761645554
13.244491810437061 12.095843241538063 11.204579917970733 10.607356418705681 10.323421120577724 10.352334664844889 10.673648344534083 11.248541681828058 12.023146429025022 12.933070788412895 13.908519545033172 14.879399629681355 15.77989948465218 16.552206007502583 17.149231405321917 17.536415618935706 17.69280556787972 17.611663045934243 17.300812397630597 16.78282289449848 16.094962975506146 15.288708674080187 14.428481701640301 13.589269588754483 12.852859576602793 12.302596525445452 12.01682807975369 12.061485103417365 12.482509177487287 13.299028291095809 14.498252508256741 16.032986734747716 17.822434242288985 19.756613587659697 21.704276443765536 23.523753957882004 25.075740706796751 26.236710836463725 26.911500062307677 27.043608481507718 26.621985895192093 25.683430938768339 24.310222507582836
12.980873328704341 12.01251765730677 11.293585407586743 10.850171421782441 10.692800799857366 10.814898424453329 11.192929390880348 11.788147370830274 12.549661410696956 13.418367830234061 14.331222160777092 15.225356069527333 16.041663575981293 16.727657922021962 17.239591401731815 17.543989250144897 17.618837520489613 17.454662797687504 17.05564940527298 16.440780107977645 15.644798994146321 14.718628786295866 13.728776223137007 12.755263594635306 11.887747560064625 11.219719805551367 10.840996256676966 10.829042244259369 11.239989899276477 12.100421227641196 13.401067119281613 15.093480709605437 17.090481071532512 19.270756089660559 21.48751224630335 23.580532079536663 25.390522512218247 26.774279827465772 27.619014974263841 27.854207230957112 27.459587276934464 26.468265489242675 24.964565719771894
12.88596398180016 12.073446414022317 11.496591744277595 11.172331011873656 11.104148520946573 11.281193394611009 11.678755408579349 12.259991315456968 12.978607648675403 13.782091105256995 14.615050239596954 15.422295314445837 16.151419324861557 16.754818125599051 17.191257537540412 17.427216999266928 17.438279902998445 17.21078565597945 16.743815497204874 16.051382439968322 15.164480695606361 14.132473847835733 13.023212413643186 11.921304681116283 10.924132339151235 10.135491060915967 9.6571075852461767 9.5786812989278758 9.9674521555077789 10.858541744571131 12.247397427303756 14.08556077915263 16.280680668750229 18.701228673084803 21.185808042402471 23.556353984052681 25.633986928890906 27.255880343037933 28.291301337622507 28.655009301697124 28.316456148208243 27.303690212248565 25.701465507299744
12.888595876444747 12.205188737750394 11.739350542337913 11.500415252905363 11.486576992574339 11.68452636969749 12.070138062076538 12.610056614166922 13.263892833124405 13.986675218543471 14.731214787494729 15.450134209088038 16.097461413755511 16.62985736454139 17.007694292346365 17.196284153732673 17.167549526427347 16.902322315079683 16.393263890658911 15.648159078794013 14.693096057121966 13.574860322139063 12.361793242164698 11.142427855387588 10.02142595486335 9.1126828834471105 8.5298952503895542 8.3753372582127454 8.7279887878818592 9.6324305661675425 11.090011425166395 13.053668355443268 15.427442681766831 18.07122014334842 20.81059365163739 23.451090320314236 25.795411989876527 27.661897182122328 28.902188342566497 29.416117087304492 29.162101908412655 28.161851830925567 26.498820433461905
12.921971428295947 12.340699561823783 11.956022055680265 11.771305313087431 11.781165608748431 11.971512329278461 12.320333863530845 12.799044879519574 13.374122812844139 14.008737184318829 14.664126666848738 15.300596762991013 15.878169719093698 16.357079880454041 16.698429810460116 16.865368080374459 16.825095755166256 16.551852870755816 16.030799131905809 15.262425685374097 14.266871878807617 13.087330839504379 11.791661279427146 10.47141271970672 9.2377239415131633 8.213947175621918 7.5253330005353476 7.286611968793661 7.5887475046563537 8.4864327801313912 9.9880009691049523 12.049280438151033 14.572556183200309 17.411235012192751 20.380125597922873 23.270528608681179 25.86868766248099 27.975672159812518 29.426519175177489 30.106491282189769 29.962609262065364 29.009153528693453 27.326524310920053
