CROSS_VALIDATION_INTERPOLATED_TRAIN_FILES_80-20/CROSS_VALIDATION_CLASSIC_80-20/Berg/IZ/Berg_IZ_3_train_z_180.asc
ncols 100
nrows 90
xllcorner 5.6208707817415728
yllcorner 50.959635321741573
cellsize 0.00013419651685393446
nodata_value 1.7014100000000001E+038
[rows 57 to 75 of 90, columns 0 to 42 of 100]
56.837902761409403 56.774910093999544 56.743734408980295 56.746316493464455 56.784029650599145 56.857873931818723 56.96871472296727 57.117532654437404 57.305646029116097 57.534864728725729 57.807536651484092 58.126454761637284 58.494605088058826 58.914753265523792 59.388888492613525 59.917567197348582 60.499221444152617 61.129515656362152 61.800845785567596 62.502074268194015 63.21857979436259 63.932672787388263 64.624387599767005 65.272615182566796 65.856491686249811 66.356916379981527 66.758043441249384 67.048581993547117 67.222749997576699 67.280759646479694 67.228760856745296 67.078228662017665 66.844841654794834 66.546953854096031 66.203804641586515 65.833636319268422 65.451895061640343 65.06968019245663 64.6925827121471 64.320021877068726 63.945153255283067 63.555386566843083 63.13351813156909
57.169458385317348 57.117957434128392 57.094334648826596 57.100243724457066 57.136849574998372 57.204996587715904 57.30541168970769 57.438913142192938 57.606591731928098 57.809929999998253 58.050827868348797 58.331509842935226 58.654299960682586 59.021265456675799 59.433747832337865 59.891818989043834 60.393718051940091 60.935338629327894 61.50984357266929 62.10748224519714 62.715672285638114 63.319383811387844 63.901830750052362 64.445435194153731 64.9329914900798 65.348923069237514 65.680502401116229 65.918897169420774 66.059915933233469 66.104353550918205 66.05787727346366 65.93044329013965 65.735284094398068 65.487552790443502 65.202745975814764 64.89504871060673 64.575752334711865 64.251889833329145 63.925217075006998 63.591645273723095 63.241203808566489 62.858585103297685 62.424294761517459
57.468168519298025 57.42407007153259 57.403821095310995 57.408856550907906 57.440204504824926 57.498626095090209 57.584781599197932 57.699397876972562 57.843409545570914 58.018046119180561 58.224840333668787 58.46553912867433 58.741908204160687 59.055433315747045 59.406935708999704 59.796133999546406 60.221198568095311 60.678354978475433 61.161597783756271 61.662573428072115 62.170679636977034 62.673408778227689 63.156935683235822 63.606919309610724 64.009456491124325 64.352099492914789 64.624831550324529 64.820889342950466 64.937330035433547 64.975262597826472 64.939696023859497 64.838996577134154 64.68398720940273 64.486759739056566 64.259300093829054 64.012046323120984 63.752507446595018 63.484069520777723 63.20510575256472 62.908492621392 62.581615828492993 62.206929243186096 61.763105968453715
57.730738839593421 57.690435180397238 57.670012172853042 57.670759084714156 57.693642953584963 57.73941885444993 57.808758129401689 57.902374397981795 58.021125427411015 58.166069504404952 58.338457958079367 58.539650941723643 58.770951334024495 59.033361295656114 59.327276954064935 59.652147879092858 60.006138097884794 60.385832766908173 60.786037609428682 61.199715426955201 61.618094588967175 62.030968493543135 62.427183770084262 62.795290758191918 63.124305694051905 63.404513619903447 63.628227661613984 63.79041653801378 63.889119194465913 63.925582911528572 63.904087171839485 63.831446778583135 63.716220351167742 63.567680562111491 63.394627214499486 63.204141573206918 63.000389717985605 62.783584775763387 62.549214175856875 62.287630116560095 61.984090174156435 61.61932016319652 61.170651252116492
57.95507774495082 57.915380884875113 57.891768346404511 57.885458273087927 57.897433434066436 57.928521060692596 57.979482856361933 58.051099567709237 58.144233828306305 58.259856089027743 58.399021322680603 58.562788729428227 58.752082678236867 58.967500284407684 59.209078862715891 59.476044310624268 59.766568335401267 60.077567230735802 60.404576474987032 60.74173277224866 61.081887713489898 61.416865073853451 61.737857758613252 62.035942245205568 62.302670360759997 62.530683011249728 62.714280537844054 62.849881627792975 62.936308093199806 62.974846116528717 62.969054352373867 62.924313263643064 62.847135465437582 62.744280891716478 62.621741046964722 62.483672077893722 62.331366495649313 62.162358520231997 61.969759064163867 61.741914065979543 61.462474281624502 61.110954673277227 60.663844867212106
58.140381323604863 58.098471420670172 58.069098725247919 58.053483504646756 58.052699045443781 58.067720803824393 58.099478119398903 58.148897359028901 58.216925665453566 58.30452604134998 58.412637157211527 58.542094842365977 58.693516497404367 58.86715442518571 59.062729029136626 59.279257576060907 59.514898228513864 59.766831649102393 60.031202936076816 60.303144311246761 60.576893441791306 60.846013553910417 61.103710148741676 61.343226287247724 61.558285664727798 61.743541887166806 61.894985271819344 62.01025651842432 62.088820469304103 62.131962811279443 62.142587068754672 62.124807045673464 62.083349094909074 62.02279733993182 61.946731709945261 61.856822423911588 61.751955060868994 61.627467773250473 61.474586900509365 61.280149318357616 61.026698692580581 60.693036735597659 60.255296841319733
58.28712302992151 58.240511735581258 58.203184515263054 58.176433255103866 58.161492139121314 58.159556177850298 58.171794741956695 58.199353281972698 58.243337663214881 58.304777511945268 58.384567384366214 58.483387178472888 58.601605815100577 58.739174692886216 58.895519686115385 59.069442402636376 59.259042877284564 59.461676567298618 59.673958075471667 59.891822072024162 60.110648130035365 60.325450566874061 60.531127157122974 60.72275238477966 60.895892700051597 61.046914211027975 61.173248557837816 61.273581365266189 61.347930227909806 61.397585707830423 61.42489884120851 61.43291124274166 61.424837900989509 61.403426997211859 61.370234583570998 61.324864103696306 61.264231279810879 61.181923818944703 61.067732678851577 60.9074368864608 60.682926009287776 60.372741294788547 59.953105241155207
58.396967887434165 58.343479614706929 58.296334808824987 58.256960701080494 58.22681636244031 58.207380885108343 58.200128976572493 58.206491258228816 58.227798727093507 58.265213209660821 58.319647822209042 58.39168313888856 58.481485784125006 58.588736494667479 58.712574455362009 58.851564082481822 59.00368957281092 59.166381530504957 59.336578777954095 59.510826892667275 59.685412883582096 59.856532567610124 60.020483613666435 60.173873081758508 60.31382402192893 60.438161918118517 60.545559154413816 60.635614886040919 60.708849176747385 60.766594206365617 60.810771638868907 60.843553482224344 60.866913402401394 60.882085866182571 60.888961152911101 60.885454824659469 60.866900461745196 60.825524186675601 60.750068387491382 60.625639362618287 60.433857917976312 60.153390997779184 59.760933195305213
58.472633136139969 58.410405216832551 58.351891690911195 58.298711438704963 58.252604387232829 58.215389771229674 58.188904136723387 58.174920268439259 58.175051303034401 58.190647079441142 58.222691769336357 58.271712658929864 58.337709470838753 58.420111921803532 58.517770625295761 58.628983420542944 58.751556220112242 58.882894911418411 59.020122951203142 59.16021808390402 59.300160944281807 59.437087911766092 59.568440194019168 59.692100535280893 59.806508123464546 59.910741333486094 60.00455716764305 60.088376000970122 60.163200883199828 60.230462493186231 60.291784067699076 60.348665274381723 60.402089986013245 60.452070079862501 60.497145543815257 60.533870133056574 60.55632138331341 60.555683646250053 60.519962421369847 60.433896634683222 60.279141061575388 60.034791504929203 59.678317686282611
58.517715533926157 58.445216009331496 58.374099623518582 58.306224425032504 58.243657773208447 58.188605249649576 58.143311562480086 58.109938285419851 58.090427273596354 58.086361833864153 58.09883957636557 58.128370917586032 58.17481532359583 58.237363789537106 58.314571260503648 58.40443742337289 58.504529314218367 58.612135179670439 58.724436478189524 58.838683995631364 58.952364666049881 59.063347472438913 59.169999241592642 59.271263700902047 59.366699375324266 59.456473482936779 59.541309863586498 59.622389283205159 59.701200500056622 59.779340662396898 59.858264359555285 59.938982359400605 60.021714035917334 60.105501909376052 60.187802654247584 60.264076314197659 60.327404087528159 60.368174497631571 60.373887336754571 60.329133351534715 60.215813582480997 60.01366335530723 59.701139437166091
58.536501343190473 58.452560898178156 58.367950002290961 58.284803482455224 58.205552134057235 58.132823035377193 58.069304062808705 58.017580876957147 57.979959574568703 57.958291915336467 57.953821795307213 57.967070977384019 57.99777891008214 58.044906092621822 58.106703579524456 58.180843823765507 58.264601188794806 58.35506507619575 58.449365416640212 58.54488958319471 58.639471522068099 58.731537597693098 58.820198589066003 58.905282602625896 58.98730856844076 59.067403820020154 59.147171654646847 59.228515677083813 59.313427393507261 59.403742433277706 59.500869567640727 59.605496036649619 59.717273191486534 59.834488561969202 59.953734416580211 60.069588708840875 60.174331763182671 60.257730641355785 60.306932038172818 60.30651261373351 60.238741288730274 60.084109179765576 59.822177143087202
58.533769892496714 58.437622426933707 58.339007245045956 58.240362751124771 58.144507609925519 58.054513468859788 57.97353412231832 57.904602574378664 57.850413305155065 57.813111266371699 57.79411086456961 57.79396690732478 57.812315116476263 57.847892781406351 57.89864131657135 57.961883099245661 58.034556312412612 58.113484815782009 58.195656218682679 58.278480781942854 58.360006466205242 58.439070820911603 58.515377548980219 58.589493364191391 58.66276805428496 58.73718652709821 58.81516542991961 58.899308481011623 58.99213414045375 59.095787233888224 59.211743426519455 59.340512918288887 59.481348229494124 59.631961117008366 59.788255875229588 59.944090582914463 60.091083982236903 60.218493038330195 60.313193955565247 60.359806363413576 60.341005073740426 60.238064498761041 60.031675516609695
58.514596877712968 58.40592166210039 58.29321916752847 58.179246711098479 58.067222920075274 57.960674209001404 57.86323008308522 57.778381649595396 57.709224477596344 57.658211691193749 57.626944937083643 57.616029048037994 57.625010774698829 57.652413403657569 57.69586846955432 57.752334521035543 57.818382574282786 57.890519927031313 57.965519500176192 58.040721384138415 58.114276744530976 58.185311053404639 58.253992663920592 58.321502677023936 58.389911462499832 58.461974888279947 58.540868449469095 58.629879726404575 58.73207910417198 58.849986068181373 58.985244580014957 59.138317097586615 59.30820373984097 59.49219169072925 59.685640631888027 59.881812840388839 60.071761261769439 60.244294723079285 60.386045587912314 60.481670481887981 60.514217972444413 60.465696857606432 60.317873475302974
58.484160264509278 58.363117780253624 58.236712678417199 58.10802472153896 57.980671801743888 57.858631955053404 57.746006865895033 57.646743877693943 57.564341159542259 57.50156595232702 57.460217642865054 57.440965148982194 57.443281699118877 57.465490167712183 57.504919883380161 57.558162878280292 57.621405672972053 57.690803543762122 57.762859054959726 57.834766116701239 57.90468491754492 57.971921076910185 58.036993024900333 58.101583384708171 58.168381384479524 58.240832639972929 58.322819019995812 58.418294277132624 58.530900827431374 58.663590146887465 58.818264742106187 58.995454731155114 59.194037859511447 59.411009136830792 59.641305681493073 59.877693827225372 60.110728695345493 60.328800568457552 60.518286621724933 60.663829889691222 60.748768754255394 60.755738706556222 60.667462629258189
58.447550271786717 58.314803862503474 58.175576347868038 58.03326172018928 57.891863627990794 57.755795223440025 57.629613599225628 57.51770813148638 57.423970497075125 57.351479922208433 57.302239154262246 57.276994032080303 57.275162327286843 57.294886423672715 57.333210726608193 57.386370240430715 57.450163488703687 57.520372712781629 57.593188468306799 57.665595093477343 57.735678031421649 57.80282289452564 57.867788104360308 57.932646206427314 58.000601745362296 58.075704302479032 58.162482799159086 58.265530911646842 58.389073523817196 58.536541236769558 58.710175136906663 58.910678552244939 59.136927581228981 59.385748648959115 59.651769686938827 59.927351719584642 60.202609226088889 60.465529892213745 60.702206409791039 60.897193979849412 61.03400639559726 61.095760417219587 61.065972085783223
58.409585413664935 58.266301848096838 58.115633930773448 57.961270442617682 57.807574981706033 57.659366502349918 57.521628141169039 57.399165563153367 57.296245245796065 57.216249391717646 57.161386237768788 57.132491665007628 57.128950176941068 57.148751245211763 57.188682162353167 57.244642822359943 57.31205339656541 57.386314663842889 57.463274307575922 57.539651625425542 57.613377814264176 57.683818499445728 57.751858037754381 57.819839505018685 57.891368259088033 57.970998836410878 58.063833453280004 58.175064929372617 58.309497498127847 58.471076386093195 58.662452326959716 58.884601598280916 59.136516914106984 59.414980441148238 59.714427731614329 60.026910387467517 60.342165276865046 60.647798355096882 60.929590797085311 61.171933562838426 61.358393272435315 61.472407196878088 61.498098283179075
58.374638456753424 58.22246238139342 58.062216711693701 57.897855386062027 57.734064954694766 57.576029238826301 57.429116730672796 57.298513444014624 57.188833733194436 57.103748303910898 57.045670886845805 57.015542047126807 57.012740325746826 57.035138136643461 57.079304092572691 57.140836738720616 57.214799272231566 57.296212803285847 57.38055867122484 57.464239140579529 57.544950489817928 57.621932265619314 57.696069831528611 57.769842403603 57.847123549720102 57.932853860831578 58.032614884577193 58.152138789433529 58.296789634360231 58.471050197321027 58.678044131659597 58.919118004517877 59.193502653102932 59.498069062206191 59.827190932166651 60.172724088055766 60.524111307129495 60.868619254079668 61.191711303577918 61.477555645782608 61.709662134609736 61.871634136817526 61.948013698028113
58.346478609510264 58.187478477269217 58.019946525327789 57.848063572053853 57.676792636093914 57.511631672764615 57.358284401018842 57.222272914879845 57.108526068639357 57.020984696724803 56.962267168945182 56.933435771389348 56.933895905015568 56.961446913134118 57.012487046579842 57.082357743443133 57.165796337858644 57.257453662343543 57.352425420516902 57.446744589807203 57.537786512914515 57.624547961468828 57.70777483782971 57.789928438728062 57.874995354099745 57.96815934399131 58.075363622432413 58.202798206227463 58.35634935626603 58.541047234346031 58.760544704048648 59.016655848092633 59.30897826087034 59.634619160988414 59.988042040091223 60.361047637643487 60.742899885370754 61.120603368808794 61.479333227826338 61.803011058848874 62.075011574285064 62.27897526292967 62.399693107195738
58.328138403235194 58.164724517082867 57.992544368320502 57.815960718959225 57.640159314714886 57.470894091854611 57.314146831231007 57.175725398725227 57.060835338672781 56.973666943061296 56.917042569053343 56.892166084577035 56.898507841415658 56.9338453137049 56.994463064135594 57.075498109771495 57.171400359222311 57.276464730172584 57.385383486814582 57.493765181125646 57.598570411192732 57.698423675342731 57.793773495309047 57.886887896854695 57.98168736770122 58.083430858279094 58.198280993196583 58.332781754891151 58.493285443479017 58.685366202801482 58.913255678787785 59.179333397113204 59.48370102435522 59.823866278060585 60.194558898658876 60.587697395014665 60.992520568199332 61.395891433799598 61.782772692461421 62.136862420159574 62.44136683406078 62.679875037046784 62.837290061084651
