_RESULTS/CROSS_VALIDATION_POSTPROCESSED/MHZ/GZ/8comp/4/MHZ_GZ_z_90_kriged_reverse_8comp_spherical_4.asc
ncols 100
nrows 74
xllcorner 5.5967023332191781
yllcorner 50.982320383219182
cellsize 0.00019249356164376555
nodata_value 1.7014100000000001E+038
[rows 19 to 37 of 74, columns 0 to 43 of 100]
2.459185447700648 2.459185447700648 2.4592348391763594 2.460764692964115 2.456522689037919 2.4461330844680123 2.4301690948632486 2.4090240315866476 2.383294996685054 2.3536851138713395 2.3209702415388973 2.2860767322142364 2.250140649160963 2.2201458095234776 2.2039378959497298 2.2017553304198105 2.2141931140665587 2.2418424611002297 2.284457245165452 2.3382976330947756 2.3552281148202336 2.314659577690645 2.2287873140441943 2.107110273053162 1.9565244968624347 1.7860025207210508 1.6055215852159659 1.42493385075458 1.2519459897920728 1.0941469153198673 0.9582371967660505 0.8490859629477966 0.7706316113334017 0.7281238244230075 0.7258109805371147 0.7634812769766154 0.8386304776767255 0.9483642121801498 1.0866521578495139 1.2474886889746157 1.4265547024097749 1.6183506779579675 1.8156801183311495 2.0095834249481865
2.459185447700648 2.459185447700648 2.4596370949723467 2.464951575108359 2.467372462557284 2.463995424495054 2.455363249979062 2.4420686908301215 2.424776343226134 2.4042482544663275 2.3813727918775016 2.357193543254027 2.335876055690514 2.3292706333359234 2.3381426392251212 2.3617775906612803 2.3984815592847357 2.4454540228245873 2.50008967153057 2.560883191287537 2.596758756833818 2.5701191923724993 2.4961464457951887 2.3818172218378573 2.233978945627058 2.060684813893493 1.8711474829730856 1.6786950992165328 1.495141810817504 1.3297666715481806 1.1890178878467352 1.078110790657575 1.0031127635451058 0.9689840115779212 0.9757463616183302 1.0214129561866747 1.1016106349867911 1.211668803988125 1.3482859664247127 1.5048699790219113 1.6772187855975926 1.8594078534705627 2.043441055052685 2.219600977422012
2.459185447700648 2.459185447700648 2.460188208765505 2.4672936194858957 2.476410383392145 2.480254468754112 2.4792782990039295 2.474119107095113 2.465501215379018 2.45426196705562 2.4413780325739953 2.4283558059649155 2.4277509717692123 2.4451855593199476 2.4805153139749345 2.532642479100862 2.59761794691565 2.6671948053474983 2.7345602231762522 2.80073451421407 2.8570195943809784 2.8540436221739025 2.8002288440285934 2.699139200872113 2.5515096722571564 2.369515510476044 2.16852199960018 1.9638280279471108 1.7689543624024893 1.594606901430613 1.4484677041208003 1.3382313587176524 1.269776588933328 1.2476292765858528 1.268694508609908 1.3282794105253903 1.4164797214208225 1.5253487491666722 1.656053776662856 1.8073636421397847 1.9681459158197327 2.134726360377064 2.2993496164355878 2.4520261899117863
2.459185447700648 2.459185447700648 2.460643381876286 2.4685696787552844 2.482263420465196 2.4933701490926405 2.5000637526035376 2.503007959337217 2.5029612703151893 2.5008016768930865 2.4975506864798183 2.49901291021855 2.5195323431259884 2.5604780650786156 2.6224305828469854 2.7052651756381842 2.805045424507185 2.9034562685057077 2.9800845174149515 3.0494152379011297 3.1192183800199036 3.151115234924298 3.1229887215425705 3.030446686153692 2.883209046426213 2.6953929157491903 2.4840879292096685 2.266989303361233 2.059906261223896 1.8752409788885662 1.723184583952594 1.6138347944212414 1.5539725984077177 1.54642874641834 1.5873897013077134 1.6707380299740504 1.7722071760061346 1.8710342156799273 1.986274675275964 2.1275614561483724 2.2812644279855006 2.432845658463203 2.5745087031076803 2.7005953248585497
2.459185447700648 2.459185447700648 2.4608455297640264 2.4690970328043953 2.483848175877525 2.501748048017407 2.5159051615770447 2.5266627904388113 2.5347779217835895 2.541120510679658 2.5468030444055256 2.5650551720813763 2.6048148845847647 2.666997623178963 2.752852740945817 2.863763550796215 3.0007971557575415 3.146646479181977 3.213563253307666 3.2862279627145976 3.363171255269089 3.4256474403755446 3.420779058766548 3.344521555429389 3.2050806108011303 3.0164002200951447 2.797246834353613 2.568215601912161 2.3480185673493823 2.15126863423445 1.994220329018765 1.8862728970150657 1.8347608181568849 1.840447324607652 1.900588374361998 2.015735886275931 2.148816188481169 2.212601987102339 2.309636157666592 2.4400534336044566 2.5897225512796775 2.737916384571205 2.8677394798410543 2.968709912323885
2.459185447700648 2.459185447700648 2.4607320580088357 2.4688034400012158 2.483359387716418 2.5039195252053537 2.5251464768091068 2.5432158780105207 2.558843247008926 2.57283589324853 2.5881350800397436 2.6217372728293924 2.6778110740013648 2.75730893560455 2.8612638675106914 2.9900929627989505 3.1391697844532005 3.283040224402456 3.387377604915821 3.481039089353391 3.5665080567011156 3.63282320191654 3.6626755629159264 3.6142057915584926 3.491410007306524 3.306521565500267 3.080489114017937 2.8387925598134767 2.6047585964921622 2.39788408269718 2.2369221511656936 2.1321742995379944 2.086799637416599 2.10045183697312 2.167822660203612 2.2830777667147855 2.4058839552616695 2.491472564571335 2.593298941960807 2.727902097918149 2.886373165581997 3.0402541121473527 3.169113391100855 3.25361240647179
2.459185447700648 2.459185447700648 2.4603376612396852 2.4677289584722057 2.4815491155346856 2.50131255908224 2.5263598634242173 2.5510885218025043 2.5734238857559966 2.5940626780927007 2.6191061534743207 2.6652414302801266 2.7341189650737947 2.8263619142594445 2.9416476777149323 3.0758057976242625 3.222626961618632 3.3679700615783266 3.4996355478706174 3.6166787101824696 3.70591932518728 3.771675716580758 3.823646858433495 3.8160444788505257 3.7205971219240936 3.543924552566285 3.3097127438118004 3.0522329972189475 2.8019884414270924 2.5862919998488203 2.426510028808097 2.3268526234552493 2.2866784926087584 2.3029009566701544 2.3671603600657503 2.4678722494080874 2.581969549687777 2.697010294421586 2.8285999967839706 2.98472136561959 3.160588706299544 3.3273880592008442 3.4599610598396198 3.5371511625229504
2.459185447700648 2.459185447700648 2.459792764713195 2.4660238153572545 2.478593029013136 2.496993926076242 2.520703550890561 2.5490400779941034 2.577211884681695 2.603462601524507 2.637216408091386 2.692877173087024 2.7709750565743594 2.8705310772568944 2.9879838403607923 3.1214377136182043 3.266273902293477 3.4150996924373054 3.5609615533779335 3.682430199919646 3.7748306479165152 3.8427803475125644 3.8979331809498126 3.927361870701475 3.873573245071034 3.708875704942096 3.460734160100573 3.182217780326794 2.915321815857235 2.6976730737310906 2.5417063441154566 2.4479735927957913 2.414204085409574 2.4335247521393724 2.4946518644235303 2.589293786285227 2.7093295770610935 2.851549947429996 3.0149363645249303 3.1995351865046366 3.399686459336989 3.5865705054429555 3.728393515657031 3.8007598505579936
2.459185447700648 2.459185447700648 2.4593178214824896 2.463940655688723 2.474784713704762 2.4913183849934892 2.5129870695227017 2.5392017571952135 2.569323264961341 2.6002118452190683 2.640823294593415 2.7030369454404757 2.7856525404119434 2.884909370226463 3.0002185526327056 3.1300929286828287 3.2715770326451983 3.4208096042843703 3.5639290953691845 3.679525963138261 3.769447137521171 3.837156224754719 3.896321883847226 3.940878289213746 3.934017840753236 3.7841033105218163 3.5064586859441937 3.203018409599076 2.9298315322026136 2.7161468418861503 2.567105003709435 2.481589370628333 2.456094560439612 2.481099349706321 2.5458094499644126 2.6464124547096284 2.784070001854119 2.952090029470054 3.146125456926647 3.3619280928096873 3.591466182580382 3.8052251232196395 3.9629621226934586 4.033339242656585
2.459185447700648 2.459185447700648 2.459185447700648 2.461822338617204 2.470518973181305 2.484746660970636 2.503919551995206 2.527410896305922 2.5545361883040907 2.5845654502588817 2.6290790167187 2.694176168683178 2.7747705350865814 2.8702565384228578 2.9802366691759152 3.103642911241867 3.238732556216485 3.3822229777456907 3.508980685878921 3.61039161688868 3.68878551678635 3.7475675601432674 3.7998223205008985 3.854564827275276 3.89938378874067 3.739684526352791 3.40867134014227 3.098637693670926 2.833950266021531 2.6322450124236987 2.4951822850716225 2.421394358743925 2.4069345772710817 2.4410334889108665 2.5175483817506215 2.6377683581297973 2.7960756875796933 2.989336887764913 3.212425639391 3.459500841076774 3.7214594275132074 3.968361420834153 4.151493547122685 4.230531615328649
2.459185447700648 2.459185447700648 2.459185447700648 2.4600869707055035 2.4662718233034906 2.4778265152746104 2.4941383471756478 2.514550589813158 2.538346590767331 2.5647552695076046 2.6051868076704126 2.664480295365793 2.739687606244649 2.8286462983112433 2.9304754215215785 3.0444158887961534 3.1694114211984536 3.2970389094683257 3.401495631960493 3.4812096974359004 3.5381444135564357 3.5750261181528478 3.5980885611213145 3.6183316867869215 3.616666562028054 3.446910568708053 3.141980858803654 2.8626041231197035 2.628118897434142 2.4488262725771905 2.3291218186097735 2.2704651500002284 2.269462509896222 2.316978872710167 2.414652342290271 2.5577742635644456 2.7386286833255573 2.9521513176073166 3.1962551375757964 3.466531334915083 3.7560637096139597 4.039544049058361 4.287327846720579 4.42949167725169
2.459185447700648 2.459185447700648 2.459185447700648 2.459211982147809 2.4625798535627577 2.4711657753741156 2.484337159749627 2.5014177555926826 2.521674237069731 2.544300480048108 2.576674943731957 2.625004500167342 2.68819193561236 2.76500993791628 2.854301239856479 2.9550004475538056 3.065973754593351 3.170507053629478 3.249207849493315 3.3024262613039297 3.331480355314543 3.337615338896507 3.3205244383711245 3.2829110786363613 3.201400563908743 3.0333435617824716 2.7966763375157364 2.5540060083786416 2.343351866449502 2.1850844625815506 2.0842259237026672 2.0419544404877277 2.055611187967853 2.123112205712283 2.2410737764633275 2.3983559736139797 2.588958550330028 2.808738114920875 3.058844421091215 3.340813182939862 3.6577500898514166 3.992921865041098 4.323312629066739 4.558049984725223
2.459185447700648 2.459185447700648 2.459185447700648 2.459185447700648 2.460021121620181 2.4654085176954843 2.475236583361962 2.4888205203645284 2.5054249980678844 2.523860503082589 2.5455627745799294 2.581195331874161 2.630040809359504 2.6912174389776613 2.7638036537986213 2.846834167091983 2.938761657907275 3.016641062879149 3.068673849883247 3.0951835430160988 3.0968634476444676 3.073730845831884 3.0233263800511985 2.9414406194357303 2.8230168525442823 2.6577551317362373 2.456658162315375 2.247197428160452 2.056491666165821 1.906393728295947 1.8075203606267267 1.7694165397868105 1.792941484326219 1.8731612375923947 1.9999127905408638 2.1638761842072958 2.359889743914654 2.5857179216723525 2.8449573960426777 3.143757397473448 3.48280384618159 3.8393403783569777 4.178135670800803 4.423171710761405
2.459185447700648 2.459185447700648 2.459185447700648 2.459185447700648 2.459185447700648 2.461215997991922 2.4675621860018278 2.4775541741127105 2.490447444711191 2.5025513627730884 2.5119734270939267 2.5333086494228176 2.5669514029319718 2.611907712107419 2.6671890352489225 2.731794618088697 2.802736257124265 2.8551013551803317 2.881512657932779 2.882360262393589 2.8583185284996664 2.809587838112638 2.7348245184181965 2.6304029626756598 2.4976960763189497 2.3385939652287133 2.159232746583916 1.9738953802995916 1.7992056749267817 1.6538543266949641 1.5508014628947928 1.5056092254280309 1.5318665770403328 1.6231424226439524 1.7581615055012256 1.9261671955954889 2.1259576550753088 2.3577340606505692 2.623491014126653 2.9303503816656127 3.2777524247236838 3.638302979066441 3.9786562633913505 4.251691956813385
2.459185447700648 2.459185447700648 2.459185447700648 2.459185447700648 2.459185447700648 2.4592527086158587 2.462029943350516 2.468184004212555 2.4757751135946746 2.4796811154689964 2.477786502119793 2.484440173990433 2.502641469051907 2.531267592990629 2.5692206530528736 2.61539373808051 2.6655213807508327 2.694828913992879 2.6982748093234874 2.676511531417952 2.630720300787337 2.5622618851570342 2.472092390892424 2.3601739219371063 2.2263499916213214 2.077214931330452 1.9169894255868996 1.7516465203051006 1.5908456919558913 1.4481251408382314 1.3270631471003824 1.2566137234280805 1.2967074500634554 1.4059242378700645 1.5488845815969896 1.72024324670068 1.920321321385468 2.1512301125960787 2.415732427984058 2.7215450455732664 3.0671956265111726 3.4270626375324227 3.776583893994044 4.082066793567497
2.459185447700648 2.4592142534054613 2.459697025680573 2.4603410946592517 2.4607378124427055 2.46068981698913 2.460047151086473 2.4599723353381364 2.460928458588051 2.4569167990611747 2.4459585605429717 2.437808203594637 2.440650586935034 2.4532343907878937 2.474343514949556 2.5027471921169337 2.5337052477347557 2.5433060913877337 2.5274604551850373 2.4871220458783774 2.4241205072116063 2.3412909710856593 2.2422982058961507 2.1304636924421074 2.006994060579072 1.8722007054758616 1.731338590085446 1.58703530760719 1.4431785369174994 1.304659650742232 1.1694596968069813 1.0416189433771386 1.129389106609024 1.2512043302760452 1.3933456948079346 1.55867000472798 1.7504938109336725 1.9726411228456968 2.2291724365215275 2.5276149027591766 2.8636955650439324 3.219947626619345 3.5793806208545083 3.9161064030862702
2.4640444533258647 2.4679677406297658 2.471677003531865 2.474483921351333 2.4759183617306157 2.475505696486361 2.4714598410400432 2.464122629358412 2.4551578635752884 2.4399752415712084 2.418932306766729 2.3964682714239447 2.3842604361677764 2.3813811868295773 2.386515465452281 2.398331142591598 2.4125503328895843 2.406341666894067 2.3754438587579907 2.3209557195390427 2.2450408005152527 2.1516115890806353 2.0471870133056265 1.9396437805382223 1.8318964010487235 1.7198430916687004 1.6006076187234888 1.4786205518194713 1.3541660826191724 1.2272283976679792 1.1136651561441464 1.0458482676369267 1.077570094126594 1.170946776035302 1.2943451304461748 1.4429349117219648 1.6185248478919854 1.8254242470489555 2.0687167133445223 2.353555501079832 2.673632229042538 3.0216180207207852 3.386619514963233 3.7500251149638455
2.4831481256142487 2.4915849991320753 2.4987822646058233 2.503939600815901 2.5064528992441417 2.504172074118326 2.4964984184881778 2.48421679807416 2.4665855913435237 2.439970180754789 2.406940818338941 2.3693139538919143 2.3376787099117173 2.3188603119693445 2.3091162531046012 2.305849174955939 2.3059207477920496 2.2880702964465494 2.2466896244591807 2.1828083553379236 2.098324953783679 1.9969024027961695 1.886657926680697 1.7841426636812283 1.697567679676333 1.6122762977591232 1.519872937261252 1.421530853284621 1.3145054811268104 1.206836391674753 1.1181542397409028 1.0724787315636857 1.0865881475328607 1.1506641858546225 1.2494616767645979 1.376264012834896 1.5308936777732505 1.7168830443102447 1.9398710535703942 2.2007217071883463 2.4989954313669 2.832326424969392 3.1946195843453316 3.5747792393811135
2.515674027283067 2.5290201498765246 2.540042506389375 2.547793218095398 2.5504917258424453 2.5458967894894977 2.5344296391467998 2.516971592658459 2.4925458137992162 2.4569821341282916 2.412560481620056 2.3628670652748753 2.3120770936197745 2.2721183887096954 2.2449988649841206 2.228202447251896 2.2163204504528933 2.1910237668343444 2.1438972053253416 2.07587838218056 1.9883540402821236 1.8834544700956166 1.76534934970356 1.6603429129135194 1.6066303796902084 1.5497167264674938 1.4848090007630745 1.4096837368889459 1.3205349178069627 1.2291602061665372 1.157592982117754 1.1196318207293816 1.125062169619149 1.169984501397746 1.247334427771079 1.3527773734307942 1.4860575376236402 1.6502785833494036 1.8488005830279308 2.077805954990727 2.344171587881886 2.6518056581671217 3.0004034037947096 3.379847899006335
