_RESULTS/CROSS_VALIDATION_POSTPROCESSED/MHZ/GZ/8comp/4/MHZ_GZ_z_710_kriged_reverse_8comp_spherical_4.asc
ncols 100
nrows 74
xllcorner 5.5967023332191781
yllcorner 50.982320383219182
cellsize 0.00019249356164376555
nodata_value 1.7014100000000001E+038
[rows 18 to 35 of 74, columns 40 to 79 of 100]
0.008076757700919585 0.0049243896517078235 0.003078086831372226 0.0020137319397776294 0.001401318467198025 0.0010498160509094462 0.0008538327630130566 0.0007574827326155755 0.000723863501949715 0.0007383967609768217 0.0007890816742860357 0.0008560565875803507 0.000903200916266693 0.0009144769880637442 0.0009144769880637442 0.0009226435558140262 0.0009474225161419065 0.0009865979719557673 0.0010379563722827364 0.0010989296599279576 0.0011725885190813237 0.0013217219014096343 0.0015817854779248 0.0019931877041658155 0.002623319220853276 0.003578995026203464 0.005026121873806322 0.007219212469707154 0.010543158987458553 0.015565680740700936 0.02308235040513566 0.03408143088285923 0.04939490345075007 0.0684224918320156 0.08611815352406546 0.09136606422679075 0.07843717597079408 0.057384480393534665 0.03876626564857114 0.025148756849259532
0.0055819957412890295 0.0033015569458154114 0.0020305067342999985 0.001326732424892183 0.0009357837483450731 0.0007204093401820439 0.0006085288199210205 0.0005581059192403666 0.0005526568909453326 0.0005876667335895112 0.0006535927590100734 0.0007450997762189172 0.0008350134696680667 0.0008971610471190381 0.000920337474255182 0.0009454632579759969 0.0009886775697141937 0.001048392693262429 0.0011228271866651227 0.0012095188618416917 0.0013067753261895966 0.0014749791892661585 0.0017631022110814018 0.0022139941633787254 0.002892700026027521 0.003895723288183766 0.005362744686513569 0.007490553531855568 0.010547827143412621 0.01488258843099085 0.020894503914061325 0.028854557438885063 0.038552343096511225 0.04860514968252014 0.05581155306409729 0.05624510106543872 0.049042472608356764 0.037911464414033404 0.027205070182145335 0.018811527756269108
0.0035446218592267583 0.0020269211893386902 0.0012266756355480016 0.0008028358700807371 0.0005769090185896924 0.00045691648823729177 0.00039709642119486164 0.00037767405235578257 0.0003909814073959425 0.0004359417556775997 0.0005075285770821503 0.0006083651988797659 0.0007253190569418279 0.0008313549515185271 0.0009214854902101264 0.000980514851102155 0.0010438512621742542 0.0011270343729852337 0.0012289427825902131 0.0013474530021089998 0.0014831404637052356 0.0016818596024239648 0.002017016408309699 0.0025285472578427527 0.003276101920712619 0.004340957290667419 0.005827031562926054 0.007859264255302926 0.010575674053100273 0.014104970833474258 0.018514000907470907 0.02370182999024593 0.02922695337807189 0.03407706942275544 0.036602305163064855 0.03553126301325165 0.031025456127279836 0.024729897998374873 0.018509128637748562 0.01342150427854864
0.0020722426006383123 0.001143527691232986 0.0006821659326589223 0.0004475451901905627 0.00032560497283455636 0.0002638083494565824 0.0002377107034094995 0.00023689959476586397 0.00025895804575860084 0.00030424295155213974 0.0003731556107487744 0.0004721259003403665 0.0005992009769817133 0.0007396599456781046 0.0008866886140133451 0.0010163535782375108 0.0011106732174225515 0.001220585834222537 0.0013594351938905759 0.0015337201507350372 0.0017396138558714595 0.001993086960730791 0.0023935868792160767 0.002988135188815674 0.0038286898668551967 0.004975039492992744 0.006486507100134777 0.008410350585909535 0.010766104282207346 0.013522801329994165 0.016564676472674296 0.01964615426816768 0.022355627753199835 0.02414162253078552 0.02447500432069756 0.023041794637120125 0.02003230036471214 0.016353674505964196 0.012769099159134264 0.00971929831010197
0.0011265709668686777 0.0005897308861965834 0.00034417533996176615 0.00022526392460691204 0.00016711369917961385 0.00014046950166218548 0.00013296217237241526 0.0001403377443294388 0.0001630699375669677 0.00020221627169257484 0.0002628070166075837 0.000352834282902931 0.00047846310670893925 0.0006381524880247146 0.0008256467271570413 0.00102015973631845 0.001185889953136939 0.0013378558549075937 0.001539316060492645 0.001793242839119175 0.0020980084205730314 0.002448008890077621 0.0029392659050029 0.0036490883829500584 0.004617136512530196 0.005872359611999799 0.007417257050165275 0.009215583081775402 0.011186816963360576 0.013204559780643067 0.015094775815882883 0.016637616214667098 0.01758708679100346 0.017725565277781498 0.01695399616532569 0.015515496457972603 0.013664028944328367 0.011519909488101606 0.009371894768558113 0.00745420973470167
0.0005694429392631117 0.00028051452960888164 0.00016062808475262233 0.0001075522219227603 8.309377849210257e-05 7.380418164965787e-05 7.45396862067189e-05 8.431726769425953e-05 0.00010412265969911323 0.00013602834514661274 0.00018539763233088778 0.00026078329897823903 0.00037571435409078797 0.0005391214618477812 0.0007503540858019425 0.0009963630291597414 0.0012568054476459422 0.001494118950848326 0.0017754829069115542 0.002136029864001567 0.002579681159029859 0.003099397188710664 0.003725383146402225 0.004598877400527087 0.005746750380247454 0.007151567013462856 0.008738282660790358 0.010377560455372166 0.011913155534119278 0.013191543466257725 0.014077532691773075 0.014462403211257175 0.014278116262033978 0.01355917862005271 0.012571115628284116 0.011376619271280902 0.010053664470929561 0.008705026666330077 0.007349283370994962 0.006086987185459647
0.00027891399793134443 0.00013224710647591294 7.401821902601618e-05 5.0237195866727467e-05 4.0990383263212446e-05 3.9117219659880846e-05 4.2873114831518664e-05 5.259793512456302e-05 6.939512151115283e-05 9.625699598510793e-05 0.00013822438099342235 0.00020330680832118743 0.0003067767728159189 0.0004589025040398998 0.0006727229801669386 0.0009649731713165465 0.0013192501065224422 0.0016864194891442153 0.002069017366364521 0.0025695629045786716 0.0032043659293363694 0.003975088940199659 0.0048580250617281575 0.005970047615952119 0.007382251806782633 0.009002998124685713 0.010638151808266317 0.012045557439511856 0.013033338288190345 0.013508245629280973 0.01345744436113557 0.01291816734886701 0.012030735793132652 0.01108747939064336 0.01009819474743797 0.00907145204264224 0.00804187998403609 0.007059825208496786 0.006161210153887778 0.005305334765640317
0.00013660221734162058 6.25290760174429e-05 3.4315903781074664e-05 2.345771655289102e-05 2.0265959120172725e-05 2.1208351369431713e-05 2.5715569832217372e-05 3.4412103201971635e-05 4.903462193142804e-05 7.269304057796506e-05 0.00011031903152585663 0.00017009944069399993 0.0002674290521064987 0.00041330144168692996 0.0006287186306770875 0.0009421436465216143 0.0013750974574842445 0.0018883022309503612 0.0024157323619834956 0.0030934172308011683 0.003981357412200424 0.0051021981227134415 0.006442267926050151 0.007955038884543318 0.00977589565146127 0.011735426825079175 0.013423135597839682 0.014437518465727793 0.014646813497892189 0.014161934741580598 0.013167656307764291 0.011901967671658627 0.010738662667277214 0.009682914284752523 0.008706066008114334 0.007794988141079386 0.006951611770287152 0.006188344258330455 0.005521946846924282 0.0049395301893769995
6.889479432944123e-05 3.0171137757620913e-05 1.613673767829968e-05 1.1177865065833369e-05 1.0239856883787472e-05 1.2008593711024626e-05 1.631052760326022e-05 2.414317507265157e-05 3.7505310951826104e-05 5.964631452025204e-05 9.564953151176573e-05 0.00015431508750779713 0.0002505028174188357 0.0003982556229017496 0.0006257983713993529 0.0009645881314731043 0.001445490616661076 0.002085707816339703 0.0028028121682074146 0.003692603553524067 0.0048965566747906555 0.006476535535083457 0.008458931790910184 0.010777492642662142 0.0132847372810841 0.015848527449084295 0.01760606382988707 0.017852309340604822 0.01683190007545069 0.015123338443629532 0.013162430040611163 0.011471590579098167 0.010091568909052414 0.008947360886393068 0.007981612821025285 0.007154980983359128 0.0064433969431951675 0.005834402383492356 0.005323647897022815 0.00491222121548471
3.735850450683519e-05 1.5289808961250708e-05 7.795304018783678e-06 5.475743969283588e-06 5.470938146175469e-06 7.251123122149595e-06 1.1283789630075434e-05 1.8743226494492883e-05 3.1882859233195665e-05 5.429883407812252e-05 9.15422427928486e-05 0.00015336436306924689 0.0002538068540863226 0.00041314668003291705 0.0006621102757848341 0.001037139030302811 0.0015758181939293221 0.002303368423922354 0.0032064471238872324 0.004331875130540791 0.00589913459651966 0.00803659103413757 0.01086155960545979 0.014395875495502277 0.018436683184153136 0.02234652898854102 0.024371715338946717 0.02283020261087991 0.01971566336609827 0.016392436605037506 0.013582500221612061 0.011475826433130415 0.00989033215860298 0.008669279385657452 0.00771363840775545 0.006957624701815327 0.0063561172522450275 0.005878992923460734 0.0055072987228185506 0.0052312201723787085
2.314089170668781e-05 8.556151381255813e-06 3.950138911630213e-06 2.7760525376496138e-06 3.1548932055372314e-06 4.929144839390787e-06 8.963699295323025e-06 1.6780843539539192e-05 3.106821623512451e-05 5.607723478762084e-05 9.823321543646903e-05 0.00016817348295970435 0.00028065540041762326 0.0004609142286764476 0.0007422039693657338 0.0011652996338834406 0.0017723701085750933 0.0025921891533483774 0.0036153785420840654 0.004966506160799035 0.006957619508190256 0.00977422834182398 0.01362481962125382 0.018648355680372514 0.02481187658190091 0.03177458801155465 0.035611702175987955 0.02924938304073022 0.023227327716871256 0.018197709256334862 0.014562459837565668 0.0119586572245885 0.010087014946424775 0.008746147524774836 0.007796831208635955 0.00711342967697757 0.00662594718251476 0.0062920756535472504 0.006082559347503246 0.005978138968886522
1.895840681464968e-05 6.211477178601362e-06 2.303340373280143e-06 1.4858808217202931e-06 2.1538340964003633e-06 4.182716731926178e-06 8.784779183462597e-06 1.8173417912203853e-05 3.580347479540767e-05 6.703969869315506e-05 0.00011970516553330273 0.0002044372505259208 0.0003388369835038451 0.0005511059887817856 0.0008769508073310275 0.0013593982499932437 0.0020414244884797983 0.0029522903327444646 0.004100679781364673 0.005611183164152327 0.008051392304688357 0.011589873084476631 0.0165137494897001 0.022986154997654613 0.03078161671511104 0.038670611182971666 0.04144185615769158 0.03495677389595259 0.026944019065421952 0.020595195104827036 0.01610743125961208 0.012957644075197975 0.010758809813170858 0.009241918596914415 0.008226329340776484 0.0075948837104429555 0.0072507464180836785 0.007108641041385728 0.007134591798236054 0.0073026328373567975
2.6397766549659924e-05 8.27428237185295e-06 2.512685898123981e-06 1.2651274744585935e-06 2.666586311639769e-06 5.610474705662236e-06 1.1853484083884958e-05 2.4852696707504746e-05 4.9950540653134934e-05 9.398993512815053e-05 0.00016660159233252396 0.0002759784974561891 0.0004444525758679748 0.0007016397849101637 0.0010839578671675858 0.0016331139744164248 0.002392842574717811 0.003409020884454784 0.0046774107205830185 0.006313404466617059 0.009083618992667887 0.01332219715853963 0.019267727714101332 0.02699865041856113 0.03577015391704854 0.043155404857663504 0.044972571455195495 0.0396834542575277 0.031195832522770403 0.023782008271136863 0.018325007430067305 0.014526256944385037 0.011931453190509918 0.010199573193067104 0.009099808688261388 0.00848715090914522 0.00828006481387211 0.008423364363490211 0.008835641010611853 0.009491593653245561
6.201589351266155e-05 2.2260487852172502e-05 8.93190527914587e-06 5.9486683486099944e-06 8.125296270189027e-06 1.4244506656593197e-05 2.6296679105366095e-05 4.8849205312509716e-05 8.76080347362394e-05 0.00015466542470440585 0.00026210631793018556 0.0004105567048714511 0.0006271169798711247 0.000941424468308032 0.001387326930270371 0.002005750922254976 0.0028529571154235936 0.003959473723356622 0.005305557344759806 0.007030478600726013 0.009969860367956884 0.014805320157438767 0.021680444714770555 0.030610672059784946 0.04049365186865981 0.04827677870785047 0.049924341611289696 0.04437800844571079 0.03545129470543528 0.02742769898522755 0.021222918005152323 0.016762717415458855 0.01369719541353796 0.011690315364447904 0.010487690211368087 0.009914888504190592 0.009888931619017976 0.010400858870554365 0.011468530041165683 0.013007580915801302
0.00018539421901576429 8.187790532384977e-05 4.3398185336241654e-05 3.284104273690222e-05 3.732738594603834e-05 5.447837636211059e-05 8.73120773272755e-05 0.00014126534236015277 0.0002145423906214941 0.00031604963835902015 0.0004591156263540492 0.0006618881866630598 0.0009370934504212111 0.0013122919149728004 0.0018180414661317754 0.0025069740969743985 0.0034197188848153585 0.004569963869197208 0.005916772489991296 0.007672029419195179 0.010692958573170904 0.015866045259309014 0.02352094526334514 0.03368184047536294 0.045299147785524976 0.05480277418784469 0.056675077417336156 0.04959466021609596 0.03940384018032484 0.030519458818746945 0.02373496600353145 0.018890083098102924 0.01558557837354455 0.013453870068907999 0.012231484196359688 0.011764617076210597 0.012000571265131885 0.012982104721888314 0.01484355873599893 0.017691860198416013
0.0005943534797012921 0.00031756272189334 0.00020278498087265647 0.00016732200091152763 0.0001802348804728427 0.00023457652621791984 0.00033320206786311346 0.00048026510425263323 0.0006526896173402694 0.0008169071530662222 0.0009520042785690404 0.001135616572310244 0.0014519689672512247 0.0018670461929315612 0.00241661162086307 0.0031418089254362487 0.004064618794891334 0.0051768467949026235 0.006414131472898088 0.00813482625018965 0.011129255094304014 0.01632649072843235 0.024446671482708533 0.03560739865848032 0.049422457624713215 0.0627447975640667 0.0655086766722027 0.05463463944996494 0.042243518161632576 0.03245187557311869 0.025291813685098093 0.020275347388693913 0.01689880700607541 0.01476935479021229 0.013627844095975342 0.013343980327188006 0.013913675882932526 0.01547172700005463 0.018322936012721943 0.022966669375479715
0.0018548458834011493 0.0011602569552863432 0.0008511890598093042 0.0007618216044365678 0.0008277862307307499 0.0010283911793579625 0.00133881661885173 0.0017127115435996985 0.002015108314369336 0.002179549497605352 0.002222104957370812 0.0021920551330402538 0.0023035227861972034 0.002691599097536946 0.003218819059771964 0.0038945828046915575 0.004724796874044379 0.0056859385795483145 0.006710309823375661 0.008325996214688157 0.01116339602726245 0.016081868781349214 0.024102499703655893 0.035361103430229114 0.05011930862841086 0.06792287312314257 0.07342646166322819 0.055999626022906875 0.04237630762699958 0.03249535069495904 0.025472978333296883 0.020608194705749233 0.0173650116238185 0.015364873492467148 0.01437542950964803 0.01430291806782226 0.015200591902406326 0.0173080403752901 0.02114226000865953 0.027664990614168643
0.0052854490175659454 0.0037577223911721925 0.0030786797108873875 0.002986679144318361 0.0034089162681984276 0.004307939030478841 0.005379177163813138 0.006063171497933242 0.006033466198727745 0.005617246618170577 0.005064355787980919 0.004518287408680216 0.004061616265171417 0.004029173935377922 0.004412491780998251 0.00490707991806961 0.005483604033787154 0.006094678222183743 0.006786605498960188 0.008193665048798968 0.010750961390139981 0.01515988344327765 0.022433879907762997 0.03250329902283552 0.04505977156501459 0.05758860057306116 0.060252112539950976 0.04990138793766841 0.03892760561775429 0.030388803155121016 0.024155271998974284 0.019785253950541978 0.016868339433551816 0.0150993262588248 0.014294693574972928 0.014400018603087487 0.015511844036301825 0.017937129363202183 0.022328613372244784 0.029975571447478675
