_RESULTS/CROSS_VALIDATION_POSTPROCESSED_80-20/MHZ/TZ/9comp/4/MHZ_TZ_z_180_kriged_reverse_9comp_spherical_4.asc
ncols 100
nrows 81
xllcorner 5.5967107548124995
yllcorner 50.982328804812504
cellsize 0.00017565037499993607
nodata_value 1.7014100000000001E+038
[rows 19 to 37 of 81, columns 0 to 43 of 100]
23.60344727561769 22.769518448440767 22.09991407234559 21.675251716590463 21.554175543370093 21.754162698466153 22.21690481834008 22.85030773709403 23.569846347662274 24.311760587793934 25.030783507420935 25.69512751935476 26.282712239583507 26.778953736339044 27.17786224342587 27.483354310286668 27.689573269521333 27.808529570724815 27.877901933145168 27.94285510327387 28.027945051770637 28.126651562283733 28.269640565189647 28.43808357864006 28.613167070361357 28.78388537392931 28.94317609707773 29.08535382800873 29.203973623099973 29.283305642784857 29.313279873594805 29.286774698212447 29.19831502859126 29.056031238128078 29.138224947539836 29.569011756104587 30.340579471022988 31.479094310705197 32.97945321191649 34.768790522115005 36.76628524164718 38.91322714714028 41.12786691699908 43.37487307415764
24.513321193266684 23.82848157260907 23.29752417483973 22.975608542337106 22.883728453391896 23.029597758307112 23.38251098969903 23.886466442754163 24.480780378910836 25.112300903185496 25.738942712809514 26.329099999825285 26.86217382170349 27.323682188462378 27.70410105174867 27.99040996189699 28.179816193673457 28.29151836107365 28.35080289363578 28.382119639653748 28.397324854475343 28.420584097487676 28.490812180593274 28.590159115796315 28.70375789037186 28.82133895359199 28.940574179594503 29.05632521467266 29.162673355774864 29.252621832284515 29.311416021764153 29.32944493444991 29.301690643832444 29.23626930287818 29.405160452775874 29.927163608811302 30.783383014957828 31.979550820394024 33.48503775374086 35.2435448755298 37.193161758290266 39.267336158868055 41.40693132369832 43.58434657803343
25.44935193125276 24.8842575804883 24.457228635407326 24.209627943180585 24.144469699354246 24.25981219442938 24.537973914892294 24.94342921217012 25.433532665583925 25.96707645432953 26.508784485581632 27.025744351223977 27.49320442578661 27.900690730265566 28.232969873630626 28.471739126410018 28.625384660389557 28.707352961776493 28.732930225945076 28.714883852838636 28.659239777868788 28.62754188375709 28.6406531910742 28.684708003473343 28.75194980081049 28.83460026647919 28.92476075026511 29.0151704898655 29.108201591824788 29.199261859377057 29.281696582079757 29.343364397326653 29.373325016403378 29.37337522527753 29.590703626195285 30.156619755395162 31.051707934830986 32.268804227829975 33.76523799446804 35.49017023479821 37.38860280498333 39.36868291537322 41.40125883507152 43.467046733754934
26.380208270778528 25.913863776294793 25.568104217260846 25.37480938658015 25.33458840490245 25.433392944776934 25.660946368488503 25.99394774326883 26.40215632169136 26.851484999712895 27.301863789250408 27.730834352348932 28.1233497451851 28.465338522271615 28.72647036296309 28.90471824181049 29.006599913405694 29.04093670674623 29.016104695061617 28.937357506963586 28.818589206170696 28.74041685600286 28.705684746298303 28.70125505163245 28.72603670073656 28.777000355822913 28.849281006689914 28.936565581922668 29.033249236955093 29.132810803940657 29.235555133268516 29.33133401774101 29.411277971063495 29.466265151584086 29.693181112007032 30.259613941667062 31.156530525875265 32.36074353155063 33.825142597171784 35.501829827210315 37.32844460789308 39.21060096833313 41.114258068971054 43.03273749883944
27.216134231045835 26.83480762392459 26.56143451966845 26.421148922659928 26.419511947057973 26.52812976103079 26.732976124921816 27.01471307026256 27.350454505039657 27.707192677382853 28.065418489220935 28.408822520014716 28.72486370332939 28.98288339538914 29.164459061713043 29.27138785611988 29.308356867976016 29.28104074524503 29.193438999459953 29.045458495573072 28.881081604114726 28.759498026931997 28.680460910140187 28.632082598459647 28.617232622909196 28.638103521248638 28.70039528554181 28.799941707409992 28.92383650351619 29.0558829801756 29.1820047070725 29.306164291471426 29.42087976886244 29.519622224550872 29.72670392839854 30.261383749749747 31.12924860026775 32.28998743576456 33.696092642838934 35.301026027071615 37.02707819122026 38.791436447482056 40.560059207975804 42.310120930295184
27.917797988943327 27.609292169218353 27.39808644925899 27.304622389549355 27.335812101758723 27.469665590110314 27.680897367220087 27.94294707226794 28.221817808629435 28.4985608037732 28.771596823197115 29.03295012594099 29.265549072303347 29.43251482981874 29.52898983206517 29.55653500063045 29.518551368483347 29.418663721314058 29.25860547702194 29.04668035096539 28.851335967974766 28.687666376092597 28.562847265664963 28.472969156610667 28.422191647574518 28.42868817882762 28.493487057048156 28.60960432983698 28.76396063464362 28.938527744856952 29.112686880588413 29.2693843931797 29.41573025105072 29.54728472354418 29.71924074545639 30.19672819093273 31.003821496436363 32.09290004330359 33.415684360185196 34.92506744164072 36.52671659528382 38.153123975947736 39.769204685398485 41.33753096968588
28.471394417244184 28.225867853209934 28.069052504624516 28.0180086509622 28.076762429158553 28.238239749100106 28.456689725889145 28.696365882095908 28.94370046043421 29.182707907327654 29.396308317588165 29.579764363528305 29.721280222177494 29.796135859934076 29.80408547630247 29.74682898784109 29.6270261927505 29.44683476782194 29.206810658465177 28.961156165615513 28.73365391621105 28.527618531825134 28.354848140124027 28.22763418929218 28.159179820163725 28.15826395777285 28.227908259678102 28.363663187799848 28.55257816680603 28.774050673638808 29.0032273474206 29.215541617429764 29.395546116704928 29.555935159429144 29.711222284244577 30.114668181647996 30.83349874546358 31.822703905546074 33.03587344527659 34.424869127831556 35.88595913164333 37.36080679609435 38.81296498057875 40.200079699602895
28.86804352417674 28.677520199057522 28.569089509886393 28.557306133895487 28.644117592699402 28.818332076803895 29.035795165958312 29.26318979411993 29.489229457078036 29.7010728286975 29.88476111367115 30.022970618244464 30.07536110306693 30.058146880687488 29.975614169617465 29.830019052723156 29.623918601763048 29.358825976231284 29.06438677011923 28.791565409284374 28.529084938640846 28.282655670952423 28.06905565727749 27.917679454874083 27.835966992944662 27.82833391436479 27.903297403614207 28.061083091899302 28.289609264312215 28.56425661577632 28.853473760043318 29.126606468291204 29.35916001784347 29.54642895007475 29.730763434126633 30.044644376129785 30.656688680292522 31.527440804009533 32.613383829979185 33.86550071241221 35.17622963059973 36.49120690912032 37.77268001974263 38.99245826480154
29.102678973618563 28.960690789503207 28.896099533980664 28.921408053778507 29.034809634771978 29.202981579456132 29.40953161209407 29.631679715082214 29.843978161924095 30.03592745238149 30.195917672459405 30.30141726024425 30.304838397208165 30.203124092584076 30.031015834902426 29.795382063269177 29.499469536472354 29.163722297055266 28.842374811027717 28.537250385214723 28.242660057413545 27.963960736123262 27.730753415259546 27.55921063451843 27.461442171646727 27.44453885213467 27.521526466931128 27.701925755443057 27.976485190205707 28.313440202913316 28.669668576333322 29.005827174835442 29.29375474305352 29.532496064090175 29.756860843211907 30.011050133426448 30.500994190769976 31.238052742833116 32.182699813006074 33.286909733432736 34.44214139034107 35.60096808866556 36.748678183846124 37.83637091649115
29.17316773062196 29.074402686197274 29.04817417444615 29.104874957032944 29.22926412475581 29.389788301335596 29.57994128253124 29.790510987098802 29.99646009674195 30.175216783470937 30.31676559677683 30.390987998439417 30.35652137623072 30.206781347463707 29.95020228978671 29.627808229447577 29.260806528750976 28.897956413161758 28.547970957283198 28.21322474275401 27.891277838841532 27.600955505510065 27.359210796032684 27.17380948356642 27.055001264423513 27.01944646492254 27.087938751069192 27.287393076067048 27.61722243686439 28.030566874460767 28.46252323329763 28.86230131858215 29.212243248913023 29.51589366128297 29.77729423382079 30.03291159668568 30.390491391072473 30.98228121315566 31.775292036911612 32.72476432909862 33.739376080894196 34.7865324550353 35.81932694633996 36.7859479291389
29.07753344513484 29.011639230084807 29.017127112675094 29.09982220207799 29.226653487100258 29.382931816663543 29.56154789564009 29.752842764194853 29.945286270422404 30.117137606868233 30.245317042432067 30.291904420277042 30.223464915688375 30.035494556558568 29.72452874758821 29.336928680884377 28.94607646027597 28.562823647458053 28.19288302603271 27.83636514864999 27.5034624360346 27.217213499416253 26.97898508460117 26.789215542795336 26.65157271454478 26.580465522253455 26.614984293862697 26.81967446392686 27.221902116097667 27.73451734627087 28.24986798220882 28.720404920079346 29.134749052925578 29.489461972303687 29.78833489860499 30.062429683395752 30.344373214675084 30.783564465588192 31.418816662944128 32.229353144318864 33.14234523086404 34.08640201031306 35.01380815659801 35.87338563704833
28.807505278050847 28.768905027186186 28.804388206004678 28.90382423800815 29.035512327126696 29.19193334109551 29.36442184253728 29.54242064782388 29.714122102067243 29.86694513092226 29.984746275571162 30.009609546509967 29.911907145395194 29.690986962298155 29.37445447051616 28.979845676189953 28.565630272295422 28.162218498563373 27.77853103428883 27.41813606248113 27.101013685522425 26.83465111855777 26.61712185140746 26.44004388403526 26.29655114947263 26.187121380833556 26.141338935976226 26.301647825312923 26.822365810889558 27.46693573374248 28.075730436783214 28.610501183525983 29.066737545030463 29.452215434550606 29.77832089924876 30.064625121463195 30.349935910649005 30.660360749116656 31.152067468405832 31.85304279875651 32.66921910232153 33.51740830788015 34.35011428584987 35.11713458548628
28.364508746586043 28.349887367066394 28.414589593808202 28.527229037057733 28.668465032225303 28.830661365135196 29.003139526342746 29.174107930141822 29.331208762991096 29.461800135218617 29.552507689625703 29.555270012642428 29.453189288447764 29.248839231010436 28.949882666238498 28.566288823825488 28.12953454857351 27.70624470647247 27.313828610811413 26.96756669943468 26.690272898596113 26.47132504509874 26.297590001811187 26.159912796976663 26.043143581507643 25.933679708064595 25.81986798093634 25.741764899232074 26.557470370498454 27.32387770733766 27.984376071095284 28.541238346784 29.006226509301836 29.396759991571365 29.7312548235075 30.025765313104134 30.316756359405655 30.62141456394062 31.014346071561338 31.605114407308264 32.32964629499068 33.0899784916839 33.83826729072695 34.52557093741121
27.753327916328335 27.760778383321632 27.852804270005837 27.98437299365831 28.14199796902631 28.31701249763337 28.496292087930847 28.66666945224076 28.815362678401268 28.935670701856793 29.021941772593905 29.032485698074815 28.942933038961748 28.754590958576724 28.470700950786565 28.096422864899296 27.649595607054287 27.204545742306564 26.807060299677804 26.493112274403565 26.27562706226013 26.132377081697683 26.03565226198127 25.967940134531002 25.92124923370871 25.889508377587873 25.897125178404316 26.091214883030418 26.676530282759494 27.361308007557593 27.97972952766599 28.50478287241326 28.940704840151565 29.308317612857028 29.63183955395291 29.92811636202104 30.22429078433206 30.57837822768754 30.999285472868426 31.496154937769237 32.134184029017995 32.818289680413656 33.49373588882713 34.112284966661235
27.024827284575277 27.03615086041924 27.14807348076267 27.30608801874966 27.490476853943818 27.690544596687154 27.891213887339212 28.08092940119704 28.249792466048806 28.389417051839803 28.492433452584454 28.52046515406431 28.44340429466241 28.261425893379393 27.977555202157045 27.599695542865227 27.144064568399113 26.668684791585996 26.26627171232171 25.999006496325727 25.865880750625177 25.824704666901617 25.83432941239183 25.869047565574988 25.928271611478692 26.024396462518208 26.19192122893147 26.501005058675016 26.979193736446362 27.527598367196877 28.04289507755407 28.48400231891896 28.851146951570183 29.166771897430184 29.460854401473334 29.75195325340359 30.072483263034506 30.490612034203508 30.988799139602975 31.537152005823348 32.117485457374876 32.736459948159606 33.34740256072129 33.90705498120278
26.23989321659326 26.254081817850768 26.389905160959625 26.58564011006671 26.812354892072786 27.052151792927866 27.289619832076863 27.51099693243252 27.705687347737275 27.866307480113743 27.98768252859626 28.03914141204457 27.981434696016787 27.81275018101584 27.533749681227704 27.149381830482067 26.67376962202071 26.15323569849955 25.728638842746243 25.520979802939518 25.508084385604274 25.5984078008691 25.732682248234923 25.88616788118805 26.055706646464692 26.262083806618815 26.52829971397675 26.87610109835444 27.297175260327883 27.73980201858363 28.14511351476689 28.481023753218242 28.748365394725266 28.9767890750376 29.212834555583356 29.492125182724006 29.87398618392834 30.382752963513802 30.97457788740839 31.611207508412033 32.263829928804995 32.88644402658847 33.44901794393112 33.96342242095003
25.406340469354234 25.430182951876223 25.606939203673424 25.85921965835501 26.144471331901492 26.432940747938943 26.71113261231018 26.96747283008467 27.19345159649187 27.382029796909755 27.52602778815695 27.6063299742073 27.57760758531947 27.433779308392353 27.172626071173784 26.794162660838495 26.303508352388068 25.724952354146552 25.223904500282917 25.103548915058028 25.266719826700474 25.501133648644807 25.752988927076476 26.010366543185516 26.2738278003721 26.556797404728105 26.875989493593373 27.231788223942367 27.60678151934435 27.965423124997464 28.269404329378723 28.495247209151277 28.645235357415324 28.75709973888987 28.91339529545785 29.214265302765707 29.69564840388234 30.31613159980789 31.010613867188493 31.73647061677216 32.46664415480378 33.17838254707408 33.80600490544566 34.31361912500388
24.53281173327718 24.58047125718589 24.82780222501855 25.160998640288945 25.51804001693794 25.86360414502608 26.182372281751388 26.47125218118062 26.72607262700338 26.943119802167793 27.117235499277783 27.23562422153329 27.24820388074653 27.144949116292103 26.922329077818485 26.5775785364552 26.109595685551774 25.519527465145984 24.876121665707373 24.90457858274389 25.23888420033059 25.574153813015947 25.907248815623284 26.23711567231745 26.56496434474024 26.894809218480475 27.23694592757777 27.584480298777496 27.917403341962267 28.207129932807206 28.424389443308513 28.548573776590157 28.576194836958997 28.54437497851563 28.59192539299544 28.952430235990196 29.586196251113194 30.336554188078747 31.129768850018607 31.932706581924446 32.72603151445675 33.49560658902136 34.21192203366311 34.81543941098194
23.62721511205904 23.733262546661386 24.101634655670576 24.5405520824508 24.97440342837321 25.374291526640587 25.730215366610317 26.043998516936245 26.321486667108296 26.56375362786311 26.768504216318668 26.928774989060017 27.00190377851609 26.957709895204747 26.797427111801476 26.52162298639567 26.136203967910998 25.664921214041453 25.262825268137036 25.236440377929135 25.495271507486738 25.834785780442644 26.19562693158755 26.56006882675711 26.920690594758177 27.273156531510896 27.618265471030778 27.948882122871403 28.244477618615228 28.48051017917702 28.632789253215073 28.68206890308041 28.623907722859936 28.478663639473933 28.29026931663201 28.816052223880966 29.644331503811777 30.497402724329714 31.356768357035588 32.20820633697283 33.040346944949356 33.843616533472336 34.60924751750337 35.258069455688336
