_RESULTS/CROSS_VALIDATION_POSTPROCESSED_80-20/Berg/IZ/7comp/3/Berg_IZ_z_180_kriged_reverse_7comp_spherical_3.asc
ncols 100
nrows 90
xllcorner 5.6208707817415728
yllcorner 50.959635321741573
cellsize 0.00013419651685393446
nodata_value 1.7014100000000001E+038
[rows 0 to 19 of 90, columns 0 to 43 of 100]
63.138603271852226 63.138603271852226 63.138603271852226 63.138603271852226 63.138603271852226 63.138603271852226 63.138603271852226 63.138603271852226 63.138603271852226 63.138603271852226 63.138603271852226 63.138603271852226 63.138603271852226 63.138603271852226 63.138603271852226 63.138603271852226 63.138603271852226 63.138603271852226 63.138603271852226 63.138603271852226 63.138603271852226 63.138603271852226 63.138603271852226 63.138603271852226 63.138603271852226 63.138603271852226 63.138603271852226 63.14028458603245 63.15158316333871 63.172391392867034 63.20104403128478 63.25159254197904 63.33792094411616 63.45720033528948 63.60658575527209 63.783234047132865 63.98431482291552 64.20701294447136 64.44851800615054 64.7059921483055 64.97650042586143 65.25687886878096 65.54351377036063 65.83204066610358
63.138603271852226 63.138603271852226 63.138603271852226 63.138603271852226 63.138603271852226 63.138603271852226 63.138603271852226 63.138603271852226 63.138603271852226 63.138603271852226 63.138603271852226 63.138603271852226 63.138603271852226 63.138603271852226 63.138603271852226 63.138603271852226 63.138603271852226 63.138603271852226 63.138603271852226 63.138603271852226 63.138603271852226 63.138603271852226 63.138603271852226 63.138603271852226 63.138603271852226 63.138603271852226 63.138603271852226 63.14252890393741 63.15711974124255 63.18114176486765 63.21279325741909 63.26517649782241 63.353000563172934 63.473427246842505 63.623590535371974 63.80063447810679 64.00172840606302 64.2240770633689 64.46492336884015 64.72153772401737 64.99117813799388 65.27098354104855 65.55772378176556 65.84730111623291
63.138603271852226 63.138603271852226 63.138603271852226 63.138603271852226 63.138603271852226 63.138603271852226 63.138603271852226 63.138603271852226 63.138603271852226 63.138603271852226 63.138603271852226 63.138603271852226 63.138603271852226 63.138603271852226 63.138603271852226 63.138603271852226 63.138603271852226 63.138603271852226 63.138603271852226 63.138603271852226 63.138603271852226 63.138603271852226 63.138603271852226 63.138603271852226 63.138603271852226 63.138603271852226 63.138617724981316 63.14502141142538 63.16228586540762 63.188890466815785 63.22291783951002 63.27488200751736 63.36161935583809 63.48042999966974 63.62838696014279 63.80256686340805 64.00006394259387 64.21800049458352 64.4535342397289 64.70386236080091 64.9662172897487 65.23782895219756 65.51575707298149 65.79631227985942
63.138603271852226 63.138603271852226 63.138603271852226 63.138603271852226 63.138603271852226 63.138603271852226 63.138603271852226 63.138603271852226 63.138603271852226 63.138603271852226 63.138603271852226 63.138603271852226 63.138603271852226 63.138603271852226 63.138603271852226 63.138603271852226 63.138603271852226 63.138603271852226 63.138603271852226 63.138603271852226 63.138603271852226 63.138603271852226 63.138603271852226 63.138603271852226 63.138603271852226 63.138603271852226 63.13887917051151 63.14730709780461 63.166598408454654 63.195143629210214 63.23093410841528 63.28071715772491 63.36387706132475 63.47842677444612 63.621344737781 63.78959316459954 63.98012479332874 64.18988417169948 64.41580484275356 64.65480683597457 64.90380570536277 65.15975631665441 65.41975107607418 65.68099328835513
63.138603271852226 63.138603271852226 63.138603271852226 63.138603271852226 63.138603271852226 63.138603271852226 63.138603271852226 63.138603271852226 63.138603271852226 63.138603271852226 63.138603271852226 63.138603271852226 63.138603271852226 63.138603271852226 63.138603271852226 63.138603271852226 63.138603271852226 63.138603271852226 63.138603271852226 63.138603271852226 63.138603271852226 63.138603271852226 63.138603271852226 63.138603271852226 63.138603271852226 63.138603271852226 63.139239163881 63.149035891686154 63.169690342746435 63.19953193339063 63.23648858013623 63.28314141696948 63.360387776303504 63.46822970176843 63.603531102879195 63.76311199015351 63.943744247396985 64.1421369455991 64.3549101190053 64.57855849841357 64.80941672162551 65.04365821957586 65.27751908764047 65.50872401368875
63.138603271852226 63.138603271852226 63.138603271852226 63.138603271852226 63.138603271852226 63.138603271852226 63.138603271852226 63.138603271852226 63.138603271852226 63.138603271852226 63.138603271852226 63.138603271852226 63.138603271852226 63.138603271852226 63.138603271852226 63.138603271852226 63.138603271852226 63.138603271852226 63.138603271852226 63.138603271852226 63.138603271852226 63.138603271852226 63.138603271852226 63.138603271852226 63.138603271852226 63.138603271852226 63.13947792280845 63.149970128246224 63.17131486145174 63.20181013016797 63.239351032564926 63.283025199144085 63.352223708328715 63.45116657748833 63.57660138435113 63.72520467551984 63.893567895111715 64.07680358854601 64.26993391843844 64.47094454168919 64.67697806166878 64.88415969909116 65.08753577186972 65.28149610144034
63.138603271852226 63.138603271852226 63.138603271852226 63.138603271852226 63.138603271852226 63.138603271852226 63.138603271852226 63.138603271852226 63.138603271852226 63.138603271852226 63.138603271852226 63.138603271852226 63.138603271852226 63.138603271852226 63.138603271852226 63.138603271852226 63.138603271852226 63.138603271852226 63.138603271852226 63.138603271852226 63.138603271852226 63.138603271852226 63.138603271852226 63.138603271852226 63.138603271852226 63.138603271852226 63.13948297973542 63.14998882636509 63.17134708313038 63.20185513915736 63.23940744472559 63.281595794762715 63.34084118241382 63.428978486652824 63.54258994060207 63.673248772091796 63.81689334350866 63.9730184653567 64.14029026196675 64.31647228359952 64.49833207281362 64.68154295340226 64.86064477443857 65.02949755389514
63.138603271852226 63.138603271852226 63.138603271852226 63.138603271852226 63.138603271852226 63.138603271852226 63.138603271852226 63.138603271852226 63.138603271852226 63.138603271852226 63.138603271852226 63.138603271852226 63.138603271852226 63.138603271852226 63.138603271852226 63.138603271852226 63.138603271852226 63.138603271852226 63.138603271852226 63.138603271852226 63.138603271852226 63.138603271852226 63.138603271852226 63.138603271852226 63.138603271852226 63.138603271852226 63.13925212351377 63.14908961181397 63.16978456216826 63.19966455705682 63.23665560093609 63.27838330975324 63.32800026196457 63.39912171816832 63.48407910484297 63.58356697670292 63.69782152265759 63.826326283168974 63.96775328250525 64.11989700564406 64.27963584785766 64.4430092422139 64.60568054329342 64.76470369418789
63.138603271852226 63.138603271852226 63.138603271852226 63.138603271852226 63.138603271852226 63.138603271852226 63.138603271852226 63.138603271852226 63.138603271852226 63.138603271852226 63.138603271852226 63.138603271852226 63.138603271852226 63.138603271852226 63.138603271852226 63.138603271852226 63.138603271852226 63.138603271852226 63.138603271852226 63.138603271852226 63.138603271852226 63.138603271852226 63.138603271852226 63.138603271852226 63.138603271852226 63.138603271852226 63.13889345585023 63.1473887532497 63.16674729631417 63.19535662469813 63.231204998866765 63.27162598491915 63.30280110122896 63.33835461115815 63.38907236205018 63.45596336330475 63.53938940801333 63.63901559861215 63.75374018633801 63.8816284128224 64.01989902457926 64.1650575086354 64.31334368982007 64.46163213937933
63.138603271852226 63.138603271852226 63.138603271852226 63.138603271852226 63.138603271852226 63.138603271852226 63.138603271852226 63.138603271852226 63.138603271852226 63.138603271852226 63.138603271852226 63.138603271852226 63.138603271852226 63.138603271852226 63.138603271852226 63.138603271852226 63.138603271852226 63.138603271852226 63.138603271852226 63.138603271852226 63.138603271852226 63.138603271852226 63.138603271852226 63.138603271852226 63.138603271852226 63.138603271852226 63.13862256902015 63.14511932047232 63.16247724537959 63.18917167433747 63.221863440140616 63.24197110800278 63.24704658002008 63.24631526992878 63.26059392133464 63.29242558722537 63.342449224342644 63.410684865146614 63.496437015754495 63.59819394302356 63.713821557309394 63.84032104924465 63.973312283003615 64.10842633892355
63.138603271852226 63.138603271852226 63.138603271852226 63.138603271852226 63.138603271852226 63.138603271852226 63.138603271852226 63.138603271852226 63.138603271852226 63.138603271852226 63.138603271852226 63.138603271852226 63.138603271852226 63.138603271852226 63.138603271852226 63.138603271852226 63.138603271852226 63.138603271852226 63.138603271852226 63.138603271852226 63.138603271852226 63.138603271852226 63.138603271852226 63.138603271852226 63.138603271852226 63.138603271852226 63.138603271852226 63.14262701527629 63.15733669494092 63.17997016421179 63.188917650041695 63.180458701580164 63.15824879903275 63.125981012487884 63.10057610487546 63.09370263458918 63.1064182860345 63.1392692237625 63.19310680616047 63.26798481020424 63.3608815914995 63.467969430508674 63.584845433483416 63.70680572914882
63.138603271852226 63.138603271852226 63.138603271852226 63.138603271852226 63.138603271852226 63.138603271852226 63.138603271852226 63.138603271852226 63.138603271852226 63.138603271852226 63.138603271852226 63.138603271852226 63.138603271852226 63.138603271852226 63.138603271852226 63.138603271852226 63.138603271852226 63.138603271852226 63.138603271852226 63.138603271852226 63.138603271852226 63.138603271852226 63.138603271852226 63.138603271852226 63.138603271852226 63.138603271852226 63.138603271852226 63.14036285091198 63.15133886851009 63.15048216649268 63.12877924171365 63.08993858384946 63.03774300597731 62.976063752469194 62.91056380667157 62.86011972872103 62.83073448644721 62.82706209489833 62.849173226663126 62.89547447581811 62.963508312686336 63.04994027945181 63.15068184508167 63.26113692665752
63.138603271852226 63.138603271852226 63.138603271852226 63.138603271852226 63.138603271852226 63.138603271852226 63.138603271852226 63.138603271852226 63.138603271852226 63.138603271852226 63.138603271852226 63.138603271852226 63.138603271852226 63.138603271852226 63.138603271852226 63.138603271852226 63.138603271852226 63.138603271852226 63.138603271852226 63.138603271852226 63.138603271852226 63.138603271852226 63.138603271852226 63.138603271852226 63.138603271852226 63.138603271852226 63.138603271852226 63.13887162842129 63.131341127139194 63.09900507336755 63.04517358608028 62.97349444418081 62.88781702948183 62.79223297386206 62.69108851920409 62.594583852131834 62.524327005218 62.482489378363326 62.469116149592175 62.483583225312536 62.52441006416019 62.58913887141093 62.6743419012189 62.77578059274733
63.138603271852226 63.138603271852226 63.138603271852226 63.138603271852226 63.138603271852226 63.138603271852226 63.138603271852226 63.138603271852226 63.138603271852226 63.138603271852226 63.138603271852226 63.138603271852226 63.138603271852226 63.138603271852226 63.138603271852226 63.138603271852226 63.138603271852226 63.138603271852226 63.138603271852226 63.138603271852226 63.138603271852226 63.138603271852226 63.138603271852226 63.138603271852226 63.138603271852226 63.138603271852226 63.138603271852226 63.13259241226101 63.094530301019724 63.02993649554829 62.942232514082534 62.83490523913432 62.711768787576496 62.57704389148198 62.43915429410612 62.3092548538193 62.195345366255204 62.11082320698766 62.05757980814832 62.03638770753906 62.047252128417604 62.08910246734424 62.15956784434691 62.25492766252214
63.138603271852226 63.138603271852226 63.138603271852226 63.138603271852226 63.138603271852226 63.138603271852226 63.13857334991736 63.13720041473505 63.13567506046331 63.13554005754731 63.13691015954833 63.138468699680594 63.138603271852226 63.138603271852226 63.138603271852226 63.138603271852226 63.138603271852226 63.138603271852226 63.138603271852226 63.138603271852226 63.138603271852226 63.138603271852226 63.138603271852226 63.138603271852226 63.138603271852226 63.138603271852226 63.138404460720906 63.11244638288489 63.04563046200209 62.94805957170247 62.824788651022835 62.67901226283505 62.51436544599969 62.33912980316033 62.16680242327931 62.00233485506009 61.85051390118317 61.71900543236063 61.62075841082313 61.559210585513156 61.536528354947386 61.55374161750272 61.610092956092366 61.70257501690371
63.138603271852226 63.138603271852226 63.138603271852226 63.13003085617615 63.109068815816386 63.08283238647312 63.057322096360245 63.03725637435718 63.02592178275365 63.02505846809201 63.03479606532346 63.05364882680784 63.078570649873924 63.10506245039724 63.12731751968232 63.138386231576305 63.138603271852226 63.138603271852226 63.138603271852226 63.138603271852226 63.138603271852226 63.138603271852226 63.138603271852226 63.138603271852226 63.138603271852226 63.138603271852226 63.13090951160866 63.08179929104399 62.98938028993844 62.85867994513781 62.698553014617374 62.511956085371224 62.304978997401584 62.0933980935275 61.8832290966266 61.67952750854755 61.487834679712414 61.31433260343804 61.16673722193844 61.0588437721469 60.99760624836807 60.98722341112749 61.029472797784464 61.12244375338579
63.137961806189665 63.11590328966663 63.06980594460707 63.00926846207293 62.94315175624018 62.87938239903311 62.82472641687732 62.78455724767479 62.76264523289859 62.76099580115494 62.77975860270971 62.81722059455455 62.86988407962109 62.93261849121797 62.99886487679871 63.06086638495392 63.109897126572264 63.13646484705 63.138603271852226 63.138603271852226 63.138603271852226 63.138603271852226 63.138603271852226 63.138603271852226 63.138603271852226 63.138603271852226 63.11510103346956 63.04437642198785 62.928177595082225 62.76764133841349 62.57014900552542 62.342078434332926 62.099122473616816 61.84994190448104 61.59929130031404 61.35241235253609 61.115382550238586 60.89549434170447 60.70157456913243 60.54403444684384 60.43700379931288 60.39394777335135 60.42086111313989 60.51777268168873
63.063581067821204 62.97553796294446 62.86832165710155 62.75245696263405 62.637830967188435 62.533427712248624 62.447019644889764 62.384847140846844 62.35132437113873 62.348811093528965 62.37748372908596 62.4353255285834 62.51823736681224 62.62025206013914 62.733820559956314 62.85013090525262 62.95942100625119 63.05125258112266 63.11472309577167 63.13860254381461 63.138603271852226 63.138603271852226 63.138603271852226 63.138603271852226 63.138603271852226 63.13591237137983 63.09427180194108 63.003796398892185 62.865505482745874 62.679630146667975 62.44698105770472 62.184045461097305 61.9069386318699 61.61997776210008 61.32763559271031 61.03497713318825 60.7481758874014 60.475191696181895 60.22656489877335 60.016086501011756 59.86071710642297 59.77867505747261 59.78666848338968 59.89093951614447
62.87290713902628 62.71523526731732 62.5427620130065 62.36717772544473 62.19967587346654 62.0506039676072 61.9290482033383 61.84239290688128 61.79590897304181 61.792430212515114 61.832168935747454 61.91270184151663 62.02912863997994 62.17437652577091 62.339601615846284 62.51462875830972 62.68837407488957 62.84920671591938 62.985222394431794 63.08441666209315 63.13475769152905 63.138603271852226 63.138603271852226 63.138603271852226 63.138603271852226 63.128941418712124 63.071474098550794 62.963518347544024 62.805397182779856 62.59658664376918 62.3382470489231 62.047745111396615 61.73864409752928 61.41553654279542 61.082317197491385 60.7434157151307 60.40443234201053 60.07310861314903 59.76074196135972 59.48398179263721 59.26630982937354 59.137066700525544 59.124501227798056 59.24312216237637
62.57604269188594 62.34414752116555 62.10122447472387 61.86039868007882 61.63450419842816 61.435634400852 61.27458774699567 61.16026210980616 61.099075041745174 61.09449952020544 61.14679637903346 61.25299374708351 61.4071174625912 61.600628817167646 61.8229919132811 62.06228090102029 62.30574668871082 62.54028571121547 62.752780242984784 62.93030296393965 63.060194296129254 63.13002907350966 63.138603271852226 63.138603271852226 63.138603271852226 63.12013197216086 63.04946177913225 62.92674520977235 62.75168305812866 62.52305722009002 62.24832581408302 61.94067680530409 61.60420784186188 61.248751285074874 60.87806814801412 60.495506212937165 60.1053073873127 59.71370135606122 59.330825619287374 58.97394521524417 58.672072826452315 58.469609586614155 58.423661774788705 58.57818539221961
