_RESULTS/CROSS_VALIDATION_POSTPROCESSED_80-20/Berg/IZ/7comp/3/Berg_IZ_z_125_kriged_reverse_7comp_spherical_3.asc
ncols 100
nrows 90
xllcorner 5.6208707817415728
yllcorner 50.959635321741573
cellsize 0.00013419651685393446
nodata_value 1.7014100000000001E+038
[rows 57 to 75 of 90, columns 0 to 42 of 100]
19.7623660971885 19.815525248249834 19.873722699960812 19.934119649852082 19.993674951541713 20.049336136817985 20.098246573726282 20.137935548190026 20.16647362055061 20.182584364867456 20.185707065141106 20.176007835377572 20.154341285934986 20.113474920681888 20.021828134924043 19.84765255640939 19.59365833893341 19.274109636622445 18.905451552688547 18.50339467768575 18.082134505845858 17.655228188991874 17.233741475095083 16.8170641131107 16.41223107716366 16.027655872978666 15.670987070611595 15.349416104679037 15.059377175116543 14.795144039589164 14.506152122579467 14.213731845656014 13.950803279577958 13.732356276251112 13.546463137481776 13.367605442305774 13.173393662642049 12.949926484224159 12.6905026365934 12.393394361384031 12.06039232974185 11.69626026078811 11.31543393106291
19.728790305778297 19.768877668959526 19.813853209912583 19.86118555952002 19.90825748084497 19.9524965014676 19.991522439603287 20.02328940881944 20.046558209833325 20.06110946295344 20.06512471923519 20.05784799740801 20.039871728990367 20.013074472778538 19.969524272287906 19.85599544617562 19.66396697983511 19.407243235345184 19.10159895729783 18.760992187464648 18.39893717302788 18.026814020151345 17.645880183810206 17.264372605493392 16.891659993784153 16.53647649426418 16.20712490440853 15.91193090954491 15.659606506907059 15.445439469733953 15.212289825075484 14.96206583891469 14.717384950860904 14.489445114392216 14.274974501332874 14.061275249688782 13.834216311820938 13.583107910078002 13.301944948831181 12.989019319122697 12.646327247594295 12.290990138690672 11.945745065647504
19.708036536458653 19.735300168159892 19.76764300133311 19.8027832564653 19.838491898899235 19.87836333720943 19.92122279869581 19.961492721310506 19.994564517121518 20.01697049873785 20.026513658146605 20.022342261881075 20.004962227057806 19.976187457056447 19.93903556003027 19.87052652813766 19.728331856873172 19.52823292944151 19.286375779898776 19.00943684392987 18.706137722269556 18.379652678396813 18.039765236965106 17.69633914305135 17.358742833034928 17.035890738324998 16.736412627346894 16.468968926910293 16.2426815466224 16.0672352191421 15.891098011580784 15.683825444647228 15.463062517573487 15.238850526380821 15.012378284831138 14.778260258188677 14.528657596671628 14.25670906348838 13.958305205937455 13.632643448797504 13.293835264149168 12.963990272469186 12.65425621518404
19.703515595809716 19.71823558922176 19.739021896188444 19.775526995510337 19.82643392224172 19.884694674001427 19.943817880407135 19.99806731918517 20.042663296920445 20.073966021888275 20.089621248587147 20.088651859548083 20.071484828035384 20.03991066206243 19.996980737387158 19.93951905416315 19.836770376421224 19.677484215941355 19.474339071102616 19.238390149527905 18.98062232750316 18.700216453322156 18.403629317045315 18.100519540112103 17.800159004591926 17.511454587784684 17.243030877444472 17.00343002608006 16.801309610508593 16.64537626864756 16.517152883430906 16.356505166505954 16.166656268803127 15.957192595059716 15.731925740579472 15.489954668023731 15.22797758243538 14.942604343734658 14.632266498708098 14.312137943591315 13.996066747020123 13.693114144771435 13.41467491792068
19.718282305507156 19.73039305240457 19.770425054617903 19.830901978595477 19.9041714466047 19.982931735139122 20.060408935461357 20.13056416819566 20.18831160861212 20.229725014447144 20.25220952660552 20.254617632934313 20.237293841464066 20.20204138091666 20.152014636571515 20.09139242922835 19.99893729339237 19.865284672312402 19.68772426215051 19.470263658443148 19.228484039940994 18.97779481524708 18.725155264916776 18.463261109038793 18.2006273840794 17.94619151122389 17.708529099756916 17.49589598959409 17.31622859424303 17.177001981569873 17.07817836343127 16.956843264711726 16.80347969354427 16.618899499958477 16.4059570250673 16.16679734525353 15.90166701736073 15.613725016563237 15.318049290275336 15.021263336508014 14.730557759156614 14.45483689724821 14.204675076638939
19.761996384149143 19.811709710128856 19.883586366672013 19.971105885387495 20.069004323970557 20.170661845488716 20.268876798746764 20.357151564903873 20.429940284485628 20.482893258051 20.51306940166045 20.51908833071412 20.501199203721487 20.461254273365768 20.402213962884403 20.327336797485664 20.23061359595309 20.088756676170547 19.909862829044574 19.704474862183833 19.47578537507063 19.233640808004893 18.993703944194383 18.76782350191343 18.54316831584564 18.32315017044009 18.115975599304967 17.929377763640623 17.770522019868988 17.645797640698305 17.560435830400127 17.478277524959825 17.354207581688442 17.194669089195294 17.003078192745527 16.778956683652083 16.53352028963398 16.273661812393076 16.005823350024794 15.736510758322497 15.473235584107423 15.224624185892177 15.000675004368578
19.853104249668576 19.943490529049093 20.054594019753928 20.179427051000953 20.310891065458502 20.4419036741687 20.56558030619108 20.675465335964766 20.765799314308605 20.831799226318974 20.869919929118407 20.878060590157414 20.855683302774327 20.80405999651072 20.726966937893273 20.628645225581185 20.51373864589513 20.36311150009071 20.172176009634644 19.951503332142874 19.71328080539495 19.469723397062914 19.232396814962577 19.01031147237977 18.81479765141246 18.628959320438298 18.45163438210041 18.289979745458183 18.150415707542333 18.038402556290215 17.958113322574846 17.90425106842613 17.814385692359153 17.684112717139595 17.522472531607892 17.33552985442636 17.128372667946973 16.905690801033796 16.672021605205632 16.437772825707412 16.21015179454932 15.995618295769754 15.801438330184196
19.985492132072665 20.117859470013492 20.26999753739889 20.434432937350767 20.60344445751853 20.76919227757059 20.923919946434246 21.060229443622475 21.17141767638987 21.25184663063896 21.297302738432652 21.30529027925123 21.27556580046217 21.210418339671914 21.11325319645779 20.988993405004138 20.84374169609577 20.677539664544874 20.471010541281174 20.23300046888764 19.97661929970965 19.7147898323292 19.46010029343208 19.224741868362397 19.02051624761316 18.855721771909753 18.70581337222354 18.567690880510508 18.446947610596713 18.34872759256952 18.277433865681576 18.236402719105893 18.199671733553075 18.119842265504086 18.003507768290227 17.857436820404416 17.68910616014004 17.51008145763372 17.32426390742762 17.1350705588789 16.947302974936488 16.76770765657373 16.602426034612332
20.15260124168817 20.32832931792025 20.523450708709277 20.72997478171455 20.939482462036924 21.14324761130541 21.33245408994325 21.4985189990562 21.633516693219498 21.730672649489364 21.784886952602818 21.793759365920806 21.75706400851218 21.676742990497473 21.556963102894112 21.40361222528154 21.22197805855852 21.02001425121762 20.795483919145877 20.53841414602792 20.262269824547786 19.980678740097254 19.706716187170574 19.452849093663126 19.230950785555866 19.05236544943712 18.92016870753184 18.803519246722043 18.702118349262335 18.620378972683557 18.561966618901028 18.529569618538 18.523903598710802 18.49879833605143 18.432842279503483 18.341503533400676 18.233176972502726 18.110801787281293 17.977350877396646 17.83610183479202 17.690806590370435 17.546229448646354 17.409234507533565
20.347566330283858 20.568007359127066 20.80811617326237 21.05938141223604 21.312633124725515 21.558137568760895 21.785814198624607 21.98560363625231 22.14799801775054 22.26504332038234 22.33077259623991 22.341584750117487 22.296878397288218 22.19912352887387 22.05345156925615 21.864821214380843 21.641737718164304 21.394688361229377 21.134357906855925 20.856251048178258 20.558620228415396 20.25578120736441 19.96124598029951 19.68769310105022 19.447006217623816 19.250357218936827 19.108314944994564 19.01084250720707 18.92728788759752 18.860669513165707 18.814078402263075 18.78970399344913 18.7887030070571 18.808836080007858 18.813011855920468 18.79238669799034 18.7501311246363 18.68909188548668 18.612032874412225 18.52183649040375 18.421632638126432 18.31483150637631 18.205696544382892
20.563095396875617 20.82943738105953 21.116463321694155 21.415180301059323 21.715654969871192 22.00705092698754 22.27787549933062 22.516507688240182 22.711536335954104 22.852765322312273 22.932266726339805 22.94535822164351 22.891252845912827 22.77315529074788 22.595270353661547 22.365756418450665 22.09647583487939 21.799946659331845 21.48856220243242 21.174053697522112 20.853268114481498 20.527882481205452 20.211768665809483 19.917735723937792 19.65760909926209 19.442343681744813 19.282154141998838 19.18529857478225 19.118350374528976 19.065785551777243 19.03023274295678 19.01347626700758 19.020289521681136 19.064891887540668 19.138312807571147 19.192369211168412 19.220245672287636 19.224422801522554 19.207195749123475 19.170824914073055 19.117641039850014 19.050085092764373 18.97066937683616
20.791450541228016 21.10455259352902 21.440232269010405 21.789149999825053 22.14071977302746 22.48304081336975 22.802993013265073 23.086602537186558 23.31978898560056 23.489548543699822 23.585474980662475 23.601297680512843 23.535953515548126 23.392021299380833 23.175512301307094 22.89939028213503 22.57838496760079 22.22751003008144 21.861112529552397 21.49235373786615 21.13301695867041 20.78415030079154 20.445949448474757 20.13119735311201 19.851579414266254 19.61778434270659 19.43965734653043 19.326351487996334 19.271395181713082 19.232035950826884 19.20694909226036 19.201416103636433 19.23320216754491 19.301183498536936 19.40079304906564 19.522370600895872 19.623450603735414 19.695890216614167 19.741303450625825 19.76113245259465 19.75674065306469 19.72947333462786 19.68067364886874
21.02648293081436 21.386603933070603 21.77218008437146 22.173653965603606 22.57987269544726 22.97786017108639 23.35273474005066 23.687936951958015 23.965993491374967 24.170023760245147 24.285979388149954 24.305154680664995 24.225424422509498 24.048538161588603 23.786704281068488 23.457011357421038 23.077948309921467 22.667528577614647 22.242225593371508 21.816558164738467 21.403080919807255 21.012579991174153 20.651123710326527 20.316149374796915 20.01771910499096 19.766205170577905 19.571071750353227 19.44103166671643 19.382703403490154 19.355873796453977 19.34288112100506 19.364500300945103 19.42332427013184 19.51547168641186 19.636210639618806 19.77995176589372 19.939728230150262 20.082594828284396 20.19276720397579 20.27070359490847 20.316643032118986 20.33069541884611 20.3129267520228
21.26029505244112 21.666705647851593 22.10231693425103 22.557628609882325 23.021223543605423 23.479319054318687 23.915381163408707 24.310013095550637 24.641506841155646 24.88758310807396 25.028652563163355 25.05207259182591 24.952172974931237 24.7350476209692 24.419200579639664 24.0275188075889 23.583364529017675 23.108189648374086 22.620571932653082 22.136137294635212 21.667893382046234 21.226690510549282 20.821676063698142 20.46069201370731 20.14497705057376 19.877345022681354 19.666883787577234 19.52189852326624 19.450044359721666 19.434061272991205 19.446829528176306 19.497862745417795 19.58386812302429 19.700746914800952 19.843582450898126 20.006625150156033 20.183286074248823 20.366155525062226 20.540358036008794 20.67777942480509 20.775292417067238 20.83173928650952 20.85462295430144
21.483588426219736 21.93434318067811 22.41881346808729 22.927915631861858 23.450431918851912 23.972305934283213 24.475823359325993 24.938861006564792 25.33473094270579 25.633684430819127 25.807393793804945 25.83550712441369 25.70885682357707 25.44129358342596 25.06004382716632 24.596414960030593 24.079844804264436 23.5353370874049 22.983152035165396 22.4394554324423 21.91718495925601 21.426840532308518 20.977287738360996 20.577555625213932 20.2332767361693 19.949025928191443 19.72701728667806 19.569486113627672 19.483648037585017 19.47621360848244 19.516689051072913 19.594893613151033 19.707910806806066 19.84982029210012 20.01541089697247 20.198772278379828 20.393154957156483 20.59094624291058 20.783686527382482 20.962445590734625 21.11849252933503 21.236520993907565 21.31617080368917
21.686944911270874 22.1785649648662 22.708936415217266 23.269790443265435 23.850703900645883 24.438178987559777 25.01434294598989 25.555248971306852 26.029172996489493 26.396492679277006 26.614684735805454 26.648057425506256 26.48570315489408 26.152634699655263 25.691091466059003 25.144421309189507 24.548863723687127 23.932234395439284 23.31538410599908 22.714142014363222 22.145107051576105 21.61837643789827 21.139272162411526 20.712367324517626 20.34191944696541 20.032158970351098 19.78743923580739 19.61226032499105 19.512381028084352 19.514527011274776 19.57676320888173 19.673148762353986 19.80154647530963 19.959477733238312 20.144102550656825 20.348353988117932 20.56214403618575 20.780075975808437 20.99557642099371 21.201499529919502 21.39022418631912 21.553878826510402 21.6847694434602
21.86122322947731 22.388441800551533 22.959540851994806 23.567406166991667 24.203012999135463 24.854447165216822 25.505300055902584 26.132014500376037 26.69977752985662 27.15784071075881 27.440398285606634 27.481878610557057 27.268142044913553 26.846433402445868 26.285971795829667 25.64580732502959 24.96764810489669 24.2797612185389 23.608378143361758 22.97021605878187 22.37235947539852 21.81998381335985 21.31722184300991 20.86776500921041 20.475297344443124 20.143785880922856 19.8775927923803 19.68136094788833 19.569265642955063 19.570350697958965 19.647039524408733 19.75741590005549 19.898422450591394 20.067287252079193 20.26150606889623 20.478681186370967 20.716297379116405 20.964608386012497 21.211035246264775 21.447853150020997 21.66651155194379 21.85780205913629 22.012324183743022
21.998088241358698 22.553743514475585 23.157910313968667 23.804772870110835 24.487083738061457 25.19537060799477 25.91649304579841 26.630787690733698 27.306078367886194 27.885443319837016 28.2688803013526 28.326917801095153 28.030485994738896 27.484422458027304 26.80568113600964 26.067128080288278 25.312360586021356 24.576845952320117 23.874006586606537 23.21101210889791 22.59257546193526 22.022093866333968 21.502371912668746 21.036150031165672 20.62653784467283 20.277362486809785 19.993325328663104 19.779981606683787 19.665290601032314 19.666487502504314 19.755117185782982 19.87784238136851 20.030223891968916 20.209416925461404 20.413121863393656 20.639279124482908 20.885726402517644 21.14986059911965 21.426133002317744 21.69560741849246 21.94681528723268 22.169058870783644 22.350779818934623
22.090628061828326 22.6657902230795 23.29293147540452 23.967358856024465 24.683486694020456 25.43440248502014 26.211070997919922 27.000615151808994 27.78185240862238 28.511141293651495 29.06830864848254 29.16775288219177 28.714290562261635 27.997920496971666 27.19490523591751 26.37548204745275 25.579187949678705 24.817893760168364 24.09783935941078 23.42271382028972 22.794871203082288 22.216015264342413 21.6876816247854 21.21166387141764 20.790468028085822 20.42783387254171 20.12920393734028 19.90543753571492 19.792049953996617 19.796951593799182 19.89652994840907 20.03098797849002 20.193544366291007 20.381414231732407 20.592758506225092 20.82612116134595 21.07995088290217 21.352177104119722 21.639788278324712 21.937672785837307 22.223908294056706 22.48082685859954 22.694262344635177
