_RESULTS/REVERSE_NEW/MHZ/GZ/3comp/MHZ_GZ_z_710_kriged_reverse_3comp_test.asc
ncols 100
nrows 74
xllcorner 5.5967023331506844
yllcorner 50.982320383150686
cellsize 0.00019249369863007826
nodata_value 1.7014100000000001E+038
[rows 38 to 56 of 74, columns 42 to 83 of 100]
0.037132967399505536 0.0436464511927555 0.049593034482020494 0.05471844268504849 0.05892812823085781 0.06220767390130556 0.06457110072385293 0.06598004333281357 0.06627915033975276 0.0652034755713508 0.062481657236340325 0.058002557063306065 0.051983948590360415 0.04507402851946289 0.03825312741841929 0.03253288272409366 0.028704786804989727 0.027370817323867692 0.029289940565391036 0.03599656307044043 0.05070093930154504 0.07925473165937726 0.12966854876483005 0.206437318910326 0.2982553044480785 0.372114108954715 0.3935472978424205 0.3579939052813913 0.29199285479068443 0.22614024510036793 0.17658213342321097 0.1463419285050176 0.13334377216652477 0.1357655107718265 0.15403211999716587 0.19094382710740357 0.2502078331931302 0.33238591561494324 0.4282105714982791 0.5140676381319778 0.5588310196975079 0.5431954376023871
0.026836237886835347 0.03440809176384379 0.041449828990097796 0.04802590756282329 0.05408267460217546 0.05935302274593379 0.0635266540006085 0.06631090670878517 0.06742280080319087 0.06662022086689148 0.063807443320095 0.059079830184048006 0.05274282816206168 0.04547258839501347 0.038289347726012585 0.032220397816934004 0.02802300145393412 0.026207547256949452 0.02734630222649451 0.032582592573732895 0.04429884580693842 0.06673401289090254 0.10544070576578259 0.16310140925758762 0.2311529852037229 0.28623058826185344 0.30411793305090645 0.2809418775925866 0.23453806387610704 0.1865873014559591 0.14946255130036246 0.12628393656251705 0.11612857400219413 0.11784158550686295 0.1315444003697042 0.15869664576408893 0.20099314195474471 0.25775639944529294 0.3221739997849449 0.3792728900082624 0.410260829655788 0.4032813876100691
0.023207873644673152 0.03174657409477464 0.03975479125288919 0.04758834537449001 0.05510400924072107 0.0617515472503912 0.06693145228482444 0.07014617650010947 0.07104007075599418 0.06955812955920682 0.06611117129696949 0.061108958991098465 0.05467988558958029 0.04732405469150073 0.04005727858565103 0.03391207037607532 0.029631504324917984 0.02771075607462526 0.02867889309415532 0.03352777304944886 0.04420920246942999 0.06394165613488814 0.09640005249025736 0.14220338753095013 0.1932574617128683 0.23195674037716613 0.24224240062267763 0.22318956572247722 0.1881843041853252 0.15247133929040546 0.12471919833629456 0.1072477177720044 0.0995144564939539 0.1006681477673568 0.11054816674838255 0.12966542234853992 0.1584333965441504 0.1956462397803374 0.23661699260706776 0.2725157482078935 0.29289674153485706 0.2910841454583085
0.026739608019257392 0.03531357478141036 0.04422057022590326 0.05345156161453867 0.06229948804255894 0.06978845469669834 0.07504157146542399 0.07739935509275034 0.07651614677962061 0.0730166055761155 0.06852287014414664 0.06356847083810732 0.05744876330394668 0.050322582099428345 0.043274658494605 0.03735677558289049 0.03329838303439996 0.031617724493490484 0.032879279673913596 0.03803469512563136 0.04874278702915241 0.06734965672048607 0.09576394167197831 0.13248375858242026 0.1693468996714038 0.1932532792555317 0.1950529283358296 0.17694118589826316 0.14944619325378536 0.12285779413220785 0.10261433055359324 0.0900272355686773 0.08462039074473135 0.08571328210846539 0.0929950521072798 0.10645245468320645 0.12587190333578657 0.15002179390707646 0.17582774275744523 0.1982730269843638 0.21176814350312687 0.21267896950157744
0.03634484282933644 0.045714583578480496 0.05639969393793519 0.06740353132726702 0.07727260439251281 0.08460743305615412 0.08839567609099373 0.08797658402099767 0.08337763946929842 0.07680704042362023 0.07127532393359894 0.06654972457269445 0.060788551659636675 0.05403785347125495 0.04750263161754931 0.04218190300139842 0.03874248300162273 0.03771636710133463 0.03971563638538374 0.04565231311628317 0.05683802652030888 0.07462767946151083 0.09911531832675162 0.1269884158528057 0.15061343839350533 0.1613634295446308 0.15583090578742909 0.13828992519804206 0.11670185279097607 0.09743153863809978 0.08339264034163127 0.07505212711642217 0.07192699852712298 0.07346547930771041 0.07931703084491985 0.08923962013405129 0.10279907570312811 0.11896288632240715 0.13577270906622224 0.1504071074464109 0.15987987177314844 0.16218638417393577
0.05426343862765299 0.06676112874561203 0.08037629318654303 0.09305179514196704 0.10263775568293476 0.10764524498656203 0.10748860839904849 0.10217389651456463 0.09287777329797964 0.0832903936351597 0.0763081359336255 0.07063581782489393 0.06439928117668776 0.05789171382573388 0.05212396201194363 0.04781585162202434 0.04547746727159201 0.04559837267449346 0.04877452982276162 0.055765887317000204 0.0673442717374595 0.08368052362499827 0.10319211580146286 0.12160607888712267 0.13294907297394754 0.13303337357360936 0.12255189369124919 0.10634064009920835 0.08983179052048018 0.07645366375787913 0.06740400921601934 0.06260757242639085 0.06158931174448757 0.0638965610228844 0.06918569494425923 0.07713589410154224 0.08728415932867606 0.09884370138177098 0.11059027127248777 0.12093210038675545 0.1282385269315389 0.13134602666504977
0.08900637035606937 0.10628445628374672 0.12274893035041155 0.13504658081051396 0.1407660926665231 0.13932558207538528 0.13170511149163536 0.11958651079713081 0.10545734352793068 0.09273029030830873 0.0828935454464211 0.07474348787221524 0.0674075979783821 0.0611566180052215 0.056434543935408366 0.05355699677843087 0.052824631742866085 0.054610975268388595 0.05936805745047495 0.06750244510397907 0.07900795158234618 0.0928099628476795 0.10616688851882781 0.11503075437908417 0.11598267686907399 0.10856577266495214 0.09565735895490018 0.08144243053345177 0.06913946326120746 0.060226473979380066 0.05491182469802568 0.052853510976704196 0.05360677831386983 0.056780924386804765 0.06203691325918141 0.06902699671166229 0.07732312338683912 0.08635333422310498 0.09536740816802235 0.10346707513387354 0.10973197366574652 0.11342871933740768
0.15228400430100789 0.17391327937963794 0.18982768235365235 0.19583314659143963 0.19082576604390394 0.17688770142790983 0.15767159498709496 0.13672114624410892 0.1169314286445181 0.10028414936374382 0.0871181721374546 0.0767862475248338 0.06886674524090144 0.06324515399747906 0.059884780583029554 0.058811271650886766 0.06014907630840288 0.06410114405227395 0.07082405676153553 0.08013929292980546 0.09107388662514969 0.10145905246592744 0.10815667691499624 0.10837273213442755 0.1014388759276488 0.0894218875945779 0.07582387428291744 0.06365623974745042 0.05448995608875208 0.04866566787447752 0.04590965762363549 0.04578799756436065 0.04789155492428534 0.051855580040300504 0.05732655825068923 0.06393756682854164 0.07130310882078078 0.07901621095674617 0.08663336215872988 0.09365695341612615 0.0995456865183689 0.10378062338819412
0.2528163359393762 0.2733830751759266 0.27990276746288195 0.2695380398692144 0.24514927177064685 0.21303123486218206 0.17947391085725936 0.14877213724712074 0.12305386920839412 0.10279415575474617 0.08746439006113521 0.0762820102685372 0.06862009972414057 0.06405081349886822 0.06232305846270743 0.06334995599172355 0.06716318133946207 0.0737815203172395 0.08293745544340139 0.093655794961024 0.10387167197503533 0.11056966867888257 0.11090059328620855 0.10388461687740956 0.09126221998112981 0.07650826955562638 0.0628971932867046 0.052291850190673984 0.04517641378076605 0.04128247896415248 0.04012793942405993 0.04126234055648174 0.04430080313442578 0.048877563845525177 0.05461065009650357 0.06111380573818805 0.06803840708621738 0.07509972116715828 0.08205553353881796 0.08864486117625889 0.0945275465340319 0.0992756607850271
0.381159075988148 0.38918220297813905 0.3742152489784533 0.338025050365562 0.28920491828006817 0.23786506077803074 0.191284370264503 0.15282799814887227 0.1230029324157539 0.10082408050103919 0.08488384425618659 0.07395721765129898 0.06716129517024773 0.06394141426749804 0.0640288503049456 0.06737849743898768 0.07403984623968428 0.08388623674050605 0.09614935970514053 0.10887501821131204 0.11877166274822436 0.12212381637872946 0.1167679948556359 0.10370435166451564 0.08665406356550671 0.06984486776571755 0.05606844236467686 0.04628072964069782 0.04027167288221392 0.037433128765076935 0.03717923704614027 0.03905052572156644 0.04266270417162269 0.04762989681028925 0.05353844128213447 0.05998951111595079 0.06667056726911359 0.07339070678007276 0.08004260523566062 0.08650506220815196 0.09253527722616084 0.09771419551941106
0.4991747770635979 0.4835140731796879 0.4406032051131852 0.37807968720999224 0.3088877826767243 0.24432416014172811 0.19048173440375527 0.14874619713840648 0.11791727183419354 0.09589753361082586 0.08067961685702284 0.07077539964018226 0.06522783003549078 0.06352547069729889 0.06552744148005923 0.07136560914136034 0.08123612519111911 0.09495762042587452 0.11124611835115318 0.12700620944521712 0.1375028132195115 0.13824756928717633 0.12785773495384373 0.10931672327559472 0.0881088117727525 0.06902569408756075 0.054446730900934964 0.044662842328648866 0.0389819972908179 0.036554037472425256 0.03669776802900694 0.03891493404933365 0.04279035837676175 0.04790309856127766 0.05381251526980928 0.060121460522264594 0.06655945169039786 0.07301226395926376 0.07946408810684522 0.08587323283491288 0.09203172099611291 0.097475152291014
0.5601937487448675 0.5202852213749719 0.4557927018782121 0.37792108534060365 0.3003276157276767 0.2327394626142409 0.1790265482517222 0.1388097453085531 0.10986700999705121 0.08966255169651584 0.07607110324081721 0.0676396644500808 0.0635265987698683 0.06339358279501979 0.06733192315836167 0.07575826703900668 0.08914195925380872 0.10737178678788442 0.12869641742051854 0.1487599734397402 0.16110900060521488 0.16021334767444795 0.14533559283791542 0.12139920244803298 0.09566121444470835 0.07359084791393657 0.0573588393568383 0.04677678932884551 0.040764177037735876 0.03823709049582978 0.038383183927981485 0.04062049740910055 0.04446995553193854 0.049464288593889745 0.055144823608583964 0.06113248261572145 0.06720568411864689 0.07331372250002784 0.07950092915329524 0.08576726309397324 0.09191074499166163 0.09741347723918184
0.5482147169028265 0.49518225183239123 0.4238451506503672 0.3455482804827262 0.27188646077401973 0.20999797358890743 0.1619111054642554 0.12640383650190776 0.10108294097071052 0.08357437329258594 0.07201882690752472 0.0652144140822966 0.06255172593752122 0.06393475736219134 0.06973876712315526 0.08072393423514934 0.09771929759361693 0.12080036765439717 0.1478521191330262 0.17325893114992455 0.1886808201956068 0.18725276456354906 0.16858879830224335 0.1393825306629072 0.1087020366438336 0.08290961369121354 0.06421785108404716 0.052122781680376706 0.045209625640049 0.04214439726451077 0.04194045902869944 0.04389020270446738 0.047424725312117416 0.05202544512476975 0.057226193543761614 0.06267846906798907 0.06821060328378134 0.07382001243875197 0.07958512152478205 0.08552463200857191 0.09144335366384504 0.09681902897582169
0.4872317200944341 0.43446957677790154 0.36878810258606437 0.2999262257863024 0.2368604651663747 0.18462484680060043 0.14427341082565295 0.11450481715295197 0.09325756043451516 0.07860018055626515 0.06908677464867466 0.0638397179954877 0.062511770978526 0.06525464899049195 0.07271804769685712 0.08599018712090997 0.10625641270679657 0.13382194375963177 0.1663387810495479 0.19715173007372142 0.2162363350264393 0.21537106803745476 0.19416721385234872 0.1606061396867335 0.12531689466868862 0.09564460931526711 0.0740862034396908 0.06001997649851843 0.05179017762314992 0.0478299850500386 0.04696251248583893 0.04833468330598525 0.05127871322961359 0.055228892126907576 0.05972168088553515 0.06444396036965584 0.06926617749149493 0.07421443207480936 0.07937808033344178 0.08478017478805273 0.0902451554392861 0.0953106261052205
0.41380437671446013 0.3691604728780224 0.31427709182970903 0.25736684967027057 0.2055661650618196 0.16271120395658173 0.12952180026841198 0.1049308795952952 0.08731311934479113 0.0751795382614691 0.06745706068518774 0.06355184910955053 0.0633393549788769 0.06716929679887423 0.07589328141211273 0.0908219404726064 0.11336821630730694 0.14398373634347486 0.18020693084663583 0.21483086609583898 0.23691057893008957 0.23738363193885767 0.21559563476661942 0.17993403435224845 0.14180011761653075 0.10926336990047456 0.08525176818490865 0.06927443417403392 0.05961855506041996 0.05458186967546762 0.05284015082955768 0.053415525685390416 0.05555748665693423 0.058668318915828445 0.0622961406508852 0.06616066810791889 0.07016024659443823 0.07432917138429256 0.07874854763308384 0.08343539007106486 0.08823944765770794 0.0927850532303449
0.3521134988447134 0.3174407863712639 0.2728792182562192 0.22589313285020177 0.18279217741977932 0.14695472361693956 0.11908585394179762 0.09837194211649315 0.08351795149850369 0.07334247670295735 0.0670212010866878 0.06414749509566192 0.0647379346381762 0.06925042522587123 0.07861480328875506 0.09418356928030865 0.11736550278182828 0.14857101817382173 0.18532632887899325 0.22055828691713722 0.24361468101596664 0.24560202995605507 0.2255496859685149 0.19116652920669333 0.15338337061823365 0.1203240403407036 0.09529411988400117 0.0781675668222557 0.06742953647026376 0.06142410057009321 0.058791251528788724 0.05849634141711165 0.05974980657039149 0.06194814527572397 0.06466056209777238 0.06763410757507808 0.07078041031780845 0.07412562304800382 0.0777300964986734 0.08159824050587465 0.08560194653571669 0.08944416526649943
0.31023745664843927 0.2843689363497863 0.24745313505270433 0.20696697769181138 0.16921418531327187 0.13761676668288825 0.11300420631609973 0.09473569398604675 0.08169114334849098 0.0728387515644558 0.06746816750777983 0.06525148695217264 0.06624975035679705 0.0709220398088006 0.08013408658276992 0.09508259166802502 0.1169321224021986 0.1458726073389584 0.17953896024608204 0.2116831205782537 0.2331477212237261 0.23626810222382452 0.21989456623603526 0.19018506556861514 0.15638163200042576 0.12581037764361822 0.1018816585230817 0.08494028908817254 0.07389533688511304 0.06734274415920365 0.06403552913349757 0.06298136956025668 0.06341412640856982 0.06475869197076735 0.06661713827561924 0.06876064230960995 0.07110472260025306 0.0736589527593428 0.07645865004859956 0.07949436766392347 0.08265635661815483 0.08571152194367898
0.2867971351238829 0.2679110260107818 0.2358782191911011 0.19874731812319626 0.16340986719547523 0.13366680738170394 0.11053667193866487 0.09346379441291064 0.08136790812690221 0.07323511842893836 0.06835684047256954 0.06638936121911974 0.06735040139564594 0.0716053060081151 0.07984084607281557 0.09295990961169459 0.11174745516790502 0.136119981226888 0.163981330875082 0.19037737841962987 0.20833363352100112 0.21201404199447912 0.2002728807391523 0.17737441086217168 0.1501990568039784 0.12463127371096835 0.1038202035962658 0.0885053416544626 0.07810948745220236 0.07161847742736506 0.06802380873776934 0.06646981315234136 0.06627603284319436 0.06693017562932298 0.06808060547074717 0.06952392928566403 0.07117731295289506 0.07303340617111025 0.07510526247690942 0.07737304202712739 0.07974452416577167 0.08204058462268937
0.2766011063470472 0.26316915829249715 0.23397863785836856 0.19796977507690064 0.1629925370780721 0.13343088192220381 0.1105212162869285 0.09372669448502906 0.0819131209479827 0.0739955623764049 0.06919153208647134 0.06707674678286359 0.06756673877475189 0.070877089569119 0.07746507657604626 0.08790835474581 0.10262744709423836 0.12135461669853316 0.14241079176167876 0.16225463416912664 0.17610552428383616 0.1799409381444349 0.1727290027589834 0.15701702924626468 0.13734884976482192 0.11796772017667609 0.10148229389062295 0.08883128116850936 0.07988406613939511 0.07403675316787943 0.0705744776624685 0.06883452122063828 0.06826450248530987 0.0684400661590359 0.0690671772291667 0.0699719599396719 0.07107618748394325 0.07236054409126498 0.07382248222559532 0.07543732856886265 0.0771308691669734 0.07877039941424868
