_RESULTS/REVERSE_NEW/MHZ/GZ/3comp/MHZ_GZ_z_90_kriged_reverse_3comp_test.asc
ncols 100
nrows 74
xllcorner 5.5967023331506844
yllcorner 50.982320383150686
cellsize 0.00019249369863007826
nodata_value 1.7014100000000001E+038
[rows 38 to 56 of 74, columns 0 to 43 of 100]
3.197379092441291 3.2386036218289416 3.2560968163706914 3.2552655627968075 3.2426783795384577 3.2238936904210798 3.202062397660388 3.1778382676727475 3.1504186291426315 3.118952112111956 3.0834471430049217 3.044677268971491 3.0031954436746733 2.958107819624788 2.906430196069223 2.8435979198986905 2.765139777373898 2.668841093689624 2.5562978706609676 2.432997329078554 2.3068210060901517 2.1856787270602673 2.0753675982120465 1.9785047069223325 1.8947821747860145 1.8222489613224622 1.7590177495995352 1.7047277774480032 1.6612398933647317 1.6323601527953115 1.6227655741707794 1.6365724288566117 1.6759842348709586 1.7400981066821715 1.8235890377774355 1.9152150599861613 1.99770554012292 2.0549689599203877 2.092039786880398 2.147313808945668 2.260808981126526 2.4223598762616425 2.5707709274193156 2.6541381729531155
3.1044369089303046 3.1530749815281984 3.184047391865869 3.2003878605547196 3.205848849208249 3.2035563607067803 3.195035169123445 3.180233792665177 3.1584798790924697 3.129653566426495 3.094775594870925 3.0555944931174435 3.013371672581822 2.9675690524589555 2.9152570962985034 2.851748842615341 2.7723880715131437 2.6747941402968634 2.560503572941961 2.4351393646467465 2.3069591276292636 2.184475969031094 2.074257171641457 1.9797545635062561 1.9014027439360452 1.8376872993841826 1.7866356099109015 1.7471656266192046 1.7198482090241285 1.706858700725939 1.7111713255515606 1.7352752687789745 1.7796520807525091 1.8407255012804165 1.9069551158144362 1.950974148114597 1.92327291046949 1.7859441344892195 1.6027034397547029 1.5236124896567562 1.6518444019639076 1.9769706507358664 2.336558337347287 2.5480515491437936
3.00768301223836 3.0641399456754366 3.108811185052228 3.1419136393356597 3.1642805215998373 3.1768547972883296 3.1799722925998477 3.1733861226397133 3.1570464494590547 3.131928844859973 3.1001999536442084 3.0644491829658365 3.0262978427224847 2.9851112951367567 2.9375596427117054 2.8784298402444506 2.802555829087392 2.707169939323635 2.593636396585598 2.4676902316867757 2.338007528400735 2.2137892542864286 2.102473830060635 2.008449884681647 1.9330093462366422 1.8752400253932118 1.8333322321789918 1.8057937550967647 1.7921935286191588 1.7932303743458253 1.8101334363965598 1.843551572547188 1.891914232437197 1.9483248373584807 1.9925782916510755 1.9725403612008605 1.7972064351390575 1.4549163749872476 1.1434391727531898 1.04700195150017 1.2277749562850564 1.6859817210191368 2.207169520182204 2.4945132589294965
2.9237757428229947 2.9893608704388135 3.047655220061802 3.095657212139151 3.1315865784824046 3.154832862419795 3.1652206518723567 3.1629837905205656 3.1493126775543097 3.1267224757707144 3.098693149013285 3.0685197176800885 3.0378095987314473 3.005330931290179 2.966831671386195 2.9161092055005127 2.847138773631916 2.756559950677602 2.6454947670614946 2.5198244143321884 2.388743160278574 2.262266967747078 2.148825080336796 2.053833506627014 1.9795088368767966 1.9256199616435161 1.8906495297666717 1.872880293200745 1.871072173035785 1.8845725955766168 1.9128795770001663 1.9547475920762125 2.006660496176472 2.059470890129017 2.0891442963011544 2.0363081131909646 1.8115115554806782 1.4477291665600733 1.177308457080992 1.1648824591903355 1.4539167712834635 1.954358898397817 2.3589340245448334 2.525057701332387
2.8660696969388666 2.9427361385467066 3.0140211587395673 3.0739340833965034 3.1188764711047683 3.1473511195836164 3.15925408573205 3.1559291278143173 3.140407355927694 3.1171730701811953 3.091192387650151 3.0663810650357837 3.044050652087044 3.0219775693775976 2.9945651533907864 2.9542472683906813 2.893874214656428 2.8093607968380905 2.701576329145902 2.576619361695308 2.444307936652507 2.3155712669308985 2.199890492102401 2.1037206928465952 2.0301770138474637 1.979678760215141 1.9510034350068508 1.9422615482234347 1.9514907247123152 1.9767735639649577 2.0159414342904665 2.0659472827866847 2.1218304926733325 2.1746882281606794 2.206893372376514 2.1843503676776876 2.0681494818135104 1.892587405796167 1.8053064780923187 1.9193327228750965 2.1763784242336714 2.398028466508678 2.5086263822819177 2.549572928645873
2.8419375326439367 2.9309376955970126 3.013718998970559 3.0823837890532313 3.132095334738097 3.1606532260738383 3.1683682129633675 3.158218530385671 3.1355710276173925 3.1072073850117903 3.0797176342427885 3.057620853118947 3.041807749913549 3.0288750810879908 3.01167722755729 2.98111477138537 2.9288210593512116 2.849988355779168 2.745310356006745 2.621208418303482 2.4882050264473397 2.358159661136969 2.241546393851195 2.145738204975223 2.074595697148774 2.0290390712703616 2.0080260962076166 2.0094354862424084 2.030583100359763 2.0683278239432794 2.1188640236457696 2.1773569584764743 2.2376135860175195 2.2919209444513204 2.3312254289303 2.347163680614852 2.340539278062129 2.3338365175121694 2.357414350317944 2.4071950737935808 2.45300337114177 2.485423434824072 2.513156191939341 2.540761716933633
2.8496764425756593 2.9509793527035835 3.043988286891924 3.119478567687118 3.171063282659195 3.1957576319521563 3.1946291271845535 3.172715067959235 3.1380023660245024 3.0996977272208843 3.066057519080677 3.042223751099743 3.028691642290416 3.0209173903126687 3.010265863640361 2.9861969839435116 2.939264234485617 2.8641135763595575 2.761446507813771 2.63814352158969 2.5054654558754943 2.3761065711380045 2.261326660091351 2.1691480129597887 2.1039007898216973 2.0667611437446674 2.056676076096756 2.071169527370885 2.1067730871772437 2.159059789643674 2.222441832438792 2.2900498043421815 2.3540623827185034 2.406780144255146 2.4426331036824895 2.460591112184637 2.4646654431189066 2.4605492536040314 2.451939871887556 2.4424254818923847 2.4387608905238327 2.4487227419616104 2.476958857855722 2.522136444982783
2.879403767297813 2.992816289067719 3.095865426684003 3.1773894626186348 3.229048882553652 3.247304894781431 3.2343652862373555 3.197494091439394 3.1472178394804864 3.0950064099159387 3.0506852060462566 3.0200372539549636 3.0032940689623837 2.9949984912319896 2.9853248800881382 2.962637881689818 2.916774134346266 2.8421764478431135 2.739826030123675 2.6172024307602517 2.486266494831098 2.3603314771004187 2.2511069617804282 2.1668926314123462 2.1121486776095475 2.08803354533085 2.0932820002438843 2.1249172313819376 2.1785430279786997 2.2482380018574215 2.326344621721501 2.403607774822697 2.4701188196969777 2.51746360147778 2.5415543146189457 2.543189205814992 2.5252724554060304 2.492105563628951 2.4515782120231027 2.4149154770498136 2.3940432647571743 2.398920595922412 2.4351040072675953 2.5013888046813584
2.9182541027724587 3.0434085234800703 3.156046966300857 3.2425958252893112 3.2929974827534965 3.303647806036155 3.278114950609269 3.2256212107744933 3.1586800607816206 3.0905482353496083 3.032386519135137 2.990616192420036 2.96539224661201 2.950690410573733 2.935960420666102 2.9090012014714515 2.859457718262514 2.7820171539911853 2.6782382057930954 2.5562894744388514 2.4286964731678133 2.3090762580945365 2.209189100820485 2.1372285587799413 2.097477037521056 2.090853327816359 2.115714764397217 2.1684199572496294 2.243432166269325 2.3330672004759374 2.4272641733556437 2.513947524388863 2.5809736700264785 2.620493829469212 2.63168837335834 2.615826722992299 2.5736084038445064 2.511599616628638 2.4434757580011164 2.385134679879726 2.3512212921827196 2.353102978150776 2.3970266682650174 2.482086121825413
2.9535215481734385 3.08832584995969 3.208350871294121 3.297933996922896 3.345957056632661 3.3492740191550747 3.3127476053832976 3.2468015505316012 3.1649557247835136 3.081541845955848 3.0087206503845416 2.9535060136531612 2.9161607236305302 2.8904789297313505 2.8657244009283422 2.8297416859065425 2.7725672753761588 2.6895853376434915 2.583171275808721 2.462170511127289 2.339438904607865 2.228534680597918 2.1408946006310323 2.0843055250543547 2.062669550715539 2.076530792061154 2.1237434050862993 2.1998397510986556 2.2979336341754903 2.408263944501958 2.517716047734046 2.61043887560675 2.672984497411392 2.703713148190267 2.7080629679551467 2.6811408450721657 2.618316286350537 2.5316011552802147 2.4411511955371403 2.3661492007297817 2.3225900212376605 2.3222453433618653 2.371459087268588 2.469449916287443
2.973749656460781 3.113817379260491 3.2372276197726313 3.3270622372198813 3.371943179621348 3.369533416997792 3.325552549487437 3.2505798169513733 3.1580646397944014 3.0626554779665462 2.977081128758124 2.9087888075214376 2.8582515599386165 2.819425208999547 2.7819053935376936 2.7341689050502738 2.6671749985506303 2.5773654771280334 2.4680489343227854 2.348618738883282 2.2319654958273705 2.1312498075699913 2.0573088778587443 2.0173508363390176 2.0148030075542547 2.0497589210147367 2.119469441047794 2.2185084149775753 2.338426557622287 2.4668013712203294 2.5859078721852446 2.674493438963147 2.72277619955792 2.748098236018449 2.760747070319719 2.734883267097169 2.659351414781474 2.556062685950143 2.4514350756088654 2.366423515095475 2.3172163058387816 2.315210509361168 2.366304659933486 2.4694752809766696
2.9707468181567016 3.110206860589105 3.232137583813825 3.319442232181818 3.3611304958426467 3.355513048066955 3.3083878520964976 3.2296597934518294 3.132044712982782 3.0298829154158 2.9358912758003735 2.857582390636608 2.7955854822338733 2.744252159387951 2.6939305430709553 2.634204907742855 2.5573533600060423 2.461085974670059 2.349625347096068 2.2327039313267467 2.1229570809770495 2.0328952019968636 1.9726051489871892 1.9486521347603087 1.963946633244044 2.0180610344343637 2.107543860188151 2.225891265057944 2.3628472630063198 2.502549397008368 2.6209346968449103 2.6917367089114497 2.7191321124367676 2.7491407913639874 2.785926958746777 2.7722378266101164 2.6942988107388586 2.585728875621731 2.477407341785437 2.3905230768056303 2.3404997447066482 2.337757442161324 2.387287634865805 2.4874455711871564
2.941443185382104 3.0742177896637237 3.1900202222978553 3.27263152491848 3.311700455350413 3.3055002820512316 3.259110651528448 3.181513087214544 3.0845934349133044 2.9819063707294275 2.8854361425646697 2.802202858890061 2.7327849448471953 2.6720315502578345 2.6113214965954876 2.5416576731150915 2.4568576547712517 2.3559525206788936 2.2439581367289883 2.1307214565367714 2.0284002544873254 1.9487140831914784 1.9009498513909873 1.891015057801329 1.9212537217597512 1.9906125190554185 2.0948147733754983 2.226193515171833 2.3727190247522056 2.5155423195193123 2.6265374850906005 2.6807544085779287 2.6987399488806307 2.7396147534542368 2.794163639314638 2.791032011367388 2.7198531371491614 2.618722717036561 2.518546269543827 2.439013479397705 2.3938638421435487 2.3920033866488017 2.4371768262379594 2.526946150255305
2.888099201423865 3.0089285143694124 3.1146838231880922 3.190815429278382 3.227648740660561 3.2228214502199086 3.18026274279442 3.1080975126353207 3.017406479409844 2.9205225684540705 2.8280137191241277 2.7458599803289916 2.6743389968485918 2.6087989666394877 2.541778657494275 2.465832424043318 2.37636256033414 2.2736420057097204 2.1633058756522967 2.0551257242995344 1.9606528059717978 1.8907710397118704 1.8539683426470968 1.8554756654021523 1.8969865197803366 1.9766781600551422 2.0893099417198053 2.2260915766659646 2.373942055439699 2.513866791061055 2.6209276771582593 2.678186339817042 2.70721126243432 2.7506483637465178 2.79537135205762 2.790664373249589 2.7326582184781003 2.6512167030554017 2.571245528602134 2.50888441657561 2.475136467711745 2.476787038035326 2.5160833195565497 2.589908962739371
2.817005703543676 2.922028049452592 3.0146393477429747 3.082428987211964 3.1166017459376048 3.1141901035003854 3.077971321646931 3.0151189123490196 2.9356157648151715 2.850132966684559 2.7673805001519565 2.6919763561800774 2.6237361475992516 2.558469436132559 2.4898825087300125 2.4120571097464536 2.3218796656860907 2.220691703098148 2.114553322568456 2.013016685395956 1.9269729391436956 1.8664821934444007 1.839242454943189 1.8497604486907835 1.8989626360214833 1.9840919314778473 2.0988091004861773 2.233335875299161 2.3745193670631983 2.5060341130245694 2.6105897569793637 2.6789249630385283 2.7216170563268474 2.7566310619479912 2.7784624804924403 2.769106871614894 2.7304219287482203 2.679084530953095 2.630411813924078 2.594998832648725 2.5798459708578094 2.588812995201698 2.6223695707215517 2.677036639451286
2.7365283482243106 2.8236134544963254 2.9010842798142256 2.9588825217446475 2.989482902955621 2.989818763743181 2.9617469866305557 2.911212357541993 2.8465951444300277 2.776539773388433 2.707739182169696 2.643397226908408 2.5828476481392233 2.5223346105399 2.4566641303547683 2.3813113021426435 2.2944479553118553 2.198256157314299 2.0990223208214123 2.0059635450003688 1.9292901780389264 1.8782657380733296 1.8597971346836977 1.8775928091745193 1.9316734688188582 2.018176281741515 2.1295310038292508 2.255042355808107 2.3819283890741905 2.496984691684141 2.589294720140739 2.654143070399075 2.6951617181826033 2.719278869896855 2.7292504579760437 2.7257983493605966 2.7135938604835634 2.7000725852868412 2.6915227869361167 2.6917536631135435 2.7024021404246814 2.723355468940672 2.752873174528856 2.787455374943285
2.6551553840397912 2.7240276746503436 2.7858493605300145 2.832910073851462 2.859257364699183 2.86222977308511 2.8430365045818116 2.8062162677368603 2.7582029914364026 2.7054477339744145 2.6526744418171515 2.6017964855918745 2.5517527403440257 2.499224319908979 2.4400204915310533 2.370823353743857 2.2908486850950522 2.202876417419858 2.11323003684087 2.0306887314379494 1.9647600883366818 1.9239247529748065 1.9142838540719815 1.9386627105172718 1.9960280209877987 2.081239719683359 2.1853639078545295 2.2967586728256344 2.402981465818799 2.4932850299553126 2.561099086004336 2.605559390777664 2.6310926487390147 2.6450176970055117 2.654874311584709 2.6670627317918445 2.6862427654838963 2.714621689779001 2.7515079763391377 2.7936302934269293 2.836117370271434 2.873730101895556 2.9019093105153475 2.917337085514234
2.579924069471481 2.6319354201248153 2.679094110595978 2.7158367548080946 2.7378252730856247 2.743053985337714 2.7323097634763647 2.7087832240572163 2.6769603388301317 2.64119012362216 2.604418886987124 2.567469969120356 2.529016164572291 2.486194861571934 2.4357234379323436 2.3753038343168877 2.304963960783033 2.2278630863001876 2.1502021773854185 2.0802373681037523 2.0267465772916347 1.9974235300738048 1.9975402618893547 2.0289603340285143 2.089456043507237 2.172445061498423 2.2675019206530447 2.361981320263409 2.44370501831496 2.5040398385962943 2.5402161372661074 2.555874156483464 2.559640467962473 2.56246782025869 2.5748189477162695 2.6044283748450883 2.6548515849304977 2.72475972879346 2.807988108877307 2.8944832738038073 2.972244192456144 3.029974281688488 3.059664369619944 3.0581734897836212
2.515495850342564 2.5530863235876824 2.5876188766187362 2.615336539092979 2.6333305296286698 2.6402680638438962 2.63667249076099 2.6246125195762495 2.6068982852100655 2.5860845652644033 2.5636381764504486 2.5395209039893025 2.5122612112502964 2.4794617622953328 2.438658789312724 2.388415530276933 2.329386646733945 2.2649463127926683 2.2010639117395 2.145423734536878 2.1060641482338687 2.089892673870461 2.101339111998294 2.1412525042761894 2.206100890680698 2.287713088055217 2.3740447137807466 2.4513804469325504 2.507781189001394 2.5366955579649013 2.539179577841246 2.523670563075292 2.503486637325468 2.4932556581890317 2.5056184540725024 2.54890525767346 2.625733804313189 2.7322246293000223 2.857855900548736 2.9864747187758547 3.0990317866754156 3.1778582264759208 3.211153092489919 3.1958122443104955
