_RESULTS/REVERSE_NEW/MHZ/GZ/3comp/MHZ_GZ_z_710_kriged_reverse_3comp_test3.asc
ncols 100
nrows 74
xllcorner 5.5967023332191781
yllcorner 50.982320383219182
cellsize 0.00019249356164376555
nodata_value 1.7014100000000001E+038
[rows 0 to 17 of 74, columns 41 to 81 of 100]
0.003680402842393778 0.0032157521501053566 0.002784154673046977 0.0023982250842618977 0.0020637831941923454 0.0017826150175004039 0.0015534462713983968 0.0013721212098988709 0.0012319120793080607 0.001124323873785524 0.0010403837043203275 0.0009722880549130269 0.000915095278307877 0.0008678530024366053 0.0008336444158260157 0.0008187497481847032 0.0008314972762465818 0.0008807464898628773 0.0009739358949705873 0.001115491604018283 0.0013054742578155374 0.0015374498456840612 0.0017966768668221556 0.0020613621560552887 0.002307868607606546 0.002517448731090518 0.0026807549365605913 0.002798138486952132 0.002876627507213301 0.0029259321875178507 0.002955347788463339 0.0029721844582748487 0.0029814509081789787 0.002986229996542921 0.002988275910323229 0.0029885612381310247 0.00298766710849999 0.002986008361921673 0.0029839312670686905 0.0029817336899638676 0.0029796520238018326
0.0038873948300513195 0.0031922286135984716 0.0025804889465647685 0.0020662027245899705 0.0016506378227384507 0.0013276297404499495 0.0010864654521032964 0.0009139359407802207 0.000796175264597493 0.0007200471430238752 0.000673880840966046 0.0006478433995424542 0.0006344519998454942 0.000629387148709641 0.0006322515904167386 0.000646930286666786 0.0006813662513802733 0.0007459488167657394 0.0008503600634613977 0.0010010169384939334 0.0011998092889379647 0.0014420631991567837 0.001714142316123604 0.0019941134840339367 0.0022570324337317185 0.002482390526616921 0.0026594474151194793 0.0027879551229636813 0.002875056308501311 0.002930939394767497 0.002965401477556913 0.0029860887350126996 0.0029981458841980457 0.0030046562994127625 0.003007339997450849 0.003007190118515824 0.003004912755405104 0.0030011534544346335 0.0029965566819285783 0.002991728201839144 0.002987166977808047
0.004068887451141788 0.0030896440373433844 0.002287335464929234 0.0016656442304861473 0.001206928542022972 0.0008837083942622409 0.0006660237659709692 0.0005264103385191371 0.00044270092759839683 0.000398642924442284 0.0003829219581801873 0.0003875403039061108 0.0004064542538272631 0.000435116380059627 0.0004711032426038956 0.0005155160872475176 0.0005743186724172158 0.0006577199781673381 0.000776571603211376 0.0009386516807073134 0.0011469542902831126 0.0013977531820591178 0.0016781264031500535 0.0019664553644319527 0.002237732875874237 0.002471219292847824 0.0026560051714403536 0.0027918338855848395 0.002885938737186761 0.0029485585424102326 0.0029893833774086633 0.003015758238951411 0.0030323853364807945 0.003041883241749071 0.0030456277677666475 0.0030445056032499655 0.003039404448546281 0.003031406668578547 0.003021747996862593 0.0030116496806529675 0.0030021338205890725
0.004176668636275737 0.0028895886616113484 0.0019238278198320095 0.0012473153821654576 0.0008010497646556169 0.0005218296056286526 0.00035504364808516413 0.0002600422613077673 0.0002100968393662621 0.00018948450631676574 0.00018994698351154927 0.0002076288850709078 0.0002406886007856233 0.0002876426224112696 0.0003468587255642455 0.00041770705367223876 0.0005029828647264846 0.0006101667874945814 0.0007489721531361789 0.0009271395416304837 0.0011477270469646042 0.0014069366088564803 0.0016920281601888706 0.0019821849243376 0.002253808444228508 0.0024877907921763945 0.0026745873768653583 0.0028147199385947573 0.002915541975765748 0.0029868379987827488 0.0030374001515693777 0.003073375054777359 0.003098142639604899 0.0031131026139924974 0.0031187653361568236 0.0031157053432436495 0.0031051227925788906 0.0030889448558539525 0.003069561197816378 0.003049384511889156 0.003030434606577752
0.004168728210014439 0.0025996183579685534 0.0015349767607011928 0.0008711466136287834 0.0004864371868333447 0.00027644100304495095 0.0001668363496371571 0.0001118445491990639 8.6473883790254e-05 7.863503435786041e-05 8.368638674247719e-05 0.00010133948732764155 0.00013383029932154594 0.00018428334193223202 0.00025499007570304016 0.00034661886114306114 0.00045966125922697744 0.0005969847134499501 0.000763948861686296 0.0009654566044666653 0.001202740289185511 0.001470834151823738 0.0017570537967292945 0.0020424120115728663 0.00230662356954111 0.0025343129925628777 0.0027189194806859895 0.00286253901110756 0.0029726409753898036 0.0030579509865255334 0.0031253582607657974 0.003178555605008447 0.0032182425409559615 0.0032433404972504356 0.003252581845719134 0.0032458765834322066 0.0032250193685865397 0.0031935856816450916 0.0031561907698342017 0.00311749512533035 0.0030813462398890617
0.004032388524860287 0.002257252200788745 0.001174728833880859 0.0005785917493379447 0.0002778963128382798 0.00013610247965314953 7.197697157525583e-05 4.3748554827636195e-05 3.2281459724787045e-05 2.9816475692264442e-05 3.426722140846945e-05 4.7040051873656693e-05 7.255602659837072e-05 0.00011790853812764685 0.00019117391916867931 0.00029819689467109895 0.0004403209624978688 0.0006155674824526187 0.0008214120001846286 0.0010555470274406801 0.0013143708967970477 0.0015908135778069379 0.0018731278433664702 0.002146230465337924 0.0023956388697718976 0.0026119024658061048 0.0027929154741196654 0.0029430057222491566 0.003069700401691347 0.0031800006187178748 0.003277655876207007 0.003362116401039735 0.003429201262963621 0.003473114082204236 0.003489092700552366 0.0034757173517880693 0.0034359725327245344 0.0033766961988240343 0.0033067997550977283 0.0032351239181035957 0.0031687502848399256
0.0037974643182485624 0.0019169273306469056 0.0008832100687256807 0.00037888670131064464 0.0001568347935726255 6.614176768807076e-05 3.051167431992544e-05 1.670321134585777e-05 1.1733601420528084e-05 1.1098266599953493e-05 1.4024440793191705e-05 2.227496535169216e-05 4.0808623483667086e-05 7.918958713992556e-05 0.00015154404481449273 0.00027210865602621715 0.00044723664812187024 0.0006709401679869406 0.0009287715400090926 0.0012053567560068913 0.0014886258125142518 0.0017694352129804572 0.002039605510470653 0.0022914090298391024 0.00251914878032184 0.0027213162267464602 0.0029013944240970646 0.0030664665150556465 0.0032241797210022325 0.0033793029947476504 0.0035310485919511354 0.003672019901342604 0.003789375196045462 0.003868323482709291 0.0038971161621543775 0.003871613851761333 0.003797265929465644 0.003687541059393923 0.003559774526924321 0.00343056703039894 0.0033125571024474935
0.0035269413725521185 0.001628341817503966 0.0006754404795721846 0.0002570385042956969 9.335986748156134e-05 3.4387821129094754e-05 1.3922467863010392e-05 6.851481340445038e-06 4.5761855549701105e-06 4.472467257570627e-06 6.327902649926436e-06 1.181808545269591e-05 2.586197087645064e-05 5.966939798107449e-05 0.00013340763624182655 0.0002721627750639791 0.0004909236152769346 0.0007794454713800181 0.0011051108503300538 0.001432024362834723 0.0017368499584421468 0.002011152405278929 0.0022556740027886825 0.002474868232123999 0.0026748242577065698 0.002863410075728421 0.0030504145673366265 0.003246336926584205 0.0034596602347257534 0.0036931851866157804 0.003940389079073244 0.0041832471172424165 0.004393451875251966 0.0045385552106675196 0.004592239585251186 0.004544495297214558 0.00440604723310401 0.004204324988563035 0.003973616593217857 0.0037450326551938364 0.003540488295971509
0.003291432766259099 0.0014223091660335732 0.0005466390249864336 0.00019078768628483922 6.301044710386404e-05 2.096252573013002e-05 7.643590246407429e-06 3.4375891767299637e-06 2.2082329866951992e-06 2.2513742124607514e-06 3.5896298503408697e-06 7.87005533324949e-06 2.0277756825443457e-05 5.426358742686329e-05 0.00013759647340049993 0.0003093862651408728 0.0005952238730357651 0.000975387131534805 0.0013871731839495273 0.0017653717430651426 0.0020767072748604214 0.002321987368571726 0.002519822200906103 0.002692336086217798 0.002859426818571861 0.0030386704244172924 0.0032465638014472506 0.0034984665117095727 0.003806180748908499 0.004172987013489503 0.00458679841744022 0.005013857603409344 0.0053979497087449976 0.005670815210611087 0.0057743794287724495 0.005685209322312913 0.005425642290263517 0.005053547465110359 0.004638276402943954 0.004238303693683763 0.003890439957739124
0.003146343219233143 0.001311140616217938 0.0004850291727003401 0.00016251494712357664 5.139974590409982e-05 1.6332379891097626e-05 5.679046531231025e-06 2.461600793709957e-06 1.5793695765435157e-06 1.6959690519443668e-06 2.987386378751902e-06 7.398551983717838e-06 2.143298145931503e-05 6.338123069413724e-05 0.0001737227105633996 0.00041137472547333196 0.0008104112413141712 0.001324194703052297 0.0018377683670636942 0.0022499671460625512 0.002530051425144837 0.0027061928097923253 0.0028269448276862456 0.002936123708564777 0.003066845863315302 0.0032450677496612523 0.003494414721080788 0.0038384121132994786 0.0042983736103375855 0.004885574757784854 0.0055870354795573935 0.006348011345574219 0.007062276184407362 0.007587581557438953 0.007794472151980366 0.0076274170932285655 0.007134646868418904 0.006441983304837657 0.0056926551559948425 0.004996772503470329 0.00441351144423251
0.0031224550476440065 0.0012974181097404071 0.00048223145489200754 0.00016344093158099013 5.2636522531860096e-05 1.716025982056136e-05 6.179700663398333e-06 2.8039744840146286e-06 1.9008464343700053e-06 2.166521812331391e-06 4.0438213968375685e-06 1.0552600423360396e-05 3.1988508127691446e-05 9.793380791841781e-05 0.00027329707660127977 0.0006453192033091898 0.0012409138509487723 0.0019432212200585354 0.0025518273450686867 0.0029389358072277236 0.003112194178900849 0.0031565493637604847 0.0031612501381148373 0.0031899992634936286 0.003283822232174809 0.003473703835960628 0.0037914081792241486 0.00427517439518276 0.004968523131647987 0.005908360943023327 0.00709702289506039 0.008458715156045122 0.009801351451965605 0.010831094737478317 0.011257157513621871 0.010945621221571186 0.010001495251193386 0.008702513731290815 0.0073476267108168875 0.0061429434748746315 0.005177227396874393
0.003224580802565422 0.0013813473069856502 0.0005382216415917226 0.00019424358505090402 6.763245197680252e-05 2.4244820442234062e-05 9.783261645593989e-06 5.020059087795274e-06 3.781128937153283e-06 4.5865507787074294e-06 8.684548676381945e-06 2.2319437591427416e-05 6.605451838457196e-05 0.00019623336447482074 0.0005247484214041013 0.0011689158809388984 0.002091124717091501 0.0030180043356556403 0.003640700099656826 0.0038639905613226844 0.00380451167604236 0.003635493633659602 0.003484533421225279 0.003421498485251418 0.003483864610436061 0.003702664294129618 0.004120135599756901 0.004800121939931345 0.00583030378630763 0.007307706803435698 0.009290163190750572 0.01170035792660575 0.014212750495126871 0.0162370256848679 0.017128585713450873 0.016564378551230153 0.014766069174344261 0.012340363246991648 0.009906146005064533 0.0078421806335423 0.006267438627124112
0.0034272685953996938 0.001560446072648188 0.0006615510882305224 0.00026557543613205944 0.00010494551066243807 4.3519030157392406e-05 2.0660503161210514e-05 1.2486033224330842e-05 1.0691517059695547e-05 1.3765148199091927e-05 2.5790494197308126e-05 6.288405471201952e-05 0.0001736093566814874 0.0004755059153918315 0.0011565518640861499 0.0023153944782471937 0.0036965327866729826 0.004758030258373051 0.005149446436380103 0.004961538967201136 0.0045079188719565205 0.004051184229331448 0.0037246440933037797 0.0035756275456985172 0.0036224827657878444 0.0038916960034783153 0.004440250258810057 0.005372330853309888 0.006850924955638913 0.00908857094879863 0.01227675282510728 0.01640157138731641 0.020966274743706777 0.02485395285859749 0.026701463338143733 0.02575401099917461 0.022440980878141066 0.018028642402089616 0.01375571270577971 0.010297075152600046 0.007786183741147102
0.003664606017907918 0.001819611343522952 0.0008641736030250242 0.0003984048561665326 0.0001845909660981064 9.110838166426799e-05 5.180194549293942e-05 3.702976884451784e-05 3.590175602987976e-05 4.87930538872437e-05 8.996667931756826e-05 0.00020552351345838637 0.0005155359968583279 0.0012546037163123623 0.002666960136048104 0.0046243780623969975 0.0063903036372695505 0.007172447766033546 0.006866492852144102 0.005968141532617687 0.005004486221905926 0.004250721317169387 0.003778713061744352 0.0035793754246537745 0.0036405331850132574 0.003983648614647542 0.004686427944993636 0.005908203128800647 0.00792032703735968 0.01111849005185368 0.015942711483148693 0.022575268536796797 0.030372226936711766 0.037420435444661136 0.04108167983353517 0.03971690267791291 0.034031853628719404 0.026446942147869322 0.019288922447115095 0.013715161015741443 0.00984233673400943
0.0038273571212709273 0.0021156163357557785 0.001148509802620942 0.0006198571585852415 0.00034235667353241104 0.0002032248257251223 0.0001383315192826464 0.00011560346916184922 0.00012502494692660047 0.00017776181092409124 0.00032116364836620286 0.0006808469643491047 0.0015209790163931934 0.0032014861752293704 0.00578484209028536 0.008479846666298491 0.009961443915780535 0.0096461908865808 0.008143282256002948 0.006408560167131215 0.005005432384844316 0.004070748425211961 0.003551004705762594 0.0033680038188733065 0.0034833470042543867 0.0039199948641290006 0.004781967144858725 0.0062912314014785834 0.008846067991109836 0.013074636425001333 0.01977474578426165 0.0295005568593259 0.04160232022954998 0.05323105824785131 0.05990812625484816 0.058466224238214265 0.04976654391146564 0.0378571690719727 0.026713096414828538 0.018239516949108556 0.012533131065001061
0.0037916634303136695 0.002370618095619761 0.0014890403511624354 0.0009482604241861214 0.0006262052673462917 0.0004456336262694934 0.00035928080041978564 0.0003450774964283401 0.0004087410002409586 0.000599074886731802 0.001047582411577531 0.0020313681455192112 0.003968907673765508 0.007086234329353034 0.010694565817324187 0.013081994805979203 0.012975221220732396 0.010841519253197214 0.00812765203931398 0.005868303562569786 0.004346683113572788 0.003456130551341619 0.0030232430239751345 0.0029299372679978467 0.003133948104147582 0.0036707823641176883 0.004671971897091339 0.006414726751279831 0.009410146368873131 0.014507180585314866 0.022882454798043125 0.035574232598547646 0.052163158464027796 0.06908736275939509 0.07991427456692851 0.07940119710694038 0.06804505660484783 0.051508808268118225 0.03578264938034739 0.023851276146668515 0.015916902896194983
0.0034844412483108827 0.002493825399591405 0.0018230693564340616 0.0013691433052186368 0.0010736957580472482 0.0009044617758572666 0.0008484530980190448 0.0009170782582513626 0.0011645917077327413 0.0017257051347346016 0.0028700842021651927 0.005006693460645452 0.008421473319820273 0.012580596340560461 0.015700968585005987 0.01594993150113791 0.013374931431122438 0.009720665908672618 0.006566772491155838 0.004439783470525015 0.0031970521573190785 0.002553896588301961 0.0023022304394580166 0.002337428571716088 0.002638973133477039 0.0032627241624550653 0.0043614667566441775 0.0062440733707522685 0.009483461175247086 0.01505783168068157 0.02439686667163614 0.03894786257323786 0.05870985625080436 0.08003350849779059 0.0952824793730438 0.0972150851162974 0.08511941560230567 0.06533756760578584 0.045612612941177993 0.030279929753361263 0.019977245588840675
0.002940294994636279 0.0024290611502749493 0.002069181637773949 0.0018217308453250365 0.0016754847405758221 0.001641202311405551 0.0017532721863721054 0.002083949746155931 0.0027737599346662526 0.004070701680058819 0.006323731143537242 0.009771899792733879 0.013973732339039526 0.01730818893089647 0.017778056456987688 0.015004230141964014 0.010705051105580843 0.006854007455390194 0.004252458743454398 0.0027591681333754415 0.0019877222140643673 0.0016450440966772194 0.001575345396507373 0.001722213225812624 0.0020982335876125855 0.00277945021235942 0.0039282950381472614 0.00585373869660669 0.009120360001525305 0.014696576659608919 0.024033493744520615 0.038725720364700775 0.059186089418453366 0.08238699687557484 0.10089110839235249 0.10643777693848692 0.09650657646176543 0.07648984987052561 0.054769857933295564 0.036965010205873665 0.024574834285723848
