_RESULTS/REVERSE_NEW/MHZ/GZ/3comp/MHZ_GZ_z_180_kriged_reverse_3comp_test.asc
ncols 100
nrows 74
xllcorner 5.5967023331506844
yllcorner 50.982320383150686
cellsize 0.00019249369863007826
nodata_value 1.7014100000000001E+038
[rows 54 to 71 of 74, columns 41 to 81 of 100]
0.0029083362782382598 0.0023841908804259596 0.0021901300718016902 0.0021497460428208798 0.0021304755011088707 0.002019234852507728 0.0017591269069309383 0.0013875045497095022 0.0010052612703286992 0.0006981473102327529 0.000495025132906687 0.0003848965137235216 0.0003507363224721226 0.00039376280812007544 0.0005585450103068128 0.0009970230418384922 0.0021635063818050662 0.0053558934304688485 0.01386191342010819 0.033895994281751406 0.07080159619805482 0.11628083060824565 0.1429867647433085 0.1309694262865646 0.09290997010073157 0.05495634405721939 0.029710521772025527 0.016068552951800673 0.009346420221633544 0.006115648297757526 0.004576299440208745 0.003891719980694231 0.0036892530774598918 0.0038132163755005715 0.0042254864789981715 0.004983966731939154 0.006274276187385028 0.008505954991530703 0.012525264414293712 0.020040808259676246 0.0343254081969405
0.007743798963543031 0.006999188636272339 0.00640927621667318 0.005794328042733606 0.005045234111668849 0.004151556652147272 0.0032020020484689834 0.002330275274489426 0.001638202915921269 0.0011566222213105245 0.0008615467239992444 0.0007131968658560683 0.0006871007845984933 0.000795934438922517 0.0011236230134052494 0.0019155371817784206 0.003815552190228526 0.008397144587730821 0.018945704563015465 0.040224637034164776 0.07387404675142945 0.10962362931170198 0.12644762561149747 0.11322066205981622 0.08156951513685455 0.05044201106296233 0.028971169082621775 0.016684485855763334 0.01023752584465635 0.006947321539276961 0.005284466138682487 0.004481226423978554 0.004168764390499365 0.004176594011725631 0.004442710707994728 0.0049845105608171646 0.005905795933051163 0.007435201892722327 0.010006093714649823 0.014389759879176369 0.021846909551032283
0.016825908474162894 0.016724648209329847 0.015489206494696057 0.013275849590554657 0.010556296318293308 0.007868487809911518 0.005594450803224668 0.0038860033143264523 0.0027174444315610923 0.0019808219780590238 0.0015616126805734802 0.0013787105350452728 0.001401874463542093 0.001669317581517611 0.0023324981975411585 0.003767868661248225 0.006811916020012059 0.013123442729094176 0.025317810844018913 0.045662202226732035 0.07210648192915 0.09473655163056528 0.10085492763800051 0.08732391871419957 0.0635610675095375 0.04109333574341226 0.025182448973260035 0.01556043828059658 0.010172893403306914 0.007243081154485549 0.00567123443219911 0.004858164673324661 0.004492190129281988 0.004416002578719599 0.004560415634117777 0.004917819346195278 0.005537722971819041 0.006536453437473515 0.00811843237188432 0.010602665589634443 0.014425070670958743
0.029385434367446728 0.03173909487274356 0.0299665613133255 0.02494482152987596 0.018746375014433464 0.013146280020218159 0.008926895533053064 0.00609089636542746 0.004323704550727145 0.003294986172346974 0.0027691108050594253 0.0026201202885634154 0.002826374960672112 0.003483509793087978 0.004858336934296086 0.007499705707535681 0.012385643556554632 0.02093986446795452 0.034452636208159526 0.05238168994586926 0.07029886140821336 0.08063856987880161 0.07809299444965755 0.06451923240717514 0.046926605747608645 0.03146351106785733 0.02047300902349231 0.013552032768208657 0.009454936520324697 0.007094426404481222 0.005756822394938794 0.005024120999074785 0.004661858908416984 0.004541906056844092 0.004600432954804859 0.004818356395985289 0.005213854308969544 0.005840739330414535 0.006788786190674252 0.008180254711330893 0.010149302156048734
0.04142703612317811 0.04770422396332507 0.046011243403080666 0.03790541075789981 0.02772527335909646 0.01890801040434548 0.012648880571591744 0.008693593557802453 0.006378815893605367 0.005144146595564791 0.004649800684049613 0.004757746096208324 0.005508933260866459 0.007138634307781937 0.01012970297667055 0.01525656316500617 0.02347405598311707 0.0353871360192006 0.0501622172445948 0.06450937593358226 0.07333050245783812 0.07277265194416185 0.06326094413106505 0.049092275943402895 0.03509834007591624 0.024029482570640897 0.016382567732266033 0.011499647777482375 0.008506420876999002 0.006707972115317793 0.0056449207968990115 0.0050363992373125875 0.0047155358091669295 0.004585020905329138 0.004591807182529641 0.004714026576204554 0.004954089333032404 0.0053340219285421524 0.005890455591156897 0.006666432427279793 0.007695597437505823
0.04793601461265118 0.05752311450167368 0.05655391353433845 0.04676822846114779 0.03412208949910982 0.023287805861389257 0.015773301774541122 0.011170857506959248 0.008617670003935296 0.007447519672881762 0.007319369467914804 0.008197832578644941 0.010351934883822021 0.014398883601512463 0.021315635135813787 0.03219499273146364 0.047419838865938 0.06528203803751609 0.08118802114917771 0.08926702850385472 0.08617569199711438 0.07360295692019445 0.05675359705916769 0.04067777596764718 0.028029424759897902 0.019198502126758027 0.013453502105422068 0.009851682224973544 0.007630216607893369 0.0062712252497050675 0.0054494955386100745 0.0049663907536388234 0.004700910259278724 0.00457968465562779 0.004560275669745293 0.004622065884997292 0.004760626357273357 0.004983058356727934 0.005302870195910584 0.005733318668596584 0.00627818731442566
0.046717646956214005 0.05708917775369475 0.056956067367379036 0.04777378244969726 0.03547162049702913 0.024818137800252858 0.017424473008272844 0.01297168520684249 0.010685266618488226 0.01001584715129632 0.010819700596005935 0.013429448113958742 0.01879142082948629 0.028639501810420548 0.04534728160147376 0.07062227014005226 0.10243987943917407 0.13222302055634233 0.14744612994030407 0.14073227863928428 0.11622466814081944 0.08535104699888924 0.057869632550472026 0.0377369444618618 0.02458107500607781 0.016488272778458674 0.01162834103161254 0.008716752473276315 0.006960589973814206 0.0058953540649820035 0.005251648688750345 0.004870916124586067 0.004657585537057548 0.004553340929185896 0.0045235689134705374 0.0045499189822607875 0.004625505902538176 0.004750921004334386 0.004930175985178002 0.005166193881403209 0.00545578493147802
0.03965523774117909 0.048358301774382544 0.04871390897749237 0.04174793064121964 0.03203347130767855 0.0234147127095974 0.017359071081340077 0.013798990095982514 0.01228353099709661 0.012600411540263236 0.01507548294691447 0.020909664282621396 0.03277697138071968 0.05554444839215809 0.09583791140842668 0.15731252507387525 0.23016466033961555 0.2853363005486587 0.2917245802348503 0.24614294626472172 0.17602779005527933 0.11169274407677844 0.06641919420714883 0.03904033741966678 0.02369281755140918 0.01529128337663921 0.010653637114886559 0.00803345195325428 0.006515803451551851 0.005621372374135574 0.005092145180003072 0.0047834304010691 0.004610681707153696 0.00452328178583675 0.004491288572822029 0.004498230644152658 0.004536573427519559 0.004604258290276078 0.004701613853478976 0.0048283996178694975 0.0049810384638392735
0.030502742421419038 0.03655598070176083 0.03702188338730717 0.03256429670706483 0.026088419621074836 0.020174970248582634 0.015985565216597483 0.013697335889609601 0.013255677394069144 0.014922070983097198 0.019785714240568957 0.030667617345283848 0.05391383731195835 0.1019534147033523 0.19306438820446706 0.337756850556246 0.506085200485385 0.6139891757777075 0.5877247862660122 0.44762575029736434 0.28226932207167943 0.1567977266175049 0.08234004259569945 0.04363888077884105 0.02453910574742096 0.0150895693447845 0.010259757004516618 0.007684058606356846 0.006257126743830367 0.005446284932543419 0.004981409533262808 0.004717372033097023 0.004572131412658645 0.004497906664000794 0.004466965078836424 0.004463963892182759 0.0044813004392531336 0.004515901088770221 0.004566749003095588 0.004632861476472661 0.004711670072908652
0.02218769721565979 0.025886310898691558 0.02627298394090914 0.023761865647200613 0.019971783774217353 0.01643268463227219 0.013977466582872045 0.012932138757553325 0.0135803385736313 0.016681934827502333 0.024294888890256282 0.04161379165737776 0.08107874928425124 0.16928572770021946 0.34922002057031487 0.6495918342056952 1.0010062288855104 1.202654148406726 1.0985772184147264 0.7734671482061862 0.44098588733995064 0.2194495145339319 0.10367224356113591 0.050168408441395126 0.02630372300436982 0.015421110322087504 0.010197112873657592 0.007541241574952054 0.006124647834999498 0.005345571051471414 0.00491232710341496 0.004673258405885623 0.0045448454577334185 0.004479594511953449 0.004450506906315283 0.004442768639430766 0.0044488307999382805 0.004465254495874668 0.004490566180892251 0.004523745868163804 0.004563180029615289
0.01589655154160369 0.017985322047638034 0.018256147178843198 0.016963970261943722 0.014951878962557197 0.013072892596323882 0.011898849420127209 0.01181320458511184 0.013324799470308044 0.0176009090650483 0.027619709083153938 0.05109137824480521 0.10757298237817937 0.24184902034816202 0.5317573283842827 1.03558184552542 1.631143039184682 1.950978250442692 1.7295613410401152 1.155419897588816 0.6146230293938394 0.28311347582886104 0.12402423279408162 0.05619245622187117 0.0279804100500537 0.015822013874923 0.010233385716926457 0.007484113562127231 0.006055548891256538 0.0052877629479525755 0.004870312138795552 0.004645206775370105 0.004526891947071008 0.004467483140683198 0.004440180067840142 0.0044304321064703115 0.004430778969861002 0.004437681178106646 0.004449536559486034 0.004465435041507223 0.004484396507802455
0.011601648852711128 0.012737106578972842 0.012915562589821593 0.01229414899023722 0.011308299933180109 0.010433412875357762 0.01006480563975817 0.010584538987912454 0.012605755870990354 0.01751244339048051 0.028803822367933093 0.05569466568625483 0.1222387330528674 0.28531864053507616 0.6469764840277298 1.2866338952183118 2.044185726164161 2.435127881932 2.1248558826007793 1.3826683237417576 0.7108465825787568 0.31538485046198456 0.13327143072094322 0.05855356280529003 0.028483001632635355 0.015857573162151424 0.010167765844983542 0.0074103806542545 0.005995211226569694 0.0052435491518924215 0.004840064621023706 0.004625622131654361 0.004514622054545316 0.004459507381098802 0.004433892826099951 0.004423564548190547 0.0044212427570816705 0.004423429788954708 0.004428526326721003 0.004435732898288227 0.004444434537390742
0.00882597463599501 0.009436978100367279 0.009554069887102569 0.009275424375674633 0.008834798448324807 0.008509602101532603 0.008581698514873977 0.009397424093872495 0.011567725342236943 0.01646008956494707 0.027475996284002942 0.05347487900017406 0.1173456236108701 0.27252577769275504 0.613113004249838 1.2085626115532053 1.9044249655422205 2.253565264976689 1.9575394613183588 1.271644294781698 0.6548976574307578 0.2920383488044037 0.1243655431164648 0.05516203577319902 0.02711052929191652 0.01524806777457323 0.009869256899921592 0.007251499485753912 0.005905600822765438 0.005191467125789268 0.004809635634365296 0.004608050168657012 0.004504596675256245 0.004453624370428637 0.004429867969783091 0.004419769944685683 0.0044164011189148375 0.0044164224292819985 0.004418308499153895 0.004421352603731554 0.004425138320703732
0.007079632450738392 0.007410114898682571 0.007488732115191427 0.007378180848636018 0.007212330026212708 0.00716389541928427 0.007438931901656392 0.00832892719785926 0.010366123053973242 0.01471068422891106 0.024136963018081603 0.04555649009370139 0.0959293924823184 0.21254922471550583 0.4564129160168467 0.8649509564192966 1.3271102409033735 1.552761814300729 1.3552160222495508 0.8989769223109169 0.4796973670661254 0.2239044392475768 0.10023647027093935 0.046685408124055285 0.023970284926129737 0.013981162779615357 0.009309182233307279 0.0069835502435373195 0.005769956579616214 0.005120604623122939 0.004772281055879372 0.004588505685872795 0.004494506214689869 0.004448383100854947 0.004426883830637116 0.004417535750835059 0.004413970923084407 0.0044131200279337824 0.004413584698093582 0.004414743354503335 0.004416289724634293
0.00599605322176594 0.006176581574124097 0.006230965612599261 0.006200202976767626 0.006166201387030125 0.00624261835171969 0.006580773748564398 0.0074099097576008225 0.009145681556275622 0.012650694812434431 0.01985832614685248 0.03523128604500907 0.06878500079860962 0.14035858617708377 0.278337320483945 0.4936226848345604 0.7246802298662623 0.8338575245627776 0.7368232269830546 0.5089240278030798 0.289511862681019 0.14629766372524286 0.07129725138216653 0.03602646780836588 0.01987210511244938 0.012288442419667011 0.008554407686962999 0.006624590959852111 0.005591658977653137 0.005030219762310999 0.004726468617946447 0.004565643432838598 0.004483364051151287 0.004443049206953538 0.004424261635380064 0.004416013814949693 0.004412694520330606 0.004411599444407489 0.004411499135609484 0.0044118585985907215 0.004412440038760744
0.005331578300301365 0.00543095501711593 0.005469464958677032 0.0054744263603272525 0.00549849758021862 0.005618849715148053 0.005944988201020921 0.006646212748355743 0.008018705558130395 0.010635847924011652 0.01567543038417785 0.02559060562421881 0.0452606427237158 0.0830490282746209 0.14869502539262613 0.24214603490793382 0.33581314475320745 0.3783738963341678 0.34029326117149766 0.2481135982776069 0.15345060458639878 0.0858777284657927 0.04663422578166887 0.026126122686192216 0.01577258696655345 0.01049394162133473 0.007720903573557628 0.006218289101405672 0.005387656341978184 0.004926852475411098 0.0046745667311244715 0.004540175911230078 0.004471256945939724 0.004437477985068561 0.0044217348847389055 0.004414795180206686 0.004411937763496905 0.004410886857069364 0.0044106091161227965 0.004410659575811355 0.0044108507349749785
0.004930700839529901 0.004985538091115983 0.005013080620691323 0.005031705451340806 0.005076162833338414 0.005199220683488443 0.005478038892445601 0.006030791168375655 0.007053220088246367 0.00889322971106369 0.012194205597559491 0.018140732539939516 0.028768249561900872 0.04697731219855508 0.07519857230853927 0.11150750362799368 0.14523630228240023 0.1599269334335765 0.14674948798612653 0.11365334674980979 0.07708236892857998 0.048243681649212146 0.029478764584678026 0.0184762937010673 0.012301830635480116 0.008859301628842698 0.006919473330148399 0.0058130760458996525 0.005179666832369102 0.004820317000012469 0.004620936711387683 0.004513954656003786 0.004458902383002925 0.0044318860942181935 0.004419289259827046 0.004413726133229411 0.004411412741468509 0.004410524079743487 0.004410231950963359 0.004410181521137037 0.004410227095463069
0.004694540632776536 0.004724713318644586 0.00474430746272937 0.004765663697125824 0.004811822867324505 0.00491847854325567 0.005138278683521895 0.0055498018388304825 0.006274975971370323 0.007510612661217433 0.009579930292033382 0.013000094589394844 0.018519826226678686 0.02697619438220602 0.03869548450954797 0.052344453303493986 0.06410582777532671 0.06902075562909923 0.06460965067728888 0.05310451956608868 0.03942907983066479 0.027531305934122802 0.01887662299030589 0.013198795889874635 0.009666957518962668 0.007519065861117773 0.006223506066008369 0.005446875419317578 0.004986850646736413 0.004720095854875356 0.004570131939812242 0.00448907246645766 0.004447204271807986 0.004426624511037995 0.0044170226320481756 0.004412778137467407 0.004411005408255055 0.004410311724047166 0.004410065156471925 0.004409995599744146 0.004409993490498973
