_RESULTS/REVERSE_NEW/MHZ/GZ/3comp/MHZ_GZ_z_0_kriged_reverse_3comp.asc
ncols 100
nrows 74
xllcorner 5.5967023331506844
yllcorner 50.982320383150686
cellsize 0.00019249369863007826
nodata_value 1.7014100000000001E+038
[rows 38 to 56 of 74, columns 44 to 87 of 100]
38.664421270175374 38.99280298507523 39.11191609109133 39.1476290882047 39.14756081752057 39.122078765304 39.075502385708575 39.015285934534745 38.94981261521814 38.88378607987279 38.81668180405111 38.7459332732336 38.672839370903084 38.60747754410062 38.56956920053066 38.58391892075029 38.67099464791731 38.83588422321802 39.06106714223593 39.307525818678116 39.52590147582611 39.67636538191036 39.74971278327081 39.772452983380106 39.78059894849583 39.78431208381979 39.7680559037302 39.72011083299783 39.64973730393655 39.58081768593284 39.5371771121241 39.53141757080145 39.56049285799686 39.60782815007015 39.650883188338206 39.672151457398854 39.66971220342469 39.66052559149809 39.66957036276354 39.70834567898762 39.761752589027395 39.798138387017914 39.79200437543787 39.73805042259269
38.30141075302546 38.93412461647111 39.11885195024361 39.176384311788745 39.18335701391363 39.15156055441196 39.08816847561486 39.00643951992036 38.92124496409711 38.84190517079995 38.769251427442185 38.69910087751124 38.629482797575335 38.56697686681527 38.528622660888324 38.53805822546123 38.61661218837075 38.77237438512133 38.99220078179319 39.241221455600815 39.47235514149581 39.644698475217524 39.7428528596943 39.782223384820796 39.78965790751223 39.776996318779496 39.739512531188446 39.675261643522944 39.59661217577448 39.52554546583665 39.48278095002575 39.479252845354104 39.51273740489229 39.56976842228509 39.63169724573952 39.682714701396 39.71675719451866 39.739342781129245 39.761309535867575 39.78720103625336 39.80826054281416 39.80758157422113 39.77252107341671 39.70304598691016
38.404359709363476 39.00322792667428 39.1796221880613 39.24595552051657 39.25691863997743 39.21784826732112 39.13685637898981 39.03225336006251 38.92544504094467 38.83105746946868 38.75259088449861 38.68572774953131 38.62607083984289 38.57642245681458 38.5497045002482 38.56595358120174 38.644230423703526 38.792431078316156 38.99953664792237 39.23463963418863 39.45533095161754 39.62415902553252 39.725266444170856 39.76809640397338 39.77174448349856 39.746238420636956 39.69265858152598 39.61610512834041 39.53189407628281 39.460833373895845 39.42083455587443 39.42061805543875 39.457632624998084 39.520262954822826 39.59285121328915 39.661306931126305 39.71726556801266 39.759049884252754 39.78855213910482 39.80581770904857 39.80595129659705 39.78165832514614 39.729245257355835 39.65265488667704
38.82823192965365 39.14616841576131 39.278531771368606 39.34592718367618 39.36037410876016 39.31732506149464 39.22379464102741 39.10144832905927 38.97593530966995 38.865859309095974 38.778807109284585 38.713225400678084 38.66444951953423 38.632004627583264 38.62369807807909 38.6539370941848 38.73693421910961 38.877852857442434 39.06611142310823 39.27471722174228 39.467779013778724 39.614504411455854 39.70204042090552 39.736462115816416 39.73017219053633 39.69067460999099 39.62298106964925 39.53754293455044 39.45176691144743 39.38481630388621 39.35106675760957 39.35593658814486 39.39544969559806 39.459031833063 39.53364132936055 39.60736830441761 39.67158866193243 39.72134769776376 39.75403521850588 39.7673376191681 39.7583269090528 39.72483693934172 39.66805490971655 39.59391276349315
39.161774010439736 39.299559858826676 39.398214801779865 39.46449227111029 39.48140107163625 39.4358520629344 39.336549569781916 39.208411040594065 39.07396295150408 38.95008255096706 38.85015044248134 38.77994935865056 38.737797208408224 38.72108718445919 38.73204262203412 38.778031354703046 38.86666181002305 38.99876961708698 39.163264939796264 39.337138808830964 39.492072182146124 39.60539458362504 39.66836867252695 39.68465534313205 39.661556188272975 39.6054625946395 39.525141460870934 39.43502917032107 39.35317277559393 39.295855793213015 39.27280909133617 39.28530585037983 39.32749121837675 39.389588337314706 39.46102673222297 39.532398476924186 39.59623241318768 39.646954956450514 39.68040710960362 39.69340630866011 39.683915670883415 39.651957518904744 39.6006061170822 39.53604739758854
39.31849811205275 39.412409311007515 39.5090138587423 39.58430468576441 39.60601439542112 39.55591366204098 39.45474204667783 39.335554976039134 39.20529406926043 39.07066732372094 38.95378725379416 38.87248437767815 38.83086078166908 38.825374239696885 38.85270812554642 38.912554853747935 39.00510797975341 39.12624484287224 39.26408065488982 39.39962048115707 39.51217837420898 39.58684496625875 39.618416167960504 39.608874040477524 39.563114399025245 39.48880166962482 39.39852294200644 39.30911925890181 39.23745564958402 39.19550550905224 39.187556985308454 39.21061513955665 39.25713004818411 39.31812954363314 39.3852925830728 39.45168247970991 39.51162618011409 39.56034033740523 39.59373812725764 39.60865305654907 39.60347441556375 39.57888041781415 39.538150077987716 39.486674937403556
39.334912244655314 39.451977843812934 39.577314342263456 39.677341209049345 39.71408902996439 39.665424808788075 39.56724086187421 39.464330327713064 39.34246251745188 39.197491669836126 39.06252430955915 38.96777248674065 38.923437618353 38.92575528275713 38.96638824282755 39.03755782598144 39.13216117728267 39.24129712614411 39.35242698423317 39.45037266739839 39.52117034842409 39.55607353504432 39.552425146100845 39.511954969111244 39.4402973884161 39.348341048532724 39.2520355479551 39.16887386226703 39.11279514306664 39.09044088252822 39.10060044572353 39.13657253295473 39.189594297986055 39.251503698281205 39.31588975902547 39.37798411185059 39.43396145256078 39.480300714018185 39.513643158524815 39.53125978206473 39.53186639671718 39.51626126431134 39.487320366123704 39.449287067468546
39.24597181857928 39.41799069994049 39.58811507714866 39.71761406070875 39.774631685866495 39.74151117624823 39.65692030025216 39.566011702809945 39.44519509797612 39.29083924968666 39.14370969709755 39.0408235975905 38.996614115228006 39.00742950932028 39.06083072511641 39.142510881690896 39.238968551933056 39.33729800531632 39.42467805288748 39.48931243061126 39.522479425240306 39.51968639224057 39.480248483110444 39.40740046615219 39.309935191735676 39.2028169985373 39.10444021656044 39.03137869799424 38.99347407965044 38.991856499481585 39.02052993177213 39.06999959086663 39.130778859369656 39.1954600954778 39.25915935344269 39.31883059768004 39.37217565202412 39.416821251689285 39.45019030316402 39.47009833735007 39.4756606223674 39.467846445717 39.44922194161528 39.42302940025251
39.10130223064792 39.335351370849594 39.54892958382007 39.69924912093862 39.766360756951606 39.74928076274286 39.68247372254909 39.59702189796328 39.47450115426297 39.319835494036056 39.17411917620998 39.07508930465437 39.03939926401285 39.063626990257646 39.13226793373531 39.22586387774418 39.325922856501286 39.41668839224288 39.48559415884171 39.52377851072159 39.52626537471631 39.49113496422284 39.419329817976454 39.316774978085476 39.19653481365213 39.077527143929 38.97955081916064 38.91723702639497 38.89610628509676 38.91253112706728 38.956926977381286 39.0179486471893 39.085772989939585 39.1536574033395 39.21787066767836 39.276594101268856 39.32856502764241 39.372159328035366 39.4053281070254 39.42634638923708 39.43482966347644 39.43221458657356 39.42119235918235 39.40441710946983
38.95922590172738 39.24041357544483 39.48124684314575 39.63673941022448 39.697200261986445 39.68008487894713 39.62103808093465 39.53871004470089 39.421851436764506 39.28044572930625 39.15111721853146 39.06934019890961 39.05231275046271 39.0964824576924 39.18405595938397 39.29186071547326 39.39800975685521 39.48521914652285 39.54189954311389 39.561978470485165 39.543092956499606 39.48439465079253 39.38771972662797 39.26176412729067 39.12375927264814 38.99586231014213 38.89844669794489 38.84399827002032 38.83448536879791 38.86290643640568 38.91740135051028 38.98559786270893 39.05763544596005 39.127342825642145 39.19179692084758 39.24993155385564 39.30101541013495 39.34372032547372 39.37618267888587 39.3969515198568 39.4061647588549 39.4059956992718 39.39972505101171 39.389880710638636
38.868765454514985 39.16722098919378 39.41051333604334 39.554490714493745 39.59552576343272 39.56135135916996 39.49525678371184 39.41578782996609 39.312881925389064 39.19432893978891 39.09145613724693 39.03658482907447 39.04583650279997 39.11470866144061 39.22353826468874 39.34669876485942 39.460395274635495 39.547069577158986 39.597003084335114 39.607335465320745 39.57773893272892 39.506845620228354 39.39583929995255 39.25516789513164 39.10531664585481 38.970800503998554 38.872203698324725 38.820437975008375 38.81527143648495 38.847856858302 38.90525350467535 38.97476193038622 39.0467394898922 39.115505552288745 39.17864870082622 39.235459549827446 39.285336596902845 39.32689649995604 39.35818012397315 39.37780291718771 39.38631134695751 39.3866505808338 39.38290568115491 39.37778993293209
38.85713413660422 39.137708520486974 39.35731399121566 39.47586604009645 39.49190105598902 39.43288281660347 39.34890772167143 39.270078265610245 39.184812609186814 39.09298499893939 39.02060052834314 38.996654347421334 39.034992108083074 39.129421664995775 39.25872068663191 39.39584913499208 39.51625115307028 39.602998143329934 39.64919203643766 39.65633567544786 39.62624354307134 39.55523025579478 39.44148653447035 39.29549703168385 39.13980343826091 39.00056106582305 38.89862371490494 38.84422359040751 38.83628238327272 38.865429563790386 38.91864715474367 38.98351430090364 39.05084007663398 39.11537964239529 39.175008885128385 39.229102370302094 39.276953835475226 39.31695788846991 39.34693085728972 39.36539770912273 39.3730746344063 39.373376997584316 39.370958285159624 39.36872168432999
38.926334130665154 39.15824829888964 39.33264232483735 39.41621160299901 39.40787926400232 39.330204431107695 39.2312429188658 39.148759943459154 39.07552605463095 39.00684909804256 38.96303180442293 38.96850567674963 39.033716519566184 39.150350599832954 39.29602845583044 39.44312627437541 39.566989372514946 39.65165919483592 39.69384996711418 39.701130166257954 39.67817115384392 39.61720803751233 39.510918046758675 39.36806918049703 39.21217083868333 39.07047036750378 38.9642087859961 38.903642842498925 38.88783742656023 38.90788034615191 38.95146449711237 39.00694929541972 39.065801734853125 39.123191467152694 39.17714578004091 39.226986290122355 39.27183894264367 39.3098955747412 39.338784525662504 39.35687541813625 39.3647602856486 39.36575659430153 39.36443261964415 39.36357777291038
39.0581492619 39.22200786073839 39.338164984541535 39.38184249389392 39.35268946874048 39.26939248958385 39.16940943249274 39.083488340865586 39.012780979425685 38.95805126637497 38.93593161123178 38.96484967523431 39.05075757654489 39.18307338403769 39.3387788334811 39.49030739726458 39.61316267510239 39.69225484278564 39.728271678523456 39.73601386426481 39.72351589192099 39.67800233134948 39.5853871001843 39.451686032936216 39.300430585468355 39.15927379525749 39.04963411591554 38.98203728877452 38.95621541912763 38.96432696129305 38.99531514227705 39.03868137448478 39.0867110830661 39.134997967927774 39.181668328899654 39.22596594105798 39.266907923242535 39.30262185721263 39.33068987999466 39.34933900570359 39.3587760126413 39.36162467809574 39.36163207213237 39.36107941651866
39.22369802303798 39.31443156406446 39.36945045364348 39.37299550417273 39.32610905232205 39.24380150859776 39.150507972371706 39.065427921405146 38.99570792593181 38.949793089844356 38.942818885654624 38.98781271284364 39.086532398910144 39.22672472992685 39.38552183886631 39.53605797947899 39.654283503673575 39.72599381906749 39.755419361876356 39.76315454970285 39.75943641214598 39.72764419533035 39.648842903393685 39.526587892312314 39.38340046822487 39.24617880286481 39.135790511896786 39.06277721496396 39.027623275798064 39.023812259010455 39.04181338410835 39.07247212280491 39.10899361672201 39.14742256219409 39.18598995899756 39.223900890629515 39.26017009338349 39.29302584389149 39.320164496994195 39.339723536767345 39.35137496685013 39.35668483286784 39.35814692001237 39.35730809780515
39.392974568295315 39.418752662138075 39.419229276872244 39.38685515825092 39.32414585245071 39.24183099031986 39.15416092282475 39.073001085111926 39.00791850305915 38.97071810897476 38.974846463313504 39.02935921973526 39.133280590975865 39.273956377770595 39.429728538393526 39.575266565913395 39.68770664639401 39.754192234236044 39.78084647798155 39.78911009202584 39.78845919153246 39.76211292455249 39.691510713308155 39.5793137397005 39.44588936647425 39.31578867624764 39.20818552486125 39.13301302126302 39.09125628523454 39.07768364831807 39.084335236551375 39.103456412553825 39.129211714538776 39.15812380952502 39.188559900625734 39.21974195929071 39.250774266700965 39.28010847181975 39.305678138529416 39.32560980406687 39.3390523372965 39.34649052491993 39.349159710094135 39.34789026226551
39.54158222201295 39.51974131759878 39.479140805606676 39.41862153935762 39.34203300343131 39.25682177623566 39.17160810606365 39.09497033727939 39.03651189497813 39.00759091335066 39.01909019122659 39.07714623648721 39.17948907942547 39.31431532749093 39.46217955731126 39.600189698809665 39.707627291320655 39.77328643883594 39.8025016017542 39.81189856078093 39.8078059784311 39.77749890584908 39.70809127037575 39.603183313329495 39.48020421165399 39.35996235526162 39.258819341249826 39.185387502714605 39.1407485382859 39.120740406097056 39.11886341878476 39.12871096037321 39.14539354586235 39.16592606061855 39.1888446553896 39.21343140676924 39.2389295032669 39.26407088820481 39.28709807590595 39.30622797943974 39.3202458034809 39.32879992256378 39.33215265076613 39.330588278598086
39.65405521303527 39.6055759153755 39.540403683853214 39.46142631987676 39.37386202301192 39.284125492466174 39.19899346977029 39.125776203244094 39.07290786107567 39.049587445216396 39.06384024015922 39.11965334877408 39.21446390886821 39.338148140784604 39.47412624155638 39.60257200119065 39.70541044793113 39.77258377773681 39.80633718134683 39.81607982116742 39.80505995892135 39.766576894451376 39.695306917276675 39.59668710936616 39.48514886921075 39.37721769833857 39.28585015877542 39.217864935446485 39.17409566438527 39.15119946056945 39.14395826049948 39.14720052670729 39.15693129378359 39.170654645946364 39.18709833098568 39.20562808853459 39.22563545281073 39.24613426330386 39.26570285555704 39.282753113602084 39.295937245489235 39.30442408336215 39.307882529370374 39.306259565961895
39.72427388508207 39.66869997406419 39.594677211466866 39.506844534611844 39.41205192271384 39.31782579302666 39.231416409068245 39.15974664680294 39.10969733250557 39.08793856923716 39.099907052518816 39.14810088181947 39.23028896388735 39.33843052365539 39.45905715444406 39.575568626602795 39.67235930897981 39.73966598356118 39.77603629671361 39.78489759518183 39.76790922808025 39.72365035052429 39.65286807247696 39.56249609046395 39.46434642574228 39.37097311701774 39.29200856897593 39.23240823223209 39.192607013648214 39.169895048079 39.16015667464837 39.15931950568981 39.164208590417296 39.17279808145962 39.18401814634168 39.19732720260843 39.21225122948518 39.22805484918835 39.2436439610289 39.257702558350985 39.268960982612164 39.276438151793826 39.279546917752874 39.278075927396316
