_RESULTS/CROSS_VALIDATION_POSTPROCESSED/MHZ/IZ/3comp/3/MHZ_IZ_z_1000_kriged_reverse_3comp_spherical_3.asc
ncols 100
nrows 81
xllcorner 5.5967107548124995
yllcorner 50.982328804812504
cellsize 0.00017565037499993607
nodata_value 1.7014100000000001E+038
[rows 18 to 35 of 81, columns 0 to 39 of 100]
0.0008355545072551426 0.0008972089261916116 0.0008704181063687696 0.000768148746773077 0.0006228012553507265 0.00047009311487805036 0.0003357656647751652 0.00023123044409753527 0.0001566615992850903 0.00010657531255835764 7.423727495232897e-05 5.373143618172889e-05 4.046300771185898e-05 3.210282400401949e-05 2.7133417967416627e-05 2.461651913765358e-05 2.4073756522916294e-05 2.5411646957501485e-05 2.8753341544784148e-05 3.313782604884647e-05 3.81363181968014e-05 4.335063991948093e-05 4.813229960503731e-05 5.241915038892363e-05 5.74637684235678e-05 6.32278223180252e-05 6.95089510666965e-05 7.588388464898118e-05 8.035263486061343e-05 8.20767885397472e-05 8.261512308815923e-05 8.222357402055486e-05 8.099543672474279e-05 7.913232854846769e-05 7.98940499439049e-05 8.505228666239277e-05 9.525667507019463e-05 0.00011196576006687056 0.00013793134964896225 0.00018011525122396286
0.001260748686758053 0.0013438645177030503 0.0012919639907683666 0.0011202266458753007 0.000884579652617094 0.0006451729543719931 0.00044264012048034527 0.000291837803128776 0.00018920517100688518 0.0001234257107067626 8.277385528575933e-05 5.8153249825356e-05 4.3269501139583283e-05 3.4121026114608334e-05 2.8788776126079274e-05 2.6157898085316682e-05 2.567668665364724e-05 2.7244563665615555e-05 3.119576268239849e-05 3.756640469039843e-05 4.514187978335494e-05 5.3479828532162875e-05 6.172611112948394e-05 6.859162374261858e-05 7.379604349635269e-05 7.933449299476313e-05 8.497112863256464e-05 9.022408418614884e-05 9.444967802543994e-05 9.73197894587495e-05 9.890944806036221e-05 9.926554776242539e-05 9.848396962666528e-05 9.685161218665549e-05 9.856359333011701e-05 0.00010560422411105788 0.00011881003599823679 0.00014001076322700233 0.00017308760633234354 0.00022388703896037706
0.0018732130315526263 0.0019641903184069256 0.0018709730516125083 0.0015942294097767496 0.001222585393332252 0.0008566984407290454 0.0005601113201517924 0.0003503555846063549 0.00021539885267654764 0.000133658376242379 8.575358449407576e-05 5.805872674566069e-05 4.214291003805602e-05 3.3111909794479955e-05 2.8198968532148054e-05 2.6056873417583923e-05 2.608642971294992e-05 2.8199848926785997e-05 3.2770051993084344e-05 4.06379780573095e-05 5.0836533863834405e-05 6.22584694521177e-05 7.38957908807394e-05 8.420864819455904e-05 9.132191859600844e-05 9.591283571427949e-05 0.00010013022006311959 0.00010340801471757511 0.00010675967726943547 0.000110761903369455 0.00011373997709256084 0.00011514295601712696 0.0001150471245003136 0.00011374601151944292 0.00011612489804779337 0.00012455641498137492 0.00013991183264359543 0.0001634559578301556 0.00019870681455032836 0.000252051143215605
0.0027412115453938 0.0028394170071939216 0.002649685844955949 0.0022154606556551043 0.0016446892720401204 0.0010992309797344304 0.0006779799041847119 0.00039783405261861586 0.0002294523980721228 0.00013421178572425014 8.184227930784682e-05 5.35871154558379e-05 3.85078365373703e-05 3.053088300737804e-05 2.6659230467238745e-05 2.5342473430877176e-05 2.6092393988180314e-05 2.8933104709760254e-05 3.4336498061834435e-05 4.3339374450233644e-05 5.64451826708739e-05 7.147695663355943e-05 8.698157702183934e-05 0.00010078984184641583 0.00011027403164338115 0.00011314677320049475 0.00011341954630256129 0.00011517131428183645 0.00011791739671938938 0.00012119290830975494 0.00012478500623347641 0.00012744899594335424 0.00012823411427334328 0.00012732754503353056 0.0001298076089800437 0.0001386606017307489 0.00015346938606555807 0.00017564882415127008 0.00020852929916345613 0.00025746548562596204
0.003944788352681175 0.004070393373198199 0.003735411881003424 0.003022496070904717 0.002156256226280149 0.0013617001679180401 0.0007819560343947914 0.0004243937997350786 0.00022668585489969885 0.00012419008582408296 7.318292098527638e-05 4.737964675711779e-05 3.40658317244443e-05 2.7295407560085163e-05 2.430696093859353e-05 2.3882161342335738e-05 2.5500052735255866e-05 2.9234735588979995e-05 3.5680026096092e-05 4.599581281389592e-05 6.179402517869668e-05 8.091898958553915e-05 0.00010087177596084337 0.00011865585717721916 0.0001306808669044788 0.00013391290872067602 0.0001299336185225754 0.00012716833179255704 0.00012720642762824967 0.000129450435834559 0.0001318169033353703 0.00013398671336373955 0.00013549968208712525 0.00013508584151800031 0.00013728250438565988 0.00014453186469541538 0.00015632494298391128 0.00017424762892203637 0.0002007266499238511 0.00023954550338533458
0.005556855514680223 0.005780044503250794 0.005274101114715987 0.004142457029046019 0.002784023691661399 0.001627167710053955 0.0008547659947052279 0.0004214967633228455 0.00020763164961432783 0.00010862191138724404 6.222796035349092e-05 3.984013462539847e-05 2.8793619129544802e-05 2.3505663000553502e-05 2.1524640035361938e-05 2.184923824896558e-05 2.4238964614220322e-05 2.8955943168403295e-05 3.6623577692346676e-05 4.851272515891531e-05 6.67691346560854e-05 9.035680328025815e-05 0.00011518399608083592 0.00013719826962231414 0.00015220403983913202 0.00015792008299176782 0.0001529216806844389 0.00014388252619480842 0.0001378744971892796 0.00013524668390228872 0.00013581585023996455 0.00013643052396969876 0.00013649702347561326 0.00013649702347561326 0.0001373145397682265 0.00014109568347071326 0.00014841946330666962 0.00016027161014229386 0.00017811777042562248 0.0002041677419207536
0.00758550038833551 0.008083378342860685 0.00746729465392306 0.005758918464826869 0.003629519230297513 0.0019050542726353726 0.0008811720114816947 0.0003907744307179876 0.0001793344926356944 8.893427794249768e-05 4.9347827208427665e-05 3.132120743723691e-05 2.293740499729046e-05 1.930792999559741e-05 1.8436583281435766e-05 1.9605665912131673e-05 2.2763002095121804e-05 2.83223172468583e-05 3.716188541309922e-05 5.0757093831383454e-05 7.141774861371043e-05 9.95990907646153e-05 0.00012967019669411954 0.00015745474086212264 0.00017789844149524586 0.00018665458131528204 0.00018160518227912508 0.00016571931342746512 0.00015202767608205243 0.0001424180296756055 0.00013725779714305694 0.00013649702347561326 0.00013649702347561326 0.00013564123364070147 0.00013168996420544248 0.00013031984516070067 0.00013217558274601627 0.00013746148563848487 0.00014665049994451026 0.00016059395334413044
0.00984253993767961 0.01095528883538901 0.01054840452450122 0.008183341672853806 0.004815947370538971 0.0022029897956068615 0.0008778006111373795 0.00034521470226260505 0.00014374915988380892 6.667378957105906e-05 3.574280701316053e-05 2.261959385150802e-05 1.6998307714433055e-05 1.5010052887534449e-05 1.522624332120158e-05 1.726084755846211e-05 2.1285964909016766e-05 2.7896979100931524e-05 3.813561581222421e-05 5.3628797806668706e-05 7.70427652705857e-05 0.00011053700851548857 0.00014805068082885008 0.00018344977702005623 0.0002098606901228513 0.0002214532800806461 0.000215535781556169 0.0001937134570714285 0.00017076154798728588 0.00015384949044368543 0.00014267403093227453 0.00013711398808262718 0.00013644693584800594 0.00013296816739979012 0.00012502723220590099 0.00011836750750285159 0.00011461101561291297 0.00011352781219368001 0.00011509317298513742 0.00011949106816039216
0.011748466187140634 0.01385660080640296 0.014493075508803348 0.011951756774510755 0.006520961222932576 0.0024777158260998696 0.0008369696291160082 0.0002870801362231552 0.00010725116037409128 4.59526588288623e-05 2.3577537170761504e-05 1.4910036878927273e-05 1.1668354733783955e-05 1.1051010254565116e-05 1.2193157462007808e-05 1.5049978555947152e-05 2.0063259531883957e-05 2.8109321699204674e-05 4.0579545458399306e-05 5.957445619927405e-05 8.826987180362576e-05 0.00012997243359575564 0.00017761779619611376 0.00022263046159292174 0.0002558678287331283 0.0002698369504518761 0.0002614435269659723 0.0002330415312826148 0.00019789394673943786 0.00017149416762068936 0.0001530164414404535 0.00014155677541836373 0.0001355629080662879 0.00012910491720118664 0.00011843447060368036 0.00010714309887471843 9.886193120690798e-05 9.30755156545862e-05 8.94259616137146e-05 8.771887909066589e-05
0.012333728762446941 0.015198342344661787 0.017635612776838346 0.017596953019405975 0.008689253133372378 0.0025289806848125987 0.0007181627440252666 0.0002174179265069469 7.340646411679699e-05 2.904939214057435e-05 1.4269520496391584e-05 9.117060231075647e-06 7.621732443711559e-06 7.995604329504893e-06 9.885064051507431e-06 1.3599694761994844e-05 1.9938973773620594e-05 3.0220558535541563e-05 4.6395158942046426e-05 7.124584056819644e-05 0.00010876070850814695 0.0001633089888601664 0.0002257418022805904 0.00028369858325330495 0.00032476953918233233 0.00033955174677019993 0.0003251166338685438 0.0002857983330592163 0.00023502264035725617 0.0001958501290467863 0.00016816912431420977 0.00014985245329251134 0.00013626108547753796 0.00012466005079648878 0.00011200167272241442 9.752321010288163e-05 8.567887335012865e-05 7.658790997676193e-05 6.964844880154197e-05 6.444452077340313e-05
0.010961219873910941 0.013231869968221479 0.015203441963881537 0.015918836104486637 0.007413096393883088 0.0019527055394093708 0.0005209573194709061 0.0001478096036886374 4.6262896799305266e-05 1.6899008641637263e-05 7.869222944239362e-06 5.140189699010526e-06 4.79089951538697e-06 5.842434071706883e-06 8.384333637427222e-06 1.313360704759892e-05 2.142369068923762e-05 3.531851140982003e-05 5.773395975412548e-05 9.256726159959444e-05 0.00014499355620182573 0.00022021936406384712 0.00030449794066587964 0.000379547956041244 0.00042844329727239315 0.0004400797699407531 0.0004131028540390399 0.0003556624011891357 0.0002838038918807143 0.00022744778223406388 0.00018806680364924543 0.00016113615051461635 0.00013914567002738475 0.00012095846972691919 0.00010597333000248135 9.005249841310224e-05 7.53672059887194e-05 6.397401919022571e-05 5.506681142775199e-05 4.805473758907255e-05
0.008254642494544218 0.009075169887738281 0.008870585171355926 0.006796948992021333 0.0033389267078259535 0.0011131026809798727 0.00032447593753982774 9.341956111026424e-05 2.814980431034186e-05 9.443103649704182e-06 3.996474367987356e-06 2.6711579176013905e-06 2.9985190304498956e-06 4.5319339813295535e-06 7.77533859517278e-06 1.4014008641522908e-05 2.5497448857777434e-05 4.56688648006074e-05 7.920288755548826e-05 0.00013181518125663703 0.00021022575056375338 0.0003193615683194436 0.0004356391565960844 0.0005316828004161885 0.0005850802102491612 0.0005846257617972333 0.0005335547576496333 0.00044677273363607605 0.00034558825103772395 0.00026653952131619805 0.0002124783704007396 0.00017471590120600466 0.00014391897246691338 0.00011940894866029797 0.00010071807181685378 8.413509441231582e-05 6.797734670787437e-05 5.48662931288483e-05 4.476674183593189e-05 3.6898089866052965e-05
0.0055141733491920935 0.005396625542186524 0.004500079853638471 0.002980555646156915 0.0014999398327284912 0.0005821402777701568 0.00019299973711946428 5.9817268016640043e-05 1.8312182011702998e-05 5.7649682017902276e-06 2.022605162646488e-06 1.3115058852270166e-06 2.1073988076368315e-06 4.114593139682192e-06 8.378071267299787e-06 1.71405766141279e-05 3.440287545686247e-05 6.636970135705234e-05 0.00012109447782973722 0.00020713744987714016 0.00033247790031493363 0.0004973721228162568 0.0006582803528485939 0.0007751198704009925 0.0008212163137638066 0.0007901617161135155 0.0006953751089107318 0.0005625764683659599 0.00042068331013172156 0.00031268957086818584 0.00024077464033407675 0.00019022510134014838 0.00015027306296446576 0.00011967172035704158 9.693631313338097e-05 7.94952741565833e-05 6.317730542506186e-05 4.884946821743709e-05 3.789165189482195e-05 2.959360231771755e-05
0.0034687007419770956 0.0030737010598874182 0.002304044336823426 0.0014447447910509333 0.0007495489683358076 0.00032360497883439013 0.00012200596429120007 4.2533307395005406e-05 1.4353342058805444e-05 4.853429963446398e-06 1.722647415013082e-06 1.1399957838199247e-06 2.248721621261489e-06 4.935532602064132e-06 1.1053990003351935e-05 2.4635140664954765e-05 5.3336710652926614e-05 0.00010937185257725942 0.00020764856151672206 0.0003603607472637871 0.0005730792462542662 0.000826525905042875 0.0010409846530494578 0.0011636429230612684 0.0011719444506963935 0.0010752850563886366 0.0009057392737696961 0.0007039608104969443 0.0005073521165120482 0.000364374395374061 0.0002720372021757675 0.00020744454372811577 0.0001581025226114787 0.00012151295014370179 9.509425315703727e-05 7.621879192817864e-05 5.990269779996013e-05 4.551684862603046e-05 3.378631183103317e-05 2.5130222347922018e-05
0.002155973782002012 0.001779514754944386 0.0012590559673374734 0.0007813872236138974 0.00042341805251374737 0.0002013947486178013 8.660434030783255e-05 3.5137998238594974e-05 1.4122851540375918e-05 6.002730758454362e-06 3.0930803952041707e-06 2.5990521461031856e-06 3.930096613384184e-06 7.943295555183021e-06 1.7844301804668026e-05 4.136594447239097e-05 9.44934046513691e-05 0.00020386542297497862 0.0003992538452360135 0.0006928032713297872 0.0010694890084632378 0.001445662409071943 0.0016953882390726204 0.0017699005360279137 0.0016748454075862116 0.0014536039898302114 0.001172126133810604 0.0008823210342575711 0.0006207259594704986 0.0004379668608937309 0.00032070127456246446 0.00023821884992165012 0.00017622839807718307 0.00013097127350656342 9.871730547227972e-05 7.624026781500879e-05 5.871190597890491e-05 4.386313805761796e-05 3.200008050007791e-05 2.2865614436986637e-05
0.0013570744476650125 0.0010713249185300637 0.0007420282413068527 0.0004684441926014327 0.00026891734599569404 0.0001412598010772556 6.949275173527312e-05 3.330463417601902e-05 1.6388050513763948e-05 8.928299995957963e-06 6.04017417825304e-06 5.794291519363971e-06 8.15030334518976e-06 1.5154824903009882e-05 3.293303966537721e-05 7.705252426764799e-05 0.00018284297389724492 0.0004139547281401772 0.0008349593410300881 0.0014278525872965233 0.00207935774421715 0.0025628654168367506 0.002754122374554558 0.002662404121180366 0.0023807394658378555 0.00199514569796711 0.0015689344436047702 0.0011547250645439734 0.0007974642418971745 0.000556195717987933 0.00040161209353251233 0.00029293996180289165 0.0002120049044814798 0.00015351669997447164 0.00011227495980256175 8.379530851786969e-05 6.296880516452025e-05 4.577041092205995e-05 3.239397620000596e-05 2.251385311116699e-05
0.0008590903031932352 0.0006629902026179259 0.0004605944885711826 0.0003010260748003909 0.00018513751702054296 0.00010805342584534404 6.111655675306463e-05 3.46488451833981e-05 2.0641260562662874e-05 1.3797729286574144e-05 1.1228545601241635e-05 1.1892679974054079e-05 1.6579379262465805e-05 2.9234976252975573e-05 6.115113451301073e-05 0.00014282743152235213 0.0003521775517353116 0.0008537460658949113 0.0018144177148222427 0.0030042804069895864 0.003910715535142621 0.004250980571135785 0.004166514959523689 0.0038513443623342048 0.003373646311352335 0.0027887095558113274 0.0021584265636139183 0.0015571360783301837 0.0010622434268047947 0.0007377389811634629 0.0005287841424408857 0.00038217679440539907 0.000272884183361074 0.00019408074201691404 0.0001387950820468773 0.00010086936028620804 7.411764672316235e-05 5.263740794140738e-05 3.628981578679511e-05 2.451461543135927e-05
0.0005513544173861168 0.00042316997197097553 0.0002993072420510075 0.00020437439994530136 0.00013509543671292372 8.729772367191237e-05 5.623380064202836e-05 3.7197851282602735e-05 2.6290183423670133e-05 2.081748965602193e-05 1.920628671819583e-05 2.15638428469072e-05 3.01017290128803e-05 5.151120124315324e-05 0.00010454897862252669 0.00024246203365564369 0.0006191098813926863 0.0016553486708457729 0.0040136844749537656 0.0062002656520982035 0.006587190382725059 0.006287461242671996 0.005811610662900099 0.005222037807219706 0.0045263563880287875 0.003742711670243838 0.0029162720988510056 0.0021147569200934834 0.001450087691974114 0.0010116667863923556 0.0007252612084555017 0.0005243060636842064 0.0003726531527554296 0.00026246559999996066 0.00018496501033834405 0.0001318792368221589 9.509455678595615e-05 6.623006111666244e-05 4.468134875177471e-05 2.950545652931597e-05
