_RESULTS/CROSS_VALIDATION_POSTPROCESSED/MHZ/IZ/3comp/3/MHZ_IZ_z_710_kriged_reverse_3comp_spherical_3.asc
ncols 100
nrows 81
xllcorner 5.5967107548124995
yllcorner 50.982328804812504
cellsize 0.00017565037499993607
nodata_value 1.7014100000000001E+038
[rows 17 to 33 of 81, columns 40 to 79 of 100]
0.0010831656168711731 0.001462428594287075 0.0018743125780815305 0.002288062410002178 0.002675708796241132 0.0030131427965212156 0.003275860428677822 0.0034246480933603426 0.00338032220397686 0.0030132342876769062 0.002268000718242415 0.0014072941272650738 0.0007736935195195964 0.00041609827205340346 0.00023480177776337565 0.0001420239415912229 9.203302675035607e-05 6.430618656596713e-05 4.838786157650209e-05 3.8999536209656806e-05 3.343939263541082e-05 3.0299528747986434e-05 2.8821067514654397e-05 2.8733780262703563e-05 3.063970951206309e-05 3.4809428816222614e-05 4.169458713600787e-05 5.2089724818591034e-05 6.441494326457305e-05 7.590884271680334e-05 8.247957539593731e-05 7.965165895358408e-05 7.150179056906268e-05 6.424270318914419e-05 5.965512020264869e-05 5.744326231640663e-05 5.763221676611338e-05 6.059248907323076e-05 6.71643883774171e-05 7.893118936556409e-05
0.0008193034151832464 0.0011397142625371368 0.0015224134334858802 0.001964067380752961 0.002463944506384735 0.0030272970960579645 0.0036651829748192708 0.0043828318633536015 0.005126714200768405 0.005582307994662911 0.004849658878727114 0.0029886357855731746 0.0015691091711991045 0.0008255152856447705 0.00045809584690647176 0.0002675898813070241 0.0001659672153701633 0.00011045100233808561 7.888780143256669e-05 5.988650439617093e-05 4.815854958757324e-05 4.093626232884596e-05 3.7067227070139075e-05 3.664561198725797e-05 3.920993326516252e-05 4.4897245185659814e-05 5.439175824972859e-05 6.891887911200034e-05 8.708205972061752e-05 0.00010313815154606536 0.00010723452300727767 9.942416421757814e-05 8.673876781251925e-05 7.702722248095607e-05 7.025986823967271e-05 6.612498270415043e-05 6.462980818502592e-05 6.612552944538644e-05 7.14438514362787e-05 8.220578727307531e-05
0.000594515493350952 0.0008441762607677519 0.0011634059731898802 0.0015660108275550972 0.002074342933469977 0.0027266269864997714 0.0035881709592872958 0.004768957580338815 0.006448123099820738 0.008849118320932806 0.010142458524380144 0.005307931717831377 0.0026066290806396825 0.0013583744571789545 0.0007456117786035535 0.00043303921230667015 0.00026611521548790967 0.00017088887120935814 0.00011507345654893482 8.216778606256758e-05 6.225067039675441e-05 5.0748005684087216e-05 4.5885030162062496e-05 4.561243311646088e-05 4.929788526593596e-05 5.7256856074857354e-05 7.059418754131593e-05 9.123478699387808e-05 0.00011791258091173551 0.000137016431563292 0.00013926409367219866 0.00012771860072748493 0.00011166070139692718 9.791644846038081e-05 8.717224358308907e-05 7.955609361752327e-05 7.505869140326717e-05 7.398937849300846e-05 7.712585854506218e-05 8.606628765303603e-05
0.0004153936400735681 0.0005940947145651129 0.0008351381485971693 0.0011559233688224321 0.0015866673872378635 0.0021766369946847218 0.0030073865894493673 0.0042132348445222245 0.0060009206089159306 0.008529837217876396 0.009734831967610115 0.005957554144023558 0.003199358292382817 0.0017451154212387967 0.0009905890035789879 0.0005833146740944749 0.0003543909753822114 0.0002231452285442234 0.00014590537766055156 9.941886799178648e-05 7.266500532441708e-05 5.9482675778798064e-05 5.427156658793411e-05 5.465675878422393e-05 6.0103993476782974e-05 7.13146379989513e-05 9.012674137985773e-05 0.00011965717650725657 0.00015557084965494726 0.0001771940496189797 0.00017972439378907194 0.00016463071126733867 0.00014642777087608521 0.00012945023919654062 0.0001135094541952074 9.961599732615727e-05 8.9740864717511e-05 8.418095151997055e-05 8.354509681252477e-05 8.923516478124824e-05
0.0002846829847318685 0.00039873208571708496 0.000564731988576872 0.0007920884761429031 0.0011059525362909083 0.0015455037281965154 0.0021688084882131916 0.003049915266494185 0.004228122217491247 0.005462983681259652 0.0057555336911502926 0.004472282365465202 0.0028822900503953984 0.0017580506524000844 0.0010545597732292392 0.0006341118098623716 0.00038797696411150824 0.00024363083234293632 0.00015779998633038295 0.00010637093184344826 7.867731590788928e-05 6.531700079555347e-05 6.059658956616397e-05 6.228304237327153e-05 7.019976491823563e-05 8.573698383851907e-05 0.00011194045244279669 0.00015367633913088749 0.0001983678664949932 0.0002266290786998709 0.00023218300723144947 0.00021499518274997097 0.0001943059732174602 0.00017268454610687946 0.00015055642208512262 0.00012906998182113136 0.00011002292110765773 9.676917729228073e-05 8.992869756395432e-05 9.033429085947254e-05
0.0001935702340908681 0.0002613740265371521 0.0003623775202240255 0.0005083920556656904 0.0007109012750160917 0.0009934537877699472 0.0013859504138789627 0.0019134293013255278 0.0025539163845123064 0.003136247336642477 0.0032807617922244207 0.0028335448760980373 0.002110318177076077 0.0014205864977394887 0.000905879266759544 0.0005664026215252185 0.00035450090089608006 0.00022498827710388166 0.00014606051145752284 0.00010184769363362747 7.841361419282634e-05 6.658219024141258e-05 6.321671986784986e-05 6.675220896239132e-05 7.765582709918032e-05 9.837071613274323e-05 0.00013379379346922508 0.0001891956413289116 0.0002466665880135233 0.00028937007073600435 0.0003023998013015007 0.0002857617540547312 0.00026240830659411164 0.00023371963545043572 0.00020130333754594495 0.0001681681278117165 0.0001374718799662065 0.0001120155872539749 9.555560559076082e-05 8.826441227787141e-05
0.00013231336001027488 0.00017081953650351108 0.00022689952849991817 0.0003098279797688924 0.0004290044276011687 0.0005928344979005755 0.0008148899132288622 0.001100138754155656 0.0014163799831868626 0.0016794799153060003 0.0017723260121558422 0.0016419828816915862 0.001327551035034436 0.0009631006276152316 0.0006533379954250817 0.00042765384203777686 0.00027615183486445625 0.00017866244947676208 0.00011923268734657712 8.743897736026967e-05 7.062826535386482e-05 6.255102486339299e-05 6.108473371633361e-05 6.661629755469069e-05 8.04833018146166e-05 0.00010651510836643107 0.00015220122499151807 0.00022348744214367182 0.0003035800030415748 0.0003703233283835877 0.00039963118757591824 0.00038872408123893134 0.0003632701951822066 0.0003236007329680847 0.00027366799755383625 0.00022052998105599785 0.0001711855363609254 0.00013022310201505925 0.00010007957938516059 8.275288351060132e-05
9.230867393383332e-05 0.0001131717384055711 0.0001429565006641416 0.00018584070826995798 0.00024762006214507055 0.0003339080233528787 0.00044513889911698776 0.0005793743523117883 0.0007230293284289633 0.0008460531593395953 0.0009101979444860165 0.0008763042577917036 0.0007446452299171622 0.0005729172955649679 0.00041062467227974495 0.0002812217453696112 0.00018786306595375182 0.00012452991142223536 8.754560427118783e-05 6.760892962029901e-05 5.7365796472143274e-05 5.337304289355665e-05 5.426574444662154e-05 6.13344185353486e-05 7.732918805817636e-05 0.00010761704499781022 0.00016482800067924307 0.0002574872044536613 0.0003697004743105526 0.00047607185495390834 0.0005387125667039949 0.0005445397318881251 0.0005199228663670092 0.0004629375964718531 0.00038231144348581413 0.00029423231049392783 0.00021389767951262946 0.00014987436039886283 0.00010385508891182684 7.47385627050417e-05
6.540077158276654e-05 7.56201358133282e-05 8.987436716944588e-05 0.0001096152995675097 0.00013680146045625234 0.00017381721599908924 0.00022284014913380104 0.00028176324202004466 0.0003453308086161 0.00040420458542948453 0.00044228279631919803 0.0004339287955799543 0.0003829812648909626 0.000308866574275223 0.00023206884444514872 0.00016565931482235178 0.00011437049524501257 7.869084516337813e-05 5.840366706932186e-05 4.739194259829636e-05 4.21522405450006e-05 4.112560498317714e-05 4.3950274479282264e-05 5.165170188566582e-05 6.82987669204435e-05 0.00010239662298688177 0.00017189642027856374 0.00028808596231215183 0.0004440521611683364 0.0006145439753057868 0.0007431836850018709 0.0007905092785562668 0.0007766099269292587 0.0006919741638527562 0.0005552780618283793 0.00040421788880541887 0.00027175292973508275 0.0001727998774722914 0.00010678802318794635 6.624823626935185e-05
4.564933716161091e-05 4.957271799543432e-05 5.5179095033655365e-05 6.290981448978225e-05 7.337428992571003e-05 8.733476629475613e-05 0.00010558272197624866 0.00012860047350968682 0.00015585997323345962 0.00018405742932995842 0.00020231836016028042 0.00020219027031281666 0.00018434201897723115 0.00015471751022805692 0.00012108977492790107 8.968472883506114e-05 6.380778372422562e-05 4.596782535775641e-05 3.581586774997258e-05 3.0370356758790325e-05 2.8161690275884395e-05 2.8660816599772933e-05 3.210333694393412e-05 3.9940959192123576e-05 5.671609758940969e-05 9.280891105929239e-05 0.00017125822112559654 0.0003103180594241186 0.0005222354073484812 0.0007929987932396301 0.0010490920825316473 0.0011957570825490299 0.0012225557967705085 0.001093294590423442 0.0008478443697491694 0.0005778267294787774 0.0003553711691915482 0.00020318123817275827 0.0001110466720507548 5.956642468938983e-05
3.180817128861643e-05 3.236306313663889e-05 3.364872280743012e-05 3.57670407403974e-05 3.8906158212925444e-05 4.3355391910148425e-05 4.949632450754162e-05 5.772681696470402e-05 6.827314711623041e-05 8.005533132190592e-05 8.810725288470821e-05 8.987062152677799e-05 8.453479747998002e-05 7.356171220253638e-05 5.970162212697522e-05 4.5685375826931175e-05 3.3421901868691216e-05 2.521051892996878e-05 2.045520005158201e-05 1.7979055304150957e-05 1.729868650901703e-05 1.8407520166141804e-05 2.1862089629923094e-05 2.9186447579514085e-05 4.4491526514731016e-05 7.947313845826446e-05 0.00016030263675219882 0.0003177427808601691 0.0005938014860666092 0.0010118735791809818 0.0015060354555610363 0.0018898306586819494 0.00204727049717722 0.0018456683985237925 0.0013711286210860447 0.0008631571714161368 0.00048099382030785537 0.00024686626545991755 0.00012015491269064016 5.649570094543458e-05
2.246795298102845e-05 2.139629403723569e-05 2.0748262354254486e-05 2.0517923378760935e-05 2.0760864786972207e-05 2.160946317001262e-05 2.3284233138650556e-05 2.6077178663858198e-05 3.0276480608111335e-05 3.49547392621814e-05 3.840648013659443e-05 3.966805507675951e-05 3.8209848651838615e-05 3.4255201765372154e-05 2.8677677182231145e-05 2.258715534812017e-05 1.7031557652615695e-05 1.339131502073856e-05 1.129315344213384e-05 1.0309563021469758e-05 1.0300422115475923e-05 1.1406527185592917e-05 1.4192862493753505e-05 2.0096378443530737e-05 3.279449631086874e-05 6.361410602894493e-05 0.00013891872744246488 0.0003041329350191139 0.0006402970814589711 0.0012508117795207098 0.0021608938739622508 0.0031070929428168486 0.0036743967453668233 0.0033572377920659106 0.002344501442584109 0.0013343718366275992 0.0006677503586730522 0.00030975836174089623 0.00013731111930364863 5.856288295783568e-05
1.6344642373263653e-05 1.4578670845062272e-05 1.3184430273051857e-05 1.2112672958845025e-05 1.1363241660269071e-05 1.0993642879811294e-05 1.1130956070646231e-05 1.1970036740713388e-05 1.3683446452367569e-05 1.5689636533581088e-05 1.7422829533697708e-05 1.8367574351052062e-05 1.814848398756907e-05 1.6723098029067434e-05 1.4389057387608084e-05 1.1627512507728572e-05 9.0275071560047e-06 7.343332348406308e-06 6.380817286958201e-06 5.977736505600214e-06 6.110839050197499e-06 6.922907551559505e-06 8.85824388325868e-06 1.3068203337896672e-05 2.2620561342809136e-05 4.65587443279659e-05 0.0001098292945913922 0.0002670748799561538 0.0006382523170905362 0.0014463199739592424 0.002972314467734642 0.00516268071655146 0.007039677413768831 0.006554343403223609 0.004115447702314652 0.002052120559360842 0.0009202052204977279 0.0003928535797454079 0.00016394522879615664 6.652268904817768e-05
1.2441977109150134e-05 1.042476091846537e-05 8.812485189394029e-06 7.5254509565623195e-06 6.526537653756159e-06 5.823565341585449e-06 5.481698850739306e-06 5.632529182447909e-06 6.363847745413692e-06 7.384709625824504e-06 8.419547612265689e-06 9.142476258380574e-06 9.29889366702147e-06 8.812013424828953e-06 7.795810162372128e-06 6.461789498940949e-06 5.148927110621483e-06 4.291029056158235e-06 3.7947012473388736e-06 3.593443305638431e-06 3.6922233827204704e-06 4.193373608531006e-06 5.3869331821901635e-06 8.075841270915543e-06 1.4435725609962886e-05 3.082262743761684e-05 7.825294940286467e-05 0.00021033168142532786 0.0005633397459910806 0.001458173493149348 0.0035450295718905942 0.0077575151359614665 0.013730912183627651 0.013110054252032972 0.006625872795375339 0.0028271493317964694 0.0011628314974543427 0.00047548266395112 0.0001958946808866308 7.939390824337411e-05
1.0064376277296614e-05 7.966394978993952e-06 6.331609982492557e-06 5.049952961830032e-06 4.052877432036841e-06 3.3089916918023884e-06 2.836905609497941e-06 2.739693986313144e-06 3.103338484838283e-06 3.7553026141539544e-06 4.479569062728657e-06 5.08222228398581e-06 5.3895329026663455e-06 5.308139120709974e-06 4.853560166043915e-06 4.133794218376782e-06 3.3680608294705925e-06 2.851111589368094e-06 2.537570146152862e-06 2.391911290407216e-06 2.4150317027013032e-06 2.6596793905513872e-06 3.2921885482850147e-06 4.780809321205863e-06 8.372516306711838e-06 1.8233296368325778e-05 4.921975890332569e-05 0.0001450573188237888 0.00042693864960895807 0.0012164878396047553 0.003294696828306448 0.008385249559581108 0.020000780418214723 0.019730941768513664 0.007777712096683454 0.0031007952251751346 0.0012557830483812546 0.0005185293249509201 0.00021991627824538727 9.244265086843813e-05
8.77143836474459e-06 6.6156735418871455e-06 4.994664458243792e-06 3.764761169096978e-06 2.8288979530954253e-06 2.12318833664485e-06 1.617903711270859e-06 1.3894225650083672e-06 1.6585900253671778e-06 2.2109613303028844e-06 2.8304828539201986e-06 3.3780466953679488e-06 3.72864840026596e-06 3.7991484532351297e-06 3.5773885089003186e-06 3.123554317936579e-06 2.5894819949590417e-06 2.212071575892761e-06 1.969401158513172e-06 1.8357990306894587e-06 1.8054163661447274e-06 1.897849117368539e-06 2.1765382624299666e-06 2.784718741498289e-06 4.395214685483523e-06 9.613772006375132e-06 2.7908185240785125e-05 8.985655792882098e-05 0.00028216656244783265 0.0008366836567622099 0.002287349135068721 0.005532570540182626 0.010300502680806855 0.010200128780501158 0.005593082410111529 0.002558089260785555 0.0011267473247134926 0.0004980869523863587 0.0002254674296363944 0.00010079383862147491
8.327756432878303e-06 6.050007563555995e-06 4.400281300545897e-06 3.1946342539817336e-06 2.3087660681601447e-06 1.6570907725381003e-06 1.1800570414467526e-06 8.658419845580443e-07 1.1842662168569334e-06 1.6911430919854328e-06 2.2461222621477967e-06 2.75972886085642e-06 3.1291308852848897e-06 3.2719912413192794e-06 3.158257481630618e-06 2.821244619087747e-06 2.372636283691873e-06 2.0368597331192363e-06 1.8098833393757934e-06 1.6680566724212372e-06 1.6002961732244817e-06 1.5948811298361187e-06 1.6165944193254088e-06 1.700243054210299e-06 2.164612399468429e-06 4.939099926360805e-06 1.561255029656256e-05 5.3137518937075944e-05 0.00017076543733497167 0.0004992581274577599 0.0012885235151401152 0.0027657332583225815 0.004384380344596302 0.004448680113247064 0.003070161547967577 0.0017055276092428214 0.0008627729343778941 0.00042432627428311005 0.00021017076796001196 0.00010170640554827201
