_RESULTS/CROSS_VALIDATION_POSTPROCESSED/MHZ/IZ/3comp/3/MHZ_IZ_z_125_kriged_reverse_3comp_spherical_3.asc
ncols 100
nrows 81
xllcorner 5.5967107548124995
yllcorner 50.982328804812504
cellsize 0.00017565037499993607
nodata_value 1.7014100000000001E+038
[rows 38 to 56 of 81, columns 0 to 42 of 100]
10.921593470945062 10.883294781533335 10.867024327515812 10.86311985407337 10.871242808731393 10.890463792267568 10.916293268993046 10.938628271686138 10.95449848787675 10.961278022554652 10.956505769040662 10.938315474096354 10.903926270271334 10.848473103087283 10.771352569129139 10.67450635360083 10.562227683004373 10.44429467088754 10.344622030119774 10.279401623500494 10.247213802000982 10.229547191108306 10.21493122914891 10.20011728635329 10.185849640796974 10.174661763927057 10.169937054021357 10.172807083974634 10.18231410713841 10.20143541263116 10.232400435389472 10.276742772794655 10.351687800863417 10.468460799839523 10.623923932997291 10.811515020222382 11.026549478392953 11.271934827051211 11.540456127863077 11.823694120053275 12.112535455561893 12.395478542677333 12.660928753156533
11.167070456579843 11.148410982919426 11.147083804137955 11.152079455847444 11.161845227135126 11.174092138762317 11.178452355997887 11.17228112159132 11.15436545766432 11.123450701943893 11.07857910532901 11.019424279258878 10.946589978874314 10.861862233848402 10.765978979456287 10.655858803780296 10.53686013078234 10.422877646634268 10.316475430493913 10.225950382123722 10.154735175975244 10.097077397228277 10.046683693889962 10.000497914612374 9.95843627958446 9.922412589950595 9.895173811682268 9.875814044498993 9.867107762625613 9.872970692289709 9.89756509709426 9.945724742116795 10.023501101755675 10.143574518443769 10.30590592305857 10.502491169456752 10.729009405520197 10.985855849994818 11.264207277615988 11.55480871126833 11.84828062980508 12.135095655464024 12.407855585518593
11.416849383914197 11.4175301668833 11.431074030739524 11.446141697604988 11.458888980634756 11.45988300797598 11.444172266634844 11.411606388669822 11.361987434084996 11.295307740238062 11.212004365376888 11.113207420276591 11.000962573884271 10.878418999775924 10.749991521774401 10.62138500843802 10.498933641418413 10.382712898570015 10.262773432177887 10.149802830622992 10.048245185107309 9.957298476559522 9.874377098915998 9.797733598342466 9.727361137176096 9.664992425344739 9.610987570909206 9.566459590349725 9.538038702354795 9.536531167600758 9.564505512703462 9.622328851209353 9.71001652884832 9.837286823145961 10.007371919262322 10.214189795005344 10.454442586949186 10.724332304694178 11.013649105046424 11.3123140724925 11.6104718042018 11.898903082908863 12.171221516536853
11.665286022830998 11.685439341695783 11.713555839244473 11.740104676980598 11.753533645883875 11.743318773272577 11.709372495188966 11.65216584825744 11.572422863264977 11.471292966499528 11.350521376166787 11.21260584562156 11.060928315025405 10.899848340957805 10.734737847974012 10.580544036168352 10.453531511149986 10.324656852985386 10.189310380662944 10.056124166896854 9.92976919750252 9.81137376058293 9.70026211205602 9.595694828729535 9.497948295620198 9.407543496535176 9.324117823783155 9.259660557134797 9.222477922050391 9.216345522584476 9.244912573588387 9.310239524045043 9.411257386008112 9.550740499505924 9.731516235271148 9.95167500868353 10.208773731314327 10.494010418240979 10.795896288360982 11.103577758986894 11.406889618604538 11.697174091549718 11.967148430871
11.906454186219257 11.946592338663823 11.98910860693397 12.027645206640026 12.039600067176961 12.020053622948916 11.96957972858018 11.889193648445739 11.780479084361058 11.645688911765182 11.48781956556052 11.31066342089663 11.118840380307123 10.918545538995932 10.727990872053878 10.560614829641745 10.40832182409372 10.253105545890495 10.101866248244926 9.950790280544192 9.804117000842846 9.663492287851353 9.528850701123934 9.399781927778045 9.27600250894237 9.156865132864421 9.056059392358735 8.979025304377403 8.929909367989243 8.914639200437238 8.939723324257821 9.01005111731195 9.126178815357873 9.283493897110684 9.482154229851421 9.721067797386034 9.99889280902781 10.302335044395248 10.618563577063188 10.93609550944056 11.244344272718504 11.534889066373196 11.801697455032476
12.134073004877832 12.195062647517412 12.252933018822123 12.300034112939812 12.312254573213592 12.285344959791045 12.219968524220253 12.117625315253473 11.980737184994448 11.812656621554446 11.617619663109554 11.40072099228192 11.17437133005851 10.951880064786344 10.743262330737343 10.557853073559043 10.372407637923912 10.183796489069255 10.00598810193138 9.839636232034271 9.677047663402648 9.519419656859887 9.366286528162803 9.216383395380074 9.06825100345759 8.935723721947037 8.822134335638692 8.72982360206686 8.664243507305182 8.634051348561822 8.650069798685582 8.722080056150375 8.853710188862616 9.038511405337776 9.263882622586713 9.529890637908128 9.833235267471945 10.157952003966496 10.4900135197178 10.817633767909033 11.12891050865133 11.418314188914614 11.680216290687296
12.341447234674451 12.424502590449048 12.49909086604483 12.551511176834632 12.566284987170953 12.534114260044502 12.455406212698634 12.332118361689703 12.167553086066773 11.967371245313199 11.741965872165304 11.500539067235518 11.252698000013126 11.008485142210915 10.778271670137993 10.567072085125465 10.346676501249597 10.124457051530895 9.914775436402405 9.728153842189341 9.554573212793628 9.385747125409253 9.219182949337124 9.051399225701571 8.895722002088018 8.75511311189007 8.628793030243328 8.518990269002662 8.431960152709223 8.379229420976522 8.377831295515051 8.446392718283663 8.594903224241529 8.815130830656361 9.084595564329776 9.388481622299253 9.722592400937978 10.071167826951113 10.419574178506686 10.75556625775226 11.067692595537505 11.353312334687486 11.607400067177053
12.529074124135093 12.63355268780028 12.72351083598381 12.78146333834414 12.798596920491592 12.764580193807525 12.676837589167642 12.538904881072419 12.356632137045697 12.13775707700126 11.891340445877367 11.627224492359282 11.355634395419024 11.086976087199147 10.831838058266658 10.589167214815884 10.332543171899788 10.076121681068017 9.836045913899811 9.624514519278494 9.44274569202122 9.268308033944512 9.092164881729241 8.923184366168439 8.767822755424612 8.622230520242935 8.484817422761944 8.356849167451314 8.243967318488714 8.15919856893745 8.127106069505736 8.182853817834845 8.351633672707527 8.620427980541029 8.95298411232275 9.311733260707802 9.681013475488205 10.054277045653235 10.4175615585771 10.758087496054545 11.067560359506947 11.345206922815107 11.587229074083332
12.727984460288539 12.853574458386033 12.960452901256295 13.026931260688002 13.046109394146718 13.01386870956384 12.922088311174576 12.773656722783505 12.57548770673583 12.336675080105607 12.067586593033504 11.779072319700765 11.481949324223152 11.186804541579667 10.904120065847458 10.626753911623153 10.33241548518354 10.040095087008792 9.770347721752527 9.538250591163573 9.345016592404 9.171384763532675 8.999548357038035 8.841188033005116 8.691204726702026 8.545304600113779 8.400966172018656 8.257661197051705 8.11819643840358 7.992679879678044 7.909129791524993 7.931395626663007 8.12927788987091 8.475029756261963 8.888616516072366 9.313829096542593 9.726070340049377 10.12137535349003 10.494476213076155 10.83383984126323 11.134814744677215 11.398495726954163 11.62275455471848
12.937395639276714 13.086885038785637 13.21472803288268 13.29697331101929 13.324509755046982 13.292414093705062 13.197288276106464 13.037649577356994 12.822024676269535 12.561459187124527 12.268067281963168 11.95391357000621 11.63039113371953 11.308048215124517 10.996793293545007 10.684452594721549 10.351181780779802 10.018342976736964 9.71483197362737 9.466520349752273 9.270611772439421 9.105059118938364 8.95374786109115 8.81144500612765 8.672269137663017 8.532241976039085 8.388351413477361 8.238307625303541 8.080887425777664 7.917718527209656 7.761972536822034 7.694503389081662 7.953590037892908 8.425623778670607 8.929211714084854 9.415958368562077 9.868460830991452 10.285941981798153 10.660812398827346 10.990500062194416 11.27456929319926 11.516372839199036 11.715741854538189
13.151894404260316 13.328127684266434 13.482740513365151 13.58700519653617 13.62788518167059 13.598178254583196 13.496765038549292 13.325879395620447 13.091362700748444 12.807298762248445 12.488330197365729 12.148079124971181 11.798521853964013 11.449938399645436 11.11117560209107 10.766804465396875 10.39484633053303 10.014606611269624 9.66549328628763 9.41241965269515 9.234025716047412 9.087373245673769 8.961965124810373 8.839276507835264 8.715718524012084 8.588533415679844 8.455174549447051 8.313082646772486 8.15958146649039 7.991846525094825 7.8071770679706445 7.611945420417858 7.989267926279303 8.56372595229825 9.121669263567716 9.644674128851765 10.119600445138126 10.547552355029817 10.920589010307518 11.233465682238634 11.489884631957576 11.700076504754277 11.8662833344269
13.366291059372196 13.570402595809963 13.761420245210443 13.894843011137553 13.954118723813117 13.929052461470851 13.81755603284311 13.627128405437405 13.37040318863027 13.06068608935163 12.715396939796483 12.349707591970153 11.976066026778895 11.604515833794606 11.243136218860823 10.876891053551333 10.478961629385399 10.06038089981435 9.635620412300296 9.406827292060177 9.261406195803815 9.13420047085225 9.030547072321458 8.927603167834619 8.822860556210301 8.715011475216567 8.602859307230647 8.485637853161247 8.363880222169396 8.242249231922544 8.141938361572853 8.152581387486228 8.446948624816837 8.945704111846233 9.489129183195951 10.012843838771394 10.487436448850792 10.907745173195352 11.263470798862787 11.551658632648103 11.779559432226758 11.957095509320254 12.088640976924985
13.580761423196497 13.820919391797878 14.048134201364707 14.215520644982455 14.299142790536889 14.281434752650728 14.157506499833348 13.93911188545369 13.648651952194932 13.309261793731439 12.937236435006044 12.548109749281172 12.154420342622982 11.765899331395264 11.390322796892079 11.017293034082243 10.617184374688964 10.204672747586518 9.817889590749742 9.55631641132766 9.382778057934448 9.25431932491598 9.160746423190847 9.074779294894237 8.990203131997426 8.906494165546869 8.824036543316124 8.744808294065667 8.674143268720123 8.626860735572652 8.636162271982332 8.761060264266284 9.057436468041747 9.499756991443899 10.007360231902176 10.511464254072411 10.968255173361987 11.363760384266868 11.689648244627447 11.946761971492702 12.140833794354103 12.28298981686387 12.37943027254081
13.781554219644047 14.062033429547249 14.326839222739693 14.53522419346968 14.652932766197935 14.647274831343166 14.506378720900312 14.251290152050702 13.918699343147923 13.540921764961084 13.140685662284904 12.732058249239087 12.324086836722127 11.925859298633451 11.545106023437206 11.178673647587905 10.795890280431927 10.413735511005903 10.065701596081619 9.786605994825894 9.578215137317898 9.436690308431462 9.345094858040023 9.27326359323824 9.209026181322171 9.151996546959404 9.103780407871888 9.069044113920938 9.058882527933392 9.089860101288176 9.188340866067962 9.388013166104555 9.710603434815951 10.14092757317173 10.62976030615686 11.116174352493461 11.551004705653044 11.918553524305807 12.204728472276686 12.4150546415445 12.56149608535749 12.657644109122291 12.711634298382194
13.94426221575944 14.259689176810596 14.56657581285917 14.825500047928998 14.99328605606738 15.009183317603428 14.842241587090635 14.538354081852503 14.159309673663664 13.744772588658483 13.317311831161586 12.890503475229936 12.473522014535671 12.073209478984632 11.695179237734703 11.342893256701114 10.986184490173462 10.633893605752302 10.308570855137491 10.028074032832414 9.807998988713436 9.659006269348064 9.569027150092149 9.510398448977137 9.466234753213936 9.436815321850421 9.426120915015277 9.440299981634114 9.48937446321759 9.58831058607698 9.756774704917838 10.014680955426392 10.371709225103999 10.816064572145843 11.310856200973216 11.802060818096852 12.232420309399334 12.563227680735292 12.788629803226218 12.93340356952645 13.019979283797426 13.062393013350649 13.069373268883533
14.051449685277145 14.390837281331152 14.730629677746274 15.03708360179172 15.270146147117536 15.328772767479503 15.114684684203217 14.755503176187679 14.338225444477715 13.898939022268225 13.456046582518802 13.020477717695911 12.599901512597059 12.200714216312978 11.829132422336476 11.49169196530223 11.1647203526252 10.841110869805384 10.536789813471207 10.264251547742925 10.047187664104154 9.900067544371643 9.816428797164473 9.773145498007203 9.751573110302807 9.752434839524653 9.779129915700702 9.837895204853412 9.938110804074123 10.09230009792032 10.314932322652414 10.618952389191062 11.00999271873814 11.480159840777471 12.008377889797009 12.54582553554912 12.994785190839666 13.269902388394843 13.403824719100157 13.465505322685761 13.485732725439226 13.473586145488087 13.434077225400406
14.091133875239409 14.436619001773089 14.784698459791171 15.105823088461296 15.366200130119529 15.47847113021301 15.217212859417902 14.844848034367272 14.423318134490822 13.98375587616939 13.543347602246483 13.11255802832793 12.698844116590276 12.308491621661355 11.947557774344714 11.622401831346664 11.325124533864622 11.030355983485169 10.74928025956585 10.492496139923167 10.288144395042451 10.152080200499546 10.081545407108235 10.056073863578073 10.057022531692018 10.085556877240093 10.145107748434624 10.241444823160501 10.382646628416124 10.57868922581804 10.840235507917294 11.17633619520439 11.59134653970041 12.086960825542066 12.661734406026282 13.281348388629866 13.81590708159621 13.976201746370137 13.981754783708947 13.959775024171698 13.92200736289718 13.865035774859624 13.786199495018032
14.060009915653598 14.392043555563937 14.719425401462821 15.01231788130224 15.219202507380711 15.266007839503517 15.098540895479207 14.785857566433725 14.403001386741881 13.991126191744465 13.572583435259405 13.160598786649139 12.764130728235932 12.390239584061952 12.045230112903445 11.735177333282746 11.463328172345514 11.200860197785426 10.947534408241737 10.712970718326682 10.527025290501003 10.407532049107079 10.354136365828804 10.34661471122169 10.368410668107202 10.421044983658534 10.507746911921943 10.633467575235123 10.804690709983088 11.02890150553604 11.313550991568196 11.664488200286392 12.086440515196019 12.592072514285752 13.174676951321395 13.819751119620507 14.453698686687154 14.480940512032081 14.42119173835637 14.361119914293466 14.29430615575867 14.21240275543373 14.108217352619551
13.96447199060365 14.268696730173284 14.55849070670392 14.806657812491144 14.96467286860616 14.99058558291049 14.867006110319684 14.619726795836186 14.294104987674544 13.927762013796164 13.545674293440818 13.163915650337419 12.79346800168388 12.442612613458607 12.118223394796338 11.826389888079254 11.57261790220099 11.346059295377918 11.12542376217608 10.918783558969253 10.755345018187503 10.656357023939547 10.622745888121592 10.632468406551993 10.672767400192864 10.745311937562013 10.85292039385403 10.999514017995828 11.189845458643855 11.428929718367247 11.721103943241877 12.068815185808429 12.484089831089461 12.967738113113173 13.499895963208818 14.041761319911341 14.475386718109116 14.653879800269593 14.675311674021835 14.64255371827679 14.58301349514651 14.499309157118754 14.38746478490455
