_RESULTS/CROSS_VALIDATION_POSTPROCESSED/Berg/GZ/9comp/3/Berg_GZ_z_710_kriged_reverse_9comp_spherical_3.asc
ncols 100
nrows 90
xllcorner  5.6208707817415728
yllcorner 50.959635321741573
cellsize 0.00013419651685393446
nodata_value 1.7014100000000001E+038
[rows 0 to 17 of 90, columns 40 to 79 of 100]
0.002189653770537438 0.0028387577763698537 0.0037536267113498028 0.005054033579861612 0.006915050452692673 0.009590523026989288 0.013443789347019399 0.01898521233103767 0.026913181408990215 0.029537226653311932 0.021582209050253078 0.015723298543482696 0.011417542411836009 0.008317331519747062 0.006108471824649677 0.004531707677401538 0.003402645401474257 0.002590854733839028 0.002004418684833293 0.0015787071252081606 0.001268330091876339 0.0010414329321570498 0.0008756886597674622 0.0007555072579328577 0.0006701137510890566 0.00061224972620591 0.0005773325528129683 0.0005629699990613368 0.0005624915588524168 0.0005624915588524168 0.0005624915588524168 0.0005624915588524168 0.0005624915588524168 0.0005624915588524168 0.0005624915588524168 0.0005624915588524168 0.0005624915588524168 0.0005624915588524168 0.0005624915588524168 0.0005624915588524168
0.0019514135540887809 0.0025118828316743128 0.0033031771839734827 0.0044288848788602755 0.0060377933238144384 0.008335701568952667 0.011579403002547268 0.01596654729873662 0.020897472788353272 0.022294410188482296 0.018625199094275152 0.014349029130755227 0.01079201975054551 0.008025501384234735 0.005940663513501423 0.004430025795475492 0.0033393492909305073 0.002550574921004792 0.001978304337491924 0.0015615083999756243 0.0012568586440166907 0.0010337144912123126 0.0008704811884440507 0.0007520199833737106 0.0006678401580833731 0.0006108670661535948 0.0005766413509700988 0.0005628586200805075 0.0005624915588524168 0.0005624915588524168 0.0005624915588524168 0.0005624915588524168 0.0005624915588524168 0.0005624915588524168 0.0005624915588524168 0.0005624915588524168 0.0005624915588524168 0.0005624915588524168 0.0005624915588524168 0.0005624915588524168
0.0016403448480332423 0.002084037653090232 0.002706511005857827 0.003582725416110212 0.00481286632064332 0.006515470349072415 0.00878274130470275 0.011520678916847002 0.014053266363025849 0.014969112121698023 0.013754025987781741 0.011505158774740372 0.00917880210249982 0.007140717891422164 0.005468665922103301 0.004146768298003714 0.00316074060004788 0.0024358338205296977 0.0019033787039209773 0.0015118876663640496 0.0012236189042854311 0.0010112768195962225 0.0008553096989748251 0.0007418505500784917 0.0006612164567530963 0.0006068589097843406 0.0005746741393632076 0.0005626132974558318 0.0005624915588524168 0.0005624915588524168 0.0005624915588524168 0.0005624915588524168 0.0005624915588524168 0.0005624915588524168 0.0005624915588524168 0.0005624915588524168 0.0005624915588524168 0.0005624915588524168 0.0005624915588524168 0.0005624915588524168
0.0013065796536027498 0.0016300934328507557 0.002079063665760963 0.0027005459839420432 0.003551231391264209 0.004684286486996762 0.006108979706599752 0.007701928031385495 0.009098300738681979 0.00977485649359455 0.00948953501363634 0.00849768059671031 0.007209772754939581 0.0059090336652875865 0.004731570272662537 0.0037245814619744732 0.002896278314102359 0.002262934169824807 0.0017889395192054887 0.0014352939123405003 0.0011718871752017584 0.0009761405273902856 0.0008314543641313941 0.0007258355179992342 0.0006508109388373051 0.0006006318901629155 0.0005717433089473331 0.0005624915588524168 0.0005624915588524168 0.0005624915588524168 0.0005624915588524168 0.0005624915588524168 0.0005624915588524168 0.0005624915588524168 0.0005624915588524168 0.0005624915588524168 0.0005624915588524168 0.0005624915588524168 0.0005624915588524168 0.0005624915588524168
0.0009920215354340964 0.0012104975997270352 0.0015103302743872714 0.001918640549126225 0.0024646037039552414 0.0031688131566780012 0.004021148285767173 0.004943638808483355 0.005765757362316851 0.0062716365393832695 0.006330917627672808 0.005980464794553598 0.005364198213658324 0.0046311488168080525 0.0038870451308951792 0.0031925473690212836 0.0025763866445936705 0.002053509917118548 0.0016477542655890568 0.0013394142765557075 0.0011063884749071024 0.0009312746652258349 0.0008008277536807614 0.0007052444775422599 0.0006374999461769042 0.0005928240620218712 0.0005683487126371957 0.0005624915588524168 0.0005624915588524168 0.0005624915588524168 0.0005624915588524168 0.0005624915588524168 0.0005624915588524168 0.0005624915588524168 0.0005624915588524168 0.0005624915588524168 0.0005624915588524168 0.0005624915588524168 0.0005624915588524168 0.0005624915588524168
0.0007122152424818796 0.0008444332502964139 0.001026635510378748 0.0012743057635233009 0.0016034697638860548 0.0020246454588293333 0.0025311249755147983 0.0030833234499369985 0.003600283691323521 0.003977650032928772 0.004146014186834249 0.004092443455954552 0.003854592666516097 0.0034946240092710045 0.0030728642767878706 0.0026357901304496774 0.0022144842521918066 0.001827392580329352 0.001493235214190015 0.001232650736149824 0.0010324588173998828 0.0008801274359421316 0.0007657077514627388 0.0006816264431202894 0.0006223795747989563 0.0005842554401650835 0.0005651524627346151 0.0005624915588524168 0.0005624915588524168 0.0005624915588524168 0.0005624915588524168 0.0005624915588524168 0.0005624915588524168 0.0005624915588524168 0.0005624915588524168 0.0005624915588524168 0.0005624915588524168 0.0005624915588524168 0.0005624915588524168 0.0005624915588524168
0.00047814236744202866 0.0005495472660500574 0.0006503143833148412 0.0007890880382882018 0.0009750746619175666 0.0012152569765559395 0.001509219141547529 0.0018423547208759308 0.0021812658647124 0.0024773796234456766 0.002681013818706557 0.0027586750480405003 0.002713730801236464 0.0025739533277185133 0.002366405473423059 0.0021184238684011534 0.0018532693676468507 0.0015887037058934144 0.0013371787919619171 0.0011227922497627223 0.0009552659164375193 0.0008261670918271295 0.0007284659605048987 0.0006566492496779782 0.00060667200580355 0.0005758759722061318 0.0005629542607138632 0.0005624915588524168 0.0005624915588524168 0.0005624915588524168 0.0005624915588524168 0.0005624915588524168 0.0005624915588524168 0.0005624915588524168 0.0005624915588524168 0.0005624915588524168 0.0005624915588524168 0.0005624915588524168 0.0005624915588524168 0.0005624915588524168
0.00030293808562333513 0.0003369184954572962 0.00038791359187698827 0.0004607368498620727 0.0005609172983264978 0.0006935774239558298 0.0008612363094706772 0.0010606800268129284 0.0012800565120917342 0.0014983087200082417 0.0016885692060279616 0.001824714862763556 0.0018879641455866502 0.0018715822510256888 0.0017945005198250468 0.0016739177256247203 0.0015235638522927062 0.001356372537767759 0.0011833821885311711 0.0010161707677375199 0.0008792564051780393 0.0007725292558004324 0.0006913466736313047 0.0006319638508672272 0.0005916454173550249 0.0005687227541903848 0.0005624915588524168 0.0005624915588524168 0.0005624915588524168 0.0005624915588524168 0.0005624915588524168 0.0005624915588524168 0.0005624915588524168 0.0005624915588524168 0.0005624915588524168 0.0005624915588524168 0.0005624915588524168 0.0005624915588524168 0.0005624915588524168 0.0005624915588524168
0.00018282209516200644 0.0001964219299965687 0.0002200041449614117 0.00025621707678130196 0.0003084219838875534 0.0003803094687976637 0.00047501464513346786 0.0005936615357057767 0.000733605757811942 0.000887094971570842 0.0010412440830540035 0.0011797702045118264 0.0012860483475308493 0.001346423951900621 0.0013527715942241293 0.0013121822527725204 0.0012407009190795576 0.001145917129982349 0.0010356661937072674 0.0009172799490208975 0.0008078852122101656 0.0007218150072376935 0.0006563275303928393 0.0006091144615439934 0.000578561629157634 0.0005638965126941895 0.0005624915588524168 0.0005624915588524168 0.0005624915588524168 0.0005624915588524168 0.0005624915588524168 0.0005624915588524168 0.0005624915588524168 0.0005624915588524168 0.0005624915588524168 0.0005624915588524168 0.0005624915588524168 0.0005624915588524168 0.0005624915588524168 0.0005624915588524168
0.00010607433032050096 0.00010987186892962139 0.00011968834142414 0.00013693159227580996 0.00016361446520164318 0.00020226655875656266 0.00025562117334672097 0.0003259764872955487 0.0004142268964418822 0.0005187553280126295 0.0006345808102577663 0.0007532064963063564 0.000863420831174772 0.0009529607495281084 0.0010106477945114921 0.0010284797455622381 0.0010086309594397435 0.0009649494989890392 0.000902321595576494 0.0008258493820390556 0.000743591467823517 0.0006760356290517907 0.0006250678323731029 0.0005895027311317375 0.0005686594718968587 0.0005624915588524168 0.0005624915588524168 0.0005624915588524168 0.0005624915588524168 0.0005624915588524168 0.0005624915588524168 0.0005624915588524168 0.0005624915588524168 0.0005624915588524168 0.0005624915588524168 0.0005624915588524168 0.0005624915588524168 0.0005624915588524168 0.0005624915588524168 0.0005624915588524168
5.973325910141318e-05 5.9480506618779005e-05 6.297311053245806e-05 7.091493330497109e-05 8.448019380184518e-05 0.00010532745742753391 0.0001355286543223888 0.00017733188429664906 0.0002326881958883883 0.0003025420261177571 0.0003860059540782742 0.0004796630726497034 0.0005772913616733594 0.0006702373550026397 0.0007484958616401185 0.0008023400509514954 0.0008241611384073357 0.0008154009361946748 0.000787573638992252 0.0007438489351461995 0.0006879412537897045 0.0006366706900710914 0.0005989328940913741 0.0005744042825496529 0.0005631769094455657 0.0005624915588524168 0.0005624915588524168 0.0005624915588524168 0.0005624915588524168 0.0005624915588524168 0.0005624915588524168 0.0005624915588524168 0.0005624915588524168 0.0005624915588524168 0.0005624915588524168 0.0005624915588524168 0.0005624915588524168 0.0005624915588524168 0.0005624915588524168 0.0005624915588524168
3.29801525053232e-05 3.143425424811569e-05 3.229072776891886e-05 3.5868940120443126e-05 4.283656436631708e-05 5.4248262873300045e-05 7.157141892184584e-05 9.664012184614523e-05 0.00013146630809927204 0.00017785347722938668 0.0002368102915339101 0.00030784773055848527 0.00038833964821855297 0.00047318764001791765 0.0005550148836149449 0.0006250038306297683 0.000674309171546463 0.0006957730006402575 0.0006927443085578375 0.0006739901826547854 0.0006414759692803648 0.000604798218348099 0.0005790757295660881 0.0005650313648380441 0.0005624915588524168 0.0005624915588524168 0.0005624915588524168 0.0005624915588524168 0.0005624915588524168 0.0005624915588524168 0.0005624915588524168 0.0005624915588524168 0.0005624915588524168 0.0005624915588524168 0.0005624915588524168 0.0005624915588524168 0.0005624915588524168 0.0005624915588524168 0.0005624915588524168 0.0005624915588524168
1.8064568195754067e-05 1.636596032309145e-05 1.6255564079836324e-05 1.7857336186921704e-05 2.154291991420978e-05 2.796866110470853e-05 3.81397513989924e-05 5.344987050681799e-05 7.564085338471694e-05 0.00010662870857619419 0.0001481507836385238 0.0002012275698831446 0.00026550688047853697 0.00033864846857135586 0.0004159751627471763 0.0004906186796627542 0.0005542960187873639 0.0005986719092002408 0.0006174114313061135 0.0006175050762968593 0.0006038706383372452 0.0005812628608887174 0.0005665593451712726 0.0005624915588524168 0.0005624915588524168 0.0005624915588524168 0.0005624915588524168 0.0005624915588524168 0.0005624915588524168 0.0005624915588524168 0.0005624915588524168 0.0005624915588524168 0.0005624915588524168 0.0005624915588524168 0.0005624915588524168 0.0005624915588524168 0.0005624915588524168 0.0005624915588524168 0.0005624915588524168 0.0005624915588524168
9.968552014438573e-06 8.486734580073064e-06 8.09155598567415e-06 8.823619842345934e-06 1.0883589341117732e-05 1.4665949830191185e-05 2.0850174449710498e-05 3.0471937112081192e-05 4.4948401681398406e-05 6.602816848700485e-05 9.561272571393695e-05 0.00013540104360337235 0.0001863506026248749 0.0002480242871915795 0.00031798493179611916 0.00039147010354936493 0.00046158213285828605 0.0005201289570413234 0.0005590548982624449 0.0005747702259966302 0.0005763347684369555 0.0005668622472543975 0.0005624915588524168 0.0005624915588524168 0.0005624915588524168 0.0005624915588524168 0.0005624915588524168 0.0005624915588524168 0.0005624915588524168 0.0005624915588524168 0.0005624915588524168 0.0005624915588524168 0.0005624915588524168 0.0005624915588524168 0.0005624915588524168 0.0005624915588524168 0.0005624915588524168 0.0005624915588524168 0.0005624915588524168 0.0005624915588524168
5.673562824596555e-06 4.456998105121118e-06 4.0119253095768115e-06 4.374655931853982e-06 5.637372666169255e-06 8.006203500883263e-06 1.1945869302030252e-05 1.8236421265764693e-05 2.8015049613124727e-05 4.279487107766116e-05 6.44036470156142e-05 9.477934160699468e-05 0.00013557610403597958 0.00018758393112208068 0.0002500491516828801 0.00032008049122290126 0.0003923939068972643 0.00045963677150056783 0.0005134045089676959 0.0005458392012010967 0.0005599371986115373 0.0005624915588524168 0.0005624915588524168 0.0005624915588524168 0.0005624915588524168 0.0005624915588524168 0.0005624915588524168 0.0005624915588524168 0.0005624915588524168 0.0005624915588524168 0.0005624915588524168 0.0005624915588524168 0.0005624915588524168 0.0005624915588524168 0.0005624915588524168 0.0005624915588524168 0.0005624915588524168 0.0005624915588524168 0.0005624915588524168 0.0005626279400744949
3.4646531212832386e-06 2.4604771607314453e-06 2.000262048857296e-06 2.2291056195773145e-06 3.1179840664757035e-06 4.7114941448641435e-06 7.363162112903668e-06 1.1686272961227119e-05 1.8604268754325208e-05 2.941217691335491e-05 4.579063142929072e-05 6.971226919919862e-05 0.00010317803932309725 0.00014774480285485982 0.00020386835266302032 0.0002701836347146601 0.00034294736804034133 0.00041592496401806684 0.00048095698249113315 0.0005292632154357238 0.0005553501861961555 0.0005624915588524168 0.0005624915588524168 0.0005624915588524168 0.0005624915588524168 0.0005624915588524168 0.0005624915588524168 0.0005624915588524168 0.0005624915588524168 0.0005624915588524168 0.0005624915588524168 0.0005624915588524168 0.0005624915588524168 0.0005624915588524168 0.0005624915588524168 0.0005624915588524168 0.0005624915588524168 0.0005624915588524168 0.0005627773404555726 0.0005674178607111416
2.4040422026232657e-06 1.582920699666221e-06 1.0882324651409725e-06 1.3162309174301725e-06 1.9907094737143353e-06 3.1189907440050064e-06 5.011255807753461e-06 8.165734807130584e-06 1.3350213380853925e-05 2.1687446131379456e-05 3.4714704274836454e-05 5.4366888090176446e-05 8.281669561831587e-05 0.0001221090840503194 0.00017356733513891267 0.0002370326299305183 0.0003101146813124573 0.00038773464361097234 0.00046226858874347574 0.0005225456247955282 0.0005548866178021766 0.0005624915588524168 0.0005624915588524168 0.0005624915588524168 0.0005624915588524168 0.0005624915588524168 0.0005624915588524168 0.0005624915588524168 0.0005624915588524168 0.0005624915588524168 0.0005624915588524168 0.0005624915588524168 0.0005624915588524168 0.0005624915588524168 0.0005624915588524168 0.0005624915588524168 0.0005624915588524168 0.0005626784447357123 0.0005675644136351453 0.0005785054040620134
1.959121112449152e-06 1.3178605911189215e-06 1.0303130678693338e-06 1.1194499318989349e-06 1.5555687192693007e-06 2.3816289004278325e-06 3.825113547242313e-06 6.297462202942299e-06 1.0460149865041256e-05 1.73167069313756e-05 2.8299090305000753e-05 4.530337967566855e-05 7.060878609464853e-05 0.00010660395415437634 0.00015526485025536536 0.00021739568362571845 0.0002917587237327511 0.0003736085762093281 0.0004529286592293083 0.0005175300750432051 0.0005550088627999653 0.0005624915588524168 0.0005624915588524168 0.0005624915588524168 0.0005624915588524168 0.0005624915588524168 0.0005624915588524168 0.0005624915588524168 0.0005624915588524168 0.0005624915588524168 0.0005624915588524168 0.0005624915588524168 0.0005624915588524168 0.0005624915588524168 0.0005624915588524168 0.0005624915588524168 0.000562495619256686 0.0005665277703146934 0.000577639000264072 0.0005952228393480588
