_RESULTS/CROSS_VALIDATION_POSTPROCESSED/Berg/GZ/9comp/3/Berg_GZ_z_0_kriged_reverse_9comp_spherical_3.asc
ncols 100
nrows 90
xllcorner  5.6208707817415728
yllcorner 50.959635321741573
cellsize 0.00013419651685393446
nodata_value 1.7014100000000001E+038
[rows 54 to 71 of 90, columns 40 to 79 of 100]
9.052737341929413e-05 4.264020918352238e-05 1.9890399811314987e-05 9.756292449132969e-06 5.134607004945833e-06 2.8601420061248493e-06 1.6181179185138161e-06 1.1513104648398422e-06 3.3698715124553536e-06 9.910901441890043e-06 2.7242032895446927e-05 6.985463097892861e-05 0.00016801369640214532 0.00038109997107133 0.0008196026081700262 0.0016798457721151749 0.0032960991726630508 0.006210860215986222 0.011116341153508824 0.01829793808780413 0.018438229219277905 0.005194717761923684 0.0013270682307860839 0.0003189326537321475 7.595391495486129e-05 1.924792742408175e-05 5.7937165292764735e-06 2.4573402112490785e-06 1.5383788066308068e-06 1.3274663777275514e-06 1.4307120025702465e-06 1.7926873390161075e-06 2.501960045240557e-06 3.791157072657693e-06 6.133191009666041e-06 1.0460215443510911e-05 1.8605493131192384e-05 3.416653839153113e-05 6.41414010843878e-05 0.00012179061192654562
6.689326434832493e-05 3.232303888083929e-05 1.558169578683252e-05 7.986177523693114e-06 4.438192553697139e-06 2.72899919592752e-06 1.932948985109721e-06 2.0507031669032543e-06 4.285266416088156e-06 1.1765571947439247e-05 3.234526642232704e-05 8.513869394805003e-05 0.00021274777026381812 0.000504559552670825 0.00113815479099557 0.002447466184943714 0.005018855257011114 0.009734011965050462 0.017023354595910364 0.0244059558865489 0.020385546082925563 0.00785663874982423 0.0020828991682117996 0.0004666183587972017 9.705294478357182e-05 2.0422389598312503e-05 5.048678428389222e-06 1.960140982390805e-06 1.328557790677324e-06 1.3028448033613293e-06 1.5520790094734e-06 2.07460001238352e-06 3.004919756252278e-06 4.632051579712301e-06 7.511379634011967e-06 1.2697279097475124e-05 2.2189321143126693e-05 3.9762785645595025e-05 7.255942445026647e-05 0.00013676776010131375
5.622928527322704e-05 2.8451599147454617e-05 1.4483659782685748e-05 7.906168464046441e-06 4.824176921221388e-06 3.4250057158944116e-06 3.063907915166088e-06 3.83013806586703e-06 7.1515236353278275e-06 1.7283661812920415e-05 4.4482708536376094e-05 0.0001141268000354248 0.0002841866430094287 0.0006793397775150266 0.001551270924210544 0.0033704254519706643 0.006915624375565739 0.012928050221790147 0.020766843497059033 0.02578630707984535 0.020685474125261522 0.009556652856495854 0.002796552293966556 0.0006218759421946522 0.00011925494902693674 2.13111705513853e-05 4.00420107551476e-06 1.3319744738519614e-06 1.162876146185989e-06 1.382507598673359e-06 1.8210418821471405e-06 2.5596543314343728e-06 3.790263557621325e-06 5.8687198206061255e-06 9.443834162588885e-06 1.5699758960304668e-05 2.6795644304723726e-05 4.664111354917822e-05 8.366218501323218e-05 0.00015625450836802697
5.347419680653896e-05 2.8763748518096205e-05 1.5522527886099245e-05 9.096094568249323e-06 6.116009218753763e-06 4.911630526036508e-06 5.0085006363522825e-06 6.832351726319255e-06 1.239295924748824e-05 2.7641482560413763e-05 6.63172326782679e-05 0.00016224900829310318 0.0003921859268777665 0.0009197112295149066 0.0020682781039281974 0.004415086828214614 0.008728295371084915 0.015337591829119724 0.022905727429524014 0.027033109916405132 0.022704751868441463 0.011659526289168663 0.003565626071996632 0.0008071487158003049 0.0001550521171627805 2.6832713981343144e-05 4.464879715653575e-06 1.2355893483067663e-06 1.4201249798864118e-06 1.8213672394246971e-06 2.4567905922460085e-06 3.464599907379666e-06 5.0887954551457596e-06 7.754734083803006e-06 1.2207237328045471e-05 1.9753042658489766e-05 3.26768264412041e-05 5.52161845973411e-05 9.860052746563951e-05 0.00018138116534134697
5.6961780221063415e-05 3.258992157096411e-05 1.863336868617665e-05 1.1672508669518398e-05 8.51248311752563e-06 7.46216188184563e-06 8.175094550238082e-06 1.1576116645290106e-05 2.088424047007848e-05 4.45677445150253e-05 0.00010124582985715359 0.00023570730026230367 0.000546724689072475 0.001237932787630282 0.0026938011673907345 0.005507655507556574 0.010226702943240263 0.016797812143873245 0.02358564444984418 0.027193422441077277 0.024878585532857295 0.014812215643264591 0.004250765792303941 0.001026841371213064 0.00021946191500719832 4.434930637274784e-05 1.0064530988244463e-05 3.7896553933501975e-06 2.885608314632226e-06 3.116974237232475e-06 3.863151369356445e-06 5.159912330686307e-06 7.26237594306873e-06 1.065041254164611e-05 1.615036737984892e-05 2.5160109079591588e-05 4.005876302854472e-05 6.688574589488153e-05 0.00011862493881579555 0.00021324589226175085
6.665044626969051e-05 4.029363525737482e-05 2.446370919025965e-05 1.619458564275693e-05 1.2547694789016424e-05 1.1647253643768151e-05 1.3265906809481001e-05 1.886408649093312e-05 3.3538170233417e-05 6.983269534850023e-05 0.0001526015503006056 0.0003400718981369372 0.0007554899036466177 0.001640812123052462 0.003396752028118878 0.006501523845884162 0.01126213332616183 0.017225174110643133 0.022597363837620232 0.024588164526937493 0.021097557116586063 0.012170845348825326 0.004348825804079054 0.0012345192339529186 0.0003166996439841576 8.017504514007257e-05 2.3976905570367177e-05 1.0285165524037477e-05 6.770481731554832e-06 6.136131288094818e-06 6.713779099190834e-06 8.214447774476116e-06 1.0812967415084889e-05 1.4996426193549389e-05 2.1629389371439705e-05 3.21404266145175e-05 5.002960004159319e-05 8.277843248670639e-05 0.00014481629624084184 0.00025268200866483806
8.360258924479977e-05 5.33988218618224e-05 3.446873740646001e-05 2.3805725894110195e-05 1.922059440111682e-05 1.8457843546925687e-05 2.138664885758134e-05 3.0155596227718508e-05 5.166198044017258e-05 0.00010449016821039724 0.00022235686401802482 0.0004781672816108257 0.0010205734792475274 0.0021018229197692323 0.004073776795696594 0.007283577240308777 0.01175945724637915 0.01674098618226075 0.020439937722307316 0.020669186474784523 0.01644415390746853 0.009617128243940485 0.004109621044894071 0.0014156678777663618 0.0004387956180925796 0.00013626498380865253 4.970484625921363e-05 2.346344739649982e-05 1.484454746235794e-05 1.2124138605954304e-05 1.193218425316992e-05 1.334261147692891e-05 1.6294298199758733e-05 2.1188426043087868e-05 2.885126091183967e-05 4.152728829763457e-05 6.376612428921554e-05 0.00010416787403965354 0.00017800536803870245 0.0002998050317857231
0.00011095514606600892 7.47213190921016e-05 5.109054723323183e-05 3.6638450404610103e-05 3.032193626658334e-05 2.9597616370513153e-05 3.43517999649787e-05 4.756716359617193e-05 7.829604876272041e-05 0.0001505476188365042 0.00030960435455558677 0.0006456328839591722 0.00131071173782276 0.0025430264896992103 0.004629118945637102 0.007756223618244933 0.01172134336591453 0.015623634403060045 0.017908653755487225 0.017137139077317523 0.013237054597499772 0.008040085269816309 0.003876008459537463 0.001567067861538834 0.0005736296748904559 0.00021187143238197019 8.911357268360972e-05 4.5378537161655256e-05 2.871512063947737e-05 2.2271730684838275e-05 2.0370834455011698e-05 2.112380681966431e-05 2.4040293895878642e-05 2.9341085268928937e-05 3.8556670281201075e-05 5.447291252862693e-05 8.229566304469984e-05 0.00013244083872221792 0.00021835292631475572 0.0003534864822269885
0.00015406476112359076 0.00010906283406193315 7.862815259481769e-05 5.876631793330517e-05 4.9211809931959086e-05 4.816157243952287e-05 5.530317619213271e-05 7.455966548176475e-05 0.00011753300869111058 0.00021373365269855487 0.00041512071845999635 0.0008125336482353254 0.0015685061551913685 0.00288611457809195 0.004965269272537965 0.007849007324654881 0.011192038870227334 0.014113901185054106 0.015411663692549182 0.01425674832536538 0.010957645511413048 0.006935868035891425 0.0036616386362345677 0.001673632071517259 0.0007012990867826766 0.0003008295537852593 0.00014218954208797602 7.739112980163068e-05 4.9580604379907845e-05 3.732116627596397e-05 3.239721402094936e-05 3.161263906386393e-05 3.402416320924987e-05 4.0270931798037606e-05 5.183599561737182e-05 7.196109807991501e-05 0.00010713876457990837 0.00016934834039584554 0.00026892598672000116 0.0004215696487695717
0.00022495388154107068 0.00016847719756954253 0.00012847220287993963 0.00010085772394042586 8.52465146208759e-05 8.273604331770668e-05 9.284822374114507e-05 0.00011996411225372542 0.0001772259321662821 0.00029611436328833945 0.0005370530568424644 0.0009791110938514893 0.0017607451746433035 0.003055646170711986 0.005004402176827642 0.007527697919862072 0.010227360307730074 0.012344516277459777 0.013020538423910422 0.01182202624798621 0.009142290919707923 0.0060133940472024555 0.0034066438656044527 0.0017082164811153139 0.000806651011091509 0.0003914370962622529 0.0002040639975638092 0.00011818979793313233 7.7509657446048e-05 5.776354888683555e-05 4.860940659840347e-05 4.608376881357652e-05 4.865950234042768e-05 5.6545500972681336e-05 7.160940975465437e-05 9.80859628285325e-05 0.00014451253679772654 0.00022157346900203965 0.0003388988065878636 0.0005123819677228149
0.00035148308877383966 0.00027830949378985847 0.00022348115308852483 0.00018348098270827825 0.0001576372956657939 0.00014939895195616596 0.00016113549150609458 0.00019693047548632571 0.00027076760585796763 0.0004145699960399195 0.0006933162018258482 0.0011712045408394567 0.001941822068625259 0.003121023529493394 0.00478464930378389 0.006825332680275788 0.008898121994194035 0.010389688199079976 0.010702037428470796 0.009628101621486945 0.007524085824751218 0.0051166897580616644 0.003061944659551689 0.0016557679622734413 0.0008727148186855044 0.00046909481882837276 0.00026581712405838916 0.00016302857358299752 0.00011052528575545848 8.383242257217115e-05 7.121847291629028e-05 6.74500693831992e-05 7.068566155087892e-05 8.130520570776343e-05 0.00010188467254590947 0.00013822744022014277 0.00020030980675963674 0.0002946423491195212 0.00043349465984771036 0.0006288791608457744
0.0005624249991798382 0.00046997354671710187 0.00039593635693237276 0.00033852242344571156 0.00029723641863147994 0.0002769618970639488 0.00028557224627021835 0.00032891682605204383 0.00042011881012634793 0.0005894037365869008 0.0008975153260827567 0.0014132948826898536 0.0021702788181987777 0.0032173465804809665 0.004556062558848986 0.006096150166887936 0.007548101057611483 0.008471102375228025 0.008515466414072357 0.007599629209732646 0.005995429617771659 0.004188708735499898 0.0026158885805132835 0.0015368049531857362 0.0008909310744649666 0.000524656040390277 0.00032265189182917363 0.00021213268767050723 0.00015169220291915325 0.00011919468347319113 0.00010332752510289287 9.874517900191352e-05 0.00010365046146562754 0.00011891130827811473 0.0001483272851743461 0.00019996446412424203 0.0002793855631748308 0.0003944383286117765 0.0005580719859292727 0.0007722799019806651
0.0009065757973150015 0.0007978907336896497 0.0007035045668180575 0.0006246538491979656 0.0005616095482832834 0.0005239020287402793 0.0005175607020482821 0.0005601500233624202 0.0006636541896228309 0.0008531226535218103 0.0011772864899688151 0.0017126430880927605 0.0024516391133678176 0.0033761872046481965 0.004436817765085345 0.005518436802579282 0.006445149194073111 0.006976844599537 0.006842118305022962 0.0060361277640343 0.004778243814524684 0.0034014655167595113 0.0022408639183534936 0.0014309653790373217 0.0009053445534744287 0.0005807219539706652 0.0003861187465318863 0.000271303268583213 0.0002044975423752259 0.00016703695585123957 0.00014866238623126052 0.00014440403379992862 0.0001529389952238602 0.0001761616151847494 0.00021996583136730106 0.0002893831503942521 0.0003882857175181597 0.0005268423139350915 0.0007152457929714338 0.0009400550254270768
0.0014560459104916075 0.0013477034978765894 0.0012413107495738856 0.0011422214393487166 0.0010542899137018155 0.0009857600109078293 0.0009571798120752182 0.0009746970069998399 0.0010698586680600722 0.0012601520263100542 0.0015778174870702147 0.002077562012736868 0.0027827732047006736 0.003582133182065733 0.0043975977017417485 0.005118646821782124 0.005618087954848076 0.005788371052859238 0.005552940728905922 0.004852504166491124 0.0038500108962973797 0.002821467196991931 0.001986193346737872 0.0013650879174502272 0.0009324045018460092 0.0006448685437699889 0.0004598638315460841 0.0003436280121834626 0.00027261726065172667 0.00023184742038460834 0.00021266882852925137 0.00021106572464466494 0.00022682942970026997 0.0002637702538222308 0.0003254304503319795 0.00041257934854504406 0.000533032410184969 0.0006963123522386736 0.0009010245565881701 0.0011237535664041305
0.0023058737262049074 0.002242335164079252 0.002154712689690835 0.002051625154429256 0.0019414211719088138 0.0018315836736747513 0.0017541687978006632 0.0017294351432455962 0.001763680004649382 0.0019033544160612765 0.002164454602722093 0.002569886669866621 0.0031530324837309703 0.003814037371403362 0.004398639229757616 0.004818279937470949 0.004996086622378468 0.004891266424346705 0.004515919732181962 0.003907218515605686 0.003148429834041294 0.002430178984521204 0.001817091277070565 0.0013336436345794725 0.0009751229587154791 0.0007213676141525708 0.0005481267472480078 0.00043369049096449825 0.00036146821937728244 0.00032022504918320904 0.0003034581686374691 0.0003088353256683516 0.00033823273159555253 0.00039205870809431125 0.0004690095538418705 0.0005749618268794226 0.0007171661483931121 0.000900601475168804 0.0011049417357167442 0.0013073136213423578
0.003564288459989722 0.003639801903597363 0.003646333146455844 0.0035890668236063235 0.0034777544136136815 0.0033254220892008405 0.0031520826806729963 0.0030251918910910503 0.0029560539017869677 0.0029441640997609924 0.0030429721376305213 0.0032632554482672316 0.003600553088459988 0.004042189834912631 0.004399728969719995 0.004556592380273191 0.004482629722909211 0.004184774295113058 0.0037083235586716674 0.0031853682296218047 0.0026745016442956257 0.0021682488617860494 0.0017131720016807588 0.001334308949305248 0.0010373496968433785 0.000815584460816657 0.0006567961093947816 0.0005481803189480285 0.00047905578001902755 0.00044201053665446826 0.000433318809988039 0.0004531169780947523 0.0004964211875960874 0.0005620596632075462 0.0006541144416840911 0.0007778039417994543 0.0009387880136447669 0.0011229050697030081 0.0013069295320066265 0.0014670473892440749
0.005323900235689747 0.005709724324967237 0.005962498367237164 0.006064316569562757 0.006012482647508429 0.0058205773669652745 0.005515785099540146 0.005154213097419564 0.004843062347398804 0.0045884410831234105 0.004385065294504908 0.0042544379984406425 0.004229731767766988 0.00427923220135021 0.004359010914125418 0.004284447214808309 0.004012889377578222 0.0035984531940494676 0.003155169821462758 0.002731588732379234 0.0023565740983879954 0.0020003717801997433 0.001662988430988557 0.0013674685124129224 0.0011242891997332923 0.0009345751875521615 0.0007941210059479306 0.0006968589569004665 0.0006372961761874987 0.0006120815216440231 0.0006178177554018694 0.0006458377233392975 0.0006967377013847284 0.0007729120236955546 0.0008777236765437475 0.0010151703730343449 0.0011765961460930706 0.0013373500066907484 0.001477889626918915 0.0015745461007897871
0.007607226309185862 0.008574445338630445 0.009338650558905702 0.00981590039748772 0.00995381510108034 0.00974644296217193 0.00923629839869409 0.008501833757217463 0.007674430665567337 0.006915122966920069 0.00623666384578846 0.005636671037108462 0.005106848295564146 0.004658712617090582 0.004292496813102094 0.00397220754695643 0.003616482257954424 0.0032217911755396014 0.002828900105583623 0.002468397535965258 0.0021603667148451192 0.0019060629810440366 0.0016612546642513434 0.00143619404879632 0.0012432052593546572 0.0010879889786902354 0.0009718533168537434 0.0008940992166244709 0.0008518730755107361 0.0008353941037914274 0.0008429070767937189 0.0008745124833237358 0.0009311952436101617 0.0010147081902515786 0.0011273076168874688 0.0012620169010086602 0.001394539643996367 0.001508413475245399 0.0015843281979978432 0.001604658110108161
