_RESULTS/CROSS_VALIDATION_POSTPROCESSED_80-20/MHZ/IZ/5comp/3/MHZ_IZ_z_1000_kriged_reverse_5comp_spherical_3.asc
ncols 100
nrows 81
xllcorner 5.5967107548124995
yllcorner 50.982328804812504
cellsize 0.00017565037499993607
nodata_value 1.7014100000000001E+038
[rows 18 to 35 of 81, columns 40 to 79 of 100]
0.011486860482996188 0.011156896300704182 0.010215867013136171 0.008718847308657914 0.0071338642670204025 0.00609901784269235 0.005573469055246523 0.005466768401349883 0.0057151271707126475 0.006100367475100172 0.005798561229406485 0.004427178452158558 0.0032123395571255903 0.00257143125681584 0.002435845877528808 0.002835921917743665 0.0038930034534731296 0.006219739102768716 0.011395785162958525 0.023375097060797687 0.05038802346146321 0.06824770147235402 0.041685085581114834 0.023954971631788072 0.014210853372543061 0.008752223723151643 0.005579172874644996 0.0036646001168126707 0.0023891764843258848 0.001492199841792416 0.0009025593380153365 0.0005481057238703055 0.00036279023227357607 0.00027583580298960893 0.00024108341135836535 0.00024117341138527314 0.0002747924971895055 0.00034132049079125284 0.00043224579025715615 0.0005220897948815111
0.016885065050296917 0.017222735121244125 0.01584083531834707 0.013393057142080158 0.010758372601395155 0.008993473137580869 0.00807942047921613 0.007901065447067571 0.008498859505396772 0.01006831124102979 0.011052628893915829 0.006541741782340187 0.004015654648010243 0.0029100502447102256 0.0025976874786089255 0.002859524488502901 0.0037510062027173293 0.0056196018356136045 0.009368900074401814 0.016596803427801243 0.027472491948683408 0.03314806294399897 0.02684133382693443 0.018044504834067544 0.011593875676172502 0.007461539678184351 0.004877286913563418 0.0032480490934087866 0.0021406888163643736 0.0013689062042535009 0.0008589934144290813 0.0005494483673872241 0.0003826316409164055 0.0003075618438702138 0.0002844555655092835 0.0003015178131961425 0.0003645470117428815 0.0004776750707277315 0.000637338625417649 0.0008075630447381503
0.021467792838687744 0.022312028957315204 0.020440609736923236 0.01697075084920358 0.013212742863536284 0.010563810689438466 0.009041861813372956 0.00839546150904711 0.008521996126343918 0.009340896207866317 0.009120170933972042 0.005530194103257099 0.00331415791473662 0.002341534732715515 0.0020195736194057448 0.0021152824090943634 0.0026300332138829317 0.0037041455286711284 0.005627663947627957 0.0086416410975456 0.012254205241920944 0.014296427532458373 0.013204553935304062 0.01033032893100016 0.007437235885914104 0.005183478099711355 0.003585731534989445 0.002490635014428113 0.0017087973759271982 0.0011415162822892766 0.0007663397220398038 0.0005266033152709161 0.0003920116135729165 0.0003348710147970211 0.00032920000735844066 0.00037061324577753797 0.00047401131260072144 0.0006550659392885488 0.0009195992838691713 0.0012213098076480687
0.024687699202380918 0.024576205324673153 0.022081558950137765 0.017753341113972247 0.013212921056752144 0.00987448402307375 0.007813345851499306 0.00658800742421325 0.005866812598405822 0.005269690952857558 0.004249037859754673 0.0028838067615373922 0.0018903178914547215 0.0013692431402647293 0.001167854813687456 0.001176587974052689 0.001392642932030274 0.0018651489122394715 0.0026595218483197033 0.003791626909780401 0.00501268397464982 0.005833840573544276 0.005831010789198809 0.005114062676927571 0.004106177650683463 0.0031328957822176163 0.002328882916334177 0.0017133008121862799 0.0012420789878586685 0.0008878868765101328 0.0006439538000512738 0.0004789731851506632 0.0003859833656994335 0.00035026163553377197 0.00036232300594993033 0.0004273020552230978 0.000574139974005604 0.0008404493963969598 0.0012458808562712787 0.0017427669432566358
0.026351710565511263 0.023911219371608988 0.020065081567548763 0.01537335253171371 0.010822839848635201 0.0074354128750908155 0.005339452506175693 0.004012276971101735 0.003106022994375147 0.002390546578768226 0.0017561433782022618 0.0012151647840290324 0.0008366653267629318 0.0006204920772502815 0.0005249242192638914 0.0005125601026793497 0.0005841768720906856 0.0007591589038161367 0.0010518476495535052 0.0014662673922104408 0.0019308026237525972 0.0022915955864332817 0.0024382222171954386 0.002338706514576857 0.0020646575513765457 0.0017187063336765566 0.0013732089617223644 0.001074259568661593 0.0008313546423647121 0.0006457342405966036 0.0005063560347379379 0.0004083384176409803 0.0003530085674839774 0.00033367938651869566 0.00036011013771333164 0.0004450942244535608 0.0006302046835247434 0.000986807731873426 0.0015551564845724614 0.0023103379686408142
0.026625958649336475 0.02143784760393273 0.015783089358826184 0.011042601609917187 0.007285592893255736 0.004594100152112336 0.0029804349278707764 0.0020050914765087787 0.0013889646305298986 0.0009704180561152812 0.0006697148050700189 0.00045628500995908484 0.0003163116025769808 0.00023475980223236983 0.0001940266864937383 0.00018328978833015338 0.00020345024096688413 0.00026247959463448177 0.00036638635553965296 0.0005199212099398022 0.0007074188399006806 0.0008820296508292168 0.0009940114658834448 0.00102733060161982 0.0009803969464544661 0.0008754230373197418 0.0007444025602851713 0.0006259135565304176 0.0005279398120484696 0.00044495718881582073 0.00037555662374736586 0.00032044088033509666 0.00029204717592876524 0.00028808016323962616 0.0003235983015312009 0.0004181391197641978 0.0006224254448354352 0.0010437796373933693 0.001740499192456839 0.002759162064383909
0.025496537770969815 0.0175474934565623 0.011024382571195743 0.006789600097586155 0.004075403188287511 0.0023899356214425686 0.0014254185936070662 0.0008838927159111438 0.0005653060727046863 0.0003683045152549568 0.00024199783421988475 0.00016052878111119735 0.00010948847585681717 7.934200871495066e-05 6.253535572242122e-05 5.639109431333865e-05 6.131570745289727e-05 8.067363214280703e-05 0.00011781048548298751 0.0001761348311436835 0.00025348680976294185 0.00033698289844894235 0.0004044717041654346 0.00044215795099272195 0.00044689970392921104 0.0004228993866763666 0.00038602377101335384 0.00035548904006008867 0.0003248424819037815 0.0002939186047661146 0.0002598769893462896 0.00023189181589444865 0.0002211135173906431 0.00022711236782082275 0.00026434715462967236 0.000355407838400528 0.0005534906884616654 0.0009807013434150423 0.001724089612786775 0.0029135239630876286
0.02281971320017163 0.012655925052673416 0.006823870436640247 0.0037334803068248645 0.0020542739153256283 0.001117325650716661 0.0006170577112961669 0.0003588428070170371 0.0002165024501006645 0.00013444589233721922 8.534271103257655e-05 5.528441257545759e-05 3.689007431740975e-05 2.5565099725589555e-05 1.8763299647259943e-05 1.5654898994719158e-05 1.6597082020406028e-05 2.316587884485529e-05 3.697450682579076e-05 5.9844838726431784e-05 9.22168406505844e-05 0.00013064563788358624 0.0001659466038950005 0.0001893736124720334 0.00020073653371633 0.000203793651335766 0.00020258673280333794 0.00020123067762822122 0.00019605632331864766 0.00018469570477149474 0.000169668158742759 0.0001571609235438694 0.0001554120538086896 0.00016512393957172965 0.0001978590920690581 0.000274855365120089 0.0004444867735770374 0.0008092221202844919 0.001491495529830531 0.002676501992364072
0.014716290428881128 0.007556139895719741 0.0037520273266727646 0.0018881954648631988 0.0009722671787716699 0.0004975203156395275 0.0002551079891738089 0.0001381158228559929 8.006788214748213e-05 4.8454114886028995e-05 3.0287701275422813e-05 1.946326507590093e-05 1.2810805695730943e-05 8.504834607576396e-06 5.7613675904257645e-06 4.201501281446075e-06 4.18216088233827e-06 6.74912149187082e-06 1.228340079728682e-05 2.1649722775111607e-05 3.544967519246141e-05 5.246193329852643e-05 6.960320120004307e-05 8.362358124634204e-05 9.344254377028596e-05 9.993233836111242e-05 0.00010462099488138601 0.0001080189356274292 0.00010765163947574761 0.00010401960399081389 9.86989701228557e-05 9.467654742778363e-05 9.748799244876729e-05 0.00010830468368611607 0.00013510887521538763 0.00019466393954545189 0.0003216817940454793 0.000582914854865838 0.001112685787782444 0.0021008669778719777
0.0070825510821502435 0.0038052630905480115 0.0018638865454409473 0.0008981804845212531 0.00044141127838370965 0.00021678276775845842 0.00010699820271046467 5.435680857391971e-05 2.9972743141439902e-05 1.7788171800508444e-05 1.1143329845707296e-05 7.275725828801715e-06 4.8106493974333925e-06 3.1827026928369135e-06 2.1023548390239267e-06 1.386410782330103e-06 1.1757631500785138e-06 2.438907310891274e-06 4.8190609738720915e-06 8.860632507619532e-06 1.4909019490223513e-05 2.2784459857609742e-05 3.1100508900065084e-05 3.815832288331744e-05 4.3262028067600205e-05 4.7453869023229064e-05 5.092139403702308e-05 5.296037683029736e-05 5.3104522828624454e-05 5.208327540841423e-05 5.0590171980494185e-05 4.9758423276380885e-05 5.273599530501298e-05 6.074826949757612e-05 7.904041512923718e-05 0.00011961775422365676 0.00020204799496594626 0.00036737867919801604 0.0007089201476531162 0.001382524070621959
0.0034263047729446703 0.0018269916125846942 0.0008876651466830537 0.00041706133750052035 0.00019817312465934524 9.471051462652886e-05 4.5728935176326026e-05 2.2811315811562545e-05 1.2164177896293153e-05 7.17207083655897e-06 4.560867078276978e-06 3.0301940629898635e-06 2.0611451235859274e-06 1.4287926944436015e-06 1.0197453785144936e-06 7.927109643749938e-07 8.303638873707168e-07 1.335503926377027e-06 2.448731804198145e-06 4.399353681886851e-06 7.281991865071382e-06 1.081017728898531e-05 1.4483603428286494e-05 1.7707873197958874e-05 2.0120949002095102e-05 2.226167230592837e-05 2.3702592437401645e-05 2.4232876387451085e-05 2.4147021192479664e-05 2.3779376311839746e-05 2.3423581258040356e-05 2.342391041670152e-05 2.5252030330986564e-05 2.9823805641647682e-05 4.014537409060866e-05 6.195403956170932e-05 0.00010471580845633515 0.00019170253683111212 0.0003758823068880961 0.0007496351885998186
0.0017444623803720147 0.0009016322328180048 0.00042989809375141213 0.00019746196870807235 9.116153585425987e-05 4.262314276109105e-05 2.027855611972363e-05 1.0166515994245594e-05 5.492746264997443e-06 3.2814306211558613e-06 2.152043193955853e-06 1.4885691003388432e-06 1.0722528920739484e-06 8.059101799860064e-07 6.470357674235147e-07 5.895276254335479e-07 6.710818621480767e-07 9.75661640113075e-07 1.6087863620711732e-06 2.6213258008622073e-06 3.979654486100551e-06 5.559362740788081e-06 7.1530172786216e-06 8.546437263091469e-06 9.606783819634221e-06 1.0410317953652756e-05 1.0685565208401277e-05 1.0596216755612787e-05 1.0367563202064586e-05 1.0195395943594541e-05 1.0207476820703734e-05 1.0440937591234526e-05 1.1402186181005324e-05 1.3672961659056434e-05 1.8552999197654746e-05 2.789548489139191e-05 4.6053768293222324e-05 8.305846950508211e-05 0.00016178815001484582 0.00032397819364330505
0.0009525600133327092 0.0004750294938612965 0.00022117179770590783 9.931962448582234e-05 4.462846834058397e-05 2.0358126290796933e-05 9.516068397645036e-06 4.817706483609159e-06 2.742362180154081e-06 1.7248728684059366e-06 1.184392357462823e-06 8.717898478269663e-07 6.760191944897571e-07 5.557843134917666e-07 4.966873429048087e-07 5.023035665691393e-07 6.005098973997004e-07 8.380806836221571e-07 1.227330604408954e-06 1.7647611599908497e-06 2.421447603548067e-06 3.131320864645475e-06 3.8048638648850435e-06 4.369600428896397e-06 4.75304897763335e-06 4.897255144375128e-06 4.801592949536466e-06 4.717830261647581e-06 4.706218681033271e-06 4.776717028920704e-06 4.944197689755125e-06 5.228858986834942e-06 5.772926490268051e-06 6.90804081805887e-06 9.039182379718986e-06 1.2960483144906062e-05 2.0201652724084728e-05 3.40305792392966e-05 6.165807918724466e-05 0.00011462033576509877
0.0005660235334364888 0.00027380519035492205 0.00012492663877841176 5.5109134207833917e-05 2.420859646795154e-05 1.071518081864466e-05 4.842089548540245e-06 2.44058150301785e-06 1.4767771479995107e-06 1.032957469936222e-06 7.7926966221891e-07 6.216936655189257e-07 5.25605850719509e-07 4.738846831655882e-07 4.6391837957296796e-07 5.057751981664746e-07 6.261227517345051e-07 8.211964125789712e-07 1.0739483304141114e-06 1.3727910908060163e-06 1.6880785777808438e-06 1.981603548540945e-06 2.223410325782794e-06 2.3939327356571658e-06 2.4534805167887964e-06 2.483249917919813e-06 2.468935060109037e-06 2.467582028973177e-06 2.515800931569232e-06 2.6189326021531837e-06 2.7870112749706233e-06 3.0344568050656313e-06 3.3489948522270463e-06 3.847459436694335e-06 4.822671873351169e-06 6.556367308489631e-06 9.56728854455247e-06 1.4875302114357437e-05 2.452988745908872e-05 4.052456595779917e-05
0.0003787340634223826 0.0001850017327143791 8.611207226682014e-05 3.866513179875274e-05 1.7038894076837378e-05 7.33014669505256e-06 3.0508746142891134e-06 1.3953043019240819e-06 9.185221010349569e-07 7.369490911125896e-07 6.309423312143455e-07 5.652943381890132e-07 5.200518471603373e-07 5.059573010675506e-07 5.311579965348099e-07 6.116324805681526e-07 7.516060614634364e-07 9.138630382312574e-07 1.083243211132321e-06 1.2440799808885946e-06 1.375426235552781e-06 1.4604242793348733e-06 1.4882886902273407e-06 1.4833836844601021e-06 1.4985180279700602e-06 1.5118941706511728e-06 1.5232866914228371e-06 1.5406553707303487e-06 1.596709142717537e-06 1.6962624791689106e-06 1.845970820323004e-06 2.0143264125485635e-06 2.171354872318128e-06 2.3967212517304337e-06 2.8786094253094716e-06 3.705505048949101e-06 5.0401590830048225e-06 7.1720051439092465e-06 1.0631990769259392e-05 1.5509823662298407e-05
0.0003358088505039047 0.00017233788563077973 8.416370930378747e-05 3.934722921423095e-05 1.7801129818151872e-05 7.659064613414456e-06 3.0738211928782185e-06 1.2180008353077512e-06 9.345617946716813e-07 8.072273231724109e-07 7.135108981730818e-07 6.594507149015363e-07 6.454538001203424e-07 6.759095628612985e-07 7.483275828857094e-07 8.848927657341189e-07 1.0374793828744412e-06 1.1709776358909956e-06 1.2683129825717395e-06 1.3186960431348257e-06 1.3159475925987778e-06 1.255832696910046e-06 1.1943658325794234e-06 1.1603107931878683e-06 1.1471215059656675e-06 1.137221297614233e-06 1.1380461610119574e-06 1.156003485737937e-06 1.2124708154079136e-06 1.293130404425308e-06 1.386107818748103e-06 1.4829581403765318e-06 1.5718796637974398e-06 1.7026563257476047e-06 1.9703654782937194e-06 2.412134447380936e-06 3.060519747578737e-06 3.9679184022480614e-06 5.233544767011845e-06 6.677698483603554e-06
0.0003953335385333855 0.00021847614058055493 0.00011320196189216905 5.567425509845188e-05 2.648213247392827e-05 1.2026713706963261e-05 5.39391786955973e-06 2.7148344608485766e-06 1.8101595881908933e-06 1.4454369781093825e-06 1.2322966043088149e-06 1.112002832266042e-06 1.0693267955799482e-06 1.1075836841351544e-06 1.2695219775514823e-06 1.4965085979104017e-06 1.6702915680494735e-06 1.7528082425300705e-06 1.743122642359663e-06 1.6488070102641026e-06 1.4713387462154629e-06 1.3158611314754118e-06 1.215970308390808e-06 1.149744325935425e-06 1.1028053088382084e-06 1.0751624876233562e-06 1.0572701271176916e-06 1.04346381991843e-06 1.05973775223212e-06 1.1041191167774052e-06 1.1585282633031005e-06 1.2163283967877063e-06 1.283217791158251e-06 1.404800250978281e-06 1.5886238630145717e-06 1.8675767921525574e-06 2.2252947141602017e-06 2.6352464849778515e-06 3.076497536224525e-06 3.3830203152628103e-06
0.0005524533024216299 0.0003208523721545732 0.0001749748584565672 9.041165967464692e-05 4.5594641768075596e-05 2.2666915107574037e-05 1.1593245329637697e-05 6.571622341140531e-06 4.381169449366015e-06 3.3704269851665626e-06 2.8473002623431277e-06 2.5753592569128313e-06 2.4557657553019175e-06 2.450721571138282e-06 2.626662398528808e-06 2.8344375781623327e-06 3.035505204988921e-06 3.013872073516671e-06 2.7680727113714257e-06 2.354826082643269e-06 1.969132189533964e-06 1.7142621793600347e-06 1.538353307685572e-06 1.4126614753046413e-06 1.318331082619451e-06 1.22382202225541e-06 1.1472383370864152e-06 1.0846104879682647e-06 1.0464958665580472e-06 1.052630620731698e-06 1.0816224673351953e-06 1.0992522413438616e-06 1.1464117574612549e-06 1.2614303707962552e-06 1.4299139179352786e-06 1.629065567231914e-06 1.8439892610958576e-06 2.024884967884218e-06 2.1299114135534013e-06 2.049116228908602e-06
