_RESULTS/CROSS_VALIDATION_POSTPROCESSED_CLR/Berg/IZ/1comp/5/Berg_IZ_z_63_kriged_reverse_1comp_spherical_5.asc
ncols 100
nrows 90
xllcorner 5.6208707817415728
yllcorner 50.959635321741573
cellsize 0.00013419651685393446
nodata_value 1.7014100000000001E+038
[rows 19 to 37 of 90, columns 0 to 41 of 100]
-2.776907803652897 -2.756705233184004 -2.7306612977250104 -2.699500805558141 -2.6640016704230662 -2.625009461495382 -2.583455570408016 -2.5403790427540494 -2.4969509633713365 -2.45449777807457 -2.4145152669710064 -2.3786576517474454 -2.348678301594327 -2.3262967102832146 -2.3129839784535404 -2.3097047843938383 -2.3167080858239117 -2.333467759545645 -2.359122196778387 -2.393768074539322 -2.4357909975461074 -2.483330985920926 -2.5346549759678223 -2.5881949582516954 -2.6425305157422443 -2.6943289358799047 -2.737355552858207 -2.768667894813633 -2.783205512739325 -2.780976771041489 -2.761269420385644 -2.7230149364932457 -2.667890440529421 -2.602763083517855 -2.5325533266652798 -2.4573087278074257 -2.375918233538137 -2.288862256531469 -2.201053375772722 -2.1186947026392646 -2.046984372314829 -1.9905824201854188
-2.768423569514495 -2.744567890035942 -2.714660661145912 -2.6793994018647282 -2.6395330607450647 -2.5958785424508766 -2.549342855249173 -2.5009523311234583 -2.451889872056267 -2.4035391396127133 -2.3575291740763396 -2.315761316552504 -2.280380847801394 -2.2536355539004274 -2.2375712481800893 -2.23359471700606 -2.242077708945555 -2.2622388400831346 -2.292548590392409 -2.3321092756827753 -2.378552275760436 -2.4302504045427162 -2.4857351717625313 -2.5436502426034435 -2.6027040693221815 -2.657383014813144 -2.701597645883236 -2.734881884319569 -2.754282147045604 -2.7556509532152673 -2.737556675025599 -2.7005331335101563 -2.645817749538702 -2.5764769797322926 -2.501059161345245 -2.4210998054575343 -2.337309148745801 -2.251485191043618 -2.167233032771563 -2.0891280731359108 -2.0216557208011166 -1.9726967398382858
-2.7599113994343343 -2.732771599679316 -2.699360895970216 -2.660341472796382 -2.6164213772296137 -2.5683713680808613 -2.517048920073396 -2.463432482215486 -2.4086699611588576 -2.3541454327023903 -2.3015647966055415 -2.2530484102933 -2.211185583533375 -2.1789445434625136 -2.159279143485344 -2.154371824116735 -2.164548554299472 -2.1866529551530314 -2.218592902342932 -2.259673827622197 -2.3084851065526286 -2.36314497640858 -2.4220762653641703 -2.4839111223958024 -2.546248949609712 -2.6021431653121407 -2.648180412410744 -2.683732514426051 -2.7082377563161493 -2.71683665641934 -2.704230573441558 -2.6704429943992256 -2.616466454826528 -2.545876644935518 -2.4664466874499276 -2.3826787039634034 -2.296774009830563 -2.211044816504299 -2.128676630301596 -2.053383582333436 -1.9929043728592866 -1.9569626543514378
-2.751953292777631 -2.7219694495329128 -2.685499916627964 -2.643166408568374 -2.5956273234359193 -2.5435928038290694 -2.4878473638935295 -2.429284452919414 -2.3689599274503896 -2.308175074404711 -2.248603402441072 -2.1924725064387482 -2.142780502128922 -2.1034121150131755 -2.0785995784027156 -2.069004084993564 -2.0755480210785286 -2.097201828752583 -2.1309198741823603 -2.1743031464916975 -2.225831111789346 -2.2834310024007003 -2.345544991034564 -2.4108578922486545 -2.473840056640212 -2.5305546919570503 -2.5783105820176315 -2.6160328250702976 -2.6431663378769255 -2.657189461037214 -2.65161616943835 -2.625072765382332 -2.5777766074154385 -2.5099524024477353 -2.4285697826974686 -2.3425445481894354 -2.2545231060372424 -2.168031885159998 -2.0863003595609264 -2.0155119195712734 -1.9674465908830499 -1.9438177067423072
-2.745065705168635 -2.712747785055022 -2.673749690989793 -2.6286519621792315 -2.5780602887866384 -2.5226167982374235 -2.4630177844376546 -2.4000423914287627 -2.334600480065867 -2.2678149772648273 -2.201167118863858 -2.1367543422803594 -2.0777279565762354 -2.027212289766061 -1.9883438041630295 -1.9689507406688511 -1.9725195115559937 -1.9959244205810176 -2.03322029371179 -2.0798397178019887 -2.1341354406100392 -2.1942844916376787 -2.2589744146280912 -2.3258912605751982 -2.388464996645748 -2.4453706785446845 -2.494695298061835 -2.5344953286636587 -2.5641469641391743 -2.580337777378471 -2.5805770916097166 -2.5614643700469544 -2.52173695956906 -2.461639519757965 -2.3849409910722446 -2.298765627906108 -2.2098696567172254 -2.1227659783073713 -2.0419855249636587 -1.981452118974321 -1.9453399158560125 -1.934070172381317
-2.7396814877759965 -2.7056031831641634 -2.664686649792172 -2.617476004927752 -2.564528837495864 -2.506422666653618 -2.443765444489741 -2.3772133319217157 -2.307502205625481 -2.235506552866391 -2.162356414814113 -2.08968521694529 -2.016765295977063 -1.945428942781672 -1.8866103257457574 -1.855466967547178 -1.8589724465006214 -1.887905010764492 -1.9307046401613581 -1.9810446399429802 -2.0374201572663155 -2.0990830743006033 -2.165245453977252 -2.2314528463201095 -2.2930275471519135 -2.3495111453763844 -2.399932628257736 -2.4417372446651626 -2.4738219288443752 -2.4923115262294835 -2.4952579232169754 -2.4819705735558797 -2.4499993899834163 -2.3976882986253822 -2.327835424612705 -2.2481315306613947 -2.1607596174656605 -2.0729980168556725 -1.999388238421353 -1.9499652578856133 -1.9260502120904095 -1.9279085673810141
-2.736132648528491 -2.7009198231205773 -2.6587615420696316 -2.6101757696155907 -2.5556848126018794 -2.495817492394189 -2.431112758473056 -2.362125991503422 -2.289440640929348 -2.2136912631021994 -2.1356132874169838 -2.0518520066041157 -1.9603155625384445 -1.8656239810749584 -1.778799226431066 -1.7306196411783643 -1.7422105159416506 -1.7819342740222934 -1.8306067957419172 -1.8834374675970862 -1.939928889309571 -2.0011666279921596 -2.0667219679160453 -2.1304335767224636 -2.190224280885561 -2.245768618840594 -2.2964444326619056 -2.3402280789792895 -2.374836178051625 -2.396051457462274 -2.402064171738722 -2.392034346307551 -2.365195037421291 -2.3204994631238938 -2.257755731979585 -2.1847631595646106 -2.1041170486129435 -2.0209655715937886 -1.9559059723319687 -1.9169178035758285 -1.9056326239798533 -1.921992892012234
-2.734635745895805 -2.6989498714006843 -2.656272561843061 -2.6071102186759747 -2.5519611431835614 -2.491099009417268 -2.425122264065663 -2.3547492206718044 -2.2806206197800316 -2.2032964234913193 -2.1193541721473625 -2.0238313159593675 -1.9183968160453528 -1.8049633604678903 -1.6864155283747932 -1.600413350501881 -1.6439033624041821 -1.6922259941183995 -1.7413721214496867 -1.79213937325254 -1.8455041921379478 -1.9034409326051036 -1.9654788907881853 -2.0253417255386346 -2.0824257353523494 -2.1364822281891156 -2.186794749941777 -2.232243533632412 -2.2696677186691145 -2.294195568514335 -2.3039113301327383 -2.2977588343475484 -2.2747763089558672 -2.234214068808907 -2.177262970191384 -2.1108297242029455 -2.0362959149380586 -1.965728495366133 -1.9105344042815577 -1.8806676724830633 -1.88195050521878 -1.9141376211479515
-2.735281684175755 -2.6997664048010623 -2.6564429776447014 -2.6058398920344086 -2.548915386513721 -2.4865710589818733 -2.419643042376343 -2.3488954834642106 -2.2750184026802565 -2.1962384001378825 -2.105417666793821 -2.0037793419562075 -1.8935463540583073 -1.7779086044495875 -1.6649333868846832 -1.592877318802549 -1.5995501446916576 -1.6310946166022349 -1.668854452825651 -1.7106083660951392 -1.756626712427651 -1.8079434283541596 -1.8636189582034384 -1.9183349059832944 -1.9723424902113798 -2.025038257707993 -2.075281626587172 -2.121786229151499 -2.162159750019926 -2.1902103685420315 -2.203842078731477 -2.202044263443679 -2.183675889693589 -2.147380076738935 -2.0941835728386424 -2.031265907318201 -1.9623623442028029 -1.9034011136846958 -1.8602702542881404 -1.8389150699121017 -1.8524966929115256 -1.9026944114884436
-2.736515638197061 -2.6988730100765497 -2.6533508961944436 -2.6010230275447284 -2.5429229778906257 -2.4800355975321544 -2.413291429195267 -2.3435676019857725 -2.271063488667076 -2.1879322734037427 -2.093369811384142 -1.9899697835119763 -1.8812178127695565 -1.7728918304004795 -1.6765323825876746 -1.612092037083771 -1.5896805869430515 -1.5945459288845723 -1.6124322885152835 -1.6391934110499589 -1.6740769253252687 -1.7180989030557783 -1.7677896746605795 -1.818701620597837 -1.8705212348266538 -1.9224867389992908 -1.9732019020476872 -2.0210119129993407 -2.063827178585194 -2.0956482382087263 -2.1128541461975283 -2.114134507068458 -2.098422799553254 -2.0649732861687227 -2.0152571261182697 -1.9553815036774953 -1.8913838968820347 -1.8383615518988359 -1.8010383381585209 -1.7881319755160443 -1.813435258677033 -1.885226987161618
-2.7331193863106327 -2.6933673078740794 -2.6461902356314626 -2.5927503234228353 -2.534180832813339 -2.4715793761701432 -2.4060063536984555 -2.338494164692825 -2.264670156458448 -2.178508986747858 -2.082544485768398 -1.9799227477624837 -1.874867431019871 -1.7735821847694866 -1.6850969666430269 -1.6195206405166531 -1.581293857658983 -1.5658190008302342 -1.5664407427496467 -1.579889694832206 -1.6048381341026678 -1.6415394674584716 -1.6847408887476472 -1.7308442544565052 -1.7799908900381065 -1.8312164934338926 -1.8828268033822875 -1.9326457706094562 -1.978233875050269 -2.0142518564690177 -2.036242119276924 -2.041798497721071 -2.029286555420456 -1.9971711411942885 -1.9479598519954373 -1.8882161001679945 -1.8297190783670685 -1.7815564206458916 -1.7448704678746436 -1.731727654746561 -1.770750727247238 -1.8712852592958358
-2.724969328505501 -2.683539423296232 -2.635170911995671 -2.5811303454547736 -2.5226691049366097 -2.4610172151699166 -2.397383288655242 -2.3317976122938204 -2.2551964512701725 -2.1674788777675444 -2.07147556978542 -1.970540128877988 -1.8688790349642126 -1.771860980735078 -1.6858337611090088 -1.6166287306038687 -1.5671216071082044 -1.5388154929107185 -1.5288263673509817 -1.5332275157721806 -1.549404266726697 -1.5770861828013623 -1.6132702038591737 -1.6542480588420116 -1.7005531919709833 -1.7513946577984472 -1.804694696744186 -1.8576030851361067 -1.9070985494171042 -1.9479221841581968 -1.975310468879038 -1.9855444329792136 -1.9761972133610424 -1.9464208530258438 -1.9000311376346586 -1.8426791936389457 -1.7887763532915064 -1.7440639188630749 -1.708307385925268 -1.6808648946134856 -1.7338417794741947 -1.877626692924598
-2.7119681958696957 -2.6692562351802263 -2.6201708915265227 -2.5660501305020342 -2.5082029441789317 -2.4479701374984946 -2.386792329546146 -2.3208121648695057 -2.242461032561979 -2.154170274025352 -2.058815041717738 -1.9596460362922017 -1.8604317338900747 -1.7654715648826502 -1.6792467714858377 -1.6062110636867055 -1.5521712201948201 -1.5169027796717196 -1.498207753942785 -1.4938582041234858 -1.502338689070379 -1.5229409665415494 -1.5514759657003165 -1.587632776763781 -1.6316699875236793 -1.682941879141543 -1.7391891373069515 -1.796721586105538 -1.8515832911278196 -1.8985800024843122 -1.9305635917403328 -1.945034364054101 -1.9401418147628362 -1.9144242123631088 -1.8734753202021128 -1.8222592217663298 -1.7767979168953107 -1.7411798334044466 -1.7168961282455821 -1.712774924650816 -1.782112827098782 -1.9270161275972812
-2.6919419213744584 -2.648267673175521 -2.5988889429520077 -2.545262926999952 -2.488829829984344 -2.4310020303450264 -2.3728454677520214 -2.3054800363359416 -2.226233386803133 -2.138051678869831 -2.0437264156126815 -1.9462221071267312 -1.8487296516074656 -1.7545916899347016 -1.6680464386063032 -1.596180612254537 -1.5402648891896813 -1.499823491508259 -1.4737508471715348 -1.4610059240771913 -1.461177008169265 -1.4746807399871775 -1.4978958216051323 -1.5289848772385055 -1.5719833498959817 -1.6256237180392328 -1.6867259779505581 -1.7509441000730022 -1.8128271951204726 -1.8658987134373803 -1.9034534366093026 -1.9226986184185488 -1.9221899348132871 -1.9022174381543495 -1.8687569124538206 -1.8264141549196515 -1.7924812846691118 -1.7716565214351523 -1.7690668555583808 -1.797711157523356 -1.8789533843117052 -2.00961757577447
-2.664809602783049 -2.6203579858912716 -2.570842326568102 -2.517843939160798 -2.462940429006045 -2.407687564412041 -2.351564956968952 -2.2841431823273393 -2.205760798675457 -2.1188114763108397 -2.0258991911383717 -1.9301221016358632 -1.834112066786482 -1.7412546762009788 -1.6591095956683768 -1.589589253214261 -1.5328933554052238 -1.48864605561577 -1.4562318758026676 -1.4353213925957127 -1.4264160068377718 -1.43120099391692 -1.4488584495121086 -1.476928775418425 -1.519626837632515 -1.5783127570589583 -1.6479014446155609 -1.7214672675771863 -1.791097138281514 -1.8511244022310192 -1.895382660847404 -1.9201654903465628 -1.9243308119822684 -1.9106466724191202 -1.8850128948222409 -1.8523737623714251 -1.8304538228907292 -1.8244862490255387 -1.8401636901073466 -1.8864135861376135 -1.9720135314295992 -2.0970693130853646
-2.63095096930033 -2.585824042159107 -2.5362197147752408 -2.48384638952017 -2.4304263091067737 -2.3776687452357703 -2.322651331745668 -2.2558596114291873 -2.1791635398820013 -2.0948532387986685 -2.0050516803043386 -1.9117372762904108 -1.8178059642282998 -1.731085201615906 -1.654491789675778 -1.588216063915626 -1.53202903656022 -1.4853874686160868 -1.4477258912078446 -1.4189419302705408 -1.4000504699191374 -1.3939094946896398 -1.4033450134015215 -1.4285141707576434 -1.4734886060834187 -1.5405325047978224 -1.6229197848916417 -1.708779109080161 -1.788616573926168 -1.8564289965819685 -1.907768346407156 -1.938143231815114 -1.9471083715357904 -1.9406218539983167 -1.9222509262677978 -1.8974662664899307 -1.8848993997272552 -1.8900343634453725 -1.9174526638820883 -1.9725164179866077 -2.059434208092551 -2.1782274910021946
-2.5907781894612545 -2.5450074351281886 -2.4952654102927228 -2.443388073883578 -2.3912516108084327 -2.340737900004462 -2.286409288105995 -2.2208619776504444 -2.1465179495725955 -2.065563089732517 -1.979858778010018 -1.8909436917121516 -1.804225340887254 -1.7255099839613626 -1.6555200644381503 -1.593880250287248 -1.5399027442112605 -1.4926946877458553 -1.4513940105547667 -1.4156057415962493 -1.3861574419423723 -1.3663734882643126 -1.3628473001812391 -1.3815453765799801 -1.432287691615328 -1.5136783925972228 -1.613965162082488 -1.715529359010969 -1.8075879908468082 -1.8840841367873207 -1.9417649885415793 -1.9770462865154559 -1.9913702639093742 -1.9911907806509943 -1.9789672276746755 -1.9599940081690304 -1.953133557063762 -1.9642594929765311 -1.9969333844979253 -2.0546621091996062 -2.139703347054172 -2.251845221371771
-2.5447641930939557 -2.4983315870451324 -2.448324740653706 -2.396702316336311 -2.3455041925305373 -2.2967905950674634 -2.243140934289368 -2.179384998881884 -2.10807561334296 -2.031323485579185 -1.9507259410305298 -1.8689354347004294 -1.7936408995367144 -1.7252313182870513 -1.6634052973016287 -1.608274972551546 -1.5587343772750493 -1.513472146685431 -1.4711319964931975 -1.4305994825588173 -1.3916201131361454 -1.3562636568302353 -1.3324633918137918 -1.3360900201303572 -1.394379378207973 -1.5026204311171925 -1.6279414437038375 -1.7478921175931588 -1.8514949718097053 -1.9344090134236036 -1.995173097077623 -2.033476687825964 -2.0532035398189756 -2.057950954147984 -2.0505231374756576 -2.035471939085083 -2.031162603002169 -2.0443251949089483 -2.077505031811473 -2.1332293147716896 -2.2130027187454115 -2.3165375217649076
-2.493468209933889 -2.4463386103855838 -2.395892690913884 -2.344195479278789 -2.2934545240393756 -2.2458535562856 -2.193156577205032 -2.1316434642090982 -2.064058275273596 -1.9924990440789045 -1.9183268787851318 -1.8481088229971134 -1.7856685480957897 -1.729804406207616 -1.6790918845586755 -1.6327487555496658 -1.590366737987949 -1.5503139706759996 -1.5108028981744763 -1.4699699137595763 -1.4260789016202489 -1.378157127982293 -1.32861021883609 -1.2959673290185028 -1.364799513175074 -1.5217227990592295 -1.6762209303495308 -1.8111681020671744 -1.9216923192170694 -2.0065878055556214 -2.066272790775021 -2.105416465835433 -2.127797684579041 -2.1348426954382442 -2.1297573431378978 -2.1162612864965533 -2.1110136322958937 -2.1228714343816186 -2.153800897787014 -2.205257613273508 -2.2781764236212414 -2.3728627569488214
