_RESULTS/CROSS_VALIDATION_POSTPROCESSED_CLR/Berg/TZ/7comp/2/Berg_TZ_z_0_kriged_reverse_7comp_spherical_2.asc
ncols 100
nrows 90
xllcorner 5.6208707817415728
yllcorner 50.959635321741573
cellsize 0.00013419651685393446
nodata_value 1.7014100000000001E+038
[rows 57 to 75 of 90, columns 0 to 42 of 100]
-2.595388860462662 -2.510924353860696 -2.4250059547130864 -2.3384672696271354 -2.2515677317284126 -2.1643365246872226 -2.0768925286080764 -1.989709411809491 -1.9038463483421224 -1.8211888883227485 -1.7447368359183733 -1.6789223504127766 -1.6297974255937548 -1.6032339972624188 -1.6012675544553847 -1.6281137974992164 -1.6828568381321847 -1.7591537949677343 -1.855803341846662 -1.9692080200296798 -2.0922504737503385 -2.219401144840112 -2.346821250485169 -2.474061965366128 -2.599487988466694 -2.721295981406934 -2.837811959769657 -2.9473442566269883 -3.0480863971309278 -3.138047672092263 -3.2149714928975484 -3.276527086114786 -3.320270109190101 -3.34742440585616 -3.3735268232009825 -3.3995938775687025 -3.4244647884230757 -3.4469959933320475 -3.4660748819267715 -3.48062734897236 -3.489621129475137 -3.4921835005694435 -3.5125744897537152
-2.705000727509825 -2.6149537537763052 -2.520293903259093 -2.422052963719854 -2.32078201945031 -2.2167772149921743 -2.1103170118411896 -2.0018941462156024 -1.8924602697543667 -1.7837332415462681 -1.6786425488213137 -1.5819888956176031 -1.5012754042726097 -1.4471552689707314 -1.4301065462026896 -1.4543920798202525 -1.518626612691547 -1.6141608106292762 -1.7361138597311112 -1.873732913289854 -2.0185633941502816 -2.1650939724196965 -2.311631979074512 -2.4559894112022773 -2.5962036107953264 -2.730618251331954 -2.8576862101796907 -2.9758395327209364 -3.0834078402440275 -3.1785682213092614 -3.259248756575512 -3.3232957200943116 -3.3684618110628084 -3.3936963821964445 -3.414299500826184 -3.4345434291658528 -3.4533702212209763 -3.469720858528982 -3.4825500648187417 -3.490836016523877 -3.4935862641988247 -3.49266208359935 -3.4868752067191817
-2.807020616057975 -2.7129098819209845 -2.6114582881707467 -2.5037822002055012 -2.3905795901476523 -2.272277063842128 -2.1491969219427824 -2.0217365868223327 -1.8905780224264137 -1.7569812516841 -1.6232758309680477 -1.4937703218513443 -1.376435310431408 -1.2854587819022578 -1.2420837944358878 -1.2636657785030594 -1.3443679626659168 -1.4698991870100637 -1.6217895346317506 -1.785303590381587 -1.9522760768898517 -2.1193816758464603 -2.2837024933235828 -2.4431562575895254 -2.596131373025999 -2.741220035339808 -2.8770588390093366 -3.002230633188608 -3.11520577289216 -3.2143115770987136 -3.297651771879153 -3.363205657621618 -3.408888672783706 -3.4327836572304395 -3.4482075901950093 -3.4629087973297317 -3.4759224230726615 -3.4862691603123674 -3.4929699614096985 -3.495056668303421 -3.4942073161751037 -3.493349890766034 -3.491715448524209
-2.901218397756187 -2.8046895877440283 -2.6984782908876808 -2.583735482055836 -2.46123677816289 -2.3314745342597427 -2.1947661883823866 -2.051373000182558 -1.9016388407860592 -1.7461868034716495 -1.5862725345839506 -1.4245561983465556 -1.2670412772314439 -1.1282800374930084 -1.0424369321597902 -1.0573558645227235 -1.171873459499805 -1.338445708986872 -1.5233236472116416 -1.7131425039800718 -1.9021905353042547 -2.087232840078232 -2.2663054084296714 -2.437993150478862 -2.6011025722937786 -2.754494165469275 -2.8969216586318582 -3.0271081304805234 -3.143830056453649 -3.2455441750045764 -3.330341740857053 -3.3962536749855237 -3.4414040144272593 -3.463742747159217 -3.474271475171652 -3.4836863434865375 -3.4911057256771265 -3.495623942435667 -3.496388395742214 -3.4956299076484534 -3.4948588988261426 -3.49409654394394 -3.4933679869555094
-2.9871179918972905 -2.8898978251791814 -2.7810422378042414 -2.6617030351726605 -2.532719706529252 -2.394649137470137 -2.247831122850961 -2.092456356831148 -1.9286352627561552 -1.7564760575625757 -1.5762021625792668 -1.3884055474645915 -1.1948094040961834 -1.0015173365460477 -0.8403413931312378 -0.8524950496146793 -1.0302511507419938 -1.2418562186540898 -1.4574756314034296 -1.6691390096774956 -1.8745834289080285 -2.072548152640133 -2.261263965870082 -2.43907308196507 -2.6059872965802255 -2.761823746643922 -2.906124885049308 -3.0381187005417534 -3.1566930397501745 -3.2603842223567403 -3.3473713478792226 -3.4154218884463474 -3.462069495941599 -3.4846022592371413 -3.4915653691780864 -3.495925917261667 -3.497954917635832 -3.4975570512268255 -3.4969050041749496 -3.4962278582900486 -3.495543582216453 -3.494872650954758 -3.4942383477734733
-3.0671195653632255 -2.9689853432062474 -2.8586602263534147 -2.737032258970888 -2.6044719612250455 -2.461429741313899 -2.3083550129303845 -2.1455258516003113 -1.9730909810400643 -1.791106774624485 -1.5995705370697118 -1.3984571579245917 -1.187788028937605 -0.9679111386290264 -0.7443119354880818 -0.7623905034540095 -0.9879952442659854 -1.2154941960320387 -1.4402270623354898 -1.6603966938558794 -1.8709356938035753 -2.0695712000338666 -2.2568586061545006 -2.4331885247321594 -2.5987384421701853 -2.7534275528749506 -2.89687615161242 -3.0283723743555786 -3.1468492189196278 -3.250874124585506 -3.338652192121425 -3.4079927348423573 -3.456378419983576 -3.481079115428987 -3.490239659041137 -3.495978722525633 -3.498429178956618 -3.4980090224531115 -3.497434330182663 -3.4968382888014196 -3.496238293736221 -3.495653565172743 -3.4948900168839545
-3.142588498574575 -3.045118556435863 -2.9343707737623483 -2.8113421031921133 -2.6768158781610563 -2.5313999644631235 -2.3755755945371124 -2.2097566686092973 -2.0343650952965264 -1.8499416904989476 -1.6573493508182398 -1.4582424530456906 -1.2564222235968296 -1.0638686755435018 -0.9247431396510009 -0.9322092259570449 -1.0789138067234525 -1.2742575018188518 -1.4807804734948524 -1.6840865129445897 -1.8807499079039967 -2.0694113984240814 -2.24929836446184 -2.4194618597011113 -2.5797529726037127 -2.730014800938183 -2.8698333171536614 -2.9984804255105875 -3.1148761342885694 -3.2175689253754385 -3.3047339737976 -3.3741783771771767 -3.4233315740464314 -3.4501734389178327 -3.4644901264562873 -3.4777974146208512 -3.4887581455757357 -3.495955978604706 -3.4976979207109564 -3.494897395807984 -3.490645960354451 -3.485947696436962 -3.481642411621703
-3.2124299563844225 -3.1174820538637107 -3.0084483836349376 -2.886455754556218 -2.7524740945730333 -2.6073599042427755 -2.451917845356574 -2.286988258738636 -2.1135800637288784 -1.9330949300144298 -1.7477514511077046 -1.561474391874849 -1.3836458220327894 -1.2346349312138298 -1.145215288879664 -1.149472463397779 -1.2453042800174354 -1.392745746328874 -1.560719343528934 -1.7349207078309625 -1.9085879799657297 -2.0784006192153432 -2.242601702616433 -2.400148778523552 -2.550296011120096 -2.6923635610497114 -2.8255953980426733 -2.9490652174647494 -3.061614387773771 -3.1618157516642786 -3.2479603902379073 -3.318064606761701 -3.369859177506938 -3.4008876312900727 -3.4225902492022535 -3.4440960852277387 -3.4631426549881863 -3.475024848215573 -3.4790642784450645 -3.475031776245465 -3.4649788068514287 -3.4553070222306665 -3.447233313483574
-3.27519914553291 -3.184517870085428 -3.0791717030310872 -2.9604354475710863 -2.829485484536972 -2.6874522968263808 -2.5354977010870376 -2.374929404031837 -2.2073780441560773 -2.035085790453403 -1.8615050304287695 -1.6951776250170405 -1.5470586692699264 -1.4317518897232464 -1.3680509366582378 -1.3705889968488978 -1.4320702535819336 -1.5355562127202824 -1.664102687289354 -1.8052532539724218 -1.9513494241379916 -2.0979249042137074 -2.2423653610347962 -2.3830722370218416 -2.518963481167132 -2.6491640849064604 -2.7728022963508834 -2.8888697725548402 -2.9961270393677593 -3.093046586495527 -3.1777896322338615 -3.248212290559249 -3.3018940449374323 -3.3366746486343946 -3.366105773578032 -3.391673123322061 -3.410712816611669 -3.4231548508325367 -3.428866599970144 -3.4276470080500125 -3.419207975810895 -3.405026579664656 -3.392923208110796
-3.3291313509178044 -3.244303279784317 -3.1444025892310004 -3.0308564023650404 -2.9050464815527235 -2.768368725236944 -2.6223196649468603 -2.468622158510422 -2.309415603781093 -2.1493052808388526 -1.994313905847724 -1.8509973047282147 -1.728127357174797 -1.6367030840660384 -1.587864431016397 -1.581836687707248 -1.616480027538517 -1.6852544065887773 -1.7783293014918917 -1.886665959290022 -2.0035356786002123 -2.1244043646014488 -2.246342251812477 -2.3674586107040305 -2.486468483486533 -2.6023748589115963 -2.714233261223974 -2.820976598755903 -2.9212903273629953 -3.0135349605123545 -3.095714135143964 -3.165483543315494 -3.2201917985492385 -3.2578651567102215 -3.287365960458368 -3.311436005831723 -3.33000340297093 -3.3429657651787736 -3.3501993104518304 -3.3515486848068017 -3.346799949543123 -3.335640392228532 -3.319986038122054
-3.3721847315359668 -3.2946079936966015 -3.201663477239854 -3.0949207238398344 -2.9759458902241653 -2.8463628656034485 -2.708260996159312 -2.565057138750087 -2.4200534917904486 -2.277185401911078 -2.1413290458944405 -2.018531422606644 -1.9160603982667648 -1.8418763113976153 -1.7960460656790649 -1.7790064101085048 -1.7922288673859796 -1.8326669994022677 -1.8946681886070258 -1.9721522461752106 -2.059922622899351 -2.154064255592581 -2.251835405323567 -2.3513821863137343 -2.4514307028874334 -2.5510069611239476 -2.649195012144977 -2.7449364682585893 -2.8368774996315618 -2.923271329609924 -3.001940713316601 -3.0702965906227635 -3.123409067985042 -3.156117107911473 -3.1833837518724906 -3.2061966539291706 -3.2243791888028177 -3.2377927136221865 -3.24633354894696 -3.2499164078452485 -3.248436193940911 -3.241712613721439 -3.229423456463827
-3.4024657679353254 -3.3334323484274933 -3.2490545686556356 -3.1512201575556134 -3.041966976837888 -2.9235316129857845 -2.7984142436845736 -2.6694634276194176 -2.539982089195015 -2.41384808476984 -2.2956234105496636 -2.1905878436893964 -2.1045760944165757 -2.0387542001007004 -1.9898244094692032 -1.962004977818805 -1.9568724636698993 -1.9731737524674147 -2.007737687431372 -2.056670073929503 -2.1162790091232333 -2.183548202353716 -2.256249372761099 -2.3328467457755524 -2.4123038752795427 -2.4938514601921344 -2.5767465319435745 -2.66004621940069 -2.7424215183891203 -2.8220363863682874 -2.896508063484481 -2.960996972992018 -3.0035205697921286 -3.0322308262167224 -3.05768624931076 -3.0795263738320227 -3.0974170760057578 -3.1111697616902347 -3.120717660126302 -3.12607848944754 -3.1273019360307104 -3.124394954506934 -3.117231341824283
-3.4283035406673465 -3.3691135044988716 -3.2951599689965283 -3.2084048349633005 -3.11096315933965 -3.005144958558973 -2.8935068409702547 -2.7789127932754276 -2.664599333015759 -2.554231803382101 -2.4519237572329535 -2.3621703926761684 -2.2880433870735866 -2.2228984591061485 -2.169383261901877 -2.131042123439949 -2.1095036840443186 -2.1045178720117157 -2.1144399594486987 -2.1369227350579445 -2.169543961995294 -2.210220696665721 -2.2573964973331657 -2.31005142674233 -2.3675893516799373 -2.4296416038086774 -2.49581707889781 -2.565433998512826 -2.637281046752237 -2.7094601759929695 -2.7783210862694743 -2.8306538230444964 -2.8631621446367603 -2.889871016823945 -2.9141095433643605 -2.9352805766456953 -2.9529519454971807 -2.9668707544662842 -2.9770121431429137 -2.9835399675501764 -2.9867180040616224 -2.9868119621944786 -2.9839689306347976
-3.452698371509638 -3.4041303157676595 -3.3413187868734884 -3.2662720206342613 -3.1811444274013434 -3.088269034913136 -2.990193877994752 -2.8897191337702193 -2.789927798537104 -2.6941962630099914 -2.6061624044755334 -2.5296202780642076 -2.46011047874096 -2.3938739728548564 -2.335001599139474 -2.2864728584072163 -2.249931044902005 -2.2257161602588678 -2.2131504720083925 -2.2109684448519755 -2.217751403238278 -2.232266843083732 -2.2536722814968977 -2.2815826865953137 -2.316011712511289 -2.3571953098862863 -2.405311546604604 -2.4601349478724406 -2.5207015798368366 -2.5850138644950995 -2.6411922719420144 -2.680427219589841 -2.707278328891923 -2.732999893263095 -2.7567683121873543 -2.777687669624461 -2.7951673348088795 -2.8089578060958607 -2.8191298924253685 -2.8260161285016245 -2.8301657759087098 -2.832194556977808 -2.8326249979571245
-3.473841266397949 -3.4365009080135422 -3.3853557454995222 -3.3224329473965057 -3.249891599248325 -3.1700452062465674 -3.085383674031214 -2.9985906160263265 -2.9125487780642216 -2.8303223695439086 -2.755101032014048 -2.6880931994058668 -2.619700344942823 -2.5515213806180084 -2.4869994648446667 -2.428730743212765 -2.3783414364833044 -2.3365207799518912 -2.3032083811158195 -2.2778841149209477 -2.2598869656629383 -2.248699413910118 -2.2441112541340393 -2.2459562000507463 -2.255225545249098 -2.2733378744999424 -2.301561593293678 -2.340526167649224 -2.389701516767698 -2.442725806607576 -2.48495584193527 -2.5137526833312247 -2.539958846776873 -2.5659695925137544 -2.590169205015947 -2.611311206871145 -2.6286387321386977 -2.6418977472676746 -2.6513036216806842 -2.6574739341239537 -2.661320182880446 -2.66390117621143 -2.666248095394365
-3.4898773978595266 -3.464219286628579 -3.425101822285598 -3.3745465983803298 -3.314688446467052 -3.2477887722871164 -3.1762454741176485 -3.102595372750473 -3.0295031027647052 -2.9597283611790175 -2.8960621714407964 -2.834151238965487 -2.7662758064957185 -2.695800294565038 -2.625699098464889 -2.5582834116418085 -2.4951338158389325 -2.437133761316854 -2.384604989219481 -2.337497136505899 -2.294445797950312 -2.2553210302157902 -2.221243616833145 -2.193804769149692 -2.1751181050086523 -2.1676942386626656 -2.174042752644729 -2.1959625668794795 -2.233080607081348 -2.271200351909751 -2.3023947098048283 -2.330801388222283 -2.36195972190119 -2.3924625919221985 -2.4192986263172163 -2.4411624870299504 -2.458303249295808 -2.4705074699741987 -2.4781761722036286 -2.4822544503146395 -2.4841268772346794 -2.4854595547249465 -2.4879614729770254
-3.4989344187517295 -3.485285031523581 -3.458423760859966 -3.4203462758620176 -3.373140833731312 -3.318993930388934 -3.260190983594197 -3.199108577837446 -3.138193705745069 -3.07992465842922 -3.026282586227208 -2.966983909123648 -2.899433689165307 -2.8266951796720248 -2.7513860437797875 -2.675588721752654 -2.6008136373322888 -2.528024447160097 -2.4559201445148764 -2.383975731648171 -2.31329419468944 -2.2451134757939304 -2.181045383686621 -2.123311315061699 -2.0749279496889317 -2.0397226176704626 -2.0219523044374874 -2.0252869107584797 -2.046344013618678 -2.0705408700826604 -2.096849747812558 -2.131665520376809 -2.1707364316678546 -2.2093651750411 -2.243756347247628 -2.2711090098574744 -2.2895448303805557 -2.29998661039183 -2.3047115248606937 -2.305041097827592 -2.302906658629639 -2.300711344002817 -2.301070047070385
-3.500265341070815 -3.4977236262047104 -3.4832419713374856 -3.457652383073701 -3.422980575977456 -3.3813237343077107 -3.3348446455234373 -3.285757596442511 -3.236302844457639 -3.188706409132408 -3.1426794131927456 -3.0858826837629354 -3.0187973146940097 -2.944146104035955 -2.864264889457732 -2.781043230112895 -2.6951551234264346 -2.604523235919863 -2.510314304490885 -2.4139288223690967 -2.3166985116729855 -2.220097699096507 -2.1260089472755563 -2.037057482858346 -1.9570074405566587 -1.8911079189374673 -1.84600250167458 -1.8283280690080526 -1.830227237600973 -1.8448791577179944 -1.8776270534272883 -1.922875025233036 -1.9730393098880366 -2.021959777044052 -2.0651509860745287 -2.0995625573241785 -2.1232883791575854 -2.1353646925725416 -2.136295316315328 -2.130915814110723 -2.122323217970506 -2.1137776791466525 -2.109065850539416
-3.500265341070815 -3.500265341070815 -3.497539682862865 -3.4843757469605916 -3.4620600898570393 -3.432592833074858 -3.398011345784942 -3.360372653010062 -3.321726332377597 -3.284076095079306 -3.24416050475938 -3.1901458714875544 -3.1239383330546313 -3.047989497747248 -2.9644085103306916 -2.8730532608312123 -2.77207500650632 -2.6633773482423244 -2.5486714583023504 -2.4294555225773884 -2.3071464147444782 -2.1832626373362016 -2.059687759297235 -1.9390730798936873 -1.825470260649054 -1.7252501028885678 -1.6479808168900152 -1.603616709694017 -1.587286545203352 -1.605724557776603 -1.651798525990099 -1.7125592977260515 -1.777214777793858 -1.8383569192440476 -1.8912241272837913 -1.932835808323789 -1.961433456861699 -1.976200429385406 -1.9771756044170097 -1.9655023303865828 -1.9476361018607966 -1.9293058364357656 -1.9157423729305312
