_RESULTS/CROSS_VALIDATION_POSTPROCESSED_CLR/MHZ/GZ/7comp/4/MHZ_GZ_z_180_kriged_reverse_7comp_spherical_4.asc
ncols 100
nrows 74
xllcorner 5.5967023332191781
yllcorner 50.982320383219182
cellsize 0.00019249356164376555
nodata_value 1.7014100000000001E+038
[rows 40 to 59 of 74, columns 0 to 43 of 100]
3.5695492880297737 3.5855708333603675 3.6489760332912446 3.7440385474710958 3.8353375504738683 3.899869315729941 3.927494451229172 3.9143547796358016 3.88485566861351 3.9319512808868358 4.019764028812385 4.117318994140407 4.2233648786747615 4.3393080246532625 4.465074789139965 4.594040088246615 4.742565338058532 4.943279587845962 5.177492245072697 5.4239502823227115 5.669934834088218 5.875006364587918 6.003666284782984 6.007928496480535 5.867759856357506 5.625384083161041 5.319770068737386 4.970765209779324 4.644333393040547 4.379244162373652 4.176484705140656 4.028050105693969 3.9283039543451848 3.8684853900663705 3.8422161252040543 3.8414273928198632 3.8449204834768467 3.8626790736830166 3.9090634747469903 3.9722877005823944 4.024997552491182 4.059191094466693 4.06882360205952 4.049032370852583
3.5110061771697243 3.533090445194047 3.6012637675243306 3.707654288870681 3.8247838256676094 3.9156997944740954 3.969407803429609 3.987217113964121 3.9866828216545445 4.018455803609508 4.084907716677861 4.170326130888473 4.265434610214317 4.372445654637125 4.484688182925702 4.596215433900503 4.7168080006137005 4.878545987291462 5.086994972262202 5.299601664074914 5.482996839589044 5.622466215682162 5.695518442742308 5.673669106819496 5.547381346221313 5.339614671953272 5.059499914333285 4.736833952685143 4.454949587798598 4.247624344116943 4.113354822286686 4.04540313708068 4.013853290631201 4.004264499085636 4.012092445203867 4.029708856315616 4.035443304562254 4.052015359938167 4.091615275824443 4.138873804819551 4.179135022252138 4.217669724995837 4.242759879469965 4.236781416419221
3.4634486787829957 3.5052636121181346 3.606739272593546 3.7425118574095313 3.8888107870865243 4.016096780525322 4.101428753657113 4.146598403395097 4.161679358024237 4.181368245541567 4.226495594290573 4.287398428709399 4.360290219788283 4.4467018503447555 4.534342406453652 4.619276308974932 4.7090071303058405 4.826911304746247 4.981658837982204 5.1437859287405505 5.275674413150369 5.370397910774754 5.407353912410997 5.368748432365798 5.24889521959159 5.060687128389034 4.794723609706319 4.491043532597299 4.238122764521059 4.093237921690449 4.052935083525288 4.079862212330691 4.134463026859561 4.186627175570739 4.237063574524787 4.275236998596451 4.2911932069577885 4.311348872760114 4.342435872126165 4.359211367872176 4.37588882781936 4.42824974795821 4.479563569236371 4.479483379654528
3.4285330545248076 3.489769646516918 3.646993522499022 3.8488215305273465 4.045579527342833 4.210986339742304 4.324824976822722 4.388371349419551 4.414177423433417 4.422528579565739 4.443726959695079 4.476211872447031 4.52068969600525 4.578321356786954 4.63388901626067 4.680164609524792 4.720443642480718 4.77313735689712 4.86041269375443 4.96966290365696 5.066237007892238 5.129368414636311 5.1433461402296 5.095923870171 4.983977820898549 4.813084652534179 4.560971209768612 4.269218620156131 4.0056398544821965 3.94030749388789 4.031452615259829 4.1564575355764175 4.292067828623203 4.413171265989062 4.515180826414813 4.5813167365982785 4.615812188224284 4.649042357941536 4.675069259280435 4.648117331278994 4.606600281905868 4.706430969222016 4.804739692914208 4.788373532791638
3.4116935967573196 3.482680511226002 3.732772154525734 4.022341787305244 4.278217970884163 4.478696782296254 4.623773028592961 4.709388513670543 4.743890235399197 4.740688675166161 4.7310889101821765 4.729122829950263 4.736469776515516 4.753055162274328 4.760683374380304 4.751819622953667 4.729782086189213 4.71872677021729 4.746564051933969 4.800629419158007 4.865529726433523 4.9034731148086435 4.904221438207609 4.855888596674306 4.758844288934494 4.613789813821304 4.394828883514209 4.144632581225442 3.901700450364363 3.921570829211954 4.102666412966118 4.295581544127621 4.491247818259056 4.67399084915953 4.829672554989002 4.9394386706620494 5.006005169882519 5.068124423428128 5.109838012315167 5.0844100797457985 4.95964443997085 5.174019273954073 5.2746409218066335 5.174307325483386
3.477855812814298 3.5093362490076423 3.9271481601232683 4.297909636741194 4.600902252157697 4.827989487842076 4.979300796825913 5.067073558509301 5.100387079201058 5.084073893339307 5.038964645923119 4.997173946694478 4.961798290405019 4.932888867658669 4.892670275667165 4.831285655045587 4.74870776765836 4.676581044623073 4.651657640351532 4.653790316259979 4.682420791080283 4.697323513091337 4.685018514747345 4.642303016129891 4.568583630973637 4.461295989481596 4.298966491847549 4.138204146939725 4.044419088123076 4.0952258668549675 4.268813165678885 4.488949273113337 4.721326538808281 4.951184880845319 5.15343905562135 5.308004538414326 5.422975670902266 5.530274460695415 5.6232303054023 5.701502427282308 5.813188340081884 5.97477645308827 5.899616131169216 5.610442437346829
3.815040743952914 3.9550888934481256 4.314765404091153 4.701648477366026 5.029620831650372 5.2618712382448445 5.395930926561588 5.4542861566356855 5.461134137163193 5.424359314207697 5.34911194081074 5.2652398753175005 5.186418269873272 5.112442276871882 5.028104849402331 4.921317859357708 4.795733560312383 4.672804408142867 4.582981789589884 4.53321303073162 4.520289820446922 4.509701733163166 4.486886062292458 4.448736941209611 4.400912480015666 4.338313118424185 4.244347164268924 4.178205367546425 4.1822162925413515 4.283234637428488 4.47252382662391 4.713454676493344 4.973091670002588 5.2325898648512705 5.471914318560452 5.66336906830307 5.821167996066408 5.958416455642761 6.0994154051017055 6.269026042445293 6.517568659721035 6.865501093096142 6.493820513759885 5.986821489924942
4.254646560071286 4.470059654408515 4.812064925487761 5.205003971229663 5.549377833596934 5.767407294921028 5.85473576637775 5.860935339564318 5.820427355486607 5.745559422484232 5.644993654684846 5.52389970983202 5.403069674639711 5.285752866281532 5.161209255582999 5.01346558647413 4.8455253800679445 4.674829270875824 4.531767753618072 4.433182062395119 4.378854270660658 4.3398759248876875 4.3025021832615735 4.271758449445855 4.2457764863093885 4.227429221846101 4.201440327813401 4.210949803131395 4.286737435496476 4.439841429342513 4.664331868688694 4.937284048066365 5.22796676126027 5.510730145912471 5.768867683576172 5.983278708551893 6.157006994522614 6.298739636770638 6.445457600611604 6.615890607650631 6.814323746942192 6.935913716430354 6.657723719237257 6.1641231200685835
4.66285894553812 4.930521602875986 5.300877411503795 5.731194335091526 6.126953292766353 6.316363084306368 6.31364628151593 6.249457473094463 6.158586140343653 6.046864984062397 5.916626382659555 5.76797345727927 5.605666016372456 5.446918039077763 5.284916792533874 5.0991382160311165 4.889620726244129 4.6767282432666715 4.489327691677303 4.346810475189566 4.252363175973972 4.184873294878172 4.134392502010892 4.1071429585157295 4.100321096190321 4.116008036648124 4.147260019616141 4.216286816298201 4.348356701397088 4.549378091114473 4.815736742416963 5.131099963134891 5.463033628048579 5.7684028877859514 6.024440404264498 6.234262964893497 6.396395486112201 6.521520793022835 6.635666740014305 6.749031596457933 6.83439203022281 6.806230889705557 6.569809862157989 6.163079071722643
5.004371201772129 5.307562868126721 5.700136820628973 6.165583571857457 6.67810088960583 6.811487366472258 6.68616633278222 6.56821288419917 6.4451351336835305 6.310665219825737 6.161638203655589 5.995405913045683 5.810032049795468 5.608798886734769 5.405162454014055 5.181485849088478 4.932528920476386 4.683969925930557 4.459805990431789 4.280556652328328 4.150719936038761 4.055505444000873 3.9916349680013323 3.9630149814905495 3.9694230297219 4.007973142043725 4.076753794015768 4.189704907052055 4.363849557275139 4.6031099232742285 4.907354647232592 5.268886423300404 5.661834754015179 5.995861523278896 6.211985170948486 6.373153188347431 6.510584733719451 6.6191768492805405 6.693780070752705 6.746752305824714 6.7500078513588395 6.655344339089726 6.425606404145698 6.070730488604683
5.267792506269447 5.580724547634031 5.961493529145786 6.387712017066121 6.787971116639384 6.9407234082079485 6.880424923358438 6.7785799564405025 6.658647362284476 6.52278724141717 6.369585507342337 6.196538764062389 6.001342801810676 5.782663178772953 5.542055661414935 5.283900798696047 5.001736275985153 4.724128046936466 4.469627382920404 4.255476289306772 4.087691888948597 3.95822640795235 3.867616342470942 3.83978318967105 3.861073652809009 3.9165871745245293 4.006131495240277 4.139904874240936 4.336977412375606 4.59700101867808 4.921333990387962 5.30858285801295 5.7558974011461785 6.132796565143545 6.260454569408825 6.3870852990487235 6.5023752899622185 6.5967525966758105 6.646874465187228 6.656758478848649 6.610152386674283 6.4828347980259275 6.256658506056317 5.936948124907474
5.451496331695771 5.7527707550621985 6.095816092653572 6.448887738493831 6.745938632230442 6.906833314940753 6.932757189041023 6.885841629873899 6.796579705109351 6.678509137920585 6.535324075812647 6.366427982230454 6.169915730474 5.94433466271637 5.689861221812317 5.407167379799414 5.101374382010841 4.801870833536245 4.519491037063544 4.274433478540608 4.076741942449159 3.899922625363966 3.760886861478049 3.750086074664453 3.787117624557094 3.8503491598443844 3.9448421921028003 4.08243755276349 4.284845766672671 4.546217358606729 4.865694574518226 5.235510813121849 5.621700748720536 5.935365999254604 6.130560703793052 6.2740395340238155 6.389368421865802 6.475397668288188 6.511563734950036 6.497440234096573 6.4280767054201675 6.286683455267342 6.06721502151422 5.780645333230576
5.5633818891331615 5.842538401752771 6.143989483987166 6.439294688710681 6.685866216387789 6.846726755444656 6.91759588103506 6.920237546971441 6.870076410859142 6.780766505077107 6.658246936980973 6.503080430221671 6.3133076655096945 6.086965525844002 5.8242592508722115 5.5299619174227574 5.226115287346816 4.914239775410143 4.610549650824448 4.3484777334353995 4.131864639460668 3.928305019046233 3.762775571329398 3.7408004826905024 3.7660909714814914 3.8187000311409447 3.9034174373895683 4.028151729743509 4.218107764681151 4.463712709189548 4.75159721002154 5.067358462636025 5.384739146548904 5.662720515881037 5.883698359776408 6.0568394887537895 6.1868948230875995 6.277668929468525 6.314521799676491 6.290149920466316 6.208607917566599 6.065340464364729 5.859154684396739 5.607725572392953
5.6158720972385945 5.869922184952928 6.135999237206398 6.391312134954101 6.609768443007505 6.769504831026191 6.8654066940471665 6.904805890686497 6.891583996789054 6.834826714155609 6.739645741044392 6.606023622812767 6.4304425888928 6.208944840315448 5.941207379699949 5.6428854532664765 5.341633087721638 5.035335825689959 4.735335889198885 4.473742882507918 4.251386408510462 4.0491380068280245 3.8951523855821746 3.81864490886381 3.8018287375780506 3.825688907282997 3.8860000112765674 3.9835569204567705 4.133947848325514 4.338261115794521 4.577280731687105 4.839380177591116 5.10589443440907 5.355441778554138 5.576856632326872 5.768379030920227 5.91646235799166 6.0196723172152105 6.068760553867616 6.055804010755718 5.975320716643786 5.834870120250205 5.6468260737133 5.4256090456278425
5.625825368781753 5.852788098253819 6.087929342796206 6.314310019773754 6.514101304548059 6.67247948861053 6.783615511978872 6.849661021775281 6.868279215642886 6.843824864642348 6.7796880472183085 6.674258061619186 6.520515229241134 6.30919449077043 6.041189482348461 5.747641051632882 5.444365245113947 5.145341734422127 4.856678689340925 4.604845202281012 4.384425014987751 4.1841670873056795 4.023000031390096 3.9142064828185625 3.8557034637233385 3.839660121630521 3.8616868024665596 3.920560219264972 4.017573031313223 4.172665522953244 4.361745195857381 4.574331797031576 4.7979850879151735 5.020457068364312 5.233189052275511 5.4314767879441455 5.597326295918867 5.717192455051134 5.785402274387368 5.793070020270099 5.734191252878291 5.614287120509827 5.453243888272816 5.260481559188695
5.6029943339193125 5.805504993393551 6.014043496384959 6.215862322966069 6.398638804538824 6.552887283078677 6.672555910495981 6.757077547314597 6.80179181713811 6.807003067410924 6.7752912890946995 6.704544437866623 6.583704516104033 6.392112612870896 6.135630322791868 5.84249473617513 5.536138040849902 5.238355547712061 4.963953610860392 4.722473518138669 4.4993347058430215 4.2944304063114425 4.120252438542666 3.98524082944167 3.891269293052725 3.8363157146970543 3.818282264442836 3.836126410875211 3.889112001474412 3.980671201552762 4.11962545835285 4.284823950199083 4.468164599150366 4.663365654642293 4.86416782841541 5.06243903765862 5.244394014524178 5.383604309201534 5.474300477422851 5.5082077752723695 5.483313402313947 5.406639006706592 5.28075216405974 5.118519119273475
5.553606558773981 5.733971640340934 5.919730485445543 6.101041359610741 6.26873362888222 6.41569887293681 6.537786580955883 6.63286051456471 6.69706938041149 6.726884464118671 6.725318421450668 6.692701706165305 6.61962590715409 6.473612547386473 6.2190642649260806 5.915327874476582 5.607388145511281 5.315226308939773 5.051378694928742 4.814104315306644 4.58715396488908 4.375267103567292 4.187189927625726 4.029238133136143 3.9044519288141037 3.8135566129800074 3.7566219394768314 3.733895015465455 3.7457513937289932 3.789787174667042 3.864188534431462 3.9809622458849354 4.123196313734799 4.289623245107241 4.478279350395438 4.677711116052742 4.870075334842944 5.030725816121758 5.144971894917407 5.214735148696172 5.233217289571458 5.201525072997446 5.1229334255883066 5.002437278123381
5.482164807296591 5.642015861376683 5.807294460034581 5.970148779001086 6.123396660926858 6.261354883753624 6.3804074494313605 6.479074819914309 6.55486763596031 6.601072269383979 6.619997272900952 6.615254419984446 6.600936634818313 6.5576247460836266 6.253094519075137 5.943909665292209 5.6464771502451665 5.369988133765417 5.122684091838577 4.879877470484981 4.6440553687299015 4.425636204165196 4.225148574438372 4.047426978537123 3.895829243168319 3.772459198787912 3.679111090050931 3.618174089987371 3.5929006680190825 3.601515621188701 3.62674411228897 3.6790332487090933 3.7719231843848213 3.904915239557016 4.0839941506041955 4.290858942458974 4.493484972226335 4.672240987911876 4.819521427829451 4.928130738844632 4.989492543297972 5.001712206368695 4.968636641674244 4.895340183533004
5.392103470588422 5.532436005852152 5.678460195277963 5.8236803520766145 5.96212589369301 6.088798670121338 6.200478478145721 6.295413425384066 6.372855435539384 6.425873627671024 6.452891156572841 6.464334195317674 6.456987415399631 6.383007092090202 6.173401698190877 5.911053977979962 5.6477411000823 5.400544500269988 5.1694229702501975 4.928375083479195 4.682356866204798 4.450149394952625 4.236522674121838 4.042686570582591 3.8684459826789115 3.716430544280281 3.590304340013516 3.495130244943987 3.436527018897247 3.4152156849019866 3.413265820384084 3.420213685769764 3.4435556351476064 3.517452361364481 3.694607005816062 3.92248828382102 4.142403753076662 4.340367566284691 4.516114793660631 4.656834210565602 4.757065037545133 4.810438678313215 4.819857503396528 4.790340361043291
5.286260904537499 5.407570027507928 5.534254672478671 5.660711318134387 5.7821891532821486 5.894662841866763 5.995006366802572 6.080967310907729 6.1510332432411925 6.207159707518373 6.245322770683286 6.262647535089803 6.24803272906416 6.176895323817169 6.031300576399728 5.832931597231478 5.618844692875999 5.407411730478459 5.189580869533573 4.95678258482497 4.711819345163333 4.4682474966140795 4.2385525838083655 4.024849583527977 3.828798307656132 3.652279384256855 3.4977515123155736 3.3704847421403104 3.2815086315677267 3.238158902128438 3.2227001684497227 3.2164737374376924 3.203506870711634 3.179488401771667 3.378496802834096 3.626108440439368 3.8538192619879794 4.062473045654766 4.248898232901469 4.410878354643637 4.539911580085973 4.6301571238362635 4.678192768253707 4.688527462813313
