_RESULTS/CROSS_VALIDATION_POSTPROCESSED_CLR/MHZ/GZ/7comp/4/MHZ_GZ_z_90_kriged_reverse_7comp_spherical_4.asc
ncols 100
nrows 74
xllcorner 5.5967023332191781
yllcorner 50.982320383219182
cellsize 0.00019249356164376555
nodata_value 1.7014100000000001E+038
[rows 38 to 56 of 74, columns 0 to 42 of 100]
1.0147715020209374 1.0787934666582792 1.1770321616331119 1.2873875869440463 1.3873355788366544 1.4675242792612564 1.5204672328025968 1.5418132084331877 1.5467434116395016 1.575195475448909 1.6174727868124243 1.6624035649616342 1.7089771981311828 1.767454385478623 1.854767421278889 1.9671961035656735 2.120023100429485 2.3000196985704977 2.4986456950488183 2.7171625712105527 2.95274526355574 3.199392863108084 3.4377729322702573 3.49164359847901 3.1345125181002933 2.705520737541131 2.2798882887752256 1.8486934600786276 1.4155575289349716 1.0197491722196972 0.6925232457453496 0.4543896512019525 0.29726250460422765 0.22520304624602505 0.22244883555506978 0.27278904953754846 0.36391771384165605 0.49096661481044945 0.6550058949974586 0.8415972516027079 1.011716169807018 1.154696332612096 1.2567217950747045
0.9623154599162418 1.0247421242924069 1.123523361450232 1.2420136281976373 1.349639189273879 1.4346015396577212 1.4878958104702715 1.5030048716966995 1.4888335755648907 1.5252565508010247 1.571723130681584 1.618344703318184 1.6730160020442166 1.742725166966539 1.830593598842809 1.9278567591727693 2.0565418829021316 2.2288837943941915 2.412947220167336 2.6069204131811894 2.80544587223849 2.9923463335922715 3.1115800146368247 3.076514549756692 2.838765032362792 2.492012031212588 2.111391549073887 1.7067587724753726 1.3104529497105735 0.9723450187261284 0.7001028418071629 0.49651071456903795 0.36428970623724255 0.30391934528575626 0.30183971855667413 0.3453269071200378 0.4242815079454241 0.535318319282807 0.6823280456444438 0.8532427003320866 1.013769864480024 1.152193942207216 1.249398259467423
0.9267777860918268 0.9897234593386076 1.093810158484454 1.2231103038109645 1.3469866836808544 1.445148147016425 1.5076397247127538 1.529283167781289 1.5218267221129809 1.5420967908432548 1.5799475454608467 1.6248829307266595 1.678779268066152 1.7415948867825652 1.8124363977515507 1.8838779990465992 1.9735577847781678 2.112866990817475 2.27646019805369 2.4404341318989005 2.59457365744414 2.7066153747734036 2.750646329001741 2.6858058949682246 2.495216000585674 2.2157538723972863 1.8820972404536591 1.5122039514307444 1.1705860950103617 0.89627568875379 0.6916806025704905 0.54834469799084 0.4634771101580293 0.4297183646701832 0.4407334946541617 0.48686225155864804 0.5559538867022009 0.6523259459094892 0.7822674698791658 0.9344852473500356 1.0824174880447934 1.2108305790054354 1.3091265782413803
0.9013570462455686 0.9750731023598772 1.090105212562297 1.234777572458163 1.3832285383892424 1.5032051523584866 1.5829946608380117 1.620140762730309 1.6229635396526623 1.6309543264917212 1.6526593670948715 1.6835593295680646 1.7178003386888878 1.7602148203942263 1.8044729529642871 1.8445113338976988 1.8919518077575797 1.980267949514934 2.11319394762572 2.24338761363156 2.342021082279379 2.400851822936951 2.403706723282921 2.325832045298947 2.15958136113693 1.923700410366042 1.6240691939031697 1.2893107082108357 1.0011286682504044 0.7954549022803539 0.6709311256650807 0.614658926172563 0.5977580458172393 0.609267086730906 0.6434478288923426 0.6957362101687379 0.7587549851284829 0.8424957256641146 0.9535951801390502 1.0789529305738537 1.2017193126501788 1.32434995916004 1.4310766771629169
0.8858175193332649 0.9802898559911668 1.1288363730018691 1.3042715273909238 1.4808956638558282 1.6303663674499957 1.7313621865199016 1.7825120366372356 1.7894346813589155 1.7823548358946517 1.7835706199882115 1.7866916993242543 1.7921133591236111 1.8049374910016762 1.8135737125773281 1.815374323251292 1.82067096420638 1.8552997499975115 1.9318095581118497 2.017741166886676 2.0744115275889805 2.101673777830701 2.0821304171247603 2.0006809831862786 1.85248324014169 1.6462987793288486 1.3698559699184587 1.0614074670870886 0.8097575386038112 0.6780654113733182 0.6593702838547524 0.7057807437422734 0.7765589652341773 0.8454123784641323 0.911615147980527 0.9745984045233949 1.0376379448771482 1.112086950878107 1.2005189703990815 1.2796263414701206 1.3630151383173383 1.4905591024857916 1.6204833495030888
0.8809933872062681 0.9959230047166566 1.1982168495815544 1.4355089077795917 1.6580428546701067 1.8385928524305528 1.958251798276893 2.017408546581725 2.0277364707070133 2.007517348031111 1.983416496687633 1.9549727438358615 1.9268205182969438 1.9034080244841072 1.8703082781767508 1.8231867506798864 1.770176399536448 1.7345576739231847 1.741374900645402 1.7788735098827404 1.8114063267943044 1.8198706829114142 1.790775026567678 1.7140686389223074 1.5861973777966656 1.4088137178588171 1.15663397443879 0.8671287250964201 0.6089093027885564 0.5697038359799744 0.6961544189760702 0.84890987428795 1.0015752853439017 1.1342971302700637 1.2431980517666705 1.327036262251639 1.3971012033925476 1.471020032309566 1.5390621939845537 1.5533862233675761 1.5576767225988193 1.7265797533829457 1.9059485726716539
0.8915079763749949 1.0180335128286173 1.30993190702951 1.6304049629048851 1.9066677412357964 2.1158455201784983 2.2590363745328506 2.3335873959805165 2.3474077642407933 2.312056636127144 2.2535885965390796 2.1873970567458865 2.1182542191850926 2.0491689969344544 1.9629634750945861 1.8545927455002684 1.7320393491876245 1.6279440866572392 1.5741629137759992 1.5577320807358406 1.5662696825144535 1.5597924179817924 1.530840373512145 1.4673403807708407 1.3674467811314437 1.229252117879036 1.0235438971408781 0.7874369568814545 0.5577940694177581 0.6136107446747416 0.8386808242558481 1.0640645177106438 1.2776006972299156 1.4663013363890174 1.6220148153928253 1.7434928846174302 1.834608806801081 1.9242405833622667 1.9930160218137483 1.9889925881760597 1.882898873783519 2.1636950225096148 2.3480901848053493
0.9782207534902947 1.070135297161051 1.5238715742208782 1.9227049896703243 2.244373483266803 2.4804281361357865 2.628725518159654 2.7008809660262765 2.7081150981466497 2.6534432829257555 2.5556951035528557 2.446855651288664 2.3323463291706337 2.214818641358084 2.0773275753142193 1.912087175081109 1.7227048745231373 1.5525474597298357 1.4450932282956137 1.3762362260648042 1.3516119671893467 1.3287820608233294 1.2953658274054602 1.2507622419122666 1.1882761629201055 1.1030711551891579 0.9704018481902836 0.8411381442908927 0.7802076488950478 0.8716408586651334 1.0884835482627149 1.3429355654183934 1.5941238317842854 1.824987438667091 2.020432572282797 2.1793589170859717 2.3098014394129325 2.4342995785690857 2.5422392774615625 2.6296992941471617 2.754546534807954 2.9561850759564674 2.9589930824147572
1.3184582549816648 1.5170702066352133 1.9196277154107761 2.340240312835923 2.6933307368823725 2.9372903226613856 3.067927919351926 3.1091540937535047 3.086362009674978 3.0052302923942236 2.8734058150875326 2.720356017466723 2.5606213243036153 2.396207620426957 2.2128977115509745 2.0005895356696013 1.7679322899835035 1.544126034283819 1.364014883988836 1.2398767311037329 1.1724332699270548 1.1267715009448211 1.0895772201258938 1.0568162579223748 1.032749134485277 1.0086002523376365 0.9609588936418646 0.9420474020271062 0.9940817980542241 1.1445396051766819 1.3809096406199224 1.6592169281404927 1.9393902298483545 2.1979320846152524 2.4228825803435807 2.609404761344659 2.7725495873503148 2.9199658036931875 3.06721412215602 3.238202806488342 3.4877870091617114 3.8419325842494265 3.557106038743755
1.7501634697299564 2.02415009701795 2.4186273261814866 2.8588425399754005 3.2388858999861982 3.472710378793396 3.5553719648182964 3.542413914047788 3.4701214703648144 3.349224698067152 3.1897304285406634 2.9982717133268784 2.795990687859155 2.5876071560569804 2.363765737663547 2.1100682360360286 1.83431103303746 1.5591003168284279 1.3196759145085832 1.1417479085848135 1.029451787776219 0.9544794326978379 0.9050678698806258 0.8851569892524616 0.8906308265892369 0.9229298593712847 0.9581268220644198 1.0299367110843622 1.167447956722908 1.3805954661247246 1.660043790212404 1.9767920995233093 2.292229086165151 2.573959392121151 2.810993127654172 3.0084739106618743 3.176356978106469 3.3221260572689415 3.468983368055363 3.637162564427001 3.835869981062125 3.9756971295996086 3.7638237567110124
2.1438718266892938 2.4723191018506174 2.906494183085477 3.3995660493256543 3.847420638986989 4.056756435220182 4.044312957207626 3.9583181516588732 3.8345953342490544 3.677756069593181 3.4905206546419985 3.2734725874371664 3.0318663516839806 2.7830528141255635 2.522310946632032 2.2305056647924175 1.911763456638902 1.5904946992144788 1.3014509269237924 1.073832082846126 0.9161061069427338 0.8093763586256477 0.7442069027032272 0.7276739137813095 0.7566525105022721 0.8302427634638943 0.9359966724151436 1.0815474951491737 1.2881596540394917 1.5603954309794972 1.8919351082718108 2.261306027736719 2.6267534101524745 2.9327884392829136 3.1597245213665364 3.3389177484748167 3.4826537023427093 3.6045796876975063 3.71478194688399 3.8261401981780363 3.9182074337331754 3.915378980457061 3.7312672447254447
2.4645006011536106 2.832676638871508 3.2968535270088246 3.837699096402804 4.426998491734076 4.581214170969362 4.437746815697893 4.298706361537059 4.145748600743464 3.970459431452075 3.7691353769300067 3.5389263423897646 3.2782172247357417 2.990993252324627 2.691401954780117 2.3629252042027415 2.003740534381461 1.6430724017307452 1.3117601445499298 1.0400968334267535 0.8384250508624076 0.6950381369535592 0.6096777610154909 0.5913145219663158 0.6369974154924856 0.7380968758673341 0.8882564700835722 1.090174592456069 1.3501447813061298 1.670697447261075 2.0502087527804664 2.4781058235614934 2.920782516798727 3.2610840399730376 3.4322511713855537 3.5494438362244525 3.6568049838506926 3.75366236579075 3.8240774764983287 3.877493660048316 3.8906477298906124 3.8206054610059903 3.6330409181098786
2.7031554496656005 3.082483774417846 3.536679987780289 4.039118395816131 4.508450183693857 4.693102380485707 4.63239286746332 4.520501345396545 4.3797846308710655 4.2116753372377795 4.0141930021575 3.784253896252297 3.5193623967182326 3.2187422830485852 2.885424126274197 2.5245736686981797 2.13170856179032 1.7387872375780797 1.3717356301743426 1.0575256907866704 0.8070085436687995 0.6141231182841949 0.49175526473455333 0.4760410793602563 0.5428975422150053 0.6653907886867045 0.8386927131586108 1.0669563942072937 1.3568967926964182 1.704348185633891 2.109747042061241 2.5706090438320186 3.083201799299327 3.48125685344636 3.541574549172892 3.616144155819784 3.697892704604226 3.776357077559128 3.821237789849828 3.832930985560277 3.796590553621713 3.690459546568826 3.497218938668371
2.859007227535641 3.2252215875066312 3.6391672915841804 4.063529658036928 4.422300022485617 4.6241863874575735 4.670363022973482 4.630273563691744 4.534137596255122 4.396278233827673 4.220155166427921 4.004311143844126 3.746060523324739 3.443918296744598 3.0993382639530602 2.715586324544221 2.2990304566254247 1.881933974826376 1.482935357939572 1.1311702086807134 0.838381469410868 0.5787103033906795 0.3865662018615297 0.39979874772258905 0.49110261731974725 0.623406329053775 0.8004032308811138 1.0320001467728788 1.3302353512301894 1.6804966389182958 2.080329618383427 2.519498972999648 2.9579888362176936 3.2826619420042755 3.437339325773341 3.5351325739778954 3.6185633952635143 3.6886772812462345 3.7190333427299 3.7083402695231165 3.648169919489156 3.523761513197736 3.3287873626425744
2.9415096647424153 3.2825872979191084 3.651292065247863 4.014115982573818 4.321488711924042 4.530745788009507 4.636631915019271 4.662532750936774 4.621397286137101 4.527459824368252 4.386299823208647 4.197059867236014 3.956041397129672 3.66028574442172 3.310876037044228 2.915726187146328 2.499972901988494 2.0690868376001967 1.6457594145571468 1.27152798236169 0.9539237888666444 0.6605169963380719 0.4331017763628888 0.43281418708062835 0.5078582490905912 0.6240096791440488 0.7849227527539888 0.9978618610039278 1.2813711402923564 1.6137046236025716 1.9776341949439649 2.3552347734761954 2.7136324666230345 3.001310859860326 3.198074866409824 3.3337778533551923 3.4353473652836133 3.5105278104554705 3.540803958666058 3.5208981056765323 3.449943534585099 3.320503559545159 3.1318999473243254
2.964544823811858 3.2774711336152933 3.607426703787297 3.9280082124262456 4.2085827383282854 4.423277189120728 4.565752128670586 4.643099332997564 4.655084827134875 4.610461780802166 4.513476880703769 4.3617427550901064 4.148343175933247 3.8664695850969357 3.515916596530549 3.1160870866271337 2.7004394228374133 2.2719349839299174 1.848264827129227 1.472233431415184 1.149962414781256 0.8656882478070524 0.6623771410208472 0.5825653918460991 0.5959605416828617 0.6701473462947405 0.7957602500825358 0.9714376016165487 1.2094183412576234 1.497156708851063 1.8072474052075989 2.124994862739695 2.4270734097705264 2.6873082523695864 2.893812500065626 3.0530148711871323 3.1738692288643318 3.260191053154326 3.301390353326987 3.289430717644756 3.219683870172976 3.092839336044411 2.920413873373487
2.9430230958728965 3.227778297583953 3.525438669208426 3.816169205890671 4.079602615107952 4.298594145672123 4.465748665267765 4.582609804546192 4.642078474632764 4.647244899374802 4.600268352436426 4.496153058573272 4.3218915127136395 4.061491254850664 3.713624372806959 3.314465834652964 2.8904423604510368 2.4649505674834673 2.0503034052294233 1.6836431871674402 1.3654021847028774 1.0876139999609005 0.877429682959459 0.7528190039450109 0.7078210750706293 0.7274964374733683 0.802270279617332 0.9276970566526538 1.1025523802645183 1.3364128615771573 1.591894174027028 1.8557387396975764 2.1122460199038615 2.3466926702220072 2.5503385016507196 2.7211086095688053 2.8575886742254526 2.9569021550684926 3.0142991544381497 3.019081145662059 2.9651364764690324 2.858161908112681 2.712438514514635
2.887104520585339 3.1460388034826536 3.4164917020623076 3.68340053116797 3.9323734318681716 4.152363800860954 4.335996225364288 4.482225360176732 4.5821808401852095 4.634085050949953 4.639576707796104 4.592941242209822 4.474065357437054 4.246818981037234 3.90843624242316 3.5004593217300135 3.0651152448144905 2.635940029368383 2.2347687474322844 1.8790761253040604 1.559096651034493 1.277806037380448 1.0522172382832398 0.8929007078470346 0.8001021453816661 0.7679111947611299 0.7902656504847738 0.862879133929044 0.982339241906858 1.1459760019147143 1.347427128519049 1.560724005793876 1.7754047531239148 1.9836701278240845 2.1792077018508973 2.3555053793831533 2.5046877543399355 2.6171931369154344 2.6919204923446682 2.718741387692663 2.693517959150537 2.6238987979884447 2.5115113200976014
2.8038645767854207 3.038836369678748 3.2854836278686843 3.532054786822674 3.767726980701717 3.984155463882142 4.176430545810954 4.3417246774206 4.473400654268943 4.564687213392743 4.618720431017453 4.634313522702787 4.594201371918401 4.4339886642187905 4.085997326097092 3.651429863965685 3.205895414866843 2.7793540269731016 2.389406814004958 2.0389578507558284 1.7158156034031635 1.4275243274199894 1.1854140103504378 0.9968925784685693 0.8641064336680842 0.7854063960581759 0.7579468486538303 0.7791284002302858 0.8468090776187167 0.9546377780008204 1.08688061449828 1.2492644706889187 1.4218924571203237 1.6021782450601565 1.788008447446106 1.9691396131686028 2.1299145336557936 2.255583751015275 2.346426833897835 2.4051672412798903 2.4191786632460355 2.389080267562914 2.317404021033523
