_RESULTS/CROSS_VALIDATION_POSTPROCESSED_CLR/MHZ/GZ/7comp/4/MHZ_GZ_z_355_kriged_reverse_7comp_spherical_4.asc
ncols 100
nrows 74
xllcorner 5.5967023332191781
yllcorner 50.982320383219182
cellsize 0.00019249356164376555
nodata_value 1.7014100000000001E+038
[rows 38 to 56 of 74, columns 44 to 87 of 100]
2.2732063096064956 2.1736420506590015 2.1364664862437435 2.2711466942532224 2.476838775680188 2.689277070078635 2.8891612343831734 3.0649071336722726 3.197722857731895 3.2866001626198367 3.3394646883174306 3.3454606916070677 3.298339210155905 3.1994711620953713 3.0451200976268553 2.839918878235221 2.5859296726141574 2.285725322996602 1.9554230800730492 1.6507975227063616 1.3955502786927765 1.2081862998502697 1.1035604064230693 1.071195540506882 1.0809127294536216 1.118306056996076 1.1735076806180278 1.2387546889926206 1.3089252905490245 1.3840788944846127 1.470262746534884 1.5799911712657255 1.703310590627221 1.8168810853013269 1.9047969302027035 1.9731896568729568 2.030067812081835 2.076693381379446 2.1269763380267026 2.1888642607089275 2.260560394343395 2.340560802597129 2.4324209744359755 2.5319671515418802
2.376320411964927 2.3281475645750778 2.335776156544055 2.439685693472758 2.6172555146737206 2.8265006772402534 3.037476689130498 3.2217832352279827 3.351618951721597 3.4246611250185244 3.4571643832258316 3.4637659670528866 3.4283131028258906 3.3362356483197466 3.1951225860750876 3.010583939732912 2.779551505691316 2.50369310112191 2.1946653430597802 1.8940358594031625 1.6379981625438031 1.4428208955241968 1.3240055300404283 1.2803762112341837 1.2767869544136248 1.2980040817898664 1.3325267600441575 1.3705357883387328 1.4072089882742151 1.4394842216646138 1.4776203083197355 1.5801471967409626 1.7222413820306006 1.8469554576934173 1.9511181047541353 2.0429448008453037 2.1216238144883133 2.1894657052914663 2.2574574228322666 2.3306855539806945 2.4076276723564054 2.486030789203844 2.5711481245628285 2.661116141565768
2.5128357727435295 2.4818810434029785 2.496670366426857 2.5868095934991744 2.7493195164087525 2.9636158517089592 3.1935983959317644 3.3909464548767967 3.5118589809867213 3.556223509181185 3.5560163604744943 3.537392280591083 3.5051738365779834 3.4312970824223443 3.3125916489664973 3.152472308109496 2.9462234064784383 2.6943789159541054 2.4097804212657588 2.118868640842066 1.8587783731134901 1.6520833908125054 1.5198357366660356 1.4705809501761173 1.462016517059 1.4716984457432518 1.4916593298559333 1.5131081123179884 1.5276852351849581 1.5317378976767937 1.5260777822497642 1.6267519699914492 1.775842453093083 1.9086681919300899 2.030047965956446 2.1385127676851496 2.233114479924048 2.3182167485831817 2.4002773909538493 2.482955644506127 2.564903526218526 2.643526990966551 2.7208504954453367 2.7998190180326032
2.6640953114567254 2.625191300372403 2.62574527822902 2.6952568368377756 2.8460111841863345 3.0702413963793806 3.3376787729557575 3.571511886793743 3.6729543860359146 3.6666207323658027 3.627381368236874 3.5796903258141666 3.532738363725332 3.475352432737628 3.3820372368617067 3.2484682206321067 3.0689126758170575 2.8422126318747085 2.5848106380203575 2.315182707429326 2.054275393668836 1.8355544813969042 1.6866970292215997 1.6451117699897793 1.6371071301834488 1.6398311133958883 1.6483023529732772 1.6594200212914054 1.6668633800146408 1.669219000804559 1.6852532980203367 1.7569142537756541 1.8780810147561438 2.010097693742843 2.137595997191709 2.255009631484179 2.3603189895726313 2.4589085176843986 2.5521170873949237 2.6427607190541087 2.72914132095319 2.808624559261722 2.8792597072099464 2.9460676691745995
2.8228035847700363 2.7514380613393934 2.7164071063412525 2.75169364424929 2.878684400080813 3.1049728726084735 3.422948802752878 3.76480225839272 3.8005688852062622 3.7165160751101554 3.6406903985895527 3.5758245897937906 3.5202260701246866 3.47214176017208 3.3980704978298175 3.293017449145882 3.1428695430498372 2.9442346642550623 2.718117819120292 2.476115811919314 2.228430084456629 2.0139699549500616 1.8648647143672612 1.8181210227841385 1.803324015926796 1.7983730534019895 1.797795635002242 1.800149766915875 1.8048842151657003 1.81093538636159 1.8383776161389558 1.9063769489985807 2.0117837930734725 2.1366983482524176 2.2637901085286827 2.384530428267635 2.4984622640787393 2.6072066384687926 2.7093869440309555 2.806818384778265 2.897089814444871 2.9771385121226706 3.044013122021976 3.0979380484048544
2.9888718732954893 2.859236369258965 2.7641837753222203 2.7407716362731205 2.8169532086545592 3.0097428685301004 3.3159632638636385 3.6643594245418027 3.7059275823117845 3.629506403454296 3.5656957391934934 3.512792695488523 3.467222753096897 3.435788566417684 3.3799412601259453 3.292025377121911 3.1658056891734523 2.998481785200653 2.8069393556357696 2.596922721992376 2.375771778247695 2.18186352747104 2.0477525733462163 1.9839787966682612 1.9548178772619234 1.939264499208937 1.9301124806503276 1.9248104211886787 1.927597814304637 1.946889646230491 1.990621615023883 2.0614048059886603 2.158333822033734 2.273638964018447 2.3970053228449997 2.519844242291281 2.6412309369624953 2.7578898768401072 2.8676583955462873 2.9712397000834447 3.065206098050336 3.145743471815253 3.209381599365049 3.253508599533987
3.1633579324373455 2.9474391389869483 2.7684005418207103 2.659530731502665 2.6535957227529847 2.775580273146343 3.0071268615631492 3.250132840243629 3.3778307146779505 3.4067538847933148 3.4050108615659407 3.3928141351244103 3.3755312260885004 3.3693781447343403 3.337771501534077 3.269475515100923 3.1617481084009875 3.0198609272744097 2.8559536716479523 2.6751127445004608 2.4832166324295826 2.3083009153348097 2.185359484153953 2.118946695669049 2.0803575965726324 2.057012863715122 2.045635018465489 2.043193430846764 2.0519708204165226 2.0840397098378842 2.1387438051510497 2.2139426895874292 2.3065950005112934 2.4143639941309765 2.5309916232187875 2.654852548349001 2.781595297531559 2.904910813439519 3.0217380700608167 3.1314908489454254 3.229532403117997 3.3109371397704224 3.371278973679151 3.4075239722750643
3.330110045278941 3.01385143467482 2.7372746058854247 2.5224143449646887 2.4053152910855964 2.4380511120817867 2.615263159946897 2.8402603409077174 3.0181353649798934 3.1284187925277953 3.193533021400162 3.2332882006103008 3.254850439789285 3.280431911047188 3.276441772307727 3.2293551699809044 3.143643987574039 3.029548949651993 2.891519856722761 2.7358661084209808 2.5688593236702246 2.4110287862906588 2.3002881586566475 2.2388418919151967 2.19844951669755 2.1733004217811662 2.1618544668043453 2.162378024380304 2.1767614426546977 2.2162185461785726 2.2785843964258925 2.3572984541347326 2.448856494090243 2.550807773300348 2.665427695011445 2.7890951774375643 2.916693830861172 3.0430967750836917 3.1659335921639222 3.282303881731555 3.3855638367278558 3.468958670347029 3.526369896913673 3.553862916177228
3.45141328331728 3.0520945936209603 2.6868516931101945 2.3595824224380886 2.0970879835616616 2.0232695741000986 2.21414102685587 2.470927664980555 2.691140054857671 2.855737660170037 2.973849918846267 3.0580394599828935 3.119242314666744 3.1789347617739856 3.202510987792808 3.1763103741313112 3.116001700025156 3.0283570585022996 2.914757509968507 2.782809653029774 2.6390506389357755 2.499843587621451 2.4039992187499424 2.3500552109529695 2.310946830808329 2.2859113843932466 2.274349754449679 2.275798265299903 2.2953615046857845 2.3394006123295057 2.4061776690596544 2.487180213459567 2.5784887331451802 2.6803161408655503 2.794485331315207 2.917838949837643 3.045894859594818 3.174118133742278 3.3012560944719755 3.4228804299380595 3.53162700699097 3.6183800515310143 3.6736527363378455 3.6914027857142258
3.486982500706741 3.053652486000883 2.640079650495177 2.2419284565034685 1.8514325459428957 1.6046674493248791 1.9174543212616124 2.19581580672578 2.4310856239787095 2.622359639885757 2.774251120309705 2.8914844693496313 2.98397849058821 3.0745249845485203 3.1227372903201287 3.121430947659076 3.0834588014332067 3.01688385612338 2.9245186105479317 2.813939493630572 2.691878955645898 2.5727789420651828 2.494861621918801 2.4487212323068768 2.412992688339603 2.389629908209467 2.378693127015327 2.3799382334655848 2.4023416940268945 2.4492269061253498 2.5177613455295638 2.6006057597205503 2.695363749823288 2.799310718022359 2.91267762077183 3.0351521522949 3.1629204907612722 3.2928601894162757 3.4243814466184954 3.5524331641984768 3.669316143227488 3.763383388937793 3.819136110683594 3.8253366923501715
3.448847587550393 3.0322076449809403 2.6238568265094666 2.2347189595607513 1.89356268290105 1.732187035961664 1.8498654475969394 2.051582249800611 2.2527382482774296 2.4428563499788325 2.6099533671512445 2.7467576990852494 2.8641404559594363 2.977987383706256 3.0492512384602537 3.0721345513908616 3.049656997408995 2.9948485932684656 2.9189704174534996 2.827164446766957 2.725773077619245 2.6286847512654496 2.570913262545479 2.5318429962068585 2.5010226938893543 2.480559594170489 2.47093135183059 2.472424197692803 2.4951739255245533 2.541876762573866 2.6126364003134683 2.700145841042859 2.7979000351498136 2.9033339968306304 3.0152561476976087 3.135687588936621 3.2617318564618953 3.3926824908842312 3.5273868350873014 3.6616253330718234 3.7890658436204836 3.897481701478382 3.9608961847388544 3.9511998958823034
3.3726781527749337 3.001545427081358 2.6345357438863095 2.298005178113261 2.030470247617212 1.892221420746153 1.907149146254421 2.0130213889642485 2.146213556750272 2.3214704390706604 2.486500152890148 2.6282550622138636 2.763792721722967 2.9015106164866715 2.999139558331071 3.0369297487602314 3.0163596737964027 2.9622242842930335 2.8947733073943938 2.8198504872555605 2.739362762556249 2.667429946696931 2.6279933389983317 2.5972164100946937 2.5724393543910233 2.5557911259316226 2.5480081929992737 2.5503635463053156 2.57454499691488 2.622991249637328 2.6947392750981995 2.7844245340359968 2.883461442787451 2.988698588439724 3.0982226164646565 3.214866160158413 3.3376429941039834 3.4673814151797187 3.602011805374397 3.738756518855743 3.8742391677178265 4.0024473113087815 4.095257848273176 4.054269058960242
3.284465531017608 2.9664092179804435 2.6523717221259457 2.370659987248899 2.1501355603167136 2.019619661528435 1.989079016287279 2.0350030424490813 2.1289664426253907 2.2595267989888916 2.399884817180952 2.5349619383119864 2.6871058682347657 2.847748723550235 2.9747345162361576 3.0255262372380307 2.986060408509465 2.920746981231812 2.852004493526751 2.791096100197444 2.7333635435955275 2.690953463201872 2.6656416908929486 2.6445120632381443 2.6271140978933265 2.61614987926285 2.612907703451131 2.6188705922938915 2.6453483741871033 2.694644382229436 2.7657441517374557 2.853910965410423 2.95057911722643 3.0529760385554856 3.1584264597186382 3.2691806529521426 3.3873455452172956 3.5122784944433283 3.6416862518654765 3.7731420088184606 3.903977332703368 4.030523721883915 4.134564685679608 4.074360672920934
3.19512544565708 2.9263389258156356 2.662584773995515 2.426800974983002 2.2387781924240313 2.115327573450723 2.063595817202838 2.0744692475941338 2.1330770400397725 2.22683952544296 2.34259815439278 2.4797786256332244 2.6460699791894204 2.8114638512070003 2.949299032685398 3.007108256231244 2.9533169601878217 2.8788814212819296 2.803055783582321 2.751729023662973 2.7204171493218228 2.7052426882580605 2.6932200192236686 2.68231867015557 2.6729796480735293 2.66845087515256 2.6700492704120777 2.6790945023200226 2.7066376596112285 2.7555178015414428 2.824699281173211 2.9095387230487075 3.0014291748517152 3.0976546484152676 3.195523908046345 3.29854202343417 3.40934205533242 3.5254887267499937 3.6441599572159955 3.761859189590621 3.873321903857259 3.967585803515787 4.0185130841671866 3.9921555802370916
3.106862474650451 2.879869729424154 2.658389072524802 2.4598729302112625 2.2965657259240597 2.1808493657899763 2.11891528554525 2.1099065050830497 2.1484011224168005 2.2241658709993626 2.329398808549671 2.4709416572099285 2.6393535534216026 2.7903575505662204 2.902447628659052 2.9489459131400806 2.9236521296073947 2.855671036125788 2.764709335363539 2.7304602794523882 2.7234338844986947 2.7183747909552918 2.71526924197416 2.713206741003984 2.711061479864408 2.712406998275849 2.718429341294789 2.7300591158063447 2.757407023738999 2.804624259685675 2.8706515725511577 2.9504063812721184 3.035650199208927 3.1237616443929506 3.2127866462321517 3.307231724494922 3.40783602517989 3.5118027787799866 3.615682210461154 3.7148266563616534 3.8021763272966047 3.868900840167088 3.900627943612221 3.8848382552038667
3.02097182573015 2.8270840928995202 2.6393590575934285 2.470736968017862 2.3284063559718193 2.2235751335163902 2.1669402897272136 2.1575238998228436 2.1896970459027236 2.256094078079128 2.3617607641406115 2.5065920463560794 2.6660453710204295 2.7990820234422973 2.893346564683249 2.9368056483042912 2.9279456331053764 2.879242650225412 2.812705350115123 2.777102756766537 2.7584745680233285 2.7470396560461823 2.7403796835334506 2.7382346438574063 2.740847187196683 2.7471694431140152 2.757011075454124 2.770989749771922 2.7968888543202457 2.841243496902179 2.902952228324352 2.9758648949592468 3.0527184021739444 3.131605007858944 3.212052264423409 3.2965328760553447 3.385337312235117 3.4753833693622633 3.5628065523294152 3.6429479374398674 3.712050098954541 3.7623739050424456 3.784739517423764 3.773753317361961
2.9560300429726354 2.786896051733979 2.625210844966639 2.480645656364891 2.3593821991591564 2.2740950178199633 2.2295670519129294 2.2248374274487412 2.256026963749796 2.3261980639047573 2.4391525217541687 2.5865877647868336 2.728276246093248 2.8463384641398677 2.9302359396009803 2.973519708030883 2.9766704321270208 2.9488287713433747 2.9066161234395764 2.856583714321428 2.819699219892732 2.7948871226672116 2.777199365590175 2.7658323275242087 2.7634244577529645 2.771571376047856 2.7845972109668744 2.800781298579589 2.8244744190504907 2.8648581632871006 2.9210706702679117 2.9854516509996545 3.0532738101063464 3.1236097816608503 3.1942619191591284 3.2678393140905726 3.3439915451839743 3.419663984381514 3.4928474956003455 3.559978850714079 3.61604528475533 3.6552125161822873 3.67206887163953 3.6638351670156895
2.9166613125548824 2.766633397722327 2.625083661161382 2.5012484075808046 2.404981896191161 2.339436238174935 2.308594824553551 2.3118690697894637 2.3529768096146753 2.4376019499129784 2.56267200359701 2.70193006416331 2.828003180844011 2.9326733465082184 3.0090982307637355 3.0527111998258603 3.063747378061641 3.046950057552397 3.000120501904306 2.940596228189888 2.8927918314479575 2.855058791059468 2.8250442015747996 2.8022958830862104 2.789662859144316 2.7887317398844718 2.800312461189427 2.817825108186598 2.839659708974518 2.875098651264799 2.9244916242987813 2.9805262493185993 3.0399700579580564 3.100646253835776 3.1606704902847103 3.2236829015733894 3.28918001455102 3.3547098206618617 3.4173293357828154 3.4735270896386035 3.5192868095100454 3.5504722438366856 3.563664883147588 3.5572390471607167
2.903445315403967 2.7678980349555493 2.642852599827269 2.5416838133112902 2.468345964946824 2.4219638114114117 2.405798609667473 2.426449848194982 2.4890421351832317 2.5923639109052132 2.7227604740049833 2.849279793473207 2.9631599158053787 3.057362486414665 3.1264729919257532 3.1676871778284172 3.175825253315112 3.1468281799255053 3.0873322446048834 3.025740933428291 2.969999423270386 2.9211713418768595 2.8791837291842675 2.845397060469972 2.822296155519593 2.811011071217756 2.812799498959724 2.8274662194352835 2.8467775558613218 2.8762803019318266 2.918804698410567 2.966531103773112 3.0171732527937225 3.068657830344651 3.120038319893162 3.174743707793445 3.2313532654503594 3.2875015132316734 3.3404929374047456 3.3873232359973997 3.4248234095545995 3.4499954402240283 3.460539331014133 3.455411797676706
