_RESULTS/CROSS_VALIDATION_POSTPROCESSED_80-20/MHZ/TZ/1comp/1/MHZ_TZ_z_90_kriged_reverse_1comp_spherical_1.asc
ncols 100
nrows 81
xllcorner 5.5967107548124995
yllcorner 50.982328804812504
cellsize 0.00017565037499993607
nodata_value 1.7014100000000001E+038
[rows 60 to 79 of 81, columns 44 to 87 of 100]
9.423029682124822 9.36555310642629 9.274207637100364 9.154556027909935 9.011959834192421 8.854599885046651 8.69226004916572 8.529584653933371 8.37163999538673 8.22930411380814 8.110736218607194 8.022503529220316 7.974637043491926 7.9748258097899445 8.021986262599212 8.112005142021642 8.236927287771719 8.386731528888202 8.550894916958345 8.715529344919402 8.867634826545485 9.004772366478706 9.123350789791456 9.220391710567796 9.289554311680421 9.322979284265509 9.320064169452777 9.285678521194592 9.225700322739684 9.14414042398596 9.046347963099981 8.950159253071757 8.860272254133102 8.778966306868233 8.708412420487903 8.65073691330293 8.60794009316514 8.581965762755377 8.571146711220187 8.56693808506657 8.568306259860941 8.57509168868259 8.586664922343532 8.597765348472333
9.503528660184912 9.459945179993928 9.379123800150422 9.262478706908912 9.11764499147678 8.956949169706872 8.79319973469869 8.632436144488913 8.479691669997983 8.344132581496917 8.234723918764209 8.155196146651003 8.111866291432897 8.106470477583416 8.139919324570842 8.209880235032818 8.310781976558216 8.43527907541581 8.575780546011126 8.72232673569173 8.859830650854864 8.98303618654068 9.08888822224106 9.17244057794076 9.22906189183186 9.255899475281057 9.252485042865796 9.220972079779981 9.164632695091726 9.086341458274614 8.99781751779894 8.912290155087815 8.832485712305518 8.76084643475235 8.699657741002097 8.651109344042633 8.617186092833807 8.597518824097996 8.586768727764774 8.581541724921776 8.58174325123257 8.587261212542115 8.596869473403345 8.605308422321912
9.582884464518427 9.557565589922836 9.488943125947849 9.377018636365841 9.232759040381163 9.069322265877277 8.90281833119368 8.743026788883467 8.594549242251622 8.46405478290914 8.360844338599508 8.285899397602991 8.240807358665938 8.22845470869598 8.24967706283207 8.30272893549557 8.38356235355262 8.486683048007773 8.606153396727581 8.735640918217323 8.860457794469005 8.97141157117962 9.063588453119626 9.13366539051113 9.179028768758945 9.198346034342682 9.191753540811455 9.160119175440014 9.105170991786238 9.030978780738693 8.95393637830434 8.879514349174372 8.810462150871459 8.749289185215945 8.697608655547779 8.656592160051975 8.627510474211578 8.610402875765875 8.599505773870463 8.593799271943132 8.593274770276134 8.597890543290658 8.605323813311342 8.611102662242995
9.653284064893471 9.653966694547558 9.6004402522745 9.487363408883002 9.339966016521652 9.178011843589458 9.013428029159682 8.856747370830927 8.712612861398055 8.586641400455328 8.48578754518203 8.410365726946736 8.362146192536626 8.343084099698759 8.353635746220494 8.392449705557668 8.456505517184953 8.541630842270276 8.642655184999573 8.753294515616641 8.86101145801638 8.956423044558186 9.035243891294197 9.094477318912908 9.131816782222803 9.14583456269928 9.136116613965445 9.103167758824677 9.048112395894826 8.98251126089357 8.916254066463857 8.852052829323389 8.792276990901616 8.738985818920488 8.693971551857606 8.65879415229786 8.634802676782606 8.619553732924519 8.609027271598562 8.60333777303951 8.602552021467638 8.606618156004785 8.61152926135231 8.614679654583009
9.69945185458712 9.737849548768713 9.708633690789869 9.577991268787533 9.424914778184698 9.266745666103231 9.10891437634914 8.959744601408062 8.823326976503845 8.702442006730653 8.603190461179487 8.527565999911566 8.476479426975878 8.451351476254288 8.45237964224896 8.478313465215413 8.526529219779825 8.593368358550451 8.674604692476036 8.76574343556901 8.85548742586731 8.935921554165976 9.00227558412828 9.051079578035461 9.080247585225502 9.088387360876572 9.07483977695503 9.039586215701034 8.988027293162325 8.93256897604891 8.87617016461595 8.821282203576953 8.77013851687173 8.724745584724303 8.68689290568987 8.658165443862496 8.63913222567452 8.625118581286038 8.615389062603136 8.610140189683712 8.609502193562113 8.612658563656732 8.615026438053713 8.61564127835309
9.700273199360723 9.752989509621846 9.741317177038257 9.614724334470301 9.4723653427323 9.326453703786584 9.180813539820823 9.039793809033288 8.91070596414558 8.796473281903376 8.700448262752687 8.625502382529401 8.572339678769636 8.541912123003815 8.53427293916 8.54841684831461 8.582307872838754 8.633084255722503 8.697369556331555 8.771462087021323 8.844750536362712 8.909765107076373 8.963285936557659 9.002022593601728 9.022917872734308 9.024561951783731 9.006112301102654 8.969780827500712 8.926921830604902 8.880822723646315 8.833750462993974 8.787905937802822 8.745362059941465 8.708034016670405 8.677667541328894 8.655808623770593 8.63977750161993 8.627302097213638 8.618713245590994 8.614259448149644 8.614121269410555 8.615483747130302 8.61564127835309 8.61564127835309
9.655405280972747 9.681806014074944 9.6643449225314 9.585307683626654 9.473239956058293 9.348704191122618 9.220466658618633 9.09343944936054 8.97363855486932 8.867159295270485 8.776255801061387 8.702174549478713 8.647361562904122 8.612513860735342 8.597633089491445 8.601916754583023 8.623768031750283 8.660925652988723 8.710676889733943 8.769853229460093 8.82804564400972 8.878700442946377 8.918937635678837 8.946204858378803 8.958333102632587 8.953012124132922 8.930738303417996 8.900879703621873 8.866292340707933 8.828884110039969 8.790638427090396 8.753531058420151 8.719470890440178 8.690261647578227 8.667577733433395 8.650899397888155 8.6370405855616 8.62634157242623 8.619165453234883 8.615798527167223 8.61564127835309 8.61564127835309 8.61564127835309 8.61564127835309
9.581559329968613 9.591067322042528 9.570729153614609 9.517411943046898 9.435380865416045 9.335902036370538 9.228436388353794 9.119149539197844 9.01251081043879 8.914911151755067 8.830737839648108 8.758801658162454 8.702909757719198 8.664527130780213 8.643672613212983 8.639728261062176 8.651445757482712 8.6770340232273 8.71430974314283 8.760303859063928 8.804541854302164 8.841758972462708 8.869367098359481 8.885032020485669 8.886722359909767 8.875173004234506 8.857293904820693 8.834356750918616 8.807426174230017 8.77815302327316 8.74828988677451 8.719615465985987 8.693881299442637 8.672771384342376 8.656717183389192 8.642799535836792 8.631236863657033 8.622488900854327 8.6170302983902 8.61564127835309 8.61564127835309 8.61564127835309 8.61564127835309 8.61564127835309
9.494506891888317 9.495393736416123 9.474397546561041 9.43065606574053 9.36892961870317 9.293383204775598 9.207310629602976 9.11680583449119 9.02661696618377 8.940617823543352 8.863715833653494 8.796309040479002 8.740193470155383 8.699098798724842 8.673382815168678 8.662600331594376 8.665791144837055 8.681543439295886 8.708103790053254 8.742178064654087 8.773407144897403 8.79795562175289 8.813480808338394 8.8178436265087 8.813688682506713 8.804334871942302 8.790344654121027 8.772557348194796 8.752050150833977 8.730089361851025 8.708078626794396 8.6875099926826 8.669921004377223 8.655915795566806 8.643203496103954 8.632168963363453 8.623476328493716 8.617764332020416 8.615643291178564 8.61564127835309 8.61564127835309 8.61564127835309 8.61564127835309 8.61564127835309
9.401573133861527 9.398116609482328 9.37779611187402 9.340435302666725 9.28872437239852 9.227011500303018 9.159707006775943 9.087922753627648 9.014473121768091 8.943226088470361 8.876001805192532 8.813834675465678 8.760242372174387 8.717256289887922 8.687629999979595 8.67118569477124 8.6672059681376 8.67459086135158 8.691940683021086 8.71480690520774 8.733795990903607 8.746298044259627 8.751923682032487 8.75325549368933 8.750366420534139 8.743493206825736 8.733132217770882 8.720021304651853 8.705110643190896 8.689525831174524 8.674527273509911 8.661469461072862 8.65050587139077 8.64007186577137 8.630739368501013 8.623148099181446 8.617926241047938 8.61568400153749 8.61564127835309 8.61564127835309 8.61564127835309 8.61564127835309 8.61564127835309 8.61564127835309
9.306566095215105 9.301067673929499 9.282117143836658 9.249846282214563 9.206032535641736 9.15360359590408 9.095889820147322 9.03607481691103 8.97696365523392 8.92041939288998 8.86501716639724 8.811361342627077 8.761827981200666 8.719829892540055 8.687198225124538 8.666072681296127 8.65605867976145 8.656315084831064 8.665730329741434 8.67755185064393 8.687118107610917 8.694345718563245 8.698773016227701 8.700154023137951 8.698471098079267 8.693939324013975 8.687001560052554 8.678314056232928 8.668723666238982 8.659238652521289 8.650920727783745 8.642903898666155 8.634968012636312 8.627685084049224 8.621644426533283 8.617440575822023 8.615663766759715 8.61564127835309 8.61564127835309 8.61564127835309 8.61564127835309 8.61564127835309 8.61564127835309 8.61564127835309
9.211941418523468 9.20570710323569 9.188514936777521 9.160649715622688 9.123430169319873 9.078982902641554 9.029855564492099 8.978668857242809 8.927906772402016 8.879392591246585 8.831853192784985 8.786142581463327 8.74357330852366 8.705347803459874 8.672937692384759 8.648581532495953 8.634372631747329 8.630508657261334 8.636045541340257 8.643298424395878 8.649797605132873 8.65495589334447 8.658365021154658 8.659810818491042 8.659282757251638 8.65697679574036 8.653290874023869 8.648813028952244 8.644299138906836 8.639537666924099 8.634209179428352 8.628746288866674 8.623631729400635 8.619383507646068 8.616541643471635 8.61564127835309 8.61564127835309 8.61564127835309 8.61564127835309 8.61564127835309 8.61564127835309 8.61564127835309 8.61564127835309 8.61564127835309
9.119556515801786 9.11335312519334 9.098135130999038 9.074264062562623 9.042800929170433 9.005393596790205 8.964065598665947 8.92099880441 8.878372447360949 8.836644654889266 8.79508664387227 8.755098328789316 8.717989679248884 8.684977741940802 8.65720360191375 8.635742873091436 8.621609098654766 8.616766647738611 8.619284583496757 8.622727270849882 8.626312752247694 8.62951494429551 8.631970400709513 8.633490725823886 8.634070051946273 8.633886892349844 8.633060489364322 8.631316629039398 8.6288033418134 8.62577049895682 8.622541437471353 8.61950098162647 8.617082748721305 8.615756657257613 8.61564127835309 8.61564127835309 8.61564127835309 8.61564127835309 8.61564127835309 8.61564127835309 8.61564127835309 8.61564127835309 8.61564127835309 8.61564127835309
9.030967052198266 9.025253854446055 9.01212316143975 8.991971775750418 8.965700844059263 8.934655004459522 8.900500696785196 8.86508834017868 8.830023643750955 8.794267358650382 8.758605541861492 8.724392490190558 8.692904692270105 8.665346576599838 8.642856838019297 8.626511863514624 8.61732498197813 8.61564127835309 8.61564127835309 8.616069574362733 8.617155116764595 8.618534310762753 8.619895964173608 8.620991808163854 8.621645167196194 8.621757536244411 8.621312402193311 8.620375895543745 8.619094199764831 8.617688003555005 8.6164445745544 8.615708203313567 8.61564127835309 8.61564127835309 8.61564127835309 8.61564127835309 8.61564127835309 8.61564127835309 8.61564127835309 8.61564127835309 8.61564127835309 8.61564127835309 8.61564127835309 8.61564127835309
8.947569868714563 8.942625491360841 8.931634673939543 8.915006035122577 8.893532520394034 8.868355644943641 8.840891331290718 8.812739662069056 8.783777669855933 8.753688822567163 8.723777829319474 8.695314336043019 8.66952099454252 8.647568795751784 8.630574859371121 8.619599659213504 8.61564237017661 8.61564127835309 8.61564127835309 8.61564127835309 8.61564127835309 8.61564127835309 8.615700399905487 8.615875304585416 8.616020100029319 8.616047555713545 8.615943064485378 8.615765151570768 8.615643447651369 8.61564127835309 8.61564127835309 8.61564127835309 8.61564127835309 8.61564127835309 8.61564127835309 8.61564127835309 8.61564127835309 8.61564127835309 8.61564127835309 8.61564127835309 8.61564127835309 8.61564127835309 8.61564127835309 8.61564127835309
8.870685927209818 8.866681231735843 8.857848595080958 8.844595057585536 8.82763458705317 8.807965032689548 8.786820064926944 8.764793749057713 8.740916967775652 8.716220496696538 8.691888590151423 8.669100607472608 8.649013334726705 8.632749583739196 8.621389813468262 8.615964553638076 8.61564127835309 8.61564127835309 8.61564127835309 8.61564127835309 8.61564127835309 8.61564127835309 8.61564127835309 8.61564127835309 8.61564127835309 8.61564127835309 8.61564127835309 8.61564127835309 8.61564127835309 8.61564127835309 8.61564127835309 8.61564127835309 8.61564127835309 8.61564127835309 8.61564127835309 8.61564127835309 8.61564127835309 8.61564127835309 8.61564127835309 8.61564127835309 8.61564127835309 8.61564127835309 8.61564127835309 8.61564127835309
8.80161248765295 8.798653222963939 8.79197853149189 8.781986171685691 8.769328512160552 8.754896096915468 8.739387017566685 8.721751622174462 8.702638979184407 8.683079923268414 8.664148047421564 8.646932618111194 8.632518376460993 8.621970227624981 8.616320854811898 8.61564127835309 8.61564127835309 8.61564127835309 8.61564127835309 8.61564127835309 8.61564127835309 8.61564127835309 8.61564127835309 8.61564127835309 8.61564127835309 8.61564127835309 8.61564127835309 8.61564127835309 8.61564127835309 8.61564127835309 8.61564127835309 8.61564127835309 8.61564127835309 8.61564127835309 8.61564127835309 8.61564127835309 8.61564127835309 8.61564127835309 8.61564127835309 8.61564127835309 8.61564127835309 8.61564127835309 8.61564127835309 8.61564127835309
8.741653004614896 8.739804577618186 8.735277278231777 8.728454978209124 8.71993898556874 8.710245294627942 8.698357347504752 8.684684293935254 8.670061570302586 8.655408649292111 8.641699059582258 8.629935119525282 8.621127151825222 8.616276282410745 8.61564127835309 8.61564127835309 8.61564127835309 8.61564127835309 8.61564127835309 8.61564127835309 8.61564127835309 8.61564127835309 8.61564127835309 8.61564127835309 8.61564127835309 8.61564127835309 8.61564127835309 8.61564127835309 8.61564127835309 8.61564127835309 8.61564127835309 8.61564127835309 8.61564127835309 8.61564127835309 8.61564127835309 8.61564127835309 8.61564127835309 8.61564127835309 8.61564127835309 8.61564127835309 8.61564127835309 8.61564127835309 8.61564127835309 8.61564127835309
8.692126594342858 8.691427903984398 8.689030024141388 8.685299902220917 8.680399146238935 8.673371157581162 8.664565335218715 8.654608560734165 8.644239732639063 8.634282740375053 8.625620917398201 8.619174013786994 8.615877939870414 8.61564127835309 8.61564127835309 8.61564127835309 8.61564127835309 8.61564127835309 8.61564127835309 8.61564127835309 8.61564127835309 8.61564127835309 8.61564127835309 8.61564127835309 8.61564127835309 8.61564127835309 8.61564127835309 8.61564127835309 8.61564127835309 8.61564127835309 8.61564127835309 8.61564127835309 8.61564127835309 8.61564127835309 8.61564127835309 8.61564127835309 8.61564127835309 8.61564127835309 8.61564127835309 8.61564127835309 8.61564127835309 8.61564127835309 8.61564127835309 8.61564127835309
8.654357740076641 8.654828314396596 8.654533860315619 8.653011038281061 8.649691709592753 8.644859912553782 8.63894305992186 8.632494265897105 8.626171538669448 8.620715694532253 8.616928470562 8.61564127835309 8.61564127835309 8.61564127835309 8.61564127835309 8.61564127835309 8.61564127835309 8.61564127835309 8.61564127835309 8.61564127835309 8.61564127835309 8.61564127835309 8.61564127835309 8.61564127835309 8.61564127835309 8.61564127835309 8.61564127835309 8.61564127835309 8.61564127835309 8.61564127835309 8.61564127835309 8.61564127835309 8.61564127835309 8.61564127835309 8.61564127835309 8.61564127835309 8.61564127835309 8.61564127835309 8.61564127835309 8.61564127835309 8.61564127835309 8.61564127835309 8.61564127835309 8.61564127835309
