_RESULTS/CROSS_VALIDATION_POSTPROCESSED_80-20/MHZ/TZ/1comp/1/MHZ_TZ_z_355_kriged_reverse_1comp_spherical_1.asc
ncols 100
nrows 81
xllcorner 5.5967107548124995
yllcorner 50.982328804812504
cellsize 0.00017565037499993607
nodata_value 1.7014100000000001E+038
[rows 40 to 59 of 81, columns 0 to 43 of 100]
9.076345320609205 9.078725584874975 9.080372045965426 9.080226833627254 9.0779121782043 9.073450337257386 9.067182020825419 9.059755681687875 9.05216540810459 9.045617964325814 9.041004695318636 9.038550285623954 9.03786949516456 9.038366218578176 9.039294254908208 9.040550935840454 9.042063111054569 9.043511725353454 9.04476331829036 9.046200614157716 9.047877596864138 9.04978719621288 9.051815143216793 9.053863602460844 9.055907391964661 9.057973439338705 9.06012346004019 9.062797235849464 9.066134092668008 9.069847689814258 9.073399331088758 9.076250571597317 9.078322168110626 9.079572038675451 9.080150871586216 9.080422063574295 9.080537482602564 9.080555756365667 9.080427681910544 9.08001530301445 9.079093397701504 9.077396287314187 9.07529315395114 9.072784644851971
9.077214194148853 9.079179148934417 9.080458658511185 9.08012304204941 9.077615491475298 9.07279319965758 9.065861852124318 9.057399796238549 9.04856248175875 9.041273861705646 9.037090446272138 9.035611269277185 9.0357874283094 9.037094118096038 9.038995010036015 9.041147456137093 9.043571440869917 9.045670770455162 9.047453662285001 9.049399656453755 9.051503126619718 9.053641344354784 9.05570585179297 9.05763041663299 9.059398327437338 9.061034601041769 9.062579373927676 9.064323752196547 9.066541215862161 9.069140155406503 9.071610161838352 9.07379529532626 9.075613803984975 9.076869770854659 9.077594863192942 9.078183903235292 9.078741353025526 9.079296770481319 9.079842927349672 9.080312615407614 9.080557814105259 9.08038810078524 9.079854098791802 9.078966509467563
9.077705200162036 9.079449820877919 9.080505670923724 9.080053171588863 9.077481072703637 9.072495770261295 9.065126016700997 9.055711773624305 9.045160529592955 9.036481444581703 9.033679283235422 9.03401522689148 9.035439196600555 9.037518824385332 9.040182465548636 9.043112169578523 9.04623184230956 9.049425627574506 9.052170042095963 9.054699829901569 9.057118622173451 9.059338269418175 9.061291189901103 9.062937312017672 9.064244109335945 9.06521813282083 9.065890667162675 9.06655256927094 9.067571494564865 9.068817635264883 9.069909000967314 9.070893678757729 9.07177121672737 9.072476579895705 9.072926490296119 9.07346903364203 9.074223154560661 9.075143839318956 9.07620503096182 9.077374618838025 9.078579518985501 9.079478640406512 9.080057576032962 9.080416892837677
9.077877949322843 9.079523092042182 9.080509873622814 9.080082275450629 9.077637506540771 9.07279729674636 9.06547748129667 9.055825326464575 9.0441429579561 9.031532933699006 9.03306402680916 9.034853415497372 9.036987014511562 9.039537475901946 9.04258593373985 9.046629179377836 9.050952810213902 9.055132948717702 9.058607674034652 9.061455515927967 9.063944539065188 9.066021698257748 9.06765260328794 9.068824159984528 9.069539881644157 9.069813423601971 9.069664162182287 9.069327506719782 9.0691750573828 9.06895345179675 9.068532644779518 9.068050199063952 9.067570807269057 9.067055353138768 9.066456304956155 9.066614714581002 9.067346994127595 9.068379467491203 9.069656582622043 9.071162442166433 9.072893000694734 9.074277934545401 9.075327679222294 9.07626387796063
9.077759031166336 9.079399510721794 9.080464694242066 9.080222047442156 9.078111978954318 9.073756894119569 9.067095814128775 9.05841332328216 9.048579974098171 9.040525037158393 9.038154725802782 9.03884840543317 9.04062361954804 9.043154140837713 9.046979732201546 9.05184552649918 9.056936385176991 9.06167240809574 9.065531116922013 9.068432461425408 9.07072536820175 9.072463048399767 9.073667662182576 9.074369886109805 9.07459228097472 9.074335507058358 9.073573236693758 9.072455207839237 9.071237757704951 9.06959977420618 9.06758945134816 9.06545296892052 9.063392147824514 9.06142207187841 9.059438070692888 9.05834111925465 9.058509303489375 9.059374837711692 9.060508895625814 9.061978616139807 9.063818821607033 9.065008861201978 9.06573001779548 9.066378116612686
9.077333789148751 9.07904366215507 9.080320099378367 9.080418211262778 9.078801342218892 9.075178632723526 9.069574660171416 9.062459367000407 9.05491007025447 9.048764292165345 9.045528246523684 9.044857863463541 9.045883980639486 9.04878704032772 9.053173848502201 9.058396787728581 9.063594941970052 9.068287804051236 9.072052943139955 9.074678517489076 9.076470390981942 9.077666069911185 9.078369718553493 9.078670497211888 9.078608327176676 9.078146966326281 9.077165348972766 9.075661324510833 9.07366311770431 9.070794703956388 9.06715734761951 9.063209141872594 9.059478012318301 9.056067599833913 9.052817186310222 9.050185160316884 9.048878264777402 9.048854328175452 9.04962712523526 9.05088225862018 9.052285762650348 9.052592424826704 9.052118315756779 9.051545882641108
9.076532835255538 9.078358687162517 9.079972380427472 9.080554258338443 9.079539272516051 9.076749147220973 9.072298315729416 9.06669261592605 9.060837165069264 9.055873163585504 9.05266012040953 9.051380096149353 9.052497534696794 9.055680321440164 9.06026878576134 9.065440466992 9.070293187544646 9.074307411083478 9.07727466597661 9.079102255867431 9.080023995409267 9.080420932961168 9.080539520696645 9.08055607466401 9.080533358862684 9.080370529822975 9.079790337146147 9.078524588678011 9.076302541304287 9.072588297401778 9.067340093919004 9.061354994113795 9.056019661529264 9.051572199636434 9.047347244133345 9.043166694243498 9.040109076232422 9.03849673526271 9.038479387763614 9.039199427633053 9.039739661287511 9.03862258176338 9.036144160320832 9.033963349542338
9.075293329786495 9.077220528195786 9.079297098349027 9.080488765187935 9.080146356397057 9.078155475894338 9.074766337971594 9.070432131229113 9.065857209884017 9.061820183185095 9.05891909745911 9.05801763275683 9.059496284773063 9.062819464172245 9.067300560366258 9.07201251355027 9.07599318494526 9.078800225059243 9.080279667384756 9.080531502220575 9.080024035187712 9.079270627318357 9.078664589541654 9.078528185966666 9.078970275867265 9.07979657941816 9.080485364498573 9.080353493731671 9.078817862855932 9.075040495006323 9.068468958765443 9.05989777836393 9.053443756763778 9.048815321445181 9.043888329229043 9.03844939285774 9.033732694770508 9.030360968167932 9.028582839699121 9.028375275328319 9.02790513323963 9.025212297675742 9.020424190864814 9.01634299511089
9.07360310626059 9.075489711647723 9.078230716841134 9.080151583043495 9.08048681800959 9.079232529467854 9.076720536513731 9.073428080371256 9.069874825916905 9.066629934513019 9.064388303982412 9.06422423991168 9.066046897602675 9.06934566571698 9.073386347621085 9.077143130310303 9.079665035699895 9.080561610442842 9.07969223608105 9.077473704538232 9.074759212526649 9.072352559652499 9.07085175576728 9.070697048899158 9.072111938113737 9.07480192119818 9.077854351878294 9.08002693737831 9.080441648273464 9.077961482384403 9.071512970063997 9.060643124400269 9.054277821896111 9.049499267813193 9.043770838989893 9.037232255299163 9.030669054517091 9.025359214583059 9.021632695259902 9.019738826159438 9.018453944747732 9.01464106595478 9.008784411618766 9.003391069513581
9.071848319360102 9.073069683674548 9.07703668132123 9.079665836643215 9.080559503386246 9.079929037080896 9.078140883533148 9.075653046127979 9.072934636070515 9.070397027159276 9.069091281252687 9.0695617800431 9.071593654275082 9.07462755020368 9.077826762204886 9.080059262087453 9.080455791949865 9.078535679946327 9.074050744602857 9.068211404517722 9.062203931912041 9.057034906483333 9.054051599209505 9.053984451999295 9.057098595427417 9.062921587185079 9.06976778461289 9.075779902918432 9.079720364312267 9.080285861664246 9.076438142407769 9.068944834848862 9.061197390765741 9.054206399456003 9.046890076845322 9.038992894702812 9.030724851741532 9.023417966444976 9.017787074614363 9.01412894055145 9.011952559578162 9.00771498527024 9.002633123915228 8.999300596458783
9.072078505716554 9.073099894530884 9.076717768139138 9.079349388630629 9.080489760853306 9.08030251379437 9.079096345241286 9.077250163478594 9.075163251922277 9.0733819158403 9.072881238910508 9.07379953825091 9.075822947379443 9.078285682408463 9.080179489184186 9.08035840315282 9.0779104153683 9.072233462970939 9.0631457967309 9.05199879751544 9.040622217450329 9.030711142448865 9.024494524875733 9.023930787291617 9.0294491303962 9.040006312897095 9.052642659896486 9.064706886048604 9.074236626297948 9.079750839562529 9.080040136657553 9.07571454897138 9.068768844396764 9.060769487631957 9.052137335082437 9.042992085123817 9.033542950327897 9.024410111285592 9.016731928827953 9.01090932480698 9.007237212511543 9.00324447496165 9.000250244793946 9.000431574336222
9.074066282956569 9.075189895292347 9.077387029519274 9.07936190028795 9.080416410298067 9.080468685001463 9.079691530076497 9.078361454331175 9.076787479850328 9.075681238020746 9.075734542771356 9.076877432289693 9.078638111593412 9.080183368202349 9.080416246355478 9.078060487231552 9.072078077373327 9.061710913493359 9.046688701653585 9.02822853631154 9.008665878781468 8.990873814062196 8.978534571988773 8.975327661144181 8.98331694909641 9.000447644466531 9.021844200562885 9.043266110909192 9.061327411558688 9.0740675759614 9.080018032490647 9.079700351924181 9.074876068925104 9.067344906953398 9.05828412804402 9.048391122204327 9.038050541997556 9.02729118821791 9.017309636813415 9.009418543546337 9.0042480858066 9.000765774090729 8.999848990632344 9.002729518508449
9.075954745191959 9.076812674210872 9.078223184681399 9.079573033881898 9.08039509002946 9.080531010751699 9.080042727331259 9.0791087806897 9.077985533429194 9.077423242790228 9.077788305726802 9.078891351043394 9.08011532630623 9.08052266530011 9.078872915492935 9.073635838250894 9.063535517142137 9.04753015790257 9.024968745821269 8.996914220060669 8.965884333755367 8.935855502959038 8.912666923693735 8.90314220383254 8.912000067984085 8.93694556364138 8.97176656095001 9.007990622940829 9.03883483787813 9.061788429120243 9.075405954355853 9.080420063821883 9.078864720886406 9.072924731651623 9.064337300369381 9.054122582364828 9.042741718119112 9.030847144540989 9.01920764729797 9.009421445737651 9.002713389454742 8.999513986664223 9.000216182680793 9.004931190268032
9.077458154698895 9.078040166879216 9.07894555062598 9.079834661615962 9.080416752602675 9.080551189240419 9.080244206790656 9.079601660245936 9.078862946710528 9.07867299526535 9.079170678120583 9.080023691012533 9.080560032726458 9.079747931791484 9.07616829010683 9.067985057258433 9.053473681697788 9.031190697721632 8.999884350431016 8.960194221857467 8.91422790613011 8.86648585395959 8.825125555103302 8.80202581176652 8.806796036908635 8.841824436243764 8.897319929130141 8.95608687321686 9.005754317140404 9.042550778467021 9.06606628923206 9.077795360225489 9.080507261968924 9.077016470384985 9.069461900785338 9.059104080826645 9.047052944067008 9.034301875267003 9.02183284332248 9.010646616817963 9.002428737600814 8.998931318523603 9.000636665419695 9.006250252528192
9.078594410431714 9.078951139464063 9.079511216489419 9.080074416102994 9.080457428205927 9.08055688286851 9.080359444521482 9.07992512903644 9.07947903619281 9.079495750834985 9.079961823283183 9.080489159505355 9.08032674353788 9.078335653011257 9.072938395377113 9.062047187352164 9.043289394214357 9.014740324688047 8.974447759938661 8.922131927543374 8.858560078921995 8.787311679290458 8.71747197158957 8.66565191085957 8.656951030079322 8.708239881910389 8.797636103654236 8.889609843190568 8.9643014014576 9.017864654983027 9.052904779820746 9.07231930465072 9.079961323143019 9.079431474046219 9.073201695508688 9.06310808375219 9.050700963785632 9.037328009446782 9.024209886226174 9.012437957521229 9.00302846070906 8.998289568810208 9.000223926448763 9.00618818865925
9.079418013114067 9.079608270605632 9.079930144180729 9.080266458181766 9.080499101810817 9.080557913336722 9.0804256764783 9.080127177930047 9.07985402816715 9.079957978137765 9.080342305143986 9.080554513093562 9.079778701913026 9.076794243717606 9.069902600787929 9.05682074202636 9.034606604586564 9.000617956704659 8.95254150869954 8.888760428181381 8.808032975260002 8.711096596727366 8.602229613887735 8.497527368498702 8.453247201812175 8.532868715673462 8.681016504051124 8.8185633823513 8.922169679002948 8.992964356422473 9.03884278021381 9.065455246239306 9.077906957120726 9.080399663973907 9.075642579429221 9.065972961839925 9.053344202840952 9.039413151195848 9.025599569561136 9.013139538630096 9.0031260324678 8.997267057367972 8.998716072067886 9.004654468125102
9.079983821167753 9.080062621549528 9.080226539978714 9.080409418608095 9.080535421804422 9.080553951624479 9.080444608822823 9.08021674658424 9.08004173351507 9.080184567121888 9.080489432084674 9.080461789175239 9.079250264586424 9.075595878054315 9.067746044084943 9.053327821981764 9.029175051034972 8.991748102450984 8.938932821212186 8.867943003472549 8.775894530196567 8.659085520602106 8.51306431656425 8.341820604867527 8.192004867305902 8.343294968525496 8.582133312404627 8.763872398916076 8.89070870648024 8.974621241302353 9.027867367302488 9.05954082851492 9.07579753562333 9.080561507145763 9.07686222351193 9.067410292472522 9.054477030827748 9.03996708984469 9.025472166975659 9.012334904862824 9.00170140097057 8.995049381801815 8.995773307814721 9.001621352874794
9.080368676476064 9.08038337380175 9.080445729719615 9.080520182849131 9.08056087767658 9.080532532017344 9.080419347122355 9.080224675728164 9.08009985729667 9.080264611589293 9.0805296159157 9.080385294944925 9.078981550429317 9.0750760099702 9.066948322656183 9.05227497429731 9.027959211374153 8.990351448513199 8.937158379460893 8.865665549784215 8.771556202117095 8.650085027359367 8.498544633258174 8.32242273536972 8.168874638248225 8.320307423810998 8.563216291066299 8.749576629254461 8.88058753678597 8.967948370595732 9.023215173692272 9.056782534727379 9.074813691568199 9.080538456700026 9.07713771352804 9.067489922989866 9.05405587641432 9.038896650655866 9.023713349304193 9.009909726950504 8.998654922781293 8.991143091216296 8.9906246307369 8.996060891717871
9.080553071102738 9.080550734405614 9.080557470498745 9.080560986716309 9.08053776182444 9.0804674380181 9.080340234996074 9.08015804131368 9.080052281297531 9.080239538217155 9.080522538729042 9.080404479035801 9.079074433000969 9.075362760835247 9.06766842920493 9.053856421610364 9.031172044911164 8.996845930924204 8.94771489234572 8.881230572146109 8.794706737866473 8.686703966388741 8.563719213235549 8.447171242367167 8.394748785651416 8.474790052440481 8.631160967186434 8.779779682825376 8.894244217288449 8.974189800447657 9.026059188499747 9.05812700462483 9.075403221100238 9.080561214168089 9.076559881284727 9.066216586257092 9.052034566586102 9.03613640609709 9.020264969066918 9.005831286249183 8.993986006453252 8.985704044430777 8.983524057035645 8.987347726795152
9.080507352199811 9.080511941630453 9.080501600937081 9.080472916904494 9.08041510850196 9.080317203880888 9.080178099838442 9.080000937080413 9.079892474904444 9.080104586540799 9.080459682725529 9.080498342934828 9.079481311947251 9.076357927652436 9.069715026485527 9.057709627490128 9.038186697204885 9.008785213157697 8.96671926622757 8.909703163489688 8.837573197101973 8.752635143051805 8.666244840755141 8.598927090066045 8.581547191486317 8.632817235652027 8.730639554877632 8.835752797321222 8.924616523965637 8.990416547836965 9.03487748358298 9.062875017604984 9.077204126256765 9.08042844079191 9.074999219077597 9.063493834524238 9.04833815825974 9.031641572438327 9.015129711556625 9.000161004604033 8.98781055913232 8.97897551908747 8.974758279418694 8.976388945490235
