_RESULTS/CROSS_VALIDATION_POSTPROCESSED/MHZ/IZ/5comp/3/MHZ_IZ_z_355_kriged_reverse_5comp_spherical_3.asc
ncols 100
nrows 81
xllcorner 5.5967107548124995
yllcorner 50.982328804812504
cellsize 0.00017565037499993607
nodata_value 1.7014100000000001E+038
[rows 60 to 79 of 81, columns 44 to 87 of 100]
3.364054991278773 3.4076744467094215 3.47563907672718 3.567182482327011 3.6783169905255297 3.808426451779512 3.958603432086321 4.122686199598032 4.295904917092534 4.479913394712829 4.685054063716591 4.909585750822988 5.149840750448713 5.400970912810995 5.656612859275019 5.908591528554164 6.146630802382548 6.358082328850228 6.527829382604036 6.648929236145627 6.727421562690998 6.7488924540613535 6.711715534952847 6.623812511431101 6.503945913918008 6.367983072669879 6.229070929482859 6.095134374684266 5.970701880128676 5.858694929867323 5.760876121334882 5.678201820914162 5.611100454411633 5.5592020902915875 5.518247193111274 5.486742149253081 5.464166984749569 5.4501903475435975 5.438858024468889 5.422891884280547 5.404037127901039 5.383417856399357 5.362255707124115 5.341819047225855
3.2865261156886705 3.310629453397636 3.3687618140406688 3.462116760195793 3.583505015228817 3.723899892324758 3.883033553779224 4.054776903303668 4.236098374883639 4.43138045295331 4.6462720628840195 4.877742462650646 5.1219372997492565 5.373788035256277 5.626696849156594 5.872293884303195 6.1002878655377515 6.29848494216786 6.453153276750173 6.554813357625664 6.616616396415168 6.635487484122576 6.6089198741429644 6.544471983381979 6.453611088823055 6.346733531268662 6.234210913335025 6.122161737991687 6.015135252370172 5.916311859356088 5.827776758050636 5.750794685876355 5.6860625687297 5.633936361483203 5.593607838617263 5.56039924638117 5.53367828401463 5.51696792089568 5.501516323128152 5.481105032088935 5.456904897654892 5.430250771952821 5.402560896341831 5.375273039780962
3.2155064196422978 3.2140633100863694 3.260346798438143 3.358129066332843 3.4931592062503873 3.647471469460651 3.8157151352196497 3.995711202124171 4.184267416935042 4.389695162326032 4.612004004504169 4.848180022881061 5.094287623216668 5.345133337743353 5.594008836372208 5.832531327319679 6.0506303237510854 6.2367695881119385 6.378535901566565 6.465798395119479 6.513353556703076 6.524277079281711 6.502248854310505 6.455453312501882 6.388310517042764 6.308374111235629 6.220406663503981 6.129715571592988 6.040556944815243 5.956076084362203 5.878437041526616 5.809014409436136 5.748609437636244 5.697681929951345 5.657799366939543 5.62859557543733 5.607172769813336 5.592901022088513 5.573614040297479 5.548157106638283 5.517973233070141 5.484667036673038 5.449897393232289 5.415299290244697
3.158223930870009 3.1198841611095736 3.1503780422556 3.262703798536444 3.419122284148651 3.58963858989802 3.7656397886885733 3.9504184531194517 4.14630875770305 4.358838046511939 4.585728436885706 4.824067435664026 5.069907577167629 5.318009084595301 5.561652457929571 5.792557006235 6.000966904688758 6.175988613367577 6.306460716756916 6.383088562950956 6.420786020298838 6.427909848048145 6.412280536051646 6.376110635761123 6.324799928400855 6.262545948665714 6.193375811827215 6.121069434250013 6.048867275571582 5.979373563096683 5.914589917150103 5.856029344275586 5.8048821316352655 5.762218043705198 5.7292088659029705 5.707177368579104 5.692909027279526 5.678100171415423 5.654337970245132 5.623079593044948 5.58613456402937 5.545452822384708 5.502983739262577 5.460585171632579
3.135040008993697 3.04190827589919 3.0423890004274994 3.1975610123422094 3.37984125220546 3.562787427708627 3.743571188698317 3.9284505188383223 4.128408966521981 4.343267618954041 4.570880699688161 4.808260121596093 5.051360476528976 5.294894359413949 5.532206232241084 5.755250300199556 5.954735321519227 6.1205109386766505 6.242258435750663 6.310932424448428 6.341017166176788 6.3489744539412 6.33872963643808 6.313199713105146 6.275021296267864 6.227320613588827 6.173521498086741 6.116894522219349 6.060278328882827 6.005952691954469 5.955625273756122 5.910503158413703 5.871437273685427 5.8391377362974435 5.814450065473961 5.798654062572892 5.789995849716491 5.771825409056358 5.742747928018764 5.704731006358012 5.660083226864644 5.611193895108747 5.560354082125921 5.509661175044444
3.1821120088001815 3.070148441661124 3.0534844426290153 3.217125742586493 3.3975442466851886 3.5774289641472743 3.7551925339386845 3.9384360747587652 4.136740992406791 4.349166823258416 4.573457437816911 4.8065269048426496 5.044275750346905 5.281432779025655 5.51144934997541 5.726487377448153 5.917559022475824 6.074891082605992 6.18858467702616 6.250000697704881 6.276206499685134 6.286518138492485 6.282740145927365 6.265911046131971 6.238247812050836 6.202683431797743 6.162337280744122 6.120133092124442 6.078563972878671 6.039570932861261 6.004503554298115 5.97415055953689 5.948852705726729 5.928728226783901 5.914030671500678 5.905540781963412 5.895574607294183 5.8732109138987925 5.8376940845713925 5.79170040890703 5.7382225200858095 5.680198278026417 5.620301167846402 5.5608634048707835
3.3057516514236163 3.2315986694308423 3.234767036542145 3.332277920196061 3.4751689363424183 3.633815431070343 3.8029223871721487 3.9822573200372067 4.1730334045802655 4.378375757907368 4.595567115322169 4.8212346656418035 5.051146314203747 5.280033577120447 5.5014738973603885 5.707853543805027 5.89045319316498 6.03972620596552 6.145871652493379 6.200544526055698 6.227648328347211 6.242092224256139 6.243348115060999 6.2328304569263295 6.213167812473305 6.187460458273444 6.1587626770929065 6.1297885214319034 6.102755501867093 6.079294839696746 6.0603924960483555 6.04636031473372 6.036877046135169 6.031185327603618 6.028547910252145 6.02418144238589 6.009009951225528 5.981174609199595 5.937682510310256 5.882161849205273 5.818538194741989 5.7504035738846575 5.6808183923106395 5.61230387581678
3.47068725161971 3.418545716532774 3.4221161063238545 3.485647426582884 3.5911537816096932 3.7262001972700394 3.8830760476161084 4.054740059325936 4.236772120519676 4.4308502146767275 4.637411197910185 4.852690309353544 5.07228008283095 5.290918684373909 5.502346287110834 5.699223727996014 5.873126255508096 6.014660457405556 6.114393524203339 6.1662418911103005 6.197310483058955 6.214866984340971 6.218977581577246 6.21214272906349 6.197915562130027 6.179864137434166 6.161119913522164 6.1442589741030025 6.131279742190636 6.123568398453619 6.121817795104979 6.125903139460975 6.134766169746964 6.146459984782437 6.155880740658067 6.1510255789917005 6.130146382147745 6.09424982583335 6.040642582609504 5.973651087904177 5.898431638044854 5.819276380303509 5.7395535263290105 5.66186078927683
3.649477213187417 3.6065951115488293 3.605248879718185 3.64636868921787 3.727926031118571 3.844950229505578 3.987539600298827 4.148355704583346 4.322219344372853 4.505090854123189 4.697967710733372 4.900117050254589 5.106971087752068 5.313306450155526 5.513086030319466 5.699445608581743 5.864867420085111 6.000564592993574 6.096567393417589 6.149177022980791 6.184512266777188 6.203574055698034 6.207653213187375 6.201429954485342 6.1900039011416315 6.177549753505338 6.16723762249398 6.161470054717597 6.16205096154321 6.1702178157499254 6.186536562662413 6.21065242125093 6.24090257474086 6.271636818355837 6.288668527759761 6.284777317418332 6.257519858486245 6.210235907141838 6.1435070771610105 6.06273084842805 5.974522268438854 5.883730176950757 5.793800161403408 5.707208198327628
3.8280663978059524 3.7878879148735827 3.7804978975293557 3.8108953228479097 3.8788103263489373 3.980507757307262 4.108708072663479 4.257119326728099 4.420566154434938 4.594680881004137 4.7755453460903325 4.9622513237143036 5.154323289560611 5.346751209212829 5.533946815771525 5.709644731779747 5.866741917015727 5.996982338813499 6.090317279829644 6.147988522797067 6.188533796773936 6.206539985369934 6.206411308196332 6.1972752764701085 6.186233117922161 6.177735638188907 6.1746709439362295 6.179117764111258 6.192680790487661 6.216566091678348 6.251464719296811 6.297211233714796 6.348988014755283 6.39483431592232 6.424057478327237 6.42410679225945 6.3888639786900026 6.32539533477593 6.2414523982993275 6.144542182201453 6.042480543301084 5.94012439523937 5.840570561189475 5.745910253950564
3.9979919784265094 3.9605775419075435 3.9539935335275627 3.978937327201699 4.037003213227445 4.126292153503027 4.241479372133362 4.377385625462135 4.529301438975188 4.6929711919645944 4.86444129039007 5.039889343224794 5.216132401787283 5.3928722260655215 5.565555589961532 5.728432876388935 5.875190622549139 5.998678767985666 6.090031026289509 6.159774770444047 6.208669232014099 6.220429795704935 6.209915405068116 6.19474481838615 6.182770955240255 6.177522018874215 6.181084646816038 6.19505563951862 6.22084586403785 6.259739114537773 6.312616610326528 6.374832724377864 6.441720304080961 6.507165612313398 6.557492363085031 6.567657762185075 6.520120781064183 6.432475841209738 6.326665452657121 6.212407830459795 6.097069238192929 5.984455718585122 5.876804652307125 5.775602109092888
4.163375951876745 4.131976973382842 4.12648094433339 4.147420620224822 4.1977407553634025 4.276651177876049 4.380130721381175 4.503940259508659 4.6439180404573825 4.796069730581574 4.956536651234 5.121515723561214 5.287174656750611 5.449581806428233 5.605426136652564 5.752508822069942 5.885436617537065 5.998279237143501 6.086939332205212 6.174246096163686 6.244106040141698 6.23430791512975 6.208096138043416 6.187493499196807 6.175820111451471 6.174535654866838 6.184800084589263 6.207791580787896 6.244788573547226 6.294470956812217 6.354950304455212 6.425783876750613 6.505976809391367 6.592815762699056 6.676576489517992 6.714045098461482 6.63979206212052 6.516197903959947 6.3872055617705685 6.258122579419875 6.132721030694052 6.012866371537837 5.899748340222731 5.794257042184763
4.327158819151571 4.300560288052213 4.29591895881618 4.313651089798188 4.3573770950350905 4.427180442862305 4.519888361206922 4.631970399194604 4.759757845138586 4.899551212639521 5.04764251437024 5.200290199103111 5.353677057459186 5.503869495157698 5.646786337544461 5.778176918028468 5.893598113677041 5.988963822658975 6.06922490729381 6.155609265626773 6.229227197610127 6.214411579618847 6.1883465918436364 6.170454861590428 6.16320997067648 6.167833737632477 6.184804706110966 6.213309499679296 6.253291387794945 6.304737442573946 6.367648728321694 6.442041711775684 6.527941592842746 6.625367882606283 6.734307712640826 6.854127954098521 6.700058658868451 6.5493387802013805 6.409150146862064 6.274064500433095 6.144910589216242 6.02247169393846 5.907452416866366 5.800493939801845
4.4866204236618845 4.464038329700122 4.460104944821103 4.4751027912931445 4.512797385330613 4.574204578097376 4.6567009464343485 4.757262824041279 4.872616416726545 4.9993298066045275 5.133851083394511 5.272509037477355 5.411493331657778 5.546825349609677 5.674321970257245 5.789540528090539 5.8876632200580445 5.964889753082591 6.033404839327352 6.098258522043343 6.145242962373145 6.15635604684841 6.148926033249775 6.141273091121311 6.140393423955783 6.1487893390103805 6.167437104720298 6.196725282859708 6.236780568947425 6.287579050658675 6.348950575685887 6.420474086659529 6.501128618607152 6.588081298735308 6.67128156829987 6.707918796074906 6.635693587107743 6.514017521526149 6.385741669960282 6.257046324154712 6.13189334924545 6.012212089786385 5.89922256683284 5.79383089101726
4.639103284580602 4.620009633797184 4.616687016099369 4.629314996413444 4.661167986660738 4.714498089183474 4.787037095686164 4.876113690985857 4.978751480273368 5.091737604165637 5.21165868138519 5.334909338203723 5.457680594279104 5.575932061356655 5.6853438136565195 5.781228572166506 5.858354976764656 5.921752652548005 5.9775796841256605 6.025413696025643 6.062010339693347 6.080822587292756 6.0868710036979365 6.089497755474661 6.095237464798813 6.107552129549879 6.128134230208173 6.15774851324144 6.196627635045463 6.244607594290807 6.3010775418670395 6.364699178466483 6.432663876583958 6.498837290520843 6.549619868282383 6.560547638785913 6.514747762123626 6.429169335955906 6.324150974726421 6.210459602249807 6.0955284259221765 5.983217702112332 5.875799733110377 5.774782355250577
4.781941563394556 4.765967243555625 4.763188271500039 4.773751361029179 4.799835049322616 4.8451456614128645 4.907762170490322 4.985254979283884 5.074865321470826 5.173552430465905 5.278021275431331 5.38473112155589 5.489886890235213 5.5894135011096875 5.678908278177091 5.753558364292357 5.812947498693767 5.866836360889016 5.911823252439407 5.947492843828753 5.977195185397152 5.99776153693817 6.010780514577534 6.0207767878170255 6.0321613709308926 6.048006194610854 6.070117427634269 6.0993862576936655 6.136036310214592 6.179704540513374 6.229344266241651 6.282899052155417 6.336629985306762 6.383998644191304 6.414648744089894 6.416330508550956 6.383124132114958 6.321640574019968 6.238346222470469 6.142003670733603 6.040404644306081 5.93842045350476 5.839168020294698 5.744755595202319
4.912446275288476 4.8993235923766125 4.897040036238918 4.905718998795781 4.926290267196669 4.9634773062289455 5.016068746384336 5.0818015838347375 5.158077043320916 5.241991502366039 5.330356344582361 5.419705487993457 5.50629078915988 5.58606536724095 5.654653890795899 5.709775641895516 5.760498171371207 5.805842235884675 5.842339724449691 5.868970467009558 5.892634999331398 5.912139361092842 5.927805429574348 5.941783841266817 5.956715185865676 5.974813239499801 5.997560875714 6.025719529768393 6.059395802429989 6.0980460303017985 6.140369717819349 6.184065496328748 6.225459138204509 6.259167119049853 6.278375545753905 6.276747751871081 6.251919058657609 6.206365187609115 6.140132318497517 6.059853906051092 5.972096017114087 5.881694906289809 5.792099380766036 5.705793508869855
5.0279204317103785 5.017447192012605 5.015622905230162 5.022553595379444 5.038167382876728 5.067042107066675 5.109438980276753 5.163213890793407 5.225891249453788 5.294684359984732 5.366510404101727 5.4379990643310965 5.5054952863933 5.565057928125804 5.614351552571033 5.6609337886479025 5.7044484944432465 5.742495452729888 5.772384230264159 5.792313944188407 5.810025368285989 5.826767301695587 5.842284331490874 5.857484857935146 5.873803194953552 5.892624120226157 5.914953759629999 5.941288478369605 5.9715682583725584 6.005130568999062 6.04062358110246 6.0758769089529725 6.107785968046693 6.132373595858516 6.145324983793477 6.143228575087992 6.125154797647146 6.09042779809777 6.037199655948197 5.97062511923038 5.895814856590179 5.817038477830949 5.737656631308808 5.6602671852752
5.12569236057754 5.117708320864599 5.116314857496441 5.121604499031208 5.1332253534588235 5.153601222131315 5.185624760787492 5.227270640649059 5.276166852842086 5.329636573716366 5.384711780218858 5.438145640235517 5.486425197443919 5.528445680301505 5.570048438522994 5.610279737209418 5.647341032667527 5.679232853627882 5.703883301321634 5.719404524869694 5.730997047260711 5.743821841220482 5.757315705821362 5.771685966051841 5.787577322566235 5.805718019661553 5.826655897410198 5.850599740991943 5.877328837572516 5.906129658243748 5.935738733762022 5.964301516142832 5.989398189585251 6.008234315653588 6.01810738872704 6.0171533808306235 6.004999995178915 5.977492692176395 5.934296205019451 5.879121314307261 5.815857911727158 5.748074952893399 5.67882061595695 5.610611209542393
5.203161318788566 5.197532095181508 5.196545757627438 5.200283921204619 5.208436012431027 5.22113020444635 5.242637699707768 5.272048975647536 5.30708890419364 5.345193249167273 5.383523746621169 5.419012745577703 5.453632981255034 5.489497167042618 5.525330683628574 5.55970576389213 5.591056591598637 5.617736641003277 5.638136979451737 5.650870063613329 5.65714388880003 5.665228195808228 5.675409848357047 5.687474473331784 5.701550147523888 5.717885121455085 5.736654371201329 5.757819011072348 5.781033432293343 5.805586418386598 5.830370407857231 5.853890464827112 5.874345229599636 5.889825175034666 5.898656524253765 5.899848995619995 5.8919351229764745 5.869726961266239 5.8344462307512535 5.788740691288737 5.735576593732746 5.677871744955422 5.6182865392207715 5.559145825642292
