_RESULTS/CROSS_VALIDATION_POSTPROCESSED/MHZ/IZ/5comp/3/MHZ_IZ_z_250_kriged_reverse_5comp_spherical_3.asc
ncols 100
nrows 81
xllcorner 5.5967107548124995
yllcorner 50.982328804812504
cellsize 0.00017565037499993607
nodata_value 1.7014100000000001E+038
[rows 57 to 75 of 81, columns 0 to 43 of 100]
30.24620237137048 29.9868977105879 29.732332739170054 29.504192746092254 29.350971433395056 29.3291769178325 29.451614128027458 29.68827931326882 29.994989875764393 30.33843025685562 30.69783452610455 31.05951429818672 31.413010777991158 31.749306158701852 32.0601239958588 32.33774883489873 32.57515172386279 32.7667293134272 32.931824197081944 33.07520807250131 33.15955541158856 33.14488075915068 33.03444493513468 32.85140678971987 32.60565925073684 32.299433927141 31.934304688436722 31.51134948235684 31.031584285747165 30.49671504286501 29.910288376569127 29.268197441216305 28.545855829788742 27.767999074261457 26.981515841028138 26.25335398472202 25.715826731723684 25.46893878376058 25.471937089379743 25.670545490398762 25.999158559192303 26.41961696876029 26.91467998062244 27.47674931658927
30.399033751457228 30.178363636611643 29.9711675718733 29.795676218817153 29.67692463445842 29.65479250987886 29.739423719680424 29.916099426783983 30.159440292518312 30.44487903184761 30.753107838698373 31.06950691501312 31.38250054879352 31.68236182115411 31.96058277440767 32.20963500464054 32.422854735709485 32.59350381019792 32.722851881926665 32.832558732444426 32.8991431659212 32.87330577570522 32.75840915445459 32.57789967443747 32.33764207523498 32.0401096714144 31.68765822612962 31.282747808448576 30.82841704540624 30.329064209241114 29.79132523863937 29.192922311216556 28.531635261642773 27.840303835604402 27.153944608919694 26.527459604165003 26.038160146134793 25.7355014778469 25.610078723627623 25.654755861140583 25.848325183929692 26.155221680161866 26.55547767810135 27.03965628872363
30.57263586278737 30.38725577496318 30.21887316421923 30.081456218803883 29.990103405437118 29.96310957791659 30.019359278751434 30.151100556586698 30.342511485095997 30.575882304166402 30.835023702452286 31.106222074014568 31.377974287062738 31.64048410234985 31.88529114753827 32.105089874127124 32.292803651967105 32.44276987615836 32.55176775268386 32.62627383282775 32.6726741139146 32.63703483373434 32.52211852698401 32.3482256635583 32.11855827247341 31.8359983667644 31.503721139781888 31.12546137928675 30.705996572954934 30.25189288609627 29.765514092017785 29.216932273841746 28.62142282543127 28.005395190508402 27.392073047012367 26.828462603290994 26.362382610970347 26.024437133126533 25.81704438005581 25.734239362069033 25.795727795911844 25.979955271994314 26.270153155056924 26.658469275468004
30.75585090539797 30.601320969578712 30.4642769916825 30.355176218223146 30.28420728941362 30.25901059080548 30.291501624221695 30.387154422697765 30.53523692886455 30.722712661326863 30.93644701479429 31.16435246608721 31.395720704038265 31.62118662660459 31.832612848554863 32.02256798979417 32.18412590367998 32.312899744418324 32.40576399849034 32.460688987164474 32.482596246583604 32.43922657984309 32.3299169995159 32.16651665089897 31.951947732437674 31.68956837557932 31.383315528127913 31.03798652493497 30.659689187299954 30.256485177798925 29.81956271040914 29.324705050615425 28.79142990948027 28.23133797103024 27.672788499793704 27.15071482854212 26.69735999865261 26.334341877095046 26.06809865197751 25.892866246700468 25.831352792680445 25.89172266011416 26.06273461030541 26.34093358265581
30.940163858220565 30.8121911880471 30.70062867514788 30.61332919447362 30.55743112706031 30.538019809626594 30.557003709164356 30.621982894054483 30.732909083339845 30.879849571459054 31.0521791762665 31.23953442497906 31.432314695852476 31.621882948142527 31.800374995716812 31.960134717298665 32.095781737362486 32.20319898266696 32.27930236929357 32.321922446816146 32.32962468611799 32.28473818134041 32.18478798954713 32.03535623916318 31.83968004743453 31.601581523677996 31.325634664552833 31.017432950287443 30.683973136551334 30.334083250710364 29.944892086979863 29.50355062068761 29.0169991641378 28.50330623117753 27.987559531521967 27.49580009785124 27.05128214284779 26.670434128186322 26.360715016779036 26.121818128860376 25.955692220299575 25.895714739379468 25.942869334112412 26.09084511119714
31.11913291259511 31.013965921197816 30.923405204522254 30.8534204179684 30.809184445515232 30.794258917911844 30.80993740023124 30.8550118890362 30.933225569999756 31.04401776185601 31.178707432447812 31.328492963067152 31.484939248053877 31.640047014678913 31.785880122060046 31.916416671665903 32.02676246650347 32.1129789337064 32.172002107572744 32.2015132901736 32.19984199356941 32.17290679190086 32.088678446930416 31.956190933168553 31.78245402963242 31.571689455624647 31.328950291850393 31.060353900229508 30.773382963061003 30.475479715201605 30.133637436987886 29.732913226973462 29.286728057529416 28.813633543104967 28.333757037732525 27.867132710406572 27.43139339072443 27.039543870051176 26.698818805689967 26.411262902005266 26.17587054922257 26.004756610049405 25.91615939501007 25.90497980601281
31.287841803712663 31.202312701129877 31.129301784058615 31.07341255121098 31.038499297084382 31.02715188181893 31.040303183499272 31.077080778978377 31.13489585379424 31.213379176687226 31.31385161500163 31.42897845550326 31.551180269876216 31.67281032615411 31.787648785173523 31.890310253642628 31.97623390672717 32.04165259172015 32.08351191238511 32.09934175669436 32.09216510220067 32.077556443176405 32.03163151813874 31.929124753909438 31.780205294024235 31.598901776898785 31.3911310200748 31.16328973412453 30.923019433584177 30.67276109945937 30.366348873713 30.001999461691003 29.594036094161204 29.158197154614168 28.710904213707543 28.268065877145528 27.843607576943313 27.448139866694497 27.0882540769213 26.766748301950322 26.479369496610055 26.214718390809704 25.986162871926183 25.81510034790529
31.442491905288662 31.37394609221663 31.315773467323098 31.271034644433776 31.240591285390163 31.2275438941241 31.23394846547276 31.260222473166966 31.305192586387598 31.366305290853923 31.440116561202487 31.526505015960975 31.620729195102715 31.715653467555683 31.804383883999275 31.881054836389644 31.943591392824374 31.98876400658422 32.013516991405226 32.016527676592936 32.01098743865528 32.00141405152268 31.9852917935372 31.926909985946534 31.822663519283285 31.680669487446988 31.509983482446003 31.322922463558562 31.122175071715137 30.905607087270383 30.633040244079147 30.305035625650557 29.934310144958175 29.534366646783557 29.11890879985793 28.700994635787826 28.292069310936167 27.901052487388885 27.52951157717107 27.175484161160817 26.836251903696684 26.507374683744512 26.183804949319427 25.87557679238622
31.58011990449073 31.524438516137987 31.471504814731478 31.426075263053654 31.39244588677076 31.373906541035268 31.37251430530032 31.388970862833034 31.42262188484461 31.471260214222713 31.531673085120353 31.60009660139825 31.67234405006485 31.746393307509617 31.817630265369225 31.87980419482769 31.926966095263577 31.953953651679416 31.961919933689774 31.961398867865704 31.958465462797864 31.95359064012956 31.94761662832517 31.93131379408987 31.874643367235894 31.782644762748934 31.6598925336637 31.51207552492946 31.346488741987056 31.164930541752238 30.928217215274223 30.637196140715332 30.303661336190057 29.93926007013341 29.555047851588572 29.160912538057502 28.764965780031016 28.373040442278928 27.98842784749199 27.611928753968467 27.24220229599562 26.876327947431495 26.51049884718999 26.140927965395495
31.689584754461247 31.633276538495974 31.578486300574504 31.52988553409949 31.491518955984745 31.46657504907023 31.45710425805575 31.463899347295293 31.486626749227447 31.52382883725616 31.57306543343247 31.63109969976503 31.694099091021155 31.757824889000485 31.817789258927874 31.869365159604335 31.908017672937184 31.929209043412964 31.93690752692954 31.937195963037578 31.936706444509856 31.93624500771355 31.936214668349155 31.936214668349155 31.92133187642344 31.86909975146049 31.785466718421517 31.677107170222758 31.55096014034276 31.409707302851764 31.214502236214734 30.963340457552423 30.666916424839457 30.335604846966064 29.97914621309935 29.606261511893532 29.224265616680555 28.83876941268668 28.453559255796275 28.0707205896696 27.691054476310796 27.314877748431186 26.943535747339563 26.582855282597144
31.755358812170442 31.69607164339559 31.637322474848073 31.583583698446304 31.538769586908955 31.506041822125262 31.487640225615067 31.48476141578729 31.497501750693136 31.52487134475844 31.56487515873075 31.614647291014236 31.670617369973286 31.728684432491853 31.784374223368584 31.832960070757306 31.869792034420747 31.898810241311182 31.921132753622484 31.93406803926935 31.936214668349155 31.936214668349155 31.936214668349155 31.936214668349155 31.936214668349155 31.922168162131058 31.87695028655469 31.806792141959388 31.71826254919391 31.615858031288568 31.463210643913115 31.25285948296157 30.994679674580233 30.69814343880356 30.372114872471638 30.02461052913893 29.662577866155882 29.291757942245095 28.9167047434757 28.54103803738619 28.168032839938494 27.801747120626153 27.449164190380195 27.124455254313645
31.77703641581706 31.712828316005453 31.648162505240396 31.587468237673754 31.53471514574724 31.49323544179236 31.46555135377619 31.453227964606985 31.456771375225788 31.475588451080366 31.50801653428936 31.551419997284125 31.6023379500123 31.656657622544486 31.709784132538477 31.758243053532077 31.805390022302753 31.84932270285841 31.88712314360755 31.915907550859636 31.93285350975542 31.936214668349155 31.936214668349155 31.936214668349155 31.936214668349155 31.936214668349155 31.927812497713504 31.894636795563148 31.842038589153432 31.77596632992899 31.667103581134715 31.49875507666749 31.280211764530673 31.020330152016196 30.727415531830793 30.409093930027627 30.072213553183353 29.722828297602504 29.366325450270974 29.00777270369486 28.65258863782687 28.307702497745957 27.98345931968672 27.696499085001953
31.756244980133125 31.68537625425585 31.61303989647135 31.543745483656867 31.481645280826225 31.43036261073831 31.392802944496612 31.370966656483297 31.36578942126258 31.37703954144718 31.40329647729706 31.44201973665236 31.489696017237122 31.542194147082082 31.599744774769345 31.661160256905553 31.72324180720424 31.782763600809538 31.836549200080828 31.881516510267023 31.914698297276008 31.933245334190346 31.936214668349155 31.936214668349155 31.936214668349155 31.936214668349155 31.936214668349155 31.934465395665217 31.91630801603261 31.883055185711978 31.818671639259193 31.693636777836243 31.516193845892566 31.29479649601894 31.037409287353412 30.751461471361974 30.4438345984614 30.12092469875555 29.788827433533143 29.453702318606755 29.122380279088013 28.80327689753776 28.50761196667821 28.250665026112433
31.694762352428306 31.615733690320123 31.534116442935783 31.454605846114703 31.38165720816678 31.319315621087963 31.27099962239312 31.239255223458606 31.22551466385326 31.22990938723948 31.25118709741897 31.287299401026424 31.33792398367914 31.400555775260212 31.471877998872998 31.548319117143652 31.6262381393261 31.70205289254814 31.77231620969791 31.83375154785925 31.883260437202082 31.917912206821036 31.93492369408532 31.936214668349155 31.936214668349155 31.936214668349155 31.936214668349155 31.936214668349155 31.936214668349155 31.933087267583314 31.910013653377405 31.829639912150853 31.694713409626463 31.513435812374542 31.29357063843386 31.042452967838624 30.76703065619086 30.473965834237767 30.169828361842256 29.861411242507767 29.556186134094975 29.262878831944207 28.992043332111216 28.756293797212557
31.602403668430817 31.509278992793387 31.414576838438546 31.322280795641305 31.236551157198345 31.16158209516964 31.101367370483608 31.059378095136235 31.038193951236508 31.03917091585106 31.062245612197685 31.105944784512317 31.16759642860337 31.243669296172428 31.330140394485383 31.422810556569235 31.517530452671316 31.610336087312845 31.69751232008755 31.775607541459834 31.841419260706978 31.891964639481866 31.924444819845384 31.93620815515078 31.936214668349155 31.936214668349155 31.936214668349155 31.936214668349155 31.936214668349155 31.936214668349155 31.935288682555573 31.898370521515893 31.80727201536348 31.66749637786608 31.486688353650816 31.272129574237795 31.030807046177134 30.769523682740363 30.495066798189676 30.214442244774837 29.935161262891004 29.66552395089482 29.416839099148113 29.20712971816425
31.501569887977382 31.390795346212425 31.278313871131918 31.168507684049317 31.06611762825236 30.97611202038257 30.90341414365968 30.852466514521794 30.826674662571467 30.827865493778695 30.85595304506603 30.9089549141879 30.9833519310501 31.074638503550734 31.17787236077764 31.288096504126212 31.40059790068382 31.51102834548735 31.615432920997378 31.710226714883515 31.792147784669545 31.85820270525109 31.905613004358298 31.93176609023549 31.936214668349155 31.936214668349155 31.936214668349155 31.936214668349155 31.936214668349155 31.936214668349155 31.936214668349155 31.92216466438901 31.860830456600464 31.75524069024459 31.61044090875605 31.43180094837099 31.225139364908987 30.99686336190993 30.754120803019134 30.504952463195046 30.258415510640834 30.024619449062033 29.81457393525517 29.639710046331334
31.39684087666504 31.267901946058803 31.13668388772538 31.007929812080786 30.886988386042013 30.77974070773049 30.69232395421036 30.63056375317824 30.599123187817533 30.600577565353888 30.6348045262217 30.699014657102875 30.78840516424128 30.897092629679662 31.018944216283757 31.148117961667232 31.279317332131274 31.407851375039137 31.529592421996096 31.64089323127231 31.73849668056204 31.81945244122066 31.881045174198107 31.9207343667749 31.936104382962082 31.936214668349155 31.936214668349155 31.936214668349155 31.936214668349155 31.936214668349155 31.936214668349155 31.935087422962493 31.90145800621403 31.8248015556301 31.710302441978268 31.563441321090878 31.390096493279408 31.196648368104395 30.990078405784104 30.77804587815572 30.56891284423126 30.371670199277624 30.19570049447345 30.05031024493216
31.292289632612334 31.144957179691435 30.994239529805995 30.845129053761823 30.703529771549682 30.576328007332997 30.471212139779592 30.396007530469483 30.357379701412608 30.359172030908592 30.40119922136697 30.479309729772485 30.586671435170903 30.71542823908413 30.857943959198792 31.00741600627422 31.15802491153389 31.304850873402977 31.44371286491398 31.571005252099297 31.683558409611813 31.778527591347437 31.853306330333268 31.905458940036276 31.93266729028567 31.936214668349155 31.936214668349155 31.936214668349155 31.936214668349155 31.936214668349155 31.936214668349155 31.936214668349155 31.928231884108076 31.88184978957472 31.798698487490075 31.684292297941184 31.54447461574923 31.38548902804165 31.21403386043966 31.0372836147275 30.862852843718834 30.698669945858807 30.55272485744398 30.432663997952886
31.192305574726543 31.02682660177505 30.856267713324385 30.685652733945286 30.521236884126857 30.370849948459593 30.244037844771825 30.1515146576668 30.1032914206216 30.10554057237104 30.157957535103268 30.253903672366288 30.383193095017003 30.535161722568354 30.700406203650978 30.871245288682903 31.041545630982835 31.20637438669931 31.36167479952046 31.504014963811283 31.630405857773802 31.73817182479829 31.824857580181327 31.888159841604658 31.92587549531702 31.936214668349155 31.936214668349155 31.936214668349155 31.936214668349155 31.936214668349155 31.936214668349155 31.936214668349155 31.936214668349155 31.920809199785744 31.869649940615787 31.78795965962273 31.681475670914477 31.556231091511194 31.418575939122857 31.27516225171724 31.132875311738477 30.998690798288607 30.87944025114159 30.781478736839173
