_RESULTS/CROSS_VALIDATION_POSTPROCESSED/MHZ/IZ/9comp/1/MHZ_IZ_z_90_kriged_reverse_9comp_spherical_1.asc
ncols 100
nrows 81
xllcorner 5.5967107548124995
yllcorner 50.982328804812504
cellsize 0.00017565037499993607
nodata_value 1.7014100000000001E+038
[rows 0 to 18 of 81, columns 0 to 42 of 100]
0.6281460820960619 0.6206721715356815 0.6183869407964504 0.6216034040421083 0.6309987482836433 0.6474339141251362 0.6714069429343958 0.7024364607412096 0.7389927891003497 0.778801807112822 0.8178830055979646 0.8531726862197312 0.8823964384581419 0.9037894784664522 0.915977887214037 0.918370939487004 0.9112467598798456 0.8956737072869446 0.8732933900747996 0.8460415963299179 0.8158872740086602 0.7846369806397193 0.7538156523499673 0.725741721929562 0.7021983843920903 0.6836974635413154 0.6705467123754667 0.6629368683401176 0.6610315597087724 0.665047172565912 0.6726331530754124 0.6806407106497414 0.6887536507263704 0.6966521769853782 0.7039301375484883 0.7104182279835832 0.7159779054822824 0.7204517907999992 0.7236587945080338 0.7253917209498483 0.7257721942092222 0.7260072641844837 0.7261123246390752
0.6195764639247516 0.612964468339219 0.6113022180870756 0.6150222954325435 0.6252585823061341 0.6438784387080144 0.6724494645840381 0.7105251277086906 0.7557331127990767 0.8044098670275507 0.8519337152337358 0.8950976974883503 0.9308170434600237 0.9563316431194464 0.9700563765937605 0.9714723319509228 0.9610333469630314 0.9402893191654111 0.9115279256432516 0.8773398358522058 0.8402518132576883 0.8024895561268692 0.765857673859713 0.7324602788932466 0.7045187665917464 0.682479818885034 0.6664879418905041 0.6565377727043895 0.6526006626270346 0.6547275045108618 0.6625581703739006 0.6714073258712289 0.6799428663947616 0.6880487278011859 0.6956196927701813 0.702549399996152 0.7087188780581278 0.7139868283386915 0.7181824901473638 0.7211016911909525 0.7225300322713485 0.7234766218653924 0.7244878190161231
0.6127761959561429 0.606880277824275 0.6055337215640363 0.6090427932820421 0.6187508523642153 0.6381649048890713 0.671704077248983 0.7185371444422021 0.773982530530155 0.8325213362812183 0.8897880364330616 0.9421661124749242 0.9858557985084204 1.0172107934496484 1.0333907825151862 1.0333185213865903 1.0183542063290587 0.9908361259338768 0.9539966090523707 0.9113068657376955 0.8659721263159854 0.8206802182830729 0.7775253154152797 0.7385471058502007 0.7061884733493076 0.6808324002041618 0.6623819758312269 0.65054943947202 0.6450497680136169 0.6453579708866141 0.6511853611087995 0.6599563249948166 0.6684747289569951 0.6766439904825512 0.684387451914394 0.6916293959435736 0.6982794074127407 0.704219555313872 0.7092949900432197 0.7133084993296654 0.7160194104036677 0.7177676564738232 0.7197304053171464
0.6079807651314402 0.6029521141425298 0.6020950173644026 0.6052952066351982 0.6130943087769289 0.6298103043876594 0.6697262814000299 0.7282751668203161 0.7948654743380148 0.8639262299807718 0.9318698522120812 0.9947740929191878 1.0479510730939758 1.0864385308317088 1.106076365149844 1.1048357433067812 1.0837822156030952 1.0473341239272478 1.0002874828137873 0.9472757725937175 0.8922655886122624 0.8383835210930514 0.7879785725184855 0.7431404835185471 0.7064380012274795 0.6781453678812814 0.6578018429741092 0.6446186793256883 0.6371492401245634 0.6350258768952244 0.6384188402458475 0.6465641300051812 0.6549578236396634 0.6630508616375129 0.6708097475554011 0.6782012510925376 0.6851729684612603 0.6916376183394554 0.6974614601366029 0.7024574485777287 0.7063836223610782 0.7091705174010673 0.7121307854175359
0.6053175511397575 0.6016158481656655 0.6021034968431299 0.6064916669748028 0.6145303311083445 0.6263944511262729 0.6754245034831303 0.7445487161216159 0.8203058498778131 0.8991301954411794 0.9780240789741567 1.0526936537215776 1.1172871565987457 1.164826193197709 1.1888173054652422 1.1858755375292505 1.1574870712976022 1.10935814190919 1.049529157205648 0.9842498274623884 0.9181924862039866 0.8547488166009346 0.7963986358005606 0.7453926191221575 0.7045051503350678 0.6738839704579472 0.6522751026740352 0.6372480518364322 0.6278553549348427 0.6237873424046987 0.6251196807590175 0.6319444237465996 0.6400513516566766 0.6478799118810887 0.6554552136820183 0.6627982686002882 0.6699037874162738 0.6767219220671002 0.6831444919580496 0.6889967227585141 0.6940353327360294 0.698001125036846 0.7020078209990889
0.6046313012645599 0.6028067110147318 0.6057674817499706 0.6137380950973914 0.6278958982012819 0.6532941482944162 0.7012555365212418 0.7700247836172935 0.8504867353883545 0.9371748981176881 1.0266883441840342 1.1143070649780078 1.1929348847119767 1.2527042581064434 1.2828098062526634 1.2769393627790777 1.2379591880908838 1.1754176016436504 1.1000165131850284 1.0207573611465606 0.9427089820534214 0.8690956783845951 0.8022272665138892 0.744619106094042 0.6996866032365464 0.6674677155556973 0.6445284777455228 0.6283826391757286 0.6177267993591086 0.6121337695394024 0.6116952024436036 0.6168077632696396 0.6243956740829935 0.6317152199959988 0.638863025816074 0.6459242101121448 0.6529485562069978 0.6599296408324011 0.6667883665969662 0.6733629299010294 0.6794067533080538 0.6846481211855685 0.6904777017341256
0.6054232644169923 0.6057857624438217 0.6118360953633328 0.6243970203214391 0.6454480565305881 0.6789910483772728 0.72980612808432 0.7988323482726342 0.881964616638893 0.9747913247278358 1.0741342727288776 1.1755484331185346 1.2715356162335156 1.3490596533458077 1.3891736533375796 1.3781005914301052 1.322587214842197 1.2411536726717702 1.1486388439058635 1.0546781865312131 0.9647596369274589 0.8812490465481779 0.8057191252969486 0.7407271376887575 0.691284388843081 0.657905205514451 0.6353504589485183 0.6190861984587263 0.6076059895639603 0.6006990889462647 0.5986240844066832 0.6018754799650561 0.6085823300336737 0.6150906522011951 0.6215234579650399 0.6280365010695322 0.6347412753205322 0.6416802840595404 0.6488063310052421 0.655969709104 0.6632402807928848 0.6709791063942957 0.6794655078665655
0.6069677863730158 0.6094100818764814 0.6183765931982573 0.6349754467766396 0.6611508586596557 0.6997304491270838 0.7535892892899816 0.8242000388494064 0.909551693356678 1.0069604706696096 1.1143893903130024 1.2288144076687095 1.3445993481612086 1.4486614473542319 1.50876417807613 1.4867330542477 1.4038686205077915 1.2990960062483676 1.1898817720454045 1.0831440748476135 0.9833092516342701 0.891786105823668 0.808905427810782 0.7359886719884193 0.6779585520395642 0.6474850002749167 0.6272175631845267 0.6109705475445839 0.5985096509584598 0.5901606794189113 0.5863891424938114 0.5877673727309354 0.5931243548502672 0.5984700087309623 0.603863383409005 0.6095342673989849 0.6156623760430101 0.6223455318589148 0.6295714285712742 0.6377602933426962 0.6473558801388248 0.6577588627375964 0.6690214636638416
0.6085193387765886 0.6125581130757564 0.6237182792042644 0.6431728304250794 0.6726465934716755 0.714296216990473 0.7702698977274645 0.8421327596738817 0.9287465355299432 1.0284924187583266 1.140437147505351 1.2632034932173237 1.3946320361736397 1.5300086736784408 1.6406706677517757 1.5851728989107912 1.4624075030927997 1.3373203435768763 1.216751631766316 1.1027792107121663 0.9971696739918795 0.9014234086452374 0.8152755794160353 0.7392271879088935 0.6763779539886344 0.6454201656908491 0.6236639519540209 0.6056060571690862 0.5912867555271253 0.5810645711727317 0.5753898390335602 0.5748080892392885 0.578435276737156 0.5822364997868457 0.5862402219276425 0.5907533134200572 0.596033224567589 0.6022433466706364 0.6100071715703621 0.6200636599883155 0.6319379831602427 0.644975806402198 0.6591417796257913
0.6094865251547505 0.6143947171849956 0.6267653498729032 0.6477593440588496 0.6789153255742457 0.7220020347988256 0.778757715340814 0.8506177102732653 0.9367735409470551 1.035776885581037 1.146961127122538 1.2691243851323248 1.4002290698988547 1.5357046569110033 1.647223706304095 1.5915511521465233 1.4687769867755063 1.343910598688323 1.2236935773544146 1.110225205820019 1.004746127748414 0.9094158564652242 0.8249201708676207 0.7518662056445448 0.6937794330999896 0.6536558176940834 0.6252786710326967 0.6033272884814852 0.5862131237031445 0.5736722181866862 0.5658815518779278 0.5632433340385933 0.564827500504071 0.5666975949123665 0.5689480168978291 0.5719693773464922 0.5760097110468172 0.5817502663111495 0.5905296331219709 0.6022051864166715 0.6163007957569956 0.632101196905756 0.649535130350833
0.6095289652856096 0.6144559637597578 0.6269626921654603 0.6482055651704629 0.6796169163921526 0.7227121211500278 0.7788723974477283 0.8491838384969931 0.9329145783041927 1.028007500085518 1.1331813172386558 1.245856214971202 1.3606214608624712 1.4645134829560962 1.525189650066037 1.5038207920765312 1.4216229053662104 1.3177035784109645 1.2095732954823348 1.104072194587283 1.0043387707954834 0.9133092526998345 0.8328508146225239 0.7632423339965442 0.7063503299418779 0.662478451604871 0.6290595322293496 0.6031165745454801 0.5829740943691666 0.5679662822040044 0.5579885198327269 0.553265756090831 0.5525370278439145 0.551938210257143 0.5514953146019743 0.55187623248698 0.5538788717848755 0.5593347121536048 0.568684345185793 0.5817359506598575 0.5979784557311901 0.6166154035177247 0.6376820677780465
0.608598657278892 0.6126537459664678 0.6242060439667132 0.6444732902299758 0.6749050695720998 0.7168507031203885 0.7712837512913894 0.838731101729101 0.9183570717340548 1.0071855490445991 1.102936188425427 1.2015501933412376 1.2957964754298426 1.3727540176053243 1.4133338982706605 1.4033497016325496 1.3492112995123937 1.2693297339733207 1.1785515508550297 1.0855841746752746 0.9952914371110578 0.9111799866317299 0.835851355731668 0.7697483229365905 0.7140664458540933 0.6687694457117079 0.63256451041358 0.6037609468324604 0.5810674110929004 0.5638162383807996 0.5517867286781772 0.5448870993653541 0.5407338392338179 0.5363357591016168 0.5323642408900358 0.5296315260281157 0.5299511685856401 0.5348195892532355 0.5444893103476371 0.5587998692797808 0.5771575369006282 0.5986608733135841 0.62348096340738
0.6069600283835246 0.6092762552261494 0.6187863648285454 0.6368943687386043 0.6653140610601296 0.7053479902165648 0.7573985694272722 0.8211845620609455 0.8956040721905173 0.9768887616043461 1.0618868063230222 1.1461489972740317 1.2227355802056548 1.281818256235708 1.3124402217110713 1.307945746859572 1.2708210154210866 1.2103555168570994 1.136655351368514 1.0575064647606212 0.9781659576517363 0.9026012155453814 0.8331876958836403 0.7711128619016957 0.7174183946574302 0.6722227282125102 0.6348946152900078 0.6044761217748087 0.5800944878183638 0.5611521835454544 0.5467465789306737 0.5367037982002252 0.5284322532739696 0.5200074195720679 0.5122085291430301 0.5062838027186856 0.5047154229596088 0.5085657441944288 0.5183393707186367 0.5338884051270443 0.5544228930727481 0.5789316297678191 0.607586045059126
0.6052070518157338 0.6050326452237018 0.6114196356237479 0.626100142830347 0.6516462124856557 0.6895949669665962 0.739245507250845 0.7991132584310849 0.8675877138504928 0.9409618069691367 1.0155339955031386 1.0871005299511387 1.1499051240819038 1.1969831754944649 1.2217024614503535 1.2203835955416356 1.194153417600795 1.1481584932233435 1.0890430138362108 1.0229069128716266 0.9545756522273953 0.8882914885809864 0.8254278015941965 0.7680065487005927 0.7171556938794311 0.6732428483675474 0.6360714379202403 0.6051470132431568 0.5798747972513737 0.5588661773084819 0.5418005510660019 0.5287276817385589 0.5163047120131707 0.5037700029730564 0.49191620188356816 0.48277680732347766 0.47863926252523825 0.4809325599543162 0.49065961961288146 0.5076158312185656 0.5305347841703214 0.5582808681031575 0.5907771613216722
0.6042547529891857 0.6011628405148404 0.6035068791066854 0.6131013971119277 0.6348896579710402 0.6716474698405268 0.7194868389800639 0.7752683465686593 0.8373045028502881 0.9029489029598778 0.9679973629115358 1.0288294346010065 1.0809627299124496 1.1195082616555159 1.1402223767939859 1.1408485181515116 1.121953201068567 1.0866184655318145 1.03926796426179 0.9844562433277363 0.9269432027552142 0.869720090129145 0.8137161589924666 0.7614548685332012 0.7141800857276739 0.6724859751067755 0.636488897889569 0.6059581879668274 0.5794349362679502 0.5565342506242424 0.5374466377669926 0.5214670799614969 0.5051085171816095 0.4885761251047054 0.4727220299765615 0.46001568358395417 0.45237948882575857 0.45229042458335944 0.4619665513797529 0.4808850956968079 0.5065760944779113 0.5377900112268156 0.5739555479455538
0.605200796253157 0.5994496401520792 0.5978552808407196 0.6006013574813913 0.6166650227277992 0.6554186412160482 0.7013627354423547 0.7524276660866756 0.8076607479172369 0.8654682274705972 0.9219263609454248 0.9736965169619706 1.0173642947550081 1.0494584981749688 1.0671349038361735 1.0689111830827425 1.055092394109549 1.0276363459269422 0.9895566802188607 0.9446574601903562 0.8972215215055244 0.8484620853720324 0.7992919675143699 0.7522656016989981 0.7088314609516511 0.6698467292728318 0.6356975545384793 0.6052534686718821 0.5779601576623441 0.5541159155326322 0.5339289133216469 0.515198121566609 0.4955830471055809 0.4754958473859731 0.45609640605970714 0.43953656016002074 0.4272148843164298 0.4230633752465517 0.4331295367356485 0.4553376306680304 0.48432376375248803 0.5187722850936918 0.5580746502460139
0.6089380378172624 0.6015170821841129 0.5982150484596157 0.5995017668487077 0.6135575701825736 0.6472033189709527 0.6877892236377219 0.7326070309578097 0.7805137408026787 0.830142571916727 0.8787967571036485 0.9228032290334233 0.9595344073951462 0.9864715393241118 1.001630186619587 1.0039853120137014 0.9937065109345276 0.9720924939732813 0.941569215829315 0.9056642649190689 0.8666364789607547 0.8249446076536752 0.7817481697998989 0.7397675662034243 0.7004570785048786 0.664758782670445 0.6323926861633692 0.6023392933921726 0.5751455184487552 0.5511998241911472 0.5303271746154059 0.5091997416318341 0.4873207047567842 0.4649804699203263 0.44336661086932994 0.42384561972394436 0.40667494078725647 0.39425074465991095 0.40722447999637523 0.43429826649608205 0.4660269641377646 0.5025538030391885 0.5439466090625834
0.6157351382054876 0.6075423148558291 0.6043924332017624 0.6077396252329186 0.621221540652231 0.6461613342341497 0.6788983115098721 0.7163257721739824 0.7566052633796871 0.7981708553061165 0.8392429095839541 0.8765043015770111 0.9073900036742707 0.9300202980706912 0.9429578364149445 0.945462225157442 0.9376264382292089 0.9207004533981119 0.8968221894786679 0.8674144023963526 0.8346782947578029 0.7991485581870945 0.7617568044680284 0.724917639576549 0.6900364809103995 0.6578258376754232 0.6270324565199161 0.5981362198149782 0.5718164665253835 0.5485418678402142 0.5265570224747621 0.5037388710570854 0.4804082275228025 0.4568853172463421 0.4346381370478348 0.41477424839977595 0.3975768641780172 0.38604665915234226 0.39689708022477277 0.4221389668997232 0.4533209883692773 0.48988779817899075 0.5319439460220213
0.6252939618376194 0.6164794333285509 0.6132847001105715 0.6166686453835436 0.6278953398839657 0.6471047157457033 0.6728166684604093 0.703011931773827 0.7359217404170475 0.7699603636223064 0.8035399532026293 0.8347340041447462 0.8606015615556741 0.8795258207925353 0.8904291821879724 0.8927622003187082 0.8871289226421923 0.8740467164778359 0.8543632258746677 0.8298666131866241 0.8023820759288669 0.7724320113497519 0.7405844516566078 0.7088441847308051 0.678542520276797 0.6492909294198896 0.6206088523082296 0.5935068604371851 0.5687288464317729 0.5460917817293066 0.5228480721633503 0.49902110553008366 0.47500143607721573 0.4512382721152784 0.4295399908696972 0.4111482448022329 0.39738486226559877 0.3916472818329306 0.3985963043430179 0.41775558195531304 0.44557860788999226 0.4803982648556113 0.5218040549151965
