_RESULTS/CROSS_VALIDATION_POSTPROCESSED/MHZ/IZ/9comp/1/MHZ_IZ_z_180_kriged_reverse_9comp_spherical_1.asc
ncols 100
nrows 81
xllcorner 5.5967107548124995
yllcorner 50.982328804812504
cellsize 0.00017565037499993607
nodata_value 1.7014100000000001E+038
[rows 19 to 37 of 81, columns 44 to 87 of 100]
44.04811316718086 44.35536538192431 44.5856368276774 44.73250956679336 44.79050764521389 44.75667420131772 44.72493310652838 45.03448703680513 45.32749298577732 45.53845990184686 45.65848101043326 45.702414774205955 45.713230141567735 45.70723995323437 45.69030825913931 45.67459236730534 45.69805361394391 45.84188226180822 46.12441529603977 46.457005601762454 46.78218247533813 47.07874674378412 47.33817446701312 47.55633485423483 47.743314968839684 47.91393770453816 48.069238801935114 48.21072871176442 48.37085715661213 48.57907125201059 48.82158002657452 49.08767020985198 49.368831263400345 49.65621038638929 49.94150563599074 50.23342132042779 50.530097787535986 50.82222110367538 51.100140007878935 51.35384616233806 51.57321828128813 51.75536048618277 51.88597058105163 51.955137023401186
44.18296142936125 44.46865556783912 44.684365265157076 44.82289049394581 44.88002075502256 44.86073876609579 44.869492283367904 45.12942309301162 45.40330069942035 45.607175406542126 45.726459752277705 45.79150892555833 45.83922684428964 45.87758926354948 45.91537108075659 45.96727304361304 46.060524964195444 46.22648868868872 46.46764902597107 46.74964738426775 47.03535424875408 47.30142871926314 47.53515673201646 47.72962464914715 47.89364402094331 48.04116006755 48.17280231744236 48.2924527437716 48.44662217347583 48.6497180053335 48.89761746077566 49.180368499969575 49.479563389659106 49.785861660741276 50.091885772456635 50.40721137632899 50.72778528233667 51.04426042325249 51.34687360800745 51.625299573015184 51.86964374949269 52.067890549118204 52.20911508072612 52.282722094175185
44.39750877247338 44.66742710341692 44.877736615869296 45.0243786160536 45.11201004567653 45.16533821345436 45.25003449357802 45.418380286455935 45.615924217588514 45.77914157400721 45.89029060360628 45.980662578585225 46.062848291220114 46.14167946403541 46.22726416812075 46.330227106362074 46.46538278070032 46.64480340893961 46.86670782396636 47.11356438112207 47.36257833870017 47.59483755702231 47.797442633793935 47.96232315123335 48.0991760442165 48.219677333013095 48.324076094015375 48.42185188134486 48.563114731711224 48.75365246581772 48.98980075304706 49.26684518073727 49.57628430587147 49.89602489420499 50.21859324211858 50.553608324027735 50.89463130900022 51.23246399946697 51.55751185797502 51.857206880588436 52.11724502842389 52.33323117293125 52.49195779030579 52.57556891579903
44.67555503679471 44.935322526242 45.14589754104349 45.30601517121622 45.42385407691081 45.52039431332586 45.62673048184592 45.759815381316756 45.902341054744525 46.03460530743541 46.14218717751514 46.25216705686138 46.363194197399736 46.475825626964514 46.5991160213057 46.738716101250624 46.901058668740205 47.08963584838457 47.30072969135304 47.52289220546478 47.74090493301984 47.94035664294185 48.10997348287678 48.24221458662066 48.34958863978 48.44050119628532 48.51507318229005 48.58894294915037 48.71065561863268 48.88193488983273 49.099640170998285 49.359581786417614 49.65635785642139 49.98071867555976 50.31583126245829 50.6660165558958 51.023054301820004 51.37802546212057 51.72020655518607 52.027668799193926 52.303213571954174 52.541989177412894 52.72817599297286 52.831869228337084
45.002396025505895 45.253924840368114 45.46598307448318 45.63663405962507 45.77316843434371 45.88914212132715 45.99963828363799 46.111491767543704 46.230868304119035 46.34506283874552 46.45702252212284 46.584436604151755 46.71945935640669 46.85964672536335 47.01183475985425 47.17788383063157 47.358866378168415 47.55372126208046 47.757409819846465 47.96081387918101 48.15255249443408 48.32139825612179 48.45797076181562 48.55689702520722 48.63392230006916 48.693858748122544 48.73698228417489 48.78366590713582 48.87967436818585 49.02536490100853 49.218191941259306 49.45452825613865 49.7295061371576 50.03698124695969 50.37902786703729 50.73912943550483 51.10677539445182 51.47314490218934 51.8158021811502 52.12628152343504 52.41426900471479 52.67675751714972 52.90201742870971 53.048554264631996
45.36498521386372 45.60585710244122 45.81742247749386 45.99271203864142 46.13766110867862 46.26030555328472 46.36738280982754 46.47231932811773 46.58259213281761 46.68775001157865 46.81256344701607 46.9571219020053 47.11289909836536 47.27567696751957 47.45023073571242 47.63581324532362 47.8300048441638 48.028954761069045 48.22653518764648 48.41442016091005 48.58311971185314 48.723414284894716 48.82752545249441 48.894358440754175 48.94116864440111 48.969668703157595 48.98054883524204 48.99628421116008 49.061062019290226 49.17536715757439 49.33731646916942 49.543869377947914 49.79068833516895 50.07461903086784 50.40549405401231 50.76935877439802 51.14144253869321 51.50520600546531 51.837867154695694 52.144311918163396 52.43443832535305 52.70846734672161 52.96561840741111 53.19915147282187
45.75238342955935 45.979076334174366 46.191075550206385 46.37219424946361 46.523587693947086 46.64839471831894 46.754173015081825 46.86187001091591 46.965789365608465 47.07607460437978 47.21161559012175 47.365466438205026 47.532218387359606 47.70915064159883 47.90093945088113 48.10136313784875 48.305085638626934 48.50638229096641 48.69818084690016 48.87225006578849 49.01994596858815 49.13322492127909 49.205518490958625 49.243223823388085 49.26055098088086 49.25777927383474 49.23626863926082 49.217612198683305 49.24641470009488 49.32421109398224 49.44988367680862 49.62098706043713 49.83368984072483 50.09207336785979 50.40196715613106 50.75518547853727 51.12374317949481 51.47016211160861 51.78528262446306 52.076949420117856 52.35248594775616 52.61026684717321 52.8429573621804 53.00949476491471
46.166420135907366 46.38180663978171 46.58937836222693 46.77288701214615 46.92532225126477 47.04730401636581 47.15941342828076 47.26903486325934 47.37490938295395 47.50314759586784 47.65193680033823 47.81537497637573 47.98852796875268 48.16862461336196 48.36092209047679 48.5644264591343 48.77413974433753 48.97628263754992 49.162085541270365 49.32314168235589 49.451625597828084 49.539836222671084 49.58260304983859 49.59505833340309 49.58341103147544 49.548921324301325 49.49409965771168 49.43752989322721 49.42628518515749 49.46386701437508 49.549368252232895 49.68047954129 49.855961948049256 50.08670790129863 50.3702718523683 50.69931688959697 51.04924927966162 51.37150607837984 51.66143035225872 51.92677504308237 52.17105879826561 52.3873621150348 52.557694714062585 52.63834209186125
46.60269985561696 46.8028510059461 46.997108325485044 47.17724372106605 47.32627699306578 47.44763129841551 47.565429865986445 47.676918927343166 47.80411001155352 47.952185744778994 48.115765323315394 48.289542605297044 48.46876625189384 48.65080384191645 48.840540999838844 49.03576034863735 49.23286996114068 49.428352620171765 49.60975926607601 49.762108783648266 49.8756393365236 49.94160960955494 49.96098370278345 49.94916969682334 49.90780102716198 49.839836393284784 49.74947982142429 49.651116240252286 49.59455610617003 49.58732031588006 49.62887092832396 49.71689555556945 49.85851376288719 50.05769166220827 50.31020656956223 50.609077775931524 50.92301381115683 51.21584336035214 51.47402989493421 51.703879970603225 51.90588789955637 52.069695511727176 52.17590426019966 52.19358698706359
47.043837712142356 47.22587318483092 47.402989598322904 47.56826139755456 47.70996770133378 47.833995352063326 47.954297237793256 48.08648749155023 48.23918603466673 48.40760760024409 48.58663631278483 48.77117493827849 48.95645628388477 49.140337429296835 49.327048641390725 49.51275606850295 49.694774181078515 49.872615993928044 50.04285094507317 50.1909482301507 50.29298617271767 50.339469254974524 50.34151095803687 50.304154684822514 50.2302967766822 50.125490838872444 49.99631071671381 49.85324090071411 49.746015717571346 49.68951411951066 49.68348181216039 49.73102465586268 49.83971149819042 50.00572234866936 50.22397768959779 50.48456798497164 50.75385097021955 51.01234624710106 51.23426456549613 51.42297005654248 51.57766933319689 51.68712501028855 51.73438183720368 51.6978609071717
47.47168850199758 47.63427326709224 47.791738645098356 47.936026657914645 48.062258343338826 48.18811586494173 48.3281667210001 48.48905485796262 48.66616185996816 48.854483284686864 49.04883691003054 49.24408761532099 49.43534407813039 49.62166537632083 49.80588477047625 49.98542460406393 50.15911138547193 50.324160002473505 50.47630071013871 50.608899872675586 50.702438247248836 50.73817023973689 50.72219837813745 50.655039355957854 50.54329014911993 50.3968755416268 50.225743671878384 50.03824378359633 49.87607434984642 49.76649681719395 49.71264774626552 49.72359284347444 49.79731548285038 49.92943793662244 50.11381361277858 50.33258485121219 50.55399919386916 50.771882338504724 50.95530026786966 51.100389418856516 51.206808526737156 51.26378523468649 51.25718524407446 51.17113592130732
47.868966921584054 48.01181718941639 48.14795860858194 48.268705310491924 48.37578493369256 48.515537314229256 48.68469605514164 48.87168279551683 49.071347522168324 49.27829346927346 49.486917999089606 49.691783243571265 49.88796820496907 50.07725651260867 50.26215762136618 50.441934108498266 50.61391533982277 50.773041663121134 50.9135379713617 51.02687352284565 51.105529099433554 51.136685817798934 51.0976583250525 50.994523629438916 50.840859064199485 50.6511270174063 50.43751945135212 50.20941733550709 49.99127938002145 49.82920015314955 49.73460369386988 49.7068605227928 49.742480980038316 49.83649786884155 49.98297881121886 50.157895928187 50.333703423462836 50.50655315369406 50.650874419600825 50.75245891204816 50.81213421451797 50.82020303537328 50.76486043305264 50.633739997865476
48.21976644869869 48.34305260051123 48.45670649772481 48.55868787211617 48.672015490983355 48.825070793112815 49.01212459176187 49.22284088591536 49.44318848254377 49.666233228392656 49.88568693393285 50.096013967828526 50.293228179567826 50.482343660399856 50.66721007824266 50.84877245672198 51.02510579014103 51.19060817572397 51.33508875897791 51.44540173773918 51.516258607694695 51.53165240108161 51.46228827827854 51.314529533340824 51.11229686660915 50.87555761465833 50.61861724762233 50.351351268756 50.08835304211119 49.88347631667761 49.74911090001133 49.68298375399055 49.68075996513059 49.73682674683378 49.84481311755076 49.97454710716278 50.10322346610605 50.22966408205553 50.334533917374245 50.39476463277648 50.41091108195299 50.37483382322442 50.27657695193922 50.10610292655732
48.437746684882185 48.54697898330211 48.665508516355885 48.78784787451181 48.92914025906836 49.11031598336679 49.316897093854266 49.53983501064073 49.77614941311015 50.01123756118319 50.236624556818214 50.4466869502843 50.63910257228308 50.822808202800886 51.00310037293345 51.18280393584171 51.36187358606209 51.536251529193 51.69817334908507 51.8411749333374 51.93026797421607 51.9176605419492 51.79691598576683 51.5904813465071 51.333394389469966 51.04867625698384 50.750882153743895 50.455251835666346 50.171386366512586 49.926770119597556 49.75479150701869 49.652269881947134 49.613900655813545 49.63342585655185 49.70392974753195 49.79194278216551 49.87726128900912 49.95906325132366 50.02257582350889 50.04183979192332 50.01885582376777 49.944411596223546 49.81008423518162 49.60763563436789
48.46737393477139 48.585979834209716 48.72124260530031 48.86926093841457 49.051018384378594 49.279918193224816 49.53894166939621 49.80892438601418 50.06951288914421 50.30753618534823 50.53209926343237 50.73380525372813 50.91497708186377 51.086441664665614 51.254955636542874 51.42545265057321 51.60034146043751 51.782294624201555 51.97794945834422 52.174767602465074 52.31754498045614 52.26091710319884 52.05605188707596 51.7835313972712 51.47310394422156 51.149563379395225 50.82816733010319 50.518271022972336 50.22589708715087 49.9576151390317 49.75228674696728 49.61705085796306 49.545584904735676 49.53106988151872 49.56640347622859 49.61739241636747 49.66424901443777 49.70676263588799 49.73277205730314 49.7130799175498 49.650288782262805 49.54370907738199 49.381024161507945 49.15533259510621
48.362526352362806 48.495534380519146 48.65212246055531 48.82821303888019 49.043981176853556 49.31441089100495 49.62434944587478 49.94800806723216 50.261775178545335 50.54331257267749 50.771531351485855 50.95086999644953 51.11161681257784 51.26211801863024 51.40927980489251 51.5598322699333 51.72419823778975 51.91197462658508 52.12377099520425 52.353594931640316 52.57422270060014 52.43478231697549 52.15838032986885 51.847659104649736 51.51161344550121 51.171425535635585 50.84134073072354 50.52949039076824 50.240154379559556 49.97483013754924 49.74496954468863 49.58216971176949 49.481715599862866 49.43642756741959 49.4395652645318 49.45889618410003 49.47282623529649 49.48200829094716 49.47536415112136 49.42320473169512 49.324873142507286 49.185567235071034 49.00223588471358 48.762601531700895
48.25087363991528 48.40977493196189 48.59371704667547 48.79531791322022 49.03147727215813 49.318193988036555 49.63991965043867 49.97954971587803 50.321673702340554 50.646660549600675 50.91401283360244 51.10597281239816 51.235103082825816 51.34953898714423 51.46473734185161 51.59135322316576 51.73899963106192 51.91162885341629 52.10221136415025 52.289024370152426 52.39986150845424 52.31430511256154 52.07291985838701 51.76981740242886 51.43758158861355 51.10083026996175 50.77952780727679 50.481624176253426 50.209815805032356 49.96317775401409 49.739470771626465 49.55537766931281 49.43058251912098 49.358049408549675 49.33169182862082 49.3248536868349 49.31154717146538 49.29348797656479 49.25903469578881 49.17979300381768 49.05472109920381 48.887392292933 48.68346473055152 48.43872883345925
48.160307556981344 48.348131475129826 48.56257839276002 48.79344662975553 49.047209018320856 49.34346068571473 49.66726882163897 50.001797962896454 50.33031472878253 50.6378821559343 50.91062820272994 51.136183324726126 51.286235173141506 51.37213397458602 51.45384572109296 51.54891083489241 51.66807158468802 51.807909133151455 51.95502516097501 52.079528714175694 52.12784846972263 52.04726139399906 51.84312068647301 51.564844900868025 51.253175250124336 50.9349858147232 50.63861276445593 50.3727559912358 50.135228560910484 49.921604192906244 49.72680677024767 49.547509207657384 49.402791348907684 49.306129623831794 49.25252929317019 49.223662592176716 49.1884776771526 49.148961525295455 49.09079324576206 48.989320683400024 48.84518476605203 48.65871370211846 48.43711160129707 48.18910993684249
48.10000994093879 48.31566982387929 48.55440069295112 48.80478166465887 49.069636199011214 49.37249847666828 49.6976299181116 50.02511565777466 50.336211467163295 50.61912616595499 50.85838499766889 51.057542206554665 51.22665655879275 51.33407977198048 51.382493239416206 51.44476089120788 51.52891390301447 51.62893636054299 51.729347846872656 51.801899350627956 51.80806326084131 51.716890287151585 51.526798335151724 51.266690601495156 50.975845618669084 50.684094980770624 50.42367663863811 50.20720366013776 50.022503674235374 49.85709131477296 49.702244675760156 49.55354620209039 49.4108069977854 49.29193530748856 49.21244375647668 49.163179039107554 49.11072467145629 49.054839884219454 48.97568569940067 48.85616645766004 48.69809534985634 48.50171206389317 48.26982843632165 48.01813776257195
