_RESULTS/CROSS_VALIDATION_POSTPROCESSED_CLR/Berg/GZ/8comp/4/Berg_GZ_z_63_kriged_reverse_8comp_spherical_4.asc
ncols 100
nrows 90
xllcorner 5.6208707817415728
yllcorner 50.959635321741573
cellsize 0.00013419651685393446
nodata_value 1.7014100000000001E+038
[rows 19 to 37 of 90, columns 43 to 85 of 100]
-7.4647400419828545 -7.158201647482798 -6.704541810219624 -6.16167644805701 -5.613211608296501 -5.120521681465917 -4.697760914502421 -4.351355397014762 -4.083603614195657 -3.8951778115623394 -3.7866543143510905 -3.7592936518535076 -3.8186151514184727 -3.9778661859658624 -4.241901757200693 -4.613737473871405 -5.093506562760171 -5.676270634162422 -6.345363173492643 -7.015835072725364 -7.610124264545412 -8.03822013306622 -8.223981228481268 -8.164769225686179 -7.9482575903389385 -7.650997255967691 -7.312731592187525 -6.9520743922632375 -6.577934705437707 -6.194822972726847 -5.805192426535948 -5.410504721642028 -5.011680341739552 -4.608754946099097 -4.225305114451011 -3.8892525800817555 -3.6050253748683274 -3.3769662661673987 -3.2093659020900116 -3.1064806842522974 -3.07223605343175 -3.0674740386816803 -3.062849621335853
-7.785231321914699 -7.376576084574891 -6.802540957475071 -6.154392858427819 -5.531147189625445 -4.986137594371426 -4.528297631162003 -4.158495735207474 -3.8744240968956234 -3.6735412199552315 -3.554625737443488 -3.518442009962272 -3.5678519326291527 -3.714856347193148 -3.9738261091398734 -4.351511865041213 -4.852422956966531 -5.47664886087181 -6.216731327699332 -7.004420930410278 -7.761577207934865 -8.358237860376818 -8.554402632012692 -8.379630127552876 -8.071022590128228 -7.7201426891004195 -7.353759229299463 -6.9801533589021645 -6.6021366436578734 -6.220704587410628 -5.836235609483628 -5.448928224100438 -5.058575429157626 -4.664798732370534 -4.2747736884125125 -3.927732116331762 -3.6334107818473944 -3.395979805630584 -3.219598315106515 -3.108422027603068 -3.066609178342218 -3.0610957218373036 -3.0557246984109683
-8.092561533668883 -7.52042548170248 -6.79128488983927 -6.032552791391076 -5.340365492945367 -4.754936565039087 -4.275075391502115 -3.8932583327311168 -3.601115683983288 -3.3923141558957823 -3.263695379716665 -3.2155397977559272 -3.250479363413034 -3.3770987552647207 -3.6177778630368476 -3.9870175507396532 -4.493405380916723 -5.140032180797127 -5.925208725497402 -6.797940296113705 -7.700483081884408 -8.59135283763335 -8.77152715338037 -8.389432687027165 -8.010395644719306 -7.6407009420858145 -7.274002382984035 -6.908393286993831 -6.5423593442279 -6.174841399809965 -5.80516840222214 -5.432924989748977 -5.057199314808594 -4.677866891275775 -4.295677295208661 -3.9434738323642375 -3.644377357441292 -3.402475795223652 -3.2218657924295035 -3.106655592927382 -3.060968384930067 -3.0545961706039524 -3.0483394877275654
-8.332478882405743 -7.483072992488643 -6.596627282816037 -5.751896827167189 -5.016798071772843 -4.416689490990008 -3.9372971104028767 -3.5608222473786384 -3.2679881181264054 -3.0442200265732398 -2.8895449325109475 -2.8082059456592092 -2.8081093485731388 -2.900564392150294 -3.1056078872150903 -3.450280194181784 -3.948629448718037 -4.606369333667082 -5.416836304245116 -6.321125485471253 -7.233279653995554 -8.035801821014154 -8.274402202544897 -8.032246005695782 -7.714922719365471 -7.3915251884089 -7.0650759079943715 -6.73387845633514 -6.398239646230921 -6.058115407583477 -5.713483054427673 -5.364151983410247 -5.0095269939904075 -4.649960342979929 -4.2859596818239485 -3.9356409086658317 -3.637239827142512 -3.3958906957628177 -3.2157047809849555 -3.100801174520031 -3.05523941933324 -3.047862658008863 -3.0404939873165806
-7.9806311899557905 -7.0703077226822515 -6.143939026188462 -5.27973538883689 -4.54810663839496 -3.9727040869718486 -3.5135595508341426 -3.135606416986243 -2.8249725105382812 -2.575954824662321 -2.388859272205807 -2.2685786017349163 -2.2241531050056977 -2.2690323935987635 -2.4226294594288817 -2.7204447728899286 -3.1876563935770195 -3.833490422354324 -4.644996164338451 -5.541766951612361 -6.400192417800799 -7.079228751526783 -7.400855101051993 -7.392113376601024 -7.22296202125938 -6.9927533362047765 -6.738906253136394 -6.465578080653443 -6.176944298208449 -5.876471008314681 -5.566235463981233 -5.247051575173803 -4.919487577414349 -4.5845883651873205 -4.243084736253098 -3.903114747886004 -3.6091689132063056 -3.371960235453459 -3.1961145117973335 -3.0858522022823753 -3.045237725562001 -3.03837154074649 -3.031462502098395
-6.989465918848792 -6.288446425204722 -5.443032971119457 -4.622279051198461 -3.9386238258026327 -3.4030655939991217 -2.967125433597371 -2.597357982139831 -2.2794062687191046 -2.009651878022215 -1.7901985405435117 -1.6269793421031649 -1.5295925836657664 -1.5124010647688058 -1.5968607343258872 -1.8260977110622991 -2.2468312587486388 -2.8774752846711418 -3.6937912284068624 -4.586544799839634 -5.420826863780135 -6.087503795911962 -6.497254518730971 -6.664632426540868 -6.651450421927024 -6.522914562400603 -6.342775656870874 -6.131498962212187 -5.894313368552899 -5.640477492770307 -5.37171353513726 -5.0882333682755645 -4.789464938353811 -4.477714776894575 -4.15590136354026 -3.829650723329836 -3.542954866556783 -3.3134348162677734 -3.145718302886768 -3.0443172811611054 -3.012622810372958 -3.007907574618344 -3.0044612141641265
-5.9816974491071475 -5.380840697109003 -4.604962187645078 -3.805385710969782 -3.1769930430952167 -2.72511817896362 -2.3406784185141567 -1.9905701184891675 -1.6697208021424703 -1.380525081155175 -1.128097129775517 -0.9193527258382721 -0.7634172673590958 -0.6788158076050368 -0.6882530210520863 -0.8307512998213546 -1.182061353377735 -1.7984064827616844 -2.64433374930464 -3.562849425335933 -4.415038771526255 -5.11539508493058 -5.607636289772481 -5.903937103366075 -6.0365502110323614 -6.036916932435862 -5.9348840873459245 -5.783104158275746 -5.595725391286736 -5.380650151088539 -5.142484412551288 -4.886873067539207 -4.613356386188945 -4.323817362177788 -4.022448118182344 -3.714026572030296 -3.439167180878858 -3.221485096422256 -3.0660468898982964 -2.977605926109739 -2.9566079799567473 -2.9543073127747537 -2.95463587525274
-5.072239212653863 -4.53349302143102 -3.7727752480988626 -2.860874787328173 -2.3756689553597807 -2.0442869490319433 -1.7049273836417003 -1.3673985668648663 -1.0426374840166663 -0.7363723496246668 -0.4541024823882549 -0.20458874526777748 -0.003946892726895079 0.14065412918669784 0.21818049095250336 0.19858560978500606 -0.028068037038243343 -0.6455142653538082 -1.5782454259031968 -2.557024563432214 -3.450484006993734 -4.19778691955134 -4.762597695980737 -5.158858594082691 -5.409299163389912 -5.532198846892899 -5.544431877622827 -5.461362374104745 -5.321799620298233 -5.1368431458531045 -4.918069505223998 -4.675078478026429 -4.417225379790909 -4.149031370933208 -3.8664194249475496 -3.5736706487168077 -3.3086145214414593 -3.1021936408754005 -2.961143122031148 -2.8895360160363173 -2.878894405125754 -2.8793690148254907 -2.8839122093604184
-4.296910383533482 -3.816056652566548 -3.131433345048994 -2.3653444376731443 -1.8466273054137496 -1.4906529302424683 -1.152934475023219 -0.8173984765437825 -0.48605435539430086 -0.1630834685750293 0.14013823854078522 0.40941504142849494 0.64138077228559 0.8326773099688554 0.9807948729558573 1.0834801421822657 1.1033733350539663 0.4438207163981551 -0.6276827724124541 -1.6553639754193297 -2.5803967360191606 -3.364942682770957 -3.9881620050280806 -4.468980771980491 -4.820483727808849 -5.049552481807154 -5.16603744948963 -5.174284463332917 -5.078473565173196 -4.917356306664269 -4.715329093463991 -4.4829271285412045 -4.230518783236843 -3.9677239872424126 -3.7013882626224452 -3.4247249691341417 -3.171752534193672 -2.9764628154954367 -2.8460383007627645 -2.7872122168288236 -2.781167300120294 -2.7848912138887623 -2.794247042814492
-3.616470542529104 -3.2017480464914567 -2.641874559792856 -2.0508478625143933 -1.5387472416334222 -1.1144402371605642 -0.7402603018492364 -0.38269556430222096 -0.03282526657433538 0.3024042395559574 0.6117810751777055 0.8934356837697264 1.142568314301644 1.3524718371743631 1.5152590549002412 1.616244272189471 1.56552210323024 0.9765949805140544 0.011987993834514654 -0.953721596067258 -1.8481414357078056 -2.6458103689822834 -3.3150585809557644 -3.8633409436432657 -4.295781878304369 -4.612894941872487 -4.812109240132939 -4.8944368597262145 -4.8673084488189815 -4.732939114628968 -4.543010447479118 -4.3178150886818 -4.068343554636825 -3.804932394598916 -3.537243937516269 -3.272317042041557 -3.0338485913028896 -2.852235216055381 -2.735138777709656 -2.688211573697531 -2.6737551326443207 -2.67362782543746 -2.6875728007302184
-3.0034718065522057 -2.6641863437570272 -2.226688394229968 -1.7498568918457493 -1.2835232449471747 -0.8405347039344817 -0.43963977263793375 -0.061831201622327914 0.3004682384097279 0.6370643200381254 0.9504888718603963 1.239099469247365 1.4926795474280299 1.6937137982386972 1.820907642204057 1.8354706517309936 1.642329121528011 1.1165593255012363 0.344059368978483 -0.5004605875415864 -1.3296194248251854 -2.093836373708794 -2.767519690179282 -3.3600200136303195 -3.8518457390310896 -4.231714770834621 -4.493080483978687 -4.637790146412336 -4.670677304724857 -4.589805448561111 -4.4084300041617865 -4.185841526342852 -3.9356837785274994 -3.668786902140507 -3.3951994692585097 -3.1250134360713338 -2.8997820483476353 -2.733772119470085 -2.6322084269568817 -2.590114684653446 -2.5666481579368514 -2.559170845377366 -2.568589617089812
-2.472821339341488 -2.2165397032080634 -1.872287645620847 -1.4773836844275368 -1.0616205637028218 -0.6354167946926603 -0.2204893852187011 0.16336099109888025 0.5124633563484475 0.8404197054081077 1.1533852198911934 1.4408743191254239 1.6880200285364282 1.868967269890942 1.9517618299242274 1.8957859807620672 1.6417092240013993 1.1484703089590562 0.4904866614889154 -0.25529220526917706 -1.0144340969874945 -1.7340510422360305 -2.3862953181619027 -2.9822476680590015 -3.509164268263239 -3.9269133314162428 -4.229458966741896 -4.419538477308429 -4.501379374887992 -4.4710313141751525 -4.317208396774036 -4.091914977411118 -3.836695300868218 -3.5626085284944806 -3.280138673056242 -3.001332031827216 -2.7757991134724964 -2.6255579948240357 -2.540754546814005 -2.4918305283076476 -2.45947651330638 -2.4451286007148725 -2.4495848298150635
-2.045151000685567 -1.850407306456614 -1.5752211579983881 -1.2439784271624554 -0.8767726425050517 -0.4844129681083462 -0.07533935383693668 0.2950048616619143 0.6234314552941473 0.9213805603843941 1.2102457155159723 1.4973645297790723 1.7473040368573685 1.9166152620869017 1.9671488934737882 1.8659371297094198 1.5780937765414196 1.1103301919069404 0.5114411066030149 -0.16722886179124297 -0.868672910617506 -1.5455432347424967 -2.176081821654309 -2.762991406392888 -3.281673720201388 -3.722195397012958 -4.055459380666488 -4.2755060548350245 -4.385735906298773 -4.388788090032964 -4.271075854295587 -4.042519109767643 -3.775394984961895 -3.489117519377789 -3.194283585829623 -2.9059183344404316 -2.6775362764894073 -2.532184692958331 -2.4528946105709455 -2.3927851116515058 -2.3517205593729513 -2.3310985186724467 -2.331515870033016
-1.7085747240226752 -1.5578532734834778 -1.335150900202477 -1.0556533769827219 -0.7331471803148095 -0.37730414238121446 -0.007209900783417655 0.3418587170842291 0.6345559170654278 0.885172315432631 1.1363077406827058 1.4289651165385138 1.7022414521354579 1.8742427038892338 1.9050297066847186 1.7719129685481994 1.4621613382071743 1.0054778059875833 0.43557798521322555 -0.2058215429685437 -0.8719670933272861 -1.5191510703488724 -2.135509193762301 -2.705215450864972 -3.206025689755624 -3.6335761617528304 -3.983077754065746 -4.223437944915124 -4.351875116095276 -4.371189197806042 -4.271281611478727 -4.051760954570785 -3.7651675406877434 -3.4576289503789583 -3.141742100388003 -2.841596189939421 -2.6103068469389283 -2.460343988994164 -2.3638597128192735 -2.2922373146722563 -2.2427359880459283 -2.2166159291125256 -2.2141109804560837
-1.4459704658891128 -1.3300683118431929 -1.1502525120965759 -0.915139828515958 -0.6336460020643253 -0.31675922346043706 0.0014721289011463412 0.3042934031447726 0.5664560708107138 0.7662107667794249 0.9386375508527074 1.288496131394349 1.5962366265957844 1.7759493155958612 1.7909049877835033 1.6278661976260018 1.3027083430410498 0.8390122885915252 0.26879419055402876 -0.36422760783662156 -1.0149305116224734 -1.6462199282836518 -2.251706367641722 -2.8008342391619987 -3.2798310889976885 -3.6846340016600867 -4.016471782167503 -4.266573903742424 -4.404338078341577 -4.430708042669427 -4.335451707168699 -4.1190155616346615 -3.8102396788194617 -3.47673832861114 -3.134057350774201 -2.8191350176782204 -2.5779676832711957 -2.3993928825179207 -2.2728929024036546 -2.189271351458279 -2.1317883016226666 -2.1012444596408364 -2.0972505241110246
-1.2410193935518237 -1.1580677523967142 -1.0175388863819017 -0.8235647103163171 -0.5809942791795901 -0.3118844133137677 -0.05005020202032595 0.20311258817566769 0.44529732611878314 0.651747269196588 0.8513151735961557 1.1835028064303765 1.4809441038807014 1.6468770671341018 1.6410852180388913 1.4549488903964711 1.1014627605741252 0.6051389056079244 0.01028445211959017 -0.6356101030548968 -1.2873174231446765 -1.9189731989245575 -2.5142409648137085 -3.0432147107565863 -3.496899736900951 -3.8730877446729557 -4.174324938666744 -4.406121869267212 -4.544958951339137 -4.569916515297073 -4.47029425143673 -4.246644495808348 -3.9118367971276324 -3.5463270933755315 -3.174273305495005 -2.8458250001545626 -2.5727118721497755 -2.3482057133573697 -2.183763694384769 -2.082789167232315 -2.018106833378469 -1.9847006528410822 -1.9811440205332091
-1.0816147944044503 -1.0342908581935903 -0.9340350975024734 -0.7817970616466732 -0.5821374668573016 -0.37361404348164395 -0.16504831186674895 0.04774677430759455 0.27000629456683933 0.5124092339604385 0.782816594158005 1.0856315688710483 1.3533371028330636 1.4979681850996647 1.4735086456459552 1.2598677875678383 0.8538072830659518 0.30142286361049475 -0.3406438187876346 -1.0185548091037808 -1.687281340077313 -2.332552282714027 -2.9190499383277704 -3.4268046553221296 -3.8506203556062584 -4.191864659004337 -4.455718013933838 -4.649178273081642 -4.773540484921647 -4.789452969986036 -4.677279438122658 -4.438059820149302 -4.077803586616298 -3.6665336857888535 -3.267887704363456 -2.905941417833515 -2.581249480319279 -2.3088593454860193 -2.102340886612473 -1.9721365639444484 -1.900981475439214 -1.8670481871941904 -1.8665666518474313
-0.9610409132812299 -0.9581565753203334 -0.9062904868593438 -0.802863490479655 -0.6635293138354266 -0.517788647973179 -0.3614001155243538 -0.18590202867094208 0.01848593485948591 0.26337672372290966 0.5607018844509017 0.8859977662701111 1.1682325526295063 1.3293022097542142 1.306083769885797 1.0460568281072673 0.5609536881594548 -0.07458003276747949 -0.7864174514019906 -1.5138849691859508 -2.2214050958738514 -2.885430277005534 -3.464000086839012 -3.9462213392872063 -4.333066900757322 -4.631661884681305 -4.851189855235679 -5.000530900149109 -5.087685824991585 -5.087972536054811 -4.956304160230447 -4.694027038980977 -4.306399400031056 -3.8441623964485414 -3.3972307529460988 -2.979119224771762 -2.599396298046768 -2.2763620672150857 -2.026850952730392 -1.8634381508051288 -1.7806073514001866 -1.7490471321379257 -1.7552252720925734
-0.916649166561327 -0.968736552661591 -0.9764646280005036 -0.9367277603603359 -0.8702033653021082 -0.7932244709118903 -0.6949778386225418 -0.5626726002819877 -0.38218106943208285 -0.14008625759463378 0.17078649666606482 0.5352706401130365 0.9020801410721662 1.1668395225808084 1.169151684216386 0.8310484774482001 0.2267961914652128 -0.5204174110175934 -1.318555089121546 -2.1112184851415314 -2.873641713269457 -3.561900469300613 -4.13629272845666 -4.590395823384622 -4.932943124904867 -5.179481690588067 -5.347698743935182 -5.44852787540608 -5.489425364824842 -5.462041974218387 -5.305783441146332 -5.01443692064574 -4.588899836347761 -4.060385669109739 -3.5440467753541345 -3.0630636339491972 -2.6238413804417218 -2.245977025233855 -1.951732352281201 -1.7574125470978619 -1.6629304697589053 -1.6330714688561054 -1.6503497466132477
