_RESULTS/CROSS_VALIDATION_POSTPROCESSED_80-20/Berg/IZ/2comp/5/Berg_IZ_z_355_kriged_reverse_2comp_spherical_5.asc
ncols 100
nrows 90
xllcorner 5.6208707817415728
yllcorner 50.959635321741573
cellsize 0.00013419651685393446
nodata_value 1.7014100000000001E+038
[rows 0 to 18 of 90, columns 0 to 42 of 100]
0.7515738092374865 0.7515738092374865 0.7515738092374865 0.7515738092374865 0.7515738092374865 0.7515738092374865 0.7515738092374865 0.7515738092374865 0.7515738092374865 0.7515738092374865 0.7515738092374865 0.7515738092374865 0.7515738092374865 0.7515738092374865 0.7515738092374865 0.7515738092374865 0.7515738092374865 0.7515738092374865 0.7515738092374865 0.7515738092374865 0.7515738092374865 0.7515738092374865 0.7515738092374865 0.7515738092374865 0.7515738092374865 0.7515738092374865 0.7515738092374865 0.7520189324327224 0.7528405632078244 0.7537979382542358 0.754795444507355 0.7562546067822236 0.7585665052258393 0.7615958571794973 0.7652523285911595 0.7693769521702212 0.7737807947688597 0.7782788926543571 0.782706297790087 0.7869427489776747 0.7909452929109683 0.794782553560878 0.7986546579730256
0.7515738092374865 0.7515738092374865 0.7515738092374865 0.7515738092374865 0.7515738092374865 0.7515738092374865 0.7515738092374865 0.7515738092374865 0.7515738092374865 0.7515738092374865 0.7515738092374865 0.7515738092374865 0.7515738092374865 0.7515738092374865 0.7515738092374865 0.7515738092374865 0.7515738092374865 0.7515738092374865 0.7515738092374865 0.7515738092374865 0.7515738092374865 0.7515738092374865 0.7515738092374865 0.7515738092374865 0.7515738092374865 0.7515738092374865 0.7517257220225981 0.7528250527857989 0.754124865494874 0.7555508777289497 0.7570433544442503 0.7589959499590638 0.7618610272427001 0.765557872791138 0.7698985769815705 0.7746744517824564 0.7796602330320713 0.7846212259343798 0.7893297795200059 0.7935957478593378 0.797314651706296 0.8005310391137153 0.8034974192714808
0.7515738092374865 0.7515738092374865 0.7515738092374865 0.7515738092374865 0.7515738092374865 0.7515738092374865 0.7515738092374865 0.7515738092374865 0.7515738092374865 0.7515738092374865 0.7515738092374865 0.7515738092374865 0.7515738092374865 0.7515738092374865 0.7515738092374865 0.7515738092374865 0.7515738092374865 0.7515738092374865 0.7515738092374865 0.7515738092374865 0.7515738092374865 0.7515738092374865 0.7515738092374865 0.7515738092374865 0.7515738092374865 0.7515674670606061 0.7521827673094932 0.753724873284823 0.7554759461863397 0.757387832684122 0.7594035904874347 0.7619222608472919 0.765474997702639 0.7698884585318111 0.7749590403127169 0.780454509711753 0.7861110229318298 0.7916350031630113 0.7967151217698408 0.8010529038422491 0.8044235605288006 0.8067772587663086 0.8083731565306981
0.7515738092374865 0.7515738092374865 0.7515738092374865 0.7515738092374865 0.7515738092374865 0.7515738092374865 0.7515738092374865 0.7515738092374865 0.7515738092374865 0.7515738092374865 0.7515738092374865 0.7515738092374865 0.7515738092374865 0.7515738092374865 0.7515738092374865 0.7515738092374865 0.7515738092374865 0.7515738092374865 0.7515738092374865 0.7515738092374865 0.7515738092374865 0.7515738092374865 0.7515738092374865 0.7515738092374865 0.7515525388525943 0.7514613986023757 0.7526523487243107 0.7546091333511574 0.7568118859722244 0.7592186158489747 0.7618806351884497 0.7650641770857733 0.7693075001012357 0.7744610083913535 0.7803142951360766 0.7866180212381575 0.7930746221256353 0.7993311275871973 0.8049795104280691 0.8095758826553612 0.812699359802248 0.8140828656232436 0.8138527553989616
0.7515738092374865 0.7515738092374865 0.7515738092374865 0.7515738092374865 0.7515738092374865 0.7515738092374865 0.7515738092374865 0.7515738092374865 0.7515738092374865 0.7515738092374865 0.7515738092374865 0.7515738092374865 0.7515738092374865 0.7515738092374865 0.7515738092374865 0.7515738092374865 0.7515738092374865 0.7515738092374865 0.7515738092374865 0.7515738092374865 0.7515738092374865 0.7515738092374865 0.7515738092374865 0.7515464302016501 0.7513608136757763 0.7513664373740296 0.753044261050799 0.7554011593990376 0.7580451676596118 0.7610414193653913 0.7644341122790708 0.7682917499474003 0.7732132592425355 0.7791199444837245 0.7858044043853155 0.7930126904862522 0.8004282515295216 0.8076532632857791 0.8141903824149819 0.819434934111213 0.8227031010704173 0.8233492568465299 0.8210656758694592
0.7515738092374865 0.7515738092374865 0.7515738092374865 0.7515738092374865 0.7515738092374865 0.7515738092374865 0.7515738092374865 0.7515738092374865 0.7515738092374865 0.7515738092374865 0.7515738092374865 0.7515738092374865 0.7515738092374865 0.7515738092374865 0.7515738092374865 0.7515738092374865 0.7515738092374865 0.7515738092374865 0.7515738092374865 0.7515738092374865 0.7515738092374865 0.7515738092374865 0.7515546903343037 0.7513643644291339 0.7509935031025574 0.7512197884987006 0.7532919105530015 0.7560235882755755 0.7591541009541253 0.7628006949623862 0.7669111274304574 0.7714618636121656 0.7770273871158974 0.7836772414192049 0.7912191973389971 0.799412196940121 0.8079454018969171 0.8164161018870091 0.8242854335074566 0.8308146843621723 0.8350463351269998 0.8358453921188373 0.8321470714541603
0.7515738092374865 0.7515738092374865 0.7515738092374865 0.7515738092374865 0.7515738092374865 0.7515738092374865 0.7515738092374865 0.7515738092374865 0.7515738092374865 0.7515738092374865 0.7515738092374865 0.7515738092374865 0.7515738092374865 0.7515738092374865 0.7515738092374865 0.7515738092374865 0.7515738092374865 0.7515738092374865 0.7515738092374865 0.7515738092374865 0.7515738092374865 0.751569638366185 0.7514091184510185 0.7510363204617702 0.750481690329061 0.7509546844666798 0.7533321151426337 0.7564276865123377 0.7601041004283406 0.7643605962343767 0.7691520293619111 0.7744258302560577 0.7805701564531685 0.7879157644680905 0.7962977948369799 0.8055290262307703 0.8153400506506746 0.8253461424191403 0.8350143181589456 0.8435821512578064 0.849937954577707 0.8525178526880182 0.8495069877198589
0.7515738092374865 0.7515738092374865 0.7515738092374865 0.7515738092374865 0.7515738092374865 0.7515738092374865 0.7515738092374865 0.7515738092374865 0.7515738092374865 0.7515738092374865 0.7515738092374865 0.7515738092374865 0.7515738092374865 0.7515738092374865 0.7515738092374865 0.7515738092374865 0.7515738092374865 0.7515738092374865 0.7515738092374865 0.7515738092374865 0.7515738092374865 0.7514797525563335 0.7511441550384068 0.7505921129967688 0.7498897247678317 0.7505231239826768 0.7531084478332027 0.7566143228199497 0.7607844273560557 0.7655894099434246 0.7709984620660171 0.7769772804736855 0.7836578656197921 0.7916206237977804 0.80082587529795 0.8110978950219261 0.8222080513951713 0.8338500276292392 0.8455969896728789 0.8568183618830211 0.8664998052426944 0.8728810012020881 0.8731976885267044
0.7515738092374865 0.7515738092374865 0.7515738092374865 0.7515738092374865 0.7515738092374865 0.7515738092374865 0.7515738092374865 0.7515738092374865 0.7515738092374865 0.7515738092374865 0.7515738092374865 0.7515748842002585 0.7516187217556582 0.7516879008030336 0.7517415749334445 0.7517560906768245 0.7517256945996182 0.7516627090576903 0.7515971575836807 0.7515738092374865 0.7515477377536159 0.75129304404977 0.7507885775274844 0.7500622537716647 0.7492283845492076 0.7498982983945841 0.7526180211379602 0.7565065445616526 0.7610959818698754 0.7663673870265455 0.7723036566304451 0.7788898014856348 0.7861689992006433 0.7946664014087994 0.8045572024357199 0.8157123342036271 0.8279674749912079 0.8411091100895262 0.8548563986255234 0.8688253878783939 0.8824153702056862 0.8943316308557782 0.9005870667744479
0.7515738092374865 0.7515738092374865 0.7515738092374865 0.7515738092374865 0.7515738092374865 0.7515738092374865 0.7515738092374865 0.7515738092374865 0.7515893008433725 0.7517926148753318 0.7521517433662706 0.7525741304006028 0.7529806790594814 0.753307957397827 0.7535101732932733 0.7535607178263548 0.7534531084992874 0.7532012242560377 0.7528388048187884 0.752418272622332 0.7518808482679737 0.7511578290410331 0.7503712655627715 0.749477723235222 0.7484957456771557 0.749076458555659 0.7518431080596794 0.7560366411047542 0.7609575160526554 0.7665951451128423 0.7729488821602719 0.7800783368810023 0.7879938126854757 0.796865535078834 0.8072120830336191 0.8189850125247317 0.8320676749410693 0.8463082523504324 0.8615184351222451 0.8774838033805226 0.8940153226820186 0.9109392618936347 0.927345207409019
0.7515738092374865 0.7515738092374865 0.7515738092374865 0.7515738092374865 0.7515738092374865 0.7515738092374865 0.7516060862503661 0.7519751412041273 0.7526542823461636 0.7535208438666495 0.7544607931616522 0.7553713585418698 0.7561638966708197 0.756766768735257 0.7571279501729326 0.7572170912075724 0.7570267846599225 0.7565728828213006 0.7558938228823107 0.755028906719445 0.7538313364014819 0.7523523232253213 0.7507249610066453 0.7490934938046345 0.747710845255087 0.7480991273449904 0.7507619713653212 0.755156510608211 0.760311309161311 0.7662067566786434 0.7729147845328429 0.7804575544766762 0.7888401731456354 0.7980764111316772 0.8085923046393146 0.8206400265579216 0.8341209830007454 0.848884398967449 0.8647772262542455 0.8815781547241143 0.8987792463709886 0.9153988644855184 0.9275707107538965
0.7515738092374865 0.7515738092374865 0.7515738092374865 0.7515738092374865 0.7515738092374865 0.7518494003474963 0.7526570378408357 0.7538553818975527 0.7553050198239288 0.7568716822440722 0.7584289413643402 0.7598614952372706 0.7610688401638069 0.7619690310399443 0.7625021512987011 0.762633087921813 0.7623532533409826 0.7616810174674883 0.7606607887643695 0.7592760344326133 0.757395160247273 0.7551356571528944 0.752642908584619 0.7500729128016798 0.7476473082480829 0.7471277158399547 0.7494329275178222 0.7538406208970118 0.7591290768351968 0.7652261024377732 0.772165643820896 0.7799499407981745 0.7885929525828826 0.7981193989354759 0.8086126089932305 0.8205622407070867 0.8340152204617485 0.8489542165452711 0.8650151500400584 0.8815638993277357 0.8975774382227282 0.9112006027379947 0.9189511420588902
0.7515738092374865 0.7515738092374865 0.7515738092374865 0.7515949721218192 0.7521577343336826 0.7533734436691013 0.7550899666274978 0.757154856176554 0.759416756973386 0.7617277045542977 0.7639463504078045 0.7659420349281779 0.7675994841630287 0.7688237450564384 0.7695448364785117 0.76972152873674 0.7693437136551329 0.7684330021042372 0.7670414184376985 0.765072900481647 0.7624806233880547 0.7594106370827881 0.7560233295914558 0.7524887641394622 0.7489944877115944 0.7471801361137329 0.7482111363381606 0.7520873410851276 0.7574568648630078 0.7636605203025906 0.7706878300132088 0.7785390156399149 0.7872290955492124 0.7967898945275159 0.807265094553165 0.818895033697126 0.8322584051718087 0.8471046213775446 0.8628830531359664 0.8786991229279102 0.8932554841751934 0.9047411449935079 0.9110127037407082
0.7515738092374865 0.7515738092374865 0.7516214822241252 0.7523735608787173 0.7539201062906278 0.7561040055360702 0.7587647807806895 0.7617390224238373 0.7648617758512163 0.7679690647824662 0.7709016639650732 0.7735100974776523 0.7756606325709864 0.7772417861952129 0.7781706208276834 0.778397964049422 0.7779117252344342 0.7767377367963035 0.7749264885836715 0.772330799315246 0.7689923337864674 0.765075742309678 0.7607597514906026 0.7562312383756479 0.7516825188750356 0.7484440247461157 0.7479920459398499 0.7503852141958943 0.755335072258025 0.7615348880863813 0.7685174748413591 0.7762730316854235 0.7848078429414157 0.7941598184729245 0.8046383238483662 0.8165182999898821 0.829821934685027 0.8445624770529738 0.8600489892833013 0.8752379441319638 0.8887965864601192 0.8991867969488537 0.9049685045031403
0.7515738092374865 0.7516073361031494 0.7524086783547601 0.7541623788818209 0.7567110224764552 0.7598917175850984 0.7635353636095227 0.767466734847376 0.7715056756124278 0.7754697112436425 0.7791783259308047 0.7824590030192522 0.7851548421710713 0.7871331762099771 0.7882941910921029 0.7885782549002881 0.7879706532226031 0.7865027994215599 0.7842150688709568 0.780954461385011 0.7768270849652772 0.7720208469043929 0.7667368700542392 0.7611820502551843 0.7555738281994568 0.7508612659741595 0.7487907615931058 0.7495770017761759 0.7532304603214178 0.758908328507934 0.7657369401859526 0.7732902851433159 0.7817541052074624 0.7912550242303446 0.8020561059003605 0.8141734671294661 0.8276216104843066 0.8422388869926122 0.8575483031024247 0.8724033329572772 0.8855253528892357 0.895613947531362 0.9014506593578298
0.7515754233009635 0.7522497650616524 0.7540443898040993 0.756805545057967 0.7603732157736877 0.7645792753911547 0.7692461537746997 0.774186335326426 0.7792030912901108 0.7840929199761828 0.7886501665363292 0.7926741488359849 0.795978757517811 0.7984039066486388 0.7998274847441752 0.800175847485296 0.799430742796636 0.7976310980487227 0.7948106900602676 0.7908374299216462 0.7858689091559055 0.7801221637133469 0.7738255655684738 0.7672096312189783 0.7605191175720024 0.7543849318659611 0.7505972697642322 0.7496785046559938 0.7516481944275824 0.7561598535298076 0.7626850775528122 0.770460710546907 0.7791456099365819 0.7889787267598619 0.7998839655474843 0.8119141143456576 0.8254173249548455 0.8404302428323428 0.8558919334881889 0.8706981598795744 0.8837599219757288 0.8940823840659147 0.9005054404282281
0.7519592486521985 0.7535931010940881 0.7563714800136851 0.7601412772086747 0.7647410695494568 0.7699985841129693 0.7757285542871873 0.7817313257806398 0.7877927312565272 0.7936859209826684 0.7991759487683351 0.804027848965391 0.8080185434559258 0.810952065572894 0.812676345911337 0.8130985737465037 0.8121956177818168 0.8100167495810826 0.8066025798468397 0.8018563292625612 0.7959830583038097 0.7892362729959748 0.7818772266731866 0.7741638549331136 0.7663654546095703 0.7589732777363121 0.7533888890879352 0.7506726837754532 0.7508478387638156 0.754259875367828 0.7602691963707912 0.7682389822083944 0.7774104553902847 0.7875792550991835 0.7985095485565449 0.8100905735035364 0.8231616188211222 0.8391435817945498 0.8554562473035328 0.8704393724433426 0.8834066144847916 0.8938941269352453 0.9014909586349191
0.7529163311603017 0.755483441011741 0.7592285641681233 0.764000738302225 0.7696388147211315 0.7759681246260122 0.7827973060729857 0.7899156574419826 0.7970916240011922 0.8040733362241185 0.8105924392474432 0.8163726160558987 0.8211439130237765 0.8246628661624504 0.8267363652436907 0.8272447184530549 0.8261578759267814 0.823539740867118 0.8194590456847404 0.8138635629705571 0.8070085784137182 0.7991930875647816 0.790717430542593 0.7818705219950256 0.7729411152072279 0.7644409943161636 0.7571296323656157 0.7526146104680856 0.7514707710278796 0.7536664865216446 0.7589855889696667 0.7668764161989758 0.7766606992635413 0.7873312958879081 0.7985836719455309 0.8100898105303308 0.8221618526422977 0.8396402253083443 0.8564155301572592 0.8715045650432969 0.884307802570304 0.894243657670892 0.9005323149549256
0.7543007041493158 0.7577653862105533 0.7624500245788156 0.7682075983435184 0.7748794006211899 0.7822908478359184 0.7902471021379807 0.7985288069595652 0.8068885470506989 0.815049127890094 0.8227054129955484 0.8295320950491576 0.8351999411225343 0.8394019240843721 0.8418874479001113 0.8424979604097179 0.8411932604520611 0.8380586479625178 0.8332185817014229 0.8266777538855494 0.8187490464510222 0.8097876394652851 0.8001391505250637 0.7901259947582064 0.7800514935920614 0.77045193445498 0.7618450638697385 0.755995530448679 0.7536374231068651 0.7546235985281357 0.7588793648257649 0.7665887060419182 0.77688633718269 0.7883029458273526 0.8003871827201828 0.8130868220524927 0.8270671121359872 0.8429824132519427 0.8590585737577461 0.8737373359610855 0.8861458358089485 0.8955901824194196 0.9013995296649912
