_RESULTS/CROSS_VALIDATION_POSTPROCESSED/Berg/GZ/9comp/4/Berg_GZ_z_1000_kriged_reverse_9comp_spherical_4.asc
ncols 100
nrows 90
xllcorner  5.6208707817415728
yllcorner 50.959635321741573
cellsize 0.00013419651685393446
nodata_value 1.7014100000000001E+038
[rows 0 to 18 of 90, columns 41 to 81 of 100]
0.1687864390901962 0.18880332911595446 0.2037909720237903 0.21072652984136733 0.2079974022763658 0.19625494226147613 0.1780568793519909 0.15663447413551912 0.1347720895068124 0.11432522740685892 0.09625770779873918 0.08089081986455521 0.06816168605907835 0.05781647621141728 0.04955514216532333 0.04320741053208321 0.038410400937367306 0.03484897444308276 0.03229854186863986 0.030607747342543127 0.029687148196037502 0.029503884951507957 0.0296400373007706 0.02967859882922733 0.029616063405827182 0.029458119060039305 0.029219191276737777 0.028921344892074933 0.028592775995243517 0.028266199569982324 0.0279774450188038 0.027764524708319957 0.027667369581333572 0.027665354618754752 0.027665354618754752 0.027665354618754752 0.027665354618754752 0.027665354618754752 0.027665354618754752 0.027665354618754752 0.027665354618754752
0.2091820352912209 0.23928566392049122 0.26281420186615734 0.2740212879737355 0.2695859236647665 0.2508703643592935 0.222947958398089 0.19156471821503807 0.1609870058016697 0.13356698631760525 0.11020241435220249 0.09092990626669561 0.07536749946537255 0.06319607555752879 0.05393984745520069 0.04691466083188358 0.041614656003604346 0.03767263155862649 0.03482819448040326 0.0329046462726275 0.03179376106318862 0.031447705816141966 0.03162596941340692 0.031685806914403744 0.03158871958097688 0.03134230768894247 0.03096570226258421 0.03048774682293598 0.02994450797764723 0.029376612340262585 0.028826889728446905 0.028338691393954042 0.02795510393125859 0.027719149551208116 0.027665354618754752 0.027665354618754752 0.027665354618754752 0.027665354618754752 0.027665354618754752 0.027665354618754752 0.027665354618754752
0.2564969674249073 0.3018440783369614 0.33963527384535985 0.3585119036347638 0.35096682523737055 0.3201621334579235 0.276859400584492 0.2312547858496146 0.18934463267638732 0.15353852629870243 0.12419214338153055 0.10075050631737009 0.08281788835888523 0.0693019818650988 0.059093447712772654 0.0513800088915485 0.04557371383399693 0.04125347049255662 0.03812271283251332 0.03597980932196801 0.03469876123795532 0.03421843491519554 0.03440407567462146 0.03449117647787854 0.03434983490310339 0.033990615615423436 0.03343991778597374 0.0327369903426914 0.031929892366565085 0.031071236117166993 0.030214474528328074 0.029411258757467217 0.028710108315920246 0.028156403693266014 0.027793581090019275 0.027665354618754752 0.027665354618754752 0.027665354618754752 0.027665354618754752 0.027665354618754752 0.027665354618754752
0.3076283893193933 0.37505394923679086 0.43714050828339657 0.47098968892736415 0.4571866698949227 0.4043340064349487 0.33712354090965435 0.272532582278024 0.21720623438431585 0.17232139296193533 0.1369854855758751 0.11043571963149788 0.0906957608394814 0.07594128147603393 0.06486202578666211 0.05652354334326842 0.05026156095574727 0.04560589967388796 0.042227482122035594 0.03990254504917381 0.038489672047073445 0.03791679529964325 0.038107075860522845 0.03823019858523082 0.038030413580303575 0.03752288057308203 0.036745197359712434 0.03575247029603522 0.03461076045925703 0.033390353408278596 0.03216008434382022 0.03098346483679348 0.02991683463360064 0.02900937319175116 0.02830461599296982 0.027843111959865417 0.02766597535665099 0.027665354618754752 0.027665354618754752 0.027665354618754752 0.027665354618754752
0.3547610979175077 0.4501873419154101 0.5525541644482884 0.6197750140085201 0.5909130939529026 0.49607275912819565 0.3950960836366541 0.30893709489041105 0.24037110273093304 0.18737306922690855 0.14819256656072008 0.11955738153188304 0.09844863868248108 0.08276165037903567 0.07102949508583598 0.062226261404224735 0.055631796563114455 0.05074016894191266 0.04719840022620615 0.044766181795649784 0.04329048590086577 0.04269132124330846 0.04291974398397495 0.043091614390486054 0.04281277958475004 0.04210559063992589 0.0410250283255941 0.03965044312622014 0.03807483242926684 0.036394216787551316 0.03469912315981407 0.03306919399773399 0.03157099553120832 0.030258485724238445 0.029175376106104607 0.028358687789464154 0.027843027553621967 0.027665354618754752 0.027665354618754752 0.027665354618754752 0.027665354618754752
0.3847922941194114 0.5039596194245048 0.6563916441482699 0.8110913450313293 0.731676275886602 0.5673556599406488 0.43363601815883235 0.33122549061455364 0.25389040422002684 0.19729926862846972 0.1566658935351413 0.12713360816603614 0.10543155646887227 0.08933612496946038 0.07732018666949858 0.068324694458435 0.06160929875633349 0.05665425208522851 0.05309605624523857 0.05068584103419195 0.04926365072270869 0.04874454425064205 0.049089374910422943 0.04932854110752407 0.048940641851240405 0.04795946267528815 0.04646733212711557 0.04458099869778604 0.0424338528515575 0.04015912441913291 0.03787731787867634 0.03568913740335142 0.03367348179116506 0.031889201256363325 0.030379146906757925 0.029175325435378516 0.028304418492199123 0.027793367269349455 0.027665354618754752 0.027665354618754752 0.027665354618754752
0.38543491624735254 0.5051785386494086 0.6591459397832655 0.8193311978953686 0.736059977418419 0.569052076912565 0.4344771509377416 0.33169423067340936 0.25524201755250836 0.2005606266627726 0.16108617995588587 0.1322625840135139 0.11100601804737828 0.09520901464275615 0.08341636466176545 0.07461306612178066 0.06808487228026981 0.06332620904628437 0.05997955840423656 0.057796429331621796 0.05661390814536331 0.056343231817008725 0.05693982110129142 0.0572735716697031 0.05673248781085631 0.05536892156788661 0.05330900523159472 0.05072789145117878 0.047819798875921714 0.044771395655444225 0.04174371072307776 0.038863685911984545 0.03622364042478824 0.03388583453008881 0.03188952067510844 0.03025864825722274 0.02900923110169931 0.028156061214333252 0.02771892121434158 0.027665354618754752 0.027665354618754752
0.3563869074272168 0.45295797184820524 0.5573026935796015 0.626593723017217 0.5967373245713677 0.49960384401894825 0.39714682215287084 0.31045617509626494 0.24480182216849583 0.196443637498509 0.1607748437644422 0.1343416536063651 0.11465836368073284 0.09995824212613845 0.0889872695426127 0.0808520671066923 0.07491230746924787 0.07070598783412124 0.06789847472360129 0.0662492769660961 0.0655930358694657 0.06583290376952412 0.06688933515012896 0.06735839343745366 0.06659835939481815 0.06469253208041194 0.061838771055234415 0.058304773788761394 0.054376709473726526 0.050317181608786184 0.04634030520070182 0.0426035099679632 0.03921122677973031 0.03622487264908716 0.033674832620458305 0.03157190465496009 0.02991713254612241 0.028709903147764927 0.027954715770391526 0.027667308927340303 0.027665354618754752
0.3096588523112115 0.37811497234824054 0.441475640460264 0.47626660875566007 0.46218364608851736 0.40814739562619284 0.33972085269913715 0.27606646712057503 0.22514794956092332 0.18582979090790305 0.15588444395489948 0.13320425036315528 0.11609331977795499 0.10325475673270046 0.09372192261289206 0.0867813325387096 0.08190632106106699 0.07870481914637029 0.07688025291271242 0.07620452306396155 0.07650347386900083 0.07765659653107534 0.07947224108441459 0.08013855323662172 0.07905968571889115 0.07637222115524038 0.07239462671810618 0.06754358234260513 0.06224435414491382 0.0568653265130113 0.05168662460802773 0.04689689819636196 0.04260661452407833 0.0388676287455418 0.03569265155721853 0.03307169714133711 0.030984825980816682 0.029411642241194295 0.02833846623157897 0.027764227996782083 0.027665354618754752
0.25884594492085794 0.3054430974190121 0.3446125276679116 0.3644815476455576 0.3570618743173052 0.325544925636804 0.28137055525694626 0.23824530335021854 0.2013071629190055 0.17126288712092388 0.14754602019197371 0.12919973587164857 0.11526980805939588 0.10490049169323365 0.09735691435697387 0.0921287644466466 0.08870347549857098 0.08685726162978298 0.08647265899837925 0.08739338674929942 0.08941641826761199 0.09228856539201712 0.0953637789544419 0.09632397182068096 0.0947708056119553 0.09093641210412905 0.08534860022008904 0.07866771526917365 0.07152805266190866 0.06443978665551629 0.057757525009422474 0.051693371562617205 0.04634936867982253 0.041752535436213926 0.03788461669036234 0.03470441713526311 0.0321633857641634 0.030216086440349912 0.02882729347003358 0.02797725327094001 0.02766643828797035
0.21289435564463538 0.24463823041066826 0.269775735849172 0.2821239934390738 0.27800512317458576 0.2587406549923027 0.23077634567930366 0.20259852283178834 0.17706875431154473 0.1553209934604794 0.13755693993817011 0.1235218961428759 0.11259605578443045 0.10368132202126916 0.09688336569864217 0.09224884858397119 0.08965025645621229 0.08903818401013518 0.09034812360965841 0.09348012225698797 0.09826378575837709 0.10442190250286387 0.1107176390199316 0.11407341748456354 0.1135464700564895 0.10893633205741728 0.10106449810072969 0.091837574977158 0.08224676069019762 0.07297804590584014 0.0644535338210966 0.05688421010151682 0.05033622509411971 0.044788050318825594 0.04017235073949324 0.0364038543366222 0.03339672039197706 0.031074893552363096 0.029378240394895408 0.028266549799483953 0.02772295655160709
0.17433587584185994 0.19628556874707065 0.2130558738235553 0.22123956629260458 0.21892903524379495 0.2067159191889619 0.18935630646327803 0.1713691088667402 0.15438706747792516 0.1393955029706713 0.12627684863870747 0.1138833434043154 0.10305218216132052 0.09431303147186271 0.08789133460832418 0.08386317227762417 0.082263504710842 0.08300974105948201 0.08607718453293407 0.09151384440888179 0.09928827751867 0.10918321508877277 0.11900385271769365 0.1256530801132206 0.12778809518239212 0.12496552145315865 0.11766060792496413 0.10689035617458635 0.09425051396726654 0.08227406817339086 0.07156570907485965 0.062282730242065446 0.05441096802094028 0.047847986559045624 0.042455627567857944 0.03809067671979132 0.03462152585134183 0.03193655528270626 0.029948056424160686 0.028594176858842267 0.02784054851397204
0.14328720521990865 0.15873134692779062 0.17031001027578777 0.17603350107799562 0.1747785020798753 0.1669397457522591 0.15632969717330286 0.14509666018710624 0.13407289691992205 0.12169617846123973 0.10881755322054971 0.09688343069677266 0.08673017990555502 0.07875383089007228 0.07309552189976862 0.0697949332078974 0.06890160146746532 0.07054939829766461 0.07490734090427487 0.08212131474052917 0.09243678294353255 0.10569000194343126 0.11884413266198639 0.12892669721620367 0.1339013640895048 0.13314937600159427 0.12737936043916162 0.11782311093091762 0.1056671333069727 0.091911563149274 0.07874269687333064 0.06761059784218436 0.0583604697804477 0.05077186841562891 0.044614261732013445 0.039674548621586404 0.03576908680720303 0.03274769693988832 0.030493964137525153 0.02892433981595616 0.027987563449167693
0.12080756866077272 0.13183492426340332 0.1396973429181044 0.1432733217974037 0.14207582386602172 0.136757282285496 0.13032292587496647 0.122758861402195 0.11194904808025129 0.09960804354959678 0.08745347201120597 0.07659574772785811 0.06761728655351051 0.06074188129046281 0.05600704859123138 0.05340327340091626 0.05297731641081183 0.05491059410571461 0.05958237520440948 0.06753499347721119 0.07929350033389952 0.09463553271215257 0.11061356514842054 0.12377156861740254 0.1310270462576564 0.13186427424765731 0.12769753437868367 0.12007797395881667 0.11005131328081504 0.09829152204455804 0.08534304581172557 0.07250035581021834 0.06192247903027079 0.05337313970234755 0.04651504245841317 0.04105943747994993 0.036769098679744594 0.03345568813155048 0.030975320979680473 0.029224308693137767 0.028185046063295506
0.10548768077595844 0.1136850254440792 0.11919766478487473 0.12130981829282987 0.11977315710206603 0.11537003586452661 0.10949043452124015 0.10005810265429851 0.08880139075141866 0.07709439876643587 0.06616429581129485 0.056762048959388696 0.04920861284300116 0.04355812872953344 0.03974819567330361 0.03771573182410452 0.037483893460176866 0.03923740413272229 0.04340569793404098 0.050764328473101555 0.06239312289921154 0.07806983889060047 0.09608042487144944 0.11168337155429997 0.11980272287564886 0.12095388885914547 0.11807804523293662 0.11287918610134448 0.10594975377852425 0.09744641762490364 0.08747365031760157 0.0762647144048765 0.06481009002273902 0.055457013528541654 0.048024168819052956 0.04215205797857732 0.03755530031004762 0.03401232989608314 0.03136014430411237 0.029570996964241904 0.02857418782906504
0.09551600697742564 0.10185053253933093 0.10580873621981862 0.10691010497372777 0.10504408103143166 0.10008215486775167 0.09105071586827394 0.0796935234537695 0.0678847017508465 0.056979267890992696 0.04757099623652694 0.039780295985424825 0.03370066578912072 0.02924877143441886 0.026284510755696752 0.02469854902598223 0.0244766455697369 0.025761438525398046 0.028937857164734997 0.03477531592686424 0.044356797420625656 0.05847894136126238 0.0774045244027827 0.09515530012387725 0.10145313165371701 0.10143234307801983 0.09982703157817728 0.0974839542388567 0.0942326926135452 0.08971026182760938 0.0836183841736889 0.07584992842769753 0.0665587525043929 0.056846954934204295 0.04902398907926954 0.042872464004027985 0.038072187068568485 0.03438771119142435 0.031758896354536714 0.030048042043905546 0.02913490910848888
0.08974697642460859 0.0948262196847527 0.09770300377153775 0.09804130757552446 0.09529198115117321 0.08678941530656466 0.07527499506731547 0.06286251757700288 0.05112560885705936 0.041000285665041894 0.03285206602194127 0.02661412161992515 0.021910909751701606 0.01853760944526774 0.016307595042362517 0.015082339849783244 0.01481145405627238 0.015573310299872226 0.017640719700554593 0.021572497295946923 0.028040763677647945 0.03844691242789862 0.055020652998551495 0.07642316267667006 0.07583317720272657 0.07568882178456042 0.07629555198475692 0.07709780264642269 0.07750630191299374 0.0769388961544824 0.0748800297129457 0.07096523920199584 0.06507050776922538 0.05737499354972023 0.04943083338404539 0.04316480584334281 0.03828858138405984 0.03469719496962947 0.0322022573270714 0.030619388035723775 0.029837216235348026
0.08753151009346971 0.09174859869445297 0.09382538458205263 0.09345453649347096 0.08723958858257333 0.07556741950036361 0.062327358549907376 0.04949551943314661 0.03827807037706624 0.029193287330671724 0.022254538907628803 0.017199467857423403 0.013655735807502472 0.011190130789230405 0.009570854534364752 0.008650547871545632 0.00835638215194711 0.008709615832229836 0.00986147114233072 0.012025642720755174 0.015642997231783928 0.021532196436281414 0.030628721334950537 0.04089127768919902 0.046040393129390206 0.04925579055871332 0.05254153722203554 0.055981831052133384 0.05924447412055452 0.06184064424822162 0.06322023103158671 0.06286875353512411 0.06042268478491963 0.05578168361111199 0.04920932577874393 0.0430058681194611 0.03831805428206361 0.034952958495415555 0.032653986934809295 0.03125391782640497 0.030655527103806045
0.08861485139210225 0.09223108405124858 0.09366681040157186 0.09091085414374758 0.08081523457778778 0.06653246763787421 0.05207999978605975 0.03921681522873418 0.02873614580388416 0.020752778852060148 0.014976671620568678 0.010960452042275023 0.008260449069617688 0.006500864481211406 0.00536578554265958 0.004702641118715161 0.004432906799584419 0.004543261152845019 0.0050583656840954335 0.006068177232678383 0.0077988746783636785 0.010576976397582614 0.014661420266778254 0.019596040955147696 0.024305082309726524 0.02866551361694045 0.03309916939333229 0.0377630872343016 0.04252091328068454 0.047022440690218846 0.05076469920625109 0.0531703009710276 0.053700850202262104 0.05199453194556142 0.04799240741556379 0.042500351569411274 0.03818807529549625 0.03512471673840393 0.03308503542760333 0.03192539308377894 0.03156791567210846
