_RESULTS/CROSS_VALIDATION_POSTPROCESSED_CLR/Berg/IZ/2comp/5/Berg_IZ_z_1000_kriged_reverse_2comp_spherical_5.asc
ncols 100
nrows 90
xllcorner 5.6208707817415728
yllcorner 50.959635321741573
cellsize 0.00013419651685393446
nodata_value 1.7014100000000001E+038
[rows 38 to 56 of 90, columns 0 to 41 of 100]
-2.191756740238591 -2.0715050646635085 -1.9490090134149236 -1.8281368933070719 -1.7140060925888876 -1.6118014220581052 -1.4973332710186285 -1.3608098255773105 -1.209512641780708 -1.0483693248718797 -0.8877188726053595 -0.770459468262986 -0.6966930564772182 -0.6588149430562797 -0.6491093355477853 -0.6599627937671966 -0.6862882485525814 -0.722355552361746 -0.7603322176985432 -0.7916744952354264 -0.806901652643945 -0.7954344085303897 -0.7456268413757896 -0.642293739080424 -0.9444658956115188 -1.5664706309529144 -2.080541407925015 -2.4900097707494617 -2.7970664784530586 -3.005720290752808 -3.1273186418808314 -3.179396486010599 -3.1756687638570726 -3.126131228705368 -3.042211651507522 -2.9352345296456206 -2.8277212624214925 -2.7410313074806716 -2.678588647480799 -2.638908629484844 -2.6255261503978873 -2.640384345146658
-2.06372240161698 -1.9314605992608682 -1.8011414997901436 -1.6722979243282783 -1.5500264999015567 -1.440487610490974 -1.3222127382508393 -1.1860549654550292 -1.0413225730309033 -0.8938521183288315 -0.7703021804250847 -0.7019970906100541 -0.6801307672326424 -0.6954721929620158 -0.7394734733995985 -0.8043366956403997 -0.8831274404567964 -0.9722870792879603 -1.0658872732055173 -1.1570658287625166 -1.2392599355627216 -1.306958193623036 -1.3614832677569662 -1.4636942759083509 -1.7874572604589274 -2.292280911583744 -2.769727533321036 -3.15175516670153 -3.4281279103824174 -3.6009257974071818 -3.686359973059689 -3.70092714333827 -3.661272978788909 -3.58221621606031 -3.4734595981143332 -3.3456922683911805 -3.214225396224419 -3.0967340725490042 -2.9964694827804177 -2.9180483090681095 -2.8643110589774214 -2.836501644729631
-1.9404980829798824 -1.7955493775727456 -1.6532066614238803 -1.5155777106186374 -1.3835946539730968 -1.2639483323851808 -1.140673712809154 -1.003918481558368 -0.8668721307464051 -0.7390015749255512 -0.6629759549977887 -0.6484539902594997 -0.6829160682508348 -0.7552815685886523 -0.8565429632266173 -0.9793445858962135 -1.1174145409863852 -1.2667585986789263 -1.4259425949151687 -1.5913861294192837 -1.7587782185884417 -1.9255074836217347 -2.110522027672179 -2.359303912883714 -2.7241913357569683 -3.1668325178705197 -3.587085650046828 -3.916023334353312 -4.137529994726858 -4.254693441194945 -4.282771168069122 -4.242250835909749 -4.15285181664888 -4.031109762427804 -3.8898033823551335 -3.7349120904587156 -3.565051540267839 -3.4039349355057955 -3.2621283751639156 -3.1427388824932536 -3.047223619484481 -2.975824599660157
-1.825994575389647 -1.6696620681777716 -1.514811206432848 -1.3641788190370714 -1.2210098646564178 -1.088145600031 -0.9569654689259419 -0.8160945562267123 -0.6861418335059941 -0.5876348996774237 -0.5655024160254727 -0.6105967325630517 -0.705268672921131 -0.836858470816841 -0.9967282528855201 -1.1787241614078554 -1.3781959125522532 -1.5917558216695067 -1.8206952982647355 -2.0627134052364475 -2.312289520670258 -2.5777889604152264 -2.875316156392503 -3.2258183333558454 -3.639694809017821 -4.080896548634957 -4.4703742359196585 -4.748289587131306 -4.903198963931061 -4.942896930817554 -4.892643438122467 -4.780481561730575 -4.629496363383905 -4.456708973790464 -4.272315574525296 -4.072557033555787 -3.861362580233262 -3.6548621429622785 -3.4704086252396222 -3.309633635071559 -3.1723628732075535 -3.0573777682567047
-1.7239944087030084 -1.5585338661967407 -1.3935728222380375 -1.2308428918121495 -1.0727326847275198 -0.9235334793218812 -0.7794635228884288 -0.6264780032457766 -0.4987024941027087 -0.43962357006671393 -0.48175798216150767 -0.5928473284337965 -0.7494855007302528 -0.9394732942381339 -1.1560603267210323 -1.395077669221224 -1.6538169802440015 -1.9307121630511141 -2.2250125546369204 -2.5323081869491166 -2.8573816681398165 -3.2091518530108334 -3.5984256433378627 -4.03270383919139 -4.506253215181253 -4.979799654630775 -5.377276009101749 -5.619425543913739 -5.693595221443937 -5.631953983601639 -5.4829798524693585 -5.285726081227422 -5.065409550766519 -4.836177380770347 -4.593728858452893 -4.342703759333174 -4.089662790483787 -3.8409972374234664 -3.614634813018734 -3.414064802460447 -3.2370920983743434 -3.079892021878991
-1.6378076762766127 -1.4665050247111395 -1.2954232732334368 -1.12513114623464 -0.9561988900510854 -0.7900495166553951 -0.6267859302359007 -0.44820113614924173 -0.30389934852652534 -0.30251928180072607 -0.4260471308821421 -0.6055277218158182 -0.8201772366918632 -1.0628802433334186 -1.3302474078078927 -1.6203811583307157 -1.9323503740120123 -2.2653511137731277 -2.610373300349386 -2.9726768782129747 -3.3598408478639867 -3.7800520131028583 -4.24117044405842 -4.746581679259645 -5.289660740375464 -5.830932838290983 -6.280006758722399 -6.502596806751781 -6.469022841263042 -6.274533163671602 -6.00961809309928 -5.7212186089481225 -5.430895454858611 -5.13568038609934 -4.835472526762298 -4.536090167290389 -4.2418507348949674 -3.9559966287557016 -3.6888166131400046 -3.451304690956306 -3.2386731206967423 -3.042252851777183
-1.5698695102536577 -1.3968995348996376 -1.2251963605430474 -1.0543237927644635 -0.8834293822025692 -0.7117464065633854 -0.5385770185796366 -0.3383218538217907 -0.10721657105473215 -0.22788750392629087 -0.43147718293077153 -0.6639368708601663 -0.9230280333924563 -1.207297040161057 -1.5157133083668375 -1.847728763212569 -2.203417540080772 -2.5757269665324323 -2.9589873310544377 -3.3618301502906833 -3.7931606948993144 -4.260523078391815 -4.771726726233077 -5.331802867358081 -5.940005546389846 -6.572518630410022 -7.1419008195767955 -7.37240566022076 -7.158932807883184 -6.7975328181601515 -6.416029390734178 -6.045828506647691 -5.688136173966851 -5.332550195539226 -4.982713806972209 -4.641530039391219 -4.311259745410794 -3.993750215456241 -3.6910876507951573 -3.416876813355289 -3.1735428420094207 -2.945327562447842
-1.521392787059588 -1.3514643069154775 -1.1856266009837155 -1.022602426343095 -0.8610633817969671 -0.7007699669744536 -0.5439960369374202 -0.3905396803318544 -0.271257098295 -0.33715258974728446 -0.5332289699742292 -0.7803182012455387 -1.061641470458175 -1.3719460536904637 -1.7088726639651581 -2.07137214942765 -2.4567215810126717 -2.8528119151347275 -3.2611904882508735 -3.6888107832652173 -4.145347502688947 -4.637347396154224 -5.170966113143931 -5.751604692862966 -6.383566685086548 -7.064098072822755 -7.785182441945871 -8.11308633330126 -7.587362570738556 -7.097584337319765 -6.642442680849589 -6.219571656981623 -5.809875988660198 -5.410868219014201 -5.02413318021532 -4.650802350599184 -4.29168269523578 -3.947464463878432 -3.618922165396466 -3.309206910989724 -3.0316391694322338 -2.7839237125043983
-1.492207938958104 -1.3301978216932688 -1.1770433668593345 -1.0300299287779517 -0.8877778516200188 -0.7522245577749489 -0.6314906785512799 -0.5427206752623106 -0.49708155342180893 -0.5485046133355911 -0.7142882010871614 -0.9515012954290185 -1.2361367532889849 -1.5572598440084888 -1.9096043706810546 -2.29054424923428 -2.688974886422373 -3.0969216209813517 -3.5168782459306245 -3.9534783399417277 -4.415164922775218 -4.906202200525344 -5.429453611459799 -5.9861162362705675 -6.57476976663766 -7.176768336033716 -7.71691746165166 -7.8852147764584775 -7.555395567531271 -7.103489194627226 -6.653967649704951 -6.216119238243424 -5.7837363113632625 -5.362115406887682 -4.953902466087576 -4.560116855733357 -4.180860989632711 -3.8158701290049186 -3.464819790079749 -3.12713985883416 -2.8033555972326787 -2.504563348182486
-1.4808595667543794 -1.331934394279508 -1.1984090228201403 -1.0738003112504257 -0.957060618415646 -0.8525876566803681 -0.7691234857051898 -0.7221923790030895 -0.7212876803104531 -0.7786935374558412 -0.9300373390081824 -1.1546622003147782 -1.4338854829153806 -1.7556938045802246 -2.1129282523571806 -2.499377696081812 -2.8979186769696135 -3.3055063188315548 -3.723103058543804 -4.15289857757093 -4.601022092117853 -5.068747612377341 -5.554302617068396 -6.051794063185172 -6.548487782909765 -7.0065955444896595 -7.340536466602783 -7.4184283888647276 -7.220486287782922 -6.868115267484701 -6.4649438539595145 -6.040337424986796 -5.611260079627568 -5.186772844387565 -4.772647692167544 -4.370828532270758 -3.981151450051958 -3.6025638581149266 -3.233709183319363 -2.872775996088405 -2.518436522181805 -2.1965008938159056
-1.4849171926966704 -1.356670974994545 -1.2499479373394222 -1.151898404533925 -1.0629991430721204 -0.987990570430489 -0.9351165345309393 -0.9154213293359836 -0.9394556692815987 -1.0078590497981175 -1.1539112042099706 -1.368817534740947 -1.639620496289015 -1.9558244783635061 -2.3098681734610786 -2.689911496987162 -3.0790548676395737 -3.4755922907934593 -3.8787905597935852 -4.2884907747317556 -4.708187475392973 -5.136098274254546 -5.566140181168613 -5.986698654821023 -6.379114891399283 -6.7054284558928146 -6.906611645084915 -6.927982435238423 -6.77191802454446 -6.48731486650385 -6.1298907101448386 -5.727362831942376 -5.309686193647666 -4.893834763350013 -4.487026681270727 -4.089259430345556 -3.6993055561324564 -3.3153236961072983 -2.935315253606479 -2.557317512120173 -2.194692451943225 -1.8689313218576784
-1.501376369854312 -1.4152964350672923 -1.337316386433072 -1.2638664406543474 -1.1990345574537533 -1.148357995116749 -1.1187429167816028 -1.1177614534437188 -1.1517621883176632 -1.2286618062170007 -1.3726753028840977 -1.579868897819135 -1.8410912147785472 -2.1477289373190893 -2.49252612447267 -2.8573765584055195 -3.229497024307284 -3.606361165010232 -3.9856551911144207 -4.3652186341223675 -4.746231930398702 -5.124392270243515 -5.490756527107447 -5.831052828803333 -6.126201721838627 -6.346398571217615 -6.454153041815008 -6.428760205887502 -6.278009698826846 -6.026618115766691 -5.696737456822177 -5.315113476562192 -4.913550544273049 -4.511534394013035 -4.117001165085849 -3.730047227772123 -3.3474056487851658 -2.965404582961427 -2.5811285396888337 -2.1988516229097717 -1.8433193667846441 -1.5212816700844343
-1.6289284635301498 -1.5336302719267194 -1.464701261403877 -1.406407060855278 -1.3591699710514884 -1.3267521061750525 -1.3140366012791524 -1.3259622403285267 -1.3662381516409332 -1.438359450984369 -1.57899385482301 -1.7788877253937767 -2.0295264364220786 -2.323768059443126 -2.65391548832657 -2.9983974363809964 -3.347803595215817 -3.698591204509149 -4.047161232767957 -4.389890184046205 -4.726304588094424 -5.050355334396265 -5.351808230093916 -5.616258467615658 -5.826259406883231 -5.960759173986379 -5.9960905236191495 -5.929657418735859 -5.7665861256494235 -5.522216915143419 -5.20137506838124 -4.831298995758027 -4.444993101626467 -4.06333648171194 -3.691490465073723 -3.3247423239313467 -2.9564660847005424 -2.5817622918508705 -2.200347783845351 -1.8339023993363253 -1.491114771798529 -1.1775920465138057
-1.7809623815551334 -1.6887435336077814 -1.6219375437056756 -1.5720790375920042 -1.5367786885101447 -1.5173541210446413 -1.5165667112958772 -1.5373087324196975 -1.5815789429127263 -1.6496684354442284 -1.7690104300139675 -1.9601045076048176 -2.1989302475095354 -2.478494708692751 -2.790011209055515 -3.1108996501598694 -3.43366713653176 -3.754056721135419 -4.0675570340894645 -4.369728803022417 -4.659121511746306 -4.928660648280015 -5.167979365448321 -5.363807825972973 -5.50082503246194 -5.564503626304084 -5.542277120611763 -5.438621149441417 -5.255234292253327 -4.999917156925781 -4.671336725266682 -4.298826315117023 -3.922305835403063 -3.567179706144883 -3.2297419635881455 -2.893974944299035 -2.548307937074703 -2.1887549967886515 -1.8329476427688725 -1.4899121618097246 -1.164546682927206 -0.8630200281909932
-1.9362649483605576 -1.8544759970966727 -1.7937730238429597 -1.7510780732957931 -1.7246332137172788 -1.71460473195116 -1.7222460644500275 -1.748980363513931 -1.7956393682724663 -1.8619121289961305 -1.956942491169843 -2.120788938037537 -2.345264582484771 -2.6082201291748954 -2.8985636241340487 -3.1938352256708082 -3.4875366621801436 -3.774981835633287 -4.051122108271259 -4.311407919916062 -4.553860475366065 -4.7709588965460465 -4.95289615303785 -5.087973297030704 -5.163089541973654 -5.167465871951519 -5.100673945371147 -4.964580040128061 -4.758882512957707 -4.484275628085078 -4.133662810835583 -3.7391107132276318 -3.3604872493960025 -3.0437163760266825 -2.756591671432488 -2.460793005113966 -2.1442312927959772 -1.8210973345361965 -1.49904388863865 -1.1832801561017803 -0.8795316556236012 -0.5941167769643654
-2.0911334576587848 -2.021652512599795 -1.969743519974562 -1.934747188971347 -1.9159347235814048 -1.9132307756832911 -1.9270760375128158 -1.957962704588901 -2.005950008588988 -2.0702953608969095 -2.1500610787578 -2.2787116331787542 -2.468945575086656 -2.7105418519940194 -2.9782575735901817 -3.24684575290052 -3.51025006145744 -3.763605136552695 -4.001662008031069 -4.220522329174721 -4.417744120936672 -4.5858494903325 -4.71594839763338 -4.79797625983845 -4.82115319628437 -4.77867782641527 -4.678120229172745 -4.5163980891124895 -4.292422437534007 -4.000840668949246 -3.6265134854313374 -3.1879976661679432 -2.771645057547114 -2.530903061538311 -2.30893086203101 -2.056425066888958 -1.7852939552398013 -1.5025939391096408 -1.2150064636651683 -0.9290160069912465 -0.6508999516895817 -0.38689623895787406
-2.242138839524634 -2.185322544045109 -2.1433417944384296 -2.116565366286315 -2.1049455721414576 -2.1084683753884956 -2.127208506958554 -2.1611319793727493 -2.209821292748764 -2.2722415891918955 -2.346615724306642 -2.4421653890960693 -2.5927094037018414 -2.792868006060009 -3.0284874590365667 -3.269946540440076 -3.5027261460127113 -3.721869700390145 -3.922219925178278 -4.101371442528822 -4.256015727907039 -4.3792158278057425 -4.463155813281343 -4.499330291514177 -4.479104299812814 -4.404702333432517 -4.279363096604612 -4.100579363358488 -3.867460098472608 -3.572689251517052 -3.1983104360239167 -2.754623020758371 -2.315907272541303 -2.1284727546652604 -1.942920753200982 -1.7302707460044908 -1.4964120461681472 -1.2486398857717103 -0.9940301286441344 -0.7392764657245103 -0.490748974724327 -0.2545996104035906
-2.386113431198531 -2.3417585443518742 -2.310003001313356 -2.2916385818607976 -2.286986291257222 -2.296137790236119 -2.3190273351763677 -2.355354324331843 -2.404434533986495 -2.4650551472140076 -2.535386564591451 -2.613119132530538 -2.723373351368208 -2.8803210535118406 -3.0706467830293387 -3.268910266303949 -3.465804855648185 -3.6512234259321463 -3.8152469791798755 -3.95692748151257 -4.072093821459469 -4.154639733968581 -4.1978652927876094 -4.19470467323375 -4.143039531301652 -4.047683349646888 -3.9060752888014765 -3.718929836510526 -3.487081310255732 -3.205979581432443 -2.862451688585952 -2.482819964119799 -2.1405112313830768 -1.8967573543349867 -1.69788686924562 -1.4983031610079 -1.2880195451804164 -1.0685719770045843 -0.8447185571671203 -0.6221876950026215 -0.4070307679317482 -0.20547811102780988
-2.5201227478877 -2.4877836175847827 -2.4661237334415325 -2.456089816367612 -2.4581825117826854 -2.47257640124245 -2.4991684401334426 -2.5375454586468766 -2.586900166154095 -2.645935638733088 -2.712793265265103 -2.7850320114651135 -2.8633891581511235 -2.9770677721127017 -3.1227468472666837 -3.274886719377466 -3.4235835692121412 -3.5619417952045036 -3.6845902426756876 -3.788930404311256 -3.867789619614511 -3.913798965029458 -3.921304997978192 -3.8867588156046864 -3.8157436415808874 -3.7063714924422575 -3.5567194188623406 -3.368148279952759 -3.145021175198534 -2.8894563583860946 -2.593059627830968 -2.2818678804498687 -1.994698369259051 -1.7547100873653763 -1.548329364715951 -1.3539887289124724 -1.1603804934595545 -0.9652024747268477 -0.7707443451910212 -0.5814714037004425 -0.4030072457470921 -0.24183180522324355
