_RESULTS/CROSS_VALIDATION_POSTPROCESSED_80-20/MHZ/TZ/7comp/5/MHZ_TZ_z_180_kriged_reverse_7comp_spherical_5.asc
ncols 100
nrows 81
xllcorner 5.5967107548124995
yllcorner 50.982328804812504
cellsize 0.00017565037499993607
nodata_value 1.7014100000000001E+038
[rows 38 to 56 of 81, columns 0 to 43 of 100]
31.400219885929516 31.22691593423089 31.049872071289293 30.829463047459388 30.569250504482564 30.27705935749678 29.957751347332824 29.60831261813979 29.246557299486646 28.890073468127763 28.548548971956855 28.222429725913507 27.905215684091083 27.588531496611473 27.2692210326271 26.96586637954454 26.69745124467604 26.504128191043463 26.465942788196067 26.6567740638748 27.044166997174994 27.523269102609564 28.02264309352218 28.50786376763545 28.962748139388655 29.379483552879904 29.759109330161888 30.115276867231966 30.446877114941824 30.749681278398615 31.020126304868022 31.253875416772043 31.451692475064675 31.62687817420999 31.77537983530368 31.88952424456034 31.97320183897289 32.06209983948 32.15352044041995 32.242191749421785 32.323965120935945 32.3959947399001 32.45662957067918 32.50361873499948
31.19524142733363 31.010749639813646 30.828079270902258 30.604365202519812 30.338391852934098 30.034122788873603 29.682848717031508 29.30080608327626 28.91417944685417 28.549654322797647 28.223663036391965 27.934410308593165 27.669003184806503 27.414501488013986 27.164839907475514 26.928775635253277 26.742130256313008 26.642466573453117 26.66407273941352 26.83568988905386 27.14331183141277 27.536898885262733 27.966825116786147 28.39920629620572 28.81396277903751 29.19996508717242 29.553093754501614 29.886515323728226 30.201877817120316 30.497476343875363 30.768244455510413 31.007967122787733 31.21300151191176 31.388521204728963 31.54103054521628 31.66013489640438 31.754033253036816 31.852664136491615 31.95031468466129 32.04183515725705 32.124049600069554 32.19583046419714 32.257747641220476 32.345967197602356
30.960247289810393 30.76615180133072 30.580097071950153 30.359622034079052 30.093845248175132 29.768465790280512 29.385176478766343 28.966949954945083 28.550680732479382 28.18111761736843 27.88501873284137 27.652859336842116 27.4567236344401 27.27552715894268 27.10214511720522 26.94174410218749 26.824198523251003 26.78427361705508 26.83527344597711 26.993122641804284 27.250320978799248 27.587092359587416 27.966840194672443 28.355024457678656 28.72815929466909 29.07274319094521 29.38344148704192 29.674031402718725 29.95436112426112 30.22747930349728 30.486528628675142 30.7263556697095 30.940481890054787 31.120253354298562 31.272840585139573 31.39242381524227 31.495973378016544 31.601110338084936 31.700409852159762 31.789046198508903 31.865253378227255 31.9302924815837 32.03094322210529 32.235625267184865
30.699001144018823 30.4981602551102 30.31060885276613 30.102510833972403 29.838227397702422 29.497204074607964 29.086697781961185 28.627145477823866 28.165126334444295 27.783337812926227 27.53965297387208 27.393094679635887 27.281533194019623 27.1766792967721 27.073899740755465 26.984718778769395 26.927859117119272 26.92045587028057 27.003328332706356 27.194585936426442 27.473236061844474 27.808731420098333 28.16823251521895 28.523351675519493 28.853599932265396 29.146945610910656 29.3986769532143 29.61951872840139 29.823193009864834 30.017210392376132 30.21121401687407 30.41532066294701 30.629778020136527 30.821104516950488 30.97376331408294 31.094028936931085 31.20786828650768 31.31741028545535 31.414349249174773 31.494308495955476 31.55733843148377 31.64308804099864 31.85255380255569 32.182077149289576
30.414310144679135 30.210675429730905 30.02494343598586 29.837987421419488 29.581843558241356 29.242326532168615 28.820027762278748 28.32346595539597 27.787574402789993 27.357213334845394 27.216201575855703 27.190371834232536 27.167157312332684 27.129504626724692 27.087853627238122 27.057583922742307 27.067215132165888 27.152297032214946 27.327413262404782 27.580379649921348 27.890346210880047 28.230803081958435 28.574202454683434 28.896587286968156 29.180220573803094 29.414931193056226 29.597636780585734 29.73903563871696 29.856109907743704 29.960463754136118 30.06736058695209 30.18857039777203 30.329799229093684 30.490101633254124 30.648261700295826 30.775762090585108 30.901714677496493 31.015187599368097 31.106779612192852 31.172578296197894 31.23023434735635 31.406612519382737 31.727991858513484 32.184382712029155
30.107562276729784 29.905668898278286 29.73008767453626 29.56420042731392 29.335957797141216 29.023903829105365 28.62280449070044 28.130592430089223 27.54920142147515 26.92385906848638 27.042690512351736 27.113167233783685 27.146162748568415 27.155125900851075 27.158092228861275 27.23288981817737 27.37624318648019 27.56880780500573 27.822876426347058 28.130863545666518 28.471318448716847 28.818751053773582 29.14768377879054 29.436644707670258 29.670648529477873 29.841961659445676 29.94973696491009 30.005226972614935 30.027113610095167 30.034561744435784 30.048667008216707 30.084211205233768 30.147075481345958 30.231841270202725 30.325368609502572 30.451665084474055 30.59263109455233 30.711017876929414 30.795631333849126 30.84292577334385 30.957773950100393 31.2277068171775 31.65533389930777 32.23260848350666
29.778441918694842 29.582572894863674 29.42674962484465 29.282754140192008 29.104968030489882 28.85051785557832 28.513177928392647 28.09762483211963 27.636423931798053 27.27208323934136 27.188138521901745 27.216190437121153 27.246912093734593 27.27707724857295 27.394365319208525 27.599185285269602 27.852498872138177 28.13699186504251 28.45486059091658 28.809215351563182 29.17735851584996 29.53244516219535 29.84862280836154 30.105425355924638 30.289816318807883 30.396271308449087 30.425996352771 30.39090927596432 30.31065237207008 30.214376808527394 30.129197246426788 30.07742674604198 30.06801070456216 30.08844532165063 30.119689266596662 30.17944838200439 30.297062610618998 30.42084441350166 30.496111221614232 30.5538106309444 30.74612318294359 31.099646358711546 31.620325815504852 32.3061205732481
29.428856819631427 29.240198660596377 29.111598684741335 29.003096825059572 28.88673759571431 28.71651786344585 28.475296307105523 28.176582803922223 27.863206915311277 27.615791061072194 27.492834770696568 27.45754432614474 27.466327250513256 27.59086635603237 27.821190166148487 28.126449777344163 28.463435177421697 28.81745819586758 29.1843119397548 29.575895789660496 29.969689925461036 30.334251334397937 30.640554344045373 30.86787660618169 31.00484924451134 31.04805491690167 31.00031279299531 30.87306882890927 30.686478356489616 30.478108354522167 30.282386637800656 30.138747195750415 30.068627843606265 30.04709950483861 30.049864177184354 30.058180525828327 30.08591822653913 30.16348313704385 30.22805595920322 30.33900700351677 30.600739548594742 31.02399710599925 31.61779704048148 32.388291517727694
29.071270369168612 28.888861110208293 28.796490261902758 28.743517518492425 28.69549752935945 28.62407606155721 28.49302578291388 28.31234605099918 28.11498603408276 27.944797350344636 27.83029112442324 27.77219066837121 27.855526791840163 28.076848870355555 28.398171613644223 28.778480235905512 29.172521314889465 29.568979496696805 29.96736293377965 30.388166486184844 30.80929396413733 31.188231223943063 31.48933124150122 31.691485576593337 31.785744362861738 31.77116511743637 31.65183196131556 31.436449080837892 31.14491075628808 30.816655535946737 30.48940764633508 30.23621711520438 30.12536453841157 30.113229229880094 30.119936790654595 30.093831043041014 30.04074586754855 30.004237162848774 30.03365405059774 30.20913510596415 30.532755085706654 31.011861705372823 31.653966543843914 32.45069239233968
28.70725318084923 28.52620872676918 28.487678788578748 28.51634062818733 28.55392283251196 28.570138888057233 28.54751006018746 28.472592824712972 28.368319830832444 28.261818968626212 28.171543291752727 28.189936468992776 28.37459980893463 28.68563187422853 29.08374671818298 29.520122903515556 29.946312959646775 30.353596529317876 30.758243965542242 31.203703411807183 31.662322933441878 32.06450081723807 32.365699347873836 32.547617612507764 32.60604239079895 32.54337036486359 32.36466784907774 32.07413358521081 31.69132703460239 31.24920774544016 30.766916333715216 30.34074210666795 30.24168179244693 30.315572088500947 30.344875237907047 30.289070750242814 30.16153811402719 30.016850406461703 29.95860487068816 30.173814888198564 30.556043209738593 31.085127452729562 31.755855133813004 32.51376456823644
28.346324315076032 28.147081436097498 28.2013347193302 28.345806502109987 28.48010409064297 28.57581137676151 28.631975657385482 28.647584217815968 28.620613277907008 28.570111022789067 28.548576033014772 28.688640572134133 28.975807484237375 29.37321067606668 29.840649639840045 30.323480878732568 30.765405685186835 31.149774367466964 31.514376463587247 31.990054599254307 32.51204568171776 32.944584315747186 33.246575654779505 33.41126404819686 33.44183968858416 33.34448029678613 33.12419807008314 32.78158806229833 32.33878818934702 31.82660671986351 31.24312674934999 30.597469211451283 30.594241556791214 30.72863912117968 30.74512199300497 30.640930928593402 30.435802732501514 30.189514552534046 30.061067081401987 30.236827299338714 30.67995959867065 31.267892416735886 31.968852675985897 32.69745996357494
28.05550741569721 27.754596270800747 28.013939609426835 28.288338275918136 28.50390143936895 28.660926600291216 28.768077857882417 28.83713331866209 28.873181561699518 28.87497687094794 28.976151783068747 29.23316997560686 29.62012818319611 30.10126892477805 30.6358951073406 31.16750397911835 31.631462506117238 31.99226672673847 32.22990994717875 32.779992197587084 33.377862835846095 33.82116798613725 34.11205086463569 34.258366896292195 34.2691798302984 34.15292423752187 33.911170645927704 33.545018347491656 33.08211263448066 32.56667701153242 32.02662676610668 31.575596962511103 31.401436514431808 31.37230250101038 31.29135572067248 31.10208143532574 30.80771994898836 30.467110868448216 30.278119139509833 30.396810329513325 30.866386120167604 31.536055858541445 32.30579624753194 33.12808643987374
28.1370938644581 27.869995325026046 28.122082784687567 28.41255372002126 28.651962858078377 28.836203272366745 28.971227001849325 29.06581968753283 29.129276082436462 29.206308549297177 29.42854513404342 29.79311346937899 30.273541632520047 30.834547941049006 31.436108929970015 32.025750248445675 32.539272477316125 32.9515737425092 33.294737540565166 33.76943866951062 34.283099748336326 34.67929846435553 34.937205849540234 35.06160990182007 35.06096204624001 34.9413462683494 34.69744102607289 34.333952772783086 33.88096153935667 33.40211506190189 32.94095016959658 32.5603793618381 32.30722073952954 32.12720105921882 31.92006392989824 31.62577462224799 31.236073452631675 30.809817515805353 30.557251756392574 30.61625817562554 31.05475298357988 31.804407531711014 32.658560247300336 33.601225282383396
28.55916571467723 28.408336452984024 28.509525738815732 28.713455332281494 28.920965026055235 29.09873637343962 29.239195134358393 29.343825145473662 29.41719321385271 29.56492409154732 29.881303460459247 30.340691148213732 30.905056032082324 31.539176219150143 32.204433355485115 32.85566080253758 33.43283374540874 33.920684688489025 34.34071916949164 34.75792525816897 35.15788265717031 35.476300670666646 35.686740636710994 35.78793753707304 35.78507089414955 35.67437539118343 35.44629818301056 35.107721497435264 34.693344152876534 34.270026742884724 33.86495905918085 33.50417994270411 33.19463420209201 32.90305244858009 32.574796916692335 32.16905492939066 31.682863065225597 31.174400336067475 30.851983378927105 30.849684033195985 31.24099034365128 32.02496874395034 32.9412858678854 33.94769221463667
29.03782266039712 28.932106638100684 28.98166226118974 29.1159031813864 29.27692140291567 29.430532472022207 29.561371955597345 29.66449691403108 29.749642108487063 29.962234534821132 30.33988884334003 30.859169954677867 31.487185271307062 32.18371452639466 32.90418058416478 33.60897003765468 34.240097134517264 34.77488952769352 35.21326246613861 35.592318352910354 35.91507765394423 36.160924697072296 36.32123627456805 36.400326813018715 36.40256967438567 36.32352957904826 36.158389158155856 35.89846478561922 35.55261982222091 35.18329546373331 34.81277756716972 34.44827756217201 34.084185158316174 33.696774332195126 33.25389949550013 32.73369960897126 32.14326906124795 31.538856620757898 31.131987398460442 31.061133932194444 31.399623821826566 32.16754345487705 33.114552437257565 34.14042562561753
29.510601848999755 29.431292618530243 29.461869857937117 29.556584786295176 29.679822268958926 29.806705539520117 29.921658821884428 30.01680758972799 30.120115358072585 30.38049595745047 30.80372940336912 31.364368599259347 32.028821365027135 32.75821579656861 33.51178023809389 34.25025143757237 34.917274177928164 35.473828820178866 35.909285561832334 36.256064026026706 36.52027525109061 36.70200422000884 36.81117539865959 36.87851820251275 36.92126530041634 36.9257594436858 36.86389748078935 36.70482411987298 36.43887884005273 36.11499229150828 35.76240971071496 35.37956261484564 34.95751756621436 34.479434762701075 33.93079628843437 33.301134150357974 32.60763225451019 31.90351185934512 31.3968732984087 31.23689075847559 31.502253933005953 32.2175385482456 33.16899613857412 34.187517950033424
29.962227817620775 29.90192862114689 29.92517731996953 30.000439350238793 30.098670054596433 30.203577999429417 30.302547201735873 30.387541136060953 30.50850698132301 30.800909517595553 31.254437688010313 31.841984736874696 32.529244587197766 33.27723396830301 34.04515106615272 34.793171483948946 35.47419275751061 36.03295500498607 36.45770847449633 36.77685741019346 36.99321837089419 37.11639488394264 37.19123738128472 37.25181331573618 37.331686308889886 37.444491061782216 37.52353217463141 37.492908316928364 37.32330329490519 37.04064779957288 36.69439793513824 36.28228169898917 35.79656408663885 35.23122321076587 34.58317276723026 33.844199444762545 33.04903534933435 32.24507104514318 31.629414880701027 31.371098042873168 31.54933572424199 32.184421569639355 33.10773158608497 34.10301514604125
30.386012637226724 30.34093291667447 30.360437312398314 30.42817446128013 30.51223576853779 30.601843222291542 30.68778218238356 30.76319470396282 30.896517916898276 31.20663054476517 31.67610951199937 32.276672934795236 32.973483324560796 33.72739861876232 34.497402600625385 35.24280313435949 35.92269039519905 36.47646036360499 36.89465545393811 37.19305968804695 37.37396576843106 37.473342320456865 37.50452251580488 37.496365032035115 37.56948718606762 37.8290192862727 38.11302353725392 38.243744874559546 38.18109886842413 37.94311765161281 37.59232739043189 37.1405415910962 36.586197529429256 35.93731466782072 35.18593640838211 34.338449454272705 33.44207072050026 32.542949959973164 31.810292297854776 31.446140555825746 31.53019618084361 32.08288546384573 32.95175986870035 33.900327450586
30.777601524891324 30.74550166206555 30.763975729270115 30.827652542092775 30.90577500391065 30.98641834955756 31.063278654373498 31.13106581780327 31.26847302268949 31.583336219670976 32.05559877894179 32.656351152031874 33.35056556581771 34.09915411658061 34.861095091122024 35.59524967246806 36.26134245956337 36.81229253387394 37.235144973741136 37.531331912533226 37.73003856903541 37.82725990155994 37.80709601230844 37.68522544608264 37.57833338063424 38.09399785485524 38.66783926160708 38.9664605736467 39.00259579863309 38.809964434351144 38.44083212829568 37.93763061744508 37.314862901754424 36.574479027597185 35.71325704581852 34.758916984478525 33.76182090816199 32.773959740285036 31.923726573073445 31.44843223938351 31.43404139875275 31.905205236886324 32.71379306444998 33.604478698146316
