_RESULTS/POSTPROCESSED/MHZ/IZ/9comp/MHZ_IZ_z_63_kriged_reverse_9comp_spherical.asc
ncols 100
nrows 81
xllcorner 5.5967107548124995
yllcorner 50.982328804812504
cellsize 0.00017565037499993607
nodata_value 1.7014100000000001E+038
[rows 0 to 18 of 81, columns 42 to 83 of 100]
0.09657247203133193 0.09956126797395862 0.10409471120415462 0.11003536414442452 0.11722673174143483 0.12575422583661436 0.13660174669829392 0.14982358429329076 0.16529659140505684 0.18278309440564938 0.20189418658164535 0.22207591837929497 0.24262721875989812 0.26275020892186335 0.28172530445805555 0.29965951405349095 0.31630262784462543 0.33128512844072283 0.3440875839585537 0.35365462974985934 0.357687130649932 0.35216673919689634 0.33409809802465673 0.3068709751030528 0.2774360775448792 0.25040803740456163 0.22767000909538712 0.2087775171400619 0.19173882584839907 0.17658415638516425 0.16329981222576376 0.1518111919805637 0.14201975576486456 0.13382369640719408 0.12713028043433422 0.12186385094275798 0.11797169348777105 0.1154291347803987 0.11424487028850146 0.11415889335860979 0.11415889335860979 0.11415889335860979
0.09475029768240781 0.09918753718715922 0.10532354561241165 0.11303381658053023 0.1222396648219695 0.13320062629941476 0.14697861593508904 0.16364601466670045 0.18310738083169484 0.20508927913075187 0.2290842876257521 0.25433186806311814 0.2798557088234214 0.30456184609009046 0.32737663806416845 0.3481944191661626 0.3673420499887634 0.38456562263325367 0.39969243787436476 0.4122640587583981 0.42033473547235 0.41664352584687 0.3887729186053291 0.3453152999800193 0.3028827394721978 0.26672581616174046 0.23756693880284835 0.21496201442199728 0.19640725297918682 0.1801431988753216 0.16602804577354527 0.1539047638453927 0.1436197609200401 0.1350331981617219 0.1280252544006416 0.1225004182437688 0.11827986861206201 0.11526079594018449 0.1135712240164522 0.1131270428475659 0.11294805020064423 0.1129235078657232
0.09306258378588585 0.09899081543173903 0.10690109033850234 0.11671948194874507 0.1283260525944195 0.1420571805699292 0.15919124647435504 0.17989416114236081 0.20411162189258297 0.23151855745223546 0.26142555083560315 0.2927437488983045 0.32417413520601046 0.3546950052768144 0.38274411128523583 0.40729683525260313 0.4287729205008166 0.4471972670794375 0.46292020633334746 0.4765623437530864 0.48871534840710923 0.4972053866706892 0.4514194997136084 0.38198810282545276 0.3249554515670667 0.27985084479658195 0.24502561826123753 0.2185765569765334 0.19865855259748105 0.18184411975334236 0.16732387775668237 0.15489496629554678 0.1443744930366906 0.1355815274042778 0.12796919344420246 0.12149503458923616 0.11630842347907654 0.11252238528591059 0.11023559715093313 0.1093809271032046 0.108997193591586 0.1089457836031606
0.09139658799259433 0.09884193345837473 0.10860726875401143 0.12069362534387482 0.13507712656763105 0.15217039282285888 0.17325069188740513 0.19868671488475878 0.22857775538945185 0.262525759040535 0.29966779677323907 0.33933242817969117 0.3796190298111655 0.41803440174668777 0.45207397057176557 0.47989428403098233 0.5019240523971309 0.5185780398401235 0.5304602512460393 0.5383278170642772 0.5422075486279655 0.5355801565467072 0.48207603296374124 0.4061713800540568 0.3414068248597774 0.28988271670581034 0.2500151996726452 0.21998399339279995 0.1982257641966051 0.18150901185758883 0.16706899690666913 0.15470041737131499 0.14375191422414824 0.13375348446035626 0.12496132098477249 0.11754607293950636 0.11161743141127986 0.10725090719133121 0.10451252681232025 0.10331251568930179 0.10273595480343493 0.10265929888085108
0.08968285037286358 0.0986843844510167 0.11041271155394858 0.12497231768611385 0.14245487620340552 0.1633255756712482 0.18915549608881888 0.22031743293741088 0.256978302983506 0.29943933507735043 0.34753347271444196 0.39908465348149175 0.4507177949693776 0.4983887122990897 0.5383069624865493 0.5678428249814194 0.587355080345733 0.5977553842592795 0.5997823338998758 0.5936814474455306 0.5775300448589179 0.5443767823480905 0.4868308288332997 0.4165967639749143 0.35104856361069325 0.2965331889897 0.2534586752624617 0.2205628435131779 0.19636204837496338 0.17919076632491315 0.1652222204232805 0.1521260908678979 0.13987344944999514 0.12882254381209124 0.11920213141763997 0.111145477524291 0.1047237961686599 0.09997686432297788 0.09694006460271073 0.0954682825545917 0.09472035042719092 0.09462131556051925
0.08799161392373557 0.09867426428723784 0.11245783292658455 0.1295950865469147 0.15036940408550376 0.17530903432252687 0.20634354293125917 0.2442574662384572 0.2901564967159006 0.34497716939779355 0.4077661567535117 0.47520670952051014 0.5417710699069166 0.6007086482981397 0.6460294561467577 0.6742365970662694 0.686131382705238 0.6844622428929092 0.6707843017367844 0.6455830380798863 0.608068325435313 0.5564025872794246 0.4916796158061204 0.4217495579039087 0.3562087371172925 0.3003413729963212 0.25535320825878355 0.22051357525406087 0.1945219698248742 0.17594300876646257 0.16036140304000782 0.14617690497380612 0.13310667955770736 0.12142458694457078 0.11133239058398305 0.10293017262961557 0.0962552973591188 0.09131646707405736 0.0881227230079979 0.08644036930885199 0.08554883466481208 0.08543110480188974
0.08663093241879898 0.09898848757743575 0.1147652024714275 0.1344451641052424 0.1585644107459261 0.1877519773225532 0.22425642037075386 0.27059786987554435 0.32897609270978706 0.3997847281416534 0.48200699505289285 0.5711098226088261 0.6579164582550473 0.7307600233513077 0.7800875033767528 0.8021325297977173 0.7998619532113609 0.7792294028685881 0.7441163649969723 0.6970856825427131 0.6391512816627912 0.57187241479818 0.49884877654847637 0.42601392853835984 0.35931782041860955 0.3023353319976759 0.25605333883833864 0.2198842175560436 0.19247858959773706 0.17091930497148372 0.15334150458460016 0.137750966862107 0.12424910123954738 0.1123211794244864 0.102076961834763 0.09358900034473104 0.08686702120599137 0.08189472262382037 0.07866024367011407 0.07680431302409615 0.07579980362174185 0.07566742347101983
0.08608010015371158 0.09983918436516381 0.11735641646074824 0.13936779825014142 0.16668144290579529 0.20012035603562253 0.24281622642009842 0.299201049148964 0.37197558455635454 0.46285509830721405 0.5707498885090624 0.6899467133986521 0.8054132309911782 0.8958031684374335 0.945451579110667 0.9529196764742471 0.9276209791410114 0.8809891589967964 0.8198590166310632 0.7487759839659587 0.6710443379872459 0.5893718398534212 0.5076391004215446 0.4304222295804624 0.3615818451558957 0.3032794858556136 0.25593223486765193 0.2187754617847416 0.18871739642806776 0.16439961170189193 0.14511096337228307 0.128371210397636 0.11416997575859342 0.10228999021083349 0.09215025978549332 0.08378055490523682 0.07716935604290528 0.0722816673611431 0.06908214053128278 0.06707131777163655 0.0659892458866884 0.06603230359781333
0.08674622645679228 0.10132924288272022 0.12016393661656034 0.14412148260068974 0.17424168319689773 0.2120243534386067 0.26157790037172807 0.3282205887903826 0.416431905412027 0.5303087201541147 0.6711059684133067 0.8323779585226512 0.9911160963808264 1.1045017324869895 1.1448823044731704 1.1231772860566736 1.0637953604867318 0.9848256518787717 0.8949727581756303 0.7994992955974398 0.7023560616165335 0.6071412385483528 0.5168752076476963 0.43478190012874374 0.36331125493053357 0.3035255967699728 0.2552229325124036 0.21607445853554733 0.18329262104785732 0.1569115516021906 0.13627946364919072 0.11878462950018444 0.1040337168212786 0.0920359631145919 0.0821832587780626 0.07407271525827665 0.06767736470724431 0.06294935737109791 0.059779014123274875 0.0576660756711702 0.05672952977417738 0.05718993078773301
0.0880908918887364 0.1031728790370286 0.12294862387685099 0.1483567006823367 0.18071107554889776 0.22303331832012066 0.2790083485800632 0.3549750655544987 0.45773613600291485 0.5946133088895271 0.7720563792485884 0.9893743246972292 1.2192033802199138 1.3654791369995711 1.3698539507842378 1.2968974853083939 1.194533201409034 1.0812724303343098 0.9636804075778266 0.8458384264682614 0.7313008879905529 0.6234722664535111 0.5249052410820141 0.4376462213291006 0.3633807073559553 0.30232835249838874 0.25314567054372883 0.21146168774950846 0.17675698111958854 0.14894704120616026 0.1273818056180733 0.1094472397708594 0.09443376483616538 0.08226864843386747 0.07268030300700949 0.06490934894103517 0.058785027998232556 0.054251696459816215 0.05113832413245328 0.04959206626640947 0.049588351031236794 0.05099934698892934
0.08811069077659528 0.10356124225272337 0.12419422231460449 0.15102220666776633 0.18581364543219575 0.23202174024691924 0.29344709535092295 0.3763778559805575 0.489991422453542 0.644285975688451 0.8511485176125683 1.1227254118009768 1.4628912955241566 1.6696122286481527 1.5683444718905264 1.4353743200269984 1.296861804107288 1.1574479374502302 1.0186343933184827 0.8798113107694085 0.7462809608496993 0.6238783922405184 0.5164451303295878 0.42548066919908645 0.3505377446034083 0.29052632814202123 0.24149743776302066 0.20011181017051766 0.16632155325576134 0.1394395189195829 0.11843961237104497 0.10071397757697852 0.08565395717198057 0.07350313062869543 0.06400778576532647 0.05660291096197617 0.05078106692879325 0.046925835250955526 0.04476081426500836 0.04414630978607541 0.044978288668160914 0.0472327258744581
0.08620764710243708 0.1016588469197451 0.1224958683966869 0.14992702764093876 0.1868264846330674 0.2366044274106519 0.3027794855071638 0.38986015140056757 0.508089667268255 0.6683955150357807 0.8825525323299644 1.1610618268091355 1.4954867682427595 1.6958794703855755 1.6193399960461436 1.4887554754646584 1.346528559914198 1.191984072774134 1.0312574443026823 0.8735744701818199 0.726772689804946 0.596600309420317 0.486110401802229 0.39573114445981117 0.3236195779926975 0.2669807401255394 0.21992247462345338 0.1811435557694181 0.1500651183165453 0.12568645482724672 0.1068430797280411 0.09103889097145136 0.07742280685132064 0.06587162280540244 0.056490149370280233 0.04951125320945907 0.04483939315490667 0.04192385693816069 0.04044247377602241 0.0403882071045214 0.04182383221192722 0.04487320412658775
0.08248109503714823 0.09755999938978857 0.1179846697360376 0.14530183276649422 0.18287858726674167 0.2340328950830623 0.3026003465461937 0.3927834559987438 0.5098537544000125 0.6634260934926641 0.8612757677352009 1.1004241448746475 1.3453460696575976 1.5040386149028993 1.521063201491697 1.4428317587804922 1.3111022254269245 1.1538793299684684 0.9878663027286025 0.8253701337091768 0.67595060443759 0.546016199330428 0.43835106137884067 0.3526126220547113 0.2863256932359512 0.2345969901421066 0.19190495985957523 0.1575273864885746 0.13045727119116224 0.10950427373540009 0.0934342190512521 0.0799323868612869 0.06830652775560686 0.05841502234786155 0.0503346773653088 0.044301904911549776 0.04007895202881282 0.037298043507319634 0.03595958732527036 0.036092987356219325 0.03785928646117055 0.041528711971331865
0.07728776354541361 0.09164659664537834 0.1111197405820433 0.13763652601881565 0.17447631897927565 0.2248034110128041 0.2923646637623203 0.38114784308788763 0.49446226795718434 0.6355354855335205 0.8059245810589964 0.9991048015389871 1.1856544628673575 1.319824040799134 1.3601612774592537 1.3087297166042136 1.1990107895979472 1.05695930066519 0.9010518554033226 0.7455907291547379 0.6022372753590579 0.47898356529278163 0.3790218615910143 0.30144558122574266 0.24309661409987732 0.1976998418001404 0.16104082189445743 0.13216406015567908 0.10980666362628388 0.09272570333197036 0.07967403761810724 0.06861155726839713 0.05900354376695585 0.05044174881964777 0.04384359812070005 0.0389120914423648 0.035061045481268385 0.032394090886512315 0.03109607072713017 0.031247312804045878 0.033121573372068655 0.037178337768361915
0.07111946718763576 0.08447276216248577 0.10258355554530578 0.12765665566656018 0.16252677211147126 0.21019131987820341 0.27411299524356136 0.3577216627010128 0.4633879404236952 0.590626178566484 0.7360636609476029 0.8905947158110445 1.037937556886845 1.1393447331837545 1.1687044115063168 1.131366055874434 1.0444489770140606 0.925536289408394 0.7890996885809801 0.6482460713015148 0.5163060847371401 0.40371274259437295 0.31450860762199495 0.24729509171351355 0.19814675511599109 0.160240941788354 0.13042132947541665 0.10743162960632781 0.0899308476662853 0.07675560397071006 0.06666644318064559 0.05755928114371136 0.04885943934723442 0.042013896959583616 0.03687296408639502 0.03293771182035399 0.02995882096874788 0.027635200925003895 0.026291375835249386 0.02628851454636935 0.028021087985749073 0.03220617447737688
0.0644942055569811 0.07663746143324009 0.09313977652437849 0.11617760839272422 0.14822950464385345 0.19202452274333226 0.2505999213947145 0.3267438707556065 0.4219795230769934 0.5350449781713033 0.6599707697942602 0.7868055434014393 0.8949591774195081 0.9595054865175598 0.974028942307576 0.9426933594444022 0.8750176420241167 0.7813586932571585 0.669250283933554 0.5465345459168566 0.42769837191638993 0.32738192231087876 0.250533676377206 0.19472973106323643 0.15512347100043244 0.12535046685600737 0.10291336838401773 0.08607549313244303 0.07346952062263754 0.06404452704499697 0.05577833018421649 0.04731864428596195 0.040175482212949365 0.03473296082339152 0.030520652482541294 0.027254952600168733 0.024922299994017613 0.023202249473382636 0.02194213963568077 0.021640877369532158 0.022954297139138467 0.02700321532404041
0.05786284445994454 0.06867378808991881 0.08339245902812834 0.10409749795911308 0.13296854367373362 0.1723497167633038 0.2247588332973952 0.29233396830407293 0.3759894362106413 0.4742101760391975 0.5817325652753941 0.6845887087336893 0.7556068310941456 0.78990608790174 0.7902251175850514 0.7603386103025354 0.7072680564890814 0.6378155848200489 0.55344295642319 0.4501362680362113 0.342601798325126 0.25488949542460204 0.19129069357471815 0.14760546965091462 0.11847532712934918 0.09740029003305119 0.08176950904185595 0.07013544127793109 0.06149049149406921 0.054169039618874204 0.046573166480365975 0.039346066795987525 0.033702635826322935 0.029247026444287984 0.02570850853769681 0.022952610686015257 0.020984848286801996 0.019499971557052985 0.018379984260711177 0.017748765624516924 0.01831832842037426 0.02194906986030693
0.05178278871187169 0.061689725621228535 0.07533344674416508 0.0945395340617882 0.12112347937024398 0.15706592825190158 0.2043483059673228 0.2642807592715267 0.33650610507982726 0.41862490982656697 0.5058643213495045 0.5796163655629077 0.6254952403977151 0.6374191739448752 0.6253259407648945 0.5940862253403164 0.5497525311133533 0.4986193113145296 0.4440466744594156 0.3632438498683717 0.2621279798708216 0.1893151466921715 0.14149787554761295 0.11054069824967415 0.09039037436948703 0.0761028000228331 0.06577863322083537 0.058289579444960736 0.052155342810247744 0.04586593106665522 0.0391772064071755 0.03343757884941244 0.0288446516283051 0.025147537655747957 0.022179453635128896 0.01987578666044439 0.01824861304563737 0.01703097360815588 0.016084645856536177 0.015357931485083295 0.014987070270208609 0.017817287748933226
0.04769833405440813 0.05722864386303224 0.07030763253331135 0.08859420536969471 0.11369706973517052 0.14731165692575474 0.1910599738918165 0.24576114580511588 0.3097314137292807 0.37864854991714203 0.44356625455365406 0.4895010388840453 0.5103503995077714 0.5055768486597262 0.4842404078943317 0.4506542373902465 0.40964777779287814 0.3663835137778307 0.32249547100735354 0.2612528490276017 0.18808479994106433 0.13754422249264325 0.10457923110631423 0.08335958751937914 0.06983451546114579 0.06050650486968784 0.0540501637768634 0.04933661261044889 0.04450613215333217 0.03917789701468419 0.033597956493018964 0.029005643506196315 0.025253389843132173 0.022177161427475466 0.019678169175376705 0.01776052325308375 0.01645718648080678 0.015564627322013053 0.015007397147981763 0.014833881169654301 0.015382500372652924 0.019161785456915676
