_RESULTS/CROSS_VALIDATION_POSTPROCESSED_80-20/MHZ/TZ/8comp/4/MHZ_TZ_z_63_kriged_reverse_8comp_spherical_4.asc
ncols 100
nrows 81
xllcorner 5.5967107548124995
yllcorner 50.982328804812504
cellsize 0.00017565037499993607
nodata_value 1.7014100000000001E+038
[rows 57 to 75 of 81, columns 44 to 87 of 100]
2.324353951146845 1.919489394154294 1.56247172501396 1.2568477985226814 1.0059613750396104 0.8093081583582376 0.6630639462469885 0.5619183729518475 0.501582701368896 0.48224812429854086 0.5036589238702046 0.5699314455676209 0.688835058451171 0.8707446683431107 1.12621502210143 1.466661546467034 1.8935385260892466 2.407650079245043 2.998544951111375 3.6333015344004544 4.28887888586983 4.940441052156832 5.563459994614049 6.1348602057527994 6.627517188725189 6.701549260811117 6.041616859601516 5.397122966883033 4.8595216820508425 4.419090550654854 4.063752056012875 3.7720102043840376 3.502745673883135 3.252605029373254 3.023447057941762 2.8176992057839056 2.636037460205618 2.478837909025013 2.346177794520739 2.2379572296007133 2.154070269614398 2.094583620486206 2.059981588335335 2.036294239596147
2.6866844229512648 2.2342391002329185 1.8343287147527136 1.4916782174996643 1.209270672070141 0.9865739088970167 0.8195652972450711 0.7023509253252262 0.6297865534924113 0.6025329109561842 0.6174205663733623 0.6760761278703117 0.783970673616129 0.9494507693030724 1.183185735916707 1.4934537212542556 1.8778196006171834 2.341570832323583 2.8890026285857204 3.4900482132742634 4.120061567636882 4.753174354263194 5.362284295470751 5.915692555137932 6.3502963259621 6.385499866827027 5.85866386022921 5.271635526038968 4.763996993023511 4.340459932137372 3.9957319370475144 3.703607679633568 3.4340821156016594 3.1875741585409263 2.9644308246154503 2.7650036374425495 2.5895420871489305 2.438125480669489 2.3106776581118735 2.2070535527954926 2.1271674641500633 2.0714764597095896 2.04093748327994 2.020856285998307
3.1951331346681036 2.6938513969312643 2.2313221432558707 1.8302135956711387 1.4959102911367543 1.229911720881187 1.0285847450281616 0.8850906684123506 0.7925537460632534 0.7514349092014982 0.756571511772949 0.8065396109023858 0.9048028644961773 1.0582146912705903 1.2749531071660511 1.554409919248608 1.9001721585443645 2.316629134901337 2.811458645856399 3.3647599739786656 3.9439626122545777 4.522684864072142 5.066953457124111 5.528083419731806 5.822106361372417 5.790224326349699 5.411526367682865 4.964563710430249 4.54142088811424 4.17281797873175 3.865595218328064 3.5905633477619907 3.3350739632308937 3.100877568380108 2.888878448220773 2.6996062399759007 2.5333314183428506 2.3901275484908333 2.269942074918932 2.172692900053139 2.0988153136879486 2.0491557041769224 2.0238096450726912 2.0073622804562845
3.8220338154914066 3.325569157287002 2.7972319925404854 2.3099374337732104 1.8967967625174504 1.5642449688606377 1.3101682624807867 1.1264296915859493 1.0033861445898014 0.9399875165488838 0.9303330556575604 0.9689329546149718 1.05731344619296 1.1998182495102876 1.3949714665864466 1.6454263584772866 1.9551692467472528 2.327745683961288 2.7671696926960943 3.2663415590345837 3.785213241094739 4.294625443288122 4.757859594750313 5.126259466196922 5.2994419045984476 5.177631904304145 4.905028014560388 4.578829014068373 4.251308290862552 3.9536111073901834 3.6936988410992346 3.4463778125031235 3.2128953704265344 2.9967497554784353 2.800069514889589 2.6241555672531205 2.4695975676341977 2.3366731724657286 2.225555806544838 2.136874330150219 2.0710874671798085 2.0288073470998276 2.00934599911403 1.9965021891663703
4.555974588214464 4.099906356867875 3.5551786559253435 2.980106356394697 2.449604901170809 2.0173762684508323 1.6854746147907804 1.4432809067610821 1.276759799809593 1.180699168090765 1.1494649463050468 1.172870020912234 1.2487509254639595 1.3720073616902346 1.5433473713878307 1.765264434263753 2.040445015952653 2.371286926878008 2.7593625640952792 3.201151739728746 3.657288119487677 4.096584922936951 4.480886294045512 4.72260886385591 4.753166670803806 4.618866308490997 4.420661141662702 4.184318165069645 3.9401807879531416 3.711902911183767 3.4952603597006124 3.2797536852790667 3.0727326248269256 2.8788661265822735 2.7011064151143795 2.541303003889552 2.400608964785262 2.2800455509786643 2.1802864939582176 2.1018288487303978 2.0452455689784195 2.011348215723433 1.9975361494310013 1.9877930822539507
5.366695553831001 5.0060009793842415 4.471426872410193 3.825452259860086 3.181361421467478 2.619888091987932 2.178053743812717 1.8551869186050098 1.6300325069432828 1.4891571097266085 1.4278379731447397 1.4284029103088456 1.4791567093744713 1.5773501976136788 1.7224236680554408 1.9149963341397378 2.1562021917271577 2.4470958020179268 2.788030694622473 3.1752931375250535 3.5712506929219825 3.9217394934060583 4.1713177868369415 4.273274381141031 4.22565139623471 4.123690413210315 3.9809762136259037 3.8123265985955586 3.636265542644965 3.465217909148213 3.2850562700373906 3.101503095929865 2.92208416586801 2.751984939921547 2.594824732637736 2.4531046794671583 2.328498254654321 2.2221736397394842 2.135010659900303 2.0677862266023292 2.021345452500525 1.996770390558184 1.9877753060421264 1.9810992120668651
6.1814719400636475 6.010705577209522 5.531654337149746 4.782984556874137 4.0042197043137495 3.329927980341682 2.7907471574490623 2.380531747826302 2.082664583372436 1.8843656959386241 1.7761064320639162 1.7363975146053674 1.7532933646048163 1.8209557744068277 1.936254920682391 2.0977528313421954 2.3049075378957786 2.5573965517451107 2.850717569894107 3.1687804800667663 3.461992551193728 3.6865531905713027 3.807442016209016 3.809274037616481 3.7669600723412744 3.6937021236677663 3.594129954607589 3.4776909769124655 3.3562665018244204 3.2229943115467576 3.075075632189552 2.921432473292793 2.7690311982121596 2.6230765943586793 2.48736013080772 2.364610591489902 2.2567974611167343 2.1653833075937188 2.091536735074539 2.036319892654209 2.000863048505729 1.9862802867090361 1.980606248450224 1.97696522624859
6.839848282190787 7.00093261639264 6.686604116752242 5.717491079431738 4.792679568866319 4.026966803234969 3.419273583256492 2.9523904145454503 2.6014712604306522 2.3465885587034325 2.183022843911308 2.09689499642328 2.07328007892268 2.103863125333195 2.1825748923056545 2.3043570410059684 2.4639846104045593 2.6549403780412684 2.8683842075343535 3.0917497932097033 3.2797940046201965 3.390909690151999 3.413822563625226 3.406359062832473 3.3779519136667706 3.329263511155696 3.2639866462528047 3.1886422224987916 3.102791163890829 2.9960382647280257 2.8756429713673386 2.748780058487676 2.6214714229515432 2.4985157549607253 2.3836175823215924 2.2795935189079217 2.188592261029387 2.11230304464741 2.0521471689950515 2.009456016936698 1.985642512747174 1.9793011808641083 1.976564379505811 1.975853658831341
7.071971565948726 7.4291909979922925 7.277319463491142 6.290428891002708 5.367672784497214 4.591309819530248 3.957890647829775 3.4541753736854126 3.0635800322539914 2.769353569105184 2.559972898072261 2.429716922155125 2.3633852929212043 2.3503655014743363 2.3821659735056304 2.4513254752447833 2.5504257968495705 2.6712275133608006 2.8039760637487317 2.9364530112734846 3.0275961403249307 3.059561351048899 3.0730256711809756 3.071346893687354 3.0559573896116197 3.0279833745353235 2.9904230857690557 2.9437811485168335 2.8759359721969737 2.7903934120657152 2.692984909906592 2.5893530226982704 2.4845213826792323 2.3827237092873808 2.287407663169686 2.201335920653482 2.12673168073505 2.065439332682154 2.0190873857369973 1.9892506148964322 1.97761063981643 1.9760357593429152 1.975853658831341 1.975853658831341
6.761344636699951 7.023598335641069 6.874613610823513 6.287945118441359 5.566609885489162 4.8842492469124545 4.290971046539583 3.7972328598440908 3.3990455404031934 3.0869541264156157 2.8494127841954815 2.6787221323624264 2.5701672684356582 2.5121209856427855 2.4947885605439204 2.509382514764123 2.547383690791304 2.599935217228099 2.657419582600902 2.708700737649315 2.7465791882722677 2.774945671676412 2.7928621588839575 2.8000011080946754 2.796961253270291 2.786439299055739 2.768677319150197 2.7321594874863937 2.6777294942611207 2.6091528270051527 2.530766569303508 2.4469722792587043 2.361884703811561 2.2791451646296186 2.201867645315788 2.1326750362879534 2.0737893049895333 2.027150959212669 1.9945539968689756 1.9777907251614695 1.975853658831341 1.975853658831341 1.975853658831341 1.975853658831341
6.220592390269453 6.339314188345716 6.235562681914797 5.893041328751832 5.398836876067572 4.870227685697631 4.3712166153607885 3.930646591174553 3.557969018051215 3.2527836918945106 3.0089629340140625 2.8117074355115594 2.666997702612561 2.568126528914347 2.50516200382002 2.469061442571107 2.451205573142657 2.443033303893753 2.449072141754127 2.4814105372887223 2.5163197371065085 2.545246346306356 2.5676814782774784 2.5836775693034992 2.59402959079582 2.5968699114157543 2.5828625287120923 2.552640931020618 2.5086854289843474 2.4537402120371397 2.391062674457336 2.324089426769258 2.2561689713760247 2.1903958979510927 2.1295393029031215 2.0760451246054705 2.0320905097108466 1.9996726724666865 1.9806132690949632 1.975853658831341 1.975853658831341 1.975853658831341 1.975853658831341 1.975853658831341
5.633146650183575 5.678692974310379 5.575718216658557 5.324878627849976 4.972240406233052 4.583413577440715 4.201083537951815 3.840829949760309 3.519235380589452 3.2430173825348594 3.010607536043497 2.8100488321792376 2.640818077185215 2.5099347306661324 2.4096765745576727 2.3341895495429807 2.2865605488767575 2.266161041868691 2.272954520436016 2.3041630551980465 2.336994674245913 2.3669638487189535 2.3938630240772865 2.417971341392859 2.4339927371833077 2.4366996198492705 2.4258957143750552 2.402359124473102 2.367737056663581 2.324338065827225 2.2748756777244648 2.2222196046873943 2.1691956391411162 2.118453619276899 2.0724042630153914 2.0332145509848845 2.0028474764954765 1.9831330084010397 1.975860547911243 1.975853658831341 1.975853658831341 1.975853658831341 1.975853658831341 1.975853658831341
5.061365787621623 5.0712953441698625 4.978028739341723 4.784927546469874 4.517149922823721 4.2090713387981245 3.889923313214537 3.5874363958949553 3.3146295083767825 3.0752930985454725 2.8662701149068086 2.6795677769241943 2.5151154313656976 2.3768339955822304 2.2721954307292123 2.1982086608395304 2.1526501638953737 2.1344660862968747 2.143758589199252 2.1739969203479608 2.2055279489765405 2.236971429883474 2.266145600002655 2.2876287494782366 2.2998278495317757 2.3018881095566948 2.2936635795063225 2.2757341361856485 2.2493389554517638 2.2162429848764686 2.1785672684746555 2.1386173823905708 2.0987378193524955 2.0612087109606305 2.0281899258531944 2.001709486095822 1.9836892179104824 1.9759998878689264 1.975853658831341 1.975853658831341 1.975853658831341 1.975853658831341 1.975853658831341 1.975853658831341
4.531288257972033 4.524590023693019 4.444138854267217 4.293657867127684 4.088478585671133 3.8496229868730705 3.5965126849956905 3.3466898877244358 3.112619383568425 2.90291593042001 2.716321429000355 2.5495071075149984 2.4032042814061993 2.2777127401467023 2.1760921376851727 2.104764910310232 2.0621267322715715 2.0472857528800987 2.060537838325509 2.0887729561549775 2.1171357267338977 2.143049450634966 2.1647353964889016 2.1806779120200988 2.1897420161313317 2.191273459358228 2.185161020175407 2.171847429008106 2.152286458628779 2.127855721571312 2.1002434643766867 2.071330677451332 2.0430872861580913 2.0174951916009034 1.9965041812988051 1.9820212566933493 1.9759306287953347 1.975853658831341 1.975853658831341 1.975853658831341 1.975853658831341 1.975853658831341 1.975853658831341 1.975853658831341
4.053794531930588 4.040374654238132 3.973311790301558 3.856005841308953 3.6985132661113647 3.513929947725135 3.3154273582461506 3.1163483972013206 2.9270913216808156 2.753833602936717 2.593438689815035 2.4480657491579243 2.3201394245206015 2.211133699093579 2.1219562235760447 2.054261437223896 2.01407804368349 2.0013759499535806 2.0138444202795402 2.0327014987817758 2.0519164745334555 2.0698680266557656 2.085096749470946 2.0963836538341822 2.102829332611377 2.103920207264798 2.099569311698585 2.0901234098812194 2.076334979981571 2.0593047797833783 2.040406182760599 2.0212048519590073 2.003386479527264 1.9887022272642538 1.9789375756087038 1.975853658831341 1.975853658831341 1.975853658831341 1.975853658831341 1.975853658831341 1.975853658831341 1.975853658831341 1.975853658831341 1.975853658831341
3.6324554513732954 3.6175103724389346 3.5632018438152815 3.4724273581579737 3.3521066109823847 3.2102025367698386 3.0561992427417857 2.900095617078288 2.7502696818920995 2.6091723028794407 2.4758465653548027 2.354082201042449 2.246583988995878 2.155233788038625 2.081392681831366 2.0261683932702064 1.9906505406239172 1.9787113348529874 1.985446742209716 1.9952598605308194 2.006357105051086 2.0173410064801405 2.0269830671528353 2.034276383577282 2.038488320589095 2.039204214535258 2.0363541052140315 2.030217387746727 2.0214044792669994 2.0108190400840438 1.9996078054294288 1.9891068746431435 1.9807932135701947 1.9762485914607113 1.975853658831341 1.975853658831341 1.975853658831341 1.975853658831341 1.975853658831341 1.975853658831341 1.975853658831341 1.975853658831341 1.975853658831341 1.975853658831341
3.2669370428818354 3.253125535547289 3.2103957047384943 3.141139244728723 3.050074832452676 2.942015313788658 2.824157420431076 2.704002287088565 2.587456204917558 2.4732885456332805 2.3645123487789474 2.26476337460451 2.1768094690093935 2.102761702253898 2.0443003209549233 2.002895277173491 1.9800163586180846 1.975853658831341 1.975853658831341 1.9773200680862797 1.981041517034982 1.9857794875655237 1.990468006611928 1.9942490859470128 1.996506742034507 1.9968952788325056 1.9953565758862108 1.9921230948508184 1.9877060270247808 1.9828708482121902 1.978604871514222 1.9760827281846347 1.975853658831341 1.975853658831341 1.975853658831341 1.975853658831341 1.975853658831341 1.975853658831341 1.975853658831341 1.975853658831341 1.975853658831341 1.975853658831341 1.975853658831341 1.975853658831341
2.9547968418199226 2.943391130806441 2.910887724868498 2.8592317922153176 2.791258509438524 2.7102713970386274 2.6218278011552103 2.5316197260502182 2.440773307995242 2.3499037640700933 2.2630115818629597 2.1834127588040917 2.113805923113558 2.05640485528626 2.0131035714922847 1.985655056844065 1.975856355161116 1.975853658831341 1.975853658831341 1.975853658831341 1.975853658831341 1.975853658831341 1.9760560175117268 1.9766547917610136 1.9771506226884439 1.977244654334334 1.9768868106121134 1.9762776698416318 1.9758610834547619 1.975853658831341 1.975853658831341 1.975853658831341 1.975853658831341 1.975853658831341 1.975853658831341 1.975853658831341 1.975853658831341 1.975853658831341 1.975853658831341 1.975853658831341 1.975853658831341 1.975853658831341 1.975853658831341 1.975853658831341
2.6925751782326164 2.6840970432197953 2.6604934346785836 2.6232566247450424 2.5735556906163115 2.514422312221531 2.4500559188277276 2.383031234473047 2.3123878034646292 2.241587519014192 2.1740312449142087 2.112690946897808 2.060130929701673 2.018590345747772 1.9901047434452857 1.9766521804355668 1.975853658831341 1.975853658831341 1.975853658831341 1.975853658831341 1.975853658831341 1.975853658831341 1.975853658831341 1.975853658831341 1.975853658831341 1.975853658831341 1.975853658831341 1.975853658831341 1.975853658831341 1.975853658831341 1.975853658831341 1.975853658831341 1.975853658831341 1.975853658831341 1.975853658831341 1.975853658831341 1.975853658831341 1.975853658831341 1.975853658831341 1.975853658831341 1.975853658831341 1.975853658831341 1.975853658831341 1.975853658831341
