_RESULTS/CROSS_VALIDATION_POSTPROCESSED_80-20/MHZ/TZ/8comp/4/MHZ_TZ_z_1000_kriged_reverse_8comp_spherical_4.asc
ncols 100
nrows 81
xllcorner 5.5967107548124995
yllcorner 50.982328804812504
cellsize 0.00017565037499993607
nodata_value 1.7014100000000001E+038
[rows 57 to 75 of 81, columns 43 to 85 of 100]
0.12672835620253448 0.14747736582966098 0.18010857480380973 0.22963016923287244 0.3035828372002381 0.4134058428360258 0.5752950738143006 0.8112702105745806 1.1491218723988799 1.6175346537408712 2.233419654287282 2.999167946223656 3.8569636179128035 4.647424397701589 5.095895870113055 4.963219533003883 4.279083680804913 3.3476610237336035 2.4403638977245996 1.6996084221490657 1.161201499584671 0.7862422351534883 0.531538436189928 0.3610303635783725 0.24782042257403147 0.17325638102698604 0.13622944441569299 0.1338045339530806 0.13634101687741285 0.14337522525611493 0.1558055643796761 0.17528660471255408 0.2026149746737242 0.23353494270069458 0.26774823735964887 0.30403451602849224 0.33993396649880386 0.3737535370433814 0.40359934652223145 0.42744475680750527 0.4432736510049667 0.44929814765988135 0.444222146400119
0.11759563110606953 0.13636423626178706 0.1661967015506443 0.21169161069005876 0.2793302015981475 0.37872483334768847 0.5236964700637096 0.7323228938338626 1.02598272292795 1.4235714815375873 1.919650722155481 2.5026640789323373 3.110433557432993 3.620327551326738 3.8741244185915673 3.7598704024689082 3.309890341879941 2.6871689415835673 2.0477897089301016 1.485420709989206 1.0432965645918362 0.7198690582778572 0.49442032122902474 0.34088792714715127 0.23800484200873986 0.17138202875851313 0.13846819841517838 0.13280612884711535 0.1359427486114347 0.1444263732357884 0.158915561536902 0.18124091985250257 0.21104214580125116 0.24385930127558386 0.2785755906155739 0.31393337087174567 0.3483753700899082 0.3801052533555479 0.4071649292501014 0.42754998796189786 0.4393789052901 0.44111156693441306 0.43368750874663486
0.10740537911517202 0.12267933074972717 0.14850614660152867 0.18825508581417233 0.24796912226698523 0.33534699186633343 0.46150901190844873 0.6402864920667398 0.886559691698612 1.2110089701641644 1.598081050311832 2.0263455364257608 2.4470260105255783 2.7763793585841317 2.9223042309331793 2.8321299336548384 2.5414209984896505 2.125403747596625 1.6730591118496956 1.259695124778389 0.9205683013206426 0.6594744120325541 0.46850234845831173 0.3341018445985737 0.24295671579570208 0.18500427429473285 0.15443544849024882 0.14438246627001555 0.14541946847393888 0.15395133799143176 0.16966497196497063 0.19384071813336182 0.22332340608188553 0.2552421396621382 0.28858991308947285 0.32204113564341463 0.35398072520440466 0.3825779939002158 0.40589370034170263 0.42202559854929206 0.429293840315668 0.4288187323764605 0.4230733925899834
0.09712373108990265 0.1086969240345095 0.12911671618299714 0.1621313103255195 0.21269150483258772 0.2870635536537487 0.3934356833263669 0.5417871716088924 0.7416788261507107 0.9982256143352665 1.294700543753069 1.6040234453871265 1.8934325280407922 2.1075770913157674 2.1937872181794105 2.1372838116650623 1.9501409395686464 1.672377274063878 1.3569812746320349 1.052169064583812 0.7931528222858838 0.5910644329500181 0.4376641098428817 0.32593749334887157 0.24817092914621178 0.1983709463353311 0.17132373102271536 0.15985376895588607 0.15923773694152954 0.1671503017674626 0.1832643577602978 0.2077309504616561 0.23577176231221023 0.265853320486563 0.29687519376827426 0.32743906574799464 0.3558843647334734 0.3804081479940296 0.3991673606222061 0.41074480230893606 0.4166472844246212 0.4173290045840378 0.4129006556298408
0.08763290176999074 0.09553350197661256 0.11070967928243539 0.13626331775939582 0.17700570907857222 0.23878786609258448 0.32656591762131754 0.44695805981102843 0.6055255038945462 0.80374059732945 1.0275763002928087 1.2497322792045753 1.4485300187753913 1.5900670173459572 1.6521308412434679 1.6211119500044964 1.5016620919952286 1.3165905558202247 1.0980849133238904 0.8770641961029257 0.6792694432090729 0.5209537462808018 0.39998481806603836 0.3107349045943067 0.2484036652510307 0.20828970058218815 0.18502308779023416 0.17415682592632298 0.17333328642172693 0.18130549768947749 0.1981608493627421 0.2215102356152116 0.24734876658846697 0.27473168874867687 0.3024821024140042 0.329183583041816 0.3532250824759152 0.37297776451418313 0.38842557940267564 0.39944433596523526 0.40569980942748113 0.40704900691745144 0.40352331365559535
0.07975146038210527 0.08403750856788582 0.09426805726398534 0.1133049158242622 0.1452414434885727 0.19476296529365672 0.2658866555921798 0.3622430400119737 0.48606933350415366 0.6365664242786259 0.8034832865821924 0.9626811488497357 1.101229088222439 1.2036969070408257 1.2526439965758311 1.2385227098068181 1.1634388728538132 1.0405926046108582 0.8897797397788996 0.7314200661361622 0.5823994732341766 0.4587408933163224 0.36361336952431345 0.293960325120703 0.2454980236983414 0.21392485247662654 0.19481746455857762 0.18598719964952712 0.18624730899828318 0.1951899711958367 0.21255428395507558 0.23356142493142643 0.2565567885448484 0.2805383031390746 0.30430498085461827 0.32692338593545056 0.347641725363392 0.36562458318187796 0.3801649588936517 0.39071339103910874 0.3968923726408378 0.3984978700649019 0.39549100101791274
0.07430795908595544 0.0750218752217906 0.08039147291515977 0.0938094412879833 0.11947394077671186 0.15971753008829295 0.21652242637507485 0.2916843125614617 0.38641421974325774 0.49898476541231274 0.6217935780748842 0.7385962407456672 0.8410559353307128 0.918005242297402 0.9579783222331779 0.9545587539207865 0.9084682944361041 0.8273959179640331 0.7236283639295846 0.6110750702644738 0.5024432585520945 0.4094947824817401 0.33664389166098924 0.28245862359474494 0.24413780946658686 0.21805842478646648 0.20234721736963526 0.19580672644866395 0.19781156823361845 0.20844290095678167 0.22453282976474764 0.24304125077492614 0.2632591869190601 0.2844011699423025 0.30562814444428965 0.3260804272354529 0.3449184050703623 0.3613650218946767 0.37474378180876067 0.38450778890307385 0.39025784664822594 0.39174979183728964 0.3889567075671915
0.07169315248383866 0.06969711131512182 0.06996665665348555 0.07806633130740676 0.10092998092388286 0.13478476953878693 0.18062389855031682 0.2391411582056187 0.31054045685828646 0.39368861843320196 0.48451767588010963 0.5720344348235947 0.6486890075785445 0.70753237946485 0.7408618351148856 0.7442592147633599 0.7178684307248144 0.6663464219561557 0.5975060228654281 0.5202631907370345 0.44278696357314684 0.3743592923844787 0.31879581696278636 0.27646650748420587 0.24538435458987878 0.22418238344582864 0.21191121585171624 0.20798759672099915 0.2123458608242151 0.22360861582778638 0.23774746088157947 0.2540986431878592 0.27203738812591743 0.2908644443707104 0.3098281052326557 0.3281528233225298 0.3450732511500744 0.3598701598981214 0.37190397869715996 0.3806423936047881 0.3856798698990938 0.38674845356036497 0.38447956823627094
0.07249523011899041 0.06963491809940163 0.06757948855272831 0.07256042732944676 0.09221861515762302 0.12010677415944646 0.15705815291227596 0.203323637254997 0.2588459548552357 0.3222424911079455 0.3901800178868225 0.45646489148084324 0.5150727786690666 0.5612792732965256 0.589920439698235 0.5978785006779107 0.5848625683976001 0.5534525045355428 0.508392390428316 0.45542767124640093 0.40018400243187896 0.3501783166012278 0.3086812644255769 0.27527329463090844 0.25018883110808143 0.2335239501973922 0.22487101018375147 0.22414777551071663 0.23071153574890452 0.2405724211466976 0.25292380727502983 0.2672895623517428 0.28311008670728266 0.29975697075954993 0.31655230819287666 0.33279325076161703 0.3477808249933209 0.360850616213813 0.3714022968244053 0.3789251985312021 0.38301792498879395 0.38340183008936646 0.3824001852015312
0.07707840637132354 0.07501629329943241 0.07481338796727963 0.07985320433178962 0.09366931847173082 0.11567244334761087 0.14559137847265194 0.18280599403759956 0.22673780038276345 0.27597562411420173 0.32776915403885476 0.37821535249535704 0.42463343234191775 0.4623064980566062 0.48764461004427007 0.4983601436844758 0.49396572966250674 0.47585042770704467 0.4469123206436372 0.41089079935082523 0.3717331767750188 0.3351374846796505 0.3037589747366444 0.2784360113978685 0.2596122523673038 0.24755307047911695 0.24282516465265677 0.24518050197960953 0.2509325116223635 0.25931601408415 0.2699720478162837 0.28246220696565827 0.29627553772533927 0.31083999135794865 0.32553860468017026 0.33973029624455636 0.35277433409782133 0.3640566817791986 0.3730159581391992 0.37916677990248326 0.38211870132817993 0.3822845133440443 0.3822845133440443
0.08573784860061283 0.08476823350341597 0.08624433790439269 0.09174739492110279 0.10247873121053143 0.11984720953062415 0.1441815095794828 0.17443909977561675 0.20971512589591942 0.2485983010282357 0.2887612008142723 0.3273784366720159 0.36480212912991267 0.39665218778869293 0.41967631668833005 0.4321374209313973 0.43347630521434016 0.42439351672217346 0.4066616043996146 0.3824100089383615 0.3540990142056273 0.3272705624003462 0.30433680353439896 0.28623297665822944 0.2736574391274945 0.2672298501003933 0.266516585172694 0.2684991366860366 0.27297214739313 0.27987750240535364 0.2888718296188591 0.2995411187776849 0.31140989358474486 0.3239500089864739 0.3365939693792941 0.3487524253812981 0.3598349778017671 0.3692728671263948 0.37654177849702736 0.3811149676001637 0.3822845133440443 0.3822845133440443 0.3822845133440443
0.09807713397407489 0.09789407504670691 0.10038050141511995 0.10646258964850527 0.11685029944018478 0.1317718413595714 0.1517590040013149 0.17652865012934657 0.20513481567484637 0.2361971202356114 0.26769744639801557 0.29778627342197794 0.32761272960579835 0.3553012741688948 0.37678080747309634 0.39048073500753605 0.395769502260774 0.3926656903558773 0.3820888771092358 0.36556094320158866 0.34545722506225446 0.32675653451654424 0.31123120877988436 0.2998863028537732 0.2936216869975997 0.2910267953246497 0.2905918438086265 0.29233381588950336 0.29618455634085317 0.3019920153359115 0.30952272797617025 0.3184650544937933 0.328432972134351 0.33897076059300807 0.3495594909380087 0.35962658359583927 0.36855973658458907 0.37572623788840864 0.38049811582685983 0.38228281640700257 0.3822845133440443 0.3822845133440443 0.3822845133440443
0.11386084259023856 0.11413543560530427 0.11722328351848155 0.12370671178095517 0.13408230734484988 0.14862949655639082 0.1671957123161838 0.18821918975446417 0.21160081411435516 0.23655129096670133 0.26130057898892545 0.28510079206761646 0.30915200905177875 0.33229860970725517 0.3524813729627405 0.3666882165971342 0.3741939374517041 0.3749702086935069 0.36957896344538965 0.3590528077367745 0.34586311291755484 0.3343032592236297 0.32567367053084295 0.32008489948314267 0.31612150682193596 0.3139046716194884 0.31353265505757455 0.3150218303732142 0.3183064567622608 0.3232395792683048 0.3295949835366483 0.33707015618123254 0.34529040145715284 0.35381458816554795 0.36214331668000493 0.3697304730726225 0.375999092805521 0.3803621656816962 0.3822484963838411 0.3822845133440443 0.3822845133440443 0.3822845133440443 0.3822845133440443
0.13293204581942877 0.13340827580100623 0.13682802373971834 0.14356484190494062 0.15397036732847275 0.1682929395334431 0.18625256738726886 0.20616824760844774 0.22698723948839064 0.24748495269569853 0.26649772151875106 0.2854743760450578 0.3049829018311998 0.3240317180992516 0.3416261111289648 0.35623966582635214 0.36562321037991097 0.36956340054018255 0.368386947308329 0.36280157013232167 0.35599635419783426 0.34984140239791045 0.344363019941987 0.33988121615791894 0.33664441011039076 0.3348255820334933 0.3345197959310605 0.33574289131873714 0.3384312681535188 0.3424427552033096 0.3475586061750311 0.3534867668765148 0.3598667230098894 0.36627644030254525 0.3722420755190012 0.37725119051875483 0.38077008508553145 0.3822655545738428 0.3822845133440443 0.3822845133440443 0.3822845133440443 0.3822845133440443 0.3822845133440443
0.15508935550284195 0.15558728134185873 0.15914514090203194 0.16599742314075955 0.17638622508844 0.1905031093922803 0.20771730496200552 0.2263317554737191 0.24537221921759803 0.26363403541261204 0.2801471118011582 0.2967600926928387 0.3134651641824686 0.3296779525265533 0.34478242346271304 0.358142684798225 0.36889125783295396 0.37510346458848853 0.3763766190497432 0.3731056455950138 0.36867900796332437 0.364253409493191 0.36019429642105055 0.3568066068352508 0.3543281174585838 0.3529248664012063 0.3526882449686671 0.3536334896763716 0.3556994368957927 0.35874951813405387 0.36257408594270224 0.3668942851132505 0.37136782192564244 0.3755971114784311 0.37914035558065506 0.38152607294535706 0.3822845133440443 0.3822845133440443 0.3822845133440443 0.3822845133440443 0.3822845133440443 0.3822845133440443 0.3822845133440443
0.18000208024449982 0.18040896605463233 0.18396208726607285 0.19079968180279983 0.20107740459058232 0.21491299933154664 0.23104397269860308 0.248025009125475 0.2648970459413616 0.28048163491589184 0.2950507901035452 0.31013949349639586 0.3252256124180499 0.3397295667872967 0.35304432444717765 0.36454909767918114 0.37362891236727036 0.37969956993599335 0.38160071807284646 0.379933095165148 0.37755148506659836 0.3748867169254372 0.37227848294994176 0.37001254947584555 0.3683130821933217 0.3673372591289318 0.3671718080068793 0.3678312020585442 0.3692573661215722 0.3713208683105079 0.37382369648586783 0.37650383988896086 0.379042004372649 0.38107086298766996 0.3821872518370686 0.3822845133440443 0.3822845133440443 0.3822845133440443 0.3822845133440443 0.3822845133440443 0.3822845133440443 0.3822845133440443 0.3822845133440443
0.2071576494589012 0.20741993880098336 0.21086665735301738 0.21756972481807724 0.22761605158709905 0.24087543042353488 0.2555069694616488 0.2704275791330997 0.28467436484189146 0.29741484267349916 0.31044296845114266 0.3238800109264796 0.33719213894183614 0.34981157543296393 0.36114732640625086 0.3706006587342646 0.3775855859646993 0.3815539180390784 0.3822845133440443 0.3822845133440443 0.3819235739157757 0.3810100168531365 0.37985194766743163 0.37871147355277923 0.37779569746611497 0.37725057292286385 0.3771568846068992 0.3775281309177406 0.37831017748706763 0.3793826593484919 0.3805622205269772 0.38160778079577456 0.38222809479001024 0.3822845133440443 0.3822845133440443 0.3822845133440443 0.3822845133440443 0.3822845133440443 0.3822845133440443 0.3822845133440443 0.3822845133440443 0.3822845133440443 0.3822845133440443
0.23583346061174632 0.23594962964897742 0.23922496505271468 0.24568751510009226 0.25537019513021075 0.2674998292206612 0.2801573173414472 0.2925277374127133 0.30365720306746613 0.3143491750672843 0.3257676149802966 0.33743509553352585 0.3488333415361717 0.3594126922101733 0.3686049390224628 0.3758402775812812 0.3805685145477129 0.3822840392460845 0.3822845133440443 0.3822845133440443 0.3822845133440443 0.3822845133440443 0.3822845133440443 0.3822346728020534 0.38208725653677633 0.38196525315254437 0.38194212287604296 0.38203015861019 0.3821800921564684 0.38228268449095854 0.3822845133440443 0.3822845133440443 0.3822845133440443 0.3822845133440443 0.3822845133440443 0.3822845133440443 0.3822845133440443 0.3822845133440443 0.3822845133440443 0.3822845133440443 0.3822845133440443 0.3822845133440443 0.3822845133440443
0.26509121689449733 0.26510400450927146 0.2681761924080027 0.2743090691575308 0.28340532009730157 0.2936438011191709 0.30381400227091043 0.3131258106000808 0.3215163659382657 0.3307108074315926 0.340433265727448 0.3502247016984306 0.35958709572998676 0.36799471752362195 0.37490854918601674 0.37979432476424135 0.38214415770347565 0.3822845133440443 0.3822845133440443 0.3822845133440443 0.3822845133440443 0.3822845133440443 0.3822845133440443 0.3822845133440443 0.3822845133440443 0.3822845133440443 0.3822845133440443 0.3822845133440443 0.3822845133440443 0.3822845133440443 0.3822845133440443 0.3822845133440443 0.3822845133440443 0.3822845133440443 0.3822845133440443 0.3822845133440443 0.3822845133440443 0.3822845133440443 0.3822845133440443 0.3822845133440443 0.3822845133440443 0.3822845133440443 0.3822845133440443
