_RESULTS/POSTPROCESSED/MHZ/IZ/8comp/MHZ_IZ_z_180_kriged_reverse_8comp_spherical.asc
ncols 100
nrows 81
xllcorner 5.5967107548124995
yllcorner 50.982328804812504
cellsize 0.00017565037499993607
nodata_value 1.7014100000000001E+038
[rows 38 to 56 of 81, columns 44 to 87 of 100]
49.874008836571434 50.165072232572115 50.40855819017989 50.589397804581694 50.69945885562823 50.75514797206754 50.7698424166811 50.771033032867685 50.7918029274683 50.83530349196228 50.83630448475154 50.786754424560264 50.7143312312128 50.66912775600221 50.62383819308571 50.58045826566796 50.57015703959246 50.58965018345846 50.633306430553496 50.69446928529723 50.75939899111521 50.782749514218374 50.80287827625665 50.85778495179388 50.992295840458155 51.242051622173065 51.56563749966134 51.861798498721804 51.97966813041802 51.697330220715465 51.20867322095779 50.735866413651934 50.30942090562548 49.93436115360346 49.61424180621265 49.363181206392895 49.235031472261696 49.352287568776546 49.71757697315154 50.17889348855196 50.62200576221926 51.01256725310357 51.353629728414354 51.666422626954436
49.5382633267967 49.768804801981034 49.95443020943722 50.07509436015456 50.11038344403168 50.07591527796902 50.018928024470554 50.02222149970973 50.12321026539618 50.24745513098684 50.298148180581 50.27158656786431 50.19213211541671 50.12255920224445 50.09446953284309 50.07236793688177 50.05667399543473 50.06370591756261 50.08992707922594 50.13131434614977 50.16426688226892 50.159580112867985 50.13524768627617 50.14980644517605 50.26447563177571 50.5647907206387 51.0392057600926 51.52594821955204 51.80718816830312 51.75781329279934 51.47734792454358 51.14272350121682 50.82558521581846 50.55613120788078 50.35299008045088 50.236200529282414 50.229856591841326 50.35036255097983 50.57678774037944 50.85663423414524 51.142332318906405 51.412704954279164 51.66563430728335 51.91577140018304
49.197272876359285 49.358332561469005 49.47214371287885 49.52209723728136 49.482192164170975 49.362051869557135 49.19698021390372 49.192715409680474 49.462785352540585 49.7034231936862 49.82029682520231 49.82860574173967 49.75567579874246 49.675881491720666 49.633449402060634 49.631678689999084 49.625230192455106 49.629975291802744 49.64678348790907 49.6708337029293 49.67012520103885 49.619801123625486 49.511872612564474 49.37155763742245 49.31530873152858 49.53796507842463 50.15432941565589 50.894315290920055 51.427028885146655 51.6340980480648 51.578930371721434 51.419580173613824 51.240714191379 51.08399896267267 50.97663895284968 50.94258629154209 50.99812592204561 51.11633082337255 51.268618218656606 51.43632065372058 51.6059921169101 51.772614046686 51.93591809688937 52.1057261484552
48.8814150425724 48.97336427488561 49.018619052923555 49.01668346136616 48.95548089161554 48.806528630199836 48.58547370302243 48.571476912356545 48.9761198600544 49.29065370997191 49.456582646197155 49.49569315599691 49.431927269453766 49.357143036248644 49.31375577973951 49.30426515535499 49.317534251460856 49.32656233136728 49.34196727935804 49.35486485702818 49.3235016610884 49.22432340215753 49.026836091530264 48.70499446391467 48.301878801111535 48.203155833953524 49.09001592705927 50.2141914740215 51.029457361413655 51.47208228026492 51.61318915656966 51.60794979351772 51.546958220402175 51.480693425953014 51.44277706876409 51.456807855268686 51.53635778796757 51.64850770161087 51.758806771793274 51.860912943339954 51.95493773386573 52.04386375555099 52.12907838715667 52.22204041846575
48.61296025168126 48.64191781258305 48.653256558614146 48.65011792333131 48.60962499338582 48.511870401848434 48.412667421691616 48.47460807167707 48.758842205970176 49.05280174561439 49.23269792576283 49.29423577548573 49.252630765463614 49.18961338720711 49.14959282382876 49.136495613744174 49.151012386822515 49.17551328294205 49.20128161815231 49.200749204958164 49.149702463230085 49.02216867542801 48.77454147793834 48.36895787082508 47.77038017009417 47.09387274616579 48.450874818590115 49.843226512799525 50.82262616065948 51.40738307190325 51.66926413277248 51.758053426497284 51.7744656345642 51.761352563566945 51.7552990793252 51.77961912725476 51.83992167902416 51.92465029108709 52.0095477363708 52.08899847893338 52.15365450646853 52.19982469073933 52.23012931953883 52.26694762083629
48.41047284779336 48.40663566481334 48.425095945403314 48.44187076809789 48.4400178772232 48.415992153223215 48.39818069524349 48.47948455105228 48.70451010057891 48.95891509309902 49.14097972384217 49.230893390377275 49.22323641381225 49.173883062608006 49.14061911097948 49.12882257924847 49.13857358123299 49.17058745145294 49.20257561624688 49.19882528410023 49.144511528115665 49.02444810281633 48.81047132138313 48.49368448661418 48.1380461725792 48.09194646156326 48.871960697031355 50.00270148839006 50.938912346275835 51.53095537180036 51.817214555667505 51.918255588152384 51.950610156372356 51.95413100227567 51.9462238180955 51.944191963972905 51.94381833846609 51.947329747575296 51.98337560841947 52.09934157122148 52.18384603206934 52.22171145587736 52.22824995908029 52.23077758083274
48.29020370493793 48.2901976368006 48.335143021742766 48.38749690859673 48.42384447236077 48.44338764696137 48.47223113988607 48.55525896113779 48.73991071246328 48.97055475577879 49.16503416092558 49.287044835894854 49.31944906939235 49.29550608062208 49.27679891626108 49.2664796564846 49.26393917127484 49.27497091758563 49.30686792177155 49.30992018625536 49.274500635263166 49.197409523289544 49.071688841363546 48.91698145650298 48.83050745693427 49.02009305541659 49.623924970936436 50.50450091307527 51.33670935635971 51.85703755023881 52.07158711582194 52.115144330617504 52.10796880129315 52.081522184037844 52.04907009022013 51.99908707504988 51.929542857236676 51.85209595136936 51.82239640505271 51.97205610291831 52.080630871939384 52.12602413812832 52.12387154453526 52.11186056193278
48.259166507442295 48.28300203824676 48.38271016364798 48.48631974395641 48.553508244177735 48.58509168286837 48.61201406174886 48.68647364807443 48.83399080644662 49.0558389690537 49.267996607342 49.42426926281512 49.4933480592624 49.51108204727259 49.50921591159101 49.500521925186256 49.48164603734707 49.46812265602333 49.48819354035967 49.50690534310334 49.50184173309405 49.47872882324824 49.4451558334313 49.42753118152143 49.5035208707339 49.78774290695716 50.31602748204701 51.059095163972955 51.84854798266464 52.298519708644555 52.36361218340922 52.32602265362002 52.25638447845158 52.180392427639575 52.09516911934641 51.992171172199974 51.877331949150204 51.77506088477175 51.74201405692699 51.80882382712618 51.895524611249954 51.935514702494466 51.92516107372439 51.912118519692854
48.296182272643634 48.37706995520639 48.58288689481733 48.75464524755619 48.834559411471425 48.841380272063915 48.829235100522524 48.86541882676812 48.98559146443584 49.192939639235064 49.423576432362495 49.614700394929535 49.69227969532359 49.750976748647666 49.809942222884544 49.80822344193493 49.77073483022643 49.73770156969729 49.73759735542803 49.76680234567079 49.787407000407704 49.80911660680752 49.84303685513672 49.91073318057151 50.06867770471626 50.37486789356278 50.835035075049404 51.43559283969561 52.09563579401907 52.49199606889749 52.54894736838824 52.50046386695504 52.39127381687847 52.26597880680291 52.12120874579254 51.96868369107003 51.820306310015184 51.698176191157216 51.62986295716667 51.62433332290453 51.652135694641224 51.671831171443095 51.65115427581992 51.64725343888355
48.37756245695986 48.59030399710299 48.997208596918675 49.23253312425746 49.27845498740416 49.2123325772223 49.120473915990615 49.08487763366774 49.160247567138654 49.35280514784301 49.60680866409435 49.86031941194341 49.998865599676755 50.107988176943785 50.20241975610982 50.1863683520129 50.13109791101594 50.07605948029281 50.04766122777441 50.07716523559229 50.10720178655136 50.14932514855508 50.21690691146158 50.32407849275518 50.51113715010486 50.79821095819974 51.17757752836097 51.62008322417949 52.08223870733667 52.424992015771586 52.597655060183044 52.614778596836246 52.508977857541886 52.340399241065285 52.14611729936966 51.947227945285135 51.763375926663414 51.60846256912933 51.49660284857551 51.42793713674866 51.388453933795134 51.355586632261996 51.32455761688893 51.331593119550526
48.609358383526654 49.15563188452405 49.78016576020357 49.97023384410021 49.885934580081404 49.6850522738688 49.469821671980256 49.32550665945831 49.31518677239968 49.4696894717112 49.76290122447345 50.102167509201536 50.383447442100874 50.56861830770137 50.65679322186425 50.63680048922707 50.5607429465369 50.477484120127244 50.41539503865413 50.42785242568186 50.44906793635799 50.48631389807676 50.55300627204101 50.66335964909056 50.841249355467944 51.09095477537816 51.39439786510791 51.71987316024281 52.06524240852141 52.373934885904184 52.60776943803105 52.69200043599906 52.61717706084726 52.41824689180735 52.1768806106817 51.93020888088703 51.70309033882297 51.508259407000466 51.34997731016549 51.225936741749614 51.12536980923831 51.03540012010656 50.97865139658136 50.96514262031305
50.153216120337326 50.669498347352935 51.047890202474676 50.95501862652717 50.628774961037045 50.23634784283265 49.86334385179417 49.57293343879379 49.427496968401805 49.4956331519322 49.80353580123598 50.242742463036535 50.66144543306772 50.96389254607882 51.12108000397362 51.13554000486006 51.05305664696994 50.93452413150587 50.83172539527979 50.81184958950975 50.80621827101754 50.8162310480996 50.855714101783846 50.942152225907876 51.085659457347276 51.28599691194559 51.528540272817416 51.7821083455646 52.063412048630674 52.352328011727444 52.61218234724249 52.75713897801781 52.72109475430289 52.51030601477363 52.213104888400416 51.914870282910506 51.64135320587374 51.403902189630614 51.200261672139035 51.026452745636185 50.87278144544619 50.73530994306638 50.645898406112785 50.59663717207184
51.63902856702488 52.433710410540904 52.516352458204175 51.96932059440188 51.37808667774583 50.809475543874925 50.29013510710701 49.84390012737826 49.50991587927215 49.38086048078 49.62921814903073 50.24427140506017 50.88090654055667 51.35052930715642 51.60959142959338 51.66610272571148 51.589753105808086 51.43678338122616 51.28548077463376 51.22194245084426 51.174475295291856 51.13940239491769 51.133803577863446 51.1733670200841 51.26467708695163 51.40925241691912 51.5967512914281 51.80148078875343 52.039216543763935 52.31289724401735 52.59519472667723 52.81510859976169 52.83269606443635 52.59095443469795 52.24646404675401 51.89664845164177 51.579786466249324 51.3016259984702 51.057176746755 50.839509375151614 50.640452319183936 50.459119091896184 50.3342043172008 50.25524200784971
52.46854029763348 53.30389374779848 53.28250519316441 52.61496571323453 51.93903265225611 51.293862387451085 50.68868276014557 50.12779362302909 49.61781711780146 49.19085397081369 49.24137907609671 50.22068847741058 51.1404901846389 51.789712405411926 52.143430655040355 52.22273721902199 52.12957658441655 51.94900146833093 51.76058139758438 51.64809665699552 51.54939394054949 51.45871609906334 51.39242628848386 51.363319156150844 51.38247745550959 51.45711545180642 51.58238441208991 51.73920002383869 51.944273084967044 52.20868880029532 52.50094987042432 52.77864639767156 52.888010044076076 52.57941527797341 52.233191202959226 51.86748494742851 51.51857611551618 51.20727835480277 50.92949502845385 50.67321933632248 50.41626029186491 50.20644518828134 50.05422259802832 49.95148911832762
52.6791840874204 53.14846905062125 53.18925395750617 52.80163235129035 52.24454350250702 51.64581479704163 51.04898543090324 50.473125206097706 49.931357573568704 49.45562551150329 49.46806031349868 50.51552251297618 51.56656900246793 52.345292579552606 52.74272306471362 52.772491096824204 52.614489633392836 52.38708219554821 52.18384945949089 52.05049202524567 51.904602876677956 51.75517799525473 51.61181199175765 51.49104088052643 51.415909507164294 51.40670078099118 51.46728546082057 51.58046775241476 51.75732033030642 52.0023802623788 52.273929302353785 52.514393194914874 52.5752675250393 52.40431264092551 52.123396516606235 51.80059606402744 51.459293817884834 51.127069264423255 50.81632390684226 50.49964955230496 50.21442151162682 49.98712023142493 49.814481700089374 49.6930133531738
52.6498902940513 52.954947764472294 53.003858582424066 52.7786791506803 52.37317090367321 51.88553578666561 51.37223425149543 50.876482467791064 50.45391390721095 50.22144717492304 50.422807679694294 51.14951063141634 52.111035720710916 53.010728383849056 53.385902873867444 53.23734800755553 52.97448906545337 52.69940003670739 52.492981834936955 52.35980108029303 52.20866857981444 52.01659731312134 51.78430452603131 51.549674794570066 51.35751486936457 51.249535885266354 51.24209631756642 51.315953758336065 51.47105551955866 51.69381554217802 51.93649846701531 52.14526601624038 52.216392304504865 52.12771887501072 51.92783886662398 51.666374479183474 51.36775677961551 51.03682298456861 50.680421840179434 50.33597201441546 50.04527323445943 49.808186838995226 49.621983606997816 49.48855867906372
52.55999644915672 52.78182051162099 52.83142124401956 52.694835362705916 52.40954853307714 52.04159842374315 51.64368202634236 51.26777315608779 50.98764572793941 50.907916461511334 51.14371989347226 51.71101457021112 52.50876215923419 53.39769184693615 53.72086170525642 53.42731817044901 53.11942875474984 52.840155856462644 52.6584309460039 52.54962504077011 52.41716485728665 52.20474538118523 51.88683240497425 51.52304859917787 51.192877447843784 50.97079605192331 50.89798839755152 50.94644014930883 51.09409745814225 51.30649356254205 51.536675559811954 51.74074146591548 51.8363202661556 51.8046258356519 51.66630074409289 51.44978783694082 51.17635643614954 50.85855305145153 50.522651518440966 50.204268353371916 49.91707920608703 49.67805597674409 49.486498317225426 49.34784005088959
52.4641173061724 52.63237549230796 52.679679781339594 52.59650204148906 52.396805303031314 52.13163055321346 51.843644399850476 51.58066964419955 51.40703622670095 51.39668623321686 51.607954865337945 52.031111774037974 52.595391070735154 53.136288431179736 53.37015608865813 53.252589081629075 53.00895664275006 52.790526664146284 52.66754985345937 52.5923589215052 52.51083805112228 52.29938026359435 51.850784179444254 51.334669459877425 50.84741221489423 50.515699018168945 50.41040757692548 50.47342049211613 50.641878070865374 50.86556372230228 51.099831612120624 51.30966251186129 51.42162042562488 51.42081166114585 51.320143647456284 51.137831754164985 50.890015895172766 50.608584014479895 50.33279903187465 50.06780929536273 49.82192721703316 49.60382502950527 49.417955313092286 49.278683162176264
52.3794047892575 52.50384923308189 52.54517985886431 52.492512888808776 52.350881466547975 52.163181055125854 51.961581578605795 51.784455392581364 51.6777061099222 51.688587373710014 51.84672830128113 52.13087069141733 52.48275624768548 52.79012978779923 52.927012315403346 52.86431404866618 52.69933763949034 52.567663832606556 52.50157594395025 52.4382285085513 52.357344624088334 52.122268941468306 51.59021573125554 50.93345507443009 50.24311346640994 49.78677597815776 49.744923927683224 49.89050753966697 50.114722244220644 50.366569005590435 50.615548141419 50.83591982989475 50.9615364896848 50.983587174818446 50.91060503458487 50.75606959229333 50.556070349911074 50.33872976225019 50.12264351169667 49.911245980408395 49.712042949860155 49.53369353148327 49.38043925531827 49.25044226261919
