_RESULTS/CROSS_VALIDATION_POSTPROCESSED/Berg/IZ/1comp/1/Berg_IZ_z_1000_kriged_reverse_1comp_spherical_1.asc
ncols 100
nrows 90
xllcorner  5.6208707817415728
yllcorner 50.959635321741573
cellsize 0.00013419651685393446
nodata_value 1.7014100000000001E+038
[rows 18 to 35 of 90, columns 41 to 81 of 100]
0.07459772734141079 0.0800495652683265 0.08066193634440062 0.07632243646745641 0.06839333003173735 0.05875047244976965 0.04751590359573801 0.034963292870558736 0.023699627345464873 0.014972521829657338 0.008911434024778366 0.005048284632905205 0.0027492739707082213 0.0014535176856717393 0.00075292746376717 0.0003859422101251329 0.0001978646392601054 0.00010267838967789845 5.446295495691727e-05 2.9888608632019037e-05 1.730204585634911e-05 1.0687852682350201e-05 7.365321360734823e-06 6.013479351448415e-06 6.094754312597444e-06 7.641365699285092e-06 1.1268657252828296e-05 1.8417225520975162e-05 3.186557600366458e-05 5.660056734079928e-05 0.00010112507842789019 0.00017916957657188205 0.0003114893074967752 0.0005269156147560217 0.0008611503134002008 0.00136360600094317 0.0021265866641444527 0.003240825152205468 0.004782573405134011 0.006772403773912761 0.00911786692776687
0.0894679772206128 0.09718929172774611 0.09760881012226783 0.09068379400901226 0.07912719099929835 0.06610693612634602 0.05155489756668123 0.03669594735529163 0.024150243098280753 0.014857553307647136 0.008629022742430836 0.004774700809410571 0.0025393853723630526 0.001309390655443673 0.0006602847483203155 0.0003285154527245832 0.00016276622879914988 8.083129753854255e-05 4.04872613643374e-05 2.0726807444119732e-05 1.1040387612674589e-05 6.181146305253167e-06 3.81993992131866e-06 2.8769968634513816e-06 2.9334592219107224e-06 4.0136790415792374e-06 6.600142966975932e-06 1.1875734216678848e-05 2.21942029584058e-05 4.189820552948629e-05 7.859622123938128e-05 0.00014490849622904076 0.0002604341643135184 0.00045318986256135925 0.0007606356772261412 0.0012570816730867892 0.0020454911545652286 0.0032487105236574183 0.004992405330455337 0.007357642071378317 0.010305028549952019
0.10790621131335972 0.11986386057287055 0.11991456112080598 0.10826601589160514 0.09108803226947036 0.07360353232058091 0.05548962846657751 0.03840903261402066 0.02469606105944417 0.014893928023749763 0.00849913749621593 0.004627106609563239 0.0024226408920519325 0.0012295221275607753 0.0006096186256992981 0.0002976259313059988 0.00014366944732098106 6.88796128991087e-05 3.305168192264238e-05 1.6016479257150442e-05 7.929825470751855e-06 4.014473469744204e-06 2.1449156881176187e-06 1.3826242161246467e-06 1.4296928583481604e-06 2.298598210330154e-06 4.347917280575313e-06 8.612416035621435e-06 1.7198391241237145e-05 3.40571188119382e-05 6.62370383256542e-05 0.00012564007059830075 0.00023107980107025505 0.0004099487916784384 0.0007082522562704934 0.0012131164651721297 0.002044103005555705 0.003360433107051614 0.005344619166392193 0.008152789127555304 0.011821541323166805
0.128917778591024 0.14968679224594425 0.14888121032140816 0.12779626250815204 0.10239422585116846 0.0798469013760737 0.058575109975294526 0.039753858220663615 0.025191651762739773 0.015026558757325883 0.00850175238564738 0.0045966642471558464 0.002392581910291312 0.0012077280314558253 0.0005952856589401454 0.0002873854418074725 0.00013662065174989014 6.43508546746142e-05 3.021792576489854e-05 1.4235130326267065e-05 6.770589019189221e-06 3.22155329916432e-06 1.5226089290452205e-06 7.368114059614518e-07 7.987772246261005e-07 1.665195492755895e-06 3.5225243300157532e-06 7.3930081288947176e-06 1.528971725661146e-05 3.1000906774326776e-05 6.133602696462213e-05 0.00011788470001068802 0.00021911025152706215 0.0003928904123357186 0.0006967303627749378 0.0012252409859940228 0.0021199661144133916 0.0035801875017723965 0.005853051038036201 0.009184899597704363 0.013713581436773368
0.1461503180168458 0.18607645611118614 0.18245973092239762 0.142942070828403 0.10910750641100525 0.08292635128972066 0.060013090094352683 0.04043546597631682 0.025541221945898366 0.015228860508848287 0.008630754857625694 0.004681965016332229 0.002448340000400832 0.0012401510857022592 0.0006114253569436032 0.0002952335296341354 0.0001404949307962196 6.63136506257967e-05 3.125141825583482e-05 1.4809825806921399e-05 7.115977819893828e-06 3.4569112867384437e-06 1.709612968382088e-06 9.575768841757004e-07 1.0079992313415116e-06 1.8548093248737837e-06 3.767545830424544e-06 7.756370286433455e-06 1.5861268000887165e-05 3.1920129859004984e-05 6.281566712823655e-05 0.00012023362069218695 0.00022274567371774245 0.000401688635103855 0.0007231797562408144 0.0012926110137376134 0.0022759356564495403 0.003916298026863379 0.006532686278531277 0.010475604913256293 0.01600902679549726
0.14432028745625222 0.1851588222144275 0.1808983193696686 0.14039507769630144 0.1068943430546524 0.0812874886607366 0.0592367963895365 0.04025045568092526 0.025675302977518234 0.015480767523737917 0.008883000469390214 0.004876703410256019 0.002576676643068819 0.0013186506062860823 0.0006579064401095719 0.0003221693838210343 0.00015594167604578244 7.518437632469961e-05 3.6423200804276514e-05 1.7922392468726408e-05 9.080694674966806e-06 4.7976265049660276e-06 2.7473486108392477e-06 1.9294747766916273e-06 1.9791774585592846e-06 2.9166980365316784e-06 5.167525476747948e-06 9.829180233046688e-06 1.9094673057028694e-05 3.7058130872228964e-05 7.100127476067845e-05 0.0001331138872887141 0.00024252792055943123 0.0004367618327368447 0.0007891656789297015 0.0014190365554800721 0.0025190040980765994 0.004379097098898231 0.0073949720584562525 0.012030629393256137 0.018685690368430884
0.12344304368100945 0.14309502334691387 0.14155407269382123 0.12053581298672895 0.09620648599502364 0.07515510644486573 0.056304402873540695 0.03917802835052768 0.025535368970597137 0.015706305218757974 0.009180693324965215 0.005134690017281931 0.0027666715932664074 0.0014461877949297865 0.0007386549232373279 0.0003714636698250263 0.0001854461656163983 9.230894399208459e-05 4.630797365346869e-05 2.38355161762368e-05 1.289447645597805e-05 7.480150175704698e-06 4.84580392223224e-06 3.7970024065424703e-06 3.862188244560728e-06 5.0710871107698925e-06 7.96943344259908e-06 1.3869884469609427e-05 2.536906228579806e-05 4.720583382876296e-05 8.746078144857383e-05 0.0001588608431672822 0.00028184631591814043 0.0005018555749067169 0.0009001621345093133 0.0016121664207000772 0.002858726025683563 0.004977561479345865 0.008440679818720383 0.013804239129843137 0.021294609772973403
0.09886473047272253 0.10900977558839092 0.10828800630040725 0.09717296472273146 0.08153991977295114 0.06605846571636464 0.051422396250164704 0.03701776021536322 0.02487456821995121 0.01574487442581486 0.009464455404656152 0.005444723788685019 0.0030205262329507667 0.0016284272579999844 0.0008600019150641851 0.0004451827004453807 0.0002274249433156661 0.00011637872979323839 6.0685505585576225e-05 3.292177739204336e-05 1.9077087518342143e-05 1.2005971931880096e-05 8.475514064378557e-06 7.046654541538354e-06 7.140399115421051e-06 8.795777306265945e-06 1.2686597302400513e-05 2.040041851628729e-05 3.503921211233243e-05 6.210711955289e-05 0.00011088739707761604 0.00019619170289556447 0.0003410942917254898 0.0005965278260509167 0.0010541712324531318 0.0018703919881542888 0.0032973770644902185 0.005714240685220532 0.009635484932356032 0.015461907977375467 0.02338118707296675
0.07731944563660646 0.0830095559366191 0.08262109164040304 0.07632333974405292 0.06651200872562349 0.05578567540842226 0.04523940918141071 0.033971210426448045 0.023736097422259243 0.015592796630425919 0.009719797834616649 0.005799041290896641 0.003339504372404305 0.001865096490119361 0.0010065365867977282 0.000531414683124085 0.0002786052025259881 0.00014744641515479346 8.02546868605331e-05 4.59170809797073e-05 2.8311994617036657e-05 1.899515161333137e-05 1.4221884598049388e-05 1.225720623547492e-05 1.2395748253100223e-05 1.4688694173476e-05 1.986337153168089e-05 2.957433978764293e-05 4.711446682488602e-05 7.832459567094207e-05 0.00013309537955830225 0.00022723911283517521 0.00038751934869521193 0.0006743490052187168 0.001183503884256346 0.0020749955881398975 0.003640680462554635 0.006321217184288901 0.01055483328845875 0.016657353953420558 0.024627709514218048
0.060084580224938317 0.06346546715299721 0.06323931964784106 0.059477738032699005 0.05326620551673205 0.04599978322984334 0.03868005198997142 0.03043914585621126 0.02224409525261157 0.015262617297058668 0.009931270461103687 0.006186059176037999 0.003688146215709512 0.002098727457033104 0.0011559101333735245 0.0006254388273362172 0.0003378088379710756 0.00018532868398716664 0.00010528894430814193 6.329855668757684e-05 4.1110203022799694e-05 2.895312815826392e-05 2.2585073526566954e-05 1.9928924915272727e-05 1.9980558162695945e-05 2.2546063310886844e-05 2.8393809082334195e-05 3.9238282140127714e-05 5.8296590684790365e-05 9.123876206137521e-05 0.00014764063385833183 0.0002429061730499089 0.0004049536539338884 0.0006975602582414614 0.001224192230906311 0.0021535744755668365 0.0037477135946516202 0.006401025438616371 0.01048876528977105 0.016338334344077138 0.02396493306959634
0.04674628129557287 0.04883761752832997 0.04869937093383721 0.046365335696370996 0.04236879930458163 0.03746896020520358 0.03235844952191011 0.02674179708648674 0.020515115039611526 0.014768801605369144 0.010080907077323977 0.006506307327255828 0.003956915613886901 0.002300457295004796 0.001297749532351648 0.0007215923736504078 0.00040211820733795803 0.00022861749648114027 0.00013515219407135082 8.48638505910377e-05 5.739730551053791e-05 4.1917395086058994e-05 3.359888948514953e-05 2.945711333051021e-05 2.849630622337141e-05 3.056999042336611e-05 3.6245583029181455e-05 4.6994763055754986e-05 6.5659361607524e-05 9.726212555300178e-05 0.0001502879408253353 0.00023846905861758946 0.00038783623027727063 0.0006586426963786178 0.001150450464882337 0.002032105408535181 0.0035496118104333414 0.005910228393709203 0.009448662418950197 0.014433947961172417 0.020790416097074035
0.036566729451886645 0.03789944195921382 0.037812009452953765 0.03632164378337568 0.03370695104474378 0.030391842166243313 0.026803231115423303 0.023094034151890794 0.018641306565665886 0.014122745969802139 0.01002607475832368 0.006616607910868476 0.004117500163362855 0.002452544371251294 0.0014190865652007158 0.000809642369320798 0.0004636992147915462 0.0002716700253601116 0.0001660756937562004 0.00010811086688353562 7.525861445234068e-05 5.602652704549363e-05 4.434073471502954e-05 3.79104429174405e-05 3.544836942892807e-05 3.644237115183869e-05 4.1119273550719996e-05 5.053992701939932e-05 6.690924023389161e-05 9.433066136598892e-05 0.0001397017414642969 0.00021424813744217472 0.0003395851729403294 0.0005669942391545805 0.0009822609348582574 0.0017344683447867522 0.003004553508402876 0.004963217110637017 0.007735634036471553 0.011523421971836615 0.01616550240787373
0.028844401663007835 0.029713609395899433 0.029656882877854653 0.028683493322603223 0.026946124833689834 0.02468801379260067 0.02217189883786195 0.019624055497221154 0.016689714009667917 0.013229128438273908 0.009628060602558434 0.006512978569364684 0.004150977157049807 0.002525269442893929 0.001491263802991464 0.0008699802723399413 0.0005106189376654854 0.000307291901688187 0.00019335825999049723 0.00012931961422221405 9.088051513976084e-05 6.631352653509313e-05 5.118596803372667e-05 4.24901934070717e-05 3.837185750712885e-05 3.791536157867684e-05 4.09904106690414e-05 4.8244193848739856e-05 6.127116374710128e-05 8.297302228251444e-05 0.00011829167398801466 0.0001758045034347964 0.00027156579078062385 0.0004449858521866647 0.0007626498115184385 0.0013339270025182475 0.0022790568532299357 0.0037328430753952955 0.005767263350596948 0.00835280418171978 0.011359891086595757
0.022998603358853488 0.02357626690015816 0.023538710314798546 0.022891149357868446 0.021720548805357277 0.020170143742494588 0.01840288219900363 0.016569035897414687 0.014675746532982334 0.011970784721093995 0.008941765468542116 0.006181381467259876 0.004013771644556858 0.002489030292618969 0.0014995001172421866 0.0008932900686869705 0.0005359688895502733 0.00033008025212424315 0.0002127375655133447 0.0001431756642004627 9.796975950670183e-05 6.943456112224547e-05 5.196935573679642e-05 4.179586833669908e-05 3.660125260757012e-05 3.505194039908321e-05 3.668706772076382e-05 4.17642290964126e-05 5.129605619614663e-05 6.727933240942726e-05 9.313703479480012e-05 0.0001343877356387953 0.0002012454028190846 0.0003211200056512158 0.0005406652959654622 0.000926876805084609 0.0015596768774393437 0.002527599201825378 0.003877033677771032 0.00553109082673484 0.00737709015614799
0.01857409175295366 0.018963987999919822 0.018938711346752717 0.018501301850844646 0.0177029195850696 0.016629977701079986 0.015384769583401197 0.014066787067195639 0.012519282341742453 0.010466993140559275 0.00797886281095105 0.005621949441885968 0.0037209121065958787 0.002351892426172118 0.0014441663594822402 0.0008768829853132348 0.0005362412476513635 0.00033658350950917747 0.00021928043186867805 0.00014305043282848926 9.453376634078293e-05 6.498189397136949e-05 4.7465781786512847e-05 3.733680689733021e-05 3.1915686796184535e-05 2.9776242845908436e-05 3.0312419177029642e-05 3.352979229737598e-05 4.001161422077106e-05 5.1039237752335706e-05 6.887369893974646e-05 9.721267228874082e-05 0.000142155685160415 0.00022012761302986507 0.0003603209296765266 0.0005966514959961386 0.0009764824447919446 0.0015550971008010622 0.002363907963482916 0.003358328301847627 0.004515821496291207
0.01522344364071116 0.015489919159579932 0.01547268146435795 0.015173557035350919 0.014623505788974523 0.013875865677992998 0.012995801885528036 0.011991996883711224 0.01054554333746656 0.008788824569281534 0.00683554532644212 0.0049130428666380975 0.0033154768578200705 0.002135312463722619 0.0013349026838032543 0.0008244071977168357 0.0005122257585668418 0.00032606999675553294 0.0002066874833875518 0.0001299950609638044 8.365768985837502e-05 5.618630216682241e-05 4.0067095016482666e-05 3.076182285858881e-05 2.5667743020627623e-05 2.337758092653489e-05 2.3229111791973083e-05 2.5071419921163032e-05 2.918660001049056e-05 3.63356373159325e-05 4.792451905665853e-05 6.630096465647697e-05 9.519252167278905e-05 0.00014389938549298298 0.00022820009420476982 0.00036511181497379667 0.0005792806862759558 0.0008962720810447691 0.0013294586315738752 0.0019159447407458 0.0026475968483520053
0.01268558567193809 0.012869405170700947 0.012857534087799919 0.01265110020728699 0.012269332113631253 0.011745894339057312 0.011122997838234804 0.010217319469354657 0.008823832602000767 0.0072180546931021015 0.005638865404715785 0.004137660204422134 0.0028479054447809685 0.0018683425020453934 0.0011878471867758729 0.0007446346688263256 0.00046862977493947704 0.00029468437312867116 0.00018068684511694154 0.00011080230378939951 6.938968784471441e-05 4.52971598915605e-05 3.14079451161535e-05 2.348856108383873e-05 1.9139508357698897e-05 1.7062210326425588e-05 1.6614678097544638e-05 1.7573269190769996e-05 2.0032709088025727e-05 2.440651027135447e-05 3.1516446413213003e-05 4.277666067428812e-05 6.0475950830934034e-05 8.933311440290437e-05 0.0001378715121652903 0.00021359230108844156 0.0003289316091821676 0.0004949465955518941 0.0007298690000926173 0.0010638695041815668 0.0015023906796470664
0.010766364059098836 0.010893803252790966 0.010885583239705784 0.01074241888188034 0.01047655858108848 0.010109740463078418 0.009638732015460609 0.008707668755093876 0.007390817096015575 0.005940552409988299 0.004559111481848888 0.0033684418437532723 0.0023660633141695197 0.0015811384701194561 0.0010215739214122558 0.0006489884144085208 0.00041020265195721345 0.0002515433862538791 0.00015042607298262732 8.956897327170538e-05 5.42829867989568e-05 3.42481474459032e-05 2.2985847062533774e-05 1.671038960647989e-05 1.3312378757331395e-05 1.166120751705187e-05 1.1186852190469754e-05 1.165355445750979e-05 1.3055398614188969e-05 1.5593325049772212e-05 1.9717977591286867e-05 2.623960451179545e-05 3.651098413464163e-05 5.287051190258002e-05 7.944072200115622e-05 0.00012017722931952815 0.00018013553204849174 0.0002693889108867847 0.00040334642721672473 0.0005956808925192578 0.0008531589939708931
