_RESULTS/CROSS_VALIDATION_POSTPROCESSED_CLR/Berg/GZ/7comp/1/Berg_GZ_z_63_kriged_reverse_7comp_spherical_1.asc
ncols 100
nrows 90
xllcorner 5.6208707817415728
yllcorner 50.959635321741573
cellsize 0.00013419651685393446
nodata_value 1.7014100000000001E+038
[rows 57 to 75 of 90, columns 0 to 42 of 100]
-2.293369729646546 -2.249461487264508 -2.210664033324808 -2.17720629269135 -2.148770751019196 -2.1247577482406763 -2.104519714210147 -2.087535642101745 -2.0735381361216865 -2.0626248751637757 -2.0553831013830357 -2.0530277956701215 -2.0574846021519413 -2.0701516970388876 -2.089629074381485 -2.117099992011927 -2.1515894617803273 -2.1897189036664946 -2.23361519922032 -2.2834481623371787 -2.3359126364947733 -2.3884357930578526 -2.439494170672468 -2.4909854423559055 -2.54284655242306 -2.5945007045506236 -2.6453658530231623 -2.694628725722516 -2.732152544575278 -2.760825455494494 -2.8288555875558816 -2.9419316564977334 -3.0972232171337337 -3.2935365577191256 -3.5361192198303892 -3.8235159836154877 -4.1530803736703525 -4.521830759229738 -4.92625271840965 -5.362010857536215 -5.823526498126268 -6.303364794278739 -6.797108396098153
-2.40079873405855 -2.356088775411546 -2.3139711579001148 -2.274867438073113 -2.2387419949468517 -2.2052706021503843 -2.174009321129226 -2.144544340916256 -2.1165493785083824 -2.0899082701068235 -2.065525014638189 -2.0450258585424805 -2.031066939328777 -2.0275398510675022 -2.037566559342497 -2.061054060528539 -2.096966849169079 -2.1418101728490764 -2.1966113697184904 -2.256735136467764 -2.3182640075465475 -2.37888941682579 -2.439646604579324 -2.500118023640269 -2.559661564164526 -2.6177297690522128 -2.6737689529462094 -2.727150934013771 -2.776818738494142 -2.8161221746982257 -2.8858028755099534 -2.9987958077023915 -3.1521350386823404 -3.34330127123437 -3.577055777903376 -3.852939101280892 -4.167748137316182 -4.517797035013934 -4.898699824987596 -5.305058982443626 -5.730017582677586 -6.166724054530935 -6.603703512567637
-2.4987925411401513 -2.4539490636312395 -2.409510590216194 -2.365997233205472 -2.32352402685281 -2.280617214090644 -2.23676851511168 -2.192487561788467 -2.1482202195458484 -2.104476209953121 -2.062042956478395 -2.0223902207240116 -1.9884305591667357 -1.9656825194106937 -1.962661308911936 -1.9855421315817208 -2.0292839783404313 -2.0890559123804042 -2.157174904152754 -2.2283336796392863 -2.299505665339101 -2.370646082085249 -2.440783633016509 -2.509220398524363 -2.575440676768511 -2.6389807024016907 -2.699347852439779 -2.7559694112934423 -2.8081619366799693 -2.8550946856382096 -2.922546985790153 -3.03139646007208 -3.178503763867062 -3.360648851447775 -3.5813128053587704 -3.841150127408237 -4.13644229883095 -4.462882070108069 -4.81535572689035 -5.187644183463031 -5.573992308790871 -5.9675133453095235 -6.355903977263642
-2.586540662468767 -2.5422770075032832 -2.496381968699058 -2.4467431372408894 -2.3934336225565267 -2.337587871136756 -2.280055094840849 -2.2214536023478986 -2.1622279363638093 -2.102727459850492 -2.0433545954584496 -1.9849054681663227 -1.9294459362997975 -1.8826783783056067 -1.8589762245343724 -1.8787107159444443 -1.9412783914945693 -2.0253468911174224 -2.1143418382144272 -2.201951882103214 -2.285414059904648 -2.3660806123731746 -2.444136141258568 -2.519157500247196 -2.590792178567897 -2.6586751576840033 -2.7223794432657487 -2.7813853762773006 -2.835062846474732 -2.8826638340676656 -2.939680392973908 -3.0404687782701614 -3.1773920400951168 -3.346786896834966 -3.5507295587869785 -3.7907989222163425 -4.062840414689669 -4.3620536508356595 -4.682841923895585 -5.020826025983928 -5.369659759058277 -5.7200707640511546 -6.060587509913468
-2.6631591416207883 -2.618015139108037 -2.56469872508009 -2.5051060021967766 -2.4408892349491653 -2.373382639358585 -2.3036248296367727 -2.2323783248571347 -2.160144855179033 -2.0871819251232706 -2.0135375620709492 -1.939151030204698 -1.8641926039270396 -1.7905423497644752 -1.7314868741594975 -1.7505128175104496 -1.8454648422295898 -1.955958791343613 -2.067222690696853 -2.1740769172346726 -2.2744120615767063 -2.3665173452682717 -2.450662146384696 -2.530531613060716 -2.606083454063925 -2.6770176312328844 -2.7429470188929086 -2.8033838224504257 -2.8577317790469197 -2.9052839162094215 -2.9491678025560533 -3.0289476563852187 -3.1504019425858893 -3.303570471870759 -3.4878082447980416 -3.705169926531738 -3.951178006614069 -4.221244918213042 -4.511680366833403 -4.816321733500322 -5.127610239758328 -5.43652947057268 -5.732447096197118
-2.7264074138081167 -2.6717718878713974 -2.609139949607585 -2.540224692467211 -2.4661814051778297 -2.3883002411220873 -2.3078549614061408 -2.225835565590287 -2.142939832819453 -2.059560112199114 -1.9757699943245663 -1.8913189999844893 -1.8056529838305617 -1.7180445369779693 -1.63035040773664 -1.6556100519181447 -1.777709239861366 -1.9021355913590425 -2.025475558808136 -2.145527857130116 -2.2592932366656853 -2.364499441688703 -2.4595379303027665 -2.5435176133888824 -2.621335670383749 -2.6939266031448614 -2.760894126075965 -2.8217474342291475 -2.875896905675208 -2.9226533652139897 -2.961230953110702 -3.0138829279947217 -3.106824119791029 -3.234430175075033 -3.39549049589341 -3.5881487300244954 -3.8081858699487707 -4.051035169064601 -4.311207185768433 -4.582334502836202 -4.857036799888494 -5.126824141728253 -5.382092822090613
-2.7716605715374474 -2.7077183746906828 -2.6351044414740152 -2.5557239702394563 -2.4712930604057908 -2.383340497657657 -2.293207626047274 -2.2020447675886965 -2.1108072675778216 -2.02026309815979 -1.9310432306156167 -1.8438206423381394 -1.7599059754619613 -1.684421641943022 -1.6386542825089179 -1.6642676811889618 -1.7567857431363867 -1.8737545446081412 -1.9975675852613068 -2.121656206922893 -2.2422762847951105 -2.3565576131500636 -2.461912074024995 -2.555620909004954 -2.636150567417369 -2.708988343471635 -2.7757944535801897 -2.8360360136964773 -2.8891007554484847 -2.934293551612079 -2.970836834970685 -3.0023258389393126 -3.063981259972995 -3.1594176145821353 -3.2886121806407678 -3.4520295567462775 -3.644007350559486 -3.858426982344558 -4.088047581949833 -4.326179422156585 -4.565789230728249 -4.79904050692025 -5.017375655749347
-2.799542987650018 -2.726927721354456 -2.6450549044030365 -2.556026485404754 -2.4618176245091647 -2.364276813256218 -2.2651236225581366 -2.1659457548150662 -2.0682048636831887 -1.9732761258798297 -1.8825787926262143 -1.7979284810369205 -1.7238968580019196 -1.6707885619282195 -1.6519154730060508 -1.681693545871779 -1.7578780458533385 -1.8629841417684372 -1.98201445095766 -2.1060306302770204 -2.229500482014893 -2.3484794922106045 -2.4597932729841894 -2.5606807728405494 -2.648629072639998 -2.7220509572319043 -2.7873560922375025 -2.845966749047259 -2.897208510133742 -2.940424866900754 -2.9749716632014933 -3.00021347758394 -3.0313377255669405 -3.0948637849655785 -3.192198391603038 -3.3227766020359755 -3.480961842628391 -3.660777922362659 -3.855872368747711 -4.059493750537698 -4.264497462724495 -4.463400808989531 -4.648513889122915
-2.8106548617143163 -2.7299594107486467 -2.639461793819514 -2.5414674235421284 -2.4382237057901217 -2.3319233401543658 -2.2247035505405246 -2.1186435248118185 -2.0157711649100154 -1.9181062917551455 -1.8278832807831704 -1.7504209222712939 -1.6912762143319298 -1.6566723138208066 -1.6542661949920987 -1.6896041418195682 -1.760763080593519 -1.858785451645616 -1.9733398203725576 -2.0960805237130193 -2.22084693334046 -2.3429781939802776 -2.458737857464274 -2.564960944950568 -2.658850805632945 -2.737860652521259 -2.8014970401765886 -2.857501727122818 -2.906384942547226 -2.9474431042490647 -2.9799960033931203 -3.0033801962496574 -3.0173897489121297 -3.0475744635706437 -3.112260969070052 -3.2095039586093423 -3.333757462297039 -3.479203086668043 -3.6397377986243074 -3.808979873257008 -3.9803047092684096 -4.146925310797153 -4.302033613062002
-2.8055326942994263 -2.717306248591057 -2.6187220038527625 -2.5122850980209606 -2.4005164247027566 -2.2859626404211153 -2.1711978888592935 -2.0588159933979497 -1.9514233312822644 -1.8531421877738752 -1.7684330789978624 -1.7010146703993023 -1.6549928477604219 -1.6348518018945206 -1.6447249227534775 -1.6865681339399223 -1.7583307879157486 -1.8541997556513932 -1.9667649928901605 -2.088959505864853 -2.2148086204577107 -2.3394172077397517 -2.4587288159927283 -2.5692906251392102 -2.6680777554862667 -2.7523717009592037 -2.8196774553497916 -2.8724728709974316 -2.9182522395067494 -2.9564522234070125 -2.9863510748466875 -3.0072523710045633 -3.018478491010768 -3.0227690579254283 -3.054313234792474 -3.118016733204704 -3.208470256951782 -3.320058061685714 -3.4469640510141493 -3.583196969386156 -3.722643375627431 -3.8591581118537874 -3.986701239847587
-2.7846755915146804 -2.689433785755108 -2.5832146343797753 -2.46870525570457 -2.3486855163490343 -2.226048943863157 -2.1040817258328026 -1.9870750910493424 -1.8789243459575489 -1.7835119229965153 -1.7046715310843112 -1.646101919925808 -1.6112624719988797 -1.6031341773726082 -1.6236718188932107 -1.6729701723327228 -1.748647092099883 -1.8460733792616406 -1.9593833621958734 -2.0825585400469615 -2.210077400013075 -2.337124020698574 -2.4595537532083926 -2.573775813784305 -2.6766300628765993 -2.7652837223327733 -2.8371516764426614 -2.8901584179753623 -2.932190796961073 -2.9669138387977916 -2.9935639196583765 -3.0114104081761495 -3.019747617765226 -3.020294723128391 -3.0237312115969255 -3.05390941145977 -3.110883044299269 -3.1892663976375153 -3.2835473247866407 -3.388124217156771 -3.4973670955521987 -3.605708732918672 -3.7077701498855813
-2.748888553535636 -2.647221199322531 -2.534064410821344 -2.412419512545439 -2.2855645421825543 -2.157085765336622 -2.030887856787846 -1.911163034378286 -1.8022966045452575 -1.7086933656493135 -1.6345306596845002 -1.5834715092522675 -1.5583791193222256 -1.56104278888044 -1.591893726399441 -1.649743973284699 -1.731710232818522 -1.8334920425813919 -1.9499567993760945 -2.075774537184765 -2.2058738384070224 -2.335661151188257 -2.461065382238794 -2.5784917292394103 -2.6847437546389084 -2.7769440683070212 -2.8524655222711557 -2.9088756235327 -2.9474712297288463 -2.9781871505829685 -3.0010665098472837 -3.0153466038799204 -3.020294627576387 -3.020294723128391 -3.020294723128391 -3.0225635754877436 -3.0465018112468694 -3.092410834581674 -3.1550849687535596 -3.2292979990815613 -3.3098664565060645 -3.3917362193075467 -3.4700939841753264
-2.7077777203154296 -2.6004876699579618 -2.4815053258706348 -2.353910685831772 -2.22112533157017 -2.086973060597396 -1.9557208892218778 -1.8320673188997618 -1.7210293325455523 -1.6276780458465268 -1.5567085969739252 -1.5119121932175061 -1.495703249279691 -1.5088542259420799 -1.5504813616869297 -1.6182145568028183 -1.7084775626792426 -1.8168490822293102 -1.9384705306064878 -2.0684264831952914 -2.2020240896438406 -2.3349453286514628 -2.4632933256105045 -2.583572505465517 -2.6926377233264858 -2.787635043679887 -2.865945824925774 -2.925138711720185 -2.963283957742489 -2.9895520941511475 -3.0082140199079075 -3.018479702182274 -3.020294723128391 -3.020294723128391 -3.020294723128391 -3.020294723128391 -3.0205805144177975 -3.0347772980068175 -3.0668407889930145 -3.111898325682945 -3.165172756075237 -3.222061996519735 -3.278236280706378
-2.6665652151114987 -2.554268236522161 -2.4298703739168976 -2.2964604459796947 -2.1575230673271504 -2.0170393623663445 -1.8795832859363584 -1.7503706161279509 -1.6351782649955684 -1.5400177056134388 -1.4704780494933714 -1.4308253113070253 -1.4232022064497543 -1.4473429849893387 -1.5009104367549821 -1.5801655530598104 -1.6806076927036324 -1.7974290004548856 -1.9258056926091218 -2.0610862474168243 -2.198908533762877 -2.3352580301571884 -2.4664783823805627 -2.58924938912097 -2.7005475799436605 -2.7976010069676214 -2.877845406437588 -2.938885251142086 -2.9784608635289187 -3.000231369060847 -3.014302753669472 -3.0201695435014813 -3.020294723128391 -3.020294723128391 -3.020294723128391 -3.020294723128391 -3.020294723128391 -3.020294723128391 -3.023802289372059 -3.0408193652424123 -3.0680378134550894 -3.1012523362110116 -3.1365470639749478
-2.62648016066815 -2.509951803180973 -2.380715388547417 -2.2417819894760282 -2.096587687350246 -1.9491405819087242 -1.8041988795004185 -1.6674440626564537 -1.5455401852853197 -1.4458530915006964 -1.3755406145253144 -1.3399901730103958 -1.3412898187446225 -1.3778213774103076 -1.445249460672034 -1.538021816838073 -1.6504617905803514 -1.7772515540214389 -1.913540332517192 -2.054916578204007 -2.197358260550895 -2.3371904334743725 -2.470994866818489 -2.5951368917496302 -2.707038479938823 -2.804476924147684 -2.8852659245845715 -2.9472176535463563 -2.988112963040473 -3.0077868711440163 -3.017937844052891 -3.0202598362861677 -3.020294723128391 -3.020294723128391 -3.020294723128391 -3.020294723128391 -3.020294723128391 -3.020294723128391 -3.020294723128391 -3.020294723128391 -3.0229950462161277 -3.0336788848041394 -3.049217039626657
-2.588719812090723 -2.468965020230552 -2.3357372767801317 -2.1918769694121725 -2.0406360594232495 -1.8858625416202894 -1.732269859338704 -1.5857994047727122 -1.4539992758526232 -1.3460899244381983 -1.271963684659286 -1.23943493950456 -1.250884397033331 -1.3024370022177394 -1.3865453515734603 -1.4951417829005382 -1.6212129404555626 -1.7590190876570162 -1.9038115236309912 -2.051491325187957 -2.1969985933274363 -2.3368584754197945 -2.468861816949982 -2.5909117476316097 -2.700972962008767 -2.7970283944320604 -2.877041934604314 -2.938927748749772 -2.980527157160762 -3.000014751593134 -3.0077377936118093 -3.0118762146492633 -3.015848443790454 -3.01892759272271 -3.0202868882093616 -3.020294723128391 -3.020294723128391 -3.020294723128391 -3.020294723128391 -3.020294723128391 -3.020294723128391 -3.020294723128391 -3.020294723128391
-2.5543839650302855 -2.4326962321803647 -2.2966931492339206 -2.1489654244657466 -1.9924468500721597 -1.8306032817645497 -1.6677559664835035 -1.5096339448344938 -1.36425296064585 -1.2429538528795603 -1.1602581606605322 -1.1293868031933076 -1.1537979012753112 -1.2249087154997982 -1.329490865509757 -1.456205190906577 -1.596962075122426 -1.746042927651762 -1.8969953750379676 -2.0453571689863512 -2.189062147212745 -2.326246846881893 -2.455146154851154 -2.57402955715719 -2.6811556483920027 -2.774735406746855 -2.8529014440565135 -2.9136834877566278 -2.9549912751189584 -2.974605830805597 -2.9815481349294295 -2.989407361739229 -2.997879523878086 -3.006152522999777 -3.0133144394256024 -3.018376615118455 -3.020294723128391 -3.020294723128391 -3.020294723128391 -3.020294723128391 -3.020294723128391 -3.020294723128391 -3.020294723128391
-2.524890568854229 -2.402373791385221 -2.2652470310135637 -2.1153052963883674 -1.9550797790295262 -1.7874713339946793 -1.6160293918199806 -1.4455327219373184 -1.2832524256153262 -1.141596315871666 -1.0418624325594803 -1.010339784899192 -1.0540429473935649 -1.1521924546703084 -1.2814415052544554 -1.4275572818810642 -1.5818253123938915 -1.7358959948506614 -1.8869815758164574 -2.0334336698282973 -2.173849990130405 -2.306912813647495 -2.431307296068946 -2.545672912793944 -2.6485677417281064 -2.738438076435503 -2.813592144833723 -2.872179496068969 -2.91217829552983 -2.9321445196519718 -2.941995641900827 -2.9538176437999333 -2.96705430368948 -2.980795850017555 -2.994030522411591 -3.005672581996246 -3.014586994179661 -3.0196099770592904 -3.020294723128391 -3.020294723128391 -3.020294723128391 -3.020294723128391 -3.020294723128391
-2.50458731052579 -2.379209389881652 -2.2427465213856426 -2.0928835251252607 -1.931467380305994 -1.7608095367283016 -1.5835166820800837 -1.402815685217526 -1.2234662590401661 -1.054781381730098 -0.9216498567895264 -0.8836493931950242 -0.9625564366384136 -1.0978223049070515 -1.2533600215121374 -1.4148602012179587 -1.5735963900614405 -1.7277487358049664 -1.8763090378558365 -2.0184759992754433 -2.1534774056079415 -2.2804951884799047 -2.398626653015155 -2.5068561760838577 -2.604027915655981 -2.688817807022148 -2.7597071424167265 -2.814961783365225 -2.853101863566435 -2.8764828817998556 -2.8900307251331894 -2.906097725132691 -2.924407670309115 -2.9439332064006822 -2.9635450017090363 -2.982045758954968 -2.9981989493311128 -3.0107515883400575 -3.0184512201778597 -3.020294723128391 -3.020294723128391 -3.020294723128391 -3.020294723128391
