_RESULTS/CROSS_VALIDATION_POSTPROCESSED_CLR/Berg/GZ/7comp/1/Berg_GZ_z_355_kriged_reverse_7comp_spherical_1.asc
ncols 100
nrows 90
xllcorner 5.6208707817415728
yllcorner 50.959635321741573
cellsize 0.00013419651685393446
nodata_value 1.7014100000000001E+038
[rows 20 to 39 of 90, columns 0 to 42 of 100]
2.2295933056403214 2.2174012347109433 2.2050040926270738 2.1929769488915194 2.18187613648587 2.172220748323519 2.1644705620577125 2.159002154967398 2.1560860350448534 2.1558682549741204 2.1583597749852514 2.163435644082523 2.170844164189962 2.1802242382152213 2.1911277621550207 2.203043561650531 2.2154199039974496 2.2276836442398187 2.238048914017218 2.233831440866602 2.212124492466187 2.173382676010099 2.1180944756771494 2.04737844242269 1.9648009127633386 1.8811898937353657 1.8110185692559249 1.7546529987565473 1.7124873896323571 1.68462786019743 1.664434813772464 1.6515264027814534 1.6492450722038459 1.6621734686611487 1.6953772824221711 1.7601565134954364 1.8687203062932416 2.0248232903111756 2.2177060735103127 2.4274149958306888 2.6318788978974306 2.8112615230550047 2.9488422435526536
2.2109199341141106 2.1955792758104 2.1801751069570368 2.165345970905739 2.1517215174803703 2.139900588045386 2.130423283160671 2.123739064684008 2.120174877554826 2.1199086975145693 2.1229539219467393 2.1291581595458964 2.138216705109385 2.1496975977094603 2.163073016351459 2.1777514899419383 2.1931066509118398 2.208500173140786 2.2230386643626656 2.2256269332305836 2.210955493297376 2.17949188020613 2.1317535922723345 2.0683157579696902 1.9894439268666027 1.8993450058454044 1.8210206524747683 1.756626663580041 1.7066785160177633 1.6697088645787044 1.6389340701364021 1.6161212868603143 1.604736718859419 1.6095019971109754 1.6365487887945478 1.6910234935491775 1.7776981158763312 1.897162700156952 2.04227918265008 2.199805425265885 2.355966921887627 2.498361775082898 2.613173277841458
2.1896680246432343 2.171033378742622 2.15244061888841 2.134598990019852 2.118224039383094 2.104012428567737 2.0926068589286326 2.084553108850753 2.0802546665892807 2.079933528743892 2.083606474481626 2.0910832084361326 2.1019868953266396 2.115791484786311 2.1318667261785187 2.149521977613578 2.168042758273178 2.186717528447997 2.2048549426240927 2.215111730556376 2.2083883484260802 2.1851168388154223 2.14584990924506 2.0911547131568646 2.015986582170993 1.9221775945818615 1.835459977160819 1.7627080526568293 1.7044996882228118 1.6570318112420512 1.6150865515722068 1.5811023929446955 1.5582630735987073 1.550506754393313 1.5623338852863706 1.5980360901510346 1.6599285618761683 1.7455512625410505 1.849540590505913 1.9644977545765459 2.0839759852465876 2.196219217894197 2.291366996288452
2.1664527672783196 2.1443776741430796 2.122400972797832 2.101308448352567 2.08191487362845 2.0650367149532998 2.051449007957393 2.0418273029905283 2.0366817463954074 2.0362970171434354 2.040694749279759 2.0496305540746116 2.062626653743119 2.0790294512786924 2.098075579755956 2.1189518718065137 2.1408410626184815 2.162951490434466 2.184533120199393 2.2021271363877544 2.2041565141674244 2.189862321316978 2.159835631341176 2.113056158628075 2.0429225571296366 1.9505418260530591 1.855142519192106 1.773608558012639 1.7064558349145407 1.6474994488180021 1.5936298941495333 1.5471088850767163 1.5106483304777794 1.4873524706488832 1.4804457111515157 1.4926701084680938 1.525363001438704 1.5774987924487338 1.6457473019563214 1.7284912041367106 1.8182273309241208 1.9059434256737011 1.9842079532013943
2.14194231493015 2.1162887117230578 2.090725374277582 2.066116899209908 2.043389523350389 2.023505026530136 2.0074101804077435 1.9959588810108535 1.989814532718007 1.9893545250743943 1.9946077518638696 2.0052495771013246 2.0206563430649807 2.0399977490767918 2.0623359589706394 2.0867074854468566 2.1121781056177364 2.137872432170233 2.1629849135308614 2.186435583224501 2.197899397306575 2.193225931985516 2.1730458099403034 2.133062688132875 2.068895016684053 1.9823032662063869 1.8809818402113794 1.7902256169571018 1.713224284827934 1.6424276202274601 1.5759943679397823 1.5158485436354838 1.4641853596711067 1.4233808127519088 1.3957687802966436 1.3832551763903158 1.386807764990117 1.4059537284629269 1.442802243157505 1.496828357807522 1.5615375567826613 1.6295408064326593 1.6942061249454765
2.1168652802240886 2.0875189332353568 2.0581719230917663 2.02976279086174 2.0033364709642854 1.9800266826717254 1.9610027789278996 1.9473683793579115 1.9400148969965691 1.9394632421725189 1.9457537187784573 1.9584369481771264 1.9766705280900723 1.9993740203303867 2.0253804336740213 2.053545650517417 2.0828086419905114 2.112213697643398 2.1409098813729215 2.168139675073604 2.189185327853871 2.1946254597289876 2.184235233754928 2.1509563192656507 2.0935529110676803 2.0138046335066275 1.9140188669102 1.8136617502225514 1.7262359419038975 1.643500788415823 1.564165267148343 1.4897833540036884 1.4220551876509913 1.3627539619425697 1.313593889360525 1.2760464960041087 1.2511374047150021 1.2406821074720493 1.2507596501648848 1.2797962122589481 1.3235863294496557 1.3760845463214475 1.4307217163773611
2.092015727552771 2.058909886463405 2.025611251523313 1.993115115117796 1.9625728976054928 1.9351097726118258 1.9122577662529006 1.8956571523754178 1.886666295142129 1.8860842297031093 1.8939411985551644 1.909481808776707 1.9313524123459107 1.9579708520617793 1.9880740196914508 2.020339141975284 2.0535803932657486 2.0867777358810757 2.1190550868135176 2.1496528407976134 2.177529387750585 2.1934202028956036 2.1922372889670743 2.166408653359686 2.116454293390056 2.044147613777539 1.9514034320270455 1.8451976379783237 1.7471453213836363 1.652656171213207 1.5604840236545523 1.4718185230565486 1.3879070675051446 1.3100127330200335 1.239370306404922 1.1771742463820933 1.1246467946783214 1.0882166401614852 1.0735131779447702 1.0809456071799397 1.1089979890695423 1.152712292908925 1.204670362887224
2.068252224968921 2.0313728059173184 1.993271342311206 1.954979004284715 1.9181226631827057 1.884552694855855 1.8563383545341634 1.8356454561785474 1.8244144329423766 1.8238613674943247 1.8340474859271185 1.8538419615969879 1.8813107193276273 1.9142289914603037 1.9504396802639477 1.9880039293038942 2.025445340723018 2.0624364573414358 2.098208965358857 2.132027524974238 2.1632534115438795 2.188924360242999 2.19671626748939 2.178872498144386 2.136606303287848 2.071878857927325 1.9867141407028686 1.88437249272468 1.776711843003929 1.6713295039824176 1.5672148455939277 1.465025233592055 1.3655514521182106 1.2698180623522324 1.1786214620019717 1.092840099964962 1.0145867681321477 0.9527215564152371 0.9123761865734397 0.8986389526853751 0.9147525121079181 0.9571610510233899 1.0162343098470903
2.0451770839543073 2.002101112462247 1.9572481064067164 1.9120654031765922 1.86823643971234 1.827786875555574 1.7931851467233 1.76731715520114 1.7530915568473917 1.7525178395363015 1.765722414873507 1.790855446191531 1.8249957635178133 1.8651390329875754 1.9086773056540798 1.9534656029552413 1.9977303223422358 2.039959786248051 2.0791854122075337 2.1159751919719425 2.1495950894666183 2.1789294208817758 2.19398043377065 2.183002090111647 2.1478861011856494 2.0906024080283085 2.0131366018772434 1.917865304502401 1.8108532685389027 1.695903852611584 1.5816580656443249 1.468484872634732 1.3565990447583567 1.2460690192220487 1.1356713073556883 1.025013341431114 0.9195282138646386 0.8291558318647183 0.7597753194349972 0.7225678292238573 0.7302019147176433 0.7806274067732781 0.8571789884886551
2.0193628139995616 1.9698661906930588 1.9183569281943937 1.8662188993939441 1.8150842463890875 1.767012150502548 1.72476768667721 1.6921100288021615 1.6735872571139936 1.6728934879985293 1.6903117488750232 1.7224368920260273 1.7646065750806643 1.812812749198491 1.8640766727023175 1.9161906780704572 1.9674255638422675 2.016335397951856 2.061178858669672 2.0996895854100543 2.132771014431922 2.1615870500754952 2.179679099484628 2.1759154113882917 2.148307983364499 2.0988236293107736 2.029410978507094 1.942045925805214 1.8423802554438826 1.7271704327175772 1.6041981775575416 1.4817365208045479 1.3584115615203687 1.2316241908616896 1.101922731761496 0.9698133846081094 0.8415727031225633 0.724162117311697 0.622993466500348 0.5543438943628569 0.55593551750919 0.6283464340456131 0.731216002036486
1.9918543074129822 1.936328701622911 1.8785251898307411 1.8197046378212631 1.7613192315058361 1.7052129710852684 1.6540644835318756 1.6122735510793234 1.5869676397684973 1.5859251456695829 1.609888283510515 1.6515197221716162 1.7031785859800797 1.7599853972058055 1.8189830351523248 1.878173751883903 1.9359458392910174 1.989303219402388 2.036783719962572 2.077849487841444 2.111998728098545 2.1397731496110337 2.1564627909565997 2.157259912251838 2.1374427114071106 2.0960639438668998 2.035043741471531 1.9562365861725795 1.8645307340324555 1.7592359250046026 1.6368947321051017 1.50308982008897 1.3647697007838435 1.2227245227463543 1.0774959401159336 0.929695046970229 0.7869090549026234 0.651684476389969 0.5237222996062032 0.4084966078093717 0.4034540412754879 0.5188298085536518 0.646796319655168
1.9630813245342087 1.9022444352232792 1.839106288951191 1.774683527684501 1.7099966001116773 1.6463591190712228 1.5859120432806944 1.5323377792049286 1.495027971828143 1.4929642877719578 1.5287103883211397 1.583036818648106 1.6448620319460265 1.7098755995442911 1.7758954105167102 1.8410105470181166 1.9016913728215314 1.9569354104156078 2.0062556805495535 2.049202248938575 2.0853470143969597 2.1142455440004335 2.1296829125214387 2.129544268846571 2.11470736984285 2.0816874419303804 2.0293749057463817 1.9595771903961867 1.8764934463730878 1.781697451552665 1.6646514189907555 1.527549904469458 1.3770917398706413 1.2230856925157043 1.0666217804597815 0.9091925582687435 0.7595973855537463 0.6200650271397459 0.49208683559123667 0.3867958164753107 0.3811483452205011 0.48269576817279125 0.6190947096156745
1.9281887641784214 1.8629732508337626 1.7959054386846245 1.7279364216131636 1.659919286288031 1.5926063337357734 1.526681823108474 1.4629909046141187 1.4051869297715425 1.3992208431098518 1.4578705222910207 1.5248006885002439 1.594577192383031 1.6657281441837426 1.7365123169264614 1.8031558147989353 1.8647928039909902 1.9209769722476788 1.9712849198218982 2.015318691362585 2.0527026753716737 2.0830743891805423 2.100014510624353 2.098963576396717 2.083657892579883 2.0549580684403526 2.0115511363595253 1.9511426525313873 1.8765404577340874 1.7863780943602594 1.6744066099967343 1.542785049021646 1.3950622945565094 1.234975520125648 1.0713191309806125 0.9095577748884895 0.7599512677954214 0.6265443652627605 0.5158116833450279 0.44451035506089953 0.44052098813723495 0.5147168684800665 0.6453404946131869
1.8874342469677148 1.8187574164137978 1.7489450871612682 1.6790283602663165 1.6099515430842746 1.5425775480114794 1.4777516571294653 1.4166814047218461 1.364186445148178 1.3609050323037453 1.416975283786176 1.4845237510585785 1.556137673904603 1.6293362664216469 1.6995982386889483 1.7656628326898316 1.826977781285916 1.8830397565103316 1.9333970246188508 1.9776499184645102 2.0154455089759624 2.046465443819612 2.0657386292279867 2.0661244252221755 2.0504312242610303 2.0220521460919976 1.9817125983154789 1.9291695823568515 1.8576239276732371 1.7709226830676346 1.665606260191523 1.5412053689238014 1.4013556187852447 1.2497370941730976 1.0901932069143978 0.9289561895060461 0.7827882315757688 0.6584758982440628 0.5633772469997012 0.5090642069204532 0.5123480949003807 0.5817758589591429 0.7072146627282963
1.8419471581435807 1.7707078282555386 1.699303913873252 1.6289854760730567 1.5610334170960352 1.4968861003400058 1.4385133011410838 1.3896118822243326 1.3591226549062159 1.3631870548772542 1.40326712842464 1.4620248323948655 1.5296399629387571 1.5987555666656468 1.665900100293985 1.7298092841980246 1.7895688809962391 1.844466108338426 1.8939324911910322 1.9375154441037337 1.9748571700989777 2.0056724197798035 2.0267469958825135 2.029872759169919 2.0152329877126434 1.9873551107772394 1.948359043748325 1.8923290265217487 1.8192810120781058 1.7349995376085365 1.6373501698451842 1.521662797544598 1.3912295921231033 1.2499043252490853 1.1018350388731464 0.9533961882329636 0.8185378970948194 0.7046663808631062 0.619770808052053 0.5758853104828487 0.5906638486990148 0.6642614673986114 0.7894387271027121
1.7925872909823757 1.7195503459802273 1.6474812218987935 1.5779101893499485 1.5125286566491762 1.4533810869243222 1.4032637147021638 1.366470651719849 1.3494659988582778 1.358706307772676 1.3940942961223157 1.4481554691483955 1.5101172470166313 1.5729455911704957 1.6356353931033913 1.6962732212073308 1.7535067299341596 1.8063471182613462 1.8540623123342865 1.8961173810471554 1.9321344653842163 1.9618585134015598 1.9837860933855844 1.9894032148241085 1.9777229983242337 1.950726756280823 1.9096746448780098 1.848509286098025 1.7720507217088781 1.6855468336854993 1.590701922554959 1.4831580391477581 1.3628752927172596 1.232752917442695 1.0967017413807583 0.9609066578148355 0.8393534418074065 0.7393680991331268 0.6674649934408174 0.6403695110526151 0.6679749436365259 0.7497956161131949 0.882105251399468
1.7400136524844834 1.6657427966631733 1.5936058583173554 1.525385248198845 1.4631005046615246 1.4091681266933695 1.3666087998163796 1.3391914083702976 1.3310598624514678 1.3451140831730573 1.380756951693269 1.4327648767006993 1.491135088224048 1.5504850191146908 1.6084846098453545 1.665357920606985 1.7194745093468045 1.7695977108477265 1.8148375672059485 1.854576741115145 1.8884186424849991 1.91614551169558 1.9374682599265443 1.9452021927447984 1.9363863604991751 1.9108874217133445 1.8643727480903882 1.7987137536772644 1.7198903162112955 1.6321311933079672 1.5373296059456183 1.4354686678831163 1.3225451136881912 1.2012974422769895 1.0755281285795462 0.9504722154446172 0.8394859371277679 0.7500780437789003 0.6914559783461669 0.6819617466663292 0.7250041775674998 0.8201971355165789 0.9644821211808177
1.6847842601680867 1.6096408434813338 1.5377170017904542 1.4709624185662966 1.4115877829816559 1.362165451639096 1.3256609956793406 1.3052602617167586 1.3037933310965686 1.3227103335964288 1.3611130577790278 1.4121862073822484 1.4691044745633197 1.5276594814523035 1.5840881047268356 1.6372854225064324 1.6880696092301317 1.7350620182168135 1.777258817725718 1.8139840511070848 1.8448368666926664 1.8696506652956186 1.8884533954736629 1.8976503178291555 1.8911989402316838 1.8646311478967994 1.8130806423895933 1.743763084292727 1.6635651555620152 1.57560126622207 1.4816039051700773 1.3832658421911843 1.278434700635501 1.165906427352581 1.0493589378446098 0.9333355294116845 0.8300772067461217 0.7481143338037477 0.7034385771331082 0.7082933357904331 0.7656431255481018 0.8773347430865324 1.0396069465705964
1.6274563472677985 1.5516571553577057 1.48000982042808 1.4145205315549638 1.357460136739301 1.311443532492885 1.2793846139441714 1.2641994150022473 1.2681799539057688 1.2921831016020502 1.3341408981331806 1.3861767027604022 1.4438408086863228 1.503150700499581 1.5603988218654155 1.6124354604589552 1.659958525119035 1.7036139211104118 1.7423449393669133 1.775452277290797 1.8025494869341672 1.8235335672111948 1.8385600504821165 1.8470808623600594 1.8415600813679147 1.8115504085787082 1.7562826010365105 1.6843549171323287 1.6038159886238796 1.5167826607197048 1.424676019275529 1.3288258288874553 1.2305260198216088 1.126832073274994 1.0189521822372667 0.9109876240612471 0.8128345552050498 0.736942030834417 0.7048096238880641 0.7269817392575362 0.8042206838458166 0.9351966286502906 1.1163240761690267
1.5686614148846625 1.4923771473586696 1.421000345401924 1.3564643038957374 1.300969048738274 1.2571111925622174 1.2278814330175678 1.2163533848152124 1.224936274895561 1.254390281763634 1.3003821883058035 1.3556652815895538 1.4162235907404637 1.477933081600851 1.537057234134991 1.5904375821642482 1.6359742474163617 1.6762240616464914 1.711181700796708 1.7401587645375218 1.7627950660057974 1.7790504605120547 1.7892097754762974 1.793880443546499 1.7863041350313664 1.7524586205762849 1.694340328094727 1.621122265917512 1.5413946395752622 1.4566285980125948 1.367709264189877 1.2753850163327916 1.1806618697460882 1.0845985864564136 0.9848501775910017 0.883903658147182 0.7889785277741894 0.7237898512972991 0.7096403720301954 0.7491174811169248 0.8433675504644673 0.9918496011979399 1.1913526156800194
