_RESULTS/CROSS_VALIDATION_POSTPROCESSED/MHZ/GZ/3comp/3/MHZ_GZ_z_0_kriged_reverse_3comp_spherical_3.asc
ncols 100
nrows 74
xllcorner 5.5967023332191781
yllcorner 50.982320383219182
cellsize 0.00019249356164376555
nodata_value 1.7014100000000001E+038
[rows 36 to 53 of 74, columns 0 to 40 of 100]
0.04831016385360626 0.03180164386268161 0.01832199898452275 0.009958735919661678 0.0052836698557735895 0.0028215047454090278 0.0015621378862745391 0.0009218828663065869 0.0005940143458820127 0.0004302261474020732 0.0003576979540718458 0.00033992056876700643 0.0003476981842571847 0.0003655328702247526 0.0003973346142760891 0.0004291438252849439 0.0004541515564747265 0.00046101486075846113 0.00044647677286516614 0.00041321431315000573 0.0003675256334657156 0.00031697292454198084 0.0002680236047387432 0.00022467809714450437 0.00019712886659885116 0.0001918498011828778 0.00020826497567584285 0.0002466404466183837 0.0003128418834090935 0.00041808010135348337 0.00057819442655983 0.0008136536687552467 0.00115100259467995 0.0016116187395224548 0.002200741574476451 0.0028913862291585083 0.003609480606378405 0.004231909162502011 0.0046093228646250225 0.0048061154972102536 0.005022968077291042
0.06251058439327305 0.04407677201040384 0.02705471713119716 0.01536756278967802 0.008445204102093807 0.00465476987612713 0.0026555504310762615 0.0016113470610749287 0.0010630765817652705 0.000774769665022417 0.0006297169321419003 0.0005777092788963037 0.0005899068772145723 0.0006243318338630282 0.0006707722288822119 0.0007150021293988763 0.0007486299193755737 0.0007563114474322483 0.0007359379056950421 0.0006895808139302104 0.0006237103916291531 0.0005472538914276858 0.0004688558488383905 0.0004017075610398026 0.0003693751225257822 0.0003671471565768017 0.0003919688969049504 0.0004478351589793175 0.0005430539948041738 0.0006885034554274268 0.0008988339506056404 0.0011913351767984404 0.00158664885751334 0.0020930282296937924 0.0026965061846782735 0.003348379202151311 0.003958357878458166 0.004403569063356408 0.004617320873309473 0.004819022382510301 0.00504279215173741
0.07415290195179171 0.05432471939330599 0.034904825216815615 0.020586767955244896 0.011658192819341684 0.006596870712514899 0.0038591831020301846 0.0023994854479070958 0.0016190355485074964 0.001202041385819157 0.0009888456629835538 0.000901786163317454 0.0009069584344231123 0.000979481726440155 0.0010765023394113944 0.0011849999903465506 0.0012463888089929778 0.0012686295661595906 0.001246923601216342 0.001182034348106503 0.0010816590645352894 0.0009579945754507809 0.0008287786814504039 0.000738820926643862 0.0006914743350858171 0.0006828436398543673 0.00071254331021589 0.0007839942622091724 0.0009046680177667254 0.001086191563034968 0.0013433299080654623 0.00168344984209646 0.0021158490430201985 0.002632409048035016 0.0031993021029552674 0.0037505756860927632 0.004190419093218 0.004423322928619183 0.0046020630181689524 0.004802673230164502 0.00502454313668022
0.08019336384227461 0.06029791714827832 0.03978849395921215 0.02398872458286575 0.013830067118499273 0.00796154720930371 0.004747365795724162 0.0030162368187409447 0.0020823946245278535 0.0015804986905204935 0.0013248040405802013 0.0012247259625199059 0.0012409061050053314 0.0013646392940064168 0.0015822540605245755 0.0018525778582976274 0.002077056106652539 0.0021398688596178167 0.0021219649539048744 0.00202360210077624 0.001852175506814725 0.001629902981986647 0.0014441083740360558 0.0013157933322761614 0.0012410231957850721 0.0012169194151150262 0.0012427672582737827 0.0013205276268991669 0.0014548408363429563 0.0016524372162792446 0.0019207456079743084 0.002267227115627413 0.0026951905220020367 0.003167057918648835 0.003632617216237058 0.004018428989219421 0.004239778795803116 0.004392183256237558 0.0045654731538199 0.004758722416002303 0.004970511870256027
0.07871172790126801 0.060249982876166695 0.04012471592484329 0.02425129567902496 0.013996899509821728 0.008100446667639717 0.004891527484800849 0.003170779403428416 0.0022453910672858984 0.0017518558137526756 0.0015079062994979126 0.0014261839827955812 0.0014726597180662326 0.0016586358418998893 0.0020093509893926984 0.0025245569799495675 0.003074082701516915 0.003345192582575276 0.0033395298586180937 0.0031821788803142737 0.002899846598311977 0.0026266904018348402 0.002400876206435851 0.0022294763887799568 0.0021150639922565056 0.0020580229238391775 0.0020581969222531124 0.002115797583792481 0.0022314816115705446 0.0024054101571693775 0.002635339579282277 0.002915308305188403 0.00324628522255612 0.0036039284646209725 0.0039041236798039703 0.004077253556802506 0.004202200863411499 0.004347075162233733 0.004510716814925364 0.004691527701029182 0.004882492249576912
0.07185088722459457 0.054112063788789175 0.03565549996803002 0.0210888341844775 0.011934696077549909 0.006852077879746101 0.0041676622437320015 0.0027591387885127156 0.002015302857825336 0.0016298506634513728 0.001454841100465669 0.0014252668323278092 0.0015353942809526926 0.001795965871194396 0.0022426770024784265 0.0029301171765779375 0.0038373155524769145 0.004528646550909095 0.004651361329745049 0.004481862071240535 0.004254614893347601 0.0040077857560239976 0.003769229762475969 0.003559136482313951 0.0033906353471438518 0.0032711462761248976 0.0032039083970751875 0.0031893249729142287 0.003225664158330298 0.0033080225789285096 0.0034257295531118694 0.0035617815278714006 0.003707374438418993 0.0038449371500945536 0.003943001900195778 0.004040329336358291 0.004156907045831905 0.0042914192708690966 0.004442237164103739 0.004606688264823296 0.004756659511831272
0.06421438529397284 0.04597482352318358 0.028005445244060106 0.015511814596946352 0.008397201220608868 0.00472395529984398 0.0028896664034831513 0.001965572983028981 0.0014960965537618482 0.0012694820712326343 0.001189246414778568 0.0012313490549433542 0.0013975834743890272 0.001712761653810594 0.002228040880940307 0.0029975307523807016 0.004045891544025597 0.005129702680044686 0.005778554445233179 0.005890455508149983 0.005858683379603809 0.005728179816499215 0.005532110049280556 0.005302053683901625 0.005064736164340389 0.00484017618234043 0.004641236475207509 0.00447460739371061 0.004343232466423984 0.004245659584947834 0.004166734468429219 0.004082916405354497 0.0039800194058912325 0.0039040452915926247 0.003915194133882907 0.004000956324515528 0.0041071191645162125 0.004229155456434694 0.004365041327299051 0.0045018943570992835 0.004606894052573867
0.056567194792060724 0.03853277097223982 0.020562282333329115 0.009808746734003585 0.004789633091339776 0.002588341890293806 0.0016003864521404855 0.0011309097539294731 0.0008991350368587585 0.0007970037788327603 0.0007878834480132213 0.0008655215800515701 0.0010401658956992119 0.0013457433800109079 0.001839769031512566 0.0025967734390692832 0.0037291910819459446 0.005190681547731277 0.00649244121246328 0.007180221648801022 0.007488636820066683 0.0075901203813787165 0.00751658412773333 0.007300893186524501 0.006983355723301305 0.006604027415802554 0.006196384799923058 0.005784219101670467 0.005385084071681711 0.00502657494660646 0.004687815066557737 0.004382749448998168 0.004142385752940845 0.0039883017608998116 0.00392618788929423 0.003962050257602856 0.0040561919412796426 0.00416430773654301 0.004283530498257077 0.004383711456749157 0.0044469165057735485
0.04858382121412484 0.032203533318159575 0.013714710473788604 0.005326817440203373 0.0022945174109479014 0.0011719450474098005 0.000711367765723173 0.0005091614577035579 0.00042148844836792485 0.00039617489507735686 0.00042137860299450787 0.0004983140078736161 0.000644900080467208 0.0009010308248844673 0.0013304093145829565 0.002033851910009294 0.003172668634472468 0.004843993223958001 0.0066638653321384736 0.008056500505368255 0.008838517096089134 0.009312984930485206 0.009392717462704698 0.009210827348446598 0.008804503264802043 0.008229688173021613 0.007556160805814351 0.006850831282849995 0.0061694504446711896 0.005591720235744287 0.005105220954395244 0.004692453996931113 0.004358920246975152 0.004118097952107326 0.003979400566861346 0.003943331135012878 0.004007346760337434 0.004100662151242379 0.004202588656481395 0.00427920838512105 0.004317039326078573
0.03482848901695325 0.025282027322000033 0.007122938823601764 0.002276723997517031 0.0008815967769891371 0.0004255052355594907 0.0002591358913982005 0.00019409587518593176 0.00017164912116270992 0.00017553478523652 0.0002036625108761813 0.00026250023039750087 0.00037013589847825204 0.0005616478424384623 0.0008974156616923522 0.001488931847716865 0.0025284607001317396 0.00422466859724853 0.006375603335171891 0.008455662042531197 0.009860980409456238 0.010923827953873725 0.011461902444175045 0.011299635696234113 0.010705525675005446 0.009874937833969413 0.008923436530899574 0.007955311754295816 0.007051764321978207 0.006266743288693837 0.0056064929612459026 0.005059580869084712 0.004620272055184527 0.004286084509056704 0.004066679192233595 0.003962724194993923 0.003994038176884973 0.00411611196263256 0.00423912961310712 0.004321236153647299 0.004351239536037911
0.013207526389825752 0.007284618015324323 0.0023462838573888797 0.0007115672980638236 0.0002555956231046208 0.00012229362822937354 7.923354732110556e-05 6.544042877898179e-05 6.438684246485538e-05 7.325803953215839e-05 9.366808212914032e-05 0.0001321258630287161 0.00020271507922488838 0.00033206359149363435 0.000573800682036569 0.0010330382928797524 0.0019109276011835287 0.0034847870618012113 0.005751201100803051 0.008348020141684644 0.01047602264213974 0.012252102959700159 0.013497233572642552 0.013850629869181565 0.01316982395646521 0.011956914805607597 0.010608753757454 0.009282074377199384 0.008077194559271434 0.007038370931095554 0.0061724614939952455 0.005468934874717469 0.004910997782619763 0.004484327738998846 0.004214853003282997 0.004104252786570525 0.0041351360592536785 0.004289330448178679 0.004441226342937957 0.004538264206603644 0.004566955220549811
0.004022809830083781 0.0018261676269560503 0.0006004209486850301 0.00017291051592952983 5.809961321009249e-05 2.8868995191723272e-05 2.1575764687324356e-05 2.0913779371457753e-05 2.3713774756534225e-05 3.0323467850420146e-05 4.272457688550683e-05 6.55311389689061e-05 0.00010799374805482848 0.0001898857327415201 0.00035333895054125944 0.0006883349439288365 0.0013852492494197384 0.002745309325009234 0.004936819067411038 0.007826035120977825 0.010645495634890789 0.013217702166597517 0.015330769898851272 0.016397592473170727 0.016143029237597518 0.014660870143205638 0.012803089217903338 0.011015402755007493 0.009413553421861872 0.00804316925382964 0.006906863937670596 0.005987314150957091 0.005273857383353394 0.004794654218247336 0.00451214283253912 0.0044041004731140525 0.004445622620244746 0.004627878664510422 0.0048244502233763635 0.004949619812421329 0.004985237305048634
0.0013790023807615345 0.0005436862675859862 0.00016097206106471066 4.027972854708419e-05 1.1314191860089723e-05 6.065043444671682e-06 5.942784564096769e-06 7.112381874522241e-06 9.337530867556575e-06 1.324198498108381e-05 2.0158583664978107e-05 3.2841833761541165e-05 5.7312773460848974e-05 0.00010699942370981231 0.00021266356969423635 0.0004457862338885127 0.0009727880460291545 0.0020800855737605137 0.004057914781856254 0.007011424164609216 0.010383354363532066 0.013804368021299397 0.017037975489187594 0.019172109922286133 0.01959398611399951 0.018299028144388302 0.015826355983643937 0.013367367371749301 0.011214467522305455 0.009402587909947564 0.007917306305208678 0.006749740144053043 0.005931613079030564 0.005385069062693475 0.005053504552790085 0.004905801880725473 0.004941109310119396 0.005158188210206527 0.005422789985255629 0.005596049860136831 0.0056508755250522175
0.0005842884278006482 0.00020792060656410092 5.7024664510901594e-05 1.2600917491511391e-05 2.4203240474345843e-06 1.5222115670951622e-06 2.1571858670318585e-06 3.014605834197039e-06 4.314532169038082e-06 6.442808467393835e-06 1.016111245853432e-05 1.71032371166514e-05 3.094858311794563e-05 6.037979964387802e-05 0.00012669643332208962 0.00028348750714763846 0.000666072860859529 0.0015218656007191553 0.0032019102834025086 0.006013969642673494 0.009771536209909159 0.01427229376206443 0.019016548032944957 0.02242822271657837 0.02355503963236461 0.022482178389092687 0.019751827283319232 0.016400087180350985 0.013526206049326356 0.011151908372343013 0.009257805298440364 0.00790177830075684 0.006957361804891843 0.006321061546175451 0.005928460764456327 0.005742781387199833 0.0057489460535930315 0.005955969330324336 0.006291834703267256 0.006544800022419337 0.006638962245820721
0.00031324611447003815 0.00010873208600914673 3.0818510882896604e-05 7.6269418617471854e-06 2.0522704240182033e-06 1.198652777319687e-06 1.3670057531703563e-06 1.7834721887377448e-06 2.468629739094386e-06 3.610975129727339e-06 5.627791066021777e-06 9.4516036542847e-06 1.7274130290749995e-05 3.454066637761574e-05 7.546302025925934e-05 0.00017852271529922452 0.00044555155599813114 0.0010767921129017403 0.002421972295389301 0.004957499381804383 0.00895757737347895 0.01469115015736142 0.021444772301806216 0.026135755351090674 0.027713615896886003 0.026840279694647605 0.02409086654171278 0.020093407883892443 0.016358187173734787 0.013326524332217022 0.011101944256957333 0.009529497100076806 0.008427806758055491 0.007681317908215336 0.007217826561639546 0.006995401139805408 0.00699535979732015 0.007214618231365617 0.007579274049711556 0.007898353480232656 0.008066247491676577
0.00021296973281474118 7.703790531262889e-05 2.449331010909425e-05 7.565948646853452e-06 2.7764735697505383e-06 1.5557991278891278e-06 1.328810109042946e-06 1.4273466233085206e-06 1.750476729125594e-06 2.358368984682827e-06 3.467682033914943e-06 5.603693507130535e-06 1.0056446105867741e-05 2.0185762119510418e-05 4.5269678114728185e-05 0.00011215766792363384 0.0002919180221450744 0.0007376445271582983 0.0017685895547158827 0.003923158702849797 0.0077991737294224915 0.014628905532294668 0.02456095375536088 0.029418567944833558 0.030997229560821654 0.030601996288488156 0.028259390903450466 0.024247025693442125 0.019664419795424545 0.01608846969003391 0.013544499816372822 0.01172830902500742 0.010446049028682711 0.009574413858952635 0.009036186030648987 0.008786237228188762 0.008803928728462645 0.009086586471159688 0.0095438119650865 0.00990604735065153 0.010108984881852601
0.0001768796905259799 6.885630479297831e-05 2.4855176544931274e-05 9.124578503820146e-06 3.877153593191461e-06 2.139626785067652e-06 1.55807400869509e-06 1.4015094435244367e-06 1.4823537958580168e-06 1.774514061558748e-06 2.3749349941807518e-06 3.5732079721586197e-06 6.12477039318382e-06 1.2094331692173466e-05 2.7501085209359486e-05 7.060618025854994e-05 0.00018817728663288928 0.0004956100916948325 0.0012552620750888694 0.0029429571622478405 0.006208358195167152 0.012550646000627106 0.022813066678095056 0.028584461210054916 0.03166564830643891 0.03282235062952697 0.031698053319116355 0.02830745996563317 0.023431867471792604 0.019513597087430293 0.01667067623962535 0.014606636564390006 0.013133570802855571 0.012131670093891232 0.0115259898808628 0.011273314988234215 0.011354934937288286 0.011772487079450564 0.012419143665618252 0.012910278152658926 0.013127410187947344
0.00017118245356997943 7.222938252790561e-05 2.9084139681190498e-05 1.2012493067080127e-05 5.526008055570508e-06 3.021143947848204e-06 1.9993354242795097e-06 1.5689139832522298e-06 1.4407758542385396e-06 1.5121371856014016e-06 1.798414804666137e-06 2.4478868337139512e-06 3.899846914537164e-06 7.433431419527264e-06 1.700353600945516e-05 4.438331015520841e-05 0.00012102135974428166 0.0003321101498694845 0.0008737873549765273 0.0021080970948667032 0.004551605714217413 0.009227391106958499 0.016401306579839375 0.02379803176638555 0.029594442303443085 0.033222562123801445 0.034114391901154076 0.03200942650224826 0.027720835297915754 0.023632083301559227 0.020562467108505834 0.018274102549934678 0.01661556142706564 0.015490627419451232 0.014840382970698809 0.014633757994621587 0.014862463929392602 0.015537348231452433 0.016536535139282316 0.017288721266759 0.017601095066683174
