_RESULTS/CROSS_VALIDATION_POSTPROCESSED/MHZ/GZ/3comp/3/MHZ_GZ_z_63_kriged_reverse_3comp_spherical_3.asc
ncols 100
nrows 74
xllcorner 5.5967023332191781
yllcorner 50.982320383219182
cellsize 0.00019249356164376555
nodata_value 1.7014100000000001E+038
[rows 0 to 18 of 74, columns 0 to 41 of 100]
0.0762939343739964 0.0746908207658586 0.07322229625262475 0.07200073223799419 0.0711806514990268 0.07090961837730157 0.07123862824055265 0.07209118188964163 0.07328900618707751 0.07140126625900828 0.06514143253098095 0.05603860468179268 0.045795782603858824 0.0359198887425828 0.027292299364252485 0.020298477085171334 0.014957751997558836 0.011074682818616711 0.008370401485959912 0.006570243831660625 0.00544925350818992 0.004860749276559208 0.0047215036762506095 0.004997301847502345 0.005706064620337649 0.006941061007054221 0.008858748950369148 0.011666666694454424 0.015599871120301152 0.02086850636621799 0.027569043999643206 0.035565540788609844 0.04437110147066866 0.053085146174418625 0.06045087835113915 0.06507153991535765 0.06594540439762825 0.06608480603389143 0.06767906413244487 0.07257734715479916 0.08089860727285256 0.09288141718454558
0.07625196026287082 0.07454575826479866 0.07287133144788321 0.07136149029206931 0.07025492806556136 0.06984745359925551 0.07024423657390916 0.07124584119695868 0.07160987799802072 0.06722141999319683 0.05894301143477193 0.04878768654653909 0.03841454073202789 0.028949098675529597 0.02104206677940266 0.01490607260604629 0.010420363099581038 0.007298069083590848 0.0052143656830000345 0.003881254218429293 0.0030783701454816033 0.0026619337162598626 0.0025544143494625727 0.002718167637697528 0.0031804567884283186 0.004029938980718542 0.005410561289627618 0.007515658460096906 0.01059401370021658 0.014905196071696502 0.020644402752213242 0.02782808364897561 0.03616212199110151 0.04494382159256097 0.053065482568346894 0.05916790116070978 0.061935960233344876 0.06253938799849243 0.06635288159379295 0.07397230809451597 0.08584095075716411 0.10266831808114488
0.07717987647086758 0.075390106242165 0.07348939166417073 0.07158759098352283 0.06998941538915966 0.06935344294113531 0.06999035983588607 0.07128921352901801 0.07005927860960542 0.063817445445376 0.05432842002721064 0.04349601083356139 0.03298092860855258 0.023873360132335684 0.01662370649244859 0.011216995002072582 0.007424048862990897 0.004895230914212434 0.0032803692268829994 0.0022907848247289094 0.0017173664890133818 0.0014270061705276246 0.0013478046995666756 0.0014490484334649827 0.001752491517642842 0.0023268389851989002 0.003297359567701114 0.004857974493559758 0.007245572363636718 0.010734356540071011 0.015576052851875907 0.02189066427141855 0.02953141153130236 0.03796762455117839 0.04625662538417635 0.05315732605937109 0.05737829955099156 0.06012948630384125 0.0661492307922223 0.07668459106347246 0.0926881552764386 0.11555838665574991
0.07916278564687158 0.07737173117277195 0.07531739662638552 0.07302928970548314 0.07064688069630154 0.06942845131841814 0.07082001859832378 0.07232183291342967 0.06964942815968124 0.06209100632751935 0.051535555190583296 0.04006985711977137 0.02937768667646056 0.020457095843325508 0.013641633804178316 0.008784833337019944 0.005505370819057059 0.003406858585922576 0.0021246948450213015 0.0013739842642216532 0.0009574568073513798 0.0007535326952141913 0.0006969955959250794 0.00076366616195265 0.0009697808100814248 0.0013699382287916829 0.002066665687205708 0.003224937898978153 0.00508662624829989 0.007929476498977569 0.012023648073884188 0.017551528221350955 0.0244647901404257 0.032356808211920905 0.040421167247631486 0.04756154297983587 0.0531211332105679 0.058493760331472286 0.06671255053299235 0.08043878511178919 0.101278083664211 0.13162699047080123
0.08229059754347925 0.08065229842412108 0.07865409161682861 0.07631852123877265 0.07377777788909833 0.07236745593503462 0.07375544052772363 0.07506823985674864 0.07113593854709874 0.0622544642186768 0.05059070311707649 0.03839237343608171 0.027368374121839237 0.018442063486001633 0.011829092182438154 0.0072812906994871125 0.004336310375814805 0.0025200179783836717 0.0014553591163889283 0.0008596070729964731 0.0005438229086263766 0.0003952658887147947 0.0003550226347498565 0.0004030449939466323 0.000551460165453731 0.0008451532097382372 0.0013707005301943375 0.0022699943426037483 0.0037554657860714405 0.006117824379435491 0.009645361794982434 0.014542369334139696 0.020817490311200594 0.028134450857837494 0.03576189082769196 0.04271460719695676 0.049517377103126196 0.057277629864631044 0.06777956626237724 0.08502198966790109 0.11143051365278811 0.1507988654270345
0.08662231856465692 0.08533005876333952 0.08364604788632016 0.08167566222683606 0.07977204010693596 0.0787433291846801 0.07949566958077171 0.08009226501782546 0.07479158555923154 0.0644902902410792 0.051573036972224845 0.038437490761156434 0.026834190547948458 0.017639971848952517 0.010980081437449139 0.006512159349735563 0.0037077718104567454 0.0020389889638002152 0.0010937356033312274 0.0005853817054206536 0.0003267816912134021 0.00020925053739960481 0.00017905889207686274 0.00021865844128931262 0.0003360100072717683 0.0005693342247422915 0.000995258883945407 0.001740587627250319 0.0029967522676245463 0.0050290605143731 0.00816071152803337 0.012613580900604871 0.01841408490830633 0.02525244486507903 0.03239780475985576 0.03899631188169373 0.04648207616635398 0.056160256477323034 0.06927554864467259 0.09035911843680441 0.12294735845855169 0.17270716355541726
0.09216595337143724 0.09140955129847056 0.09022711329806868 0.08874589672107494 0.08726890355319074 0.08655625285935313 0.08742449546684769 0.08740227281645536 0.08080389397186058 0.06900841202737898 0.05464876114944454 0.040300627735931356 0.02779610463153169 0.018008462388500734 0.011007303249497422 0.006376396540218121 0.0035185436716558835 0.00185989494223847 0.0009435959132691109 0.0004638396472373192 0.00022602594655334428 0.00011778958904539462 9.018973936002308e-05 0.0001314607327253241 0.0002376400926307822 0.0004437482709844768 0.000822470192988618 0.001492643770311128 0.0026332814844816452 0.004492262766060433 0.007377334624142754 0.011576564003616955 0.017107834069096422 0.023663964645447264 0.030476801440112652 0.03682222848317511 0.0439962830297739 0.05545749292010664 0.07160124892510931 0.0966088967451146 0.13558194474478125 0.19649882817004333
0.09888043612012137 0.09884016343928402 0.09828528466212813 0.09728883001278289 0.09614956450051115 0.0960492517975311 0.09723823680028966 0.09698619813938815 0.08934935894962075 0.07607254529197835 0.06009325741529138 0.044222335465333946 0.030436387846003658 0.01966576118422745 0.011971325338912793 0.0068898615025626934 0.0037629481392755554 0.001958621173431511 0.0009739500926916938 0.0004626189573006311 0.00021119653995254744 9.361069067791626e-05 5.546691158153553e-05 0.00011128305998179561 0.00022012532568480107 0.0004251158585995036 0.0007994272588770898 0.0014596923384425043 0.0025799141269519576 0.004399008818684472 0.007210608612977001 0.011319580060391667 0.016806868438717808 0.023342516576254083 0.03017073192677519 0.03691886912877777 0.04487494164017172 0.05761414194187449 0.07569820799869621 0.10398149226913003 0.14884522592465257 0.22058201256491544
0.10667919040728599 0.10755304788544412 0.10775851240899927 0.10725874214508693 0.1067662770866104 0.10728788106928111 0.10885695546886143 0.10885255458460018 0.1005968798113793 0.08598645092997677 0.0682862246786491 0.05059910293922908 0.03512172848269688 0.022919200953626668 0.014109924539731353 0.008222544437340343 0.0045510058061797925 0.0024041172022209404 0.0012212583590710216 0.0006008378786682439 0.00029399243977465563 0.00015634035305454188 0.0001204694770236362 0.00016500017730962434 0.0002840740162521444 0.0005123326861609951 0.0009234216179761267 0.0016360988105178261 0.002825502419275006 0.0047284714675481215 0.00763130683977052 0.011826653283494205 0.017481951069424063 0.024263028649836798 0.03146056769772554 0.03922926788984826 0.049243853482770404 0.06279076801705076 0.0815087528470494 0.11209213057830976 0.16167887210152163 0.24246531932539434
0.11541360183813067 0.11745375521755698 0.11861859531124798 0.11878065753029429 0.1191892628107746 0.12028253527390158 0.12216923501551763 0.12286105978628827 0.11459496068202868 0.09900712739825228 0.07965557492325048 0.05998727155707313 0.04250995909326388 0.028439148258659182 0.018012668814276163 0.01083335135950825 0.006211668327351308 0.0034192705165584456 0.0018310287939901904 0.0009740700414552657 0.0005379079885121089 0.0003400006317372267 0.0002819504733926692 0.00032468463360254196 0.00046796789234153157 0.0007482245288037522 0.001242638402555536 0.002076018367087562 0.0034294162224029865 0.005542253448806797 0.008696912023753159 0.013174386535827268 0.019170795783647554 0.026411225699970755 0.03415327344457999 0.04285188123814639 0.054061363571687046 0.06827436436345975 0.08763552700495135 0.1197665724360722 0.17242043712593977 0.25902850891056856
0.1248260829981222 0.1283712305366113 0.13081938373157304 0.13209371420891178 0.13342779753210646 0.13492781256838937 0.13689687351272603 0.1384953114302723 0.13106309770309835 0.11520858024642977 0.09483868553170342 0.07347222424762276 0.05378100312705387 0.03733061393335851 0.024652165979679324 0.015538234431816756 0.009387060354872434 0.00547814379766356 0.0031387863163651318 0.0018170105417601467 0.0011118685467672933 0.0007730843495934651 0.0006546441802225611 0.0006902062521537899 0.0008719648838439873 0.0012379381189404572 0.0018722560449665531 0.002907004867990792 0.0045316842531938125 0.006989591572730122 0.01055757166293077 0.01549854099430086 0.021984529322098312 0.029818297790341976 0.0381163901877847 0.04736217194237834 0.05902794548980685 0.07315491804959111 0.09289632536751433 0.12567597973711894 0.17930522305433733 0.2673849147206575
0.13446620780051757 0.1399517788222897 0.14421382723021473 0.14717939349001757 0.14940705756623676 0.15089725686919386 0.15244404801708666 0.15459895480496597 0.149355711421861 0.1349144240698961 0.11460555157115006 0.09201127752524724 0.07014201076816921 0.050992405134521405 0.03549312666018826 0.023733889753038202 0.015294422140706764 0.009549430848153188 0.005861037107105682 0.0036459287311943036 0.0023965268162173727 0.001752998144193334 0.0014891999038006219 0.0014850631398677786 0.0017100218192190974 0.002195046661039752 0.003027876974579374 0.004356072011804377 0.006372736824575115 0.009318693891842875 0.013456634022562006 0.019015735113497485 0.02611273301862836 0.03455589318175625 0.04329052464888342 0.05254240902804893 0.06383744875701527 0.07697747985768083 0.09662057292776136 0.12888548874190614 0.18113200645962735 0.2659482187851108
0.14357255781144 0.15144731973429418 0.15836923866289404 0.16392929627495434 0.1668818830803104 0.16740020506104358 0.16766638400186687 0.16965835562567877 0.16863386497293698 0.15741110017241272 0.13874400338255874 0.11610406629071243 0.09273811740215647 0.07108289514815899 0.05255099218184524 0.03762226780865797 0.026113246687887715 0.017535906783342093 0.011454355497071132 0.0075161006159914084 0.005166392634057319 0.00387785418321745 0.003278020695080169 0.0031409037439554107 0.0033804336363519494 0.004004374170347298 0.005092162094400969 0.006790781956618889 0.00931318794748126 0.012882682215938485 0.01772030292222136 0.02399612820854051 0.03173706233743381 0.04068093383503694 0.04958501518843338 0.0581571280757041 0.0681127707426704 0.07972464445459233 0.09853478757296788 0.1290433916967275 0.1776592072534316 0.2550406771460794
0.15098988655276133 0.16134732980231017 0.17192247807194838 0.18200442991317234 0.18505795946717749 0.1825163098212644 0.18105352658463758 0.18285094628278126 0.18619556507320043 0.18042128686694264 0.16574697476161268 0.14519499272567196 0.1220062653538027 0.09895634162137605 0.07797194676658487 0.06005167239917909 0.04529861061950871 0.032996717521362795 0.02269872318759644 0.015350750127688172 0.010812677408551245 0.008218699610274162 0.006891251620427497 0.006408380503041405 0.006555716875766437 0.007287393932032522 0.008653001034335321 0.010778156009368232 0.01385406171640706 0.018119792598450042 0.02371682748159798 0.030702385688382548 0.03897611675416534 0.04814688336667908 0.056771005731184494 0.063883967821079 0.07142828366644206 0.08143082558909583 0.09869415934865593 0.1263601768947166 0.1695982443704365 0.23680662059436663
0.1553682635877963 0.16723772833442815 0.18059344807368924 0.19797306913417265 0.19879321353811916 0.19183263280048674 0.18950445492428525 0.19148094089664408 0.19757659998194793 0.1996353324539649 0.1918409532268317 0.17638854156962813 0.15616588330001277 0.13405564797780217 0.1124348771403081 0.09293003459958096 0.07634474475480257 0.06198215574837967 0.043821579644847 0.02981323024333062 0.02131133437307665 0.01631009167778979 0.013551901540505678 0.012294214878183404 0.01209528714226916 0.0127878761679713 0.014358238086906427 0.01688778560892248 0.020522243407490447 0.025436885847028263 0.031752072408035716 0.03928010755723494 0.04777455471158685 0.0566930563979257 0.06438736464451474 0.06929727156462999 0.07369257852047917 0.08227441906049301 0.09741011521330577 0.12146281777370771 0.15839061597317095 0.21443609560503687
0.1558685996958026 0.16732888001271196 0.17909775066271114 0.19047837084470753 0.19333371263725657 0.1908284618498716 0.19045924784825047 0.19376981388279788 0.20109898899485149 0.2108884913143627 0.21256942310650867 0.2053868097654212 0.19144784132306114 0.1733213826376796 0.1534987622251313 0.13401023863616238 0.11618630716296778 0.0990646765760819 0.07362219618963953 0.05204891563734552 0.03817285298093994 0.02956663280461595 0.02448050538892886 0.021796831096248432 0.020831165583701232 0.0211772497843046 0.02271376268268325 0.025439950865507086 0.02942426390873519 0.03475507717244005 0.04148092856574486 0.04937141831579074 0.05773112196099098 0.06573292805747064 0.07167842741285094 0.07388417457811529 0.07572876082684882 0.08255061463620982 0.09515728601457299 0.11524321944251556 0.14571344881410883 0.19072411217144108
0.15274906602799568 0.1621399197227491 0.17019607612104024 0.17660521034661794 0.18011706422291066 0.18184685270126807 0.18443418849862447 0.18964724608753356 0.19833862735622962 0.2110284328394607 0.2233398942268352 0.22685013510827948 0.22229782057546651 0.21137175506585898 0.19602836386437153 0.17807354574307913 0.15787362919801104 0.13389261785222734 0.10601344611886772 0.0806391579539332 0.06161741859902752 0.048667403377277464 0.04039604038877583 0.03552440978851563 0.03317400070649386 0.032716746230576785 0.03381097561833094 0.03634009243431364 0.04025976156322386 0.04553759840598078 0.05208596245608651 0.05966084632461745 0.06736299505789076 0.07407392127667449 0.0776032332645871 0.07744860943487257 0.07787223587232175 0.08263103950309657 0.09249494167969416 0.1086404903845441 0.13290237404455046 0.1678815795223392
0.14663033865670622 0.15353572461636744 0.15858122672091507 0.1622067008295097 0.16563346520693664 0.16910442142928223 0.17362467829130482 0.18031262211284454 0.19001131960227596 0.20334736890004362 0.2207992904002876 0.2357584527855843 0.24259004898861355 0.2416637954935096 0.23399518942560696 0.21936392549829625 0.19809565557286907 0.17123488642141832 0.14140827158866798 0.11339481963292707 0.09020176889522138 0.07280485343778592 0.060766346648298 0.05302445428371035 0.048585627130269766 0.04673552018146106 0.04687376166191061 0.04867673718700608 0.0519654868421719 0.056566703590722876 0.062245363659108 0.06863794102253118 0.07492961454388818 0.07963827008409907 0.08080513989226612 0.08070382651843028 0.08048768519757944 0.08293147075271998 0.09002695172974012 0.10237169889596182 0.12098989926587513 0.1473656256627509
0.13854469828518173 0.14330178796543794 0.14622669653005074 0.14812986678921794 0.1510074435063648 0.15484868948618702 0.16009650339300857 0.16741081209030376 0.17744875927956724 0.19079358112045627 0.2079309497320444 0.2290959450844445 0.24761412095976504 0.25869900416442854 0.2602283846049514 0.2512903185364732 0.23277545220972481 0.20665782640360886 0.17656436860121313 0.1468788455222706 0.12044743964884197 0.09918896487942268 0.08329657970173532 0.07228557623880522 0.06525599184020443 0.06137573757368445 0.06001793749309 0.060578912570603445 0.06266684845213208 0.06597029214765249 0.07012004079392634 0.07463752982870019 0.07881917349467736 0.08110980266076621 0.08228623503320584 0.08309684821924142 0.08340823342672081 0.08392556687891213 0.08824259331703146 0.09701576467536326 0.11068011263433215 0.12995110395914478
