_RESULTS/CROSS_VALIDATION_POSTPROCESSED_80-20/Berg/TZ/8comp/3/Berg_TZ_z_180_kriged_reverse_8comp_spherical_3.asc
ncols 100
nrows 90
xllcorner 5.6208707817415728
yllcorner 50.959635321741573
cellsize 0.00013419651685393446
nodata_value 1.7014100000000001E+038
[rows 57 to 75 of 90, columns 44 to 87 of 100]
56.818543108813245 56.84502653126899 56.92364025453593 57.07507924732518 57.28853713268535 57.53846684306233 57.781074305196626 58.00241751890282 58.20261136556242 58.37584528599348 58.517952665842834 58.62662713868889 58.69032676434019 58.68097428711173 58.5508724073903 58.22755150157521 57.671490467575325 57.08566980165794 56.68883227612241 56.330405193886854 55.951987411667126 55.56405444208304 55.18509796755505 55.004074318158324 55.30975971809854 55.596377107014305 55.83204316098859 56.00813324084527 56.121766348401 56.17050052254861 56.15932039530723 56.10616938711072 56.03330279078818 55.959166721098576 55.917179715858744 55.85722034796875 55.70217955803681 55.54115527353331 55.394219053058116 55.27604993887662 55.20060098801781 55.18017369496179 55.21350998277524 55.24298789909853
56.83169941106526 56.89277203054499 57.00136422452409 57.169741919303206 57.37457933128911 57.5835961006818 57.77835251049789 57.95465115745012 58.10855833420597 58.23320032415024 58.32008602032749 58.35683153689055 58.32593371582028 58.1991548986872 57.92707495124788 57.43769987368816 56.65304217475381 55.96917132398174 56.14860271334957 56.088182279244336 55.90263921688994 55.65656191574181 55.42275911851511 55.33325596394039 55.43813508461716 55.60196303462676 55.74632379120958 55.84746194306781 55.89925938412716 55.90682663077582 55.883702462575044 55.83924455088945 55.78597605976358 55.75418725584833 55.76565100980632 55.73395684460623 55.60845945992532 55.480171543782795 55.36932568664109 55.28937317533295 55.25297905717485 55.26761940530631 55.28778914686359 55.30065693812407
56.79235058482133 56.86243088180856 56.97358477984553 57.12828881725287 57.31961058895754 57.5082367204511 57.67265141000113 57.81326970360231 57.92740861515999 58.00947991251477 58.048090776751536 58.025809490946614 57.92527783110851 57.723592044697924 57.38570535104858 56.87680216980482 56.22652272116467 55.81179744435296 55.886677862771414 55.949533624269286 55.88541302849998 55.74727018590252 55.611364783955274 55.5411584847687 55.55386849387062 55.608882548023644 55.662187531204275 55.69314588105962 55.69655738505909 55.676363416118534 55.64117669178794 55.600677210774194 55.5794971294876 55.5991359464334 55.660754121610644 55.65035222151575 55.55241406099889 55.45676181172059 55.381765904144864 55.33964649130807 55.3256774746032 55.31322336295512 55.31316778125803 55.31317155380546
56.705933994376934 56.76704434177539 56.863609237742466 56.99345536480334 57.148574970574174 57.313875816985515 57.45924413925842 57.57253851465085 57.653884734982995 57.696312700926235 57.69172406704482 57.63084797098381 57.49566119582802 57.26992914786406 56.943169594273314 56.52607442159147 56.10018827813501 55.84266859296484 55.81714736689103 55.866722886353855 55.873554145261096 55.81674143462191 55.72729574411791 55.655147315515904 55.61804714173873 55.60382926048156 55.593798185607234 55.575721222507404 55.546113503497466 55.50768712191535 55.46617377743617 55.4439035142563 55.46041245077852 55.52570848494162 55.617942896298935 55.61860705195695 55.544173337364775 55.479867656199076 55.43251782168144 55.38671418501857 55.34215522383333 55.31342347936954 55.31317155380546 55.31317155380546
56.58631787301529 56.62605079540646 56.69697287615445 56.79461906121686 56.910641562682905 57.03273214501142 57.15053789189193 57.24201351953304 57.29090460141059 57.29766694944849 57.260486370127886 57.17500617081287 57.03499726718575 56.82659364823487 56.55292327681627 56.24301636726386 55.96160031176621 55.789790404544725 55.75012081984324 55.78162147045062 55.81270877631466 55.809794271726034 55.77560335663947 55.7255162245932 55.67095838057732 55.616138471694065 55.565393321462395 55.51513535427826 55.46410249505591 55.4151856398554 55.39015100189458 55.402589327662355 55.461290113272014 55.575681638848074 55.675684402179805 55.67797139889487 55.610390704225864 55.539147598748315 55.46691837902345 55.39513657113182 55.332763508171666 55.31317155380546 55.31317155380546 55.31317155380546
56.452222597982384 56.462203055217266 56.50042105629125 56.56143744126098 56.63726871838859 56.71500338430002 56.781341587194156 56.830125306163815 56.85016113890509 56.82970583045541 56.7695072321501 56.670668447260056 56.53409605548507 56.36300883609181 56.15704710521414 55.940505116443326 55.75712531721913 55.64798724582031 55.62300425471209 55.65353976135303 55.6973286913498 55.722199557874674 55.720927265955545 55.69833126139952 55.661297192615336 55.61469408395432 55.561420113447326 55.504033543833096 55.45147426336442 55.424305730385946 55.43113308348624 55.479633982359175 55.57695680900707 55.71529003391576 55.782592795697475 55.74425664684127 55.65340515721078 55.559308372623065 55.46382863971755 55.37480743497623 55.322747460705926 55.31317155380546 55.31317155380546 55.31317155380546
56.329589649530874 56.304494797534865 56.3051871266913 56.32411171433146 56.352703059934086 56.37637304646417 56.383886231958236 56.3803631162451 56.35879973677979 56.31297915268867 56.23853622694684 56.134510943379226 56.00687267864441 55.86429629681459 55.72053588228525 55.58484580487233 55.47787062715819 55.422849302341014 55.42481807945395 55.46824107448789 55.523519594778584 55.564655492514945 55.58411049712585 55.58187459253207 55.56150901145707 55.52723013728206 55.48499997916344 55.45120404226254 55.43509613984391 55.44440981270282 55.486754281207695 55.56946396182303 55.69931801185458 55.81799814063183 55.841187947858565 55.76213095786018 55.651460354621705 55.53687777688792 55.42837137058512 55.351798816616125 55.315403517989445 55.31317155380546 55.31317155380546 55.31317155380546
56.23152375028542 56.16400944559351 56.11941762459654 56.091324565418546 56.07046605495872 56.040376409487735 55.99076331370907 55.93258107756219 55.8658450133245 55.78665647336326 55.693056050788336 55.58587084911436 55.469767219551045 55.35253524184516 55.246888050321004 55.16863573162806 55.12793640917374 55.12448195992401 55.160562123077575 55.22512772026691 55.290879748170894 55.3439824732639 55.37792548822799 55.39098164427774 55.389077974352894 55.38158385525354 55.37635626096606 55.38119221861756 55.40370762784652 55.45135862729912 55.53140346486109 55.65074013431942 55.79665027554398 55.86950762262266 55.844942332068435 55.731074095220556 55.60247608832001 55.48344134155473 55.390576528275105 55.331720961276865 55.31317155380546 55.31317155380546 55.31317155380546 55.31317155380546
56.12551103641954 56.045437071202706 55.95592503459669 55.88234210338277 55.810797845735124 55.730220286600996 55.63119978757811 55.51857731241474 55.40654487481422 55.293031422324724 55.177567249230286 55.06191166459371 54.950492674976324 54.85079079419004 54.77271497794063 54.72704552139748 54.72273745001514 54.7634581861411 54.8382128800715 54.92235054662914 55.00133543970177 55.069493380271894 55.124013810018944 55.16572838470775 55.19852243774221 55.22822345257864 55.261615833335064 55.30582725370054 55.368029748077554 55.4552902250131 55.574427606223665 55.728992800080945 55.84037804647565 55.86321309404 55.78648606147287 55.65343274095238 55.53182752899644 55.43024716731188 55.35655664338476 55.317736853241506 55.31317155380546 55.31317155380546 55.31317155380546 55.31317155380546
55.99319029087164 55.95445897151021 55.83612334540157 55.71495410290067 55.59472098905807 55.46788794505717 55.32692581431987 55.16742187766145 55.01119702608973 54.863975349210016 54.726281436830405 54.60032775484057 54.49024031889219 54.402045096281014 54.343119145211695 54.32069306049024 54.33992358510498 54.40189389540452 54.4932839449005 54.59420945768001 54.695123447471126 54.78725420661136 54.86934356159494 54.942532220296016 55.01013955446441 55.07712114519268 55.149443765378415 55.23358426470586 55.33618768212648 55.463822200143106 55.62274189117087 55.7623279391517 55.82137464531184 55.794540080227286 55.68591435302864 55.56744458800165 55.46372232181931 55.38224584841828 55.33006935475677 55.31317155380546 55.31317155380546 55.31317155380546 55.31317155380546 55.31317155380546
55.84332440495512 55.85059276048951 55.76759073413273 55.60750539914425 55.44221232033251 55.273916373593465 55.09676345562104 54.90563315111958 54.70796809862597 54.52820895201626 54.36851058005229 54.23122459661184 54.11992693875596 54.03926151334416 53.99446031877889 53.990304918457355 54.02946064596096 54.103806353168814 54.19488731689446 54.29734970475345 54.40570794585889 54.515158078506296 54.622606156579636 54.72719786048892 54.83019169132395 54.934836703883306 55.0464328711164 55.170862305746546 55.31421143138593 55.48341288494648 55.64514179962997 55.739217593371706 55.75868999594805 55.696767582216445 55.58632961671284 55.485908873930846 55.40280790105957 55.343805298384865 55.315092943712415 55.31317155380546 55.31317155380546 55.31317155380546 55.31317155380546 55.31317155380546
55.70021031141425 55.72519377718502 55.692862777987884 55.568492380871234 55.371615319683166 55.166938616353654 54.959287653664404 54.74516672730958 54.52246064096905 54.31174496034187 54.13056644485902 53.9812522248298 53.86676929152746 53.79054586915566 53.756046793854985 53.766134172981 53.81379206804192 53.88378820232463 53.97249913455025 54.07573621589577 54.189155588792914 54.309036804727825 54.43297482060591 54.56029743033319 54.69216022006843 54.83138810744448 54.98217821911362 55.14975917592797 55.34005035560862 55.5200971127078 55.64036624573472 55.69425675495402 55.67508903069302 55.58653773708856 55.49376278359328 55.41418475038651 55.354084433114416 55.31947242735499 55.31317155380546 55.31317155380546 55.31317155380546 55.31317155380546 55.31317155380546 55.31317155380546
55.569404948808476 55.590086508473924 55.59629464822978 55.5295007441162 55.381175017747395 55.16314199127482 54.9304517177274 54.69872804444634 54.467013616016736 54.237089496754855 54.035296485489546 53.873565682977066 53.75430788687899 53.67993964707766 53.6524598091375 53.6616854854449 53.6987899199491 53.76124774245541 53.84578045853791 53.94875585667539 54.06661259311368 54.19638403490431 54.33617657603931 54.48548621507282 54.645306883943256 54.818050788107 55.00733586030406 55.21650068883754 55.40275944048548 55.53768330344887 55.614556040524796 55.62664607423435 55.56804808816299 55.48626091638366 55.41432638462474 55.357914597975785 55.32264998906031 55.31317155380546 55.31317155380546 55.31317155380546 55.31317155380546 55.31317155380546 55.31317155380546 55.31317155380546
55.45638822003176 55.472069894335505 55.481273019379564 55.47013284207702 55.38653801807414 55.233815765712215 55.022035500203174 54.778509381730714 54.54192006173495 54.314561143148396 54.10084156335305 53.92668527801759 53.80140303320742 53.72384453269314 53.6829584758011 53.67559609528796 53.69959165787797 53.752533213091425 53.83143677780032 53.93312936594021 54.054627078341966 54.193505797794884 54.34824068918611 54.518440933071346 54.70494124028625 54.9097490958832 55.12308726986686 55.303958719845426 55.44237163236042 55.531238757398484 55.56362891211209 55.53257506396226 55.46437996433335 55.40320803222216 55.354272370779015 55.32269674917274 55.31317155380546 55.31317155380546 55.31317155380546 55.31317155380546 55.31317155380546 55.31317155380546 55.31317155380546 55.31317155380546
55.364345634758195 55.38053183689664 55.386894673471645 55.38933471490497 55.37074519299032 55.28877114367153 55.151135732719794 54.96905380774783 54.75447485785576 54.53303306402722 54.330831805012814 54.151421180970594 54.00823962371676 53.90647857590625 53.84402389264672 53.81870712024204 53.82831614432592 53.870568162535434 53.942850848959665 54.042404900808826 54.16670355820254 54.31372437943522 54.48219524794033 54.67176369437827 54.87669468416772 55.06720903229202 55.232141695259465 55.36358981907339 55.45408569860621 55.49643072449726 55.483518679748215 55.431116701436444 55.382830256442126 55.344129940479526 55.31958682075157 55.31317155380546 55.31317155380546 55.31317155380546 55.31317155380546 55.31317155380546 55.31317155380546 55.31317155380546 55.31317155380546 55.31317155380546
55.30145856098304 55.324135356130874 55.327561666201476 55.33035737772841 55.33196076813017 55.31914615592039 55.2557849232065 55.14998555917505 55.01323559223275 54.854475740733186 54.68341910803986 54.5103988638235 54.352176677952215 54.22589567732538 54.14193700243618 54.0983835042254 54.093194761510766 54.12430389709739 54.18947320126644 54.28626192472015 54.41252529753599 54.565455102802915 54.73023254407546 54.89548853628915 55.05241961551436 55.19256252879302 55.30785327695925 55.390598840396436 55.433388171124506 55.428964682625484 55.39151683560597 55.357202598708135 55.3304296731723 55.315198466723935 55.31317155380546 55.31317155380546 55.31317155380546 55.31317155380546 55.31317155380546 55.31317155380546 55.31317155380546 55.31317155380546 55.31317155380546 55.31317155380546
55.2682223987486 55.3021548665675 55.30678246874029 55.31058290852362 55.31527916486132 55.3201332505461 55.319493585305835 55.28116484526756 55.20774208665101 55.10904966237716 54.99468549491871 54.873944015047435 54.755661026057766 54.647985822475306 54.55898710556632 54.50345534217275 54.4848895760064 54.50197109933086 54.55165168188879 54.62884331733604 54.72737117546864 54.84017416818025 54.959602874264014 55.07773472055983 55.18661511770949 55.27841196875829 55.345485799248294 55.380387489421466 55.37589650363034 55.352624387480546 55.332260755249116 55.317985949310355 55.31317155380546 55.31317155380546 55.31317155380546 55.31317155380546 55.31317155380546 55.31317155380546 55.31317155380546 55.31317155380546 55.31317155380546 55.31317155380546 55.31317155380546 55.31317155380546
55.23193288360015 55.27837889280332 55.29003029829702 55.296096815726536 55.30355078686973 55.31126139680636 55.31828923236431 55.32398308087002 55.31136779363148 55.2696230795997 55.2079277503888 55.13494302550338 55.058705986688054 54.986475229274035 54.92453908015678 54.878006527213785 54.85095967511643 54.85028751418268 54.87572440692787 54.922921760712065 54.98642233599479 55.060187521257596 55.13755691618428 55.21149532277705 55.274788650917706 55.32017704564135 55.34042335858128 55.33348309470362 55.32323726622897 55.31563287039922 55.31317155380546 55.31317155380546 55.31317155380546 55.31317155380546 55.31317155380546 55.31317155380546 55.31317155380546 55.31317155380546 55.31317155380546 55.31317155380546 55.31317155380546 55.31317155380546 55.31317155380546 55.31317155380546
55.18960816713263 55.2467387703842 55.26750429339099 55.27687314472758 55.28816618426673 55.29966604474003 55.31008473267234 55.3186222860457 55.32489194684581 55.328591859852125 55.31704245540562 55.28871751656569 55.25117821424808 55.21111903110443 55.17425046029697 55.14516710757063 55.12721853158452 55.122401010110345 55.13128533123488 55.152610874679084 55.18414872676678 55.22195245881575 55.260181604380485 55.29254794367326 55.31247320988575 55.31499310607555 55.31352298381426 55.31317155380546 55.31317155380546 55.31317155380546 55.31317155380546 55.31317155380546 55.31317155380546 55.31317155380546 55.31317155380546 55.31317155380546 55.31317155380546 55.31317155380546 55.31317155380546 55.31317155380546 55.31317155380546 55.31317155380546 55.31317155380546 55.31317155380546
