_RESULTS/CROSS_VALIDATION_POSTPROCESSED/MHZ/TZ/2comp/4/MHZ_TZ_z_250_kriged_reverse_2comp_spherical_4.asc
ncols 100
nrows 81
xllcorner 5.5967107548124995
yllcorner 50.982328804812504
cellsize 0.00017565037499993607
nodata_value 1.7014100000000001E+038
[rows 0 to 18 of 81, columns 44 to 87 of 100]
26.388325415048776 26.41834617045653 26.450493506659043 26.483259091641553 26.51537913862276 26.545816791174953 26.57372236274097 26.598388865666916 26.61921090823541 26.635649501480767 26.64720256911219 26.65337978833794 26.65430530904268 26.65430530904268 26.65430530904268 26.65430530904268 26.65430530904268 26.65430530904268 26.65430530904268 26.65430530904268 26.65430530904268 26.65430530904268 26.65430530904268 26.65430530904268 26.65430530904268 26.65430530904268 26.65430530904268 26.65430530904268 26.65430530904268 26.65430530904268 26.65430530904268 26.65430530904268 26.65430530904268 26.65430530904268 26.65430530904268 26.65430530904268 26.65430530904268 26.65430530904268 26.65430530904268 26.65430530904268 26.65430530904268 26.65430530904268 26.65430530904268 26.65430530904268
26.335678805867374 26.372650024338324 26.411037463032667 26.449660910329868 26.487155840387487 26.522468697140432 26.554778794321308 26.58342943550674 26.607872838147234 26.62762772239688 26.642246634069206 26.651289888666152 26.65430530904268 26.65430530904268 26.65430530904268 26.65430530904268 26.65430530904268 26.65430530904268 26.65430530904268 26.65430530904268 26.65430530904268 26.65430530904268 26.65430530904268 26.65430530904268 26.65430530904268 26.65430530904268 26.65430530904268 26.65430530904268 26.65430530904268 26.65430530904268 26.65430530904268 26.65430530904268 26.65430530904268 26.65430530904268 26.65430530904268 26.65430530904268 26.65430530904268 26.65430530904268 26.65430530904268 26.65430530904268 26.65430530904268 26.65430530904268 26.65430530904268 26.65430530904268
26.27050490253077 26.32172278329321 26.371106778802066 26.416471545694197 26.459535247718453 26.499744206218683 26.536362980187768 26.568825423772672 26.596668680951463 26.619486932547236 26.63689831375616 26.648519990569564 26.653947667361223 26.65430530904268 26.65430530904268 26.65430530904268 26.65430530904268 26.65430530904268 26.65430530904268 26.65430530904268 26.65430530904268 26.65430530904268 26.65430530904268 26.65430530904268 26.65430530904268 26.65430530904268 26.65430530904268 26.65430530904268 26.65430530904268 26.65430530904268 26.65430530904268 26.65430530904268 26.65430530904268 26.65430530904268 26.65430530904268 26.65430530904268 26.65430530904268 26.65430530904268 26.65430530904268 26.65430530904268 26.65430530904268 26.65430530904268 26.65430530904268 26.65430530904268
26.19107253201724 26.259005089500363 26.326962226551622 26.39269015719209 26.45036636217289 26.49995472612906 26.541809278794332 26.57527558773505 26.600721414508072 26.619422820276466 26.63347511235606 26.64552244249246 26.653021490165724 26.65430530904268 26.65430530904268 26.65430530904268 26.65430530904268 26.65430530904268 26.65430530904268 26.65430530904268 26.65430530904268 26.65430530904268 26.65430530904268 26.65430530904268 26.65430530904268 26.65430530904268 26.65430530904268 26.65430530904268 26.65430530904268 26.65430530904268 26.65430530904268 26.65430530904268 26.65430530904268 26.65430530904268 26.65430530904268 26.65430530904268 26.65430530904268 26.65430530904268 26.65430530904268 26.65430530904268 26.65430530904268 26.65430530904268 26.65430530904268 26.65430530904268
26.120902524149965 26.23362824190402 26.342931833464924 26.441313261267762 26.523774723357025 26.58705136913564 26.632762237300394 26.664361352295675 26.682580211142376 26.68899618892552 26.685985692486714 26.676686497106022 26.664953062639253 26.65539537348777 26.65430530904268 26.65430530904268 26.65430530904268 26.65430530904268 26.65430530904268 26.65430530904268 26.65430530904268 26.65430530904268 26.65430530904268 26.65430530904268 26.65430530904268 26.65430530904268 26.65430530904268 26.65430530904268 26.65430530904268 26.65430530904268 26.65430530904268 26.65430530904268 26.65430530904268 26.65430530904268 26.65430530904268 26.65430530904268 26.65430530904268 26.65430530904268 26.65430530904268 26.65430530904268 26.65430530904268 26.65430530904268 26.65430530904268 26.65430530904268
26.13406520349416 26.29547024918163 26.442311837108907 26.56906147501264 26.67234466585562 26.750113606515562 26.801200052583347 26.829233511029944 26.839050027372537 26.832393250181212 26.811762099844135 26.780414929034755 26.742370525743418 26.702392994283393 26.6697899281669 26.654648908372693 26.65430530904268 26.65430530904268 26.65430530904268 26.65430530904268 26.65430530904268 26.65430530904268 26.65430530904268 26.65430530904268 26.65430530904268 26.65430530904268 26.65430530904268 26.65430530904268 26.65430530904268 26.65430530904268 26.65430530904268 26.65430530904268 26.65430530904268 26.65430530904268 26.65430530904268 26.65430530904268 26.65430530904268 26.65430530904268 26.65430530904268 26.65430530904268 26.65430530904268 26.65430530904268 26.65430530904268 26.65430530904268
26.234337872445916 26.436620377919716 26.61368144858754 26.76260746081286 26.881734143014015 26.97012962060808 27.02736378936316 27.05351202033914 27.054461059209643 27.034810496337812 26.997047351639953 26.94439995990453 26.880871285318754 26.811264977220052 26.744284263459672 26.691092665124927 26.659566155976357 26.65430530904268 26.65430530904268 26.65430530904268 26.65430530904268 26.65430530904268 26.65430530904268 26.65430530904268 26.65430530904268 26.65430530904268 26.65430530904268 26.65430530904268 26.65430530904268 26.65430530904268 26.65430530904268 26.65430530904268 26.65430530904268 26.65430530904268 26.65430530904268 26.65430530904268 26.65430530904268 26.65430530904268 26.65430530904268 26.65430530904268 26.65430530904268 26.65430530904268 26.65430530904268 26.65430530904268
26.41021488869096 26.642012179340945 26.84077434133331 27.00553282162686 27.13576618911617 27.231260630997223 27.292075829465677 27.31851846144983 27.311974602397616 27.280024948772596 27.22630970100639 27.153928742594115 27.06675009981322 26.969461859504744 26.8703373284679 26.780746079700833 26.709229028113807 26.664721517028283 26.65430530904268 26.65430530904268 26.65430530904268 26.65430530904268 26.65430530904268 26.65430530904268 26.65430530904268 26.65430530904268 26.65430530904268 26.65430530904268 26.65430530904268 26.65430530904268 26.65430530904268 26.65430530904268 26.65430530904268 26.65430530904268 26.65430530904268 26.65430530904268 26.65430530904268 26.65430530904268 26.65430530904268 26.65430530904268 26.65430530904268 26.65430530904268 26.65430530904268 26.65430530904268
26.642620762660137 26.893060954322067 27.106162196510642 27.281511939533715 27.41896526057055 27.518630924957378 27.580874133610866 27.60626844889203 27.595522976816923 27.552452795191286 27.48434602850307 27.39422359123346 27.285747795357647 27.163403850239913 27.035238605454655 26.912229457342086 26.80316678445723 26.71768181098787 26.66570568687643 26.65430530904268 26.65430530904268 26.65430530904268 26.65430530904268 26.65430530904268 26.65430530904268 26.65430530904268 26.65430530904268 26.65430530904268 26.65430530904268 26.65430530904268 26.65430530904268 26.65430530904268 26.65430530904268 26.65430530904268 26.65430530904268 26.65430530904268 26.65430530904268 26.65430530904268 26.65430530904268 26.65430530904268 26.65430530904268 26.65430530904268 26.65430530904268 26.65430530904268
26.909768232157923 27.171579153544016 27.393928722043448 27.576000457602756 27.717579937903615 27.818945250680123 27.880750260534644 27.903856204451206 27.889169056678604 27.83792975112094 27.757235515879835 27.651597614163535 27.524415264508157 27.379924017506173 27.226198942290353 27.073403769852955 26.930306773235955 26.806848149225154 26.71376429456243 26.66180287088402 26.653766907914704 26.652935769621756 26.652406104077386 26.652467301782863 26.653088065413034 26.65391759905798 26.65430530904268 26.65430530904268 26.65430530904268 26.65430530904268 26.65430530904268 26.65430530904268 26.65430530904268 26.65430530904268 26.65430530904268 26.65430530904268 26.65430530904268 26.65430530904268 26.65430530904268 26.65430530904268 26.65430530904268 26.65430530904268 26.65430530904268 26.65430530904268
27.191046424845673 27.461564794228742 27.690448276230207 27.87637233758567 28.01937769526021 28.120155748602784 28.179794548249625 28.19954307423912 28.180531270000404 28.12362846151001 28.032479381265553 27.913776099829036 27.770649317659927 27.607084119817888 27.431369735910327 27.252606208758483 27.07927703073956 26.918936196679 26.78281055282936 26.684008558716275 26.63530805427558 26.62916549269161 26.626929857699196 26.627175305011818 26.629865351268005 26.634592379753226 26.640598919349756 26.646813918114937 26.65189686582573 26.6542813944045 26.65430530904268 26.65430530904268 26.65430530904268 26.65430530904268 26.65430530904268 26.65430530904268 26.65430530904268 26.65430530904268 26.65430530904268 26.65430530904268 26.65430530904268 26.65430530904268 26.65430530904268 26.65430530904268
27.471766852030534 27.749331961186858 27.98275788959714 28.17064054239948 28.313006181947664 28.411006713019603 28.466831230122214 28.48235089516272 28.45893704502912 28.39739064932131 28.298909552993727 28.169874301358096 28.013771618948034 27.83444547897248 27.640034699185982 27.4349865369461 27.22703766530695 27.02706754058695 26.847765270684075 26.703367285840663 26.608693581666664 26.576494151583773 26.572350615711848 26.572802406576713 26.577805135557085 26.586864618610107 26.599071092361783 26.613157248728434 26.627568504599015 26.64053271242834 26.650118067046563 26.65427096611993 26.65430530904268 26.65430530904268 26.65430530904268 26.65430530904268 26.65430530904268 26.65430530904268 26.65430530904268 26.65430530904268 26.65430530904268 26.65430530904268 26.65430530904268 26.65430530904268
27.74248820166302 28.025252174955334 28.260562940968782 28.447452902053183 28.586748712566155 28.680540386911566 28.731406649555506 28.742105043387493 28.714623315063932 28.649539538022733 28.546738904294706 28.410414862169503 28.244526666737062 28.051006217466607 27.833851733977394 27.600471722652653 27.3598860057349 27.123019365077667 26.902878934118764 26.714607834556265 26.574898297580283 26.500189409648943 26.488626460673604 26.489318412422108 26.49700660668063 26.511066246766713 26.53035943495269 26.553327857037313 26.578102885524036 26.602612407805175 26.62466802592276 26.642022844865494 26.652395999211336 26.65430530904268 26.65430530904268 26.65430530904268 26.65430530904268 26.65430530904268 26.65430530904268 26.65430530904268 26.65430530904268 26.65430530904268 26.65430530904268 26.65430530904268
27.9954012642173 28.280838748528396 28.514937667861638 28.697587175068968 28.830826407409276 28.91815057538703 28.963425935189584 28.969747703984233 28.939072788581893 28.87212192999742 28.767813879445637 28.627502385788894 28.451793317845485 28.241583687798066 28.003521120960734 27.74462823128786 27.47391488644671 27.20239233359348 26.94330895379092 26.712529664434538 26.528469036542496 26.41061200109201 26.37467323243634 26.375655672218706 26.386583227940203 26.406631302361088 26.43431716498643 26.467650669264174 26.504307918022562 26.541792964436013 26.577563258202314 26.60910803196036 26.633979605175018 26.649783194699545 26.65430530904268 26.65430530904268 26.65430530904268 26.65430530904268 26.65430530904268 26.65430530904268 26.65430530904268 26.65430530904268 26.65430530904268 26.65430530904268
28.22373741947861 28.508636691637978 28.738096342763985 28.913100669156993 29.037212197906275 29.11575695354723 29.15433023640582 29.157056874202958 29.125454042709624 29.05896565200356 28.95588775179741 28.811731468008446 28.62613164332075 28.402679666738457 28.146460536675892 27.86438416267641 27.565546661661756 27.261086141264922 26.96441652259812 26.691941745200165 26.463670902750252 26.30233183001608 26.22968779419328 26.22947994239752 26.244471350112576 26.27196745479318 26.30995235198649 26.35571362360834 26.406261165217092 26.458728434186273 26.51009975506454 26.557313087831037 26.597716070817874 26.62890352290987 26.648504940322066 26.65430530904268 26.65430530904268 26.65430530904268 26.65430530904268 26.65430530904268 26.65430530904268 26.65430530904268 26.65430530904268 26.65430530904268
28.421681423036944 28.70251446902788 28.92392299817232 29.087946409377132 29.199813520364078 29.267186936084872 29.29813852741035 29.29821815196109 29.268501359420977 29.206163685479993 29.105085465466274 28.958488057364622 28.766803719141308 28.532724543293803 28.260479427010555 27.956982060699982 27.63148394528257 27.295241130042093 26.961695460524066 26.647550958472827 26.374289832812465 26.168238746225043 26.056787255585018 26.04613789547694 26.06376291359372 26.097199377849435 26.144631864065115 26.20322321283422 26.269536892593116 26.339892774678535 26.410606594616315 26.478113033316085 26.538998535111002 26.58997353454223 26.627804792759825 26.649364347765825 26.65430530904268 26.65430530904268 26.65430530904268 26.65430530904268 26.65430530904268 26.65430530904268 26.65430530904268 26.65430530904268
28.584548413668603 28.858061996277094 29.06853990816169 29.218655966853706 29.315116433644974 29.36851594770915 29.3909168643911 29.390236778363732 29.36610648595581 29.311310201022593 29.214533772955313 29.068712627901405 28.873641646367375 28.63062362674492 28.34371629791404 28.01992892570414 27.66867015103127 27.301195964094134 26.93069433027859 26.573788005297143 26.253286528810797 25.99803543863209 25.839922598896013 25.80424016141999 25.821720974922346 25.86207783061668 25.922291650850948 25.998070085939588 26.08457216291113 26.176951786371184 26.270661605413736 26.361556869559017 26.445874049397826 26.520148333851456 26.58110662290966 26.625547594284253 26.65020421076362 26.65430530904268 26.65430530904268 26.65430530904268 26.65430530904268 26.65430530904268 26.65430530904268 26.65430530904268
28.709068424183954 28.97297462851079 29.170856731007788 29.305172116584448 29.383168913902836 29.41859704679684 29.430865259712956 29.433074097273938 29.42013747424383 29.37640695061822 29.287529226673037 29.14461144175432 28.946973833595006 28.695576998949274 28.394527263033552 28.05094740480709 27.674280404384138 27.275478589735236 26.868194561752752 26.467730863871996 26.090937078811482 25.771663410669348 25.556023051382375 25.48703797542271 25.50630251763643 25.558087363501862 25.63705443566253 25.736503901421457 25.849460138061385 25.969479071307177 26.090970570011635 26.20919012927758 26.32007777347747 26.420064063357778 26.50589476541153 26.574479299786415 26.62274607097071 26.647481177484355 26.653666735364606 26.65430530904268 26.65430530904268 26.65430530904268 26.65430530904268 26.65430530904268
28.79363353068517 29.04722119890741 29.232863469753873 29.35179901950195 29.40969799314807 29.42079401719393 29.418290065553204 29.431779541729163 29.438170983748655 29.408990146186394 29.32859302795666 29.18838223309987 28.987231656040912 28.726833589186747 28.412013180313295 28.055648579612274 27.668027834344393 27.257907174304417 26.83205119258632 26.395487441602803 25.96792975745333 25.586280310482877 25.30418551980048 25.177841791615535 25.16642861360116 25.20227440319192 25.285942937300774 25.41372007094303 25.561924612338156 25.71703606725079 25.872352555343593 26.022673061721658 26.163844027357975 26.29237368625967 26.40516050911481 26.49930945240338 26.571988995080844 26.620285845586334 26.642183673531427 26.65207863278115 26.65430530904268 26.65430530904268 26.65430530904268 26.65430530904268
