_RESULTS/CROSS_VALIDATION_POSTPROCESSED_CLR/MHZ/GZ/5comp/2/MHZ_GZ_z_500_kriged_reverse_5comp_spherical_2.asc
ncols 100
nrows 74
xllcorner 5.5967023332191781
yllcorner 50.982320383219182
cellsize 0.00019249356164376555
nodata_value 1.7014100000000001E+038
[rows 0 to 18 of 74, columns 0 to 41 of 100]
-0.10858313743941972 -0.13166926581799301 -0.13593812119243245 -0.120038466737423 -0.06924491299931859 0.02580522422988407 0.161551386390921 0.33054345792406103 0.5232958136670286 0.7303293195814301 0.9429492123790264 1.1546191511680033 1.3604357753008078 1.5548689589110403 1.7357111872339746 1.9024366846957113 2.05569267839518 2.1968660580996366 2.327620877747088 2.258536065187297 2.0163968208345984 1.7761819334813111 1.5446935887833502 1.3235500825672188 1.1142311134719889 0.9220613642689262 0.7512852558863272 0.6020671437619634 0.4642196219214715 0.33888888222788616 0.22840268242384815 0.13535396301165992 0.06207980452395939 0.011026857415156716 -0.015225558387817723 -0.02544784700696201 -0.030333049532256656 -0.029315293454580282 -0.04532673179959151 -0.12448784443244379 -0.25811568325145473 -0.43482523352763147
-0.1454440386868445 -0.1664695373145755 -0.16850362945185252 -0.1497301326339268 -0.09408842798311545 0.011994906769314806 0.16617513454465244 0.35774887509892195 0.5737311478059056 0.8028417600090415 1.0347509086390017 1.2584658035747547 1.4671799791162303 1.658519395833619 1.8313586050175672 1.9848913858775548 2.1186369839419568 2.2285087429919717 2.2894404684452745 2.2167202933374113 2.0196959967222354 1.7896100793051388 1.5594606408486433 1.3351599502449514 1.1207270098470357 0.9201322993582829 0.7385348390716564 0.5821417086920687 0.44328647602669025 0.31723578462487156 0.2059401530006544 0.11152378481834582 0.03634214198756665 -0.01697682711937823 -0.045548413636001206 -0.05842763915155308 -0.06513253730579058 -0.07488358144338128 -0.14881224716966576 -0.2884412250394791 -0.482781903282517 -0.7201544238734986
-0.18238531225882762 -0.20170917094884291 -0.20246198787431516 -0.18338077660636612 -0.12916304575275075 -0.01566976626205091 0.159682872462224 0.3761920583834299 0.6155715791275128 0.8628832627339805 1.1067888399371357 1.3388650516407388 1.5511343384147382 1.73692428187623 1.8934589726358977 2.022229150782574 2.121230843047405 2.1828472352117925 2.1864714642452 2.1046315923639902 1.9424675416688741 1.737387451696042 1.5206437558509898 1.3029781499355924 1.0922445109298429 0.8938180288686132 0.7122645765887794 0.5522608994274264 0.416100163717671 0.29259806371323144 0.18280301425260573 0.08887996408251933 0.013258349159584765 -0.041252032758586576 -0.07152338312869594 -0.08782567724197948 -0.09710194053065913 -0.15123634728041527 -0.2823412104400509 -0.48039704591174215 -0.7350808220906999 -1.0349567090134377
-0.21806436734282283 -0.23501569955384669 -0.23353276985580226 -0.21409610748602573 -0.16876150687481237 -0.057515552493692085 0.14921520707910668 0.39079380374234207 0.645995744907439 0.9048193965677049 1.158634418500077 1.39757380272009 1.6111653898297318 1.7901352226457907 1.9285015381276933 2.0254142919505216 2.0844089839070663 2.101614622262148 2.0676168291876826 1.9739969464549227 1.8251207814567203 1.639609296236174 1.4387324314746213 1.2329925615484394 1.031484713268989 0.8418185194354392 0.6689999925390283 0.5161767981461729 0.3849286125083559 0.2665264901883048 0.1604835811857463 0.06896742408958177 -0.005595359392366189 -0.06030736207293158 -0.09237721694019502 -0.11330011848448127 -0.1424417686500534 -0.24942136671471002 -0.4336132770784159 -0.6864959108775902 -0.9990488159109613 -1.3604777710149973
-0.25174783378490173 -0.26479253934165303 -0.2577196771640279 -0.2308194287307185 -0.17975740469591353 -0.06256863909155796 0.15455611079874088 0.40207052141780764 0.6631042582685712 0.9294921617403935 1.1916711518484118 1.437476431670927 1.6523292799345137 1.8222556432589565 1.9393438447937807 2.0037499899460234 2.021239005247761 1.998652370712422 1.934719385621149 1.8282552830570318 1.683158599138165 1.5106173519917843 1.3242397886761152 1.1325836336444972 0.9457412108311144 0.7702469866767248 0.6102768423018669 0.4690940844656616 0.34938385986168163 0.24103221388266513 0.14100308772300016 0.053931800101811186 -0.01789256627537883 -0.0717151888809025 -0.10660039063987056 -0.1340610431213131 -0.20369018485906867 -0.3585385066929667 -0.5897922742537381 -0.8922446080857843 -1.2589216450083078 -1.67976723068665
-0.28389488803263496 -0.29179552740843684 -0.27606136129379644 -0.23468942911241467 -0.16111427191882724 -0.027374600686910527 0.16998254211155903 0.4066169546691475 0.665315558879685 0.9349004027387692 1.2043800801235458 1.459276417919229 1.6790549972868338 1.8401475720196983 1.9304831192233949 1.9576782923590972 1.9352590425489011 1.8753757665390502 1.7852257424571782 1.6661874999020745 1.5212907381867986 1.3580686176972478 1.1850900689995616 1.0104190075493542 0.8415070271780786 0.6832518881734969 0.5395432295040161 0.41353586956146426 0.30788861218208075 0.21661875136086983 0.1267137995147063 0.04635536068528606 -0.0206116851499433 -0.07186619904990996 -0.1111429166246736 -0.15413625312902804 -0.27163952522633183 -0.4674840812698008 -0.7367703890768468 -1.082041712234599 -1.4980965337525798 -1.9749941218616642
-0.31607807147541633 -0.31907759152455106 -0.2946898277134794 -0.23975892721141304 -0.1492999942563635 -0.0136676478208263 0.17099992148580573 0.39507908545224146 0.6466404858523027 0.9151820699758184 1.1903287388828978 1.4580793380351764 1.6928294365520558 1.8497842029990352 1.9029217961212943 1.8826813175280035 1.8201997225619893 1.727711170706826 1.6150940071310165 1.4855691861651565 1.340773189422217 1.1862657824161384 1.0283644594200323 0.8726457914568934 0.7235807087507179 0.5850963371711189 0.46056118555952674 0.3528624718378782 0.264512902016993 0.19199025120595523 0.11945878075481461 0.048904295743787615 -0.010430349914522019 -0.05648858196377232 -0.10039635689712578 -0.16828616508131314 -0.3367717821011843 -0.5615186707138985 -0.8571549579793175 -1.239352930147469 -1.6999355391405409 -2.2282058525732493
-0.3502207341627861 -0.3502307882761657 -0.31986213781185224 -0.2558448944250191 -0.1557529830845842 -0.024353470421196982 0.14862179833294342 0.3597664714774935 0.6004849253891434 0.8622715214233075 1.137146561521054 1.4162685780662176 1.6823238259263795 1.8555997778784163 1.8417850701632301 1.7636581875618471 1.6643575439271483 1.548907760412465 1.4201468238707058 1.284438269899208 1.1421843396341758 0.9989074650388746 0.8588895401135538 0.7237376162714884 0.596456276380011 0.48001184102513295 0.3771956390343133 0.2905721824102661 0.22247760246152498 0.1705134075608468 0.11809464254990709 0.06381687812510514 0.015400630985139024 -0.02439847689328603 -0.06809060133812606 -0.15336454075758196 -0.3490399000727915 -0.6031951004251854 -0.9311829009372324 -1.349196572726843 -1.8496544670236765 -2.4228236468472173
-0.38773245618696006 -0.3878579842161618 -0.3554380280049496 -0.2871820533591749 -0.18576943741152527 -0.05766413342274418 0.10209957300700145 0.2982971025057262 0.5235748078043052 0.7703164761856098 1.0314985440932596 1.3007235507398678 1.570936303136317 1.7703332969649077 1.6850268820484262 1.5749381133658122 1.4568800085690146 1.3311198513898277 1.1972399433197585 1.0619021572498137 0.9271021322387595 0.7999153798889445 0.6803763169152423 0.5679570520564359 0.46450865305509226 0.3721991562453628 0.2933229382414858 0.2301638439320624 0.18491252959059862 0.15533311575718245 0.1247016894514644 0.09139204563465919 0.057850033603292536 0.02364822702999539 -0.014469648637794097 -0.1045469879793603 -0.3023063585568546 -0.5860356806289108 -0.9516776258837566 -1.4030278267188976 -1.9366978976625855 -2.5454920580518787
-0.4289323710019113 -0.433003132577896 -0.40299413666053574 -0.33577477456920557 -0.23861703329050668 -0.11440477340834185 0.03463679663015848 0.21335369477899907 0.41839845093089334 0.641353360737334 0.8732894937466963 1.1022708176772336 1.3038597665817322 1.4165343325433808 1.3953027521913537 1.3051598401978954 1.191687423590014 1.0690237683732065 0.9413838188628768 0.8141250756403218 0.6946983787273435 0.5898991596961866 0.49584878491112494 0.4097100700032662 0.3322357984386089 0.26590939900909893 0.21281326618146335 0.17506386318937223 0.15478480827304233 0.14903537641112435 0.14147192433028086 0.13117901249002054 0.11308051150730614 0.08600169719516348 0.055551504274413965 -0.03402209767093403 -0.23518499799726003 -0.5340732842579448 -0.9228768862738713 -1.3980062195674494 -1.9549661384985926 -2.5873530872274197
-0.4727240994528198 -0.48546489406922266 -0.46330627256393775 -0.40359231850387856 -0.31311721583641916 -0.1933841369956756 -0.049615351765302795 0.11206195635691825 0.2935329107670147 0.48670526835574424 0.678943022221368 0.8556703876710071 0.9943307061847494 1.064693404947128 1.0536042245398576 0.9829390385565921 0.8821246485631546 0.7700999726586416 0.6560116901360773 0.5442993294411812 0.447750510061245 0.3696894580740492 0.3052203671061108 0.24963129034449016 0.20281355728283562 0.16546373604937453 0.13953820401856273 0.1285922879760052 0.13492101069261325 0.15437282877588113 0.17162266256487851 0.18338839848726385 0.17848475892697221 0.15958858715870083 0.13629625884213023 0.0521379633908535 -0.1476366932738626 -0.45124395111897364 -0.849405197176044 -1.335168120977681 -1.9021463766574398 -2.542464094207962
-0.5259078337949215 -0.5546799985426403 -0.5475310775845857 -0.5016746320723983 -0.419087118524087 -0.30167245746338867 -0.15906363094326184 -0.0026054938090454838 0.15788457643640466 0.3186835895249692 0.46938511239778535 0.5984480205341552 0.6898737256073536 0.7282116761691398 0.7086356153592634 0.6421663540623956 0.5485895526799237 0.44708848085975605 0.34996254482112876 0.2614683603533955 0.1942740296993066 0.14711595752048867 0.11491412476943169 0.09178371442536737 0.07715047064721739 0.07173425400836893 0.07675674917237553 0.09434206366786971 0.12939995168394816 0.17429661804454336 0.21496935895396674 0.24148323999402777 0.2500384976727453 0.24073245559632883 0.22371392792788536 0.1504816652738729 -0.04137040872158626 -0.34038377346222504 -0.7359947686008848 -1.219275540371026 -1.7821567102932052 -2.411804809301332
-0.5903736533559358 -0.6395601341313818 -0.6545253661394463 -0.6295396702672096 -0.555019767207986 -0.43544614346657684 -0.29051337808778854 -0.13823934719830724 0.008898295815445295 0.14319890224734286 0.26167578952684256 0.3534901859025976 0.40711237065646155 0.4168927462090314 0.38094285319750854 0.3065060233229312 0.20970867374432445 0.11281935641048071 0.03406594131443888 -0.02263010960787637 -0.05484495984934895 -0.0678189098337375 -0.06659696308443042 -0.05653213619919481 -0.038767168493146986 -0.012252567291902106 0.0251660594346957 0.07570348285847708 0.1405597719970492 0.20756447969213965 0.26259902224135995 0.30273733822227833 0.32498729741643523 0.32654964004223713 0.31529432654692563 0.2570025960922775 0.07951327353416729 -0.20647885612931835 -0.5889434681892352 -1.0575612965917704 -1.6028990682034372 -2.2054687838903266
-0.6572929025236252 -0.7286387404108413 -0.7729183641077348 -0.7815141097259818 -0.7122685892499191 -0.5797933432635157 -0.43070147111614643 -0.2830118581634541 -0.14557952736861154 -0.02611910021667635 0.06754066941684397 0.13107983119306235 0.15814403401193766 0.14202925368437744 0.08587793996926697 -0.004170199196542768 -0.11644368717854994 -0.22143039426270286 -0.2777741482664675 -0.29235652103596466 -0.28494486134781927 -0.26298232513822184 -0.22978413472681006 -0.18755740570479343 -0.13845211782797615 -0.08029054487312018 -0.010540047546046621 0.0724029705073033 0.16397988801220387 0.24375051613592388 0.31060708976518475 0.36370877535124935 0.4000161684147501 0.4143851819764779 0.4092313092374742 0.3657489252933533 0.207963077885084 -0.057356421050768686 -0.41699394190242667 -0.8598973632873652 -1.3751413464211093 -1.9399929548212345
-0.7169232732978844 -0.8054875407650591 -0.8742921194709282 -0.9336325443225196 -0.8550460342709697 -0.6993283077158879 -0.5470390973561086 -0.4036894422596107 -0.27512021383847607 -0.16768948575549839 -0.08803722300700628 -0.04263935825990531 -0.03678593264271238 -0.0715914933524876 -0.1485955349509445 -0.26122482100307887 -0.39994185780568337 -0.5421208130335012 -0.5604032134962021 -0.5215174151755054 -0.4768570025891038 -0.4239932146061377 -0.3624177428313575 -0.2914656154369788 -0.2127011537803887 -0.12408958746186019 -0.025175895342661042 0.08143951018797328 0.18729189704258795 0.2790007144392991 0.35552347397714035 0.4195281668980295 0.46931137999603545 0.5000635134664477 0.5038767098055019 0.4667611413736973 0.3330629182367736 0.0962911457375478 -0.23116278160966822 -0.6383601418776401 -1.1151091522318832 -1.638087346382454
-0.762883803522854 -0.8582662230330996 -0.9235540090214355 -0.9485022324421036 -0.8849578458346544 -0.7576012501871827 -0.6194687116618215 -0.4873424899053881 -0.3698185464375957 -0.273907598925186 -0.20596219583934464 -0.17155060901265293 -0.17500341500967412 -0.21886407210656902 -0.30344680015506764 -0.42603286982243227 -0.5724053633703221 -0.7121463071355407 -0.7265261151257452 -0.6738774364185223 -0.6107977641117094 -0.5375379061685278 -0.454295377179184 -0.36043539507356803 -0.25643602305647695 -0.14534455429395124 -0.02731968267388729 0.0963176042224016 0.2110389713448968 0.31145709589812876 0.3959279378933228 0.4653573542392443 0.5226314933942876 0.5672466612723716 0.5896449485355751 0.5396832589369924 0.4399525828423071 0.24196033439223363 -0.04378684383346099 -0.4081535822388723 -0.8424338279765043 -1.3173441381637243
-0.794960848226293 -0.8826539509706096 -0.92645468110965 -0.9237398693765367 -0.8670561832443912 -0.7677965423336394 -0.6502154461193135 -0.5327180383457253 -0.42704658438464216 -0.34171471166736933 -0.2834151668414129 -0.2572767828544542 -0.2666668613861982 -0.312814902585018 -0.39430636695473753 -0.504909132934015 -0.6291966802178437 -0.7290163676854602 -0.764847059002368 -0.7440995389261001 -0.6842914808016914 -0.6029135259831162 -0.5079448084848309 -0.40071699374163827 -0.2815371925783343 -0.15359978094267288 -0.019015421285599937 0.11404603490367762 0.23436506268563156 0.3399767941136281 0.4289762709035966 0.49963375195945015 0.5542612401737111 0.5897029324903963 0.5987625117444999 0.5721379006565784 0.5155359816849129 0.3681094085072756 0.13259563429505053 -0.18538592872748508 -0.5711540755488762 -0.9940768907313146
-0.8074826079788242 -0.881496217021383 -0.9088849001837805 -0.8915363029644064 -0.8367954484649817 -0.7511559350298131 -0.6483790168643142 -0.5431297007704209 -0.44745309190896065 -0.3706845671508491 -0.3198660974789008 -0.2998722272416622 -0.31327705086746205 -0.35988609446704856 -0.4349036366080895 -0.5292903570386872 -0.629666346708659 -0.7147150141317297 -0.7590687410054224 -0.7606668355890401 -0.717855623141122 -0.6379433673874466 -0.5362913156352256 -0.41915652667077585 -0.2890029754611557 -0.14782640335173788 -0.0021514526893496866 0.1338322977991832 0.25669168537420756 0.3641897739078779 0.4539766729016411 0.5232248669557379 0.5704687477929974 0.5951740003645877 0.5999779393523574 0.5845099893203658 0.5551324724731723 0.4664515165602291 0.28442779337133484 0.01819253670926675 -0.31509038438800674 -0.6842146011043376
-0.8083985881269009 -0.8645243839855804 -0.8812008677102011 -0.8547883871467583 -0.798450098003426 -0.717274157577606 -0.6213618210370724 -0.5228432361673944 -0.4331752785734371 -0.3619051305112464 -0.3162394476324184 -0.30072634429354883 -0.31635229117239017 -0.3627518279824328 -0.433522760090419 -0.5187529847214868 -0.6065778446441945 -0.6843116802660948 -0.7342911190579846 -0.7472111729935954 -0.7155416577337874 -0.6448212205072985 -0.5405648730579602 -0.4155730486211452 -0.27666973117850635 -0.12758511662503894 0.018752444474283828 0.1549862099587529 0.27767426244479027 0.3843115685559958 0.4722128416102074 0.5381587487647996 0.5787135703390903 0.5970870045080726 0.6012164636866559 0.5909390923281207 0.568938315027035 0.5281069646381182 0.40194034522476896 0.19122853046580193 -0.08720897793729854 -0.40229945798483147
