_RESULTS/CROSS_VALIDATION_POSTPROCESSED_CLR/MHZ/GZ/5comp/2/MHZ_GZ_z_710_kriged_reverse_5comp_spherical_2.asc
ncols 100
nrows 74
xllcorner 5.5967023332191781
yllcorner 50.982320383219182
cellsize 0.00019249356164376555
nodata_value 1.7014100000000001E+038
[rows 38 to 56 of 74, columns 0 to 42 of 100]
-2.793791040283576 -3.0089056482306185 -3.31928713457636 -3.6546459735946097 -3.93502653102653 -4.134067635734182 -4.235021662913808 -4.226595874631797 -4.1445593543020065 -4.094673287001186 -4.0721828660984185 -4.072113387373186 -4.103291044673047 -4.191434291643275 -4.367762600343918 -4.625041146711937 -5.003921650232325 -5.498829473071658 -6.1050002318899015 -6.82471415983475 -7.647309609142116 -8.552174551922262 -9.476417749620284 -9.855167588737709 -8.962092225708552 -7.8783532580202404 -6.835852062349756 -5.861621325675819 -4.972093702404972 -4.181778659250318 -3.5132679117856056 -3.0180725723716177 -2.6399928230224115 -2.3947708380633066 -2.2503120062438073 -2.174190034247238 -2.1415543138802486 -2.1551456267433102 -2.2963042025272338 -2.534126095533758 -2.744188007797899 -2.8980690150038715 -2.983240068185712
-2.7762098166406357 -2.9730614317171353 -3.2642031657539685 -3.5959502373328647 -3.8692839269395036 -4.057160778298789 -4.141284294277032 -4.1094040728313335 -3.988823459827756 -3.920738612643973 -3.8805248866813455 -3.8674534723809817 -3.9062495422695873 -4.020874154879809 -4.221495631518344 -4.470507064231766 -4.824794654794256 -5.3242061678872545 -5.91389566448457 -6.586703230669584 -7.319718683030322 -8.055254707400529 -8.615114030926003 -8.727031609481191 -8.229700732606801 -7.408101498093012 -6.509863198426592 -5.632236375058173 -4.830874918372681 -4.134477902988036 -3.5457731278177733 -3.0708954007989195 -2.704185753596711 -2.443940081182761 -2.2572320433854816 -2.1166175688234707 -1.9958491824302191 -1.9295852209220534 -1.9997136880201936 -2.167586837514601 -2.3239974576204183 -2.4564028463720415 -2.5622150201313434
-2.8000850886821014 -2.9836774015844236 -3.2663477401075767 -3.594208302319199 -3.879306772050791 -4.072744435374878 -4.15462536111461 -4.114345737755755 -3.974423330270596 -3.863963208785958 -3.793920671837151 -3.7647221296923967 -3.790751501477425 -3.8890307341063513 -4.059345637631597 -4.269735928338015 -4.559913879940492 -5.003763792770669 -5.556513721911898 -6.1615183081221065 -6.7773635690788145 -7.2978324866228945 -7.6445961685108195 -7.681818782661398 -7.3457184926655685 -6.737571296375293 -6.000397466217358 -5.242521800926154 -4.5509937526669555 -3.9755114772083684 -3.5168789667915483 -3.143309008514879 -2.838138212787457 -2.596727096371869 -2.3947281016191595 -2.211413211744486 -2.0140745495512093 -1.888688994777433 -1.8977234805163081 -1.998714288156958 -2.1055024046918667 -2.221646908540048 -2.3536660413390478
-2.8464403814833883 -3.044559194598401 -3.3285458747666707 -3.6584461909007184 -3.9723062467041226 -4.1892891333978675 -4.284307519726623 -4.251022875225634 -4.103980057245491 -3.9560235661775094 -3.844547784913963 -3.775113872426389 -3.7557899116141824 -3.8057331140854354 -3.906352393894493 -4.042181751587511 -4.251587430610934 -4.599179650669974 -5.093018822970361 -5.622307830948449 -6.093954941264703 -6.47954276669638 -6.724586508927775 -6.7393920435179835 -6.489421394031632 -6.018386727090774 -5.403404511271322 -4.743629190160456 -4.154135871965389 -3.720060419736707 -3.4338628302146104 -3.2547518821328216 -3.0769472121638097 -2.8904358726585455 -2.6978575732652383 -2.4897491391893616 -2.2340598999345755 -2.05215762510319 -1.9990397118957208 -2.0186120952348525 -2.064806117852479 -2.1565328826407106 -2.303720281222233
-2.9081974950827636 -3.148442003130011 -3.489029304374645 -3.855942674191467 -4.200503785087559 -4.4591138233553504 -4.578437629342949 -4.555102079465104 -4.39960858537248 -4.201630865778435 -4.033081951884572 -3.8985423004285296 -3.810446194458846 -3.786097496202285 -3.7917766470368437 -3.8258489668418054 -3.930646382988475 -4.169718757552952 -4.552275700276766 -4.985066378577067 -5.364734338532115 -5.689725381217262 -5.891819595838886 -5.912311572308376 -5.7256057860904 -5.348063744363297 -4.814130764891012 -4.2029273364778215 -3.6676493619811197 -3.395230202196788 -3.362886236480061 -3.425137482960762 -3.4491795592529435 -3.3613891970463383 -3.2043186041945386 -2.975874528899401 -2.6704984910928244 -2.42873156189952 -2.2997867710049524 -2.213556145983968 -2.1756433306443843 -2.228195936748317 -2.3735456210684274
-2.986762858505931 -3.2689970971956557 -3.7094065470148427 -4.187474546852126 -4.6057397867872005 -4.910293257341456 -5.05354102221076 -5.03133298571017 -4.862965202563445 -4.603911991369421 -4.358542696305192 -4.142090189259475 -3.968903484604261 -3.852008764296215 -3.7479115881075353 -3.65214746061025 -3.6062599966097864 -3.6922329667089118 -3.9520567723913844 -4.3048015682479015 -4.661303708511726 -4.965342590350497 -5.162631919034385 -5.211646335742584 -5.090812638600967 -4.799827941100069 -4.339461792998005 -3.7407174346711303 -3.13135345726714 -3.0800357503478812 -3.4238956890007595 -3.74492024641836 -3.9675444821876336 -4.027730199963538 -3.9387548994576167 -3.6918710937142842 -3.3371496671785925 -3.029036258232667 -2.8005866817179843 -2.580588278733043 -2.4145611191776544 -2.419754876723051 -2.549709323486129
-3.0894951028629816 -3.397466323914532 -4.008539250811258 -4.641848632049391 -5.155462595038255 -5.501932545528254 -5.671136635979334 -5.6520429583715215 -5.465185447589613 -5.149124278037153 -4.810699895733172 -4.497889822842925 -4.222941362803948 -3.992393799567443 -3.753875619221511 -3.4927127847016304 -3.245464824504458 -3.1810184020868557 -3.3747225621186736 -3.6691722582958173 -4.023503968997954 -4.3276137184165835 -4.543273159988196 -4.640651447072362 -4.6026992923210726 -4.422570196016169 -4.08738188165828 -3.6044553986985806 -3.0334926785860645 -3.222699435960672 -3.8204864032398067 -4.315503066834208 -4.674068649466655 -4.857055985279502 -4.848337632111479 -4.6293463397545525 -4.2397281623831535 -3.8604148415003166 -3.510200862363326 -3.15495327172716 -2.8153637514357515 -2.7769576898975257 -2.8483748644934437
-3.330939447199383 -3.5771752260122387 -4.500310765459575 -5.283625727646803 -5.872335227646301 -6.235690934350462 -6.3751474367200975 -6.321601283890018 -6.100197177810609 -5.735566835646087 -5.29513765165559 -4.876529674292682 -4.493527331599276 -4.152486901418656 -3.800904357173876 -3.408930895801616 -2.9793295951269503 -2.766290812156189 -2.923449172131664 -3.1599696491253697 -3.4888245583134845 -3.7983767558598918 -4.042748793138772 -4.201664158789139 -4.264509376991188 -4.227853565361242 -4.0874917965860895 -3.8882095151282385 -3.789080133032741 -4.047034645057371 -4.580422170952194 -5.121485554865686 -5.5450528860710975 -5.806942011871639 -5.853959932389807 -5.660406845599936 -5.276608863070635 -4.8490442300003895 -4.40032204519846 -3.955541811299368 -3.57930357874415 -3.3630388372761235 -3.279133177479531
-4.047817074134457 -4.503498906746857 -5.335030300756622 -6.151603632345003 -6.770727030056527 -7.113789748485047 -7.179911815364202 -7.0274856662431375 -6.721768136428297 -6.29834214919157 -5.778402308954985 -5.253291692735412 -4.769142633508261 -4.3343027629247635 -3.904707231308435 -3.450007712181219 -3.011344307592408 -2.726725936637483 -2.6717288247290725 -2.802945068269302 -3.0724830239067735 -3.371536974740037 -3.6482943888120003 -3.876546875796132 -4.050323297924443 -4.171329294260327 -4.24880379459368 -4.340844529277219 -4.545152928816153 -4.947097787565756 -5.507449306615385 -6.087964551852332 -6.5591358548156204 -6.853619615064675 -6.9304992507880865 -6.7387285453822265 -6.346467589326725 -5.8323972096575805 -5.303562193706052 -4.800749177130531 -4.3661124643445115 -4.031986511079096 -3.8020318556435915
-4.926963833174545 -5.5324953735591835 -6.3445065888088585 -7.177833119469666 -7.824406240047743 -8.114237300058997 -8.046980608620306 -7.749807812157316 -7.319012338869275 -6.800580201532185 -6.223277215922685 -5.611072766146505 -5.038347368800038 -4.523526041166218 -4.041015454048729 -3.552065413168944 -3.092381230902822 -2.7316294182635814 -2.5396529726481343 -2.564043808653729 -2.764270650037535 -3.0386079651714435 -3.330765988657791 -3.625947729987403 -3.9104446731699305 -4.185524220614481 -4.467799437282348 -4.79506068699243 -5.223481657376743 -5.785949289211699 -6.452199065047326 -7.125637016353954 -7.672737232217758 -7.989966819137278 -8.041721600485968 -7.817697870535402 -7.3620600286577 -6.738038229698906 -6.113682139193851 -5.533191951297444 -5.021827554825392 -4.60359824135628 -4.279481322154241
-5.7170053249717725 -6.421937136518235 -7.289588263325918 -8.209479130211509 -8.972683434432877 -9.182005789389136 -8.884321685736209 -8.405109138771502 -7.847766288988755 -7.2409597131232575 -6.601052163636471 -5.940645123117475 -5.285583257720258 -4.699083839413825 -4.172334582689987 -3.651661379475051 -3.1531718968268727 -2.729413355311647 -2.4534269209205966 -2.396088141253103 -2.5327731029162948 -2.781088336383004 -3.0882354300763653 -3.4407648602777927 -3.818546834177252 -4.227201405911444 -4.6760091981813225 -5.18501439857947 -5.789033805952999 -6.5059303908053385 -7.3158756329766605 -8.14444594432686 -8.83786156591093 -9.19673192087469 -9.147247534024995 -8.799327324588315 -8.22393103089172 -7.4957015692681965 -6.770462769278251 -6.1121187189074995 -5.537189642416583 -5.050597773316465 -4.647337931909874
-6.344808232489781 -7.098882181705573 -7.9992613412871485 -8.994367321174208 -10.031108595740623 -10.096569307592029 -9.49386374782934 -8.87713856743423 -8.239536930182313 -7.581816578337175 -6.9086940463482716 -6.226516485135164 -5.543680547064996 -4.883517517454247 -4.298298572876441 -3.7402381766157413 -3.20019430511617 -2.7310221605095113 -2.4024385653575564 -2.291792752383687 -2.387688478798342 -2.6242537286598737 -2.945259508302023 -3.3281531391876884 -3.768796195461068 -4.267466915862577 -4.833315897362476 -5.472728221199367 -6.205133828698285 -7.045721652492319 -7.992079088459175 -9.009953246540611 -9.975757622539017 -10.43760596249249 -10.135229203071997 -9.531994901474434 -8.825894582230088 -8.038747769293053 -7.240734233062861 -6.527794152369108 -5.901964256701333 -5.3602948190084625 -4.894625014844702
-6.779771147695162 -7.5220411868093375 -8.369142533995895 -9.257534373464491 -10.01460540722792 -10.118498700258558 -9.664797664372342 -9.082177868192952 -8.452402940120603 -7.795831717353651 -7.123011280072264 -6.442593580230852 -5.7637827554022065 -5.097228071578994 -4.459433584370333 -3.867990941491726 -3.297284015405219 -2.800508106504834 -2.4391285392413775 -2.2937185976106123 -2.358827701121022 -2.570201384496789 -2.8699210629687895 -3.2727542911146834 -3.7599737943179337 -4.316196960160391 -4.9467969949766 -5.655839109742578 -6.453987821542251 -7.355325232232861 -8.366084208655153 -9.48400779404824 -10.708878165080034 -11.393164916060115 -10.646168003641833 -9.88915288573148 -9.11308270118311 -8.31653316855031 -7.503060305119033 -6.759441499622573 -6.10214114539742 -5.523553305537075 -5.013995975434929
-7.024333244119559 -7.7058443745097165 -8.435075285328526 -9.133774868004352 -9.63331321290531 -9.750267760644066 -9.499396180727622 -9.045835981385032 -8.488862107159827 -7.876946468489444 -7.234748981276969 -6.5777818539157 -5.918463754946652 -5.268458396909688 -4.63944581373114 -4.037585834196884 -3.456250067662709 -2.9501207529413653 -2.571169667420959 -2.405544790709599 -2.449155312503403 -2.60537903728655 -2.8506385949462425 -3.2794475511218044 -3.796496347287141 -4.376390320857893 -5.026596034012071 -5.75504578835824 -6.560433361154874 -7.448849022406831 -8.416538645674141 -9.42988556916551 -10.354010817252181 -10.752089779629483 -10.414143540776156 -9.79359327067392 -9.082359177719821 -8.328902009851369 -7.548139011519876 -6.796605704556022 -6.131098964644554 -5.535812268681254 -5.000861206655379
-7.109196214290169 -7.707653037385297 -8.311236178119321 -8.854406312793689 -9.224928910802948 -9.336235008752453 -9.18900792865934 -8.850684068760572 -8.384309424046743 -7.839381301587968 -7.2476598920495 -6.630231345581995 -6.002871551773138 -5.378783291386064 -4.769764836482652 -4.189051984496448 -3.6654933398861433 -3.185269991608468 -2.8046024045274187 -2.6345005921859452 -2.662547272505017 -2.778945644229059 -2.9870079511043697 -3.3982210251019627 -3.8979843622829473 -4.460240857463361 -5.088343691960846 -5.787418885893545 -6.550957829885719 -7.3653514971502005 -8.191866204583448 -8.970285379556941 -9.591889922183936 -9.86684312669881 -9.735720257984134 -9.327086800729802 -8.75996939380679 -8.109315145642062 -7.408170826512768 -6.682118751337514 -6.002500369792163 -5.39880925940111 -4.8635601631082
-7.0730172649348795 -7.586094859557681 -8.080964267347403 -8.507788511088927 -8.803617882836729 -8.90789789985746 -8.81714762193775 -8.562652027630023 -8.179135172069115 -7.705610326731364 -7.173082757594857 -6.604525496654045 -6.017622987727241 -5.426769201722353 -4.844175058030832 -4.299008916910591 -3.8361284484584552 -3.4351152777663456 -3.109465372511989 -2.9693657101370965 -2.992556830118794 -3.098116962760998 -3.3049249046545133 -3.639181231711568 -4.073889441337312 -4.580952131281928 -5.147946792703488 -5.766408741826756 -6.423379836869879 -7.088547777829659 -7.726115193569768 -8.296104786306886 -8.725001522146446 -8.926818586271697 -8.878069022815884 -8.627370433236557 -8.214010074397834 -7.692659603575055 -7.099296122461216 -6.463168354836347 -5.800641939237833 -5.180626030792415 -4.6585371847597035
-6.949644005532462 -7.38350941165359 -7.788984235646988 -8.129607638572672 -8.368577964441828 -8.467653893086664 -8.41176961515458 -8.217618389368187 -7.9033521592328135 -7.496653580731204 -7.024290997104176 -6.508260649288911 -5.966479305051545 -5.413774180246085 -4.868270154351002 -4.378336128610814 -3.965893537957016 -3.641921965088236 -3.3889515096030234 -3.293822594109523 -3.3254156722371944 -3.427047156907764 -3.612054451279454 -3.8878595760547343 -4.243944890770083 -4.662376267132511 -5.127661694079136 -5.625676662718648 -6.139830746713324 -6.644880538801469 -7.108704052268223 -7.508123663770494 -7.798128741283014 -7.94121295448425 -7.928491215144333 -7.782597630092278 -7.508901234756323 -7.121638270400462 -6.649106352249288 -6.118796067127614 -5.543551577584479 -4.964764122339148 -4.473640140086376
-6.764534150421127 -7.1289398576895735 -7.461452217310928 -7.73528567346276 -7.925471504873306 -8.01417880836718 -7.9822235967337365 -7.832806677393395 -7.575577229937066 -7.228370446102273 -6.813192038790289 -6.349757095982234 -5.855139654591687 -5.345139955493153 -4.861956245885226 -4.434274907536118 -4.07838812558721 -3.807700344311872 -3.631851106020214 -3.5743099374443617 -3.5994503579542547 -3.683847532434673 -3.8342396925387723 -4.0518826437524105 -4.329417166119356 -4.653524715349522 -5.008834485904197 -5.378826839902619 -5.744763593598291 -6.088393358690624 -6.3999727790003735 -6.651442807626713 -6.82480794630542 -6.912258021969086 -6.9160558102602545 -6.842791550078996 -6.691516171335333 -6.435429312644316 -6.087437473025041 -5.668896624935718 -5.214203003227647 -4.7644698657332665 -4.337581007443031
-6.536268844646017 -6.840441325604755 -7.112830100063516 -7.3333461312819015 -7.484104276595803 -7.552711195269892 -7.5337387625166095 -7.418305199069403 -7.208592904705133 -6.91366522828665 -6.551309599095589 -6.138567485212674 -5.6912598544479875 -5.246050123557542 -4.833863380487428 -4.4723979050588945 -4.177414425471228 -3.962465814144773 -3.8400529829937637 -3.7957820801470317 -3.8063571707553145 -3.8652018698076707 -3.974703404574059 -4.1331499369918685 -4.333451782919191 -4.563834342881443 -4.8093572700896345 -5.052785285669372 -5.277402273282185 -5.478419116589912 -5.641469157472147 -5.7543829073251285 -5.814436721312667 -5.841492479038324 -5.854644130636145 -5.847596462702621 -5.797177468383241 -5.668377950889689 -5.443592703496396 -5.1605783588934155 -4.851162236994188 -4.534723183775466 -4.229725789679626
