_RESULTS/CROSS_VALIDATION_POSTPROCESSED_CLR/Berg/TZ/2comp/3/Berg_TZ_z_125_kriged_reverse_2comp_spherical_3.asc
ncols 100
nrows 90
xllcorner 5.6208707817415728
yllcorner 50.959635321741573
cellsize 0.00013419651685393446
nodata_value 1.7014100000000001E+038
[rows 38 to 56 of 90, columns 44 to 87 of 100]
3.2294355881902006 3.4397114910679893 3.684477657402115 3.966745071637984 4.283296936713195 4.623178721918069 4.972203288129442 5.311703814608945 5.619808701724404 5.879287190677822 6.07285342248341 6.199904078182453 6.276321409856909 6.318265690186531 6.337796849156468 6.334981576398237 6.3103010071704615 6.260131168961314 6.196376334615591 6.117995716895731 6.020593090449598 5.901484251394925 5.763249556028465 5.615243662084507 5.4673169144528275 5.327029846846806 5.201161440632728 5.097689660808855 5.005653482367212 4.906465596890578 4.798367732152768 4.671908410759809 4.527814119670102 4.373118922127148 4.213422750208037 4.047006171435842 3.867123603676341 3.6725321570514775 3.465356728932195 3.269971273284685 3.091403616573499 2.934191426887222 2.7952366895831386 2.6703449852779904
3.1554681578232304 3.363275589940171 3.6061541958835264 3.8843929024251143 4.193193118112111 4.521903018295919 4.854518859346314 5.176347748724194 5.470939774469111 5.720142107248497 5.916030816913282 6.0660368440378365 6.1743116697526945 6.251525716155435 6.306236680404666 6.331160652260686 6.331508756915882 6.32032559002864 6.300911576368777 6.266091973097334 6.206550941049635 6.1102678256087035 5.983105085700638 5.844354222093768 5.708073979469435 5.582049505384279 5.4710075753341965 5.376500821457217 5.27789967635637 5.165363530224079 5.0398870142734955 4.895006261889387 4.731466288694856 4.557852200378768 4.381298686361866 4.205272457923488 4.020082784010672 3.8182453536700427 3.593165751202757 3.3644947686763276 3.1535414032877362 2.966376043164375 2.8067334192304054 2.665765454463227
3.068366914482807 3.2750669550387013 3.5147928440693246 3.78844967865774 4.089450418444576 4.4035776145512 4.717592250616455 5.01768336762434 5.291818956136364 5.529562307164364 5.731024176798225 5.89971738435556 6.036010661353183 6.1470156240489 6.236330189952742 6.295303497934464 6.337357945290957 6.3725130168337865 6.399590369928305 6.415023953472692 6.40575958552947 6.328682386382253 6.202374390960303 6.0702802873251525 5.945994611100973 5.833932693258072 5.736184097246863 5.648515207755809 5.543711099002516 5.418601836910872 5.276300653543583 5.112149626702924 4.92757071364419 4.734105276248361 4.540819893729064 4.354358699400045 4.169501141588479 3.9715476979897044 3.7304175632161662 3.466449945800125 3.223766325819354 3.0102388580269603 2.829386995312161 2.677408933457494
2.974473632441659 3.181999848622738 3.41729478983268 3.6825052544829577 3.965393790195569 4.256039570505781 4.544961606267234 4.822333499288327 5.078701941242741 5.307631568937641 5.515193126388488 5.698891067640309 5.859268733950426 5.999220819791008 6.117680163990325 6.221238866641913 6.311229394413088 6.390453176335182 6.460149227155663 6.521571236278771 6.58208270026921 6.509958446132286 6.379834755961128 6.259863791979793 6.151699959865906 6.056423503049791 5.97509284134864 5.892906454927097 5.789856476571934 5.660544010899063 5.5015919228638595 5.315123160413193 5.106772955557719 4.89177692527495 4.680403140547248 4.4800937263643315 4.292498829804157 4.111841332326447 3.84895440953556 3.5594637120601833 3.292901798717981 3.0598583017029375 2.862340584046654 2.701295352633343
2.8668481918966897 3.0716783411584094 3.2978528278550963 3.542609378474273 3.8023985231623767 4.06931905731121 4.335012567864557 4.591484351965486 4.83112599281206 5.053742544209758 5.2644663848861795 5.458787369540016 5.637084545279348 5.803491737932346 5.963550285435774 6.113545563873995 6.248751114492412 6.3675979720499765 6.466832119579628 6.5457782774670745 6.594830360634376 6.565869408389327 6.483362435523571 6.395765948945536 6.314754389992748 6.243120144189136 6.179248664737408 6.10077390738882 6.003324863381421 5.88125618339776 5.709736451058893 5.492573468788908 5.257588578993629 5.020898757458731 4.790628928377294 4.572243349350954 4.366411025573668 4.1526946942774785 3.9000382125243718 3.6251306460912516 3.35500205237353 3.1110863601759426 2.902970480506533 2.7338579269813446
2.731551422956642 2.932504482424583 3.1438032800558777 3.3682076538675023 3.6040987923967047 3.8470123276427897 4.0900906046068135 4.325963684892331 4.548706365001266 4.76496728344274 4.975354220646019 5.17689935505328 5.377117745063589 5.578564277782503 5.778787705457043 5.972463657632716 6.151005906082347 6.3066899799313285 6.42794110898797 6.510982160151948 6.555986678125102 6.55708125542863 6.524769678998149 6.480129308170676 6.434653746690904 6.392101567720468 6.339249121861412 6.263353337942695 6.167778164818255 6.057759965384043 5.878404845489111 5.624666033395703 5.367552258374966 5.113240020441971 4.866627672970713 4.630881020420304 4.405477379381364 4.17392237736582 3.925602817400863 3.667802127098216 3.409918066879045 3.1632870872948677 2.949277016178607 2.7742139395215824
2.5764528390852535 2.7667970781644975 2.9602520971297266 3.1632021185577415 3.3754375187414025 3.5933952239926885 3.812311108619354 4.0264534850840485 4.232521282615112 4.442132746573724 4.656459187386101 4.87348134254242 5.096037630163939 5.326176546229245 5.561553552765486 5.796716782416144 6.020286315102876 6.215140179458375 6.356806727378936 6.441686436695162 6.489922861183996 6.514130569774565 6.521722577954603 6.520748999154529 6.515489292182767 6.50054144910983 6.45430657926263 6.375268830352963 6.266915317696968 6.1284655433000275 5.9349542739342045 5.69037193411941 5.4282424215159235 5.164778737819864 4.907692455987459 4.660383804649329 4.423628315948851 4.18632843799131 3.9427374142306975 3.697824966829173 3.453722663383573 3.217484787170243 3.0011549327082006 2.822399249619393
2.4092779029204516 2.5801856296489243 2.752658078030114 2.93191765002008 3.1202487406186714 3.3134213662132876 3.5097806581617665 3.705744863173119 3.9027750112820363 4.111615118373068 4.330169997147974 4.556732605593184 4.7938325736306995 5.044534557390251 5.307626514842099 5.579858896523994 5.852368109277412 6.099835444041682 6.25876458782429 6.336151411739464 6.386677163204244 6.433130758830665 6.478505862015947 6.523117254176095 6.5617772376882755 6.568064741367349 6.528095886868099 6.440189773324738 6.310290512123974 6.142659801474373 5.935779917725563 5.696872282343123 5.440980316536924 5.175905434371549 4.9152231294368 4.663596008924533 4.423604430695107 4.187908917424016 3.951503144174945 3.7183400585728084 3.487551964150075 3.2653211427857576 3.0589157704751937 2.8784778176694594
2.2606436543898463 2.4027176082204575 2.5491469602939847 2.703017675932651 2.8675850759955357 3.0391205693300027 3.2157117614977055 3.39522178637699 3.5818241831714017 3.7843859450005484 4.00060554277331 4.2290963988767345 4.471707439094413 4.732590221384163 5.011618476966737 5.308107475187955 5.620851349456416 5.948288577425316 6.1109030153487485 6.167352141305006 6.230001164266225 6.305840403947414 6.393551039592573 6.488310454354252 6.5656144031362835 6.5994287116447925 6.5670805845178775 6.464791982454278 6.30988508140128 6.118641625727747 5.899401048567781 5.659646536395606 5.409323511845339 5.149346405631583 4.891149705862071 4.641929951875215 4.405489754643514 4.1765789204030455 3.950426814063831 3.729189816672636 3.5117076813287964 3.3038166829847486 3.111861487880622 2.9420116086971526
2.14393209747688 2.252800420815193 2.370232795620161 2.496903867952298 2.635759136969633 2.784669198297595 2.9401919813207478 3.10134890357891 3.2741045381934515 3.4656782836094497 3.673624895267817 3.896505363119695 4.135181821179655 4.3943753649468915 4.674155146040083 4.973043138514574 5.286462727363567 5.593351067973741 5.792039792849478 5.904218314347133 6.009421243657751 6.126885633842564 6.261833814729477 6.398314056669831 6.520091352350772 6.598319203700311 6.57728164841245 6.448252492272265 6.263218006036358 6.051573613400407 5.822996464760357 5.5829895957879305 5.33690267291987 5.087710255303773 4.837307600489927 4.5963253613921164 4.369150759442375 4.15108368330779 3.9381173497657205 3.7293792839943323 3.5256770638966537 3.3324860974228563 3.1553953788579565 2.999976227114793
2.0581576936777637 2.132013339653556 2.218625237805838 2.3176584320353983 2.429459036799087 2.5546174316630528 2.688528011380299 2.8296699487983985 2.9853003645169736 3.161519353819825 3.3555903937354468 3.5658274856989207 3.7919845906232483 4.038483709859942 4.305391470014403 4.589064919130439 4.880344714604606 5.158108618562464 5.386961008014584 5.568462092375292 5.732012696486863 5.897026997328506 6.06557082129411 6.235130349195066 6.402649899098828 6.554305005886801 6.5544177903819865 6.368035604591473 6.155207739143391 5.932727048801141 5.702840699195513 5.467635865177639 5.229637469937643 4.991998549584405 4.755369397781555 4.5277887193805055 4.3147358028163945 4.110935844990952 3.9129462468944185 3.7179199043676823 3.5287809435522313 3.350793468861647 3.18898064699235 3.0483852576389356
2.0035309232532397 2.04181728623327 2.09681011807076 2.168078360200545 2.253257853401807 2.354270042558787 2.466516887933992 2.586573932614835 2.722345136650858 2.8794623335296126 3.054766481989413 3.2462006505836274 3.452719868403286 3.6775382468744096 3.922157009041573 4.183157658827344 4.4543390958711075 4.723826169795925 4.974867926799004 5.203710630171141 5.415209948729386 5.609936131821891 5.799609356867819 5.987324696074239 6.170662725938762 6.336439691408512 6.34847620128112 6.171810810809647 5.968628683801188 5.756245310805595 5.537840947182843 5.315368745386328 5.090952966695071 4.867079798019697 4.647172447232979 4.43768393128824 4.24283320693545 4.0562527911135025 3.8739054663750796 3.6939940811565624 3.5204909977389534 3.358332952682778 3.212277908497132 3.0869330177613596
1.9806115706447809 1.9847242523777944 2.007569241418259 2.0509014140515633 2.111853034350061 2.189358206024835 2.2804482201475884 2.379400190916672 2.493333842890209 2.6284396311588285 2.7811025431084415 2.9488288816159427 3.130237819061514 3.3266550500300296 3.5425609906325404 3.7778570001509646 4.033224868343087 4.302193498922603 4.571640042092513 4.826169038687436 5.061033555439096 5.275896842037641 5.476055570287794 5.664958050115381 5.832743426054213 5.951145245381811 5.96465820153797 5.865731751952684 5.709036763576374 5.527160409249805 5.332575876803662 5.130857996671509 4.9256595887031995 4.72005413341328 4.517024287446709 4.327927594870908 4.154526017127739 3.987188271525944 3.820823378528252 3.6573219938245947 3.5005531794304163 3.354924859217204 3.2251705209859214 3.1155543504655023
1.9705305833309543 1.9537474919020055 1.9518827770856582 1.969457609142256 2.008987219615712 2.066384538687928 2.137645801307335 2.2163403874886525 2.3073451004474537 2.4184428497451336 2.54581064824551 2.6864610715096324 2.838548411783832 3.0021203672305647 3.1834692400748184 3.3896521997808886 3.62863859434437 3.893537133736225 4.168076792397719 4.435581195720645 4.68569960224089 4.913170217952854 5.116602331180156 5.298703568053787 5.448914928048442 5.546776391317091 5.569756095531959 5.515562167494915 5.4052155083365845 5.261125927975649 5.097285925369473 4.921896725246949 4.7403133559215895 4.55657825686867 4.374102451699611 4.202589198148339 4.051395586556619 3.9029495421849103 3.7539734523435957 3.608058355799102 3.468952774738182 3.3406501967880167 3.2277735994351744 3.1344024528246717
1.969899889219305 1.9318372291216634 1.9080973148883764 1.9094060900987613 1.9403533012820007 1.9897186615080635 2.045896135514009 2.1061512068263557 2.174068798336172 2.259992635141286 2.3607556981495135 2.4727121106086822 2.5926906625743573 2.7188431516824907 2.854573974099746 3.0156691095822574 3.225506831859296 3.486394065851562 3.769725102575365 4.048258479157373 4.307758778963747 4.541150154622691 4.7447825279717835 4.918937896662486 5.057966891635462 5.149563673300193 5.183275100710581 5.158357322725137 5.084967901548701 4.976635344171123 4.84489146155836 4.6982021756981815 4.542737577954532 4.383258895637299 4.223708103547236 4.072229252285434 3.936043236686475 3.804345100925679 3.6740186950357385 3.5467058142972077 3.4260676768060705 3.3158482473470774 3.2204265727079293 3.1438302294452694
1.9849376694965015 1.9256902710210106 1.8744249211025228 1.8542931725243528 1.8871886322979474 1.9385749083575854 1.9885875151252201 2.0347585694024013 2.0827311485446875 2.1440796914331637 2.217367657377846 2.298478991709648 2.383305481888776 2.4681739755723076 2.551981798033286 2.651834453207856 2.8239382302323164 3.0983173387938647 3.3970203216256447 3.68312160915098 3.945426534498959 4.1784748639436025 4.378963913746905 4.547308247523443 4.679456124494244 4.770244919089489 4.8141377683193705 4.811146125841848 4.766744123347401 4.689444672910141 4.587973904128253 4.469858536163739 4.341234023849625 4.207127730096591 4.071796001415331 3.9415297177298068 3.8167869933082907 3.696175822274821 3.5819565427175903 3.4740630116943763 3.3725794851071793 3.281093582367747 3.203673925405052 3.1443701373992208
2.021861964794213 1.948777724943655 1.8731978831752567 1.8135109927465032 1.868564214066798 1.9182662233761223 1.9600360687378677 1.9924434220427907 2.020638082068843 2.0572510008662075 2.104300829595899 2.157533337060496 2.2124596731223303 2.2643737071353973 2.310325800082431 2.3502351617903483 2.456237084647701 2.775524790599561 3.078296486257176 3.3595130329556273 3.614828475110583 3.8404189921613625 4.033709414716815 4.196501056388947 4.325197944586416 4.416797249763462 4.469787744268972 4.483960059060219 4.462662794617658 4.41161753099105 4.33737587096368 4.246253956969511 4.143892160150096 4.0352132168740145 3.9243069608732553 3.8105303902269005 3.6975913854855222 3.5886992285123416 3.486190602309404 3.392365455720717 3.3093875860744606 3.2371481399751936 3.1782388274112217 3.136711719124908
2.0830276726653554 2.010952525041505 1.9395516623725946 1.8983177266091926 1.908633915622388 1.936489472776425 1.9621544890015223 1.9804315351723827 1.991978571782044 2.00421134789693 2.0269361493091473 2.0563474625526137 2.0886417119843665 2.121121484468457 2.1572435941835835 2.208817503308233 2.3337672251842014 2.568909518342132 2.833525507565163 3.0903119864834303 3.327222913355165 3.537913501204306 3.7193924023128675 3.8747025080979647 4.0018006383410185 4.096238679378219 4.156518242986476 4.184138530596336 4.18138430625521 4.152345983917733 4.102031796273673 4.035648042006411 3.9581787891494593 3.873959371251659 3.783125662426512 3.6823232273569237 3.581735379774718 3.4851807553426837 3.395035980023391 3.3136247910876544 3.2432469416825938 3.1861932019882673 3.1449934279926115 3.121677622824522
2.1642547324454 2.1013821921108136 2.038857428771777 1.9974071582533028 1.983748973483088 1.9866746792070946 1.992708260085815 1.9951930243737122 1.9934537401722079 1.9870337929026216 1.987478401373261 1.996719637302415 2.0122775363318492 2.036369977917945 2.0749501639152284 2.1416585213444055 2.260745468872998 2.44046737228096 2.655575525498505 2.8770227239835524 3.087670762043503 3.2777930538117426 3.44305408052753 3.5883197430586833 3.7141837212775495 3.812246665394495 3.879714134225608 3.917590682865246 3.9295695849253147 3.918824494437356 3.889254843155325 3.8451346835699898 3.7901576901989795 3.725139730080946 3.6490640579307043 3.5604704056576795 3.47248317596321 3.388616930426659 3.311263157935144 3.2427425594187453 3.1853463375923616 3.141349279591758 3.113215023621335 3.1026087838014447
