_RESULTS/CROSS_VALIDATION_POSTPROCESSED_CLR/Berg/TZ/2comp/3/Berg_TZ_z_355_kriged_reverse_2comp_spherical_3.asc
ncols 100
nrows 90
xllcorner 5.6208707817415728
yllcorner 50.959635321741573
cellsize 0.00013419651685393446
nodata_value 1.7014100000000001E+038
[rows 0 to 18 of 90, columns 43 to 85 of 100]
0.8166656065917531 0.7840890465597368 0.7514184214971557 0.7188277984795888 0.6864107494002614 0.6542168083903832 0.6491061692015274 0.6865302347992411 0.7238029157456966 0.7606257509582594 0.7967177194356087 0.83181107316156 0.8657022106916318 0.8985898076787522 0.9301782491457775 0.9600468147794652 0.9877900734029817 1.0130210985060424 1.0353750812131952 1.054513022356966 1.0703832496834498 1.082979117434524 1.092087995153701 1.0975306438637513 1.0991603864365622 1.0980139356633443 1.0966372574113432 1.0952532369684609 1.0940161834700413 1.0930958451130794 1.0926735602983026 1.0926647866500472 1.0926647866500472 1.0926647866500472 1.0926647866500472 1.0926647866500472 1.0926647866500472 1.0926647866500472 1.0926647866500472 1.0926647866500472 1.0926647866500472 1.0926647866500472 1.0926647866500472
0.8148983043631054 0.7828683464919876 0.7512970385593922 0.72069748665198 0.6921575330913741 0.6699419397142605 0.6695748904631476 0.6948455721649609 0.7282284107505611 0.7633816440860411 0.7986139830330138 0.8336258689949078 0.868350699900444 0.9022491743595524 0.9348296817800863 0.9656307972506324 0.994215373946295 1.0201702343809615 1.0431085373736484 1.0626733239465953 1.0786794698413897 1.0912190405350504 1.1000941503786186 1.1051269861390858 1.1061772988449445 1.1043700746773897 1.102203307632034 1.0998959631624639 1.097619776504918 1.0955618241960574 1.0939199430566662 1.0928988052983521 1.0926647866500472 1.0926647866500472 1.0926647866500472 1.0926647866500472 1.0926647866500472 1.0926647866500472 1.0926647866500472 1.0926647866500472 1.0926647866500472 1.0926647866500472 1.0926647866500472
0.818316953809141 0.7879480213173091 0.7591288499579425 0.732893093378655 0.7111508501689214 0.6980916375070898 0.6997889093405419 0.7170633143495125 0.7438509725809186 0.774920790031837 0.8083374596688236 0.8429177331478659 0.8776656044170373 0.9118401554517355 0.9448259193545285 0.9760776660015422 1.0050967388400533 1.0314220322618683 1.0546282697453127 1.0743279199451599 1.0902430339251619 1.1024810015061957 1.1108797288851004 1.1152606043842304 1.1154894254233068 1.1129503980181148 1.1099409584182678 1.1066549960712109 1.1032849446854929 1.1000379970494778 1.0971306696587855 1.094784348684143 1.093221853050032 1.0926647866500472 1.0926647866500472 1.0926647866500472 1.0926647866500472 1.0926647866500472 1.0926647866500472 1.0926647866500472 1.0926647866500472 1.0926647866500472 1.0926647866500472
0.8262508742554816 0.7981167883061239 0.7728335581595772 0.7515506784289365 0.7357826975220072 0.7280354269757957 0.730839530526499 0.7443906699333128 0.7661722153113179 0.7939300214399097 0.8254020577929254 0.8588087608914142 0.8929161220594621 0.9267998471202474 0.9597107350685523 0.9910039410771104 1.0201034351514837 1.046485722482739 1.069698564042591 1.0897806468338334 1.1060899507126747 1.118246149345854 1.1259015228897273 1.1288896331317166 1.1273365415247687 1.1235812929559907 1.1196617104622706 1.1153330063547404 1.1108069272948171 1.1063140296960037 1.1020918848200139 1.098380124025243 1.0954168681021639 1.0934363501708206 1.0926674895650235 1.0926647866500472 1.0926647866500472 1.0926647866500472 1.0926647866500472 1.0926647866500472 1.0926647866500472 1.0926647866500472 1.0926647866500472
0.8379732256201383 0.8119492031504808 0.7904025182763486 0.7739491509981875 0.7629137614686702 0.7585738051683422 0.7621398182079495 0.773709945707569 0.7930412671667735 0.8185010069557431 0.8480468442960817 0.8800232581395794 0.9131402926890319 0.9463722899099782 0.9788688114626256 1.0104233099935882 1.0424359780089354 1.0733960423939508 1.1016059117113803 1.1256157067553993 1.1442704722792607 1.1570855193397593 1.163713395401493 1.163987232211745 1.158154740502646 1.1491312422140114 1.1389650173977468 1.1288775527635004 1.1202980786248704 1.1141676946215948 1.1085783355829513 1.1034603658556275 1.099067679293281 1.0956468077310477 1.0934359849664057 1.0926647866500472 1.0926647866500472 1.0926647866500472 1.0926647866500472 1.0926647866500472 1.0926647866500472 1.0926647866500472 1.0926647866500472
0.8596997906596981 0.834074695874573 0.8154071377592461 0.8020314089831493 0.793032389545645 0.7898081987153097 0.7935596975316302 0.8047012075579562 0.8229106905584644 0.8467527907241716 0.8746802224856997 0.9052686265667671 0.9372892192132494 0.9708857941159825 1.0087560519642311 1.048855694021005 1.0888715854525048 1.1266855450256579 1.1604069960812189 1.188413773318008 1.2094040265715158 1.222777510678314 1.228160449478043 1.2253875905249518 1.2150512698437679 1.2004123370608102 1.1830679080220972 1.1643940683983085 1.1459852376372777 1.1296054143520646 1.1171435533551282 1.1097872348147755 1.1039400015941436 1.0990674700185163 1.0954160274315972 1.0932209262592718 1.0926647866500472 1.0926647866500472 1.0926647866500472 1.0926647866500472 1.0926647866500472 1.0926647866500472 1.0926647866500472
0.8967872959914194 0.8730018450971877 0.8557708846746457 0.8430509697711708 0.8336260832946755 0.8285688330369904 0.829404593819236 0.838052013313392 0.8545833476302185 0.8773236614464571 0.9039821664736674 0.933574795425598 0.9703087529174627 1.0140270986070925 1.061918041141643 1.1113027435872596 1.159654335287161 1.2046302843768437 1.244118138835502 1.2762912920843634 1.299677143136251 1.3135538462014427 1.3174879666013177 1.3113201544240591 1.296349836898251 1.2756808074111146 1.2506725254107205 1.222889718508215 1.1941237604553825 1.1663325399165316 1.1415876279864277 1.1220303578207256 1.1098370213977768 1.1034610132138343 1.0983795338372742 1.0947828832672912 1.0928978129430835 1.0926647866500472 1.0926647866500472 1.0926647866500472 1.0926647866500472 1.0926647866500472 1.0926647866500472
0.9479151672126686 0.927631196825205 0.9102365594715338 0.8960662689816769 0.8848315588945497 0.8771352996321081 0.8752095512086789 0.8799646926453544 0.8915688687930606 0.9099789410184133 0.9363418768650806 0.974882337669009 1.023024362592945 1.0777582233169896 1.1361326500874558 1.195279402261054 1.2524450869952042 1.305036638960643 1.350682921794935 1.3873105887401918 1.4132417851604537 1.4276190430939963 1.4299126667851445 1.4200103243665418 1.4003442619989535 1.3731450775265825 1.3398972860311367 1.3023978510802716 1.2626738769263548 1.2229087588301693 1.1853804253077345 1.1524125668737757 1.1263380918826187 1.109473202464776 1.1020930848688073 1.0971298086272256 1.0939182702699572 1.0926732962050107 1.0926647866500472 1.0926647866500472 1.0926647866500472 1.0926647866500472 1.0926647866500472
1.0098162153196295 0.9912442090512843 0.9735150554494172 0.9576252914118955 0.9440694649122107 0.9341292815200221 0.9295406617324351 0.9303722230394895 0.9370072699967806 0.9522688093707027 0.9846401476394233 1.0329615744147564 1.092981009446654 1.159251785410501 1.228675342641241 1.298188855211723 1.36479399586136 1.4256132134671415 1.4779681093187005 1.5194805197361518 1.5482200828267347 1.5631563574779133 1.5636259847400518 1.5500345713054586 1.525285498169081 1.4909470192956629 1.448773495149622 1.4008498973790828 1.3494857788552723 1.297125702328873 1.2462786834954471 1.1994658516275862 1.159183943133379 1.1278816750339615 1.1079460414638431 1.1000395682190605 1.095560866929125 1.0930945576962707 1.0926647866500472 1.0926647866500472 1.0926647866500472 1.0926647866500472 1.0926647866500472
1.0701722909326765 1.050206293642154 1.0305793893779966 1.0123936812679206 0.996549788659367 0.9853347804633703 0.979625141036114 0.9794833188696088 0.9870721048336981 1.0121010776065702 1.0532807446460382 1.1085966580289255 1.1773538015577778 1.2555845891877355 1.3364322309306236 1.4166449055490873 1.4932268216972127 1.5631004497607406 1.6231959061974082 1.6705819560863489 1.7027065530537167 1.7183331544863134 1.7168093071880715 1.6997896442994138 1.6693612323972578 1.627134020187302 1.575213377052204 1.5160428933630792 1.45226939129869 1.386637074794152 1.3219099490021302 1.2608186023627237 1.2060265991006136 1.1601117974967323 1.1255584116464903 1.1047563501855004 1.0976214640427502 1.094015357788533 1.0926695052943902 1.0926647866500472 1.0926647866500472 1.0926647866500472 1.0926647866500472
1.1206799317452019 1.0987137848919715 1.0767659663048046 1.056013157307074 1.0380067609073382 1.0252303115617285 1.0181793055159316 1.0181813792743144 1.0367303619358865 1.0747516847719856 1.1291834041602375 1.195760035138947 1.271752936446631 1.3556271508746056 1.4461446149982276 1.5365475680446044 1.62346300677222 1.7034565165034004 1.7730064420765086 1.8286639124587138 1.8674199188904157 1.887097224612876 1.886668652673246 1.8674556163437377 1.8306627422156632 1.77961669888463 1.7169648505593238 1.6455963299480412 1.568556501778824 1.4889277087108534 1.4097490710886924 1.3339669126743081 1.2644081828334803 1.2037702133359187 1.154621291838725 1.1194077823617912 1.1004647134949017 1.0952547297374555 1.0929153493777979 1.0926647866500472 1.0926647866500472 1.0926647866500472 1.0926647866500472
1.161309836443828 1.1367881980331997 1.1120379807351515 1.0883376617794496 1.0681080384827168 1.0534425967187848 1.044900247072272 1.0530349546276183 1.0830247662251007 1.1303376335787623 1.193039742871416 1.2690377694454795 1.3558474167799546 1.4505928021997816 1.5500601605347293 1.6514120855362955 1.7496562613221676 1.8409565883063193 1.9212506678303911 1.9864181298710841 2.032840520284431 2.0577838936919814 2.0611189024684484 2.0429063353830466 2.0039359520405355 1.945841934669051 1.8715482235788317 1.7868961466917515 1.6956548526586277 1.6012785567687078 1.5070937084884104 1.4162595052924023 1.331753786552933 1.2563755601522395 1.1927572567856735 1.1433817431472828 1.1106008367449545 1.0966431602760065 1.093425258298956 1.0926647866500472 1.0926647866500472 1.0926647866500472 1.0926647866500472
1.19214079281442 1.1644948342495234 1.1363957047004165 1.1093661594446456 1.0865465953165683 1.06961521306911 1.0638500880103194 1.0792341674845263 1.1143544904905114 1.168015621965535 1.2386006067657265 1.3240710663272968 1.4219623646711737 1.529370043024041 1.642928126477913 1.7585935139517468 1.8693599638995022 1.9733544732667663 2.0660074524513856 2.1423674998354567 2.197903180637237 2.230030961251158 2.237254155410014 2.2193638541443774 2.177815149371202 2.115015182226833 2.033779739375683 1.9370251999549288 1.830595394303093 1.7207297119623566 1.6110413236786534 1.504886437885031 1.4053694427485413 1.3153633456303933 1.2375371378604114 1.1743846828355278 1.1282520911618241 1.1013621535818339 1.0940597462457953 1.092665285198179 1.0926647866500472 1.0926647866500472 1.0926647866500472
1.2133233750561054 1.1819266380978515 1.1498393263373328 1.119012736385707 1.093008655393651 1.072888456930422 1.0690735744762092 1.0871576087949215 1.1265072689570466 1.186033563688556 1.2642015014137122 1.3590359437287907 1.4681138825063986 1.5885382326385151 1.7168935873758948 1.8491898327326122 1.9793464531029883 2.097907996951651 2.204877618247447 2.29471724152189 2.3624646641713523 2.403374877313542 2.4143122156652828 2.3956329104846033 2.3500405435453144 2.2810625073006987 2.1923633836580607 2.0875024148099848 1.969799817839472 1.8440454740196877 1.7184716317589162 1.5968752707543348 1.4824483938700066 1.378099092159259 1.2864974039930146 1.2101175412034322 1.1512743993743308 1.1121539913762057 1.0948382716662306 1.092731500636368 1.0926647866500472 1.0926647866500472 1.0926647866500472
1.2250685802665358 1.1891914009250524 1.1523397885431912 1.1170203891137396 1.085350930455478 1.0592652726176597 1.0555789734059848 1.0753827854007116 1.1181691512560767 1.1829355077900754 1.268217511546001 1.372109206544783 1.4922569607740874 1.625820900271096 1.7694041027212666 1.9189563603843138 2.069663016541821 2.210931916737477 2.3346748900967964 2.4419880332706585 2.5257878059738355 2.57724577722422 2.5912374993387126 2.5699202826569296 2.5183844472348156 2.4415422865142227 2.3439615161264835 2.2298919367132237 2.103157539813184 1.967082462847932 1.8260401811961424 1.6890996748836251 1.5600897178153377 1.4419028304212962 1.3371674166332128 1.2483036208089275 1.177568147084845 1.1270894777583416 1.098895254819742 1.0928502396549158 1.0926647866500472 1.0926647866500472 1.0926647866500472
1.2276480377507726 1.1863980729366166 1.1438031553665287 1.101306584076105 1.0571897031863178 1.0272052461084444 1.022350710337051 1.042804948043846 1.0884596629168748 1.1583097581380066 1.2503448888041104 1.3625134166170678 1.4927350097378598 1.6388446762974478 1.7977368388863688 1.9650250246308922 2.1358153741655554 2.3027685615115145 2.4523051966246143 2.5810485217309393 2.6856114813177636 2.751075891697483 2.76582460465353 2.7391305026180204 2.6796807500727757 2.593306443733601 2.4854557574526766 2.3611697424392437 2.224814404445392 2.080004874457098 1.9296737829761585 1.7783068836183924 1.6353341573908404 1.5040882958883661 1.3871086848421388 1.2867259379124047 1.2051126119963815 1.1443209541564958 1.106310976853258 1.0929546407029094 1.0926647866500472 1.0926647866500472 1.0926647866500472
1.2214026433286633 1.173636359253649 1.1230370102742158 1.0664077948345745 1.0112457857804984 0.9815283110686717 0.9811298161525894 1.008558227711967 1.0619327934822698 1.1391798789134844 1.2382002514960584 1.3569715097096267 1.493567564241666 1.6460885378327057 1.8125011428902658 1.990394681273109 2.1770511171044475 2.3688179151189455 2.549564028913294 2.7050579955509755 2.8340900111013565 2.9235258668825708 2.9310675169203715 2.8981575602957967 2.829828220835009 2.732491743378903 2.613088738924172 2.4777828376772164 2.33153166384849 2.178156139613277 2.020575906107429 1.861049515962682 1.705222513406393 1.5620200242043107 1.4339677591701154 1.3232746727832623 1.2320077084967407 1.1621288234135907 1.115521419847931 1.0940094148632744 1.0926647866500472 1.0926647866500472 1.0926647866500472
1.2067594599233094 1.150813125080038 1.088112179029281 1.0254120778892877 0.9731022685364001 0.9501323629055423 0.9569309249845547 0.9917463862727622 1.052343528224147 1.1363330018100322 1.241430479950826 1.3656093727892074 1.5071350993464714 1.6644794083140058 1.8363210562309344 2.0213854044074218 2.217296901075623 2.4205250429595258 2.622020471701619 2.805618518119208 2.9544098587655556 3.0512339195146283 3.075648459565948 3.0421272883053216 2.9645388136114654 2.854581141030705 2.722374459733537 2.5755965332733797 2.419693648888154 2.258475530227651 2.094655918279506 1.9302394878039362 1.7668816883653349 1.6131905628749634 1.4755432587523072 1.3560042870915228 1.2565221847091084 1.1789620413094846 1.1251278815452397 1.0967783345864173 1.0926647866500472 1.0926647866500472 1.0926647866500472
1.1855701469604443 1.12721990442731 1.0636858600283867 0.9997358193210693 0.950883527386516 0.9337818987809947 0.9474275133226031 0.9894862139540561 1.0570673289043389 1.147236956777775 1.2573866233176798 1.38548556751974 1.5303012798139568 1.6909877396626607 1.8669175284623498 2.0572962696276695 2.260731175161051 2.4743177170639 2.690773497752334 2.8911757601838426 3.0562019068153097 3.1689491140216752 3.206440511384836 3.1702142802215163 3.0794776093013434 2.9539810274054172 2.8078337131047237 2.6498460769027847 2.485389645103048 2.3178423579668936 2.149455011377797 1.981836443697668 1.8162233163926544 1.6553176770712428 1.5098654994386707 1.3831983007971065 1.27714625087003 1.1934809658007806 1.1339320082544648 1.1001981561352987 1.0926647866500472 1.0926647866500472 1.0926647866500472
