_RESULTS/CROSS_VALIDATION_POSTPROCESSED_CLR/MHZ/GZ/5comp/5/MHZ_GZ_z_250_kriged_reverse_5comp_spherical_5.asc
ncols 100
nrows 74
xllcorner 5.5967023332191781
yllcorner 50.982320383219182
cellsize 0.00019249356164376555
nodata_value 1.7014100000000001E+038
[rows 0 to 18 of 74, columns 0 to 43 of 100]
3.3910186500129615 3.333201620605358 3.307273310205439 3.3169358715260326 3.381853351039048 3.5152316560706574 3.7128231754989605 3.962188336854789 4.246777566953929 4.5503902999319 4.858774175367509 5.160599699984761 5.446944077042988 5.709638141678445 5.9449086454560165 6.151722578959857 6.3311122022110595 6.485470054192404 6.6177981035648665 6.516199640691253 6.212065491185678 5.907964086630576 5.616392875118723 5.34088444337491 5.0846703499611845 4.854744223270564 4.656931700954614 4.490398929711929 4.337443142774127 4.198750417341142 4.076798766003564 3.974176016085397 3.893592088273728 3.8378699973925166 3.8098925447973127 3.799690727799129 3.7950709519022623 3.796472432222144 3.8134583002045015 3.8645330747976665 3.9444716879622943 4.046768800931393 4.164635396883128 4.2910920802422865
3.3329972266409045 3.2775657382418646 3.252787966532508 3.2633437417150195 3.332532361738989 3.4821979000062924 3.710906889420249 3.9992295385162207 4.323208713657168 4.663154315171688 5.002624594435506 5.325892988005185 5.622403716163557 5.8863448857357525 6.114626558305382 6.3061881971686145 6.461281849571294 6.576694546078265 6.625849365926569 6.515052918391428 6.256318505130807 5.95676074366204 5.659921303932656 5.374462856836008 5.106444550221108 4.861614620027956 4.6467354514935115 4.469391167207202 4.315000099040431 4.174423427808706 4.050201070689513 3.9449971294748263 3.861645899503803 3.8031819328294483 3.7728142810109446 3.7602114844580554 3.7544463626157896 3.760434872227559 3.803754919749882 3.8837276773381277 3.9937677600567234 4.126851949645519 4.275691842691077 4.43277684961323
3.2885178614848773 3.235471402300723 3.2103770168735295 3.21656384702471 3.277946895244779 3.437564134369509 3.7050010006124645 4.03888958057735 4.403934129588692 4.776588234867496 5.139761938574171 5.4801258216612325 5.785427817178369 6.045839406027831 6.256613075174242 6.418375947818447 6.530372904461144 6.5862093074560875 6.564959766239026 6.437760227352349 6.21213478687619 5.933918565300822 5.645527102699157 5.361290973342413 5.091464285844738 4.843360622614321 4.622691891188952 4.434831976297257 4.280745315634016 4.141107069577746 4.017016953826531 3.911238447435512 3.8267306153121 3.766750802298781 3.7347631405010606 3.7190063867354524 3.7117961535395283 3.7367025255089765 3.8068682901899136 3.9158562559999273 4.0563725594785085 4.220832629968156 4.401525127079221 4.590522099253372
3.2602400926189357 3.212072372977575 3.1896376358559677 3.192181842899834 3.2307262955705256 3.380663302112368 3.7110294092077947 4.092453238174886 4.489115113304463 4.886022567773001 5.269797675731539 5.625297418604991 5.936603197945074 6.190031206052074 6.377729089600888 6.49951545137471 6.560367308745047 6.559130085454432 6.488236164206049 6.340659548838829 6.123216514637491 5.8602693998937925 5.583364174373191 5.30659921506687 5.041515789204754 4.796353158102143 4.577436348038646 4.390011862036835 4.236868264985703 4.100865687450071 3.9792806262396883 3.874952916431182 3.7909033318242398 3.7305288369191194 3.6969074227638825 3.6768127775364743 3.6743674507225954 3.7220628822997233 3.8187703973461855 3.9568425954826214 4.127918858176074 4.323883856959441 4.536821035412137 4.758631628126316
3.2493259014335054 3.2106913148866343 3.1994669171480052 3.215032923626284 3.264005184269853 3.4243132398823954 3.7730864168947202 4.167855096094521 4.578266810799638 4.991375215223346 5.3925198765227815 5.7630266343372 6.08048932998941 6.323763748474093 6.482020991429515 6.558281173984863 6.563539806366538 6.508434701117984 6.395259389815286 6.225357168842544 6.005004311531405 5.7501006430299455 5.483598309211417 5.2171218283390965 4.961193278509564 4.723929974544807 4.511786547133452 4.330156919193415 4.183736165937515 4.056380324630933 3.939628703848765 3.83885549563474 3.7570234684219797 3.69745086673117 3.6611620933022473 3.6348243332573777 3.6436836668578616 3.712748396998497 3.8361080421057205 4.003276613264108 4.204380864244876 4.431110625707648 4.6757987087735 4.930575493318017
3.2540791891874363 3.229258359905281 3.2374607304074625 3.2827748348896906 3.3794037904163345 3.575676005643695 3.8839146875637223 4.258639884395063 4.6658945284326 5.086160475487062 5.501910732816992 5.890549617416328 6.2199355647329835 6.4532686732688855 6.57281880115651 6.5933997854487005 6.540082965438398 6.43211825675965 6.280029089549247 6.087852614480214 5.860600832409255 5.610184566816617 5.353499601765044 5.099065462228175 4.855551310490255 4.630234836837376 4.429242183046678 4.257863066153489 4.120819884491667 4.008919289450093 3.901096871971566 3.806154701085511 3.728694295876033 3.6716799058605005 3.631003522717064 3.598309826322939 3.6164842305074294 3.7059399428283593 3.8573603259167357 4.053093296983782 4.282308389733197 4.537572721545575 4.812122045555606 5.098778595760818
3.2700345432877707 3.260350723451398 3.289702257238668 3.364233716511169 3.495081744677039 3.7008991445209407 3.9889717513324996 4.341631873185399 4.7367470900433535 5.156105602245957 5.582962108367824 5.995312618700046 6.352599931723578 6.583276296547293 6.646568545701465 6.593846601769188 6.477983880930981 6.320884193114505 6.134349323693565 5.922814284362557 5.689180116703631 5.443618946965755 5.197929017318056 4.957654156080281 4.729545506409963 4.519760618985896 4.333836443425574 4.176782854107842 4.053205004709151 3.958039990894154 3.8662800879864063 3.780194638498966 3.7098610203316076 3.658040885686788 3.6125013030299336 3.5760209994950003 3.5910651015803485 3.7037115866559973 3.8854357849697805 4.1060426085490604 4.358731344368062 4.638172298584603 4.938832357741406 5.254501812221104
3.2915335206011216 3.2949860592856437 3.3416848690250722 3.4373313215457872 3.5881073376698023 3.793144079349892 4.064914178930849 4.396567064476244 4.773731421801132 5.182499698641819 5.61032468232891 6.043586936996764 6.455044467031083 6.7160488877243 6.674281726341555 6.5306055709142505 6.356546239542679 6.161852504473112 5.949815920442406 5.725357109544201 5.489369596159263 5.252358901230367 5.020686411853349 4.797542818681741 4.5880214725782835 4.397189388401157 4.229940045317931 4.090945255644086 3.984662142160223 3.9079927054315324 3.834875247463774 3.7639404838145643 3.7039251957555135 3.6579685675804288 3.6123958942294045 3.5828939701708666 3.6084697049320176 3.7329047681412044 3.927434000447419 4.162034617296536 4.430313408898106 4.727413054090487 5.048432043364906 5.3854427091702
3.3134821525933056 3.3258715055739208 3.3837994377479337 3.491971587539382 3.6497012206716217 3.8522368793804014 4.105485104045746 4.413467205419519 4.7654141956297265 5.149986433044751 5.556727444943902 5.976128739073413 6.397505830528322 6.704733975415797 6.550486030424928 6.357905615461212 6.154750086204599 5.942090154327747 5.719744054027055 5.492307526068035 5.261695781064072 5.038919539296344 4.8257148754840955 4.623457194106684 4.435967288853473 4.267429731974968 4.122193499390608 4.004639291641416 3.9191083140270644 3.862888875327298 3.809848402493704 3.7584839121698117 3.712492888850892 3.67104065424248 3.6307171733779304 3.616994213929361 3.667123607921857 3.7911398741955242 3.9801927383554054 4.217214640427357 4.492320724225744 4.799374230053355 5.132678323301683 5.478851307130153
3.3323899791419116 3.3484548513391283 3.4109512965667084 3.5233280942721237 3.67902418476043 3.8758170565424837 4.111577977864516 4.391358076948395 4.710043389336602 5.05601715766963 5.416269200574386 5.772490671146514 6.085715928584987 6.256157608484018 6.210521056698779 6.054029715643898 5.860150585253725 5.651433223506867 5.435047006556443 5.216208373594808 5.002174390320641 4.802928538468084 4.616138630174821 4.440579407911034 4.2788074796081315 4.135727870314301 4.015510531343769 3.9223625279590077 3.8605824333382737 3.82639402013191 3.7943018994665096 3.763667779165259 3.7305026988044667 3.693858881579391 3.660323210202059 3.6588418976058086 3.7201090665207364 3.8455179568286297 4.0299521637854845 4.263917901987183 4.538875226940578 4.848296755142866 5.181846383638347 5.527577483700512
3.346733493119519 3.3603279753311597 3.4201024962519204 3.5278932524465567 3.676455748596257 3.8643308871348863 4.086482127198344 4.33647136247481 4.615767417654743 4.913130285256164 5.21009906365282 5.484099302175061 5.698967581416795 5.8055130631925485 5.781683825163354 5.661668529809223 5.491319754824841 5.299476348773029 5.1003233740963045 4.900304987492587 4.713241895741261 4.544311258339446 4.390413020914108 4.248506281314236 4.120142929536226 4.0076638974331615 3.915092265838314 3.8488008410623045 3.813209364426217 3.801577899443247 3.7904720272522137 3.7779563180535733 3.7537559787728525 3.722407724608777 3.6949681888857535 3.6996459843242646 3.7646776476742287 3.888812812530209 4.067900975457617 4.295484696276845 4.564721136827983 4.868679289895437 5.191922868427635 5.527535023896994
3.3458703319230803 3.3480886524765676 3.3966425550201165 3.4919590318935 3.6300448411061494 3.8087690025901653 4.019539126652874 4.251296517148266 4.492376753544756 4.735985387522575 4.966832181797677 5.166373963370432 5.308878113074443 5.369034285347572 5.337991357636521 5.231475833274055 5.077992611287742 4.904294620916466 4.727825407781778 4.556910539162019 4.40551324790546 4.273102688496409 4.1566327874598175 4.051980334254408 3.9602559592307225 3.8838099961290875 3.8254866073851903 3.7887201834180892 3.780905502523014 3.790971834115549 3.798695650829956 3.795238374766723 3.7792406648582597 3.7537165941799806 3.731196797370941 3.7367946360861275 3.8003172881534435 3.9196162939527177 4.090801361596449 4.308624653884859 4.56724110417065 4.857142456769595 5.162623216085807 5.478826510850289
3.324566731072444 3.3100722806547087 3.340012510168387 3.4155864296040224 3.5411420149705775 3.712286450335292 3.913011514412768 4.125741644177479 4.335908716110073 4.533002542391987 4.7102826828454445 4.8509218870906725 4.936661603530247 4.956678333873439 4.906835113944176 4.796445458347452 4.646428802568083 4.48419142123657 4.332313380159173 4.201595016161488 4.092990939873851 4.001969093069124 3.9256596325064 3.8605378687635357 3.8071475001977784 3.768147897944681 3.746429318406364 3.745125218519135 3.767314282365209 3.7950985038193106 3.811156530324147 3.8146371398969054 3.8056669508659735 3.7857536635980464 3.767126977015084 3.769876000698559 3.827494211863708 3.9382727210037816 4.098318927898044 4.302822907825203 4.546368186902442 4.815472826899713 5.096560365729479 5.382392412852233
3.2895103503007865 3.255113919174002 3.259360500361704 3.304716802209275 3.4184066921581624 3.5886169838104007 3.779077605694146 3.9728097879658546 4.158532446337345 4.324833220441146 4.459518281379019 4.554035166566019 4.597749944335407 4.580667671726754 4.5059108119471825 4.381025091310283 4.219728497040141 4.054902459799516 3.933284298090825 3.853850575598314 3.7936057859082366 3.7459077956826254 3.709613515614782 3.6843291306250174 3.6695680793070236 3.668213195761426 3.683356831792885 3.718431675525651 3.768668472648085 3.8046061586094444 3.826372880797897 3.835555616860506 3.8322359885345483 3.8171447273710513 3.8016263068370124 3.7996419262122125 3.847509600906678 3.9462582790382648 4.091875607367597 4.279638805375741 4.503814572950926 4.746320421053959 4.994537047194116 5.243609111205316
3.2484583103639824 3.19593561411726 3.176264830502585 3.178465452091216 3.2935624905135237 3.475927441212612 3.6618113522514615 3.8425395859999165 4.008842827422008 4.150664632935403 4.257547007835263 4.3193537862184055 4.327785841676474 4.280217729188095 4.174921734053999 4.020958523963035 3.8316830455199278 3.6345901470434825 3.5601907636154064 3.543305251649584 3.5292513342434155 3.5211855716601517 3.5218181388429155 3.5337267464415247 3.5563632955423903 3.5918015167269686 3.6420798531027905 3.7058279517101 3.770891676300154 3.8170065435035894 3.843933148178069 3.857418300083579 3.8582956017905023 3.8469150556146827 3.8339193079551874 3.82765805437625 3.862393098623759 3.9459338866212987 4.074101563583147 4.24210687253244 4.441483982124422 4.651290886422182 4.86372760805982 5.073544659602074
3.20713567581249 3.142333211144777 3.1211268233866356 3.149835338174746 3.2567457957638744 3.4167418674970267 3.587426780645505 3.7522473744825415 3.9000557981909054 4.020707976857638 4.104712436218423 4.143721583485664 4.131354703985394 4.064110624683649 3.9420570568207913 3.769713257904193 3.566410047631332 3.3699876219564007 3.3024877717004126 3.307386273611209 3.3205399550193206 3.342033997240825 3.3737076876569656 3.4177622533143923 3.473207920623251 3.5381170737268106 3.6139354517402458 3.7000480971347534 3.7742751032425357 3.8292335877842953 3.863575567110014 3.8797687349495873 3.8832414061532123 3.8743268115415255 3.863410887878888 3.8561133987868623 3.874783618482248 3.940352390447139 4.048477998943306 4.193064663446958 4.3629623602921175 4.5398728409537945 4.716339470203539 4.886673087501029
3.16768685503816 3.1086351662836917 3.107952863369981 3.160696218462175 3.264156339112326 3.4031193227066456 3.555944389681514 3.7047200975115335 3.8360631305439292 3.9390158927418923 4.004410285885413 4.025074101631684 3.9963683760580686 3.916811726899001 3.788702757556902 3.6216538604635606 3.4359968431196912 3.274931486126867 3.1828204323410176 3.155321241907502 3.17231800510687 3.211461717693899 3.264587181183835 3.3305233577732722 3.4090844920095944 3.4987142998655565 3.5988853442557946 3.697984720816109 3.7793496566525775 3.8413550353125645 3.882580645291929 3.9022266767341107 3.906736587596549 3.898886954028196 3.889604315187631 3.883505927431373 3.8878622277717545 3.935072139563269 4.024324780587059 4.144418047905379 4.28617416671754 4.43141902285915 4.572877633880289 4.7049321241137605
3.1470410581288664 3.1039069051875208 3.119878643466553 3.187465143074581 3.291164346273599 3.4209407719744913 3.562103446768621 3.6990076410486985 3.8178594396885654 3.907169075619976 3.957862150721767 3.9635758161853105 3.9210911118797465 3.831181885483794 3.7020917376988876 3.545483941593347 3.378220503846196 3.226533483339019 3.1218604208908443 3.06936719434804 3.0678353489855503 3.1122838738968426 3.1819671011872597 3.2666658917255402 3.3651069389363713 3.4769370906520214 3.5952923314737206 3.6996544045469246 3.7862891154276985 3.8535026142704587 3.8997863089565428 3.923765018244563 3.928091195292642 3.920397491414911 3.912242498216637 3.908906497601959 3.912644349147001 3.943982374703761 4.011765102760514 4.1062192393982 4.219769180466507 4.334200553532262 4.441993761181881 4.5377936185987044
3.138326008770995 3.1202119395097476 3.148635768495926 3.226789705717523 3.3347062357932975 3.4637950821234247 3.6013903721133684 3.7330632191572377 3.8449903846909783 3.9253266106167617 3.9649798166660464 3.958409897653039 3.905691463034669 3.808440667891517 3.6749274579661066 3.518743880829981 3.3567196673462383 3.20654310120186 3.0919191471135754 3.0258193024367945 3.0121635521528622 3.0473285293027614 3.126761022296024 3.228906348756728 3.3458121992354424 3.4746147771355553 3.597096793538332 3.7048570978492403 3.794935619382137 3.865533564955023 3.915056780023481 3.9420538235743843 3.9463551302730466 3.9385923073272453 3.9358941623270454 3.9406008879746395 3.951641548421847 3.9704347209304816 4.014760835666034 4.0833424163556336 4.16915630197401 4.2542802608115275 4.330366931895193 4.392424185903459
