_RESULTS/CROSS_VALIDATION_POSTPROCESSED_CLR/MHZ/GZ/5comp/5/MHZ_GZ_z_125_kriged_reverse_5comp_spherical_5.asc
ncols 100
nrows 74
xllcorner 5.5967023332191781
yllcorner 50.982320383219182
cellsize 0.00019249356164376555
nodata_value 1.7014100000000001E+038
[rows 38 to 56 of 74, columns 0 to 43 of 100]
2.753274342540214 2.8125641561871526 2.911686132850341 3.0211341846624977 3.116320205407038 3.1878273426056967 3.227834981594351 3.2332874526409494 3.2274084424607477 3.263944596970612 3.3258738109079378 3.392966112511119 3.4616847535676576 3.542668765890972 3.6546968778730986 3.798821635004348 3.993380413876788 4.229459693594126 4.499696762912426 4.8038233874114615 5.1367231116605865 5.489724224789241 5.83865249715035 5.976332776531034 5.637282689866125 5.208452936696986 4.775683407541867 4.356052729953149 3.961325861179927 3.6022662096059004 3.29062649083831 3.0441041297720006 2.871372775809057 2.7873632119700424 2.7804398843100615 2.8375844051744914 2.9485985064028126 3.1054702336530564 3.3028181345907877 3.525198094421842 3.7299308257065427 3.9089517627261965 4.058434353366764 4.175259709279805
2.7161015715028114 2.7649342592957478 2.8540071313419575 2.9648794198911306 3.063018201149341 3.135324844546254 3.1721670065373977 3.166687255251344 3.1316456244175415 3.19173460257655 3.272385260212997 3.3538354472543173 3.443698830524651 3.5492693764043084 3.676268022649055 3.8208739034245602 4.005150273447899 4.241885389940209 4.501361625535974 4.780706208315828 5.072610369904463 5.357166408296507 5.565823429355257 5.592321603782693 5.378724467484547 5.032513850856202 4.646093712515345 4.261173180667108 3.900621267612916 3.578779593214978 3.302715441115846 3.077527282323985 2.9235633529623803 2.847861908634238 2.840686999121407 2.8924110862683596 2.9932192238562054 3.131390447705007 3.3082361531873157 3.508041763318005 3.6900612395109507 3.848022038744171 3.978992403566938 4.080982022237061
2.7036617042709845 2.7451977640120533 2.830487828559901 2.9462054204354775 3.057618371788109 3.1415785792811346 3.1882120113892443 3.1933003412949934 3.176470135571373 3.2179270149772385 3.293331689571229 3.3805330847485617 3.479494243610338 3.591060508316854 3.715307734745918 3.8474017980346416 4.004726917537258 4.215770066085272 4.456247296319109 4.702860041161268 4.9434030263706745 5.138063024171021 5.250619856541846 5.231623978681105 5.060811598593426 4.7807613220186 4.447924178468929 4.105798067695755 3.7858145928324136 3.50784495986643 3.2776683855053514 3.094602308581828 2.97711700837023 2.921419448427064 2.9234771025187687 2.976715874854129 3.0638945300514493 3.184301399101014 3.341568619886181 3.5160585872551757 3.671834818376031 3.805043476056885 3.9134740272786925 3.995794855922246
2.7072145390650206 2.7554871718779306 2.8441038151265303 2.96850155972001 3.102323522340735 3.2085079869422106 3.276035330469439 3.304910615990476 3.309051971108209 3.3372031121425425 3.3952503748007903 3.4722484853276003 3.560586493406681 3.6630018979478347 3.773584924382428 3.8866265856015043 4.01201607382476 4.178608700273196 4.38836039021763 4.595292122834239 4.767447582686801 4.891179242926274 4.944284360415813 4.898296199745699 4.7440134252571715 4.503963645426344 4.212242096330283 3.9062661996841275 3.6241138457995565 3.394690960350031 3.2211509917263053 3.1038372628070237 3.03694922295126 3.0147277612660686 3.032596845390156 3.085517356431295 3.159339529135526 3.2636895050182653 3.402171641308623 3.547553951862257 3.6737946602161333 3.778560217001336 3.8602786094387898 3.918179692900473
2.721595810288984 2.7904323157202744 2.909994874285581 3.059485794107701 3.2170865086428737 3.3539229662031205 3.4467240448273597 3.496344071962094 3.5111444524523736 3.5261220785395087 3.5644803857792056 3.618353434004403 3.6854380144728163 3.767992699246218 3.8548682105711563 3.942316882639433 4.036109036009347 4.15417626787379 4.303258226874323 4.453587934958827 4.568294620942778 4.642486743068759 4.656629055806132 4.593572963006121 4.447993165656018 4.233189172738507 3.9688199231551984 3.683893902792418 3.42540044368349 3.2488247900797873 3.1560899639132525 3.119211622415093 3.1150545641818645 3.132486464729066 3.169050759129056 3.2196721072911405 3.2821606893038497 3.370943462851338 3.488639543440458 3.6010723725166023 3.6944540966436588 3.7671428427700016 3.8180490422394664 3.8467663055538415
2.746985404453836 2.836677803454193 3.0078249678906985 3.216434485935418 3.417242249161034 3.58561560495254 3.7008776389180085 3.763628813074332 3.7864576213394425 3.789706056594775 3.8050434482646955 3.831601791956349 3.871299612659942 3.9260860949579173 3.9825079380015476 4.034104797135447 4.080010523029525 4.129510605976754 4.201115722952712 4.289635308132009 4.362689503016508 4.4011000332719075 4.390185443406629 4.318447353268267 4.182724922912076 3.9902080079561673 3.749364580154375 3.4741364673808453 3.2033943774213918 3.0959764713589797 3.1195317789509405 3.1657647369402664 3.218914768801902 3.275388104336224 3.333472339335684 3.3843585625022543 3.4352711206524043 3.5076289167119272 3.5985708836499213 3.674827341363074 3.7321632484986442 3.76945144673717 3.7858494943511425 3.7810140014560463
2.7866843513673483 2.8895989999743565 3.1451387860863065 3.4322463513054506 3.6846626901237363 3.881667012973059 4.024221067765176 4.107080950529727 4.137635677075973 4.128862414623916 4.11292842579528 4.105041076349246 4.107766428183548 4.121895578280165 4.132415138689776 4.133175639376305 4.123679864021953 4.1070969821647205 4.103798983197875 4.124730372764599 4.159433208313466 4.16894749399853 4.144048030679547 4.072218110371925 3.9530145341895175 3.7896114298809507 3.5853413047606817 3.3460614256869126 3.091944437263727 3.060031078170848 3.161360320973116 3.2629414868829305 3.3585046429285095 3.4459635319565294 3.5231009839610543 3.579931922551999 3.6209206603144577 3.6747207325139346 3.729049335787168 3.7649612224524773 3.782441272413833 3.78104090073238 3.7600879732403616 3.718943867267199
2.8949652060080875 2.96942811295983 3.374949953293062 3.7360207291908076 4.03176211444277 4.253962475926998 4.401225388487685 4.4849789445117665 4.51366065873657 4.491057008095176 4.438433613090005 4.389713670658603 4.348613386693984 4.316353891403455 4.278587636519202 4.2271761408224675 4.162685305327363 4.084427429099435 4.011684597235062 3.971575421020282 3.964550044447415 3.948272114110354 3.9087612725355902 3.84384499210345 3.7498574814397654 3.625729280813134 3.4759139362481055 3.3171368982316336 3.2009047609470116 3.199682001116922 3.294915079642545 3.4184440132271767 3.540213566662185 3.6487313442410403 3.7371706903187203 3.7958894854820073 3.8294935918690283 3.8564439422960253 3.8660410478485505 3.8571547710847818 3.831641794128163 3.789419676687765 3.7295400756835573 3.6562373995843993
3.231793938371675 3.406314552816895 3.7682452678481346 4.151229870359557 4.476365314661555 4.705553508051205 4.835440487421517 4.888795507575754 4.890098404774507 4.846330978795779 4.762511339007945 4.669897609866955 4.583235954826646 4.503615106224218 4.417446474353422 4.313075286181515 4.189586078574576 4.05181056742488 3.9244689943238167 3.8327256424958263 3.7815714081526446 3.737695839220473 3.6869272009769336 3.6253182779622257 3.5581756123689297 3.479697876551765 3.397858246608261 3.3333122076129844 3.313403693058661 3.363340085595536 3.4758015686713724 3.617851766375801 3.7597535638951975 3.882609876316058 3.972112206080306 4.020665544973025 4.039413826627531 4.025319865891589 3.9901577736948792 3.9385945408917706 3.8718645751366103 3.789936523087345 3.6973318694182034 3.5993540756821267
3.6488522274158206 3.8950149391285067 4.251839770514494 4.654025437265535 5.0043144103192265 5.2232687763062335 5.30686814846955 5.307381599466824 5.260320000810453 5.177590894161637 5.067810789626288 4.936314563722363 4.805659473002855 4.6792038937749725 4.546522320706621 4.391449145383379 4.213016944267183 4.021608988661139 3.8446611899806227 3.7062583775770226 3.6131475155001844 3.5390374057294895 3.4718600245460634 3.4164110547514572 3.3715054700848976 3.3449837533931586 3.334954497244948 3.3494595282072623 3.404083660942899 3.5091907290988518 3.65951252505154 3.8339034961062697 4.002693633520636 4.134889563615219 4.215826232371345 4.245870310285394 4.232228522035164 4.171394682951624 4.089347840981051 3.9944300569825124 3.8878239734513054 3.7753302736762766 3.6591253745383625 3.5390526177961124
4.027392096264862 4.3256494733654325 4.719852241538728 5.171427288285266 5.584506318886342 5.779295470390901 5.77199312697554 5.701477169770378 5.6037307327428705 5.484035536382155 5.344583858602595 5.185515517220519 5.011426282701641 4.8399350125252925 4.663761150702463 4.462544243396567 4.234334646474671 3.9954577795988726 3.7731448409039796 3.59078881118018 3.4566371518842502 3.352399928822476 3.269175753622984 3.216805609064842 3.1985393400486837 3.214750481182011 3.265782180563368 3.346662010357106 3.4638556450402103 3.6227997209223193 3.8200942413959535 4.038831546594463 4.242497760124027 4.38666117146717 4.451893337710472 4.450421352166961 4.390099402622936 4.283513927208319 4.155067334806669 4.021368425353797 3.8860179770149252 3.749811431889429 3.6128358523337374 3.474537254167563
4.334366400839268 4.670109790760896 5.092211245102091 5.587582566851135 6.131562719370773 6.272968730808721 6.140632166552159 6.017359277088613 5.888979188913621 5.748586110833405 5.592323342693911 5.416729300658523 5.219072800504055 5.002106375285997 4.779374795065201 4.533912248574062 4.260103488555113 3.9802963561515625 3.7181735806110083 3.497121696441831 3.325437157376727 3.190370729082747 3.092608138977308 3.0454652194236176 3.048026737026763 3.0950181489711763 3.186511579469176 3.3210796333937047 3.489911450642725 3.696161127289178 3.9384325413997656 4.2029566546516115 4.464456896404365 4.631746196508028 4.6495479789006655 4.590196102266274 4.487803047234095 4.350323545345202 4.189418942051117 4.0275529314312175 3.8681621464910787 3.7115278740462196 3.5574930473276396 3.4054786745875134
4.56042974509401 4.906904481939875 5.319648473565975 5.777652808748809 6.207670084919359 6.375068152034037 6.316991832942698 6.215883573787176 6.095802265609242 5.958420809714592 5.801490214213638 5.621460529657007 5.414966223738198 5.179774830815694 4.916935686100925 4.632057165095047 4.319669771563997 4.005541275813546 3.709079206268582 3.4495929021335394 3.2358393111079033 3.0622638600854257 2.941919477667435 2.9033585270591855 2.9298072295891395 3.0025215046713467 3.11921560501933 3.2839569446767447 3.4872612592146592 3.7255970488598553 3.9928409986061877 4.285914982625267 4.602582443056492 4.811651325289617 4.738627948432626 4.642514556679739 4.519416896113253 4.368138237567494 4.191516820823139 4.010532151436253 3.8314596243594337 3.658377777874818 3.491307132485352 3.332013622012048
4.7044961880699 5.039089406478777 5.414543169361843 5.797984678623049 6.122592655082332 6.303679610035978 6.342691778556174 6.305436759588235 6.223274461555015 6.10982863111785 5.968046201971186 5.796098362028099 5.590729694610988 5.349402884793853 5.071840056318376 4.759247212033145 4.417911460370545 4.076603197822107 3.747520473572862 3.4525384819980913 3.203386243671274 2.982216452294036 2.815277324207607 2.8041304842753183 2.856452161304496 2.9459893330161426 3.0763187402461294 3.253548320656384 3.476219188452947 3.7261054575907164 3.9956712282727307 4.278029818020935 4.537698197170125 4.686417251553317 4.682091035916148 4.60364765037362 4.484318884963239 4.332824482976437 4.15353108490269 3.963691939899769 3.7740220453031834 3.588553229991792 3.4122886390864045 3.254177431094628
4.776602304756008 5.0882240453340515 5.4219313891971375 5.747211744631352 6.021616494298965 6.206998913977689 6.298689910573277 6.319394389857063 6.284304394320935 6.206993629649969 6.0925284599070855 5.939908213356169 5.745323618109461 5.505306317322657 5.219611945013293 4.8937812876293085 4.5494813371428044 4.190448006878312 3.834597549759923 3.517352452291346 3.247856342303035 3.0039556294682006 2.8150482010588624 2.7996726696487473 2.847538285153042 2.9344003605766074 3.0636788030923783 3.240207139244294 3.4647564411719505 3.70957082794478 3.9580098303753535 4.195376436403075 4.393250705613216 4.5121800488994035 4.538177350143105 4.490973585073753 4.389239622473976 4.2473472186986605 4.07393264605641 3.884600548875804 3.6917406753130817 3.5009793100231192 3.321261649691061 3.1715171307655905
4.7910958115797575 5.076695298892973 5.374759079581729 5.660887514883947 5.90808761530713 6.095740110015541 6.218306477842955 6.283052626209464 6.292811281066869 6.256164624414374 6.177063423283624 6.053392294953253 5.878870177978852 5.647056734077 5.3569020342790505 5.024438734904596 4.677871848051722 4.318336823633791 3.960717593789655 3.6398764624974596 3.3682041804147653 3.1326400189257906 2.964552045586581 2.8959778464964328 2.905516930255914 2.9701091233404173 3.0832001435589795 3.2436808488300493 3.4450095701723447 3.6617604354713422 3.874998745256174 4.070396277773023 4.227698360535047 4.326626546166777 4.359401999698267 4.332322063887019 4.248769671362015 4.1197312427911275 3.955818413961695 3.774547022068739 3.5835161168106304 3.394062879645195 3.222507837999333 3.0845589072212807
4.764167873828219 5.022547179244992 5.290084106852079 5.5485208230299925 5.779025736118035 5.967815613473345 6.110091511732367 6.207620939084066 6.2566604890487785 6.260735867455516 6.221898568047786 6.135883202828071 5.991437639565213 5.7746086753476416 5.484019083528421 5.151060161256891 4.7958416225948035 4.437062892638569 4.085603920807218 3.7731245778986064 3.5078052787934597 3.280297724148249 3.1111696216548954 3.0144080235824986 2.986440715697734 3.0170008385105236 3.099502868913393 3.230140302828833 3.396493497576836 3.5820691157645324 3.7618188030570208 3.922957078545578 4.05122262392212 4.133874509595086 4.164872319392291 4.146349810684089 4.076860791919714 3.9595171426236937 3.8055911246611407 3.6332583296196392 3.450773702514084 3.272706011959104 3.1179543169793673 2.994990183231666
4.705946811689819 4.939509765198124 5.1809803936849015 5.416535297324923 5.633014026865438 5.820505348275004 5.9746961669106735 6.095615241919014 6.1773159415243 6.219153025090471 6.222588307775538 6.18279255188593 6.082742897008664 5.89194258216548 5.608829590199922 5.267701634453099 4.90140258276701 4.538114204672583 4.196504809949345 3.895060032848665 3.6304974050853565 3.4030320900502726 3.2258371036695763 3.1074292093290152 3.0488015001137247 3.0464154465489006 3.0964806690036273 3.193713733148464 3.324736593346246 3.4787311519882924 3.6283483174264783 3.7618354012743445 3.867936640479217 3.9368511439822904 3.962825081061422 3.945020266501484 3.884172282610865 3.7757174283322765 3.630526112561107 3.465674291207629 3.2966692459672116 3.1411061796673887 3.008114697371771 2.9057411580178805
4.623246540922512 4.833973695888516 5.052806733470771 5.268998213777344 5.47269391107773 5.656378339641137 5.8158938653676 5.950853429702159 6.057192388070874 6.130322933473373 6.172817452822921 6.183573192323889 6.147964109202735 6.012671164505052 5.721427083157437 5.356784066833258 4.980646164688964 4.618418120425449 4.285203296015572 3.990142826710432 3.7247490107034373 3.4941888257440086 3.307363600652191 3.17042684691417 3.0858030021796905 3.0532418416217864 3.0716488312758234 3.1350740917807776 3.232486142496583 3.3564394976185676 3.4801497689206435 3.591670072879558 3.6807981290646237 3.738520096639059 3.7587128566327497 3.7387240166440185 3.6788585639254365 3.5766278953618844 3.4386780643013175 3.2849690847360673 3.1321294372371953 2.9962313083317422 2.891332847093111 2.820898698472423
