_RESULTS/CROSS_VALIDATION_POSTPROCESSED_CLR/MHZ/IZ/6comp/5/MHZ_IZ_z_250_kriged_reverse_6comp_spherical_5.asc
ncols 100
nrows 81
xllcorner 5.5967107548124995
yllcorner 50.982328804812504
cellsize 0.00017565037499993607
nodata_value 1.7014100000000001E+038
[rows 40 to 59 of 81, columns 0 to 43 of 100]
4.228440780365487 4.262908456976756 4.337793340078234 4.419885679328598 4.499360582552636 4.580211918780768 4.664820749599735 4.752409259213583 4.842451954494535 4.9472190482695275 5.080614086378831 5.238444601522273 5.417492578025758 5.614903272069043 5.827451023572196 6.05162960335444 6.280460161035842 6.500587147910638 6.709522598702415 6.91310912485563 7.109722131915143 7.297975397047357 7.4761155841966325 7.6400369329233175 7.77554629795579 7.822497917610831 7.671783735481507 7.401874683412652 7.106816217764327 6.816363535071218 6.533889227539044 6.251576732064123 5.976525528511604 5.726000338375055 5.506803397790021 5.327260104852423 5.1882359168698216 5.088410214051255 5.026877115335861 5.003151373126955 5.0172213772851695 5.06736547150122 5.133014372619025 5.203678111398407
4.409642300944569 4.429637795720903 4.4799376581323465 4.543294664808424 4.6124602903492145 4.69001230306574 4.773435373235587 4.861194798977709 4.952287829771985 5.059576288302773 5.195914979920541 5.358322199039294 5.543396562048384 5.746556187571056 5.96389166972444 6.191060154825606 6.421942890907037 6.64032785698584 6.846619276916173 7.045404672984848 7.235496996852019 7.416572612955559 7.5889808092058235 7.753504820979828 7.91112014019646 8.062422015486073 7.795918220687929 7.4524903291323135 7.120413563333674 6.804113430941566 6.490702175388035 6.180721078043177 5.889823877942245 5.638703931953586 5.426868604400252 5.256785067934091 5.127873604430577 5.038434519244318 4.987242105494216 4.973640593666299 4.997625249516729 5.050758887313087 5.114089578713237 5.183180635559505
4.59394149703178 4.608983706082332 4.643925786268735 4.690677003880816 4.750517016252976 4.821514256763571 4.900444388970759 4.985363210030313 5.074916881524348 5.180902344699828 5.316603318555053 5.4788165772341655 5.66395596207332 5.867984590858535 6.085763715629188 6.3120854903975285 6.537976279567453 6.7507488824102495 6.950095496050189 7.137900038639518 7.31269183864466 7.473849322789739 7.620815201307763 7.751242628214135 7.854555560123723 7.874331606915085 7.684888628237177 7.376407909082711 7.049465121431322 6.72415569521465 6.393791955975135 6.0699790676440095 5.782389194257384 5.538040002290893 5.336681407969145 5.18052520777249 5.0652465183067905 4.988874922490555 4.949830359234655 4.947264912521225 4.981083428741734 5.0337899426829935 5.094891845730389 5.160953239010047
4.779549063541079 4.7931351177476795 4.8182400847249784 4.853700477619264 4.904456229829315 4.967312452096421 5.039593514053 5.119446295006774 5.2054181422607595 5.306815273593861 5.438662221143653 5.59775404140241 5.779863334226329 5.980260446262323 6.193885726472181 6.414848511223088 6.630598976358913 6.833006988448225 7.02136637172928 7.192610688739414 7.344457399165668 7.475408050196624 7.582997176159651 7.660671665320727 7.6922215705451595 7.639573205842533 7.468919995392541 7.2069766409937985 6.90592055111334 6.583430707007581 6.247896460173081 5.929532459380792 5.6532267636812605 5.421859673174797 5.235699209172565 5.098415998901864 5.0012621052991175 4.941226602055536 4.91646946999849 4.925981469057518 4.967960467558527 5.0198318127196435 5.078269365474724 5.13908963264587
4.964664595397115 4.9785155611682965 4.996666051631959 5.024593344140485 5.066394012384738 5.120205146758013 5.184403018342198 5.257590657457096 5.3384347543734645 5.432746904390639 5.557431366275418 5.709790089122721 5.885610017899742 6.080109029633254 6.287680812768968 6.500963519022507 6.705229305478158 6.8950794303376055 7.0697747030934845 7.220297949684725 7.343606593092559 7.437883116794697 7.50065751389435 7.526684333107366 7.502371925215414 7.408823618234484 7.235634788688365 6.99548969985793 6.714375106271298 6.3979798306971185 6.066507656635334 5.763675504343437 5.5047840044597125 5.293121822505102 5.127492172037716 5.0121009958144205 4.936863545494911 4.896105009141469 4.887773842274885 4.910567482688664 4.959723489617566 5.011283963527959 5.066309845921368 5.119095839271953
5.148744704777797 5.162506860169361 5.175696833610457 5.196931664958837 5.229374499106821 5.273210338018405 5.328096918562658 5.393164708996322 5.467196149073187 5.552324448656471 5.666668687876853 5.809659855545458 5.976974838640409 6.163555549437939 6.363691595115977 6.56824091626539 6.761379647307361 6.94030075573972 7.100120855860875 7.227424400162363 7.3184421225554726 7.373781940225787 7.393648854286269 7.3740958460647406 7.30727749028612 7.184504637234216 7.00283991479565 6.770215368164731 6.498515334737736 6.185796924714885 5.864225438353724 5.578003166764319 5.341258432347254 5.156438845249479 5.018092173136483 4.92662496226569 4.8766309208951535 4.857722614449246 4.867822412047653 4.905419739972992 4.96259436615146 5.015049762008782 5.065354265817973 5.105698575922441
5.329685302939526 5.343625782295529 5.350533622746134 5.362907246785695 5.384713411479647 5.417441153151378 5.4619917420761945 5.517976314508069 5.584310060693332 5.660312114372885 5.762011781436321 5.89340287356973 6.050103320767594 6.227113651609783 6.418708581499933 6.614373511468467 6.799322977925383 6.970900752448744 7.116860664375519 7.220106872557361 7.277589147692989 7.2938799904314155 7.27276647681923 7.2138785791216335 7.113616069391059 6.968143943691203 6.777058491041671 6.545755259562501 6.276949716261897 5.9646678452644055 5.651912708349524 5.378526108038019 5.168328281676019 5.019115855697374 4.915108474727729 4.850457709211462 4.826186622528174 4.830997010643823 4.861599993834287 4.9163078346773315 4.984763917031531 5.041426424936774 5.085137877486867 5.106246835165395
5.505153446434401 5.520837023258003 5.519614362859966 5.518328976506591 5.525610588714713 5.545601680017431 5.5793211798915445 5.62599074708919 5.684521135023829 5.753854030130123 5.842254400874984 5.9608878793380145 6.1053518045123525 6.27096367920436 6.452432679960263 6.639045879675877 6.821041490218028 6.991509540863174 7.1294882932934955 7.208167853796581 7.226669016427444 7.201304292973863 7.141856752256046 7.049760149289584 6.923371716136062 6.760810527781169 6.562323503190706 6.331538512669823 6.064900592665298 5.755272224422096 5.445566224986776 5.171432024247388 4.996164547428657 4.894759485458193 4.828839262393485 4.793200219892446 4.793090975073277 4.820568966767301 4.873354262511651 4.948456702341955 5.034525968858637 5.103726386386877 5.144164569328754 5.139248602927265
5.671408119805289 5.692464681400964 5.677145306935191 5.656908082175635 5.647857173248084 5.654306970301029 5.676747687686243 5.715013349643728 5.767237014171098 5.831184570824138 5.90750407050344 6.011058574737252 6.140738659174096 6.292219414965262 6.460958465126342 6.639231488199007 6.822407299916256 7.0012930981172365 7.146404377455539 7.19646267811369 7.164684880267164 7.095336891556625 7.000654806999426 6.881722951630855 6.736614419492901 6.563054153032873 6.361351487341984 6.134117239624777 5.874726401021992 5.577239668164639 5.279884756677382 4.9950842628917185 4.866683753928044 4.80683688443657 4.770712274169682 4.760741757766903 4.781262451304976 4.82983422252324 4.904665381749436 5.003884911136109 5.1167586233324425 5.213277484980765 5.2696867354110095 5.263995771115848
5.815259570295472 5.855558374501795 5.807343307819615 5.765830660862335 5.74306620667949 5.739975284121521 5.755563619181958 5.7875975959251535 5.833812625343433 5.891997491915133 5.959665147998705 6.04586064719408 6.158009549868107 6.291933734625339 6.443848625232394 6.612353541392207 6.790067819968547 6.973991833640508 7.157492110681962 7.159710816732389 7.071487699503695 6.968310255593953 6.8488296875161225 6.7109879476902075 6.553241781805303 6.374971272444386 6.175433876478431 5.956707624947639 5.712536205100915 5.440229671577326 5.180906941056459 4.960468306072538 4.82350808824596 4.756359935973664 4.729053884080107 4.73505462028194 4.772815979129383 4.840087127063045 4.937755928404352 5.064884602457419 5.215020024765709 5.355971267165796 5.465681955149596 5.542827408239621
5.885200913083844 5.921311716058333 5.875285112912805 5.831526491146935 5.806488825937553 5.800815041214455 5.812884314811187 5.840668584170021 5.881996258358728 5.934589665606125 5.996048830982305 6.066229518802867 6.157895931071176 6.270195107036414 6.403756735347141 6.554994369704421 6.712414805234396 6.868532464428348 6.9958670763789 7.004564875899905 6.923611728306417 6.813546438975071 6.684808506145979 6.538921168476945 6.376201264980954 6.197447175843023 6.004560672547797 5.799097139856174 5.576535274806213 5.332005584362103 5.104909788712643 4.91679331024177 4.786550367349658 4.714505916947454 4.6901318651933135 4.707143602974206 4.761485585651583 4.844855792682374 4.9636537829992164 5.118391676858552 5.306916038585664 5.492272426429698 5.667980489792176 5.8506785611840035
5.886252345701362 5.904123455348553 5.883474687665817 5.856179558072954 5.838612356102276 5.8354231915192845 5.847064715849175 5.872472520315193 5.909957371740224 5.957328267709094 6.012275819549276 6.072663668012942 6.14186530554175 6.233033144215573 6.345656730550029 6.472875472688636 6.599955661972579 6.713991256699417 6.7910831814134465 6.798409945386707 6.738836092891917 6.6384599176392936 6.512584953463198 6.367689992220474 6.207039997497067 6.033212163928058 5.8492497067983855 5.658067260675374 5.453060871823111 5.230941788488942 5.029871635482888 4.864080032388223 4.744273827922869 4.67403707716262 4.651636990376584 4.675281178139036 4.741958180181262 4.841901946278873 4.978424342474451 5.156935510028312 5.3707793216160535 5.591229598121485 5.81380639594172 6.053288797838578
5.8648014457159405 5.876330640372406 5.866169580696591 5.8523800519905596 5.843958517189433 5.8455004441699305 5.858543097360188 5.882855378998593 5.9172334148275 5.959648706534441 6.007977842686392 6.060068002488876 6.117463534761905 6.188439665110956 6.2775373325468795 6.378126816590046 6.474668191570537 6.554226631098196 6.602217411350907 6.601036040527869 6.5494889995983385 6.458950215704605 6.34057013587794 6.201914296094556 6.048135069742179 5.887113142700844 5.719235286040077 5.540772138608635 5.355269353813926 5.1565123819816145 4.977476136060049 4.829403525874892 4.720187257554453 4.654500514007198 4.634281171315746 4.660693835943174 4.730700207928447 4.8367347518022585 4.9816688256882555 5.170622816549001 5.392279579203225 5.632491427084421 5.874028620704091 6.118857675176877
5.830379546870614 5.840236384253939 5.835769038031591 5.829750188272956 5.8282691588666715 5.834246433311673 5.84907060874368 5.872788097467036 5.904427287551141 5.942107313180102 5.9844874042356855 6.033065416529415 6.086671707679909 6.143345404263306 6.208588561165441 6.282913274991972 6.353004274161415 6.406467856842297 6.434019869340628 6.423162401900092 6.3727051046450045 6.288354902761875 6.177532605408491 6.051135227461028 5.91885482926055 5.777601177171867 5.62202593162077 5.456763508044467 5.287382810496309 5.109940176800693 4.949116631080055 4.81553190338504 4.715898058825139 4.655416557044751 4.637870929723948 4.666374430181563 4.736651756603532 4.844235940754464 4.989535141455486 5.16380305513783 5.371868881564023 5.612594660190871 5.85442930287256 6.08301972327571
5.7854219539713965 5.795973880847384 5.795399405382101 5.793187239161987 5.795849804868546 5.804811923309719 5.820837968115976 5.84383311797685 5.872915013751312 5.908628761874931 5.95064759860065 5.997546826752712 6.047501665972103 6.098269420846502 6.147128880454491 6.1967683444743 6.244612562496387 6.27787418165636 6.289097695273648 6.268614604315158 6.216079226666297 6.1355248812324685 6.041238022963913 5.939493853647869 5.82837633696125 5.7000026191109585 5.557920576909672 5.406417978608078 5.250634454063048 5.0916443987902085 4.946137985437628 4.8244601246455305 4.732775788276839 4.676652519295193 4.660987376034739 4.689730594927439 4.757024317214694 4.859454713409988 4.989625093773448 5.147327229998519 5.33251475641551 5.547083896083922 5.774374713934502 5.986470836492002
5.731084199109305 5.742790577707885 5.745867247670035 5.745024641991025 5.749432341409031 5.759691330496275 5.7763156174060395 5.800355953968652 5.831507667731723 5.868788630487513 5.911037991283663 5.956650512108586 6.003609588207344 6.049537869015931 6.091766581026587 6.127435340870076 6.155606021028229 6.1726322463409975 6.169440402298089 6.13966050519621 6.085292744916535 6.020412562048849 5.948496527431955 5.8688240494002955 5.770565373012781 5.655986025874675 5.528433983616629 5.391084647854368 5.248340413112492 5.104322340046082 4.97087967008455 4.858724434882361 4.772923993704752 4.719390800798468 4.7038640750727865 4.7294250950904875 4.785920242407217 4.868744961244369 4.978675677406233 5.115630682375159 5.278312524585513 5.463655498594486 5.663994265041942 5.853905642227327
5.667107892836505 5.680199639368013 5.686670894824269 5.687797009001683 5.693556014468467 5.706314226137603 5.726243822733424 5.753278014549668 5.786776781592284 5.825590070882682 5.868387299084292 5.91337500180677 5.9583417542828965 6.000773594645951 6.038052695908787 6.0677184963744315 6.087743128694582 6.0934268969947505 6.076850206321177 6.0398327379376315 5.996830378245336 5.950296689338794 5.8998350559256325 5.833683843459056 5.747315970039653 5.6477607376643775 5.5357442855572865 5.412797553055181 5.282875759335454 5.150705428768285 5.026311095965066 4.921393839666709 4.839122152835887 4.78578578609495 4.7668496222069985 4.7760729180447745 4.809402732062835 4.869000554053531 4.955866771809858 5.069541770831255 5.207875494439967 5.366797390873431 5.540159844725722 5.710693066120265
5.602355510964645 5.617145995530895 5.627380774790933 5.633034074740231 5.639833559331941 5.654380702771128 5.6764387271387005 5.705613959221624 5.741034701681987 5.781377892471071 5.825152775616361 5.870375920538102 5.914597723773492 5.955061548715234 5.989044617853805 6.014325232864062 6.029577195034729 6.03164617301708 6.011112307901938 5.9821658915562645 5.9528890362024 5.9242224396038115 5.890326761736685 5.836404850090851 5.764005503643619 5.67934358800373 5.5823959447726486 5.473847931086162 5.356745725316858 5.234916459412634 5.116414060516834 5.016030999840285 4.933664391424015 4.871748635793393 4.834453971671885 4.818049392542341 4.8251799722832285 4.859020311704108 4.920984576672598 5.010395199636173 5.124460659530409 5.25844950281785 5.406052014528366 5.559673882659726
5.541939471766181 5.558279477702109 5.571753638324386 5.582239518730191 5.59082246073969 5.605823387263016 5.628877469414229 5.659358892739873 5.696258817083005 5.738122263680093 5.783352898807778 5.829808347162628 5.874745563857674 5.914955883790199 5.947267339316227 5.969398124873211 5.980198255079342 5.974949760203813 5.963274258532899 5.953670093551783 5.945283156677805 5.937878081001604 5.917360754915325 5.877530857016724 5.82138586169652 5.751819232752018 5.669871466741768 5.576205457944049 5.472325678876847 5.360026743147651 5.2420757666534685 5.136224112512977 5.042375965659298 4.963422581604996 4.900270164595941 4.854392934799986 4.832032395520416 4.837850537861069 4.873921475331572 4.93935796847502 5.03062956584569 5.142267615921026 5.2677300638662485 5.400190976678605
5.48608818769411 5.503741535925506 5.519950516066924 5.534542021647331 5.547651577673326 5.56228713551869 5.585265837422486 5.6162033648167995 5.654059424882258 5.697331905392182 5.7444242959681375 5.793148125800745 5.840481968454814 5.882486179084079 5.914873406272275 5.934692386553016 5.938649006295734 5.929352788972435 5.928726320294318 5.937362243869091 5.9505916640367795 5.964444965983893 5.961304228054749 5.940367303425789 5.903423090675246 5.851931902051476 5.786547810479598 5.70736947142832 5.61454680715932 5.508689687143459 5.391308312419599 5.269927727568558 5.161939067820581 5.05996419478434 4.964589778459323 4.884479576454608 4.828759576711372 4.80438824223174 4.814379035111969 4.857343096097538 4.928466446081665 5.021071217984301 5.128071577009241 5.242781513126018
