_RESULTS/CROSS_VALIDATION_POSTPROCESSED_CLR/MHZ/IZ/6comp/5/MHZ_IZ_z_180_kriged_reverse_6comp_spherical_5.asc
ncols 100
nrows 81
xllcorner 5.5967107548124995
yllcorner 50.982328804812504
cellsize 0.00017565037499993607
nodata_value 1.7014100000000001E+038
[rows 0 to 19 of 81, columns 44 to 87 of 100]
5.505475787074394 5.513783026686683 5.522855896076258 5.53229340355186 5.541732670505468 5.550850017233969 5.559357037465645 5.566994973458657 5.573529082946863 5.578743696061974 5.582438146616017 5.584423533924502 5.584721602679756 5.584721602679756 5.584721602679756 5.584721602679756 5.584721602679756 5.584721602679756 5.584721602679756 5.584721602679756 5.584721602679756 5.584721602679756 5.584721602679756 5.584721602679756 5.584721602679756 5.584721602679756 5.584721602679756 5.584721602679756 5.584721602679756 5.584721602679756 5.584721602679756 5.584721602679756 5.584721602679756 5.584721602679756 5.584721602679756 5.584721602679756 5.584721602679756 5.584721602679756 5.584721602679756 5.584721602679756 5.584721602679756 5.584721602679756 5.584721602679756 5.584721602679756
5.491068172309524 5.50120115015117 5.511745927185946 5.522618589821807 5.533428629862324 5.543841262210972 5.553566613945498 5.562349547144981 5.569961275078452 5.5761928637562495 5.5808503389391095 5.5837510480222505 5.584721602679756 5.584288618974105 5.583028748767388 5.581679333039075 5.580784455133769 5.58064361539488 5.581300999786608 5.582543869364825 5.583910249729446 5.5847050743798246 5.584721602679756 5.584721602679756 5.584721602679756 5.584721602679756 5.584721602679756 5.584721602679756 5.584721602679756 5.584721602679756 5.584721602679756 5.584721602679756 5.584721602679756 5.584721602679756 5.584795588811248 5.584994437141573 5.585231463371498 5.585436937787348 5.585561671781495 5.585578789604704 5.585484739554029 5.585299429926713 5.585065473975774 5.58484663037999
5.469867917924055 5.48587829674851 5.500607427761765 5.513259624863826 5.52544095706501 5.537114672176019 5.5480001854100545 5.557853931055248 5.566458714088315 5.573616234315788 5.578538665433246 5.578722534083233 5.574978290575323 5.568919169581795 5.5631465935230064 5.558642807022998 5.556023606760573 5.555629095227758 5.557509516920354 5.561423125087925 5.566846349126422 5.572994990895132 5.578853927401665 5.583212088714495 5.584721602679756 5.584721602679756 5.584721602679756 5.584721602679756 5.584721602679756 5.584721602679756 5.584721602679756 5.584734075549965 5.585015092918452 5.5855637634302875 5.586252000683929 5.586964694562036 5.587603188312885 5.588088694590761 5.588365334396143 5.588402469204862 5.588196044322807 5.587768770164602 5.5871691174758515 5.586469257642407
5.440680577473121 5.463100755360204 5.48401920941429 5.501886116205153 5.515900447430611 5.528066794608126 5.539793619657642 5.550916267486037 5.56062366828008 5.564357582262108 5.562103194678708 5.5549227078154795 5.544535726062179 5.532645893168778 5.522061497100125 5.514182556170547 5.509714172108675 5.509047367820069 5.512240007904865 5.519013912607522 5.5287685840806 5.540609579932052 5.5533876950146785 5.565744166600507 5.576157180741029 5.582985803153987 5.584721602679756 5.584721602679756 5.584721602679756 5.584721602679756 5.584980935032306 5.58573772582559 5.586836766542545 5.588126970483511 5.5894662795205 5.590725625590634 5.591793277392476 5.592579238349683 5.593019253103665 5.593077936978108 5.59275059894255 5.59206348871328 5.591072430424909 5.589860047453479
5.402658765183348 5.428592690134638 5.452931812695636 5.474853494272198 5.493553708349537 5.508184366566907 5.520488922144101 5.529921820217696 5.532015119504026 5.5281469018615494 5.519645508900956 5.507661550360153 5.493143371682373 5.4768404595880025 5.461245943912068 5.44972431170043 5.4432545495953875 5.4422927010938835 5.4469063952768515 5.456770847343065 5.47118783107355 5.48912449085424 5.509265985885255 5.530074726077993 5.549849412212055 5.5667787237435356 5.578986584800173 5.5845678711344595 5.584752458307634 5.585345619787159 5.586563883160875 5.5882360030377605 5.590191757133873 5.592264869750132 5.59429687526021 5.596141887137959 5.597672060898043 5.598783325004695 5.599400756031771 5.599482869298047 5.599024152924871 5.598055413218618 5.596641870533882 5.595225712235761
5.349849021796297 5.37856412916258 5.40615334259731 5.431899492084472 5.45508180837742 5.47490866082524 5.485095582856917 5.484275015371851 5.47711479973308 5.46521452725118 5.450018729907353 5.432802342036417 5.414647285981619 5.396407250927592 5.379906505853546 5.36665341363802 5.358044874322481 5.356759781659105 5.362929235161775 5.376167574203824 5.395650004809994 5.420167000059212 5.448196466463351 5.477982467820988 5.507610665522877 5.535073739590947 5.558323526467624 5.5753831868391925 5.584906891231261 5.58723184689226 5.589439741502686 5.592064000649368 5.594919644663014 5.597823147928935 5.600596759977696 5.603074197360746 5.6051075273821525 5.606574723033233 5.607387010709896 5.607494896030413 5.606891784372799 5.606330214328142 5.611452075474351 5.6215111481038305
5.284546122266071 5.315664269985564 5.3460802313673055 5.375230763291896 5.40249978356501 5.420880455847554 5.424886092519163 5.415651747336363 5.398818469149849 5.378439334939011 5.3560701782042015 5.333114431554644 5.310804061413862 5.290160823721972 5.272968243383144 5.261112174131523 5.254711032919722 5.253843896848988 5.261738557178661 5.278704641385913 5.303749819566607 5.335434923150488 5.371975055481133 5.411345670500208 5.451379307375341 5.489844546872726 5.524565533400651 5.554128922450561 5.576494130643263 5.589401967559795 5.593431617660424 5.597047015767858 5.600850301193838 5.6046385617580725 5.608211436761525 5.611377786096413 5.613964344568272 5.615825782837508 5.616854952426903 5.6169915797252905 5.621414538517471 5.634800069614693 5.654432418656391 5.677678357081194
5.209836220248642 5.242535591832253 5.275078640374003 5.307018495987981 5.332631626624166 5.343586892951374 5.340954760651799 5.325858135831593 5.300106651829388 5.270809578351006 5.240772910880336 5.211525318378044 5.184464142559326 5.16081619503595 5.142516386837379 5.131747579819735 5.128812055244725 5.133401981192994 5.144778293542098 5.1659215827453515 5.197151401818816 5.236724072559418 5.282516952583858 5.3321731657761315 5.3832253934917205 5.43319972795455 5.4804338247975215 5.522928814412033 5.558246551813948 5.584042288412595 5.598060164482687 5.602998061503929 5.607800987600929 5.612535875560209 5.6169760680666005 5.620900078820176 5.624102353605373 5.6264067609010215 5.6279610311733945 5.638193285063058 5.659557968374582 5.689077765426346 5.723817187031666 5.760913403206364
5.128435664151951 5.161609256165953 5.195388403170448 5.226650639379628 5.2438598974163035 5.246946203606657 5.237216116646685 5.215861437195078 5.183949741653806 5.145457884309189 5.107272257051645 5.071146415337582 5.0386536941999305 5.011270356217817 4.991283212229919 4.981152191940218 4.9814436080932385 4.9919998050224414 5.011828482211935 5.039416043882996 5.077619941609637 5.125968807832564 5.181900383067047 5.2426457302849006 5.305385722820504 5.367832144938166 5.4281777869614904 5.483771242291411 5.532073317954611 5.570673021512637 5.597272040376775 5.609714839310346 5.6155725607222635 5.621323611507006 5.6267112761975495 5.631477154736547 5.635374181852602 5.638676090449247 5.652995820184588 5.6782158893183325 5.711427746697743 5.751647502918436 5.797402507394497 5.846696143289473
5.042389573081268 5.075004726960701 5.10872312711642 5.131858702951943 5.140079174081425 5.134866014069747 5.1176113968029515 5.089559281967822 5.051793816098616 5.005708313085249 4.95895036149306 4.91534961418556 4.876653860618041 4.8446393698295775 4.8221827355561455 4.812032723828937 4.815165143639424 4.831678045791373 4.860582581891323 4.899772952316573 4.947695359488216 5.006889270950101 5.074628184092211 5.147299647649265 5.221846657017692 5.296733042660938 5.369989113719239 5.438749363558697 5.49995228411223 5.551149477521826 5.590027222272922 5.614378587067913 5.6239446148554695 5.630788167552172 5.637216930326672 5.6429281991745786 5.646353903966144 5.652822278675121 5.670033395014723 5.697995420807844 5.736319481470424 5.784130993160371 5.839978141554851 5.901760446042321
4.954144111604428 4.985023407668594 5.013194145637287 5.026307395298459 5.025133801338452 5.01122935295488 4.986096467840528 4.951018446385339 4.907042958007779 4.855046648180356 4.7995127816380085 4.747875110980819 4.702117619443493 4.664384875293932 4.638390985892152 4.62725292283303 4.632838178735849 4.658748108352935 4.703484665385776 4.762775874680411 4.83135219337923 4.906137551815921 4.988266079653634 5.073721233419586 5.159564187644108 5.243779203119082 5.324054375646698 5.398729171983366 5.466710977452945 5.527376292343046 5.578047489735516 5.613836413422262 5.632613397142786 5.6406857865939335 5.647897473966714 5.643909417115756 5.6357472500669745 5.639676982739114 5.656472147729279 5.686390773403367 5.729286712904038 5.784485191794315 5.8506355525848015 5.925579014864937
4.866274917695957 4.8944035137169175 4.912128188618291 4.91429518681808 4.902893108666574 4.879877453039253 4.846620738493853 4.8043701412767135 4.754062051683022 4.696360012181965 4.633099505883042 4.572979133423999 4.5192407770453205 4.474512308138265 4.44384232242721 4.436488448481661 4.455091328084617 4.498546115902968 4.563791937178639 4.64573964957232 4.737853992531643 4.833170208245158 4.931260416871765 5.030622141273951 5.12843302247085 5.2218843589391915 5.3086771330824645 5.387298189655856 5.456879210101954 5.517060167064339 5.567865000558706 5.6095926962575335 5.638698897738003 5.647440941629599 5.635673758309658 5.612041521525309 5.600116934428075 5.602707540147266 5.619537173246409 5.65056398118671 5.695911773966645 5.7557040267457795 5.8298114461383035 5.917569051744558
4.7810722910409 4.803197871726355 4.809619123833231 4.800409165265188 4.7780162739748855 4.744876969556127 4.703087086609484 4.653785248468024 4.59739243690285 4.534160054590373 4.464417712528932 4.395626650718285 4.333007072919413 4.283585345965195 4.25916051631597 4.262130854224822 4.29425158648572 4.355542798975568 4.442920937768611 4.549995583141988 4.6682407480821855 4.788669643733933 4.905180935594049 5.019632499998196 5.129567184885676 5.231821873679786 5.32425877132145 5.405643945962764 5.475448337730244 5.53367174142804 5.58069175701944 5.617137048548318 5.638804372579665 5.6342166063515435 5.608293220523932 5.584623338619543 5.574910533118261 5.578723372003619 5.595949423855693 5.626844978148078 5.67201224563273 5.732185245803067 5.807821521609893 5.898647966214904
4.701497330407952 4.714789813061202 4.709564831945795 4.688378353742342 4.654364283332683 4.610640141749161 4.5597939995478365 4.503433772573542 4.441747668563025 4.373789749410551 4.298870433110963 4.221728446638361 4.157355652763591 4.114500969169583 4.096416525349202 4.106980823214295 4.150700606689428 4.229943193893703 4.341814731763614 4.4775974689402265 4.625428218449565 4.773569160060884 4.91238359282265 5.042695843674276 5.164440788764789 5.274547193946585 5.371235473810391 5.453713909089125 5.521924174057898 5.576329722893439 5.618501100801393 5.6523179270914286 5.658152301369263 5.635899378740076 5.599489749488926 5.578136798942294 5.569474630616189 5.573130375355126 5.589100275908937 5.617928830702781 5.660860378123331 5.719591109176825 5.795559918288674 5.889173710519351
4.6309807142534805 4.633556666419419 4.616068448856434 4.5819988923743775 4.535419968721285 4.480517263355228 4.420749848515737 4.357952033748944 4.292005788793385 4.221030580994774 4.142501236631007 4.0682445193381325 4.011789857542568 3.9745985523783123 3.959733794304805 3.9734294117224205 4.024967804887497 4.121900172538472 4.262103911023271 4.432046539477971 4.613949295980736 4.7923707631450885 4.956025793891585 5.102338573740889 5.234820684403283 5.351094060264877 5.4499718103554535 5.531108579905842 5.59503951577493 5.64885446009187 5.700333795530702 5.722618917702812 5.711692157315797 5.670069447873019 5.617846114124678 5.591016399146382 5.5821005488461335 5.58404579506913 5.596808559247085 5.621026367189832 5.658749222386951 5.713249660175908 5.787581009485464 5.883255273947327
4.5729346305274134 4.564106772826966 4.533482413946598 4.4852503656655855 4.424647260897276 4.357531736354531 4.289006470036082 4.221454126886483 4.153676124949383 4.082135369196927 4.011430119701881 3.95016299508836 3.9032557021755823 3.8712924802003084 3.856381887716422 3.8664177582593195 3.9181179917660014 4.031561163152892 4.207321957310276 4.4199085406597485 4.640992187504706 4.8514006562489165 5.039605681171297 5.200105283343117 5.334945107234384 5.446129967961309 5.535655243638751 5.605989867424614 5.67020804796367 5.738883356943869 5.787444797244591 5.801408295683122 5.781630987973356 5.729849905492894 5.67031396601275 5.62760664182605 5.611221121474115 5.6097656651567975 5.617244733689066 5.633617958319058 5.661772055491476 5.707880980915816 5.777552227124435 5.873523468823162
4.531907055460837 4.511169769237454 4.466585363535107 4.4026779469426085 4.325835924584528 4.244473515419801 4.167085608755809 4.097499491243019 4.032268684079255 3.9697136789171337 3.918418645478098 3.873665887386876 3.8397472700555726 3.815044176671887 3.799242889692925 3.797881608773377 3.833720950744148 3.9595592713594394 4.187204323927244 4.45415077582976 4.717477594989264 4.954695085724822 5.150777584046108 5.305748601463845 5.429144216262903 5.5265041954258125 5.601076002129332 5.6689964615196 5.744421890334916 5.816017215378493 5.854743804159501 5.860103249233837 5.83275151966302 5.777633133809012 5.7196621037018565 5.6766252093860885 5.654041645510579 5.6484237023884205 5.6488845771097145 5.653624732085379 5.665483428190738 5.697428441852603 5.758072087642333 5.846080418255216
4.51327210966396 4.481018396518199 4.422475321982726 4.341774102474151 4.245713411112144 4.1459125848568705 4.058200815552725 3.9907279547380874 3.9358341744370913 3.897191734760437 3.8686987452520736 3.8450871943885514 3.829199809297214 3.8179667819725607 3.8082119123593134 3.7979947495781845 3.7935666061543776 3.913536563133528 4.233337494465394 4.556391361374045 4.840708779950948 5.078168816090517 5.267471205803411 5.4103339477840295 5.516339569862797 5.594177401132876 5.658878849818346 5.732099211820969 5.813701046414912 5.87454666990223 5.902707450472995 5.899492346605063 5.865174942104411 5.808442778735085 5.75156162502551 5.70836961677765 5.684870569435576 5.6805163585752805 5.686267615726255 5.677774046866504 5.663486355735423 5.6752490477638755 5.716992287359712 5.790752810502589
4.521229868298221 4.478663920095931 4.407621482885127 4.310866538251828 4.193431515347932 4.067616137789325 3.964610193046467 3.9090234608164076 3.8819166482594 3.8720043942052227 3.8683132223509427 3.868646541479773 3.8764726715755904 3.888378123374258 3.901445217959832 3.9136359030123122 3.932062993963986 4.07380768533748 4.405358927160409 4.722245756990225 4.995517645731622 5.219557189560369 5.3924188049102355 5.515620104611781 5.598001159920391 5.655860428723901 5.718531872572169 5.791391847971649 5.867033254713687 5.91366483632591 5.93081355112733 5.919604624593134 5.879703879148163 5.822738987685701 5.7670682756669205 5.724207767132501 5.6987003088971075 5.688537470318623 5.691007623082449 5.679648444064066 5.649383751282433 5.633912841587004 5.646442285412707 5.699582352649451
4.556735632370067 4.506698952146593 4.427176221503966 4.3194981830217065 4.1853995118962475 4.028410949230725 3.8867830984652993 3.8742140725955903 3.8846919403799998 3.901398946690416 3.921501916780137 3.9462312274243034 3.9807952310310837 4.022837655912806 4.073030667193244 4.1371577185272805 4.238013944440152 4.418800496085426 4.672864822418948 4.94095768699799 5.1823777857704885 5.380062696226154 5.52674695192549 5.621664251813695 5.6734933878218 5.718397563663598 5.772626354536856 5.840068361881592 5.899938915017372 5.93116345305744 5.937326684673321 5.919489682475028 5.8764552616426595 5.821042626340779 5.76813101326863 5.72762771174343 5.70072632168672 5.683133067275958 5.671774794872121 5.655252447064405 5.619664002143486 5.570956456700032 5.54329459358753 5.565684869718222
