_RESULTS/CROSS_VALIDATION_POSTPROCESSED/MHZ/GZ/8comp/5/MHZ_GZ_z_90_kriged_reverse_8comp_spherical_5.asc
ncols 100
nrows 74
xllcorner 5.5967023332191781
yllcorner 50.982320383219182
cellsize 0.00019249356164376555
nodata_value 1.7014100000000001E+038
[rows 0 to 19 of 74, columns 43 to 85 of 100]
2.1150394205044836 2.0810729863096418 2.0153208985126776 1.9222354035675966 1.8072364685614208 1.6762884500794564 1.5354733571762003 1.390605972051892 1.2471734408057222 1.110511703698305 0.9841805117431799 0.871205664799671 0.7749077602810223 0.7004508884180767 0.6571552312521095 0.6560550305599893 0.6968636291241577 0.7683564240613493 0.8614786844363216 0.971537087595741 1.0949918450633807 1.228533497155173 1.3689148635098403 1.5122534748378509 1.6539471948721 1.7887297174315193 1.9108376407015242 2.014271970414528 2.0931369002126368 2.142035031786628 2.1566993474410876 2.1566993474410876 2.1566993474410876 2.1566993474410876 2.1566993474410876 2.1566993474410876 2.1566993474410876 2.1566993474410876 2.1566993474410876 2.1566993474410876 2.1566993474410876 2.1566993474410876 2.1566993474410876
2.108116040212988 2.0721641573518412 2.0040041137658178 1.9081293627417986 1.7900286246938144 1.6557486735231424 1.5114448062196995 1.3629662320584224 1.215545387306942 1.0743156747223346 0.942812746220012 0.8233296966612828 0.7178953894362456 0.6298468882145595 0.5703570293687841 0.569641007883698 0.6268306276389161 0.7115833322723556 0.8131061027595662 0.9285239804986986 1.0563333855218358 1.1937327413211478 1.3376770609982183 1.4845340785929706 1.6298445101740382 1.7684111437541905 1.8944841141678537 2.00203365374632 2.0850972275860267 2.1381821725344703 2.156699343552446 2.1566993474410876 2.1566993474410876 2.1566993474410876 2.1566993474410876 2.1566993474410876 2.1566993474410876 2.1566993474410876 2.1566993474410876 2.1566993474410876 2.1566993474410876 2.1566993474410876 2.1566993474410876
2.1036351540544747 2.0681964034222258 2.0001448911777766 1.9039557036303951 1.7851414019308713 1.649806269374907 1.5041797419407528 1.3541781287822445 1.2050430244956893 1.0615349541903603 0.9274725410782889 0.804723429748329 0.6942640738029029 0.5963867544613575 0.5113407220900484 0.5115269522460483 0.593927076221768 0.6882168419782395 0.7942056821309452 0.911927817240012 1.0410466265087364 1.1799985432559748 1.3253670956782928 1.47361028257053 1.6203351028847723 1.760376709360466 1.8879935374219943 1.9971456181058531 2.0818455121225004 2.136564105740462 2.156667289152293 2.1566993474410876 2.1566993474410876 2.1566993474410876 2.1566993474410876 2.1566993474410876 2.1566993474410876 2.1566993474410876 2.1566993474410876 2.1566993474410876 2.1566993474410876 2.1566993474410876 2.1566993474410876
2.096217278417692 2.069809905175173 2.0043773209866207 1.910360203056229 1.7932505775860168 1.6591839734819078 1.5144668899951592 1.365126818581552 1.2165377362477505 1.0733851819480584 0.9399139528115507 0.818388045276108 0.7104468941766198 0.6184691043075079 0.5522447783892933 0.5518093788524641 0.6158270672554674 0.7041774831699507 0.8072648621855996 0.9229853844073291 1.0503246852046182 1.1879929803501479 1.3325311195534537 1.47996754783456 1.6258699447788363 1.7650542546140957 1.8917738708716825 1.9999946264659858 2.083743479280483 2.137512453673054 2.156693546775189 2.1566993474410876 2.1566993474410876 2.1566993474410876 2.1566993474410876 2.1566993474410876 2.1566993474410876 2.1566993474410876 2.1566993474410876 2.1566993474410876 2.1566993474410876 2.1566993474410876 2.1566993474410876
2.0618038016231046 2.067790217810548 2.016726225655064 1.9273275526152904 1.814329993534138 1.6838594989384554 1.5422870829696753 1.3957808348932783 1.2499294041136766 1.1096023275295837 0.9795805349274123 0.8630303388599067 0.7629912108488595 0.6844174941941961 0.6375925313841562 0.6366771362332857 0.6810515485445501 0.7558663211673693 0.8506957425997405 0.9607622039046841 1.0836080272130275 1.2173417755238065 1.3588505443224854 1.5033232510684205 1.646186742579767 1.7821950339008086 1.9055879425686035 2.0103558071985885 2.090580773071497 2.1408343155131164 2.1566993474410876 2.1566993474410876 2.1566993474410876 2.1566993474410876 2.1566993474410876 2.1566993474410876 2.1566993474410876 2.1566993474410876 2.1566993474410876 2.1566993474410876 2.1566993474410876 2.1566993474410876 2.1566993474410876
2.0031010835478216 2.0438306508946935 2.0279340021081125 1.9541599334272284 1.847638896199054 1.7230618908223096 1.5868201781981686 1.4452150825047396 1.3040796570283864 1.1685772163436285 1.0439915650486409 0.9342839736592154 0.8432099109773205 0.7757290585931638 0.7384669497183771 0.7371616474890405 0.771367608580016 0.834642416134288 0.9200095778889954 1.0225425925897138 1.1389903973995887 1.2668481232175945 1.4031714897216088 1.5426409897900277 1.6803178924815327 1.8108792821789645 1.9285584662974045 2.0273979553931833 2.1015808632815007 2.145818833428975 2.1566993474410876 2.1566993474410876 2.1566993474410876 2.1566993474410876 2.1566993474410876 2.1566993474410876 2.1566993474410876 2.1566993474410876 2.1566993474410876 2.1566993474410876 2.1566993474410876 2.1566993474410876 2.1566993474410876
1.9261949893559862 2.0018070080906605 2.023077483934551 1.9848898886443584 1.8917128365569655 1.7752778931654045 1.6464788189911534 1.5116929193147615 1.3769745270352036 1.2477758796687377 1.1297623282470126 1.0273260368489077 0.944249096804718 0.8846172832064128 0.852552423398671 0.8507958032372784 0.8789688690680295 0.9336641415010118 1.0103295740584237 1.1048077998145573 1.2137432574638107 1.3343175552904942 1.4635948961848193 1.5961763956147297 1.726617397670456 1.8495361844561904 1.9591867532495522 2.0497035780784976 2.115423398576228 2.151261948756824 2.1566993474410876 2.1566993474410876 2.1566993474410876 2.1566993474410876 2.1566993474410876 2.1566993474410876 2.1566993474410876 2.1566993474410876 2.1566993474410876 2.1566993474410876 2.1566993474410876 2.1566993474410876 2.1566993474410876
1.8368446550887558 1.9461833243259015 2.004858513402697 2.005037691688051 1.9438780184844555 1.8382485143567207 1.7189427046910393 1.5927507391402647 1.4658983782077897 1.3440951373291967 1.2332890404607035 1.1379804251575476 1.061705859469001 1.0077476416900555 0.9788518316463105 0.9765431475410112 1.0004816522333326 1.04851921435635 1.1174614712129114 1.2039005623539838 1.3046723571794312 1.416885235593451 1.5375785869781806 1.6615353036880134 1.7827998791089528 1.895976573831986 1.995385561674913 2.075304855448722 2.130284264245481 2.155510401225151 2.1566993474410876 2.1566993474410876 2.1566993474410876 2.1566993474410876 2.1566993474410876 2.1566993474410876 2.1566993474410876 2.1566993474410876 2.1566993474410876 2.1566993474410876 2.1566993474410876 2.1566993474410876 2.1566993474410876
1.7403660730197137 1.8810693197904207 1.9761019865615181 2.0149901157065857 1.9919756541240525 1.908924780537869 1.8011681694713535 1.685239500495399 1.5674888260816409 1.453967011669393 1.3508441024148705 1.262497072415825 1.1921897326764705 1.1426546487478129 1.115911029715237 1.1129423179374593 1.1334448213045485 1.1758597266762734 1.2377146194403206 1.3161468638101421 1.408260450285535 1.5112056832976144 1.6220151159399454 1.7357281880675879 1.845986386492945 1.947437987997187 2.034527726726534 2.101737733320122 2.1438954297885275 2.1566993474410876 2.1566993474410876 2.1566993474410876 2.1566993474410876 2.1566993474410876 2.1566993474410876 2.1566993474410876 2.1566993474410876 2.1566993474410876 2.1566993474410876 2.1566993474410876 2.1566993474410876 2.1566993474410876 2.1566993474410876
1.6445389169528608 1.8101620914870487 1.9393308235531652 2.0159213567515004 2.031393374260415 1.9827331673795134 1.8892708939913276 1.7852541708706915 1.6775971902617175 1.5732412904626736 1.478351279829177 1.3970142864471586 1.3323294348988413 1.2868858538254473 1.2622017816131301 1.2588926572089032 1.2765977080994655 1.3140031806390038 1.3690374914474024 1.439178890158423 1.5217615802560445 1.6141278043949707 1.7134865906123138 1.8152186168053819 1.9127579817066958 2.000644874556949 2.0735139635918403 2.1261173772063793 2.1536272278702704 2.1566993474410876 2.1566993474410876 2.1566993474410876 2.1566993474410876 2.1566993474410876 2.1566993474410876 2.1566993474410876 2.1566993474410876 2.1566993474410876 2.1566993474410876 2.1566993474410876 2.1566993474410876 2.1566993474410876 2.1566993474410876
1.5557009657823866 1.7367651046098382 1.8967822231131315 2.008768227467137 2.061561045096888 2.0492133335537477 1.9772550049923743 1.8868115499829936 1.7909830025602484 1.6970234887606537 1.611275772628699 1.5380030138066385 1.47990175192137 1.4389602351807924 1.4164706076661726 1.4129417345521602 1.428042213546023 1.460623417681584 1.5088514113599258 1.5704378549068594 1.6428996442065413 1.72370133840466 1.8101262006008516 1.8975468834369136 1.9797129179193025 2.051892053171521 2.1088647226840767 2.145238778328437 2.1566993474410876 2.156822202222758 2.1572018513505884 2.157553359271974 2.157688154961927 2.1575439635179396 2.157187564058919 2.1568118344119305 2.1566993474410876 2.1566993474410876 2.1566993474410876 2.1566993474410876 2.1566993474410876 2.1566993474410876 2.1566993474410876
1.4780948479337668 1.668728407795836 1.8503873216068463 1.9943301334757562 2.0818918273116225 2.1043018264821436 2.0593579078310973 1.9838746814539787 1.9018233719132513 1.8205008955866433 1.7462259987986093 1.6822975443309969 1.631294652505821 1.595126695135391 1.5750020124606485 1.571384597446766 1.5839697543542186 1.611712350945347 1.6529378281763614 1.7055420747444185 1.7672222875169417 1.8355947430482749 1.9080501498483111 1.9797801351646567 2.044807151819328 2.0986929134046446 2.1373282157530533 2.15742059735607 2.160587813859807 2.1629149903015255 2.1649274047458715 2.166273280922524 2.1667349317926345 2.1662402148336466 2.1648664856245152 2.1628363616233113 2.1605060329741077 2.158348080202286 2.156931473287624 2.1566993474410876 2.1566993474410876 2.1566993474410876 2.1566993474410876
1.4150635461524128 1.6125542554279078 1.8037482792289696 1.9732279653571267 2.0918999654895307 2.1464353591158565 2.1312380285121195 2.071934891098048 2.0058322267805977 1.939630132478817 1.8780879296003508 1.824445223265546 1.7812501867336943 1.7503661664817438 1.7329567364432057 1.7294650449819224 1.7396088959908143 1.7624193777591464 1.7963526906917153 1.8394813837338455 1.8897023252601688 1.9448158340637067 2.0023321747042537 2.057070854026724 2.103858834323457 2.140378571503639 2.1624965008918746 2.1684249334986543 2.17302215860475 2.177749345241609 2.1815336074696696 2.18396347490601 2.1847822643834056 2.1839045612973425 2.1814219456226294 2.177596857281214 2.1728457841536684 2.1677148738068874 2.162852075509839 2.1589798727642924 2.1568718148620736 2.1566993474410876 2.1566993474410876
1.369100248983917 1.5709913747731803 1.7676734313825149 1.946796376278879 2.0908942483531585 2.1738186409701097 2.1865832716182028 2.1468858349034923 2.0984371312235544 2.0484299042416323 2.0006916833676174 1.9583094413356432 1.9237440988919088 1.8987952371975425 1.8845786431330023 1.8815131448674853 1.8893292511598225 1.9071233786716053 1.933482801847277 1.9666767474917923 2.004836306967497 2.045978574738306 2.087636285933386 2.125370617377195 2.1566850085586537 2.177180853874099 2.183777940159441 2.188238726885538 2.1940288430266786 2.2007488735086547 2.2064864374843287 2.210117722559365 2.2113334208402384 2.2100301040197485 2.206318656315195 2.2005152411885867 2.1931167722468876 2.1847659573997693 2.1762123795456554 2.1682756264560057 2.161814787324358 2.1577065528501205 2.1566993474410876
1.3419123749565962 1.5459252600574256 1.7452059852446542 1.9274241153143423 2.0791020998329475 2.184291429144045 2.2225589228368974 2.2035483166547505 2.173770027861841 2.140707540589885 2.1076284826603886 2.0773755428607523 2.0522475853883506 2.033930074117236 2.0234564006334033 2.021194757300996 2.0268697251307555 2.0396382991232453 2.0582349737165755 2.081160913765546 2.106821171726326 2.133476684403258 2.1602736535282796 2.1839199780429577 2.199935692804991 2.205639900343676 2.2106467382753245 2.216995564985083 2.2241968923528876 2.2318143903442107 2.239283777529593 2.2442688376957056 2.245933259526606 2.2441487956057755 2.239052923661546 2.2310352297239966 2.220700882653962 2.208819801584028 2.1962719656428566 2.183997840029694 2.172959545971567 2.164114887569342 2.1584037407301566
1.3344793173183485 1.5384177675750568 1.7374956212336843 1.9194482313526706 2.070898876425632 2.1796918815037167 2.2358625300594706 2.236936022165234 2.2261858232286382 2.21043948521417 2.192562679954733 2.1750871076757643 2.160077944024957 2.1490426607005286 2.1428780367214784 2.1418575464212757 2.145670726163041 2.1535291952571676 2.1643355029825098 2.176860588037794 2.18981748309776 2.203644909194894 2.2180521549759797 2.227490689640276 2.231658589203346 2.237575770820186 2.245109266216414 2.253661130996385 2.262622391667643 2.2714174498563886 2.279563523596149 2.285968468657885 2.2881492880179355 2.2858111543832638 2.2791289695517047 2.268594548157734 2.2549607531080063 2.2391661713856372 2.2222577070614014 2.205466903524048 2.190136472156463 2.177025968468161 2.1668939824146745
1.347084459092186 1.5487367688979594 1.744815042010591 1.9231590847088211 2.0708568041787534 2.1773803129120357 2.2323231129969443 2.243434389783125 2.250665527435899 2.2521376430651854 2.249602869711321 2.2452331858368817 2.240800370899653 2.2375711832377454 2.2362445004730125 2.2369437259251703 2.2392823979355674 2.2425106651148186 2.2457108476668353 2.247950260026693 2.2495157460144197 2.2534430131344894 2.2558212236824686 2.259948709359478 2.2667116925502917 2.275588061802508 2.2859569260340966 2.2971097272825634 2.3082822565203083 2.3187107148779296 2.327712664996581 2.334766284966993 2.337552918627624 2.33456530747964 2.3260325411447202 2.3125923329416307 2.2952034310278178 2.2757603674856615 2.255784810227522 2.236030439516338 2.2172730168438215 2.2002963371239 2.1858959060640717
1.3793107123129724 1.5763575923041908 1.7665687361803295 1.937934183296838 2.0789424514457964 2.1792166227570653 2.2293087842610237 2.2407351854653736 2.2515275306758955 2.262675300990562 2.2736926219446105 2.2823520040207264 2.288644146328834 2.2935465269416606 2.297505551336573 2.3004354948622607 2.3018165597609683 2.3008942584644485 2.296912321274178 2.289535123167226 2.2846299607930485 2.285219316861974 2.2892237422532085 2.296337297045723 2.3061857116515796 2.3182409232495127 2.3318131434926572 2.346061111317379 2.360024608830431 2.3726891667726067 2.3830920064272503 2.3904667700934663 2.393700885085671 2.3899345996758754 2.3791994936096867 2.362867258380867 2.343511419930133 2.322062979244601 2.299415187112978 2.2764698727643378 2.254098037876676 2.2331361729326256 2.2144039562813185
1.4300004426493773 1.6199336386622212 1.8012800676351188 1.9624116535625777 2.0934316819795638 2.1844174335525888 2.2260390595407906 2.2378995320876593 2.2507080900544194 2.2641338790878027 2.2777407201295348 2.291053435884768 2.3035284998316965 2.3145243856880175 2.323290427247317 2.3290107353468774 2.3309511002768604 2.3287242183612142 2.322574554523277 2.316322275377074 2.3156670305335227 2.318868934272103 2.3254875144975062 2.3354323247600535 2.34840288057044 2.3638691301198884 2.3810683229338028 2.399009992862183 2.4164982873648206 2.4321936865141054 2.444741131231431 2.452978089473925 2.456116762550406 2.451392190509772 2.4393731826889935 2.4223994815747125 2.401388480241269 2.3774673703299323 2.351783098796646 2.3253997759888345 2.299271588693894 2.2742629545629707 2.2511908670492864
1.4971936014774512 1.677251541262472 1.846570627970024 1.9944964808023078 2.1127339881091034 2.1910502723183685 2.2213306555664305 2.2346786731826787 2.249323149753403 2.264869559895581 2.280900867686154 2.2969525741817876 2.312476538407159 2.3267959134063974 2.3390634432259714 2.3482593153646336 2.353308014298823 2.3534126866576224 2.348982178360611 2.34707977759544 2.3489064486478513 2.354007431774995 2.362783201332549 2.375330999613149 2.391424195145051 2.4105300360949204 2.4318171901474566 2.4541467235702474 2.476063740226831 2.495827912293906 2.511542379618933 2.5214397048176163 2.524315203976989 2.520282932459881 2.508757274889864 2.4905936649970783 2.467249082224156 2.440311637282099 2.411233739417475 2.38123434870917 2.3513116779948886 2.322308521426331 2.2949929810612173
