_RESULTS/CROSS_VALIDATION_POSTPROCESSED/MHZ/GZ/4comp/2/MHZ_GZ_z_180_kriged_reverse_4comp_spherical_2.asc
ncols 100
nrows 74
xllcorner 5.5967023332191781
yllcorner 50.982320383219182
cellsize 0.00019249356164376555
nodata_value 1.7014100000000001E+038
[rows 38 to 56 of 74, columns 44 to 87 of 100]
48.2049998908391 48.420867820288436 48.63706930289738 48.84769101692843 49.04114279751647 49.19922545939252 49.29754247205967 49.303048783264266 49.19772452977203 48.99211690724514 48.71387316422155 48.391124524687854 48.03339779448615 47.643186336892676 47.223925750550436 46.79009251042609 46.35296163670887 45.92124096863191 45.509255372980114 45.166799834500154 44.91250035404937 44.75710898110465 44.71077893718789 44.741434068832106 44.72488905734696 44.620351282784185 44.423003414670994 44.11579609421362 43.675607622858635 43.074178187258454 42.307230191252174 41.37948935075061 40.27976360370852 39.007431615796214 37.583509279771945 36.07251844517348 34.621956226202514 33.51256580281674 33.161670160123556 33.827615649007015 35.291990822340956 37.09645751859655 38.907824058599616 40.55697886594241
48.14812019264607 48.37719544827156 48.619017893302654 48.870054745106486 49.118781146452406 49.33745210150822 49.477495923741024 49.501167076415705 49.37935913385505 49.1282767284328 48.79160554482398 48.41474612763286 48.012172380969226 47.57469125220369 47.11798090432409 46.654880815219876 46.19499659651927 45.74570799217514 45.312495617937984 44.9247092051662 44.633246101675034 44.45557019525644 44.40907030818979 44.48047769308373 44.54181494240646 44.49886081071276 44.35577296943336 44.11306176647112 43.752440051222294 43.25157555778711 42.58918954043109 41.78089133745633 40.83433285923541 39.76229264834706 38.60180668544082 37.42940343878152 36.37875147578161 35.64403317195774 35.44499596310104 35.90597412562938 36.9204888992823 38.24087608473037 39.65606351513084 41.02143133592791
48.049323811198995 48.27484630850014 48.531276148161375 48.81631302894128 49.11649190851739 49.39243241228879 49.599762269199296 49.66318473080158 49.518083145094934 49.1960927930781 48.779215647106646 48.330340375382555 47.86170228926526 47.37192983177039 46.8748212726578 46.38254277355253 45.904014988010466 45.44518877213548 45.00938786197262 44.60203392943587 44.27943153457519 44.07900243546751 44.03934961097861 44.166872168269286 44.32116338526003 44.37376662524798 44.30962303145662 44.13838838389945 43.86537380120288 43.47414853902668 42.94783623531265 42.27956419638206 41.500582029889564 40.63504914111748 39.724588123012936 38.83978999799602 38.0838493265584 37.58195274908643 37.454450921659195 37.77225619822156 38.47861676621393 39.43756068321481 40.51296567793439 41.60518626604116
47.91230996023033 48.1052116785989 48.3555429695608 48.65328585444427 48.97807912007349 49.321459566755664 49.63909533322778 49.79244622901044 49.60181650515519 49.159471754076876 48.638981578907085 48.101497293392484 47.564460985292065 47.0281572059448 46.49712899545324 45.98347526368309 45.49614397963339 45.04019911416842 44.61654497660677 44.22237687435931 43.88233166454858 43.648836648931535 43.59906344185841 43.83005588990509 44.07968352860077 44.23038966821331 44.26402592645793 44.180915499826106 43.99727986482468 43.716694349706 43.327657049582335 42.82319133903375 42.21186642094414 41.53874440914551 40.84533140292016 40.18938959232537 39.645355482299365 39.29298993539111 39.20223862539433 39.42058534656842 39.91572342625831 40.61026481063822 41.41043160815202 42.25435442435579
47.73331580327393 47.869321098115094 48.07502482445798 48.33659637684056 48.65393481407116 49.04197526764315 49.493210951546814 49.881401358723906 49.552397494879585 48.927914313019855 48.30370040813104 47.69263767064298 47.099881105735406 46.5277495255095 45.97197530044553 45.44704846439546 44.96407775480162 44.528427582483495 44.139228814003026 43.790452760039784 43.483355037180516 43.28030568083861 43.26857467028051 43.54496512711015 43.840707208865254 44.07561790500012 44.199527387622354 44.22021154955627 44.13149020363588 43.95687941224528 43.69605667659984 43.34580173077482 42.9110116415397 42.41096529474861 41.897572781268124 41.41922090807695 41.028207253941225 40.77591907069077 40.70618969213998 40.854424474584775 41.201426895544934 41.701857228826896 42.29457575327277 42.92766040924461
47.51349985084538 47.5667874384966 47.67714967672973 47.850538279587504 48.10241702936828 48.45257475727187 48.89748381558173 49.309200496051226 48.98639076249851 48.35648962225763 47.718177467071456 47.08138424980055 46.45687186618835 45.8588026824048 45.28636405911837 44.75999729514207 44.29639642716198 43.902501922359015 43.575578136873965 43.30669379364095 43.08868513357289 42.98625177084596 43.06370457821015 43.32141139829999 43.62161322393601 43.90497624974848 44.11359974902223 44.23224451641958 44.253513523376235 44.17800690170978 44.03207433485973 43.81555665924156 43.5342882202308 43.20253667078031 42.844141265621346 42.50279762991966 42.22406116797734 42.041715142426824 41.9860832819909 42.08505161576681 42.32669947865871 42.6835486106543 43.117927762806715 43.587511803684706
47.260192359538536 47.20386165448893 47.17693670433775 47.20734126378974 47.32644236695804 47.54993511759385 47.84454781853296 48.036106875664025 47.885898313519654 47.452542579709636 46.89526117207891 46.2767536685442 45.637411539760045 45.01514571713398 44.426397523563416 43.90431233800243 43.475434635359925 43.14833535229059 42.91523354667508 42.759446452592734 42.664767359858374 42.667648708374045 42.81992146120266 43.1017804379338 43.40810381933557 43.710382678286685 44.0008219775917 44.21756799760897 44.34507678192888 44.3708637504723 44.32434664690547 44.219627574758164 44.06281955010633 43.865778434019035 43.646462117747035 43.428182645842014 43.23745382683051 43.10608145697231 43.061944537881004 43.12675667477917 43.292854108236476 43.543001885613826 43.8556026314941 44.20109523739353
46.98534318422105 46.798402161645086 46.61364595718818 46.45796448250288 46.37835713999192 46.43007333141854 46.607921314648934 46.749478403840314 46.68591909781795 46.390910828272766 45.91929754859792 45.32281295460605 44.65964367892035 43.99490186603717 43.37407792234382 42.85376953328387 42.47551636908479 42.24652698265793 42.145462681933736 42.13825574277823 42.19241003609734 42.31541958414501 42.55501495480784 42.87908396463035 43.19164880295063 43.506850586678475 43.86124125304342 44.18438786636016 44.41039537344142 44.53372998475719 44.570075871682825 44.5552831536524 44.49614179669016 44.40233060449559 44.287103542412616 44.16668848939319 44.05863975565932 43.979271292205944 43.95223035731577 43.99500303745223 44.10658713728188 44.27742295518057 44.49671831147264 44.744116931700454
46.69893700213591 46.3861066896618 46.045849012490294 45.681928843726766 45.32913768685148 45.17313717717517 45.35963984357541 45.546385404855634 45.54792485543282 45.326738825047904 44.8954607098744 44.283028953521935 43.552290213709746 42.79582470341653 42.10160797016268 41.56907234383231 41.262444881044736 41.17754726469895 41.26120242535453 41.44765469480618 41.68203582335773 41.95138121018826 42.301717928660395 42.68560141982453 42.99773979609775 43.2986776645208 43.7508783366501 44.15334446555876 44.46387393186573 44.66607280808752 44.772166516466356 44.82630288996477 44.84100336573004 44.82404672752733 44.78504978130511 44.73513765282034 44.685897281089005 44.64852311014692 44.64431240612392 44.68288378899347 44.76270674515355 44.878815996323084 45.02880007341699 45.19941016501379
46.397063559776 45.994980159082566 45.54238266638488 45.025259549718974 44.41592363515578 43.92492504991496 44.33059416372097 44.552729615381146 44.573370881221145 44.36735795357939 43.91615950583229 43.22356790419251 42.348952864690276 41.411816788959506 40.56483592379379 39.992635165509114 39.79745613978948 39.93423216345298 40.27932790705193 40.71646641138818 41.16762247950373 41.61211502553177 42.10123808933257 42.57368565663228 42.952416323590285 43.30629887569061 43.763342864871746 44.174313641610915 44.515684214930566 44.77407803982142 44.9347183104734 45.03876769304477 45.106967117897625 45.145300123105585 45.16056406676356 45.16021368806876 45.15172877590921 45.144768749891234 45.1567606541479 45.192100520233375 45.24958333929235 45.326913494295376 45.42626693156143 45.53871914258759
46.10678223585191 45.66249657492469 45.16545643762823 44.619164388125505 44.06178612517023 43.71629896766841 43.75937081945811 43.84775922065728 43.817033330594334 43.57667290881706 43.04638401034015 42.20541665817287 41.09423749046928 39.84298957111894 38.70175107868795 38.04687781171719 38.05675747212279 38.55205927560071 39.26189003236032 40.00827373492099 40.70451562202796 41.34266450323089 41.984952539302725 42.5592629072669 43.04322712214085 43.47163052456884 43.88670059407212 44.26746204699915 44.59328902825489 44.85936812605104 45.05817418773219 45.1968989013832 45.302444410375884 45.37917771895901 45.431751115204044 45.465001411500104 45.48357999858721 45.49900060450578 45.521719948005924 45.5537241212639 45.59389645261873 45.642352152030405 45.70387453258905 45.772054091059076
45.85488655871862 45.404641221180455 44.91438551420719 44.40769937204657 43.942642685024204 43.61875435994638 43.463255069520315 43.3763258853564 43.25205862309424 42.95231505704534 42.31035863191012 41.29010677328838 39.8791083395218 38.15435584351601 36.45726008008292 35.647808431630295 36.10366369430491 37.175137636830314 38.34671820314984 39.42802331145697 40.365751905021085 41.19082592548157 41.964219374015485 42.62480450688301 43.17956094787357 43.64509324796378 44.050229238081606 44.40506088576109 44.70787146332419 44.956439858826805 45.14799901140231 45.29968998346581 45.431367319147334 45.534328878730534 45.611772837294176 45.66677353487848 45.70381398014799 45.73475942606892 45.7636743525697 45.791577745188135 45.817304232698 45.84371394701407 45.87613206815274 45.90947313664196
45.65362080405514 45.21746823321271 44.75503604772446 44.29338600004665 43.875043240569354 43.541184482853254 43.28587183083453 43.071845239724574 42.8334961579666 42.44010154937595 41.717698482454644 40.5668634229371 38.90700240302196 36.664603833002175 33.968680148388664 32.803440726207576 34.337769411276795 36.15075525603379 37.75489155439625 39.107175806003205 40.22762563166434 41.198815217349996 42.04953844864603 42.76273845050509 43.353690607910266 43.834233353077806 44.23184982279657 44.56605776228883 44.84546299300207 45.07264107352012 45.24605109310491 45.37907755377136 45.50248117210487 45.613186511127886 45.70641716217697 45.775029268173405 45.82648286968479 45.867108657206785 45.8986025938474 45.92128551186312 45.933927824157664 45.94290247581018 45.951570315635074 45.95564958174014
45.5042738313534 45.09102311582412 44.66089717663669 44.23676060853118 43.84646600600911 43.50581780350531 43.19886568713922 42.90492724115425 42.56977371249406 42.087930744124165 41.32690843651961 40.15814515759787 38.47102564333885 36.129827591126094 33.06584016118391 31.68173455544359 33.89429122436827 35.95954482636582 37.70386457951819 39.151101473151826 40.34429926928718 41.373960919448095 42.24499053014858 42.971127720985564 43.56695710429675 44.04282959372667 44.4263789815585 44.73961914322941 44.99538588159566 45.19935129995547 45.35136300992876 45.46455301985372 45.56992871923096 45.66420626069751 45.743701029292055 45.808557134562115 45.862822759776 45.90555084153012 45.93576714537612 45.95249760364173 45.95565011269505 45.95565011269505 45.95565011269505 45.95565011269505
45.40431658989595 45.017696842530746 44.61996499469447 44.229084105955444 43.86385617314874 43.52608063387925 43.19673765419353 42.85880500636608 42.46739519016079 41.94499038896337 41.197944410179176 40.136557894559616 38.68455299102909 36.836626339344235 34.95079254032224 34.2294643696831 35.18466222686777 36.72017448314249 38.23496983400993 39.57389922236365 40.71798731357594 41.70371654006269 42.54224817471191 43.243337063365495 43.816123494176296 44.26960575495771 44.63023775502757 44.91911567009424 45.14981925242567 45.32909405518766 45.45741289214626 45.55048873423581 45.63743343668256 45.714435372966946 45.77958867765169 45.83618645218991 45.88320516491865 45.919424157068384 45.9437200467417 45.954984030384175 45.95565011269505 45.95565011269505 45.95565011269505 45.95565011269505
45.35138794806868 44.993647894135655 44.62862732527228 44.2707450628903 43.933665236984204 43.60802359366993 43.277198510188356 42.926339102767365 42.521502284651305 42.01060358430671 41.33604223662098 40.456498419876716 39.3529206198241 38.097260501979356 37.008307501704614 36.590376353124704 37.03802299249125 38.02333762715164 39.172884734908685 40.28506515606176 41.27272131399548 42.15484832914551 42.91943493180298 43.5651875185826 44.09232282645897 44.50904978560561 44.838472552595995 45.09879461208324 45.302313342861446 45.455306050152494 45.55795101807915 45.6317089980138 45.70038001852302 45.76136311210195 45.816575653089295 45.86454013696831 45.903726899250834 45.93278871652047 45.95047481244529 45.95565011269505 45.95565011269505 45.95565011269505 45.95565011269505 45.95565011269505
45.34445681064492 45.017736922969036 44.686771521118004 44.36386109096613 44.05852059187608 43.75316102409854 43.437034359416444 43.09852405996024 42.71468907365433 42.25448745886313 41.689354803429154 41.00889622181684 40.220099195767936 39.412204886580895 38.77725438825742 38.54402962802532 38.80496894705661 39.448067825718034 40.28110850040728 41.11924356183813 41.92790386881528 42.6789385045173 43.345700032635335 43.9166843521477 44.38260080639769 44.7526658277575 45.0445768641703 45.272666750677615 45.446835389483596 45.57187425722847 45.64761696284507 45.70357253304637 45.7566041563297 45.80699077531612 45.852656658763834 45.89178689248534 45.92279351668572 45.94424298972275 45.954782988867585 45.95565011269505 45.95565011269505 45.95565011269505 45.95565011269505 45.95565011269505
45.383750158580554 45.090340615865394 44.79541976048094 44.5102008054264 44.238315281724454 43.959834765396735 43.67033437144895 43.362164406827844 43.021882081993155 42.63400163011379 42.189265737192066 41.68258230930463 41.13743193371109 40.62473780191953 40.257737835037716 40.1474681747356 40.338676382670144 40.78345009406567 41.35106626063069 41.96655895451758 42.60878860535873 43.22656260150984 43.788157270876575 44.274455570254865 44.67223239349447 44.99040357246813 45.24102027493269 45.43432895500354 45.577341023186236 45.67276893886906 45.72306682080657 45.7660397730651 45.80892666756109 45.84952568163658 45.88585806508703 45.91615361541561 45.938811145046174 45.952345363959566 45.95565011269505 45.95565011269505 45.95565011269505 45.95565011269505 45.95565011269505 45.95565011269505
45.470372504354756 45.21256734460518 44.955792322105495 44.71081737524287 44.47134003307865 44.2242414048515 43.96907530680061 43.70198354533025 43.41673563633883 43.10805445137227 42.770941701163466 42.40323242223574 42.034287664948 41.716084204989215 41.510007811933725 41.47587096977476 41.62407818657684 41.91305741308256 42.292757434365065 42.75724089558434 43.2599629470576 43.75696203588654 44.21747626774587 44.61731418255754 44.94684013205191 45.2119482456094 45.41988620105103 45.57709398248746 45.68785228960535 45.754418833794745 45.788233595031485 45.82207968929639 45.85566805984312 45.88704018594907 45.91436724201641 45.935953342123824 45.95021387408238 45.95563752368755 45.95565011269505 45.95565011269505 45.95565011269505 45.95565011269505 45.95565011269505 45.95565011269505
