_KRIGING/CROSS_VALIDATION_CLASSIC/MHZ/GZ/train_1/MHZ_GZ_1_train_z_0.asc
ncols 100
nrows 90
xllcorner  5.6208707817415728
yllcorner 50.959635321741573
cellsize 0.00013419651685393446
nodata_value 1.7014100000000001E+038
[rows 19 to 37 of 74, columns 43 to 85 of 100]
0.0944813491736559 0.0960456760755374 0.095728003166113 0.0927687421728434 0.0864016872915579 0.0759485881435508 0.0609365476189175 0.0412260166677054 0.0171305190688815 -0.0104955297313499 -0.0402256550990252 -0.0701075708232325 -0.0977979813571119 -0.120782571268359 -0.136660663510545 -0.143457709702001 -0.139917317964394 -0.125721486632654 -0.101595094348745 -0.0692681215342426 -0.0312935694113857 0.00925444227630956 0.0491552870059521 0.0854285184636819 0.115670696543155 0.138291481068728 0.15261872875785 0.158867515264879 0.15799206413944 0.151457552160021 0.140977648893483 0.128262841308616 0.11481572317694 0.101795597524355 0.0899595235244856 0.0796734622635566 0.0709775110812835 0.0636841882719544 0.0574880775501758 0.0520678926756656 0.0471669152280818 0.0426435791010403 0.0384897501594812
0.0990521088151963 0.10066346804318 0.10023003309416 0.0969315706784399 0.0899417312063921 0.0785347161914527 0.0622175292567923 0.040873614235685 0.0148962200380679 -0.0147154379908769 -0.0463252101096598 -0.0777174754266274 -0.106255115648497 -0.129133414823384 -0.143705715752928 -0.147838148147028 -0.140237906076159 -0.120696450012963 -0.0901978940287338 -0.0508632227679295 -0.00572938325579743 0.041607145172897 0.0874268236393863 0.128332919993127 0.161635204639354 0.185613339024073 0.199626213526152 0.204062999955389 0.20015961909996 0.189724928699807 0.17483074371574 0.157518218971544 0.139562183909374 0.122318457735401 0.106661237244084 0.093002000792402 0.0813703814064288 0.0715319999022005 0.0631179019101496 0.0557437824224599 0.0491030787630446 0.0430248404687549 0.0374939351370475
0.102982631735957 0.104717597563293 0.10428060311979 0.100808287600089 0.0934342169327726 0.0814061012783769 0.0642308437142646 0.041831393003439 0.0146911650143195 -0.0160439041130921 -0.0485365768961814 -0.0803281863645623 -0.108519901823887 -0.130059416461598 -0.14210521775618 -0.142420062238602 -0.129731223893453 -0.103992044594275 -0.0664897672718737 -0.0197679664468994 0.0326358796488354 0.0866026644010978 0.137929809602206 0.182834692386019 0.218382359821367 0.242772461416518 0.255448590190342 0.257027084071064 0.249074130017745 0.233783168948652 0.213615219774619 0.190962255966284 0.167880623892245 0.145922078390529 0.126069262012068 0.108764578687318 0.0940090834209141 0.0815021386622829 0.0707926006712391 0.0614166988498478 0.0530047487665181 0.0453467439886694 0.0384144541482584
0.10604161681151 0.107950005732024 0.107607539416997 0.104130601636565 0.0966377543066514 0.0843752607333518 0.0668720688367114 0.0441066270166272 0.0166590726259047 -0.0141837045060984 -0.0464034522501895 -0.0773334691742343 -0.103862113874045 -0.122749433917709 -0.131025559806153 -0.126417229061358 -0.107733774676308 -0.0751410667879398 -0.0302639115074129 0.0239164542320547 0.0833673402612321 0.1434715748711 0.199584281155324 0.247589402336486 0.284366235905422 0.308094652820215 0.318359713290398 0.316054438806935 0.303114951376784 0.282147714323303 0.256019899716799 0.227480428186228 0.19886383697932 0.171906862078971 0.147684077128742 0.126648858384681 0.108752308068217 0.0936065188385184 0.0806589648324004 0.0693500971709112 0.0592343163887057 0.0500535134928023 0.041760920916619
0.107975733694914 0.110076094455326 0.109904811168023 0.106584660005291 0.099247453661505 0.0871650324377785 0.0699106664850209 0.0475319575571675 0.0207070243158729 -0.00915050365136366 -0.0398728151369504 -0.0686337769904934 -0.0921723767245828 -0.107134724415661 -0.110500083578246 -0.100032760833253 -0.0746859694647077 -0.0348812619581708 0.0173993784318626 0.078743056760006 0.144652465788152 0.210063629831922 0.26995516372487 0.319950555540907 0.35681609741495 0.378777901978878 0.385616968782785 0.378543121868402 0.359887371808026 0.332679845552918 0.300192214281038 0.265519036847835 0.231254872097893 0.199299022182688 0.170793581286533 0.146178316888794 0.125331044433572 0.107755559364177 0.0927799811814862 0.0797345330245094 0.0680869777541954 0.057524063443468 0.0479768577062645
0.108529553665958 0.110807498858983 0.110857188855369 0.107836111925349 0.100918406947751 0.0894280643669071 0.073002811845498 0.0517688745896543 0.0264971990000767 -0.00129462698952276 -0.0293309781980451 -0.0546860592276287 -0.0740237191370038 -0.0839586922797013 -0.0815020819333109 -0.064529362748708 -0.0321931143176242 0.014799383591464 0.074108754584122 0.141920680462413 0.21333058532321 0.282905358685639 0.34533595617774 0.396075435281995 0.431858968408117 0.45102534360362 0.453598002348693 0.441128738873546 0.416348638658447 0.382700079994903 0.34383571116051 0.303164795952661 0.26350777793946 0.226892486515685 0.194496862627043 0.166719083962971 0.143339999110062 0.123735864934988 0.107100519276157 0.0926430930983164 0.0797375953860421 0.0680119004275379 0.0573741509407651
0.107471940297699 0.109881582645449 0.110172333120411 0.10756400347128 0.101300383505061 0.0907811981037027 0.0757244054335853 0.0563385607041752 0.0334752549939078 0.00872531219464923 -0.0155778101273496 -0.0364760672033479 -0.0506383293417339 -0.0547334693166418 -0.0458858838397899 -0.0221493645302626 0.0170808267311075 0.0707993821669447 0.136331698820792 0.209517568327168 0.285128350052811 0.357463177282306 0.421033099865622 0.471222671211597 0.504821354005123 0.520341867014205 0.518083484681853 0.499945811826934 0.469042012023254 0.429190869695056 0.384379255385739 0.338280134229226 0.293890059795692 0.253320663687919 0.217748168877113 0.187499422781222 0.162236040011585 0.141191034446651 0.123413723091921 0.107986327442688 0.0941868280516709 0.0815847926397875 0.0700682885156405
0.104625841007124 0.107094328922721 0.107616761746701 0.105499818000182 0.100080060482994 0.0908512501817011 0.0776211546480247 0.0606775606493061 0.0409335514944502 0.0200159277548023 0.000260629307157145 -0.0154128224243733 -0.0237589498312143 -0.0215830379391663 -0.00619663929306241 0.024113245445077 0.0696821334539547 0.129214982967966 0.199747252446113 0.276852209907518 0.355082728705137 0.428590213117267 0.491826434591246 0.540214954968527 0.570682512000445 0.581966777857273 0.5746593274742 0.550991664332048 0.514416771494511 0.469069648584818 0.419202391159465 0.368682198135032 0.3206182763268 0.277152735475554 0.239418683107577 0.207642059608628 0.181346115553436 0.15960994389866 0.141334026587534 0.125473882944535 0.111214751864751 0.0980732310217978 0.0859240124957514
0.0998976550127146 0.102332492198321 0.10305120714639 0.101466775722378 0.0970254460139152 0.0893263125590025 0.078269186141685 0.0642108931626572 0.0481007169126975 0.0315597549719686 0.0168691457531971 0.00684036161953039 0.00455756318516098 0.0130057634003911 0.034625378663859 0.0708579112589021 0.121762554796219 0.185783924983498 0.259734094922871 0.339018907858171 0.418094786182651 0.491097026742879 0.552544260977457 0.598005325537307 0.624619210978453 0.631385497221185 0.619185730656802 0.590545675573602 0.549193246518179 0.499497919238827 0.445889244109208 0.392344403224214 0.342011642937265 0.297004751750879 0.258371088416136 0.226208314485141 0.199886843431703 0.178327258894144 0.160283494157952 0.14459094740325 0.13035103511704 0.117037323568174 0.104521311779575
0.0933020548147365 0.0956005788632587 0.0964605074610942 0.0954139452681768 0.0920262229257962 0.0860051544812445 0.0773372053567253 0.0664315263959853 0.0542437518881203 0.0423458414156996 0.0329085931278355 0.0285716086254473 0.0321918589325512 0.0464849869020822 0.0735992908983337 0.114685409756309 0.169538844013092 0.236392313306538 0.311917923720762 0.391466486568403 0.469528622348955 0.540358354673359 0.59866486685382 0.640260665958177 0.662559383511863 0.664843257206909 0.648263043984756 0.615581995329436 0.570719729050061 0.518182234326749 0.462475654613348 0.407593571457602 0.356644289088506 0.311652883020249 0.273539996122093 0.24225181981373 0.216997294126548 0.196540536120771 0.179497869442415 0.164597208646689 0.150870102119277 0.137760812736947 0.125150334578681
0.0849783592218478 0.0870384899414569 0.0879734484499373 0.0874399257194525 0.0851237585175011 0.0808369742458691 0.0746403316008493 0.0669734657002299 0.0587661577578555 0.0514990036390841 0.0471822320482723 0.0482293198900662 0.0572176975087028 0.0765506519392254 0.108058884492749 0.152601780398127 0.20974142353464 0.277561773521537 0.352688778140711 0.430535811182751 0.505758017345511 0.572857368107835 0.626847126573217 0.663868266477333 0.681655741949272 0.67977875819684 0.659620621059271 0.624111001034453 0.577266100620704 0.52362148172921 0.467653181313853 0.413274875530271 0.36347610448497 0.320135473324237 0.284010518428126 0.254878674505204 0.231785357132506 0.213346894047074 0.198057056512095 0.18455406056255 0.171817409240143 0.159278236150063 0.146840765347488
0.0751953152054794 0.0769265038955148 0.0778689038415218 0.0778018576638407 0.0765255590652703 0.07394476188968 0.0701766645489156 0.0656664805692081 0.0612861591887578 0.0583868758903533 0.0587764732756417 0.0646005317785298 0.0781204263775347 0.101402046406345 0.135951393663685 0.182353110136482 0.239979680977436 0.306838049705668 0.379604473606142 0.453868905531557 0.524572011138919 0.586579022911005 0.635303984444466 0.667283259265956 0.68060268747215 0.675107873176414 0.652366383390185 0.615395353340546 0.568208314211899 0.515262715828973 0.460899863667655 0.408861459490987 0.361945214338498 0.321832214185416 0.28908766918639 0.263310178409733 0.243386441008303 0.227799824370782 0.21494172259608 0.203382252407507 0.192069024847423 0.180437008222557 0.168426724408953
0.0643424173260632 0.0656756599877777 0.0665661516409618 0.0669072382238275 0.0666008976581418 0.0656277773947963 0.0641402557123966 0.0625635980409745 0.0616828177639957 0.0626884192376762 0.0671548024717506 0.0769320987212627 0.0939457324779647 0.119916597947476 0.156035221643157 0.20264115890998 0.258969208596472 0.323022726156877 0.391619438982199 0.460627940427635 0.525378065515058 0.58119286549733 0.623962104869231 0.650664125379572 0.659748388033962 0.651314444321446 0.627059544790456 0.590008503445615 0.544076782807256 0.49354342204501 0.442519989189666 0.394494793455465 0.352011374984699 0.316512383194028 0.2883506265542 0.266943742034964 0.251031176035956 0.238983445712617 0.229113564860191 0.21994742536741 0.210421574121429 0.199990874412791 0.188642867062803
0.0529075824012434 0.0538034151077894 0.0545992342645506 0.055288260696211 0.0558569532918998 0.0563417694750776 0.056907983601827 0.0579372639238522 0.0601038517104928 0.06441516451827 0.0721932527516773 0.0849799429191396 0.104360761545179 0.131719457205983 0.167953227673287 0.213194574827241 0.266594668208573 0.326221592904882 0.38911323539977 0.45149998038331 0.509181011925665 0.558006316050616 0.594391795890023 0.615783493627987 0.620992168367527 0.610340875452821 0.585601279813738 0.549731978861844 0.506466006159843 0.459818057076919 0.413590799549734 0.370953459037041 0.334147511286917 0.304348738579381 0.281687731400653 0.265407090289786 0.254116478224987 0.246097812064658 0.239612129835705 0.233165725858831 0.225704063824602 0.216715603205201 0.206241922638847
0.0414429179997701 0.0418964909958241 0.0425774507586293 0.0435608840082768 0.044897681146716 0.0466590272628895 0.0490021320776183 0.0522455169928589 0.0569359290274972 0.0638853314055246 0.074157009092309 0.0889856068802337 0.10962686201888 0.1371475948183 0.172182573279205 0.214698605730656 0.263813819749789 0.317718457256307 0.373731283229902 0.428503953705301 0.478358105768642 0.519712208521162 0.549533752889179 0.565742613225861 0.567496337996623 0.555307237990015 0.530970531709528 0.497316134514988 0.457826822708604 0.416186395785068 0.375829501478232 0.339559491000282 0.309284406244373 0.285898247340256 0.269309957629133 0.258600510322371 0.252272218913905 0.248545489001038 0.245656813720325 0.24211694211208 0.23689820199154 0.229532990822852 0.220119439246556
0.0305221980342056 0.0305648153836176 0.0311362026666209 0.0323731888133082 0.0343703235379949 0.0372135609082207 0.0410344257613402 0.0460745208952503 0.0527445889460883 0.061659115718234 0.0736280220813563 0.0895921416488976 0.110498817067572 0.137126850084357 0.169883894752546 0.208611093062338 0.25243605700646 0.299713601736903 0.348082837040669 0.394650337743178 0.43628535372052 0.469989283507244 0.493283397175969 0.504550695677075 0.503272331101576 0.490115747404392 0.466857275629975 0.436150891286804 0.401181103023131 0.365256253852989 0.331405727310885 0.302040146542762 0.278719562452934 0.262054439803663 0.25174218047745 0.246721835477966 0.245414411376024 0.246007361479368 0.246739841608336 0.246149504245257 0.243250712485494 0.237626353941165 0.229428991045125
0.0206951485844155 0.0203920401045014 0.020884091829374 0.0223493889223976 0.0249064957461828 0.0286390681550343 0.0336401442898199 0.0400673859552841 0.0481954970385443 0.0584492068975474 0.071400744805288 0.0877202790926434 0.108076176390514 0.132993022646069 0.162687103794534 0.196908823391115 0.234826609292701 0.274985111272856 0.315361089312019 0.353524277175815 0.38689044308915 0.413033993146353 0.43001235180372 0.436647857853684 0.432717076324594 0.419011839145505 0.3972581532704 0.369903788047606 0.339807747091522 0.309880532227376 0.282730423592905 0.260367414439328 0.244004468402399 0.23397834224087 0.229792849102038 0.230269435756382 0.23377587788108 0.238495335713207 0.242695536833953 0.244961174934466 0.244360751183836 0.240530540320831 0.233671312136783
0.0124444220917363 0.0118889485571041 0.0123530343023592 0.0140367702660022 0.0170657471958013 0.0215084246583377 0.0274122087604495 0.0348507702645359 0.0439706841466059 0.0550230245811893 0.0683660860488559 0.0844293979510514 0.103636418532359 0.126292689781345 0.152456035123352 0.181813356484067 0.213592503796546 0.246535874514607 0.278954280026151 0.308866072587772 0.334209915682622 0.353103332656583 0.364107023717293 0.366450001584029 0.360174461683652 0.346171571907301 0.326097670825754 0.30218094398326 0.276947304982395 0.252907323319221 0.232251378906631 0.216597301131526 0.206824729792599 0.203015645454118 0.204503809933617 0.210020003718996 0.217907201851825 0.226371712858245 0.233733544158387 0.238641824271291 0.24022830046851 0.238182460757103 0.232744006033928
0.00615096599633019 0.00545589717615153 0.00595795957113507 0.00786258172172305 0.0112891785594859 0.0162830291500877 0.0228446254386737 0.0309701173675271 0.0406926247914513 0.0521121413140504 0.0654023235929385 0.0807859755246532 0.0984772060130714 0.118596096118536 0.141069719809308 0.165539669543658 0.191299059420254 0.217280050041786 0.242105927536966 0.264210520808545 0.282014255261046 0.294133220515009 0.299588254929939 0.297977629657398 0.289580622027187 0.275369672559595 0.256923947794541 0.236253940830045 0.215561875707411 0.1969732659137 0.182279232629543 0.172726709310805 0.168885326948014 0.170607397576523 0.177083250132361 0.186980481425972 0.198644398498377 0.21032946321479 0.220428716203591 0.227670124673243 0.231255092985368 0.230923922930915 0.22694426637888
