_RESULTS/CROSS_VALIDATION_POSTPROCESSED/Berg/GZ/8comp/2/Berg_GZ_z_250_kriged_reverse_8comp_spherical_2.asc
ncols 100
nrows 90
xllcorner  5.6208707817415728
yllcorner 50.959635321741573
cellsize 0.00013419651685393446
nodata_value 1.7014100000000001E+038
[rows 57 to 75 of 90, columns 44 to 87 of 100]
30.122374557488733 30.121813561132793 30.05374029537815 29.93846268600378 29.81652175451888 29.686192397325367 29.54382998367549 29.395125273073212 29.263927789953925 29.14700961325856 29.038554273564625 28.934861910552108 28.831039103938167 28.72648680132327 28.64021752000399 28.607666938988036 28.667393244751842 28.82511507019722 29.070240627924775 29.402589821985476 29.776457154338694 30.160477363122283 30.536548010105196 30.89183604325545 31.21641950336544 31.50225759625088 31.74287145362986 31.933414948068783 32.07094921784397 32.15478869283651 32.18681312960571 32.1716635896407 32.11676901899902 32.02609294949008 31.86419439931973 31.647661224755552 31.415227272558067 31.180471664999608 30.957436398533765 30.760612373390245 30.604673652774082 30.504283894597496 30.47342630030725 30.47342630030725
30.096528156808063 30.10210414041573 30.043602581949198 29.922080498194198 29.768090066320994 29.606605941684244 29.434459463383128 29.26342009532417 29.108031493796133 28.96669904551831 28.83871402019565 28.72148454474244 28.611755810422824 28.518173698103965 28.456799267846122 28.449329049955402 28.513044706054952 28.647006170595578 28.829810227351587 29.043939265841008 29.308293938312886 29.600632392815697 29.900928963709596 30.194688246560148 30.470999815943838 30.721455013025047 30.93966358145036 31.121136816909516 31.26337280371786 31.36602544941066 31.43106778399026 31.462882995393887 31.46704903459085 31.414462103268704 31.29336029383468 31.135667640697847 30.97077747368881 30.810528059132146 30.66762827095431 30.555365798029122 30.487367124142246 30.47342630030725 30.47342630030725 30.47342630030725
30.097319116765558 30.109044188067237 30.060263963871442 29.95205731685124 29.7862977719354 29.595362424549187 29.39637621379645 29.20812307884622 29.038458823137482 28.88699542782621 28.750614802584906 28.62555410730498 28.515935770699873 28.429827063398843 28.379095890534305 28.376760240388354 28.431161339349625 28.540050696733065 28.690152739894152 28.86299378366176 29.041857038931234 29.24180741575253 29.464872313784063 29.695734873578 29.922803273790787 30.137313342630733 30.332812717039996 30.50493358624598 30.65134480516819 30.77179035419012 30.868141079454688 30.944228563412125 30.97675360113129 30.94806326900212 30.864015921229182 30.761706751949035 30.660491458848927 30.571019545893197 30.50484911259999 30.474199052994933 30.47342630030725 30.47342630030725 30.47342630030725 30.47342630030725
30.12113256092423 30.139176474646888 30.10025829158392 30.005524921150574 29.85648037351023 29.655279834590875 29.434829020285463 29.233205004693865 29.05288541040471 28.889387855443303 28.740650590404293 28.60864190679578 28.49755347585917 28.41398663939855 28.36623174825342 28.362105419576718 28.40563311956736 28.494331265506638 28.619225037005297 28.767752753836934 28.927449607580357 29.088398581171 29.244787970907183 29.411944783236994 29.58903608141127 29.76702036926117 29.93929894050822 30.101454649865 30.251124221248617 30.387946855903692 30.513312999836167 30.60457919576583 30.64497851947654 30.635674464955592 30.587696152771738 30.53757397799232 30.496716163073888 30.474766473120933 30.47342630030725 30.47342630030725 30.47342630030725 30.47342630030725 30.47342630030725 30.47342630030725
30.163802509324956 30.188454779470913 30.159518848192086 30.07821686024798 29.946199965083416 29.765509102871757 29.552099165271954 29.339290723660977 29.1443096957126 28.9668348513812 28.80772450519034 28.669191500633694 28.554983839410276 28.470216694363 28.42057808206469 28.41079485274977 28.442733894476962 28.51406732487536 28.618392056972226 28.7468136848766 28.89007786282193 29.040249688877452 29.19153817006893 29.340411188154448 29.48532232387131 29.627860568612096 29.77595312659448 29.926962911500944 30.07835519939283 30.227952551768222 30.350356759333145 30.434569201540928 30.479497080297236 30.48568878862088 30.475437950885254 30.47342630030725 30.47342630030725 30.47342630030725 30.47342630030725 30.47342630030725 30.47342630030725 30.47342630030725 30.47342630030725 30.47342630030725
30.22078927114794 30.252422770367065 30.233565093475946 30.16550824084494 30.050000026141305 29.890794804117522 29.708423418395324 29.510877174216528 29.305792471815746 29.116980195249738 28.94920611787492 28.80457243410561 28.68620251926044 28.59794470380387 28.54368873638605 28.526325395134666 28.546634339232448 28.602589208323646 28.689478431519394 28.800825943317875 28.92967870944398 29.069743325897047 29.216083201334524 29.36536700090242 29.51580640532439 29.666935557735503 29.81933963704813 29.97439121496674 30.126387656558563 30.255332715425613 30.35718019621764 30.42888284281312 30.467436333255105 30.47342630030725 30.47342630030725 30.47342630030725 30.47342630030725 30.47342630030725 30.47342630030725 30.47342630030725 30.47342630030725 30.47342630030725 30.47342630030725 30.47342630030725
30.287320306926937 30.32635986298769 30.31725453177878 30.259984768591558 30.15537464733545 30.0168841017951 29.861338164947675 29.692765558916683 29.515631087205847 29.334999993704347 29.160941940345197 29.010732098423 28.887800566633302 28.794968938659583 28.73488869009088 28.709341135827753 28.718564369813155 28.760869098482633 28.83273328099316 28.929360137606096 29.04548190363136 29.176130504360515 29.317184840844384 29.46564399412924 29.6196747203388 29.77851572814644 29.939464908318076 30.087136585432688 30.215923415896643 30.322259152339065 30.402769035190598 30.454202024220027 30.473371138816745 30.47342630030725 30.47342630030725 30.47342630030725 30.47342630030725 30.47342630030725 30.47342630030725 30.47342630030725 30.47342630030725 30.47342630030725 30.47342630030725 30.47342630030725
30.352373191762037 30.395843176107366 30.39194274454357 30.341302102829587 30.24906537258466 30.135325211052034 30.005844122731162 29.864704002086384 29.716341810726828 29.565623562786207 29.417897885724763 29.278991826521473 29.15519372243859 29.057455842863707 28.99129206683535 28.95778201488249 28.95689019495703 28.987238651177265 29.046171289429502 29.13009954187743 29.235015054644403 29.35701432352963 29.49271317111363 29.639467843860977 29.789668828272198 29.93507087947322 30.07102688760785 30.19328351212957 30.297905222821726 30.38120220362227 30.43966547079543 30.46990748180728 30.47342630030725 30.47342630030725 30.47342630030725 30.47342630030725 30.47342630030725 30.47342630030725 30.47342630030725 30.47342630030725 30.47342630030725 30.47342630030725 30.47342630030725 30.47342630030725
30.403583814709283 30.443409278701804 30.444943407344116 30.401806089450407 30.331219371369233 30.241877803669624 30.137589262380637 30.02237759905253 29.90052065859055 29.776573808055236 29.655363432801916 29.5419268533886 29.441370142070106 29.358620247119195 29.29807009785811 29.263156099201392 29.255953492107057 29.276899388970197 29.324731256184535 29.396661571790066 29.48873094999395 29.596234620520928 29.71411976351956 29.83728998261449 29.960799355518187 30.079950793311035 30.190326468128585 30.287777140238113 30.36839007549902 30.428447335519355 30.46437987851649 30.47342630030725 30.47342630030725 30.47342630030725 30.47342630030725 30.47342630030725 30.47342630030725 30.47342630030725 30.47342630030725 30.47342630030725 30.47342630030725 30.47342630030725 30.47342630030725 30.47342630030725
30.44262447675608 30.466416878725166 30.470196076918143 30.445060377845767 30.397975921898418 30.33256640049674 30.252577595956737 30.161903284529096 30.06459840340156 29.96487286138036 29.86705556657072 29.77551540211052 29.694526244380576 29.628069702225396 29.579584140471454 29.55168999980214 29.545941746146102 29.562664192459287 29.600916707173656 29.65859534792906 29.73264476227644 29.81932648893392 29.914487205146152 30.013785699380513 30.112859551860556 30.207431309182496 30.29336466220918 30.36668429560753 30.423571518310823 30.460344264517307 30.473426227011842 30.47342630030725 30.47342630030725 30.47342630030725 30.47342630030725 30.47342630030725 30.47342630030725 30.47342630030725 30.47342630030725 30.47342630030725 30.47342630030725 30.47342630030725 30.47342630030725 30.47342630030725
30.466713309246078 30.47342630030725 30.47342630030725 30.46939070021341 30.44561714596698 30.40363450953626 30.34708729508275 30.27970354327899 30.205293162967944 30.12772638923893 30.050886314793203 29.978588928091128 29.91446602566444 29.861811852923548 29.823403565611383 29.80131678968312 29.796766515080815 29.810005113148012 29.84030031280135 29.885998302374617 29.944657373524585 30.013223549380914 30.08821595862368 30.16589549964907 30.24240103020692 30.31384793122817 30.376391371187673 30.426260235208634 30.459768263861864 30.473307656651222 30.47342630030725 30.47342630030725 30.47342630030725 30.47342630030725 30.47342630030725 30.47342630030725 30.47342630030725 30.47342630030725 30.47342630030725 30.47342630030725 30.47342630030725 30.47342630030725 30.47342630030725 30.47342630030725
30.47342630030725 30.47342630030725 30.47342630030725 30.47342630030725 30.470550212189874 30.451495656207317 30.417599181144556 30.37241169488191 30.319500419158274 30.26242134211694 30.2046702098021 30.149609579059998 30.100371438243485 30.059738828712135 30.030015426206646 30.012897853737257 30.00936938556047 30.01963335577653 30.043098919155813 30.07842198020032 30.123593300918227 30.17605771279811 30.232845307769885 30.290697456371657 30.34617564267136 30.39574700781567 30.435845334510148 30.462909173879595 30.473399921620658 30.47342630030725 30.47342630030725 30.47342630030725 30.47342630030725 30.47342630030725 30.47342630030725 30.47342630030725 30.47342630030725 30.47342630030725 30.47342630030725 30.47342630030725 30.47342630030725 30.47342630030725 30.47342630030725 30.47342630030725
30.47342630030725 30.47342630030725 30.47342630030725 30.47342630030725 30.47342630030725 30.472682996972427 30.460733928653315 30.436799130811043 30.404219368633445 30.366270124899962 30.326116327999575 30.286749383414634 30.250907988875593 30.220986792539538 30.19894017287898 30.186191414154596 30.183559150202814 30.19121209984735 30.20865946296047 30.234778595917817 30.267875353764733 30.305767606884714 30.345880141531804 30.38533960496644 30.421060591227988 30.44981720266391 30.46829740830319 30.47342630030725 30.47342630030725 30.47342630030725 30.47342630030725 30.47342630030725 30.47342630030725 30.47342630030725 30.47342630030725 30.47342630030725 30.47342630030725 30.47342630030725 30.47342630030725 30.47342630030725 30.47342630030725 30.47342630030725 30.47342630030725 30.47342630030725
30.47342630030725 30.47342630030725 30.47342630030725 30.47342630030725 30.47342630030725 30.47342630030725 30.47342630030725 30.46971467922468 30.45649796468972 30.436574729756 30.412830658223143 30.387953344409524 30.364368899386108 30.34417140600342 30.329050983159462 30.320227714770496 30.31839925074349 30.32370900239038 30.335739434789826 30.35353143392157 30.375626951925994 30.40012906463851 30.424771887741198 30.446992659336242 30.463999387591993 30.472829186214394 30.47342630030725 30.47342630030725 30.47342630030725 30.47342630030725 30.47342630030725 30.47342630030725 30.47342630030725 30.47342630030725 30.47342630030725 30.47342630030725 30.47342630030725 30.47342630030725 30.47342630030725 30.47342630030725 30.47342630030725 30.47342630030725 30.47342630030725 30.47342630030725
30.47342630030725 30.47342630030725 30.47342630030725 30.47342630030725 30.47342630030725 30.47342630030725 30.47342630030725 30.47342630030725 30.47342630030725 30.470595111534323 30.462313569689435 30.450978523753 30.438765924338828 30.427533974142907 30.418768885548648 30.413536014721053 30.41244169647957 30.415610314799817 30.42267948867714 30.432813992540968 30.444736634582743 30.456772303950952 30.466900151373977 30.472808513657228 30.47342630030725 30.47342630030725 30.47342630030725 30.47342630030725 30.47342630030725 30.47342630030725 30.47342630030725 30.47342630030725 30.47342630030725 30.47342630030725 30.47342630030725 30.47342630030725 30.47342630030725 30.47342630030725 30.47342630030725 30.47342630030725 30.47342630030725 30.47342630030725 30.47342630030725 30.47342630030725
30.47342630030725 30.47342630030725 30.47342630030725 30.47342630030725 30.47342630030725 30.47342630030725 30.47342630030725 30.47342630030725 30.47342630030725 30.47342630030725 30.47342630030725 30.473407363575 30.471876447074553 30.469022987215865 30.466173805534186 30.464274442192718 30.463860969054046 30.465043170673837 30.467501023959144 30.47049488776966 30.472888218823435 30.47342630030725 30.47342630030725 30.47342630030725 30.47342630030725 30.47342630030725 30.47342630030725 30.47342630030725 30.47342630030725 30.47342630030725 30.47342630030725 30.47342630030725 30.47342630030725 30.47342630030725 30.47342630030725 30.47342630030725 30.47342630030725 30.47342630030725 30.47342630030725 30.47342630030725 30.47342630030725 30.47342630030725 30.47342630030725 30.47342630030725
30.47342630030725 30.47342630030725 30.47342630030725 30.47342630030725 30.47342630030725 30.47342630030725 30.47342630030725 30.47342630030725 30.47342630030725 30.47342630030725 30.47342630030725 30.47342630030725 30.47342630030725 30.47342630030725 30.47342630030725 30.47342630030725 30.47342630030725 30.47342630030725 30.47342630030725 30.47342630030725 30.47342630030725 30.47342630030725 30.47342630030725 30.47342630030725 30.47342630030725 30.47342630030725 30.47342630030725 30.47342630030725 30.47342630030725 30.47342630030725 30.47342630030725 30.47342630030725 30.47342630030725 30.47342630030725 30.47342630030725 30.47342630030725 30.47342630030725 30.47342630030725 30.47342630030725 30.47342630030725 30.47342630030725 30.47342630030725 30.47342630030725 30.47342630030725
30.47342630030725 30.47342630030725 30.47342630030725 30.47342630030725 30.47342630030725 30.47342630030725 30.47342630030725 30.47342630030725 30.47342630030725 30.47342630030725 30.47342630030725 30.47342630030725 30.47342630030725 30.47342630030725 30.47342630030725 30.47342630030725 30.47342630030725 30.47342630030725 30.47342630030725 30.47342630030725 30.47342630030725 30.47342630030725 30.47342630030725 30.47342630030725 30.47342630030725 30.47342630030725 30.47342630030725 30.47342630030725 30.47342630030725 30.47342630030725 30.47342630030725 30.47342630030725 30.47342630030725 30.47342630030725 30.47342630030725 30.47342630030725 30.47342630030725 30.47342630030725 30.47342630030725 30.47342630030725 30.47342630030725 30.47342630030725 30.47342630030725 30.47342630030725
30.47342630030725 30.47342630030725 30.47342630030725 30.47342630030725 30.47342630030725 30.47342630030725 30.47342630030725 30.47342630030725 30.47342630030725 30.47342630030725 30.47342630030725 30.47342630030725 30.47342630030725 30.47342630030725 30.47342630030725 30.47342630030725 30.47342630030725 30.47342630030725 30.47342630030725 30.47342630030725 30.47342630030725 30.47342630030725 30.47342630030725 30.47342630030725 30.47342630030725 30.47342630030725 30.47342630030725 30.47342630030725 30.47342630030725 30.47342630030725 30.47342630030725 30.47342630030725 30.47342630030725 30.47342630030725 30.47342630030725 30.47342630030725 30.47342630030725 30.47342630030725 30.47342630030725 30.47342630030725 30.47342630030725 30.47342630030725 30.47342630030725 30.47342630030725
