_RESULTS/CROSS_VALIDATION_POSTPROCESSED_80-20/MHZ/IZ/8comp/2/MHZ_IZ_z_0_kriged_reverse_8comp_spherical_2.asc
ncols 100
nrows 81
xllcorner 5.5967107548124995
yllcorner 50.982328804812504
cellsize 0.00017565037499993607
nodata_value 1.7014100000000001E+038
[rows 54 to 71 of 81, columns 0 to 39 of 100]
0.03344871209582669 0.07118223155059708 0.16268369910021035 0.3775455558556939 0.8541702877791802 1.4503930673715588 0.7256639693047707 0.33806290114453197 0.15366110879493863 0.07041315644456053 0.032605267919888624 0.01531595235694959 0.00734393181674257 0.003629009845877385 0.0018740930887486025 0.0010313012664516152 0.0006081551965034395 0.0003784204072686821 0.0002574427577418237 0.0001988806191705717 0.00018487687301255677 0.00021157949741087246 0.0002896585539022868 0.0004317079791861524 0.0006274942915497954 0.0008507332108378453 0.0010904477179879241 0.0013907042634041984 0.0018476222430819358 0.0025694160742078635 0.0035763123050515525 0.004991918869347441 0.007039996152349947 0.010063253670189677 0.0145490648177264 0.020280960260860827 0.022640001533871273 0.012720032868648073 0.0059283251739723555 0.00305561156509114
0.03301120831969832 0.06896787968775485 0.15189023693625334 0.333833898576835 0.6463401046588162 0.8537198152409844 0.6322748260948678 0.350331709380048 0.17683209336514658 0.08803327200174382 0.04398132941592736 0.02225254912833051 0.011493628001352958 0.0061189658144683735 0.0034012750106682766 0.002008148765016219 0.0012818003501938434 0.0008647473575919266 0.0006297628057808097 0.0005112611138005204 0.000492806724230875 0.0005830671716331951 0.0008306770840956096 0.0012993616112710097 0.001961521208545377 0.0025561687791940207 0.0030160094776913145 0.0035906883911800583 0.004542433600761791 0.006210559090035205 0.008735887170688449 0.012333615620054614 0.01753355385820009 0.025547116858201938 0.037882129167255786 0.05675189736255531 0.07904052353070622 0.03717146092989459 0.016155568689304435 0.0081650714645023
0.02996689655208201 0.05950831736449561 0.12116735445600728 0.23962728577843082 0.4028674020487423 0.5031514182449589 0.44101889829766217 0.2963886427645634 0.1740221723957907 0.09776949109941363 0.05420639276794248 0.030151344193956153 0.017012814127652817 0.009835896481671203 0.005895114391245646 0.003718018773144269 0.002513702051681309 0.0018231781986604541 0.001413962604984494 0.0012029994946984974 0.0011967624032492071 0.0014504850739767011 0.0021244909095233843 0.003520840092144496 0.005970132024845389 0.007024558438602097 0.00724729538375854 0.007981586865812438 0.009560154854604286 0.012526245918152039 0.017448275800984903 0.024432162570366914 0.0343816120627421 0.048635686232751676 0.06728399971770345 0.087556575690066 0.09060592722108607 0.059362089017214174 0.03106406580943791 0.01712076361980418
0.0250742791905608 0.04657682166187846 0.08681449363881345 0.15491412462588386 0.241864249272746 0.3005138470007715 0.2903913244124646 0.22608403970079954 0.1536126785569779 0.0984099523752115 0.06137988702965601 0.03800649229949354 0.02365403472581392 0.014934323668429434 0.009656733134095994 0.006475832750565699 0.004580177795595182 0.0034981357785527677 0.0028666449492833032 0.0025378472644986103 0.002555525145387088 0.0030865807043555433 0.004459213839179954 0.0071844300174515536 0.011809606391594157 0.013512297256792946 0.013538034833478948 0.014431006498141852 0.016640770319415254 0.020809389887160874 0.028063510906247244 0.038643032507457514 0.05301455438807322 0.07092180281464117 0.08951967683935777 0.10370827789214224 0.09985766165719297 0.0745995600353339 0.04648112042323016 0.028879015477666543
0.01961470370838716 0.03405310028413469 0.05858498465784118 0.09623433391771219 0.14380707457458147 0.18112655895370233 0.18816428750284123 0.16406204398829047 0.12641018360642353 0.09177399154846962 0.06450181505492203 0.0446858994888983 0.030849153483778927 0.02135284085070526 0.014894896037458447 0.010565690234530984 0.007751601208032669 0.006078256730172042 0.00517815716527862 0.004691726345930709 0.004693969642129905 0.005522854436351808 0.007525204915095968 0.010823639455450326 0.014977219075150013 0.017899038764100803 0.019336988294820244 0.02092891728418166 0.023718199247255677 0.028510718999471114 0.03637447702253631 0.04910987026013107 0.06537034348037997 0.08273705814098536 0.09875968193619038 0.10850452344110362 0.10389476267264218 0.08443674510645838 0.05983657205803689 0.041187914826161603
0.014532771190839603 0.02384672433543971 0.038510646914400766 0.05945475188496215 0.08527852175548001 0.10958665483572363 0.12095855710117413 0.1156510230817148 0.09910368568202833 0.08052699875703288 0.0634315069443412 0.04915577976722528 0.037761118979678876 0.02876565603512766 0.021657497253066038 0.01615288646361926 0.012194844468052647 0.009633520345513197 0.008177905628625078 0.007507630474911422 0.007416698622309575 0.008408430466428253 0.010629279931341374 0.013771939811965967 0.017365340823771395 0.020461559784802092 0.02278056271084211 0.02502141925771316 0.02803448330281311 0.032538025877433284 0.03938598609906443 0.05067252508049419 0.06573668145741302 0.08068478594194102 0.09448450524861807 0.10257901448440636 0.10033841628230751 0.08743956181733115 0.06888093693610044 0.051536502263202215
0.010374449952496492 0.016172531795030698 0.024831366462230938 0.036714188724121403 0.05116501681436133 0.06611217262367437 0.07705212343564931 0.07966264836981474 0.07472541795810386 0.06698561064665155 0.05857341204901429 0.05056520433906075 0.04328903311380161 0.0364825853364213 0.029671630672179004 0.023035542242385083 0.01757887094403151 0.013770242069819909 0.011470610257757499 0.010369433438449862 0.01015506164477402 0.011100262046984232 0.013019868475386075 0.01555203226997499 0.018363223212147298 0.020998927775702426 0.02328836193904549 0.025499551966098828 0.028090354190995325 0.03148037371883817 0.03639407866604545 0.04414240387892183 0.054942653666351926 0.06775826587204628 0.07963623673912641 0.08754120539857417 0.08866033889074126 0.0823694867172109 0.07088213332498573 0.05769935533692414
0.007246327607663228 0.010781733544477392 0.015849112433697025 0.022612601582678263 0.030814445102498034 0.03962665267522758 0.04779039392077646 0.05296921595516263 0.05379258831759012 0.05240577220880892 0.0501651578931737 0.04771439746124401 0.04533790468620352 0.04262836414254335 0.037995658905625354 0.030487989113931774 0.022945050692867248 0.01759723207167206 0.014354943191046443 0.012668681504602111 0.012155804957664303 0.01277432493008984 0.014041187799081527 0.015722102922400637 0.017591159374871025 0.019412134125697953 0.02107824259507888 0.02266686873841429 0.024355409478107742 0.026302605100220217 0.029156495887732146 0.033572205742402335 0.04047685529327449 0.04956088580712053 0.05937439478413977 0.06703876094020084 0.0707984159944655 0.06988693898412378 0.06497606524086812 0.057721709748799435
0.005013161762705023 0.007145436917368063 0.010103135915905384 0.013969403173773315 0.01865318518812452 0.02383041709206026 0.028982326904252263 0.033542783767852066 0.03649921689246877 0.03799945037146096 0.039124463396098444 0.040288345191158564 0.041894399563588196 0.04421072746849353 0.045762274281676216 0.036663750038258454 0.026275161431012804 0.019748801114066322 0.015938175262825063 0.013903569463016976 0.013120700888055769 0.012920942561956328 0.013392722352520859 0.014224556196860335 0.015190417481796665 0.01615093872580768 0.017028488030280106 0.017819814374893408 0.01856217779301829 0.01930039296926723 0.020581789998582366 0.023194549504999638 0.02743772968432884 0.03286545505607493 0.03923622323562106 0.04576592796034988 0.05056046108764813 0.05286357871520645 0.052662767625230034 0.0505453101144612
0.003469974918258149 0.004750200376417966 0.0064787315928291666 0.008699931178285962 0.011385821133250224 0.014411934249299874 0.01756624192527013 0.02059810510910525 0.02329043098451039 0.025520178538320774 0.027673357051115333 0.03004467724749552 0.03300720396225064 0.03711866168049334 0.041712687635085066 0.0341543051103443 0.02490768416861912 0.01911338674403531 0.015661524120900747 0.013770837589423835 0.012820927431482675 0.012007108955549869 0.01150496245889348 0.011511884678686616 0.011790281070469515 0.012085884187837294 0.012330783029266533 0.01249794203993571 0.012577180663768766 0.012654755701072438 0.013351270828153438 0.014889460898729777 0.017357859384259267 0.020457156602896317 0.024073677990374107 0.028020662897455712 0.032013464573904714 0.035320383647414064 0.03741984368076338 0.03842535495664889
0.0024242073767398943 0.003192645833320831 0.004206935671648875 0.005494911123809535 0.007073747264180862 0.008901345159281517 0.01088290579377022 0.012887734019783418 0.014778163852286858 0.016449679938896043 0.018251461619359664 0.020316924557807276 0.022656521497179723 0.025057211106300274 0.026137969548218693 0.023708119993427014 0.019533922916012185 0.016067875177897758 0.01375125656233026 0.012390170837605062 0.011310926760292295 0.010293553939590574 0.009314416043044003 0.00868453875880461 0.008339968631224005 0.008152083691463375 0.008028000399852166 0.007869847428944737 0.007749469782683196 0.007757059918375709 0.008141221619407935 0.009001861493427786 0.010368765741538236 0.012061185763987396 0.014036973055847547 0.016231969467677035 0.01854830148607491 0.02087898144340486 0.02328958989316989 0.025859316122198876
0.0017231430337879296 0.0021912383996145583 0.0028211045542283256 0.003634846020010929 0.004638178460489844 0.00581160018526492 0.0071054545337414345 0.008443097955205196 0.009732288071638336 0.01090406859451486 0.011992142950424858 0.013263061005530267 0.014668583533714554 0.015844162980475772 0.016191824059881066 0.015321474944718886 0.01371263039443212 0.01217140021805095 0.01103024760253405 0.010044859098708248 0.009069191424096701 0.00811006211017406 0.007158540109057971 0.006285146996742427 0.005669052844255551 0.0052178476003143385 0.004898425473356767 0.004687938920686342 0.004565182855389668 0.004535084806694167 0.0047271267155814135 0.005186930927007642 0.005908675753816526 0.006796436881673954 0.007849584953169737 0.009071409387196428 0.010472813520849628 0.012086880494278418 0.013989839976134429 0.016329478861955554
0.0012715482873232112 0.0015881072286278006 0.002013349438751827 0.002561648879239355 0.0032381390612845748 0.004032243685676999 0.004916376832323912 0.005848825253820753 0.006773851057902708 0.007629494899948429 0.008350904616143464 0.009010124038012495 0.009657144309988212 0.01014503822658245 0.01028322546897954 0.00998129149451683 0.009378172856086645 0.008745176096766992 0.008101413414393894 0.007410319904199658 0.006667013369590203 0.00590521288482373 0.005148234223986131 0.004422664779012046 0.0038114529330344963 0.003387427853413758 0.003092919499043431 0.002891933770949797 0.0027629054000072864 0.0027006556323273924 0.002776156015819403 0.0030153721443066245 0.003398149181338533 0.003884615408298638 0.004487149943288261 0.005223464637886782 0.006121208510873122 0.007226396699697163 0.008616949110754767 0.010374562481528028
0.0010028812822679438 0.0012317385939936152 0.001539645302352151 0.0019373528236430442 0.0024303767736022362 0.0030147301335090213 0.0036734509709005904 0.0043752832136685176 0.005076209540103258 0.005723185016645936 0.006258249910199776 0.006629516313474585 0.006912146109430212 0.007088003324061415 0.007097916243589873 0.006934534231390651 0.006663485875504903 0.00624199823389127 0.005711327685519444 0.005165235329384771 0.004652332412579806 0.004135682857088663 0.0036246354625021518 0.00313686503069488 0.0026853560404488074 0.0023166814482296683 0.0020611783266557965 0.0018859310294594483 0.0017706003408930198 0.0017053429745161274 0.0017288948033698875 0.0018586623651229025 0.0020681924316736998 0.002347011239743093 0.002707295322459374 0.003167270258009935 0.0037545679586239084 0.004512066567454755 0.0055020618078994435 0.0066824263534183475
0.0008621150436231774 0.0010420899744736061 0.0012859430305951884 0.001602501186162406 0.001996946102536708 0.002467143864655531 0.0030002349573773255 0.003570685555490787 0.004140841021559628 0.0046642356582954495 0.005090968820111051 0.005374241342560298 0.005491598178557727 0.005523314103832804 0.00547754518483236 0.005345078954800235 0.005048304761608767 0.004630464211767171 0.00416209432261537 0.003701059616490766 0.003284097349399824 0.0029254905536689442 0.002584971193927403 0.0022599433518075726 0.0019596596034332 0.0016902964444984237 0.0014696032902938021 0.0013181233154986875 0.0012182741538808574 0.0011587789421707295 0.0011585846779223663 0.0012298000257581763 0.001349176816107382 0.0015175891535170183 0.0017449024061627137 0.002046549391792682 0.0024461227944027678 0.002979404090578046 0.003642544606992633 0.004417128491833117
0.0008134979665641221 0.0009687243212290914 0.0011812975406087654 0.0014590955550157691 0.0018071107865904865 0.002223937438378577 0.0026982805718290897 0.0032067228816438824 0.0037141007924064557 0.004177232020925139 0.004551592896573752 0.00479957238911741 0.004898716702421391 0.00485670235930623 0.004697918619783262 0.004414892734423388 0.004036189747926974 0.0036067490166104637 0.003172260374320152 0.0027677700342136568 0.0024142091883882547 0.0021206732712214242 0.0018839152074569328 0.0016666342650249921 0.001466142986184996 0.0012865982770532626 0.0011304171351892412 0.0010006774686568967 0.0009120920473654336 0.0008592942837715519 0.0008475718368675866 0.0008845223454238057 0.0009552664574503487 0.0010633214823817453 0.0012163496561238833 0.0014269578774772013 0.0017146379146184916 0.0020807888791038454 0.00252009838152351 0.0030374011629507786
0.0008461368797723626 0.0009936578401068933 0.0011987895858964204 0.0014693632011108276 0.00181066345801897 0.002221645012990986 0.002691011877734085 0.0031946180352660273 0.0036959879612484463 0.0041510849381271074 0.004516766411699403 0.0047533370224967925 0.004799882397620962 0.004640274740231943 0.004300360745476435 0.0038751239035750614 0.0034189937984394543 0.0029660121777897053 0.0025448479074288263 0.002174234710795352 0.0018628027109856985 0.001611637666248558 0.0014175864207834356 0.0012677659527592445 0.001132459261080056 0.001011851623989645 0.0009076704313445071 0.0008208639942526464 0.0007519169647789567 0.0007037204721176243 0.0006857887836637776 0.0007001700126640259 0.0007432931357059091 0.0008174755815568143 0.0009287251586039839 0.0010868384546785016 0.0012905035463320596 0.0015411460989850632 0.001843982774661651 0.002203025705299263
0.000950833702267427 0.0011171852538731817 0.0013441344409064549 0.00164187356189479 0.0020180410051151066 0.002473016440734476 0.0029940829256629737 0.003550298335865651 0.004091194225264531 0.004552313955387808 0.004868113207837347 0.00498872149320508 0.004894201537531189 0.004600437215095256 0.004154303678635372 0.003620236023695261 0.0030763063200646697 0.002584212104801629 0.0021580589566320045 0.0018025811588185442 0.0015157834186731631 0.001291664649653617 0.0011227667217074443 0.0010020990770340204 0.0009093353295501228 0.0008276117876422265 0.0007582274054957202 0.0007021115823914845 0.0006600683448892639 0.0006330759254657167 0.0006174134923683095 0.0006174895727901139 0.0006434965014685971 0.000698275084191091 0.0007838103800908183 0.0008976387292340595 0.0010429042685751427 0.0012236624618094788 0.0014441063260766808 0.0017078941544980812
