_RESULTS/CROSS_VALIDATION_POSTPROCESSED_80-20/MHZ/IZ/8comp/2/MHZ_IZ_z_710_kriged_reverse_8comp_spherical_2.asc
ncols 100
nrows 81
xllcorner 5.5967107548124995
yllcorner 50.982328804812504
cellsize 0.00017565037499993607
nodata_value 1.7014100000000001E+038
[rows 36 to 53 of 81, columns 0 to 39 of 100]
0.008401464779185831 0.009182281233883835 0.008978512741051808 0.007757839508449439 0.006107587798776213 0.004467174445724626 0.0030633463090633194 0.001972958998003994 0.001187243456802364 0.0006535795800338552 0.00032755129174763135 0.0001502306390532591 6.693321501586367e-05 3.0011286675297543e-05 1.3805640988289052e-05 6.645934752286125e-06 3.4096683645402327e-06 1.8924612801640659e-06 1.1236503824188186e-06 1.7965896695473931e-06 4.6781770789642644e-06 1.2899200421247886e-05 3.67482514716349e-05 0.0001050442693327743 0.00029104651449179145 0.0007536323838709161 0.0017957209197473462 0.0038770972828364703 0.00724602705264514 0.011286478808993595 0.014812368945187686 0.016552843307742177 0.015285240056549878 0.01192043553461856 0.008029528639927066 0.004662965532682465 0.002391030008528691 0.001171159325994918 0.0005610397411341981 0.0002665767059231052
0.0072490420028079195 0.007223247760235245 0.006273305340592419 0.0048606678106469835 0.0034861418329476795 0.002355571130163399 0.0015131578275625855 0.0009198636844178493 0.0005197538038502044 0.00027399327483911353 0.00013508122194105712 6.241053962548174e-05 2.8208441231629116e-05 1.2915962555702932e-05 6.153381108193876e-06 3.11359590241795e-06 1.7137813868506017e-06 1.0730104777548545e-06 8.667199897143317e-07 1.2462443418023567e-06 2.855251408914228e-06 7.715374305998897e-06 2.220992812416786e-05 6.488144819811697e-05 0.00018496286320470275 0.000495575804378961 0.0012254868396909635 0.0027534603681241042 0.005345455323695291 0.008801220717743991 0.012213232102958627 0.01426907392908879 0.013902891999451227 0.011594732231260835 0.008349394241016233 0.005048098396335216 0.0026818486622736553 0.0013647072465253378 0.000679714423749396 0.00033637891701360104
0.006118790035298491 0.0052518652665351495 0.003938799733438009 0.002749708760451417 0.0018209130513220323 0.0011539177173605856 0.00069893696973894 0.00039816473598560076 0.00021505516457376913 0.00011103237242354517 5.512966278086259e-05 2.637544234574789e-05 1.2368230735902087e-05 5.978882694964793e-06 3.0196222290838363e-06 1.6532028802296626e-06 1.018439942221171e-06 7.506236391857529e-07 7.331977296152142e-07 1.0574595998261937e-06 2.1596750860895783e-06 5.444028544173657e-06 1.5262348750439715e-05 4.4581648521803925e-05 0.00012937406889603989 0.00035831011441860353 0.0009214716631257603 0.0021524339092837378 0.004322104317161855 0.007413772996975952 0.01079481238819771 0.013314400403011292 0.013779451895033077 0.012128984065253689 0.009106871930879461 0.0057792445941420405 0.0032272254196478983 0.001726253472746967 0.0009041994692785083 0.00047107109848580923
0.004209913217991147 0.0030549432980255505 0.0020941473215557163 0.0013777205986744345 0.0008691326646433965 0.0005262514229137903 0.0002995342989211513 0.0001618152166151334 8.454268526236456e-05 4.3482064969027555e-05 2.2221303457502812e-05 1.1290471497567083e-05 5.688671935261458e-06 2.956603572354413e-06 1.626508743256666e-06 9.725530005459155e-07 6.680489307632069e-07 5.577091561220203e-07 6.140983903102984e-07 9.121254749237911e-07 1.784506586721271e-06 4.2809679923636746e-06 1.16612993040589e-05 3.386108780138976e-05 9.963158413019866e-05 0.00028469551449160086 0.0007610834697002787 0.001826227377164485 0.0038163617810229853 0.006802217304972798 0.010267553082559024 0.013287330449874495 0.014477437780125519 0.013059403719414215 0.010027916112142272 0.006603277371743128 0.0038898409661852697 0.002205259498231121 0.0012297898625247357 0.000686545583906336
0.0016523616170069121 0.0013214924233640307 0.0009376176680377903 0.0006182959529306308 0.0003856388825796474 0.00022459178881366066 0.00012213219662725707 6.330794433210756e-05 3.2217399574679144e-05 1.6658655659356745e-05 8.930065393495236e-06 4.924888938095897e-06 2.7485466401524424e-06 1.5605207021360638e-06 9.446252167485871e-07 6.220930470589856e-07 4.654194483470065e-07 4.2942453257768157e-07 5.132979968243723e-07 7.888931186050618e-07 1.5327165630188323e-06 3.6072685342180345e-06 9.715071659505249e-06 2.8296775856405673e-05 8.478396788774618e-05 0.00025020406370179126 0.0006848192198527975 0.0016787092294066666 0.003612782535849486 0.006590885195236939 0.010155870631573404 0.01342750816806408 0.015179951719082835 0.014078093056151578 0.011015487691975129 0.007454823687210323 0.004620632318901109 0.0027777781410548894 0.0016541495460515815 0.0009937701882318125
0.0006564036706799157 0.0005213628120247696 0.0003812329117392737 0.0002594187874841147 0.00016260621405107318 9.286755844125895e-05 4.913731646013285e-05 2.4637683562908423e-05 1.2185652998615862e-05 6.351181903447105e-06 3.647874964567975e-06 2.2378584750442647e-06 1.404353476423487e-06 8.896586627614131e-07 5.883740698571288e-07 4.238519851420624e-07 3.420018086061112e-07 3.4187000854326195e-07 4.353439835461054e-07 6.997051435769586e-07 1.394872448315607e-06 3.3272133804662628e-06 9.065733757622959e-06 2.6867533227373645e-05 8.264945541829916e-05 0.00025029421607756526 0.0006947770619113045 0.0017030105169941368 0.003617629266208693 0.006545588953863854 0.010218835261495323 0.01374681297592986 0.015844392452915607 0.015199618136226415 0.012047417359757681 0.008323541745865904 0.005405210075038749 0.003437131386924874 0.0021867680975706564 0.0014176236461379698
0.00026872705536860794 0.00020701103550529052 0.00015208550919457145 0.00010699235789673511 6.785435765465263e-05 3.8912827488165266e-05 2.048217130823764e-05 1.0055409653383446e-05 4.761811726586024e-06 2.4477086179574154e-06 1.5769926567840265e-06 1.1086080405027526e-06 7.829559884968767e-07 5.534747806467778e-07 3.9719448506485227e-07 3.0476925447625363e-07 2.673740505632332e-07 2.9013400236400233e-07 3.9398403658793056e-07 6.652357969475992e-07 1.3749668147149833e-06 3.3730429776291245e-06 9.433586545872608e-06 2.878048204637167e-05 9.124677171982047e-05 0.0002791700331134721 0.0007651893365182627 0.0018369911130366925 0.0038454709623334804 0.006934324288614491 0.010856334938111093 0.014549942165931697 0.016588838678760418 0.01611420228042427 0.013016570786734079 0.009161957504476523 0.0061906743826053295 0.00414757917441579 0.002817333919108682 0.001975038019196431
0.00011527358545331973 8.570018932775865e-05 6.268539613871513e-05 4.488041518224612e-05 2.9252855814637887e-05 1.7278089653236068e-05 9.346500954448762e-06 4.671508791093378e-06 2.1762619829619776e-06 9.84705819323524e-07 8.103730160941681e-07 6.420014418936178e-07 4.955874364372708e-07 3.788177914222078e-07 2.9327068010810873e-07 2.402354881313815e-07 2.3015325729375737e-07 2.6929764647004515e-07 3.862768231093882e-07 6.817318621997785e-07 1.4679171715532782e-06 3.743728804284474e-06 1.0883576878736716e-05 3.4449521530330276e-05 0.00011048243181948599 0.00033073188571292793 0.0008853038544487814 0.0020880115505875164 0.004318234974121505 0.007807775480203173 0.012223040020999639 0.016192559405654772 0.017969196684953722 0.016824146890539453 0.013451710218110249 0.00966153538759842 0.0067876895521184885 0.004790952357493782 0.0034801078895076603 0.0026473652354726124
5.258872077078381e-05 3.775041161314691e-05 2.7479006960371477e-05 1.9757679199126873e-05 1.3459702692969428e-05 8.407253235809513e-06 4.856286970668154e-06 2.6313306153492756e-06 1.3831678636491806e-06 7.938069513641683e-07 5.734650851619203e-07 4.539382342940965e-07 3.6203427574988363e-07 2.901560123798497e-07 2.418310715351199e-07 2.1580926900210807e-07 2.2223038298867288e-07 2.7499653816921437e-07 4.1166095001090367e-07 7.58585390808589e-07 1.7070278275535423e-06 4.564631094663761e-06 1.3851281383468138e-05 4.460864960650607e-05 0.00014003999282447758 0.0004076287487668065 0.0010661147800958913 0.0024758132497927766 0.005089380892741393 0.009268428109552982 0.014537134019022215 0.018943739075077484 0.020134481222515405 0.017670860898194515 0.01341525761895806 0.009553386765903216 0.006833845544818239 0.00506666107094099 0.0039415595219175915 0.003222016312745911
2.5231195268385492e-05 1.7890467029496544e-05 1.300485042043088e-05 9.444942669480898e-06 6.745041819570791e-06 4.555781669086637e-06 2.8877029664369054e-06 1.7522021891730373e-06 1.0594637745881963e-06 6.824936408644219e-07 4.900955389527738e-07 3.801824131509878e-07 3.057169695639478e-07 2.568690148733167e-07 2.267439641928736e-07 2.1624581373335602e-07 2.394198350333776e-07 3.093472213652991e-07 4.764640418604371e-07 9.163485485554316e-07 2.167565263603939e-06 6.060061747966092e-06 1.887051307785702e-05 6.0200450953939914e-05 0.00018368998496614042 0.0005191214201351453 0.0013217972545782391 0.003018837576143213 0.006192443706979805 0.01142295401127815 0.018128171921999343 0.02327846933160936 0.02323062124052796 0.01846351909472169 0.01298698863500372 0.008849125072039036 0.0062589305239603675 0.004794183950012024 0.00393799599502745 0.003365393997751098
1.241734320893e-05 8.807614768069578e-06 6.589373539629533e-06 4.957433733726912e-06 3.706202171828998e-06 2.7332149737810024e-06 1.922208527845317e-06 1.3074161280399503e-06 8.872080666083804e-07 6.231045427770665e-07 4.629540746084329e-07 3.6194154028563285e-07 2.9991521091575727e-07 2.6224746560290246e-07 2.413471254125072e-07 2.413509297449371e-07 2.7912568488237587e-07 3.737008480701179e-07 5.969406012511638e-07 1.192550446821413e-06 2.945785296811331e-06 8.544364150378898e-06 2.70350508783763e-05 8.437950678597461e-05 0.0002495037073299912 0.0006794752620224936 0.0016675279558692037 0.0037116601033449193 0.007556039509188148 0.014164581812300047 0.023242868168226134 0.029999365150890096 0.0272964455968712 0.01890036459586062 0.011936941250545296 0.007562714347329001 0.005140380566721741 0.0039014819515538653 0.00328211101694845 0.00294597602408309
6.305245087422123e-06 4.4536717237092735e-06 3.4794832037864896e-06 2.813622366730263e-06 2.2760526812481746e-06 1.8186457642855143e-06 1.4217141163422731e-06 1.0759236581024618e-06 8.049027266260612e-07 6.059884069403364e-07 4.6690031572453955e-07 3.778627578189213e-07 3.2534403553390895e-07 2.9533813660746917e-07 2.815967534228238e-07 2.9136068706720877e-07 3.4095723873663733e-07 4.549726002155229e-07 7.336667219275687e-07 1.5530018999507822e-06 4.187068321994671e-06 1.292564655469678e-05 4.084615436693433e-05 0.00012430402225146946 0.000352693780511775 0.0009117937157883162 0.002118271820404769 0.0044969987745719295 0.00886606820742215 0.01658849647835561 0.028731654491657436 0.04029633192023348 0.03158712283412541 0.017820772768481555 0.009844333759871841 0.005700745909331544 0.003607218601336394 0.0026421391249212608 0.0022401890255698605 0.002119050378402726
3.35086085527085e-06 2.319936523837282e-06 1.949075818682251e-06 1.7378957745611388e-06 1.537440267955159e-06 1.333452152728872e-06 1.1384232059187226e-06 9.466674182673728e-07 7.637572736925938e-07 6.103293640529796e-07 4.951279999816757e-07 4.241305889569987e-07 3.833413833842333e-07 3.6327663529749055e-07 3.5887463296634035e-07 3.7759260153301596e-07 4.316871523233843e-07 5.428483896678636e-07 8.229938820092621e-07 1.8785100869533685e-06 5.913396887272077e-06 2.0197886049280252e-05 6.553117139537197e-05 0.00019520076853022365 0.0005235701647104297 0.0012568836508395583 0.002695664872805345 0.005273670134262412 0.009587335494315724 0.0167075777376375 0.02800625231994694 0.04493941734229338 0.028094698563973494 0.013137370911849069 0.006515558344082088 0.003510969729448067 0.002115142539506934 0.0015083982632837414 0.0012684433405001677 0.0012377092818147853
1.977416011888807e-06 1.2567591939641275e-06 1.239528001665601e-06 1.2295280676757744e-06 1.1715697581621976e-06 1.072102997941234e-06 9.51507334419283e-07 8.326322491110086e-07 7.211568990089916e-07 6.135195420424496e-07 5.354403480905074e-07 4.895864701324042e-07 4.6848200061065376e-07 4.673371410627625e-07 4.828575015928591e-07 5.171305134407922e-07 5.895958047866221e-07 7.052503599882874e-07 8.827716599010557e-07 2.353940285402775e-06 8.911167086316039e-06 3.226081298311548e-05 0.00010541339710112535 0.00030773870205873043 0.0007866550463626047 0.0017319324694987565 0.003355968303456893 0.005825249380222625 0.009184721365158839 0.013452489298881263 0.017854237759892887 0.019327107708610042 0.013277278392361088 0.006761901289904104 0.0033247910524780828 0.0017434739137122356 0.0010278674345275786 0.0007284531351741202 0.0006167811714380766 0.0006136080312007904
1.6490048148694907e-06 1.0737835693924e-06 1.050271922928508e-06 1.0539300842144821e-06 1.009238042327993e-06 9.312037023570089e-07 8.42961085978194e-07 7.57375580014298e-07 6.798580690773291e-07 6.175156290400927e-07 5.818734409185646e-07 5.7072428981944e-07 5.83367775901537e-07 6.207639672106678e-07 6.756959676208575e-07 7.566359561742024e-07 9.101911790468956e-07 1.1814642133920868e-06 1.7974605657279303e-06 4.494523433508766e-06 1.5745141048009304e-05 5.457783573647147e-05 0.00017127647709788083 0.0004747408774312343 0.001133649947225284 0.0022877763429352805 0.0039378058709454485 0.005864244653063809 0.007671232360729564 0.009052456926054251 0.009426924587846962 0.008019163019544945 0.005219158121480548 0.00276872413927606 0.0013759301451710868 0.0007144583105932251 0.00041905487183143314 0.0003005529718955997 0.00025939907456954694 0.0002631634662753694
1.8951273763127757e-06 1.3497931975901767e-06 1.1682418401850994e-06 1.0665039713058216e-06 9.676774683157134e-07 8.743848437893043e-07 7.956211075195876e-07 7.290151860736128e-07 6.69571358622728e-07 6.334654825718514e-07 6.345378552252547e-07 6.684675080529402e-07 7.337487790729234e-07 8.310838256241326e-07 9.617447085295724e-07 1.1529708733111865e-06 1.519093978104294e-06 2.2638648945801324e-06 4.086568539569525e-06 9.928192808534787e-06 3.0404891279623394e-05 9.554446997362487e-05 0.00027833156012135955 0.0007161468314014113 0.001566870624453986 0.002864198162504172 0.004375289723128195 0.005541657244344032 0.006027114142173463 0.005833782756588169 0.00491471578305595 0.0034800426911621545 0.002043624045686157 0.0010392022496165327 0.0005006467037987904 0.00025261415177326146 0.000146678177617672 0.00010615583121686757 9.445199006180415e-05 9.971620054269606e-05
2.411037957263185e-06 1.7759561280393204e-06 1.4405746129233411e-06 1.1997356301683954e-06 1.009831407223096e-06 8.771178893567781e-07 7.9995766729956e-07 7.483148750452558e-07 7.040402758689734e-07 6.909351902030813e-07 7.170946807834001e-07 7.880666018218331e-07 9.077556158648996e-07 1.086654898351634e-06 1.3445898260688252e-06 1.7379217371859897e-06 2.500007643631321e-06 4.137093040636598e-06 8.127386334143521e-06 1.9816314408702627e-05 5.6315195272230316e-05 0.00016265027520346104 0.00043903901705532683 0.0010433800570869244 0.002083782045391861 0.0034447632600706915 0.004682353716938036 0.005224072646830945 0.004807375708030396 0.0038476489929005382 0.002688489566451802 0.0016175085404705484 0.0008396565159833838 0.0003890148680376898 0.00017245829886207553 8.028346618632471e-05 4.4442252300865156e-05 3.282858122850248e-05 3.116866405602737e-05 3.527611541226871e-05
3.249254199425496e-06 2.411001848290253e-06 1.8729586684477305e-06 1.457515501166298e-06 1.1271185199178328e-06 9.232100821023098e-07 8.627234415190082e-07 8.297676663672511e-07 7.987014038197517e-07 8.050884409982528e-07 8.566337368813404e-07 9.55926787449725e-07 1.1195332222468231e-06 1.3790004121037408e-06 1.7916858886169781e-06 2.468335703625119e-06 3.7850771133764586e-06 6.696853059857403e-06 1.3807588646708405e-05 3.4012650299885385e-05 9.296377044977448e-05 0.0002545228066517655 0.000651510421478313 0.0014637159547499473 0.002761638675401463 0.004209911608632204 0.005113291448724152 0.00499909199435069 0.003983478857804236 0.002680178838538292 0.001586213773239732 0.0008241050528195984 0.00037718889516072607 0.00015551255764489097 6.0137308121446425e-05 2.379562809503399e-05 1.20175218592139e-05 9.368267726751695e-06 1.0036041260821735e-05 1.2558586625287352e-05
