_RESULTS/CROSS_VALIDATION_POSTPROCESSED/MHZ/TZ/4comp/4/MHZ_TZ_z_0_kriged_reverse_4comp_spherical_4.asc
ncols 100
nrows 81
xllcorner 5.5967107548124995
yllcorner 50.982328804812504
cellsize 0.00017565037499993607
nodata_value 1.7014100000000001E+038
[rows 36 to 53 of 81, columns 42 to 83 of 100]
0.028057500538484718 0.02682835679644086 0.0260943437128541 0.025873762582399987 0.026075012006369833 0.02667278235895353 0.027870806353345347 0.030056879275723206 0.033387799593290725 0.03805527438489557 0.04422862317308926 0.051955105515733416 0.06099318793992882 0.071089872541404 0.08187169782136194 0.09365095169391884 0.10738240631126632 0.1231096967966418 0.14088164906616407 0.1606312263166246 0.18183531248986565 0.20269876927408986 0.21921936681692575 0.22738763260347256 0.2281108435118042 0.22508810162405185 0.22178418207512507 0.2207038628309951 0.22161637495687536 0.22079032436558682 0.21511306735184896 0.20405213840380504 0.18843086699302428 0.17010594186348632 0.15111847739529094 0.1330324733529647 0.11675090760134242 0.1026376755647008 0.09071557562740741 0.08114740959057316 0.07351608622485122 0.06684769696568185
0.0307307367093373 0.02934094998087737 0.028639265478916057 0.02840220157183114 0.028552038528072685 0.029052500814752434 0.03006207976898617 0.032092686261318476 0.03541027292479967 0.04032591334956957 0.047084171972473776 0.05593571495978776 0.06683980325032607 0.07904679912964231 0.09187592317991879 0.10489522806502417 0.11932261485996386 0.13480532938128093 0.15093207837508987 0.16714020254876857 0.18246101510995535 0.19525872862579205 0.20339736917923054 0.20548052351200924 0.2021476424984662 0.1954213820063627 0.18763023657744 0.18154764001065593 0.17751848640736584 0.17493147106870363 0.17027703838360114 0.16248567067202166 0.15190352951342953 0.13943866492894805 0.12621175213034524 0.11321516990357222 0.10114181562624219 0.0903747571593537 0.08123791712460418 0.0741396186934075 0.06823101119456053 0.06294612825917718
0.0337015635289563 0.03245696887087672 0.03181039722821607 0.03158490090087517 0.03169142153475167 0.03207874750148284 0.03282915524676225 0.03454617946617081 0.03769079091991725 0.04284028235898064 0.050602912974765574 0.061299714947761645 0.07444126362607976 0.08939022878050151 0.10483983945483333 0.11955118350786534 0.1340489439184603 0.1486323904882676 0.16218972926431205 0.17395621957267332 0.1830412585086056 0.18842511335488724 0.18923265870070236 0.1852819089410224 0.17741803539956708 0.1671805469089523 0.15632314552877064 0.1473973728741063 0.14099907873448167 0.1368749658434189 0.133624238497742 0.12859852233053484 0.12175472565363675 0.11352935530664485 0.10455572397941153 0.09546853509071 0.08677625692275999 0.07895131024461144 0.07255425360726526 0.06757623141747 0.06317679065689462 0.0591543730790707
0.03722927375358004 0.036197452209788296 0.035674177797585 0.03552048960792395 0.03562653765827078 0.0359078007225599 0.036340516331367576 0.03747491926030798 0.04005916645873807 0.04556536705318263 0.05523049011200538 0.0686986852991964 0.08498597080335521 0.1031563058398706 0.12184749879126262 0.13891593589652523 0.15309977712187745 0.16565739164414528 0.17559756300131457 0.18201268426824024 0.184479827624557 0.18275036003505987 0.17687600174410045 0.16738522269163797 0.15532071860607366 0.14205353683660762 0.12907838247841477 0.11867144497492617 0.11148913435613866 0.10702768977904839 0.10451985111053107 0.10166717055323736 0.09752012331563331 0.0922971979703023 0.08638170852334953 0.08019483469882309 0.07425787533191719 0.06912875870726862 0.06496857556878563 0.06168721617243068 0.05857001736970306 0.05565970815040228
0.041332554166068104 0.040576874400206124 0.04028649163634664 0.040315068082083794 0.0405313094419646 0.04081145732778877 0.04103873720801129 0.041440171796886 0.042965668075589915 0.048774790020786565 0.061941072225628085 0.0795121224771334 0.10014217191109873 0.12255778316086008 0.14474362122004913 0.16421383382387755 0.17834369197160654 0.18721923493345577 0.1920178611046131 0.19190655635670037 0.1871660980094914 0.17839122752704956 0.1663486907632877 0.1519809094918369 0.13637259157049808 0.12068041089302835 0.10616588852876815 0.09501498449991774 0.08805531298987805 0.08416107976296323 0.0821072400901264 0.08075820800113982 0.07846321561269369 0.0752970324790889 0.07152519438268079 0.06765603561919384 0.06407888880154336 0.0610152812696994 0.058621492253930554 0.05660778612384689 0.05455337327687915 0.0526002257612111
0.045897314710283625 0.04555906765434795 0.04565630048128363 0.046035984231647384 0.04656109904588662 0.04711540308377263 0.047708916003836345 0.04836886466449161 0.049785928201999875 0.0564375899919594 0.07384523451994156 0.09622408869217884 0.12235837413106807 0.15034635134444493 0.17695283853826077 0.19831509886674395 0.21132959898573683 0.2149650462598986 0.21211685673575587 0.20387515912186455 0.19111332213002244 0.1752518919013644 0.15754190429674483 0.1390661925266371 0.12075011643084539 0.10336737492217314 0.08766481981184847 0.0757452088458318 0.06989397890338317 0.06710685752650591 0.06554623030415262 0.06487343178562856 0.06374864835743303 0.062014547525132156 0.06000074397005125 0.05794884839317102 0.05607566657756252 0.054560874297755475 0.053499129002586875 0.052397531716867445 0.05121248060607666 0.05007373191063726
0.050761133409242876 0.05101868204911487 0.05169583414880676 0.05269678291407508 0.05397631905831004 0.055531329241074234 0.05743467323622398 0.059946967086068635 0.06448901396897609 0.07490197813280672 0.09430015581939366 0.12160269896459922 0.154625152997325 0.19008180318838713 0.22249234020863617 0.24553879457206756 0.2550425188819081 0.2508467143924432 0.23647277272209496 0.21766480674603253 0.19593744053654388 0.17298227267755042 0.150178375460389 0.12844508561727064 0.10837220916539846 0.09030254523618564 0.07441785878941669 0.06149813446031664 0.05729369969799847 0.05504550004424054 0.05360488599771204 0.053114289630998346 0.05284864757889142 0.05223791925462269 0.05144850893309337 0.05065096553920478 0.05000546559803898 0.04965583554332231 0.04946078468094597 0.049069834589237325 0.04859541455872973 0.04815036585850168
0.05586652620000469 0.05705437467735392 0.0587512676788195 0.06085500208055859 0.0633700245058823 0.06643928694586901 0.07038921918406738 0.07587913060742503 0.08431708878415473 0.09902113204431355 0.12302397211001871 0.15713421301452873 0.1996915977070294 0.24601661666077837 0.2867579544628567 0.3108225631234976 0.3126888074868929 0.2955566006134781 0.26688876920925586 0.23394857206046832 0.2015614885243895 0.1712839090196913 0.14390591000565825 0.11971495431448054 0.09874676408657582 0.08093011325252372 0.06631121523033402 0.05589051633961332 0.050110055433192614 0.04708580947281105 0.04547137283977584 0.044984056498037495 0.04519880948810431 0.045279165064857324 0.045301505279633864 0.04538097538065015 0.04563502569131449 0.046116338959661975 0.046444897077194874 0.04661694111738752 0.046731470006824906 0.04688641845707946
0.06172821328300075 0.06416474631294344 0.06718858367549845 0.07067210876746619 0.07469994076785559 0.07962694693148677 0.08608948161781034 0.09509815101945554 0.10823395269080022 0.12804310413216322 0.1586236316468411 0.2023501224494299 0.2587334813996656 0.3222843511267673 0.37694436095511796 0.40055516616860093 0.3862788789819303 0.34750124298370516 0.29977934854056193 0.25233475611197426 0.20865611976013504 0.17106796374638852 0.1395024282783491 0.1133153926360874 0.09184534188735392 0.07451855138816021 0.061030334636495015 0.05157528517839521 0.04557260825446122 0.04204152241176846 0.040171820427902426 0.03960063902679855 0.040021800838637156 0.04054000536881769 0.04111915183516846 0.041834510637552065 0.0427694517447892 0.0436695451081417 0.04439799826832483 0.04503005104652392 0.045647941233895054 0.04633816811456585
0.0682141796433647 0.07223695556412708 0.07692386692860594 0.08198847912401248 0.08759126194190803 0.09441169327523694 0.10346445865579851 0.11609717870980742 0.134175187290252 0.16024190085035767 0.19825540992713372 0.2534802151812236 0.3281237449895472 0.41923937658154015 0.5020316452022295 0.5218910583827253 0.4727666382457875 0.40017907754819615 0.3292876820986652 0.26751591193172963 0.21543801693742587 0.1717835833222717 0.1366840102991617 0.10894304059722709 0.0871367885160976 0.07016073880038556 0.05738095858778962 0.04844545268783718 0.04251431428338101 0.03883606083559658 0.03684494190532994 0.036231757088725426 0.036770405714153714 0.03759546981995724 0.03858683595245188 0.03979687633532078 0.04108220989996619 0.04222993492734674 0.04328738973886224 0.04431548518750582 0.0453851622237374 0.046454237292473236
0.07492051020704363 0.08095217957076462 0.08775311421379538 0.09442662221456262 0.10123164262829895 0.10952846352426113 0.1207904477668924 0.1366184645534467 0.15909861186972107 0.19111657975289417 0.23662155449072028 0.3016907088572248 0.3934695023958348 0.5185572830896124 0.665780627072477 0.6719088446304866 0.5503433010373695 0.4383461542162891 0.34730850194164237 0.2750150961907716 0.21771921822034968 0.17160790531801567 0.1348821215215185 0.10607574580954178 0.08402544597252978 0.06725944100693697 0.05499597207979444 0.04642884915779508 0.040653771094144094 0.03700272923143141 0.03501580822667715 0.03443785577372941 0.0350979680227599 0.03617610375257013 0.03751208953584617 0.03899053230578867 0.04040068242618589 0.04176240348932222 0.04311424916977073 0.04448579570062051 0.045705570795881556 0.04669435535595946
0.08106462836915035 0.08951988324643796 0.09931451565088804 0.10720153312356642 0.1140523178675527 0.1230215163668062 0.1357759967805409 0.15386739382672718 0.17935490455906036 0.21512718771083322 0.26520077357346694 0.3349777393881116 0.43033224328152037 0.5601719430484718 0.7212444015660091 0.7129901248390305 0.5659933790415582 0.44308227473954087 0.3467591193346667 0.27206739759893944 0.21408517026093146 0.16818697036008268 0.13207586019834391 0.10393009158294866 0.08220358630145252 0.06567884618687894 0.053814647048916246 0.045532357047368396 0.039927461193403284 0.03637552212586367 0.03447181836125885 0.03400293447532568 0.03482928631824767 0.03615563269235659 0.03765698896212213 0.03917541599384769 0.040711385020307855 0.042251753757310655 0.043691845169624065 0.044984515228432984 0.04608923484214324 0.04696646970428424
0.08539836898289097 0.09581787508221266 0.11014645364030519 0.11758440983480804 0.12339110557299503 0.13263730057050607 0.14617173477922965 0.16527230109542979 0.19178816926203313 0.22812646108890813 0.2773737101798144 0.34309113859074325 0.4267192051992606 0.5216394476138628 0.5994347457312083 0.5932852895217748 0.5093799727865772 0.4123252162745851 0.32754099262747105 0.2589848114873855 0.20485322164480643 0.16168405754819934 0.12760103030565942 0.10098481687688299 0.08039701468873481 0.06488436285374218 0.0536896074947524 0.04577039806721946 0.0403667035932898 0.03694839312383788 0.0351770852061886 0.03488693513527197 0.03592722576025242 0.037293779820409254 0.03873896832332583 0.040214173277573845 0.0416739724937618 0.043074791254764565 0.044374035618710526 0.04552978540752886 0.04650098842446192 0.047248058945258
0.08761476909434665 0.09802211151904762 0.11024682554870771 0.1198318802150092 0.1278683318635739 0.13810845608605318 0.1520556317757211 0.1709181453018883 0.19612973256223676 0.22943359833549243 0.27272984250470417 0.32739360174682824 0.39135296766054045 0.4533898191769453 0.4915902032963354 0.48297716921143147 0.4320131499015977 0.3636044238404677 0.2967240772293868 0.23898995188653135 0.1916117439641868 0.15289948365645517 0.1218603468503558 0.0973543426118955 0.07828840320770963 0.06409915558660587 0.053780059275302536 0.04643708730330324 0.041421984391976745 0.038288396290890765 0.03676246079451178 0.036630195433127455 0.03760700102764085 0.03880704101156082 0.040086282749893114 0.04139825561677097 0.042698050559141304 0.04394188861848571 0.04508682007510113 0.04609072423968953 0.046912646273776996 0.04751344153154867
0.08844096662922303 0.09780254549292236 0.10828865747504093 0.11846153648484604 0.12842651722700926 0.1397335449472355 0.15376428196064623 0.17160854144281104 0.19427396442224773 0.22269101864897056 0.2574508991157498 0.2981364540861825 0.34204471653573293 0.3812749866270094 0.4021109540978288 0.39486904829061875 0.3613560272930691 0.3131784631884104 0.2624940485335317 0.21615679480113417 0.17642023195544315 0.14288998536202835 0.11539886186837506 0.09332327872656944 0.07621763859590862 0.06344857312599954 0.054073899211770624 0.047370530125662336 0.04279869356754652 0.03991937060688596 0.038486044411677155 0.03839454832449073 0.039290145391856865 0.0403346119648296 0.041452618113695626 0.042600655945061926 0.043735428679091026 0.044814022947240045 0.0457940570141852 0.046633971439313096 0.0472935320139326 0.04773455171555535
0.08865926564063299 0.09706363466175558 0.10655381687192313 0.11654595419696562 0.12701548550156375 0.13858868696934265 0.15208542167768804 0.16823911791747712 0.18762132602046794 0.21054078890945563 0.23679755259296462 0.2652430294625424 0.29321094723851465 0.3160996804619762 0.3270945295413335 0.3214443715402948 0.29924885903088105 0.2662124161575409 0.2291743717660272 0.19329150333836384 0.1609279673044114 0.13258342147475738 0.10871678620432024 0.08933242769635612 0.07434593521366069 0.06296822771721818 0.0544836491731251 0.04831958374310593 0.044044633232252356 0.04135760208550014 0.040077242438079044 0.04013838294464078 0.04093377549121736 0.041831502066920205 0.04279276353276791 0.04377722584257169 0.04474379586124112 0.045651147543919794 0.04645818280483244 0.0471245548722745 0.04761132210604963 0.0478817510244897
0.08884161283845764 0.09646580316700677 0.10516625705527936 0.11462767186814589 0.12477297347010174 0.13582423632532678 0.1481580970342423 0.16212822926100107 0.17793449573303824 0.19549463626598718 0.2142711107357869 0.23305974868968227 0.2498414189355894 0.2619286073494825 0.26635953446751315 0.2607952024395688 0.24573669269622425 0.22301242693258608 0.19652105512213353 0.16971772728013237 0.1442671039786712 0.1210937891994955 0.10104645644631798 0.0847434526485206 0.0718561934193535 0.06187606923321959 0.05432045385350307 0.04878029653263847 0.04493818721390842 0.04257309004536044 0.0415618866075924 0.04182445570491651 0.042496625822037656 0.04325436914530772 0.04406271089473733 0.04488442153382815 0.04568089096632769 0.04641284180799675 0.04704098797199075 0.04752672386812364 0.04783289561826231 0.047926077125279715
0.08930685843133335 0.09625896274614089 0.10422187149442225 0.11295396292695627 0.12232007707143082 0.13232309965401942 0.14304919779710704 0.1545678760548358 0.16682852277205565 0.17956069217019205 0.19217778820960235 0.20370859121154195 0.21282175764926847 0.21803344592525126 0.2181350234358475 0.21234315823833488 0.20087165925651257 0.18516711239933895 0.1664032337840565 0.1467089857725353 0.1270707098968318 0.10864964484174455 0.09268284566400754 0.07939398970432716 0.06863795069791943 0.06015109611048028 0.053642758257749654 0.04884790744703924 0.045555227515979665 0.04362217705261558 0.042985643753891564 0.0433823418267085 0.043937789788667386 0.04456066721997957 0.04521929238350762 0.04587937553168905 0.04650490217799114 0.04705893305057565 0.04750437664002424 0.04780478483599482 0.04792520340966181 0.047926077125279715
