_RESULTS/CROSS_VALIDATION_POSTPROCESSED/MHZ/TZ/4comp/4/MHZ_TZ_z_710_kriged_reverse_4comp_spherical_4.asc
ncols 100
nrows 81
xllcorner 5.5967107548124995
yllcorner 50.982328804812504
cellsize 0.00017565037499993607
nodata_value 1.7014100000000001E+038
[rows 38 to 56 of 81, columns 42 to 83 of 100]
0.15465923286293137 0.1628929456670206 0.1728187226537399 0.18448188384360098 0.19798596888290604 0.21328991995859758 0.22633953826028483 0.21367777987942976 0.17637845059105622 0.12713328523804238 0.08013071839440304 0.04488717689719799 0.023448454727050747 0.011677272026973431 0.005710177475339322 0.0027804196890489144 0.0013769719102867245 0.0007100354411083029 0.0003909960521801456 0.000238023524964323 0.00016785037463281052 0.00014501597728138342 0.00016142748854017767 0.0002357011133388275 0.00043675725088887214 0.0009543310957338932 0.0022518973714324257 0.0052632855805531155 0.01152009559600322 0.023036400905517472 0.041856870464293004 0.06908541825572094 0.10420351602962742 0.1443619815329177 0.18438541604759434 0.217701076338835 0.23801574547809307 0.23987145340822424 0.2187692801456676 0.18043519194842655 0.14767528868606467 0.12493168054183589
0.1427416407197921 0.15256810055292275 0.16463431261595532 0.1792689231625978 0.19685039473989527 0.2177253806977236 0.24136237936909932 0.24554007138370937 0.21920676485524346 0.16843142801022407 0.11101866425170052 0.06544343219504506 0.03635495317504116 0.019370047087727243 0.010054945935372882 0.005228287930259604 0.0027802496300281462 0.0015549397825098035 0.0009390147560641786 0.0006319199253147946 0.0004917091856332129 0.0004595652126924425 0.0005311527082361199 0.0007643980062014184 0.0013374092568082657 0.002697682333881352 0.005824586874867747 0.012317374828042307 0.02396200717793107 0.04224959188464564 0.06841084607614226 0.10257704638273793 0.14308069143139454 0.18617590754748853 0.22615022658396566 0.2564201892075802 0.26948707543108824 0.25847370053946517 0.22504576365520987 0.1805594154665244 0.147237492437586 0.12419269914693963
0.13350466524564483 0.1443844851266888 0.1580488284518545 0.1750429857146845 0.1960543222139705 0.22191301938727317 0.25354671496049874 0.2790939565564235 0.2719829010607237 0.22407317114686529 0.1531784602474286 0.09539204755868548 0.0567422236887849 0.03265982819801811 0.01842336562193648 0.010338310514836996 0.005916844507300342 0.003567682649961569 0.0023322160147507963 0.001699640645454006 0.0014214451360105781 0.0014013692296047685 0.001659155863387259 0.0023669520073241867 0.0040018066598997626 0.007714867155122517 0.015881265532291362 0.03130785043553116 0.05382926945713112 0.08193442850584323 0.11629231898130257 0.15710143972530838 0.20164436765686372 0.24543940627071198 0.28237893421317395 0.30305928878361804 0.3002194278451516 0.2728039673233389 0.2259535074919566 0.17879358212023302 0.14570438311910408 0.12289761059286748
0.12652346131959238 0.13807086207357142 0.15284321400210293 0.171561704581823 0.1951558300464436 0.22470567664396746 0.26054228707497074 0.2999911534439166 0.31438746532928286 0.27858854094785473 0.20117430265724298 0.134810128580083 0.08687185361991169 0.05440905305549996 0.033510122208258164 0.020584762503418067 0.012837209400131454 0.008312080472187582 0.005801230980018213 0.004492823876091198 0.0039532787464146 0.004031372387089873 0.004826830110713531 0.006803778452174303 0.011181404220745688 0.020937490011738003 0.04279237575193238 0.0837678627997879 0.1234081865349223 0.15752782337083246 0.19581915526392327 0.23935562937403657 0.2840824238182354 0.3229183156769234 0.346584583309817 0.34817265756649746 0.3247637117354112 0.27914579602059425 0.22099912420994378 0.17512782438448943 0.14309177891053773 0.12106731791999405
0.1216170569239986 0.13353077484028025 0.1489923423157003 0.16859047861286203 0.19295010958360628 0.22269670856149243 0.2581401984750594 0.29849239305274367 0.32464580754905503 0.3042114472426874 0.24534708064126218 0.18103972976068577 0.12786167682947866 0.08766853807265104 0.05905376311123128 0.03960652170998451 0.026900425879266446 0.018890585760188643 0.014056489191491769 0.01142328960944552 0.010390796918177044 0.010779292219347859 0.012873598855916123 0.017731781355066728 0.027985492306389633 0.04989876816458796 0.09841786259383628 0.20343865741989736 0.2449293384279982 0.2739045163982915 0.30992782221462717 0.3491343069978303 0.3839440707628851 0.40538849507140784 0.40653432293830305 0.3834740052538375 0.3372268327197653 0.27416464231478477 0.21299054862718475 0.16973918269935045 0.13952857749746067 0.11879634205848189
0.11813648727547493 0.12969952525761125 0.14461750790805308 0.163484563405153 0.18687223844425876 0.21514991210285261 0.24812069376994123 0.28423597496554964 0.3177278134067764 0.3189896046036185 0.2826042960666947 0.2298487395833805 0.1786068556877689 0.13441040540376442 0.09899182071387184 0.07216853587548887 0.05292535858222575 0.039868250905140096 0.03155273902417024 0.026841908912508428 0.025162708731296137 0.026364216388756093 0.031107121322875533 0.04135835866839704 0.06149116953644616 0.10035621152105084 0.17247713455926145 0.2775278177655055 0.35836097229621033 0.40342536986192196 0.43686223576298017 0.4638044163641238 0.4797373961555511 0.4763604638061059 0.4498257317794791 0.40027397304843354 0.3326801353268438 0.2586874457743409 0.20259365695314513 0.16298330954079038 0.13525043906689366 0.11624903750270431
0.11394580265773231 0.12461172936704636 0.13843729412054245 0.1559787426733522 0.17768750968441352 0.20370406261602625 0.23356959793928023 0.2657856273336652 0.2974362936778475 0.31924806627388436 0.30852912998203086 0.2748385948930358 0.23443727827772878 0.19354643166003468 0.15560703988771268 0.12257820661691257 0.09605627302335239 0.0766754116447567 0.06381887611060483 0.05646146168711079 0.05400759315238879 0.056725926777952455 0.06573241084611553 0.08381111656082432 0.11627034970547122 0.17140500408298148 0.2566601856331221 0.3616419273189972 0.453204404978356 0.512162511193437 0.5443941454327933 0.5568816811223609 0.550126844583656 0.5193543332722816 0.46521790041680167 0.39236766163539893 0.30932755562572684 0.2401378746679811 0.1906029138269766 0.1553536410652134 0.13057857452198285 0.1136494382868467
0.10910662501366036 0.11855296829124765 0.13091757851314947 0.1467792874018939 0.1665032353065738 0.19004220085155582 0.21684574378518198 0.2457135521567701 0.2747312642279873 0.30162818329248003 0.31638644825196766 0.30680682696798306 0.28580974576312174 0.25838922336295417 0.22675446480388928 0.19161346495334744 0.15828423660344731 0.13228489827777376 0.11464086151351258 0.10468078449792964 0.10192775628169051 0.10673773020516983 0.12080100904168466 0.14723445679172403 0.19078424315656156 0.2569084971612045 0.3463984753883344 0.44593867678647414 0.5325979142108064 0.5892679346932921 0.6132605349380075 0.6086588045977052 0.5788609448383123 0.523229482225867 0.44698484054445903 0.35864378909869976 0.2788530292108866 0.22038518796797146 0.17792979468671583 0.14741947997712979 0.12588944007025257 0.11110214393624254
0.10396756552141533 0.11194289265266084 0.12256603745529222 0.13662007457430997 0.15439893742502797 0.1755719517616839 0.1995291555507657 0.22536581552655177 0.2518334335520594 0.27751874024778145 0.30120423322317164 0.315894559049743 0.31868446389075367 0.31380225299133585 0.3025191455002288 0.2716750370960015 0.2322357580953725 0.2016464470178607 0.18099561973299363 0.1697199579934518 0.16759596677376648 0.17530929824343053 0.19425301327810848 0.22692595301801322 0.27683713452364633 0.34614446872937055 0.43029474453392424 0.515973536571796 0.5860372121949885 0.6269542326066988 0.6342151447899399 0.610289842247334 0.5600546621853949 0.48619343667097703 0.3972647087939906 0.3130169594950524 0.24886887863350754 0.20088360113373144 0.16547304762379464 0.1397206349348462 0.12112324988317674 0.10808977843477738
0.09896772479823955 0.10531717004315438 0.1138749781657481 0.1262348842501445 0.14242527104010658 0.16144340712185232 0.1827206559843169 0.20563713330442024 0.2293762049217106 0.2530081416899949 0.2756708993413175 0.2970093880184616 0.3197113723481926 0.33632933184666536 0.3468247547345583 0.32955485962017805 0.2954943277240839 0.26812191106657557 0.2494369540498601 0.23986543552111197 0.23984679467575262 0.25048324850393044 0.2729708595922449 0.30878252481228363 0.3590174722260045 0.4226749700721478 0.49211655346711936 0.5560280292396829 0.6016306563771826 0.6192700441831633 0.6056749339762048 0.5635262595080583 0.498674236225218 0.4159364545233453 0.3358350804929328 0.27150419345864085 0.2212565796171134 0.18275638355566443 0.153553122023537 0.13175230434537993 0.1158653815706279 0.10478745842178389
0.09461166997920607 0.09951965983899537 0.10556052707639271 0.11674927673292759 0.13156429470356262 0.14841174786016273 0.16707801428671892 0.18714316554809696 0.2079799222931305 0.22891688696849577 0.24924966831201514 0.2682393357683894 0.2888337896918509 0.31522602108345593 0.33419413214182264 0.33599993350653995 0.3241150434728441 0.30996594079495376 0.29955777761564095 0.29546243579289017 0.2991816574076656 0.3122895015213547 0.3357140513490438 0.3699777576822967 0.4146835686857508 0.4659762962209916 0.515285865426683 0.5537853528884591 0.5727235225614407 0.56638574662676 0.5339052356616688 0.4790280958284929 0.4093073843385389 0.3420546047196257 0.28374808352170816 0.23527761197354255 0.1961826302537777 0.16537154886665462 0.1415800223490199 0.1236221311752921 0.11050824485145934 0.10149020656397394
0.09071095181381462 0.09473021095941231 0.1004459442408636 0.1094708548128697 0.12164062525467413 0.13591175827985225 0.15188787551788624 0.1692028595553468 0.1873577968965029 0.2056939621317107 0.22338780697048277 0.23943202813025474 0.25368651956288046 0.2709740796017607 0.2900033857596719 0.30560014742831093 0.31199486528372794 0.31334922873587545 0.3142429239011297 0.3177609256650294 0.32595664322796986 0.34062246855736494 0.3624129111310079 0.39118320013659746 0.4254404786289398 0.45929967738204214 0.4865849708002534 0.5010485553043522 0.49742126829576416 0.47318608169748594 0.42954213030402594 0.3781356097402051 0.328388527243246 0.28128385298029235 0.2390951363290635 0.20297511884148725 0.17308807791470324 0.14903695753839713 0.13018191643191393 0.1158454805362987 0.10543145672932107 0.09849023556199082
0.08689517752334514 0.09025143544819593 0.09532211545942568 0.10265311622174088 0.11232573228775111 0.12398258402613975 0.13726811499781078 0.15183444185691022 0.16724775986275067 0.182932335911757 0.1981317920361852 0.21185989749688333 0.2228297108792915 0.23266154869137154 0.24405742041604897 0.25568147608501185 0.26701642539428694 0.2784853243838308 0.2887794074926674 0.2989215282424042 0.3106483919909287 0.3254856204996962 0.3437825702971199 0.36506858095272265 0.38636773458168816 0.40307107677927934 0.41131519710684694 0.4074339546780202 0.3897554920937015 0.36319039635109196 0.3314764891747979 0.29789347336370214 0.26445664677681974 0.23174417902189853 0.2016153642362073 0.17514807854224226 0.1527549733464367 0.1344171617584291 0.11988704072689203 0.10883850029810528 0.10096887225561532 0.09606756015344713
0.08307152731815108 0.0856525202224782 0.0897624134742182 0.09562416375232709 0.10330339063606725 0.11267393212662587 0.12351399606236148 0.1355421159279302 0.1483889216222565 0.16155679694778746 0.17438357114383027 0.18601278062783122 0.19538641386504726 0.20168229295228574 0.20800336193140945 0.2148800242956519 0.2223034446865981 0.2303164717236852 0.2391803491837295 0.24910056425399696 0.2602942333210955 0.2729731404571836 0.2866882560316552 0.30016460059725975 0.31056937665783524 0.31631078376961436 0.3162181327495225 0.309766969849076 0.2972816980248571 0.27990943419674785 0.25936136741661986 0.2375317301808102 0.21501871200435654 0.19241587421627537 0.1711108139097785 0.15199392144957768 0.13553249641846626 0.12189074250267427 0.11105188283473634 0.10292164188202411 0.09740930348408812 0.09449229478501708
0.07925580915270394 0.08097781612479796 0.08405976757234591 0.08859586167801682 0.09461888194329994 0.10207098271095434 0.11081408240662162 0.12063621240831988 0.13123672075470766 0.14220085690554035 0.1529761693678809 0.16286198358457843 0.17103032998087958 0.17660858769694288 0.17988452290058723 0.1836080057593151 0.1877035261469105 0.19256626182364395 0.19821310152649457 0.2046381366013101 0.21203267027991055 0.2204803518583836 0.22949036375766535 0.23733831110291154 0.242979913768664 0.24559590342724025 0.24459058492440142 0.23974635660789753 0.23130918842668124 0.21996525978764456 0.20671212272664166 0.19258262682248517 0.17737882715786135 0.16182985268551278 0.14690846201807445 0.13330949491229632 0.1214706121420002 0.111631030947651 0.10390320509432253 0.09834275713722028 0.09501184453940133 0.09402370631936462
0.07555224405727315 0.07639347192201272 0.07847348914900569 0.08182178790336175 0.08644498607363586 0.09230437155413926 0.09930545116457179 0.10728895308973556 0.11601630580316681 0.12515188053662524 0.1342492601713712 0.14275141297235525 0.1500178074897876 0.15539234197688895 0.15831525137192579 0.1598076502054141 0.16177418801684346 0.16408996224411176 0.16719686993847094 0.17104253038924538 0.17580620706591016 0.18134288391766964 0.1865852806350702 0.19089641850536918 0.19375896486992086 0.19471866788723552 0.19347061938939653 0.18993323261099843 0.18428500088905006 0.17694870212430833 0.1685265129045024 0.15935792663579024 0.14910977231914513 0.13849038539594888 0.12817979135205598 0.11870859823784538 0.11045869036683034 0.1036915319975025 0.09859103055443391 0.09531225918099842 0.0940329171309167 0.09402370631936462
0.07209254257744083 0.07206708378374699 0.0732073301907859 0.07550357389212986 0.07894289015830572 0.0834902430867625 0.08907347493125357 0.09556933008745869 0.10278881039866355 0.11046343647110933 0.1182370502336637 0.12566995583798857 0.13226324125342956 0.13750912487691982 0.1409649253183878 0.14233363431124896 0.14270571512918126 0.14344370489937813 0.1445683825319707 0.14652533084104175 0.1493066938578854 0.15221445470598807 0.1548862960193339 0.15699369066262647 0.1582229516517159 0.1583160672309413 0.1571147643579203 0.15459621523851266 0.15088922286746637 0.14626487054731674 0.14109465842698585 0.13506958934573324 0.12822329448689296 0.12108297792012171 0.11413006081556834 0.10777132946792325 0.10233448197508294 0.09808294732763341 0.09524398181288993 0.09404593076549121 0.09402370631936462 0.09402370631936462
0.06904661424795097 0.06814233979885723 0.0684120664368549 0.06978303324473278 0.07222496951208868 0.07570084711451397 0.08014929820515847 0.08546990163543686 0.09150956499365932 0.09805153144306104 0.10481010614847433 0.11143540668581625 0.11753258320720242 0.12269786559548801 0.12656848389027384 0.12887595367618235 0.12948672415563686 0.12910108639225543 0.12894972340629168 0.12925403989507275 0.1300179871175964 0.13099619069267715 0.13195001969162595 0.13265243261169896 0.1329025666282431 0.13254656807681525 0.1314995979498819 0.12976310386196954 0.12743224290130134 0.12469108271980983 0.12158098845485832 0.11765508670107738 0.11319269071011413 0.10855692798759327 0.10409892048776871 0.10013936605213214 0.09696514518586896 0.09483967461433523 0.09402506114768355 0.09402370631936462 0.09402370631936462 0.09402370631936462
0.06644229653538912 0.06477045619016628 0.0641961557056197 0.06475064097742587 0.0663541005430886 0.06896276867160273 0.07251834832482083 0.07693242510087107 0.0820747469350633 0.08776476268861366 0.09376821796135902 0.0998013514922792 0.10554521906348062 0.1106711538165963 0.11487509075744523 0.1179143185189039 0.11963738266230846 0.11990965738028604 0.11873690274261746 0.11742172147587457 0.11660126538886563 0.11616672660816382 0.11591858990332252 0.11568394332390038 0.11532163722586376 0.11473156214288094 0.11386496334116279 0.11273266690369568 0.1114087957574427 0.1100000728145725 0.1080939487663742 0.10565395620330982 0.1029173623678068 0.1001466041832503 0.09761118636425666 0.09557777785490443 0.09431035071790189 0.09402370631936462 0.09402370631936462 0.09402370631936462 0.09402370631936462 0.09402370631936462
