_KRIGING/CROSS_VALIDATION_CLASSIC_CLR/MHZ/IZ/train_4/MHZ_IZ_4_train_z_250.asc
ncols 100
nrows 81
xllcorner 5.5967107548124995
yllcorner 50.982328804812504
cellsize 0.00017565037499993607
nodata_value 1.7014100000000001E+038
[rows 19 to 37 of 81, columns 43 to 85 of 100]
3.9642988370576013 3.9213477590140799 3.8736629953228832 3.8206495273991203 3.7621628124775572 3.6985807293994579 3.6309187534441465 3.5609919500659641 3.4915998295443691 3.4266809664527411 3.3713630757250712 3.3318301306498057 3.3149470356155089 3.3276245782482299 3.3759663415838448 3.4643023672589957 3.5942656228170726 3.7640913247813765 3.9683054260206179 4.1979150194904218 4.4411278745649474 4.6845274730603848 4.9145357072308364 5.1189299033146218 5.2881607013292786 5.4162494446117346 5.5011231728196659 5.5443561083087864 5.5504051586550167 5.5255276030027778 5.4766294228300882 5.4102987326463863 5.3322280368907338 5.2471313532051527 5.1591377584834959 5.0725183096416657 4.9925065321093109 4.925927326992916 4.8813692354939144 4.8687212955748693 4.8980344418892159 4.9778317616986456 5.1131467702788882
3.9637374397378347 3.9148711303753059 3.8614840450036594 3.8037780767378795 3.7423988581987526 3.6784871826317325 3.6137695173385342 3.5506877028379238 3.4925417656227591 3.4435929057333485 3.4090553567611241 3.3949046795310869 3.4074515300559733 3.4526737393728473 3.5353586433036579 3.6581690962378968 3.8207944043900417 4.0193663060604576 4.2463001518752312 4.4906613549840531 4.7390658919635547 4.9770189715272215 5.1905009633746708 5.3675470560359377 5.4995536639525771 5.5820865956804244 5.6150571164121432 5.6022543755055692 5.5503505093794256 5.4676002572824203 5.3625164510162051 5.2428020063413872 5.1147564970474653 4.983262753144488 4.8523190520390438 4.7259449780886236 4.6091844655856038 4.5088831943705854 4.4339438488139429 4.3948616293563534 4.4024978339698135 4.4662314304918551 4.5917987144178456
3.9867358730837879 3.9341182766932636 3.877590296419875 3.8181556947546511 3.7572257263407796 3.6966502216957844 3.6387849488034671 3.5865909922724297 3.5437373467187046 3.5146537909018756 3.504466156257692 3.5187484308750463 3.5630504342372085 3.6422050984797609 3.759478178590256 3.9156823273572474 4.1084208863825475 4.3316396548835385 4.5756380770042968 4.827624486276882 5.0728033078526877 5.295874411598863 5.4827300724442907 5.6220764953498055 5.7067012685809457 5.7341608635950223 5.7067655810773168 5.6308732272377942 5.5156394119581691 5.3714819890191485 5.2085749454560055 5.0356786077526614 4.8595378443279795 4.684951799834872 4.5154632068774241 4.3544649998371385 4.2064098379050341 4.0777610667292317 3.9773563866948249 3.91596686482682 3.9050057303679937 3.9545407592980872 4.0709491252372079
4.0309986199877574 3.9768432281852366 3.919759668160661 3.8615197561723287 3.8042347273321928 3.7503682409313246 3.7027846139075367 3.6648227703679259 3.6403636369259829 3.6338376972718152 3.6501083576565696 3.6941730013904408 3.7706509629485776 3.8830744037043079 4.0330561682893968 4.2194647942179131 4.4377751212164549 4.6797691898862812 4.9337280243344868 5.1851813395704385 5.4181804383230716 5.6169496102637408 5.767677941803889 5.8601601572886528 5.8889982952101816 5.8541401268627729 5.760645821603549 5.6177195153280985 5.437187181851602 5.2317150974103184 5.0131183671484978 4.7910921019483474 4.5726095307713992 4.3620875300911699 4.1622490813937629 3.9754493420888135 3.805112686180296 3.656880450607046 3.5391081463547325 3.462474281071775 3.4386503517728313 3.478197325527618 3.5880532128581022
4.0935999876983127 4.0400369423273039 3.9848684893005606 3.9305601225787026 3.8798157204995141 3.8355770396048072 3.8010595193999821 3.7798086924463661 3.7757406039163497 3.793112028359781 3.8363594958856346 3.9097566401158312 4.0168700158609667 4.1598417201350868 4.3385842755983113 4.550025820493043 4.7875762145547647 5.0409837704185856 5.2967107276121981 5.5388754172394972 5.7507027673115987 5.9163134190862303 6.0225906067742327 6.060816767157637 6.0277844352384307 5.9261616691776586 5.7640199529431024 5.5535883525551029 5.3094497427045884 5.0465101810443098 4.7781243275809056 4.5147340314708568 4.2632757126656822 4.0274529875411895 3.8087850733594548 3.6081667816444725 3.4275498261072777 3.2713071134419032 3.1468866231537582 3.0644960403078443 3.0357611434259804 3.0715318681347226 3.179222544503765
4.1713418411101113 4.1203232981211082 4.0693331905040422 4.0214149532889776 3.9797164545175558 3.947483072031388 3.9280905679137863 3.925094858510116 3.9422567636345942 3.9834858039200078 4.0526449438971985 4.1531732756164059 4.2875177719859616 4.4564148866212951 4.6581187512868745 4.8877214645507747 5.1367374502693446 5.393115558505011 5.6417934724707584 5.8658225030355391 6.0479806448993267 6.1726797794839996 6.2278849249543171 6.2067230185544497 6.1084810262116589 5.9387803023319039 5.7088533459773885 5.4340146826810596 5.1315758935565761 4.8185715079755491 4.5097103267425451 4.2159319266154887 3.9438337582372531 3.6960604469532345 3.4725470046638236 3.2723219375993855 3.0954439683260402 2.9445976257948168 2.8259231944387357 2.7488010364884836 2.7245249963590785 2.7640441008345795 2.8751764933868844
4.261004179295945 4.2142583210382396 4.1694646880928747 4.1300877023477716 4.0995305124330343 4.0811314767009845 4.0782064930615256 4.0941059796751835 4.1322381156403774 4.1959996719993544 4.2885584575971567 4.4124513913620635 4.5690000698492836 4.7575968925359708 4.974969557638639 5.2145764599716333 5.4663057402841666 5.71663495912148 5.9493519100906838 6.1468447404922717 6.2918561207065364 6.3694844082610844 6.3691306246680295 6.2860568557830181 6.1222537066151173 5.8864124896507084 5.592947596890113 5.2601886058592271 4.908024969479599 4.5554033004182246 4.2181206818786396 3.9073137500830439 3.6289168892863453 3.3841756714946509 3.1710891605951206 2.9864591744630946 2.8280868450190519 2.6966079113593553 2.5965128819226058 2.5360511653792699 2.5259439042948859 2.5770864637033561 2.6976570557200703
4.3594186129985886 4.3184537746360689 4.2816467993403862 4.2526860975939744 4.2350035012206959 4.2317868700910326 4.2460471942450626 4.2806994628196673 4.3386010902933743 4.4224852396278029 4.5347341776994705 4.6769629684457481 4.8494256470912092 5.0503089136405448 5.2750319458180845 5.5157115860678916 5.760966083632395 5.9962074288285638 6.2045088278456113 6.368036213922827 6.4699167823027652 6.4963067003496606 6.4383404628388954 6.2936185704338712 6.0669316209883091 5.7700269966799906 5.4203833286853982 5.0391390111278129 4.6484879267464132 4.2689721905937965 3.9171404062297235 3.6039878508287257 3.3344577263887123 3.1080836618466936 2.9206302999074731 2.7663849496591428 2.6406108626521965 2.5416232675019694 2.4720074430987076 2.4386577190616006 2.4515506548393189 2.5214314469124712 2.6568374199040301
4.4633314557724457 4.4294826171538357 4.4022863536911458 4.3854204710002627 4.3820842603404566 4.3950429370159139 4.4267377373744967 4.4794099785430301 4.5551734835343893 4.6559672334331843 4.7833332552531109 4.9379954388083789 5.1192611158597758 5.3243220728667744 5.5475841850728189 5.7801915306700833 6.0099185816026157 6.2215737804793179 6.3979877126918705 6.5215567465974553 6.5761953686551582 6.5494412671260669 6.434382432485422 6.2310571581139538 5.9470280339101365 5.5969479841142737 5.2011030131440599 4.7831026420313068 4.3670579540095362 3.9747023186679709 3.6229436687907803 3.3222774970060369 3.0763431453508838 2.8826973207230511 2.734646703275641 2.6237710632220566 2.5426221431525668 2.4870335241537926 2.4575371273369209 2.459546250591627 2.5022056863837534 2.596082494555545 2.7501233876521924
4.569073820071047 4.5435759339141306 4.5275364631614661 4.5243545179082751 4.5367056909281978 4.5666370060024057 4.6157410042680631 4.685344620892387 4.7766360412378539 4.8906542026433817 5.0280844108607274 5.188840150168244 5.3714620232957113 5.5724218816932414 5.7854719213161649 6.0012113829297906 6.2070452318090892 6.3876720513206893 6.5261621315377232 6.6055803404844085 6.610989687547157 6.5315645920517564 6.3624732883522848 6.1061776247468247 5.7728567036335035 5.3797852213638055 4.9496697658586877 4.5081359573662363 4.0807286790198445 3.6899003576541327 3.3524911692857593 3.0781387090904655 2.8689006181521224 2.7201577042673586 2.6226267200364388 2.5650968467425663 2.5373550826517866 2.5327149873694417 2.5496247202219173 2.5919970562316426 2.6681483821716618 2.7885114128285053 2.9625444631385145
4.6721128533603498 4.6561806724394561 4.6528572936408654 4.6649677090867101 4.6943492618404123 4.7420185635772514 4.8084330462526674 4.8937681711741208 4.9981201714829409 5.1215498683283531 5.263907960511216 5.4244252483352646 5.6011073610248285 5.7900334200545549 5.9847093167328653 6.1756555786862384 6.3504057552091338 6.4940475525742176 6.5903569773836672 6.6234658658672458 6.5798840866685184 6.4505935855069287 6.2328672337509659 5.9314611312764969 5.5588942141332733 5.1346593252335753 4.6833861520117308 4.2321673817030474 3.8074275819141361 3.4318237041232935 3.12169024676618 2.8854703312234964 2.7234145150770832 2.6286084874024178 2.589148711601668 2.5910673916242404 2.6214577355474686 2.6711989811077173 2.7367419382075555 2.8205828492001279 2.9302986606380959 3.0762966059095547 3.2686927835950526
4.7666102815839535 4.7615035497804161 4.7725388432835363 4.8016528501749711 4.8495155033927322 4.9157927023452341 4.9995207905366881 5.0994968949190218 5.2145793229833997 5.3438023288979499 5.4862410050676278 5.6406122346082244 5.8046596675577966 5.9744338441419087 6.1436297678569307 6.3031702258693372 6.4412135342846044 6.5437143687495611 6.5955789946672327 6.582343304103027 6.4921830575572494 6.3179647574986841 6.0589867983315813 5.7220626360745355 5.3216688844288464 4.8790158507863568 4.4200761708843883 3.9727975059240501 3.5638906460254125 3.2156896219544349 2.9436000001368425 2.7545755835380783 2.646901105554166 2.6113357904375585 2.6334295673275481 2.6966056370817864 2.7854523580028783 2.8886151631347108 3.0007391265273755 3.1230779800661548 3.2626289457652105 3.4299319157707302 3.6359348214629694
4.8451495368335413 4.8522059134915683 4.8793540171426759 4.9273203635782528 4.9952749763707347 5.0812154665919396 5.1824811362047454 5.2962817080499542 5.4201166075217149 5.5519756723260762 5.6902508755376067 5.8333467629615932 5.9790460482288585 6.1237539145965822 6.2617961251308927 6.3849689863237336 6.4825241548239054 6.5417150749001962 6.5489393242026184 6.4913955174198943 6.3590548307609396 6.1466496226724541 5.855328218329416 5.4936329335570964 5.0775345018334672 4.6293934386196343 4.1758970778790632 3.7452088405920865 3.3637274433376465 3.0529541651178747 2.8269815599117445 2.6910381735974216 2.6413601403720541 2.6664384502968277 2.749449270820012 2.8714584163446153 3.0148412823030251 3.1663066906834345 3.3189705592894212 3.4730865992581856 3.6352804613406162 3.8164095719871973 4.0284334447080035
4.8987993112236783 4.9194246279813481 4.9645244101316717 5.0332988103458032 5.1230958311628205 5.2299431226628528 5.349228631067418 5.4763923765699332 5.6074842886871972 5.7394633404291673 5.8701600273275236 5.9978912483111335 6.1207930022378925 6.236008063066194 6.3389181557564012 6.4226302349275954 6.4779060069645302 6.4936614353092006 6.4580653342104579 6.360147938452088 6.1917123526942071 5.9492476936691583 5.6354945919417547 5.2603271485853584 4.8406955070170525 4.3995119582279969 3.9635401103195838 3.5605303633624503 3.2160005581840432 2.9501556076732767 2.7754511512551696 2.6952257801730761 2.703663669617157 2.7871305109448734 2.9266884705728637 3.1013835636694216 3.2917513468963371 3.4829336236991217 3.6668530412951972 3.8430480569245624 4.0180031816767352 4.203079244281156 4.411407820164305
4.9176508775352037 4.9532658772840179 5.0181555999300498 5.1096983157344598 5.2231240744022909 5.3522202345776435 5.4902045024716726 5.630602484890578 5.7679609694293852 5.8982544963673726 6.0188986599824652 6.1283605456426438 6.2254416305176399 6.3083855586108877 6.3740167343916001 6.4171329711377538 6.430349444133026 6.4045224142484116 6.3297782885258798 6.1970527362178842 5.9999272348727457 5.7364598496185133 5.4106640337486853 5.0333076725390598 4.6217878522312166 4.1989758457323747 3.7911004658062453 3.4249161608168315 3.1245512410378806 2.9085205536125995 2.7873943351398447 2.7625338534116874 2.8261444769265731 2.9626832486464929 3.1514274622513625 3.3698043960921753 3.5969385470145356 3.8168196107551156 4.0205448066209515 4.2072375675836211 4.3834680973507778 4.5612626488912245 4.7550422226900482
4.8918961878294347 4.9438487627116139 5.0302295310196969 5.146335629768628 5.2850264830426861 5.4376273913105333 5.5950181909137378 5.7487158037144122 5.8917556597547645 6.019210195906548 6.1282486548196449 6.217730439983109 6.2874186917728103 6.3369837660159405 6.3650212360484435 6.3683234534470419 6.3416118969155093 6.2778620106985947 6.1692437672662441 6.0085775300240565 5.7910880244696665 5.5161521539433398 5.1886984209776994 4.8199388715143741 4.4272003789511167 4.032760508866498 3.6617628721598932 3.3394585370021739 3.0881615753999609 2.9243892581395992 2.8566611107822579 2.8843500860203051 2.9978232895517829 3.1799033875307741 3.4084598824191534 3.659740986339175 3.9119180844773114 4.1482624674330477 4.3594203183323401 4.5443921083316052 4.7100352772322092 4.8691596754652506 5.0375311297181646
4.8134088509026762 4.8828687713880505 4.9921335962511497 5.1342112382121119 5.2993983195380467 5.4764030095035059 5.6536681999916878 5.8206729901238718 5.9689891706417688 6.0929104604598683 6.1895495519450741 6.2583981782908147 6.3004501065211747 6.3170763202557563 6.3088980150101071 6.2749142597648051 6.212103065162939 6.1156318086405408 5.9796985084756393 5.7988987079021399 5.5698964417608838 5.2930941893874746 4.9739637887304395 4.6237280660615481 4.2591711862042612 3.9014930558606782 3.5742880900291212 3.3008929716785733 3.1014813233804919 2.9903586952267363 2.9739112100678335 3.0495808739052581 3.2060898901931729 3.4249386979770033 3.6829908452928031 3.9557689373782061 4.2209536646532868 4.4615272780494175 4.668045319735473 4.839651708755814 4.9836528676914087 5.1137044454689784 5.2468998081418894
4.6776649735419662 4.7655222685063485 4.8985741711200115 5.0673952261322031 5.2596035964458023 5.4612197210693525 5.6582367591734997 5.838147779333231 5.9911767688286073 6.1110105380615947 6.1949183021602794 6.2432589186900183 6.2584912761904556 6.2438991410731139 6.2022992586063408 6.1350089841255464 6.0413046165298754 5.9185109140642007 5.7627413439017161 5.5701785548528964 5.3386687048707939 5.0693233137902949 4.7677945926779675 4.4449227251599792 4.1165441709931239 3.8023861059613893 3.5241320248372148 3.3028999945884392 3.1564995524180572 3.0969012963383333 3.1283491384909698 3.2464655853712632 3.438555424558027 3.6851252387744431 3.9624362094557837 4.2457298792449807 4.5126422473859957 4.7462737366911405 4.9374217261904523 5.0856046292568129 5.1986940423353607 5.2911950063482509 5.3814376168210467
4.4857183005446633 4.5925056836201072 4.7495907773158939 4.9450439832927957 5.1637792031695424 5.3891588742987144 5.6048165265399623 5.7964074233881115 5.9530044652918699 6.0679166600632684 6.1388105968862803 6.1671422468014816 6.1570329218901785 6.1138251834832609 6.0426124354419937 5.947038805729405 5.8286129608129356 5.6866801974938381 5.5190693097089945 5.3232971737015067 5.0980986648357645 4.844973446176958 4.5694190295343828 4.2815571396916017 3.9959536163452283 3.7305669475182999 3.5049152705926181 3.3376999662630658 3.244239224038199 3.2341250363940652 3.3095085070007855 3.4643392107308539 3.6847451204936439 3.9505618255176636 4.2378323998648755 4.52193385044722 4.7808711568329434 4.9982362246630432 5.165365917422875 5.2823469709115027 5.357689685408511 5.4067002312893777 5.448790246989339
