_RESULTS/CROSS_VALIDATION_POSTPROCESSED_80-20/Berg/TZ/5comp/3/Berg_TZ_z_63_kriged_reverse_5comp_spherical_3.asc
ncols 100
nrows 90
xllcorner 5.6208707817415728
yllcorner 50.959635321741573
cellsize 0.00013419651685393446
nodata_value 1.7014100000000001E+038
[rows 19 to 37 of 90, columns 0 to 41 of 100]
0.32097545919177306 0.3278234632473317 0.3351026076813488 0.3424261567566476 0.34939332786798766 0.35560571927181267 0.3606908718890215 0.364330389040625 0.36628838751071163 0.3664350893547671 0.3647606883745022 0.36137642309098594 0.35650261279504875 0.35044632227375017 0.34357332924117845 0.33627963122125004 0.3289669366705511 0.3220249973987905 0.31582192978568213 0.31070233780422846 0.3069923043563425 0.30501013941140903 0.30476737360810324 0.30476737360810324 0.30476737360810324 0.30333318033498463 0.29795589677333284 0.28901379417284173 0.2770588471348053 0.262711801767669 0.24810154509193263 0.2353540027179068 0.22446839895359483 0.21598341812831154 0.2095254768587298 0.20472495712407454 0.20130298772251318 0.19908020238329577 0.19801280864877838 0.19826983168419063 0.2003637085725357 0.20530076683505316
0.3326372369134368 0.3420877887405381 0.3519686413728206 0.3618231510956447 0.3711595250558426 0.37947275749289583 0.3862779199732425 0.3911516053965579 0.3937752433081953 0.39397187311848053 0.3917280759078599 0.38719568067507804 0.38067281352972737 0.372568980631788 0.3633622037680521 0.35355678193543705 0.3436484021316327 0.3341002998838686 0.3253312592761039 0.31778638291029193 0.3118813148129333 0.30781203961946985 0.3057957336008581 0.30567979410185275 0.30567422160708096 0.30343727139080107 0.29707420416909125 0.2871234057341453 0.27425006279833747 0.259360749602904 0.2455482826423016 0.23350912097132728 0.22299828492152152 0.21392008901903148 0.2067181006626234 0.20112853218378643 0.19682525581047627 0.19356395383946298 0.19121162503372677 0.18983077616037822 0.18987634301011413 0.19150282358140386
0.347218961626439 0.3596681388643719 0.3726109816535456 0.3855032815730517 0.3977343557620023 0.40865474878610103 0.4176222608309048 0.42406279078604114 0.42753676826624076 0.42779732860293096 0.4248256755816093 0.418833851964916 0.4102341242391397 0.39958353145883696 0.3875177643606819 0.37468866287271707 0.3617754780287831 0.3497348134123903 0.33891196679066216 0.32950313280635135 0.3216925020516643 0.31566468177715273 0.31161992831436486 0.3097919123062392 0.30964837807953216 0.3066818531895357 0.2993530181878143 0.28825593632209257 0.27412150724073303 0.25855551139429217 0.24489051811938245 0.23324694273606011 0.22337741795200616 0.21478415047373342 0.207263965425459 0.20106168574920252 0.1961221978754 0.19213052135773576 0.1888356975384754 0.18609934729223518 0.18296517246012095 0.17876608157759777
0.36458167447310125 0.3805076421103624 0.39707936797058724 0.41364760946053697 0.42945003527752257 0.44364352762865467 0.45536608889053126 0.4638257779644402 0.4684036108489542 0.46874739049744923 0.4648301691705336 0.45695487056729245 0.4457035492673499 0.4318475068286974 0.4162903982495468 0.4006074241762355 0.38551980918725853 0.3713488252816456 0.3583644571185986 0.34679209903484903 0.3368259948294742 0.32864612447672775 0.32243668050553653 0.31840555900995826 0.31674820276941523 0.31323392014104195 0.3050673984131236 0.29290369732946214 0.27754851619266147 0.26156143312355806 0.24768425430586674 0.23578897877995597 0.22574916146694354 0.21746093018172874 0.21062330964589338 0.20467349255856893 0.19948754568375024 0.19520442879923236 0.19156842303815153 0.18744212702415441 0.1802554159690909 0.17052565954555193
0.38452607773211245 0.40448451342459774 0.4253637570206235 0.44639564065679094 0.4666302794887744 0.4849684646013791 0.5002412957003881 0.5113389949228806 0.5173719929992304 0.5178258511489102 0.5126609662680073 0.5023205483935815 0.4876438002033045 0.47019671973941934 0.45206607493375184 0.4338977398633299 0.4162036891066438 0.39940362813626556 0.3838261775417501 0.36972436219520183 0.3572978476161349 0.34671707885494696 0.3381468836117322 0.33176888836354107 0.32774255090911986 0.3231584862078054 0.31427357600731415 0.3011040665246009 0.2845662648460627 0.2682134452879118 0.25397117453669954 0.24171907108642554 0.23135770737389155 0.22280639054178975 0.2160017523266485 0.21084794959741912 0.2066648153413645 0.20313436198024265 0.19978815501194228 0.1936679927220839 0.18456379139086806 0.17324495264928005
0.4067477463045822 0.43135638630702494 0.45732878700283097 0.48377404193273527 0.5095209460172347 0.533138997529692 0.5530325394356156 0.5676234516663246 0.5756055614773875 0.576207512428947 0.569369447389609 0.5557573728553864 0.537719973069168 0.5176712369046829 0.49652506435287763 0.4751186992942807 0.4541452285488326 0.43413584209795036 0.41547543396676845 0.3984344226320385 0.38320524041483545 0.36993724084146445 0.3587674942986834 0.3498472076702162 0.3433356896146736 0.33662382721630363 0.3270781319514845 0.3129496420738853 0.29532919873432273 0.27842442408855655 0.2636455189662289 0.2509120522229902 0.24015995180573607 0.2313425312367294 0.22443366915082338 0.21943359533937926 0.21637025134775395 0.21466017049769998 0.21141743988421577 0.20489383519081525 0.1963092394170478 0.187683706731575
0.430787584299717 0.46069272681972145 0.4926268451334496 0.5255936273200912 0.558180949341178 0.5885459222369158 0.6145064323587254 0.6337882800501771 0.6444280526105154 0.6452331314201893 0.6361099592996228 0.6196984808931185 0.5989921770302289 0.5753591362612576 0.5501701004682564 0.5246037674864172 0.49956889662136894 0.4757084453679624 0.45344566654450064 0.4330436939292046 0.414663240731737 0.39841209394909066 0.38438500503228534 0.37269486134707 0.3634970624833392 0.3545019466635465 0.3436231654837246 0.328571523513686 0.3098636281617813 0.29216347299827156 0.27664237051627133 0.2632681887763626 0.2520200506668821 0.242894142138692 0.23591369608376467 0.23114476161028413 0.2287216092785259 0.22799724176182243 0.224570941513876 0.2185187423398394 0.2114917564733227 0.20588368872949958
0.4559818462672718 0.4917979407244861 0.5305877022874199 0.5713043577044844 0.6123163528301503 0.6514120642192615 0.6855974516340079 0.7114571854701528 0.7258824859464921 0.7269230496111205 0.7161175269505918 0.6972897282489314 0.6724079146861986 0.6437375813991892 0.6131966369703632 0.5823817829202548 0.5524304337771622 0.5240682850618612 0.49771210695154094 0.4735717068883566 0.4517357960139727 0.4322390394315273 0.41511219774027247 0.4004182911873257 0.3882777686331868 0.3770377026905829 0.36407141271932214 0.3481175527700782 0.3282147462553755 0.3094251912856658 0.2929050516981774 0.2786791240311887 0.26677567590743034 0.25723832290883997 0.25014412551613147 0.24563032717912214 0.24393344171394193 0.24211594823060223 0.2381453925389508 0.23247630694153212 0.22638934311522443 0.22204832467729113
0.48142133606956533 0.5236475420104348 0.5704596151982025 0.620950400118797 0.6732297898441094 0.7243351919856844 0.7701144178594426 0.8055092399291061 0.8255315521282865 0.8280455771236808 0.8164918371269887 0.792994407742774 0.7609715090827696 0.7241593394937206 0.685720429920934 0.6479431510731646 0.6121894059253451 0.5787697812627194 0.5479568009610402 0.5198339853492114 0.49435955793502045 0.4714512056935049 0.45104633138044514 0.43322721352760074 0.4181589775135209 0.4047989101892032 0.38967321434252744 0.3724522888768064 0.3510190876355512 0.3305431707276678 0.3124724837333294 0.29699698831334137 0.28420692345554804 0.27407706481094435 0.26673102371808105 0.2623669785102517 0.2606541219799352 0.2568572812649624 0.25111439935106317 0.244839979713134 0.2384129974516228 0.23329624310866517
0.506489088606289 0.556586504374704 0.6131856005221533 0.6754332984389041 0.7414677968448926 0.8079163350908352 0.8694028469496949 0.91849688806894 0.9473079654614737 0.9547101270528247 0.9408836468954838 0.9094707885926805 0.8667057966036683 0.8185772241507541 0.7695117304599987 0.7223041484470409 0.6785093262770643 0.6388628294988717 0.6034211364020354 0.5713317468574513 0.542546200694791 0.5172911088493316 0.49496566833376643 0.4751473532710593 0.4576489028603325 0.4421577529112366 0.42498688221310166 0.40580151669235076 0.3821926204914613 0.3589863848714854 0.33819948291368684 0.3201460675342005 0.30510489240578265 0.2933474104149462 0.2851051854251425 0.28044104303205475 0.27716679594260446 0.2707743956774413 0.26250621696888904 0.25388233447620806 0.24578970556714624 0.2381951881879329
0.5317872503943373 0.5902144069881347 0.6572457558325412 0.7324848503153517 0.814455802197333 0.8998208331091144 0.9822498471327561 1.0512979864487304 1.096486866748384 1.1106641236439299 1.0912356715949911 1.0463921962668699 0.9878133511500272 0.9247008367612654 0.862659548253969 0.80462450605689 0.7518987353392105 0.7048617901317983 0.663920943633731 0.6298099673366734 0.6006495430825507 0.5747123087671699 0.5511555871022943 0.5294355168882524 0.5093332695087053 0.4909482274946018 0.4716564702108403 0.44982540169790075 0.42337507540284575 0.396334383742421 0.371784282277059 0.3501945020063051 0.33184489960055685 0.31690695256791773 0.30579800308563615 0.29897793524461724 0.2924452786222543 0.28299632751438225 0.27161859036988945 0.259722976385789 0.2484727998870269 0.23741547244732847
0.5560082705023591 0.6225364054414204 0.699929494281828 0.7884631361657358 0.8874831970362185 0.9944976426693048 1.1034275232977602 1.2022274305455787 1.2754475694498557 1.2984518302932746 1.2659601895962154 1.1986485384212617 1.118186656223339 1.03692013760692 0.960521571773257 0.8912364938933798 0.8297503915109127 0.7780318011994849 0.7354386548077684 0.7002049797119966 0.6707642881988087 0.6452233834479605 0.6212254638655713 0.5979744283690257 0.575192597571132 0.5530847520764424 0.5310899693683137 0.5059600696993833 0.47594903528071586 0.4436207897171691 0.4139248290492465 0.38720010804918026 0.3639391046902181 0.3446492143310024 0.32974422181532226 0.319343806688567 0.3075663253295243 0.2933312628042249 0.27823150990849793 0.26265709870874776 0.24738770753078304 0.23289602004572343
0.5783122550498446 0.6520390799787771 0.7385254584647978 0.838817467705112 0.9535050566055805 1.0818606468276921 1.2199544033709007 1.3608766892846538 1.4812671650622218 1.5163814967913491 1.4530097079131383 1.3512622162146448 1.245105317917137 1.1455380397971013 1.0558645438875425 0.9773681841755165 0.9129381442015407 0.8607735828257622 0.8184903413017922 0.7839117822543786 0.7550490354407504 0.7301223188827024 0.7070659274819517 0.6831215955139552 0.6577668826792562 0.6313731554370662 0.6049079843148089 0.5758690452608816 0.541330351535259 0.5019225160364202 0.4646741487638371 0.43083114280543866 0.40119771788370284 0.3763012786359528 0.3565026139876981 0.34125545063421636 0.32360475183373344 0.3036023332432364 0.28301834363594414 0.2631786557070255 0.24401407005967204 0.22885110788412677
0.6021852007428913 0.6821114633061403 0.7758411889930172 0.884681879363257 1.0097141590656105 1.1515337112763784 1.3100193886311524 1.4909933497185208 1.6867879184922745 1.7434687060781866 1.6116007864475863 1.474815957348776 1.3495526780830525 1.2378698049253976 1.1408924424204316 1.0623405824339331 0.999777765172829 0.950304558582146 0.9112851896996066 0.8802320620893863 0.8547086076762878 0.8323164471851888 0.8108481880588386 0.7877219678016122 0.7601995759801203 0.7288222262719651 0.6953771117676231 0.6610352409204442 0.620436180070259 0.5714532819410755 0.5240991608993883 0.4811053727479093 0.4433830426410612 0.4114361101083071 0.3855187969474272 0.3643314191489677 0.34028388890146194 0.31416854671112165 0.2878485231955179 0.2626526376685534 0.23980825278782286 0.22634738329271306
0.6275006302047302 0.7123517855453746 0.8111647831286141 0.9249369346838484 1.0542521462777266 1.1989566505885167 1.3591062349715608 1.5403795008055061 1.7275398590478515 1.7832114513083555 1.6677982259007955 1.5368740907566154 1.4136922758379005 1.303399770991855 1.2129810489826183 1.1411518371551723 1.0852102594234199 1.0425957589891528 1.0108236736391971 0.9873297551857254 0.9692824438076477 0.9534620717297588 0.9364097575207336 0.9151025662091462 0.8862681837332562 0.848928593287936 0.8062905298259975 0.7623102238248444 0.7128514893458677 0.6524878649475548 0.5922006887627116 0.5377085232650614 0.48997351704743286 0.44940628655700393 0.4160847296090991 0.38807806163685715 0.35728125428606056 0.32490878332148243 0.29292983353897073 0.26268243409012326 0.237683140318441 0.22561084912728807
0.653523923187931 0.7417366510573443 0.8430643034564783 0.9576104488421238 1.0845102537121623 1.22120742599089 1.36536832232016 1.5136069079542678 1.6359395434573105 1.6764110238644838 1.624960269511948 1.5331597013354985 1.432453736194782 1.3417618938950369 1.2670152625282314 1.20807865635854 1.163799562411412 1.1326092122210156 1.1126538610883263 1.1016682601202243 1.0966582198863184 1.093476141009082 1.0866280428358583 1.0701847319741415 1.0403538432161015 0.9953871336914453 0.9402131210687661 0.8807310836647797 0.8174283045266008 0.7442803078182174 0.6683334102601283 0.5998209954851405 0.5400657812739488 0.4892899702428035 0.4473123517102591 0.4118427291628294 0.3741756250141102 0.33562870262956807 0.29826964673617384 0.26344156172509275 0.23825927876038872 0.2268316090071025
0.6798437687204246 0.7698145444453061 0.8711838526684298 0.9828404771439095 1.10216182377175 1.2241719518372134 1.3454930021707177 1.4594064480222353 1.5441033453336315 1.5761523769321506 1.5516071371299287 1.489665525432813 1.4180644307033436 1.3541715838113455 1.3003505934690045 1.2588705443845916 1.230367618353329 1.214606781097674 1.2107702506972784 1.2173862947354717 1.2318770899910323 1.2495889471284045 1.2623545483041019 1.2582665629437864 1.227507076988221 1.1711440734985545 1.0971833595786655 1.0168427756326137 0.9323712243654824 0.8431604937597379 0.7509357327993847 0.6659749691122424 0.5923060400521476 0.529865714513941 0.4781325167746235 0.43478145123745 0.3904079336093112 0.34601560378803864 0.3037446217501314 0.26545983576623855 0.2408630224484403 0.2302503826778571
0.7063529165091773 0.7966486825564936 0.8960568206757341 1.0022737760366527 1.1112508134357202 1.2166582633214442 1.3160813724650773 1.4034943071094388 1.4652482744530755 1.4901066079350545 1.4762142756777392 1.4343697342278405 1.386835230924622 1.3448961743768724 1.313118923102075 1.2910220011878075 1.2805133607972843 1.2826483323972793 1.2978445666481204 1.3259012572735915 1.365592313719475 1.4133667256160256 1.4598523011307492 1.483038031061459 1.4535403221125274 1.3750533255628414 1.2729379187306697 1.1658150813513148 1.0543755956885843 0.9413025773254553 0.831992817424721 0.7289912365241829 0.6402492750437199 0.5657925597128534 0.5045069520391343 0.4540923435818396 0.40444561842809384 0.3554276798733491 0.30908274339971753 0.2687515999299068 0.24473356370672228 0.23511398260854383
0.7331592973878104 0.8226211843774047 0.918658750042726 1.0180373083817318 1.115878215642708 1.2056174364722865 1.2863307082405784 1.3538313827798358 1.3995171397518233 1.417331964541595 1.4064525420170664 1.3793521935146154 1.3489843465122437 1.3227546203198755 1.306994894370158 1.3035370093411425 1.310977419771521 1.3313085389207393 1.3660765152844125 1.4164759712496942 1.4832569789441201 1.5661009396285226 1.6608627838941403 1.7431789046032542 1.7169618135165365 1.5878350538831358 1.444593880671406 1.3050558926249867 1.1644142822961006 1.0265005695998193 0.8968111705171233 0.7788381664153622 0.6757333439680917 0.5900667682552091 0.520124647639561 0.4637058287365788 0.41095238559227115 0.3597124404955361 0.3118953863206414 0.2718444716236885 0.2487946958933887 0.239611782931707
