_RESULTS/CROSS_VALIDATION_POSTPROCESSED_80-20/Berg/TZ/5comp/3/Berg_TZ_z_500_kriged_reverse_5comp_spherical_3.asc
ncols 100
nrows 90
xllcorner 5.6208707817415728
yllcorner 50.959635321741573
cellsize 0.00013419651685393446
nodata_value 1.7014100000000001E+038
[rows 38 to 56 of 90, columns 43 to 85 of 100]
0.24847619849750405 0.2513896799284755 0.25016604322876146 0.23768857400782795 0.22040834087817346 0.2046417237354322 0.19031554575138848 0.17750227041569447 0.16646639810492997 0.1576067095483499 0.15113141030655117 0.14814703930820167 0.15166739766609094 0.16691640206877018 0.1873297027525583 0.2147894693654144 0.24511409199531606 0.2731505141166053 0.2933131066522961 0.2936849129342678 0.26388786510955153 0.20736839518378514 0.13987102017419495 0.08160814118213859 0.04304872327592693 0.02160393704679843 0.010793865962484656 0.005601263189483604 0.0031536448158776017 0.0020210910256307896 0.0015420663128174964 0.0014422400406092833 0.0016990518625279918 0.002499133196500197 0.004423160402357477 0.00894298582710189 0.019841002211204273 0.046620885496084626 0.10979523994380173 0.2465912044364357 0.4856964635167965 0.8172368010693352 1.1995196816931042
0.2218358270433191 0.22268356647139287 0.2189803771899469 0.20479945640462022 0.18831088004071395 0.17345853269781072 0.16011285000880937 0.14853836110371543 0.13877946606396555 0.13107625718464527 0.12600432730578398 0.1242947351579819 0.12990669405756167 0.14189754532689466 0.15613376733263457 0.18904589856759135 0.2245646174001633 0.26023741165966024 0.29077305068576037 0.3067717331954815 0.29364708952543933 0.24095467219346361 0.15747693813854116 0.08341181230187604 0.03914920059331074 0.01743948404340394 0.0077141116102918 0.003531497755810017 0.0017585401243244664 0.0010118450656751402 0.0007199681905014623 0.0006664958204720001 0.0008279259877071068 0.0013426746301608966 0.0026774025256472234 0.006146574970509306 0.015352249859476167 0.04025530051018285 0.1029885500551719 0.2387207558699137 0.4812659757174576 0.8259019689841924 1.2424748925723605
0.20138159842629597 0.19955273913402088 0.1927022574275956 0.17781307043715197 0.162117935810578 0.14814126096978283 0.13603869818120232 0.12586559181733503 0.11771886922271585 0.1116376593279402 0.10776970384928199 0.10845648455977425 0.1165998364606226 0.12936650466191804 0.14413784121008402 0.17268211321222166 0.20630365703324305 0.24193778815567377 0.27809375086721005 0.31137712591696437 0.3301370751484787 0.3041484051640987 0.19092556826882948 0.08786806791884452 0.03646558672245778 0.014539955722440458 0.0057241601141892395 0.002293886044986562 0.0009827760319624293 0.000487443653480042 0.0003121410452374792 0.0002849953684541094 0.00038260609692085276 0.0007051624979637811 0.0016136695089808387 0.004226951673234155 0.011969295546515234 0.03555527400788146 0.10258398818204714 0.2375122334801289 0.4644067344210964 0.8012173146466106 1.2311365023593657
0.1862816488278693 0.18181806458806934 0.17167397209628024 0.15611472055988843 0.141260152000404 0.12884212138797893 0.11842307452699888 0.10982445543358317 0.10298224386513573 0.09793617700193534 0.0952729074445332 0.09832613001376136 0.10890189274595408 0.12387055697663456 0.13969852427297938 0.16041847544857696 0.1847067518666024 0.21222257598650707 0.2449064893580015 0.28367660544783924 0.3276949562171046 0.38017917346599933 0.217455952883996 0.08690581558082006 0.03362505922329892 0.01254302017629955 0.004526063992700576 0.0016060940014223448 0.0005829708468228825 0.0002360287647084454 0.000127077164750538 0.00011366625927540188 0.0001740374750402782 0.00038075916524703496 0.0010093099573470414 0.0029658614568779293 0.009232734130176681 0.02994109563428867 0.10165599151778912 0.22232401524189294 0.40818219163220465 0.7219221568441101 1.1479034762175961
0.17689537757004933 0.17029578641201285 0.15807212577714388 0.14161637064345278 0.12749995297027014 0.1162187705871556 0.10693078016250047 0.09927924295922506 0.09319732071855027 0.08869349778429898 0.08726328038310908 0.0916369692402718 0.10334828072819496 0.11816142923828697 0.13156576675666212 0.14436631368442343 0.15754447903704386 0.17279459752387086 0.19314903240160614 0.2196650095605797 0.24585525313164147 0.24502841361495376 0.16008041179165652 0.07415658105404159 0.030318505542927778 0.011426242666620966 0.003997726873784711 0.0013078032816647624 0.00040846324362979887 0.00012929328565989125 5.054848915642725e-05 4.3456347244780956e-05 8.714525671457735e-05 0.0002355384250807925 0.0007054146240516995 0.002213169239181638 0.007074483596523803 0.022420171226673214 0.06689560222746053 0.15822211762524407 0.3161877832643778 0.5928393097448854 0.998679084827768
0.175100587756343 0.16663565623321752 0.1526654457840819 0.13536814861905827 0.12054185687943536 0.10942584523514375 0.10046248597244131 0.09325379326144342 0.08738894746356748 0.08291506392397982 0.08243341858225661 0.08738176190983452 0.09903352866859762 0.1118366539688523 0.12039534579683514 0.12529073259191106 0.1279302821014931 0.13084627919119823 0.13760851465246035 0.14929348659416455 0.15811373912475518 0.14753342854202697 0.10709971962825923 0.06003403043578756 0.028068511421507427 0.011469683621407453 0.004161725131465986 0.0013505542633393379 0.0003964511106786653 0.00010702730245661365 2.72255584887901e-05 2.151002997174357e-05 6.471948213206646e-05 0.00019638639783571243 0.0006042463921039889 0.0018689896589874507 0.005716246865473382 0.016748092373813382 0.045467050866218196 0.10879065625919815 0.23250514403781777 0.4540763393405642 0.8145584751038003
0.18123857564793455 0.17095359935369397 0.15540122724341363 0.13684581329040169 0.12027352727726323 0.1082042092431242 0.09886112920446319 0.09116076241739732 0.08491019474525045 0.08044283279836839 0.08028074002606111 0.08483489629179683 0.09497156169417759 0.10504093320824057 0.10899675730216327 0.10714260519310702 0.10114822907738572 0.0942168193873983 0.09119109020696306 0.09532945846205158 0.1015701817381948 0.09840866690237755 0.07961884549570901 0.052355938081367806 0.02858894239232361 0.013288710165610432 0.005334998058855342 0.001872268441387911 0.0005895996561050248 0.000177472731853171 6.233300001532196e-05 4.97988598483131e-05 9.725774438696801e-05 0.0002456885320797854 0.000670597321954808 0.0018738686361678212 0.005192822437255159 0.013797058799710809 0.03462192863977077 0.08077446048320477 0.17500840813687574 0.3466365086436029 0.6324814408739973
0.1967286036009085 0.18444572879666002 0.16698261442111323 0.14647209868990296 0.12705764620365367 0.11274610590546637 0.10196254217381598 0.0929952121599169 0.08545808066967825 0.08011367687593597 0.0793088181097514 0.08300356113142622 0.09143616864415342 0.09949099631409385 0.10013973314250396 0.09358409718554217 0.0816514704176437 0.06776055984295715 0.0579128340855084 0.060240801617848845 0.07031241582136309 0.07500723450547225 0.0682846039126293 0.05203159195489444 0.03341901802743227 0.01826292877431012 0.008522149077254617 0.003434379755859847 0.0012553887548687203 0.0004673016691094135 0.0002196203342111807 0.00017130096559792458 0.00022971928006334 0.0004280812606092288 0.0009442790717631869 0.0022417501930362712 0.005428038566813175 0.012880168793779047 0.029627379165848892 0.06583719634496649 0.13949610638821291 0.27260090415360844 0.4924838503092647
0.21950906867792586 0.20517590950433293 0.1855795872171041 0.16264969663560613 0.13951113878264057 0.12155350892125354 0.10800796111046533 0.09709616391318482 0.08779792086501341 0.08138251787116688 0.07979305731692886 0.08247593748825353 0.08936239568047474 0.09650672264349125 0.09574156218037636 0.08705824312306534 0.07235052036525305 0.05472057899346378 0.037977960243093016 0.04185226642587563 0.05765756474263164 0.06780773673402092 0.06854509454143475 0.059696647582852945 0.045086468346081855 0.029546908661173116 0.016542416232729583 0.007813893250796318 0.003289901111519848 0.0014230251583761653 0.0007541079789635927 0.0005643348305193303 0.0006127028797371678 0.000888865235211896 0.0015682768558689553 0.003100178923916269 0.006453797930169298 0.013539615660728595 0.028291427949977705 0.05886067355713091 0.11893515345279876 0.2242862490534807 0.3945361902016277
0.2485898405393607 0.23196377047907538 0.20997382217680022 0.18429834686013838 0.15676314278055134 0.13409341652547002 0.11685320943161744 0.10348088462477309 0.09213702302648602 0.0845809049462708 0.08213620520329411 0.08397451404628964 0.08984036417242043 0.09730031936533613 0.09727837096519538 0.08915696999049467 0.07501230683528012 0.058545382487541264 0.04567706133386201 0.048326378195463024 0.062351179591305386 0.07445674372470731 0.07993953522680247 0.07725266610057356 0.06765198212630845 0.05372828433298202 0.03727630201087007 0.020514493749138253 0.009304760092274026 0.004293140972022198 0.002363731402533011 0.0016928894116918823 0.0016114024876452216 0.001956543238169886 0.0028486511853078444 0.004735179895755489 0.008487906641802836 0.015713597038731694 0.029718575402876746 0.05731727233440967 0.1083424992111297 0.19406439183015906 0.32785453465689074
0.28311448681729684 0.26465206013947157 0.24048550344829916 0.21167870561227012 0.17987334725612894 0.15118826275412706 0.12930402075286762 0.1126124936758011 0.09890689953383337 0.08993190604565603 0.08652977822056541 0.08770688566082696 0.09313749510666272 0.10195391151509657 0.10503798648337061 0.10020780635415238 0.0895538370065922 0.07734404472050238 0.06971345163756003 0.07214646963236537 0.08319803479527792 0.09554446635722062 0.1040812188130709 0.10726144109189623 0.1050277260080001 0.09905801245689926 0.08962579515067362 0.05724495525190621 0.024807474903191264 0.01163054705798033 0.006501818673624442 0.004521207140995395 0.003957036679876371 0.004249014177951858 0.005357277133936259 0.007660401129217221 0.011974341967260079 0.01967541976684752 0.033753882892639316 0.05994356947523845 0.10474878050262149 0.17638222704737777 0.28332835530847794
0.3218729597416756 0.30270122794179605 0.27698383694168377 0.2450086973650659 0.2092119343138788 0.17391992891271082 0.14611768677651216 0.12505016403582395 0.10855421608095434 0.09766646818844464 0.09312309814711905 0.09374525327686986 0.09919691070658955 0.10974116161117531 0.11832341361108577 0.11954796986623872 0.11498069390780952 0.10854919225059326 0.10542731094363164 0.1093025151267184 0.11981037005847825 0.13267823041078336 0.14330901797461576 0.15112900243232072 0.15571605571306238 0.15790802301447351 0.15606314276926322 0.109614993390774 0.05198156455006572 0.02623712405391925 0.015275429368848622 0.010613071904534806 0.008868121460983612 0.008780115723249615 0.01000735240260287 0.012720156947779922 0.017647307463707438 0.026023324607760894 0.040770171023982546 0.0662318332206066 0.1065861098568279 0.16760303391961034 0.25432034095794365
0.36298015949318146 0.34500161895728354 0.3186953421925022 0.284359689776209 0.2448042289064781 0.20370593593738873 0.1682240306456052 0.1415526125289035 0.1215068499595253 0.1080145611236815 0.10200021888882563 0.1020227285435659 0.10773099833844396 0.11970592501562584 0.13559687644086849 0.1458162358040678 0.15030479489016382 0.1519021133436689 0.1546121097832167 0.16158556926423562 0.17330957601782057 0.18727615574131143 0.19950500300868046 0.20849444969518058 0.21382182813369918 0.2115529941282718 0.191113811378352 0.1401114601824309 0.08409367962157188 0.04889496192466045 0.030726727772102197 0.02192550185416595 0.018025091739247677 0.016993469728130702 0.018061643121152632 0.02115147021337279 0.026636371249110728 0.03574835427430134 0.05149888709886959 0.07624750862978079 0.11301599162501233 0.16544376581457212 0.23628413464306885
0.4036746314995909 0.38864833412756317 0.3641549082750192 0.3293650471439053 0.28682526613455783 0.24073236758150318 0.19671941512771476 0.162885887147742 0.138189034385311 0.1211866978593633 0.11316542038773952 0.11232671776929595 0.11823124208780286 0.13168160377473936 0.15419245771076207 0.17640806517687668 0.1936748895969396 0.20665130370240564 0.21749309897095337 0.22926544872096205 0.24354531384599148 0.2590749077311502 0.27239356766309003 0.2790802658033045 0.2782366590391663 0.26456423158388787 0.23045340399677705 0.1766406959213738 0.120861214233727 0.07954290559624462 0.05440162547823844 0.04045776651556536 0.03339147080372726 0.030683852520158848 0.031134284485298654 0.034361892540675246 0.04050227095191577 0.050393621899326696 0.06661838207879905 0.0903479419642004 0.12366319670339218 0.16855573579176272 0.22616941369946686
0.4404020782966549 0.4292740912377202 0.4099393484691757 0.37821841485511215 0.33471530585845566 0.2834747108352517 0.23243465344899164 0.18962314302387118 0.15896454741668756 0.13738627200465958 0.12656341511320313 0.12432475932608372 0.12999386651189318 0.14447983206492182 0.17048784622495117 0.20669617682825384 0.24109785579215587 0.26963049764173125 0.29063466533017274 0.30832053167484225 0.32635139742130953 0.3443398370639932 0.3586656852936854 0.36336025285750384 0.35260579019221383 0.326346064879598 0.2817072413999403 0.2236731806567863 0.16554283323422236 0.11928316845603558 0.08766718825656987 0.06807358966920679 0.05699527383563673 0.051831576750139774 0.051073451281062 0.05404877688261112 0.06060442586293398 0.0715500323763881 0.08722519764570429 0.10907971678138964 0.13843677084898787 0.17605185366750847 0.22192335726988005
0.47007546593425714 0.4609368117848195 0.45026611321813254 0.4270435308561837 0.38674498767345444 0.3290802228606046 0.2713173869401787 0.22181090545526147 0.18395140104217123 0.15678209234365922 0.14209466443453755 0.13760915070578367 0.14218540565670024 0.15660928649792383 0.18381689043770646 0.22928526800667262 0.285064188732189 0.33414439114744066 0.36401738497419656 0.38760221516146576 0.4114528450037706 0.4345874790628932 0.45232326396820716 0.4573862074423948 0.4405720224978269 0.40176235853494335 0.3470060002820444 0.2830156015672255 0.22115023562870118 0.16980767124950474 0.13195524898428318 0.10646549517289616 0.0907428895748464 0.08239343671577318 0.07976820271060418 0.08195654815113075 0.08840038029323156 0.09890383881371077 0.11379628181347182 0.1331052306879541 0.1574000488818469 0.1873377216025862 0.22213654094781682
0.48947936186530416 0.47995698305193063 0.47565156000786607 0.46398405249425134 0.4374483304115077 0.3687488370813504 0.30733344124980033 0.2556224326699898 0.21310521708135646 0.1796446789872928 0.15974142296664243 0.15186115330439687 0.15409728913472245 0.16673129986060095 0.19230522962802207 0.23679818902598648 0.3086221959268536 0.38407470423086687 0.4150177563604137 0.4478594544021702 0.4827818415782881 0.5167472435520511 0.5437157609230114 0.5547832474918966 0.5387875303806721 0.4926403612811902 0.427157048792395 0.3565826620556433 0.2895838537043059 0.23264110985939612 0.18856225753073566 0.15703662484501635 0.13622392476880738 0.12406173184709667 0.1189024411620522 0.1195291141778829 0.12353721709814311 0.13185629120780973 0.14440674794092703 0.16074102499453746 0.18023613565616628 0.20200255093475455 0.22582438977055289
0.496116792435056 0.48467343434399346 0.4795142519781176 0.46988999461458436 0.44101146867839885 0.38961586594033515 0.33441770357429107 0.2853223604160756 0.2436076491471961 0.20666208109643217 0.17990630683923303 0.16718681262866122 0.16557836346842325 0.17442258930370586 0.19511024195560175 0.23168908086259038 0.28986542841845275 0.3614095543017822 0.41828877357405453 0.47067905798182086 0.5240323391710137 0.575966447146175 0.620176304841254 0.6462080566214489 0.6384471125121932 0.5933718798776824 0.5229019312899813 0.44456830157591654 0.37141111798372795 0.3084936066244637 0.2582042732258162 0.2206180777389084 0.19444781872215233 0.1779808073868333 0.16943466013250516 0.16457255842962132 0.16432411861124396 0.168600188586604 0.17695666562886617 0.1885192332887026 0.2023127258452516 0.21716087592697028 0.23164576832507408
0.489866257348141 0.4758242764922945 0.46622281912344843 0.45648604974788703 0.4325371940072315 0.39416343481749666 0.35006369607409504 0.307827699672803 0.26985426525643796 0.23442662848408582 0.20355090604980305 0.1843310413545455 0.17730832603521082 0.1806567696221691 0.19452442066769773 0.22032871431936196 0.259906407314737 0.3150373396004315 0.3824151990287371 0.4530514313791472 0.5269467421021942 0.600331270817016 0.6673656669599607 0.7188701754496942 0.7316054684182693 0.6908383977403881 0.623356436994304 0.5443013635641479 0.46536250152387215 0.39669878239722184 0.34052329287778177 0.2970884684651896 0.26551677462228634 0.2436537136665911 0.2263069330147991 0.21352581265346107 0.2074892721060343 0.20593046280594973 0.2083250096699321 0.21348523055720153 0.2201952712349778 0.22717414929717272 0.23306716741227085
