_RESULTS/CROSS_VALIDATION_POSTPROCESSED_80-20/Berg/TZ/5comp/3/Berg_TZ_z_125_kriged_reverse_5comp_spherical_3.asc
ncols 100
nrows 90
xllcorner 5.6208707817415728
yllcorner 50.959635321741573
cellsize 0.00013419651685393446
nodata_value 1.7014100000000001E+038
[rows 38 to 56 of 90, columns 43 to 85 of 100]
15.783529901567633 15.933911686210747 16.163870795897026 16.313868010479503 16.372718529611028 16.384515007673436 16.37486165648591 16.37369895843868 16.423000958690672 16.57449509493103 16.85299721217432 17.255604268642184 17.73886806595159 18.159212137335857 18.209472042409246 17.73254272269755 17.120275177642487 16.655372966624174 16.421537866519913 16.428684432627048 16.63709361439863 16.964281267219704 17.332383049910522 17.70206345446909 18.06456471500964 18.420377715809426 18.76546036582368 19.080953964029508 19.326973501739914 19.516792275636508 19.683305225330372 19.813377451336855 19.865974208822205 19.768032121648933 19.39191128457288 18.722091538425346 17.86710844829748 16.97541729919454 16.044497761001896 15.087378183968204 14.253555817670339 13.596163742229164 13.143756116668415
15.925267199723553 16.112989414584664 16.32446175767107 16.401525568263672 16.395663503583116 16.345873157812697 16.27836032158098 16.24475778465143 16.278894230665195 16.40276420535671 16.633814291775472 16.987152455568083 17.47854012734206 18.083375213863313 18.29665438457803 17.165045668102643 16.1649903480334 15.505808694154377 15.204125740282096 15.233294631977804 15.52836422849285 15.96920685063225 16.429122361802996 16.861819355575385 17.288194324373112 17.721495072537145 18.154637390075727 18.57084926087396 18.950758237361875 19.296560642193946 19.602741249626852 19.858434210688767 20.0120325882579 20.00242459742414 19.702836648478385 19.09378469923971 18.20104920772703 17.224772861134703 16.206004645475776 15.173769866327403 14.234760101786664 13.477417077899128 12.91224992355294
15.991675633879076 16.228175493124112 16.384665109833453 16.388685403529706 16.30742967237535 16.1860341756347 16.078510239335735 16.004563124048452 15.977946750203392 16.012806388731356 16.12072370317997 16.320901130548968 16.61646661608739 16.97129531799703 16.89799497081557 15.757247625653548 14.689293036536553 13.980898078864012 13.680050902979934 13.773449442587063 14.21091736893629 14.84943194113239 15.421574820536934 15.901617332548021 16.40257399587163 16.935302610684957 17.478037980460652 18.00381994226346 18.498415016674663 18.998864941974773 19.472606158490656 19.862789499483625 20.121399342453742 20.19822035585722 19.972322217732614 19.42354933396651 18.545325742490284 17.485492619146616 16.358820570251716 15.287770923489518 14.320935108980706 13.496998147670435 12.837681258467523
15.971069663098431 16.226099256867087 16.34019269073223 16.280937246492684 16.125882471304394 15.95933489613611 15.800164360548695 15.65661954600567 15.535106192858198 15.43864980873953 15.36708373295341 15.323696079910032 15.256208084691632 15.070779194262924 14.562823043268486 13.665933534358974 12.750599596018613 12.105295475569523 11.847934062869243 12.020103911677744 12.605469246772444 13.543590759713615 14.210754870152362 14.756116439119893 15.387115345258188 16.061184405334775 16.740603846397573 17.393865695795892 18.02611115288523 18.658241077337728 19.265960286753145 19.793252086649296 20.176120061209723 20.352986368337252 20.200880285602615 19.714256401516288 18.888144089100496 17.784559436999185 16.539498879020584 15.497583173378116 14.590804680962641 13.704553987238471 12.954316807231336
15.855026867151501 16.100278874929657 16.171850286620657 16.07203308476244 15.888383766460398 15.677897771075235 15.456437073776785 15.230677741664717 14.998721018914013 14.751817176588657 14.480379753044259 14.167934757088005 13.751195371740307 13.180610900348903 12.417100717870404 11.516579688596456 10.669911629734806 10.073191189970498 9.852835443140298 10.069063894026003 10.713879878562821 11.65008788547359 12.564355196703628 13.40058544824003 14.256464722097506 15.123866374251648 15.971300905767738 16.773128037761115 17.55656250188807 18.315740220813428 19.0299666155455 19.657401461424183 20.15038739738205 20.427081807792067 20.370144219067907 19.96232395927498 19.20496250773552 18.144141105653524 17.01660518190085 15.974273454849206 15.039951689839553 14.107253543535291 13.263806549891505
15.630073588987631 15.852762928161013 15.888360824290995 15.789292967304439 15.600424488866373 15.353680343541148 15.075896113554785 14.768137794563922 14.422804835912764 14.024104231687689 13.569827985533827 13.030039548491143 12.348298877460193 11.517773741554626 10.57916752878955 9.606034218422192 8.732368689529354 8.111141206801612 7.878864546652367 8.113663215678736 8.798417129681832 9.789624341233152 10.896390387336625 12.010357057435362 13.111066058211982 14.184841645572446 15.206475304365622 16.175243971981025 17.096564526834072 17.96458782590225 18.786151111753295 19.478553027772495 20.038947506423817 20.40791962795536 20.445611035478684 20.13649671724853 19.476869339473676 18.494553743471503 17.450725239762075 16.46027117526227 15.536947012624097 14.629598042109542 13.727939967729327
15.30017166456729 15.50168240462476 15.53707933249111 15.452361097415485 15.265386245799181 14.999515550667052 14.67646231609592 14.297526029798794 13.852052484777108 13.330646062695289 12.735164979362096 12.02816761371936 11.163594551505351 10.171495583335895 9.114927417076307 8.061109513105075 7.111157483617937 6.396077885585423 6.085597960040641 6.33116190185582 7.101549889887533 8.208845627824283 9.470463828373402 10.776642376215325 12.073095075323764 13.32608632942582 14.507302061278956 15.620475654347853 16.65249530150262 17.599743165483396 18.45910030503762 19.200670568047027 19.837156139311425 20.292349932799258 20.42515333402849 20.21556199714407 19.663411255903426 18.78385434277906 17.800788450637338 16.86869334350992 15.993223542227907 15.137064728934153 14.284279504341821
14.874005166866805 15.075185998548859 15.138115906446362 15.075858452187576 14.897195698688174 14.63047216108585 14.269887385465916 13.837807972818888 13.327420045764649 12.73156501607389 12.044397272739594 11.224860931519864 10.25682019732123 9.17723027917319 8.056661855952669 6.947587161265252 5.918154091756033 5.060917714382787 4.5735600806327215 4.834779635373889 5.772667879046033 7.012431167785291 8.382491880667637 9.803306283546211 11.224198331697991 12.603850601706371 13.924092847961505 15.149940560329558 16.25636419863125 17.244481827849523 18.1248935844197 18.90305876735435 19.58755698182437 20.088771449535344 20.313547622649843 20.201006833361053 19.75203829251911 18.97840416854945 18.072210886885784 17.19979355743871 16.382417892161275 15.586936898495143 14.809788487138775
14.39230717596093 14.615147718319724 14.710515845058126 14.67916292083395 14.519572003517705 14.255691489400151 13.885538858975599 13.426570347238906 12.884529212424155 12.254207510999944 11.515375651517987 10.648017261407254 9.645091742600481 8.540614362411707 7.410507676087589 6.296465974861813 5.241409051917126 4.283863500297735 3.4729976959612157 3.815270432619972 4.980361636433451 6.284479403835054 7.675977030997886 9.12292879964463 10.592948903209356 12.066654008379725 13.495086330207762 14.799511182099964 15.936940864139753 16.929246578298716 17.81485978298473 18.61972604730104 19.31803194828171 19.830067666692273 20.122114317607558 20.09979883147658 19.747066925388975 19.072479300144398 18.254636283656538 17.460138015973456 16.70160833501702 15.96848522711877 15.265026501217715
13.893142487857057 14.139265012818214 14.268921979370036 14.275852889088398 14.141348951468235 13.893321162291656 13.539604423142398 13.082922212113338 12.54227323343371 11.904643095259978 11.160071249279994 10.29812584169654 9.316904147930739 8.242867320102537 7.155659674900939 6.097474146552494 5.111013766007976 4.251636731497411 3.6717201076471806 3.916396537413791 4.862986241282807 6.045180955980616 7.344261866518749 8.729172109214861 10.192003470750697 11.716354113352843 13.233995258967369 14.586723903184213 15.694638158190777 16.650136264181608 17.524422211378525 18.343768304875297 19.031856605705244 19.539888378956462 19.86398026860306 19.92200165308236 19.65634865388137 19.071810371693093 18.348595852197093 17.6477902895362 16.953429226579793 16.28162727590826 15.647813580933558
13.399521749431104 13.659721037184372 13.820164714152943 13.862886008996739 13.767003163412959 13.55129615562492 13.235220318030821 12.813597572525856 12.299791191755196 11.68669846230641 10.977241967763725 10.164445339733556 9.249827644139788 8.252301552168815 7.249843485268805 6.294009638483288 5.437333035514228 4.762398432179053 4.419109012082999 4.588813479449281 5.244695163769745 6.20064636051585 7.328050194132353 8.592647979126324 9.98496450907156 11.498666306912952 13.10450793705826 14.488415447205174 15.469997479049905 16.369855081331156 17.236111153139415 18.050940009816536 18.722210025563072 19.227838190075673 19.557524143343002 19.67799282181011 19.488835912692586 18.985291085223874 18.362819782796556 17.75662141998015 17.140504190986903 16.52964666874252 15.961499952454389
12.928743731465897 13.19213272564656 13.37106127829028 13.441455632479988 13.393954867261074 13.230777890875384 12.973829203011537 12.616658284706569 12.150986808223214 11.593749859221585 10.952479498873705 10.22320716573522 9.40993586290452 8.52704260737861 7.638453617755212 6.808132434758842 6.087815124374035 5.552802624406823 5.301109187593488 5.410319586452219 5.872134380116248 6.609220830848309 7.548526541537784 8.652398364057248 9.910580778577032 11.31464651483653 12.834489240071598 14.16821121574825 15.138636005546664 16.047626495208338 16.935292914906157 17.73159356713529 18.389951426141963 18.892617588257032 19.224229131906547 19.377019264909038 19.253034639255 18.824067078445307 18.307246020173345 17.79148256596518 17.257588263630865 16.716487722565944 16.21103642177196
12.510697048374524 12.756710134259572 12.931713407242373 13.018342835642185 13.01902384495478 12.929606243943748 12.752587883227237 12.480417715293491 12.088292526321707 11.611276928448602 11.062547231578709 10.441586963748941 9.754863542097373 9.016532926278241 8.26479446281971 7.571258667944444 6.975225506097418 6.528840808546783 6.295304351786278 6.324213346121234 6.627061754576003 7.173386539592381 7.9205895261840675 8.84128392231085 9.924066991984521 11.144918316038273 12.438328880475558 13.658064461660507 14.722023328486056 15.699297347553342 16.606098146802754 17.391274420291563 18.041274213306405 18.540294969283362 18.87361909076439 19.031911289665885 18.956179956902396 18.600680164295593 18.190236283651664 17.759431253117885 17.308165117162417 16.845702807675607 16.401411848694266
12.181045808910259 12.387175820439973 12.530344169031151 12.607307102004803 12.644748009295828 12.64288448254352 12.570994325707193 12.39942609455545 12.102544811978602 11.721425647088477 11.279233339394192 10.780454655019934 10.235058228341826 9.658259541603762 9.070558756892295 8.528123894196224 8.05401098002689 7.663200476555337 7.398887247455667 7.320218988738106 7.461726868292031 7.820541249916066 8.374212065956177 9.104906086023975 10.00280503867919 11.038457975250068 12.157555674741948 13.281810302895092 14.35784134192132 15.37031803029356 16.269680734949425 17.04579575542494 17.68714989323048 18.179631495039537 18.50965822006436 18.6659819942846 18.607889087712 18.328297060250314 18.01386377759187 17.66785734142722 17.298901857356142 16.916293229765675 16.537209372043737
11.963755792843434 12.108043363057048 12.204879074239013 12.241385322324025 12.291140574101163 12.382611331723279 12.443230624827308 12.38243183468266 12.189640043085822 11.908394510742808 11.573905126906306 11.197644390012874 10.794621144064907 10.38430316504208 9.98660200563971 9.626442454537951 9.310989031797863 8.972092659308043 8.617185480900732 8.373352463955 8.327564941105434 8.494064503591769 8.85703441052069 9.40127256001089 10.126756607052894 11.004286926605825 11.992981048481193 13.040317515251216 14.09439218966591 15.075439040212252 15.953370539059295 16.712972218224376 17.339807734373817 17.81967120131085 18.139585257327393 18.288696796493756 18.23189420685293 18.018850989557876 17.78614565539784 17.52419462986375 17.2364653221113 16.93221417192956 16.622580983199935
11.853776686304267 11.949116084558781 11.996103126687197 11.950055179081845 11.970636710382532 12.202878371256194 12.419763134866061 12.478803779423629 12.379271324381333 12.185751641564956 11.945165725706545 11.67788160629911 11.403751491426107 11.147401204282174 10.93672311823163 10.794479174596868 10.721576278072998 10.467345739435698 9.89541848567597 9.414741321884833 9.165806844778093 9.14519485275566 9.328568599929255 9.701265600368316 10.273806480511809 11.028007930431993 11.925228366066573 12.913180198253082 13.899883557683362 14.83111359426044 15.67428885698072 16.406393307691065 17.009368963831733 17.4679802035673 17.769294726621823 17.902668473556652 17.845014715275028 17.69716555888958 17.525350622779083 17.33563079682278 17.12728278823383 16.899447757174936 16.661326307040632
11.84938416164482 11.927752195392587 11.979085513943064 11.870173369109196 11.732674941972018 12.227710383127105 12.566969409341175 12.719139512224013 12.697635720078559 12.571865724248472 12.401375177868738 12.21573461723966 12.036297384245119 11.889163179538723 11.806374715216466 11.827331256849629 12.004286141702163 11.998938791484582 11.003731062328322 10.320367051630662 9.91310955845115 9.738535109993704 9.764518724187438 9.984341930215706 10.428636010331422 11.09612816818721 11.934822236634629 12.846736746866473 13.76570732383476 14.642362011887974 15.44058028899517 16.133929657852928 16.702256764128993 17.129504777577882 17.402615470253586 17.50988624958373 17.4665632878325 17.378615344339128 17.264271465534144 17.129640401480074 16.980849072792164 16.823543361398478 16.65612083735591
11.954069068745001 12.043783318991238 12.15144708221538 12.210390193883008 12.301131499047907 12.61232596431662 12.93044937962776 13.110713921951298 13.140552277537557 13.06667421083287 12.9358517256365 12.796896663356804 12.667817781206947 12.56823176761431 12.5181964875586 12.531126353345162 12.561415577691232 12.3146888085323 11.640415666531513 10.996721540075367 10.54132946557431 10.27171106091622 10.168897057623088 10.245809823816604 10.583474668447343 11.194956820067862 11.977742733119014 12.832667516954727 13.692157922810635 14.510946091053494 15.255097774598935 15.898563304975113 16.420982644115043 16.80614363023509 17.03976439010371 17.099353978907843 17.107989471622076 17.075428854816465 17.01496692392728 16.93269330854161 16.834601314365965 16.72654393966959 16.61401859835415
12.15279786492505 12.27003561009991 12.434289029664287 12.665265781428179 12.91053644571856 13.197658174488119 13.466280627723487 13.636373241452276 13.687122712791341 13.653127649892888 13.55021240771961 13.42432623186149 13.303897052477975 13.197824355207763 13.109423836646354 13.020701480892418 12.864633513777163 12.526935408143178 12.017055258377038 11.508454733076775 11.094988856047564 10.792725065930906 10.595265312208493 10.51139470093508 10.702429059207425 11.316075487080425 12.080870026309874 12.88616325400494 13.684388727627686 14.437636294271789 15.11715760708611 15.699236467700853 16.164405011871434 16.494012256167615 16.660137271186727 16.715843268818507 16.78062565708268 16.798535057217556 16.78764127390257 16.754292010651692 16.704197334185125 16.642892070754304 16.575515720909372
