_RESULTS/CROSS_VALIDATION_POSTPROCESSED/Berg/IZ/8comp/1/Berg_IZ_z_500_kriged_reverse_8comp_spherical_1.asc
ncols 100
nrows 90
xllcorner  5.6208707817415728
yllcorner 50.959635321741573
cellsize 0.00013419651685393446
nodata_value 1.7014100000000001E+038
[rows 36 to 53 of 90, columns 41 to 81 of 100]
0.029495349248055188 0.029557621920758757 0.029553623006741043 0.029483582464199933 0.02935151113068788 0.029169818005512584 0.029261071981531647 0.030226154111349792 0.032145350599380396 0.03511218899774812 0.03929364141099779 0.04493375968786258 0.052359226401818 0.06192937787135478 0.07404496203132357 0.08904719251157658 0.10314004610613352 0.10963996127458572 0.10715501955859669 0.09668288885374765 0.08081888332325565 0.06277794021102155 0.04545601871890587 0.03083234436902326 0.019771948639227307 0.012170976668795288 0.007341314928820356 0.004441814563621014 0.002760249633216786 0.0018013126005369145 0.001259232645138148 0.0009586954458740342 0.0008044329951615751 0.0007482473725838405 0.0007679877575814364 0.0008627600582196691 0.00104925126257671 0.0013535514570050633 0.001812735495168727 0.0024791839045586374 0.0034095844244309264
0.02869640709342047 0.02874358022822344 0.02874054912087125 0.02868750048343823 0.02858769835105134 0.028548495743553337 0.029024171650422682 0.030467241128631514 0.03295654766647942 0.036648217939327654 0.041792118665141466 0.048745799151280064 0.057992967410863204 0.07016222103342953 0.08592789939343426 0.10333971940844205 0.1161050610480951 0.11933130724373757 0.11270037980439342 0.09818301967058135 0.07912479252672576 0.0590661474963517 0.04084302820485021 0.02618310356328113 0.015666731476831994 0.00890074078317565 0.004928416315618139 0.002739046611811096 0.0015719398803700608 0.0009560992807694532 0.0006309128102486307 0.00046091886252934227 0.00037852406170331014 0.00035204299639822234 0.0003676079292793505 0.00042750640182264007 0.0005449349145944213 0.0007456143771182321 0.0010639991436345608 0.0015509000758342373 0.0022702136219841323
0.028126454685719955 0.028096923492874216 0.028094711896594272 0.028056595780475396 0.028002631893254457 0.028178852900951918 0.02902787875004201 0.03091264061850864 0.033953751394822915 0.038375184990258215 0.044521312373216854 0.0528846677165689 0.06414103845124557 0.07907365196294908 0.097197791402346 0.11483211091735113 0.12504653890633702 0.12452627009539007 0.11391855302719103 0.09611604637698488 0.07499935498199169 0.05413437380983217 0.03600040170641286 0.021901165522268666 0.012187386860205754 0.006330641342116196 0.0031840849233834684 0.0016108963625523854 0.0008473565263440528 0.00047703538453509225 0.0002952269567437175 0.00020594102897811628 0.00016532458306598742 0.00015455687275634877 0.00016650563643182042 0.0002031223639358552 0.00027481241985480363 0.000401591171947851 0.0006154627951046409 0.0009614528152762129 0.001503444309914253
0.028017811692277926 0.02777540421341034 0.027633192435597344 0.027593728886485324 0.027654041363210466 0.02804403949629591 0.02922791707115218 0.03151765535484623 0.03508530808318747 0.04022629731618304 0.047388546272558056 0.05718384165168322 0.0704010272879498 0.08771234004135442 0.10617341545183104 0.12250925397781749 0.12930514984021316 0.12486282158379591 0.11079880356005237 0.09070419559601686 0.06874829499250519 0.04830032963881598 0.03125389107866606 0.01823452150093393 0.009394863258282714 0.004395621255963407 0.0019841004059628835 0.0009073035907793997 0.0004352709689250291 0.00022558992737368836 0.0001300637717238585 8.610102580021295e-05 6.748055548415642e-05 6.383016532166962e-05 7.202551181776208e-05 9.394682715259295e-05 0.00013704440255524102 0.00021617416122551581 0.0003578079202688575 0.0006016167978315637 0.0010071078059424518
0.028370480589115857 0.02790575209659729 0.027551212217169142 0.027342260709871658 0.027526853377865815 0.028117987620535273 0.029589995170259262 0.032243871140231244 0.03630137695221397 0.0421065879031026 0.05016610308094674 0.06121665693259724 0.07628103848815725 0.09423320187701144 0.11211533157264267 0.12606135492061163 0.12914175691360288 0.12093958778873566 0.10398514995933615 0.0824625901445479 0.06062222258046744 0.04152271152002233 0.026495569083924354 0.01524533851210672 0.007197362263334637 0.0029543968029465515 0.0011874803162830916 0.0004912652499129477 0.00021544496861681785 0.00010280183058023582 5.494665041176335e-05 3.416824195104469e-05 2.5932181257128405e-05 2.4975837018494185e-05 3.0171207972968802e-05 4.322593802519315e-05 6.930221274572305e-05 0.00011930861208163064 0.00021391124162057533 0.0003877138209063974 0.0006944835426925971
0.02917875708485469 0.028471322515478653 0.02789077239360553 0.02751150543084168 0.02764557020558593 0.02837399216356098 0.030073331774384836 0.033010293419666895 0.037432685287853706 0.04374062302736421 0.05253052337662363 0.0646605199252463 0.08084526520730972 0.09808310140891972 0.11458851677481018 0.1254995604321491 0.12498444317105284 0.11361696666523967 0.09461426597824567 0.0724463501034857 0.05125979434344599 0.03377504647336168 0.02096763591949089 0.012447012961085604 0.005210598734454142 0.0018614335659582284 0.0006783975044832227 0.0002581400796924056 0.00010482165784482167 4.6399790484617346e-05 2.294628548026654e-05 1.3184391115787966e-05 9.478230921650242e-06 9.358144754463549e-06 1.257490474662962e-05 2.0467107629194235e-05 3.68051963113502e-05 6.959314177839245e-05 0.00013500041342834183 0.0002628530013819076 0.0005017421114707418
0.030370698750010854 0.029400192115896027 0.028571687348117193 0.0280252698395482 0.028050794228328253 0.02869997938615964 0.030507667457670064 0.033626756141793834 0.03830327088397219 0.0449766131515454 0.05430377663179025 0.06723751938019043 0.08322413471746064 0.099083012076654 0.11354587181647059 0.1212698084269854 0.11762679244164498 0.10393929282607642 0.08383949284938713 0.061794350583612226 0.041659777170500976 0.02576038090492368 0.014643091140750502 0.007445540326779014 0.0030366724466948966 0.0010680278467430282 0.0003706202203084899 0.00013349475726128778 5.135863238989768e-05 2.1535872708506433e-05 9.996455444777523e-06 5.249661035677893e-06 3.3775862754767694e-06 3.434905909167568e-06 5.549243673949722e-06 1.0598191251414529e-05 2.1448936397398046e-05 4.440107203165768e-05 9.242506799153598e-05 0.00019137370796553225 0.00038605493048021196
0.031816679042395796 0.03055186475421368 0.02945121293630294 0.028730794931033893 0.02862156908443021 0.029142548308638664 0.030836423931949 0.034042637359766675 0.03885344483706879 0.04572303657711743 0.05534208508713391 0.06862860464423111 0.08339438414160746 0.09735706498077014 0.10932291428134625 0.11411318313815967 0.10805783694348195 0.09304983012706029 0.07288072953087808 0.05176116363132027 0.03311978078964577 0.01896686672536948 0.009671583556662356 0.00433073242747822 0.0016784090650460793 0.0005860862882742355 0.0001988194244126503 6.949559919332351e-05 2.604568329584889e-05 1.073091432996152e-05 4.91035256021108e-06 2.4881786511436978e-06 1.3814834220995226e-06 1.4388961967348454e-06 3.01737910219779e-06 6.543292034727815e-06 1.4416122415694854e-05 3.1894933718711375e-05 7.018272829176904e-05 0.00015227780621925632 0.000320697108774644
0.03349697417355481 0.03190066618033145 0.03050281263893556 0.029585311412929347 0.029312630672346223 0.029682440135105917 0.031151612375407096 0.03423453813876935 0.039047690481942184 0.045924614055347715 0.05555734888741798 0.06843299141013064 0.08155058948743421 0.09329085358770531 0.1025720746999073 0.10489158149575523 0.09722905852428734 0.08188399841433974 0.06262243766437686 0.04320970006425883 0.02646062372280927 0.014095881843350143 0.006522347740466215 0.002656526025494923 0.0009691780789346176 0.00032808963290950545 0.00010870808451119293 3.7310736415014384e-05 1.3951003904261313e-05 5.8969240827692805e-06 2.8692366349101065e-06 1.621372447642182e-06 1.128782752144734e-06 1.2793200103068334e-06 2.370192632143589e-06 5.1174702967353495e-06 1.153377499814932e-05 2.629728212817611e-05 5.973109054669065e-05 0.00013377940915375587 0.0002903499969645172
0.035384929840268545 0.03341721038838928 0.031698520405596474 0.03054621521058451 0.03007902174365867 0.03028140504610039 0.03146413256552281 0.03423479435184576 0.03887975635239635 0.04557120209351612 0.054932976845437805 0.06680989170894222 0.07805720142465143 0.08745163562129753 0.09406357039312559 0.09445231900274773 0.08591089085204187 0.07098910461862001 0.05333790568862333 0.036263936681167584 0.021766133977937856 0.0109037936904265 0.004608510096803461 0.0017336216646387473 0.0005972425174368862 0.00019431706787989355 6.245461134541587e-05 2.1028340254294056e-05 7.930421903183222e-06 3.5532941112447365e-06 1.9499214202422035e-06 1.326392621160069e-06 1.1664437358770538e-06 1.4358683163792462e-06 2.4288044528694077e-06 4.951334598804053e-06 1.0940996108882052e-05 2.4933059222424108e-05 5.714376522023085e-05 0.00012977792562517742 0.00028667657487998056
0.0374413809520488 0.035062625020460064 0.03299495771508208 0.03156889292937557 0.03087565830156007 0.030883984942096904 0.031751465418112 0.034130795097411154 0.03837417313748085 0.04470040208430055 0.05352870426127687 0.06406163245865502 0.07338079504588663 0.08049317953701468 0.08463681226895174 0.08356972925734503 0.07471125143380161 0.060630942544575434 0.044788472123891636 0.030166024160748615 0.018470133852311898 0.008736341050464388 0.0033892018866321576 0.0012053877218049364 0.00039819533266733135 0.00012498864811653177 3.8747871386320854e-05 1.2625028352460901e-05 4.748513402091543e-06 2.285480076191935e-06 1.463454709717887e-06 1.210847736153612e-06 1.2714002654067616e-06 1.7024950652997025e-06 2.8444090610534473e-06 5.578289445605447e-06 1.197951159122032e-05 2.685285403688082e-05 6.110346809742951e-05 0.00013865780154623275 0.00030751248365383206
0.03961044122165061 0.036785903771470355 0.0343430808015814 0.032606622730843964 0.03165787397328597 0.031446050928681996 0.032004585686896736 0.033925336158863034 0.03760945365742991 0.04339296499457078 0.0514724075247303 0.06053910084216341 0.06801642265211363 0.07306241289721895 0.07508725537310505 0.07292850268399159 0.06417882064303963 0.05112182482695498 0.03691290058533827 0.024110237794756302 0.01395188282047919 0.00653807282477218 0.0025482180739139935 0.0008971012261519638 0.00029239721817509806 9.00530176116123e-05 2.7008901103963504e-05 8.329249824513994e-06 2.9778712227916776e-06 1.5326248187569505e-06 1.1985562868119237e-06 1.2179869505030227e-06 1.4894699952149429e-06 2.1600615297988105e-06 3.6619094112847792e-06 7.036490227663245e-06 1.4731559912760116e-05 3.228978798217436e-05 7.223591471466816e-05 0.0001620184977039705 0.00035665534824510554
0.0418160556786334 0.03852221952864063 0.0356890932107159 0.03361153980724476 0.032382851879626987 0.031929039406475054 0.03222766821680262 0.033634403883695665 0.03669913858515151 0.041761960327926284 0.04893963079172706 0.0565906967052745 0.06242145924301627 0.0657199279860134 0.06606153076175247 0.06308241400194567 0.05480537287908886 0.0429227867006397 0.030268357803385666 0.01908063249276766 0.01053662136876412 0.004960793227844035 0.002010344989481025 0.000727821504814535 0.00024208471049045512 7.551675824846819e-05 2.255752807120111e-05 6.631341262965849e-06 2.0498028819866244e-06 1.0931703744716975e-06 1.1607465052665075e-06 1.4289717295766755e-06 1.9596259699104905e-06 3.0106414010327075e-06 5.171469592308323e-06 9.787361034421654e-06 1.9956055533125387e-05 4.2651796414911404e-05 9.32302034242599e-05 0.0002050545160425822 0.000443929010866569
0.043960590020573696 0.04019303862533381 0.03697610314141998 0.03453669571269681 0.033011792165555075 0.032301076576845826 0.03236057569863429 0.03329024644015408 0.03569997519727665 0.03993836923732095 0.046131624928012524 0.052521979901270936 0.05696786680566424 0.05888634154078131 0.05800284480964507 0.05438609384741813 0.046896913078708156 0.036342204899125145 0.02525953126263317 0.01565079849649157 0.00855564262579907 0.004095358825941714 0.0017291873162109614 0.0006575003893374461 0.00023034921128694326 7.594921278600576e-05 2.408115238541022e-05 7.54405220140245e-06 2.489428066507953e-06 1.4207654465881014e-06 1.6147973186837364e-06 2.104438564959266e-06 3.003590936991182e-06 4.697961624070773e-06 8.036058243058133e-06 1.4890764560745994e-05 2.9440716391983207e-05 6.102010953437058e-05 0.0001297111790491433 0.0002780451759578227 0.0005876149784773987
0.04592718679557324 0.04170899591774189 0.03813959922954138 0.035339129292926284 0.03351257090853882 0.03253914134935744 0.032352003253104465 0.03293903673412062 0.03467888848358044 0.03806606536487427 0.04324505603442257 0.0485714724117165 0.05191923036602786 0.05282385572330931 0.05113794102345399 0.04705795594796646 0.04049577065217622 0.0313517143323201 0.021771549847281857 0.013522827906148213 0.007488319184845401 0.003698038584534183 0.0016420683052955588 0.0006663026977645351 0.0002523080631233851 9.138527619584132e-05 3.2692699304099584e-05 1.218610697266457e-05 5.3195058748991166e-06 3.3613227468204078e-06 3.209459091682406e-06 3.8790702832008245e-06 5.3638208508048315e-06 8.2057497761043e-06 1.3683767732829791e-05 2.45664869679649e-05 4.683654707156446e-05 9.3439604828648e-05 0.00019212436853856298 0.0003992752871661118 0.0008177657052176538
0.04758762860932653 0.04297626756872976 0.039105360671195674 0.03598367658713231 0.03386254105331501 0.03263092131459328 0.03219909985112336 0.032534282792821306 0.033710235412672464 0.036277860038668654 0.04045314464350661 0.044903249368192656 0.04743184076575343 0.047651573118459904 0.04551360395315414 0.041290335380527544 0.035438391784498834 0.027702417497337813 0.0194803645584862 0.012327352826892492 0.007029455076446612 0.0036286122751317523 0.0017124792350601524 0.0007507104764794282 0.00031236161526901037 0.000126890092003725 5.232848009404319e-05 2.3241487556205905e-05 1.21500637353028e-05 8.22250662561135e-06 7.370609118704276e-06 8.239838699483483e-06 1.0752336075345489e-05 1.5726108061266056e-05 2.517812637990575e-05 4.339502033487275e-05 7.934149019675314e-05 0.00015173682505319322 0.00029944364928382683 0.0005999362935712211 0.0011780565919581412
0.0488164739203683 0.04390641414326891 0.03981000775980689 0.036447009446098695 0.03405104007458319 0.03257604696116412 0.03191086356915913 0.032003328942291756 0.03285329014397821 0.03466872208392421 0.037899923551916806 0.04161271031047607 0.043572557052849105 0.04338143558995722 0.04105861736438576 0.03691729905338285 0.03149816993363926 0.025085051674976357 0.018072071427557977 0.011799785870066345 0.007013766971479647 0.003823296862435012 0.0019335703020816244 0.0009224299185889049 0.0004244631994429553 0.0001939853169263261 9.151171536524358e-05 4.687230189270643e-05 2.767215553837201e-05 1.9821742627867294e-05 1.7508028991820333e-05 1.8645631495279962e-05 2.3070374864666666e-05 3.210376734291224e-05 4.904473463580539e-05 8.075161602668574e-05 0.00014109265124691092 0.000257967726729705 0.00048714007086868424 0.0009297004203262158 0.0017335516792213591
0.04950995962444456 0.0444283711386018 0.040203822749851445 0.036720410021356016 0.03408114727894464 0.03238647688400739 0.03150733971696483 0.03137453311212828 0.03197022978927672 0.033324318662160436 0.0356955277138827 0.038739834675718135 0.04034368223839328 0.03995848027558023 0.0376432276618429 0.03372269735127624 0.028716348218665425 0.023210068354398122 0.0172949414550309 0.011764231134763091 0.0073533789949956005 0.0042629025008580484 0.002321533018060808 0.0012081450496470151 0.00061421388025754 0.00031364940307158993 0.00016646906968912826 9.556704883000643e-05 6.182948060802562e-05 4.655690233200486e-05 4.13246265910749e-05 4.288319839387131e-05 5.096968217701314e-05 6.781311971897406e-05 9.893377092661658e-05 0.00015551966144232942 0.0002594288034366173 0.0004529859419718689 0.0008160667104464831 0.0014665615974136991 0.002577130244403312
