_RESULTS/CROSS_VALIDATION_POSTPROCESSED_80-20/Berg/GZ/9comp/4/Berg_GZ_z_500_kriged_reverse_9comp_spherical_4.asc
ncols 100
nrows 90
xllcorner 5.6208707817415728
yllcorner 50.959635321741573
cellsize 0.00013419651685393446
nodata_value 1.7014100000000001E+038
[rows 18 to 35 of 90, columns 42 to 83 of 100]
0.03151810015651065 0.031712740246538126 0.032357833549505804 0.03314675552256034 0.03392655937998677 0.03470096241472129 0.035604742627866004 0.036636261612708255 0.03784505033116717 0.039322103142959634 0.04119224928306158 0.04361339904020194 0.04670056098469406 0.05016199698373503 0.053981406294722284 0.05818827516084026 0.06277975247205188 0.0676944063132554 0.07277362457819714 0.077868924461541 0.0834729438941981 0.08919221339332668 0.09388002995265039 0.09677327252230875 0.09767694615972655 0.09694867814435751 0.09512525352995735 0.09262305593271597 0.0896999982513607 0.08650492535314948 0.08312413075126655 0.07961042068755685 0.07599932773234196 0.0723178079595491 0.06870577157498964 0.06568589345244365 0.06328930422957271 0.06148347573887448 0.06024607894673717 0.05956556692944087 0.05944176038509167 0.059869775461609535
0.0320964918880598 0.03209725555965881 0.032631664918518245 0.033394314327819155 0.03409839989947155 0.03472315354447153 0.035344113644120365 0.035971163770133915 0.036677998076816536 0.037576619179449544 0.03880321504567568 0.04051559061149995 0.042900634155684854 0.04602527851563447 0.04958907661615792 0.05363685556445861 0.058223438195782046 0.06336329602377853 0.06899159376560188 0.07495303270730641 0.08173387312827217 0.08907945775630541 0.09562807745436941 0.09924334304456792 0.0997723174026414 0.09841257408234236 0.09609295663729508 0.09329561948121534 0.09023704115860652 0.08701388635044624 0.08367171838195474 0.08023495129121315 0.07671998844901641 0.07315109539440462 0.06966158839740055 0.06655519772165393 0.06409905325851074 0.06225552060339086 0.06099867936219697 0.06031451871587426 0.06020116115236704 0.06066678732952465
0.03275132552317761 0.03248397865292576 0.03311874101253452 0.03406764691884826 0.03480282162270815 0.03526763065258908 0.03553312489390252 0.035661125783949435 0.035776759368492034 0.03602815630758691 0.036568070683071226 0.03755293615872181 0.03915393536963722 0.04157662078985584 0.04473547074086738 0.04843384215237245 0.052776353176913794 0.05785038977660187 0.06369348565081992 0.07025064763394065 0.07804495048087162 0.08722131734637671 0.09632277921586971 0.10111447022703915 0.1008012608924255 0.09850125190868217 0.09572714525412822 0.09278561203418251 0.08975411713938153 0.08664828862470514 0.08346784757498307 0.08021080240916845 0.07687796680265868 0.07354452201935022 0.07031519213626168 0.06724964891239466 0.06478126606001984 0.06294164458446261 0.06170318048296026 0.06105106444498203 0.0609832369351373 0.06151056165192905
0.03346823134958172 0.03293117079092368 0.0341454684229632 0.03557284163521192 0.036385159753982516 0.03657744534380407 0.03631867807501484 0.03577900000392953 0.03516743611243411 0.03468031167705304 0.03448572515440579 0.034731224555599106 0.03556366725470006 0.03720257140599402 0.03979588533457719 0.04302242758549606 0.046869222775280384 0.051501414288953606 0.057130152522125666 0.06379657655996354 0.07201091554859944 0.08245435672746 0.09509125404405623 0.1006843022958465 0.09889797972714577 0.09638967278448278 0.09363179225361312 0.0909092673910779 0.08817022191718625 0.0853771848470856 0.08250579035803535 0.07954244781252577 0.07649225934921582 0.07349794073769239 0.07058209311589866 0.06772416783056653 0.06529541853028836 0.06350444938134592 0.062324331122693546 0.061741461061290574 0.06175541122901455 0.06237896803951104
0.03450965749058743 0.0338790064584721 0.03665595278535157 0.03867344015395738 0.0393597836719011 0.03895987161014626 0.03785184231392491 0.036374289876973144 0.03484717579155066 0.033700306452189924 0.033289825791190684 0.03354370818948843 0.03442932935784635 0.03596922632451508 0.038257621274616585 0.04122661978909398 0.0445585654610322 0.04837487054736664 0.052832629037943855 0.0580794694276372 0.06473204998358507 0.07368526455111499 0.08459055869465766 0.09117804626811198 0.09209037797668077 0.0913855729336935 0.08971760916027849 0.08768759747862506 0.08553914277809378 0.08326041531639995 0.08084188234191535 0.07827954033177298 0.07562688060204899 0.07302931625303262 0.0704722148184235 0.06793412934346274 0.06561119015974466 0.06391425625717967 0.06283256773998634 0.06235589682669002 0.06248744186241721 0.06319352962436404
0.04100296326376401 0.03987347183353019 0.04279747048038366 0.04449339831557377 0.0443667298640024 0.042740792005161794 0.0402434974623372 0.03798932466717684 0.036598293299692476 0.035965493277041384 0.03598643636060678 0.03657449293993179 0.037672179795584494 0.03926439566132413 0.0414005191625336 0.044172074917797524 0.04716409310180223 0.05036120160233327 0.05389957048901424 0.0577051621683832 0.062116454097612815 0.06752243064283159 0.07328556473390625 0.07812893693299885 0.08173969120706029 0.08374382916643441 0.08423434483275825 0.08341401680102623 0.08207057116750024 0.08045438424358935 0.07859604201264024 0.076515716630553 0.07434267845496757 0.07218086464314855 0.0700143861629704 0.067847988694171 0.06582868724668714 0.06439300904098062 0.06354903838690587 0.06325885809086161 0.06340696843118108 0.06399425595659472
0.056909927096037184 0.05415746910914055 0.054169857102334414 0.05397288635555776 0.05199560426036801 0.048605499249755005 0.04583924483843837 0.04399615047571603 0.043089653108850295 0.04300667168502837 0.04360089598254681 0.0447286179505711 0.04626151825470581 0.048103091925284974 0.05022241812794307 0.05270784088766281 0.05504469797673808 0.05690937480113973 0.05869181324010002 0.06045736598998425 0.062443491937733 0.06476726272601749 0.06699462607799361 0.06883801369204379 0.07029968601063188 0.07226821634813242 0.07501802610899651 0.07663350898832624 0.07716893743113927 0.07698563868954986 0.07593509426881657 0.0743857829751548 0.07274507473794295 0.07129926923104732 0.06999291823847333 0.06869767474305426 0.06734610119863776 0.0663701602501271 0.06586329032885024 0.06565414900782035 0.06573917204652231 0.06617028765438716
0.0787677986731953 0.0735541355302459 0.07024357367550713 0.06722469228289157 0.0642344692587156 0.060842206630970216 0.0578779895833529 0.05629105718755818 0.056055105550029884 0.056915982884324354 0.058601343923079155 0.060835433315619636 0.06333286135805162 0.06580998204255108 0.06751602625208489 0.0681926819615567 0.06811141170314747 0.06726701409050707 0.06660021464109031 0.06611492454390604 0.0657163374451573 0.0652730516397276 0.0645836809456172 0.06376011638537685 0.06290844912573428 0.0625854297545767 0.06356834997551065 0.06639182934971714 0.06874948999924509 0.07030695871433452 0.0711564793900946 0.07152260668742613 0.07142516506458137 0.07130721506012117 0.07126363918536857 0.07109036764725775 0.07057777244281514 0.07010138005068972 0.06980048601895582 0.06964457983821458 0.06968045987002965 0.06993863135729314
0.10669030792573063 0.09726344519928422 0.0894629950883346 0.08596883986149415 0.08672811298185783 0.08231376988892936 0.07868592668905879 0.07789824903453796 0.07903514066621267 0.08128887551231742 0.08450050677915844 0.0884418525443947 0.09240645346719396 0.0946578573912682 0.09476004924337139 0.09264318962839731 0.0886326178239625 0.08310029641964416 0.07898537795880987 0.07613439268021766 0.07304833824878978 0.06949109416761429 0.06567490959771168 0.0620310605789204 0.05874731164813015 0.056028893550703764 0.05427136444253339 0.054123326007416046 0.05612021164969882 0.05863223924417843 0.06141652579375741 0.06429503730194921 0.06707002283935388 0.06929982857850572 0.07084126755624275 0.07232784044152032 0.07354733301592657 0.07448162812414771 0.0751645861163398 0.07540217998998898 0.07539710195251632 0.07542162818138601
0.14096016510354425 0.12427644469351383 0.1140188803778098 0.11160669595836029 0.11344420115099925 0.11197796139265016 0.10885865498591236 0.1076026513227898 0.1085009277021477 0.11146858143031371 0.11634459280848702 0.1217234796980078 0.1253879658080283 0.12673788480914644 0.12517568128390852 0.12031118892258262 0.1121663867961666 0.10035173915291486 0.09580172555912184 0.09309680605504997 0.08665127140523561 0.0784467070213532 0.07040403278459167 0.0629005005309304 0.05586264441628243 0.04990381381801219 0.04549989946885395 0.04291688248755544 0.0426532297524811 0.045275763417767505 0.04922920912522517 0.05371898913038932 0.058624665917408704 0.06356531064208396 0.06797034873379736 0.07132167076326512 0.07421760608595519 0.07681913753067308 0.0792572864306368 0.08128681630327668 0.08265305170012315 0.08282811931621574
0.18235321603688578 0.1594875448015429 0.14920213843375038 0.14724553207449823 0.14609792220805212 0.1426198992815532 0.13854450087127745 0.13680624332165836 0.13813304316415953 0.14264583951666365 0.14857131186822706 0.15347176653575245 0.15688468787343623 0.1579501046867956 0.15565246005337738 0.14929797076114848 0.1390488454018414 0.12589834846570286 0.11807834392710351 0.11247813818729216 0.10390660703874031 0.09230127604379734 0.0778193320769428 0.06407097448712587 0.0526443214680409 0.043775012366551194 0.03738546465942269 0.03351161082243686 0.03208696798294342 0.03307817322093456 0.03689515525864659 0.04198996118506924 0.04798375667231982 0.0546610291064745 0.061571228449174564 0.0679300077256489 0.07267921611960916 0.07701680820273042 0.08135555520521079 0.08539944158166406 0.0888045375330206 0.09068363164014576
0.23246419809221103 0.20803382909688234 0.19519583031191115 0.18553346291740896 0.17753261360483827 0.1702223092733597 0.16420468234630295 0.16156070609224002 0.16330307950973239 0.16814287375403048 0.17286509657474933 0.17754060334903365 0.18177564512758998 0.18398233219145751 0.18189655288910042 0.17489782387486852 0.16402138710973901 0.15110984992224588 0.13836083448858102 0.12667374206871215 0.11371363128549426 0.09761060932906147 0.08015692756303201 0.06317816649210113 0.04828354650724619 0.0374888673220256 0.030260826873705994 0.02591745942437772 0.0238715099204163 0.023841207982106424 0.02609991381633087 0.030902023179716107 0.03700990377465762 0.044347822933931795 0.05269402501933807 0.06128980143723338 0.06899406097502934 0.07530449557183766 0.08157950264794364 0.08775755706078098 0.09327405694627652 0.09702818180696639
0.29266856730703406 0.26031714502919845 0.23556013704842557 0.2165994912922159 0.20190879301635328 0.19061432332768083 0.18264441933444375 0.17909059963869334 0.1798080493019469 0.18100936932902492 0.18372449159344198 0.1882209759511696 0.19261481821301238 0.1954015857884877 0.19429399873140907 0.18796046479733924 0.1771136565410517 0.16283870800894193 0.1460825134891203 0.1288235753143267 0.10958306499363098 0.08994259496031058 0.07149907643148562 0.05522431444986779 0.041333932568822694 0.03039465405928247 0.02351854572048055 0.019506767006627054 0.017451721317262008 0.016925980948455148 0.01806313392575826 0.02154285166687809 0.02706548170483581 0.03415945102738166 0.04283836505048445 0.05260111889050583 0.06258200617933277 0.07194354911522484 0.08021348881530883 0.08855373751267807 0.09610032158004367 0.10182120093123674
0.33747890716076406 0.2942762968036286 0.2602610501115629 0.23399549288880211 0.21414378139196152 0.19981513188343822 0.19061649062176847 0.18624740102814225 0.1827807402565512 0.17989822603159675 0.17757091977009054 0.17820666045847416 0.18310831037158876 0.18873074946068544 0.19056727854722155 0.18597490940103992 0.175130768565195 0.15892461034505212 0.1385498199627323 0.11543870824972315 0.09271940261494098 0.07242677973241224 0.05535766614810984 0.04146278058979231 0.030512159777482485 0.022497490087946242 0.01678960020184864 0.013458694465944157 0.011805936091649578 0.011364311895162422 0.012029515203725458 0.014233508438836681 0.018727955283604873 0.025075527285062304 0.03328911394664121 0.04324569505211128 0.054511010642479096 0.06643985646179631 0.07764815987045724 0.08797789104299711 0.0974992357964339 0.10521112467952994
0.34788216810921924 0.30224760670895134 0.26414331635675464 0.23408142412787977 0.2115034101062609 0.19574153515849482 0.1863361891098846 0.17973109209366453 0.1719389090980114 0.16271984872811615 0.15421498046770285 0.1510486595476091 0.15761799457534517 0.16811123773771824 0.173945181509874 0.1712971284364136 0.16019954630714858 0.14180228303713058 0.11705871839542137 0.09152424892371429 0.06868697428021997 0.05015827277985344 0.03619034801398539 0.02597523921810973 0.018836427278481033 0.014001099307829343 0.010647408154409047 0.008343061187708918 0.007189779607415388 0.006896724932297067 0.007367227868734911 0.008835861185477346 0.011937943431406172 0.017097666780742336 0.024385471595743727 0.034060720277849 0.04593702402210772 0.05953261473061854 0.07375473892789335 0.08635340677029642 0.09781803171373929 0.10750307649773688
0.3296805554251333 0.2861646648519963 0.24815778707071934 0.21756610911621058 0.19461581734130307 0.1789850171269456 0.1695568305665086 0.1598219446401998 0.1476808499447282 0.13505816882946514 0.12308856441828964 0.11478218197327064 0.12681379600722398 0.14168642752658311 0.15061062075973974 0.1491607404660286 0.1373313543427812 0.11550969605393067 0.08863232458880035 0.06330688412136821 0.04338198603340048 0.029277424532639824 0.019841100403613896 0.013656932596704013 0.009791077993790288 0.007340397052548846 0.005733751446729069 0.00463503166624372 0.003950071389882159 0.0037894692120231006 0.004103532324184913 0.005050873010551438 0.007061269035299567 0.010810386333123938 0.016613706862337485 0.02512978123964105 0.03688713971481932 0.05188651280969359 0.06848824647851107 0.08409083243661206 0.09749078028297972 0.10911408473680724
0.2941313660467976 0.25371184612604386 0.2178912555242775 0.1888259766219934 0.16708598029411634 0.15258350542630958 0.14155629716707063 0.12865640044994472 0.1159212970752327 0.10467356750394105 0.09582639794263015 0.09213846823374 0.10261112661632704 0.11681740929419598 0.1259971449490341 0.12471668222897588 0.1109574467888941 0.08587791748434175 0.059099650434385476 0.0377839150075021 0.023377059146128448 0.014474598715322104 0.009170200681384291 0.006084168355046254 0.004318365587091703 0.003274577229515575 0.0026357876810920652 0.002230995631054461 0.0019645991070991963 0.0018928928618031542 0.002087707231464329 0.0026528491199863517 0.003874641463750155 0.006380758463716577 0.010629486793559881 0.017488399615664042 0.028085685327551915 0.04310791225684359 0.06176497072769423 0.08105931378339985 0.09700026336937775 0.11052813143141106
0.2511374221205091 0.21339136026555733 0.1804850055370977 0.15389463249079288 0.13411667843081848 0.12043933560136556 0.1067108290861077 0.09343026703232363 0.08243489188145577 0.07469451940707955 0.07093468414682151 0.07274435219044532 0.08146635351647283 0.09392013953670277 0.10293966627358633 0.1014190380729347 0.0838901771484616 0.05769377808508148 0.03479067904448031 0.019546434690259733 0.010782703257909629 0.00608074059860312 0.0035957518965056 0.002310402281260682 0.0016309240993574348 0.0012582716777799448 0.0010495008756393797 0.0009340590241665464 0.0008754987073378535 0.0008647078639990531 0.0009757080303921442 0.00128703381940743 0.0019773683844269666 0.0034930279386900676 0.006440333434462426 0.011608528988957924 0.0204634602783035 0.034365912978593476 0.053647761503175115 0.07616854938533855 0.09667495942760362 0.1122588451491194
