_KRIGING/CROSS_VALIDATION_CLASSIC_CLR/Berg/GZ/train_1/Berg_GZ_1_train_z_63.asc
ncols 100
nrows 90
xllcorner 5.6208707817415728
yllcorner 50.959635321741573
cellsize 0.00013419651685393446
nodata_value 1.7014100000000001E+038
[rows 19 to 37 of 90, columns 0 to 41 of 100]
-3.1112419289493634 -3.0906680912146651 -3.0704468773114808 -3.0513654880402186 -3.0342800347443841 -3.0200856355166525 -3.0096888475883912 -3.0039877432812254 -3.0038645644647914 -3.0101944945530992 -3.023871608123665 -3.0458495842980344 -3.077190562405975 -3.1191110253519927 -3.1730094497263881 -3.2404574521638421 -3.323135178374014 -3.4226936133064383 -3.5405320776281144 -3.6774888154933008 -3.833456112493999 -4.0069478933206808 -4.1946654313715062 -4.3911229766784032 -4.5884064281967909 -4.7761410748378488 -4.9417357781805471 -5.0709488719340481 -5.1487856237629872 -5.160691041344232 -5.0939505481170997 -4.9391623852256918 -4.691608606946998 -4.3523350716669738 -3.9287616347743768 -3.4346846971173051 -2.8896030826150323 -2.3173871048936059 -1.7444070137273493 -1.1973251821833908 -0.70082049848725392 -0.27554029899980148
-3.0755375484153795 -3.050123974412271 -3.025120995894941 -3.0014791147077027 -2.9802227597673436 -2.9624086647409857 -2.949085567077395 -2.9412615557271753 -2.9398850839099406 -2.9458442086459229 -2.9599859741022669 -2.983154143057325 -3.0162390096930638 -3.060228298240756 -3.1162438419962739 -3.1855456591166944 -3.2694840779258669 -3.3693825629720484 -3.48633952273895 -3.620946950854341 -3.7729370191041713 -3.9407837233384218 -4.1213035646301277 -4.309314401635632 -4.4974218211984995 -4.6760042782726767 -4.8334589762793119 -4.9567483606958893 -5.0322525193166827 -5.046888547060111 -4.9894094663636173 -4.8517501836144845 -4.6302549276835077 -4.3266079811364992 -3.9483034180796257 -3.508532281274241 -3.0254344119992354 -2.5207489135584376 -2.0179893783271563 -1.5403522641487544 -1.1086238814605414 -0.73937101199159438
-3.0347820109858183 -3.0038859483452711 -2.9734701299867492 -2.9446691870610131 -2.9186968394315489 -2.896790903928343 -2.8801584463235717 -2.8699285493989066 -2.8671199306462221 -2.8726291277226128 -2.8872421468991778 -2.9116684998929561 -2.9465918017168442 -2.9927261253809223 -3.0508628320299329 -3.1218894530310943 -3.2067612632873308 -3.3064082488431747 -3.4215658208280155 -3.5525270691572173 -3.6988272395548352 -3.8588864124115414 -4.0296522400682573 -4.206298512495982 -4.382044224436215 -4.5481585961321045 -4.6942075806888823 -4.8085754454167242 -4.8792616261814405 -4.8949111692255167 -4.8459920594752397 -4.7259919027985493 -4.5324780199515455 -4.2678566996974672 -3.9396845668458083 -3.5604293442519666 -3.1466454614228665 -2.7176136807530114 -2.2935806963577177 -1.8938097326815786 -1.5347020608097079 -1.2282607480106082
-2.9891149184849706 -2.9521400137662575 -2.9157293981077217 -2.8812210640386322 -2.8500372848966062 -2.8236147692251041 -2.8033336483564568 -2.7904540289510464 -2.7860686840185025 -2.791078875887159 -2.8061972892102656 -2.831977804542908 -2.8688667870831797 -2.9172653231482832 -2.9775871833833616 -3.0502940849858593 -3.1358889183655156 -3.2348497332723127 -3.3474929338626982 -3.4737634040130585 -3.6129617228483308 -3.7634331243879293 -3.9222575855261645 -4.0849929417787036 -4.2455303828779121 -4.3961212441553936 -4.527623451786341 -4.6299943097393665 -4.6930243805048537 -4.7072680708958563 -4.665085458355585 -4.5616738605320037 -4.3959443323832987 -4.1710946103820552 -3.8947506269598211 -3.5785944513574348 -3.2374635881504492 -2.8879864890609763 -2.5468996496009053 -2.2292586268166277 -1.9467952323261555 -1.706675886078763
-2.9388704410825 -2.8953036464865587 -2.8524030217039087 -2.8117262404116001 -2.7749202734522989 -2.7436354688371623 -2.7194370623176582 -2.7037242047205674 -2.697666520257878 -2.7021665602240525 -2.7178532940914693 -2.7451072340328357 -2.7841124073585091 -2.834924864665445 -2.8975425686756333 -2.9719582322329376 -3.058175798213759 -3.1561734512062181 -3.2658017058479896 -3.3866141994954804 -3.5176407633842146 -3.6571259752107128 -3.8022698951416913 -3.949018713239822 -4.0919589587879965 -4.2243672259579048 -4.3384561880767807 -4.4258363702633137 -4.4781828443518013 -4.4880598661294098 -4.4498196391047058 -4.3604604570447201 -4.2203114956090095 -4.0334126335212197 -3.8074816468504773 -3.5534080365950325 -3.2842783180046111 -3.0140131859038291 -2.7557706185336333 -2.5203272893845647 -2.3146812111217434 -2.1411124647281872
-2.8845639338889146 -2.8340130860503852 -2.7842525263740114 -2.7370716467056404 -2.6943536589462274 -2.6579727415997305 -2.6296871734546721 -2.6110399614836308 -2.6032784868409036 -2.6073029677891615 -2.6236500961135256 -2.6525133411074866 -2.693795687925467 -2.7471847470002055 -2.8122351248571427 -2.8884395922319399 -2.975269738806221 -3.0721690705004767 -3.1784871634322873 -3.2933523812511947 -3.4154921086716472 -3.5430222010457193 -3.6732395946535403 -3.8024615354163824 -3.9259592604777147 -4.0380310141237512 -4.1322475037970428 -4.2018820309006131 -4.240508949425192 -4.2427210716952537 -4.2048841560589896 -4.1258208612885223 -4.0073039280561042 -3.8542441677580976 -3.6744859972440205 -3.4781710996986988 -3.2766945283643008 -3.081348475221481 -2.901815414060458 -2.7447218030589293 -2.6124847326745924 -2.5026692644593274
-2.8268556302749221 -2.7690846750331133 -2.7122560135872669 -2.6583971898383383 -2.609633152487119 -2.568066061597833 -2.5356496587244632 -2.5140711573036865 -2.5046537146720937 -2.5082907418310523 -2.5254196359780905 -2.5560373295705929 -2.5997539623921337 -2.6558748351776655 -2.7234955408273902 -2.8015917278672333 -2.8890841292549281 -2.9848618274323293 -3.0877523955418793 -3.1964362709522809 -3.3093136828591216 -3.4243443471368593 -3.5388911649458041 -3.6496072011564604 -3.7524080952726386 -3.842567897028236 -3.9149639977497142 -3.9644764274914612 -3.9865199476996125 -3.9776574274771868 -3.9362147908081155 -3.8627971259271616 -3.7605980887415136 -3.6354050121251031 -3.4952321996780746 -3.3495633603022377 -3.2082457995142728 -3.0801450597816986 -2.9717280267077024 -2.885783346042297 -2.8205002300230815 -2.769104100779153
-2.766491667663276 -2.701450304400828 -2.6375383361431592 -2.5770211334733522 -2.5222635381382781 -2.4755924531638986 -2.4391526613907879 -2.4147702613151005 -2.4038382971148953 -2.407237271048384 -2.4252993236524705 -2.4578193438235862 -2.504109818959765 -2.5630897633571665 -2.6333925768378807 -2.7134741497755424 -2.8017017290572861 -2.8964064691161617 -2.9958882823848798 -3.0983701676535125 -3.2019097217576968 -3.3042866371897999 -3.4028948702793196 -3.4946748253383095 -3.5761223766966652 -3.6434062740584672 -3.6926126751111346 -3.720115635899786 -3.7230472406624986 -3.6998140691415582 -3.6505825562355652 -3.5776398426254472 -3.4855340389938179 -3.3809121529725221 -3.2720065092429653 -3.1677692932491452 -3.0767142606512405 -3.0055859282169326 -2.9580289833855145 -2.9334633324693495 -2.9263741941199313 -2.926196903753536
-2.7042261134672541 -2.632070794328826 -2.5612761306400142 -2.4943373549890908 -2.4338490035037386 -2.3823510005182116 -2.3421667993678361 -2.3152493297929984 -2.303050765649838 -2.3064301539211565 -2.3256088170278941 -2.3601775936352252 -2.409153175213663 -2.4710740051541897 -2.5441204982581427 -2.626240704788898 -2.7152617567421338 -2.8089699144930735 -2.9051477538187038 -3.0015654751987153 -3.0959334620766654 -3.1858336049795724 -3.2686557662076554 -3.3415711804822692 -3.4015748078447796 -3.445622389216755 -3.4708747526104551 -3.4750424934281074 -3.4568005899234482 -3.4162182596095061 -3.3551289196726923 -3.2773534309441774 -3.1886913749445478 -3.0966129403604121 -3.009618612388079 -2.9362826517875349 -2.8840534107204272 -2.8579401803371729 -2.8592622643763432 -2.8846612773437137 -2.9255743988642449 -2.9683305862738401
-2.6407312699576928 -2.5618350387821178 -2.4845860303699348 -2.4116932275839891 -2.3459616748796024 -2.290123387732208 -2.2466593865516447 -2.2176298385745858 -2.2045296180695244 -2.2081845415940826 -2.228699195228788 -2.2654611234700051 -2.3171990102066005 -2.3820853938720394 -2.457868539528532 -2.5420143623394345 -2.631838522253509 -2.7246113585246579 -2.8176240943302622 -2.9082130920791625 -2.9937487662958251 -3.0716055473545323 -3.1391372646202527 -3.1936866679775235 -3.2326569487141916 -3.2536660179065815 -3.2547907873208946 -3.2348897507113641 -3.193970040686525 -3.1335433073985066 -3.0568975671696919 -2.9692041766467829 -2.8773842522677544 -2.7896795405710986 -2.7149088625930404 -2.6614397116917017 -2.6359592509831522 -2.642181279728228 -2.6796659698109409 -2.7429480684049841 -2.821159936725866 -2.8982953672858658
-2.5765067912095607 -2.4914563515266814 -2.4084083319523963 -2.3302611397162658 -2.2600019846645663 -2.2005245651572856 -2.1544372657903375 -2.1238798946329536 -2.1103673633601074 -2.1146765867161696 -2.1367883537401298 -2.175889514604036 -2.2304333992320782 -2.2982490355865344 -2.3766836320347999 -2.4627589769911347 -2.5533216460378281 -2.6451695195290181 -2.7351429192086214 -2.8201769582552139 -2.8973212707226779 -2.9637425778458923 -3.0167327954084322 -3.0537488536995321 -3.0725086602970251 -3.071159863913917 -3.0485243495427596 -3.004402904245012 -2.9399036342480849 -2.8577379609150459 -2.7624135490599437 -2.6602485647721412 -2.5591396966188165 -2.4680392236792659 -2.3961334725857508 -2.3517628081238708 -2.3411755904844092 -2.3672569280093492 -2.4284082979876174 -2.5177676979797297 -2.6229459232962942 -2.7264108226084747
-2.5118004330545163 -2.421380000725549 -2.3334011910954602 -2.2509197003015875 -2.1770677408570953 -2.1148610484499204 -2.0669961825611156 -2.0356569445083932 -2.0223491435248482 -2.027780753644262 -2.0517998344107293 -2.0933959744291899 -2.150763362712953 -2.2214160410177759 -2.3023396441958348 -2.3901600632407387 -2.481308718149879 -2.5721667987840191 -2.6591766800614289 -2.738916959435409 -2.8081469390570559 -2.863835277315272 -2.9031942071318353 -2.9237434937430677 -2.9234258813668141 -2.9007875090801836 -2.8552229289507398 -2.7872662958799732 -2.6988905113811081 -2.5937580500251993 -2.4773548952731699 -2.3569364046600185 -2.2412240864064477 -2.1398165763835548 -2.0623155529158956 -2.0172141908652144 -2.0106457356744731 -2.045134714091466 -2.1185244097892033 -2.2232636904208722 -2.3462188310637977 -2.4691303139739107
-2.4465540138961921 -2.3517167936630181 -2.2598614144490647 -2.1741617818792407 -2.0978499742466901 -2.0340156482784173 -1.98539598497145 -1.9541754911104283 -1.9418153906831488 -1.9489301092543689 -1.9752235890027412 -2.0194914251539036 -2.0796870150664897 -2.1530422309641768 -2.2362267955084114 -2.3255266383918904 -2.4170207886570161 -2.5067390799596234 -2.5907888295280737 -2.6654468597162175 -2.7272224550946458 -2.7729054559035369 -2.7996199321428006 -2.8049061489572122 -2.786850623043704 -2.7442754696124489 -2.6769843621984073 -2.586044755698059 -2.4740671080149914 -2.345425100585568 -2.2063501752358858 -2.0648327672211453 -1.9302741710172029 -1.8128580611482965 -1.7226480174374816 -1.6684630936047335 -1.6566312589150209 -1.6897625333209176 -1.7657115036197331 -1.8769054158213254 -2.0101945640621146 -2.1473354444581387
-2.3803869830972517 -2.2822163350028526 -2.1876866311338721 -2.1000452379449475 -2.022572303097609 -1.9583760854813248 -1.910179595747109 -1.8801180022510631 -1.8695666663331305 -1.8790174190036895 -1.9080158912098815 -1.9551659176161245 -2.0181991873630305 -2.0941005987728123 -2.1792734293911575 -2.269724546133927 -2.3612491946805321 -2.4495976738170886 -2.5306121059872564 -2.600329690055744 -2.6550579283362081 -2.6914357115334426 -2.7065000863450432 -2.6977804527057212 -2.6634387161937334 -2.6024651403855832 -2.5149258143200184 -2.4022403282139626 -2.2674500106092879 -2.1154212948081592 -1.9529191914414137 -1.7884859345946789 -1.6320721421404527 -1.4943930799727707 -1.3860193814974862 -1.3162559163925254 -1.2919082756405642 -1.3160759254588883 -1.3871365857632156 -1.4980910800294043 -1.6364176490736861 -1.7845390923408366
-2.3126267217461689 -2.2122900770652376 -2.1163899154980919 -2.0281982438619823 -1.950986531566522 -1.887820828521747 -1.84134953476831 -1.813603023992272 -1.8058247007145212 -1.818350825728142 -1.8505516804611402 -1.900839904202082 -1.9667440580010873 -2.0450378234693893 -2.1319089702028418 -2.2231484059275588 -2.314338994447648 -2.4010266293922657 -2.4788619602101778 -2.5437092970937751 -2.5917282257791125 -2.6194416960874363 -2.6238100898011227 -2.6023324906075316 -2.5531929983062138 -2.4754610961623822 -2.3693413597195208 -2.2364507759437409 -2.0800841884691179 -1.9054132076998787 -1.7195549449390839 -1.5314474738874451 -1.3514813165482527 -1.1908611380442917 -1.0607076759171805 -0.97095282728017818 -0.92912478988155733 -0.93915788100497677 -1.0003856365176609 -1.1068797092411871 -1.247277166094789 -1.4051948107822319
-2.2423895084450831 -2.1410887093400501 -2.0451720227802626 -1.9578850137696115 -1.8824307754477057 -1.8217689115624653 -1.7784091121785208 -1.7542178524524683 -1.7502570690035895 -1.7666714613082732 -1.8026364157789594 -1.8563719798141056 -1.925220724127233 -2.0057798756323373 -2.0940719948486737 -2.1857347795420847 -2.2762100269477301 -2.3609146183885241 -2.4353822770991997 -2.4953729137911553 -2.5369552763922267 -2.5565767296539126 -2.5511396081413329 -2.5181052064534915 -2.4556430512379297 -2.3628343141511774 -2.2399246560468309 -2.088605023907621 -1.9122814825682548 -1.7162802915022517 -1.5079256518496886 -1.2964280585539827 -1.0925332140983846 -0.90790557150824003 -0.75425524270840993 -0.6422584434953027 -0.5803640779788326 -0.57361547322570239 -0.62263949948723751 -0.72295936816359885 -0.86476874942359694 -1.0332633534241735
-2.1687094823105508 -2.0676313666787558 -1.9730489173860628 -1.8881298165526748 -1.8159483113238164 -1.7592922154792225 -1.7204670550253394 -1.7011147815213201 -1.702064728417324 -1.7232323516153201 -1.7635768432064616 -1.8211224207975216 -1.8930408291487115 -1.9757854504299248 -2.0652615791501931 -2.1570139186987194 -2.2464119128188629 -2.3288163773335433 -2.3997167340164469 -2.4548361136372496 -2.4902103777408264 -2.5022551063059542 -2.4878401387681079 -2.4443928545597111 -2.3700480077478572 -2.2638532636039437 -2.1260261909163805 -1.9582418911253257 -1.7639131663060315 -1.5484103053774814 -1.3191586353122826 -1.0855520710567979 -0.85863217161264771 -0.65050525100770229 -0.47350344601417271 -0.33913567719775362 -0.25691562337448337 -0.23318942990786939 -0.27010902242609336 -0.36490185454949886 -0.50957126646857076 -0.69112318826128005
-2.0907057408396796 -1.9909764615939152 -1.8990241811212869 -1.8178887783170012 -1.7504566539616848 -1.6992798453104856 -1.6663954296870156 -1.6531611013829153 -1.6601229666236084 -1.6869295778367035 -1.7323020598078607 -1.7940642978138541 -1.8692303503465597 -1.9541395531412495 -2.0446243137137401 -2.13619235781709 -2.224204878905129 -2.3040349055496319 -2.3711959548600303 -2.4214388653707797 -2.4508233337253169 -2.4557785551621114 -2.433172848397426 -2.3804137644585412 -2.2955969076469662 -2.1777131901447766 -2.0269110276371025 -1.8447935521297054 -1.6347136708991119 -1.4020148239379542 -1.154155952117748 -0.90065857083933798 -0.65282411606982671 -0.42319153099961038 -0.22473706449673569 -0.069857022548664549 0.030785535117359597 0.069433896031042774 0.042290686362651098 -0.049695601196890316 -0.20044275260633881 -0.39884280569955344
-2.0077709405339363 -1.9104167648894335 -1.8222883578979101 -1.7462511520782995 -1.6849483682327178 -1.6406361397281792 -1.6150226234529674 -1.6091250243763315 -1.6231585155330193 -1.6564691614932432 -1.7075191544595918 -1.7739273126434205 -1.8525615742963109 -1.939674096340541 -2.0310645750275635 -2.122254496995772 -2.2086548790494498 -2.2857129206663758 -2.3490286260680824 -2.3944400893361615 -2.4180845692228989 -2.4164502033935715 -2.3864386235744091 -2.3254603830646237 -2.231581957650318 -2.1037347491356631 -1.9419834767051514 -1.7478350012621713 -1.5245513127307189 -1.277415133882996 -1.0138866715281463 -0.74358855015189906 -0.4780651001725893 -0.23028268261981921 -0.013868448752287321 0.15787736438727862 0.27312085889056537 0.32267553069570987 0.30109026262386962 0.20750121810059463 0.046115948623649761 -0.17377039699851293
