_RESULTS/CROSS_VALIDATION_POSTPROCESSED_CLR/Berg/IZ/7comp/4/Berg_IZ_z_500_kriged_reverse_7comp_spherical_4.asc
ncols 100
nrows 90
xllcorner 5.6208707817415728
yllcorner 50.959635321741573
cellsize 0.00013419651685393446
nodata_value 1.7014100000000001E+038
[rows 57 to 75 of 90, columns 42 to 83 of 100]
-1.2001034678088094 -1.1929931106930838 -1.1732214269929295 -1.145022391892129 -1.114868039869648 -1.0829941385068889 -1.039101631500277 -0.9822225330677109 -0.9094237054718184 -0.8221965060787573 -0.7307660441317075 -0.6372997340973547 -0.5777878359665478 -0.5868140021906645 -0.6518437566987101 -0.7649826639200551 -0.9249158276089458 -1.1311269777814084 -1.3873087094506276 -1.7124096743726727 -2.1120769138854785 -2.5499699098470296 -2.9981234816700444 -3.4359650110458215 -3.8477119034535354 -4.220747177012424 -4.5384811250622406 -4.786386647647628 -4.953618549193774 -5.033971603735404 -5.026011107790851 -4.931664367042192 -4.756439660996228 -4.513616643580189 -4.217937827051603 -3.8820075283117252 -3.533757089888478 -3.1877443229937663 -2.8557192957639694 -2.551978616440076 -2.2855734606134392 -2.064525316691319
-1.1992438845378017 -1.1967003602904152 -1.1838357156806132 -1.164074977257234 -1.1417448792599478 -1.1208319233882067 -1.0927000516807368 -1.0485195600726196 -0.9880549511635556 -0.9157439254636127 -0.8378309988212217 -0.7564848584243544 -0.6808452624350326 -0.6599996431965556 -0.6973201572349428 -0.7877812937984809 -0.9227102091810626 -1.0975607402006 -1.307832691263116 -1.5813199691818374 -1.9677026881729602 -2.366000943566373 -2.7631100803656814 -3.145459583349477 -3.5020756755726157 -3.822609193619745 -4.093524506088203 -4.303076646283875 -4.442279461049819 -4.505536219359641 -4.490774479936491 -4.402060900650325 -4.248300865114574 -4.036394934945571 -3.77503046638857 -3.487421394692549 -3.1907741056579204 -2.8953871687288766 -2.6123606593058257 -2.3558023665304466 -2.1347164645047787 -1.9571060250499506
-1.2158842268966095 -1.2170300489609218 -1.2094512133640336 -1.1956592952746798 -1.1785280471864918 -1.1604844930282443 -1.1424754474721153 -1.113214327627506 -1.0671050709515413 -1.0115152621903283 -0.9507864157163094 -0.8870866247736026 -0.8208061091108101 -0.770547537518964 -0.7754415521219491 -0.8321698327059083 -0.9359217186432041 -1.082166327929757 -1.2694155564939642 -1.5172085890560298 -1.8356926911463307 -2.1779710382563753 -2.520044980467766 -2.847573474683694 -3.15230516995667 -3.424171084566829 -3.651762229591487 -3.825210537618184 -3.9374244751137426 -3.986220332321783 -3.9710703678990593 -3.893918647261806 -3.7588539509286636 -3.571569009991237 -3.349789136522636 -3.110401282719571 -2.862794317119162 -2.616361398257575 -2.3817044513066117 -2.172494031087042 -1.9974562678718335 -1.8644750193395696
-1.247390732524139 -1.2512861765099625 -1.2476096517574868 -1.2380558925431724 -1.2245655737761973 -1.2087130746586676 -1.1912900597653089 -1.1720134897351515 -1.1424778758857106 -1.1049335431626148 -1.0622123092305187 -1.0136824984999768 -0.9597016136034957 -0.9023858717697592 -0.874692826501372 -0.8980947663683169 -0.9685037266342295 -1.0831110552735623 -1.2427190748681927 -1.4524546325843803 -1.7081077060856011 -1.9887183882639097 -2.273416045511911 -2.5474578747254726 -2.803439541333242 -3.0313063571717933 -3.2216569489764417 -3.366807065739995 -3.461117195780357 -3.50121685965444 -3.4860432901617693 -3.416678052957268 -3.2961034143240737 -3.1384935007759838 -2.957686790347247 -2.7620269032589233 -2.5600381666588787 -2.3601942318451927 -2.172711472658782 -2.010501552208885 -1.8818054049894222 -1.7943199830149554
-1.2915488907149957 -1.2973243227483753 -1.296516342909016 -1.290038406434639 -1.279230162739671 -1.2651648221712146 -1.2484219992904124 -1.2289997904015184 -1.2105154679323455 -1.1912148204163757 -1.1630323909296614 -1.127444740274551 -1.0862560033351811 -1.0415067306498131 -0.9967933349052728 -0.986985852102373 -1.0242338168031284 -1.1058505547203836 -1.230507570359576 -1.3965952581930092 -1.5975158267910705 -1.8200399658659006 -2.0488135627369224 -2.2726159515195294 -2.4837666324073875 -2.6723270236202676 -2.8298167348297856 -2.9493556360852526 -3.0258312595176666 -3.0560197315549553 -3.0385974347686986 -2.974609542317941 -2.876079933788921 -2.7518284351026114 -2.6085641535174418 -2.453577476731201 -2.2944720503724962 -2.1389552043928326 -1.997324541528929 -1.8814477512936203 -1.7990584705360764 -1.7576050436718427
-1.3465359327362127 -1.3534171450942991 -1.3547816921116143 -1.3506133941424388 -1.341861331075731 -1.329305402048746 -1.3134197457968417 -1.2944875698357117 -1.276824620489594 -1.261133498447487 -1.2456169369795251 -1.2235226040453895 -1.1954676541043416 -1.1635488948829829 -1.1301230596406286 -1.099271622502731 -1.1021659523242138 -1.148339632851613 -1.2346516383925867 -1.356917405679189 -1.5081641693220431 -1.6781890194444278 -1.85546870531473 -2.0330519401372835 -2.202089698332874 -2.353579662391615 -2.4798523425096937 -2.5746682866575377 -2.633321875127986 -2.6527091559704616 -2.6341473675668445 -2.586058528766051 -2.5125563387941305 -2.4185503001609705 -2.309817983960275 -2.1927551850377256 -2.0741531827076143 -1.9610277223885233 -1.8642070105157509 -1.793942940810284 -1.757552523802166 -1.7540918926337712
-1.4118537550371164 -1.4191763214251254 -1.4223073590234478 -1.4199517272956332 -1.4125757342588672 -1.3999915974755308 -1.3820407131678203 -1.3619786297647525 -1.343751660553571 -1.3271899103232943 -1.3119501531087057 -1.2975767128993922 -1.2824401844328464 -1.2631993740890957 -1.241814147637337 -1.2208166675902006 -1.2032239324866143 -1.2122369555119854 -1.2588604729948827 -1.337937464364797 -1.4426340397402928 -1.5643246454311277 -1.6954648236789913 -1.8303114329001584 -1.9600525943514149 -2.076696741273829 -2.173347776153545 -2.2443354991494204 -2.286345437956314 -2.302429852621383 -2.293811291800526 -2.262433317143552 -2.211449174304478 -2.1450398448212997 -2.068214079836551 -1.9866087035765823 -1.9063040296534726 -1.8339644560333341 -1.7808081527775759 -1.7553260907903352 -1.7540918926337712 -1.7540918926337712
-1.4849888723532234 -1.4913143223582015 -1.4947952089444327 -1.4920454391513873 -1.4832259045145562 -1.4683745877274301 -1.4485960408720526 -1.4291923028002624 -1.4109332524329876 -1.39385882993182 -1.377940766742667 -1.3631652256263167 -1.3495156266264903 -1.3368797359517242 -1.3255687971814223 -1.3146753458730287 -1.3052552099519528 -1.2995534607207575 -1.3070286025711797 -1.3438157340919856 -1.4042646729917638 -1.4813065436502137 -1.5710167413426528 -1.6662765408755569 -1.7593950272586545 -1.8433369297690785 -1.914042825286813 -1.969135785627375 -2.0064276190070753 -2.025027624299317 -2.025312137085179 -2.0088505367129743 -1.9782928145716054 -1.9372283909040853 -1.8900287012302495 -1.841686440198659 -1.7976625706226261 -1.7649031517766263 -1.7540918926337712 -1.7540918926337712 -1.7540918926337712 -1.7540918926337712
-1.5552129917041013 -1.559658701823416 -1.562332918629824 -1.5587695691042724 -1.5484678321217846 -1.5317222081482917 -1.5132318614811993 -1.4949568908516326 -1.4772022542550058 -1.4601640420648772 -1.443983017979406 -1.428804159873133 -1.4148351606504388 -1.4023968534005125 -1.3916271945449263 -1.3828011420647788 -1.3765518387559095 -1.373533609221949 -1.3742405055147358 -1.3788310023613197 -1.3969700110761025 -1.434457551217992 -1.4867587339475734 -1.5475763808781409 -1.6110824253621354 -1.6721839702448293 -1.7267107315909707 -1.7715347740421445 -1.8046366853361764 -1.825127039218917 -1.8332276816837403 -1.83021650947283 -1.8183409848169938 -1.8007078892950381 -1.7811584195334385 -1.76413803743561 -1.7545695049446992 -1.7540918926337712 -1.7540918926337712 -1.7540918926337712 -1.7540918926337712 -1.7540918926337712
-1.6195000703377662 -1.6218629716705981 -1.6226845272944659 -1.6183013035079978 -1.6065849401777845 -1.5911936719730453 -1.5748424958069593 -1.5580359024312413 -1.5411675242463607 -1.5245469558680458 -1.5084363340650258 -1.493091380649925 -1.4788011195362492 -1.4659201185632822 -1.4548859963738572 -1.446011807678382 -1.4392667820634066 -1.4349998414407903 -1.4334167193869065 -1.4344223918390406 -1.4394764611121351 -1.450789896344401 -1.4708773122964478 -1.5026238920798256 -1.5411103008305047 -1.5818495802775967 -1.6211366278249548 -1.6561595768757684 -1.685066433407109 -1.7069920482182654 -1.7220497229601923 -1.7312915799424895 -1.7366425993956782 -1.7408143830955451 -1.747199712476839 -1.7530985216230635 -1.7540918926337712 -1.7540918926337712 -1.7540918926337712 -1.7540918926337712 -1.7540918926337712 -1.7540918926337712
-1.676301369664682 -1.6764079205548048 -1.6744004934812928 -1.668859091141102 -1.6587229882308323 -1.6463264856179625 -1.632305429250215 -1.6172036048527065 -1.601480460921022 -1.5855279670021427 -1.5696942032422803 -1.5543099444228783 -1.539713653985295 -1.5262696892857033 -1.5143739170807344 -1.50444058416896 -1.4966933640756264 -1.490745760884239 -1.4865642161896784 -1.4853119694676875 -1.4895215861791236 -1.4990150588962012 -1.5132556539262147 -1.5314920343560736 -1.5528446265360192 -1.5763829109384349 -1.6013864521528745 -1.627074494444811 -1.6518491987051669 -1.674885008294485 -1.6961933892570047 -1.7152179539177617 -1.731067656070203 -1.7431767669845901 -1.7510122176260545 -1.754067939882946 -1.7540918926337712 -1.7540918926337712 -1.7540918926337712 -1.7540918926337712 -1.7540918926337712 -1.7540918926337712
-1.7249343930654444 -1.7218495676708863 -1.7169450424737642 -1.7117780872690045 -1.7053680111907743 -1.6960592420729332 -1.684495024320055 -1.671250383564363 -1.6568347023799095 -1.6417004229003118 -1.6262564740677685 -1.6108838105046306 -1.5959495611697583 -1.5818157366652472 -1.568838263877291 -1.5573525459634292 -1.5476433197707862 -1.539670228914483 -1.5340278116170745 -1.532922189333334 -1.5364437924145762 -1.5444031891926426 -1.556384817976636 -1.5717936903053742 -1.5899128916289405 -1.6099592179570803 -1.6311285623809324 -1.6526279287991401 -1.6736948733869221 -1.6936070986581084 -1.7116852941639 -1.7272918643970139 -1.7398274740377642 -1.7487266763501605 -1.753453381118177 -1.7540918926337712 -1.7540918926337712 -1.7540918926337712 -1.7540918926337712 -1.7540918926337712 -1.7540918926337712 -1.7540918926337712
-1.7640932796597724 -1.757644652927076 -1.7529704123594405 -1.7490677365693212 -1.7454916295464387 -1.7393250487571257 -1.7302890526351038 -1.7189854180881565 -1.7059634981228462 -1.6917218157665534 -1.6767133807450925 -1.6613529631417865 -1.6460236703726843 -1.6310797300023203 -1.6168424505769705 -1.6035870347930705 -1.5915355992205191 -1.5825630445528618 -1.5778239485331682 -1.57690334296691 -1.5798364344529945 -1.5864739246016237 -1.5964849678732305 -1.6093877796695393 -1.6245889129886035 -1.6414235506553614 -1.6591909712166368 -1.6771821304783627 -1.6946987925594597 -1.7110652322840547 -1.7256342045730597 -1.7377889188436335 -1.7469424803853122 -1.7525358902196377 -1.7540918926337712 -1.7540918926337712 -1.7540918926337712 -1.7540918926337712 -1.7540918926337712 -1.7540918926337712 -1.7540918926337712 -1.7540918926337712
-1.7938437922819708 -1.7879817224530805 -1.7839447643971218 -1.78118610258332 -1.7784024967820022 -1.7750566969433823 -1.768571894542665 -1.7592362918288778 -1.7476345472097212 -1.7343030020470347 -1.7197283815153572 -1.7043490626257003 -1.6885567471079626 -1.6726960169351133 -1.657059474252813 -1.6422839249600891 -1.6303450343931245 -1.621980288525188 -1.6176456806978574 -1.616886415734709 -1.6193057061627327 -1.6247827613389791 -1.6330478501960874 -1.6437030586030246 -1.6562497896613808 -1.6701182741115537 -1.6846950936103822 -1.6993461828447978 -1.7134343013315776 -1.7263311236683228 -1.7374247592560745 -1.746123753152098 -1.7518585878229842 -1.7540815401293792 -1.7540918926337712 -1.7540918926337712 -1.7540918926337712 -1.7540918926337712 -1.7540918926337712 -1.7540918926337712 -1.7540918926337712 -1.7540918926337712
-1.818248631313102 -1.8133587356705625 -1.8097483321746393 -1.807609570400099 -1.8052397082254013 -1.8023459192678577 -1.7982344876034564 -1.7908455958488316 -1.7806425734431468 -1.7681962675564897 -1.754021361875404 -1.738573631017284 -1.7222489925009183 -1.705582969391556 -1.6900694873614464 -1.6765181690358049 -1.6655386007260733 -1.6576515618964622 -1.6532692733528105 -1.6525027532236405 -1.6544657467018868 -1.6589079322585136 -1.665604881839608 -1.6742221540034057 -1.6843349996627404 -1.6954502702523333 -1.707027796868851 -1.71849927466194 -1.729283603691727 -1.73879843377958 -1.746468206080392 -1.7517292697544957 -1.75403273687768 -1.7540918926337712 -1.7540918926337712 -1.7540918926337712 -1.7540918926337712 -1.7540918926337712 -1.7540918926337712 -1.7540918926337712 -1.7540918926337712 -1.7540918926337712
-1.8368513555498094 -1.8329950415448266 -1.82986345933339 -1.8278133727885937 -1.825774894142893 -1.8225460775050744 -1.8183362790759512 -1.812664518857547 -1.8037998618644377 -1.792182782578798 -1.7783894151240713 -1.763395347901697 -1.748038663516233 -1.733033424237211 -1.7190511618996471 -1.7067088609995775 -1.6965551003326977 -1.6890553734920633 -1.6845782409061703 -1.6833842810491462 -1.6849358220507171 -1.6884426136490498 -1.6937142665487814 -1.700465316218789 -1.7083292985082954 -1.716875247927293 -1.7256243900634123 -1.7340655465234216 -1.7416683176721357 -1.747893639665143 -1.7522017261518732 -1.7540576682071283 -1.7540918926337712 -1.7540918926337712 -1.7540918926337712 -1.7540918926337712 -1.7540918926337712 -1.7540918926337712 -1.7540918926337712 -1.7540918926337712 -1.7540918926337712 -1.7540918926337712
-1.8527344842312048 -1.8484599487686642 -1.8449572883672443 -1.8423144565845266 -1.8400952448879793 -1.8363653903512214 -1.8311980378757209 -1.8248942738828593 -1.8175160220960958 -1.8077432155350466 -1.7959840211618168 -1.7829907282741302 -1.7694773003808455 -1.7561145022427878 -1.7435237202371145 -1.7322689195391505 -1.722847037838477 -1.7156777224036106 -1.7110937010258407 -1.7093332103594032 -1.7103386247493249 -1.7129901126470513 -1.716952756292345 -1.7219795544154692 -1.7277506598352788 -1.7338859818353842 -1.7399583164205548 -1.745505900445953 -1.7500436103977042 -1.75307237527346 -1.7540918926337712 -1.7540918926337712 -1.7540918926337712 -1.7540918926337712 -1.7540918926337712 -1.7540918926337712 -1.7540918926337712 -1.7540918926337712 -1.7540918926337712 -1.7540918926337712 -1.7540918926337712 -1.7540918926337712
-1.8689079304719767 -1.864313775209324 -1.8602199060945028 -1.8566507886002275 -1.8536001894614678 -1.8491375643861725 -1.8430253718446623 -1.8356613305687495 -1.8274374532702473 -1.818708514274576 -1.8089319969746507 -1.7978067683906167 -1.7860127428701467 -1.7741781807039168 -1.7628775366174378 -1.7526270193679307 -1.743878403816362 -1.7370120504155864 -1.7323302532153713 -1.7300520330193976 -1.7302992071668664 -1.7321607923511686 -1.7349102411514272 -1.7383312448789738 -1.7421417159042625 -1.7460035475909623 -1.7495330314801814 -1.7523111110607026 -1.7538928436113765 -1.7540918926337712 -1.7540918926337712 -1.7540918926337712 -1.7540918926337712 -1.7540918926337712 -1.7540918926337712 -1.7540918926337712 -1.7540918926337712 -1.7540918926337712 -1.7540918926337712 -1.7540918926337712 -1.7540918926337712 -1.7540918926337712
-1.8849856621548247 -1.8804229358251465 -1.8760051807500895 -1.8716502138183313 -1.867541844471257 -1.8621523487721445 -1.8548970446898776 -1.8463101536670528 -1.836874399666614 -1.8269934020301875 -1.8169953837364345 -1.8071361398340702 -1.7969745291580619 -1.7865925963067975 -1.7765191679974477 -1.7672260975300667 -1.759124568328082 -1.752560387188011 -1.7478093308452924 -1.7450734839233855 -1.7444793098033793 -1.7455700476886933 -1.7471861090991914 -1.7491010136441187 -1.75106362482899 -1.7527707879327146 -1.7538756699201057 -1.7540918926337712 -1.7540918926337712 -1.7540918926337712 -1.7540918926337712 -1.7540918926337712 -1.7540918926337712 -1.7540918926337712 -1.7540918926337712 -1.7540918926337712 -1.7540918926337712 -1.7540918926337712 -1.7540918926337712 -1.7540918926337712 -1.7540918926337712 -1.7540918926337712
