_RESULTS/CROSS_VALIDATION_POSTPROCESSED_CLR/Berg/IZ/7comp/4/Berg_IZ_z_355_kriged_reverse_7comp_spherical_4.asc
ncols 100
nrows 90
xllcorner 5.6208707817415728
yllcorner 50.959635321741573
cellsize 0.00013419651685393446
nodata_value 1.7014100000000001E+038
[rows 0 to 18 of 90, columns 43 to 85 of 100]
-0.061350957170862586 -0.12833431362055725 -0.19278487672667333 -0.25488781508915737 -0.3148119143423007 -0.3727777219276196 -0.36813384863392495 -0.26610663524459977 -0.1638476484263487 -0.06230793718728567 0.036526998569810454 0.1309711693873834 0.2197253658257532 0.30041859533136384 0.37213020872348535 0.434336238655999 0.4873347003709396 0.5351263174157799 0.5782346156170145 0.6165024248474602 0.649692812317746 0.6774809746350835 0.6994491686897871 0.7150852638938937 0.7237850872912939 0.7274748222212791 0.7313662697247696 0.7352784713516954 0.738775242468048 0.7413767569441896 0.742570426696606 0.7425952271113369 0.7425952271113369 0.7425952271113369 0.7425952271113369 0.7425952271113369 0.7425952271113369 0.7425952271113369 0.7425952271113369 0.7425952271113369 0.7425952271113369 0.7425952271113369 0.7425952271113369
-0.09126157550291758 -0.15655887756265474 -0.21778668583648986 -0.2742358022481248 -0.32413077155858416 -0.35828198015735535 -0.3417823189304068 -0.2663552084550389 -0.17207862933043527 -0.07361161050475618 0.024985971510075755 0.12024832100302829 0.20822929393318423 0.28811728440053985 0.3593273209376693 0.42133050220585244 0.47361540195146845 0.5188288212242465 0.5598457402902056 0.5965369588153875 0.6286875632345859 0.6559852007133065 0.6780126642651407 0.6942455174872834 0.7040549341142777 0.7095079652145029 0.715632751595807 0.7221549072721571 0.7285889893629492 0.7344061898329803 0.7390472846215599 0.741933728113009 0.7425952271113369 0.7425952271113369 0.7425952271113369 0.7425952271113369 0.7425952271113369 0.7425952271113369 0.7425952271113369 0.7425952271113369 0.7425952271113369 0.7425952271113369 0.7425952271113369
-0.10628643527936799 -0.16698602932976492 -0.22118094294239743 -0.26712609194345927 -0.3007202909079989 -0.31283268088165195 -0.2904618664557337 -0.2321337510071635 -0.15195386018209756 -0.06223375657389796 0.02855234755266678 0.11670762330061646 0.20071555761025206 0.2777927543108998 0.34678162331616535 0.40706775529231265 0.4581120201680048 0.5003872062326681 0.538428734452752 0.5727658140637544 0.6031978432948503 0.6294182706704764 0.6510029743545238 0.6674059860686556 0.6779626669470968 0.6852540207689752 0.6937607842053181 0.7030491927012177 0.7125752951383928 0.721753421003146 0.7299715445188515 0.7366038748297956 0.7410205711244693 0.7425952271113369 0.7425952271113369 0.7425952271113369 0.7425952271113369 0.7425952271113369 0.7425952271113369 0.7425952271113369 0.7425952271113369 0.7425952271113369 0.7425952271113369
-0.10821198698474843 -0.16234051016383377 -0.20735920798913998 -0.2414001010468505 -0.26092906877798483 -0.26029220379052975 -0.23416741972714838 -0.18316034250590518 -0.11378253458873 -0.03629265309185681 0.04323502436174076 0.12179234352899193 0.197685730983729 0.2697291760069095 0.3349513429508897 0.39209718000623595 0.44058598209454836 0.4799885409666351 0.5142354417227917 0.5461968208365976 0.5752647939596627 0.6004872900510021 0.6211090535272827 0.6365741387034624 0.6465315793045459 0.6552266825065995 0.6662831973263919 0.6785191172068101 0.6913129555875157 0.7040130001468918 0.7159477097372864 0.7264397199490952 0.7348159362852689 0.7404142535016129 0.7425875867990718 0.7425952271113369 0.7425952271113369 0.7425952271113369 0.7425952271113369 0.7425952271113369 0.7425952271113369 0.7425952271113369 0.7425952271113369
-0.09938106154153337 -0.1457613549713952 -0.1807771526730091 -0.20335375686015023 -0.211499833019565 -0.20240014335440115 -0.17383766110424048 -0.12641690082509927 -0.06718451099617972 -0.0017180096986959548 0.06635575530960847 0.13440646209938067 0.20072389813709146 0.26426381051594094 0.3239824732790719 0.37746180108025096 0.4265929959756889 0.4695586602930226 0.5067422139567037 0.5409883146760862 0.5711477983771933 0.5962001388771168 0.6153380520962846 0.6279694189089478 0.6339100994335396 0.6385429474252653 0.6448630384968723 0.6536473551027011 0.6658823488695391 0.6818130963396557 0.6976125013534467 0.7120794332523017 0.7244962119235763 0.7341659674247331 0.7404152858225677 0.7425952271113369 0.7425952271113369 0.7425952271113369 0.7425952271113369 0.7425952271113369 0.7425952271113369 0.7425952271113369 0.7425952271113369
-0.08844431965355803 -0.12561097283583744 -0.14891557834816926 -0.15908417747756887 -0.15612430903653496 -0.13943612245645642 -0.10866039873557543 -0.06628909973091646 -0.016155387206086003 0.038654045275050564 0.0956856301469099 0.1529510259184622 0.2090017678713434 0.26457346400027093 0.32421522414930437 0.38482741645255847 0.4409849579104338 0.4899910582527647 0.5308116767915111 0.5670301647683835 0.5979459810525424 0.6224662669999304 0.6397257218540644 0.6490883460502677 0.6510084404114155 0.6514332389521946 0.6520646986041392 0.6537392769153751 0.6575277162378605 0.6647145083730639 0.6767697523356395 0.6941953137202332 0.7107236500149856 0.7244968034791981 0.7348183126033137 0.7410231908779116 0.7425952271113369 0.7425952271113369 0.7425952271113369 0.7425952271113369 0.7425952271113369 0.7425952271113369 0.7425952271113369
-0.08162225630139797 -0.10830472823882986 -0.11892284350170712 -0.1165394853888555 -0.10267820415500672 -0.07775595698117699 -0.04349985148154656 -0.004406968875877215 0.03816734332880167 0.08322388016336779 0.12965699948582698 0.17641880784795227 0.23001886256121706 0.29092207454055463 0.35596824699523644 0.42231005559376733 0.4850634166362453 0.5396327880411759 0.5841687925876402 0.6221502436645856 0.6535714600966849 0.6772685175812105 0.6923141230633776 0.6980195187267952 0.6962498557650276 0.6923063068162172 0.6870068890392713 0.6812554442228939 0.676222724118605 0.6733189661174079 0.6741562882026496 0.6805067472603656 0.6942610809763181 0.7120776033690479 0.7264413882296039 0.7366080171141265 0.7419365331972256 0.7425952271113369 0.7425952271113369 0.7425952271113369 0.7425952271113369 0.7425952271113369 0.7425952271113369
-0.0795596582838356 -0.09301843227531381 -0.08932699029981617 -0.07453089407268876 -0.05089722002209007 -0.019305430267875456 0.015775110446246687 0.052903143239259265 0.09147909844006297 0.13034322111940966 0.1693451239683238 0.21947669269752923 0.2797378686877401 0.3466945546418785 0.41713697298893615 0.4881104277761602 0.5564832379280642 0.6162660002881564 0.6644725727428255 0.7041088940706811 0.7358699603967387 0.7585285675231678 0.7710931712590523 0.772886409809667 0.7680747439838709 0.7595870555878002 0.7480775947951824 0.734528223740724 0.7202319190666635 0.706753665053218 0.6958782219503623 0.6895543907601336 0.6898429200340246 0.6988721056108667 0.7159443175671336 0.7299739783911915 0.7390520130769183 0.7425711732074013 0.7425952271113369 0.7425952271113369 0.7425952271113369 0.7425952271113369 0.7425952271113369
-0.08099580917278959 -0.07544950100951686 -0.0563897968371716 -0.030643799562001472 0.0007790181070244095 0.035725324090035704 0.07056473016573628 0.1053709398958701 0.1399631933651181 0.17726097605079438 0.22794431942090665 0.28807387534858564 0.3552977046122713 0.4285443581465377 0.5045553172460624 0.5802581038200914 0.6528315652032441 0.7175887185599441 0.769348443451392 0.8106229772445623 0.8426377920500956 0.864120669887112 0.874015522425764 0.8726772566313648 0.864953132487928 0.8517285951256258 0.8336810982399503 0.8118868195502738 0.787794351828222 0.7631648391404152 0.739996840930768 0.7204513124659371 0.7067861234562187 0.7013040646313167 0.7063146024007879 0.7217489797882548 0.7344088957332212 0.7413803960769492 0.7425952271113369 0.7425952271113369 0.7425952271113369 0.7425952271113369 0.7425952271113369
-0.07686797800645917 -0.04899048253999028 -0.01952080220141794 0.012425919181327405 0.04784915357748942 0.08294791012628022 0.11691359353471087 0.15004136330507623 0.1853642051812524 0.23651775224130622 0.3014157971944249 0.3749950459065582 0.4530784509348451 0.5330986754364676 0.6150248995020877 0.6957513427112936 0.7722730520498455 0.8412699378962254 0.8964372115415794 0.9393955086690242 0.9716376788263945 0.9918842454994947 0.9990445773255825 0.996081792320099 0.9854070059536354 0.9672325081388631 0.9422493614518366 0.9116568707340796 0.877112357114268 0.8406336095488368 0.8044882417947954 0.7710928441227618 0.7429324109372395 0.7225019361989897 0.7122675991766259 0.7146433600772581 0.7285842192106873 0.7387775764166232 0.742581888949913 0.7425952271113369 0.7425952271113369 0.7425952271113369 0.7425952271113369
-0.019413672581114705 -0.0020297834799918313 0.024165160451018464 0.054890724915701794 0.08866771865203826 0.12115495293449774 0.15265652611837688 0.18500562376645868 0.2343441663803285 0.3016838465520508 0.3828405642210194 0.472864502198006 0.5657470530073834 0.6570183307171407 0.7455601484729327 0.8318341363349806 0.9127129997379393 0.9852468852299702 1.0437004079287269 1.0883976836718645 1.1208082954101692 1.1397458349075897 1.145526363231181 1.1416683846983497 1.1280511636777502 1.1046825420728796 1.0722575319610268 1.032155578488643 0.9863306045535881 0.9371457772617785 0.8872102797718664 0.8392470048237346 0.7959981307732898 0.7601644910669254 0.7343709292827765 0.7211498325108494 0.7229364648299308 0.7352742517512418 0.7418869630707328 0.7425952271113369 0.7425952271113369 0.7425952271113369 0.7425952271113369
0.05986992989146511 0.05773225641066204 0.07161611550860891 0.09505839642568426 0.122525896921313 0.1501331834780426 0.17798579564587835 0.22047803165066937 0.2855006440540736 0.36913996393164583 0.46701020651634995 0.5742829102536855 0.6846804057642489 0.7926491733119777 0.8929380129984739 0.9855112633334904 1.071398921512653 1.1473701063791648 1.2090186000954444 1.2555402776469018 1.2880947664635076 1.3061541002706836 1.3128608744151322 1.3083578968975755 1.291753788438289 1.2628057004033852 1.222240683422392 1.1716741745612183 1.1134965164015354 1.0505431648638444 0.9858545737464456 0.9225129135471577 0.8635415660013953 0.8118512916654491 0.7702174444275707 0.7412761104449663 0.7275307771108663 0.7313495841354362 0.7404456068240102 0.7425952271113369 0.7425952271113369 0.7424893802902193 0.7414633857573998
0.12809782600058806 0.11335768844267047 0.11442779292384231 0.12793559859906034 0.14690838025631303 0.16846993434396285 0.19880259922874643 0.2556066311245838 0.33623886472151654 0.43637770504566753 0.5513818698265319 0.6763248592821578 0.8049882498555847 0.9311347438937729 1.049152242736545 1.1535674657369057 1.2455307436760812 1.3256682393496189 1.3903981917774568 1.4387518947012863 1.47131631925504 1.4911947512119164 1.4997331314565192 1.495256599709329 1.4758499988014606 1.440754757518818 1.3908618288788972 1.328429526686538 1.256486799621698 1.1784467822138143 1.0978788927467342 1.0182676970175575 0.9429250908730569 0.8749584676187281 0.8172703229918395 0.7725735776955059 0.7434133256663092 0.7321899056384071 0.73865210385181 0.7424146793304571 0.7406434063969833 0.7374476641295764 0.7333910547478095
0.1794183922592163 0.1549849521851464 0.1445140751640036 0.14776973700694962 0.15829832772837327 0.17485848312659125 0.21617025081705588 0.2872006584128104 0.3835182756379514 0.5004509321696926 0.6330913451411406 0.7762982687460342 0.9240322137005337 1.0694040211421485 1.2064287874395008 1.3289557740828133 1.4321994487389782 1.5179809173306955 1.5863472047023155 1.6364219682341936 1.6707541556249323 1.6935167712024648 1.70507057737647 1.7019235418424623 1.6799946900587055 1.6378520794853457 1.5769524765421372 1.5005860000640376 1.412884641480566 1.3181410118710222 1.2204171578377756 1.123603516473635 1.0312756661423639 0.9466976173542758 0.8728554379861981 0.8124976729343207 0.7681747049090358 0.7422737777738087 0.735735806687513 0.7373384717528211 0.731979466907067 0.725278660320982 0.7180394981488311
0.21121875223672137 0.17629530817504213 0.15477037647330494 0.14895102140240968 0.15289192141018604 0.17218724501786042 0.2261731828743464 0.31177135428656666 0.4241452653354062 0.5583113813831224 0.7091387943133844 0.8713165701963235 1.0388985224936733 1.204625349810575 1.3621334767284934 1.5047986090896113 1.6256430062149 1.7223556756253986 1.7963545629184718 1.8505331998952406 1.8865127277054379 1.9114837378151588 1.9286886138589021 1.929317151897307 1.9047947752621484 1.853619033039112 1.778945766031316 1.6858656862809673 1.5799221138928137 1.4664286076465716 1.3501706005927234 1.2352618321247189 1.12545117235826 1.0240843393081114 0.9341643427119913 0.8584196943591745 0.7992602258128442 0.7566314542775295 0.7322392200614298 0.7259099411769501 0.7169628079141479 0.7065921546137357 0.695997076804217
0.21990276637396833 0.1701765972039857 0.1385197845185513 0.12649714881574714 0.12729626870642852 0.15699854285137493 0.22498231386206258 0.3260433165004898 0.4553762532157203 0.6078647034356401 0.7776627562559488 0.9591748160522339 1.1467224136093803 1.333485129716308 1.5130408089713319 1.6780613220804796 1.8209026601641143 1.9347896910512201 2.0242126803921594 2.0861664936326942 2.1200656373876234 2.143512922949153 2.173700858410945 2.1815059745032013 2.1520949349136287 2.087509110516775 1.9945757974542484 1.8809765876133944 1.753887191001601 1.6195607991259213 1.48331009051706 1.3495805797335392 1.2220252098114641 1.1039456779150003 0.9982743036129877 0.9074414312042082 0.830871355378038 0.7703917235780491 0.7288505849169591 0.7089881207123436 0.6962508188020722 0.6820265147057871 0.667877561329975
0.18693680693496018 0.12450616578135887 0.08915233244763432 0.0768055628048141 0.08278889515591348 0.13144162400985282 0.22191742074959475 0.34701388329979155 0.499921327463692 0.6742998025097324 0.8644120582346502 1.0647176256153783 1.2697301944305943 1.4728192216667904 1.6684372166653574 1.8510294758166936 2.0152841116340268 2.156128884905424 2.2721268377269666 2.3525120255342937 2.387577983673829 2.390244244673561 2.456788052622075 2.4670751866511047 2.4238211927128335 2.337609473531569 2.2199323476851687 2.0811429230601863 1.929801579862937 1.7727617992989169 1.6155042428870527 1.4624833062547382 1.317307820266844 1.1829576521665457 1.0620538362628236 0.9537580730661281 0.8594653022257442 0.7820383689877781 0.724255022144229 0.6888339725014463 0.6705383842859856 0.652256647810793 0.634327983990151
0.07849844751238311 0.030838574273830854 0.006661059387958135 0.0117251123115385 0.04401048785075523 0.12228999473383817 0.24084695511486376 0.392298443880742 0.5696921251149052 0.7665684400623616 0.9770177233443255 1.1958618944191408 1.4179617796229884 1.637103404909998 1.8487157244698058 2.049154657931106 2.2333799687981792 2.3971431408222887 2.5399639238189065 2.6554840867965614 2.728243508520275 2.771057027742653 2.8066440415795353 2.7914223695048093 2.7175868455842016 2.5982383980684904 2.448147578842341 2.279428962521985 2.1011959565703737 1.920227496324155 1.7416814642321783 1.569630501039469 1.407421424555894 1.2577204499130357 1.1199497021811438 0.9942371142751413 0.8834055773533731 0.790193847311313 0.7172905531944913 0.6673574413511077 0.6405671318975666 0.6180043980960641 0.5960393236916279
-0.06842255803291186 -0.08864525026722148 -0.08004748395603678 -0.04496380563509539 0.020454430366329435 0.13107349371138322 0.2795340943536544 0.45842372170040424 0.6607515969326276 0.8800691272963129 1.1105376960135536 1.3471084959895963 1.5858720193103797 1.8216919233678681 2.0508183449378015 2.2698242132270794 2.4751809040539614 2.6664470193454717 2.840083278408749 2.9911843397912596 3.1082528024310143 3.1841579638097004 3.1997893349747812 3.1425186492483057 3.0216251698523866 2.8575703188500126 2.6683082294633262 2.4663463543594473 2.260065943011628 2.055280530562515 1.856273136270266 1.6664080163840271 1.4884842488609733 1.323249289648387 1.1686408209925074 1.0270917477012125 0.9012374298310954 0.7936772640809742 0.7070011190187125 0.6438082982856957 0.6071367908330716 0.5800520720281324 0.5537611165147053
