_RESULTS/CROSS_VALIDATION_POSTPROCESSED_80-20/Berg/IZ/3comp/4/Berg_IZ_z_125_kriged_reverse_3comp_spherical_4.asc
ncols 100
nrows 90
xllcorner 5.6208707817415728
yllcorner 50.959635321741573
cellsize 0.00013419651685393446
nodata_value 1.7014100000000001E+038
[rows 57 to 75 of 90, columns 0 to 42 of 100]
20.254198601193337 20.243445384652794 20.211923227418144 20.161697922048425 20.09579116593706 20.017733892361036 19.93118131829336 19.83965314682309 19.746396797832606 19.654340558184952 19.566100407556 19.484013221955024 19.41017950574665 19.34858465621197 19.30824981381225 19.291393453381556 19.298347744295246 19.328856609404514 19.371449252023424 19.417690825100237 19.46578271992825 19.513902858963416 19.560240635243023 19.603045942591198 19.64068987968535 19.67173013289773 19.694968760943063 19.709643591184427 19.725166472123117 19.73335429739417 19.65941113172847 19.49428249526262 19.24304064477386 18.912490081091608 18.511136156716155 18.04843569850587 17.534183377736774 16.978345480051615 16.391119716999732 15.783091464596549 15.165496004514386 14.550672675112954 13.948220874130957
20.089886838079234 20.080919631528673 20.05455812040297 20.012338134119748 19.956569322860023 19.890050718821925 19.81580024203535 19.736845584120584 19.656243588717523 19.577063964455366 19.50119838431334 19.430525922622692 19.367068076686124 19.313014602999584 19.2732328219893 19.256241685011286 19.262682247995038 19.28915288997176 19.322298110995657 19.359302539034275 19.398493073900088 19.438199435206162 19.47678470503796 19.512684761922063 19.544453880945348 19.570811077477707 19.59067947685976 19.603210870318442 19.60812742751116 19.60992383002583 19.543684872114678 19.389672250099572 19.153447579071127 18.841940018797708 18.46335505530078 18.026831671577142 17.542112680685264 17.01938719563524 16.469294523838897 15.903057251836334 15.332754366547018 14.768323973136955 14.22025112240781
19.936420424247903 19.928939292220313 19.90690661708494 19.87150301728167 19.824566893549914 19.77091444691735 19.71341091844568 19.652944303815477 19.59064406021187 19.527846455374814 19.466088808769882 19.407119671303924 19.352913762659718 19.305683888593077 19.267885703598115 19.244765168803497 19.244746563134786 19.25901248995785 19.28234416165391 19.310385773255646 19.341015202391336 19.37269569440439 19.4039380270804 19.433332353431418 19.459583463562673 19.48154592342593 19.498255071422356 19.508951375468477 19.513100453548542 19.510402754925455 19.457161052684928 19.31965654133366 19.103698050593657 18.816261564265865 18.465415157879068 18.060138343919157 17.610133274604138 17.12571209351709 16.61779054366175 16.097994334806817 15.575509669988916 15.059784103337167 14.5662147762455
19.794961820650478 19.788747095816873 19.77066961837138 19.746867224784747 19.719084492135458 19.6868694978087 19.65020782288464 19.609452244152934 19.56527760238278 19.518660777333157 19.470879213353008 19.423518697704885 19.378481447987642 19.33798789306848 19.304568731010853 19.2813017706738 19.267509716682 19.26091535786179 19.262879408556344 19.27412400602503 19.294916488381308 19.31893080683865 19.34320708854342 19.366467497098565 19.387546159279818 19.405417950448882 19.419298484575812 19.428522535711338 19.43244167964599 19.430852286724832 19.399199410098714 19.283062233712243 19.091994186441 18.83306840077274 18.514258880507846 18.144428448051855 17.73321505779318 17.29095342228447 16.828575868262465 16.3536582734749 15.87614464812957 15.40935058134816 14.96804285406025
19.666637302448496 19.66575237873555 19.66463646045766 19.66147306851457 19.65482721708676 19.643726077399418 19.62761860137223 19.606345400255414 19.580124948377552 19.549555653904306 19.515628169200436 19.479739626879955 19.44370147956266 19.409734810841606 19.380450471923876 19.35609367013708 19.330488329773125 19.305241316220634 19.284716985001864 19.27265350488603 19.270226535661966 19.278747064569295 19.296952537807076 19.317122083906625 19.336849576654437 19.35436292091387 19.368235651134512 19.377433586982075 19.381356934523364 19.379876701162132 19.36738027687802 19.283439000805505 19.119584591114496 18.89018222179567 18.6058869541982 18.27490077042214 17.90561632978402 17.507237111661354 17.086623846645775 16.654409660413183 16.222441566898187 15.803514841516364 15.411376213055524
19.562501702142747 19.58009705137187 19.59877268240359 19.61626989470355 19.63073548130414 19.64071324222445 19.645138684994475 19.643344283606158 19.635078345781963 19.620535187224327 19.6003895971073 19.575825881270365 19.54855185758895 19.52079100494405 19.49362021509734 19.460747018928558 19.423194116177736 19.384197633597687 19.346193382542097 19.311758448088202 19.287917619158236 19.278378813547718 19.283449353506455 19.30217786535574 19.322664187589904 19.340752085452674 19.355023794608538 19.364468994638546 19.36852771563861 19.367121836575137 19.360670410270327 19.315020059752115 19.190650710288935 18.997101148254757 18.745329906928102 18.449047277990662 18.11706896662049 17.757959573313354 17.378798013768957 16.990162056001658 16.603461717780625 16.23076104142521 15.885015299028288
19.496187808661674 19.5326897126688 19.571421628481605 19.609819277779877 19.645631189600753 19.676931259153214 19.70214133441413 19.72006892474171 19.729960878916028 19.731568241263076 19.72521206254443 19.711836577232596 19.69303636795847 19.669493719026047 19.635824036919296 19.592834091820734 19.542769238662732 19.48906585119005 19.437024775883174 19.39315632037321 19.358860959758537 19.335423064904965 19.324295103371973 19.327577380833535 19.34536262048535 19.36454656704626 19.37962414358965 19.38958142240293 19.393873557923943 19.392452285167128 19.385772414617023 19.368016793794705 19.28579396649074 19.13410281887987 18.922311709223337 18.661008543504856 18.36148005403625 18.03561944162394 17.69682083683839 17.35603982043089 17.020332137171504 16.69914393576482 16.40253367757797
19.465897269191913 19.521673394208833 19.580855904611848 19.640585001817154 19.698217574770403 19.75135328968857 19.797879398687318 19.83603921718979 19.864524180336243 19.88258207654959 19.890126273071544 19.88782533870382 19.874693583913245 19.846415186347247 19.80419510971129 19.75012517631111 19.68691244700011 19.623085648390056 19.564600425472626 19.512978803612356 19.469630436395978 19.435955808100182 19.41333977357334 19.403170462104026 19.406878136493845 19.424527323454306 19.441213016606458 19.451988102278868 19.456321936706473 19.45404725251831 19.445364645027965 19.4308282515498 19.38727802266446 19.27488709277025 19.10229432983462 18.880041359991072 18.62077128544318 18.341948865649446 18.053735739195677 17.76570093736547 17.485304508376124 17.21580542106231 16.96595372761884
19.46966839408071 19.54512111645385 19.62524704689739 19.706899902808413 19.78704508405874 19.862791515902213 19.931452708006724 19.99064442556455 20.038420096313008 20.073434591990274 20.09496451810193 20.09878899035676 20.0829685736703 20.048314045224142 19.9965690127825 19.93068501409092 19.86107150117224 19.792417852152592 19.72687760133415 19.666911931221076 19.614155412091687 19.57012455044498 19.536239895569473 19.5138609286921 19.504344889936075 19.509121881180214 19.526167810759095 19.538095814089758 19.541928698525005 19.53751325477894 19.52512325723445 19.505437633728196 19.47881964834433 19.40714704159795 19.27513196151185 19.10142314788614 18.898829983761566 18.675566416391735 18.440254661054283 18.201850348293164 17.969559871800996 17.750774865964082 17.546233181091182
19.505469997950694 19.60099764067513 19.70261631942091 19.806907453412954 19.910445789910135 20.009827159514778 20.101737328595135 20.18307541655622 20.251130920690375 20.301315200128336 20.329464190737447 20.334092286835556 20.314951750282848 20.273060735322844 20.21099178378453 20.140290967752108 20.06665112433825 19.9922223242593 19.919232543213294 19.85031622588994 19.78784879852057 19.73345311542544 19.688552227806564 19.654426379251884 19.63229777362108 19.62343425368426 19.62926197387167 19.642195355328525 19.645564656277784 19.638854337834594 19.622427566966337 19.59712081422324 19.564182771922933 19.52355502937211 19.44834219162179 19.33510031264905 19.191170249071998 19.024269538565928 18.842418227803805 18.653866318457986 18.467016114923933 18.290330207621807 18.129696222349967
19.571171122628353 19.6871128883561 19.810770897574592 19.93848034914703 20.06643543880242 20.190699402690303 20.30681253320587 20.408877685173316 20.492059338019715 20.552162851346836 20.58594760638732 20.591507542273046 20.568522854234043 20.518362403421797 20.452029032605168 20.37793269767044 20.2986918390427 20.21715290436541 20.13609830811446 20.058061036351596 19.98568445807836 19.921088941074665 19.865649699207772 19.820497945626183 19.786637946538978 19.76508659945353 19.757024786835554 19.763322654325098 19.76627090787508 19.75706906398993 19.73619386684997 19.704686027509926 19.66788262176985 19.64157618401199 19.620858850508746 19.568827450901235 19.484303656193884 19.374466547342212 19.24666795900178 19.108369739145356 18.96708520015156 18.830315516744005 18.7054713309597
19.663988952752977 19.80041196944428 19.94606507485264 20.096802167501192 20.248007816442172 20.394582550145447 20.530993705867175 20.651432405121607 20.750117519759332 20.821764160335217 20.86217579887323 20.868836380395432 20.841320225457345 20.786700047494055 20.717923997333774 20.63832321303231 20.55155808224827 20.46136081091927 20.371172543571625 20.2839453286784 20.202071612424493 20.127699169153914 20.062512170087295 20.007403566778343 19.963052825942277 19.930110077825784 19.90939782841808 19.902112651243748 19.903045634059236 19.891095720594542 19.865248764767323 19.830576656715422 19.80566491998093 19.791748101453184 19.78769513942939 19.78888564988716 19.76426286743148 19.712068032740106 19.638931746221317 19.55145121462881 19.456159985138225 19.359507398666985 19.267837572800175
19.766447316293963 19.922837389646247 20.089486442376746 20.262137598515817 20.435926618598725 20.605306901497364 20.764035196547855 20.905281201343094 21.02194455338842 21.10725135175556 21.155618714172572 21.163608989851703 21.13243060062592 21.07698413056959 21.003090908239503 20.915316982283684 20.81871985414146 20.718128470392777 20.61772828629495 20.52089173423904 20.430163879970344 20.34733264323115 20.27364568110389 20.21010116741845 20.156965516241424 20.11437381535309 20.082638823135387 20.06253050330545 20.054834465364696 20.039796316714114 20.010287775680517 19.987218669804356 19.974987432326017 19.97273524808033 19.979652952109 19.994808726939876 20.016597649874125 20.022479093908288 20.004609544528467 19.968648733646408 19.920051790399523 19.864101004474744 19.805958640422613
19.868067162246078 20.04398093571003 20.231524287154873 20.426433708055313 20.62370844067778 20.817451546484595 21.0007438150054 21.165633106202012 21.303383739647526 21.405172780368204 21.46334010989046 21.47298361648216 21.442509043886997 21.383436195670217 21.300887275892606 21.201613654198482 21.092510058602922 20.97969437698291 20.86811873112899 20.761512030407953 20.662476598274708 20.572636256238287 20.492796076078555 20.423113837487143 20.363481086339515 20.313549856547812 20.27291827685854 20.241742925919336 20.221110669812216 20.202064381286 20.1816872189943 20.171340282585785 20.17050403731822 20.178894697721862 20.196150008231204 20.22161053379099 20.25419525664079 20.292355691314647 20.328623306457093 20.345008675823408 20.344063218989348 20.329757960746424 20.305631126221453
19.964832022369528 20.159330204219984 20.367130966101893 20.58409949085584 20.805269844212713 21.02458765235668 21.234623266566533 21.426332165102128 21.589062215380476 21.711189787077974 21.781834412732255 21.795844525954973 21.766059987185564 21.6990409015098 21.603178284235444 21.488391622291083 21.36388104568636 21.23712852112707 21.11373732930325 20.997628164332944 20.891312170034013 20.796131352568104 20.712558212315653 20.641252002843014 20.580586398823193 20.528295694227243 20.482556846770457 20.44250296428093 20.40866067200573 20.387780998829765 20.378325357695722 20.377541426529895 20.386256377645253 20.403887938441933 20.430597571389015 20.46607383554736 20.50933999817326 20.558721632221076 20.61187589379735 20.66586907776707 20.712915326415775 20.741026194010953 20.751690112791582
20.05271763479274 20.264244057381 20.490951834888392 20.728984130199645 20.973629006518674 21.21897563892963 21.457446102707106 21.679213568793394 21.87167132458582 22.019531420470265 22.1067763195363 22.129247166796514 22.096049445103198 22.014889252060975 21.899699920917868 21.76488194068633 21.622222657809225 21.480333784958912 21.34512073876677 21.220462289174858 21.11154550586822 21.019709778942612 20.94313677388421 20.879229201138763 20.824768032374035 20.776191121503526 20.730124425774395 20.684226842158193 20.639343869945762 20.620901587353877 20.61635837128852 20.616577870214257 20.624520883130245 20.64328232546449 20.675519810523532 20.720576767572208 20.774825732181622 20.83635563745879 20.902369850053134 20.969230649579945 21.032607153588508 21.087744558288378 21.12990543846279
20.127855277017126 20.35414179905912 20.59752979482661 20.85456792121916 21.121020345082748 21.39148994199598 21.658825879034225 21.91318889564122 22.140676017465804 22.3218735953656 22.43307395692765 22.466566627821926 22.42333390895068 22.318971174946007 22.177132926511483 22.017965896675488 21.855376872747467 21.698306323357844 21.55669806444567 21.43579599120938 21.33524568142941 21.253559817543913 21.188290016960195 21.136062622674377 21.09257404261611 21.052709635380666 21.011059758747425 20.963115762171856 20.916652762617527 20.898759845999066 20.89546247421626 20.89273603205336 20.895650998888314 20.90887558040906 20.93606093399485 20.979678213064965 21.041034073159118 21.115588633504228 21.19622121833334 21.278617950710725 21.357439489214965 21.426549203401215 21.479497291365306
20.186745688495122 20.424775419337845 20.681642892055535 20.954357991198254 21.23930209401406 21.53190330530278 21.826078678756637 22.113196983155138 22.380016860947194 22.604652944164116 22.753825104624788 22.79980263941773 22.734532449358984 22.593791860810438 22.41792132321053 22.2320829703204 22.051857192110724 21.89223709266489 21.756466892381237 21.644719760046844 21.555908215789803 21.487995236863807 21.438056059309925 21.40215146882925 21.375059975186335 21.350015661362768 21.318894397484247 21.273937158015833 21.233683490446293 21.21342722059643 21.205565335900722 21.194630364178803 21.188183403514767 21.192692582325982 21.212748099007534 21.251254794925895 21.30967436318387 21.38815699777719 21.48405374672133 21.58493670488715 21.683031049786695 21.770625934752946 21.839099016659453
20.22650550034929 20.4725671162218 20.738767164690216 21.022516269166577 21.320777276397852 21.629854933609003 21.94504184226488 22.25993280284506 22.564812584569633 22.841868135488465 23.05363112954973 23.118403371663067 23.005093966608435 22.81200442001384 22.599620492979497 22.394486799626335 22.213807600845723 22.06056130578157 21.935134609915615 21.836632715176922 21.763330740956334 21.71283462466156 21.682038299475064 21.666862553621385 21.66169960543302 21.65851361258969 21.645958417723747 21.614234253251055 21.582364552017037 21.555801942419066 21.535447862917913 21.50976063289705 21.489256739768607 21.481987269450308 21.49306532545342 21.525531387494485 21.58087511304108 21.659231825863266 21.75933755068178 21.877826407273012 21.999235889306785 22.110488573427176 22.200353874163856
