_RESULTS/CROSS_VALIDATION_POSTPROCESSED_80-20/Berg/IZ/3comp/4/Berg_IZ_z_355_kriged_reverse_3comp_spherical_4.asc
ncols 100
nrows 90
xllcorner 5.6208707817415728
yllcorner 50.959635321741573
cellsize 0.00013419651685393446
nodata_value 1.7014100000000001E+038
[rows 57 to 75 of 90, columns 0 to 42 of 100]
0.6947528994214507 0.6944420909433999 0.6935306972777803 0.6920776728301363 0.6901693769051427 0.6879069445109026 0.6853953798326142 0.6827361664898648 0.680023342342673 0.6773421115677027 0.6747689753221082 0.6723726119060554 0.6702150303321308 0.6685334966318597 0.6679662656163428 0.6681141704010712 0.66881563171517 0.6700096493736972 0.6713014438021468 0.6723824429988958 0.6731381470579137 0.6734551490031437 0.6732259292567756 0.6723554062033021 0.6707692449975106 0.6684237267459939 0.665316936372781 0.6615045931876485 0.6573091499870684 0.6528687462869719 0.6475369384282688 0.6416336259644841 0.6356566609602418 0.6298843599444215 0.6242459280231571 0.618493027388897 0.612419860860049 0.6059333640370563 0.5990370634375002 0.5918051184200481 0.5843690003328552 0.5769185172673025 0.5692662350375024
0.6899983320135095 0.6897385297680204 0.6889745793400641 0.6877504602381634 0.6861323972175485 0.6842008045688986 0.6820426109379908 0.6797453060723175 0.6773974296961408 0.6750880786990778 0.6728732028790609 0.670808397557519 0.6689532805001053 0.6673722208736175 0.666343330705957 0.6660846305990973 0.6663764119633642 0.667069930778695 0.6677226765890041 0.6682008164535492 0.6684055347073603 0.6682422523721029 0.6676250835306047 0.6664825854209329 0.6647647626324429 0.662451177253033 0.6595599903172652 0.6561578531504133 0.6523772143150287 0.6485395114238048 0.6440905832461931 0.6390736360431833 0.6338136698818003 0.6285070220580984 0.6231786995087143 0.617743408610033 0.6121047554947672 0.6062157788525094 0.6000952294642717 0.5938255163874575 0.5875505389696399 0.581156589323484 0.5744265499697169
0.6855474930306076 0.6853302810575755 0.6846904400461038 0.6836618943475261 0.6822975145425337 0.6807344414228363 0.6790553778124139 0.6772875503840643 0.6754650488962844 0.6736278144411076 0.6718214695129964 0.6700976150923253 0.6685142681316708 0.6671362082795406 0.666035105611113 0.6652535105969044 0.6650074823540065 0.6650121358696468 0.6650697075015892 0.6650128540230232 0.6647409116578187 0.6641755978105032 0.6632490173282799 0.6619085759433998 0.660122734270718 0.6578874223415119 0.6552328362404969 0.6522301714584011 0.6489973575377627 0.6457020898796386 0.6420363714819056 0.6378040943470591 0.6332435805001374 0.6285148713149008 0.6236839693001378 0.6187495750558195 0.6136917824292828 0.6085126575971158 0.6032580391667622 0.5980266050187281 0.5926682082321618 0.5869681700984763 0.5811390782926943
0.6814365224595296 0.6812557333273696 0.6807295386490971 0.6800315300661864 0.6792120849415443 0.6782600477902477 0.6771768049449989 0.6759742119747638 0.6746732579345398 0.6733034677927748 0.6719028550459984 0.6705181549392931 0.669205075960535 0.6680283712546646 0.6670616210456874 0.666310203377668 0.6654066646300684 0.6645175943833725 0.6636992085216081 0.6629361648057038 0.6622041225804332 0.6612995129063336 0.6601238943848261 0.6586392454393607 0.6568274194237225 0.6546949852179905 0.6522804769786323 0.6496532879159993 0.646911513821474 0.6441940595327553 0.6413487084020569 0.6378572911756473 0.634002296576461 0.6299273233369515 0.6257187109802084 0.6214215936790289 0.6170664981208581 0.6126957591941676 0.6083750966516049 0.6038480096149528 0.5990067789958239 0.5939852989650671 0.588984523982239
0.6777004557378217 0.677670753557231 0.6776253002627098 0.6775135390051532 0.6772960711969064 0.6769468425392737 0.6764519043891921 0.6758084738202788 0.6750244760634861 0.6741185623415957 0.673120444740874 0.6720713093402 0.671024064599178 0.6700432404283744 0.6692044493763663 0.6685069304126297 0.6674452278487197 0.6659194442080638 0.6642312105034945 0.6626179058822546 0.6610891533337776 0.6596647136920218 0.658307117083035 0.6568102529728167 0.6551198413512238 0.65321866429915 0.6511211862156224 0.6488762550076783 0.6465675904543604 0.6443107585539757 0.6421669412021072 0.6394828459339332 0.6362645650768574 0.6328022684622631 0.62926290355372 0.6257014264676439 0.6221423624958542 0.6185682481345622 0.6147131609670209 0.6105864096285485 0.6062678536342745 0.6018867863916866 0.5976236554536498
0.6746547660834266 0.6751480031874637 0.6756641328373596 0.6761399237517873 0.6765240022466709 0.6767765303606653 0.6768689575599641 0.6767840712900709 0.6765164459774414 0.6760732350822408 0.6754751136170818 0.6747570977351793 0.6739689650198651 0.6731750730747564 0.672405900651186 0.6714762867239625 0.6702948262845521 0.6686282827365099 0.6665699301831631 0.6642436958783116 0.6620183425174153 0.6600730398831982 0.6584036646687484 0.6569819871871816 0.6554890021638028 0.6538409335886732 0.6520489817705635 0.6501542185428608 0.6482271256915562 0.6463643038317485 0.6446818497467282 0.6428441338809069 0.640431364902152 0.6376370670775 0.6346425572106728 0.63162762518179 0.6284954787471168 0.6252122968513033 0.6216974374030346 0.6179951908521487 0.6141886308893904 0.61039835364389 0.6067940423464103
0.6726889801767506 0.6737178922457467 0.674803321428111 0.675873225317901 0.6768648524422928 0.6777250238185825 0.6784106712172623 0.6788897905903306 0.6791428488441963 0.679164522499319 0.6789654920852989 0.6785739174984847 0.6780362186280521 0.67737162060268 0.6764219892391135 0.675208782186472 0.6737890158171169 0.6719746550126253 0.6698087732467961 0.667552159690463 0.6652853784896308 0.6630865899852426 0.6610483923544747 0.6593186828255042 0.6579275423316113 0.6565373423742282 0.6550402798534458 0.6534689536620722 0.6518818923033348 0.6503605705204323 0.6490040601903171 0.6478324422944463 0.6462288943398049 0.6441143921063132 0.6415702147399374 0.6386971364061576 0.6355919183815024 0.6323574647344076 0.6291372811476936 0.6259973447569128 0.6228932950935374 0.6198792735311188 0.6170440133844612
0.6717560384538088 0.67333090685302 0.6749961778934237 0.6766712869270523 0.6782823245175738 0.6797627153161827 0.6810543858292962 0.6821095707028756 0.6828932681011248 0.6833861530317448 0.6835875418632847 0.683517848587003 0.683148570872429 0.6823535435065706 0.6811659043684715 0.6796437987822774 0.6778633683244422 0.6760418643857898 0.6740611577781681 0.6719544813014516 0.6698010083119822 0.6676815650749696 0.6656787516477325 0.6638778331381285 0.6623681674405347 0.6612041256698578 0.6600272574121666 0.6587630448579995 0.6574617774927829 0.6561820512057642 0.6549868825541916 0.6539388481666801 0.6527753820124906 0.6509930385223875 0.6487059481241823 0.6460327771986748 0.6431328455961699 0.6403039813198846 0.6376230818255232 0.6351528177972059 0.6328842045995968 0.6306573253487886 0.6285258719938687
0.6718025638084935 0.6739338890414422 0.6761915179622627 0.6784866128405281 0.680734135198714 0.6828537138186435 0.6847712822681399 0.6864216955624306 0.6877523650729996 0.6887276668292532 0.6893291987849155 0.6894363181842785 0.6889931621255037 0.6880220358903548 0.6865709755678056 0.6847247976430554 0.6828280593134985 0.6810209288657251 0.6792204792855455 0.6772621457256826 0.6752240252614949 0.6731888668546451 0.6712384526029364 0.6694547771188797 0.6679218759746613 0.6667279671581392 0.6658666951646491 0.6649058765812037 0.6638187386903829 0.6626554379272555 0.6614727842880237 0.6603302614203265 0.6592767638639595 0.6578368644707718 0.6558240620714746 0.6536201424099988 0.6514149107613835 0.6492487266726904 0.6471688031610339 0.6452332608129113 0.6435141332469468 0.6420258672329936 0.6405450935497127
0.6727718353064805 0.67546927042544 0.6783325674564596 0.6812649886996224 0.684170395615633 0.686954047550276 0.6895244893825135 0.6917968928341229 0.6936978118419391 0.6950992755564501 0.6958848568659531 0.6960139818871734 0.6954798906534295 0.6943103763494803 0.6925789736255967 0.6906689903895967 0.688753098043204 0.6868767339638127 0.685087572210319 0.6832754865429616 0.6813564301999921 0.6794141950815874 0.6775281431562623 0.6757748878664397 0.6742307769050083 0.6729748200512998 0.6720916453695893 0.6714144055267176 0.6705241432107839 0.6694537789621593 0.6682565435517138 0.6669919505797649 0.665721697915389 0.6645191898939196 0.6632483220587452 0.661860577183909 0.6604012884584062 0.6589138932923997 0.6574437125600016 0.6560415083933013 0.6547664064336015 0.6536878109577614 0.6527927202417934
0.6746032218860005 0.6778740442733582 0.6813554426935587 0.6849434518618951 0.6885310859002893 0.6920087138881925 0.695252724297093 0.6980991030225339 0.7004151702874506 0.7020865637824029 0.7030252872601191 0.7031797180136152 0.7025412040104918 0.7011472690774484 0.6993630995752338 0.6974547348495477 0.6954796613999894 0.6935016479665593 0.6915827132540365 0.6897776443542768 0.6879847228714076 0.6861498305015437 0.6843479765001452 0.68264786940752 0.681115299221232 0.6798171688011505 0.6788257415115199 0.6782050428068401 0.6774982641591673 0.6764996564969055 0.6752612067904982 0.6738454849965496 0.6724361264788955 0.6715220827752979 0.671047115231615 0.670487359326326 0.669785681453132 0.6689870323316007 0.6681327545432042 0.6672639799244454 0.6664248791764782 0.6656654102882098 0.6650432289405335
0.6772163954624241 0.6810594477147226 0.6851535647603901 0.6893806702178684 0.6936105560819684 0.6977007408850692 0.70149808239812 0.7048431861817064 0.707578636309163 0.7095614499046564 0.7106786443049602 0.710862694953528 0.7101021928144929 0.708631161843809 0.7068753603229242 0.7049131277338038 0.7028296450958229 0.7007120964927815 0.6986396748395844 0.6966779944279108 0.6948769748124545 0.6931715031712884 0.6914841595128449 0.6898722201908895 0.6883873888586105 0.6870807079167103 0.6860085706730009 0.6852385838759681 0.6846588037496768 0.6837115918025559 0.6824038915295683 0.6809183422528636 0.6798393116346649 0.6792190184799451 0.679030037644817 0.6791897605421816 0.6792510948396336 0.6791475465612201 0.6789150832969971 0.678583330005717 0.6781794368896743 0.6777320408880289 0.6772749769662982
0.6801034118535473 0.6845012911859477 0.6891757521565244 0.6940052889082919 0.6988526065010557 0.7035629373092646 0.7079640165407827 0.7118693462218675 0.715086860508464 0.7174347617667576 0.7187641217879326 0.7189836003717713 0.7181405477470726 0.716737107556714 0.7149377480029788 0.7128512861404478 0.710600002025597 0.7083001517051746 0.7060504870610962 0.7039272798946343 0.7019835351050537 0.7002505963202342 0.6987064351266408 0.6972328764792329 0.6958484560262073 0.6945835052743586 0.6934736371826494 0.6925685032963763 0.6919199018289066 0.6910030504342142 0.689654845042448 0.6885377046906541 0.6878083197864001 0.6874578205571662 0.6874715884223993 0.6878234841653345 0.6884667072688033 0.6890637120349261 0.6894612164369784 0.6896757037117908 0.6897151346695881 0.6895843637722254 0.6892910578986409
0.6829623051389627 0.6879005707706289 0.6931499510622989 0.6985882021078047 0.7040738145099243 0.7094421749805118 0.7145027146244716 0.7190391932760519 0.7228167973811105 0.7256006989198321 0.7271885796235831 0.7274516191485875 0.7266911613163529 0.725280794837932 0.7233431955812647 0.7210448791295385 0.7185567508021273 0.7160292936615619 0.7135816136897167 0.7112992126653647 0.7092359019733581 0.7074172221226578 0.7058444183593389 0.7044991373853904 0.7032874623740077 0.7021346051567429 0.7010484924779693 0.7000545822829306 0.6992080466446506 0.6982854086486285 0.697275032350275 0.696552270613602 0.6961269006740834 0.6960105240449356 0.6962055030392822 0.6966975587612125 0.6974519292049478 0.698412430184006 0.6994308230962413 0.7002091821997571 0.7007112672822767 0.7009163580031373 0.7008976196536681
0.6856803983088059 0.6911311263313251 0.6969354745405464 0.7029739512648124 0.7091052099123423 0.715159668422581 0.7209325746725184 0.7261785733137183 0.7306128972287437 0.733928741135072 0.7358417849113708 0.7362382025589483 0.7355779320767543 0.7340440908798189 0.7318447669218652 0.7292293678810887 0.7264294987682223 0.7236319715262978 0.7209735572444632 0.718545113915724 0.716397835217491 0.7145487655625544 0.7129885722774113 0.7117132761255346 0.7106475270295084 0.7096957214196177 0.7087484872643004 0.7077285337909713 0.706667999388912 0.7058031501527481 0.7051736630351403 0.704738181153647 0.7045514915871485 0.7046194562543447 0.7049641577585893 0.7055853651228872 0.7064546622156416 0.7075150676397625 0.7086828406044704 0.709854320045491 0.7109191045310488 0.7116927063118818 0.7121467921250152
0.6881454680351844 0.6940641274548174 0.7003843555849842 0.7069932611431067 0.7137552532031544 0.7205033866964223 0.7270277828453464 0.7330616069864797 0.7382689905667722 0.7422495026735346 0.7445892676950392 0.7452533657159985 0.7445800082130632 0.7427587794085427 0.7401405579285344 0.7370906387792125 0.7339083820742626 0.7308111085047134 0.7279447120856065 0.725400250348216 0.7233128398347156 0.7217015992306055 0.7204877992109965 0.7195662292975439 0.7188095033541271 0.7180771914969414 0.717234383262863 0.7161818089828778 0.714926795809414 0.7142384301408985 0.7137918286840063 0.7133656403442897 0.7130863325541128 0.7130787303278473 0.7134459310199865 0.7141796259437159 0.7151803271457634 0.7164147170346241 0.7178127738002877 0.7192777808657796 0.7206916453162044 0.7219233227770955 0.7228421230762583
0.6902502167438507 0.696573251172274 0.703346972507332 0.7104683881798045 0.7178133360036978 0.7252268594110942 0.7325083416714865 0.7393885261229525 0.7454965088721699 0.7503265585095651 0.7532774982842919 0.7542832147085401 0.7534202339562627 0.7510777602312065 0.7478529128056615 0.7442576709981721 0.7406471004875806 0.7372490991831651 0.7343361113340328 0.7320463573136232 0.7303504227583277 0.7291835192390378 0.7284487227247991 0.7280164171760181 0.7277229295609441 0.7273740183143127 0.7267629492492697 0.7257133007034158 0.724434210744576 0.723742678705836 0.7232745311366131 0.7226801855435003 0.7221520888626345 0.7218676425901327 0.7219677183898783 0.7225515598281972 0.7236782503455188 0.7252239667890636 0.7269848036972959 0.7288434439434743 0.7306516209102186 0.7322374475426955 0.7334199887167515
0.6918980517599636 0.6985420096267262 0.7056811188045022 0.713223770937294 0.7210608783750065 0.7290573795840469 0.7370379668298119 0.7447611838095418 0.7518690947797932 0.7577907361770725 0.7617071525470859 0.7630736893921414 0.761713865698961 0.7585200080424834 0.7545039649634244 0.7503047317801792 0.7463311176507916 0.7430037148838202 0.7404028159657914 0.7385196134339865 0.7373070394391414 0.7366869438936802 0.7365500595285146 0.7367500699438025 0.7370930762333573 0.7373275467791448 0.7371505880926882 0.7362682679179724 0.735198734566164 0.7343992944999012 0.7337023819338586 0.7327476668604214 0.7318188384499241 0.7311560885101616 0.7309320968468417 0.7312598371554198 0.7322023841985649 0.7337790122316858 0.7359213294993339 0.7382619462741918 0.7405784433752814 0.7426525445742089 0.7442400423054656
0.6930096843002183 0.6998727395811966 0.7072642707821504 0.7151026095634835 0.7232929668157164 0.7317216351820242 0.7402464872331469 0.7486792318843244 0.7567452135635151 0.7639672335182367 0.7694433935411177 0.7713009395569422 0.7688052300875913 0.7643728273959209 0.7595074283583649 0.7549090864182708 0.7510635084429063 0.7480499064682294 0.745873033922773 0.7444985389401142 0.7438648427177404 0.7438867566245825 0.7444527003850434 0.7454145018834263 0.7465668409563283 0.7476144611188282 0.7481400937431393 0.7477556481902398 0.7469583966782809 0.7459045394176734 0.7447079912871127 0.7431694396634418 0.7416827210292875 0.7405424532125199 0.7399375420195567 0.7399832149962867 0.7407409892376657 0.7422273481962843 0.7444142819533798 0.7472094893249759 0.7501546160442025 0.7528693977147917 0.7550343799088569
