_RESULTS/CROSS_VALIDATION_POSTPROCESSED_80-20/Berg/IZ/3comp/4/Berg_IZ_z_90_kriged_reverse_3comp_spherical_4.asc
ncols 100
nrows 90
xllcorner 5.6208707817415728
yllcorner 50.959635321741573
cellsize 0.00013419651685393446
nodata_value 1.7014100000000001E+038
[rows 0 to 18 of 90, columns 43 to 85 of 100]
0.7964747839452816 0.8052835973752882 0.8115164149687462 0.8154703980002056 0.8175244250518946 0.8181409722592169 0.8071537088402924 0.7795429227434609 0.7530385518227154 0.7281532294098477 0.7051215580388164 0.6841581897401161 0.6654426864634914 0.648674846438446 0.6341156170628317 0.62213545367663 0.6127287836620661 0.6043752553478465 0.5969869678623921 0.5906997069206904 0.5856189026201523 0.5818203807284396 0.5793516653794601 0.5782337899692567 0.5784635227155213 0.5796806704370457 0.5810688711071753 0.5824670855517963 0.5837190486878409 0.5846518447699792 0.585080236332303 0.5850891394669813 0.5850891394669813 0.5850891394669813 0.5850891394669813 0.5850891394669813 0.5850891394669813 0.5850891394669813 0.5850891394669813 0.5850891394669813 0.5850891394669813 0.5850891394669813 0.5850891394669813
0.8271624037657441 0.8354610442658524 0.8402710951478845 0.8417642115352642 0.8401454564630021 0.8343468145091327 0.8188083293452472 0.7931129030356436 0.7652520985207183 0.7382889927416851 0.7132423593086511 0.6900629767088815 0.6684338933442069 0.648850414349822 0.6317332408704834 0.6174382322708459 0.6062794330378827 0.5972799569073701 0.5894045447148729 0.5827951780645516 0.5775607672448337 0.5737779033397107 0.5714922568167145 0.5707206363102881 0.5714536205979406 0.5733046099469454 0.5754720578904601 0.5777870622228576 0.5800778646219193 0.5821551063594643 0.5838165372168944 0.5848517034076237 0.5850891394669813 0.5850891394669813 0.5850891394669813 0.5850891394669813 0.5850891394669813 0.5850891394669813 0.5850891394669813 0.5850891394669813 0.5850891394669813 0.5850891394669813 0.5850891394669813
0.8588872009839432 0.8659679363320589 0.8684022445303339 0.866312387281868 0.859560786105505 0.8472539981563542 0.828012250693064 0.802596609825251 0.7744396068669329 0.7462781464808975 0.7186671200104995 0.6922997052027942 0.6679547623435925 0.6459090814689293 0.6265394090917763 0.6102002457808658 0.5971935502067742 0.5874042479555921 0.5791404123334642 0.5722985971710406 0.5669951466962679 0.563310209498979 0.5612892710372795 0.5609455695875648 0.5622633353624992 0.5647825520037736 0.5677605868754825 0.5710257501133444 0.5743892954874015 0.5776443492362848 0.580571031931199 0.5829413778073697 0.5845240622448723 0.5850891394669813 0.5850891394669813 0.5850891394669813 0.5850891394669813 0.5850891394669813 0.5850891394669813 0.5850891394669813 0.5850891394669813 0.5850891394669813 0.5850891394669813
0.8917329485796436 0.8969511417337582 0.8961800324265866 0.8897578568667623 0.8779072677599552 0.8605467426686051 0.8377476363696787 0.8107926330454879 0.7816511120525544 0.7511086828274621 0.7205517084624613 0.691290566254777 0.6642313011330132 0.6399822687523457 0.6186668429656667 0.6005580530421136 0.5859510089427341 0.5750731417985839 0.5664932670794327 0.559339644825459 0.5538310589222449 0.5501867468219624 0.5485159980976414 0.5488234777132611 0.5510139388585789 0.554358245782817 0.5581829528076071 0.5624330752651308 0.5669024515596144 0.5713653724010213 0.5755836858204403 0.5793118518993217 0.5823016395417969 0.5843065946600576 0.585086396649547 0.5850891394669813 0.5850891394669813 0.5850891394669813 0.5850891394669813 0.5850891394669813 0.5850891394669813 0.5850891394669813 0.5850891394669813
0.9258815975916169 0.9286126510307715 0.9238985898499339 0.9126288529926169 0.8956764313664517 0.8737426286966608 0.8475661395809279 0.8182526202602727 0.7861614824130411 0.752601740172891 0.7192494137369643 0.6873644415450145 0.6578555138724657 0.6313749200733808 0.6083377130418087 0.5885565450093518 0.5716486076966681 0.5581887367522237 0.5478349659802287 0.5394018023124901 0.5331922100437062 0.5294219539765175 0.5281948751054514 0.5295098760154978 0.5332445007787846 0.5385435451790974 0.5447402963751833 0.5513481418399265 0.5577845955079366 0.563581275989289 0.5691128647255658 0.5742138395307281 0.5786198505578781 0.5820692116118843 0.5843069648681329 0.5850891394669813 0.5850891394669813 0.5850891394669813 0.5850891394669813 0.5850891394669813 0.5850891394669813 0.5850891394669813 0.5850891394669813
0.9616680048466809 0.9611231623676428 0.9515482145575609 0.9347927957996299 0.9125284052072332 0.8860568714412804 0.8564756254617683 0.8235545581486468 0.7877680828964241 0.7511253804742304 0.7150948797048998 0.6808126804980833 0.6491277242056512 0.6202713665350122 0.5936180254211039 0.5699121993250291 0.5495899300672767 0.5332794707580902 0.5210801529334843 0.5115397442354327 0.5047640901627861 0.5009617917674916 0.5002303423776799 0.5025646119775273 0.5077675826626309 0.5149462349073117 0.5235862004368758 0.5331853743039185 0.543136084542734 0.5527344007433926 0.561195294616036 0.5679130219862661 0.5737343187330207 0.5786200610882684 0.5823024894426536 0.5845250020078644 0.5850891394669813 0.5850891394669813 0.5850891394669813 0.5850891394669813 0.5850891394669813 0.5850891394669813 0.5850891394669813
0.9992820375014783 0.9942163913736923 0.9784991918898204 0.9554893234147978 0.9276627521258018 0.8966653880033244 0.8629249609212791 0.8257222188961397 0.7865049137640279 0.7468901049767591 0.7083701122254895 0.6718592724870225 0.6363444587216638 0.6023859883586098 0.5712310578527293 0.543835635841722 0.5206382916422717 0.5019568236349492 0.4880782235598165 0.4776095510242978 0.4703955219817789 0.4666352016183231 0.4664194403869741 0.46974056506418416 0.47625722763432515 0.48518214772809803 0.4961039877654139 0.5085182442659196 0.521808645268997 0.5352512247042797 0.5480238357494855 0.5592239767307091 0.5678971828409871 0.5742131921203925 0.5793124461796312 0.5829428605862399 0.5848527100948981 0.5850891394669813 0.5850891394669813 0.5850891394669813 0.5850891394669813 0.5850891394669813 0.5850891394669813
1.0384731444524729 1.0265338204182957 1.002901773258514 0.9729759742385309 0.9396349683072002 0.9042658757434603 0.8656814773889792 0.8245601976817081 0.7822675922744151 0.7400568789544785 0.6987932143396514 0.65703160657026 0.6161583435465212 0.5776800621878931 0.54274570828532 0.5122035081528354 0.4866195548349374 0.4660628220689869 0.45077335359951165 0.43954689382301043 0.43200541755159416 0.4283380676884464 0.42862950000123695 0.4328629540687779 0.4404885225092168 0.45098594257255775 0.46397091948380126 0.47894806328610295 0.4953080906489467 0.5123259239643722 0.5291634837373215 0.544881008395625 0.5584600701978515 0.5688402394782522 0.5755824834736127 0.5805719003985393 0.5838182318101895 0.5850805043216796 0.5850891394669813 0.5850891394669813 0.5850891394669813 0.5850891394669813 0.5850891394669813
1.0777788172954983 1.0544182815134369 1.0214633272454925 0.9849494063262899 0.946888634910293 0.9070065889987213 0.8642330367052029 0.819870233126766 0.7750742360733555 0.7299356065076333 0.6826432328798205 0.6354101957349383 0.5900346666017419 0.5478655058432867 0.5099260204125579 0.47693721697395663 0.4493964669334832 0.42743673418843614 0.4110470022154652 0.3992122352906507 0.3914306902699111 0.3878840993199726 0.3886523550554068 0.39361930763668357 0.40220142589326235 0.414076836119081 0.428872499386155 0.44611137074682194 0.46520499270220506 0.4854448030241296 0.5059971930734709 0.5259072068234595 0.5441149427456009 0.559487429735865 0.5708670204578186 0.5776427707071805 0.5821560739467861 0.584653150430629 0.5850891394669813 0.5850891394669813 0.5850891394669813 0.5850891394669813 0.5850891394669813
1.1095320263352448 1.071654028178237 1.0320209362051354 0.991479676700238 0.9503541782035823 0.906572703051051 0.8603998640606354 0.8130964387519873 0.7649240368165445 0.7133553545883051 0.6604601511943906 0.6086923770883279 0.5596971145923126 0.5147008812960324 0.47456104203906807 0.43984039460450336 0.41088391078955644 0.3878721328348813 0.37065018237950315 0.3582897569196605 0.3503119382250857 0.3468922718786652 0.34809151739831334 0.3535833677163099 0.3629944512998555 0.3760520464862504 0.3923952689714872 0.4115722342383783 0.4330272129730412 0.45608396076757035 0.4799320220107232 0.503621951104176 0.5260742125145548 0.5461051982280495 0.562472129880888 0.5739364569452784 0.5800761636390049 0.5837198850231954 0.5850843511690329 0.5850891394669813 0.5850891394669813 0.5850891394669813 0.5850891394669813
1.0995085357106562 1.0692560360110492 1.0317165520016724 0.991587656181149 0.9494141585933998 0.9035497198644934 0.8552730764871082 0.8054556168180466 0.7508913032786798 0.6931990206850615 0.6351623408664829 0.5793243709716545 0.5275763581253909 0.4808337935845195 0.4393855752608286 0.40358376135792173 0.37368068740254984 0.34983517909281203 0.3319167832757746 0.318956606229809 0.31058741968446113 0.3070362505830336 0.3083214553398555 0.31412943582908104 0.32425521170588567 0.33831517101556724 0.355951808829963 0.3767435796825538 0.400178000930756 0.42562507429903024 0.4523138270896559 0.4793186018162072 0.5055600740229632 0.5298247918284504 0.550805626817948 0.5671634919591264 0.5776080354237982 0.582465576060175 0.5848349205918464 0.5850891394669813 0.5850891394669813 0.5850891394669813 0.5850891394669813
1.0690153441848256 1.0519568797671472 1.0219681897038309 0.9857250378122709 0.944374457520276 0.8981481209578005 0.8489796117769596 0.7942556146649472 0.7340213782896582 0.6718661806474616 0.6103576511736389 0.551555099462623 0.4972878124757535 0.44859912024906146 0.40604949612025765 0.36954645982846623 0.33899461086882005 0.31448961311523327 0.2959738549271403 0.2824168312309268 0.2736462950900648 0.2699043068498466 0.2710510310304917 0.2769369065413927 0.2873557371050131 0.3020595920372187 0.32073865936017 0.3428389855445947 0.36788217121160266 0.3952967227742762 0.4243646270988403 0.4541989634911319 0.483737322467155 0.5117547862757232 0.5368993642956637 0.5577510412419933 0.5729029204428691 0.5810629133166562 0.5843178385834397 0.5850891394669813 0.5850891394669813 0.5851151901572501 0.5853677602777676
1.0403015818818246 1.03066780969192 1.0075349731820216 0.9759158149011047 0.9365066166267859 0.8911107250151882 0.8400438260346343 0.7809189164786946 0.7171334253904411 0.6518026729812627 0.5875410916297449 0.5264003193748131 0.47011103146094085 0.41975904610867915 0.3758140741166496 0.3384592410642498 0.3074651137581603 0.2824397669023328 0.2633160741124642 0.24909799734154214 0.23985059735555583 0.23576315847104248 0.23685453646513063 0.24294376655271205 0.25369146232425255 0.26876378216244756 0.2878923665974974 0.31085109266688565 0.3371579522796691 0.36614037966613844 0.39714319867180026 0.42932898239549844 0.461664887189809 0.4929294875941308 0.5217430088759965 0.5466229918094956 0.566064797101582 0.5786428774844096 0.583674925147456 0.5851327231668404 0.5855696878308644 0.5863572830459536 0.5873584480081651
1.0188302680866683 1.0121812332379705 0.9928532149066176 0.964518968801241 0.9273635775385215 0.8833806725384894 0.8299360166695448 0.768129770789022 0.7016822523864482 0.6338773043267917 0.5674320603334801 0.5044400007059344 0.44652871220819695 0.3948349857784289 0.34975697561226127 0.3113856186076077 0.2796235772724727 0.2541342879415615 0.23432506223357163 0.21930199997007824 0.20929178737485904 0.20478293625444047 0.2059658083599762 0.2124559823866567 0.22366456296994244 0.23914379883015202 0.25862071334211434 0.28190979384423653 0.30883032056174575 0.33899746110286744 0.37152662241223183 0.4056145873053576 0.44026607339925666 0.4742740896988118 0.5062450184226184 0.5346504329167887 0.5579060749995204 0.5744747022556025 0.5833075588376692 0.5862698629411061 0.5877071951990496 0.5893653010006338 0.5911614569022257
1.007422633415329 1.0012989160647654 0.9831947209168603 0.9559064029507246 0.9196896201301374 0.8758877933614 0.8206837615759027 0.7569881624049206 0.688569973740003 0.6188613938211628 0.5506854703401528 0.48619287968241576 0.42696554127307834 0.3741551473449158 0.32812279061012173 0.28888307852948053 0.25625744359768177 0.22996606053756513 0.20935198596398305 0.19320943869577892 0.1820596895251628 0.17701354808695413 0.17854991066755982 0.18574940578408436 0.1975622772358062 0.21346402839357445 0.23323930697983114 0.2567718441683633 0.2839402262046301 0.3145598577535443 0.34820933135353094 0.3837949516623331 0.4203155813740055 0.4565855051542765 0.49120779900218664 0.5226220339004056 0.5492044264433249 0.5699006958436207 0.5833804394374097 0.5888895909244188 0.5914290307077008 0.5940119876007739 0.5966614972113602
1.0053207545257303 0.9975142465301949 0.979232734112209 0.9526253006089036 0.9181770082230086 0.872205123905888 0.8141704026758678 0.7484577564125131 0.6785157755451693 0.6071909709207515 0.5375830078456848 0.47192845744110395 0.411726159668227 0.35801093080233615 0.3111215163273462 0.271095066410704 0.23768277368790047 0.21052343470155827 0.1886728476748564 0.17123548425623317 0.15842624735685334 0.1524011925127595 0.15492347069821155 0.16321237266065847 0.17564825097823691 0.19189581080190524 0.2118863338986081 0.2355810149389972 0.2629062369385005 0.29371609445880575 0.32775765204759394 0.364449839784087 0.4024403256128044 0.44052647130809813 0.47731535217981536 0.5112714983645671 0.5413908463200244 0.5661616874231511 0.5838580653103354 0.5929118220720488 0.5965979180553754 0.6001715868376616 0.6037455993188016
1.0083262272772222 0.9984457412045881 0.9803866806838932 0.9557554955810158 0.9218593741116223 0.8717575509913191 0.8086374083525371 0.7379021715076363 0.6643426396928084 0.5915671296005882 0.5214391641393875 0.45588539977479725 0.39619001058536174 0.3431985184056993 0.2970008791070389 0.25734901737655286 0.22380483930527156 0.1958182409281225 0.17275726664677088 0.15425804017012015 0.1398057402317346 0.13100304490578066 0.1363201635708494 0.14539150838354725 0.1580862959474804 0.17447994450283738 0.19458702620928472 0.21838503398673853 0.2458108746504607 0.2767357234869043 0.3109301761020696 0.348027837050047 0.38713054174021966 0.42662978972803667 0.46515805328112786 0.5018325218255147 0.5352613665931069 0.5636267906412622 0.5850852461658238 0.5979100280453381 0.6030720102515847 0.6077137522444724 0.6122969948739102
1.0086468999490255 1.0022319267062345 0.9859217048771383 0.9595345229915548 0.9201323893527833 0.8636196417890543 0.7951517677363551 0.7203479477307457 0.6440565154233752 0.5700184170278163 0.5006422576071837 0.4365256988256473 0.37851089861859755 0.3272364050235552 0.28262023336805486 0.24426389223086453 0.21174654275677357 0.18439191905047608 0.16143953255848867 0.14273134468150844 0.12889463027161674 0.12197581951430743 0.12425431644552876 0.1323144372966905 0.14470513453787784 0.16108119107698832 0.18127205735074833 0.20517095572653493 0.23268564261447383 0.26368706311596674 0.29795974228524563 0.335157575435743 0.3747572993787104 0.41530969649229943 0.4556751059649035 0.49484311955451127 0.5311063421254955 0.5625834906801199 0.5873301728409642 0.6034839121285902 0.6106985367411008 0.6164967043986532 0.6221880362970592
1.0133878235152607 1.0058452587119913 0.9854101643085778 0.9548297754906674 0.9096941795275948 0.8477071844740921 0.7749818672609109 0.69734120161058 0.6196286136429611 0.5454048161252472 0.47694806675865353 0.4152627092285549 0.3598818116767304 0.3110540970803757 0.2685817184400437 0.23205545359681704 0.2009944582697774 0.1745021267682024 0.15234125759315031 0.13457160546288807 0.12184531049189687 0.11522360475332923 0.11581181717240309 0.12281121123726617 0.13497132540238588 0.1514660607756595 0.17185493986733663 0.1959252373620178 0.22355585160946986 0.2546198702886816 0.2889153205161905 0.3261132874445465 0.3657181082490868 0.4071579575909169 0.4492653411494656 0.49049833783450913 0.5291310758459971 0.5632324362447528 0.5907743500480537 0.6097777397897709 0.6193068368529657 0.626359358431178 0.6332717096902091
