_RESULTS/POSTPROCESSED/Berg/GZ/5comp/Berg_GZ_z_0_kriged_reverse_5comp_test_gaussian.asc
ncols 100
nrows 90
xllcorner  5.6208707817415728
yllcorner 50.959635321741573
cellsize 0.00013419651685393446
nodata_value 1.7014100000000001E+038
[rows 54 to 71 of 90, columns 0 to 40 of 100]
0.05756970881435646 0.0643651227013265 0.06956051327326188 0.07302739289182858 0.07498283426855644 0.07585709254340596 0.07612203586585499 0.07615011253369516 0.07613345006367604 0.07606085839773842 0.07574205733637744 0.07487335887625782 0.07313951717166434 0.07033288726899237 0.06645098908215746 0.06172853532541393 0.0565853865974944 0.05151584830022221 0.04697388123163731 0.04330138029694125 0.04071354753504437 0.03932450950872404 0.03918435372252305 0.040302627366910704 0.04264216984307097 0.04607504091820141 0.05030191637713318 0.054755053639813075 0.05853644900941685 0.06047492921474572 0.05938251190907429 0.05450658163949359 0.046009000475439 0.03515784047307708 0.023973474890623882 0.014412667853307156 0.0075783420881184015 0.003478502149752966 0.001403080406353425 0.0005061325083556393 0.0001682961615816478
0.04077928567845472 0.04555434688123936 0.04969311311240999 0.05322729090005004 0.05636528439576076 0.059418098621874145 0.06270522885318311 0.06646491561614425 0.07077568348718566 0.07548937978259361 0.08018749477907826 0.08419430399383704 0.08668941621821266 0.08693097515317587 0.08452600362743018 0.07961634254521326 0.07286397382193549 0.06523375084088678 0.05769598007494623 0.05099931551547731 0.04558806346897315 0.04164069089505646 0.03916010545905886 0.03805526062427263 0.03818335963620333 0.039345733784572505 0.04124420184492202 0.04341725529178265 0.04519493563827911 0.04573344739791089 0.044190702597160014 0.040045718274397145 0.03344073948494596 0.025311212075076056 0.017111932425990642 0.010213711459778483 0.005344828138461589 0.002451370608945615 0.0009938649432230764 0.00036322757694161204 0.00012356357078652645
0.029110109731125742 0.03260746507294491 0.03604755559166863 0.03956281868365921 0.04339667812025162 0.04786973414880684 0.05333052482513513 0.06008904980675418 0.06831979297844237 0.07792233751687992 0.08835583118657603 0.09852188483242298 0.10682828083547367 0.11154627346186147 0.11141181845706792 0.10618662609489873 0.09681752009475189 0.08506462360495683 0.07283635155894021 0.0616259009519705 0.05228209403461239 0.04508230350607377 0.039939016621449094 0.0365942793094033 0.03473835429768862 0.03405009266050749 0.034181141394938705 0.03471241015158562 0.035117544964647675 0.03477815576199307 0.03309433446698998 0.029695335004706672 0.024670361873719227 0.01865802482486889 0.012658956505451974 0.00761947422165354 0.0040437984725125884 0.0018938093715444538 0.000790291171322749 0.0002999476940892215 0.00010696799965363685
0.0212197058609506 0.023899202895699224 0.026845778974673946 0.030261734882541066 0.03445189566513265 0.039822896886835726 0.04687040388580977 0.056135128785751144 0.06808970303853094 0.08291087609574725 0.10012658873871062 0.11824078864174564 0.1346094631551381 0.14591056856954887 0.1492840338257961 0.1436384360910512 0.13025269619797636 0.11219377826149746 0.09296644707870937 0.07530141189249338 0.06066233696442419 0.049413742128405796 0.04126325856850106 0.03565905971793956 0.032024237291073177 0.029844680997943466 0.028667404851803604 0.028060098890209696 0.02757090481640167 0.026723191692161814 0.025074872426516334 0.022346622835979487 0.018569314658716127 0.014146559605610442 0.009739577987465328 0.0059958291885539895 0.003282624208306693 0.0016006482489637774 0.0007022452471090202 0.0002829367477256093 0.00010807406897536334
0.01594892796532716 0.018093042174428652 0.02067480298479099 0.023946992243953316 0.02828386638405372 0.03421287458732882 0.04244278369320607 0.053857456991310844 0.06940821559049007 0.0898020849583348 0.11490377651906761 0.1429437445627534 0.16998774810246714 0.19041893828455084 0.19884476520950167 0.19266857783519814 0.17355278657718812 0.14656477048278987 0.11767443045978204 0.0914476690151605 0.07015466868612004 0.05415626991533846 0.042764088477098824 0.03495753605266917 0.02977200273133171 0.026427490465337423 0.024319713347453066 0.02296202915774875 0.02192776058154305 0.02082168790944957 0.01929914584405934 0.017134699512573695 0.014310249822593058 0.011058279502250794 0.007798154423144258 0.00496828077756418 0.002845831178158999 0.00146814844638838 0.0006890132754346726 0.0002999769623239381 0.0001248528792742812
0.012434377082704015 0.014219408747214841 0.016525302316480542 0.01964074692204581 0.024004463297079816 0.03026980311621391 0.039380685691222654 0.05262224961632817 0.07154980327959894 0.0976181859114683 0.13130972045636224 0.1707818224939281 0.21068249481830054 0.24247774987986417 0.2573155331121287 0.25042326766364775 0.22391674328279687 0.1856037219548045 0.14479085971478334 0.10840290879699799 0.07959895658916212 0.05856085435532948 0.04397823223133563 0.03419104120791275 0.027748424849216823 0.02355654573443798 0.02083574876935252 0.01902475822463746 0.01769408739892854 0.016492284396064524 0.015133634202069347 0.013425335094407551 0.011314796532481077 0.008917963904689194 0.006487819448074937 0.0043159618935963906 0.0026137543106637753 0.0014435259690603788 0.0007338438525499195 0.0003496484970521271 0.0001604804204855023
0.010082129442274256 0.011621476032913174 0.01371738238461843 0.01668244439615598 0.02100724773024522 0.02745578269819804 0.037191026952123604 0.05189354643603841 0.07375177026483032 0.10506531328401533 0.14710922705968105 0.19815391018948794 0.2514613512351716 0.29530934617070037 0.3168989926164065 0.30894037462452206 0.27411797343943484 0.22346037202587338 0.17006677902930248 0.1233764646106014 0.08732170022458119 0.06169951013015283 0.04441693837453877 0.033094433600489706 0.025773853876637866 0.021053861904908575 0.017990640117397455 0.015952231041982814 0.014498279429995233 0.013302365024110127 0.01211626573303432 0.010769365897305124 0.00918878783390865 0.007415922614940692 0.005592717058686708 0.003907229147776059 0.0025183229319606123 0.0014997245020806629 0.0008320836039315314 0.000437043216624456 0.00022264660756569104
0.008500906787486242 0.009870444214849462 0.011807446724425309 0.014638379107861267 0.018889542145610103 0.025407408133208655 0.03552693130592226 0.05125296644722337 0.07531477594089613 0.11076353361760205 0.15961621800315762 0.220304635467757 0.28489412102448997 0.33880228642013865 0.3656919627313022 0.35612620817139784 0.3135277717324292 0.25200056644797686 0.18802652332482309 0.13308787167399444 0.0915544659221486 0.06270605916968075 0.0436873465330861 0.03148766455897874 0.023737149004145412 0.01880240533736246 0.01562485957620117 0.013527912716140284 0.01206784025828257 0.010938032129650194 0.00991780616614862 0.00885456720539032 0.007666701699278551 0.006351104300882373 0.004977926893343929 0.0036623885860426245 0.0025195605989824276 0.0016226421733659944 0.0009851661665427258 0.0005716434207029857 0.00032365579485348826
0.0074384550315762105 0.008691586981369475 0.010511161638758567 0.013229454949685616 0.01739195706375987 0.023893586114523135 0.03417460367082902 0.050442571425311875 0.0757665358157518 0.11366298733817135 0.16657981783137615 0.23295875332931354 0.30397283702005035 0.36315197369234603 0.3920560988340055 0.3802811140714999 0.33216061517103174 0.26394071577692113 0.19408814749420883 0.13503055210243212 0.09110276648818667 0.06109125964127451 0.041622569968480946 0.02931930833472917 0.021602562006180166 0.01673838938092874 0.01363000679195418 0.01159593991847962 0.010205536051809544 0.009174555707956082 0.008306528864347327 0.00746577616975029 0.006570256629370405 0.0055927195203255954 0.004558644025512369 0.0035326953294824333 0.002593377877798134 0.0018046961271515054 0.001197231711656329 0.0007657242884920722 0.0004803297924483431
0.006733670230547599 0.007910634668489711 0.009648769428224693 0.012280386496200477 0.016355902075955386 0.022785666416367735 0.03304405532597402 0.049399207149368136 0.07500344634300372 0.11344093714490087 0.1671169799739362 0.2341982050022015 0.30533452660087274 0.3635416552627215 0.390331583573351 0.3759435262812536 0.3256915645362997 0.25648613883635313 0.18681298666975704 0.12866953452272728 0.08589779919199339 0.0569599517460434 0.03834978966848181 0.02667765389719222 0.01940267558412975 0.014839467610729157 0.011935140066784266 0.01004490558973211 0.008769395820049423 0.007852065273490602 0.0071202592912458906 0.006455152633753204 0.005779635986975919 0.005055424426538614 0.004281636894017706 0.0034887600540482646 0.0027256234879618605 0.002042049067149645 0.0014734202230113117 0.001032958271186003 0.0007132796038565984
0.006284080268203792 0.007418036075059793 0.009108858867682314 0.011685789180505123 0.01569423751877225 0.022033913728069256 0.032152397152362525 0.04824968168144486 0.07331957942787944 0.11062983218195267 0.16208274169205703 0.2253031392128092 0.29080702790639734 0.34245173206983837 0.36363831415877196 0.346644685963336 0.29764928794512496 0.2327382098913258 0.16862052402933103 0.11570911345909378 0.07704471481231578 0.05098182578808516 0.03424883821629561 0.0237581524744638 0.017216729638877416 0.013110103695050248 0.01049477931908426 0.008795150037672747 0.00765738350032018 0.0068571556404200115 0.006245780332992258 0.0057211847625412825 0.005214228665890218 0.0046836329056731355 0.004114224430094534 0.003514312606512115 0.0029097108342486864 0.0023343719894353535 0.0018199920869393655 0.0013879681784067217 0.0010461166186824474
0.006024728866325651 0.00714592765775476 0.008824886756858176 0.011387640648055006 0.015370275761807661 0.021646489438790623 0.03159640998758489 0.04726087805761744 0.07130105788458031 0.10639575081426118 0.15363735912037008 0.20997897597215776 0.2661610528292005 0.30786215749125884 0.3216016002362776 0.30241434798351247 0.2570594092139211 0.1997710039064809 0.14441721471874705 0.09922389830189413 0.06632297982725939 0.0441255706384525 0.029819156923293975 0.020799920591494155 0.015140961573110477 0.011566771332910283 0.009279211945706814 0.0077893491436986095 0.0067962037956969985 0.006109579737169131 0.005604251215064654 0.005194321811719913 0.004820013179267056 0.004441735045791695 0.004037793863161213 0.0036030042813940673 0.0031463039696616 0.0026865282077420615 0.0022467077483482186 0.001848226287524593 0.0015064609421711343
0.005914545676823924 0.007053214984275426 0.008759686331540135 0.011359772919754967 0.015381957225465098 0.02167037820410952 0.03152028975220756 0.04676748698612926 0.06965017466048001 0.10212578104077741 0.1443579888936718 0.19264697974672634 0.23823003030907708 0.2690767310095326 0.275206772402993 0.2544230105327956 0.21372243729584475 0.1650769875577931 0.11927608720683337 0.08231828706532249 0.05548590606799604 0.03732102467245165 0.02552698483629881 0.018020173465535805 0.013261383437913742 0.010226050409849696 0.008267475076302107 0.006985868247293026 0.0061333672928562625 0.005552881272566252 0.005141138546224246 0.004827337158633934 0.004561416262593468 0.0043080838973617456 0.004044081219048207 0.0037569605170311737 0.0034441683006929385 0.0031116468419302105 0.0027716054058502105 0.0024395815927295028 0.002131326133585607
0.005927262530926869 0.007115433825734195 0.008894554390340021 0.011596329974758419 0.015749174502909545 0.022174989006929408 0.032087110036142646 0.04710833317379234 0.06903127322379451 0.09906727034600413 0.13646564750778362 0.1769729603769884 0.2124760073322129 0.2332785007561547 0.2326710181087013 0.21080517111637836 0.1746318476243917 0.133935461266094 0.09675375781160096 0.0671713475005712 0.045770141497919185 0.031227332870542697 0.021703313441446454 0.015572094180129881 0.011637151398495187 0.009097634116022478 0.007443055145955039 0.006354323968015975 0.005631710003261024 0.0051479466076042825 0.00481940839257795 0.004588983444606711 0.004416152693319287 0.004271401469655795 0.00413319224923276 0.00398642601811719 0.0038217365054358777 0.003635181605647911 0.0034279909683973694 0.00320608266482413 0.002979162623605217
0.006044905555236652 0.007317147383675093 0.009220527948432882 0.012101815999113339 0.016502174365135142 0.02323749726286861 0.03345688198690781 0.04858603182476529 0.06998647859169654 0.09814994158280302 0.13147571575854278 0.16525760045332352 0.19207107717016503 0.20435302024878763 0.19816874485841704 0.17548656754622624 0.14304450743239608 0.10876449279827358 0.07848439490968179 0.054804480715818796 0.03777332889452848 0.026173712388398586 0.01851773486768421 0.013534415808812188 0.010296678145244906 0.008182450261932473 0.006791979029830132 0.005872868337470528 0.005265752794455685 0.004868703743147124 0.004615059957470612 0.004459940894668127 0.004372076322913542 0.004328785730592933 0.00431280405444957 0.004310239160044433 0.004309334986800119 0.004299940643658555 0.0042736615819322235 0.004224604878289107 0.004150467827239499
0.0062526457515086125 0.007645425305933064 0.009730104261994638 0.012880538926536353 0.01766806621368915 0.024925610158366293 0.035764638144504736 0.05143964277095187 0.07290407467924988 0.09995866185418649 0.13020338824733907 0.1585370666580322 0.17818749669366526 0.18345015961451608 0.17266087913739794 0.14915421984631355 0.11939966925744129 0.08984035898363281 0.06465582366249337 0.045354877938129805 0.031594559540245586 0.022226110596657564 0.016008656734184508 0.011924813797662788 0.009243339515142635 0.007474636564702887 0.0063027338466553565 0.005526817349303089 0.005019486934191808 0.004699445641267619 0.0045143847368174774 0.004430414787790478 0.004425449750713708 0.00448484838778012 0.0045982630830114215 0.00475709808281858 0.004952315234205746 0.005172607483629905 0.0054032132596062024 0.005625826870222309 0.005820052785075313
0.006534381942734792 0.008083596469419474 0.010408230877271421 0.013923484506919704 0.01925180118252729 0.027270732407931965 0.03908478009289845 0.05580294280646179 0.07798356167066443 0.1047398198411406 0.13288196762435675 0.15692388416696673 0.1706817748973076 0.17006856034948573 0.15529871372225362 0.13076230767929584 0.10267439394541686 0.07633698397804545 0.05470156698706408 0.0384842691779488 0.02705352623014 0.019296316333998805 0.014134791273335735 0.010723273874443828 0.008465666598850391 0.006965621786845791 0.005967446453819812 0.005308380893435365 0.004885356348330499 0.004633475920077483 0.004512590258037768 0.004499014826548602 0.004580311478580757 0.004751741709350968 0.005013444067981129 0.005367648617536271 0.005815413899814423 0.006352594748193072 0.0069651883138829715 0.007624968503210024 0.008287268922512284
0.006868974698897876 0.00860520707596508 0.011222356301937358 0.015191823600216908 0.021209211888438374 0.030225446103045107 0.043368073777448786 0.0616201371536583 0.08514155558926093 0.1123332520780555 0.13919113673294034 0.1598304266468549 0.1686045169698248 0.1628757846118218 0.14447022737709378 0.11863521238411986 0.09136793072287795 0.06708511166256786 0.047817257919144526 0.03369515534029935 0.023868344194886648 0.01723549790964011 0.012821954991382046 0.00989467220529047 0.007947945093958823 0.006648957954887106 0.005783963637123038 0.005217421955862358 0.004864387318399657 0.004672978355241769 0.004613650228974648 0.004672775332967724 0.004848825039091024 0.005149984501165068 0.005592283902571398 0.006197312340253685 0.0069883691235930615 0.00798370643664241 0.009185771179060475 0.010566753087248323 0.012053838849502048
