_RESULTS/POSTPROCESSED/Berg/GZ/5comp/Berg_GZ_z_0_kriged_reverse_5comp_spherical.asc
ncols 100
nrows 90
xllcorner  5.6208707817415728
yllcorner 50.959635321741573
cellsize 0.00013419651685393446
nodata_value 1.7014100000000001E+038
[rows 54 to 71 of 90, columns 41 to 81 of 100]
0.00011309171649578944 4.400500867254914e-05 1.774948034180693e-05 7.623308959287267e-06 3.4735863220889353e-06 1.638862325875504e-06 1.0021462818518576e-06 2.6064895561627207e-06 7.043834990654381e-06 1.830249359360526e-05 4.566938255156626e-05 0.00010865640460009461 0.00024842234521403156 0.0005501920407748681 0.0011848420508962885 0.002485142835884313 0.005071197412762494 0.009912530194378924 0.01784755859375786 0.01927942001721621 0.005632074413933163 0.0014568150553207282 0.0003465852838432484 8.016753991301801e-05 1.9491518482554105e-05 5.619593163745127e-06 2.3057232360040647e-06 1.4154745320273051e-06 1.2168556239195737e-06 1.3161998545728205e-06 1.6811423199644349e-06 2.4471011325120633e-06 3.947324076605727e-06 6.92484426178815e-06 1.301472339595174e-05 2.583966926460856e-05 5.343938914186094e-05 0.0001135107518794319 0.0002437935298291286 0.0004974598876717137 0.0009327939462019997
9.085879981513562e-05 3.7249258223479866e-05 1.602221278828706e-05 7.436258493957485e-06 3.820426546497179e-06 2.2880931208881956e-06 2.0994198778177012e-06 3.913096329055838e-06 9.888325319754182e-06 2.5679147888483705e-05 6.553555534639839e-05 0.00016121650999611735 0.00038190280453519426 0.0008753462772854497 0.0019429080302216855 0.00416639250464871 0.008530604023533148 0.015849863191821044 0.024181347279495096 0.021293669152544697 0.008434745619978111 0.0022416342543456645 0.0004917974749466749 9.813114855351252e-05 1.95213587221187e-05 4.557535758471296e-06 1.7101236432955754e-06 1.1533108166578135e-06 1.1291617782283459e-06 1.3458905723297489e-06 1.841935396151544e-06 2.7852427082807456e-06 4.560183944056942e-06 7.976541700100505e-06 1.4739843858987262e-05 2.8462469645306256e-05 5.6797806786198875e-05 0.000116241189382757 0.0002446346706966064 0.000492047847978871 0.0009087559377102709
8.220472709532816e-05 3.636356504223335e-05 1.706917633474797e-05 8.913283087490851e-06 5.4151482846337884e-06 4.170236955334292e-06 4.575065035744601e-06 7.683354084120447e-06 1.7122877545730147e-05 4.1605733250036344e-05 0.00010310064977378274 0.0002508936356716915 0.0005927751962663285 0.0013580323195617184 0.002996697513267223 0.006305978900261725 0.012180819756074997 0.02030756030094538 0.02617622186078491 0.021704693773189555 0.010223004319737345 0.0029759189554911473 0.0006426064840479309 0.00011694535137789993 1.943096088120172e-05 3.3511172859345906e-06 1.0569015863318447e-06 9.403303724415346e-07 1.1419007860248254e-06 1.5359128060286679e-06 2.21387469008459e-06 3.4141147552524725e-06 5.587582638759515e-06 9.63186264459015e-06 1.73531022412209e-05 3.241756909864256e-05 6.238911184480051e-05 0.0001242702828244255 0.00025581770564264683 0.0005037744237309101 0.0009111297198482368
8.25881406126133e-05 3.973789404308434e-05 2.05595933663256e-05 1.213590653929755e-05 8.547721473972077e-06 7.673392102449097e-06 9.324163959123103e-06 1.5410885249290603e-05 3.201403490871626e-05 7.279949021993689e-05 0.0001714808269546678 0.00040223032007264976 0.0009226531076724306 0.0020510340659769203 0.004380790201290152 0.008739451298269602 0.01559388565405646 0.02372290460739452 0.02851348623067914 0.024289807467936204 0.012540370043807945 0.0037945368454228978 0.0008303432093142977 0.000150482562312486 2.39439266780767e-05 3.572046427921974e-06 9.103499634889079e-07 1.0953312864228555e-06 1.467453326984641e-06 2.0594636879425643e-06 3.0150948375445413e-06 4.598188252509216e-06 7.345388384342676e-06 1.2273777432644805e-05 2.134205052517137e-05 3.83949662771364e-05 7.120629930257474e-05 0.0001393340071920524 0.0002789306400121336 0.0005339613371016203 0.000939566602506891
9.076938136589238e-05 4.7143231567113696e-05 2.6800791145200412e-05 1.7616886067073645e-05 1.3889529033917909e-05 1.371909790676312e-05 1.763682706065134e-05 2.935953462165876e-05 5.8994091381386295e-05 0.0001281195201980652 0.00028800925076433745 0.0006470465076994512 0.001424336517293017 0.0030262967465205645 0.006095659756550409 0.011252565225068012 0.018497272215011618 0.026066043460889636 0.030158097396044928 0.02759785271618627 0.01627050664322668 0.004542650073588213 0.0010547107600056471 0.00021215258828986998 3.957856984167859e-05 8.227153710483097e-06 2.9273450271155343e-06 2.249776465705075e-06 2.523184401186026e-06 3.2670622875870516e-06 4.564358110397436e-06 6.7250131035672814e-06 1.034902439017061e-05 1.6552181071091538e-05 2.750684311694723e-05 4.728367922251404e-05 8.553464686652276e-05 0.00016395013354231555 0.0003166245243239182 0.0005850196543780465 0.0009946228501042135
0.00010788780013393054 5.995798532224771e-05 3.658661457828305e-05 2.6236010681261882e-05 2.247079610935318e-05 2.3637235823676936e-05 3.1206203950184905e-05 5.200003769979287e-05 0.00010308164000518382 0.00021720510581540572 0.00046854957212916497 0.001008153461927335 0.002122939387760844 0.0042677807701488255 0.007962962228805786 0.013537117170515454 0.020419525679626783 0.0264855996611184 0.02848519306499714 0.024059966153891454 0.013515494543869412 0.004635213841477882 0.001250126158668723 0.00030201411862272284 7.128359800043699e-05 1.9937487655402722e-05 8.247528189217833e-06 5.439550251606001e-06 5.071197513619712e-06 5.781238189404222e-06 7.4179690083771365e-06 1.0284635476793908e-05 1.5086736361335284e-05 2.3128022029739865e-05 3.67402538739657e-05 6.121607508718524e-05 0.00010813410590642147 0.00020155567021133393 0.0003728679401939558 0.0006603516342239186 0.0010772400048317326
0.0001365050922687956 8.132879107846678e-05 5.215498683626243e-05 3.939026157459308e-05 3.568608746500069e-05 3.912474167827156e-05 5.238073350807202e-05 8.58392574984818e-05 0.00016764579312325114 0.00034664700887755944 0.0007234465915761553 0.001496011037717708 0.002983383583050875 0.005599219765049237 0.009691950664464894 0.015184162083942642 0.02104370258812694 0.025040291051243314 0.024639869168973587 0.01898200317123168 0.010655043435187285 0.004324217901388521 0.0014019599303957946 0.0004065408006736284 0.00011892968801711077 4.1584226539025495e-05 1.9246961559657854e-05 1.2240453423743418e-05 1.0263330679240048e-05 1.0518839303022906e-05 1.236117821688051e-05 1.596622045377202e-05 2.2077320079607583e-05 3.213479205271449e-05 4.948566747000383e-05 8.106469019443875e-05 0.00014075131826566135 0.00025438413975880525 0.00045007600277734676 0.0007606007921286057 0.001183627384016708
0.00018147950106464473 0.00011552998659477426 7.753451607815037e-05 6.045350968506025e-05 5.605108235813403e-05 6.238408204102803e-05 8.37119716403585e-05 0.0001345316899136953 0.00025464807254007047 0.0005138363563903643 0.0010429909628315573 0.0020549773017770347 0.0038608620122023256 0.006792316083219427 0.010976691111187669 0.015961623478069988 0.02047383038053963 0.022579733031085753 0.020737995686992552 0.01529671873501801 0.008807038887949738 0.003992361844457223 0.0015159129878795415 0.0005236465260425494 0.0001843703510751287 7.510070144322356e-05 3.779700310742758e-05 2.4154886141360576e-05 1.9280850646410483e-05 1.839252326698459e-05 2.0085662822731964e-05 2.4252532947541415e-05 3.159038542800082e-05 4.4330217746892346e-05 6.673569950984605e-05 0.00010707692517743956 0.00018221274893865465 0.0003157583469708237 0.0005333258949016295 0.0008622156782539577 0.0012958349814917436
0.00025093126627354285 0.00016991584814562432 0.00011982125504763118 9.524035035322151e-05 8.915814080126818e-05 9.882603392656322e-05 0.00012994708045653268 0.00020207928372466136 0.00036667778119218493 0.0007078146511660645 0.00136131843553195 0.002558117949163583 0.004560906795114849 0.00757489197967546 0.011516942574612166 0.01573178788319807 0.01891969898581934 0.019651681729125695 0.0172398038528264 0.012532918125696067 0.0074913164755241995 0.0037340628255573397 0.0016154816097602312 0.0006446526499688587 0.00026604373807489454 0.0001226975380732267 6.62750423003369e-05 4.28948514941589e-05 3.3166522298764216e-05 2.9992010891220035e-05 3.083047047302395e-05 3.521981639902443e-05 4.432798176256253e-05 6.0649917193743964e-05 8.932572917805494e-05 0.00014067165805737062 0.00023429187011699448 0.00039006756787138757 0.0006375787742420808 0.0009951061767950844 0.0014478237097134865
0.0003659579195719137 0.00026420952947819415 0.00019726226928898545 0.00015946491774725471 0.00014914191206188144 0.00016274477308409537 0.00020659722356234703 0.00030337279892443187 0.0005072152088092554 0.0009179028692869374 0.0016534819041622516 0.002910665191539879 0.004904091655546795 0.007745389898917143 0.011186743551315586 0.014531215557486694 0.016698199367919067 0.016700451817866266 0.014354517916231383 0.010508021898568727 0.006546219867902811 0.00351916405948325 0.0016814525258008423 0.0007618479201276449 0.0003582896653508846 0.00018334735173165567 0.00010578381786629268 7.018378980286839e-05 5.370859555324438e-05 4.7014189616949896e-05 4.674534209943287e-05 5.203040886789884e-05 6.390678262601575e-05 8.560113890738433e-05 0.00012391065944231098 0.00019254031672760483 0.00031032867599027235 0.0004967746907791752 0.0007823596813748333 0.0011719434575666121 0.0016415768243768455
0.0005686227569006163 0.00043571149821942717 0.0003429302580471593 0.00028411525466357553 0.00026156753808843236 0.00027656830482922337 0.00033484063444172484 0.00046046960724481284 0.0007061749627879071 0.0011825053019130225 0.0019847278766654624 0.003239338570039442 0.005080913831119306 0.007541678946899839 0.010350199145565913 0.012911549773789324 0.014371411302241828 0.014071398900397377 0.01200552242562621 0.008891464883541183 0.00574294251299257 0.0032756343110856103 0.0016972831623725125 0.0008636862922485727 0.0004526203585550917 0.0002530368780922458 0.0001551505368405483 0.00010652306984177038 8.276152480751114e-05 7.271582720756603e-05 7.176211370992209e-05 7.87802717302076e-05 9.523191806363195e-05 0.0001255977798346306 0.00017933503835333736 0.00027314475764803905 0.0004210812676766677 0.000646923137660716 0.0009761274088110655 0.001397158671599683 0.0018721235888796695
0.0009032760343169337 0.0007317388702657633 0.0006045254020029015 0.0005161660688377037 0.00047114884685639757 0.0004802626086956948 0.0005524071071103366 0.0007069820187705488 0.0009945595875312386 0.0015194095627089179 0.0023915945539491786 0.0036384968244964223 0.005299090190352391 0.0073143583619553155 0.009470359755816367 0.011281319598962398 0.01212954026158008 0.011644361555594108 0.009904285640195626 0.007441668894701121 0.00495589183333801 0.0029610289220222494 0.0016744150746709219 0.0009415178480067628 0.0005426750312878991 0.0003299892797595865 0.00021684107299000126 0.00015663750628257058 0.00012557204812557398 0.00011202133799279763 0.00011093955047253106 0.00012131112767730997 0.00014549174413422384 0.00019009354009684947 0.0002685799689648291 0.00039285710541846756 0.0005793572720382077 0.0008536850393160888 0.00122567679107984 0.0016656826826732603 0.0021221501241053824
0.0014458859681330425 0.0012349224837763185 0.0010677635850137083 0.0009412181600141373 0.0008676481068611622 0.0008546691965310493 0.0009266188920845211 0.001101062693999467 0.0014209667323664724 0.001970054060559665 0.0028786696289140514 0.004110635464585372 0.005601004307837952 0.007227547536174565 0.008765127172751202 0.009917668027688445 0.010346673829228237 0.009749936888630694 0.008250358237758004 0.006261502798480479 0.0042775105409027 0.002711303415336668 0.0016730388735792577 0.0010293152252064753 0.0006473305012524517 0.00042581265479391475 0.00029879724375559145 0.00022702626238956571 0.00018856374032349035 0.0001719753000971241 0.00017229483531598427 0.00018916110763636125 0.00022668021778604621 0.00029513457420014377 0.0004051343720256372 0.0005667862798605565 0.0007999802460186056 0.0011253138094847665 0.0015256354612250061 0.0019618923364325084 0.0023701203486034927
0.0023120393605535606 0.0020774384712537296 0.0018755910320672445 0.0017109528235417805 0.001594560065633785 0.001550278604118406 0.001582621358709957 0.0017440572926505046 0.0020650565223264477 0.0026016956114326413 0.0034491393084715243 0.004641151593760542 0.005955711545727948 0.007234898494662959 0.008275983535315404 0.008871268789698962 0.008876827574596713 0.008233964009036485 0.006944827410757864 0.005316049743590286 0.0037621618144744497 0.002563608253892817 0.0017120403404804535 0.0011421766650858642 0.0007765202772869235 0.0005483343848551071 0.0004089452449287683 0.00032642448595764106 0.00028148144318886124 0.00026363253525624295 0.0002687494267046909 0.00029808890359056116 0.0003589906584178026 0.00045951397993573693 0.0006044243776080921 0.0008090776500853733 0.0010921727788920652 0.001455265508130583 0.0018611255530874558 0.002261197916379985 0.0025850766000159627
0.0036628172187909347 0.0034568023651391135 0.0032531177499397056 0.003065957988521509 0.0028930228404285686 0.002776469046280785 0.002747376754866902 0.0028162991395147123 0.0030597245022539266 0.0035069741417089228 0.004200101270371303 0.005199731499858232 0.006319528887891517 0.007269619822964736 0.00788958656139718 0.008055412886089568 0.007722827599093441 0.006948608210015927 0.0058385011300331816 0.004566237966745652 0.0034235662677680797 0.002491589109442862 0.001785717255848574 0.0012806044844050845 0.0009341817072088817 0.0007042640850971145 0.0005565047620439299 0.0004663311020999978 0.0004180338303629668 0.0004032181841596756 0.0004198042469912309 0.0004722365463745535 0.0005637268134883313 0.0006952814265063224 0.0008786238738029244 0.001128095484900896 0.0014545045862708428 0.001826462842972033 0.00220268495179913 0.00252611639788272 0.002729086738899667
0.005703164435368935 0.005647306668155321 0.005528801506157505 0.005344918747916537 0.005112053129091684 0.004859061311444185 0.004686517580595597 0.00461062748391545 0.0046306059019823355 0.004832768326353958 0.005238282410021593 0.005844520950135245 0.006633246948937335 0.007261063730595469 0.007512382772097315 0.00733783879414981 0.006763918530176423 0.005889346376987219 0.004949831034028354 0.004056892941887495 0.0032121745992856614 0.002482775711599937 0.0018967180973577828 0.0014516488422253702 0.001128569078001037 0.0009032539969442854 0.0007533150979941088 0.0006614598198722197 0.0006164791832585497 0.0006134299204026264 0.0006537911969202899 0.0007322581894196931 0.0008491499789903812 0.0010128703737582448 0.001233891657390421 0.001523345801333433 0.0018595606802451511 0.002201964251735027 0.0025044264989703795 0.0027099211685606434 0.0027674149451641277
0.008658693528624063 0.008967206388110415 0.00906874446069434 0.008966537415228272 0.008683095292516863 0.008256185976737605 0.007763029799354344 0.007357073649989626 0.007043643116074506 0.0068120583272495185 0.006694886748287211 0.006746208841410347 0.006917794995434226 0.007136610706465446 0.007066586324723999 0.0066266046957447824 0.005915879849218051 0.005138242969406678 0.004387206281843603 0.0037189295986769125 0.003098787562560675 0.002531798996775776 0.0020503423731849726 0.0016650260131069437 0.0013719920957694074 0.001160373221976384 0.001017973961887327 0.000934865446754415 0.000905513095725616 0.0009253114078676872 0.0009822124571579635 0.0010783504452096795 0.0012189376378765032 0.0014108796887107107 0.0016619788135004557 0.0019588440602305583 0.0022591190048045265 0.0025250485993386852 0.0027096399482802384 0.0027674149451641277 0.0027674149451641277
0.012622420769563082 0.013613134977668627 0.014213142394429466 0.014366128952988246 0.01407245326395742 0.013389671015453488 0.012416892828989574 0.011325757005111441 0.010336005817068629 0.009457647984872624 0.008681751853558359 0.00799288570281388 0.007409124996148341 0.006933246827909587 0.006508453157921889 0.005982511124840199 0.005349656092783018 0.0046902513335890725 0.004067329168361938 0.0035233006915340722 0.0030672444458421334 0.0026385680891703755 0.0022548840355896293 0.0019337315013790634 0.001681257009202952 0.0014968006390792367 0.0013772262729362943 0.0013169275276182868 0.0013002533362657242 0.0013245560875926046 0.001390497209236072 0.0015004197764214681 0.0016580032667470478 0.0018675931981777577 0.0021178588049037606 0.0023669673910985574 0.002583197650978532 0.0027283948745101417 0.0027674149451641277 0.0027674149451641277 0.0027674149451641277
