_RESULTS/POSTPROCESSED/Berg/GZ/5comp/Berg_GZ_z_500_kriged_reverse_5comp_spherical.asc
ncols 100
nrows 90
xllcorner  5.6208707817415728
yllcorner 50.959635321741573
cellsize 0.00013419651685393446
nodata_value 1.7014100000000001E+038
[rows 36 to 53 of 90, columns 0 to 41 of 100]
0.07203965860609858 0.08089762928137179 0.09182718164145083 0.10495494663099267 0.12027094433752378 0.1374847705091408 0.15581401628697603 0.17374629045007972 0.18900369203710382 0.199166703120665 0.20290027062845373 0.20082788578935615 0.1955803550692522 0.18837364929912445 0.17965168312906277 0.16938103895629286 0.15809568900718288 0.14632190075695692 0.13454560572351443 0.12318099673050929 0.11254582559280131 0.10285398166259799 0.09426548304904435 0.08810045921499644 0.08464313317458422 0.08371542729730122 0.08589782816120729 0.09140600067117646 0.1001154874155324 0.11233935077539958 0.12885016331612764 0.1497315609503258 0.17503234708746415 0.2047385115763843 0.238778879528191 0.2761032390569381 0.3119660375010548 0.3416177063706695 0.35187103988199186 0.3162987316101607 0.2731774337156683 0.23151403265258808
0.07512746315573193 0.08329620110152222 0.09318064230817641 0.10474921174112595 0.11780581279921985 0.1318797914864291 0.1461102389802029 0.1591945453572902 0.1695347710230903 0.1756829395438421 0.17691271978054882 0.17448558572528602 0.1698369019887309 0.16369984854461314 0.15673447607939453 0.14909803845537833 0.14068452704035156 0.1318948476943939 0.12308453714506207 0.11454919567881017 0.10651614962759351 0.09914284123828895 0.09252366773958685 0.08737207407506005 0.08467538116036122 0.08471069954019184 0.08812398367232083 0.09478571452301549 0.10450672111654974 0.11776810341165128 0.13552608329111895 0.15777509181288496 0.18358392426569276 0.2134237054385437 0.24703239577393643 0.2833216524392945 0.31778885680066593 0.3455074743852792 0.33776401585877525 0.28926502609099247 0.24078655632163115 0.19733003012338013
0.07899031996397177 0.08651492476609966 0.09533772741573372 0.10540723862912174 0.11641362126751299 0.1278082913738496 0.13875205401237783 0.14814770136810454 0.15482329655268673 0.15785873874771347 0.15714375544472703 0.15420398774184213 0.14970225635172138 0.14420914824592665 0.1382636390434749 0.1323107626678055 0.12618116026348156 0.11981184248134724 0.11346167198111153 0.10734048030923411 0.10160734482869986 0.09637083169397671 0.09169185377281876 0.08770434299760907 0.08572582554241635 0.08688558017529824 0.09148411519118814 0.09928943539579092 0.11002207078793574 0.12430301323111148 0.14252889700929214 0.1641415912250865 0.1894103591644933 0.218773465042849 0.2514953728411264 0.2865232463586301 0.32014787776255604 0.34296565061727136 0.319011810196749 0.2638175770324609 0.21343434221534696 0.16953377979652412
0.08328578098346087 0.09076438162931394 0.09856513192201875 0.10720758762670778 0.1163748755945129 0.12550289500528042 0.13380493014057762 0.1403305233837571 0.1441551278417714 0.14466606782390545 0.1424587183902645 0.13879119155837624 0.13411165782837747 0.1289131303922109 0.1236392861737028 0.1186495361552556 0.11415514163218923 0.10974086207881971 0.10543771867425843 0.1013951799811901 0.09772486852433108 0.09447925657577556 0.09160699255757117 0.08912170335330911 0.08811621463322296 0.0904895563838196 0.09633929132655426 0.10527835207043874 0.11703401169062332 0.13194579288817976 0.14950520041541326 0.16997679780022348 0.19362938523638804 0.2206069282807629 0.2516950268204887 0.28535331816056875 0.31861979477406505 0.3353179818472306 0.3027235697891566 0.24389208631278117 0.19191674714554283 0.14754176789237045
0.08797664597763989 0.09558482689951231 0.10308235588378152 0.11039028060022572 0.1178795791968924 0.12506851963171967 0.13122853468406195 0.13548214290587596 0.13699902638626058 0.13537070356851064 0.1318114888364455 0.12722667139704466 0.1221194457083023 0.11694889732168719 0.1120763042068381 0.10777223060282168 0.10424213932827342 0.10138867852986488 0.09879601367072377 0.09655888113367288 0.09472264810373383 0.09324852848109966 0.09217941833307913 0.09151100200547983 0.09209279381352145 0.09587221486571977 0.1031095329808067 0.11322420451675146 0.12569287682940536 0.1399489625352796 0.15626423843413143 0.17506198631175815 0.1967096729202652 0.22136441348694766 0.24890380801004833 0.2799126170262237 0.315337832565976 0.3276787752196439 0.2905221378618447 0.2292148639960553 0.1758209924339137 0.13082562615038706
0.09308169665012851 0.10078767378763605 0.10820927417663764 0.11503954832891727 0.12104905776181162 0.12652028150481376 0.13093073124688506 0.13340111909765556 0.1330007049703062 0.12946952919407834 0.12438389681621394 0.11866062003040015 0.11292354500236264 0.10759292851886398 0.10293250186245279 0.09911661773499274 0.09627718135195007 0.09450464367467079 0.09334761234604849 0.09264102863673544 0.09235715055561379 0.09258347645133311 0.09337735550756243 0.09477530466614248 0.09787712086767211 0.10349245617508583 0.11232539214021846 0.12334220724382987 0.1352477181301296 0.14810405890559988 0.16244743976078374 0.17892313958600692 0.19807228890294054 0.22021405005182731 0.245665875551621 0.2764470677076427 0.3127632415324264 0.3210547098111608 0.2821271358055646 0.2192947818986474 0.16472728374318554 0.11891814394280802
0.09861295046353863 0.10635054144899898 0.11358655153878064 0.12006260706308935 0.12554141326999094 0.12975573640828264 0.1327107066264582 0.13390407861686443 0.13197219387396594 0.12646521955898285 0.11945725711192924 0.11234084939944673 0.10584029934595604 0.10025189547569434 0.0956972864826681 0.09224263415321693 0.08994924145409536 0.08889949141113153 0.08890468523921527 0.08941756407237154 0.09053794090711317 0.09239513351805527 0.09510057952583179 0.09886419199727145 0.10506661218933036 0.1137807724330133 0.1239829816872527 0.13501573194552113 0.145578871822394 0.15601134939293582 0.16743967460565273 0.18088169170218785 0.19704771295670204 0.21657784762809115 0.24203873835763998 0.2745764288135484 0.3123888280855103 0.3192983462031783 0.2808915037042807 0.21677889773257958 0.1603653108838642 0.11270668450305123
0.10458337022746678 0.11223615398225795 0.11908417716932124 0.1249491151196331 0.12974733580712108 0.13342575837531295 0.13585692266757404 0.13655730298610536 0.13388251417290206 0.12577715388026744 0.11617362828683622 0.10752478299760183 0.10028504095303471 0.09445831550822058 0.0899854709217684 0.08682648671845121 0.08498335366233306 0.08450085683860682 0.08527522385864997 0.08682714366319803 0.08919499499930858 0.09256952646444154 0.09716523493055933 0.10347290689559509 0.11291330420483799 0.12488911052459789 0.13747861112455717 0.14849041808661323 0.15633162643824858 0.16278727016237457 0.17026369210209719 0.18009128783284736 0.19298724818957283 0.2113415031807816 0.2370422331408044 0.2711406175073434 0.31141899484977015 0.3205513606470318 0.28615751915781446 0.22271807132570812 0.16478946053321533 0.11408469309445407
0.11102044505764955 0.11840913352435213 0.12454707086668167 0.12938142055745672 0.13302200939914643 0.13563636718680472 0.137385003282474 0.13839377269098024 0.13837406418556816 0.1254377407891096 0.11333790363012874 0.10375539949198269 0.09622678986973214 0.09041873896790915 0.0861186508248758 0.08321289331500348 0.08167548071228761 0.08146292712078221 0.08262192876577704 0.08491219464633137 0.08829267521238203 0.09295410941492396 0.09896620462343929 0.10695070308768814 0.11861652016801592 0.13401504060431246 0.15182148075617416 0.16401084141058367 0.16599604892275158 0.1666158143636004 0.1695817862408373 0.1757210363467901 0.18638399312298204 0.20399382687441586 0.22956183913565137 0.2645119240757545 0.3069736819692223 0.3202011191866652 0.29272163901254056 0.23408186114573945 0.17708680951921402 0.12426426169617126
0.11798335184528715 0.12485250719859951 0.12981372757381593 0.1330464058315421 0.13490839199062427 0.13571579346367985 0.1356277420767467 0.13451041081007648 0.13072238173088432 0.12113821471237576 0.11063590227164892 0.1017211361065154 0.09455972921662038 0.08900863127144353 0.0849294901080796 0.08223850957618582 0.08088279537044421 0.08074764056888899 0.08195784544147307 0.08442717821631933 0.08787340012409707 0.09256273832896997 0.09886124206254314 0.10747354230647194 0.11985658915370577 0.1370553645193479 0.160464560580058 0.17751786215294563 0.16933352073067867 0.16471384323331872 0.16416988705058438 0.16763791532797018 0.17729476662731897 0.1940739528223503 0.21901133277169066 0.25374031350799936 0.2974483262856398 0.3152785914888193 0.294170207687838 0.242253064791273 0.18568032753965524 0.13863847097124152
0.12557946490737154 0.1315610098042844 0.13468567714592844 0.135646391017303 0.13515895523489832 0.133688860797508 0.13175012260953137 0.1288259017171149 0.12360964030936421 0.11588769806893585 0.10761636594372442 0.10008478049163785 0.09378568803447893 0.088800176958239 0.08509909363636818 0.0826534762364775 0.08134231095039596 0.08113080409710885 0.08216876755230766 0.08448676546903969 0.08769805842753453 0.09200398865283593 0.09761084530206401 0.10483411995470392 0.11559295123877317 0.13051874944975533 0.14829096055468102 0.15995469123274839 0.1589007374905909 0.15563516140724587 0.15402528719055622 0.15680053162255575 0.16586030666728432 0.18174623548022364 0.205543611439037 0.23891494501926694 0.28239101097431135 0.3045329483905099 0.2888247661471316 0.24079147723578453 0.17801917929825428 0.12071832233871735
0.1339763711867668 0.13844896436879417 0.13876417699030555 0.13679230746042836 0.13399072312277896 0.131209471960959 0.12816492291254958 0.12426463442065475 0.11881979712496073 0.11207392953677432 0.10530530500675324 0.09905419292255185 0.09367716441202693 0.08932381350519616 0.08604115943026217 0.08382598234813458 0.08252611077438514 0.08220453632675101 0.08300974579737301 0.08502793663178979 0.08781475878409867 0.09133757873069476 0.09549828068026216 0.10060617743273678 0.10814549279450167 0.11815960240234333 0.12927948183769974 0.13750003778953954 0.14030710385338113 0.14033172097519034 0.14050006974829327 0.14418797964394045 0.15286505111725407 0.16776825703508316 0.1900142204754366 0.22115492841052292 0.26274427342937834 0.28913182043448327 0.27899375780892044 0.23512217312681422 0.17109755288452652 0.11288569717959156
0.14340860647464634 0.14489344669922155 0.14103810097432595 0.13647174560190078 0.13248744487933084 0.12889764526388242 0.1252706700568712 0.12108977688675075 0.115910341483396 0.10992193696392012 0.10421172718215874 0.0990023872050724 0.09447247893266603 0.0907416089644098 0.08788017629833808 0.08585145134710087 0.08454530115777777 0.08407440212268577 0.08458650410394601 0.08618088214018785 0.08817039013529161 0.09039092041563145 0.09287057836742531 0.09567926562865792 0.09996532236341671 0.10567814589372244 0.11194365929770674 0.11749258334859121 0.12090182980424094 0.12253614071477742 0.1244841998234495 0.12960204191105384 0.13884598635481546 0.15315197747461035 0.17368910687394912 0.20216404211631983 0.24027791653049901 0.271374104561667 0.268412859485843 0.23160994198363527 0.1729579113219462 0.1136651085932142
0.15418090229023315 0.14743077656539594 0.14024560020967783 0.13473329859459837 0.13037101874966472 0.12664558067119494 0.12305996143279262 0.1191554742123623 0.11458183550556614 0.10936759063599683 0.10452025585821424 0.10018723443241175 0.0964168638812231 0.09327260763505282 0.09081448208691473 0.08892931649884134 0.08758963573260056 0.0869246323654287 0.08699702917322737 0.08775155533304198 0.08859642495641393 0.08940280083543874 0.09016870792502273 0.09084076108915375 0.09230010437425812 0.09477430975857903 0.09778601947180038 0.10067954849589157 0.10312571970063499 0.10507551450387677 0.10800509265483985 0.11371369455719062 0.12303947351532936 0.1369223039958438 0.1564476180508054 0.18287218389433363 0.217571791578998 0.2529565173363275 0.25922468106416263 0.2324078868794939 0.18180035661268681 0.12393648887665165
0.14072514431409364 0.139933333229333 0.13533933978329324 0.13102604791931793 0.12746181784179608 0.12439890688538419 0.1214726862455972 0.11832395914011329 0.11466512296944636 0.11038413334019528 0.10635137861336724 0.10282732943908444 0.09977134137905064 0.09719095178909769 0.09510626929075874 0.0933390489381673 0.09183793725709351 0.09066879092769677 0.08993831220223084 0.08967967565504528 0.08928147791800166 0.08863425532359899 0.08775413534293605 0.08660332158456328 0.08570933997394133 0.08573326500637782 0.0863927465190448 0.08718686659771675 0.0880336866887095 0.08936145619489265 0.09244717463845291 0.09799211101961874 0.10677047233898379 0.11968066478427918 0.13769375906462994 0.16186854050452382 0.19334960433457482 0.2308254301020505 0.24807868602820818 0.2341806571958845 0.19439275329742248 0.14222233033808057
0.1248975823919528 0.12757123107836943 0.12709966294258432 0.1255652688428621 0.1238816489469409 0.12223550142164707 0.12052512709185893 0.11855035566968664 0.11610727509918169 0.11303915163147178 0.10987043130433051 0.10717173142191427 0.10481737321608654 0.10273625985281708 0.10085761990723602 0.09892749005819756 0.09698058124600789 0.09513130903971743 0.09351120101715106 0.09214140797217063 0.09041389848978576 0.08830006305942024 0.08586864478146372 0.0831489339383575 0.08037715398485785 0.07847812205055961 0.07729877727133333 0.0764244852685053 0.07586838949186592 0.07604938060574595 0.078551652570473 0.08340270915589147 0.0911871577007711 0.1028081555010328 0.11907100269262232 0.1407770826800993 0.16886640005181844 0.20432375592233745 0.23215048595837726 0.23276337869005048 0.20679583913491892 0.16364986430473633
0.11158099523543366 0.11561617361950795 0.11777419749432148 0.11880755523198132 0.11932143293578369 0.11957673017300612 0.11959096450248735 0.11925125374770884 0.11839280890901689 0.11685269771706094 0.11473808772279885 0.11286975509777865 0.11117342981296938 0.10952055763863743 0.10776960765521747 0.10563248504323353 0.10317410783008449 0.1005450096467191 0.09792581390400566 0.09531511290832233 0.0921590159359883 0.08855743717822273 0.08465134857294765 0.08054219082753374 0.07632737093634381 0.07284743364523505 0.07013950438453428 0.06792993181329364 0.0662160112553602 0.06538598968679336 0.0667113636694135 0.07050144697114721 0.07700723555219101 0.08729818275642501 0.10184260742940374 0.12107292770339304 0.14577647799164264 0.17692105902589214 0.21121181058717606 0.22621497915340044 0.21618178379889075 0.185709129449056
0.10034183913311612 0.10504232910991253 0.10877902887709763 0.11175862273938161 0.11425576613595337 0.11643782718634528 0.11833264125646899 0.11985702341328695 0.12085642260168286 0.12114191760623698 0.12054115044469155 0.11969721138359055 0.11882625391500616 0.11772159635535584 0.11615624960568023 0.1137976269395196 0.11073822341219584 0.1071901579815691 0.10341872650939754 0.09937216157194553 0.09465199054445352 0.08951006632100089 0.08416728005460267 0.07878837500627534 0.07349247020132949 0.06862904230732429 0.06462110696074601 0.06133608544529556 0.058708914199903206 0.05706321646554316 0.05731691225571497 0.059672368911667766 0.06458763590150547 0.07391950471979324 0.08690231605191612 0.10368795119044774 0.1250692277316327 0.1520098139151022 0.18551838898837084 0.21289498681608027 0.21928196450594156 0.20455255397535155
