_RESULTS/CROSS_VALIDATION_POSTPROCESSED_80-20/Berg/TZ/7comp/4/Berg_TZ_z_250_kriged_reverse_7comp_spherical_4.asc
ncols 100
nrows 90
xllcorner 5.6208707817415728
yllcorner 50.959635321741573
cellsize 0.00013419651685393446
nodata_value 1.7014100000000001E+038
[rows 60 to 79 of 90, columns 0 to 42 of 100]
23.294530200480875 23.2968039613157 23.303007691822962 23.30744702391342 23.308269007645084 23.305785006248094 23.300369249687787 23.29264358405751 23.283538102105855 23.274243457491952 23.2660907062327 23.260397185403793 23.25830884542194 23.260657279504443 23.267837771115115 23.28447429982747 23.32950254202656 23.39332154804738 23.47185047954336 23.562058216749993 23.661016081668016 23.771583317184117 23.893241979646483 24.023599961534988 24.15982517844018 24.29861787554009 24.43611459730785 24.56806911494612 24.690060988788005 24.79715848938406 24.889076005308507 24.970238497159116 25.03322196071532 25.076065502147955 25.099305776204982 25.105251148129824 25.096979460981366 25.07743128758645 25.048923387331502 25.01861466858096 24.991310033974983 24.967901820569224 24.948170181152257
23.331854889073792 23.32919341464198 23.31983144127554 23.305375372555492 23.287220606220473 23.26661542071062 23.244810872520155 23.223150955822945 23.20308717991321 23.1861242320629 23.173717365613005 23.167146248086475 23.167386487786292 23.174992297789906 23.189994625061196 23.211641976862715 23.254929510706425 23.325983685037237 23.41629157623197 23.518228647780404 23.628015135474698 23.741424452396057 23.856120719801147 23.975534909860947 24.098262458831236 24.222036667497914 24.34402620762054 24.460848888062 24.568627746729742 24.663114712618732 24.741164526396354 24.811214901137642 24.871308071517216 24.91477781168832 24.939098951478655 24.945878707388662 24.938199023277928 24.919281411350248 24.896340893702202 24.872303522379006 24.848886791582306 24.826920495955175 24.80633321265488
23.340308677407315 23.321272743915003 23.294646975462825 23.262621783023455 23.227230079622803 23.190426640691786 23.154149152765633 23.120338211866393 23.09090729974915 23.067667562496258 23.052221812615645 23.04584581569229 23.049372942523526 23.0630921974127 23.086323892969197 23.116143378995304 23.157263493196236 23.22595871618708 23.318455538745226 23.429113586899003 23.546404165704367 23.662906063537186 23.77527328219711 23.881023311295806 23.987691714006807 24.09548824665564 24.201924503345687 24.304047812238753 24.398497771033853 24.481616769097112 24.549627394034427 24.606486673666982 24.65771598223893 24.699217388293736 24.727771153411528 24.74026559872044 24.739189635916023 24.727660741740394 24.71148263159744 24.692813356676176 24.673092813320945 24.653098193569146 24.633027633628217
23.315205219754816 23.27944994621327 23.235829316528253 23.18691990157127 23.135258419933706 23.083365639943477 23.033748386133343 22.98886654528132 22.951061147591766 22.92244937287645 22.90479984107714 22.89940483156961 22.906964347088028 22.927163965314264 22.957587092651323 22.996463179038553 23.042129148163585 23.10821661728432 23.19675177295472 23.2980139304012 23.40754317035862 23.520776040454784 23.63273842643181 23.737392607438334 23.83112063831733 23.92263325848704 24.013604141583343 24.101521998363562 24.183504281153343 24.25638045969613 24.316825950153806 24.363066091647458 24.404402846902748 24.441172086184125 24.471486277732538 24.49371802101192 24.506818157251637 24.51001832195583 24.502370451658965 24.489250206566744 24.474745072769565 24.459161617206245 24.442412373795843
23.26430849366006 23.211543376005928 23.15092964824371 23.08537263796961 23.017832230551917 22.9513133562453 22.888828372890444 22.833322526932072 22.78756125693907 22.753987026325277 22.73456125598808 22.730611134224787 22.742178255419265 22.767630351889707 22.805653673197334 22.854391077356766 22.911417111987493 22.97166655237826 23.04685334786408 23.13567906388959 23.23389510136693 23.337043294273997 23.44052981674148 23.539657996139642 23.6296302463902 23.706884123567278 23.781805399604796 23.855802461474614 23.92637850387923 23.990932933109637 24.046844625967957 24.09159784798414 24.128536803194624 24.16548300859434 24.19982434772787 24.22933081968944 24.252639312926746 24.269766566267176 24.279121943301902 24.278919298382423 24.27027046994955 24.25981498025812 24.24786125611144
23.194635879952546 23.124572622094604 23.04679868409204 22.96450694268023 22.881029376889952 22.799810181409658 22.724342849674215 22.658062286826553 22.60419039704513 22.565544042079576 22.544293518631797 22.540862808971067 22.55505536312248 22.58615345557927 22.632613743655202 22.691745698679725 22.75296046986151 22.811703718878828 22.87365824553079 22.949605775600975 23.035703695175755 23.12765633636333 23.221144494238573 23.31185469736774 23.395465758318444 23.46760379472899 23.527092348559854 23.586987154640358 23.647377754455235 23.705950457719126 23.760239154377768 23.80773660992324 23.846211485685743 23.883051593681447 23.92101102081551 23.959233228477522 23.995828699363937 24.02815754407778 24.053916494012817 24.071007502756643 24.077417653331626 24.073459962906462 24.067528164574643
23.112466069051997 23.024860025769197 22.929659590467647 22.83030685692146 22.73046692455108 22.633998077383648 22.54487715932944 22.467066524430635 22.404314574958896 22.35937139522366 22.33416847900522 22.330025138667875 22.347161536361643 22.384673137774357 22.440209266325724 22.502059436955953 22.564652726197846 22.62611808661563 22.684500091450737 22.74726122340034 22.8204593372376 22.900029960380973 22.98202332472483 23.0626265618551 23.13812902863965 23.20483773470804 23.258958867498073 23.304883822054446 23.355365230175327 23.408670100791724 23.462392132723775 23.513903007738485 23.560532591662643 23.60122374888981 23.64668854814895 23.69634732621594 23.746502068140263 23.793987819780302 23.836095025887325 23.870463708649172 23.89497738846848 23.907677026605725 23.90961249997947
23.023382068025143 22.918072486087322 22.80513766507955 22.688221817363488 22.571280365609738 22.45856319076289 22.354449087706307 22.26308499808337 22.188646636647704 22.134863247957664 22.104629328031045 22.099653519979086 22.120222976708693 22.16510066747128 22.22314661580795 22.285977094862492 22.351241604332532 22.416325776622347 22.478690790286805 22.536134610923067 22.595645935163024 22.661509984322684 22.730264196925525 22.798742630506254 22.864015195452783 22.92325250800209 22.973529321331572 23.012157186121325 23.05295819084998 23.10179497476358 23.15621569925021 23.213315713411827 23.270933238327338 23.329398846492477 23.38663660682817 23.44848249055022 23.51270565891235 23.575688199121835 23.634389667331625 23.686250318781763 23.729087376121928 23.76100570201543 23.780333169333876
22.932136495009182 22.809062143995458 22.67799171716711 22.5426450523817 22.407112041124186 22.275879008015636 22.153806607835648 22.046018221965983 21.957652552427525 21.893452359689814 21.85721827205166 21.85124443748383 21.875920160332146 21.92406514869594 21.982520788442265 22.04821256711316 22.117694026908143 22.18741879904091 22.254150649951352 22.31523047311722 22.368730242571885 22.41939145559391 22.472811808989725 22.526686852832352 22.579088410803337 22.628298136059357 22.672506739436365 22.70945200143702 22.742211285992468 22.787546653510308 22.84426932020544 22.909969116795622 22.985090962946273 23.065220738473386 23.145619299244583 23.223140193695187 23.302414688724397 23.38158863054563 23.457383340144332 23.527118585679574 23.58859779129264 23.64000758098758 23.679840493203773
22.839673540624325 22.698873222424226 22.5492078426588 22.394456055021433 22.23887790997831 22.08730356926621 21.945184906778387 21.818547499238516 21.713751174690202 21.636967598738284 21.59336295262501 21.586154119520447 21.61400243571922 21.661471084525235 21.72284802823866 21.793778488812322 21.86936671547209 21.94490949284656 22.01636040165039 22.080586081268258 22.135494800850857 22.180089725679984 22.216493089703555 22.252673078955638 22.288852620218957 22.32476735871803 22.360086033140927 22.39384395102477 22.424483202029887 22.467555449551003 22.529244661831243 22.610516806302783 22.706700252197066 22.811438186836277 22.918877761829798 23.024104516629958 23.12345264163249 23.21985313609182 23.31345685141253 23.401567168883304 23.48204403580273 23.553185702421928 23.6136379266691
22.748141317333843 22.590042817538286 22.421877995022747 22.247373273678665 22.070833923702466 21.897318117739466 21.732811945287807 21.584327709510198 21.459770062333366 21.367346097588 21.31435779447558 21.305559640901553 21.331900575665376 21.381372783956916 21.4490294809484 21.528265226499915 21.6122721939536 21.694961095110713 21.771403216437527 21.83799630099669 21.892521213438155 21.934172110657954 21.963569086342083 21.98270685781859 21.99837715460188 22.016747805358953 22.03951178296235 22.067505444956247 22.099781121325357 22.14280774319981 22.21630102192075 22.317682952385663 22.438903731468066 22.571889376871766 22.709421179770388 22.84562712390844 22.97612503029419 23.097928281822508 23.210686912901064 23.317734141575784 23.417533238311655 23.50845938253993 23.5836557901046
22.661125683559803 22.48657400455036 22.300449754356517 22.10628326354516 21.908236588152537 21.711374296905273 21.522012425592308 21.348086171495353 21.199331609274804 21.086835406463116 21.021365744637226 21.007974981080395 21.032517322626244 21.088247823454484 21.166817849141573 21.25831545623413 21.3534841808182 21.444708912785146 21.526224275743182 21.594043158513347 21.645878594601218 21.681150426797217 21.70106306544895 21.708685528225537 21.708863611581446 21.707716450170274 21.713192125242898 21.732141955277864 21.765407903953303 21.816080164628865 21.90717091526893 22.03377668032332 22.185149263173003 22.3508649924962 22.52206065485368 22.69187002882539 22.855411035098616 23.009510352515825 23.152334057201234 23.282836355405767 23.3979172695612 23.496889354415533 23.576844846267676
22.582201049449953 22.392569421202694 22.189637675319126 21.976581285581332 21.757178477983484 21.53615737690308 21.319733215937518 21.116369811088216 20.937632823171466 20.798485206492018 20.715484681687123 20.69255858235901 20.719263280926683 20.787743160535893 20.88370431201302 20.992393589056064 21.101702173795637 21.202653635347097 21.28892846086579 21.35635250564919 21.402556569483462 21.427255881164527 21.432319898157402 21.4219524802023 21.402875625785438 21.384067686812458 21.375628653175756 21.386535150611962 21.42210469202714 21.489270207868884 21.603761206533576 21.76219013375797 21.949934506550616 22.153615205601515 22.36244880611964 22.56855317183165 22.766273531477125 22.950937471492193 23.119544823512328 23.269894396460344 23.400244690333203 23.509097702980483 23.59507163288542
22.514793962014082 22.312076776126517 22.09426387654936 21.864041088477205 21.62455993908612 21.379791556296148 21.135170060541558 20.898738887849156 20.683032984096116 20.507399600415493 20.397420920526898 20.360875507871068 20.396706721238953 20.488367428138325 20.610528045275068 20.74189296243133 20.867888694099314 20.97901036748827 21.06875576487159 21.133133708412814 21.170214682016127 21.17987636199495 21.164219446402015 21.12823942016229 21.08055934681371 21.033745000915452 21.003300033447548 21.00434935000774 21.049442718917323 21.145581613626444 21.29605212762875 21.497596051636187 21.730178446293476 21.976779273637824 22.224639628054575 22.46488867199155 22.69160300339722 22.901033134105134 23.090917427844094 23.25965532698324 23.405984021046 23.528746765244044 23.626778038371278
22.4620008957549 22.248857323831924 22.018972906471067 21.774488918665526 21.517781575034025 21.25171755938039 20.980197859629676 20.709347264073042 20.45016842226663 20.224177276019567 20.068279652781186 20.01426049922836 20.073476279846695 20.20531588867439 20.364043993063486 20.52231026237789 20.66547006959838 20.784746259513508 20.875220410320807 20.933686757734215 20.958214036478925 20.948363916571168 20.905860028912148 20.835736023492675 20.747945891308202 20.659020397499088 20.592265972215028 20.573626805891916 20.62903006424549 20.761940119199483 20.962104189490617 21.21976869575806 21.506760600802302 21.8018670990745 22.091206521045205 22.366345049325314 22.62237132371204 22.856452541776278 23.06694638750095 23.253259121912976 23.41478388298184 23.55074504627726 23.660163798900623
22.42637421141463 22.206089171745464 21.967819237612236 21.71323705478611 21.444002000904195 21.16184582942547 20.86880805127094 20.567878229834157 20.264886466269314 19.974858527647214 19.737978476131076 19.6551524733271 19.772628402560382 19.968221083672915 20.169569259127726 20.352864805731873 20.508391666180316 20.63162492392185 20.71927885890361 20.768597174661448 20.77734601591527 20.74419745912461 20.66955485439623 20.557068338582596 20.416250180892277 20.266482238073348 20.141167389574907 20.08689488248828 20.151171749354514 20.334644239547266 20.605301285821017 20.93574983483494 21.287318724923434 21.63576239911685 21.96801316072598 22.277608747681715 22.561632861737007 22.818913582280622 23.04900407689454 23.25163902263312 23.42713518506603 23.57533556237414 23.695387040658286
22.409706842408823 22.186048445729785 21.943782845075457 21.684330557268844 21.408948951837218 21.11869340577925 20.814384330979326 20.496605937322343 20.16583447707626 19.823223604748 19.466067281080672 19.306209639718762 19.56843765343244 19.82884732442967 20.058137139355075 20.25260002022463 20.41098112744102 20.531448727867087 20.61157820654428 20.648520450624012 20.639239891787344 20.580893224738972 20.47153261220743 20.311529987843567 20.106589393424475 19.87414949117891 19.6556682343411 19.53295058237232 19.602690881695544 19.866031697084548 20.239972858559817 20.662853783140548 21.086866384458173 21.489829731188742 21.86309769424331 22.20412316739435 22.512918645363804 22.790389797297824 23.037537321037966 23.25505659627201 23.443140664590874 23.602317086233775 23.73217161298412
22.412858537984707 22.189839675558943 21.94833333447367 21.689809442368517 21.415604999573112 21.126911485056617 20.82480070057263 20.510373727065755 20.185350037788762 19.854713624125704 19.530237708934433 19.399619830002322 19.598844952928456 19.837042845292675 20.05228162012366 20.235585962417623 20.383460106223556 20.492911416376415 20.560616433553687 20.582761151718724 20.555042822818358 20.472764846085237 20.331105122142613 20.125826019816515 19.855191511668487 19.525513200887826 19.168871945970114 18.903383696943635 18.970120539026837 19.382855511415997 19.905118466381126 20.43302899930251 20.927477531776315 21.378452418376785 21.785624557318044 22.151630394023204 22.479709450970336 22.772820787875748 23.033311501290825 23.262785992676072 23.462019041875493 23.630915581760416 23.769642396723683
22.43566566668892 22.217251981672515 21.98118892397868 21.72928021576079 21.463389859471878 21.185583286649496 20.898472536480888 20.6060853775144 20.316211919804005 20.047244331401572 19.83152931172492 19.74754003963457 19.826594647901903 19.982538756032667 20.150149389532217 20.302612376794972 20.42802489505731 20.519326100970545 20.570924269476148 20.57746453906152 20.53328958384925 20.432138434413734 20.266941156442943 20.029699154716766 19.71157753790377 19.303752455270605 18.80202485040041 18.253289634392047 18.283990210471273 19.001948282255267 19.68202923731763 20.292660851013117 20.83514653680644 21.31650225479581 21.744304617516768 22.125285925053316 22.464989920346447 22.767762031325244 23.03684419969037 23.274472320147037 23.481913673268448 23.65937921126429 23.806032408317744
22.476958733033022 22.26678720028325 22.040364017434314 21.80000151543194 21.548326746237716 21.288579396985575 21.02521418799761 20.76513748813281 20.520221526074934 20.3118476117617 20.160669606820807 20.09408595994615 20.12130042692263 20.21171854892646 20.327241172226618 20.44146202932042 20.538432671194514 20.60784095963226 20.64196007064761 20.63406475439743 20.577591748010967 20.465642794805966 20.29065608113089 20.04421309738771 19.71711100843031 19.3003120823469 18.790274195285882 18.238752436324525 18.267507560386235 18.980816082789865 19.666396859078443 20.282742641188374 20.82961823671971 21.3143472302029 21.744921139021244 22.12841902067292 22.470642302095065 22.776129479611757 23.04828866633374 23.289538157075015 23.501395705958643 23.684457638136546 23.83813187146823
