_RESULTS/CROSS_VALIDATION_POSTPROCESSED_CLR/Berg/IZ/6comp/4/Berg_IZ_z_0_kriged_reverse_6comp_spherical_4.asc
ncols 100
nrows 90
xllcorner 5.6208707817415728
yllcorner 50.959635321741573
cellsize 0.00013419651685393446
nodata_value 1.7014100000000001E+038
[rows 38 to 56 of 90, columns 0 to 42 of 100]
-2.8379740170003367 -2.6806162421049944 -2.522487174588736 -2.367775527041643 -2.2221260098571767 -2.0920812660715864 -1.9851512898969395 -1.9093699903050014 -1.872022899366705 -1.877671419297402 -1.9228337345396231 -1.9841680078003927 -2.053119953637867 -2.1231116564943147 -2.187929960675867 -2.2423821415525786 -2.288966281237218 -2.3299402262518996 -2.363985996793205 -2.390444628799092 -2.4093094403948365 -2.4212605569127703 -2.427716537307017 -2.4307871362117495 -2.42311211440347 -2.394263012175812 -2.3438800847181005 -2.2798168468572118 -2.2219163801175097 -2.1706939701008223 -2.1263132897938317 -2.0920765728897366 -2.0659413955696944 -2.048163796283885 -2.036996541313736 -2.0334284465745633 -2.038938331693034 -2.055886020653272 -2.091234722380597 -2.1759273633958167 -2.3546366122366145 -2.6222812249489014 -2.969007670248831
-2.8372148022966606 -2.6988514210881367 -2.568533327526615 -2.4448233274355697 -2.3323162204805516 -2.2363651656879107 -2.1626425771604407 -2.116716331015164 -2.103203759857385 -2.1246883756773767 -2.169797017175116 -2.2204816389378452 -2.273091867039381 -2.322972919992791 -2.365270372338921 -2.395501212024943 -2.4107718294445477 -2.417281832704508 -2.41583007325666 -2.4057637375945538 -2.387162542067508 -2.3613672389175613 -2.332105817116581 -2.302101552048806 -2.2655253092963785 -2.2086318938913094 -2.135960173311913 -2.0640550913827056 -2.0067040624663957 -1.9636772341266382 -1.936826629057117 -1.9220397652565522 -1.915136735830512 -1.9135604134450492 -1.9198850437093262 -1.9319369662618509 -1.95032472269112 -1.989679732494003 -2.057010434068982 -2.173302851517892 -2.3815978807684446 -2.6770179507125547 -3.050320502892288
-2.8314359432362033 -2.7107236044764456 -2.6028136550781262 -2.50919649865426 -2.428571626965162 -2.3646612178687874 -2.321497972290793 -2.302768605247225 -2.31128580307282 -2.347696469696121 -2.392650517709581 -2.436436384344087 -2.4766914574988608 -2.510037411594172 -2.532678944833474 -2.5408533342860324 -2.5311040649663 -2.504608651013816 -2.468315076720054 -2.4218045693582844 -2.365979821255982 -2.3038759708897425 -2.2373072066948785 -2.169511603578103 -2.096397925580875 -2.0080524911466475 -1.9128627598877972 -1.8354223339575348 -1.7834508930652806 -1.758518556209716 -1.7541255350149507 -1.762634059187219 -1.77768661209775 -1.7949911930236713 -1.812705389328349 -1.8362965660214092 -1.8848936772469362 -1.9584839087787125 -2.0552953668576617 -2.197028660274517 -2.4286598981593404 -2.7472169082820823 -3.1442667695111304
-2.8177977559641425 -2.7146102756301214 -2.6270026907387534 -2.5573131131013787 -2.5068143854099705 -2.473477755167304 -2.4590849201361564 -2.4658347982380486 -2.4952393443009497 -2.5444968484588033 -2.591411686857338 -2.6313350005574447 -2.6626048191413583 -2.682701053708096 -2.6886238213490756 -2.677221196725683 -2.6454304285868 -2.5909517128391064 -2.5213463297616316 -2.4403996965671473 -2.3504017459433095 -2.251747561982309 -2.1460558826335787 -2.0365504139604655 -1.9179119693526143 -1.7926821321428243 -1.676259530021675 -1.5962087801207105 -1.559815781328791 -1.560071034790075 -1.584361080963518 -1.6206663398599317 -1.660248781137165 -1.697775754730685 -1.733953814424543 -1.789494284053407 -1.8681116188642832 -1.9680960327564523 -2.087913774116109 -2.2467338177028284 -2.4937349648046125 -2.829940659320763 -3.248303357631868
-2.793748282950654 -2.707851890886164 -2.64046263664366 -2.593021973462419 -2.5662422056847096 -2.5604572378099553 -2.573706094377397 -2.6048215563243318 -2.654336335103931 -2.7154339448249174 -2.766294295358218 -2.804928623486613 -2.8301333179048607 -2.8399906553269103 -2.832103137708874 -2.8038214516883664 -2.7524350561573323 -2.6753219766408884 -2.575799044973926 -2.4650407952762152 -2.3426320443261988 -2.2082858202608193 -2.063006291381611 -1.9085333778716573 -1.7387651522312897 -1.5671904137239245 -1.4309605727279986 -1.3532576867563688 -1.3403463330849807 -1.3758281213858283 -1.4366114914029429 -1.5052197024015181 -1.5712416376405938 -1.6315983099013702 -1.7080839796543459 -1.8028702450825103 -1.9122642209312737 -2.034775069569831 -2.1710461941352093 -2.335967365412528 -2.5852602883384725 -2.930311320333691 -3.3681936986524192
-2.757022612107216 -2.688228522400501 -2.6413069439576518 -2.6164704725480634 -2.6129347063331734 -2.629590742757518 -2.6653565143433964 -2.719134948847067 -2.788135641721386 -2.8609619654468172 -2.917532820729509 -2.9571028070999175 -2.978808374289382 -2.981187656549195 -2.962320482180486 -2.9199811885721063 -2.8517793014677992 -2.755539355403458 -2.6337369750773156 -2.4965644717910003 -2.3449063450372245 -2.177737552755184 -1.994902969843002 -1.7954116289741489 -1.5733292633585187 -1.3556576488720191 -1.1856774199588602 -1.108257415493053 -1.1335025008201662 -1.2192762128069248 -1.3244656567335857 -1.4279317477915412 -1.5207238782572627 -1.6225780284300693 -1.7421161583382112 -1.8745999043469395 -2.0160894456147394 -2.163449122040433 -2.314595280019308 -2.478371573694396 -2.715288328464179 -3.0584156838907903 -3.5190930619441314
-2.7056185435614677 -2.6539508035238595 -2.6283582731279607 -2.6271965047358243 -2.6476629108495473 -2.6869997680033646 -2.7429682837795655 -2.8137982730873436 -2.8979223869989754 -2.9815300900772113 -3.045253865190861 -3.0876663898239176 -3.108121872336765 -3.1055383526001954 -3.0784013253584153 -3.0248642917735813 -2.94284933960441 -2.8326295456018515 -2.694429574369183 -2.5351784805444364 -2.3590545751202114 -2.1647261739851626 -1.9521960224322301 -1.718148715122358 -1.4576451471477547 -1.1910552446497809 -0.9545730918827489 -0.8645624155007514 -0.9626153080505735 -1.1156856563631328 -1.2669589789118638 -1.4021272581190227 -1.5314901330949673 -1.678013307755621 -1.8376199095382004 -2.006067673636295 -2.1792530391658897 -2.3530920044607466 -2.523644039426496 -2.6891017685835266 -2.8966101944062523 -3.2129205413606443 -3.7154029539471862
-2.6377627643084525 -2.6037192274270113 -2.601381340427772 -2.6259447684487083 -2.6717406356254925 -2.7341929003378604 -2.8101190395759157 -2.897322886093714 -2.994093056072371 -3.085733518943254 -3.1540658799075025 -3.1985682169066925 -3.2184428172779884 -3.2125432608379896 -3.17943116969657 -3.117452574904746 -3.025647378080076 -2.9062325732337664 -2.757440205755646 -2.583013827993337 -2.3913568891473322 -2.1812674333104423 -1.9514190717103808 -1.700725823604086 -1.4273371462486342 -1.1325941326088307 -0.8188553844232369 -0.6726083352605081 -0.8980716139772973 -1.1041493136095841 -1.2847522176156305 -1.4436364752846007 -1.6135258876702303 -1.7981692376171283 -1.9936636665628393 -2.196126852117045 -2.4015328743633684 -2.605523136052699 -2.8032299123572497 -2.9890514170570435 -3.1833283442301674 -3.4360681344648576 -4.015776733185048
-2.5518755919930234 -2.5369937615067855 -2.561748022416411 -2.6153017417854834 -2.688015096208936 -2.7737297138902495 -2.8688920134917986 -2.9713654233158557 -3.0796199094461594 -3.179820206980766 -3.2534970333385447 -3.300363473531786 -3.319954844904095 -3.3114876407586755 -3.273900732782635 -3.2059171977563317 -3.1092488169916854 -2.984877162784029 -2.830739435865431 -2.6484539662882307 -2.448577996789458 -2.231087097681389 -1.9984339836625966 -1.7583081778093725 -1.5013154292520414 -1.2347893807179884 -0.990480172558291 -0.9022437403349302 -1.030294377779685 -1.2111958804263976 -1.3878943169344398 -1.565611859833684 -1.7644941523801618 -1.9792761613865761 -2.2056145109331724 -2.4396647347382037 -2.677775046091077 -2.9163441579528455 -3.1520625698294458 -3.3834310516116233 -3.6279764561713237 -3.9719536329630567 -4.466013824118758
-2.4465382902136215 -2.455020237937666 -2.51417826639473 -2.6008253786491315 -2.701240857679074 -2.80917963197138 -2.9218012886171385 -3.0376117371454887 -3.155547907608272 -3.264197757442205 -3.3437653802303635 -3.39395022512684 -3.414602994983368 -3.405275839706504 -3.365261890701764 -3.29427306060572 -3.195865821795299 -3.0694603085766365 -2.913441437875586 -2.7285503896245573 -2.52651715024072 -2.3132605441826164 -2.0982926446726493 -1.8838050901917631 -1.6642036908931441 -1.4546496020052295 -1.2922276269927284 -1.2342234632669862 -1.2952070088332497 -1.42241632418221 -1.572360909639459 -1.75854478572351 -1.975602954170582 -2.2128432239594895 -2.464670212609668 -2.72709883689027 -2.997045678281503 -3.272152420157098 -3.551315271030636 -3.836625117005283 -4.138524415281521 -4.51205098493803 -4.9790366533135835
-2.3204645574990574 -2.365471915122168 -2.4708649260966866 -2.592268057861545 -2.717908013760618 -2.844606913270684 -2.971308738889607 -3.0974767946225894 -3.222582585243506 -3.3386449789467303 -3.4241960650488745 -3.4782537477058666 -3.500940586661858 -3.492103499592477 -3.451357377128513 -3.380208179769047 -3.2821361359005143 -3.1561276090866417 -3.001073343950348 -2.8178049697738126 -2.6251937989070617 -2.431608249080382 -2.2412430536235246 -2.059212766846641 -1.8826789558002495 -1.7255831660969343 -1.6137447471355988 -1.5729599871981987 -1.6081190406926593 -1.6975333461549682 -1.8276817250412916 -2.012061658679648 -2.23543425149183 -2.486651272123818 -2.758371773595581 -3.045029756785281 -3.3438767023931666 -3.653613462697915 -3.974288421272873 -4.308167447560624 -4.660322189931623 -5.048372379850288 -5.503608142325053
-2.172494393479807 -2.3063088661635276 -2.456215189004274 -2.602185713531343 -2.7444146648546166 -2.883281353797096 -3.0190128089908415 -3.151604402118175 -3.2807778933536116 -3.4021236749828496 -3.4933658198426354 -3.5515009384140015 -3.576852403022867 -3.569504181006489 -3.5293679800421436 -3.4600819295129273 -3.3638978622693387 -3.240079118219644 -3.0907949704410465 -2.922006882669976 -2.7487578379436055 -2.577901995977548 -2.4144851826440155 -2.265304415096108 -2.1291638202806538 -2.014146077607048 -1.9368769626084146 -1.9105400080913117 -1.9370844245322623 -2.005503593046475 -2.128661906411774 -2.3115327719170042 -2.5376207339146934 -2.795326535840376 -3.0775320810132483 -3.380321298171048 -3.7015843322096167 -4.040229545706287 -4.396046203807387 -4.769725066847168 -5.162109093863009 -5.571900223933886 -6.0205915405598365
-2.2825624899338264 -2.355855801543892 -2.4912986176132743 -2.637658858487181 -2.783291562271007 -2.925895426925713 -3.0647506187549456 -3.1993854652006317 -3.329262482055851 -3.452634702405401 -3.549023247440938 -3.6111799082688885 -3.639542210550606 -3.6343622524211305 -3.5960818410283037 -3.5297337593801648 -3.4392570160806955 -3.3266552746303817 -3.193382897967391 -3.0427619199945757 -2.890256297230673 -2.7429256852055763 -2.6060775938900016 -2.4865340112463836 -2.3858834688238906 -2.3048076505304844 -2.2542234946463493 -2.2417706721687845 -2.2683576126783582 -2.3299682575429004 -2.4545736291496993 -2.638989570305667 -2.867318511276231 -3.1281116646697438 -3.415544087623206 -3.727575424301678 -4.063464647281253 -4.422657865991372 -4.804634935055143 -5.208745869849113 -5.633352288537517 -6.073927654092822 -6.525917691765014
-2.440116790997665 -2.479881260014678 -2.576941260154854 -2.7003791594581084 -2.8340653853056055 -2.9706489126254985 -3.1063180665631824 -3.2387169082247538 -3.3661094418930637 -3.4871878728324788 -3.5880747596165623 -3.654188266622736 -3.686496804633795 -3.686059282299654 -3.654883137101001 -3.59953469833492 -3.5221072334283914 -3.4239356943801686 -3.306665401453604 -3.174367363999387 -3.042763547992376 -2.918313853868754 -2.8061588212447606 -2.712445219815499 -2.641368541419533 -2.588519397022667 -2.560178070060843 -2.5613929451400894 -2.5928539352103757 -2.657455022949549 -2.788963483684813 -2.9790029862664 -3.2102259058613876 -3.470388423571695 -3.7568919256430062 -4.071562974978596 -4.415406634820837 -4.788040995879862 -5.188349351695308 -5.614632222502975 -6.0640251314828095 -6.531238191935026 -7.006825008242343
-2.595984254200835 -2.622387308499019 -2.693457956722484 -2.793298414683637 -2.90883266487638 -3.0317374075968533 -3.1568979630717777 -3.2809914392947634 -3.4016686876748348 -3.5171227339881845 -3.6211473710852893 -3.6937304383879193 -3.7335461139776345 -3.7416276362458665 -3.7204583910798075 -3.676620775391795 -3.6118933098291355 -3.527699266090153 -3.4257726563885535 -3.31140051315987 -3.2000125816774334 -3.0969581948092113 -3.0069734329422753 -2.935388950354622 -2.8875701364493693 -2.8587461081870376 -2.84955682089882 -2.8638145837176943 -2.9024460934015823 -2.974844820303967 -3.116859090322779 -3.3177176508085893 -3.5540150086678146 -3.8075689610766075 -4.0851135576007 -4.3957218855217475 -4.741235457224148 -5.120466364448833 -5.531357492935256 -5.971388228276953 -6.437215802054001 -6.923886095971277 -7.423723306576408
-2.7492519309196286 -2.7686578332816714 -2.82311666830443 -2.9039775533246086 -3.002149736150146 -3.110356584693907 -3.2233215181912307 -3.3372623865712447 -3.4493833503394797 -3.5575163246843244 -3.6595512486609127 -3.738280582837269 -3.7853707991404875 -3.8017998870305263 -3.790319694934535 -3.757415939010003 -3.7047131475804247 -3.6336488743661355 -3.545951532941719 -3.44893539374764 -3.356562983874406 -3.2730082386507986 -3.2025026102360794 -3.149577173379421 -3.118827113937493 -3.1102132977850667 -3.117515319491167 -3.1434326932175276 -3.1892178340776542 -3.269198089187776 -3.42105586549487 -3.6378073323514792 -3.8883270271510035 -4.120736999748548 -4.381187174588415 -4.6836329308235545 -5.026351509878783 -5.4062677976350875 -5.82027265363478 -6.265207902485088 -6.73754572430129 -7.232939601250656 -7.745709644377667
-2.8990068725303493 -2.9140963971032567 -2.9573323904654267 -3.0236029395043644 -3.106709537476126 -3.200872241421493 -3.3013140956185456 -3.4042639814202644 -3.5067547060274693 -3.606405669010357 -3.7012490690639344 -3.784509292038645 -3.8386695893977127 -3.8632264358244157 -3.8609253734585174 -3.838198494084339 -3.7966144074262163 -3.7375617894059525 -3.6626971455964106 -3.5826217893037287 -3.507798881564244 -3.44171503612228 -3.3880756865723143 -3.350684248326762 -3.333228389807264 -3.3385763684086167 -3.3598468569125846 -3.3953671122611144 -3.4463908325825474 -3.5290500671998943 -3.6817075098382 -3.900005700350458 -4.157422162860058 -4.372880607357762 -4.624633760605043 -4.921181494703797 -5.2591693982072 -5.634939101936808 -6.0449353820504665 -6.485600801435416 -6.953161329122448 -7.443392321102918 -7.951432414314246
-3.0443361304092686 -3.0564704210070417 -3.0916452303998803 -3.1466058461167177 -3.217037951911373 -3.298480834756318 -3.3868671334019247 -3.4787113334729414 -3.5710960378188297 -3.6615796572999915 -3.7480916476845287 -3.8287812587221737 -3.889863158264463 -3.922318223199656 -3.9286117962449856 -3.9151960297360064 -3.8836838944645473 -3.835367254492149 -3.7726235189378823 -3.708680389768449 -3.649848719415155 -3.599242627792925 -3.5600600678889602 -3.5354598556378845 -3.5283765597622456 -3.541276774532104 -3.573295465487244 -3.6162108306427676 -3.669938377762017 -3.7488911846777344 -3.8906956866616165 -4.086624503080786 -4.312734040939211 -4.54775428759051 -4.806280954241065 -5.100825363940979 -5.432792303576336 -5.799989198825543 -6.19913575854339 -6.626431388420407 -7.077579309832789 -7.547614234913151 -8.030593012399155
-3.1843267559326955 -3.1942872270843674 -3.2233636725291914 -3.2693508585113475 -3.3291498103663453 -3.3993184677783645 -3.47648002681162 -3.5575423414834506 -3.639771141353416 -3.7207796711629246 -3.798482401956405 -3.8710400734590555 -3.9351998375730872 -3.97533906488928 -3.989675408899412 -3.9846570905775414 -3.9621060695710817 -3.9231853790957167 -3.8728750895633812 -3.8238537738561176 -3.7794776171096274 -3.7424911120294246 -3.715622759879154 -3.701468317532538 -3.7023309163903586 -3.720021812923106 -3.7556325556906476 -3.804173591416842 -3.8588633203893004 -3.930116031243167 -4.056220453460166 -4.230631394759833 -4.439318285924011 -4.672641268645668 -4.9321080686437035 -5.222481719582751 -5.545276353495648 -5.899072057992999 -6.280789633033866 -6.686284974009117 -7.110432422100136 -7.54686436820435 -7.9879049277113126
