_RESULTS/CROSS_VALIDATION_POSTPROCESSED_CLR/Berg/IZ/6comp/4/Berg_IZ_z_250_kriged_reverse_6comp_spherical_4.asc
ncols 100
nrows 90
xllcorner 5.6208707817415728
yllcorner 50.959635321741573
cellsize 0.00013419651685393446
nodata_value 1.7014100000000001E+038
[rows 20 to 39 of 90, columns 44 to 87 of 100]
2.6746532366082816 2.7682573563594057 2.8966949039641228 3.067716110865679 3.2832765003991886 3.5329839664770217 3.8073997255774272 4.0980223688853386 4.397319840506427 4.698758737974838 4.996807434132306 5.284116952767468 5.5563122985540625 5.818192495884208 6.069586512561309 6.316508261072121 6.559703867105849 6.799805092046945 7.041697974880981 7.272994430688265 7.438143768842171 7.412687677855659 7.212668030111047 6.954803335346771 6.680707783960343 6.405366244207186 6.134597733096673 5.871551763095451 5.618474328009067 5.377267716090433 5.149691780329892 4.935080228602092 4.731409177900119 4.541023964201992 4.367217792894567 4.212524820706579 4.079371694764549 3.970237532895772 3.887666324504891 3.836339224935711 3.8031520994461547 3.7741123218588095 3.758226251348724 3.7564449262603503
2.7259052819076195 2.8433923201335904 2.9932497330054697 3.1861009125841524 3.422082541839602 3.6906273883404244 3.981896614763133 4.286982488252988 4.5980542961868345 4.9084400372688535 5.2126541184599695 5.50177865283854 5.767055200084655 6.018270235961868 6.264007750847275 6.50713515667351 6.748921932552911 6.994238590466624 7.252348228398645 7.5258227429895 7.80511610017308 7.738882577297224 7.399605934005452 7.078580437273535 6.774682490676174 6.480171198161566 6.195819334514683 5.9225220480069485 5.661354921874475 5.413544805461135 5.180107770800675 4.957695671123188 4.746623069051938 4.548984721267741 4.36779072953257 4.205846091923336 4.06550574401056 3.949193619577079 3.859472901904621 3.8019907906311503 3.7655059236132336 3.743457290130393 3.7380152648250418 3.747873736811937
2.777894321760189 2.923519624030388 3.097805219564507 3.313729577074941 3.5710331649815172 3.858715765366088 4.166386644284275 4.484219309158517 4.80356373694258 5.117976895036468 5.422185989402871 5.705532425949853 5.961303123847346 6.197959729926331 6.429255071841087 6.656734845572556 6.8817510368054835 7.110632794983037 7.347293477394036 7.586316459705288 7.782784527206665 7.711085880314838 7.408106882957971 7.084392300969929 6.779512439326272 6.4871868731455535 6.203441513816054 5.930026912705259 5.668407895079035 5.419998686325309 5.1845393957798525 4.958625356571743 4.743923834888074 4.542508777255538 4.356973530048555 4.190501271554453 4.0454454210505935 3.924200383066483 3.8297216107130208 3.7703470749448202 3.7428667659980324 3.7329420183958852 3.73911481067361 3.760173816758389
2.835605457872644 3.009264682299933 3.2094240575603585 3.4486401876761095 3.728187926619515 4.034450781308715 4.355578508079549 4.682087835334876 5.0058641168873175 5.320235377155284 5.618804138897851 5.8901251158930075 6.134060945808968 6.35272242509382 6.559467213886558 6.758946897020599 6.952428028220316 7.144784703933594 7.3306020764653415 7.489874884783052 7.569664777607312 7.49343150458841 7.272343876882118 6.990894168684473 6.702539447183385 6.427969045882275 6.158066923086672 5.894252340769914 5.639632185653758 5.396545659769764 5.1632481771454 4.938233006701899 4.723727180469333 4.521793331805672 4.334372751167092 4.1652149362273185 4.017197208009478 3.893187500004968 3.8020654906412212 3.753260788881798 3.73917112823337 3.7420314680900457 3.7599342091191343 3.791618362888906
2.899570289897336 3.1000177249559613 3.3269687205918625 3.5886790121272063 3.8885622224151133 4.211101350258732 4.544405921435279 4.878322317645157 5.204257965010678 5.515202383305113 5.802481111143812 6.060110312518194 6.287048224409462 6.482617827597984 6.657323631857753 6.822038396732656 6.978779349340719 7.126837458608194 7.255729866342529 7.344808587315047 7.360777773979955 7.274165760036467 7.0911179584851824 6.848032979298713 6.582205165822542 6.320997810635459 6.069546633778682 5.81988162184957 5.57759466896865 5.344697964149811 5.117781612927727 4.895979008586174 4.682080575044063 4.4792757614930085 4.2906647047635715 4.120234432025937 3.971819377172303 3.8544654743935873 3.774039346187003 3.742100072974483 3.7422566962675057 3.7594691057664553 3.7916448146514004 3.83699920968249
2.965448859438042 3.1941215576333066 3.4464057637252914 3.7283586026375946 4.048894209841638 4.388344157250704 4.733430075074962 5.073543713653802 5.399517129284507 5.704704322453249 5.979843787448422 6.21964844069458 6.425025985602765 6.596568759663114 6.7376139774493575 6.863284825600842 6.979545833834254 7.0815483919919995 7.158451677684527 7.194006633593653 7.168920674508733 7.070239457994156 6.9027115971190725 6.685723446285669 6.4428172131927965 6.194689141451043 5.9583579129844635 5.724146781340201 5.492612001359687 5.266091259917286 5.043169850728682 4.824605899203926 4.6130827067228255 4.412139450092805 4.225084054740629 4.056696186191721 3.9177135590435594 3.8127261322214396 3.74770938746725 3.734765360869252 3.749366660221205 3.7811187342331682 3.8275970339893157 3.8866976104463875
3.0329350182918797 3.29045931119309 3.562164731185085 3.870248062828919 4.211797550378657 4.567468187634057 4.923450058647106 5.269164161586601 5.596773178173887 5.895693774656048 6.156041214690129 6.378367493551561 6.5609670962814155 6.703103843405762 6.806070838568685 6.889839174855421 6.964421164954802 7.023706201001032 7.056299982224422 7.050355494259485 6.994811916164451 6.8836579208423 6.721123929290014 6.5193517703445565 6.294108102209142 6.0612269681321 5.8346394886116695 5.615619255676075 5.391287476050856 5.1671206244276195 4.943811514333308 4.726854547094846 4.520083867972011 4.323496036424588 4.140715835206876 3.9835752575344774 3.858444361471231 3.7693681184814825 3.7245249789278496 3.7305563929180297 3.7600590831719143 3.806919614920943 3.8682363592611213 3.9412856821553377
3.1012705630633213 3.3931010347179344 3.6995117976850556 4.0272108185724536 4.381035883072073 4.7498516072480745 5.118412742013657 5.473504062001715 5.802878909335149 6.093757111826807 6.3419853311862475 6.543554581213137 6.697655274060315 6.805102257026106 6.868714542498612 6.9068213124319975 6.941649938180014 6.963351962382729 6.9577259095053705 6.91781443093763 6.837467764146459 6.713951330066084 6.551215946736727 6.357772458022378 6.14480849871787 5.924600637628664 5.705873200721948 5.493206841918111 5.275206754143531 5.054410703636359 4.832156733647232 4.614662291431517 4.407984409173105 4.216815107783301 4.0456376910900875 3.9040693581018777 3.796334223685908 3.7258768401137 3.7048721583566864 3.7286151421118374 3.7737567677355566 3.836775343060632 3.9142450929063677 4.0026339894915655
3.168691071995225 3.4983646943374014 3.8415025695559426 4.1945998961854665 4.560460698598524 4.9422209345573895 5.32429921757108 5.689229975329143 6.020932083878689 6.307740504630335 6.540213754676868 6.715323919200886 6.835092540056214 6.904378609080247 6.931438540600507 6.931579401500137 6.925155010381874 6.906947089653011 6.866157916036986 6.796934518957765 6.6952798974466035 6.559893845168957 6.394459145932382 6.205254477959246 6.000651304497508 5.786429411458989 5.569898327600632 5.3614716716479816 5.149956224449037 4.932719492681597 4.7123322907415695 4.495428986462562 4.288429849810537 4.099687360787964 3.943948764965902 3.820595939978775 3.7330968869737102 3.6843019334364593 3.6884152238192343 3.727783030980821 3.789511547955521 3.8701659473761296 3.965923562123296 4.072629723649654
3.2450705284254484 3.609009885236725 3.9836499095143503 4.364424372251886 4.747000241235704 5.142126017714271 5.537856856976333 5.91581788012916 6.25589420471872 6.538091106292425 6.750291947238537 6.89187224778882 6.971036763519917 7.001285931979507 6.991464757109116 6.956012075137581 6.910985914837353 6.855107372730048 6.782572973435924 6.68795461105505 6.5678477124815435 6.421362504695465 6.251826033444542 6.064159082111002 5.861308627318054 5.647249148914369 5.431515524159705 5.223910830894541 5.02041833264008 4.806531496994809 4.58820435598266 4.372470789990306 4.166170249929048 3.9847977989843764 3.8394405207687576 3.7358689435818406 3.670286845708488 3.6455676541988877 3.6713675566676236 3.7264788082897775 3.8057756585762146 3.905705360687572 4.022287609196825 4.151227144607795
3.336451652594458 3.7257025719780508 4.1245867733162065 4.529181958759663 4.933152619383263 5.341122039569246 5.7526610872863895 6.150371933264228 6.505027231224545 6.78445597605427 6.971126073825481 7.070048744220306 7.103184502536905 7.089254171002338 7.03970840239027 6.9680420304021755 6.889191856686014 6.8025962128502115 6.703918048870646 6.588595969665241 6.4534829825776905 6.297803881133502 6.124421952971398 5.934660886167394 5.727868094374402 5.511780571897212 5.2951482336159135 5.08718509509458 4.888949717600669 4.679916929238126 4.463399248825104 4.248980784944835 4.0465796701186925 3.8746684586458704 3.741258374978166 3.6522596200582735 3.6093644737777977 3.610004380892847 3.651539247230141 3.722653485765248 3.820297885866639 3.9409085869762466 4.080518602247256 4.234988844061643
3.442974471339522 3.845817620449795 4.2598122408627646 4.681506245989546 5.105948344299481 5.526652917350152 5.9571168980668165 6.381431963383092 6.762462882254885 7.047235914073575 7.199887621042314 7.242886463126718 7.218771149298146 7.155582292414639 7.065733902460373 6.960961997512044 6.854547414771497 6.744523681308557 6.626448918822806 6.495973715046626 6.350755468339365 6.19122749953401 6.0178370459601185 5.825205939014628 5.616596474464855 5.398897360474605 5.180155963279791 4.9691563262477025 4.77049919703445 4.5633224811444375 4.345202799098985 4.129070202768306 3.933179480946056 3.7723852646000506 3.651265511372164 3.57606321206954 3.5516775252741355 3.5721016667069447 3.626819339729707 3.713856184909921 3.830218598116187 3.9723523237549605 4.136299523703589 4.317968904593656
3.5599448151424227 3.9642651001527747 4.38307053288177 4.812641490269411 5.246210939929948 5.68288647258916 6.128920684417642 6.585037916092629 7.014678672370289 7.327340359114196 7.426500557191893 7.38598454112077 7.294896420964298 7.183251655734278 7.057939044670075 6.927691377184364 6.802237789148736 6.677167939804418 6.549908270506101 6.416822581625656 6.2731036385188235 6.117091289799622 5.943596307189403 5.749316630942196 5.539118370153992 5.319498813099715 5.098152274654353 4.883578214446622 4.681855184096073 4.473301793096473 4.252967889265791 4.033502897520971 3.8397103815890756 3.6828471687527116 3.5705316413417405 3.5091142059304525 3.4991387188337892 3.527938703535485 3.594948653346837 3.697400895188435 3.8323326039991357 3.996130753806636 4.184715247282157 4.393762416989597
3.6785553133247912 4.074072084361989 4.486469144928971 4.909193289452381 5.339286845307158 5.783354530616304 6.2391225063016345 6.712729536642715 7.203807116452735 7.629515859004728 7.592052218196706 7.447139577474584 7.299725206040308 7.153564876029799 7.00527046085369 6.862198445245439 6.730482620092202 6.607997211841241 6.487190540211131 6.3611351020054965 6.22468880632875 6.0746180374664025 5.901755780688618 5.707285545329856 5.4960456342596204 5.274507435941273 5.050310826829505 4.831876193741344 4.6258807622726135 4.414076318799445 4.192200276951327 3.971193830471592 3.7779683522909786 3.621832697490966 3.511239514806003 3.454568314495605 3.444992043655482 3.4757572672375083 3.5536774754275204 3.6705946150664115 3.8234251164380706 4.008357346745398 4.221022412281373 4.456668850847627
3.7886062536684215 4.1647991318318764 4.557824401417379 4.961928878027944 5.378840459159061 5.813806675360223 6.261223423553281 6.714121251659595 7.168646174439276 7.530523513528897 7.512547872890689 7.365889517817607 7.209313497491413 7.054470989129653 6.9020034449932135 6.766755664197346 6.65047339994965 6.544213824726642 6.439247365907019 6.327858962560514 6.20479743043141 6.06213524475266 5.892741334205574 5.699607846841317 5.48796823569845 5.264655532281739 5.03769490663444 4.816046737963473 4.606569895949023 4.390561397783432 4.165678181347066 3.9428136556414737 3.748255510582633 3.5911932031695706 3.4808653075866998 3.416085403545118 3.392392069810671 3.416223774345865 3.5009451591908203 3.6309929892658586 3.800616552329009 4.0055811049291075 4.241054386782081 4.501815170097519
3.876793046516453 4.2274082511817035 4.594939001061839 4.973728794489677 5.369692843796229 5.7794465241993045 6.192827393419091 6.593278180753021 6.945379955342201 7.180176717141293 7.230398539259468 7.1534387244992015 7.028960218010001 6.891252480292316 6.7609931948363435 6.654058974548608 6.5657279778846505 6.48645466311682 6.406607674663862 6.317622855187659 6.21337913274308 6.081013004509618 5.917784122573358 5.727520308398176 5.51650726541844 5.292524477847141 5.064127653417228 4.840267900384056 4.626974438206549 4.405031457851697 4.175037050623342 3.9498051196599353 3.7511298694982065 3.5913278229787995 3.4704367085016203 3.3868442419069855 3.3471119450775344 3.357703302213199 3.435941415933685 3.5766789558097165 3.7617277908459807 3.985172491606748 4.241479331234717 4.524995237206387
3.945875018752656 4.269491926903513 4.6079745752025625 4.957679236258717 5.3230535392831815 5.695236955685061 6.060760591128825 6.399463734429473 6.679404193115985 6.85749245663501 6.914547303291995 6.877573823630252 6.788318742388242 6.687522072399011 6.597558983342249 6.531898377478765 6.483088014004885 6.440845502829399 6.394834257250314 6.336042790638274 6.254817193532007 6.136754940379211 5.981829354167551 5.795370444462245 5.585396196256877 5.360976908810073 5.131349403783146 4.905681993712039 4.688012620819105 4.4588600416030175 4.221719666177677 3.9928934171254364 3.7879714293381275 3.612684829447621 3.469015146898477 3.363882694693473 3.30549238689558 3.3014872107253828 3.367113208739555 3.5074846958269896 3.7057355497146607 3.9458161224078347 4.220213365798587 4.522833730388084
4.011360046928398 4.307814679675207 4.615762829220688 4.934027308011854 5.263694847439325 5.593291399481505 5.908269434296836 6.189689652283915 6.413979501477897 6.557997638644622 6.611425776718158 6.587341795478755 6.526551940090368 6.463655184269082 6.423206342296931 6.408799710642436 6.408916109951003 6.412253456892303 6.408413737454021 6.3875344102142115 6.334072795744687 6.233426066910495 6.087288018849841 5.903964553858122 5.69445982581826 5.469617539116756 5.23932785453529 5.012787377670706 4.790108698281556 4.553092019294461 4.307564750829772 4.070823922372619 3.845779769009248 3.6446997617687975 3.4753615701613705 3.3452551178481915 3.2645171486952074 3.2438059811616724 3.295718252657508 3.4315261087949676 3.6337495481076223 3.8882090197031416 4.177142852831932 4.493603784840736
4.0763976219361755 4.345534113734827 4.622770488631125 4.90890080969618 5.201741871405312 5.489396198958447 5.758056280471709 5.991751473052146 6.1734561672263695 6.288767053725624 6.332042184862901 6.315121863048661 6.269144802155858 6.23572092887981 6.2520567532839335 6.296676493104453 6.350950021254359 6.404967991111558 6.450318473974276 6.474804575391632 6.454954681742115 6.373669442722978 6.234373218823928 6.0517722379622025 5.841746093194904 5.61694026082761 5.387340173161332 5.161689449805827 4.933210899862515 4.687918683088178 4.426584682012502 4.165417969830074 3.915865806030725 3.6879936718836936 3.4900394418815592 3.330892588896358 3.2224557180419207 3.1808091733862005 3.219868560974625 3.3515332294355296 3.5554927913677155 3.8159337358355883 4.115006662970836 4.438548553968104
4.142174455398511 4.3847680355010805 4.632398824499417 4.886905938411159 5.144120522424096 5.392773479301556 5.620609427878817 5.814665378111059 5.96259461143555 6.054887991168395 6.088516884523558 6.0780362768354745 6.033598706083463 6.012913131118018 6.10684541670147 6.211765657814492 6.317003029748063 6.421544790495108 6.5195893783762 6.59763501487469 6.62086009319457 6.558967782341734 6.419835620207162 6.233739073982992 6.022930302743756 5.800133075326596 5.574022883283893 5.349979207344561 5.108803816995199 4.843782582215329 4.559536766093563 4.273246015300932 3.9985029488637553 3.7442617324816396 3.516595812213259 3.3243647579214484 3.1805321672362745 3.1100535473838518 3.1394744001741497 3.2720636736638307 3.4797822745086657 3.7391918833270115 4.039904963788934 4.362806147355171
