_RESULTS/CROSS_VALIDATION_POSTPROCESSED_CLR/Berg/IZ/6comp/4/Berg_IZ_z_90_kriged_reverse_6comp_spherical_4.asc
ncols 100
nrows 90
xllcorner 5.6208707817415728
yllcorner 50.959635321741573
cellsize 0.00013419651685393446
nodata_value 1.7014100000000001E+038
[rows 38 to 56 of 90, columns 43 to 85 of 100]
0.42752380138151674 0.5797345724201923 0.7504197209349892 0.9310585422917136 1.122627724232024 1.3242022471135346 1.526964263806104 1.7201764041692482 1.8910245196933377 2.025603966685889 2.111983689846385 2.1425861436013314 2.1247747349972554 2.0841577154676916 2.059404684072927 2.0805099672422704 2.1238339569069438 2.172755380625418 2.2180800093248947 2.2575923060561753 2.283454514711906 2.2824250730330258 2.2447723190265885 2.1724140303345565 2.075893698904575 1.966662434028631 1.8537125140699766 1.7440133482951614 1.64358440339192 1.5456664669456206 1.4374872574917055 1.3178833944810275 1.191164400220367 1.0561124101605555 0.9149679045789852 0.7730572156837827 0.6362333609104787 0.5113293595690164 0.4047175141409659 0.3242299907917633 0.29176018287627536 0.3025915684657039 0.3531290792778753
0.37278403766677576 0.5116229138895552 0.6687390560003635 0.833073034231621 1.0071951385789888 1.1883522745079032 1.3680567847709593 1.536744507572466 1.684013879789636 1.7986165375304197 1.8700801557425122 1.8946122622630885 1.881812522689131 1.8392737868482063 1.8184717291246772 1.9048444771976116 1.9926715921416993 2.076288207544503 2.1599360164888197 2.241522870675774 2.3110788837548926 2.3476192834341836 2.3301728375418724 2.2639365116815124 2.1712640533392227 2.0684039955104225 1.964360022225925 1.8650807597272927 1.7738258369467368 1.6735334379835494 1.557442320570901 1.4279272229894473 1.289708656585006 1.147929723818364 1.0037182940059406 0.8584309659242271 0.7173056989326931 0.5877847085057478 0.47803897238030196 0.39618009827646355 0.3566890043011717 0.361586732672529 0.40461493338967447
0.308010062097516 0.440248695206532 0.5854228435495834 0.7353460417795364 0.8933865360035176 1.0563834622005441 1.2165676134448766 1.364837399849983 1.49174899443359 1.5890203214779481 1.6501438753254585 1.6780868665594872 1.6795758647726657 1.661420090325025 1.6739933799047777 1.7760825736298984 1.8888599674590612 2.002826796771487 2.1215809847661857 2.2439721014870333 2.363824772626861 2.453600261440349 2.4520275524813675 2.3790336313813842 2.286831825020674 2.1905485714507305 2.0946969008135543 2.001907640846797 1.9107392355400894 1.8031944507383164 1.6786124126496151 1.5390165183123778 1.3891118087537682 1.2355397542907522 1.087393074006939 0.9396030591591514 0.7950071765057269 0.6600164134652665 0.5443786889339166 0.46446333663512107 0.4223204774529141 0.4199734224547885 0.45315814751401845
0.23542232124940077 0.3641883579690763 0.50425485914203 0.6434184966899406 0.7866279695660109 0.9322037678713234 1.0731027706595748 1.2020152263764134 1.311929788869715 1.3967487679645054 1.4536696998172047 1.4914611595465006 1.5134657940879959 1.5345490498507006 1.5823734221599026 1.6724845624648095 1.7893490000926575 1.9200901467668046 2.0638328979525173 2.218353346542228 2.382317883339798 2.551753180756326 2.5513178026080197 2.469425853011804 2.3875072391118137 2.3043980595325335 2.220321604857893 2.13721501590991 2.0449254641543075 1.931355555043978 1.79846627703491 1.64886172771343 1.487463113773468 1.3223389343717724 1.1641347542731304 1.0145654467106002 0.8688726420802517 0.7308526976375256 0.6060094276621111 0.5315217844375667 0.4927432094846912 0.47976356336399034 0.5000867394603485
0.15601543269503626 0.283835641714568 0.42036948374071725 0.554054787722374 0.6837128838296102 0.8128106195528928 0.9364897045343679 1.0491120843223305 1.1452642728239946 1.220024346107664 1.2743494763978083 1.3177119113822657 1.3561200530052968 1.4011953421023706 1.4667837445704905 1.5619669388492565 1.6817931090500227 1.8193505407413153 1.9744597018308716 2.1428943322627436 2.3162199720516883 2.4655020587219956 2.5168838552609794 2.492922272355094 2.4490942377479614 2.3966578797004887 2.337059656065439 2.268368770144648 2.17468281694076 2.05568569800395 1.914509894953632 1.7551415505158476 1.58257514331109 1.40677356503773 1.238520805221044 1.0814304067099583 0.937166232888069 0.8032424098863848 0.6889631579082756 0.6102043532701855 0.5659707250423507 0.5420691222750413 0.5462884106251297
0.06877149199896493 0.1990542534313553 0.3341446115174175 0.4641252305104393 0.5857648867307861 0.7003972616851046 0.8089881523825613 0.907155633049317 0.9885615791660904 1.0495551650650556 1.099879428406128 1.1465983434325397 1.1960597357604024 1.2566747270472187 1.335765813947591 1.4369985527543339 1.558883478232966 1.6980649985891036 1.855518532923352 2.026005421824525 2.196316928506965 2.3403474318673654 2.430653479487497 2.4694947313406947 2.4774889013076686 2.466406653233891 2.439854938159183 2.3872745916786444 2.297758014895336 2.174180503460718 2.0245441264613504 1.8552554889512378 1.6718334899258367 1.486367053118674 1.3094721199055668 1.1448768758619918 0.9962044781472199 0.8672916034152971 0.7602781486603704 0.6813558202791935 0.6324948213519019 0.6034863318641226 0.5916206501066459
-0.016400524232607405 0.11791363592611004 0.25193175900985576 0.3781920916311889 0.49284864726205513 0.5966034959508993 0.6906790599897747 0.7711159453384557 0.8347655227615695 0.8824952427401962 0.9284413074942932 0.9789207342209346 1.0372238749713583 1.107638533524455 1.1941486006711197 1.2987514053933016 1.4207455959945 1.558313268313943 1.7141165672887122 1.8845544288606733 2.0580588169896536 2.2147128491919132 2.3388376304163887 2.4278116168006543 2.487389406900828 2.5223224127542965 2.52884889104559 2.4905194959661476 2.406994939745436 2.2831343818979577 2.125946923820913 1.9460380583596593 1.752196308727669 1.5581632343797123 1.3738937481082591 1.2032465376951005 1.0498887048468888 0.9176980320996602 0.8121224386325203 0.7351311767821417 0.6848899731265391 0.6524306855052471 0.6344673798692146
-0.08382031519055477 0.04910383404751928 0.179238177065848 0.30042396253381665 0.4069349335610344 0.5013716164491706 0.5768729319455859 0.6384847638150359 0.6860916591498147 0.7249919349646998 0.7692093704375107 0.8209687266078353 0.8827032333275325 0.9571182999457651 1.0464604332037222 1.1516500019697316 1.2718513343180213 1.405596347067752 1.5574395718788954 1.7302471136755009 1.913995787947281 2.0904821070632638 2.2471326929566775 2.3801214205680594 2.4888305584158164 2.5700609268040555 2.604054170454861 2.5809335838530227 2.5014517637247193 2.3746369563189633 2.2120988292115102 2.0234126496039684 1.8201563748434195 1.6188846316150998 1.428579845904573 1.2532084610844334 1.096124539116155 0.9605705972146336 0.8507983703293054 0.7702455056388632 0.7186380607628408 0.6841566438339433 0.663625494947299
-0.11556327623619767 0.005911476459086629 0.1272313372602657 0.2407422028176739 0.3375325305847353 0.41716264626024413 0.47623160250531404 0.5197553463318005 0.5533761445404344 0.5843058826778362 0.6238648414292636 0.6733124900920894 0.7342709927792865 0.8084967171222961 0.8973233520406622 1.0010950167132326 1.118784498596853 1.2486687327130315 1.3931864058621315 1.5720373132598522 1.7708657943114416 1.9677368690355923 2.1544843177553448 2.3274497516568475 2.4833857172681917 2.6039073249981763 2.6689934135312674 2.661265175507192 2.5801695474739352 2.4444815831215543 2.273497813787219 2.0792056692042253 1.8712298581728286 1.6651700314826576 1.470599594314605 1.2921377942871461 1.132659361097954 0.9948322975867148 0.882191727702535 0.797804442245736 0.73948485109163 0.6985297558287695 0.6741217547551427
-0.11626687389992951 -0.009189706416382282 0.10117289529191564 0.2052144071325348 0.28713614766634554 0.34957060182681354 0.39367377809646104 0.4212293400760679 0.4406956050758545 0.461409481774525 0.49312804336856103 0.5366848802139096 0.5932384272555501 0.6639902239698428 0.7498192868815559 0.8509299295554114 0.9666435974299394 1.0966840169777874 1.2470606065860177 1.4281484029239093 1.6323796146497043 1.844556697661166 2.0570386957036533 2.2651371859282374 2.4559239139456146 2.616816541763774 2.7244594514308034 2.7327808884934774 2.636636587446432 2.4837163830994045 2.3025810855617146 2.104182112908187 1.8990745964635882 1.6936447543243776 1.4975920615755525 1.3182083211355269 1.1581795436540134 1.019727639044795 0.9060195521469679 0.8198278361438228 0.7556415557587616 0.7079977229002954 0.6767753837692988
-0.09509926277297531 -0.00022670092646104312 0.09958000564080105 0.19035884520374113 0.2575268807626262 0.30373606706649936 0.33337486428459717 0.3457465140580689 0.3496948990273021 0.35774814551084233 0.378707419453482 0.4132144397837045 0.46215778480659037 0.5264777238921889 0.606938671869957 0.70393639397597 0.8174655981498079 0.9492314896017111 1.105800110601417 1.2892774135640226 1.4959105412905966 1.7183656897368054 1.949516977906768 2.1744261164850225 2.3876137892879967 2.5858808702390332 2.757774077256136 2.7876640504404824 2.6470660224880964 2.475585603091463 2.289593941588355 2.094145487663784 1.8970538920251714 1.7004854388809956 1.5080751021421919 1.330468232636991 1.172167394442763 1.0351282393517993 0.922424579034955 0.8355686741337716 0.7667111664273412 0.71403276732219 0.677586481406617
-0.05565019331088983 0.030850446698655776 0.12179449990461311 0.1987718987854067 0.25316314676778495 0.28390382070608267 0.2977304269003518 0.2948197069235169 0.2820269558610009 0.2750433313109466 0.282626751365495 0.3052955209235655 0.34379165938683776 0.39896814546839005 0.47165393635871733 0.5625370181155549 0.6721288620389616 0.80370081117349 0.9623087243206304 1.1477803901592631 1.3574730006233446 1.5839522313657177 1.8151407046286208 2.0428740424765524 2.2622653904134453 2.4692283640003705 2.651696550473023 2.6926381668380133 2.562649725414545 2.4022202289244974 2.227423066862073 2.0466573703301645 1.8641869764398609 1.6817329916803032 1.5008725022008402 1.3289488250761086 1.1748955149831213 1.0415243119109043 0.9320153731358304 0.8445210117096215 0.7726279025632856 0.7165275667607423 0.6764135554200477
-0.003628297846326678 0.08625657327805147 0.16852910362834939 0.2327353446598196 0.27466964499271396 0.2918699051421174 0.2886339961400374 0.2696414941639006 0.23932600892632416 0.2152223589736766 0.20715451545927033 0.21554104894811732 0.24103283868635117 0.28447942151181327 0.34685164902924126 0.4291382176808641 0.5322851558467157 0.6613481905833778 0.8193410815223854 1.0046070373021307 1.208948836599372 1.425923853397721 1.64928271223555 1.8707223957609034 2.08081250330095 2.268133662026223 2.406661658088073 2.447853859809851 2.3850449040956727 2.2654421155103868 2.1199913224152396 1.9639425113769746 1.8024938979966234 1.6387184029650408 1.474850017451684 1.3142282364126732 1.1674333655901568 1.0400290715774592 0.9352232244056203 0.8469680327261881 0.7736382310837974 0.7156692946280342 0.6733843808184086
0.048801876074797024 0.14726673586710537 0.23145735538070844 0.29096161803030696 0.322842965382355 0.32759415333271125 0.3077212127240845 0.27127720370535235 0.22316167293753597 0.18039011199076493 0.15480433752074907 0.14683429573286388 0.1570385739782657 0.1862881433328325 0.235733132470484 0.30669961018009717 0.4011815993206767 0.5239599528352494 0.6732354501916618 0.8463030598239198 1.0387268629385542 1.2445629891782324 1.4568208216735317 1.6667668601994192 1.8618210926760634 2.0279486089225482 2.145131479105105 2.1924967024175532 2.167248613552295 2.0882467061127405 1.9792583166341196 1.8530738366580706 1.7168833860606116 1.5751587818377248 1.4309942034095404 1.2867749551994394 1.151204226738226 1.0323463077509532 0.9311104563554161 0.8435349925300745 0.7702845749151845 0.7119129043256733 0.6688704449269253
0.10028519152181048 0.20589433186682027 0.29274928257496846 0.3537331885204352 0.38464095176619756 0.3833984981898601 0.3531465327144836 0.30027050010226675 0.2348534616609269 0.1728407042648421 0.1283831894070837 0.10242209501313737 0.09528809915058889 0.10746495303862269 0.13966241530080625 0.19275591606201103 0.2698623267823088 0.3757323558692484 0.5098560098237637 0.6696259955917668 0.8502039400475923 1.0448766110069352 1.2456333380707232 1.442977049393313 1.6244032323027038 1.7762590479020353 1.884847276425764 1.939281719717608 1.9383264509272047 1.8941829473074954 1.8192298074409763 1.7234400718672576 1.61403441843124 1.496087975170278 1.3732824997589916 1.2484280401752816 1.126725326490606 1.0184424145478421 0.9206233816714817 0.8351633005148457 0.7633810930405488 0.705955925357008 0.663463672159411
0.15223367207245575 0.25946087732575573 0.3489616763518917 0.4135128577298287 0.4452473350193174 0.4367966576082556 0.39861540522494154 0.33654410338146756 0.2576043692022246 0.17919819695676742 0.11602869435944263 0.07025983234966082 0.042021832265810355 0.03179124570035052 0.04051304290431623 0.06991148199297714 0.12633143618979759 0.2133602562713951 0.3314710342035695 0.4782881666219798 0.6482095320673954 0.8332248816842112 1.0241166016965189 1.2108315956809879 1.381555281231346 1.525056562959559 1.6308491517291364 1.6927407070584146 1.7131374638859103 1.6970458528024612 1.6516123374121086 1.5841875929632372 1.5010304909615506 1.4070922819089717 1.306236377598047 1.201522573772907 1.0957748010764403 0.9956354399331636 0.9042431038987071 0.8230611981883347 0.7539785662587002 0.6987089156558376 0.6579512763920037
0.20495206642036057 0.30833081109019356 0.395285144067331 0.4625166550057828 0.5010140774236753 0.4792157642088191 0.434412417324335 0.3669626291600828 0.2788714758625237 0.18580289902252145 0.10384422957481987 0.03782326011596493 -0.012365763198823654 -0.0463855040634632 -0.0632000017826404 -0.05883791880426947 -0.02591543404433383 0.039927512508499685 0.1413503772461574 0.27654721430093654 0.4384009555365099 0.616646228783401 0.8004926974460219 0.9795006151978913 1.1425776223567836 1.2808762409467285 1.3873575648181717 1.4600477413032507 1.4985324363409616 1.50532613647102 1.4850488260768007 1.443050231995132 1.3844419080605244 1.313676819956498 1.2344863500473409 1.1496720258899265 1.0569871604838665 0.9652545785429619 0.8813321904294139 0.8067890624893067 0.7430090818046486 0.6912612265834115 0.6532878366018486
0.2573311487269846 0.3536426063748699 0.4322162406317719 0.4895155104807762 0.5161865886207095 0.502393880703934 0.4576908378119069 0.3877856111514895 0.2960932356174125 0.1943139946942981 0.09427730532826528 0.008262727532864056 -0.06398247060654538 -0.12244994750907734 -0.16588585416677248 -0.1878221438558898 -0.18217008015863967 -0.14107087257669593 -0.05711601306219549 0.06930804913490674 0.2275077832424084 0.40295983541856306 0.5828744909232675 0.7567432318467531 0.9145403784314438 1.0508285513517792 1.162217090659166 1.2453193021212978 1.2989663494382864 1.3247595121702884 1.3258610891308533 1.306227204545054 1.2699562961006396 1.2208938470362374 1.162134131993579 1.0919250131875384 1.011676071320392 0.9290060545162829 0.8532607931858887 0.7861249752901474 0.7290571899208917 0.6833671189990347 0.6502435587908888
0.30843410868211063 0.39611666833044856 0.46432408821939425 0.5098600591076775 0.5269997557903068 0.5129676069343805 0.46977009175709405 0.399237142194899 0.305859722375992 0.20142901026969406 0.09004772362692182 -0.014873402489482879 -0.10832315010091886 -0.19068941109214466 -0.2588564155084607 -0.30884950574332315 -0.33517433542997477 -0.3252754795634931 -0.26046444896935217 -0.13685171788207795 0.02458237765007265 0.20147059938612422 0.3796713978180353 0.550314405919994 0.706950485565964 0.8448014534945519 0.9604137790898732 1.0517218189327528 1.117977692860434 1.1595966088371878 1.1788189435138385 1.1786408613772723 1.1623465707099303 1.1324095184771406 1.0876450021810828 1.0298448597420193 0.9616664868556176 0.8886555252236649 0.8215652244299554 0.7624066503174933 0.7126859966182943 0.6737664697035985 0.646892729070095
