_RESULTS/CROSS_VALIDATION_POSTPROCESSED_CLR/Berg/IZ/5comp/2/Berg_IZ_z_500_kriged_reverse_5comp_spherical_2.asc
ncols 100
nrows 90
xllcorner 5.6208707817415728
yllcorner 50.959635321741573
cellsize 0.00013419651685393446
nodata_value 1.7014100000000001E+038
[rows 0 to 18 of 90, columns 42 to 83 of 100]
-2.486400535137279 -2.514138501301329 -2.5367102156560986 -2.551251219164417 -2.555704632171385 -2.550809879726622 -2.5378121131226226 -2.510512695805142 -2.4654460286494593 -2.414635434346596 -2.3581438925748133 -2.3004783235347537 -2.2448812594465264 -2.192064245029405 -2.140741659661927 -2.0919214225025367 -2.047163852419868 -2.0080018749652084 -1.9762024305524617 -1.9530910181333794 -1.9397987538423012 -1.9329503529884011 -1.928787329434887 -1.9274251538617406 -1.9288203456958666 -1.9327744223446017 -1.938627052680533 -1.945180363228946 -1.951768624323638 -1.9576572883802972 -1.962038314269266 -1.964048488779605 -1.9640902533978664 -1.9640902533978664 -1.9640902533978664 -1.9640902533978664 -1.9640902533978664 -1.9640902533978664 -1.9640902533978664 -1.9640902533978664 -1.9640902533978664 -1.9640902533978664
-2.503722426609211 -2.528961850515394 -2.5471620310633396 -2.5574047215172584 -2.560851290271171 -2.555642692143157 -2.5410989135493702 -2.514804454559772 -2.4767583950739542 -2.4320668389484474 -2.382201478678951 -2.3269725773679992 -2.2659549343373233 -2.204178126254945 -2.143880278973052 -2.0867570384074865 -2.0344100238931517 -1.9883449667264448 -1.9502545736189494 -1.9217325727614818 -1.9039568914605862 -1.8956109600267188 -1.8911441150514587 -1.8903652907739061 -1.8932169357726498 -1.8994642619096156 -1.9083703439779738 -1.9186846620211713 -1.929668161491201 -1.9405033424867448 -1.9502996769274141 -1.9581154152630662 -1.9629762698841147 -1.9640902533978664 -1.9640902533978664 -1.9640902533978664 -1.9640902533978664 -1.9640902533978664 -1.9640902533978664 -1.9640902533978664 -1.9640902533978664 -1.9640902533978664
-2.515997606025077 -2.5402152977050267 -2.5547677286220356 -2.5570268199572928 -2.548872364833113 -2.5353589652418695 -2.518376860615708 -2.493594492696224 -2.4616973664486554 -2.4244284665910842 -2.3825268006317666 -2.332190913362269 -2.271856034689925 -2.20269216190542 -2.1338962191387627 -2.0688744790734215 -2.009287642759418 -1.9567106481479373 -1.9127092807757655 -1.8791037909149197 -1.8571972786367432 -1.8469001899466713 -1.8421705448149357 -1.8420844886640049 -1.8465673327147487 -1.855339028721435 -1.867525997540557 -1.8818516340833273 -1.897493583594296 -1.9135358166016392 -1.9289920469607114 -1.9428316054991106 -1.9540006422517076 -1.961438487010268 -1.9640902533978664 -1.9640902533978664 -1.9640902533978664 -1.9640902533978664 -1.9640902533978664 -1.9640902533978664 -1.9640902533978664 -1.9640902533978664
-2.5200881759515594 -2.5461103963424416 -2.559156048191045 -2.5521784101795526 -2.528931847315522 -2.4996326946274645 -2.4720407342451933 -2.4484195196854674 -2.4223458483825255 -2.392824548526168 -2.3551751093352267 -2.308067991903104 -2.2515942535082965 -2.185677253470398 -2.1112468190815585 -2.03877065823659 -1.9723142938608833 -1.9135448792070795 -1.86404591224378 -1.8256783254229303 -1.7999903868657285 -1.787582389913413 -1.782621603166504 -1.7833456314369127 -1.7896579224062552 -1.8012202120165626 -1.8169461440633794 -1.8355785802191344 -1.8561842244556301 -1.8777294196406633 -1.8991166633081351 -1.9192150606733496 -1.9368839104094597 -1.9509897018463047 -1.9604174305344932 -1.964077386890244 -1.9640902533978664 -1.9640902533978664 -1.9640902533978664 -1.9640902533978664 -1.9640902533978664 -1.9640902533978664
-2.5100881221777844 -2.542450374479543 -2.559809920599403 -2.5407697117239803 -2.496368321895121 -2.449253842104969 -2.409192891947337 -2.379405973780273 -2.359051438061526 -2.3337527507708304 -2.299814160346925 -2.2571274715194556 -2.205515732679453 -2.144779563695777 -2.0747382562814947 -1.997147916887406 -1.9241899578438417 -1.8595292961242333 -1.8048737486474609 -1.7620451983101273 -1.732902128453456 -1.7184375850655051 -1.7132641972317044 -1.714925518921971 -1.723295908925773 -1.7379385345712495 -1.757516910984438 -1.7808071192836057 -1.806731292447699 -1.8341148377246363 -1.8617313809258569 -1.8883380375601067 -1.9127007707926529 -1.93361098648253 -1.9498951354192702 -1.9604191689929464 -1.9640902533978664 -1.9640902533978664 -1.9640902533978664 -1.9640902533978664 -1.9640902533978664 -1.9640902533978664
-2.4847619651791915 -2.525252888194114 -2.563381585988584 -2.5191635639963423 -2.44346580168611 -2.3785156619094545 -2.3282764462329446 -2.293635566499721 -2.2691315925507385 -2.2476862696354303 -2.2191584695329953 -2.1822544737385825 -2.136561751800425 -2.0817773557069135 -2.017706484060649 -1.944257813415182 -1.8658227194938692 -1.795527139731707 -1.7359332560994472 -1.6889227787704586 -1.6566029566443186 -1.6402607159997762 -1.6348758947066093 -1.6376153934422448 -1.648313453435823 -1.6663501039921307 -1.690171331556904 -1.7185385935622888 -1.7501940787779358 -1.7837941513437197 -1.8179641058875895 -1.8513378150962323 -1.8825833943990284 -1.9104175924682616 -1.93361198267937 -1.9509937036348641 -1.9614428987511052 -1.9640902533978664 -1.9640902533978664 -1.9640902533978664 -1.9640902533978664 -1.9640902533978664
-2.437796411767872 -2.4680863529012984 -2.498906036507646 -2.44569754170883 -2.362514886203835 -2.291591377364603 -2.236262021543794 -2.1947783254927975 -2.1614866924593454 -2.1376132053126837 -2.116424126405561 -2.086782609696117 -2.0480781848452865 -1.9999677160609117 -1.9422866387968776 -1.8750331787666552 -1.798355644448654 -1.7226083105257575 -1.6581971808176768 -1.6071741464635132 -1.57187652452871 -1.55386107717394 -1.5482433788688548 -1.5522220974021665 -1.5655743374619475 -1.5873624740979237 -1.6159083274906911 -1.649855854419421 -1.6877218662961508 -1.7279606290692737 -1.7690290466343859 -1.809428803626361 -1.84772943917435 -1.8825776465789559 -1.9126976892161378 -1.9368867198422577 -1.9540076179787542 -1.962980993727355 -1.9640902533978664 -1.9640902533978664 -1.9640902533978664 -1.9640902533978664
-2.367532778889274 -2.3684163495033643 -2.359351855378163 -2.3171476683498033 -2.252891274516286 -2.189698966279016 -2.1367735726180364 -2.0902858107501814 -2.050222563641428 -2.018537453957791 -1.9967155881828231 -1.974579908787459 -1.9438546359398539 -1.9030300347499185 -1.852023336452288 -1.790962842184752 -1.7201689084230134 -1.64207942956999 -1.5728476305055583 -1.517826484896872 -1.4796296785581728 -1.46006260629215 -1.4541607899117368 -1.4595706289629877 -1.4759758572617607 -1.5019500610093985 -1.5358211498485674 -1.5759543488613015 -1.6205834811774646 -1.6679237540717446 -1.7162457372191997 -1.763915359458894 -1.8094092718157486 -1.85131478981174 -1.8883215142783434 -1.9192093481603483 -1.9428357042107764 -1.958123378119133 -1.9640497459254513 -1.9640902533978664 -1.9640902533978664 -1.9640902533978664
-2.2847867588680786 -2.2578510844187187 -2.2278558348048825 -2.185299793716338 -2.1328401792856306 -2.0802356688359267 -2.031111439863652 -1.983251044752599 -1.9396374977592603 -1.902668216552379 -1.8745810450608542 -1.853644973968489 -1.8281421148914818 -1.7950232595500728 -1.7507981230234104 -1.69573923387454 -1.6303787499732971 -1.5554733324936643 -1.4813050377158117 -1.4220995621953931 -1.380906851147956 -1.3597060439435404 -1.3534281151315746 -1.3605094803698425 -1.3803699839876633 -1.4111888237370533 -1.4511407701956252 -1.4981866955959 -1.5502067401507018 -1.6051399417410406 -1.661060041740618 -1.7162038649495124 -1.7689707772758696 -1.817907575119474 -1.8616879389502095 -1.89909145791413 -1.9289845678259248 -1.9503042337419596 -1.962044442674459 -1.9640902533978664 -1.9640902533978664 -1.9640902533978664
-2.199280937159126 -2.150068812539682 -2.1064192075231154 -2.061325389973243 -2.015198726615185 -1.9711283817114487 -1.925101984164923 -1.878101399590153 -1.8331439897006594 -1.792811389699391 -1.7595692537923038 -1.735684623402141 -1.7111346609486946 -1.6805381193086604 -1.642802765650595 -1.5930142219747014 -1.5319132769824129 -1.4609005126229453 -1.3841997935959618 -1.320745551969659 -1.2766992657843932 -1.253654819655881 -1.2468497751383891 -1.2559177921908806 -1.2797421093005934 -1.316313799578727 -1.3633031220505898 -1.418126415539739 -1.4782297953037293 -1.5412481820831303 -1.6050648671897125 -1.6678113306601103 -1.727839175669653 -1.7836834951296772 -1.8340272599857426 -1.877670512554213 -1.9135052116613087 -1.9404953094118758 -1.957661218817444 -1.9640677915468747 -1.9640902533978664 -1.9640902533978664
-2.1230354472005315 -2.0521188136664357 -1.9954756331894858 -1.9474907869671352 -1.905807164362829 -1.8673101995820818 -1.8247101282797102 -1.779688968355768 -1.7347007993068955 -1.692269180453274 -1.65499840548739 -1.6251797335543077 -1.5985100983552472 -1.5635545934516082 -1.522188414163763 -1.473954758009214 -1.4145484815070208 -1.3455109076833354 -1.2689664424078249 -1.2014636512634032 -1.1558597775851764 -1.133412814998564 -1.129851342155598 -1.144599076467203 -1.17515658140157 -1.218817713971843 -1.274054264032487 -1.3376574179438754 -1.4065644904427348 -1.478106974523681 -1.550015685405381 -1.6203658689108036 -1.687508096618178 -1.7500049100971073 -1.806579259086171 -1.856074789698078 -1.897426048825109 -1.9296363727238734 -1.9517615183939938 -1.9628975161955269 -1.9640902533978664 -1.9640902533978664
-2.0507858927553033 -1.9604624876264423 -1.893409824981928 -1.8444010725003162 -1.8078741634485715 -1.7738927694581768 -1.7352330010487924 -1.69277684321058 -1.6484020493587117 -1.6035274719869492 -1.5581250826744042 -1.5161039423495053 -1.4802284017431497 -1.4386263478290036 -1.390015617842694 -1.337290968276748 -1.2784385308776698 -1.2099260174931206 -1.1341045391868463 -1.0618912159884724 -1.0136375809570886 -0.9902959449074391 -0.9904298263332028 -1.013776047578855 -1.0574528063601716 -1.1165409407941544 -1.1852783286996091 -1.2590937041699604 -1.3374660447045121 -1.4178232130263897 -1.497831872106874 -1.5755920074432195 -1.6495170470700682 -1.7182438061042833 -1.7805681730725726 -1.8354000509192383 -1.8817319013183653 -1.9186166863304348 -1.9451522642121983 -1.9604702304394706 -1.9640902533978664 -1.9640902533978664
-1.9776531717098014 -1.8703991437313836 -1.7983501989244068 -1.7530525272116362 -1.724104419620444 -1.6957248397951634 -1.661652279495279 -1.6217065389805074 -1.573265999023583 -1.5183644817463293 -1.461383444678329 -1.4068343306513338 -1.3591724529248594 -1.31012915050464 -1.2535255555043237 -1.192388424568351 -1.1295350093170182 -1.0600745502223947 -0.9831480037116138 -0.9062303035019283 -0.853035632964043 -0.8266153127584901 -0.8297340049965252 -0.8630978919623413 -0.9225130584634291 -1.0005696788435157 -1.0894196225466346 -1.1822640376255567 -1.2735897440749093 -1.3627540311939321 -1.4505696377054464 -1.5352716607970893 -1.6154099674401796 -1.689742651514043 -1.7571677900748683 -1.8166793608641734 -1.8673383318314365 -1.908253359323209 -1.9385676602811226 -1.9574499193763526 -1.964087880192117 -1.9640902533978664
-1.8913634422163206 -1.772637532707367 -1.7068874662290696 -1.6754068884318603 -1.6591334262578015 -1.6383393869112286 -1.607668595502032 -1.5618799419789373 -1.5037514602193147 -1.437727010051666 -1.3685859181983269 -1.3011760225849343 -1.2402805151075604 -1.1825843873979403 -1.117280208024638 -1.047141405087075 -0.9752190012163637 -0.9025339312357255 -0.8226726031041414 -0.7400583995697214 -0.677859399270252 -0.644784125804531 -0.6497709999484305 -0.6956379739349416 -0.7749228784708411 -0.8754672222544126 -0.9865661564331527 -1.1004120003753242 -1.2113632849462066 -1.315096053098523 -1.4103480426128572 -1.5011713354884901 -1.586670822491814 -1.6657601589118987 -1.737456860002285 -1.8008468221642575 -1.8550622466115363 -1.8992674926580393 -1.9326497646346015 -1.954412828789632 -1.963772679215482 -1.9640902533978664
-1.783226878440494 -1.6594139640530488 -1.6158774645841758 -1.6099734062889683 -1.613064543855094 -1.602727144602008 -1.5689262350659408 -1.5138346193146046 -1.4442519463694652 -1.3656874945137472 -1.2833842774357573 -1.2025266857268948 -1.12814470145977 -1.060101525946054 -0.9855374003500554 -0.9061648152599588 -0.8248790396110883 -0.7445099860565836 -0.660800962905518 -0.5711893891112496 -0.49448948207177024 -0.44840604861594935 -0.4526505721012568 -0.5160557553548086 -0.6219307628027397 -0.7488876785452194 -0.8835723926046002 -1.0183189963319255 -1.1481267238797586 -1.2692207255565524 -1.3784373851366754 -1.4749304807383474 -1.5646362595227923 -1.6474038802769484 -1.7223671899074762 -1.788697453937484 -1.8455906638569748 -1.8922596562501972 -1.927929052059647 -1.9518319097307035 -1.9632074537086284 -1.9640902533978664
-1.651507359405268 -1.5401932027891836 -1.546367058827308 -1.572555507889652 -1.5907704092656132 -1.5799863803603298 -1.541499560607276 -1.4794955506363385 -1.3985638654242494 -1.3055173248917775 -1.2087277138996044 -1.1136716224651542 -1.0255764307345043 -0.9461429595082931 -0.8619723939245816 -0.7735913462668138 -0.6837509456878665 -0.5948695249223064 -0.5069382625086287 -0.40936085360811236 -0.3154964544646035 -0.24571330591022966 -0.24067140893686179 -0.3347005880305445 -0.47652757123367895 -0.6315588889208066 -0.7885318612938323 -0.9421359790912687 -1.0887203671358885 -1.2252430557137233 -1.3489500343811698 -1.4572560356375173 -1.5503926752373824 -1.6355560459486738 -1.7126294735736334 -1.7808470233523819 -1.8394504707991848 -1.8876867786395508 -1.9248065024458016 -1.950062749645203 -1.9627104802959292 -1.9640902533978664
-1.5443881712734322 -1.4909581381895483 -1.5459963564086208 -1.5852067027180612 -1.5978233316494967 -1.5769386673293604 -1.5273998939491038 -1.4545145494858462 -1.363380649798049 -1.2588493047502953 -1.1466590460825414 -1.0366194073458554 -0.9346219229789405 -0.8433092083355631 -0.7493818089489352 -0.6526244031255977 -0.5558149114348285 -0.4611108025073889 -0.3693750935089164 -0.26779076500397414 -0.16495962320754742 -0.07042792087613714 -0.020031485667479476 -0.18498678909695765 -0.360204583961224 -0.5360309668554248 -0.7093780438744033 -0.8774001797381499 -1.0373507944235825 -1.1865706449805233 -1.322486276049868 -1.442606641653283 -1.5445173365029556 -1.6308036472022405 -1.70872426478275 -1.777696845844498 -1.8369825999983729 -1.885842826175899 -1.923538884927583 -1.9493321804285144 -1.9624841484416709 -1.9640902533978664
-1.7761699333974397 -1.6561930291133402 -1.649669300841973 -1.653678862925893 -1.6394538161386376 -1.5967744191104174 -1.5288427601781556 -1.4403043678208534 -1.335841929258993 -1.21999748994415 -1.0971696899112988 -0.9725219375170324 -0.8565377698527075 -0.7532019456521384 -0.6494553409007897 -0.5450712870890582 -0.4429766725139719 -0.34564613214170326 -0.2516393945034765 -0.15558311202445507 -0.06493230248934845 0.003451444951011684 0.0028368666881739557 -0.12094737067271666 -0.2908202332330063 -0.47062321619367187 -0.6511441998751317 -0.8277417554574693 -0.9969358173780922 -1.1557026303658668 -1.301266823992184 -1.431019414782306 -1.542476077864742 -1.633386256486426 -1.7108464169029725 -1.7794088224663256 -1.8383240441543838 -1.8868455434913272 -1.9242287804351275 -1.94973063226302 -1.9626090039811275 -1.9640902533978664
-2.020847702535463 -1.8835608649549025 -1.813871970354331 -1.763548046567532 -1.7092919701212124 -1.6360664611822604 -1.5440351937329932 -1.436189981053544 -1.3161045969401126 -1.187554073472897 -1.0544310783561022 -0.9207400408055659 -0.7918138496799458 -0.6763083602512174 -0.5623590112827612 -0.45066149380199416 -0.344827858854031 -0.24567800591355837 -0.15337008500994842 -0.06940452027363886 -0.0041193966487371725 0.024676797913389503 -0.006598641901413238 -0.10957061221625652 -0.26065969776192754 -0.4336008905311155 -0.6140321364550418 -0.7941219570954665 -0.9687592005554195 -1.1340535047816478 -1.2867430485620814 -1.423933784746671 -1.542969565299685 -1.6413596676115176 -1.7188898879975145 -1.785894903178677 -1.8434003387386846 -1.8906309554100387 -1.9268204716231343 -1.9512090010652543 -1.9630413200037655 -1.9640902533978664
