_RESULTS/CROSS_VALIDATION_POSTPROCESSED_CLR/Berg/IZ/5comp/2/Berg_IZ_z_250_kriged_reverse_5comp_spherical_2.asc
ncols 100
nrows 90
xllcorner 5.6208707817415728
yllcorner 50.959635321741573
cellsize 0.00013419651685393446
nodata_value 1.7014100000000001E+038
[rows 40 to 59 of 90, columns 0 to 43 of 100]
2.983053649311935 2.8172417066543707 2.6545038480158323 2.4993184479489496 2.3569773921821073 2.2339061027863507 2.1203428492165464 2.0103652122086855 1.913586907400386 1.8359726698422216 1.7886586566113811 1.7705894413795278 1.7732292606846136 1.7883669716784696 1.8089263861641292 1.8290586596384362 1.8440286642495791 1.8515385668953717 1.8521170182594502 1.8449402313897956 1.8314135544306334 1.817786847539813 1.8211520063020057 1.8783404522725835 2.031026902031981 2.258058628396755 2.499178480689542 2.7233611601653065 2.920490572801682 3.084450648867394 3.2162156504470527 3.31976002509103 3.399695864392459 3.460318709156416 3.5053712134639605 3.5385941330398816 3.5669289689996497 3.6035271304198275 3.659973110108475 3.7331583558738526 3.8173750871300625 3.9097201092027456 4.006680597660662 4.123230095972204
2.972430810117097 2.810540325597057 2.651574069307924 2.499386330349668 2.3585120000663995 2.2347512723659535 2.1231366473088746 2.0155120420013786 1.9252109943148876 1.8624745467946373 1.8379277374207423 1.8433055385044086 1.867674742077662 1.9025866517182117 1.9418057104253768 1.9806689235526078 2.0157134310030047 2.044750467135747 2.0700654621882246 2.093869341505401 2.1198378037454093 2.1560509656780162 2.217042031471169 2.322672430871072 2.486129953449441 2.6923889607245433 2.904780725257882 3.099731740196289 3.2669680742641303 3.4020332194550864 3.50745468152327 3.5882788111154817 3.649299089569933 3.6943834410530965 3.727357189888889 3.755684013770314 3.781583745518474 3.8202365406755145 3.8785532050105584 3.9530765897280435 4.0375299017099495 4.128709653034152 4.223704934685127 4.341091985038105
2.966342837324286 2.809391489912077 2.655129696256814 2.506535238431261 2.3669430991444096 2.2407549141424483 2.1273206829268885 2.0169011789065423 1.93012567506636 1.8880213597049877 1.8943949260151585 1.9294936997171335 1.979428055556149 2.0365089594061905 2.0960793881225355 2.1550307171285628 2.2113162436329006 2.263911690723186 2.314724054256696 2.3690925983132924 2.431611443674279 2.509681769690005 2.613348831827075 2.7522975691870077 2.92861272825333 3.130363628785709 3.334227496423498 3.5068009515363343 3.6408268364994516 3.739515172231642 3.8113552869775082 3.86381595700751 3.901709461948866 3.928579364640851 3.9521622107714154 3.9744658999902915 3.9964319626586144 4.034248628134071 4.091775918791796 4.165437557871744 4.248387340943517 4.336985868292275 4.430172567190965 4.549005167287795
2.964793407544531 2.8143579625536863 2.666696591616906 2.5237859896661963 2.3874950831196267 2.2601050983508775 2.142536069345358 2.021622210417309 1.9274521798419801 1.917196650871357 1.9664631457686403 2.034998833103101 2.110747981625947 2.189359892660622 2.268509506247829 2.3467334917695153 2.4232567460213223 2.498107900834091 2.572861784477504 2.653960245925357 2.746612248867832 2.8568135576961877 2.9912481850641957 3.1547330703095744 3.3457675817327766 3.5584577136001228 3.767921781753403 3.926697112612767 4.022354805249867 4.076719434584375 4.109931405578724 4.131423179824144 4.144868761000344 4.157274653562153 4.171590855793472 4.186955158207902 4.204026677099685 4.238928946218392 4.293686161129526 4.364708779806883 4.444765969544703 4.529532910852826 4.622080619716188 4.742720829407808
2.9674428303374665 2.825629703928626 2.68744032558027 2.5538829986708853 2.425561568454137 2.3030612707370572 2.1869011309241757 2.060032374826023 1.9191727612730474 1.9800775024632338 2.0732634020835587 2.1682052693612395 2.2640305012929884 2.360030858028529 2.455584314992424 2.5502941790977074 2.644171617806436 2.737839042080074 2.8327780253290085 2.9347523654869905 3.0496302919077247 3.181991006639974 3.33636724848039 3.5156720846350202 3.7228851810629573 3.9572080198901953 4.191272086461266 4.344789871025604 4.384984270828689 4.387170071789554 4.382082053988955 4.374977032444072 4.369470083485051 4.3705560299878625 4.376440605785093 4.385272574630701 4.397179344552373 4.427829140547625 4.478397880815962 4.545268615510686 4.6213180395345885 4.701170968902924 4.795572238352451 4.9182157738289405
2.9733830495292426 2.84267170681848 2.7175624556147433 2.5980546155637576 2.483969924684181 2.3758085389556403 2.2755687135011935 2.1824363113427423 2.111659299873151 2.1426088928959204 2.2315814183666616 2.333338058944483 2.4389042991940606 2.5457815553642504 2.6529583913109187 2.7600564751179055 2.867205162328223 2.97509182299138 3.0850461444516895 3.2011683625047604 3.3297432703175023 3.4740886007004077 3.637170216491988 3.823210186217122 4.039790001832721 4.285424079488678 4.555013507427016 4.726516480618042 4.674792525935449 4.636992244469783 4.606292517801413 4.580543453625663 4.564998275659468 4.558458975060139 4.558275199849812 4.562071645010494 4.569260833766289 4.594935217698255 4.6403742243611275 4.7017708454436375 4.772954208097489 4.848835410488174 4.947375410798069 5.072175865295082
2.9810212386775694 2.8641280963798303 2.7561641453259615 2.6554494739339196 2.561167428058937 2.4747222653009464 2.401035727196357 2.35046301121798 2.3269775875921503 2.352621558071819 2.425662250290953 2.522133054490143 2.6289821868151053 2.7405739205809527 2.854401976343341 2.9693757032932737 3.085219963039692 3.2022701802433824 3.3213893353139814 3.4451329553539782 3.5793454888768608 3.7261693851622835 3.888870753472316 4.07446157840976 4.282108865795745 4.505466137243605 4.7216444866406215 4.843206668042059 4.836900566267052 4.80220953506203 4.76831948386431 4.74000296512155 4.7222737240309085 4.713035713004322 4.7100039677330185 4.710904160474936 4.714446824893887 4.7348377237147785 4.774547172094975 4.829590075111724 4.894899237607744 4.971609020340947 5.074796628201611 5.202154713655877
2.988115354169171 2.8882621272570232 2.8020313350504296 2.7239713383588042 2.6526462142551233 2.590490774304735 2.5431933523162003 2.5204205151350094 2.5269832157873973 2.560255760449542 2.627998510731973 2.719158314818303 2.823941038133447 2.93625094423065 3.0526652851540046 3.1713524769397403 3.291445817298625 3.4127131016671126 3.535352873938729 3.6605827171446252 3.7932813268484953 3.9370505321947955 4.096924320460524 4.271838446068763 4.4570889048883435 4.641019571051073 4.798100553491992 4.890323040111609 4.91398551523602 4.899089031573821 4.87129286651531 4.849289919771756 4.836123197323679 4.828850539685912 4.826182528333189 4.826421780534486 4.827857856336507 4.842831621414338 4.876384456855712 4.924485914313015 4.984057328668163 5.067176977062591 5.175634875338499 5.308524003753365
2.9919377055062824 2.9148462055934035 2.855637876377637 2.80214372371067 2.7539094884999837 2.7142834018093547 2.688796568678659 2.684537417965128 2.7080917539302973 2.7524977536704167 2.8215087210063574 2.910434005525115 3.012960604717676 3.124038776132881 3.2401893968809508 3.3591729354322513 3.4796068772254354 3.6006662188801246 3.721841464686648 3.843353929731553 3.9730886667682923 4.113980796285757 4.265134712380421 4.423531728385284 4.582683257058152 4.730779673695884 4.849706243984391 4.923452288689504 4.954353640527767 4.952417608078224 4.934743918255949 4.918682158874586 4.908008270709091 4.903167336598747 4.902935226015599 4.904367627128987 4.905544693657774 4.914935421960364 4.941900518019853 4.982510689004149 5.043081200979973 5.133541223775843 5.248017629751347 5.390385949593449
2.989505784858462 2.953650108122165 2.921641057256547 2.889618487571791 2.860957005244362 2.839813463874031 2.8310196357121145 2.8396413568845253 2.8698494592214967 2.9233993364103323 2.9966479407225415 3.085740364789304 3.1867091553601816 3.2957500687693715 3.409768412560144 3.5264291205347362 3.6440038085217195 3.761164921066279 3.8785556135245685 3.998616277401647 4.125433624972341 4.259296745700426 4.398194814795339 4.538204173627063 4.672735605960506 4.792042370237088 4.884042665631193 4.943548404799536 4.973402358295288 4.976863389340226 4.967920555693382 4.958036330974805 4.95033603676 4.9459049198385685 4.94441244810836 4.944637537411459 4.944810282572326 4.948262450023799 4.967722683877409 5.004434526049557 5.071788230255688 5.16896089580315 5.290839268418628 5.4460936337157335
3.0771244576094245 3.0295359299257543 3.0037787877579287 2.984466552237584 2.969791843417133 2.9623540636585943 2.9656349491227 2.9830630765261397 3.0172101205398043 3.0696212025022556 3.147069189288473 3.237631473969313 3.3376378289491253 3.444273866310935 3.5549188084925576 3.6673720832359322 3.7814082591926477 3.8968519195365334 4.0131132320461695 4.129989059410573 4.25082004976216 4.375090827123685 4.500197381816747 4.622031652001782 4.734689700105012 4.830582064164362 4.901766533570111 4.949783556924375 4.975215332284941 4.979793730179288 4.976265008575601 4.9708783466634765 4.965850434574046 4.962221439094721 4.959988298337686 4.95836366364099 4.956006609172319 4.9528084330959095 4.963953748150797 5.005649499642614 5.079532290226318 5.183389706014599 5.31577066173058 5.4863842798810705
3.184387359028276 3.1337982384822882 3.1038937560215887 3.086219550099396 3.0776262191717825 3.0781755640043813 3.089199211759907 3.112284520237246 3.1485560671617154 3.1982474734363153 3.2683217617435694 3.36037628568818 3.46020443383508 3.5655552908140167 3.6748059276910436 3.786544078651078 3.8995858897258393 4.012898282770116 4.125458448709335 4.236752564976837 4.349645183139353 4.462965738282099 4.57389963056387 4.6785399554153 4.771844668724786 4.847913462114434 4.902915426026421 4.940917726331358 4.960631749225179 4.963869324903003 4.9625074235179225 4.959445646571209 4.955870836621149 4.9524854460805985 4.949316432411477 4.9457923352131195 4.940865305350176 4.934127314837634 4.947855807903592 4.995214226713067 5.0748080858722355 5.184744888392289 5.326626571408422 5.51224505170873
3.292794978409332 3.2458987772117345 3.2156473736513793 3.198509807018949 3.192068559322939 3.1956017757796555 3.2094124938912634 3.2341253541475536 3.2701443811053315 3.3172775168607442 3.3775126902275767 3.460869095501171 3.5619956879714496 3.6680760686212355 3.776930190049605 3.887218033083781 3.9976702975326357 4.107047063154595 4.214039277349838 4.318206272282626 4.422022612662699 4.523802982907239 4.620754777163079 4.709323474211325 4.785255134151247 4.843878921861976 4.886714435951411 4.9157505054665895 4.9292352183619155 4.929631253584384 4.927719393330391 4.924852569558533 4.9211613703358 4.916923756757132 4.912044281546799 4.906012418580856 4.899211619862189 4.902456620929278 4.922481527266414 4.974023066404252 5.0578485232023915 5.17246688528839 5.32224018675167 5.519692805586866
3.400202414990965 3.358874246806188 3.330974839599803 3.315242069524879 3.3103310675769584 3.3155046681041846 3.330576812517136 3.355582838279723 3.3904370827333468 3.434674172493321 3.4875278194846007 3.557339810128863 3.6465787854332383 3.750760607267835 3.8585232491385133 3.9664021978200656 4.073089490840628 4.177228613350413 4.277346384555536 4.373536770746356 4.467691793129678 4.557794864642374 4.641197492314657 4.714725927920514 4.774775558729944 4.819088372188586 4.852269081086559 4.873140625590839 4.880245755737134 4.876639110387267 4.872210708883915 4.867460189934004 4.862016225382863 4.8555718434619575 4.847849580209397 4.841144897468178 4.844672226736111 4.860465520400337 4.889765136578807 4.943484888471377 5.0293685191557005 5.146273839717653 5.300689807568676 5.504916150109313
3.504626777055867 3.4694271129602807 3.4452079427565923 3.431723568189724 3.4283671365964583 3.4346139073682043 3.4501253254555646 3.4746370166291913 3.507777214078413 3.548906144321056 3.59702133440632 3.6539374459382463 3.728007728456828 3.8167885929591634 3.9167765631324145 4.021439370061085 4.123506614674526 4.221486269154239 4.3138408962769805 4.401768923843937 4.4860328428672345 4.564572132250779 4.6349361115394565 4.694307219840734 4.73967034112499 4.773953376282853 4.798653452801528 4.811998744778149 4.812749401171291 4.804162472385157 4.795662560341649 4.787242062987439 4.778421558775769 4.768546977835259 4.763630870255601 4.767812890789463 4.782643161672984 4.80949782750201 4.849586380030703 4.905721303541584 4.9909431374297055 5.106879264164001 5.260846594394101 5.4636834550627995
3.604236221304712 3.5752536977344906 3.5553029688704645 3.5446005934026767 3.5429736013649613 3.5501115128705676 3.5656760449118314 3.5892829410640124 3.620418973620792 3.6583518218159194 3.7020696091471574 3.7503044176735423 3.80914051753391 3.881581824465456 3.964287533420833 4.053836766171874 4.146788830950923 4.237913583602434 4.322193725057262 4.40176167015461 4.476122047062393 4.543340906323561 4.6011803300560805 4.647136218975673 4.681400926312444 4.707829674053967 4.724933885602291 4.731277384774705 4.725786163122162 4.71140325767532 4.697534934944788 4.684140898602785 4.674763900859678 4.671846806193329 4.676645553370812 4.690606206176491 4.71508337607838 4.7513116790666245 4.8003942540519295 4.86329969623153 4.945362986910636 5.056731201404066 5.204403080912497 5.3946375183149256
3.697331219784611 3.6744570316332745 3.658986548757715 3.651344660395094 3.651600187317658 3.6596045007630282 3.675072800940322 3.697597488014291 3.726616225870319 3.761365359271311 3.800843300041338 3.843798798152 3.889759742628825 3.9459294723511094 4.011433986311506 4.082985379946296 4.157313213938883 4.231188943508341 4.302641486696773 4.37224572052832 4.4367930088580305 4.492997138714349 4.5388021656100985 4.573271927173729 4.6005538555835415 4.619976819514607 4.63017808604302 4.629962701628616 4.618442724221638 4.599437726314456 4.584445553197828 4.575096348226966 4.572333557888359 4.5769881123484515 4.589748166891847 4.611782224843191 4.644217475623953 4.688091705701134 4.744323338867433 4.813682996348696 4.896753914262881 5.00031775382295 5.136271863856065 5.301814293102856
3.7823248955598734 3.7653626358602974 3.754389599428132 3.7499177380626105 3.752146514079608 3.7610383723044327 3.776372528880216 3.7977645956181796 3.824657927091031 3.856300775283103 3.8917230921236676 3.929723344641391 3.9688743986075585 4.009754694288159 4.05823133791523 4.1119243803755765 4.1677315250247995 4.222709604236417 4.276927391643598 4.329586824392181 4.378051019096739 4.419648987856976 4.452463884651245 4.479669172112958 4.500903404131711 4.515007555239036 4.521141473053815 4.518855246967851 4.5081332510674885 4.491109775808901 4.478814971007071 4.4734539241742 4.4756753063146295 4.486177769096944 4.505253674309454 4.533739556127333 4.572521985807073 4.622411588716989 4.684097521600141 4.758096094359464 4.844678564039147 4.943775640152859 5.059403831049575 5.195449288360988
3.8577251907550636 3.84644068873685 3.839879593683093 3.83858125069392 3.842812814041262 3.852610060587446 3.867811412167693 3.888075569930473 3.9128824613617383 3.941522513050462 3.9730798161954968 4.00641277046165 4.040136646383122 4.072627474305879 4.10472168369924 4.140749888589004 4.178145426081867 4.215154444112696 4.252729949996785 4.288908474303746 4.321306096194826 4.348202250551914 4.37216779794134 4.392650298739679 4.408460914059885 4.418624510286583 4.4224442384368166 4.419552839559307 4.409943662306417 4.394605785103695 4.383783007746149 4.381057466431981 4.3868359248820505 4.401648148869126 4.425545342304722 4.459006908506659 4.5026824937963985 4.557150320369203 4.622861789908773 4.700076213419117 4.788772681421234 4.88417438810659 4.980175285569709 5.086108856949483
3.9221198575647565 3.9162655843185576 3.913976396316792 3.915789176968688 3.9220029465654016 3.9327007059413344 3.9477707175166303 3.9669206812626467 3.989682712837407 4.015409757330229 4.043263569698071 4.0721901761612225 4.100872341236339 4.127655834891094 4.150539992383098 4.169538480221175 4.188643152642156 4.20904381697142 4.230320683523928 4.250495379864443 4.268628265185365 4.2865755101276575 4.303300026716118 4.3176248424072 4.328515351508162 4.3351349016390754 4.33689308852443 4.333483011157737 4.324903395491119 4.311482031405243 4.301062006320586 4.299792763109419 4.307880297014042 4.325672469933076 4.353071294799296 4.390214045930529 4.437530836143628 4.495382988035893 4.564004620301322 4.643434538177034 4.729382419488915 4.815274063953498 4.8988236198474375 4.982503967506454
