_RESULTS/CROSS_VALIDATION_POSTPROCESSED_CLR/Berg/IZ/5comp/2/Berg_IZ_z_355_kriged_reverse_5comp_spherical_2.asc
ncols 100
nrows 90
xllcorner 5.6208707817415728
yllcorner 50.959635321741573
cellsize 0.00013419651685393446
nodata_value 1.7014100000000001E+038
[rows 0 to 18 of 90, columns 43 to 85 of 100]
0.45297958277051453 0.42074228155861093 0.3859138545517772 0.3473733817898499 0.3052192685913039 0.2599577060022301 0.258608157144942 0.3281275271389337 0.3942830159773558 0.4561382319683924 0.5138584426609878 0.5672424321825501 0.6156663769461823 0.6598190467533502 0.6986991230390494 0.730874989147883 0.7565806154084453 0.7833609327945842 0.8121597333547732 0.8427969859254985 0.8712403894205233 0.8933501672066541 0.9087365628487799 0.91712250627042 0.9183408139975743 0.9143273873012644 0.9096815056974049 0.9050108463726052 0.9008361569831707 0.8977302874484925 0.8963052011948917 0.8962755927290265 0.8962755927290265 0.8962755927290265 0.8962755927290265 0.8962755927290265 0.8962755927290265 0.8962755927290265 0.8962755927290265 0.8962755927290265 0.8962755927290265 0.8962755927290265 0.8962755927290265
0.4055418076494518 0.3777329407301495 0.34753191476196654 0.3150817927976337 0.2820757749851064 0.2566861916025799 0.2667572340585731 0.31916865701349295 0.383291860571226 0.44754484918737825 0.5082063073242646 0.5651269617640069 0.6198943049457026 0.6708978892461818 0.7165013349840845 0.7551443334058978 0.7853423979274679 0.8118552519989553 0.8400495038415831 0.8696692810602981 0.8984507626435743 0.9205795917273494 0.935370637863802 0.9425543052574116 0.9419871895196484 0.9357774750570744 0.9284652776418548 0.920678673030822 0.912997216812655 0.9060522369239508 0.9005113740751769 0.8970653363975591 0.8962755927290265 0.8962755927290265 0.8962755927290265 0.8962755927290265 0.8962755927290265 0.8962755927290265 0.8962755927290265 0.8962755927290265 0.8962755927290265 0.8962755927290265 0.8962755927290265
0.36064937380929707 0.3409648304045386 0.3179389671586801 0.2928085286879264 0.27164043954137884 0.2641127116261147 0.2809256476049745 0.3237397898009714 0.38158436373765026 0.4446021542937113 0.5096787383737882 0.5739798010771446 0.6346657601770351 0.6915156681091168 0.7430507586583771 0.787510011328665 0.8232543880844316 0.8506830407877386 0.878245480246528 0.9068309464294594 0.9351586527641067 0.9568905852021233 0.970649729576556 0.9761714499754309 0.9733387706389467 0.9647335265570589 0.9545775587014322 0.9434884084246908 0.9321154825328037 0.9211579953574667 0.9113466259825416 0.9034284872039238 0.8981555269373719 0.8962755927290265 0.8962755927290265 0.8962755927290265 0.8962755927290265 0.8962755927290265 0.8962755927290265 0.8962755927290265 0.8962755927290265 0.8962755927290265 0.8962755927290265
0.31612162966524593 0.30885415589012377 0.29448649173399155 0.27557012554336835 0.2619085745383397 0.263138156677727 0.2852528890801602 0.32664635747953885 0.3818748844074681 0.4473796885324399 0.5182188463561042 0.5897099351126476 0.6581694228357833 0.7207939425717192 0.7776677385999953 0.8274251779483591 0.8682505058822998 0.8986478783932005 0.9256632017680297 0.9532867731906558 0.9806975389479724 1.0016401088562672 1.0139385862176273 1.0173328357147984 1.0117401237447892 1.0005914351758416 0.9873822195081904 0.9727741244413094 0.9574999473330805 0.9423377478343817 0.9280892586324294 0.9155631646309448 0.90556305301405 0.8988793912289013 0.8962847142670075 0.8962755927290265 0.8962755927290265 0.8962755927290265 0.8962755927290265 0.8962755927290265 0.8962755927290265 0.8962755927290265 0.8962755927290265
0.2671742945276332 0.27949105739619773 0.2729443799453899 0.2552433295975183 0.24549480164713255 0.2523375048384078 0.27847657016514293 0.3227347720413424 0.3826724647145059 0.45402574443273536 0.5313976864060308 0.6101845919069275 0.6865216315299292 0.7570885522345875 0.8194420566259741 0.8741461506515067 0.9197103937829005 0.9543043416136718 0.9811590052388203 1.0080000793309056 1.0343137789752894 1.054110049447783 1.064533107570936 1.0653299055015586 1.0566028200770616 1.042722992753222 1.0262117120062186 1.0078331172015693 0.9884199201142793 0.9688415422741191 0.9499791099684814 0.9327074770573551 0.9178834601442781 0.9063390311994242 0.8988781587721022 0.8962755927290265 0.8962755927290265 0.8962755927290265 0.8962755927290265 0.8962755927290265 0.8962755927290265 0.8962755927290265 0.8962755927290265
0.1996158129747423 0.2493287432229374 0.242441481034671 0.21969621891294144 0.2151858125128141 0.22981603420464547 0.2622679530563975 0.3136787207475552 0.3826391663344769 0.46212913097811625 0.5473331478591082 0.6340144079460364 0.7184014905279534 0.7971281158811911 0.8671408401535156 0.9267824940350771 0.9768744447157222 1.0156114501867242 1.0435528767300968 1.0699112824576855 1.0951767166706434 1.113515289608168 1.1216654505075239 1.1193879673859761 1.1073544776125364 1.090466737880541 1.0703561480146955 1.0479144164138279 1.024094095696767 0.9998697647960281 0.9762099213444565 0.9540587870418212 0.9343261057027168 0.9178827539038905 0.9055602159997306 0.8981523992928865 0.8962755927290265 0.8962755927290265 0.8962755927290265 0.8962755927290265 0.8962755927290265 0.8962755927290265 0.8962755927290265
0.0827052376275802 0.14759729397418486 0.15782991566250892 0.15307146274062033 0.1653290558007594 0.19397737322447062 0.23886629895325717 0.3022236872388052 0.3811172474884926 0.4706395816049287 0.5649199531129063 0.660189737975216 0.752935172807057 0.8398864750129675 0.9179832391744797 0.9843361315004564 1.0388651081949831 1.0816265785662549 1.111649011831375 1.1379554509831131 1.1623906166244893 1.1790136235188848 1.1845100506464075 1.178666850965898 1.1633516982458199 1.1431144984116028 1.1190478545848601 1.0922032534187813 1.0636765223339903 1.0345616186138302 1.0059207528372418 0.978768031049686 0.9540628618817563 0.9327096616996873 0.9155611729212494 0.9034235418558094 0.8970619874922621 0.8962755927290265 0.8962755927290265 0.8962755927290265 0.8962755927290265 0.8962755927290265 0.8962755927290265
-0.08410162437361413 -0.027461055430437087 0.02191809915187637 0.0597304998881546 0.09990201961925593 0.14836812315611303 0.2112140280242374 0.28885453251734916 0.37916676057442444 0.47940829586564204 0.5837453245729073 0.688101279392392 0.7894372828924662 0.8846677001038874 0.970799065929686 1.0449165061470402 1.1046918767502776 1.1514720088519255 1.184248243257081 1.211075373951119 1.235006657090879 1.2497164943983397 1.2521893825695376 1.2423177460551322 1.223903682739417 1.1998912286708816 1.1714393355979351 1.1398001109202538 1.1062388594983334 1.0719816377615863 1.0381868985392964 1.0059345996523674 0.9762262448110248 0.9499908239274378 0.9280933084418911 0.9113437202558892 0.9005057289151864 0.8963043099582069 0.8962755927290265 0.8962755927290265 0.8962755927290265 0.8962755927290265 0.8962755927290265
-0.2670645493079926 -0.18961043769485708 -0.10822756846309511 -0.036175728134154816 0.03112415943185165 0.10189320553934123 0.1833670029646184 0.27577122769079376 0.37803197449627657 0.4883430903026713 0.6034692243996791 0.7174353055089059 0.8273660657715619 0.9308010760439099 1.024860092877481 1.1066409133500879 1.1732199967490982 1.2241387518218223 1.2601460347946873 1.2882260094126372 1.3120331317645397 1.3246996165793123 1.3237778745521651 1.3100962474070283 1.2882476443862738 1.2599242478801862 1.2265716701656146 1.1896927574018017 1.1507486010362193 1.1111047962821616 1.0720113225454861 1.0346029278938962 0.9999098415257502 0.9688723398800022 0.9423556168603437 0.921163297589746 0.9060490064314067 0.8977259427978411 0.8962755927290265 0.8962755927290265 0.8962755927290265 0.8962755927290265 0.8962755927290265
-0.4255903710078506 -0.311818609377424 -0.2080443411570314 -0.1148478741651382 -0.028046577827917085 0.06214770089375432 0.15988804578767235 0.26577362622767553 0.37929213986072663 0.4991779172269345 0.6236108645689746 0.7473868685055172 0.8662056659335694 0.977585484537675 1.0796912188991281 1.169493386756425 1.2436421458837192 1.2995825615154089 1.338849586387582 1.368591154487867 1.3924417417935844 1.4030127417392553 1.3983249593164016 1.3814350292929718 1.3555080200615262 1.3221955702337536 1.2833293317421468 1.2407198469157477 1.19604380696916 1.1508018241322948 1.1063185605679058 1.0637626250924135 1.024172543935314 0.9884820071774552 0.9575417087218089 0.9321371794946995 0.9130029117533247 0.9008333705524794 0.8962915167569712 0.8962755927290265 0.8962755927290265 0.8962755927290265 0.8962755927290265
-0.4558028675608523 -0.3655704476074493 -0.26500358873279617 -0.16630862007647096 -0.06879062369179723 0.03443660830747097 0.1444199041404277 0.2612419891784664 0.3843596271627817 0.5126926955013684 0.6451834926461095 0.7803127844895121 0.9115472892610018 1.0351819781574056 1.1480330642469276 1.247357476298459 1.3297406858346306 1.3917505260260463 1.433799443698167 1.4642700937630537 1.485015926265533 1.4893299864057847 1.4779114232046786 1.4556146301445125 1.424626562090486 1.3854673508961461 1.340376748135698 1.2915260034421232 1.2408069190601774 1.189828203100596 1.1399543842175417 1.0923548025643657 1.0480485250124976 1.0079408992137722 0.9728517067446633 0.9435362862933597 0.9207012092509879 0.9050158840261037 0.8971211677686419 0.8962755927290265 0.8962755927290265 0.8962755927290265 0.8962755927290265
-0.4173691316578023 -0.36492409978183726 -0.28300718726304086 -0.19004825157608063 -0.08913146543043982 0.021027788006284798 0.1389373833931562 0.2636304185628474 0.3951845410798419 0.5353009648278176 0.6814865893948636 0.8304259357382916 0.9750920318041787 1.1110205232666945 1.2347335820114025 1.3432778050700394 1.4338003424758852 1.502647521068297 1.5483155157841075 1.5808795263005573 1.5987541090837272 1.5963500362727672 1.5766369397911155 1.5427319076027932 1.4985201488812092 1.4485177479704348 1.396073439122131 1.3405124196265663 1.283544283096668 1.226823217518376 1.171696212685656 1.11928804751025 1.0705651336286204 1.0263811097171855 0.9875087854604679 0.9546624416389963 0.9285134680959412 0.909701426118393 0.898841959444552 0.8962755927290265 0.8962755927290265 0.8962755927290265 0.8962755927290265
-0.3733884724974572 -0.3414239074663288 -0.2758250340102073 -0.19130600805474263 -0.09113189578710279 0.02162275864592722 0.14402657319690582 0.278571169768254 0.42422057291862547 0.5780093477119446 0.736967077125061 0.8980665479934793 1.0551137885980137 1.202428059387606 1.3365956022346488 1.4541945497755164 1.5525798879916648 1.6284195462615063 1.6792240094692843 1.715310390090768 1.731216246685705 1.724207944145717 1.6952752493756078 1.647787723219563 1.587438621331613 1.5202641013419547 1.4515783109571234 1.3857966660887628 1.3225848408307956 1.2603291445976366 1.2002807815628054 1.1434678040841582 1.0907706448463974 1.0429704973387766 1.0007805675461547 0.9648665696440974 0.9358604097587784 0.9143694927461056 0.9009831684567626 0.8962772751814073 0.8962755927290265 0.8962755927290265 0.8962755927290265
-0.33988150792472993 -0.31471189936710586 -0.2561577738713745 -0.17646357238404886 -0.07829025498198128 0.03596745132873713 0.16831844658915618 0.31533304065373735 0.47339422491990546 0.6391877575280792 0.8095207549652763 0.9812481705767393 1.1492863811152156 1.3067744689641452 1.450280923023238 1.5764702354360223 1.6821801719852307 1.7648534424936337 1.8224789615075614 1.863469668486867 1.8814592095454155 1.871236446013203 1.8311902814991536 1.767056893318149 1.6879457021237152 1.6019653503294284 1.5151883560797326 1.4321597318291832 1.3564914212422516 1.2888437048856118 1.2244557497512396 1.1638420353738073 1.1077727112633422 1.056944296801302 1.0120048334717389 0.9735695355830998 0.9422308193900677 0.9185649054790466 0.903136273087142 0.8965007326855264 0.8962755927290265 0.8962755927290265 0.8962755927290265
-0.32567672400762393 -0.2981048126337187 -0.23816691527660883 -0.15704842065287083 -0.05424715133724134 0.07128479786992525 0.2141195578655719 0.3716562183050238 0.540312276230386 0.7164848465104696 0.8967451147102088 1.077767151751008 1.255084770241341 1.4212444002711795 1.5725741988307325 1.705871314106262 1.8180112561113 1.9065875266652381 1.9722835347612862 2.021611553081668 2.047216656133808 2.0354864073287136 1.9806030126637595 1.8949051029231683 1.7941036206070482 1.6882394364848494 1.583332493768346 1.48351460745088 1.3920425164318049 1.3117289629478925 1.2430588517181933 1.1794631432078702 1.120786148761139 1.0676419159945114 1.0206179650983112 0.980284287120321 0.9471989310047286 0.9219115913330228 0.9049659810322082 0.8969014417263884 0.8962755927290265 0.8962755927290265 0.8962755927290265
-0.3288208394750116 -0.28884448956087927 -0.22258432654849813 -0.13597179528584102 -0.020274950820574622 0.1190020297703317 0.2757820252750769 0.4445778350304782 0.6222143549968606 0.8072400411437567 0.9960078396546721 1.1849672132272675 1.3698741927884257 1.5429709789492738 1.7002208415488407 1.838479218493999 1.9548899646622857 2.0472325313144797 2.1213002223175064 2.1815561192876594 2.2222076008118616 2.2148550046311826 2.135676328257613 2.021599751363017 1.8977669640502908 1.7727977101773806 1.6510947166726149 1.535876109870051 1.4299135593400156 1.335756116848307 1.2558132421058166 1.1895609412163317 1.1291855119752994 1.0745453393627131 1.0261834225519528 0.9846372946209694 0.9504408112438927 0.9241252809942911 0.9062202033424124 0.8972537643606663 0.8962755927290265 0.8962755927290265 0.8962755927290265
-0.32940982361599946 -0.27542652315146277 -0.2037910434171002 -0.1057296055268877 0.021972101666209998 0.1736375904964993 0.34344479201608624 0.5258593715290497 0.7156019515599542 0.9085650938823882 1.104517976386486 1.3001097984470846 1.491017634627057 1.6692092514338643 1.8302151991982494 1.9707577898910587 2.088677296305101 2.183544666006888 2.2605697395875763 2.3258024033416866 2.3820607511661844 2.4044481957140897 2.272189229853053 2.1313466812561535 1.989462585525088 1.8494306755356473 1.7139629197547575 1.585680777156218 1.4671181332918928 1.3607204767788523 1.268847601974848 1.1937793143876216 1.1325546613154907 1.0773138847485524 1.028416698638084 0.9863868585199326 0.9517480566072829 0.9250239414293667 0.906738130588358 0.897414219292612 0.8962755927290265 0.8962755927290265 0.8962755927290265
-0.2893013812126233 -0.24882379769016305 -0.17381742335954664 -0.06739634617647217 0.0700796346115028 0.23259267570698072 0.4141222399693195 0.6089365674804539 0.8115183779876732 1.0164996705401061 1.2193771270406277 1.4204480070391452 1.6159622002900214 1.7974893653748327 1.9604418359322766 2.102136562905647 2.2197614853813867 2.3117778576209815 2.3832280105431343 2.4382685962189687 2.4738233654675854 2.457381363465581 2.3512600839855953 2.2108813756333716 2.062671738119899 1.9139433985655308 1.7687406649130293 1.6302485484466578 1.501289922792092 1.3844737946144914 1.2822562492560765 1.1969737287029434 1.130723755107901 1.0758094134705511 1.0272030157773655 0.9854358596803421 0.9510371936174692 0.9245348492639028 0.9064556535053192 0.8973257046327899 0.8962755927290265 0.8962755927290265 0.8962755927290265
-0.24851247409307686 -0.21518490381960587 -0.137414831094534 -0.02487134825732018 0.12077055380223767 0.29290325186235666 0.48507419021427234 0.6912638632084522 0.905696380441392 1.1227223921521658 1.3367420987447347 1.5433246399759422 1.7429893895211972 1.9279330792971583 2.093032936037811 2.234287198648201 2.3464400404223067 2.431910265979206 2.4912170436382866 2.5264892745817384 2.531524760827339 2.4903713750177046 2.3956579093705366 2.265009552923736 2.1179472393831666 1.9655165289290588 1.8140821265043265 1.6680249558261355 1.5308070618966676 1.4053963553554747 1.2944575354649117 1.2004503207631365 1.1256865387455797 1.0701071025372828 1.0226047958639277 0.9818370887307991 0.9483535766171387 0.9226975045624287 0.9054075837745655 0.8970192199878485 0.8962755927290265 0.8962755927290265 0.8962755927290265
