_RESULTS/CROSS_VALIDATION_POSTPROCESSED_CLR/Berg/IZ/5comp/2/Berg_IZ_z_1000_kriged_reverse_5comp_spherical_2.asc
ncols 100
nrows 90
xllcorner 5.6208707817415728
yllcorner 50.959635321741573
cellsize 0.00013419651685393446
nodata_value 1.7014100000000001E+038
[rows 38 to 56 of 90, columns 43 to 85 of 100]
-2.418652053769714 -2.3044148562066793 -2.2049772591032086 -2.161711190449557 -2.1964952748099593 -2.3054227642948257 -2.459340198209615 -2.625299006176368 -2.76293809744976 -2.8262305316961833 -2.782933523629881 -2.616629898106888 -2.3230240098046466 -1.9886508979330542 -2.0667510955600914 -2.8230059305016897 -3.87950357727418 -4.953481844293934 -5.947326301237521 -6.821846311876818 -7.551056762839947 -8.081310056027757 -8.38273060127352 -8.487121150986424 -8.452232033763256 -8.331908237977476 -8.161459795115357 -7.960970332121683 -7.741866767985922 -7.493350515740952 -7.138369736135096 -6.630457457705699 -6.007365310243566 -5.295281908877893 -4.620520355452138 -4.03491984761009 -3.553042258804839 -3.1816544803980333 -2.976924460340695 -2.9812337534125115 -3.205137668211994 -3.5724226094247427 -4.020915797871629
-2.7304996482726622 -2.599538250148907 -2.518648633475249 -2.5002704791364954 -2.572714453785777 -2.7269004652380637 -2.9325363663095168 -3.1421633236613795 -3.311950439001274 -3.3971504245946376 -3.3493344958168425 -3.114955356126597 -2.600438011739103 -1.8412664733242936 -1.5251420274878913 -2.736035729429073 -4.013174361780447 -5.181630001438571 -6.2260340365814155 -7.139647539123475 -7.905241118164977 -8.443536223756993 -8.697887689151093 -8.717722401131958 -8.607493990201048 -8.443288445773028 -8.264738469257896 -8.085147878926913 -7.896235357681208 -7.684046984142562 -7.380866119647401 -6.889933067846288 -6.2118240696343445 -5.4018909228252845 -4.610513584695425 -3.8993030161428757 -3.3083925680100963 -2.836271178558758 -2.56156991424126 -2.575733134172027 -2.8646143551996874 -3.308999044480213 -3.819519085115296
-3.022789678506544 -2.886457182917826 -2.8529530181398037 -2.879064878157986 -2.9969948203763135 -3.2064416303841936 -3.463533154255565 -3.7355170569516627 -3.98363096167295 -4.156713545155234 -4.192027671862415 -3.9794827263272294 -3.441766911208269 -2.6863344925373305 -2.415040133334953 -3.410448749381968 -4.58070608663491 -5.677993309242387 -6.678585075447376 -7.572654237995213 -8.34812716741367 -8.903598360668338 -9.055408163639989 -8.911740204140282 -8.687435900000104 -8.464885742209013 -8.277992077863487 -8.135946695831795 -8.0227743772675 -7.891618191147847 -7.659970332565347 -7.170020823700085 -6.41298885692441 -5.4927385332317105 -4.583195117709674 -3.7527322359913784 -3.0410848104446218 -2.4422008442338057 -2.0320246176683368 -2.085603159922796 -2.4991587612615436 -3.0283365811654512 -3.587547764537701
-3.280499162422808 -3.155877336232934 -3.169172705456329 -3.269353349804442 -3.4436463942417515 -3.695466829441261 -4.014137940173344 -4.375130187037709 -4.7443576484808005 -5.071728692546006 -5.273669632024026 -5.190339279880181 -4.793579318286374 -4.310788321546206 -4.19937059598652 -4.69332741264928 -5.519441292178088 -6.4145508667380895 -7.269181098288614 -8.052327551524904 -8.757622994128933 -9.365341665838509 -9.313642300336035 -8.95519578851016 -8.617138417034885 -8.33862140838405 -8.14797103030288 -8.057501813407038 -8.053505082081347 -8.079152987422445 -7.975787631550199 -7.485879124769102 -6.605563827523147 -5.543777457936859 -4.52402540314058 -3.6067039384027524 -2.815212558480309 -2.1368714657999854 -1.5151677217272126 -1.6842171816812788 -2.230347560254704 -2.798265406440273 -3.3684374653873146
-3.4907066593103564 -3.3907166070819192 -3.44893495474353 -3.6203080115088446 -3.857075027647082 -4.162660994476526 -4.546441677094632 -5.006866322047508 -5.521874332574582 -6.054113446234209 -6.48700882013427 -6.6166376672097105 -6.3550146994299475 -5.959166558022295 -5.8098700754621495 -6.050505605557387 -6.589725514114948 -7.258178947294914 -7.920065677056197 -8.502124682096662 -8.978997269571252 -9.254843261169514 -9.12612443043088 -8.7349129053109 -8.331876721187871 -8.010301701994665 -7.818183879338376 -7.781183950305762 -7.901073267017308 -8.119852429239454 -8.268199722721098 -7.82345288627806 -6.7312685263792655 -5.509402210212909 -4.401467946174893 -3.449322626147878 -2.665684440928041 -2.0584519682186713 -1.6643410840693542 -1.7301876760291406 -2.14938672448394 -2.6617399199656364 -3.1914227684831915
-3.643191053862273 -3.574342636759267 -3.6747947036438835 -3.890405553970564 -4.178565360329786 -4.552848258668351 -5.012403823513551 -5.56113011933208 -6.21002713417721 -6.9473100142236435 -7.661826722649243 -8.128411701939685 -7.889392425970325 -7.3947208471011265 -7.146514151260467 -7.23302144592997 -7.590245869834298 -8.083649234943703 -8.563296424633613 -8.91015432031746 -9.082199700667871 -9.03307254753098 -8.739429692711687 -8.288945677186378 -7.8241038703736745 -7.452011876291333 -7.24243469962902 -7.232258557911866 -7.4157975624267785 -7.777015631579042 -8.28470397798726 -7.949815614078714 -6.571820658026736 -5.28173898907203 -4.174380963932877 -3.2545754707072945 -2.5392272344353337 -2.060614542940785 -1.81833714086461 -1.8669649695826365 -2.172607423770621 -2.600088157156851 -3.060158634802695
-3.726271684873989 -3.68928349440231 -3.8139873941300193 -4.05849849399415 -4.382681350950903 -4.8060018865688665 -5.330520572528504 -5.957676869658854 -6.694024354767073 -7.543213063534665 -8.445577018411093 -9.424197096623521 -8.985168203886023 -8.375673086008604 -8.087639755525448 -8.114316316347695 -8.394007371367383 -8.805757060837239 -9.167292035243625 -9.293249927522984 -9.145228351355565 -8.788782508624157 -8.277983632588263 -7.6907493121315635 -7.1223599609078345 -6.666395609812577 -6.389233099053221 -6.334977455072096 -6.50517675838897 -6.843314122958414 -7.172333488099827 -6.894792373678989 -5.900433635120516 -4.78966527695245 -3.805769506851501 -2.993422043978825 -2.383619080814794 -2.0157728728386397 -1.8757168158819475 -1.9438650105501292 -2.2010502725481658 -2.5623568737883167 -2.9615461455409484
-3.7307604459772024 -3.715888949188302 -3.8493649370382883 -4.111169073213713 -4.452520292317255 -4.89937273659021 -5.451160925242904 -6.109458954397509 -6.875367841011158 -7.718121574572386 -8.526128175313435 -9.116735642024288 -9.079082926325603 -8.748056058009977 -8.564098690371297 -8.620560914207578 -8.906347683006134 -9.343448685746145 -9.722865782466053 -9.646121705633155 -9.136725226409881 -8.469753412848352 -7.731980821494387 -6.9722459651169615 -6.247370275511738 -5.638230382663456 -5.235675704554424 -5.10518682760358 -5.233672510461944 -5.506838003795396 -5.714705785786321 -5.540798328305533 -4.914477371675762 -4.102598772189218 -3.318075226232567 -2.6608174861246807 -2.1790678723578774 -1.9141249531193003 -1.850215273025831 -1.955243688640132 -2.1996479113532024 -2.5197382341595094 -2.872041858481486
-3.648905460503581 -3.638340056589128 -3.774022726792947 -4.040060329739591 -4.3803375057906795 -4.822291084704158 -5.367352377644456 -6.011663870441064 -6.749586233915355 -7.512171404286876 -8.179938094631352 -8.628028273852795 -8.743940410045896 -8.656080477680161 -8.614137299989206 -8.729054481696648 -9.035495081282154 -9.523253691069137 -10.13578636753776 -9.821542306565757 -8.899411162338433 -7.985499110207213 -7.054613646568445 -6.116200767901244 -5.20560348662411 -4.398823569706904 -3.8231094577411158 -3.608758526877004 -3.7426449833621893 -4.041587852595543 -4.285327361769634 -4.24242333959452 -3.881277738250605 -3.350028288158477 -2.7775570042484388 -2.286531616130114 -1.9377821652356433 -1.7735434435292432 -1.776822578724778 -1.9170335990520448 -2.1662425127999425 -2.463693945795315 -2.781957925603479
-3.4718680097096 -3.4558095078228366 -3.586726945970597 -3.8435782290699216 -4.16547253800021 -4.58050235098063 -5.096763341125103 -5.70572927538701 -6.388422231538028 -7.067942016278395 -7.636809825422246 -8.028649439704937 -8.207928361428632 -8.239241184334977 -8.284895969670725 -8.424960867216955 -8.691403467854306 -9.064305837187753 -9.387084038176324 -9.062447146434593 -8.201054680919624 -7.241854640719312 -6.225445041967018 -5.168662771675753 -4.090935820350852 -3.050434585826689 -2.217057662793544 -1.9230010828248316 -2.187635210419363 -2.627400875875108 -2.9826293822316616 -3.070906620086432 -2.9294649882218153 -2.6332797660503187 -2.2557429733533465 -1.9156291594825061 -1.6904294578137982 -1.6206516716042412 -1.6859387259514311 -1.8568223109631172 -2.111191632768346 -2.3974628132812352 -2.6918874328525764
-3.1991523122948045 -3.1723682403423643 -3.291560871813141 -3.524123544713075 -3.820395069169699 -4.200114365645509 -4.678082548361809 -5.2385331863868 -5.863841410385012 -6.476182090879403 -6.977477735582282 -7.332436045235369 -7.528272889221235 -7.597180787434423 -7.657389028012945 -7.766038142234802 -7.9326162971398215 -8.108565402116383 -8.144018562372041 -7.8286099721181515 -7.162233184263896 -6.301893643820228 -5.317155023490792 -4.232711329768858 -3.062234698435906 -1.8181637820257597 -0.5756179021021235 -0.17631123247915426 -0.8148495841811094 -1.441923906898609 -1.8972951115446002 -2.099530243380455 -2.125030702102687 -2.011409267177049 -1.806094107194941 -1.591839085531045 -1.4715423549299285 -1.4846443190654506 -1.6030589825280848 -1.7999654505937286 -2.049785154381653 -2.3299540704810027 -2.6070724804661394
-2.841121984939829 -2.8004314109885557 -2.9035083703140234 -3.1026260469384113 -3.3694718964514823 -3.7103206906104225 -4.143427286828619 -4.652490193396979 -5.230616014919863 -5.790260992399722 -6.240831008620175 -6.561041739244219 -6.745001925698185 -6.807326506199189 -6.829135452131876 -6.868501567090464 -6.923943487532677 -6.953241340957893 -6.866119740075684 -6.5664267682775765 -6.0307173653037465 -5.30385336600323 -4.427646047207277 -3.4161784959487633 -2.289594275059784 -1.0648937914322114 0.180164876639056 0.5928686960917422 -0.0330066882683524 -0.6510663082862687 -1.1011787730548352 -1.37379517050918 -1.5055958741649815 -1.5208247549852756 -1.4537712699483953 -1.3496784977900287 -1.3116190446625424 -1.3916996832074393 -1.5512870808022179 -1.7618862951556487 -2.0035964994576547 -2.2721120507020798 -2.5350380645362627
-2.4265079457012715 -2.3700741777266403 -2.444018447681537 -2.597633565968798 -2.8270766006959267 -3.1348179772512594 -3.5244321590955527 -3.991290173170661 -4.529251422282814 -5.0489952236720885 -5.458690710703841 -5.743220801816408 -5.898420049933252 -5.932556248943138 -5.886677799178063 -5.837872391502998 -5.792943335683309 -5.732066054092055 -5.605405310969941 -5.352324042483537 -4.936732010767798 -4.357653597525534 -3.6318130599118286 -2.77623612050597 -1.8203989593065262 -0.8334273248243611 0.0036799097949389292 0.3404326984419441 0.13285182766808656 -0.2660634147329688 -0.6243735465968001 -0.9008220713858535 -1.0821577935408428 -1.1779283863228565 -1.209803273708114 -1.2060665909130828 -1.233958076329738 -1.3623764282017392 -1.5474173849499648 -1.75671836050035 -1.9862348825092877 -2.2350590648748243 -2.483923302645339
-1.976248549759217 -1.9031682391266402 -1.929437336970186 -2.02345205766166 -2.208532110482098 -2.492559105364563 -2.853899609486072 -3.292768731127959 -3.7967448725673307 -4.286514015072211 -4.6626777427418205 -4.91210910066679 -5.03066905252912 -5.022760027407367 -4.904971641279468 -4.755889401430922 -4.617356036337564 -4.502575202068732 -4.389577745250385 -4.220140960333046 -3.93969317612809 -3.5229446871003054 -2.970292666606063 -2.3078206248483166 -1.5721488512736674 -0.8389834687406603 -0.2464741687408547 0.054609896142546965 0.04292412700406034 -0.1576579353892411 -0.4140450072542783 -0.6519924743833498 -0.8425053815998789 -0.981613185416911 -1.0793732138364587 -1.1532106812277103 -1.2492440620900527 -1.4109386768436887 -1.5973049302091904 -1.7951495649439875 -2.00691336636172 -2.2319544211318503 -2.4614221441737434
-1.5132573266937603 -1.4282011774875594 -1.384209269832374 -1.3978016333378598 -1.5286172866313235 -1.8037963623863948 -2.1698082060330743 -2.595394400070306 -3.0701050192650063 -3.535114377335941 -3.8841549337286483 -4.101995430532133 -4.1840193514676765 -4.131111202529373 -3.9514065819811766 -3.690569567502904 -3.446541285965499 -3.293599908160159 -3.2431476434307864 -3.1994140462740908 -3.0741214430953536 -2.8289744124920766 -2.4577802220001344 -1.9819974398771782 -1.456162615985949 -0.9243954711646345 -0.47891217635295424 -0.20324186190193716 -0.12827017700736842 -0.22373112316158927 -0.3922444966545502 -0.5809988810423641 -0.7601838796700782 -0.9188283546263567 -1.0587290700213998 -1.1894530556085368 -1.3420914731708118 -1.533459636790925 -1.7072565321632405 -1.8843555552777638 -2.072380775086514 -2.2703478555328855 -2.4741769292777898
-1.104960118934593 -0.9760932434241281 -0.8515092459448073 -0.7530522618374458 -0.8015504709878503 -1.110925582908716 -1.5135472744226803 -1.9428041968598553 -2.3862270803801593 -2.8242402514945324 -3.151644989421727 -3.344473362084416 -3.3977703777972654 -3.3091591354280343 -3.0798783319054768 -2.7216854037949343 -2.33003384044188 -2.1223545987497134 -2.211475209959423 -2.3335537957087995 -2.3691102803886883 -2.2903971195636936 -2.0927773026194734 -1.788084046226927 -1.425815620375022 -1.0430557966805223 -0.6900045990839989 -0.43769672487929157 -0.35684098606850334 -0.3896764628651832 -0.4958511637076328 -0.6421232416873295 -0.8045950740425702 -0.9708467949132857 -1.1381377161009985 -1.3106201433180273 -1.504181301217471 -1.6952717649900921 -1.86831197738029 -2.0283068325136764 -2.186992917103545 -2.3543652928932444 -2.5274937505150215
-0.8097780005370794 -0.619311074481121 -0.4067782493590304 -0.20846228020921087 -0.08174819094374675 -0.5267747186125606 -0.9484893501118794 -1.3679106913687122 -1.7774396048272736 -2.176928192811951 -2.487074406837706 -2.663867279846481 -2.702773660167548 -2.600442960548148 -2.3546961386505476 -1.9645804444776975 -1.4398950774341872 -1.0846180641450078 -1.4304451012788715 -1.6869514104229324 -1.8481992172048478 -1.910059748480963 -1.867505126524877 -1.7160773590302507 -1.4775628634511135 -1.182095458156343 -0.8911356653444495 -0.7022115853709225 -0.6170838866661659 -0.6147134323868362 -0.6817635940003064 -0.7985203816572337 -0.9477069979128654 -1.1182070852409978 -1.3054787180617535 -1.5094242064920669 -1.7077547235662465 -1.8864377571132622 -2.0511729772814062 -2.20459565829578 -2.3490360091137292 -2.4865513428767763 -2.625900627054095
-0.6405522307434701 -0.41099066871812395 -0.16221139590725464 0.0437121541430483 0.0629606855380378 -0.17943365420493862 -0.5178715358335895 -0.8852781514362142 -1.253373942571156 -1.606664232471054 -1.9023023443063594 -2.073038863309648 -2.1146911351531337 -2.026573008236136 -1.8122160536260896 -1.4858109271114885 -1.1026896391084575 -0.8977046902475707 -1.0490933255608885 -1.2917312303498383 -1.508694386494583 -1.670045205530032 -1.7602079123384289 -1.7540247471370936 -1.617047857014394 -1.3679912912840928 -1.1362320478121193 -0.9830969239418317 -0.8926663742355916 -0.8740212037818282 -0.9215079841295242 -1.0231591269140048 -1.1668662904400575 -1.3436588195071297 -1.5476761125294114 -1.7603556071490851 -1.9377071297557895 -2.0978122702232156 -2.2482561785182487 -2.3897801101837644 -2.5232355758482905 -2.649212956671977 -2.767816066358098
-0.5872000034714051 -0.3435423273619844 -0.10124043725540499 0.10078578440728503 0.15825858189485942 0.042672068738936364 -0.19306815411426292 -0.48765362093335574 -0.8016176580972068 -1.1133077362318042 -1.3974249928454832 -1.5717710210358153 -1.6310189498274321 -1.5790970134116646 -1.4278123428558143 -1.2062620283211851 -0.9800619275247877 -0.8566312028280105 -0.9064284841485555 -1.0866925143388229 -1.3081461793532094 -1.5243039773071922 -1.716480714847078 -1.8758636240838584 -1.8926592477365478 -1.6464794764368573 -1.4154473164993027 -1.2526074991999465 -1.1679117861151491 -1.1506997161958985 -1.196422752386416 -1.2973970053923876 -1.4453198790381805 -1.6308174000200895 -1.835437341071062 -2.03124219869709 -2.181094414551139 -2.3194850263844717 -2.451944609343055 -2.577953324587094 -2.6971752825904765 -2.809300308390407 -2.913810697503283
