_RESULTS/CROSS_VALIDATION_POSTPROCESSED_80-20/MHZ/TZ/5comp/1/MHZ_TZ_z_710_kriged_reverse_5comp_spherical_1.asc
ncols 100
nrows 81
xllcorner 5.5967107548124995
yllcorner 50.982328804812504
cellsize 0.00017565037499993607
nodata_value 1.7014100000000001E+038
[rows 19 to 37 of 81, columns 42 to 83 of 100]
0.4835411238586243 0.4451192185257433 0.4083697043314723 0.37432535352896107 0.34356807750174184 0.31636848544589735 0.2927945079075433 0.27279436692338266 0.25625823874986414 0.2436386258542924 0.24105032571230633 0.249673120668441 0.27010742849408 0.3034204019696547 0.3486252073776263 0.39688610280628095 0.4476066219179284 0.5026272018643139 0.5639481288619885 0.633277349694161 0.7114061778112467 0.7971336119224848 0.8863229622855391 0.9713910786197211 1.0430816571002004 1.1014026594338198 1.1408335041560438 1.1556395282679794 1.1427017069106271 1.1009763209420471 1.030946200631243 0.9363160689706403 0.8462505577361895 0.7717043511344527 0.713287243585402 0.670800350107479 0.6437998318688481 0.6318624249525892 0.6344104992194417 0.6495102566786051 0.6704229085813793 0.6749370177403217
0.4830872504958947 0.4461814020602368 0.41010247944196204 0.3762580517632402 0.34546192878286897 0.31811573150782513 0.2943568683473298 0.2741682549919664 0.2574559790994179 0.24678603593137294 0.24801934905635226 0.26115694787944077 0.2874795033243932 0.3205240346949786 0.3528062280313242 0.3850288013810635 0.4191225533076773 0.457888686057723 0.5043514800617853 0.5614928661446266 0.6315696172963098 0.7151079070669816 0.8094248784902056 0.907259451877023 0.9973020348491521 1.075931683076988 1.1373736382208826 1.1759376005520452 1.1892188988594736 1.1762510720309804 1.1360696579538145 1.0676285158942858 0.9708774528373426 0.862300809346356 0.775576638633993 0.709835739369484 0.6626648448587213 0.6317243436019001 0.614555549703913 0.6079492061256669 0.6073554601883319 0.6061080687244514
0.4796193025045782 0.44420090139413915 0.4090119726858248 0.3757154379954066 0.3452745702641757 0.3181725712476778 0.2945912124458468 0.2745385194090777 0.25796169188190166 0.2504077577974137 0.2553562674786533 0.2725356316805605 0.2911863833870425 0.3063461987473645 0.31967307597536826 0.33305917424607284 0.3484997556169086 0.3690572564215764 0.3979985993301949 0.43871973084954036 0.4944888657970654 0.5676023149109778 0.6575581145820486 0.7584970687549563 0.8579315188454758 0.9466864729202276 1.0196184743569556 1.0735773055288262 1.1085117186562343 1.1246046033292145 1.1199614595535188 1.0906093481066037 1.0320944619085095 0.941822025587441 0.8290218214296402 0.7377673498667197 0.6702918113084759 0.6215758812811631 0.587793140178421 0.5655012222410658 0.5516796998661814 0.5444846426728404
0.4739566951023161 0.4396200777139288 0.4053205234101849 0.37280664007418934 0.34306001456393326 0.3165667127008637 0.2935127901040935 0.27391464057893256 0.25828679790832504 0.25389758350948205 0.26154536285832414 0.26748797281153874 0.26841940842942563 0.26544596115263275 0.261323997068331 0.2584737391031115 0.25849032651285125 0.2638761965060415 0.2772601170847343 0.3016158697014325 0.3404253583361133 0.39731558367922415 0.474385274253935 0.5685074952758766 0.6686350613910523 0.7592885338747014 0.8339179896436822 0.8919827400474152 0.9383307842153324 0.9759334200587336 1.003066157863239 1.0138290182780851 1.00003853204986 0.95386827572599 0.8709333463908037 0.760141615976976 0.6700664959860496 0.6038682899308806 0.5568182787326051 0.5240599698619818 0.5021572510763352 0.48987408715412867
0.4668618123039859 0.4326090807030046 0.3990847956626165 0.36759816946344853 0.33889035138136614 0.31336868860216677 0.2911863371719851 0.2723542062027572 0.25831539620509925 0.256425126845694 0.25286033022864735 0.24226433168278555 0.22734613369788018 0.21039400303981587 0.19433872959735907 0.1812145764518437 0.17191715737725474 0.16785279622780022 0.1705370709073921 0.18192834099955627 0.20488324672393132 0.24341530398670183 0.3027160116024551 0.38496869677546525 0.47973353104170957 0.5633065726968178 0.6254792610960608 0.6737974025365615 0.7195972623512057 0.7679942314736377 0.8173881489528287 0.8611166258068548 0.8890314294989675 0.889575048585739 0.8528625958580262 0.7744207936782868 0.6692645691699041 0.5868398428059717 0.5267446515253563 0.4846179967375206 0.4576131925565109 0.44231728143570265
0.45789303584692603 0.42356594749614884 0.3904889089914397 0.36012859651079093 0.33286653470728655 0.30869785777972447 0.28777570211547715 0.27008671604432477 0.2579150376004354 0.24796056206829692 0.22876127691353385 0.20473634041546962 0.17883676076331703 0.1541277811495717 0.13275307344531875 0.11578170000126858 0.10324262241668088 0.09542319317743175 0.0927326606966959 0.09599324468801146 0.10698107219831575 0.12963256874580165 0.16988765104803338 0.234410787902658 0.3184261628718093 0.3875826123650649 0.426044637932836 0.4570217352748019 0.4957906170911278 0.5463089885412452 0.6067461677522467 0.6712049089281079 0.729970388037538 0.7702785952363413 0.7786364685827872 0.7447861075829698 0.6661858941921434 0.5716061193484271 0.5016648638484348 0.45192843224590784 0.4190017023283193 0.40115188668258495
0.44515050551629587 0.41186886819468443 0.37995987131689957 0.35118997009776864 0.32593641217122493 0.3040363966001799 0.28506145627914853 0.2689478404181176 0.2539089951914505 0.22883769726010808 0.1973543345073172 0.16424479034504239 0.1329221753597603 0.10596926180709067 0.08441179279703963 0.06819693129691438 0.05654372838296419 0.048852502243244125 0.044762451406062456 0.0443187819123956 0.04847496206504682 0.0592272229408366 0.08107122527348667 0.12300217311940538 0.19430223327148136 0.243571349641929 0.2539167008708767 0.27162712073539164 0.3037088008384947 0.3507242999994583 0.41177672043729047 0.483495656018947 0.5585709462631728 0.6255662737576437 0.669905636476938 0.6773256518962971 0.6390297846564543 0.5574563454044039 0.48045708014829314 0.42574338613574914 0.38943827333946673 0.3686291454727632
0.42714933149513884 0.39749140253071613 0.3690080584317263 0.3432305136280588 0.3204369719174847 0.3007265498404748 0.28389401057123553 0.2692458208117101 0.24172370544295 0.20438274473666057 0.16460467916660443 0.12702820545544088 0.09498861028660606 0.06973812526822325 0.05101225881025774 0.037771594792441875 0.028697688140656565 0.022802194414169235 0.019380078870749464 0.01812314428143014 0.019033120450617995 0.022806152950799644 0.03157274789712378 0.05038855690331732 0.09012318941135725 0.11802568174584431 0.12520030303908988 0.14172216906246854 0.1695673728406319 0.209938113203604 0.26368124461980974 0.3301310441050859 0.40573111476333196 0.482964261195619 0.5499824129806892 0.5895717511080826 0.5877732621129007 0.5393744751297664 0.46274660881987245 0.4054995741013587 0.3672814702449441 0.3447344962707753
0.40644248662247445 0.38286431351286065 0.35895922741523406 0.3366523333800187 0.31664328593403074 0.29916013319238766 0.28435222469982574 0.2656046617250686 0.22515718734663448 0.1788974456836697 0.13427886308284948 0.09606517160661085 0.06626994732974047 0.044659449566284835 0.029836994532326796 0.020081853203605112 0.013816534418844735 0.009929973884754847 0.00770925818601948 0.006655684128502128 0.006584062758725167 0.00759502588497132 0.010263756504755167 0.015915534107095005 0.026088711537643097 0.03839765857005233 0.050535112680621705 0.06606302789040136 0.08860667455016888 0.12101070879971759 0.16560133904534338 0.2235364522926031 0.29340804736737464 0.36977028249502014 0.44261940909883096 0.4987731257744132 0.524793160382331 0.5079306180329342 0.448580057434496 0.3901072697185749 0.35099223427608445 0.32764157411446954
0.3867947014460473 0.36926945734916206 0.35022909401487906 0.3316476570008389 0.3146557430625455 0.2996144566271642 0.28677638128956034 0.25832021448457176 0.20772576705400575 0.15506121900190256 0.10863209906500713 0.07213795189490314 0.04591242448594353 0.028358306595778898 0.01724232680385026 0.01047925843881564 0.006461749211180282 0.004164420262756736 0.0029177474059876433 0.00230310729735396 0.0021053208633491083 0.002278228664166185 0.0029344127193720107 0.004396360264944983 0.0071772323598728125 0.011747172432819489 0.018636300883677445 0.029050321725571614 0.04495570136649248 0.06911792884010418 0.10445193043856751 0.1533249583999454 0.21606641564700432 0.2890378892478625 0.3635554624821449 0.4268266846783951 0.4655241655687868 0.4702252132631034 0.4355833426247971 0.3786904685979209 0.3394612309011202 0.31604145479012713
0.37011328079540357 0.35781254493197107 0.343388396253786 0.3285456798737069 0.3146890949648895 0.3022589733642594 0.28933995070028906 0.25031711265668016 0.19157239463561118 0.13471131988066887 0.08841710230401521 0.05467003176055596 0.03217512326051691 0.01823372051155706 0.01008162327059167 0.005512413233829212 0.003034363919684103 0.001760349692618006 0.001110434169126945 0.0007847273371071231 0.0006442867626375863 0.0006379013483927004 0.0007786409514949074 0.001156884345758609 0.001987544093515156 0.003675811897937028 0.006918268930938514 0.012857634195288372 0.023234449913115404 0.04048494183459159 0.06781961100511026 0.10856269985396248 0.16464813339844014 0.23401924866825285 0.30906816221121725 0.377195179166012 0.4246666493403202 0.44047809835203305 0.4200151740371561 0.37088664726807447 0.33213600790576814 0.30924313426357863
0.3572037144334166 0.3492133352776762 0.3389237644149899 0.32770162517724233 0.3170218171143152 0.3073430171878638 0.29146376750436626 0.2433105485816103 0.17832378612537253 0.11879296387736864 0.07345004987741974 0.042510505220853624 0.023246282431185587 0.012136943930301501 0.0061211123912033325 0.00301581037934798 0.0015100110574646625 0.0007910070136931755 0.0004430617085502264 0.00027410121371351396 0.00019634680091508368 0.00017307175002791506 0.0001987091373073038 0.0003008951656251044 0.0005682006015127482 0.0012162455928972481 0.0027131553511004114 0.005968519628376122 0.012552619008632089 0.02481625401515947 0.04582355960662323 0.07966441937589312 0.12981425680801487 0.19541888360161314 0.2702652018838358 0.343075015035814 0.3992216964483563 0.42499218562652075 0.4129606096773176 0.3675418991765974 0.32877106178100635 0.3069141499363719
0.3482345296802308 0.3438195899382083 0.3371902090130812 0.3294385087399384 0.3219617229756293 0.31487356087332274 0.2939712675697244 0.23857041171397064 0.16926608066619475 0.1075533217052301 0.06306594834837244 0.03440416576616451 0.017611899289168016 0.008538329393511391 0.0039588402091037716 0.0018024996069753048 0.0008319785390103428 0.0003941723622980063 0.00019501072130476049 0.00010379274540759608 6.271520721470298e-05 4.7179211379799206e-05 4.984180003537047e-05 7.857978477435971e-05 0.00017078642228081614 0.0004386526681369704 0.0011757132640607536 0.0030573499762051154 0.007428440189904096 0.016548646007614996 0.03348675882203385 0.06259404846675623 0.10850315343544197 0.1708690743861641 0.24484714235092145 0.32014080615368545 0.3821696929924102 0.41643693052707326 0.4137667511299844 0.37413198323413005 0.32993963093887074 0.30844754071582436
0.3420640886567634 0.3404107003719487 0.3369440730949349 0.33244838622363226 0.3276219562905602 0.3225348627177 0.2974791642914199 0.2370737013867672 0.16454154769500864 0.10087328775686302 0.05659927398121076 0.029392146869915755 0.01423816564591989 0.006486357487083192 0.002832705748671068 0.0012208042602535416 0.0005269494591324811 0.0002290248042563371 0.00010113330237696995 4.622057132903752e-05 2.2837657368230757e-05 1.3551915736921433e-05 1.2255342867682675e-05 2.107966967857709e-05 5.779326766838788e-05 0.0001865960708437371 0.0006045446522194582 0.001834895216490936 0.005060291143969548 0.012505957878912018 0.02760423989647729 0.054859753317169704 0.09844798202328406 0.1590189467432994 0.2325648158090231 0.3092219196331768 0.3747084453819443 0.4142979294501037 0.41787569010155445 0.3839605171619431 0.33818302320090604 0.31310279094431087
0.3367977842276592 0.3371692450484366 0.33583182170973624 0.3334951853861913 0.3309455992685678 0.32801232812403314 0.3008479784877183 0.23805697940139586 0.16378883375665826 0.09876381669418788 0.053670433803277316 0.02684620086430253 0.012469753113957493 0.005447637799778782 0.0023035822797573585 0.0009599056125394378 0.00039697543278644333 0.00016305453055224118 6.657273711767652e-05 2.7087519041632293e-05 1.101004879918488e-05 4.7030598762858495e-06 2.978713417716577e-06 6.576142156615545e-06 2.5901815422510698e-05 0.00010551124277293931 0.00039969950218819093 0.0013637488379811189 0.004128301410634348 0.011002806892084233 0.02576164744520355 0.053163934277517685 0.09723847006661884 0.15865955969552303 0.23310346930787693 0.3106874070986364 0.37777581155130824 0.41987876545454517 0.42662642944164797 0.39576480836294636 0.34945332837470283 0.32000262697481213
0.33046687907910294 0.3319381926495546 0.33219609688728585 0.3320096167845275 0.3316203839487442 0.33080066625765997 0.3046268424099129 0.24195735339279423 0.16695929904192686 0.10081489813773324 0.053954725595840296 0.026420846721480477 0.011960781852707707 0.005154451361129761 0.0021553468969969405 0.0008896859773330447 0.00036384910614864377 0.000147391419102226 5.9057595985385406e-05 2.3110474773268826e-05 8.771706736303875e-06 3.2415120738087016e-06 1.3095663654469124e-06 4.246988525572767e-06 2.0249128958761518e-05 9.012037301561424e-05 0.0003630707983695943 0.0013038635381857607 0.004130798548708804 0.011441164804923642 0.027505586737084097 0.05730356064578131 0.10427947908284371 0.1683473374142961 0.2448096161235696 0.3237233613590953 0.39140272537783 0.4337761912230677 0.44080464868963026 0.410284995956491 0.36161205211140696 0.32744287276769574
0.3218619741723617 0.32428328716862304 0.3260054449396552 0.3276853548870238 0.329404627016227 0.3309875201122525 0.3091950735691818 0.2492667459913666 0.17456219292898553 0.10690163169026032 0.05765954716165504 0.02802411162070282 0.012668453902124496 0.005503458513842672 0.0023242405121114786 0.0009746352929580056 0.00040756178777840617 0.0001704892489492236 7.10159073476704e-05 2.9507864116146165e-05 1.2613226356307122e-05 6.103797337540691e-06 4.661430094781399e-06 9.020437287283332e-06 3.091399941426032e-05 0.00012059187174407769 0.0004592194810949586 0.0016117039563531645 0.005075364423890398 0.014082702476939522 0.03375019012304442 0.06886842230110357 0.12101725081214976 0.1886242026711171 0.26655820516505846 0.3452054071414239 0.4115575371562422 0.45224172233085824 0.4576717346849984 0.42536340800947037 0.37120932465130413 0.333326723063453
0.3103630069391593 0.31405373239779094 0.31703122771431924 0.32041885922221797 0.3243568001425399 0.32859263393477955 0.3142922221161529 0.26006543210910116 0.1870333453316016 0.11759610615412232 0.06511443193438639 0.03205570067542816 0.014753835978597257 0.006570145528263583 0.002864670236461669 0.001248447007424057 0.0005494003977071684 0.0002450748920648239 0.00011079152641930098 5.220810298684286e-05 2.7144112662696714e-05 1.7466871897289473e-05 1.6861380662013514e-05 2.8092111242444277e-05 7.221773722108004e-05 0.00022925644623179566 0.0007683740406255028 0.0024909378650722694 0.007466681964203846 0.020146290180061675 0.04725720881756457 0.09144105605779701 0.14946505564062224 0.2195594852938496 0.29717297894678885 0.37325649153763696 0.4356167341543465 0.4718259915511231 0.4730911345749936 0.4324288802451128 0.37355156703105175 0.33355888922655186
0.296074440566024 0.30067967446677213 0.30518552665091336 0.3102796381795972 0.31645772190727167 0.32354930895984985 0.3189324058650038 0.2739213504637109 0.20469314646260933 0.13367379526648798 0.07683389515048542 0.03929185817287368 0.018721241976933423 0.008657297243544096 0.003960102430508279 0.0018311469944250196 0.0008642323448098786 0.0004167235807938355 0.0002091753661466982 0.00011350183680844977 7.063181010831165e-05 5.5012931995690795e-05 5.928823279823156e-05 9.306245221786256e-05 0.00020195655147405497 0.000538089485480403 0.0015650690141722503 0.004542190764735759 0.012489983455276726 0.03172335018537438 0.07327183578044232 0.12879641329770286 0.18852107902025314 0.2583181829579404 0.3332627510755152 0.40447541035800416 0.46052143035260706 0.49001959959754005 0.4819302504958671 0.42764459547206846 0.3677864488389892 0.32776796506445965
