_RESULTS/POSTPROCESSED/Berg/GZ/7comp/Berg_GZ_z_63_kriged_reverse_7comp_spherical.asc
ncols 100
nrows 90
xllcorner  5.6208707817415728
yllcorner 50.959635321741573
cellsize 0.00013419651685393446
nodata_value 1.7014100000000001E+038
[rows 36 to 53 of 90, columns 41 to 81 of 100]
0.8830242440552925 0.6761671371044207 0.49909473361543766 0.3668441931516197 0.2757783030241113 0.21420301575628176 0.16772538991812858 0.12754380548221134 0.09573066201958563 0.07276359884694457 0.05794460963788405 0.05067505011654152 0.051514786572624184 0.05995216611099766 0.07131484417409177 0.07743900637166204 0.07155645731860236 0.05110072660645925 0.028143826669514017 0.013194269620246231 0.005816409039077226 0.0026167653589558187 0.0012461591150452617 0.000639111327901797 0.00037635517105768677 0.00025671506962694865 0.00020119889505654768 0.00017822129902077223 0.00017500926184261473 0.00018695952164378367 0.00021345586738839406 0.00027039207203948017 0.00041337106150766793 0.0007566458405764394 0.0016109589096672055 0.003656270461383721 0.007947561440267103 0.016412918985071787 0.03167698924909988 0.05520601393268745 0.0842863955688733
1.0304883413698254 0.7564645150453903 0.5313843839883655 0.36474515351384973 0.25451140828979724 0.18137270503973824 0.1279673029001839 0.08824392960071316 0.06109046699865804 0.043876842170202345 0.03400574750832147 0.02969510216688168 0.030333776352104266 0.036212157027172426 0.04767438617101165 0.060547590731214206 0.05880263287063771 0.038371330959834075 0.01830491916395797 0.007486835861311422 0.002963076636185769 0.0012185629802164012 0.0005280930960202031 0.0002562685722621298 0.0001479077333794027 0.00010201507389755327 8.271711657104785e-05 7.672930087881011e-05 7.868570324487331e-05 8.737820970852621e-05 0.00010349891598832739 0.00013282071813609323 0.0002061694127524886 0.0003885503551398084 0.0008731505788660365 0.0022377065377572145 0.0056063725935115594 0.013147999595378962 0.028584700852983258 0.05555863472477508 0.09274785939240185
1.029506007109708 0.7172728585355549 0.4763613225535914 0.3068202332269616 0.19665141394190283 0.12600997582621484 0.07929841717252561 0.049048970404993744 0.030775600886471303 0.020324652208447695 0.014829393652776 0.012649683564970409 0.013034671781473025 0.01704771349502957 0.02758696425413512 0.046136693668106354 0.05071806314134535 0.027552194547348013 0.010557481541371273 0.0036922815444354546 0.0013091365367617204 0.00047933270292181365 0.00018849976875876982 8.662316303882726e-05 4.949980243740084e-05 3.49829707412127e-05 2.9361064522964587e-05 2.8068182640060756e-05 2.9736316357749494e-05 3.420811987050332e-05 4.173246533340226e-05 5.5045747498694865e-05 8.697016386727797e-05 0.0001751209729480232 0.00044386966510504607 0.0012992524124507577 0.0037775784934065875 0.010301645423382239 0.025556532967989296 0.05617479465390657 0.10335655557815725
0.8836610717823271 0.5804480681525737 0.3611883785680784 0.21727590007128958 0.12692822195414044 0.0722649051421152 0.04013341780871183 0.021939677001410397 0.012207340391782439 0.007315895955060343 0.0049497015609286975 0.004019518603264903 0.004253692840379556 0.006112129459478058 0.01184728284833004 0.029081103571548545 0.0456997665963063 0.015428461117075775 0.004677864542196604 0.001479420864399836 0.00047828147098579333 0.00015915195287422682 5.701163209130051e-05 2.4674809785692364e-05 1.4256624203335393e-05 1.0735822504918903e-05 9.586411200882705e-06 9.510428130505476e-06 1.0181842996475432e-05 1.1658754820815978e-05 1.442574593877126e-05 2.011033087166876e-05 3.393615179725457e-05 7.561494603475085e-05 0.00021475099798780924 0.0007205962939543189 0.0024414912849300948 0.007812231996988995 0.02251158160270509 0.05707420862324283 0.11777709084673446
0.654146532484437 0.40308323998499085 0.23288446082695555 0.12921273550823698 0.06841550212118963 0.03456029837087997 0.016782637622319834 0.008032671588417311 0.00400308739920832 0.0021828590075369143 0.0013790619861243152 0.0010702007164290251 0.0010910459121836287 0.0015332772925541226 0.0029916930255545326 0.007254704872674632 0.01079592020663315 0.004466238386163819 0.0014633302022760018 0.00046526881321833015 0.00014666289969152596 4.6510063273068764e-05 1.5288440797795085e-05 6.000524479435253e-06 3.652512386876473e-06 3.148508839478013e-06 3.0753964271969344e-06 3.1942215198010383e-06 3.484905467560644e-06 4.0126779467285135e-06 4.999960246468703e-06 7.24852187773605e-06 1.2955874255563821e-05 3.126717819377405e-05 9.98601517575339e-05 0.00038664229479264063 0.0015235495078134416 0.005676551992945022 0.0190815971060514 0.05680717127653524 0.13794622584486055
0.41904840549225303 0.24093221345713658 0.12796597498187023 0.06443937876555393 0.03056496376089096 0.013898440813009496 0.00603307037198983 0.0026700236414523154 0.0012512627841792289 0.0006396274986499341 0.0003705691349673882 0.00025679235538906127 0.00022911360607353104 0.0002807208321255483 0.00047656499055070007 0.0008852309971305907 0.0011314007596749498 0.0007729940234153992 0.00035149131998173447 0.00013178871870330277 4.440722237936445e-05 1.4429178038619827e-05 4.617579147358925e-06 1.5193158224723005e-06 1.076306916088935e-06 1.11354373096031e-06 1.177753961630264e-06 1.2699445035998745e-06 1.4014049344001788e-06 1.598793497644209e-06 1.9625769919050104e-06 2.7701087012224085e-06 4.859529238289185e-06 1.2432756802597887e-05 4.572417624458745e-05 0.0002066668144874823 0.0009344399975485626 0.003938811273328328 0.01488822186108176 0.04994408768990799 0.1513066761358619
0.25327428027367205 0.13369386347459916 0.06442628362607401 0.029297709834191592 0.012648653134748668 0.0053528179220740804 0.0022608197348269036 0.0009635702226391479 0.00042759722448777656 0.00020295229288816053 0.00010527315499572428 6.18239751999746e-05 4.377554427757243e-05 4.286172171299176e-05 6.401252324075505e-05 0.00011185111436773257 0.00015303184257690403 0.00013475954459912762 8.091520834700433e-05 3.7805149586775836e-05 1.4950045656170445e-05 5.4741797066648284e-06 2.0214505250452045e-06 8.705458785878799e-07 5.920712264561276e-07 5.660563127024942e-07 5.91714327051774e-07 6.375809290597214e-07 6.997636401878098e-07 7.848514861339845e-07 9.386088324979964e-07 1.2179292835195857e-06 1.8669705781893996e-06 4.875848260485593e-06 2.1983957242671406e-05 0.00011664976589923005 0.0005865604482643662 0.002656993332199279 0.01050260186126488 0.03503297510792702 0.09313785197876037
0.1659646487297336 0.0791600754897095 0.03387801963391498 0.013768214232970852 0.005428488350824186 0.0022128675267200646 0.0009221079113402389 0.0003904053388494825 0.00016935189198971295 7.607018798776915e-05 3.5727806182992785e-05 1.758358605973864e-05 9.20174664151692e-06 6.278853641238345e-06 9.425087223923844e-06 1.9037170425999157e-05 2.934837799367186e-05 3.0529725891325434e-05 2.2199283412552692e-05 1.2458091202986312e-05 5.903181483731847e-06 2.602104811208794e-06 1.187920358715326e-06 6.419441782406767e-07 4.509113358886297e-07 3.963545850857925e-07 3.920271762263396e-07 4.0975848373251403e-07 4.420299205252782e-07 4.969913045838498e-07 5.839311670687502e-07 7.09601282804402e-07 8.906579780343508e-07 2.262800400355189e-06 1.30765125496515e-05 7.622377941093769e-05 0.00039897620458751473 0.0018279654419181676 0.007107168705941011 0.02243391301333346 0.05546719584489092
0.12001385121052088 0.04942234267235302 0.018274058783170285 0.006652645116802646 0.002481840409177574 0.0009960293467652002 0.00041783748501049846 0.00018006577778169127 7.979404004488081e-05 3.5994281815015884e-05 1.6407449325027974e-05 7.466051903929682e-06 3.212991457726586e-06 1.232314661331153e-06 2.382588888670133e-06 5.607706280025706e-06 9.194493748910581e-06 1.0363219280999131e-05 8.340142302866642e-06 5.217961855857137e-06 2.821856120499696e-06 1.511914566111096e-06 8.556719549018933e-07 5.485622849726146e-07 4.1120058515314656e-07 3.5323042856975746e-07 3.338373467191636e-07 3.3587610533481954e-07 3.543280674069592e-07 4.0053657992294e-07 4.851737692197194e-07 6.326832061950094e-07 9.526550455731567e-07 2.458105493004089e-06 1.1481347735904229e-05 6.176920532659852e-05 0.0003082752488659936 0.0013500056386639404 0.0049852899527959545 0.014863398951656441 0.035339130783277925
0.08537524368925138 0.02864625274585635 0.009588505244074582 0.0032909315454386205 0.0012156199430291264 0.0004917299598315223 0.00021344521470497481 9.649869742381133e-05 4.505266024860702e-05 2.1584603140119366e-05 1.0561157126133191e-05 5.179496666077386e-06 2.5500953956416197e-06 1.5746440542217986e-06 1.9716613669691204e-06 3.4483897126216403e-06 5.1257966173765206e-06 5.7091622906522684e-06 4.709197339175104e-06 3.0141752024723165e-06 1.6802686034921697e-06 1.0653686135076499e-06 7.750093840184156e-07 5.782903085352535e-07 4.6145846797632125e-07 3.931533163821038e-07 3.5396445694774336e-07 3.35993091218351e-07 3.475523853250338e-07 3.998196567212417e-07 5.164736047811999e-07 7.609378604324509e-07 1.3588475880343991e-06 3.5162553720810784e-06 1.3469304852197227e-05 6.08399848920488e-05 0.00027347031008553044 0.0011013893026808027 0.0037836497253435565 0.0106314831726879 0.024337899118802988
0.033782901820340994 0.012998690504540921 0.0045060730864812555 0.001588763300609988 0.00060525675411606 0.0002542193190678642 0.00011701944225817172 5.661229040018257e-05 2.8780049206840692e-05 1.536304909689234e-05 8.5245508153368e-06 4.9301158729959485e-06 3.1015585857677004e-06 2.4444511752753493e-06 2.7296106437185214e-06 3.7576224779781557e-06 4.878818996926101e-06 5.193060885820161e-06 4.290798757349213e-06 2.7289487325810235e-06 1.3467215399303364e-06 1.0171236679363699e-06 9.701107229889543e-07 8.053079211328466e-07 6.507077520565427e-07 5.328489700011966e-07 4.4829755996494046e-07 4.0284370006717146e-07 4.0381070828160324e-07 4.7142585076011965e-07 6.523678475650364e-07 1.0631964357323368e-06 2.0726989111362627e-06 5.380729553407272e-06 1.816093516444247e-05 6.923486426006503e-05 0.0002735994909888109 0.000996213621577041 0.0031457896831189784 0.008277000580932444 0.018131699799162633
0.014108827121829547 0.0054978094605329245 0.0020006090017949843 0.0007471474953818238 0.00029986468588838596 0.00013341192289998772 6.586221555975479e-05 3.509234475273522e-05 1.9982015298001848e-05 1.2143139975382434e-05 7.901330899778706e-06 5.531648523450544e-06 4.292978827208768e-06 3.944555066405583e-06 4.425779292094418e-06 5.625975398565551e-06 6.868751757698504e-06 7.2526909410452494e-06 6.265203289470292e-06 4.3794059039487394e-06 2.6444400500587594e-06 2.0206232938215244e-06 1.8320950203167039e-06 1.5020959738393293e-06 1.1498668878731443e-06 8.774354486462631e-07 6.893389936652237e-07 5.74998443382288e-07 5.377469987079774e-07 6.265565867708622e-07 9.337370224505952e-07 1.6489888623233646e-06 3.380255098804164e-06 8.747118819645176e-06 2.6587204523925026e-05 8.772479872470145e-05 0.0003015366055652811 0.000988898284026529 0.002853224056734786 0.006981228819679114 0.014526697995932212
0.006343296283504383 0.00241334665855474 0.0009045381354234484 0.00035523279893196494 0.00015071214853768845 7.110510242674806e-05 3.76197579282518e-05 2.2201655815927856e-05 1.4338791193445447e-05 1.0158873920359203e-05 7.896516655658687e-06 6.692934574198405e-06 6.248523155006607e-06 6.596043082472792e-06 7.88713326360454e-06 1.0200800924901054e-05 1.2692721471931461e-05 1.4053800420053013e-05 1.331580086925446e-05 1.080647175343963e-05 7.961929541728907e-06 6.0740705505481244e-06 4.819090428120927e-06 3.618133176320702e-06 2.523273948101956e-06 1.787761075916745e-06 1.3092769100436042e-06 9.992832671294185e-07 8.169861245772499e-07 9.208519649608855e-07 1.5390713723607832e-06 2.8764686688994437e-06 6.028280884639798e-06 1.5068299354861938e-05 4.1396585667914334e-05 0.00012070910717014313 0.0003610650298187867 0.0010618992316209696 0.0027913267479339507 0.006315321317810496 0.012402795243795017
0.0032101886882594027 0.0011517460793840425 0.00043276129703767146 0.00017476010554597383 7.665008933444186e-05 3.746645223454903e-05 2.1084987640598692e-05 1.3886773232843875e-05 1.0384675056470657e-05 8.729959601302346e-06 8.176244834732977e-06 8.374757309155268e-06 9.321888545894232e-06 1.135696824519609e-05 1.5028121173831873e-05 2.0944327746048892e-05 2.82736420370396e-05 3.439005596800593e-05 3.6539462217596924e-05 3.353559368943937e-05 2.719107826541683e-05 2.069037370964214e-05 1.5096825028691236e-05 1.0405446629682504e-05 6.755766363292006e-06 4.460673448033631e-06 3.08790693236782e-06 2.252008448504576e-06 1.773461860144295e-06 1.9450146157377663e-06 3.18944861475924e-06 5.819343157166525e-06 1.197012902256881e-05 2.757392281177734e-05 6.815294809167369e-05 0.00017650503824179914 0.00046489148840689397 0.001215379309683681 0.002904894793645529 0.006052926832877348 0.011163544435822247
0.0018006284961147472 0.0006126377709109337 0.00022093320985926019 8.798382424857524e-05 3.8650524436990414e-05 1.9304515728794153e-05 1.1534218464225241e-05 8.488202203811504e-06 7.487979847246666e-06 7.579787163391304e-06 8.603958924543185e-06 1.063933479625714e-05 1.4073748434375333e-05 1.990425289315364e-05 2.9827697213777768e-05 4.629266115960168e-05 7.064641403137421e-05 9.765202397392992e-05 0.00011756234033309096 0.0001185570731862668 0.00010058798276228722 7.515850065602722e-05 5.19567697034491e-05 3.392139038585041e-05 2.0998847528869562e-05 1.3054788636687038e-05 8.74253475927353e-06 6.411920860882385e-06 5.41999071357031e-06 5.8576128878262615e-06 8.224841267988741e-06 1.359372857671528e-05 2.5760280899633297e-05 5.3279419277398136e-05 0.0001175846823201116 0.00027047537619818404 0.0006317542663290625 0.001462269262342645 0.003168863455568875 0.006068174485213967 0.010499350852128211
0.0010856928977098993 0.00036668194217523843 0.0001257558821662527 4.7778262887434974e-05 1.9993257119987878e-05 9.804968383348282e-06 6.131255156643405e-06 5.076853846157738e-06 5.3706787437938365e-06 6.648908430544226e-06 9.175478201458918e-06 1.3641088311314582e-05 2.1316206148008783e-05 3.49667376437457e-05 5.988345144401812e-05 0.00010547973970325726 0.00018539439533590013 0.00029972360915994786 0.00041436385907378564 0.0004539378318403894 0.0003931555143455622 0.0002864309925330199 0.000188662056128434 0.00011745717592592576 7.043960298172596e-05 4.216191263782229e-05 2.7658081255109752e-05 2.0433892004584416e-05 1.7598618953951304e-05 1.8384082296990026e-05 2.3358670697467564e-05 3.464532641930955e-05 5.8092943523884875e-05 0.0001067791845113766 0.00020947878913433473 0.0004279566333759336 0.0008883261556685569 0.0018280508300202556 0.0035716788932993113 0.00628132336113143 0.01030243607452372
0.000714061126710863 0.00024432745629975327 8.291513867878107e-05 2.9450419802963348e-05 1.1356323185906183e-05 5.159241005308262e-06 3.239178632191317e-06 3.06395988749551e-06 3.9408787256512765e-06 6.02083967765842e-06 1.0035082324550607e-05 1.768956755632117e-05 3.217357965825716e-05 6.0481898915451914e-05 0.00011764282973985565 0.00023566041255572543 0.00047883273956463 0.0009363389836967181 0.001553559261074252 0.0018804284144252569 0.0015998356135589666 0.0010905007280545254 0.0006758214839890263 0.0004038396633437447 0.00023747855931517014 0.00014079337089150642 9.110058758430534e-05 6.710263257083573e-05 5.7334671953635614e-05 5.765890443729594e-05 6.745699922943711e-05 8.892901364222109e-05 0.0001325498589075696 0.00021666526798062638 0.00037812254618496314 0.000687431327613988 0.0012715597404764272 0.0023389583723887686 0.004110313870066169 0.006682457793684963 0.010466423833801171
0.0005197993723723774 0.00018323458643554544 6.372581393372834e-05 2.198781520639475e-05 7.691893039519853e-06 2.9890224798702798e-06 1.7494897361795485e-06 2.062594903034154e-06 3.345965351424515e-06 6.114803004431662e-06 1.1917273482570941e-05 2.407194230460949e-05 4.95105935563004e-05 0.00010415900353907431 0.00022578374439472283 0.0005066485979307938 0.0011770028151060043 0.0027882639552495856 0.005947159173897222 0.00824425192793434 0.006200686179169242 0.0037665237657209883 0.0022042662533976517 0.001289512705033676 0.0007584346647186093 0.00045423664593434085 0.00029647721559929543 0.00021702675724985206 0.00018255812516069033 0.000175760006381403 0.00018506175335296173 0.00022141053884490046 0.00029675843231538043 0.00043443068782628657 0.0006778361337334177 0.0011013418040579828 0.0018224230995926237 0.003006287981080154 0.004782486094820232 0.007339105873954778 0.01093906920437159
