_RESULTS/POSTPROCESSED/Berg/GZ/7comp/Berg_GZ_z_63_kriged_reverse_7comp_test_spherical.asc
ncols 100
nrows 90
xllcorner  5.6208707817415728
yllcorner 50.959635321741573
cellsize 0.00013419651685393446
nodata_value 1.7014100000000001E+038
[rows 18 to 35 of 90, columns 41 to 81 of 100]
0.0030071230280748354 0.002836768706004705 0.0027003646297545847 0.002681413150441599 0.0029723986801340686 0.0036852982181183997 0.00493202905011108 0.0068783187461919195 0.009924396001957013 0.015096205943951616 0.022502744794623216 0.029429537866041994 0.03333651536314239 0.03267819542721601 0.02770830920866975 0.020335155961122713 0.01316493386056133 0.008556107609514156 0.005635684695997062 0.0036318261068579555 0.0023176299385592163 0.0015104655770840348 0.0010220290684196125 0.0006977620741141564 0.0004889988749170646 0.00040173306689431565 0.0004080871462752142 0.0004927725048382966 0.0006713455967293957 0.0009933219517822428 0.0015577448424251108 0.0024840888607685135 0.003869966208107485 0.0058109260019507366 0.008315129321165937 0.011227271471355653 0.014175957990829985 0.016598003547538695 0.017764292795939968 0.017764290063555333 0.017760531653308143
0.0005737246659390764 0.00047979751669017466 0.0004953374978743485 0.000631349880859404 0.0009451928183292434 0.0015450345121385816 0.0025896794336140146 0.0043927383843146576 0.007555963585926948 0.013144249160746734 0.020960262358297652 0.028568312919674647 0.033122544782028175 0.032686665699291004 0.02742134668929665 0.019498372234415466 0.011704330534493473 0.0064201834162585895 0.0034604061328101523 0.0018083824633260432 0.0008772085940269082 0.00040365404070963085 0.0001864094581541695 9.889859377890835e-05 7.324340005891268e-05 7.899596650534529e-05 0.00010843864160400093 0.00016801434262294469 0.0002768790289061948 0.00047288381413376345 0.0008273505247694791 0.0014713729873209738 0.002544769690809102 0.004183443928183453 0.006485018124199289 0.009408288655340666 0.012681719073876245 0.015769817317390345 0.017722783631826267 0.017761053715992653 0.017750225632132514
0.00011361327674253613 8.242297372951121e-05 9.254083963503563e-05 0.0001574035195345668 0.0003340472625292657 0.0007431484514792987 0.0015942877466621661 0.0032895027934335295 0.0064896373547292325 0.012277183667513432 0.020615626049533254 0.02900838370123827 0.03428111692927027 0.03411470033726553 0.028537771274260357 0.019950504569863112 0.011462609409140123 0.005503098396353287 0.002491652687028619 0.001061056182699347 0.0004011838811068585 0.0001327929864642914 4.063147326782129e-05 1.4697379854648712e-05 1.1226067495541686e-05 1.7616408617132784e-05 3.404278884622378e-05 6.741422509344759e-05 0.00013210427381525988 0.000255713071357714 0.0004910898281652051 0.0009399504392016639 0.0017747535433785219 0.003157206403769444 0.005247411393228925 0.008104264707077922 0.011564239959978932 0.015155052503621827 0.017629011535735886 0.017752625971969003 0.01773476836044992
2.6424590890669083e-05 1.4748813058085763e-05 1.833973812968579e-05 4.761736870443761e-05 0.00015352569342838877 0.0004627594426878079 0.0012384925337194058 0.002966396860360983 0.006450196013661158 0.012831650461046359 0.021769077272132356 0.03121019239970025 0.03738737854623898 0.03757391976416065 0.031600357145928 0.02204494316484594 0.01228957889535422 0.005408647417941664 0.002179712595874814 0.0008028488545929728 0.00025836266797154666 6.792028438678167e-05 1.4750174770127992e-05 2.8051977627883573e-06 2.3175443193129115e-06 6.269902332290997e-06 1.5739850857545383e-05 3.642399543816513e-05 7.939243161181755e-05 0.00016613834889153535 0.00033859998165093976 0.0006789919734416209 0.0013482215231677235 0.0025514283550795826 0.004482421758237939 0.0072807906114484965 0.010882319007873412 0.014887547789848713 0.017567211030092542 0.017740379788197144 0.017715611871946806
9.650394935723941e-06 3.0742020810027253e-06 4.50875264472002e-06 2.3309342680684237e-05 0.00011135625043120516 0.0004229203747625706 0.001310007080561699 0.0033870160492977053 0.0076263291458077516 0.015404725135058863 0.02540966935470569 0.03592873919429452 0.04331927148257137 0.04406203236931215 0.037672318300901494 0.026742218174778013 0.014695150065530366 0.006231212689855632 0.002379270459849042 0.0008195350620269709 0.0002511338162905256 6.411493565196769e-05 1.4103603622545692e-05 3.3995004441739007e-06 2.568476188337157e-06 5.3807162795854195e-06 1.2643052024573977e-05 2.887255122582429e-05 6.331729663482101e-05 0.00013427330529208138 0.0002779030015539959 0.0005658647640039917 0.0011406379115724038 0.002243501481501174 0.004096453366159476 0.006899564978710595 0.010671548780637337 0.014952916089219228 0.017577218296668775 0.017725709788104498 0.017694270016932676
9.651672674759263e-06 3.0769080313966348e-06 4.975402279059623e-06 2.9513682823250474e-05 0.00015500847842615627 0.0006318542312135633 0.0019954270381389366 0.005012224034880193 0.01075196637333462 0.020838898078144673 0.032814366247837436 0.04431801750232421 0.05309386738795414 0.054821318375696655 0.048269501983370856 0.03522589178448531 0.019602977993896046 0.008438445400238142 0.0032596643497299245 0.0011338413895610902 0.0003607460348355987 0.00010314253963411473 2.9061090638614532e-05 1.052768789240675e-05 7.264454116199442e-06 9.518953003787353e-06 1.6910650454412214e-05 3.323392458996032e-05 6.706008589698681e-05 0.00013560498051498198 0.00027300932358089613 0.0005470230478234343 0.0010925291350625643 0.0021668995115692313 0.004039095904995764 0.0069486270646644584 0.010978618693947562 0.015292650334199203 0.017648302604216 0.017710015878586557 0.017672305315406485
2.6988400863571273e-05 1.7480598427513725e-05 2.7475037159190798e-05 9.664597360956845e-05 0.0004139564880337615 0.00155073427043861 0.004355615437125699 0.00937462812897122 0.01746164842251055 0.0304513921635347 0.0454955640378138 0.05795912813790765 0.0676675827996967 0.07118488886435916 0.06530036250023152 0.049067084994945505 0.0285603212774478 0.013175375467399289 0.005472602701438587 0.0020300548163418642 0.0006977117336837361 0.00022944212629334116 7.935778368570127e-05 3.476396163004851e-05 2.2734953063611066e-05 2.2915368796314366e-05 3.137769062142386e-05 5.095820579627348e-05 9.029402724914882e-05 0.0001672260037049778 0.00031703017534431285 0.0006092165965772801 0.0011812528524959938 0.0023049759433809948 0.0043106182633026085 0.007462847935614781 0.011787688616805809 0.01586121610105058 0.017719233724899412 0.01769466963659752 0.017651293177445293
0.00011612112350594144 0.00010655698651669288 0.00017002696278881445 0.000462890729527598 0.0016577615527061588 0.005664276050980197 0.01255740617822483 0.02013668162530331 0.030033951887049666 0.044907658421897007 0.06324643387992306 0.07753626281035297 0.08769816921037159 0.09425724385877098 0.08965303160517316 0.07058833306137778 0.044363407271547584 0.02318534403150201 0.010907815754793795 0.004405035461317282 0.0016176601529758257 0.0005889850562811298 0.000230796325685133 0.00011059244299303384 7.058641233644391e-05 6.0927507904012306e-05 6.881563344797453e-05 9.398846753389301e-05 0.00014512144241587548 0.00024210375028943187 0.00042442914237854535 0.0007690565614751302 0.0014262717676007707 0.0026913684375898437 0.004971372803755476 0.008537583341165372 0.012927709319462622 0.016564704617265787 0.017719059234075525 0.017680961991924767 0.017632758737818974
0.0005407231695059365 0.0005784202387294017 0.0009071872972769089 0.0021157537099463692 0.006752471190015986 0.026024738047452672 0.03743798558129946 0.04079090467430485 0.04835134531439047 0.06206968311476438 0.08312804179448421 0.10387844560908631 0.12083988626712132 0.13437410192866664 0.1324093592954131 0.11082278141392829 0.07669571395960988 0.048176374179062884 0.027478375553468073 0.011829132966558594 0.004235616389217979 0.0015649652687842492 0.0006470464141810506 0.00032610084505317057 0.00020613861824984718 0.0001637576692059687 0.00016153518670247523 0.00019204254575166873 0.0002619514225945735 0.0003940629471511836 0.0006354058283340931 0.0010769615869286708 0.0018937221188332805 0.003424236309605533 0.006161077716415133 0.010094387226467171 0.014311582742031504 0.017247704095101558 0.017711441044411108 0.01767003422363296 0.017618085974448063
0.002390080910738444 0.002643637674255916 0.0038148039465466053 0.007311794033347308 0.017650248756852175 0.044649576829233324 0.06124905903970843 0.061999386781640214 0.06600224368626617 0.07953598277079425 0.10761111443131346 0.14325596206175473 0.17811420850083115 0.20057517754346782 0.20365775148274037 0.17904434571388597 0.13567349440247561 0.10353966526387473 0.08188719344946334 0.0355288982335712 0.011446067047248702 0.004170322539812092 0.0017289124074449417 0.0008612813307876486 0.0005357890311702429 0.0004127070200503742 0.0003770879381314893 0.00040793087063144143 0.0005053417451237434 0.000693272090219794 0.0010319466672195265 0.001634802252360268 0.0027168331872012732 0.004686881546521918 0.007955052258389064 0.01200958086570201 0.015807742253698766 0.017844648685940018 0.018000082278727833 0.01806859626956124 0.01806991132867052
0.009525648842347379 0.00997048080730866 0.012466935956131502 0.01871785189565919 0.03146114981226982 0.05174369104068666 0.06714812342659736 0.07309891787092584 0.0814019989052161 0.0994603573219556 0.13570497080689198 0.19232603234606976 0.2498136057297084 0.29567668895677585 0.31039501817852033 0.27912223133187114 0.22429451227917863 0.1827528427128862 0.13985860450412738 0.06783747128492318 0.024994916632441005 0.009703010211395547 0.004146939735744107 0.0020583788082685606 0.001229052030330515 0.0008983122464757922 0.0007944478345596546 0.0008154993839058301 0.0009584885487745184 0.001251708755301161 0.0017656508360072392 0.002631635382647131 0.004137197712586708 0.006632384266542482 0.010304665316244145 0.014458227424797672 0.017827322715100395 0.01899652545324391 0.019350192137004823 0.019586259722082718 0.019662235198643543
0.03312052623560352 0.030840961692049026 0.032655787153326545 0.038967267831489585 0.04919371441037304 0.06170393145933967 0.07256998368760748 0.0831288232872875 0.09744051789763286 0.12194197755434684 0.1634602639236262 0.23326138126326304 0.3181032595323568 0.3978389163569489 0.44371421163776537 0.4099273276537487 0.33828422792543683 0.26405287100488056 0.1804956817419313 0.0974868268655105 0.044680540203114176 0.01953027758315214 0.008843670949660603 0.004449287779145698 0.0025955596088608544 0.0017981291370987524 0.001492302643560186 0.0014828070744972038 0.0016910728397011925 0.00213194703260705 0.002907937873844017 0.004190014966548976 0.006123750083927503 0.009079199400706058 0.013192473971878192 0.017396311035161257 0.020207035992600635 0.0212302273655742 0.02194585565571727 0.022416707534404758 0.02261237156027102
0.09363912906351676 0.0770308284412777 0.07077653185281872 0.0704357692710232 0.07187656672759965 0.07600521009838113 0.08512463234101997 0.09814519561554053 0.11596962342213836 0.14089065845324356 0.17800995218538432 0.23828730111305133 0.333112330627 0.4400664832093115 0.5209587660018455 0.5119331752731151 0.45753366023746816 0.36394483954429074 0.2482176675666463 0.14358614919002766 0.07459509552809053 0.035789099497395616 0.017114872498283702 0.00876437595205435 0.0050444368442895925 0.003362405725701034 0.0026239379348544974 0.0023892834219146498 0.0026000872556759783 0.003142739773391079 0.004066685865399721 0.005535849579432785 0.007852854567182013 0.011253673788875283 0.015322903794269187 0.019039219608760385 0.021357213600344163 0.02347141780322249 0.025413947188158318 0.026817924779151778 0.027360905579335022
0.1965039418580045 0.1558263720732111 0.13046797984745984 0.11363510319054565 0.10068042917210485 0.09782638697442578 0.10370286902939328 0.11279569464680056 0.12362351310888159 0.137744941909372 0.1584139469998566 0.19279823691293227 0.25714923243783905 0.3599767167499763 0.4496039813510561 0.5032714349625348 0.5029089547733399 0.4379367442825939 0.32812713621463424 0.21347709526426503 0.12305310572547307 0.06250222193029321 0.030842843040034474 0.01593379683824841 0.009050790441505642 0.005719682337316377 0.004078306594748047 0.003332977977035704 0.003260352367019389 0.003706949182648169 0.004557750609130955 0.0060498877669351156 0.00842917668524397 0.011928194266379517 0.015750031654265365 0.01858720675687019 0.021514439255231468 0.024876378986120287 0.028364947544829332 0.03152347570117974 0.03377575687301682
0.3054148034484388 0.25012419867269653 0.20130532595369144 0.16094264599609678 0.13515430634184836 0.12173655670027952 0.11506128770287238 0.11226976338379124 0.11227950418556841 0.11413145105294062 0.11813657111519824 0.12713543171743877 0.15294902821622583 0.21368016166083093 0.3137345354606383 0.4142068709985017 0.47044588987725633 0.45341642869662263 0.3734658232012039 0.27040762629020265 0.17092001802272114 0.09517264074146287 0.049296324814251044 0.02539551785711871 0.013660987789049095 0.007928222695387545 0.005118407401182663 0.0037496731160038656 0.0032535706410535947 0.003436874003273662 0.004149702464965476 0.00543234993770825 0.007502455410390217 0.010505494862930816 0.013677998434307193 0.016995409934664748 0.020744873671304894 0.025357236182496714 0.03058923677233225 0.03594007528875897 0.04057789254467922
0.3876195818796147 0.32748307639537966 0.26027228633063576 0.20297749327212716 0.16473722017601866 0.13348168957839668 0.11238275269544766 0.09852552051097438 0.0893101713609499 0.08324612522907289 0.07862491423842038 0.0738713985266607 0.07078488464910818 0.11208440824967549 0.19533300455470615 0.2999395517579753 0.37844630721428124 0.39523443500041383 0.3502903864527117 0.27117103539418674 0.17980750972058046 0.10629970503935542 0.05858988720051915 0.03021186993096471 0.015290110903548777 0.00830377660667551 0.00498002617791549 0.0033408623997285445 0.002615257029298728 0.0025629713164729067 0.0030580008376830826 0.003982746103629539 0.005497001893486338 0.007644714213955232 0.010592216329296356 0.014506509166743961 0.019183204944799078 0.02493747352674067 0.0320154526826794 0.039940177762141274 0.04764558475985893
0.42830746320330826 0.36836136986579454 0.2915013629142157 0.2243883109011142 0.1700913050358911 0.1272353890781654 0.09661472460977213 0.07693263621398287 0.06402440886466754 0.0555010919235689 0.04989851405568349 0.04522311352885073 0.045323594220891605 0.0718214493221926 0.12494995187968669 0.19535778646048874 0.2631144333604421 0.2921660733946965 0.27206978546272725 0.21325034026285034 0.1431360493405505 0.08672743457412863 0.04777975118310571 0.024697400007153307 0.012409573916547505 0.006337295462850043 0.0035721865892790554 0.0022550111529852134 0.0016826039798417468 0.0015648052417285426 0.0018157365479958953 0.00237267117224382 0.0033544109240128054 0.004994511892542286 0.007592974679942807 0.011509469031046712 0.016927027530114 0.023733275615323228 0.032661457061956806 0.043499537706407986 0.05500149658749247
0.4209136523805008 0.365654096454798 0.28474547988509635 0.20885001580583148 0.1491083163016801 0.10455714840038356 0.07291212992927384 0.0531247185884996 0.0410500551071473 0.03382405667576868 0.0301123789638246 0.03001044865072879 0.03552143115397137 0.052832061253712356 0.08576286096924422 0.13026724077280724 0.1705703477370445 0.1874484450221097 0.172909418507805 0.13074619733586587 0.08573659297396471 0.050170749792694536 0.02677642235825188 0.013654451544168415 0.006845227731602889 0.0034405526555859487 0.0018200183130136385 0.0010905160392684092 0.0007974757280130077 0.0007316412018554734 0.0008442559567226181 0.0011788905457813625 0.0018280112442581786 0.002994173000473747 0.005058740169208589 0.008556027703258456 0.014090526457899506 0.021921420265924134 0.03262657445839419 0.04671060852207656 0.06283813154149957
