_RESULTS/POSTPROCESSED/Berg/GZ/7comp/Berg_GZ_z_0_kriged_reverse_7comp_test_gaussian.asc
ncols 100
nrows 90
xllcorner  5.6208707817415728
yllcorner 50.959635321741573
cellsize 0.00013419651685393446
nodata_value 1.7014100000000001E+038
[rows 18 to 35 of 90, columns 0 to 40 of 100]
0.003875900667935503 0.004071985549935602 0.004326074062012426 0.004651030851173765 0.005060804263113418 0.0055692468478370834 0.006187861611408428 0.00692211775051931 0.0077662816593002 0.0086974630397308 0.009670805585180844 0.010619031255579931 0.011459821531681211 0.01211252683449769 0.01252125117728079 0.012676631209693007 0.012627505397036998 0.012478549708571204 0.012378796281949258 0.012513584525222915 0.013115880010931781 0.014515068332986814 0.017250639319069786 0.02230497674949752 0.03156026592417121 0.04863262805585435 0.08009668884780896 0.136128226105266 0.22666693578518557 0.34641437182189777 0.45300868084095225 0.4743762790624927 0.37352573967808506 0.20785557899698023 0.078339612381151 0.020086050438851675 0.003699552020436936 0.0005377716823893068 6.997926355841629e-05 9.452012090349633e-06 1.5460153268418616e-06
0.004064602597262544 0.004330274751590609 0.004677186228360955 0.005125478800683098 0.005698181020598096 0.006419796163437631 0.007313029512353357 0.008392785438493056 0.00965695640777838 0.011074841469652577 0.012576495563147187 0.014049228253316679 0.015348631406531709 0.01632792445078778 0.016880216569000357 0.01697803868901945 0.01669184291395462 0.01617921931306632 0.015654044601180125 0.015357518347042493 0.01555405567795474 0.016569366070284478 0.018887820197062626 0.02334050709377912 0.03144137375393856 0.04592720756343495 0.07136680158224731 0.1138989597831482 0.17738140218825543 0.2528442593197487 0.30752841788019486 0.29770192600481504 0.21465522943110615 0.10887209541321752 0.03769601573760263 0.009033688652348644 0.0015888068355215748 0.00022621899153850948 2.9723373360698725e-05 4.1952650008432725e-06 7.431526125318148e-07
0.004306124109736611 0.004663315783146232 0.0051343385437736646 0.005750720574588873 0.006550217366793379 0.007575305775869192 0.008868531802454376 0.010462818097321233 0.012365261273641306 0.014535207893721586 0.016862252242064713 0.019156158905214864 0.021163989894303868 0.02262306744998038 0.023339409709214238 0.023259742759447713 0.022500160744620152 0.021316238408776837 0.020034447715760382 0.01898620675027387 0.01848051196863917 0.0188307794748369 0.020437895199325266 0.023934764616493822 0.03040741055596438 0.04168188619672182 0.0604914452631521 0.08980631384046717 0.1297934821793842 0.17163966902851893 0.19386029115758763 0.17443814677300667 0.11724064290903709 0.056002663381833996 0.018632348292192204 0.004405040166991559 0.000787381141310063 0.0001177169655013768 1.681078568957715e-05 2.668193468018094e-06 5.478650599406266e-07
0.0046111202192617605 0.005088038028607706 0.005724504257161596 0.006569677714355473 0.00768481795642037 0.009142017883655559 0.011017701782464877 0.01337704157092006 0.01624574396930028 0.0195695334976819 0.023171098582178667 0.026727562285745413 0.029799175391889806 0.03192691099059762 0.03277759240352806 0.03227196218934665 0.030624389482112057 0.02827069468236051 0.02572923066385614 0.02347410721428368 0.02187785848814075 0.021233915687110853 0.021838190292145784 0.024106907648785057 0.028715326509220134 0.036718141431889416 0.049490679352985734 0.06804603689354909 0.09104646318428156 0.11177571241861775 0.11789890928010079 0.09998992393416237 0.06426160659968824 0.030013095113934123 0.010058736658859514 0.002479716289142409 0.00047962686545083234 8.058139036031781e-05 1.340614055812669e-05 2.5567001062259335e-06 6.449106659429235e-07
0.004990884847426694 0.005623341219534272 0.006479189696645489 0.007634466252244849 0.009187169098018314 0.011256832063921847 0.013975458536714839 0.017462396730502587 0.021775635201702486 0.026838763944044892 0.03236101780010319 0.03779437826962141 0.042386939770613065 0.045364397763325515 0.04619260896221924 0.04479326477638526 0.04158406434211403 0.03731780619542976 0.032821012556302404 0.028776705698850047 0.025637189365565017 0.0236610788646312 0.02301787662640755 0.023905954439241445 0.026650368978572595 0.03174159029719099 0.03971075897309077 0.05061534381571116 0.06291522192244883 0.07221769805019179 0.07203603045250219 0.05876826559081199 0.037211003564580875 0.017669305291926268 0.006251681485255165 0.0016956319249780574 0.0003764018973914563 7.555474451780673e-05 1.5545990273561307e-05 3.759384795095689e-06 1.2164708699919412e-06
0.005456514680130211 0.006289023014352398 0.007433158383017868 0.009005045063814422 0.011158561749019781 0.014086610876061414 0.018008133429566073 0.023127201361678434 0.02954973525276769 0.037155690900487606 0.045459054382299566 0.05353818683430085 0.06014438600187452 0.06403623305860268 0.06443372455642643 0.061349978983891454 0.055591256086528366 0.0484256551032553 0.04112939559613303 0.03465431497304702 0.029527706101244427 0.025938879427706424 0.023900130222083035 0.02339319753710215 0.024460154835218902 0.02721640963915587 0.03173765857883962 0.03772990459668923 0.043952210979211245 0.04776423144446525 0.045855998353616846 0.0368636898167312 0.023726606884740903 0.011897955917162245 0.00464283631090395 0.0014538001864698121 0.0003895713921829258 9.820787229599092e-05 2.6155748140731538e-05 8.323924944020716e-06 3.54283733446617e-06
0.006017543670859618 0.007103685176426577 0.008621274012377356 0.0107444879061249 0.013709222605830265 0.01781687340502952 0.023414502283422765 0.03082737389768592 0.04021861869594223 0.051374106367989766 0.06347450081380089 0.07500457050476314 0.08398101798660747 0.08854770648357946 0.08770767329343072 0.0817668537398493 0.07219789565162833 0.061019688757939845 0.050082623013391496 0.040622764303574976 0.03319371094356404 0.02785239165046337 0.02441057634967999 0.022629772608893824 0.02232265990169353 0.02336398501762862 0.025606989706783812 0.028684465041583465 0.03171854496429567 0.03316303738062645 0.03126871698402145 0.0253961388432422 0.01711855939482974 0.009379948541551126 0.004190227518087606 0.0015748531434683019 0.0005293040935361275 0.00017350077305074084 6.150637203336152e-05 2.6225482954974417e-05 1.4758247005100252e-05
0.006680047888759151 0.008081429479801503 0.010072829814290186 0.012909298024485455 0.01694167355960092 0.02262281757110067 0.030474666664916914 0.04097618368289722 0.054332743761429735 0.07013265619765492 0.08700965248577536 0.10256946281268285 0.11385180145539074 0.11832591613154642 0.11495937227256688 0.10469171577649988 0.08999648005304721 0.07384173796682006 0.0586876253352674 0.04598212831810572 0.0362003512309291 0.02918165006576839 0.024492416368270816 0.021672112198115934 0.02034472819943214 0.020228726399688545 0.021073520409072018 0.02253381280144169 0.024010928339052853 0.02457971406313351 0.02322798299264615 0.019506724356684463 0.014128696497825194 0.008694131819538582 0.004571710205973985 0.002117908325781781 0.0009137175441992774 0.0003962081184738047 0.00018859494116310276 0.00010752534196631141 7.887362488703979e-05
0.007444493601562033 0.00922759172403755 0.011803404988527263 0.015534193374909416 0.020922663386338365 0.028618087015901253 0.03935806076954285 0.05378401498381338 0.07207727194320218 0.09344812796791921 0.11569674650947412 0.135253734807881 0.1480428031903197 0.15100238888246667 0.1434539461837671 0.12741010418096885 0.10662787591220961 0.08507204145064495 0.0656880216895428 0.04995734054674213 0.03813235086248466 0.029755393387143936 0.024124919226241322 0.020574074319042533 0.01857831054261147 0.017755780731166047 0.01780975971406083 0.01843739218643557 0.01922648153286264 0.019597863646624837 0.018900931914139118 0.01672726350621332 0.013271180035210427 0.009341527486094806 0.005876704949612969 0.003397619511120103 0.0018942250461599427 0.0010855968424933386 0.0006868282359708267 0.0005129581086084965 0.00047539577947733704
0.008304031057511504 0.010534574719809859 0.013805797309391661 0.018613576707687193 0.025646911782441818 0.03578659001399417 0.050001049471191675 0.06905181733589094 0.09295187781932582 0.12027288078668576 0.14767332939764727 0.1702207203652141 0.18283238943754282 0.1823488126700182 0.16900391469212064 0.14627981225903097 0.1192891208746502 0.09279144603978817 0.06991484643402071 0.0519251654694257 0.038718029057624934 0.029504616308881838 0.023338542954642404 0.01939217702497822 0.017042082336111153 0.01585179305306762 0.015511557701757174 0.015762110780309015 0.01631579469737291 0.016799488081611826 0.01676951434863587 0.01584595931998837 0.01392613181112383 0.011304470984532038 0.008539688023664376 0.006148530618158624 0.004388474489868804 0.0032655765646432285 0.0026732799097091077 0.0025229924748060373 0.002826588242334192
0.009244394191340955 0.01197985362978845 0.01604372786595372 0.022086333128454372 0.03100485822804256 0.04392040418935598 0.06199858076153486 0.08600363159468268 0.11555227360964175 0.14827965564756623 0.17948475940629618 0.2029436246742782 0.2130278113103768 0.2071668021780566 0.1870651494354695 0.15782499328220098 0.12565192456245 0.0956419216139434 0.0706963527150162 0.05163188670360629 0.037924347404806394 0.02849237856250362 0.022219326008914252 0.018189991203119045 0.015740733856296842 0.014422733850102327 0.01393790400442464 0.014071454978505767 0.014627702784600238 0.015376141441685393 0.016027867902805203 0.016272248911523558 0.015882069749777815 0.014833734549882734 0.013344543701976169 0.0117817285690801 0.010516416941520576 0.009843133177150236 0.010018961365386136 0.0114017464287379 0.014658176727141325
0.010246753668282236 0.013528861214327434 0.018453695314009637 0.02583455017149838 0.036775133138426626 0.0526037171887006 0.07458463726084263 0.10329023028337828 0.1376657197049635 0.17417050610367246 0.20675351062517047 0.2283283131499488 0.2334917392326223 0.221008044187247 0.1943668860984353 0.16004761113718394 0.12476213761082275 0.09335010163318816 0.06811061818680872 0.049286043592480774 0.03597311341999311 0.026903918731196245 0.020898874832109362 0.017039120577392472 0.014678801546591447 0.013393653396772653 0.012917085742802854 0.013081986116874469 0.013770328239270891 0.014869354774800296 0.0162387148503542 0.017702368485422792 0.019081625372158312 0.020269254230593902 0.021314493762675794 0.022477792268799198 0.024249263937070806 0.027382984148172054 0.0330268816257253 0.04299133380581329 0.060039425254525006
0.011294436481802568 0.015144892984684827 0.02095972030603582 0.029706177475302062 0.04266188237300557 0.06128073242133016 0.0867665814620894 0.11926054489844964 0.1567924631538619 0.19457960706542765 0.22554094567432564 0.2424672167695022 0.24104873331251908 0.2219087207773141 0.190216848904037 0.1532174159403686 0.11739362037453895 0.0868034814887766 0.06293296903714242 0.045473408272341115 0.03326863452869127 0.025000301818803305 0.019532914336797245 0.01601661849777809 0.01386899050431048 0.012717365775108963 0.0123406226674658 0.012622617750601695 0.013517164612430695 0.015021013631754683 0.017153209986657057 0.019944901154915987 0.023450922924946903 0.027798695931927454 0.03328722159261384 0.04054368789915385 0.050749996873391504 0.06596540566158025 0.08953723047973632 0.1263361725193781 0.18176228668436112
0.012383293918608027 0.016806014709196418 0.02350157170974275 0.03356349290324915 0.04838055647036261 0.06941105952501507 0.09760670649699198 0.13245390307156302 0.17094247672116394 0.20722116647516167 0.2337692034673972 0.2441038103161619 0.23568430794991369 0.21109222695283691 0.17666751392641963 0.1396430977193105 0.10564019881376424 0.07764147891762944 0.05631744251087775 0.040946470806035876 0.03027575537977819 0.02305703694577668 0.01827694975800075 0.015200986766168968 0.013336684120276313 0.012377747913869199 0.01215574581058758 0.0126068319655537 0.013753192814502043 0.015697203861210155 0.018627789003797947 0.022842553999450236 0.028796528993277847 0.03719926361828521 0.04919534712509644 0.06667370956997902 0.09273856189826168 0.13227024450570035 0.19211442803697087 0.27944025292332686 0.3953945676564297
0.01353419691760884 0.018526084234211582 0.02607088061794929 0.03734617560316125 0.05376883849299342 0.07666267303896589 0.10654495987866203 0.14209973561095252 0.17931955607820294 0.21167012387344283 0.23189202304499135 0.2349339150502522 0.22030561354885875 0.19221905070351056 0.15747105377476867 0.12260750202935732 0.09203276626146896 0.06762961940254565 0.049405490393091826 0.036404191562408365 0.027407669838124274 0.0213136647326522 0.01726846901130891 0.014669922702524003 0.013123140444599519 0.012391685354213314 0.012360917741066825 0.013018014474851375 0.014449448764227536 0.016857466628817756 0.020600459170221973 0.026268034865923273 0.034810993018473735 0.04775972989586649 0.06757691973812356 0.09817661276881756 0.14552092216671553 0.21778045740693863 0.32353345959739305 0.4651358044990601 0.625420555965718
0.014805682570452573 0.02037551183043503 0.028745689274761798 0.04112901270872307 0.058881615722629344 0.08306125838182428 0.11361269924137322 0.14837398132364968 0.182531825773017 0.2093563997394748 0.22247051442339624 0.21864665726211036 0.19932202481346023 0.16976314628321432 0.1365601996289761 0.10516771122149439 0.07871912305212245 0.058163169289274445 0.04305455207710845 0.03235625889739139 0.024964311390279027 0.019949876662351696 0.0166211228639172 0.014502347151066191 0.013289923637207135 0.01281265184428224 0.013006378476115863 0.013905895559757615 0.015656528447879993 0.01855088046770421 0.023102159378529077 0.030174713175584462 0.04120471209340885 0.05855439299117153 0.08602972471315229 0.12948463045079434 0.19707473515592355 0.2978924179432059 0.43660335154130847 0.6022092237012215 0.7551839427223483
0.016305958997110938 0.022499080221114957 0.03171646658935101 0.045158433632306046 0.06403786905972128 0.08903802568359899 0.11944872860561165 0.15230829075968733 0.18226907233059045 0.2028687363815631 0.20903004042353376 0.19941544739055303 0.17700812420620324 0.1475337337005482 0.1169256276494218 0.08943038222495867 0.06706170085992394 0.050073005507396504 0.037756530506456956 0.029094531490654277 0.023126159764132584 0.019088073047160023 0.016430596920093073 0.014785563253906536 0.013926529824084774 0.01373828207035994 0.014201215892780958 0.015393024125013238 0.01751159491248787 0.0209277172183238 0.026284046445344367 0.03466792651749548 0.04789712778912365 0.06895419138057433 0.1025376831779554 0.1554499618399006 0.23594091106780815 0.35025339254908655 0.49463683265614866 0.6445461005461286 0.7500462702687145
0.018206076546353006 0.025132702762952097 0.03530491122561923 0.04986788034848273 0.069818733465561 0.09538077180138138 0.12514900551744582 0.1554572480989892 0.18070037617472098 0.195043059097778 0.1949081300896653 0.18069186032754486 0.15647034218040656 0.12796662798095113 0.10024782689213613 0.07643472004599759 0.05765380872868698 0.0436862014267636 0.03369710850765719 0.026736735133151977 0.021982877657722208 0.018811866899206144 0.016787779664748658 0.01562657615614041 0.015162050458963273 0.01532352900081482 0.016128398950408584 0.017691653334875206 0.020257282563010695 0.024261810138808258 0.03044863580912021 0.0400620890858205 0.05515495704897513 0.07901580987837735 0.11659022257821841 0.17440131779803766 0.2588155817212477 0.3711165915217071 0.49945600394382267 0.6123332474659645 0.6623465332873004
