_RESULTS/POSTPROCESSED/Berg/GZ/7comp/Berg_GZ_z_0_kriged_reverse_7comp_test_spherical.asc
ncols 100
nrows 90
xllcorner  5.6208707817415728
yllcorner 50.959635321741573
cellsize 0.00013419651685393446
nodata_value 1.7014100000000001E+038
[rows 36 to 53 of 90, columns 0 to 39 of 100]
0.006065292467916654 0.008417705926798602 0.011881205901194443 0.016851185292002063 0.023749454405992135 0.033335634602294245 0.04576777509197231 0.059813303736871014 0.07177792537837381 0.0766370946026709 0.07238820440558215 0.061468717889249014 0.04812819869146519 0.03559091563399367 0.025358366499941023 0.017705631075469755 0.01253816974248408 0.0092155926503693 0.007092015937819141 0.005762596937994241 0.004983729448967791 0.004606554864303944 0.004448990731595953 0.004472835708960983 0.00459017692255409 0.004693732683082309 0.004792471937005261 0.00502833822228681 0.0054151620380583215 0.005958580695739226 0.006782798008098148 0.008075047215300796 0.009981871733431073 0.01270827421113218 0.016502737089663603 0.021603256061406607 0.02901181973813626 0.03956194915303895 0.05292661948293296 0.06691789445743716
0.006990951990789405 0.009739729930697582 0.013706473825351317 0.019232676719519923 0.02652858122716807 0.03547208402179402 0.045812762922144416 0.05603069141528825 0.0635430141380915 0.06588012630966229 0.06153846462356927 0.05214174879820886 0.04082848559301419 0.030171223337283885 0.02146399219125026 0.015152453295700676 0.011018880647096956 0.008341612691167332 0.006632451409273812 0.005583530898195747 0.0050133958369255075 0.004832816501049085 0.004958651846424757 0.005279056804002117 0.005652953113772928 0.006002496660579102 0.0062511582497375776 0.00639814008467009 0.006654465141504126 0.00706987073503663 0.0078426116860302 0.009048972629427587 0.010794105744893845 0.013217535598247359 0.016470202058546067 0.02066118034778153 0.02577001266691755 0.03241213997937683 0.04095480721489887 0.05048016534118219
0.008403373740642284 0.011729779129683107 0.016442137030802155 0.022839677305773482 0.0309872279213839 0.04040485404518458 0.049790407452055006 0.05761256419796921 0.06181543275911909 0.06096139296587984 0.05541131303503237 0.0463438207185089 0.03595217914358747 0.026386443002772646 0.01875070449027898 0.013526252708528452 0.01009700988042351 0.007878855401360673 0.00648347270108879 0.005669722641424141 0.0053041563197762384 0.0053384790601112685 0.005792751452275075 0.006526324931798368 0.007309612960510587 0.0079895567582868 0.008404868074600466 0.008483585826315415 0.008500363948102121 0.008790092421915455 0.0094485887441951 0.010515237882866551 0.012064827031801433 0.01419388142523917 0.016997083133943398 0.02052299501641919 0.024702904768749832 0.0292653899508026 0.03427922555407318 0.03975340586188875
0.01048696962300512 0.014642509936080825 0.020434399144367572 0.02813834537495707 0.03769755027761848 0.04836101448908959 0.058368973141474885 0.06512254247280846 0.06650738312247624 0.062254761305327186 0.0537085407632477 0.043426150692842454 0.03307282019538731 0.02394559887072826 0.017115958950535592 0.012583947638360196 0.009629620505830598 0.007745787838660636 0.006604698814374798 0.006013191381768134 0.005880902895565952 0.006207950023127884 0.007096782917742592 0.00841591233546218 0.009743695253207244 0.010874961868272576 0.011583572007292054 0.011698911738694358 0.011397204554609372 0.011421992194781733 0.011823891317817529 0.012631783104304965 0.01389676812995765 0.015687538354244034 0.018072623039653596 0.021089605313116263 0.02467005829083304 0.02858101077322656 0.03237845423960158 0.03557089402109536
0.013520062092292796 0.018846326358955945 0.026158773576739923 0.035736598618963146 0.04744629290326663 0.06029992100195568 0.07201358048494262 0.07913800141210614 0.07858161244360233 0.07007798494208241 0.056922736491573665 0.04334564747054799 0.03182194494285891 0.022636809747183823 0.016296490233094693 0.012170864290473475 0.009532692089285578 0.007902336292413487 0.006987883688275433 0.006635771774074204 0.006804407932051758 0.007557010838769978 0.008991961583078521 0.010997492738879355 0.013141673745905932 0.01505586619578057 0.01629836397471068 0.016544949607463492 0.016147041333553703 0.01566848104015304 0.01557832669286968 0.01592129592408232 0.016744519513766015 0.018098356228865208 0.02002799622480603 0.022555804010834995 0.025646568932961602 0.029153480583271406 0.03275548355773802 0.035806347325601416
0.017911711709450117 0.02485190965549382 0.034218631245142794 0.04632420951153417 0.061050807892591624 0.0773269443382011 0.09237049040408632 0.1012687572565837 0.09881560058819856 0.08459605943825868 0.06478200054927893 0.0462245021948242 0.0320056647575375 0.022307761354210275 0.01610783251405179 0.012191169729176252 0.009762923954272315 0.008338755295894477 0.007642035065689482 0.007548393788608673 0.008060743643386709 0.009309766086259531 0.011350195340615987 0.014316363780697937 0.01777080907270481 0.02113287681502467 0.023623250130602527 0.024430807030842813 0.024051257351422356 0.022896730560324156 0.021668474491351918 0.021042079480372518 0.021073511965322846 0.021780264753604412 0.02317392298017547 0.02526163163627163 0.028021804437461054 0.031348234383524194 0.03495500811155311 0.03826276025230183
0.024256932984195186 0.033342191906761014 0.04530007534461517 0.06047597069195761 0.07890678328363457 0.0998373619961562 0.12060457525181024 0.13457049337093493 0.1308976657701673 0.10650799046189927 0.075451200218554 0.05004982596636884 0.03271692030314766 0.022185344861959586 0.01610379674766994 0.012356679292859014 0.01009841448931879 0.008845406730782568 0.00834812541535317 0.008525875507481687 0.009452956168196903 0.011227130436711748 0.014032781165176473 0.01831711161691915 0.024012229912558546 0.030302957864389937 0.03548106528411098 0.03757716917557927 0.03691449052294429 0.034412671535464234 0.031355316947637775 0.028765033320710634 0.027345291318954638 0.027003521483685015 0.02764626236360903 0.02923122655209597 0.031748122618648913 0.03516211170982398 0.03928461512230847 0.042801847810237346
0.03342606029636101 0.04521146785343592 0.06007468994912201 0.07829211316623172 0.10013499078633467 0.1256772287767032 0.15398696171984624 0.17980145749874088 0.18129010266239565 0.1361548313128455 0.08628829429164882 0.052845384244884074 0.032762935887746855 0.02163972937503364 0.01572706320291279 0.012260951754739142 0.010238674167428574 0.009204571685742131 0.00894996608948982 0.00945161671771584 0.010761416746622548 0.013020839955914541 0.016719066619096053 0.022890276699735892 0.03206140890082741 0.04362052739406289 0.05466566395116875 0.05962678445614718 0.0572571826761975 0.05116407894844351 0.044903649081624454 0.03978405339959453 0.036060204299370055 0.03404590078415981 0.03356957045742776 0.03445463559586769 0.03667485246374579 0.04026983207145492 0.04397835073723485 0.046740641487103454
0.046724101123841566 0.06164368417148189 0.07908942133354012 0.09903588501167492 0.12186478457835899 0.14837041901152834 0.17969878485329524 0.21725819744505998 0.25791533039715087 0.1587894279407536 0.09004740120030702 0.05225709545693886 0.031434051994416214 0.020503405229501583 0.014905576472357485 0.011859712868757455 0.01014548867880087 0.0093716723337955 0.00938760698025114 0.010126361640432957 0.011660737361861443 0.014344597491053714 0.01906516592368489 0.02732646955329722 0.04075094232676302 0.06046742239211925 0.08456905462279357 0.09641677671524267 0.08626057489748896 0.07214553325953535 0.0608023766840468 0.052547059111618964 0.046801256022123615 0.043055112049813764 0.041027600780657515 0.040844695461093636 0.04245130048360455 0.04438315474207179 0.046111756923766005 0.047925576114043744
0.06602641330236665 0.08428065009279388 0.1027046614297431 0.12109654456641562 0.13994708978348316 0.15997937387349054 0.18128470581818132 0.20056606254356424 0.1956961079099707 0.1358991084691873 0.0804387137057571 0.047192211153938464 0.028528434922037653 0.018729450677595745 0.01372627297632722 0.011184441935189589 0.009830792486933741 0.009328338600873823 0.009479251433740133 0.010292418784225463 0.0119433700123399 0.015002055867940274 0.020483715443825278 0.030296958807346643 0.04697737821664339 0.0740300596297457 0.11756961035637534 0.14784008866790044 0.11374725590190739 0.09080889949699358 0.07517716887319462 0.06437525018458992 0.05692825338097285 0.05197359369434897 0.049042279213930964 0.047944595539998046 0.04714774912767131 0.04563632810581049 0.044180188210304255 0.043420648384607526
0.09208973168858837 0.11432384572330745 0.13086512912840914 0.1422734000452252 0.15108174322925672 0.15812686824019673 0.16207385309916775 0.15787759959757364 0.13668234262707735 0.09941657029520279 0.06387827631990896 0.039445124931945935 0.024637875266474162 0.016553202752210835 0.012368983251543857 0.010333461139294642 0.009285209266659551 0.008895273500221929 0.009089960642237372 0.009909902454469656 0.011616621845949839 0.014826808657344624 0.020534903367380685 0.030701385073144103 0.047615659211114644 0.07387446435317789 0.10914960270715816 0.12940071116623988 0.11604222659805374 0.0978468376753665 0.08324950040788477 0.07233492140600112 0.06433420614654005 0.0586358420449613 0.05487578965532186 0.05194791782685043 0.04755859783796062 0.0425419574327668 0.03765808715791985 0.03323886041857446
0.1260167182129553 0.1495094040628556 0.15809492923559898 0.15780193855834804 0.15341053588682543 0.14643939487147345 0.1361384137909443 0.12044901921446734 0.09797902287975824 0.07190831062144223 0.048627828353974334 0.031667421146658714 0.020668181144281348 0.014304580568588937 0.010901791284881043 0.009217512472635615 0.008377247265886442 0.008089188943119753 0.008304807424252617 0.009083994731630511 0.0107715245460682 0.01386124568080104 0.01925539451388603 0.028585892346496968 0.04312307220608276 0.06341633729619736 0.0859022214946046 0.09984400674714718 0.10018946770936088 0.09260403539555462 0.08337255310673851 0.0748866596566124 0.0677154272507586 0.06192165421266674 0.05731301233336171 0.05099368356360599 0.043234281001455106 0.03537824162402912 0.028197060433924812 0.0219003920024703
0.16950087138824846 0.18481447021620234 0.17417410084392074 0.15823847538204472 0.14208841520042026 0.1260431856571891 0.10924448797328205 0.09091214000211752 0.07137000312061857 0.052504203387053236 0.036816780256354584 0.025223455266696997 0.017284987981128114 0.012353610548766148 0.00961691183444121 0.00822951759630872 0.00753048656727686 0.007256849741981789 0.007390307509877237 0.008055254753106438 0.009575215809024448 0.012352925554509408 0.017095564324814513 0.024948208416129682 0.03634366691088996 0.05104560957810227 0.06633986287972646 0.07712518162131607 0.08192187547888459 0.08137051894470243 0.07769510651833274 0.07263756019969766 0.06713764332308572 0.061735811227385244 0.055392814062662325 0.04617194518223421 0.03620404108685587 0.02704681362428457 0.019408138165387716 0.013390320234184117
0.2247983918694605 0.19680122668407968 0.1654514860686121 0.1400594350571328 0.11874663735940486 0.09996765619979256 0.08264152649394461 0.06628911671425397 0.05162968094410373 0.0390095628865203 0.028660905399878988 0.02070587724767964 0.014935013654509171 0.011051557149815252 0.008803486733077452 0.007634760350951247 0.007024435615087273 0.006740658497892561 0.006776633407259294 0.007297124310227699 0.008503163749746053 0.010722694382505208 0.014607487796892325 0.020853481650729755 0.029444503282217194 0.040096756699279736 0.05120235415206996 0.05998732523076129 0.06596445185003212 0.06901173304261178 0.06933675675247132 0.06741381981537116 0.06372457289033279 0.058801444355612555 0.050358940174179946 0.03938096990413276 0.028624202961788782 0.019615182448315616 0.012792710802039047 0.00797672802113881
0.15069048978155442 0.15024782246849633 0.12930388158668846 0.10831300776811413 0.08983555966672177 0.07368849128899287 0.05972683713532078 0.048272549791184394 0.038548623974162415 0.030227725410181476 0.023280018681228407 0.017715867132033103 0.01345234815130272 0.010345028110913907 0.008435068366213043 0.007417182053518401 0.006845066191700172 0.006525817139373657 0.006477415821351852 0.006866837861592341 0.00781704919432022 0.009561395596548597 0.012540239815601583 0.017038800019759423 0.023363551227072843 0.031186444558107894 0.0395822777234415 0.047009306274013715 0.05294420575782577 0.05762603708296846 0.0604993951976217 0.06104318247123557 0.05892224069301892 0.0538771402597359 0.04393854159232176 0.03229155776413513 0.02186474695533887 0.013867753707214162 0.0083324345597398 0.004779537994182402
0.08942634952973767 0.09433582331953477 0.0868505350694099 0.0749115022177572 0.06258013781465907 0.05170061709276573 0.04307163665996369 0.035926114680472306 0.029778898183018123 0.0244123238405869 0.019774933274362194 0.015875204128698396 0.012707473226684996 0.01022569747203139 0.008533596750360556 0.007605073816987511 0.007018787687085155 0.006629938138709162 0.006488484181628877 0.006746502634816812 0.007480478109633935 0.008860037319251965 0.011100854032221833 0.014227929683993378 0.018490530596406353 0.024140607436765573 0.03060372090874906 0.03694142726783689 0.04247208495914897 0.04773974006225013 0.052217893524683534 0.0547641366606247 0.05395832803358459 0.04829651826800069 0.03739989762047971 0.025871376988160923 0.01643774595964297 0.009768099780217766 0.005494698963687592 0.0029527072019344012
0.05360285025256739 0.05689000897588588 0.0543890064785956 0.0484432936243103 0.04173407132114681 0.036116116383769846 0.031431447000901364 0.027401792309099365 0.023815642874943834 0.02055818140630724 0.017597082453776527 0.014948939628965333 0.012644894242806433 0.010707991580248075 0.00919485554364934 0.0082914765764811 0.0076275921931754104 0.0071173311462244945 0.006847546066447673 0.00695568511912645 0.007489781695786949 0.008565086169013442 0.01013892260914355 0.012259480246478943 0.015081232697544973 0.018796969112907787 0.02360557105319798 0.028886027668168772 0.033976368963870573 0.039166462004911855 0.044602755850506756 0.0490864554313389 0.04966694355279537 0.0428904349816678 0.03128178214963672 0.020432308584573112 0.012320066928148002 0.006970127231363334 0.0037403257626427854 0.0019211258065945907
0.03279758805379073 0.03448763444111691 0.03349089113756239 0.030731205563539664 0.027972102966116574 0.02553545465017837 0.023411402530720063 0.021517191940037386 0.0197616082742581 0.01807750460953893 0.016433399297768807 0.01483202187159827 0.01330201546580651 0.0118879120172417 0.010641579818310098 0.009678974327814553 0.008845106586495307 0.008125838929978093 0.007652460901758381 0.0075611949002391 0.00788079740191619 0.008570911526222642 0.009548391316068378 0.010883177279495185 0.012671333450515361 0.015048658143984981 0.01821964406278111 0.022360304557440494 0.0268501441738028 0.03150178242764032 0.037035366760251306 0.043361930269899734 0.04654311270328654 0.03731804790822689 0.02545437274028972 0.015911714284110264 0.00928018220896694 0.005103962937698021 0.002670679501133468 0.0013410143821060596
