_RESULTS/CROSS_VALIDATION_POSTPROCESSED_80-20/MHZ/GZ/3comp/1/MHZ_GZ_z_355_kriged_reverse_3comp_spherical_1.asc
ncols 100
nrows 74
xllcorner 5.5967023332191781
yllcorner 50.982320383219182
cellsize 0.00019249356164376555
nodata_value 1.7014100000000001E+038
[rows 0 to 19 of 74, columns 44 to 87 of 100]
5.457175533855052 5.29128495431632 5.165506098180046 5.087008284943381 5.061907239231378 5.095189405109454 5.190522054711867 5.3480463022258515 5.559088716059272 5.817975950348081 6.115763238702719 6.437643556681532 6.759135267029534 7.040472272588472 7.234561852564942 7.325574613124163 7.331292622177591 7.267031522593266 7.137989859833714 6.984588373553244 6.837263284709956 6.6989571147791045 6.571829882872887 6.457606854178813 6.35776235756871 6.273629152749155 6.2064717122860795 6.1575405418494595 6.128115524268439 6.119421119763166 6.119421119763166 6.119421119763166 6.119421119763166 6.119421119763166 6.119421119763166 6.119421119763166 6.119421119763166 6.119421119763166 6.119421119763166 6.119421119763166 6.119421119763166 6.119421119763166 6.119421119763166 6.119421119763166
5.186442768595369 4.984049468946247 4.8268131676373836 4.722260244189972 4.6770183817713775 4.696729250675592 4.7857948798626015 4.946967671838389 5.174953005497733 5.462346338884126 5.801244114494595 6.179401203337551 6.576493460603386 6.947335496908708 7.191995273689275 7.2918854810999925 7.314555182855689 7.278419719241998 7.18314975204275 7.030654212640686 6.874030400138849 6.728447938696651 6.595435934068616 6.476322439413225 6.372319495466136 6.28457899042461 6.214321813601921 6.163810008765614 6.133847494317551 6.124931001938646 6.126414955466105 6.126939280848888 6.126382279678703 6.124873354686346 6.122786786583742 6.120724404415033 6.119489741256562 6.119421119763166 6.119421119763166 6.119421119763166 6.119421119763166 6.119421119763166 6.119421119763166 6.119421119763166
4.89501004124757 4.655993587635308 4.466596099718687 4.334646864444376 4.267371574447556 4.27275929303012 4.357602435681499 4.5240813353200755 4.768505487926893 5.080583531411047 5.45291890381661 5.87531116958607 6.334640955841777 6.813807786465717 7.10434016944977 7.1847811128618195 7.2256766131389805 7.220838627421282 7.164397861975284 7.047766523237577 6.888840664131354 6.740261544769338 6.604861355280329 6.483783313483389 6.378634196399036 6.292952078892846 6.226943127484432 6.180460074740066 6.153611201582826 6.14680158464296 6.150146236939314 6.151290710488352 6.150074234603486 6.1466475432787835 6.141445098859618 6.135160818594809 6.128712330062498 6.123199197372223 6.119860656595223 6.119421119763166 6.119421119763166 6.119421119763166 6.119421119763166 6.119421119763166
4.594891294418275 4.319615818114668 4.097479069769632 3.9377534664188523 3.8522690239218766 3.8475447445950053 3.928639647487354 4.09836909274042 4.354766881898432 4.685730240699055 5.081289166664376 5.528445140725886 6.007762224958253 6.476761590917135 6.8097549222059035 6.981365129786969 7.0786544711013 7.118306373577556 7.099635627422265 7.019923575921042 6.880198740972525 6.733372934395223 6.599390778229786 6.482840702640607 6.386013333201874 6.308347540025504 6.249428638841635 6.209037684153277 6.187201919341892 6.184245758075185 6.189658787638545 6.191482064541071 6.189543765026508 6.1840228995520805 6.17543327408616 6.164588948184982 6.152554183673266 6.140586308301088 6.130079638045684 6.122516667582445 6.119430126870546 6.119421119763166 6.119421119763166 6.119421119763166
4.298467871954738 3.9876811749480363 3.7354707021908102 3.5531294328023524 3.4482543171634754 3.4296007225803207 3.5047182493021403 3.677145977437809 3.9443723740833563 4.291800260480717 4.70457995979126 5.164499943898145 5.644283902393873 6.098657150764019 6.467245570988782 6.725839847793059 6.894039976880093 6.9877972654306 7.0122206698385785 6.968033316219602 6.8549045379386 6.708845299279677 6.586119251008279 6.482411736014865 6.397231028103946 6.3300877126534845 6.280570886702744 6.248417853206907 6.233582886579879 6.2362502283848364 6.2439403949123555 6.246517587495188 6.243777626739824 6.235937579368513 6.223617289995133 6.207789228602916 6.189707317129218 6.170828101108595 6.152736348610769 6.137083348201979 6.125541770935322 6.119777353571998 6.119421119763166 6.119421119763166
4.018358210301331 3.6780835434944934 3.399989724260587 3.1904043467826937 3.0598641362570165 3.022184023147446 3.089785374929686 3.2673348330103416 3.5491455600909148 3.9157986849254955 4.3464497074077535 4.818782425129744 5.304063151994141 5.765310006169959 6.164180217871347 6.478042301614841 6.7045320778650845 6.84879958688087 6.914979156664247 6.905234661956125 6.821409836042188 6.685390038106549 6.570663919252445 6.4824841935421045 6.411520418515377 6.357323583579781 6.319513252311047 6.297786313907258 6.292008880978152 6.301749399647728 6.311995360054176 6.315422938749891 6.311778786284651 6.301332216156625 6.284847321544778 6.263508308781493 6.238816377432471 6.21247992633173 6.186316090543231 6.162174142852981 6.1418839312814635 6.127227420386232 6.1199288946250645 6.119421119763166
3.7722591511592527 3.408014741249468 3.100849731100391 2.857253913038883 2.6915551620554377 2.626723220102027 2.6857922211757304 2.8755902368944772 3.182044816693809 3.57596988348386 4.029856418494191 4.519144354306712 5.016675156228747 5.4920198917478915 5.915768215937161 6.26683880151072 6.535524631515904 6.719922997192354 6.821200251267699 6.841438358077691 6.78986610650427 6.673889873174166 6.562394537682562 6.483033476185359 6.428542379766462 6.389544728137245 6.365681112276501 6.356581536882418 6.361978721865352 6.379649199669466 6.392814089636105 6.397217182507221 6.392535866105331 6.379113036833452 6.35791348334714 6.330409242898663 6.298426876524514 6.263993143724847 6.229205728408103 6.19614108567106 6.166799514125651 6.1430809828726 6.1267832914743625 6.119614844193267
3.5755579362821046 3.188782924776215 2.8507130682424933 2.5657466594550615 2.350612528615672 2.2434016545049933 2.2929214065003993 2.510763549579624 2.8598736150545414 3.2926057365970864 3.7759014607514234 4.285832378194196 4.798436445776009 5.288183399298742 5.7305289227677445 6.106026748036374 6.40266214122045 6.61503906581071 6.7419637399948495 6.790026999374395 6.766861244899809 6.672835269924249 6.56603169700072 6.490480817086378 6.448237530695053 6.426461419631852 6.4186828024468605 6.42441135118485 6.443168197960983 6.46878081591242 6.485338675498413 6.490882366928227 6.484521612180609 6.466179214711895 6.438113249661143 6.402899123598684 6.3630932412532 6.321006281822118 6.278550167543188 6.237164885399073 6.198536187071418 6.165627081654819 6.140341661900945 6.124410101748041
3.4382740880999907 3.0337325236403667 2.667601713752308 2.3383252396634795 2.0568104795705797 1.8754202154149149 1.9128044537183413 2.1940252411656447 2.610512804148706 3.0908283271961348 3.6052333724208885 4.1351720736011455 4.661079020153464 5.161326116900549 5.614643995175552 6.003250312893841 6.314892318267227 6.543014027535975 6.6873114546560695 6.75778122373335 6.755581890828068 6.680596196235024 6.579517141004711 6.509262480276838 6.472641735742772 6.46786281285571 6.478182648430965 6.500940709614611 6.535230659805025 6.567266200657731 6.583358195892025 6.583056473553851 6.567702747266817 6.539533914661079 6.501475940957412 6.456772352811632 6.408582593786072 6.359665607302476 6.3121975697108965 6.267714566153661 6.227143522604075 6.190881698699301 6.158904401581077 6.134436441728085
3.3695018428817045 2.9564924680828675 2.5739070952186838 2.21329929771665 1.8686314777045478 1.558368456930549 1.5718322124031594 1.9902976393415757 2.481066628097729 3.000550542890536 3.537577521128364 4.08057799368753 4.6124361678696335 5.113830335256137 5.566196079079868 5.95422102683072 6.267168249181363 6.498832354246074 6.654973192223566 6.740417917344678 6.753828047929589 6.693965876594065 6.600673038886009 6.536929473877322 6.5071128681555015 6.513463546432558 6.543747746058834 6.585487209040634 6.628871246923331 6.656604725628743 6.6660664880617695 6.657394147265788 6.631994629113086 6.592642427635087 6.54313717767544 6.487674022361821 6.430211519001299 6.374037975396376 6.321579615787602 6.274395318700401 6.233279442137187 6.198408968612195 6.169493755599464 6.145907290052844
3.3751608785544125 2.966599036439968 2.587541426474316 2.230113226659796 1.8891373452264586 1.5854413838228074 1.6044514428649954 2.0251557578000936 2.5211905037094597 3.045863199599951 3.585949654463917 4.127132409577377 4.651934596712666 5.141875127211757 5.580309367894275 5.9543273045635035 6.255194155513147 6.479841710434176 6.63749158320112 6.728017728125158 6.749577638422285 6.700350534172443 6.619644570327125 6.568667894659338 6.549455531723439 6.5650391866415925 6.612472567037527 6.663639295803265 6.705613997016124 6.729767582193189 6.733784366193843 6.716638545148794 6.67954774650574 6.626262553350566 6.562434179458015 6.494371743601306 6.426693488983324 6.362982283014914 6.30583707190147 6.256701792948401 6.216087645558334 6.184230311453468 6.16118368287 6.145297412790204
3.451045585769952 3.064522228976943 2.7089152659868896 2.3889457884325473 2.1176345576135014 1.9490392776427607 2.001070397140431 2.298842411894373 2.733019100041352 3.2282527837015773 3.750604611058509 4.275625080535804 4.780501760418756 5.2454109004439085 5.655643659327161 6.001547659788612 6.277074268144989 6.4848456421564835 6.632854895010961 6.718917573587636 6.740602670059849 6.69536791461155 6.627576153514888 6.592003360700726 6.590043546011494 6.619423504875059 6.673473587604335 6.733804623160408 6.778759927160682 6.803730533907541 6.804736809548151 6.779276074576648 6.728239008555137 6.656708129128187 6.572663953597854 6.484707013523806 6.40038834605618 6.325564220736927 6.2639027501909945 6.215186558702314 6.1802072584553915 6.157223836836554 6.144111729466066 6.138638639559113
3.587043045677381 3.238478604055707 2.921882678545591 2.653105905342537 2.454827652303643 2.3678844040611007 2.442648294656712 2.691711764580477 3.070555315898352 3.527478294693212 4.022865682752634 4.522051279592018 4.994727593905955 5.419719483778427 5.786036329533108 6.0890005580313185 6.326583462938787 6.507513126400512 6.635964029834584 6.709114116260774 6.723742805723261 6.676823301267213 6.623194033315033 6.604730300469928 6.6234904793559215 6.667908239210309 6.736222057831507 6.804315730487895 6.853937748375478 6.881947154771783 6.881861519487866 6.848157283156622 6.780633696560036 6.686795843150814 6.578709618004528 6.468190839056222 6.36444514345815 6.274193998574011 6.204638653222246 6.157823224608143 6.132110247410522 6.12043368709164 6.119511483161351 6.126502845550469
3.772882949516427 3.4699823785406037 3.2029191409383984 2.986529827323896 2.846094154537678 2.810962163245985 2.9069877605420738 3.1400967309902965 3.487266502718637 3.916107260416246 4.387952765732664 4.858067508854889 5.286410281524499 5.653842440635672 5.959002095903642 6.204863515976823 6.393864426205104 6.538264964985601 6.639217824085176 6.692613233422866 6.693939595755263 6.642969346933176 6.607210230328807 6.614888881892616 6.650815164222543 6.711477291165522 6.787800235300458 6.86819690213315 6.926434598662591 6.960409009556301 6.962913735462779 6.9220038021444195 6.833977536640829 6.711678333016491 6.574863442114394 6.43947613517049 6.317058085059807 6.2178035359779695 6.144222276670367 6.096452449745845 6.0735192319083815 6.0735649004970655 6.087543068288861 6.109389838706729
3.996353720143333 3.742815711054095 3.5278033035466803 3.3647848655565125 3.2723978450156794 3.274238416247922 3.3890292252228384 3.6184532079865814 3.9512288400529263 4.366578988404852 4.827799888090159 5.2731528871503786 5.6414236654828915 5.927718717091157 6.153803212616242 6.331176070357608 6.464077820272439 6.563370595779633 6.628466116106403 6.654800932175942 6.636889917407871 6.588135421362866 6.579932537960556 6.607743680547771 6.661363838100745 6.733084023293848 6.81943344286345 6.9134229502935005 6.986969764312875 7.0311731027116835 7.0429100657456996 6.99892998296112 6.882624059624811 6.722498809438816 6.5526314691319865 6.393154666419878 6.258806140693594 6.153922464788844 6.079276772086172 6.033764799916284 6.015241608438342 6.021157319252491 6.048884594923814 6.088260926940255
4.243126194018978 4.04107789592824 3.878193340016551 3.7667687541850423 3.7202262481633004 3.752490898766144 3.8806808040338425 4.108699802665668 4.433090827768568 4.842696802428843 5.311509956193597 5.754626574978771 6.029874722703642 6.204379602520303 6.339701106772193 6.441854090631756 6.512547239103944 6.56235518180992 6.58839658679413 6.585031970632143 6.549933442271754 6.518680995710681 6.534917374434134 6.578719390474923 6.642094845554062 6.722905835283854 6.8190728747899705 6.9251454674599975 7.013941406903572 7.07581925953268 7.106082444440739 7.075922477350195 6.910029714476409 6.702858140353313 6.501717777236077 6.32639378900491 6.184390115580942 6.07799865753496 6.0065104649324805 5.967234076456259 5.95678851210058 5.971581597177643 6.008271838891747 6.063717404384356
4.493062913819761 4.343319090731094 4.2323855330701825 4.171013502369647 4.167236570848161 4.232055713114544 4.369846715768697 4.59100427665457 4.899102475568291 5.288522505911496 5.74890685923901 6.261462202259388 6.355650857823149 6.4221017726100795 6.474531157820825 6.508167893577143 6.521907324625692 6.5248661525771094 6.512991080787475 6.482410364711624 6.439752276516808 6.435221313433076 6.466405833398713 6.5194604275961465 6.592136678116862 6.682042520928977 6.7865365730936436 6.899933011639751 6.994682658523555 7.06069203339625 7.0935878880953585 7.0699394611871815 6.865095813496549 6.631891964474736 6.416096608080993 6.232951092867782 6.088841699776997 5.985729490008421 5.922012425819653 5.893625714242863 5.895603397108494 5.923114834554192 5.971945624901354 6.038641405738568
4.733927462253947 4.635630516502763 4.574652871715988 4.55786138890007 4.591611522388877 4.681235793986141 4.829924079465502 5.042243841478383 5.320013261688164 5.65579900600143 6.025118990473944 6.345361199299621 6.490864522489018 6.5307962340248995 6.534469712545456 6.517091194584057 6.483397353617161 6.444844218441252 6.398981195507651 6.34887502006751 6.3116186636235705 6.32554794475651 6.367779747077834 6.431831195683825 6.514950611087139 6.6140924292788865 6.7256517569326615 6.8420304324724555 6.93338242758959 6.986228448089252 6.987113070460965 6.908512353832485 6.734943076526714 6.511447195040628 6.294806141500879 6.109676728394847 5.968455784985231 5.874632652627637 5.825092598320281 5.813444464452741 5.83277888828768 5.877022292782221 5.941242076404634 6.02152786706283
4.9555525050483 4.906811801597933 4.892544533773411 4.914756961602718 4.976650261600919 5.082611640621186 5.23449640796412 5.430685933005249 5.670849311574171 5.939191561084487 6.2069557762284635 6.418861283233911 6.528407032339807 6.550916128272219 6.522856458285552 6.466388359732661 6.392427891102691 6.315508440797014 6.240345898918534 6.174042508715076 6.157122170327021 6.187957279743736 6.24386894626821 6.320847603006088 6.415782846827585 6.5250054242565785 6.643830968401472 6.761487892401999 6.8458929030805855 6.882195672458055 6.856342365449258 6.753605232202199 6.579230472673059 6.364804487824882 6.145697433553485 5.959087566474388 5.82475527977294 5.746797336670329 5.718600259251864 5.729869064780858 5.771308583999019 5.835845145234441 5.918223555379399 6.014358293718319
5.149182952524039 5.147152023240644 5.174307936628583 5.226736946860225 5.309203338461682 5.424870416869288 5.572699664846207 5.746626295865051 5.943373874461442 6.148240547467925 6.331626036593617 6.460171309082396 6.516157516806547 6.503343062883947 6.440538538251943 6.346887356940684 6.235881195055006 6.124618817338584 6.0275191584969345 5.974029463685611 5.980138070677845 6.027545652907032 6.099095898442268 6.191072040836565 6.300162495370985 6.421955120156808 6.550404551367982 6.670700848438778 6.750788109942126 6.776422993047776 6.73484920436268 6.617103435429539 6.431126627394901 6.208987073348057 5.981658768345408 5.787453485791566 5.661777696819261 5.607472258910002 5.60881167594888 5.648859147716899 5.716028858121897 5.80316162995579 5.90544584443125 6.019021573909197
