_RESULTS/CROSS_VALIDATION_POSTPROCESSED_80-20/MHZ/GZ/3comp/1/MHZ_GZ_z_63_kriged_reverse_3comp_spherical_1.asc
ncols 100
nrows 74
xllcorner 5.5967023332191781
yllcorner 50.982320383219182
cellsize 0.00019249356164376555
nodata_value 1.7014100000000001E+038
[rows 0 to 18 of 74, columns 0 to 41 of 100]
0.05770001332559921 0.05646192411724177 0.05596895349216298 0.05625227755023382 0.05442933075623264 0.04904772235208558 0.04137152271937196 0.03271985853293387 0.02425326081466679 0.01620667338010932 0.009588839338044622 0.005063600879042742 0.00240764030064174 0.0010434882803105798 0.0004175309789912705 0.0001565157573641882 5.5888224328697224e-05 1.935986220772614e-05 6.6322384673434715e-06 5.336649471401594e-06 9.32576619577273e-06 1.7198955401271667e-05 3.374617871390435e-05 7.000657551586574e-05 0.0001510850841328846 0.0003340121956671172 0.0007429184043272289 0.0016264048767046166 0.0034059186157377984 0.006696783519302939 0.012164987368926407 0.020122741487869914 0.029919179902863007 0.03951518226384609 0.045848554953135987 0.048463251496884206 0.04884690561738548 0.04898903036042729 0.050479402488253104 0.05495476374673148 0.06265558993832201 0.07400741792007488
0.05766891635977243 0.0566778983144023 0.05633501003184775 0.056713482661331055 0.05516455479038302 0.05018916373328285 0.04298114811314472 0.03460155429397049 0.025804394191753517 0.01695627787219874 0.009833602130155415 0.005087965690854514 0.002372397419593802 0.0010061308082604285 0.0003931363315517357 0.00014421574965227388 5.102253164154326e-05 1.8283164834846846e-05 7.666059356113541e-06 5.674372648066006e-06 7.433214592525318e-06 1.213395027270596e-05 2.2408149366934934e-05 4.517315624404795e-05 9.719586086579971e-05 0.0002182920695853785 0.000498816688018465 0.001129835298190033 0.0024596205091900417 0.005019027781475981 0.009437497755668552 0.016113094705556413 0.024661537293445404 0.033456505784891705 0.03982366086595869 0.043307646747915596 0.04484336606320996 0.04535570394387023 0.04871136564408409 0.055516560857341836 0.0663941023227127 0.08233548724133803
0.05877816584567328 0.05803927800250598 0.057819337186183775 0.058167380363866636 0.05696416871750974 0.052570120843848704 0.046227949478253705 0.038318944034295276 0.028760581378818893 0.0188912308581208 0.01095651320478801 0.00565816755537115 0.002628450715683739 0.0011132028531963354 0.00043719280175408064 0.00016294323088516632 6.008237715656084e-05 2.3586471566886032e-05 1.1269196796762925e-05 7.746609584668477e-06 7.867678572582633e-06 1.05907985849588e-05 1.7390214395317663e-05 3.2936847384035266e-05 6.925436631592513e-05 0.00015567514550228427 0.0003609170033414817 0.0008363666849509689 0.001875025950514642 0.003934188738111794 0.007583207293292041 0.013228729340215791 0.020624252834414974 0.028430387406584393 0.03435659243003454 0.03825223580819795 0.04062032041970308 0.04274102216467788 0.04790021929489249 0.057184642302902426 0.07179526998344132 0.09356470700725848
0.06109379631358127 0.06070112007509743 0.06070677439000329 0.061048124987922905 0.06007009782897427 0.05613785378015401 0.05161206509850392 0.04434299025536254 0.033785338832967464 0.02253177132139024 0.013261962120187374 0.00694875424121052 0.0032740288572899717 0.001406753083353476 0.0005631418473541984 0.0002166604680915091 8.365456813318734e-05 3.475811677170733e-05 1.7067192871450342e-05 1.0839432995382292e-05 9.241844515204899e-06 1.0416124148835004e-05 1.5031019401031973e-05 2.6527250118265948e-05 5.4362848739766184e-05 0.0001221188846530942 0.0002858008613370748 0.0006701210677808343 0.0015279178952333008 0.003263897755209601 0.006381295825938343 0.011250459073652975 0.017666588024349696 0.02445697152597377 0.02970879758966859 0.03364326971086177 0.03682592293980692 0.040806966537743815 0.047728795183113064 0.059726169997948844 0.07875508625714876 0.10788271423404988
0.06470813448789937 0.06485882715346426 0.06539046240955887 0.0662341049352587 0.06652060131085365 0.0639024871466213 0.06062174281974452 0.053685994732651454 0.04183146086152921 0.02859815637933272 0.017299459804554985 0.009334143939905132 0.004530536214655756 0.0020023245442261574 0.000823176189622403 0.00032587391303034985 0.0001300123727799091 5.515268799684524e-05 2.6559243367225323e-05 1.542698273077503e-05 1.1298535936120777e-05 1.0802012432036675e-05 1.3790590477128405e-05 2.3029469643239472e-05 4.679097219702672e-05 0.0001060171917699384 0.0002505356395219639 0.0005907032679181621 0.001349081668666551 0.002895827170742422 0.005677093371109369 0.009999465101585165 0.01563289855369073 0.02147235415462586 0.026008666064970935 0.02969150328439678 0.03365612783721076 0.039251624163312654 0.047984331879373 0.06299182946461893 0.08718941380839905 0.12538963673089537
0.0696899502885121 0.07064380474235926 0.07209253319927657 0.07410913613634258 0.07691242834500142 0.0772114879285599 0.07450052235122775 0.06752611028732163 0.05401448943583286 0.038151291664502256 0.023981826777108 0.01351058443157269 0.006855239354590235 0.0031507786323513145 0.001335012505033275 0.0005407638911099583 0.00021945945030228006 9.326931366766652e-05 4.328096189979146e-05 2.2867715999074185e-05 1.4350385347569851e-05 1.1461041506896326e-05 1.2962500489026978e-05 2.1340599651150948e-05 4.4649796586286265e-05 0.00010351939751816024 0.0002465990920398856 0.0005793578514554023 0.001308632656152583 0.002774170487729702 0.005377534225587693 0.009351548732700627 0.014393103844622841 0.01939613593933149 0.023339753577010795 0.02666390240958543 0.03097962344529615 0.03784569719900461 0.048646540010191044 0.06699505920673061 0.09704781210958621 0.14596602803606493
0.07605044180305494 0.07806674606064887 0.08074195105152669 0.08422617069919922 0.08895600409064151 0.09299849019442524 0.09277721515990901 0.08654048998532557 0.0714927070345013 0.05252560369898163 0.03462074551286261 0.020627841416860953 0.011125538358145092 0.005380600386032132 0.0023472604036991872 0.0009683843169963096 0.00039753270302083217 0.00016879942010638048 7.594246816987579e-05 3.7009766655193266e-05 1.998527777520507e-05 1.267769906984704e-05 1.2225562118291847e-05 2.1941428125778016e-05 4.946967531606274e-05 0.00011724158714931583 0.00027739036320038223 0.0006383539277003797 0.0014031280456965568 0.002891115258758173 0.005445236449710941 0.009235511420608649 0.013853730066746412 0.01818536121753958 0.021830681557479695 0.024889188500811246 0.02875311979498983 0.03687500440677092 0.05015567328972138 0.07201403804248106 0.10829080922613248 0.16905917364678474
0.0837370725285626 0.08704952173321491 0.0911590895137548 0.09618549634247951 0.10250695643850255 0.11054785194167496 0.1145868692298765 0.11075780784714363 0.09506477969717889 0.07298822082111948 0.05068049768167438 0.03218500564987282 0.018816045750937906 0.009784940439497264 0.004336954512599486 0.001820582391517775 0.0007630095000382396 0.00032792974898054075 0.00014705957114198302 6.930780117075587e-05 3.457649636107199e-05 1.8350269854216767e-05 1.3489703405231772e-05 3.013590756861651e-05 6.92339207536464e-05 0.00015939217853840212 0.0003612066829005259 0.0007929105019847934 0.0016618987090811703 0.0032720123547650692 0.005901422926639616 0.009622432458308149 0.013944713448537028 0.01797147015612791 0.021640214440607028 0.025010462692451697 0.029440388958371415 0.038538371904258226 0.05348488369044846 0.07841651863401776 0.12067376738609714 0.19334977498021377
0.09263505868218205 0.0974680836151447 0.1031824678894062 0.10977733624259432 0.1178285642383389 0.12836624621688245 0.13828593099766787 0.13910060236626667 0.12452986903778629 0.10006937264013381 0.07307549110521105 0.04912629635056828 0.030798856391319542 0.017469134254554427 0.00790628187471513 0.003469505518384663 0.0015216915380644297 0.0006800463522272288 0.0003152839431790566 0.00015325176446393126 7.997543334860484e-05 4.8289163460847e-05 4.280490433229952e-05 6.557314049161078e-05 0.00012689473551301194 0.00026118580931465017 0.0005414937486253158 0.0011008832323954384 0.002154525690815699 0.003986501490998736 0.006793514605635019 0.010515531271810355 0.014607650328777403 0.018765739691036617 0.022736026365709993 0.02695618923495658 0.03314946526536339 0.04301442086519851 0.05867682897823787 0.08599226699494104 0.13333917412196888 0.21644189415261691
0.1025511152655247 0.10915108804997134 0.11666499161542684 0.12492153780242098 0.13475036181062022 0.14670749551892384 0.16103886027948078 0.1688004008328449 0.157953422263731 0.13282379696722635 0.10155854399236694 0.07130120300062871 0.046048671464019704 0.026674071393398356 0.013660291214274697 0.006565605623611753 0.0031034903369077135 0.001481880475538879 0.0007318195139305379 0.00038251536534615935 0.00021982434667339849 0.00015100405042750301 0.00013829814374221686 0.00017540825188308416 0.0002784756976568047 0.0004926815990739012 0.000906846590277641 0.0016702012875057426 0.003001338743303506 0.0051469020638147634 0.008185986181704496 0.011870159434276748 0.015888771708774976 0.02024688915712052 0.024503209504394406 0.029380462492701497 0.03653217007493822 0.0470548890892743 0.0634291648733226 0.09249812161792922 0.14365848889179644 0.23446527727706
0.11316529936633427 0.12182474737435181 0.1314149152810225 0.1416067418703023 0.15301153085508934 0.16576745939370371 0.1804214744988987 0.19513798448416314 0.1911525971283701 0.1683564226458938 0.13495836123468613 0.09914728881210148 0.0667769238009452 0.04101261833545529 0.023096359469234107 0.012268429912494763 0.006352774841623032 0.0032963105314902682 0.001760732449613132 0.0009985675899994789 0.0006255328488269532 0.0004601630360840572 0.00041925322888722164 0.000477450372221383 0.0006515299410703542 0.0009977843860019052 0.00162085473906678 0.0026790752734996395 0.004375701357606749 0.006847606317537952 0.009981450110514711 0.013516867196179474 0.017626143892547116 0.022115088476482563 0.02650968016159439 0.03159528784091693 0.03897078402024878 0.04941063936168859 0.0659352436970575 0.09532906995618103 0.14724640146035195 0.23976496278845255
0.1238137644921019 0.134835896405481 0.14693452382888633 0.1594514200805643 0.17206668232728795 0.1845524864297468 0.19785533518191498 0.21282856677089643 0.2179421190596297 0.20224554762684538 0.17088110253728192 0.1323800827362467 0.0944167418050476 0.062243970935432116 0.03831174924320597 0.022437388080395002 0.012789540675352802 0.007255225579476008 0.004199350312541802 0.002563384012243963 0.0017115056386703467 0.0013040730995681287 0.0011707450209976723 0.0012387516976087084 0.0015115031921690261 0.0020461748261396866 0.0029512352717986374 0.004366014236586804 0.006398891899128067 0.009036974170267028 0.0120682704692057 0.015655672263393466 0.019773458755316317 0.02422459493671149 0.02851299651605934 0.0332801658216662 0.04014778783952712 0.04968528411832442 0.06558704665991498 0.09366901862398687 0.14298870632796495 0.22994112566266778
0.1334866532918879 0.14713527299331092 0.16247231191059805 0.1781064728781002 0.19131905887617198 0.2016553707609038 0.21171827800885037 0.22396339851827518 0.23280855881123727 0.22741727817750082 0.20379121349397225 0.16783843574350493 0.12794167876301996 0.09103751202319099 0.06117411481851771 0.03942117083682305 0.024755263355864792 0.015357826463387712 0.009573599725600209 0.006206938466376323 0.004330484223622866 0.0033582775618922357 0.002962305147534868 0.0029664453578816877 0.003323369505434853 0.0040653881187490415 0.005244393778925106 0.006905853745623894 0.00907841904162437 0.011634675720990464 0.014699266712428678 0.01825816573975575 0.022212791431790436 0.026380327741618477 0.030260333064609582 0.03419517463607268 0.03987468218001364 0.04801136745439925 0.06245728052330297 0.08774974689890602 0.1316583209483724 0.20741496466606182
0.14085609081198003 0.15688451007112456 0.17620688215242447 0.19704463450931956 0.20960694914508365 0.2144311889474791 0.21995432461366307 0.22894182707808877 0.2394299346663653 0.23876275279718456 0.22544648894955874 0.19863108245560085 0.16273121439158192 0.12523265366788278 0.09170849516300947 0.06485809386723403 0.04488894669036548 0.030495310812721735 0.020290135818290228 0.013733184061885447 0.00986321180471181 0.007716885893405498 0.0066868792797879885 0.0064161073204388646 0.006722125111815908 0.00751826642810533 0.00873150693926448 0.010325641282529448 0.01236534873061857 0.014911941640328255 0.017888386303425277 0.02120619340313918 0.024744971203803316 0.02832831177670255 0.03147437379399464 0.034174541407862115 0.03813363605846652 0.04475301107893441 0.05713775015451542 0.07865588869028038 0.11542679908089995 0.1773876754992182
0.14445672687986078 0.16130464113979076 0.18289494038874787 0.21180083757869286 0.22035095025639317 0.2178562745303017 0.22014682932625773 0.22672154507628212 0.23704108412566124 0.24204406943847886 0.2346845738728689 0.21648978541940347 0.19027513214975114 0.15829800710979422 0.12577262548164755 0.09691429863258968 0.07360520321229304 0.0554954370435166 0.03870707633378559 0.02687414078972445 0.019734078978828947 0.015540408049258898 0.013261625095713317 0.01228488038695933 0.01214511451100787 0.01251271680614924 0.013319183607993479 0.014693593020130092 0.016591968626304455 0.018879211552327753 0.02149680976792953 0.024277079165411844 0.02708634861805191 0.029765497303155954 0.03187437038822446 0.03314758618831469 0.035226114569309144 0.04044626539891845 0.05049239573607085 0.0678745574339373 0.09720855603491566 0.1457160114870671
0.1435365558516651 0.15862139319973712 0.17684016024267527 0.19655554189785684 0.206296897904502 0.20812040718298763 0.2111417785589681 0.21717855605494626 0.22628136696814213 0.23636148168450752 0.23657614488324089 0.2258402503386419 0.20636091129362066 0.1813393002997573 0.15420959944016144 0.12769939324683863 0.10381225575965049 0.08320615198515602 0.06157316146718423 0.04480941493242554 0.03389263138766186 0.026974960520961225 0.02279304396929598 0.020473962699893544 0.01930448069439609 0.01894585940871282 0.019292754300091485 0.020273100483998253 0.021653122675415703 0.02331250373662546 0.025176939311732746 0.02710592661196147 0.0288860444694551 0.03037818998885136 0.031225775158403846 0.031153607087386827 0.031849438902961574 0.03566147813686195 0.043401578186176924 0.05693871560513621 0.07984750263269115 0.11693397619028971
0.13871805817440588 0.15048608358906268 0.1633548666722323 0.17570686833416344 0.18457889562914978 0.1901887430424176 0.19537064995555115 0.20199763531290496 0.21068221147579658 0.22140501272243907 0.22957379387212595 0.22743445502196258 0.21600203655104375 0.19756405287839154 0.17490642705974066 0.15078754323454235 0.12701607707758283 0.10391775644826445 0.08184150695269607 0.06354979956076348 0.05006161342677166 0.040743977611221956 0.03470993449978067 0.030873662826789463 0.028486085452443646 0.027177772681026585 0.02670070005663469 0.026804277652597765 0.027205159711753607 0.027799638104952246 0.028494490060457466 0.029200895996320753 0.029708812421168785 0.029883006584410992 0.029404632610096272 0.028405500467334876 0.028379835630137577 0.031057965825449466 0.03717335066981122 0.04820026998763891 0.06660297561320629 0.09565664680991008
0.13146867227320216 0.1399271929563103 0.1484858474469208 0.15655840166760257 0.16393909184949101 0.17037228973265794 0.17667057602160083 0.18379115157645085 0.19226913558827693 0.20222099767015564 0.21342530388126627 0.21985409583990304 0.21716441761744049 0.20657122825742266 0.1902442750345583 0.17002483199497226 0.14758361375490037 0.12442455444118469 0.10239695403312761 0.08353251832233305 0.06845276777260273 0.057271524888913294 0.04941632820649977 0.04362149204183436 0.03950327483810981 0.036794656493717846 0.03502741708097619 0.033697261320800934 0.03264962597724657 0.03176919271736698 0.0309620935637044 0.03016235945977108 0.029260109507013684 0.02808706683442263 0.026488900425468514 0.025514686283978617 0.02560816341225446 0.02765898964724921 0.032763953993778176 0.04203657660443754 0.057309372620529056 0.08087002867578272
0.12264790299571385 0.1289449357476195 0.13440328091626258 0.13969032538690979 0.1454826265251031 0.1514590310677399 0.15779408556798755 0.16486738407194776 0.172969161612821 0.18218457860520243 0.19237289251783368 0.2031060723532505 0.20905710330502558 0.2074929425321901 0.19891787151060714 0.1844480050160325 0.16572690752392022 0.14463965850456875 0.12356953050680608 0.10457675292591873 0.08835527986351394 0.0756156435724255 0.06577633277501527 0.057776267631639296 0.051568251209636366 0.046910036408297676 0.043214193535168394 0.040044802079876866 0.03720515874909536 0.03459071180251044 0.032123086769284936 0.02975934164317478 0.027472696339660367 0.025143043520416845 0.023580904624275683 0.02309319659987566 0.02364249239762104 0.025435031611661295 0.029894973459408208 0.038032214638544275 0.05128453605019532 0.0713027893417479
