_RESULTS/CROSS_VALIDATION_POSTPROCESSED/Berg/GZ/2comp/4/Berg_GZ_z_500_kriged_reverse_2comp_spherical_4.asc
ncols 100
nrows 90
xllcorner  5.6208707817415728
yllcorner 50.959635321741573
cellsize 0.00013419651685393446
nodata_value 1.7014100000000001E+038
[rows 72 to 89 of 90, columns 0 to 41 of 100]
0.06025232142116252 0.06296212005959684 0.06634830092189305 0.07039922343660276 0.07508744817524304 0.08035408632697633 0.08608743700807008 0.09209512841353201 0.09807305303630787 0.10358665886833027 0.1081024748442399 0.11111199350876377 0.11231175402524197 0.11169471018406239 0.10948108614362109 0.10599111527675203 0.10156125496200352 0.09650967403513937 0.09112319499157695 0.08564991050521464 0.08029437255860114 0.07521626822548451 0.07053305898143872 0.066325851751944 0.06264715983914368 0.05952927314855137 0.05699236679894007 0.05505194870744856 0.05372563826647657 0.05303333065576944 0.052820576169609085 0.0528260411248651 0.052828156173708306 0.052825460450240336 0.05281960030898815 0.052815094481557995 0.05281494591923134 0.05281494591923134 0.05281494591923134 0.05281494591923134 0.05281494591923134 0.05281494591923134
0.060690523090865985 0.06320777151795236 0.06639568517888182 0.0702438005435116 0.07473028707756522 0.07980783947825111 0.08538294983116458 0.09128449677341134 0.09721743722841249 0.10270779729606183 0.10709352080801463 0.10969790324446577 0.11019784807379204 0.10878042779304492 0.105891147412616 0.10196900271110365 0.09736855474949249 0.09237191626104178 0.08720962778862795 0.08207192617816593 0.07711318717955346 0.07245431060213155 0.0681857315621152 0.0643718366893935 0.06105653366710547 0.05826939772985762 0.05603189406381026 0.05436340905706128 0.05328707928208756 0.05283563300982931 0.05281494591923134 0.05281494591923134 0.05281494591923134 0.05281494591923134 0.05281494591923134 0.05281494591923134 0.05281494591923134 0.05281494591923134 0.05281494591923134 0.05281494591923134 0.05281494591923134 0.05281494591923134
0.061198393476186275 0.06352122925611947 0.06647770532219593 0.0700904404625798 0.07434470423073575 0.07920911414379296 0.08461889409386975 0.0904472135491952 0.09645040948814401 0.10216024896352537 0.10672960937719018 0.10905611280468609 0.10869979899609843 0.10629043154226937 0.10263781362562603 0.0982711072909468 0.0935104254925363 0.08857314480306692 0.08362549346575099 0.07880222349081256 0.0742132225646646 0.06994601062064736 0.06606781442186117 0.06262843796388005 0.05966404711479345 0.05720159500744597 0.055263581915949926 0.05387297117862329 0.05305826381198842 0.05281843054024252 0.05281494591923134 0.05281494591923134 0.05281494591923134 0.05281494591923134 0.05281494591923134 0.05281494591923134 0.05281494591923134 0.05281494591923134 0.05281494591923134 0.05281494591923134 0.05281494591923134 0.05281494591923134
0.0615689149143302 0.06390700420896406 0.06661173947619534 0.06994561909357555 0.07391866332414539 0.07851395912294559 0.08369727345961177 0.08940008361511012 0.09548207944448121 0.10162013631850178 0.10691495447651092 0.10919043074628888 0.1074991598616811 0.10383013734286417 0.09941779008988032 0.09469497373390046 0.08985862865275508 0.08503631684857223 0.08032963521498805 0.07582528605761653 0.07159719432526715 0.0677066638307529 0.0642028689899238 0.061124323966821194 0.058501323311711775 0.056359132112981526 0.0547217016628952 0.05361578919924712 0.05304952138431704 0.05282455686701616 0.05281494591923134 0.05281494591923134 0.05281494591923134 0.05281494591923134 0.05281494591923134 0.05281494591923134 0.05281494591923134 0.05281494591923134 0.05281494591923134 0.05281494591923134 0.05281494591923134 0.05281494591923134
0.061742982713436236 0.0641237584335632 0.06679768309544104 0.06982777072670796 0.07345441441227533 0.07769421383772365 0.0825302283075646 0.08793438980843267 0.09386045480722867 0.10022739113159093 0.10680251157580231 0.10979832957209854 0.10554907413336284 0.10075000813315915 0.095895919970456 0.09106723940620591 0.08632069490305984 0.08171259942854586 0.07729966570050367 0.07313653490564609 0.06927325701346007 0.0657536626017291 0.06261490767954082 0.05988816997221667 0.05760032927903249 0.05577642864167357 0.05444275719550006 0.0535979753810774 0.053067907282147705 0.05282838127309691 0.05281494591923134 0.05281494591923134 0.05281494591923134 0.05281494591923134 0.05281494591923134 0.05281494591923134 0.05281494591923134 0.05281494591923134 0.05281494591923134 0.05281494591923134 0.05281494591923134 0.05281494591923134
0.06171003209171691 0.06408270177921373 0.06674654379354947 0.06970740096359343 0.07298329647826733 0.07676678516276822 0.08110235673266177 0.08595426252711319 0.09126133556433359 0.09689301652082818 0.10236708124818508 0.10445503021347988 0.10102537501534743 0.09652181084526444 0.09189947426389138 0.08732661442202032 0.08287499282166562 0.07859725993704511 0.07454041510534909 0.07074792380205276 0.06725942538497426 0.06411028953105602 0.06133171716051315 0.05895157392975824 0.05699594902875614 0.05549137256734358 0.05440040436141194 0.053591484177275724 0.05306439531206793 0.05282761310020402 0.05281494591923134 0.05281494591923134 0.05281494591923134 0.05281494591923134 0.05281494591923134 0.05281494591923134 0.05281494591923134 0.05281494591923134 0.05281494591923134 0.05281494591923134 0.05281494591923134 0.05281494591923134
0.061472079245181374 0.0637865640826324 0.06637834627282065 0.06924804517956461 0.07239291423957006 0.07580357945494258 0.07951388494568695 0.08360286637213282 0.08792992072475056 0.09217261901064197 0.0955497877776789 0.09660558782473742 0.09483042931352331 0.09149789753036117 0.08760732149803817 0.08357618921318762 0.07958607271936054 0.07573461105944819 0.07208625023774283 0.06868992557535544 0.06558578211250987 0.0628081561726502 0.060387410147278615 0.058351619801538954 0.05671852513819245 0.055388631874462343 0.05432981587675465 0.05354488552836501 0.053039475950077075 0.05282268443586107 0.05281494591923134 0.05281494591923134 0.05281494591923134 0.05281494591923134 0.05281494591923134 0.05281494591923134 0.05281494591923134 0.05281494591923134 0.05281494591923134 0.05281494591923134 0.05281494591923134 0.05281494591923134
0.0610434590357631 0.0632546376966058 0.06571980633695775 0.06843157018992098 0.07137546033268823 0.0745244351493185 0.07782885550112587 0.08119721473394037 0.08449037625543149 0.08746487812232631 0.08955440850668449 0.090114058837326 0.08895765810547117 0.08653607785755993 0.08342958048927854 0.08003509964700269 0.07658258091818307 0.07320746030145177 0.06999633909840203 0.06701001101139428 0.0642948202106991 0.061888636725180975 0.0598165467787222 0.05802148321269436 0.056486415966071596 0.0552128419752485 0.05420333736176806 0.05346231051473371 0.052996708377144576 0.052816736917917925 0.05281494591923134 0.05281494591923134 0.05281494591923134 0.05281494591923134 0.05281494591923134 0.05281494591923134 0.05281494591923134 0.05281494591923134 0.05281494591923134 0.05281494591923134 0.05281494591923134 0.05281494591923134
0.060449026080453244 0.06251988764587219 0.0648157078727615 0.06732047621883025 0.07000815230403015 0.0728363200322533 0.0757359681781135 0.07859532769404107 0.08123690066348295 0.08339590512550732 0.08473638281169464 0.0849732733175778 0.08406593953090682 0.08221430226577005 0.07974045514391011 0.07693626333437216 0.07401392197155712 0.0711175847682669 0.06834588199862186 0.06576316686678285 0.06338399377984395 0.06122446812627989 0.0592965439072705 0.05760789212275176 0.05616398234412993 0.05496956778362568 0.054029818084637804 0.05335125345368585 0.05294258361714036 0.05281494591923134 0.05281494591923134 0.05281494591923134 0.05281494591923134 0.05281494591923134 0.05281494591923134 0.05281494591923134 0.05281494591923134 0.05281494591923134 0.05281494591923134 0.05281494591923134 0.05281494591923134 0.05281494591923134
0.05972130874247945 0.061624520465271566 0.06372179103859642 0.06598968341034663 0.06839336238585686 0.07088087004844049 0.07337522367513667 0.07576457066536053 0.07789326357923018 0.0795630624631486 0.08056184268467338 0.08073095323731962 0.08004073590453982 0.07860699825995018 0.07663088201968302 0.07432155513459536 0.07185238455535314 0.06935140165534412 0.06690788049733815 0.06458241643750481 0.062415692064606954 0.06043500502746313 0.05865888412201616 0.057100328232414586 0.05576911619324597 0.05467350939959884 0.053821568206473 0.05322223454761278 0.05288628990248585 0.05281494591923134 0.05281494591923134 0.05281494591923134 0.05281494591923134 0.05281494591923134 0.05281494591923134 0.05281494591923134 0.05281494591923134 0.05281494591923134 0.05281494591923134 0.05281494591923134 0.05281494591923134 0.05281494591923134
0.05889730195802895 0.06061523133587192 0.062497615823836325 0.06451572561337988 0.06662961596445878 0.06878380788799884 0.07090234539629654 0.07288440224208678 0.07460347057725365 0.07591568464005927 0.0766832815428034 0.07681186702218304 0.0762845024831418 0.07516856054812353 0.0735897884074637 0.0716934021949867 0.06961435345260722 0.06746368258934524 0.06532656988479082 0.06326583619923394 0.061326890200249 0.05954235324351683 0.0579358400488503 0.0565248944828672 0.0553232412909566 0.05434253359593733 0.05359375089495276 0.05308837093599571 0.05283941326061876 0.05281494591923134 0.05281494591923134 0.05281494591923134 0.05281494591923134 0.05281494591923134 0.05281494591923134 0.05281494591923134 0.05281494591923134 0.05281494591923134 0.05281494591923134 0.05281494591923134 0.05281494591923134 0.05281494591923134
0.058015521229257766 0.0595391254370578 0.061200983741717375 0.06296936308261265 0.06480255468795751 0.06664606236209611 0.06843012047832776 0.07006873538086876 0.07146232725581843 0.07250657537517789 0.07310882342890578 0.07320905502883243 0.07279677111046867 0.07191421072709593 0.07064387985399673 0.06908790548703413 0.06734917105526872 0.06551953509796674 0.06367508333214056 0.06187598574710216 0.060168575851864275 0.058588127324680606 0.05716157346241519 0.055909885799458145 0.0548500621555472 0.05399677144127627 0.05336373330381262 0.052964913928882265 0.052815613743854344 0.05281494591923134 0.05281494591923134 0.05281494591923134 0.05281494591923134 0.05281494591923134 0.05281494591923134 0.05281494591923134 0.05281494591923134 0.05281494591923134 0.05281494591923134 0.05281494591923134 0.05281494591923134 0.05281494591923134
0.05711371167757924 0.0584408244440746 0.059884473799607804 0.06141187929455839 0.0629820273120607 0.06454409769769134 0.06603663008985974 0.06738831351900569 0.06852156420291111 0.06935988198985994 0.06983882044845907 0.06991819356608295 0.06959108864857101 0.06888552626930237 0.06785793101967477 0.06658157946107458 0.06513473007647427 0.06359174265939407 0.06201811627329796 0.06046876304310096 0.05898833721024061 0.057612603099037894 0.056370178961557105 0.055284299973557924 0.05437444519831307 0.05365778677569222 0.05315047639594167 0.05286880961702956 0.05281494591923134 0.05281494591923134 0.05281494591923134 0.05281494591923134 0.05281494591923134 0.05281494591923134 0.05281494591923134 0.05281494591923134 0.05281494591923134 0.05281494591923134 0.05281494591923134 0.05281494591923134 0.05281494591923134 0.05281494591923134
0.056227350196428695 0.0573608176131178 0.05859388408601382 0.05989415311004237 0.061222829598257276 0.06253401486867359 0.06377481640648822 0.0648868288500326 0.06580955142520062 0.06648599558296764 0.06686996495907441 0.06693341825364481 0.06667158802125321 0.06610390017894624 0.06527031704560324 0.0642245580971441 0.06302654216524126 0.0617360132209854 0.060408272081368036 0.05909200388241054 0.05782870792944803 0.05665314500139743 0.055594326109525166 0.0546767256932737 0.05392153897442605 0.053347898872831506 0.05297402747862002 0.05281833167658652 0.05281494591923134 0.05281494591923134 0.05281494591923134 0.05281494591923134 0.05281494591923134 0.05281494591923134 0.05281494591923134 0.05281494591923134 0.05281494591923134 0.05281494591923134 0.05281494591923134 0.05281494591923134 0.05281494591923134 0.05281494591923134
0.0553888893179172 0.05633484691421394 0.05736804469105638 0.05845738054308271 0.05956704418399467 0.06065635146006651 0.061680310454699155 0.06259123216016181 0.06334161646301785 0.06388827653370815 0.06419720273378833 0.0642481558219901 0.06403772396981162 0.06357986205734029 0.06290372961144451 0.06204954492582896 0.06106368276409996 0.05999417437941082 0.05888731529422368 0.057785577585449895 0.056726674765422855 0.055743480512610424 0.05486449868129874 0.054114645436108506 0.05351618239503442 0.05308970719402582 0.05285515796804585 0.05281494591923134 0.05281494591923134 0.05281494591923134 0.05281494591923134 0.05281494591923134 0.05281494591923134 0.05281494591923134 0.05281494591923134 0.05281494591923134 0.05281494591923134 0.05281494591923134 0.05281494591923134 0.05281494591923134 0.05281494591923134 0.05281494591923134
0.05462759506688746 0.0553940261855843 0.056239459675962576 0.05713457090984038 0.05804677243753277 0.05894034408147862 0.05977716068370506 0.06051817462868421 0.06112571646711316 0.06156648592000569 0.06181484119676576 0.06185575143263251 0.061686699025756124 0.061318010750749406 0.060771522390981624 0.06007795290858128 0.05927366085163081 0.05839747591073753 0.05748810192840009 0.056582316410375755 0.055713965678521105 0.05491362413098381 0.05420874283256035 0.053624125013620336 0.05318260320987007 0.05290583462282639 0.05281494591923134 0.05281494591923134 0.05281494591923134 0.05281494591923134 0.05281494591923134 0.05281494591923134 0.05281494591923134 0.05281494591923134 0.05281494591923134 0.05281494591923134 0.05281494591923134 0.05281494591923134 0.05281494591923134 0.05281494591923134 0.05281494591923134 0.05281494591923134
0.05396980974629263 0.054565417598841946 0.05523536622107514 0.055952278954911436 0.05668669877566514 0.057407352642736845 0.05808188035197055 0.05867809446114262 0.05916575923156647 0.05951875050977382 0.059717310124224626 0.05974999317850013 0.05961489231505175 0.05931984864662918 0.05888159723823553 0.058324054500396065 0.057676131517752596 0.05696949573391672 0.056236619819770586 0.0555093131037444 0.05481779153270035 0.05419024408445481 0.05365280457547282 0.05322982756353725 0.052944379986404555 0.05281888320067893 0.05281494591923134 0.05281494591923134 0.05281494591923134 0.05281494591923134 0.05281494591923134 0.05281494591923134 0.05281494591923134 0.05281494591923134 0.05281494591923134 0.05281494591923134 0.05281494591923134 0.05281494591923134 0.05281494591923134 0.05281494591923134 0.05281494591923134 0.05281494591923134
0.05343949251749073 0.053872857784446525 0.05437894899512814 0.05493229779677383 0.05550629919774106 0.05607351141472442 0.05660630805045505 0.05707790021293585 0.05746368772148227 0.05774281862402186 0.05789975370633408 0.0579255787574212 0.05781881420319328 0.05758555351484977 0.057238900553432545 0.056797825316390174 0.05628566544618992 0.0557285366767129 0.055153881767190424 0.05458931190300763 0.05406181055938494 0.05359730175130736 0.053220542463224364 0.05295528161777524 0.0528246284786346 0.05281494591923134 0.05281494591923134 0.05281494591923134 0.05281494591923134 0.05281494591923134 0.05281494591923134 0.05281494591923134 0.05281494591923134 0.05281494591923134 0.05281494591923134 0.05281494591923134 0.05281494591923134 0.05281494591923134 0.05281494591923134 0.05281494591923134 0.05281494591923134 0.05281494591923134
