_RESULTS/CROSS_VALIDATION_POSTPROCESSED_CLR/Berg/IZ/9comp/3/Berg_IZ_z_355_kriged_reverse_9comp_spherical_3.asc
ncols 100
nrows 90
xllcorner 5.6208707817415728
yllcorner 50.959635321741573
cellsize 0.00013419651685393446
nodata_value 1.7014100000000001E+038
[rows 57 to 75 of 90, columns 0 to 42 of 100]
0.6759074399982549 0.6670605480829013 0.658613690269155 0.6509700847799437 0.6444900949680655 0.6394846528767307 0.6362056859617047 0.634833987478057 0.6354668137387611 0.6381082123111418 0.6426646425503936 0.6489472060857362 0.6566802762542888 0.667919871397572 0.6900431535938798 0.7162096496108523 0.7430630988121552 0.7687844321487665 0.7917171539933832 0.8101009454338359 0.8220281222111778 0.8256178285270896 0.8193678699277163 0.8039406251580514 0.7787838809427134 0.7433201874906923 0.6975162866625659 0.642050385243904 0.5770030074771305 0.5067005488647589 0.448245125865245 0.40982699554407964 0.39795702746703376 0.41614230498307525 0.4628170705259208 0.5336988130211395 0.62491452269727 0.7339656926202325 0.8594092491599997 1.0003380269403634 1.1559600883168855 1.325250918576304 1.503653368510363
0.6917656842877984 0.6852384882958289 0.6788804425987998 0.6730595080526185 0.6681013119786404 0.664282308593606 0.6618217990108991 0.6608731269080614 0.6614304966020191 0.6632923859744759 0.6667031226539377 0.6717173401484828 0.6781305977115393 0.685488230298352 0.6958786301394301 0.7107285950195092 0.7262174758261456 0.7407266135287387 0.7527985139584608 0.7607505100456969 0.762895434562854 0.7578956189057298 0.746242357312438 0.7273342389671419 0.7005352201614462 0.6655982126316219 0.6227971873087285 0.57308071702829 0.5181917311730746 0.46018661731663735 0.41374785368634603 0.38693727282360135 0.3835604896229772 0.4056710334293917 0.45282023243830893 0.5228232374464863 0.6131005397953087 0.721464884851451 0.8462436606650969 0.9860826792190903 1.1396645175179942 1.3006413900590101 1.4608673219466608
0.7041678190535275 0.6998565510123862 0.6954830437488115 0.6913829206268889 0.6878362217288434 0.6836840834657514 0.67891884918923 0.6746094983705185 0.6716155901803647 0.6705612059672124 0.6718145751531318 0.6754755454440885 0.681372229540202 0.6890671257966088 0.6978719840214368 0.7061603015018709 0.7143778901690737 0.7207091875014993 0.7230889395086499 0.7215483355282144 0.7154158690772758 0.7049422056235986 0.689353402111248 0.6679888660614334 0.6404682012462762 0.6067824629405938 0.567395590069734 0.5233500031642637 0.47636095166000847 0.42886450291820655 0.39125233249799274 0.3726537220795245 0.37542768609966837 0.4008695443540573 0.44887265672079435 0.5182041420458822 0.6071038843829881 0.7137637725003365 0.8365145664773542 0.9737857268742559 1.1195071583795027 1.2652629248411313 1.4073491259970627
0.7126923624371839 0.7105022794342031 0.7078848580607515 0.7022862837315362 0.6938076610265683 0.683928208963475 0.6739809797764357 0.6651199405402575 0.658287015232517 0.6541816843581066 0.653236006422488 0.6555977110081235 0.661123313330222 0.669382127650285 0.679670818843999 0.6899285167325033 0.6948003153540022 0.6979402698243327 0.6979752160193666 0.6933597530120588 0.6827019442082352 0.6679159388346736 0.6492238741930434 0.6261644965769203 0.5985461474353219 0.566516875013665 0.5305927715521185 0.4918078339454832 0.45182729381533715 0.4126936228124197 0.380848912590394 0.36800881857113044 0.3751484939283469 0.4030761700601657 0.4517523493994906 0.5203744465164123 0.6076536433356359 0.7120844201115637 0.831986101515977 0.9604182045471605 1.091543841104241 1.2218126082171723 1.3473056158771166
0.716958259495055 0.7144538155118372 0.7060855270619555 0.6935238219612625 0.6784510341678129 0.6624444863379424 0.6469422470336521 0.6332055484919035 0.6222799638045702 0.6149583311333082 0.6117489773872171 0.6128528046747174 0.6181521355911062 0.6272129203557505 0.6393002367369294 0.6533694514685519 0.6641214870248798 0.6687758500580558 0.6697129007122996 0.6678880669844396 0.6611057040378069 0.6472375581855357 0.6257493830107168 0.5999506478535294 0.5705697464699249 0.5383528718409978 0.5042833999532427 0.46960197910466017 0.43580100778231123 0.40457458080237063 0.3787046007562307 0.3701465983412704 0.3820123459732887 0.41324316447933773 0.4628801589353929 0.5306145102229404 0.6161081297099422 0.7168169465531731 0.8261724824806815 0.9407457525451662 1.057308096337031 1.172422769088626 1.2823940026189358
0.713729193808509 0.701817637758797 0.6850192107426382 0.6649032888721635 0.6427991497536674 0.6202253411155728 0.5987488507695585 0.5797642097018461 0.5644465083705343 0.5537047913822977 0.5481405410150513 0.5480163221107315 0.553238992264395 0.5633601506774222 0.5777278381109394 0.5959032235808962 0.6153180665478186 0.6304410608079088 0.6401676513635534 0.6436338500457145 0.6403411001094622 0.6293176098984304 0.6094025576611637 0.5803764435043604 0.5484000615930659 0.5156510619899184 0.48314957428591 0.45208052706735535 0.42376874644516893 0.3996228519734426 0.3810414988795424 0.3751547018279908 0.3898429832070115 0.42454075346708386 0.4781243046707734 0.5480817015111638 0.6290554126654023 0.7182583750506861 0.814752461782162 0.9157262663360206 1.018122137986261 1.1187103094567363 1.213887363624385
0.6977319436910818 0.6758216558375898 0.64930537098523 0.6198776561289621 0.589223293855013 0.5589885143992986 0.5307426937853514 0.5059307292028912 0.48581812515097933 0.4714330362722696 0.46351156631845736 0.4624537467056492 0.46829711185204526 0.48074323573006694 0.49927786062430235 0.5229650737794228 0.5505145152566174 0.5767762569458676 0.597326440287824 0.6089624040439288 0.6115059413134788 0.6048779296979219 0.5891524298443694 0.5650997566859725 0.5327269962686323 0.49925384561312736 0.46798746642620714 0.44005999618858427 0.4166551361332842 0.3989540938930658 0.3880622502379014 0.3860523304173733 0.402754913258242 0.43823974684178035 0.4898620242149996 0.5549404668688017 0.6303896687307174 0.7127990523541345 0.7981817356225807 0.8838387783182753 0.9691050555695717 1.051937625941748 1.1300340115497565
0.6704900659159856 0.6383360553436358 0.6017766116740338 0.5626324438973047 0.5227420730846667 0.4839318702683857 0.447972831167478 0.41652330053083086 0.3910593778386463 0.37279821195525653 0.3626230367664677 0.361021240652754 0.36809505750353544 0.3835884302424928 0.40673799377382414 0.4364166708645083 0.4711571629901954 0.505394247826469 0.5323490589795643 0.5512374701553404 0.5618941263131246 0.5641815229954047 0.5579990768069115 0.5432773591885683 0.5199596165209756 0.48878360488898154 0.4588295187664393 0.4336655482658345 0.41439740137784886 0.40188049664480296 0.39666753118216824 0.39896003304282246 0.41258531625787387 0.4438374329956376 0.4906394311260953 0.5503246427637261 0.619139189535499 0.6907885309368009 0.7626231974115651 0.8322781177426355 0.8987389696471648 0.9637247455268934 1.0254971167204616
0.6336706776380714 0.5910433544409799 0.5441111235503412 0.49482362344572806 0.44518413753396346 0.3972208410664997 0.3529401244853576 0.3142591505864767 0.28291807698961535 0.2603777478216569 0.24771808686740893 0.2456325591737274 0.2542605611292641 0.2731690219737708 0.3014258135159612 0.3374304982084828 0.3752560750242534 0.412298258233491 0.4459657410231699 0.4724466819926527 0.4913884739905803 0.5025918241153254 0.5059300653171876 0.5013323361860119 0.48875121021049184 0.46811803537448904 0.4412884751190588 0.4186221510710707 0.40247179931386934 0.39356536059489633 0.3922949337842301 0.3986887235686575 0.41251236997256957 0.4396336058353105 0.4817990490261116 0.5321989252340346 0.5868807354044699 0.6441648493055105 0.7021497666786868 0.7587399241685289 0.8116644319830233 0.8597200999420982 0.9058025806340115
0.5890277956684024 0.5357305368508879 0.4781067366257883 0.41823213845521623 0.35828155252817984 0.3005054585687218 0.24718336489223391 0.2005472806058104 0.1626725021699753 0.1353895067856079 0.12009527699471412 0.1175812970379877 0.1279795397762824 0.1507475998783261 0.18449596596758577 0.22267147592770364 0.2621195911236419 0.30174361487071477 0.3403994414246445 0.3747967114006403 0.4021394823239086 0.4221704744567706 0.43475355594932685 0.4398433677407856 0.43743681610893204 0.42751058391452856 0.40994963965333775 0.3895959100316919 0.37626796894593495 0.3707995564331462 0.37344205216847726 0.3840593131048192 0.40213759385825465 0.4263812797868394 0.4565088985897271 0.49237544310349035 0.5326635714858216 0.5758605670410296 0.6202887990204061 0.6641255077562537 0.7054127730682069 0.7420613750092847 0.7734068384550561
0.5384096661939898 0.47430366150628533 0.4057039160301258 0.3348006030827505 0.26393848877649695 0.1956055273519336 0.13240212739045343 0.07698077574187545 0.03186915024087833 -0.0006988136153938118 -0.01899632641068294 -0.02200693793308517 -0.009560032890402415 0.017611705475640393 0.053276660029758505 0.09273424954348619 0.13464674585865244 0.17755063736203514 0.22001274489948242 0.26072611090196895 0.2965179797999874 0.3251823411565903 0.34660160971855514 0.3607956325715561 0.3678545985744486 0.3678556573337117 0.3607690738447502 0.34670544304844575 0.3359521206877035 0.33382595283022265 0.34044465985362304 0.35550007656884186 0.37640000724878353 0.3952081644206964 0.41234120857334466 0.43392745894523466 0.4600726761878555 0.48941687678814016 0.5205027847573869 0.5517866913575651 0.5816362747706089 0.6083186933578656 0.6299842436690757
0.4837725020716709 0.40881336745224084 0.329032676722531 0.24671597777423526 0.1643711080090744 0.08473827288457536 0.010769512224617417 -0.05444522296024146 -0.10783002331789149 -0.14656638163566926 -0.16840923831176835 -0.1720090067847675 -0.1571370743411411 -0.1277996050688912 -0.09131532913311347 -0.04941406265798198 -0.0039902799621560625 0.04302295562195524 0.08984728560580169 0.13496471919819353 0.17715593386961004 0.2141192774209243 0.24380251506228212 0.2663365229109389 0.2819684850129519 0.2909474299633322 0.29340204009328763 0.2892151550761082 0.281726190389173 0.2829206211169525 0.29367675632198176 0.31163632743562486 0.32762238110861874 0.34085610901255203 0.3515998828355956 0.3605814523198475 0.37282395771260424 0.38849009625299025 0.40634402902459255 0.4251332907000741 0.4435717968591967 0.46030781673757226 0.47388183149196095
0.427453727366948 0.3417390710005097 0.25070559802338555 0.15668682137166368 0.06230622213969883 -0.029478353243650446 -0.11535597263592523 -0.19170453544867838 -0.25474273946097403 -0.3008390705553008 -0.3269796077587708 -0.3312985271466413 -0.3145112860041166 -0.28512392967070577 -0.24631478377974725 -0.20047612724212893 -0.15025624169395146 -0.09817423023887772 -0.04640051170736803 0.0033317159669925545 0.049733629875508445 0.09192410500503878 0.12889496386820465 0.1587815181821859 0.18186442795697444 0.1986547993478216 0.20953433126633014 0.21458607808765262 0.21381834296055613 0.21839117662641028 0.23258540150856322 0.2462059509994623 0.2570048077137732 0.2651887530925393 0.27083332408492733 0.27398390351211155 0.27479631502714175 0.27688460908057566 0.281489397033145 0.28766949799941166 0.29451694808140794 0.30110149830485633 0.3063969005860073
0.37172474577016623 0.2755341546623985 0.17333764601829316 0.06745571548854246 -0.03944001413885445 -0.1442351459470157 -0.24328745400076435 -0.33239263277423103 -0.4068851413611414 -0.4619913928140227 -0.49351448620417004 -0.49874336961114496 -0.4825607815804682 -0.4515238453367023 -0.4083653007178454 -0.35668374890292176 -0.30013210695014103 -0.24192477130576373 -0.18463705459996094 -0.13018172360279778 -0.0798641484911764 -0.03446138125587983 0.005694195838875427 0.04062427318662154 0.06975276877893766 0.09291255327069936 0.1108630235783048 0.12400386508897521 0.13215150094429595 0.1405142229098577 0.1518804495369599 0.16071229830158096 0.16710403344168956 0.17092141330582167 0.1719804109105898 0.17017335821258883 0.165543093281328 0.15831454087866925 0.14978223045201844 0.14303527409482064 0.13786820960961288 0.13384942147327217 0.13175051280217787
0.31877086885825434 0.21263787750090746 0.09963957548053815 -0.017995566349033654 -0.13764991563680962 -0.2561708783738592 -0.36969172163754904 -0.4734553776086572 -0.561753869402817 -0.6282190282517393 -0.666765080058717 -0.6745035802741952 -0.658935766634807 -0.6237345300695145 -0.5734891799951833 -0.5135859418852498 -0.44896050526315956 -0.3835690438573316 -0.32032630194764966 -0.26123051043903667 -0.20751910456491562 -0.15979854950074301 -0.11819188706065753 -0.08282314576227656 -0.05272679983093731 -0.026613880283653524 -0.00372978057407769 0.0161480183521292 0.033120953210123094 0.044306596631318085 0.05197741961447 0.05766269116169398 0.06072311372575023 0.06105071761237757 0.058150553097147784 0.05171827831943254 0.04174068498751282 0.02851459698957015 0.012633338393833515 -0.00501214846185194 -0.021794574623179352 -0.03455780605277092 -0.04262235188615682
0.2707656188058005 0.15554140019245044 0.03246947599805394 -0.09640090742631258 -0.22863662404876006 -0.3612305171535757 -0.4903190465658567 -0.6107970991765126 -0.7159089220656303 -0.7971623058822792 -0.8453640833557892 -0.8581220449004048 -0.8407889805435753 -0.7976960015436447 -0.7366835809808228 -0.6657410524769254 -0.59127065231692 -0.5178365707088697 -0.44848741409543713 -0.3851607513495703 -0.33023361799954465 -0.2842540071003241 -0.24625585513780535 -0.2148196104262483 -0.18814776046256898 -0.16421495579891277 -0.14106802125053375 -0.117310757871804 -0.09324255224120281 -0.08129641333891846 -0.07438811104573206 -0.06771749759644474 -0.06306073328941819 -0.062319291242109776 -0.067197705844112 -0.0778884001367055 -0.09312924027358105 -0.11218267045490848 -0.1339391973904378 -0.15686215075693677 -0.1790635208080864 -0.19843840937172197 -0.21287979880109353
0.2297871189644941 0.10669235860396187 -0.025267701056356673 -0.16429738709100383 -0.3082801542231912 -0.4545798979512392 -0.5996966713752909 -0.738674163595548 -0.8641528840350954 -0.965244485990804 -1.0279596931915667 -1.0475712140275897 -1.0244668501047272 -0.9677555924290535 -0.8912260550170605 -0.8063203181470457 -0.7206418744476664 -0.6388725397671549 -0.5657578938318828 -0.5037340701484656 -0.4526199941572864 -0.41163429032500565 -0.3794631933398869 -0.35425689406839345 -0.33360848886709027 -0.31460938389945303 -0.2941392232970379 -0.2695539335406614 -0.24437804313793965 -0.2318575175890929 -0.22456396185818583 -0.21519901493840776 -0.2068265554451736 -0.20225811439238983 -0.20370847559277871 -0.21271577762301486 -0.23016729470678188 -0.25423825235421704 -0.2818757482813481 -0.31121312236725784 -0.33987105800660933 -0.3650706616681805 -0.3838676522112112
0.19770809364984732 0.06835533021615658 -0.07079218422297462 -0.21822382956555053 -0.3722219051844622 -0.53070929062966 -0.6909493333093322 -0.8489200269916963 -0.9979555189425662 -1.125908185110165 -1.212716493496875 -1.2407053360595033 -1.2040981718744217 -1.1248985305453514 -1.027615268489168 -0.9267686319534614 -0.8305571289183031 -0.7460529220525567 -0.6747188194713265 -0.6165558602226138 -0.5709563801030031 -0.5368332430043237 -0.5126165122889361 -0.4961503379715766 -0.4845144156955403 -0.4738537122082285 -0.4594751919808724 -0.43682447619747533 -0.4144063852161357 -0.39972200402129476 -0.38895419362361694 -0.3741230871615291 -0.3597292707594846 -0.34959369123973194 -0.3464367256348253 -0.35201147916264386 -0.36726739375471706 -0.39245217810540267 -0.4264786165278447 -0.46383307875188073 -0.5010027549067513 -0.5344286705897916 -0.5600816366084334
0.1760681890271183 0.04243612856448209 -0.1016918540854812 -0.2550516529911737 -0.4162971872329406 -0.5839325813606553 -0.7561653073685295 -0.9305513373902594 -1.1030092827651925 -1.2645825373347084 -1.3930433551442933 -1.4346114221270516 -1.366559073903624 -1.2532037492581212 -1.1325951127627303 -1.0190098210681404 -0.9202901816178628 -0.8373961095891345 -0.7701762754560479 -0.7179841227208059 -0.6798459154771863 -0.65448749627584 -0.6402622924714605 -0.6349635864173706 -0.635469862529175 -0.6371899462468698 -0.6335229771083564 -0.6183228366201523 -0.5998194802007684 -0.5807067339573853 -0.5619936402323573 -0.5380202637913707 -0.5150292393615943 -0.49772465184816506 -0.4890786858642395 -0.4908708433725262 -0.5040228445434147 -0.52874532677409 -0.5645490897999632 -0.6099433708026032 -0.6579499243613034 -0.7025234752337599 -0.7382931151098193
