_RESULTS/CROSS_VALIDATION_POSTPROCESSED_CLR/MHZ/GZ/6comp/4/MHZ_GZ_z_500_kriged_reverse_6comp_spherical_4.asc
ncols 100
nrows 74
xllcorner 5.5967023332191781
yllcorner 50.982320383219182
cellsize 0.00019249356164376555
nodata_value 1.7014100000000001E+038
[rows 0 to 18 of 74, columns 43 to 85 of 100]
-0.512159168697494 -0.7529568452853965 -0.9837842355274309 -1.1907024134841184 -1.3606543187763172 -1.482390747201672 -1.5475062665915236 -1.5513716708953167 -1.4937090713610246 -1.3786278535408476 -1.2141095434764255 -1.0111062617453888 -0.7825043723961034 -0.5421764132979616 -0.30424841371661476 -0.08261194214872641 0.10935213490061452 0.2588949300033185 0.3539211464894245 0.38333580222901176 0.38333580222901176 0.38333580222901176 0.38333580222901176 0.38333580222901176 0.38333580222901176 0.38333580222901176 0.38333580222901176 0.38333580222901176 0.38333580222901176 0.38333580222901176 0.38333580222901176 0.38333580222901176 0.38333580222901176 0.38333580222901176 0.38333580222901176 0.38333580222901176 0.38333580222901176 0.38333580222901176 0.38333580222901176 0.38333580222901176 0.38333580222901176 0.38333580222901176 0.38333580222901176
-0.8809578005668457 -1.1812064090041676 -1.467899488181149 -1.7247747418645576 -1.9360636987347182 -2.0877312044194425 -2.1690012747119733 -2.173829214714901 -2.1018496269560227 -1.9584366275330483 -1.75385171405376 -1.5018106991700515 -1.2179418284449701 -0.9184995630674684 -0.6194857297798451 -0.33615801028564246 -0.08282625348075906 0.12717150167125468 0.28139774971039366 0.3682041456929259 0.38333580222901176 0.38333580222901176 0.38333580222901176 0.38333580222901176 0.38333580222901176 0.38333580222901176 0.38333580222901176 0.3832936693032114 0.382663290511649 0.38163709150329167 0.3806098683975855 0.3798759456348301 0.37961665366370756 0.37989210505113474 0.3806383800453212 0.38167051777111494 0.38269089226536074 0.38330184396826866 0.38333580222901176 0.38333580222901176 0.38333580222901176 0.38333580222901176 0.38333580222901176
-1.2840993098422766 -1.6479364567869015 -1.9959045865997844 -2.3089946911878143 -2.567936853848579 -2.754816768743974 -2.8553567478662596 -2.8613389328166132 -2.772261624028284 -2.595446803608137 -2.3445441545241796 -2.037149799519541 -1.6924688086241158 -1.329604558412405 -0.9665905310664982 -0.6200027663081007 -0.3049271034503423 -0.03510068133279931 0.17688478087922893 0.31937667611449383 0.38147762293616805 0.38333580222901176 0.38333580222901176 0.38333580222901176 0.38333580222901176 0.38308985557113495 0.3813952278141093 0.3786455994017922 0.375453091443821 0.37235902080154776 0.36981302137177513 0.3681529932259007 0.3675882919206387 0.36818852231071514 0.369879674570761 0.37244823036220404 0.3755525723358168 0.3787399316674497 0.38146649928326737 0.3831182954013932 0.38333580222901176 0.38333580222901176 0.38333580222901176
-1.705964319543723 -2.137770548815867 -2.553079414366187 -2.9300438604833037 -3.244936108886938 -3.4743565658534954 -3.5986473080922186 -3.606063228160376 -3.4958767740682832 -3.278585850477121 -2.9730903865852527 -2.6025376347611107 -2.190751175398405 -1.76009147362766 -1.330601291920802 -0.9199362671699645 -0.5436506157368852 -0.21558307489464262 0.05177519538352526 0.24697193247438434 0.35934982435813667 0.38333580222901176 0.38333580222901176 0.3833248919141316 0.38171798701901455 0.37792176411369205 0.3726973173544961 0.36677909450272417 0.36085468430615814 0.35554047746920125 0.3513547617465005 0.34869095859522237 0.34779456795440655 0.3487475128541347 0.3514626908205458 0.35568976313294826 0.36103108732544664 0.36696494360103776 0.3728723528184558 0.3780639371331683 0.3818041492220485 0.3833313449292313 0.38333580222901176
-2.1281473007138367 -2.6323550571066674 -3.121752458077389 -3.571735201151862 -3.95354062234807 -4.235984413910729 -4.390785282439111 -4.400065182593356 -4.262691503374085 -3.9947217634248315 -3.6235771331749738 -3.180417932135307 -2.694806439823009 -2.19246853181203 -1.6950635194705053 -1.2207915851294076 -0.7851743720826379 -0.4017456422903341 -0.0825886564892529 0.16126812312017053 0.3195663287528039 0.38261429992324264 0.3831223146605572 0.3801703416951899 0.3743904584002033 0.36661378008245715 0.35767252162432794 0.3483834061783416 0.33952436660609864 0.331804605645757 0.3258296571137322 0.3220650597807818 0.3208039808878882 0.322144715091608 0.32598276109793595 0.33201923886853346 0.3397837764488062 0.3486670978136512 0.3579573790166083 0.3668750765277915 0.3746026774065954 0.38030778565034207 0.38315951758886896
-2.5310732948400334 -3.1096663246345297 -3.6796228226095775 -4.213218907071697 -4.676266583683891 -5.027197330913055 -5.223342722938886 -5.235198944479026 -5.060826824914508 -4.7269364459663885 -4.275446499034851 -3.7488800892083245 -3.1832114957475315 -2.6068492251801256 -2.04204625431952 -1.5066352092804767 -1.0154193553810524 -0.5811508095474336 -0.21518686848821927 0.07207515799785463 0.2709089195331199 0.3717647871270444 0.37930085284071824 0.37195985288684696 0.36187828485994017 0.34994837924411504 0.3370800017164576 0.32418414604062845 0.3121469776459117 0.30179344263795105 0.2938417053723024 0.2888530138729114 0.2871850304700285 0.28895842126827553 0.29404491360849205 0.3020799799558668 0.3124967975090411 0.3245731688101321 0.3374816199910545 0.3503347303570212 0.36222120589185597 0.37223152160639394 0.3794741669448285
-2.8931371501671936 -3.544771827586403 -4.19832211871442 -4.825887813238937 -5.388080968736616 -5.830803703462909 -6.087075353813624 -6.102814571220926 -5.874227698585175 -5.450959701420632 -4.900454778130547 -4.279899379720297 -3.6304546703518574 -2.9809857327482763 -2.352502802060245 -1.7612398546145858 -1.2205250952868958 -0.7418837831143852 -0.33569274284140455 -0.011576884348689531 0.22121470572990307 0.3504728751958411 0.3713298109207206 0.35953307309664545 0.34502638783165823 0.32876252704989073 0.3117336597583411 0.2949570520102982 0.2794479713225637 0.2661766401984567 0.2560089728403814 0.24963631432081484 0.24750621740538395 0.2497709327932336 0.25626863363938734 0.2665433504059992 0.2798972794667497 0.29546027581032885 0.31225992063201463 0.32928032881957114 0.3455046783633442 0.3599418562668085 0.3716404262503532
-3.191399588056543 -3.909196590621409 -4.643148178285887 -5.369183753945622 -6.049132175814902 -6.617991763811983 -6.9703507633083355 -6.992770834667286 -6.6762146723784905 -6.127665882893051 -5.458176939202294 -4.737813822419149 -4.0070748155670515 -3.2910642248994146 -2.6072029407237363 -1.9689417079625853 -1.387569160770882 -0.8731328483476644 -0.434933107408292 -0.08180115525748938 0.17510323908190456 0.32469895513569763 0.3600714081139266 0.3437797786786333 0.3247407986354757 0.3039627007166016 0.2825205505157593 0.26154782944562677 0.24221178361603782 0.22566533992974805 0.21297122740125496 0.20500237799646193 0.2023360438961868 0.20517083743643666 0.21329569248774607 0.22612280613707142 0.2427717829683594 0.2621757196906227 0.2831802591590894 0.3046186143837626 0.32535883806969895 0.3443278629668721 0.3605195316374906
-3.4036161823409206 -4.173025102434447 -4.973359770126919 -5.78835791132335 -6.591573331719958 -7.327245823469434 -7.851866723816049 -7.888713507216473 -7.40861793311361 -6.688798383443529 -5.891874546254218 -5.080067025597513 -4.281755352518893 -3.5137733965876303 -2.788408779444648 -2.1159090641492373 -1.5054697257364429 -0.9657716718856235 -0.5053220337077378 -0.1332670280562696 0.13783876049581212 0.30006413757570494 0.3463238032518362 0.32564535411438716 0.3020000622696387 0.2765430411090367 0.2504254302764654 0.22490084954249942 0.20131031333618324 0.18103497279397107 0.1654030502325074 0.1555483381960287 0.15224301462517487 0.1557570298283395 0.16580358019862473 0.18159694499390844 0.20199486882982645 0.22566560879581418 0.25122812125153005 0.2773435829529047 0.3027614327038588 0.3263337014915504 0.34701144216696544
-3.51158993646107 -4.309883184333567 -5.1488156115296295 -6.019321642152141 -6.910700486021325 -7.80567335903472 -8.637710514766374 -8.721051561700463 -7.915490069215632 -7.023396226618629 -6.133236075061045 -5.263989626223492 -4.426224839984688 -3.6276693357752925 -2.8773531447392666 -2.1841633328199497 -1.5566688205450558 -1.003152622177955 -0.5316410366966737 -0.1538608991962856 0.12023018692338172 0.28416134823511074 0.3317254685921752 0.3061335698599167 0.27786538710715314 0.24760567353417454 0.21656239246555248 0.18610039127352168 0.15774778216198887 0.13316404273278493 0.114037513800683 0.10188816186015415 0.09779563862504836 0.10214624938910943 0.11452972580818316 0.1338486329025576 0.1585739790276378 0.1870158705431747 0.21751779334026677 0.2485564641680372 0.2787720853860711 0.30696075225661423 0.3320517018347773
-3.5048232163077913 -4.30404132245346 -5.1434157782410646 -6.014668056334726 -6.907181146843241 -7.80199502551254 -8.62678056711677 -8.708882263662643 -7.914272971560261 -7.024659522861687 -6.133747839358558 -5.259540278730602 -4.4147293399978365 -3.6103516863420437 -2.8559748248010317 -2.1597373885930704 -1.5303061161041218 -0.9760425188952779 -0.5059577738327132 -0.13323221126628887 0.13444260450764778 0.2906493417027298 0.3292581192376629 0.2936645459753363 0.2557022048936728 0.21838921106388479 0.18221277347282566 0.14642837459771568 0.1127319045721612 0.08323279763522351 0.060244552385740724 0.045572878936145256 0.040611225666357165 0.045884177861928166 0.06083565160032012 0.08405307821049662 0.1137203879019324 0.14750941957544 0.18332964893831105 0.21948447229874146 0.2545370690787914 0.2872632894951051 0.316601946123675
-3.3826277891782532 -4.1569212065471834 -4.9632833328647905 -5.784170205526651 -6.592290071160853 -7.3303382255548515 -7.853156007204599 -7.891512137164534 -7.417777616719289 -6.698090736100719 -5.893109685740646 -5.067740254123091 -4.252943598803168 -3.4679978639040585 -2.7275260306958207 -2.0439716701904778 -1.427570379021973 -0.8856014135053956 -0.42947786757898193 -0.07186736610077277 0.18017963781115764 0.3201199829880462 0.3417716174005524 0.29556404677602105 0.24644465121283388 0.19696827283275972 0.15011479173431358 0.10925908217302105 0.07190794224255609 0.03878334832717961 0.012176401036557927 -0.005265133261662613 -0.01125831887017098 -0.004893636602939899 0.012865339149484067 0.039709893703490484 0.07299570370181518 0.11044902351528274 0.15039378579760665 0.1914907937402759 0.23128248503905874 0.2683330163238399 0.3016310602445364
-3.1614690977065374 -3.8925143833704205 -4.640213154623603 -5.379025429359646 -6.069499479694221 -6.645858178894347 -7.002113428131513 -7.027302354409311 -6.70850272921571 -6.149681927102703 -5.4623193126254375 -4.71842795361986 -3.9610180057368614 -3.2178473570335764 -2.5089698734557646 -1.850340753216009 -1.2555242528706028 -0.7365051774728704 -0.3055943473698643 0.027355181451549027 0.2549520148393387 0.3703970831908168 0.36785292025977834 0.31152873214162313 0.2514808916518081 0.1921257889614341 0.13595186578939644 0.08515307892849272 0.04218362066359932 0.0045742662455636185 -0.027038160989262705 -0.04867704058382066 -0.05632241297792773 -0.04820915580588514 -0.02620476599786875 0.005642196822731427 0.04338129435831989 0.0841611215614928 0.1262005208077704 0.16848003019363278 0.2104692395246381 0.25126687327533936 0.2880841104449252
-2.864483764056391 -3.538095568804617 -4.213657224398231 -4.861784187737756 -5.44159309590911 -5.896979273002503 -6.161002386118281 -6.174470136142549 -5.933843922899163 -5.489563546429108 -4.910209783506698 -4.25493919841644 -3.5674892021018283 -2.879602421632208 -2.2152433280423818 -1.593500748394759 -1.030303524032523 -0.5398776384883484 -0.14034858158302538 0.1592958295719189 0.35413271649657874 0.43658219665575476 0.40561612910204364 0.3403658900829645 0.2740591437378931 0.20818913442526668 0.14389309847814719 0.08288612092871273 0.028162997670958922 -0.017314888391718075 -0.05576293750491196 -0.08410174457071778 -0.09468125681365053 -0.08346627525045663 -0.0547134572053789 -0.016068239181832422 0.026821672679964992 0.07084422497190973 0.11446653435967175 0.15700771279327952 0.19824051597677642 0.23818169504809203 0.27683759295895227
-2.5133769834138406 -3.122966714015243 -3.7236160765454307 -4.285985992510287 -4.773457470459538 -5.142736874562161 -5.344393801017433 -5.3469035637245845 -5.151289566671059 -4.785697399473734 -4.293748812694177 -3.7202770152481794 -3.104120718408056 -2.4769144285856206 -1.8642784772242946 -1.2873369305581603 -0.7638983645181585 -0.31097812150748955 0.04915909067548324 0.30569118595598965 0.4543096832442286 0.4929072475819388 0.4350115668277749 0.3645024520027198 0.29407014502936046 0.22508866844111064 0.1584961860477449 0.09487699131162575 0.03465984072740924 -0.021458333430182164 -0.07026189307651759 -0.10968327052920696 -0.12643458744513963 -0.10872209291819096 -0.0689042251602941 -0.021853725287156178 0.025975769026346462 0.07227209846755467 0.11628176826757441 0.15788586499311635 0.19724703968261845 0.23465486285195974 0.2704504289723244
-2.1303548140846305 -2.674780126549263 -3.203834319905325 -3.6903682566495166 -4.103405274898962 -4.406255641658198 -4.562363449251428 -4.555447154017958 -4.387904138954324 -4.077496995212846 -3.65375269077644 -3.150564404667144 -2.6008008001931184 -2.033906215157267 -1.4754526552536775 -0.9482824072495206 -0.4767157719008149 -0.07751871219760481 0.2311306239076793 0.4388435610327654 0.5375756165242656 0.5277157580044931 0.4534255799202588 0.3780827327614517 0.30432920009232434 0.23357511835907532 0.16657948657301042 0.10351120429628446 0.04408130986029096 -0.01223479032426833 -0.06572861013544778 -0.11763927399618618 -0.1516781630829092 -0.11602886630669978 -0.0606303570953895 -0.006470728720131158 0.043867999590226914 0.0900912034206457 0.1324536236525441 0.1712397010874387 0.2066619518307861 0.23956512235584942 0.2707269634469907
-1.7361481690411613 -2.217493206644665 -2.6808958389211877 -3.102104421423987 -3.4541967470378485 -3.702470843869327 -3.8245574355564735 -3.809567032613973 -3.660515136742974 -3.3899224199354134 -3.019113970358527 -2.574428525014167 -2.083546460800293 -1.5731732421627316 -1.0719924753291974 -0.6075573145462168 -0.1970343382150223 0.14356954920832243 0.39564810567676767 0.5487554005885431 0.5962902446035356 0.541662387242416 0.4604067289548812 0.38051199094359006 0.3043687050963988 0.23349316403477718 0.16852800854590755 0.10933633378123964 0.0551621423567929 0.004844773856730822 -0.042877005630084675 -0.08861073841865669 -0.12455143440234845 -0.07607267773223453 -0.018061623029611062 0.03501125578534359 0.0826043129472313 0.12428221624338975 0.16034852807225475 0.19204308772779663 0.22054105797336163 0.2468966917405951 0.27200908855799255
-1.348995947585758 -1.7709114641642543 -2.1752576700212143 -2.540631377753933 -2.8395956610180413 -3.0444237369470475 -3.1399494042758045 -3.1183297806502 -2.9819723030849548 -2.7408381247447924 -2.4112694418443823 -2.0145639165940303 -1.5744323208682005 -1.1219632986060302 -0.6856816537826997 -0.28477918063074853 0.06342448126660238 0.34273779305809976 0.5343373554170104 0.6281265768936345 0.6219861562682123 0.5427222205164715 0.45478422420868214 0.3705012626141202 0.2929478176696593 0.22379298455281948 0.1636013760123221 0.11203045300319253 0.06814373635983023 0.03091904200588358 0.0003223630684680012 -0.01950917413137626 -0.014866912504857832 0.018906288282874772 0.06080418075277999 0.10218709856498065 0.13857245710704552 0.16933916308044533 0.19526720951292387 0.2175082475064336 0.23726087071334703 0.2556302445466607 0.27356115044758117
-0.9846541595471865 -1.3512965701296473 -1.7028668619459875 -2.019712900765569 -2.2727749549203926 -2.442752170246034 -2.5173377075419836 -2.4904832083962627 -2.363438688317291 -2.144502008848745 -1.8471782932925456 -1.4894798616918097 -1.0997270469982294 -0.7074192571753535 -0.33201117720512857 0.007648069158403603 0.29390269917414646 0.510468161828465 0.6385170593974832 0.6706329115900476 0.6129788733952192 0.5277581514669882 0.4346423540824402 0.34596838429051713 0.2679854917962342 0.20248217618005832 0.14987918570155734 0.109568009308734 0.08038567109840494 0.06131686837622652 0.05265843526311553 0.05780379958056142 0.0833663039754784 0.12236763874715484 0.15997471777553884 0.18537738832535133 0.20585486108323764 0.22251676271704257 0.2357196784747241 0.24643124736945587 0.2557819039221223 0.26485514179479397 0.2745856942986824
