_RESULTS/CROSS_VALIDATION_POSTPROCESSED/MHZ/TZ/2comp/1/MHZ_TZ_z_90_kriged_reverse_2comp_spherical_1.asc
ncols 100
nrows 81
xllcorner 5.5967107548124995
yllcorner 50.982328804812504
cellsize 0.00017565037499993607
nodata_value 1.7014100000000001E+038
[rows 40 to 59 of 81, columns 0 to 43 of 100]
12.027128104398182 11.929579807428773 11.706809599659506 11.449465461750954 11.186764706710072 10.928863879005416 10.680895836126012 10.446264380495698 10.227643407298189 10.027325670009606 9.847505369870346 9.69318870930667 9.566179020071603 9.470928732524397 9.42204981450988 9.418359477580724 9.455836886125638 9.52811190269276 9.60043324873291 9.59335519411096 9.504400301781073 9.338582493242383 9.102573694125208 8.803901959434505 8.450748247459408 8.052081250345823 7.617879320126315 7.159306619858649 6.688126915203579 6.214973673987216 5.760369541536305 5.349529782259298 4.995758565257918 4.730076409553966 4.592712542966998 4.612714415376851 4.77969799988101 5.057788821616422 5.415735997876781 5.833107332476643 6.296248238552635 6.794126979169351 7.3146428788485265 7.830539083589382
11.68451934763994 11.62818756507846 11.470448948508192 11.260381445858583 11.030237169775889 10.795829569888001 10.565906189642027 10.345908739322388 10.139649171947438 9.950060124192701 9.779547760923348 9.630167361251091 9.503852657800216 9.40401315412137 9.340787361164033 9.321026260518723 9.339631869873935 9.393801838028534 9.456098699666967 9.450325716921153 9.367752798310093 9.212958811871735 8.992169914488194 8.712795654850748 8.383199117022354 8.012671132922941 7.611131659672689 7.187622762971291 6.7539032399488885 6.324457983261343 5.92759003417898 5.582008488535636 5.305052891787277 5.116799395624407 5.036594720323163 5.08035790965144 5.24439664034275 5.511903078121515 5.862812671414865 6.279313503290619 6.746417619137454 7.250443156504144 7.767545481830543 8.271261508468706
11.358414276777953 11.319614716204375 11.20332249096122 11.034801130205272 10.839597113907313 10.633400218964926 10.426413912009453 10.225480205963043 10.035435909617513 9.859909095072638 9.70176941702557 9.56338587514029 9.446779796306853 9.353578883137747 9.283428276771913 9.247452433059406 9.250074144880838 9.288846588196169 9.340056377120163 9.340363280657055 9.268495600423094 9.12892025286404 8.927655761811389 8.671844040558769 8.368805512519256 8.027176857079935 7.656730545736402 7.2683467434111515 6.8740694636552275 6.4927577117303885 6.151876057061581 5.8647168384527815 5.645789291611453 5.510933171579873 5.4747133717730065 5.545732651867953 5.7205115787886225 5.989230810917169 6.339293517417626 6.756594187350543 7.226708440578576 7.729188260896996 8.234491432588488 8.720232887915794
11.051786392084036 11.022127205336464 10.932487878366372 10.796511435994413 10.632564079608786 10.454487949580873 10.272022884654564 10.092378831727665 9.920935619439776 9.761818335021403 9.618299482443076 9.493058419307317 9.387134397451337 9.301209594178722 9.236460281340154 9.194632744464927 9.186738304188253 9.212954257552317 9.24955417775847 9.259934055435528 9.2022273346073 9.080317593223834 8.899829276337995 8.66754401881598 8.391292931386609 8.079902570275411 7.743176809329723 7.391887882543206 7.037820827046913 6.706347956773062 6.418009205145871 6.1837626176206895 6.015506197790756 5.9252161444248195 5.923230837852248 6.014910264978064 6.19980448926097 6.473005171413085 6.8255016460968125 7.245706226894505 7.716596563905395 8.210729416996031 8.705663953440643 9.177382638400529
10.767238254814597 10.74293785683011 10.671467151556977 10.560949228179009 10.423164956776917 10.270745643682403 10.112180969131721 9.954295153202812 9.802516687513203 9.660973349749378 9.532294253254566 9.418866715634906 9.322664175598742 9.245341461723353 9.188347292893285 9.15302644082434 9.141085737222358 9.155072243573587 9.176504838581614 9.192881122684907 9.1526797320648 9.051387134510037 8.894620291320175 8.689131819097968 8.442708116029916 8.164089560001186 7.8629046314962965 7.549602083340948 7.236909354792183 6.953634519640277 6.714125853123928 6.527917633070844 6.404860435591149 6.3544104669961365 6.384044420341925 6.497442677939687 6.696097263941347 6.977479624991567 7.335646016308255 7.75817987315259 8.223390284783331 8.712142983073996 9.201116812199082 9.662436821552948
10.505043178732848 10.485056797687326 10.427120733482303 10.336679377295749 10.221240423542334 10.091071622317612 9.954148571918884 9.816351523799668 9.682541327155882 9.556669333499652 9.441942557513672 9.340988910701082 9.256003423928208 9.188873684851648 9.141289774791323 9.114846018501293 9.111109623096219 9.116636368815934 9.123503251418343 9.134941093442874 9.115516659547477 9.037957860846689 8.90782417208134 8.731764003906726 8.517410321265837 8.273281573672765 8.008682456969115 7.733593607001597 7.462708604303842 7.224877424003227 7.030631151113119 6.8882909023773555 6.8061779460197025 6.792053347147482 6.850595822561881 6.985700779774643 7.200043749718915 7.492581997422379 7.8542030140971635 8.271690747486614 8.731948019849648 9.217445001006821 9.704339475736344 10.160138105087256
10.25953138675078 10.243417621026934 10.196432698311986 10.122327186589446 10.026456082951924 9.915380969053983 9.797346127382866 9.677754149366018 9.56103990097191 9.45098763564444 9.350797855477893 9.264162681987827 9.194424056799726 9.141619559554464 9.106258667539922 9.089560356576746 9.090562854754435 9.091950895832202 9.09182845869356 9.091717573345926 9.087353648563807 9.036106350663111 8.934943258023925 8.790336332023656 8.609678182623894 8.401167882253826 8.173688973038717 7.936671652591755 7.70690071442878 7.511702916470087 7.359373315856443 7.25723564287509 7.212463212579843 7.230766884520894 7.315753895007614 7.4714711661202875 7.700017337287196 7.995443113833048 8.352399588347822 8.763235740459423 9.217240580602715 9.699617637400193 10.188710664867502 10.649381474368273
10.031606895076695 10.018530348567529 9.98025945705574 9.91949449517335 9.840222579299041 9.747155331850067 9.646045120605677 9.54329205358458 9.445847475155658 9.36305046183004 9.294036642289488 9.237674685300421 9.193264391737115 9.160672426619678 9.140456051518171 9.133967446664117 9.131304561125164 9.121540363737775 9.106466067780815 9.088765849679694 9.071914437519894 9.041916856802262 8.971270523711022 8.859642078160627 8.713829058463332 8.541644863596366 8.351494568155758 8.152221808216012 7.962084522515572 7.806724348669903 7.693140197416469 7.627829828148755 7.6166092985248515 7.6632264929367935 7.770933716861027 7.9394419659683555 8.170177909695598 8.461867868470218 8.810545766032163 9.210103698017157 9.652176942292611 10.125708716598051 10.615279056189824 11.093897332361736
9.822749187309846 9.812134353178575 9.780996284172023 9.731350696354166 9.666246852454192 9.58940655169592 9.50877357581957 9.441014670947107 9.386904541575243 9.344304468579793 9.311310930851752 9.286397253251662 9.268556276336724 9.257450974735255 9.253554499499511 9.254300335506972 9.24419890606717 9.222490734735384 9.191342742723851 9.15389472513965 9.11410812714413 9.076455940251568 9.019336511367971 8.933485358907603 8.824185760498386 8.688825771547362 8.536003234549383 8.374064552611326 8.221592354282949 8.103299237770623 8.025302476467902 7.992250519079461 8.006870955974433 8.072428108739194 8.191379787902225 8.364837051627838 8.593294856623764 8.87656714037103 9.211134862695355 9.591675107629664 10.011139178872753 10.460842518274536 10.930729439462832 11.410552898508774
9.634315147988366 9.625748095227214 9.60058530527855 9.56037772337063 9.507673139205282 9.4608910949361 9.428976064396968 9.409025222924955 9.398914283417518 9.397266316656326 9.401572300802856 9.409700613074195 9.420125098328668 9.432112418925866 9.445034810222266 9.44490939265686 9.42674916241205 9.391945567064848 9.34315132623491 9.284106855950482 9.219421893588073 9.154345980640525 9.09371589077562 9.017067437617532 8.923378517813632 8.824156093893862 8.710800990553032 8.586510682461904 8.468942330656386 8.38288161467763 8.33335229350526 8.323295322895163 8.356176844448358 8.43483077135298 8.561090957715288 8.735556577832442 8.957529739678435 9.226787601230654 9.54025856588533 9.892760277891083 10.281699523749865 10.697076083712782 11.123047993506962 11.534123035796192
9.467573740116055 9.46074691310261 9.44068847683111 9.410281130482016 9.394144075619106 9.396786478557907 9.414331928643135 9.44312222686134 9.47965918315323 9.520780390635917 9.564435131050915 9.607895501411447 9.648870351010538 9.685901441582295 9.7072568077747 9.704312524912668 9.67721081670897 9.627747795401069 9.559218413338135 9.476158501910323 9.384032346137799 9.288916765164622 9.197223744848209 9.114993004819832 9.027422265424716 8.934871939308723 8.850238864271661 8.763355724367393 8.678660500116921 8.621298514470215 8.595551879042072 8.605011566393783 8.652661292872327 8.740699810823559 8.870346538406142 9.041638732107497 9.25323441980597 9.503241918880818 9.796985625452326 10.129717369309478 10.489536364209478 10.860940418737096 11.22209359487329 11.537866921792215
9.323742579630329 9.318421906835136 9.304876312963644 9.311273304085075 9.342493725806499 9.393907801347144 9.46106884451097 9.53959815171341 9.625134275068879 9.713364578029429 9.800151896941884 9.882099362660258 9.956622329294076 10.011955268809396 10.037553640715224 10.031595377278316 9.994358179309168 9.928179669699803 9.837217991403557 9.727068502946599 9.604316240108734 9.476102152888693 9.349760810026114 9.232560329481425 9.131551671045694 9.041888932556526 8.959278484455997 8.896438258467072 8.844466668028469 8.815120915629732 8.813066050664059 8.84048501150054 8.89935056109527 8.991277255721938 9.117354248719955 9.277966376104095 9.47633023746136 9.72078130383634 10.003274564730507 10.31418060936706 10.639820131036817 10.962419592505702 11.258166879124017 11.494796780971058
9.204025929591474 9.20078210006497 9.219079354048002 9.269716497518143 9.347625600051256 9.447900952914082 9.565627035948486 9.695748140184815 9.833003337495933 9.971954775140219 10.107137094414508 10.233117104422165 10.335756604686813 10.404580620882177 10.435457152939541 10.426192270350874 10.377239286854241 10.291680404429542 10.174853855556085 10.033777505926176 9.876503282474884 9.71152316147879 9.54730397863153 9.391980454219754 9.253286684169105 9.142693467583 9.06515091957076 9.011329815855044 8.986930740470338 8.986929608557695 9.007770388871855 9.050987572334481 9.117920465148757 9.209584201537849 9.326517688702255 9.4764982357443 9.669408723365946 9.899738712228569 10.16035766128577 10.444113705654667 10.735053900156672 11.011093139211686 11.24956623070494 11.423920934191283
9.109653868401516 9.127747813064808 9.186331104464726 9.280346885844812 9.404770790944161 9.554561735983459 9.724454412952737 9.90878575255769 10.101384118440958 10.295562345809072 10.482603874794384 10.645967702294087 10.775044143037658 10.86166320450265 10.90002395364827 10.887470728361771 10.824878577014294 10.716524149992075 10.569489235979326 10.39275098506082 10.196275927032925 9.990192441841392 9.784212471835444 9.592399956220584 9.427606713336175 9.293623378208633 9.193870158916106 9.13165933744488 9.109667676690501 9.13245795622612 9.173982076545679 9.23048945859006 9.302688871689044 9.39103913884572 9.505251944338793 9.657987319153994 9.844381140893512 10.058217225176351 10.291813589562683 10.53575599413886 10.780244971420117 11.011592708281732 11.211240252080948 11.364635426847162
9.050230174992043 9.103850241372918 9.201501186967626 9.338266098934014 9.509312018650041 9.709624690918075 9.933745043613493 10.175522390936736 10.427634574253277 10.676229881204032 10.907862134397812 11.110078539254589 11.270660748117091 11.378879616162543 11.426933447622039 11.411199348961334 11.332874645811671 11.197760624573691 11.015274310703079 10.797051034743037 10.555559974361454 10.303850906052661 10.06467375333754 9.848309246298397 9.659339663822571 9.501551022744309 9.378183016108018 9.292209043479186 9.246626458253498 9.252915010369813 9.305728900875762 9.371848311663095 9.446820850451443 9.537039712939258 9.660687936702752 9.814285919604405 9.99246170316372 10.188748119104249 10.395516825824888 10.60708226384587 10.816615994544168 11.017017564223258 11.200041687517409 11.348829413078787
9.03674041809572 9.124384818433217 9.259896177241645 9.438796743769933 9.656607308998057 9.908534193344991 10.188194437331727 10.485554595612246 10.790391893141264 11.090696413954102 11.372578825498191 11.620706742107838 11.819348972397618 11.95411982218182 12.0142160692993 11.994521285423808 11.896733443786804 11.728981251043145 11.504116972870374 11.237445462780519 10.946969141913748 10.662578847551531 10.395903408256027 10.153199008228881 9.939263697656289 9.757759432684804 9.611572972436596 9.503178107059258 9.434987057959193 9.411525431750558 9.44930948715526 9.507314532183209 9.575079594211628 9.673675926742934 9.802321346108268 9.955741927237096 10.12877151644402 10.31609040268323 10.511962878278759 10.710017066703347 10.903134695678544 11.083550951148059 11.24373443300904 11.377518436932482
9.064880273315614 9.184561926453021 9.355871534455453 9.574388072322211 9.83529679305436 10.133010600665374 10.460748111643696 10.810067801815052 11.170376939076267 11.52847709529035 11.868291294731858 12.17104946128471 12.416346586892594 12.5844682170522 12.659922215870015 12.635159911807333 12.51270173861786 12.3044044288297 12.028322782753756 11.707281722399065 11.379898641607817 11.06316433955053 10.766283837689457 10.496001611270335 10.257069232406584 10.052764116431065 9.885381835821704 9.756684585332586 9.668313763312776 9.622179817000772 9.630416824219536 9.67959594011418 9.751785209851212 9.856041928008006 9.986781875982045 10.138892899671346 10.307473266348294 10.487535166501287 10.673715164808954 10.860045396738832 11.039853405938526 11.205874306005036 11.350663535043836 11.467363889795232
9.110684444804408 9.259313669566481 9.462258541410469 9.71569910316758 10.015434738396195 10.356478687453926 10.732579415844071 11.135645387101793 11.55505618782137 11.976874939032047 12.383072146813829 12.751091871115463 13.054476131212066 13.265623483363424 13.361351418688045 13.329865915262587 13.175141982236955 12.9153836885326 12.57774218080254 12.210922280893813 11.843812294427536 11.490707424296918 11.161756215607085 10.863750661563731 10.600984006386767 10.376000865918487 10.190214953578746 10.044426031009777 9.939279741316964 9.87570567270147 9.856558197406994 9.897580504175712 9.977435569963628 10.08547646131478 10.216298380184979 10.36519315061472 10.527826449546023 10.699865198692905 10.876615435720932 11.052730541853416 11.222050224324889 11.377638966640681 11.512103640469503 11.618263385827502
9.15846379120191 9.332960250706059 9.56454718890459 9.850067513358834 10.186053467642346 10.568320602766978 10.991468493052391 11.44823973452259 11.928670015136337 12.418951348018354 12.89997329651014 13.34573582271663 13.722520798381685 13.99106879448163 14.11486383624524 14.073993699923015 13.875273652124811 13.548577908472659 13.149705236972695 12.73201910880945 12.31902152217428 11.926766895527987 11.565506520378621 11.241354603036097 10.95760175896769 10.715664772464041 10.515773822656978 10.357507009352778 10.24026386948661 10.1637428400723 10.12867847260448 10.16436684530439 10.250122389771256 10.35964927559841 10.48792555405933 10.630972080499559 10.785409007431932 10.947946558237234 11.114900374891834 11.281793068068263 11.443081379469804 11.592052411691855 11.720968053126079 11.821591856987475
9.203511084293172 9.400061463203894 9.656350713723016 9.969897521506848 10.33802853109243 10.75750311375843 11.224044721193357 11.731715250049739 12.272022423343078 12.83257220426878 13.394972706986168 13.931669251747197 14.401969879549211 14.750281822013605 14.915669449631984 14.860682838423175 14.5984949581968 14.189031859387292 13.722015203548152 13.243591785070997 12.780651185583721 12.349158794296192 11.958017860810886 11.611717806803632 11.311975721230512 11.058737385422425 10.850814490330665 10.686348780642625 10.563242136915411 10.479654735702209 10.440063385604411 10.478358609308792 10.56807128739211 10.67611627779871 10.798269540011944 10.93173679536698 11.07460313677244 11.225098562658971 11.380945228085066 11.53883772116143 11.694044187275923 11.840111315365053 11.968722975756274 12.069915293990842
