_RESULTS/CROSS_VALIDATION_POSTPROCESSED/MHZ/TZ/2comp/1/MHZ_TZ_z_180_kriged_reverse_2comp_spherical_1.asc
ncols 100
nrows 81
xllcorner 5.5967107548124995
yllcorner 50.982328804812504
cellsize 0.00017565037499993607
nodata_value 1.7014100000000001E+038
[rows 19 to 37 of 81, columns 44 to 87 of 100]
29.05688361396002 29.55700253266086 30.03961939515745 30.487454651380556 30.88799060170378 31.233034676909494 31.51797404452521 31.737071164046526 31.84782309928767 31.846485989510654 31.751204412452644 31.573005523979823 31.339461148988505 31.107017609137966 30.87836492070206 30.647768156058724 30.411356384491423 30.17191448724225 29.94012275102452 29.720390440744453 29.52149178571672 29.356758409546103 29.241954220855384 29.191476687146306 29.213862984313582 29.288641883370325 29.40619133607903 29.566800595655916 29.786991523776386 30.079182898974484 30.389873985269862 30.69439038458753 30.986985395367544 31.264111480898848 31.523324136069323 31.762189823034788 31.977161876092314 32.16246847907577 32.30919886215723 32.42776687575425 32.54701085891244 32.653313612324375 32.739158927839696 32.80589346586096
29.03245559954957 29.539407573447274 30.026484287188975 30.47583700208977 30.875102710506308 31.21653672752796 31.496012403724993 31.694664958594927 31.776657264545065 31.756436221124222 31.639075333712523 31.470949108607073 31.292529952912005 31.112691093599405 30.928659175027697 30.732673947347816 30.522658763911686 30.307053661498124 30.0848658020266 29.858886325745765 29.63855932143081 29.440496174272894 29.285957746627627 29.194785147619328 29.16848545307885 29.18446574395538 29.241623643033392 29.33958419318542 29.501441741043045 29.735158952665873 30.041375660810765 30.393932580848727 30.727292214928564 31.037300297410507 31.323814852798808 31.586925689241774 31.825647076982065 32.036458830710764 32.21188296928233 32.34638401060293 32.474260737005174 32.588374621111 32.67924682418885 32.7484051656435
28.99640829552821 29.51281021730172 30.004807146838914 30.454799552882434 30.851186864809765 31.187060608402124 31.458837668846602 31.63709717568901 31.704791277932244 31.66938308799289 31.592339507716687 31.50441905795884 31.39960758008769 31.27933557488757 31.146208236749377 30.992497619165498 30.82545612897648 30.640865176935435 30.43391135646108 30.205253178932388 29.964266124837852 29.731407472775878 29.535948329277677 29.405246633752196 29.32814046004114 29.292962612709584 29.293323990550984 29.327459821967537 29.41833179043912 29.571744181854047 29.79310785687667 30.089351276177624 30.450982950719563 30.79271019910157 31.10348977174031 31.386468290522167 31.64396152646205 31.87565642497398 32.07644441331464 32.23510890321902 32.37333464429574 32.49879050328686 32.59851451826098 32.66963681686388
28.952473314532128 29.48036033773423 29.97660219851963 30.425194270555668 30.816107906428496 31.14571527373281 31.417090932762875 31.585030643242785 31.643089260255213 31.66462630623122 31.67231418715295 31.669090129927696 31.642828524131044 31.58693419220914 31.50854714860994 31.411557679962527 31.294935862426414 31.14792580595972 30.962062626243554 30.73435089233219 30.472447495441905 30.200906469100858 29.96183036161583 29.791715254024968 29.678905041892357 29.609653212969672 29.56418628158713 29.537194548893147 29.549085153304176 29.60762637072528 29.724496503342753 29.91328670516453 30.186648086703077 30.53849363617572 30.869403735760866 31.166410607091404 31.435812766587695 31.68175951802099 31.903080398662215 32.08903970127161 32.24227282952319 32.384085048366586 32.49547093324008 32.5713038483508
28.909166691053667 29.447576043396882 29.944833233851114 30.389854240224924 30.78111774202515 31.11653955819069 31.38692178683681 31.54551152659876 31.660321294163847 31.766833596748288 31.863031578264188 31.94581407687614 31.999024043679913 32.01057922484718 31.99551744729922 31.964393439791934 31.905116174359016 31.8034349991266 31.64611563754571 31.424225520622727 31.140018215413157 30.819826299608977 30.526759581202086 30.321460898184505 30.200472760319595 30.12220637127287 30.04450147330034 29.959129948312928 29.886757197887658 29.840629413519714 29.83936509839739 29.903360366388547 30.0517378154412 30.300346113205904 30.63229319452505 30.935702431149696 31.20749089261361 31.457788400442986 31.692021225503943 31.902363807590916 32.07934970392259 32.24581056790647 32.37356017075918 32.45130672477384
28.8660153677506 29.42893970264085 29.93095813503287 30.380256904660026 30.7724081591633 31.10640779609094 31.369263802898057 31.567109930678466 31.765585205236953 31.958026197740065 32.144547964339324 32.31244559699464 32.4445448087897 32.525586226982206 32.58571892972402 32.62749419541001 32.634768509905285 32.589486260965664 32.47270083753509 32.26702971104702 31.962939523258083 31.57702786135782 31.198233377467655 30.967538520331132 30.88543828470322 30.82499145595637 30.720412893847033 30.571921274878566 30.40806836719046 30.250369225868372 30.12393169808228 30.054357822396828 30.065582142827864 30.17837890626928 30.409321592093725 30.707258328468008 30.968551238776122 31.20805776754209 31.44221224206068 31.671307507280215 31.88046596102952 32.08502500633161 32.24443913080623 32.317822141359834
28.845489744389752 29.443887744598918 29.95590598971259 30.39018444027764 30.767263449113397 31.088626913576444 31.360230831827746 31.634092497563977 31.914060391624098 32.19639861105216 32.475944899883785 32.73467618903873 32.9517600406203 33.113421516674926 33.25710982522777 33.381002296394286 33.46734498982854 33.49450192023228 33.43792371421482 33.27128300448493 32.96904201385642 32.51527272791079 31.967173789448637 31.738640728629175 31.775329660035993 31.732854965878914 31.580907190586537 31.349126000688553 31.07981783727996 30.803306034568536 30.549530643339367 30.346293477378204 30.218788130093955 30.18971099023297 30.27880313556091 30.498799953435647 30.733797390668737 30.93979923237411 31.150420455969623 31.387613547177708 31.637289724087886 31.89576222338786 32.112327184791596 32.25641553048503
28.857836651292736 29.46003299957492 29.975218617955363 30.401909531374205 30.75432378643373 31.056546932806118 31.379356894802633 31.724522820881703 32.08318233187621 32.45436597987629 32.82345331032977 33.17127762787372 33.475848276222706 33.73372513747001 33.98042557354442 34.204773365250084 34.386122925009026 34.50616000282104 34.5371084560298 34.447178947497804 34.203305718534175 33.77458012209458 33.1501958476603 32.93344388769888 32.98346611778496 32.86964051989409 32.61451452447041 32.26290642303729 31.86574140488952 31.46024047756762 31.079146204607994 30.74876073654751 30.49077023709425 30.325350478975587 30.27213094323133 30.348800995933146 30.527799557709084 30.67100642307727 30.81404778771714 31.0392535252494 31.346669841677592 31.673066223103024 31.951552151721668 32.1583275313279
28.892213215056756 29.47660408074016 29.97980319725919 30.398190453614244 30.732747827192895 31.0339826402443 31.412742056175315 31.823118325647243 32.26088453609547 32.71546533412358 33.169763555441 33.60388143021345 33.99561425188154 34.355635896000756 34.71368365056941 35.05729221108922 35.36317969946085 35.60268110414903 35.7505431094863 35.778684553789894 35.65781748262003 35.380334593732584 35.01221735646825 34.72575606793207 34.514055080178125 34.216430992876184 33.79585946093221 33.28248059506482 32.72958038223088 32.1817964624598 31.674208274134447 31.227434123847587 30.854102979726605 30.567384141429876 30.383785889350307 30.320714200224685 30.389263528283045 30.454139302851864 30.458880451111803 30.62543170289555 31.048602974399426 31.44426039537343 31.768685617459845 32.01557916554775
28.940237615577075 29.490986609984553 29.969688968122977 30.369886309210138 30.69109459911628 31.019251791081864 31.44496037680135 31.920553574894146 32.43179508107266 32.9633570453726 33.49761067714386 34.01419826240917 34.493232453853444 34.956850128157996 35.431446566526596 35.90315244993912 36.348766744509284 36.73864200038721 37.037175154737945 37.21271653408648 37.24546565330626 37.12933198009854 36.89618283590622 36.5793934077126 36.19116320488921 35.695238226416684 35.07816675934918 34.369997088380366 33.63304911890665 32.92922585963495 32.299073831142685 31.750487498369306 31.28024400322566 30.891841602850974 30.598075302960215 30.4169420333407 30.365520203912233 30.387271870045033 30.338820793793204 30.456501001025938 30.875860525647354 31.27077131488114 31.60206031043383 31.863786954993873
28.98704821566085 29.495960859649728 29.941699923601856 30.31599681622493 30.626501028341206 30.996536329796058 31.467376150785668 32.003730423947616 32.580550724530745 33.181844375060706 33.789688632342106 34.38344230581226 34.94671920112274 35.51293025356849 36.10537998624918 36.709377909257576 37.302796684388234 37.8556486749205 38.329186620741055 38.678008723882535 38.86607219899209 38.88152859962442 38.72411120771193 38.383527435463336 37.87650310310822 37.210731779786485 36.398284324240194 35.477622481224216 34.52900448962972 33.658870803316624 32.92209249865514 32.29279821303885 31.74435671091861 31.272731470652854 30.88966893517372 30.61661036268704 30.479208211450015 30.48563411912032 30.51089701558933 30.62679076306103 30.876760090019996 31.187755391366117 31.481898973516724 31.73128278044611
29.01925951006931 29.483585645614784 29.89144736820576 30.234256005552098 30.541695827863702 30.951940850478575 31.469250493919194 32.05796422774252 32.692026064272085 33.35501430043859 34.028845100890294 34.69267928035908 35.333234319366206 35.99859682429825 36.70502047193059 37.4392096608285 38.181402219943514 38.902469828041156 39.559912681502105 40.09548742766355 40.442433488984506 40.55966870551152 40.44178467112254 40.07049173681219 39.46815050214699 38.66227183109566 37.677404025661545 36.54920436818702 35.35696051208663 34.31717988264664 33.519584061233594 32.83167934101101 32.217040400162716 31.67660631194127 31.223990183277152 30.88209269988932 30.681915500379464 30.660406512000232 30.709403455100002 30.792278840109166 30.95063083346577 31.175211470982937 31.412870622124302 31.631346227283743
29.027885479752957 29.447720720564007 29.814913032245915 30.124826472755462 30.439295917663472 30.88008981427516 31.435630689987136 32.06890818539277 32.75162572393483 33.46759621196899 34.198608649114455 34.92361378648369 35.63329421192724 36.389628532094264 37.20013853233781 38.054771736948 38.9378328419345 39.823971847372576 40.669878368069455 41.40143127598788 41.911245276804756 42.10505317354398 41.98161992109404 41.557972595415265 40.86857770669279 39.95259607703829 38.83944146201087 37.55923678205691 36.14847852237471 34.957485087311305 34.12856681131122 33.36821229020332 32.68073637971568 32.0737231028823 31.560963338849042 31.164966718612806 30.916971373875583 30.85333491733122 30.893660491436343 30.93956066995032 31.042962815283897 31.201362717834343 31.383841990723376 31.564638254984757
29.03169267389777 29.407641282088964 29.735646579521237 30.012942550539705 30.323535185528865 30.775923995826243 31.353753252022436 32.02291090889929 32.74569948749901 33.50552725749703 34.28398922534937 35.05970099407881 35.83143549927229 36.665117443118476 37.56356454970897 38.520131469640035 39.52454752536494 40.559553100056085 41.590878943325436 42.5395288123965 43.22966353340998 43.46106680725233 43.261733356082175 42.75414142589648 41.98323072421057 40.98818743845186 39.79979998546801 38.45975387317941 37.05457380590337 35.79028132658147 34.766744616285095 33.88832032007341 33.11550857145407 32.44206086127189 31.87518885766708 31.433065963598494 31.143110039530026 31.036370003622025 31.05386120527747 31.071277655181273 31.136513868976607 31.245812837349547 31.381618164409154 31.52592152633379
29.062356950127445 29.401481367404287 29.68899553739963 29.925588578086654 30.215385027152212 30.65770234072087 31.234020881819795 31.913506995791955 32.662471766430436 33.45664151230581 34.27243391922748 35.08800917758377 35.91600367304672 36.80988372439717 37.77456936952248 38.80575258686973 39.897775066929825 41.04280917589453 42.22801920201276 43.41302258639486 44.37606604222831 44.528208456101694 44.16147134458507 43.55690902482364 42.72924064771013 41.69445770978794 40.48049933507471 39.13769038399743 37.755379302042904 36.45752950061455 35.321593937881914 34.340503431527694 33.489929671866356 32.7578278817689 32.145293218249094 31.665250215114256 31.339994433429403 31.194965132274984 31.181013334508457 31.183899968924738 31.2249619378234 31.297758127127768 31.396321015662227 31.509054933379055
29.137072834306476 29.43375841055302 29.67383384470288 29.86189320222647 30.112134652430257 30.5260379980602 31.08474949071805 31.754526389903948 32.509921349501056 33.31694146055236 34.15479847732789 35.00741718520977 35.88167314140462 36.816673345827596 37.82246911518143 38.894777650533655 40.028605874662404 41.219736439596495 42.46266474116207 43.74724022322141 44.99473771625349 44.95530737713438 44.5081846262043 43.883286423019 43.06004942651867 42.03688620305488 40.843532620876246 39.53322469300815 38.18513970088945 36.88954335994836 35.712027777518315 34.674853278044594 33.77303443056318 32.99952840561286 32.35425234288216 31.846794663643657 31.495146354959864 31.320083223436235 31.283496203771005 31.27686854209328 31.30191768092643 31.35162582213954 31.421790305024476 31.50916599603119
29.257255671305337 29.504754446971905 29.689841364829483 29.820907806428476 30.010431591999104 30.37571154858119 30.899702999878343 31.54645027683195 32.28719022630737 33.0992095453805 33.94112276084513 34.82035914025294 35.73028265525019 36.68746874455177 37.709118714750666 38.788576252976 39.917922548113665 41.085285763695424 42.26551898630483 43.39248555528321 44.2514848997046 44.50221465064601 44.26247466428023 43.73591098433006 42.98712651544898 42.02689259531394 40.89487453368755 39.64740138236897 38.35598628670036 37.09509183875616 35.922224820744184 34.86914347097223 33.94626115599285 33.152943405435146 32.49093582686259 31.96874701534534 31.601637008198256 31.408225093457055 31.368478400696226 31.354311956257508 31.366672650388004 31.402028496566153 31.454766857769574 31.523176029236787
29.424163992085273 29.61541844945499 29.73797255039537 29.80341901505788 29.910426957333 30.203999610751488 30.674121914821797 31.284345971768847 31.996059930187855 32.799441618946105 33.65446590749398 34.548964818749724 35.47196244918199 36.43326623671645 37.448628467634734 38.50731663690819 39.59656140671138 40.693680514946735 41.75688408193521 42.705180969035155 43.399313878322374 43.70553636662607 43.62160949207097 43.22221179298912 42.57431058853315 41.710488356247005 40.66858057848437 39.50736574498702 38.29345314656724 37.092698336704025 35.95820760042958 34.922814951265174 34.004956594265366 33.21287365327166 32.55082689345933 32.02763477650018 31.657207595978683 31.476152294765036 31.439682501466347 31.4203019982788 31.422765306627653 31.448832048176506 31.492093584657997 31.5496678584624
29.63804522216969 29.76705595887922 29.82081857780879 29.81270841180816 29.817670964659825 30.012176932358837 30.40519757407425 30.96490590588029 31.644042355595325 32.43087902711014 33.30112005606905 34.207344861143255 35.132401068221974 36.07370635931888 37.06410323450314 38.08268261514483 39.11055758866979 40.119599108862396 41.065033615443646 41.8788893811718 42.474427358786535 42.77833663385097 42.768102605966966 42.464440401513876 41.90698466098494 41.14828998818176 40.21071275135128 39.14982771927565 38.02807107900727 36.9055956182137 35.8321983300304 34.84212432924756 33.95435030667973 33.18180544184741 32.53541269926095 32.02488689946513 31.675630477963757 31.536055349442226 31.501612484903767 31.47959048428489 31.47608080979909 31.494700286449778 31.53382137637345 31.587878963607924
