_RESULTS/CROSS_VALIDATION_POSTPROCESSED/Berg/IZ/2comp/1/Berg_IZ_z_0_kriged_reverse_2comp_spherical_1.asc
ncols 100
nrows 90
xllcorner  5.6208707817415728
yllcorner 50.959635321741573
cellsize 0.00013419651685393446
nodata_value 1.7014100000000001E+038
[rows 18 to 35 of 90, columns 0 to 40 of 100]
0.007140000768798801 0.007873159774146493 0.008910001339209366 0.010293236190630746 0.012072819624152232 0.014297554232590073 0.017002292396235977 0.02018969637472696 0.02380695891692944 0.027720669918530307 0.03169729230256822 0.03540156187908681 0.03842743062778315 0.0403703179957078 0.04093075026966403 0.04001293766734994 0.037767953145302006 0.03455187135261312 0.030817610803687927 0.02699580678433412 0.0234150187878069 0.020219649367251347 0.017336682697448317 0.014827620237402191 0.012712371867718274 0.011027400455177973 0.009903130707647359 0.009245456270891548 0.008988267840732766 0.009112136671432663 0.00964375796605497 0.010673092364579896 0.01235580343857439 0.014598052754739545 0.01746970966179343 0.02109700320886479 0.025598545841986512 0.031046018195687246 0.03739280263098409 0.044362593964416754 0.05131628243845268
0.007814710387132363 0.008882897685558461 0.010361197987728773 0.012333109060735637 0.014896877355752586 0.01815504294678819 0.022195751403609517 0.02706301263158336 0.03271478078529306 0.03897200773349471 0.045469933421781565 0.051634902240407676 0.05672157279231579 0.05994313801149239 0.06069092383203874 0.05876684727819416 0.05449482298164577 0.048619954426944334 0.042045778827579934 0.03556610610911513 0.02971670537900065 0.024763114297862654 0.020722364196813156 0.017335820750216724 0.014549460154208866 0.012420948281517966 0.011010861160265208 0.010160749813690844 0.009777119432383831 0.009824033561999797 0.01031961534180147 0.011343065950632194 0.013065605842390636 0.015544945669177676 0.018761616980430034 0.022893721222296208 0.028134688231916134 0.03465777261513844 0.04253645790221145 0.051587791458123894 0.06111125077831252
0.008732565704342055 0.01022605676539532 0.012288466769687359 0.015067179933384167 0.018740529098168673 0.02350596215628132 0.029554213106408322 0.03702307775776265 0.045925589842441626 0.056052551106607104 0.06686201775253749 0.07739300052886453 0.08627722453178863 0.09194926378717051 0.09310717126068703 0.08928660599676641 0.08118154950837027 0.07040160637584207 0.0588006297289432 0.04785345331468407 0.038401444615442405 0.030727621767279324 0.024762968504380915 0.020218645407235898 0.01661147249431701 0.013960657864651142 0.012207082811666695 0.011127569834467808 0.01059229423830897 0.010543334947415417 0.010986569436026394 0.011996515937808951 0.013736965888213628 0.016395410660122716 0.019914963593409524 0.024504044413029655 0.03044249103742434 0.038038177442863 0.04756411137295974 0.05909403517376611 0.0721172852265715
0.009911076029865384 0.01194654394289754 0.014779747166937193 0.01865703598188046 0.023886648776274416 0.030828084280542893 0.03985949576551993 0.05131064665885352 0.06534825097207514 0.08180395702761079 0.09994854409142104 0.11825302163402111 0.13426153181609177 0.14483245145778137 0.1470451851225774 0.13966568031137633 0.12417321708108481 0.10418271118156025 0.08360985426140281 0.06517534872249925 0.050073813620553916 0.03840284836132046 0.029717282391288274 0.02341489572426806 0.018831519190370575 0.015577895811143041 0.013430266616298888 0.01208975584699927 0.011380691360739178 0.011217404129430203 0.011589407866879845 0.012562681427013783 0.014299037233965034 0.01707087140353258 0.020832025215938143 0.025765414780448904 0.032248909617163056 0.040728033358477536 0.05171829202952809 0.06571541263826866 0.08287360999840218
0.01136560190791851 0.014085948023756756 0.017923792207497798 0.023275063639497273 0.03065196555391321 0.04067913092212262 0.05405748506487448 0.07147472139804459 0.0934378263347841 0.12000099708992282 0.1503632410482998 0.18233266847074406 0.2117716744683511 0.23250010342423544 0.23772862614478873 0.22378775723846403 0.19376365649853952 0.1562076999198356 0.1196380607238977 0.08887843590153684 0.06518469908031614 0.04786100329013894 0.03557003347345024 0.026997279836571127 0.021090470640194876 0.017173165012089854 0.014599464645202771 0.012978946101630763 0.012081776065930527 0.011789581112087453 0.01207166491763453 0.012981208758877186 0.01467179844028365 0.017440457323857732 0.02137123009489187 0.026523375440268736 0.03329191402606278 0.04224307353457048 0.054076568492362496 0.0696647770552525 0.09003499859362693
0.013101528430464795 0.01667179416380692 0.021792428039575887 0.02907811116215112 0.039348922206957425 0.053642358296211355 0.07317935826794458 0.09925249945134562 0.13300218648215037 0.17504206448617107 0.22486858953804406 0.2799256703468334 0.3341646454097169 0.3763804547777134 0.3907490271494172 0.36527941635153177 0.30590462169760674 0.23445028347354765 0.1698768767973158 0.11968036084627137 0.08364744240414101 0.05882437780302828 0.04205831587137623 0.030823473212254232 0.023321642837631818 0.018621125143896355 0.015620595392625225 0.013721157857185003 0.01263426311302709 0.01220613885571761 0.012383267545733437 0.013202228940882263 0.01480181510190167 0.01746293620631524 0.021393800871673606 0.026556964438025896 0.03333649710171426 0.042247861531456106 0.053964047341367456 0.06938438153213639 0.089583839672174
0.015104717274722101 0.01970167880034464 0.02641435667320009 0.03616517675340565 0.050218960808604704 0.07022227177588033 0.09817405388115369 0.13628097241343023 0.1866651710707223 0.2509141986529378 0.32943088825152433 0.4203383771764159 0.5171718625392961 0.603775155124795 0.6465488842303345 0.6035987695061281 0.4823015367996868 0.3455034881233365 0.23462828179305809 0.15636332955558024 0.10428303692324632 0.07045818853810584 0.04864932526420907 0.034566361731782826 0.025427327614728316 0.019792921590185066 0.016398802962542106 0.014247144079006745 0.012985134319448853 0.01242458626557074 0.012488732674803337 0.013195151615581088 0.014662364357712919 0.01714327933913663 0.020896238927752848 0.025819317128709142 0.03222298323439364 0.040528538639834896 0.051229120143149974 0.06481538901956242 0.08149070928562824
0.01733088069954394 0.023123969662587507 0.03174075782383564 0.044518148283159906 0.06333430320741686 0.09068615891386346 0.12964959069410734 0.18364330027322046 0.2559822412855572 0.3493337674220354 0.4652486357216705 0.6036965164762682 0.7616916056230268 0.9273887075949397 1.0546560254109252 1.0019422827298856 0.7380985949152284 0.48309514206016874 0.30652797104999036 0.19414321866905784 0.12438336200109039 0.08129208832103732 0.05455110192093379 0.03779618771209086 0.027175420012688405 0.02065590553847868 0.016855102393463068 0.014504520903319636 0.013098939901895605 0.01242119409403472 0.012373581304744405 0.012954384348892749 0.014258681940322844 0.016504068024996273 0.019943275704154263 0.02442268740195473 0.03014750935466916 0.037394607934370765 0.04641120385143534 0.057268354701539785 0.06950593891683762
0.0196956773845088 0.02681772461102713 0.037606053758493 0.05392917031182112 0.07847479142808157 0.11497954493996523 0.16799986119042074 0.24232725300070618 0.34207122139312957 0.4697485288718704 0.6261727761835448 0.8115075375405398 1.0269722070040124 1.2756267719019554 1.557675622336833 1.6310228412238799 1.0063045526838188 0.6061338320718996 0.36663722023574224 0.22449370821662862 0.14002675627827937 0.08946940843275208 0.0588589407242739 0.0400595814751528 0.028336226564241746 0.021125345078432438 0.016943417660782296 0.014468353583639567 0.012964736863181996 0.01219550489128325 0.012046950790406925 0.01250003791813277 0.013626086612719619 0.015604829608061258 0.018648788473129268 0.022558588641232197 0.02744121691341097 0.0334362546748508 0.040593931475014604 0.048738491454000235 0.05723505864178535
0.022068714451071503 0.03058125918588357 0.04385020671040628 0.06459162518723607 0.09675776170673743 0.1457575992489251 0.21810803999184034 0.32008356401462573 0.4553537008329602 0.6228763354068731 0.8171093760847598 1.0307796806156038 1.2571964336152879 1.486696141365656 1.6761036872296988 1.5699826876965746 1.0629606342015179 0.6507434333198987 0.3928354979488179 0.23876829980603365 0.14756472651250302 0.09336785257485147 0.06082266211743249 0.04099832954977168 0.0287293462395112 0.021131167245342117 0.016694221550808713 0.014146735823520124 0.012598427431161054 0.011770381664160813 0.011539576951419717 0.01187345015060718 0.012821833295166766 0.01452847447717925 0.017146966840582305 0.020441925499793078 0.024451817331803027 0.029217517458752444 0.03467831047722403 0.040581341506802135 0.0463730144600598
0.024423845357871152 0.034737040551910243 0.05123868821822067 0.07765978875066898 0.11968038550456345 0.18524765867225298 0.2838476462595976 0.42345422290051743 0.6048173770811719 0.81669753316835 1.038318400450682 1.247638519980564 1.424265269995089 1.5390076675741662 1.5298504076128956 1.3115131129812065 0.9424947049861967 0.6088252463288633 0.3788297750246123 0.2337582234300359 0.14547263989356224 0.09227548899640364 0.06011081468608846 0.04045801529154529 0.02828271870874784 0.02066647188917812 0.016148665510282215 0.013579321896881602 0.012039677003069578 0.011187585623245705 0.010897858593005051 0.011129138662290818 0.011913753041875693 0.013364373027500395 0.015565381666250272 0.018264198870183074 0.021463549876913936 0.025147492110581822 0.029213072798133167 0.033421790317390954 0.03736224242215021
0.027138908656823682 0.03954920708686484 0.05980842832150916 0.09300375854728882 0.14716453763031742 0.23396138050411353 0.36763870907991325 0.5589311828079462 0.8016129932203014 1.061529361414244 1.2901914148665223 1.452517732954924 1.530601445688413 1.5082807729083618 1.3660790058458192 1.1084885953578856 0.8014515337459649 0.5320974767794613 0.33836420663061123 0.21308361769259124 0.1349564507475911 0.08664265731217417 0.056914654429358696 0.03853105501459579 0.0270461842510862 0.019788373714949046 0.01535569214267167 0.012829270507046782 0.011344420873186125 0.01050030674404428 0.010175888396645138 0.010325723044617905 0.010969269766386203 0.012194394228131908 0.0140077150514317 0.016168947838756324 0.01866764779343735 0.021462390655512066 0.024447136499434665 0.027429333511683387 0.03012360514209857
0.03015907370611301 0.044834813288633084 0.06920400573674569 0.10994638500377153 0.17802732405603974 0.290284444057703 0.46888126527626667 0.7316822471421189 1.0616370002413145 1.3743300311773203 1.5738490886496714 1.6380120876189064 1.5871030586512693 1.4400534173482709 1.2146800487641625 0.9432056904008186 0.674755920824301 0.4523252296631054 0.2916487360237711 0.18556733909618311 0.11898348528972993 0.07776706441415601 0.051839356524550274 0.03551467876094959 0.025173345224466157 0.01856842879462611 0.014390587676172512 0.01197151620496886 0.010575342750996683 0.00976486292760825 0.009427668570099424 0.009518175125317083 0.010047382415384519 0.011084639224771407 0.012547422937924912 0.014247691005055237 0.016169067181883424 0.018263492582024254 0.020438749311578377 0.022550518354450787 0.024406694416594776
0.03335298351704976 0.05031641275577897 0.07882258469533318 0.12716580384071882 0.20941350028643252 0.3484380898417308 0.5780256731967838 0.9350183969967705 1.4032821655994172 1.778234322151502 1.871873917115679 1.7784757668717142 1.5889932014139623 1.3439868615493546 1.0717385238014487 0.8023917862602918 0.5653573341501984 0.3791634525580919 0.24635867959115387 0.15811271028731516 0.1020519205389872 0.06727319259556966 0.04567206685793678 0.031812860869615815 0.022877894504975384 0.01709102902164183 0.013339985821930966 0.011083212163073257 0.009793029135896577 0.009033676848264558 0.008701244971600974 0.008752816656891725 0.009194591187022847 0.01007524660017758 0.011229419588301582 0.012547971376803118 0.014008494584463922 0.015565714046916 0.017145714377563768 0.018644331950783365 0.01993364556997006
0.03656853242069453 0.055655542536905675 0.08788955651010591 0.14283947902490363 0.2369184206641673 0.3975719629098598 0.6687653491432786 1.11521847914233 1.8005396425695892 2.263839055088179 2.0836420909145357 1.8146840651536114 1.5193783788673345 1.2186301903969288 0.9319715231556867 0.678225341776065 0.4710673564472006 0.31501434678950374 0.2055149847950644 0.132811899126414 0.08632053121567998 0.0572237460154212 0.03918105878366459 0.027832453844474424 0.020384065823878746 0.01548239868001485 0.012265717002246584 0.010226437199369616 0.009049795112701296 0.008350852558503643 0.008035581412777326 0.008065387877513099 0.008444411204684617 0.009179586939746937 0.010075865977143128 0.011085621175422092 0.012185607275088174 0.013336994759258583 0.014483036480759536 0.015549897794585866 0.016452436672216974
0.03966021605184326 0.06052612568453819 0.09565936316958211 0.155206761998643 0.25618317115305655 0.4261097265568873 0.7068823703473204 1.1544946135619523 1.7999058560326215 2.197117301413408 1.9979809955701902 1.6929486846982102 1.3732774195945885 1.0676503452736212 0.7948986259030171 0.5673275802186848 0.3898132904762715 0.2599228033812456 0.17004828643240186 0.11055147524368049 0.07236632166861956 0.04830694540280299 0.033275392564052084 0.023910426175986214 0.017887907565859826 0.013857793405612585 0.011182500257413781 0.00945051656400751 0.008386972687052194 0.0077506890623848124 0.007460124644203569 0.007481717227702878 0.007819448671247542 0.00840873554023853 0.009093018292009697 0.009856494781756053 0.010677629639406112 0.011524679919220956 0.012355017280350987 0.013116622335386305 0.013752492016870597
0.042521078589206354 0.06470091385103606 0.10166023995165926 0.1633042902944456 0.26528776007876725 0.4304302893711769 0.6866040671425995 1.0505865491066757 1.4673233757293203 1.721983270411097 1.6753506156718945 1.4540643222680356 1.177818322558876 0.9052001885910245 0.6648404265303428 0.4692375229448035 0.3203361843831666 0.21330881214903555 0.1399669100912074 0.09153534412856888 0.06037032391417776 0.04062429854320337 0.02820359703153038 0.020413140268402092 0.015536567346614554 0.012308970403108665 0.01014538222006494 0.008747592483398535 0.007835384941686552 0.0072587205777838405 0.006996481910246364 0.007020196767916027 0.007325310820308075 0.007766138211661896 0.008277429543759963 0.008845734159590682 0.009452112149472695 0.010071193290051055 0.01067120143305884 0.01121539943254621 0.011665220322228794
0.04510554177414529 0.06810736429663622 0.10583374756236355 0.16731803557515054 0.2656354905171484 0.41698951785773053 0.6345843304446233 0.9110296432921978 1.188310081943038 1.3566949284812195 1.3468510992983473 1.19472589154828 0.9761478550107408 0.7495040776153734 0.547707542591562 0.3845901066652676 0.2618194572923121 0.17443656258117352 0.11489572229195623 0.07562263972581254 0.050284722498240626 0.03414808033535088 0.023933059190781217 0.01748526887038531 0.013442890840997942 0.010899949178206813 0.009197965757536663 0.008111295631191583 0.007396115639719807 0.006894564118170308 0.006661515777726466 0.006695343822429669 0.006937322386137674 0.00725088521595531 0.007620861525954978 0.00803430795284451 0.008474890976783599 0.008922433992510127 0.00935316970718416 0.00974090359675968 0.010059151896437926
