_RESULTS/CROSS_VALIDATION_POSTPROCESSED/Berg/IZ/2comp/1/Berg_IZ_z_180_kriged_reverse_2comp_spherical_1.asc
ncols 100
nrows 90
xllcorner  5.6208707817415728
yllcorner 50.959635321741573
cellsize 0.00013419651685393446
nodata_value 1.7014100000000001E+038
[rows 60 to 79 of 90, columns 44 to 87 of 100]
63.507740327673815 63.536345202133994 63.560205856367645 63.578757761172355 63.591465248118276 63.59770957130362 63.59115518121053 63.573954617931925 63.54860861315002 63.51697820964996 63.48099862519696 63.4427689615559 63.41859469244682 63.41989270434334 63.44489731066327 63.49029050865288 63.551681977260124 63.624135288056436 63.70262640611597 63.782394213064705 63.859204068844036 63.929562040610854 63.99106326464672 64.04647723376907 64.09545323205344 64.13597471274495 64.16642809046277 64.18518909280837 64.1903501012477 64.17966653741011 64.15073009720477 64.10606090132346 64.04928955317811 63.98258234482016 63.90923952521534 63.833638753627675 63.76114304216185 63.69796369076932 63.648986285183405 63.61461973623462 63.598997394212 63.5984597306315 63.5984597306315 63.5984597306315
63.524117249727816 63.54920417131279 63.56975731560885 63.58518632072185 63.59493169153111 63.59845554934772 63.5984597306315 63.594375546663684 63.582139265773876 63.56358420364029 63.54054314046324 63.51485820778978 63.48893255682563 63.47882296405375 63.49017739379832 63.52046452819985 63.566119605814905 63.622980660406036 63.686702431252826 63.753092963105864 63.818363186893755 63.87930253396029 63.93338936374505 63.9788266788982 64.0144801668544 64.0400567147656 64.05666207068074 64.06270345026027 64.05611206734542 64.03501680744256 64.00265690761802 63.9610280195419 63.911531454944495 63.85653908844894 63.79940561826108 63.744128652739526 63.692782452250164 63.648847921832555 63.61650824932278 63.599880117595355 63.5984597306315 63.5984597306315 63.5984597306315 63.5984597306315
63.53894441073836 63.5603781990412 63.577956044447326 63.59070295391758 63.59743185510044 63.5984597306315 63.5984597306315 63.5984597306315 63.59756480522206 63.59098647225079 63.57949182514362 63.56478291729953 63.548498183738644 63.5327697672824 63.530948615583846 63.54657515469137 63.57683758403356 63.61828496386983 63.667184110916374 63.71982909408903 63.77277689884533 63.823006110260415 63.86800336664891 63.905779424633316 63.934813397963765 63.95392867746834 63.96211873969331 63.958358325762056 63.943066055871725 63.91988687396824 63.889554764731635 63.85297876183505 63.81151798927118 63.767043692647675 63.721965179025375 63.67921175322498 63.64215751795358 63.61446933205315 63.59985889643022 63.5984597306315 63.5984597306315 63.5984597306315 63.5984597306315 63.5984597306315
63.52611052947067 63.54396338135532 63.560171993468 63.57369989641774 63.58319298929519 63.589890517867474 63.59549454177229 63.59837112585958 63.5984597306315 63.5984597306315 63.59735723589145 63.59253753309988 63.58524417541117 63.576853952595535 63.56868873145378 63.57017719668349 63.58541516785247 63.611607585793436 63.64558988429751 63.68410155557748 63.724005574290075 63.76244023210974 63.796902723135894 63.82526905763726 63.8457568908427 63.85684122333416 63.85779107400052 63.85108159426844 63.83733291249164 63.81703169016555 63.790977133585535 63.76033674258409 63.72669644179363 63.69209163526472 63.6590060412768 63.63032367344592 63.60921735119221 63.598958923931804 63.5984597306315 63.5984597306315 63.5984597306315 63.5984597306315 63.5984597306315 63.5984597306315
63.47722635359984 63.49144954324838 63.506347783316805 63.52081732427746 63.53437837216966 63.54967534357814 63.56561279260781 63.580368194695204 63.59190599130925 63.59802414960677 63.5984597306315 63.5984597306315 63.59843358261455 63.59717980130437 63.594812188716745 63.59224676530153 63.59327607404626 63.604428381782604 63.62343619697385 63.64746714299528 63.673683754955036 63.69939000372921 63.72211953837892 63.739675664169305 63.751557456921695 63.7578874826403 63.758336685712045 63.75288217045737 63.74180602590184 63.72570906891178 63.705535231105905 63.68259853040049 63.6586019536355 63.63563575161903 63.61614118631906 63.60282518238412 63.5984597306315 63.5984597306315 63.5984597306315 63.5984597306315 63.5984597306315 63.5984597306315 63.5984597306315 63.5984597306315
63.39308638623123 63.40364448082945 63.41735359407045 63.433272758583456 63.45363438027678 63.478204939325224 63.50520319506303 63.53257034479836 63.55803925088893 63.57919509732628 63.593523174991 63.5984597306315 63.5984597306315 63.5984597306315 63.5984597306315 63.5984597306315 63.5984597306315 63.59847976250565 63.602592158595186 63.61220892266443 63.62504264524276 63.63903133855872 63.65241552234264 63.66377742283802 63.672053927195726 63.67653460976336 63.67685437388677 63.67298765344835 63.665247953333235 63.65429299949247 63.64113223450123 63.62713016116977 63.61399633928973 63.603750915642884 63.598653960863615 63.5984597306315 63.5984597306315 63.5984597306315 63.5984597306315 63.5984597306315 63.5984597306315 63.5984597306315 63.5984597306315 63.5984597306315
63.27418487878759 63.28104763220176 63.293794454526875 63.31410733983264 63.34245720667493 63.377159897790904 63.41614567235864 63.457056065499884 63.4973353713266 63.53430834983923 63.5652393475697 63.58737118245641 63.597944360184975 63.5984597306315 63.5984597306315 63.5984597306315 63.5984597306315 63.5984597306315 63.5984597306315 63.5984597306315 63.599758098900125 63.60390477921021 63.60933772437758 63.61469317379074 63.61892167969406 63.62130826987783 63.62148099820535 63.61941370013494 63.61542614242397 63.61018179540412 63.60468047298078 63.600240385175134 63.5984597306315 63.5984597306315 63.5984597306315 63.5984597306315 63.5984597306315 63.5984597306315 63.5984597306315 63.5984597306315 63.5984597306315 63.5984597306315 63.5984597306315 63.5984597306315
63.12072030028699 63.12386859041349 63.13832558220454 63.16491700296473 63.20218132898074 63.248102351836344 63.300236740732686 63.35584625602759 63.41201819702216 63.46576335564686 63.5140866826422 63.55403054272543 63.582693277135895 63.597226942961896 63.5984597306315 63.5984597306315 63.5984597306315 63.5984597306315 63.5984597306315 63.5984597306315 63.5984597306315 63.5984597306315 63.5984597306315 63.5984597306315 63.59854233736413 63.59874928074253 63.59876856958216 63.598575480531494 63.5984597306315 63.5984597306315 63.5984597306315 63.5984597306315 63.5984597306315 63.5984597306315 63.5984597306315 63.5984597306315 63.5984597306315 63.5984597306315 63.5984597306315 63.5984597306315 63.5984597306315 63.5984597306315 63.5984597306315 63.5984597306315
62.93264018472385 62.9345670782566 62.95290893363107 62.98666411369973 63.0340261687534 63.092535442723666 63.159261182277035 63.230983308067515 63.30435029223571 63.376000126720264 63.44264103259408 63.50109514335214 63.54831159181802 63.5813560255308 63.597382619263634 63.5984597306315 63.5984597306315 63.5984597306315 63.5984597306315 63.5984597306315 63.5984597306315 63.5984597306315 63.5984597306315 63.5984597306315 63.5984597306315 63.5984597306315 63.5984597306315 63.5984597306315 63.5984597306315 63.5984597306315 63.5984597306315 63.5984597306315 63.5984597306315 63.5984597306315 63.5984597306315 63.5984597306315 63.5984597306315 63.5984597306315 63.5984597306315 63.5984597306315 63.5984597306315 63.5984597306315 63.5984597306315 63.5984597306315
62.7128023115565 62.7152066707406 62.73808573431585 62.78015880209566 62.83914056783409 62.911969645333684 62.995073406580396 63.084619662910555 63.17672182100368 63.26758359476741 63.353584684546696 63.43131734716384 63.49758636348045 63.549383824606544 63.583847475180136 63.59820837973893 63.5984597306315 63.5984597306315 63.5984597306315 63.5984597306315 63.5984597306315 63.5984597306315 63.5984597306315 63.5984597306315 63.5984597306315 63.5984597306315 63.5984597306315 63.5984597306315 63.5984597306315 63.5984597306315 63.5984597306315 63.5984597306315 63.5984597306315 63.5984597306315 63.5984597306315 63.5984597306315 63.5984597306315 63.5984597306315 63.5984597306315 63.5984597306315 63.5984597306315 63.5984597306315 63.5984597306315 63.5984597306315
62.4627361025724 62.46586464695714 62.49415489064498 62.5460742302177 62.61865553582323 62.70800558694057 62.809698095145365 62.91912375879597 63.03175200537441 63.143294617359444 63.2497844935301 63.347591832662346 63.433399515149745 63.50415462010592 63.55700737964792 63.58924407228728 63.5984597306315 63.5984597306315 63.5984597306315 63.5984597306315 63.5984597306315 63.5984597306315 63.5984597306315 63.5984597306315 63.5984597306315 63.5984597306315 63.5984597306315 63.5984597306315 63.5984597306315 63.5984597306315 63.5984597306315 63.5984597306315 63.5984597306315 63.5984597306315 63.5984597306315 63.5984597306315 63.5984597306315 63.5984597306315 63.5984597306315 63.5984597306315 63.5984597306315 63.5984597306315 63.5984597306315 63.5984597306315
62.178782966762384 62.18623241631667 62.22113324534823 62.28496437215151 62.37375865955547 62.482449111836104 62.60546416148047 62.73721341040797 62.87240883431271 63.00622976580607 63.13437078314625 63.25301586372706 63.35877321934642 63.448593348103685 63.51968288278946 63.56941996656861 63.59527266281152 63.5984597306315 63.5984597306315 63.5984597306315 63.5984597306315 63.5984597306315 63.5984597306315 63.5984597306315 63.5984597306315 63.5984597306315 63.5984597306315 63.5984597306315 63.5984597306315 63.5984597306315 63.5984597306315 63.5984597306315 63.5984597306315 63.5984597306315 63.5984597306315 63.5984597306315 63.5984597306315 63.5984597306315 63.5984597306315 63.5984597306315 63.5984597306315 63.5984597306315 63.5984597306315 63.5984597306315
61.859539557966855 61.875489334818525 61.91869654509644 61.99730020382813 62.105816039298965 62.23748533398148 62.385192832692525 62.542128987215776 62.702151832011744 62.859909537048054 63.01081394824617 63.15094046061191 63.27690248641454 63.38572580215699 63.47473315992828 63.541441373332766 63.58346916039551 63.598452326119805 63.5984597306315 63.5984597306315 63.5984597306315 63.5984597306315 63.5984597306315 63.5984597306315 63.5984597306315 63.5984597306315 63.5984597306315 63.5984597306315 63.5984597306315 63.5984597306315 63.5984597306315 63.5984597306315 63.5984597306315 63.5984597306315 63.5984597306315 63.5984597306315 63.5984597306315 63.5984597306315 63.5984597306315 63.5984597306315 63.5984597306315 63.5984597306315 63.5984597306315 63.5984597306315
61.50440781265042 61.530653124268255 61.586110256571914 61.683562048375975 61.81659250056006 61.975956946718235 62.15246941814908 62.33785950022656 62.52509901991176 62.70838960064189 62.8829910678809 63.0450049969759 63.191168862983474 63.31868006335791 63.425051381514805 63.50799258148708 63.565311107646814 63.594825107446084 63.5984597306315 63.5984597306315 63.5984597306315 63.5984597306315 63.5984597306315 63.5984597306315 63.5984597306315 63.5984597306315 63.5984597306315 63.5984597306315 63.5984597306315 63.5984597306315 63.5984597306315 63.5984597306315 63.5984597306315 63.5984597306315 63.5984597306315 63.5984597306315 63.5984597306315 63.5984597306315 63.5984597306315 63.5984597306315 63.5984597306315 63.5984597306315 63.5984597306315 63.5984597306315
61.11162937057387 61.148432042504865 61.22218683847328 61.34447649606016 61.508669103254974 61.70182040122057 61.91203579678779 62.1294293538613 62.34620936394204 62.55636037279751 62.75522793404158 62.93914336304134 63.10512669320267 63.25066357545155 63.37353932685368 63.47171300015132 63.54321759433782 63.586075942851835 63.5984597306315 63.5984597306315 63.5984597306315 63.5984597306315 63.5984597306315 63.5984597306315 63.5984597306315 63.5984597306315 63.5984597306315 63.5984597306315 63.5984597306315 63.5984597306315 63.5984597306315 63.5984597306315 63.5984597306315 63.5984597306315 63.5984597306315 63.5984597306315 63.5984597306315 63.5984597306315 63.5984597306315 63.5984597306315 63.5984597306315 63.5984597306315 63.5984597306315 63.5984597306315
60.677825385936515 60.72581438687244 60.82538515494517 60.98160382011297 61.18624582200288 61.420887871066554 61.67033521431669 61.92323243502755 62.17145094483138 62.409205046239116 62.63229291176026 62.837545364729806 63.022451673058534 63.184909998302075 63.323058333105294 63.43515486299213 63.519487365789864 63.57429845118936 63.59771776758632 63.5984597306315 63.5984597306315 63.5984597306315 63.5984597306315 63.5984597306315 63.5984597306315 63.5984597306315 63.5984597306315 63.5984597306315 63.5984597306315 63.5984597306315 63.5984597306315 63.5984597306315 63.5984597306315 63.5984597306315 63.5984597306315 63.5984597306315 63.5984597306315 63.5984597306315 63.5984597306315 63.5984597306315 63.5984597306315 63.5984597306315 63.5984597306315 63.5984597306315
60.19740097375153 60.25789498264156 60.39439975871234 60.59875293408587 60.8566600073291 61.14197358071345 61.43619216531331 61.72734705358338 62.00788800460446 62.27296586351557 62.51931013469119 62.744554436952285 62.94684177279438 63.12459138464458 63.27635524700238 63.40072284882805 63.49625092253568 63.56140475379958 63.5945029425103 63.5984597306315 63.5984597306315 63.5984597306315 63.5984597306315 63.5984597306315 63.5984597306315 63.5984597306315 63.5984597306315 63.5984597306315 63.5984597306315 63.5984597306315 63.5984597306315 63.5984597306315 63.5984597306315 63.5984597306315 63.5984597306315 63.5984597306315 63.5984597306315 63.5984597306315 63.5984597306315 63.5984597306315 63.5984597306315 63.5984597306315 63.5984597306315 63.5984597306315
59.66189134232642 59.73760602004069 59.9301075725851 60.205297170123906 60.5330883911415 60.87844332708211 61.22145774048364 61.55166341759607 61.86356969036766 62.15414987786334 62.421556354360256 62.664485482384144 62.88186479981387 63.07269512597564 63.23596513403157 63.370598225066765 63.47541208688035 63.54908110527413 63.59009624360875 63.5984597306315 63.5984597306315 63.5984597306315 63.5984597306315 63.5984597306315 63.5984597306315 63.5984597306315 63.5984597306315 63.5984597306315 63.5984597306315 63.5984597306315 63.5984597306315 63.5984597306315 63.5984597306315 63.5984597306315 63.5984597306315 63.5984597306315 63.5984597306315 63.5984597306315 63.5984597306315 63.5984597306315 63.5984597306315 63.5984597306315 63.5984597306315 63.5984597306315
59.059732543926735 59.15675826438056 59.443299971445896 59.82349584237375 60.23861578180297 60.64965374513179 61.041129767882964 61.40751916559118 61.747065528924885 62.05930655766453 62.34411767064362 62.60135881779363 62.83075639766841 63.03187182691241 63.20409699275529 63.3466530360688 63.45858365229813 63.5387398485478 63.58575499041017 63.5984597306315 63.5984597306315 63.5984597306315 63.5984597306315 63.5984597306315 63.5984597306315 63.5984597306315 63.5984597306315 63.5984597306315 63.5984597306315 63.5984597306315 63.5984597306315 63.5984597306315 63.5984597306315 63.5984597306315 63.5984597306315 63.5984597306315 63.5984597306315 63.5984597306315 63.5984597306315 63.5984597306315 63.5984597306315 63.5984597306315 63.5984597306315 63.5984597306315
58.37985391589836 58.51557849869079 58.97844849493185 59.501667869661205 60.009706126016006 60.48056096565128 60.91205787026597 61.30647948180478 61.66652986253581 61.99435686339284 62.29141835555505 62.55856980752178 62.796186811854824 63.00426896355651 63.18251385019432 63.33036285423934 63.44702346025946 63.5314724469495 63.58244302600124 63.5984597306315 63.5984597306315 63.5984597306315 63.5984597306315 63.5984597306315 63.5984597306315 63.5984597306315 63.5984597306315 63.5984597306315 63.5984597306315 63.5984597306315 63.5984597306315 63.5984597306315 63.5984597306315 63.5984597306315 63.5984597306315 63.5984597306315 63.5984597306315 63.5984597306315 63.5984597306315 63.5984597306315 63.5984597306315 63.5984597306315 63.5984597306315 63.5984597306315
