_RESULTS/CROSS_VALIDATION_POSTPROCESSED_80-20/Berg/GZ/8comp/2/Berg_GZ_z_250_kriged_reverse_8comp_spherical_2.asc
ncols 100
nrows 90
xllcorner 5.6208707817415728
yllcorner 50.959635321741573
cellsize 0.00013419651685393446
nodata_value 1.7014100000000001E+038
[rows 60 to 79 of 90, columns 0 to 42 of 100]
25.859525019494995 25.66044217142089 25.421360998254954 25.128423353911543 24.78181323420525 24.388894782209046 23.95668808541233 23.491874332015765 23.00093110324751 22.490522402924768 21.968434710908785 21.44582216473314 20.942953334545596 20.504643710117698 20.233071796293782 20.268611836557714 20.589744708856163 21.048186296305378 21.545308934575218 22.03321214524566 22.487611966233032 22.90998820439642 23.29929713271538 23.653111603880443 23.97034035066931 24.25082870774422 24.495162342033098 24.704560981958597 24.880789625758524 25.026009372609835 25.140653335484085 25.22210737705543 25.27084156040876 25.285515085443006 25.28952635421548 25.304040894308226 25.325833732106183 25.35171516929868 25.378943254101372 25.405408321491556 25.429699177737653 25.451136575236653 25.46981138639203
25.83600365430606 25.61246972000541 25.323707630354843 24.97794487451382 24.58335049272811 24.14761217224128 23.677777046487055 23.180120367691064 22.660067720276743 22.122216461095746 21.570555412931892 21.009165364990874 20.44447947296008 19.894852638709168 19.452955630656945 19.525365278794446 20.063654876926844 20.677498192078563 21.28174186266742 21.853849904827477 22.3812651806205 22.853594204744258 23.269768439619863 23.646239074977835 23.9839334910147 24.283406813570785 24.545643793063274 24.771995302874362 24.964083216260924 25.12363473456579 25.251756753288984 25.344769891447477 25.401559011971603 25.420750326504127 25.422878682063054 25.433536447984324 25.4505564959831 25.471612401223855 25.494594419155824 25.51780079764313 25.5400397917045 25.5606832054883 25.579689993078645
25.80424055683658 25.530584805672298 25.192071373564662 24.799128361560037 24.362412722059805 23.89090606324532 23.392131753568364 22.872598108321814 22.337621807456912 21.791202370382777 21.235972429969245 20.67325508188078 20.103307858983317 19.52624768336033 18.952170082093183 19.066392234405352 19.76725139456997 20.453366206360784 21.11054195783483 21.73153458894206 22.308464378342922 22.83262279130584 23.294722447942583 23.688843193698666 24.038066647447614 24.348866349292383 24.622205935977824 24.859275788523057 25.061385322997925 25.229798020986422 25.365496714969655 25.46617254532595 25.528030760335607 25.54968938438934 25.55124397159939 25.559627786040974 25.573404342126672 25.590881987371983 25.610456699324303 25.630777366203734 25.650846447166035 25.670073029310963 25.687414012764776
25.72272696931651 25.403248611395284 25.02250967581951 24.591816457850804 24.121999142878735 23.623150927650546 23.1043758356268 22.573572618101274 22.037304142134477 21.50084425373893 20.968598869010993 20.445425395650425 19.940634824605993 19.482331807726933 19.176143638072528 19.281267152536998 19.777706254982995 20.40058787973294 21.04408309256715 21.674602173845024 22.274819731137807 22.831764867112497 23.33379523693966 23.76978256931205 24.13140989366734 24.445619869653616 24.723129465246046 24.96469055352339 25.17114287165494 25.343239650622323 25.481438906662618 25.585136007237086 25.649132443766543 25.670991913345592 25.672775711216662 25.680017373515575 25.69167949422256 25.706534527523996 25.722283827718517 25.730577836241487 25.73303317775974 25.733201280730057 25.734175926935848
25.59850489204047 25.236414847839967 24.81681122033537 24.352050115230313 23.854111840073738 23.334347865936834 22.80324495880498 22.270252494322946 21.743762627332277 21.231417786431226 20.741104000949502 20.283430802282695 19.877566410200266 19.56400565343141 19.422096382454885 19.543362962266468 19.921365190545266 20.455726315719755 21.05457539293704 21.66997394891296 22.274565943053446 22.849371557273624 23.37906256020777 23.8500689624297 24.249847336822437 24.5704767095584 24.84556930539872 25.085728290943543 25.291198463708763 25.462174277912524 25.59859858283291 25.69995942479996 25.763164388689148 25.782983103999936 25.785739962705602 25.79265509435486 25.799758839747376 25.792962053993186 25.775209305163866 25.751395886820667 25.726020624717076 25.703088018738775 25.685983179169124
25.438452368192664 25.036450638118634 24.580560457743157 24.084283750076615 23.5609035682751 23.02324845189426 22.48347542602494 21.952925382196586 21.442156375502147 20.961347850870858 20.521409295699975 20.136315828893693 19.827223346160963 19.627603202236614 19.582733204554167 19.729293803514185 20.062655663929725 20.537531194532516 21.09688098205766 21.692227954847336 22.29338205398691 22.87775112529832 23.42699600849336 23.925229777420164 24.358109735439655 24.712415002182624 24.985573725543944 25.21903524827277 25.418715317725475 25.584219450992236 25.714974986577737 25.810040703931175 25.867879591905098 25.884212497909786 25.887982332714436 25.875905363498187 25.843327711533288 25.796554848609137 25.741574925455872 25.684005977100917 25.62900056166374 25.581113970490293 25.544147562320607
25.249198624136376 24.80945920501983 24.3190320518129 23.79258666341753 23.244771607622898 22.69000044091605 22.142242648001975 21.614861751249645 21.12058741070204 20.6717721770842 20.2811437324431 19.963229710808513 19.736249843089972 19.62306161881472 19.647788565781717 19.825501265416413 20.15089762044363 20.598257360778796 21.132549038560704 21.715543236895225 22.31468555512035 22.906708338025354 23.471787641997217 23.99248985584605 24.453077444624203 24.83910940488466 25.13723767928277 25.36048933707687 25.550206049606032 25.706410361590702 25.82802242682729 25.91367859423423 25.961567640708765 25.968441549664377 25.939006652256435 25.88273479047281 25.806929790972067 25.71865524342487 25.624687403105824 25.53142813717544 25.444774152974514 25.36994779975421 25.311302008410657
25.03738919735922 24.56166289990622 24.037722822792958 23.481345728214986 22.908515011270154 22.335237328805615 21.777338020341656 21.25024670864649 20.76881375462689 20.347242230527506 19.99924946813168 19.738502123134015 19.579061185496844 19.534984592384465 19.617852099876025 19.83207529716112 20.170701641969707 20.615462556047575 21.14114890877483 21.720711618955505 22.324538126663587 22.926789868151225 23.50747922011528 24.04851777784408 24.53336011514494 24.94674434663087 25.274534456426444 25.505353113264697 25.681630163379904 25.82526934056849 25.934708915068754 26.008177013641237 26.03509067166534 25.992872467420835 25.917501031347996 25.815911146491686 25.695433787846923 25.563917273611832 25.428980009118256 25.297891068734117 25.177403274273765 25.073541903389344 24.99136166966712
24.80991781424457 24.299749274893692 23.742843133293473 23.15593771333912 22.556226276944926 21.961228409066443 21.38861443814489 20.855947744606667 20.380315162334384 19.977849825295525 19.663211501055635 19.449123193205693 19.345967054620875 19.36119478436417 19.498175608759404 19.754539940741385 20.12095523588034 20.581483740902 21.115588500174105 21.700672176955234 22.314036817873443 22.93135655527307 23.52955611389853 24.090587478156504 24.597661669813444 25.035131363010066 25.388413396010467 25.643951891020873 25.80852734479532 25.93690493818776 26.0315950197916 26.08217355631972 26.049284159200592 25.955191112106736 25.83001050835535 25.68131076513145 25.51467097756344 25.338079948570257 25.160061643687147 24.98885053973114 24.83218842560696 24.697065018783608 24.58941365690607
24.57407767578949 24.031122194854753 23.441698284318814 22.82327242651905 22.194020401065632 21.572796043530147 20.979050497348325 20.432610812400384 19.953184901600594 19.55946568149349 19.267829699861938 19.09087665809352 19.03626941713628 19.106232746962824 19.297656707105038 19.602478140018718 20.008190381908605 20.498613692148478 21.05499483587096 21.65722411660989 22.284861673716076 22.917815507226837 23.535815115454277 24.117316368594015 24.645357465236355 25.104293484768846 25.479421634615857 25.756991810182328 25.926158522215015 26.03711998072839 26.11056987658985 26.10176417334143 26.006452674362436 25.86264512171052 25.686628223994106 25.486733614912545 25.27147165105683 25.04799424004561 24.824727807276766 24.610976982939345 24.4156257552851 24.246823937322652 24.111603858888785
24.337591835601565 23.764008515166434 23.142903479530176 22.49215066517643 21.83056162186355 21.178004565194758 20.55552576401461 19.985336665574998 19.490394793380432 19.09319353797465 18.813499793888134 18.665391746064895 18.65483309829191 18.77917033699978 19.02873752759071 19.389351653589408 19.844375484024404 20.375920616323683 20.96545510461855 21.594164854248866 22.24323500755619 22.894081863250708 23.528531693579392 24.128952017257284 24.676770328992845 25.154697422187716 25.548186688889 25.84353932209687 26.027970032312187 26.121214631709304 26.1417724108977 26.066984141312577 25.91613499743879 25.72264051448318 25.495482125431046 25.243448077275666 24.975702678252052 24.701749610871452 24.43096185128269 24.172147383512243 23.935380286755287 23.73024043819831 23.56749167954694
24.108490966643597 23.507378374496618 22.85638213548025 22.17338833913854 21.4773653981452 20.788670361396342 20.129493848442927 19.52432484301884 19.000044096603034 18.584816567584063 18.304729268144914 18.178147111492844 18.210429315152556 18.393038959559814 18.707815711192886 19.13281511020888 19.646212685021574 20.22767502529783 20.85827981628515 21.520026674610403 22.195433874706808 22.867333949225998 23.518547238718 24.129585363433254 24.685631326405545 25.173323330637853 25.57862700051936 25.887450873690415 26.087142243598933 26.15841622069674 26.119266288723864 25.984101304791967 25.785749813684482 25.543054067702677 25.264874996209553 24.960398556173967 24.639350086377867 24.31198342859541 23.98901911838151 23.681581525060494 23.402175757806454 23.162364251358174 22.973126272450827
23.894817526871982 23.270643820569887 22.593094527486674 21.879639298485994 21.14881527365231 20.420696769634848 19.717720807530768 19.06591684368053 18.49625728751219 18.044856714344785 17.749102136458703 17.637125836246636 17.71522748855172 17.96546350784784 18.356386384343757 18.855487617992107 19.435035181837506 20.072442750508348 20.748697447221367 21.446648436499267 22.143117545553803 22.82089401345022 23.46811321089783 24.072995220182218 24.623691350754356 25.108168970758538 25.514131649446803 25.82898759838159 26.03739490517208 26.0770345865648 25.98884785371043 25.822106683380863 25.599372972322826 25.325007169251084 25.00365169657273 24.646993426959924 24.27247598545802 23.891682247450472 23.516778575098527 23.160650144015882 22.83669071547915 22.558372576599055 22.338521989815003
23.70415119870604 23.06311223447931 22.364440784482714 21.624812373194757 20.86173691180383 20.09406559719085 19.34306094332643 18.63442406224877 18.00168199813758 17.490270197061673 17.15693770633787 17.051944827706677 17.185795662688427 17.52120097149163 18.003388661466484 18.586151703785138 19.23680857636161 19.932204508002613 20.644899351076614 21.354246520092435 22.049474233528244 22.720531818260604 23.35762406535726 23.95092202641321 24.490355972283563 24.96545181285272 25.365207101456654 25.678022779626296 25.87107760262477 25.878237838814567 25.750108636056062 25.56274791357074 25.32125578290472 25.02919204836831 24.690669431682007 24.310637319195017 23.895101390847564 23.462591167438436 23.03566740425647 22.628301969979137 22.255511851692646 21.933021744826608 21.67648075526587
23.544941137633558 22.89319858161478 22.181301200388813 21.42295900353413 20.63425196984592 19.83200175718764 19.034689825364712 18.264643671678517 17.553047349974282 16.950611094882 16.542739308825407 16.433584791506252 16.64801209964104 17.09864551390778 17.689093425338186 18.36082987829055 19.078035307212488 19.80532445060587 20.52826878586964 21.237276499690395 21.92403541879898 22.580784810571487 23.199903454145517 23.773625545938927 24.293802281384764 24.751684503347207 25.137736160541067 25.440980985372086 25.60061281500981 25.57942006045202 25.432469884894047 25.229799000351004 24.974918461878058 24.67038461834042 24.319404589342767 23.926184940439953 23.496224558179062 23.03656424488828 22.559450337334642 22.09787037991215 21.671713228494653 21.29924721448014 20.999759386464422
23.436169058608797 22.76856693255682 22.052746327315223 21.286575539523785 20.48362162033627 19.658510702347485 18.82615567601979 18.002928249398977 17.21029862603234 16.487184718379595 15.935144200328876 15.796401211590085 16.15628220231789 16.76349826288397 17.468833608295192 18.21367833700386 18.96099376788728 19.69894055245382 20.419506354758248 21.116119715139433 21.782892779975825 22.41425140121646 23.004681104830173 23.54848260447398 24.0395009204487 24.470833249541567 24.834549142837375 25.113114551295386 25.235960382256618 25.204078581286836 25.04748169157409 24.83639121978117 24.57504373259005 24.26469163024517 23.907318525868764 23.50604593766233 23.065485020552988 22.592066361130723 22.09438421370649 21.584658237780143 21.100310235414423 20.670760172241042 20.31980255949146
23.38535483923532 22.708280125936025 21.986012920073282 21.224483954357893 20.423105096434917 19.59371915846312 18.74884501631456 17.900171317274 17.058780058897312 16.236696862109564 15.461094886959073 15.194763090552971 15.86322367397575 16.621937236393386 17.397792276495327 18.16343261965868 18.912202323894842 19.638695520365356 20.337988099596522 21.005554166849763 21.637244720167057 22.229229055482044 22.777854249542983 23.279401999543865 23.729745629901323 24.1239379872718 24.455789227194145 24.698507519352674 24.802694562268535 24.76482880080992 24.6054959669165 24.394221843286836 24.134815366494244 23.826910145701625 23.470947974605288 23.06862996055965 22.623295770351053 22.14028580656051 21.627365454602344 21.095315060811757 20.559563800559985 20.064723316431337 19.650727130964064
23.394959879855097 22.719678929640274 21.999463018892882 21.243000807416955 20.458583540238866 19.6479457650012 18.820884931000812 17.990137249615852 17.169298590136 16.378060297154057 15.678348449346291 15.481287075560429 16.042210845100765 16.76661086327029 17.507371414367476 18.239531888399014 18.952566663406568 19.63940814151758 20.294513715507428 20.913400975865166 21.492510502832516 22.02909662718922 22.521031616139908 22.96647110583386 23.36337043335577 23.708885759303985 24.004496169363502 24.222585730592925 24.31246309442614 24.27052259501602 24.115814473886594 23.913919803003687 23.666332464875197 23.370747896406865 23.02577431893697 22.63141130218878 22.18941243351577 21.70360295869505 21.180265608682397 20.628778098900234 20.06279888362058 19.504244886481207 19.012268456999003
23.46451648704355 22.80218096816734 22.09671273782622 21.357451354310804 20.594270159665115 19.817809511626447 19.03810093737036 18.266701700771502 17.52897436978254 16.871214100220243 16.397489317561938 16.296606369467213 16.621209984592404 17.168348349031227 17.795714138162015 18.44338030535735 19.084072867994323 19.70283445345606 20.290232107221446 20.83998584816625 21.348052317276572 21.812166550083205 22.231449146280937 22.60590003278652 22.936505901175178 23.233791571445057 23.50262417907002 23.69417429301558 23.770762036452357 23.727994010292402 23.586630810876645 23.404953714559532 23.18045584940993 22.90857610853599 22.585850435765614 22.210402119837195 21.7822424271366 21.303459905294027 20.778417958405214 20.214163817906407 19.62144721475214 19.01722406843495 18.436330843636462
23.59067140393737 22.951631974617886 22.272462581749892 21.56347919604743 20.836032424970075 20.103047815724867 19.380170515564405 18.688165098519246 18.0568119646947 17.53380745029318 17.197608045980303 17.132279172736606 17.333084707639685 17.722104842699242 18.214034277742066 18.749079262270953 19.291229897449153 19.818590461872155 20.3173255617229 20.778693356387336 21.19764720264105 21.572094750844734 21.90289888854255 22.199005528270344 22.468520873580076 22.718132575510648 22.95138370450072 23.1155074063268 23.181068191908004 23.142224287143858 23.02508114811338 22.875656094454953 22.68676446053862 22.451269289998606 22.16346804814812 21.819580953909526 21.417954760785182 20.959069166348296 20.445448169009225 19.881616873609246 19.274367087146405 18.63402434758163 17.97907082788493
