_RESULTS/CROSS_VALIDATION_POSTPROCESSED_80-20/Berg/GZ/8comp/2/Berg_GZ_z_90_kriged_reverse_8comp_spherical_2.asc
ncols 100
nrows 90
xllcorner 5.6208707817415728
yllcorner 50.959635321741573
cellsize 0.00013419651685393446
nodata_value 1.7014100000000001E+038
[rows 38 to 56 of 90, columns 0 to 42 of 100]
0.8848762703350743 0.9067715431492339 0.9289029134437793 0.9505364860205078 0.9707847748302557 0.988621737757572 1.0029469122910113 1.012715481806305 1.017122520300578 1.0157838332218891 1.0088316261189925 0.9968765460414266 0.9808583070830255 0.9618576054749121 0.9409394109869404 0.9190588424737941 0.8970242261681569 0.8754969478439502 0.8550092138389993 0.8359877036722135 0.818777101084993 0.8036611684809949 0.7908863022856915 0.7815289517856101 0.7804442755733535 0.7883041013126247 0.8048009600396866 0.8279735719394945 0.8560132920175921 0.888366538271057 0.9244532867056029 0.9635427866902062 1.004656286653014 1.0455588169568584 1.0844734001109604 1.1198228619530006 1.1451058842795676 1.1526820100360715 1.1357360120855489 1.0941358791590552 1.0329311928594656 0.956933708574065 0.8716484939695313
0.8892986483635429 0.9120764256167974 0.9352314012617227 0.9580266421996553 0.9795413591356037 0.9986639371976405 1.014137351885325 1.0247000351806177 1.0293410621877406 1.027593862798264 1.0196910223206619 1.0064643421791637 0.9890774150300732 0.9687649418284268 0.9466689884789747 0.9237683874228477 0.9008665534108565 0.8786077882274862 0.8575038561635252 0.8379616737917458 0.8203083595382912 0.8049089527306972 0.7924040718177936 0.7829180527662356 0.7791314856179424 0.7841033176705708 0.7975437249851669 0.8174608685508814 0.8417156316240041 0.8697580534502891 0.9009474136432478 0.9345150755917989 0.9695309803352727 1.00478013591895 1.0379704216510122 1.067500120972705 1.089751994671117 1.0937748677111996 1.073388252002365 1.0311747404545375 0.9721549389160524 0.9007365106309778 0.821725116768036
0.8925541425420603 0.916136975693314 0.9403203706658494 0.9644068859871888 0.9874881476108575 1.0083913835105087 1.0256547890509766 1.0376228786772175 1.0428066649808152 1.0404880130997796 1.0311004165606028 1.0159580250222486 0.9966563889409983 0.9746661057090523 0.951202069715905 0.9272288793990453 0.9035032467247083 0.8806179559715119 0.8590392777885354 0.8391373931945852 0.8214145761538774 0.8065812798718388 0.7947164716564817 0.7858646619522109 0.7804718386244618 0.7825778383743882 0.7928226898833175 0.8093287380870599 0.829852378862953 0.853721517048636 0.8802546845950041 0.908669169392684 0.9380612789673585 0.9673972192353124 0.995439896433661 1.019933652197209 1.037551336339943 1.0376279221395301 1.015172587316821 0.973242889056435 0.9167203517185483 0.8496743465236903 0.7763562612469719
0.8944135180142113 0.9186436741361225 0.9437593702265992 0.9691536009731954 0.9940061519613176 1.0171725477312412 1.0370198589203132 1.0513037371018388 1.0575305320623982 1.0543247650814769 1.04260268087429 1.0247137306184448 1.0029476644745672 0.9790111765980862 0.9541117575309976 0.9291243733399221 0.9047060792460198 0.8813643481579314 0.8594992380215638 0.8396738812383574 0.8227156322295262 0.8087025385510214 0.7976663950968561 0.7896421058732827 0.7846746720881596 0.7841664692175079 0.7910691559128574 0.8040973129806194 0.8209859493095747 0.8408617979846825 0.8630160407575314 0.8866662141936396 0.9109474365826989 0.9349146311643491 0.9573048520174121 0.9753895790343657 0.9873793435642039 0.9845869908645987 0.9611859716479589 0.9202046498543358 0.8663889620289519 0.8035312550306265 0.7354320991378381
0.8946531913151085 0.919263097042506 0.9450584565429354 0.9715655206005251 0.9981429676096788 1.0238502341486466 1.0471401413078636 1.0652077000310753 1.0735117357243928 1.0687018236426746 1.053156667993142 1.0315367087895406 1.0069353731945039 0.981044076186054 0.9548711869653916 0.9291009437372113 0.904243052489653 0.8806981347645312 0.8589743217436724 0.8400688003683145 0.8241112321092087 0.8111203050890468 0.8011160995777944 0.7941258489081974 0.7901886459568719 0.789244996745196 0.7927021583392825 0.8022799857261077 0.8156517024748877 0.8317324138243543 0.8497928141559863 0.8690567369425636 0.8887010926894413 0.9076918949886656 0.9233494044233373 0.9345357225442503 0.9404514490480597 0.9348431226324733 0.9113655312720818 0.8718409119430809 0.8208646423465258 0.7620255038320909 0.6987532803082153
0.8930981201081594 0.9177008768481598 0.9437344901136877 0.9708624237891794 0.9986640947883205 1.0265662507911741 1.053615736241567 1.0775252997916038 1.0907190247544878 1.0821616120106266 1.0603268182334222 1.0344244356648058 1.007262433533007 0.9799020865567057 0.9529472215259978 0.926836872842691 0.9019266376769898 0.8785832401659058 0.8579024297771345 0.840193611175001 0.8254597076782855 0.8137070841027758 0.8049492984817698 0.7992100398160493 0.7965206899052681 0.7963155328712245 0.7981796280015182 0.8043951250963148 0.814373947953199 0.826858001782484 0.8410981464660698 0.856323500723021 0.8717165105504064 0.8848049627403792 0.8940390556480209 0.89900443923641 0.8989523206086529 0.8887448291951184 0.8655377908073535 0.8278754193020642 0.7798141290204983 0.7248349901642672 0.6660628306639989
0.889672371736518 0.9137856350650595 0.9394507116400419 0.9664122642591689 0.9943872199835964 1.0230660995634486 1.052113820828385 1.0811478836020658 1.1084160102744758 1.0874530092514767 1.059688739485654 1.0322798662362709 1.0051381484993285 0.9782542560396991 0.9517357540221894 0.925798252882588 0.9007490043729081 0.8776045513848622 0.8573519126263908 0.8402594926190748 0.826656909772656 0.8163652003782478 0.8090733304176373 0.8048075557664723 0.8032728699808503 0.8038492719106647 0.8064648733022541 0.8109812212788524 0.8176854044637913 0.8267598446740536 0.8374301682623382 0.8489233590585115 0.8594751787318502 0.8666425051995892 0.8699904103307409 0.8692862218846918 0.8639271162548423 0.8491155032426579 0.8244822302857273 0.7883056173619573 0.7429079755016865 0.6916106798894036 0.6370609799997767
0.8844416927820203 0.9075465211742196 0.9321644258503905 0.9580285337120874 0.9848177767865984 1.0121101162551798 1.039217806008229 1.0647510626032315 1.082182841317873 1.0749885222971383 1.0550139605235491 1.0321092199595212 1.0080504996646482 0.98328954341641 0.9580986612951422 0.9327801989129241 0.9079276519835866 0.8850159271931652 0.8644808757244771 0.8466565618684461 0.8319350134648842 0.8207606045790872 0.81363014773994 0.8106489859503556 0.8101003645740035 0.811666502206692 0.8152771482292537 0.8207357166356056 0.8261422690413394 0.8319823791802232 0.8393051768027855 0.8470439490005421 0.8522114673734626 0.85386206521322 0.8517390975988134 0.8457751143230077 0.8356353799840897 0.8169027724911303 0.7894574689660834 0.7543135899696564 0.7110743071636333 0.6626996905085092 0.6117456352691849
0.8776307292966322 0.8992474775139135 0.9221992147729415 0.9461363586191075 0.9705802913245348 0.9950437526171076 1.020386380506166 1.0437910562516135 1.0591055170567272 1.0608670209927824 1.0514132342321925 1.0357551483650669 1.0165979026119278 0.9951305117466666 0.972008322601973 0.9477531786852265 0.9237321558356594 0.9011048880583069 0.8802511931446864 0.8616080729404303 0.8456599768666279 0.8329305988267586 0.8238119384395414 0.8183192659927974 0.8169493365102871 0.8195854193480463 0.8244168269395028 0.831034467102625 0.8374319885686462 0.8428418812627373 0.847289802112456 0.8506130540203191 0.8506653617297325 0.8471011728304598 0.8397940043359038 0.8288373668077873 0.8142563279411388 0.7921137379973109 0.762110249182881 0.7258731134230023 0.6846384463818584 0.6389920085955045 0.591214787764396
0.8696065035642809 0.8893583701698208 0.9101897888062486 0.9316547766368003 0.9545295338771511 0.9800817742794137 1.0062074647715236 1.0297784042880591 1.046914303445367 1.0547922059168793 1.0535566275284376 1.0452243143684867 1.0316971346728172 1.0142456995638875 0.9937393060843138 0.9710683906332366 0.9481785065171339 0.925837818050322 0.9045725808834889 0.8849567599332095 0.8676000011511149 0.852916432598151 0.8410880122071797 0.8326707866193671 0.8282441470550431 0.828410322532244 0.8336947935987264 0.8416471466222171 0.8491842887440135 0.855634771747929 0.8603389229099472 0.8603992777585198 0.8556159858792134 0.8470278793461742 0.8346844673512422 0.8188541711147758 0.7999362317484663 0.7747431821880798 0.7424474208187396 0.7047497112603572 0.6633899885150143 0.6201374900413258 0.5752774235761341
0.8608349243936491 0.8784780633756771 0.8969398707094962 0.918226849731052 0.9434491430670903 0.9710303032160736 0.9989008269870586 1.0244665302851166 1.044968865936017 1.05835365640179 1.0639860855611232 1.0624120205621836 1.0546031427253326 1.041499797232871 1.0239377159005585 1.0033144899888977 0.9815956793612379 0.9594599815291449 0.9376020990991258 0.9167536493797787 0.8973221434935289 0.8798386166244829 0.8649798780602708 0.8534079594109802 0.8457702961821016 0.8427077530751148 0.8448685806941482 0.8523080000260915 0.8611558192639865 0.8688553625444989 0.8738253587345658 0.8731000790824759 0.8664703068793248 0.8542010708585339 0.8369991191561907 0.816253228552606 0.7928280480146942 0.7648097440750498 0.730380559488426 0.6912854256045033 0.6492350226512617 0.606072851995611 0.5636017879544436
0.8518265812797455 0.8672554961791584 0.8862498038177763 0.9103086249721368 0.9382071496204278 0.9684208523798348 0.9990576540760382 1.0279128224363265 1.0527411707116785 1.0717117203075455 1.0837682511807334 1.0886295080066808 1.0865231927512693 1.077936804141803 1.0635153985976145 1.0451980470694333 1.024585324331039 1.0024624649968323 0.9795405590223301 0.9564733656988461 0.9341374902039316 0.9134027623734606 0.8951043569234614 0.8800294906905162 0.8689169930732719 0.8624668213228097 0.8613551365274635 0.8651501836746492 0.8730120093386856 0.8822129859929775 0.8874140581113878 0.8862781372677542 0.8784911450565354 0.8642575415249447 0.8443949165224356 0.8201332570769767 0.7927991707115645 0.7622114093273104 0.7258698945868315 0.6854204088525684 0.642605360338355 0.5989949278723156 0.5564347059941559
0.8424291479841719 0.8586922057447925 0.8807786898737003 0.9078198584236495 0.9388091708687075 0.9723329247764468 1.0066657706298916 1.0398423277901194 1.0698374795499082 1.0948323624633745 1.1134450138125607 1.1248163381015257 1.1285627841817807 1.124692621048989 1.1136600323932915 1.0976633952550023 1.0777984388651305 1.0548474533817966 1.0298154118997702 1.0038074965485269 0.9779583685483791 0.9533717169267448 0.9310793277186886 0.9120223718433068 0.8970523664476568 0.8869460372277103 0.8823546280032886 0.8822816376798208 0.8865150243603639 0.8951034091352286 0.9009909192824146 0.9000031000818082 0.891372882539476 0.8751401006494399 0.8524408895273206 0.8250140743633566 0.7945476370817668 0.7619939392446653 0.7247021825143106 0.683484595129473 0.6400521374500799 0.5959331055362712 0.5524342620376791
0.8341025500087396 0.8537454022163623 0.8793423364926902 0.9100564416295729 0.9448708933625202 0.9825216035580011 1.0214670997208464 1.059921048855896 1.0959631586475496 1.1276948251612617 1.1534171539197093 1.1717588903866567 1.1817297297788836 1.1827763729273444 1.1750942261141988 1.1608186218328767 1.140928608681063 1.116431144078975 1.0886029867827824 1.0588716885740277 1.0286965031938884 0.9994724557278668 0.9724699157290008 0.9488107475625646 0.9294744618686787 0.91532430449795 0.9067009776655527 0.9025150185016997 0.9030855973338109 0.90820683158179 0.9141814003733562 0.9142248986588785 0.905257515989915 0.8868316898861562 0.8608411628535024 0.829999700963068 0.796428096459705 0.7615483548806089 0.7238251354810894 0.6823285272386408 0.6386928555396404 0.5943750717373085 0.5503600387031149
0.8288424539330671 0.8518197293101215 0.8809982686076528 0.9156393173201506 0.9548318770115296 0.9974253692810895 1.0419887661391731 1.086812208451277 1.1299609151091747 1.1693768174301356 1.2030101224024854 1.2289630217950303 1.245639681960805 1.2519026906197586 1.247677231599542 1.2349530438989358 1.2145924158535053 1.1878124394740197 1.156246583415662 1.1217464949289742 1.0861899992094823 1.0513347767271726 1.0187341227552804 0.9897111099226918 0.9653766797465215 0.9466730207947024 0.9331661874080064 0.9244622280230888 0.9211369035443088 0.9227624964584765 0.9263244331471983 0.9285378084774096 0.9202488172054404 0.8989146487469122 0.8687955089470281 0.834408699196886 0.7980353457913819 0.7608855707242518 0.7229826434698191 0.681865560586581 0.638593207440869 0.5945311903164234 0.5503982730180885
0.8261730553479072 0.8524230715316723 0.8852363447672151 0.9239944231721845 0.9679150670860337 1.0159784345543943 1.066868199321962 1.1189385732112436 1.1702171888779724 1.2184504637537932 1.2611962542586963 1.2959711960001523 1.320462142112344 1.3327993625545562 1.3324462286860004 1.3211414498720664 1.299692636814584 1.269612529873719 1.233036375070989 1.192397180218382 1.1501224161554338 1.1084191564785648 1.0691659023472055 1.0338943555154028 1.0038311908708486 0.9796344081821123 0.96040674688917 0.9465969197402819 0.9388289964731893 0.9365743451304953 0.9373402447565732 0.9409646197083928 0.93638515547522 0.9093605218753636 0.8743920208083286 0.8371100228208577 0.798809323990924 0.7602155149286395 0.7218681582295577 0.6819736629889048 0.6398049773638848 0.5966507491041795 0.5530107121201383
0.8256108776849186 0.8550386568576717 0.8914883807328337 0.9344834987927394 0.9833963358224302 1.0373653068438577 1.0952151909151175 1.1553871361347028 1.215887514237647 1.274268836621249 1.3276643009299711 1.3729100909183096 1.4067971104079562 1.4264749766747815 1.4306114974587933 1.4205799426293564 1.3971879538088259 1.3624028256085714 1.3191074131602083 1.2705591300243162 1.2199144836133926 1.1699281478043018 1.1228332880230694 1.0803536757788286 1.0437720018309413 1.0127071262768657 0.9870577563021631 0.9674418007289606 0.9544047156198757 0.9472549842181306 0.943566193539069 0.9437765173439268 0.9413639179307641 0.9109864689614402 0.8748147640308334 0.8369622024178587 0.798283959376361 0.7593896039617105 0.7207782028679073 0.682467820585613 0.6422922422809771 0.6008874516939938 0.5586626410111656
0.8266773210030988 0.8591290792262278 0.8991353171245329 0.9463820403529373 1.0004247953733836 1.0605979132331884 1.1259149706659632 1.1949616909493794 1.2657859358618608 1.335797689809004 1.4017098927797684 1.4595818249248624 1.50506150392888 1.5339243895675063 1.5435046140186077 1.534582966918877 1.5080374242503791 1.466584331902115 1.4142759359296948 1.3555671152580229 1.2945760346506086 1.2346965280241977 1.1785104603317758 1.1278764423548109 1.083401116469999 1.0445325628882125 1.0118531758241587 0.9858056470125156 0.9667070821454133 0.9536098674593849 0.943410459203178 0.9350412426032163 0.924244638037802 0.9013675884892406 0.8694867980454147 0.8337951556944756 0.7964193548465828 0.7584249844268002 0.7205027130403036 0.683162561680087 0.6458436883189015 0.6071378562516456 0.5674359546382115
0.8289049273581712 0.8641465067361416 0.9075202781069084 0.958892180651761 1.0180293191628766 1.0845055158379608 1.1575874938326058 1.2360958690782549 1.3182361616955411 1.4014019475963642 1.4819744250623774 1.5551949335232893 1.6152785080257823 1.6560265357732726 1.672571092840994 1.6645686316363952 1.6330886627963295 1.5821666664763583 1.5177660336756504 1.4460982996816312 1.3725071146657413 1.30106115998442 1.234608375644787 1.1746847833882168 1.1208948457569816 1.073764173659296 1.0336995670046742 1.0008907248000465 0.9753592620378914 0.9560377284163866 0.9392918175515569 0.9239439999760645 0.9084047523269273 0.8886513566002952 0.8610315118280386 0.8286250804485645 0.7936593223946466 0.7575184335456758 0.7211167970693539 0.6851124050368989 0.6500137876850379 0.6149348906105462 0.5788238380209835
