_RESULTS/CROSS_VALIDATION_POSTPROCESSED/Berg/GZ/4comp/4/Berg_GZ_z_125_kriged_reverse_4comp_spherical_4.asc
ncols 100
nrows 90
xllcorner  5.6208707817415728
yllcorner 50.959635321741573
cellsize 0.00013419651685393446
nodata_value 1.7014100000000001E+038
[rows 19 to 37 of 90, columns 44 to 87 of 100]
15.622309939439052 15.518862827695711 15.392094799144857 15.253147281747188 15.108196361223294 14.962835144169203 14.823029253443936 14.695003621659497 14.58515544910506 14.499995598347581 14.446099617807718 14.424262527370542 14.423001541896829 14.444697040495164 14.486192120288303 14.540264916112786 14.60445224424374 14.674437515437955 14.74422952961761 14.807015737257379 14.857493505997605 14.895113558761217 14.922211819072078 14.941502994059105 14.954538675314335 14.961870376691785 14.963512375074192 14.959231082305644 14.948683404815224 14.931470154125856 14.907143402526609 14.875490233213856 14.839726610096838 14.806381072433798 14.782403161307897 14.768454672042042 14.764997561609697 14.772283690751891 14.790336434406154 14.816295390404012 14.84271074238074 14.868329524981858 14.892199878728906 14.913352282159714
15.693724177889093 15.568345142140213 15.419134810983534 15.257140325610044 15.089626644924353 14.922235744036819 14.760885918353578 14.611716221604784 14.48105655301742 14.375424589690642 14.301533113278841 14.266271544707465 14.264039600440896 14.280532376944851 14.313166049420625 14.362032058962642 14.42511782270859 14.49805997926098 14.574573362317095 14.647702334730011 14.71177202118548 14.764739533824367 14.807222715221654 14.84074224688145 14.866606665748487 14.885538579981308 14.897789787857239 14.903329672682023 14.901977127056348 14.8934692353062 14.8774837205777 14.85573595201065 14.831118109361915 14.804606458919512 14.786145105217487 14.777855350879745 14.780161859470937 14.793274141615795 14.817161433184548 14.847506323750897 14.878037158953978 14.907734373736009 14.935531267235474 14.960301522763904
15.800267211806931 15.65158411990207 15.478878996458455 15.292201878917941 15.10054473371309 14.90953475150881 14.724970580663893 14.55283825295424 14.399331742686163 14.270901876830125 14.17433413714316 14.116067659075421 14.095115297361078 14.095653124091791 14.115484118022575 14.156128829611085 14.216475823247022 14.292286734079806 14.376800475733917 14.462367726742103 14.542422922437403 14.613133510827833 14.673532014832254 14.72395574143725 14.765198212682687 14.797944612166935 14.8226175495842 14.839407820222489 14.84834511311621 14.849353463395401 14.842567128560539 14.832034758998928 14.818567324675195 14.801461742464683 14.78890037577546 14.786666067589971 14.795150718835382 14.814527613262557 14.844607428781561 14.879137931127111 14.913954517842937 14.948004489044889 14.980106221105572 15.008956215125135
15.941182655933394 15.767586352603788 15.57047697817286 15.357971485854637 15.14103043263525 14.925309002310108 14.716373674807958 14.51997796007887 14.342093155755267 14.188956865522789 14.063573057787988 13.96959815122274 13.91357930752582 13.89297111914665 13.895537740936545 13.924829679102105 13.981410373193825 14.061196104295448 14.15623888842401 14.257189285268943 14.355838007349739 14.446588895803242 14.526858197470602 14.596007472060396 14.654328220407015 14.702398544704852 14.740761644542651 14.769820413747503 14.789832442847962 14.800935097944222 14.804690550572438 14.805458161000487 14.803006421371116 14.796665037959764 14.790570753011837 14.794679156236889 14.8096411429217 14.835601183821812 14.87152087830624 14.910213655367075 14.949434911708057 14.988090378949023 15.024900199178184 15.058376551071845
16.115134315609904 15.914702359166915 15.69193131941257 15.453666155307289 15.210952378384897 14.970103079157472 14.736327538300545 14.51490352789812 14.308691997519487 14.121620653077871 13.958649755366878 13.825547892086995 13.72940808573545 13.677152985126712 13.656981731391788 13.67124138444181 13.723659681276942 13.81011231892769 13.919810703368254 14.04003619426382 14.160103099510653 14.272778464535952 14.37414421904234 14.462899176558853 14.539030658081067 14.60306799758867 14.65567295314109 14.69744881744967 14.728876417728177 14.750308873558302 14.765369346231008 14.777212647849769 14.785443111493349 14.790374844091254 14.796466956626384 14.81294450305746 14.839504799195968 14.874758241965905 14.914997969571923 14.954204912937808 14.992319847848007 15.030074281962172 15.06873704497985 15.10737726473457
16.320007771161947 16.0903907681689 15.840650889213622 15.577841994716035 15.30915422920794 15.041508996806979 14.778852902423672 14.525413509363663 14.285352072186406 14.06282510341497 13.862289074398662 13.689036357605255 13.55008005289985 13.45549902681408 13.405181586895933 13.39911945552471 13.447746865397892 13.546209156762048 13.676940592047071 13.82115199163679 13.965174915079517 14.10072469005492 14.22328957649638 14.331370471975019 14.424949657035146 14.50463106177789 14.57121978940139 14.625504678667198 14.668166474598898 14.699997867662967 14.72703547167077 14.760257167661061 14.798086056917882 14.83559114738012 14.869113287618582 14.906624174187098 14.949420505813945 14.995633994533645 15.038622342650063 15.075533865342555 15.106623972302383 15.13289905247253 15.155956074823198 15.177754002543429
16.543182719739804 16.281209823188934 16.00108091409104 15.712701335606766 15.417019042592056 15.120275405248446 14.827660341637038 14.543543850546023 14.271835512044834 14.016141645987803 13.78009866080974 13.567906990079207 13.385349097860837 13.241959924883414 13.148946354177301 13.11290468701075 13.159450743413496 13.280579317817873 13.441480239086365 13.61407005771682 13.78298655106997 13.940532506387807 14.082732725920492 14.208438061183873 14.317900905770543 14.41189833400276 14.487362709993207 14.544871208772628 14.590426408549398 14.643127154614497 14.711772763472675 14.791782024195733 14.876084662171316 14.956331177580074 15.023344694545512 15.083057155840299 15.14288352013757 15.198746169708999 15.243967126659145 15.277789953519182 15.300721346184092 15.31418076133746 15.320301854402626 15.321618400969031
16.763696006437016 16.467562566943123 16.15259932099156 15.842974008344257 15.52498559239278 15.201096312410245 14.8811078100484 14.569566896367695 14.270044738076496 13.985536001134241 13.71875460379238 13.472470495973921 13.250140961477674 13.05762644246848 12.906967145023904 12.818766800561834 12.868851395886754 13.034641565819518 13.234846623199209 13.436060251955908 13.626878321909155 13.802607804257338 13.960743263250677 14.090863109390325 14.185433544612023 14.253365961339501 14.303112741568446 14.350424222857331 14.418826791279226 14.508869864054438 14.622179877496022 14.753483472007431 14.895227383901801 15.038304428326194 15.172334066990725 15.295719270535702 15.403925930018417 15.480136545360121 15.52699535252115 15.556538349009106 15.569597498001297 15.568147120061004 15.55508914085333 15.533904828081488
16.974220128370828 16.647701724325625 16.308192840302898 15.970515687062608 15.628682118760715 15.281486381712906 14.937754575409057 14.603378614873467 14.281460009534818 13.974495318375673 13.68456249349556 13.413443332130825 13.1627294074661 12.934006980443371 12.729201576645984 12.541344943511278 12.618499943648711 12.85509626875427 13.086842743508273 13.305889141544885 13.509523691517566 13.681707177148885 13.803965180899494 13.885388124796155 13.936244253017316 13.966657832343603 14.00349932535961 14.069528862146456 14.165097038969668 14.290468807086022 14.447170625454625 14.629524760810018 14.829468477327893 15.037034607721973 15.2406267262254 15.436623998164409 15.616603589796952 15.763737489969296 15.864841404318145 15.907693674153839 15.908497145791934 15.889128404987247 15.853435725759626 15.80615248398848
17.16099057852749 16.808317390267707 16.447360391630628 16.08483482143188 15.721396767508345 15.357373594264107 14.995770213574861 14.644341328589707 14.306647932804836 13.984979548264414 13.68137682545773 13.397779081120131 13.13628235542225 12.899876109760362 12.695172362608947 12.540806562524388 12.591106507575025 12.792754370673096 13.01332256768796 13.225991493418654 13.388944032293024 13.497231096232229 13.557396921968834 13.582080926693878 13.582669108653983 13.592332504362398 13.636458149656129 13.71761191803594 13.83668860396007 13.99453377879236 14.19270960260331 14.425355282058408 14.683894023276768 14.957393486594158 15.23287572609933 15.50331587314749 15.757037901001752 15.978399334453503 16.15248863654541 16.26561171191058 16.305754235810323 16.271557878342513 16.20847285809933 16.129523873201276
17.30471928504732 16.931033730817195 16.552637891770296 16.173741399807312 15.796413922900914 15.422077483193094 15.052580330074827 14.691220812202491 14.344945144382057 14.01670293825136 13.709065505509729 13.421086998406063 13.15009759548892 12.909419125282298 12.721325644965814 12.616322130217725 12.631466112184302 12.755661347481642 12.919990596731262 13.051311495219744 13.140354377192743 13.188902240474956 13.201029583206267 13.182796799529548 13.161040613608552 13.165928489916137 13.21134949081491 13.302444184319304 13.44077432787281 13.627615618402661 13.864841007230085 14.146637888407204 14.463950913223494 14.804790089979031 15.153499319342453 15.499264845699923 15.830522030986755 16.129466132261904 16.379074937426005 16.563982739435676 16.671046973024517 16.689546067330234 16.613832295379577 16.496266363807198
17.386988718229954 17.003046806369674 16.61667840350606 16.23106740213705 15.848722472828394 15.471676388119027 15.101934078363035 14.74172491984038 14.394486979394808 14.05905934624116 13.72627867055021 13.408409967365884 13.119231155617744 12.875135248437289 12.698118148509947 12.604478169224798 12.597146026284351 12.654438561495382 12.707749358018752 12.74081267058528 12.748160063484029 12.73014231225238 12.689924392775936 12.646304174953949 12.638287777468326 12.667379195832416 12.73185666498398 12.831224826950727 12.98410724760736 13.196038987170516 13.469504195963431 13.799057491910796 14.175259401162585 14.583968231697042 15.005472310436922 15.430656171655752 15.843700150757705 16.22386943760719 16.551510075111317 16.809261496490404 16.98278435573137 17.060877039516107 17.03506646974021 16.90079295064774
17.396573609535793 17.017514321861597 16.635282357609277 16.253475021871978 15.875281123117022 15.503425713547461 15.140411855807736 14.786280629952461 14.41799936897585 14.041267901327489 13.67380018469732 13.330629432903704 13.026320269103056 12.776864974071763 12.600303551149358 12.502556205396997 12.459319889486688 12.415398628841066 12.364833599131808 12.303690823083336 12.230002486421903 12.144587728026453 12.054888391077942 12.004554031739508 12.00352787722573 12.05152591016745 12.147628636564505 12.289537175389345 12.47272565276887 12.70581145967205 13.01239841950698 13.388158048023465 13.822033142178292 14.297141217827491 14.795140495719252 15.304711592796854 15.804506796505837 16.270055194615388 16.678384027770793 17.009745192719247 17.248591157761282 17.383575453000528 17.406716526904745 17.31213598313987
17.333836057229384 16.974555458956697 16.6083588113689 16.240400802813753 15.874992411983369 15.51577135869729 15.155353347400174 14.765251513576228 14.357708824471189 13.948276913337557 13.55223857103475 13.186003865913017 12.866192755817007 12.607366067823014 12.424016061196943 12.30646295224165 12.180602200169535 12.043588990949026 11.901039992315383 11.754867959051536 11.606444688085602 11.45773213694279 11.339343526124575 11.280295856746744 11.280359461015948 11.33988466109413 11.459158307675297 11.637578186790963 11.872604625252817 12.158845944789212 12.498748682979604 12.916768690153619 13.405900564748672 13.949933587236602 14.529691726408211 15.129627081212544 15.72215012570338 16.27795990259268 16.769853975298673 17.17524256087957 17.477487834782817 17.66570225679044 17.733285219303045 17.675938684759043
17.20950629176759 16.880582346441475 16.539768993865767 16.193932958294422 15.848612173502588 15.491788449835553 15.090932674665284 14.660766856939468 14.218095130229832 13.779218353116029 13.359836609320583 12.975033513846599 12.639298271243746 12.367549297842197 12.172244044371192 11.987732323444126 11.77839016138735 11.558054328360097 11.335334637130984 11.115357719259707 10.901611976070614 10.704259796557988 10.567464916705841 10.4971564365361 10.493382380455714 10.557368603856855 10.690982474239927 10.895894397488865 11.1723370379989 11.516488106780562 11.923072089380202 12.38668001440364 12.93207189011375 13.548475944259202 14.216835011872336 14.914508442995361 15.607137920567332 16.259055079441495 16.837579293063676 17.316770739312776 17.67926832569694 17.915646120746434 18.021918399799866 17.99652091104019
17.038912676922877 16.745643018763477 16.436076071194712 16.11818057377631 15.782292353336711 15.387456351946472 14.947926554260244 14.482014254096425 14.00743249378999 13.541078069135107 13.098906619911133 12.695864950090444 12.345839110452205 12.06155345170674 11.826434997374697 11.562331078129878 11.27613078862462 10.982548213525616 10.691642467833804 10.410028669557592 10.142093715448818 9.915992011648008 9.762279747534732 9.679448935626064 9.667823172294836 9.729599238405761 9.868274583062723 10.087692229892966 10.39137647759757 10.780253640170951 11.25174736762867 11.797420270693278 12.405879853017183 13.099378014151245 13.86457896893894 14.669274280633859 15.471337848664207 16.22647402752148 16.894717285115156 17.446237683574832 17.863814592162257 18.141147619621567 18.278540323368038 18.27838279033287
16.836797915104004 16.580521725665207 16.30494236175948 16.009035332595925 15.642208570290109 15.212055449215867 14.738295147803699 14.240199752798368 13.736203249370138 13.243657130851139 12.778691165834585 12.356139113922541 11.9894952288757 11.687746960723256 11.385277780536882 11.04965565041542 10.696606307312889 10.341490220166019 9.99518096472469 9.664810164261402 9.357604705408555 9.114913803020517 8.946695430902567 8.85079609665828 8.827479147442208 8.879650032993801 9.01276486791835 9.2342313846897 9.552054630479393 9.972528816589252 10.497419301036116 11.122935039240696 11.830452098133765 12.609792885255194 13.480899458247611 14.40445855704407 15.328039388134254 16.195226929109158 16.95595578455941 17.57600850995363 18.040205167905366 18.34819686135679 18.506842867156184 18.52368052856259
16.61161129871868 16.388932134907144 16.144707638496065 15.830572729709516 15.433850252687584 14.974710946670792 14.47299576027818 13.947711208868308 13.416803201989557 12.898931486754424 12.410877523804533 11.96744487373564 11.58197994590917 11.239834004835728 10.868840365182496 10.468524802526508 10.058337339891679 9.653756188409147 9.265460783877382 8.900047786219583 8.571558726501689 8.318275841791802 8.13904050677823 8.03084099189314 7.9936581806077 8.031006256838763 8.150207151429948 8.362142429857771 8.680062862918023 9.117007880927268 9.681691597914503 10.375468557937747 11.18562412531043 12.08545543104921 13.073203799189898 14.130732489294095 15.191901819053541 16.182491966647923 17.037495641850207 17.71807635128723 18.215259132520075 18.53950286514368 18.707104767221193 18.731560130824246
16.343213624954437 16.149531680404007 15.9074275133982 15.566585003656463 15.144979773835423 14.662997957419744 14.140623923220948 13.596917255334775 13.049658885054749 12.51518246379581 12.008337895682603 11.543266471168694 11.13663205924861 10.737102191867223 10.301167334878498 9.843958197819942 9.386342778954331 8.943764572192501 8.526252480974224 8.139278632701087 7.803890612681746 7.546832255957908 7.361512518707075 7.243497347402171 7.191927599962117 7.210386669068393 7.3076565309617845 7.498077529698027 7.8008492209323075 8.237330970187326 8.825773928557757 9.574681267741477 10.480241882050692 11.519208386996358 12.647419199922066 13.8576591316448 15.078400465294079 16.207919360923732 17.156750609230613 17.88216597312133 18.39082878747822 18.712159790417036 18.874720924562492 18.897467215169176
