_RESULTS/CROSS_VALIDATION_POSTPROCESSED/Berg/GZ/4comp/4/Berg_GZ_z_500_kriged_reverse_4comp_spherical_4.asc
ncols 100
nrows 90
xllcorner  5.6208707817415728
yllcorner 50.959635321741573
cellsize 0.00013419651685393446
nodata_value 1.7014100000000001E+038
[rows 36 to 53 of 90, columns 42 to 83 of 100]
0.1505491893694347 0.13965145236091925 0.12782754112948913 0.11569336335217285 0.10391002866960396 0.08994728576735102 0.07430140993077014 0.05906821713365999 0.04557498244240463 0.03442280570193758 0.025677890336623148 0.01909112622568248 0.01428276328720414 0.01085994075107479 0.008478551555847353 0.006733302698402911 0.005158194258049821 0.003807304907308481 0.0027426961388375124 0.0019511205874171505 0.0013840967380702428 0.0009871875663862507 0.0007191553419892184 0.0005559442334991126 0.000458245767655649 0.0004033897556079504 0.00038028458489993924 0.00038563396995898447 0.0004232452683589753 0.0005063417271235921 0.0006644284984367915 0.0009587907309455653 0.0015148911757677506 0.0025893013072745496 0.00468350583642285 0.008699534855917774 0.01649289917541739 0.03150184512827132 0.058425915328331406 0.1017951213282697 0.1626948167079235 0.2359799454549903
0.1332226388855801 0.1247697653000908 0.11578498400070605 0.10632243049300487 0.0952375370039014 0.08065818849789212 0.06505356174058756 0.05039056777391414 0.03780905791180515 0.027721798039960867 0.020044247057673128 0.01443005122090644 0.010448698293483454 0.0076915937779033485 0.005819127474599737 0.004358172794875298 0.0031244463661238737 0.0021645301604506285 0.0014705140141357612 0.0009922818681105967 0.0006720126000869232 0.00046061497793582784 0.0003270520974841275 0.00024823016706750274 0.00020142801421643952 0.0001748128870424471 0.00016263155385216286 0.00016303301838319076 0.00017764282525023316 0.00021285799682450754 0.00028402792279511626 0.00042595734257585226 0.0007181564227715925 0.0013438883353189318 0.002724359001678219 0.005770338795539046 0.012274154261520287 0.026113308602276453 0.053470873193263796 0.10078561298323971 0.16948277279067614 0.25203949433404754
0.11844135012832066 0.11179233498126691 0.10479613428333787 0.09722443304158578 0.08556888935195188 0.07099018831725025 0.0559760001378534 0.04229969343144272 0.030895412624308827 0.02200362167797683 0.015422380818665125 0.010743200355851957 0.0075166149974943775 0.005342647652043103 0.0038806697367966955 0.0027243451436111655 0.00182586382266002 0.001186987509483525 0.0007610744074214522 0.00048826364543717415 0.00031712819742263013 0.00021006902629490924 0.0001463366409041943 0.00010945920193880174 8.765828143424691e-05 7.501061614577371e-05 6.864130748815279e-05 6.752094444517797e-05 7.218455787169608e-05 8.532798359105278e-05 0.00011397999159082295 0.00017557919985747617 0.0003146302189236416 0.000648130930137982 0.0014886896132562924 0.003641906867990984 0.00898850390996278 0.021695178184128975 0.049977904424486234 0.1031289326369303 0.18180065356419176 0.27289445628384423
0.10605084282105404 0.10064396590782902 0.0950800765619282 0.08779811647413166 0.07592704196495659 0.061797432804526 0.047712649213473166 0.03522745139609614 0.025079432780458332 0.01736628306792779 0.011804194593850867 0.007954173334464317 0.005371074927111242 0.0036778391288730975 0.002540450504973298 0.0016654530253444573 0.0010422978244842786 0.0006353982992957432 0.0003846923880748821 0.00023539912220805863 0.00014742389199900023 9.518236484470966e-05 6.551582977621865e-05 4.8623921925036236e-05 3.86403055867351e-05 3.269286107462954e-05 2.938891811372497e-05 2.817453268279914e-05 2.9153959392540062e-05 3.331485424262679e-05 4.3509775540777404e-05 6.753766398055946e-05 0.00012777335739720037 0.0002920343019642245 0.0007701272824494187 0.0022022429052994123 0.0064117685014471355 0.01800677210912718 0.04784764964860061 0.11049963613398392 0.20219273453636794 0.29719260359641314
0.09581773968691218 0.09129855152119698 0.08665638611842932 0.07874955744031928 0.06699442054102586 0.053596471570827565 0.04059956223746888 0.02934502950643279 0.02040050280823371 0.013755566828851316 0.009076660604037315 0.0059182600977591236 0.003854277288856207 0.002537637752521205 0.001654400617213397 0.001010357642658383 0.0005892499371169237 0.0003361445926533126 0.00019220604345526976 0.00011250339053310926 6.839340632990043e-05 4.350128471816746e-05 2.98925551082004e-05 2.2250776078535484e-05 1.7713282797290557e-05 1.491803766362554e-05 1.3206481243826116e-05 1.2292437781559558e-05 1.2153545793700937e-05 1.309598912281924e-05 1.6143935180297565e-05 2.44464255869877e-05 4.83947698429277e-05 0.00012442200103634192 0.0003837219484861051 0.0012930817297544478 0.004432236405489311 0.01463502334794474 0.045854624795534926 0.1251794041143614 0.23103290997227213 0.3141982913433396
0.08740689193993187 0.08356751968312458 0.07911830310549504 0.0706752832698189 0.05918777562472312 0.04663070891626075 0.034743949401748235 0.024647596825790506 0.016774211154231215 0.011039115554696428 0.0070849734396285875 0.004475829937836219 0.002812122958124311 0.0017777134427202493 0.0010866870965916349 0.0006179783775808114 0.00033506187326611843 0.0001783045468556117 9.605087950675412e-05 5.387350552046206e-05 3.2051766001996976e-05 2.036082631316651e-05 1.4179703371570229e-05 1.0752470583537152e-05 8.697003319541172e-06 7.376234683132462e-06 6.484127878958848e-06 5.8784476287775965e-06 5.519657998688166e-06 5.478793699718399e-06 6.069615839591193e-06 8.45522917698498e-06 1.7286415721283617e-05 5.177509735496715e-05 0.00019165518645201005 0.0007599118655051688 0.0029881068510081866 0.011182545508165269 0.039544699320122535 0.13604828327974655 0.23590131259211755 0.2948855353515744
0.08054153975008667 0.07723520921082991 0.07258369245517095 0.06389139413857373 0.052752135139721455 0.0409847603712648 0.030110313176135398 0.021033899299538472 0.014060670006449576 0.009061436332197352 0.005674386202767895 0.003482509905902228 0.0021148486968767134 0.0012779486220538573 0.000732912161212598 0.00038838647313137225 0.0001953241206213308 9.639646688205961e-05 4.860613790173385e-05 2.6094782057698153e-05 1.534143818334016e-05 9.917784554550783e-06 7.150502164324522e-06 5.640090192502067e-06 4.721294687019709e-06 4.098744555678234e-06 3.632154420413461e-06 3.253326852211394e-06 2.9337604267391807e-06 2.677354527919068e-06 2.550572881753065e-06 2.9009293545592137e-06 5.996733941446314e-06 2.3031390111728935e-05 0.00010450514504665381 0.00047326404578120894 0.002025363400070497 0.007932574180548211 0.027606685655852826 0.08107691984982492 0.15966143531346302 0.22965681868308743
0.07499904182839025 0.07212129758330861 0.06717328507993944 0.05846148167899111 0.04773643166952512 0.03666145258051687 0.026623863340433575 0.018367912119371277 0.012111390231554326 0.007677687410785458 0.004712624785841544 0.002822519758670023 0.001657689331364093 0.000956743471371139 0.0005183374442283375 0.0002569596642382337 0.00011962682548474758 5.426283646092237e-05 2.5273117063251643e-05 1.28936597890503e-05 7.575257415624037e-06 5.1237595193845404e-06 3.938257066224029e-06 3.3129746842514688e-06 2.9286990701813877e-06 2.6504920609947244e-06 2.415499677868846e-06 2.1928834713000573e-06 1.9686511200600818e-06 1.7394413232999368e-06 1.506469192409744e-06 1.2761322401309939e-06 2.560862349166972e-06 1.3857765084937598e-05 7.09901902340613e-05 0.0003376979318209385 0.0014611338646930924 0.0055885835628993056 0.018079813652016944 0.04815915618166546 0.09930381820534007 0.1616064026411835
0.07060466345888634 0.0680601080883147 0.06291969189902955 0.054352240260789664 0.04405832724403497 0.03357489195570873 0.024189147980446236 0.01654756558465155 0.010802648099518909 0.006770743974237311 0.004098745133505169 0.0024044978172136156 0.0013681680449397881 0.0007600405305841567 0.000393606515099396 0.0001842053250643276 7.962951904596352e-05 3.2908061902822194e-05 1.3819960223728271e-05 6.548534427336414e-06 3.90083059099883e-06 2.8892850090206017e-06 2.4597634075301783e-06 2.260722759273809e-06 2.1445515888020626e-06 2.053310247705124e-06 1.9614208324091556e-06 1.8593041938467329e-06 1.7467813698162897e-06 1.6352090844662406e-06 1.5653126246717432e-06 1.7368180542554542e-06 3.607815413223079e-06 1.4434562155545209e-05 6.59886519366626e-05 0.0002922717919995473 0.0011858503694405942 0.004230121223489038 0.012677176545825702 0.03175420411545327 0.06590022815672576 0.11380243741285036
0.06724624730797812 0.06492990951564886 0.05981031634271545 0.05149931588910977 0.04161948714024186 0.03161526334498003 0.022694450949915432 0.015475482876397112 0.010061964233617307 0.006272208068805248 0.0037563194195175498 0.002163964185857607 0.001204817097613092 0.0006514397037701839 0.00032834725169078935 0.00014783468835814442 6.0341432928845887e-05 2.283173584861752e-05 8.395701892349499e-06 3.4583355935321254e-06 2.142143541195755e-06 1.8881748306517012e-06 1.846337900259291e-06 1.8707979939852907e-06 1.90917400676474e-06 1.943633841005763e-06 1.968999983640906e-06 1.9898409532780028e-06 2.0247711488037614e-06 2.1232214033565226e-06 2.4266650294195194e-06 3.4286549739118787e-06 7.13149515464135e-06 2.1787878995500396e-05 8.043610169690007e-05 0.0003067239442305143 0.0011074951026529786 0.0035785483680346544 0.009877138706103178 0.02333499218998532 0.0476689197006252 0.08396425265399135
0.06491651108776318 0.06280598035803645 0.057884961373840874 0.04989990760118951 0.04038834144375119 0.030733458948403108 0.02210145668215438 0.015103898415365651 0.009843018193230984 0.006115952213492033 0.003635326722424496 0.0020759535615721843 0.001143770453493202 0.0006106050587974867 0.00030648039890137003 0.00013683689769372701 5.480318442018011e-05 1.9889234375446116e-05 6.618423395560541e-06 2.0820682080602095e-06 1.442793441773444e-06 1.6441125959677372e-06 1.804703545286946e-06 1.9600443499883504e-06 2.1131221842705077e-06 2.2662453392756133e-06 2.4293072499215127e-06 2.626580350337504e-06 2.912813707887486e-06 3.4163012733395176e-06 4.4702650866721435e-06 7.058333076134286e-06 1.440994735951938e-05 3.7712155094766844e-05 0.00011562622914055697 0.00037415357658715433 0.001177714281804292 0.0033962695334914307 0.008566765749788768 0.018978054284505715 0.03753393883751465 0.06580806562344572
0.06356285106794783 0.06168823761527884 0.05714171328257266 0.04955091591586869 0.040359560094589145 0.030922130579641362 0.022400706814890817 0.015387734683770303 0.010049186853307003 0.006253471010852468 0.003723856970202223 0.0021314530224819154 0.0011779410854268664 0.000631451629571188 0.0003232939146772985 0.00014850566736018052 6.15805767223562e-05 2.3427399002090754e-05 8.438256003485398e-06 3.260279531295136e-06 2.1793020093240143e-06 2.248301702963034e-06 2.4313546671259997e-06 2.6534978065312527e-06 2.9166712798632105e-06 3.226625985913391e-06 3.6108066852436658e-06 4.131077420821811e-06 4.919696558552209e-06 6.2723164530027236e-06 8.905471177222683e-06 1.4720384231003119e-05 2.9163996968265866e-05 6.853295439117397e-05 0.00018148851191286872 0.0005056790642345163 0.0013889881140635228 0.003562609098716435 0.008170687885370422 0.016885838409616036 0.031951319968757316 0.05480744484943073
0.0631623444348732 0.061552506492983494 0.05756646993370991 0.0504571420013368 0.04154221581392628 0.032129183450845304 0.023440020107674223 0.016204878759700142 0.010664948341786645 0.006699167784490392 0.00403316964886265 0.0023389723707700964 0.0013136522503574741 0.0007187576421866981 0.0003828449342946552 0.0001871496499260424 8.417188301837076e-05 3.592840361361639e-05 1.545921606621913e-05 7.607947444064655e-06 5.038343176002865e-06 4.401594939429259e-06 4.353956979405376e-06 4.535009993028822e-06 4.916357943937489e-06 5.481603587261963e-06 6.2854772691291215e-06 7.46907744583683e-06 9.332877216966375e-06 1.252492890753082e-05 1.8524175386657773e-05 3.0929369968706754e-05 5.897263492999116e-05 0.00012698518694591294 0.00029844158562762147 0.0007298957287150634 0.0017668362846589133 0.004044043176361214 0.008423364202867456 0.01620340547356769 0.02911566595311065 0.048300959864875884
0.06370961201056133 0.06230446600789467 0.05899581928883328 0.052340024371477493 0.04354457427923995 0.03404255111707026 0.02512098196274993 0.017582995834024995 0.011734325586479896 0.007494291836804546 0.004599252973592405 0.0027282798898578455 0.0015745977340001845 0.0008909228222402179 0.0004987177972724599 0.0002653956793291418 0.000132595551723059 6.459686855789137e-05 3.2538447702225884e-05 1.8379412023433507e-05 1.2482138162667247e-05 1.0182241650026378e-05 9.38897299391862e-06 9.265825634041077e-06 9.734672432968847e-06 1.0748906567514456e-05 1.2407097713263731e-05 1.5016554093959537e-05 1.9234712767934443e-05 2.6431970896183994e-05 3.956161289760948e-05 6.526585813063985e-05 0.00011898533867185483 0.00023701019158186965 0.0005028488858614303 0.0010969942521459053 0.0023668559164642293 0.004863825449628639 0.009222443732095032 0.016521007859888994 0.02808044733659389 0.04472001496532023
0.06447390060205312 0.06313484948863912 0.06062344161641516 0.05461888928885807 0.04613181637569268 0.03663723387422522 0.027485700335442963 0.019582118153834073 0.013326728582926887 0.00870737173226492 0.005484864891146078 0.003353397722613719 0.002005291222191694 0.001183619583310092 0.0006975715297181779 0.00040727794289570276 0.00022726330212507158 0.00012530996035871832 7.15508768669265e-05 4.4541601524752086e-05 3.139332617708532e-05 2.5166956994239323e-05 2.237549120549344e-05 2.133705838424481e-05 2.1649363793274146e-05 2.344424845789352e-05 2.687550408786742e-05 3.258414585335972e-05 4.195646422612351e-05 5.778674236709842e-05 8.576565057351795e-05 0.00013776172243686567 0.0002389231809965881 0.0004423252840709266 0.0008563047928645767 0.0016864081372422815 0.0032756010887671936 0.006082657316368391 0.010553494974261363 0.017647632166449597 0.02833434342820307 0.04313112876205713
0.06506516999992995 0.06383470350460714 0.06219739945378932 0.05714813892154452 0.04923201514439538 0.039903694331584 0.030570741913943583 0.022270186859693758 0.015530671171367518 0.010432674526270136 0.006781419029695598 0.004296742137391746 0.002676440760135668 0.0016556507887100153 0.0010298700398183854 0.0006520280907546837 0.00040496244128037116 0.00024943811322898147 0.00015797279714706264 0.00010652272109090963 7.838339051926703e-05 6.336599417853282e-05 5.572587604236525e-05 5.238172510792287e-05 5.188237258020377e-05 5.489354167646103e-05 6.194968249819797e-05 7.431177774753468e-05 9.477340117018653e-05 0.00012878930905659981 0.00018685934459628835 0.0002893114958083112 0.0004754968739388282 0.0008201829620441089 0.0014588459456657866 0.0026160875716970356 0.004611084999056226 0.007782727247027079 0.012450279103007661 0.019500705363664165 0.029586686258013372 0.042953880882278375
0.06544944801560953 0.06436512505327893 0.06348532336065409 0.05971073825749956 0.05270936684331158 0.0437906273665707 0.03438251908002031 0.025701027771363835 0.018437644839127305 0.012783640744542244 0.008608310711575536 0.00567264912874689 0.0036911584011030956 0.002396635980487115 0.0015722760033389834 0.0010579372281809482 0.0007256579750572389 0.0004937544060776501 0.0003422078726065589 0.00024785468281661227 0.00019106270114539048 0.00015796082619356995 0.00013972225879137508 0.00013111751595277162 0.0001292514227922618 0.000133766065675884 0.00014786594116947496 0.0001740222730245104 0.0002175326290654057 0.00028846628730430537 0.00040515171911295606 0.0006005147994006599 0.0009327451282309187 0.0015011784852624684 0.002464636089904758 0.004049440314879608 0.006516884003080506 0.010046481033792052 0.014969292274505264 0.022045411563319763 0.03165190669216099 0.043794912177521225
0.06559928306363766 0.06468456141483951 0.06416180526462621 0.06197562008310395 0.05631978343253165 0.04817890775396259 0.03884610867780136 0.029872837549653242 0.022117270357762505 0.01587751199438635 0.01110604130672687 0.007627118636495337 0.005189535466540371 0.003534801634933587 0.0024391909319235925 0.0017285721061264868 0.0012753954806999973 0.0009505865027192037 0.0007149204905152924 0.0005535783672739996 0.0004479331473619993 0.0003818022137679875 0.0003433028503270824 0.0003246240953817936 0.00032114765506925154 0.00033052737708600804 0.00035701115715656154 0.0004100565437980154 0.0004989256702744178 0.0006408713840437186 0.0008656376367352841 0.0012227145861350183 0.0017916013371207672 0.0026931721957873726 0.004094797104183712 0.0061922405864922505 0.009141892827602588 0.0129597607101722 0.01816756413347259 0.025254444084120045 0.03438109282566784 0.04534910462901826
