_RESULTS/CROSS_VALIDATION_POSTPROCESSED_80-20/Berg/GZ/6comp/2/Berg_GZ_z_250_kriged_reverse_6comp_spherical_2.asc
ncols 100
nrows 90
xllcorner 5.6208707817415728
yllcorner 50.959635321741573
cellsize 0.00013419651685393446
nodata_value 1.7014100000000001E+038
[rows 57 to 75 of 90, columns 0 to 43 of 100]
25.920296647484363 25.745767000989712 25.52879750040462 25.271412801685532 24.976184050848676 24.646489197913944 24.286828723794756 23.903221515799416 23.503717745721804 23.099073569945592 22.70360793066304 22.33612599350022 22.020389071494055 21.783821733947732 21.651698700179324 21.631024606208474 21.719275724541586 21.9004792258905 22.150526971903485 22.44539419372487 22.7653048107806 23.095442338146018 23.42451995277711 23.73982589509506 24.03365677590161 24.300751335652254 24.537062323108426 24.739597156427067 24.906488431963016 25.038310549060448 25.14245527986757 25.22303809521464 25.28301929664547 25.330012293212782 25.400435591555144 25.490126477742674 25.590688780407305 25.696284180906552 25.802984724314975 25.907978335517413 26.00905784514395 26.104529089639104 26.26084570119685 26.545234583438372
25.830740687073266 25.632302011053977 25.390364608540487 25.106699769337748 24.783522722573515 24.423719026499583 24.031125613915695 23.610903947428334 23.169647299793596 22.716082775335256 22.265504835399703 21.838416607178964 21.462639448208943 21.17459550692668 21.014142943564867 21.00230348005068 21.134615389275744 21.381412611788125 21.703702798470786 22.068426787195726 22.45224230838052 22.83919257846235 23.21503777711177 23.571189130739423 23.901889575755135 24.20289700103776 24.471088437785976 24.70428829040832 24.901265806649935 25.062189361427635 25.19319828686478 25.296918718364786 25.373028657910428 25.42159150193295 25.48028459761637 25.55657514549497 25.64442211964006 25.73881530339486 25.835887711559053 25.93264081177476 26.026654654295932 26.115884550731593 26.206841444168116 26.372255492685742
25.7594630945454 25.540932576919428 25.27810036770874 24.972485694621657 24.625851518340955 24.233140749848626 23.796771835459108 23.326072901091763 22.83075961538137 22.321592646166767 21.811720236669537 21.31934732802873 20.8727802597052 20.51812370771067 20.32182854970189 20.336732370614254 20.54933801052314 20.89435738010335 21.304746495809454 21.74546994625247 22.193140846723523 22.630928212389986 23.049450745680506 23.442599944723273 23.806110997893185 24.136904975569372 24.43275585572284 24.692138643964583 24.914174259235985 25.09859742179354 25.249445887534 25.369415103349596 25.456781732662716 25.508684939159444 25.558450086193663 25.62384094056098 25.700430857301043 25.784122938152926 25.871419718936313 25.959402163606793 26.045612310319765 26.127938490194364 26.20592641209735 26.306300955305563
25.710160698653716 25.475725580740143 25.19581673482667 24.856306083682803 24.458577213759156 24.012017858667125 23.52563303025276 23.008008369946666 22.46740264573378 21.912096212673223 21.351291711924965 20.797342117348357 20.271530450270024 19.819670308818758 19.545324633267512 19.590644304283316 19.934458616423978 20.425510996248498 20.962531133621653 21.496685756829496 22.002976032154496 22.483917555778827 22.937957319626477 23.361322974178353 23.751330407894393 24.105988959399482 24.42381371944605 24.70373280950552 24.94502520554204 25.14722959394966 25.311799110591522 25.442249167068294 25.536474895413306 25.590921945459993 25.633337959704633 25.689559793776674 25.756212970745796 25.829956848192865 25.907732639278496 25.986833410625625 26.064883533868787 26.139791065682083 26.209704441069793 26.28169075672595
25.68571078350621 25.426995065872948 25.09445905631847 24.698304859551374 24.24876312113583 23.755576933040757 23.227806634714167 22.673661006270358 22.10038041656921 21.5142178928014 20.92061850793261 20.324884418123588 19.734422156413725 19.168406967476656 18.721029064417998 18.804386233468602 19.3694186610821 20.020026090758485 20.66918433879666 21.29282725691354 21.876888207115595 22.40937228752485 22.88872467367049 23.33277927837653 23.741017166965054 24.112183596362176 24.445239564536646 24.739328182479326 24.99372560262183 25.207749795652102 25.381034279862323 25.516785655908713 25.613683939993 25.668202241577546 25.70426379818806 25.752484821110745 25.810253208570128 25.87480524117028 25.943487428877788 26.013846824293342 26.08365464052198 26.15089926467906 26.21377127037038 26.264341474125835
25.650313681909235 25.33627229248537 24.94962121906647 24.502588452704934 24.00744769105571 23.475074816227913 22.915029843675327 22.335779186075406 21.744485851755584 21.146848827192052 20.54701548508266 19.947598101266138 19.349876141007048 18.75468961108461 18.172777792592896 18.300158070229802 19.032930666450547 19.760574932754007 20.467434974008025 21.144742384850705 21.78297943736379 22.371680798648374 22.899695166186973 23.359632564899915 23.776560965459183 24.156002999613214 24.496966169197258 24.798535678051646 25.059822508294303 25.27987659944379 25.45755788822042 25.593820463988102 25.689351426830097 25.740685388705188 25.770955499531944 25.811974929776248 25.86166601461612 25.917698773628327 25.977762986514406 26.039654846664973 26.101316996275543 26.160852574931 26.215846495135196 26.256319923619564
25.560617362363093 25.195748546285333 24.762060997939404 24.272729540657174 23.740486324314947 23.177334572195754 22.59427324242148 22.00105962569425 21.406058418462692 20.81626800471729 20.237720211291073 19.676782147535622 19.14416979866956 18.66944771111992 18.360587141091024 18.4809186592433 19.00906996102901 19.675582729331005 20.372029375423466 21.062649304756 21.72813292958014 22.353509219509316 22.92507748604758 23.42959537013941 23.856902964946617 24.23619519777335 24.577666820824774 24.880075361962998 25.142206995757014 25.362777475896113 25.540316140707585 25.673498579301064 25.76378206736509 25.808629401063047 25.83333223623371 25.867714512146083 25.90994734315067 25.95803230432075 26.00910651288311 26.055545338256504 26.097307492043665 26.135787486777414 26.17198090483941 26.2045278307158
25.424706954374372 25.012930880770757 24.536347866649184 24.00923500748197 23.44551623126648 22.8584853660469 22.260550304470183 21.66304459533964 21.076195898944572 20.50942514970959 19.972335483622864 19.47719815342916 19.044827195927557 18.717466901993443 18.576447307579024 18.714783252377842 19.12498811486417 19.703714271753473 20.35729811746933 21.035363623511255 21.708198813119107 22.354548092747976 22.956809048681155 23.499123422875773 23.966658289930105 24.34968917730004 24.6846758420025 24.981659446571975 25.238969755862705 25.45492191573353 25.62769551202731 25.75521797728126 25.836650954816427 25.871909965307733 25.891398751128484 25.919560865129505 25.95230356316827 25.97768790663065 25.996797541565677 26.012208369533273 26.026200629113227 26.040688650995136 26.057129114172632 26.076425819935334
25.250565850699097 24.795439837360224 24.279466514007073 23.71811037657115 23.126627191944145 22.519805507733842 21.911732449235792 21.315638550867984 20.74392728593204 20.208581181356376 19.72227602249225 19.300723869380434 18.966793751535608 18.755620925786324 18.713911138175536 18.87896498593994 19.24527731169976 19.765325882269494 20.379973365601888 21.03928275432691 21.71050476853562 22.36854071328785 22.992575134003353 23.564260745013563 24.06682369258328 24.484670568826193 24.81406567086329 25.100006488536835 25.347380499267935 25.554056883585098 25.717843814728976 25.83637021473375 25.907026800234895 25.93067898922172 25.9448202427143 25.952268205155605 25.948317075815247 25.936637850616485 25.9206762312353 25.903646094884653 25.888470468650524 25.877681058695078 25.87329329210228 25.876676532646552
25.04586516555007 24.55052578845029 23.997937421647283 23.40476255802907 22.787638658036744 22.162941306777444 21.54655935610876 20.953725790732914 20.398991316732687 19.896488861094426 19.460693610401336 19.107844558189534 18.857802768103728 18.73489541940363 18.76431796610087 18.961457794090027 19.32027998715064 19.81334276469075 20.403281055429133 21.050262421348158 21.720055535827086 22.386735462349538 23.027840712180446 23.623324437839507 24.154882247810132 24.60558836231133 24.95973640724483 25.23096251407535 25.46395884080913 25.657256316968873 25.808283980519626 25.91436310712178 25.97260121100515 25.981373309359718 25.963699453046374 25.930778680377824 25.887052282984964 25.83679166005525 25.78411937160449 25.732974547890553 25.687022284181577 25.64951650988963 25.62313327106397 25.6097964001313
24.81815409121601 24.28537118700683 23.698261915780094 23.074614860435442 22.4324052959567 21.789587808730186 21.163875323236127 20.57251807857102 20.032123624886427 19.558599182592786 19.167321438591518 18.87356191768804 18.692882133900834 18.64062135650615 18.729229146138856 18.963341148276903 19.33541683312506 19.825804501050275 20.407307760662334 21.050527838750156 21.72432878301626 22.401027016419064 23.057889641650483 23.67409407881792 24.23040858640264 24.708978172526532 25.093218378657202 25.369689885450192 25.58460304134888 25.761016001623766 25.89599151095018 25.986545729429224 26.023031347928843 25.991123834559144 25.93254311102513 25.857991502086914 25.772963337040007 25.682394006770735 25.59116433133401 25.504035958717687 25.425525753310456 25.359726008827938 25.31008677697252 25.279185140046888
24.57503808573403 24.007382162089012 23.387359043444057 22.73372563457269 22.065656943100365 21.402590836869642 20.764033300381307 20.16929189605392 19.63710896037542 19.18519635405093 18.829727848989066 18.584871341281627 18.462342370329193 18.47071630627266 18.61412317398118 18.89041835253101 19.289833221952595 19.795316720798155 20.384638184098364 21.033081473183543 21.715556958930524 22.40592614024901 23.079323967806616 23.71489032274774 24.29305525662371 24.79548228014277 25.205050775712117 25.50587999052068 25.70474446283912 25.861369757689506 25.977486093146318 26.043439208133208 26.02730639033207 25.954133977511813 25.856028624967646 25.739064428581198 25.611136123125817 25.478429672206595 25.346664636371475 25.221527041693804 25.10850711586748 25.0126708775137 24.938380017956153 24.888988227647175
24.32430010481611 23.724413703533358 23.072926626655857 22.389318206423344 21.69372325794535 21.006870569996853 20.34997834998294 19.744519125603638 19.21172425107351 18.771701220434633 18.442153214690617 18.236931898068782 18.16485947622785 18.229157135148217 18.427424483770334 18.751873410904828 19.189718773618065 19.72390417255439 20.3342420696879 20.99873039999507 21.694698764068157 22.399599812032136 23.090851010062693 23.745235401953725 24.343058827237204 24.86591094275097 25.296471706880162 25.618589545992794 25.819500485760607 25.954007023792116 26.045565674891268 26.057944900152197 25.9874732664626 25.875325697906952 25.73707217181676 25.578917334801925 25.40740874721449 25.23073301180362 25.056382426573048 24.891068084289678 24.741388666630893 24.613548254557482 24.512998862168516 24.44443582070268
24.073923813162676 23.44487719322524 22.76366702006863 22.050161472700815 21.32509672042248 20.61016176368638 19.928090242143636 19.302626811758465 18.758101514287894 18.318232565179052 18.003897383975005 17.830212281822288 17.804126950973874 17.92388412794061 18.180516960113195 18.560197604177773 19.046169392115427 19.619880126177634 20.2615941093105 20.95081641985124 21.666668315883513 22.388221478585475 23.094775410094293 23.76608009099548 24.38145486213987 24.92141569947495 25.36873548957101 25.707244796372297 25.921968154548146 26.034146558214005 26.07607166385189 26.028953992860632 25.911838531127906 25.760307428420067 25.58115329105682 25.380929782431444 25.16668041218853 24.94594548075296 24.727048487197013 24.519250849726756 24.33051650582618 24.168409371255525 24.04111788935626 23.95538911767428
23.83198367225752 23.177683448705857 22.469320732942904 21.72674393797713 20.970800760556013 20.22360701827228 19.508956313364816 18.852755695585948 18.283102955200885 17.829187147385312 17.517971344708606 17.368628550194977 17.38733317654575 17.566371238487623 17.88830630189461 18.331649741106432 18.87461117808653 19.49638032089438 20.17703047431984 20.897069875232884 21.637113562649386 22.377769860196423 23.09930516972812 23.778578023990235 24.398631894284 24.94434528286479 25.400038858224416 25.749915601105982 25.979095274603047 26.071416751329423 26.061026482408973 25.961066789861427 25.80614807462579 25.615189491984193 25.394738101758612 25.151662226281047 24.89349121639553 24.628439843219645 24.36536717866509 24.11369519046904 23.88432692955181 23.688052301665085 23.53383702208393 23.429231620122913
23.60637586947597 22.93197927327372 22.200446286978018 21.431163114179014 20.64449015137604 19.862192616356452 19.1082268118127 18.409932887290793 17.799356532073144 17.313442135152055 16.99020900578088 16.858348683963513 16.924805649038994 17.172418569023026 17.5705265215841 18.087190234513784 18.694848298839837 19.3705901292379 20.09456129182337 20.848231690827166 21.60394808774899 22.341894194914488 23.04930190571648 23.71324493236962 24.320503123718247 24.85746359942084 25.31006193200918 25.663780998283904 25.901808744452392 25.97166763607207 25.92253097253608 25.80593847632182 25.643850390349478 25.436649704019494 25.18489446663048 24.898715901930824 24.59592698691881 24.285772904793266 23.978256507233837 23.684231069967197 23.415200132550694 23.18291165886111 22.998677783557305 22.87255401281702
23.40437940203412 22.716646788281718 21.9678812919225 21.176614870673205 20.36211344627172 19.54484543305425 18.747511735511758 17.997031835162048 17.327890279096138 16.786188065888172 16.429067036816868 16.307066946859816 16.43115849831485 16.764844585852128 17.254248267910125 17.853842725905263 18.5312179497269 19.26298767019641 20.017067346415764 20.769675097231318 21.510115736103195 22.22811500783561 22.913362371949866 23.55522436230657 24.142538644668946 24.663455890020337 25.105331321034026 25.454686397671907 25.681401709451983 25.7292771650211 25.65207411584135 25.531250791376564 25.368230867376678 25.16229855506587 24.913151742351015 24.621333261932786 24.288567748772813 23.933636846603253 23.58061384130828 23.24137532004148 22.928947150180946 22.65718149587744 22.44001976466771 22.29021091056148
23.234460486385107 22.539563194969514 21.781839690157035 20.97634928128781 20.140848660038174 19.293695288351405 18.45472828201589 17.647415459288943 16.90381980670447 16.27521384337548 15.847195049665366 15.723859732343218 15.930329253728445 16.38012976517114 16.977919869888428 17.665924239824164 18.40708483159479 19.159287519532292 19.908184715851554 20.64496079078846 21.36180710870291 22.051174056642115 22.70533764024214 23.316094225573092 23.874505280647583 24.370673037462904 24.79356249996966 25.130501312843467 25.33022638189668 25.36009357850982 25.278293303194072 25.158308203979914 24.99948055441797 24.799763316538 24.55763551368683 24.272611044632907 23.945657755992613 23.57953347492607 23.183813211932865 22.796272375177555 22.43597598133892 22.119150134044478 21.863118447867777 21.684716426829468
23.11829410512515 22.40804694768048 21.650671878895338 20.842029583001853 19.99701237183301 19.13169085415679 18.262249032257422 17.40612398837857 16.585611524005685 15.840166592475866 15.271473956745051 15.121292932871683 15.474887380434305 16.08221981621046 16.795248409502367 17.5522655302688 18.309640051014462 19.056807927429766 19.787126318620004 20.495211313665674 21.176126942486967 21.824963497507564 22.436534406158533 23.00508738624171 23.523998141844075 23.985457545793274 24.380191986212633 24.690944616911374 24.86040283501325 24.891784156595346 24.81444258860398 24.70174605752189 24.553648356169923 24.366460849108716 24.137114616995937 23.863743208865735 23.546173017456677 23.186346856622812 22.78871217461394 22.362084984066286 21.949205866826972 21.580553530053436 21.27763604747666 21.063234612455812
