_RESULTS/CROSS_VALIDATION_POSTPROCESSED/MHZ/GZ/2comp/5/MHZ_GZ_z_355_kriged_reverse_2comp_spherical_5.asc
ncols 100
nrows 74
xllcorner 5.5967023332191781
yllcorner 50.982320383219182
cellsize 0.00019249356164376555
nodata_value 1.7014100000000001E+038
[rows 40 to 59 of 74, columns 44 to 87 of 100]
7.029333246568373 7.067106155319271 7.105814605213401 7.143912148899948 7.178136114625879 7.201102279150559 7.205763076256355 7.184248733524523 7.137950072061485 7.07401849055071 7.0121766986255425 6.964214061577765 6.932660471250944 6.913600661501235 6.907144851213322 6.912895543716211 6.930011125662487 6.957357477461675 6.993504525301912 7.036297121824934 7.080306563490721 7.115039777668201 7.117336252081123 7.073560350741164 6.99858069870902 6.9111760724154605 6.820329502666313 6.733574409475389 6.657153822511601 6.58853691870007 6.524807553619402 6.4672404038914 6.419251963782169 6.381312705986214 6.3535249029049705 6.336064780949386 6.329141357898331 6.332417018242823 6.343074223236581 6.352849511216493 6.360570735018468 6.3657055858879446 6.372413285373797 6.385732181773545
7.109356837445967 7.143764618316734 7.184017704148542 7.225764465307975 7.263020568974274 7.292678163106469 7.307748374253347 7.292188901220889 7.231754073885159 7.150253047366337 7.076019735413995 7.020542506883029 6.986437775596851 6.968008521046216 6.963886608836843 6.97312928309876 6.994514950986332 7.02671732876736 7.068450294844662 7.1185430799604985 7.174912370049354 7.232775201480683 7.252929753215599 7.172629132081737 7.07304036196566 6.969572509127351 6.866206274643225 6.765699960313 6.674271733799074 6.596638814151327 6.53055469008058 6.470702761730716 6.418306476843062 6.376181395761352 6.344537424673997 6.323306838449619 6.312439039272732 6.311915883060417 6.319577185912786 6.327015607259202 6.332924211709273 6.336865383305704 6.339288291951724 6.34689944069653
7.173830270636011 7.203042326507929 7.24106700948529 7.281303703663523 7.318902501981246 7.353192066547799 7.382368816128644 7.394148103267556 7.313670901726699 7.207142071054419 7.121712777286371 7.061778168000167 7.027340280665256 7.0113112182269814 7.010772304404964 7.0241983168008515 7.049823067229206 7.08577733508971 7.130268043723687 7.181716070857671 7.238325850077322 7.2947823234152835 7.311600110635538 7.227132227908245 7.122460088956595 7.012867646662838 6.902688948727734 6.79486578056405 6.692586895274527 6.603246204737523 6.530536708752612 6.470681424414337 6.417679001469358 6.372446361232739 6.337381495784176 6.312869460934829 6.298907202265498 6.295535328232561 6.30066473010077 6.305981167179987 6.310261513573538 6.313139043832685 6.314370052789846 6.316276026812237
7.215973049974453 7.239382710539853 7.270775310710542 7.305207375921389 7.337988796579762 7.366884089827315 7.3902261888582785 7.404603979378549 7.325357834065955 7.22041960574825 7.137573025884879 7.0809304807887665 7.050679734174961 7.039860419160901 7.044810590728027 7.063621817191253 7.09389747317304 7.132871217407796 7.177555094661739 7.22464836986135 7.269417649623685 7.300021429435184 7.2928023119566125 7.235826170304002 7.145408309584688 7.039567326783545 6.928258694386343 6.816869401446535 6.70910104613193 6.610337453071679 6.527963681128638 6.464598815854947 6.412888368954217 6.368484828106596 6.3320608951027895 6.305271649441976 6.289171604021558 6.283868827659157 6.286891732787201 6.290260432259884 6.2930588668687655 6.294974409884537 6.2958011651104995 6.29545190152662
7.231543233877014 7.248583443561676 7.270977474765678 7.296281315033823 7.319432028749097 7.332757436141995 7.3344529435803985 7.316229984031648 7.261323233362392 7.186875568404622 7.121063622752434 7.075755513698621 7.054540548181576 7.051922138406895 7.064579224700293 7.090507019862146 7.126660785021145 7.169138667983531 7.213465965859883 7.254668737515346 7.286648840841954 7.299764258746009 7.283027188402031 7.23408567030634 7.154186684697095 7.054170416676888 6.944410651255925 6.831806111812008 6.721172691028873 6.616489995253717 6.526219496191037 6.45505184060425 6.403668810518094 6.361430858897836 6.326927361557469 6.300870227243532 6.283981050128222 6.277616554919237 6.278786304891735 6.280349267659574 6.281783120834289 6.282817227016866 6.283274621399938 6.283080636195089
7.228115293162897 7.237132660735238 7.247954010609357 7.260123680508281 7.269956280712172 7.267593561501689 7.254831600002035 7.224664348729687 7.178775568386272 7.125887854414442 7.079292042888244 7.048974264465016 7.0398491839350745 7.0476287624589515 7.070065512691738 7.105278572268456 7.149546058723531 7.197595769268942 7.243333708295012 7.2806080606874755 7.303574933635759 7.306139639586158 7.2832701751784175 7.2351949141592975 7.159033890559717 7.062297872898743 6.953879318829577 6.840809409082441 6.728414598130891 6.620770693200619 6.524228416839868 6.446626964560501 6.390742232605278 6.35152024178484 6.319784103009715 6.29624053662239 6.281640928315491 6.276727163818966 6.276727163818966 6.276734065102883 6.276898090159932 6.277115228155683 6.277231047833544 6.2771806040334805
7.209069349162451 7.210277790446846 7.210204171605221 7.209262230997733 7.204943109544357 7.191170050353185 7.166125064837534 7.131130236944793 7.090414640300061 7.051615390856114 7.0211638043180145 7.0056695804616025 7.009319001418316 7.028368439466594 7.062122473721859 7.109090357880403 7.164787554527048 7.22205361812583 7.272664236543918 7.309289258087881 7.326771511018652 7.321973306721996 7.2934234774495454 7.242006997498605 7.164470124025009 7.067588622514743 6.958940055716847 6.845081714072842 6.731319906534776 6.621861079627675 6.521228829031683 6.438654718717092 6.377822879496456 6.339485432583336 6.311241689638345 6.290900163885962 6.279267365276022 6.276727163818966 6.276727163818966 6.276727163818966 6.276727163818966 6.276727163818966 6.276727163818966 6.276727163818966
7.177993360600729 7.171385451904514 7.1603852226570455 7.146269782652024 7.130203485614947 7.114457397650736 7.073708172686784 7.034693952593188 6.998900193037584 6.970819551611419 6.9534813979723085 6.951103590711968 6.9663365064949145 6.996053957091927 7.0417465026472215 7.103090633959143 7.1747899772166805 7.246569846129152 7.306668235399156 7.3458998182255835 7.35984937504899 7.34825131632196 7.312888012938881 7.254229739715859 7.171452728325568 7.071388309623688 6.960712758477919 6.845347140826617 6.730257971156546 6.619503352192922 6.516653576225477 6.430504323027081 6.366195567639134 6.326212293688403 6.302054689185602 6.285500903185818 6.2774093731421745 6.276727163818966 6.276727163818966 6.276727163818966 6.276727163818966 6.276727163818966 6.276727163818966 6.276727163818966
7.140106712026925 7.1250086478003976 7.102517794109644 7.0738369201242834 7.042509503948148 7.014111915346419 6.977557208427466 6.940211196097225 6.907257232042692 6.887707896696009 6.881435949516441 6.890261220181928 6.914634277379939 6.952825083997351 7.009422890086764 7.087638160830616 7.181761929272298 7.2755204171090355 7.350688874978692 7.394961182776527 7.405106413711225 7.384844825996351 7.339797936908357 7.269860429790207 7.178824336554425 7.073274031512378 6.959159166556475 6.8416927414468605 6.725313519822319 6.613735219424037 6.5100592098529475 6.421732369412767 6.355416214111901 6.313536985532665 6.293079488666939 6.280794301499483 6.276727163818966 6.276727163818966 6.276727163818966 6.276727163818966 6.276727163818966 6.276727163818966 6.276727163818966 6.276727163818966
7.100372799149901 7.0762096723238965 7.0422114376632665 6.999505164016143 6.95632276862403 6.920685225495888 6.885164922702996 6.851507426111676 6.823340439862448 6.806880738124523 6.809660983175368 6.828196376104288 6.858912371826105 6.901925691853358 6.9649557982149695 7.061525201687408 7.187968423715531 7.314140502655141 7.410794117086655 7.460710393441855 7.463373835521743 7.429766690124998 7.369571750665386 7.285273595427766 7.183909899743424 7.0715646355601836 6.953349505257557 6.833664378117101 6.7163001774998285 6.60450720271218 6.50106976405154 6.412071724998773 6.345250276614352 6.302984601843656 6.285238428706365 6.277603828187531 6.276727163818966 6.276727163818966 6.276727163818966 6.276727163818966 6.276727163818966 6.276727163818966 6.276727163818966 6.276727163818966
7.063070114691214 7.0297710449259325 6.985061603283054 6.930510009112398 6.879453478840422 6.838755439610712 6.802544432598244 6.771574423818007 6.748327058230321 6.7359559934610385 6.742686721249077 6.769487062696175 6.80591893088793 6.8516109537313445 6.911011523556748 7.0227571885758096 7.198520325861492 7.368486000732622 7.493628905696928 7.546254106646938 7.53197696848209 7.477194646400361 7.395531927056727 7.295115220301746 7.182893284224997 7.063795491811627 6.941835584586597 6.820503486675725 6.702892894425021 6.591750164497248 6.489511747007039 6.401453164635787 6.335682430196736 6.294577014528691 6.279490440461599 6.276727163818966 6.276727163818966 6.276727163818966 6.276727163818966 6.276727163818966 6.276727163818966 6.276727163818966 6.276727163818966 6.276727163818966
7.03169740218267 6.98957824338485 6.935264521519876 6.871256312956244 6.8139241276128235 6.768867699167555 6.731294713561993 6.701980406673254 6.682921572205388 6.677646671074655 6.68989981816615 6.723299559218529 6.769602936443074 6.82515770853118 6.891031306267305 7.016632967673591 7.232154340301481 7.443696326844856 7.606649687529172 7.650498568434864 7.598866870744601 7.512608830829034 7.407866432012926 7.292695277036024 7.171442282642015 7.047308493301717 6.923107732296542 6.801460842188223 6.684826447357471 6.5754936599078775 6.475578211350075 6.390048805194846 6.32694025045601 6.288566762246781 6.276809448106367 6.276727163818966 6.276727163818966 6.276727163818966 6.276727163818966 6.276727163818966 6.276727163818966 6.276727163818966 6.276727163818966 6.276727163818966
7.008980415890956 6.958453761955942 6.89554150810464 6.823653630606387 6.760567782347938 6.711140695774234 6.671659388909713 6.644750822246845 6.632748627794113 6.6371314322377595 6.6589280389256755 6.696785055653306 6.754691118793277 6.82830905293267 6.926506706999641 7.074195546661068 7.2781596923678515 7.509740155303171 7.740537309605173 7.747063140508 7.635705548164854 7.517275701846149 7.3953876434285695 7.271569272674347 7.145827559555534 7.020013457919975 6.8961062626823955 6.776133074438803 6.662110585554977 6.5559992431184915 6.459676141941076 6.378322427747402 6.319523132169748 6.285464319709262 6.276727163818966 6.276727163818966 6.276727163818966 6.276727163818966 6.276727163818966 6.276727163818966 6.276727163818966 6.276727163818966 6.276727163818966 6.276727163818966
6.99693006681619 6.938250251094567 6.867467322656286 6.788613151244355 6.719743980569429 6.666007479091977 6.627874244859313 6.605973860459574 6.601025596094161 6.61423073800989 6.643434070726838 6.688906408198466 6.754962529908502 6.8430300667866595 6.957079960749671 7.106737372930584 7.292110586033311 7.496787204475735 7.676014912200545 7.696807896327929 7.60141798730936 7.481882055112915 7.3558414134948125 7.228942935035736 7.104313317809012 6.981162553287581 6.860683323509279 6.744750021410282 6.635211406431979 6.533874268949975 6.442489720897604 6.367071903247323 6.314227359148441 6.284850786428269 6.276727163818966 6.276727163818966 6.276727163818966 6.276727163818966 6.276727163818966 6.276727163818966 6.276727163818966 6.276727163818966 6.276727163818966 6.276727163818966
6.9968647642217885 6.929941179441593 6.851693538559382 6.766528625103276 6.692551115123506 6.638476537074121 6.602603493892491 6.585023889978675 6.586331847288266 6.604978422764714 6.639490177345266 6.691663272418193 6.76445368914539 6.858888509008089 6.974232593036378 7.112723860918922 7.269025076721514 7.424437094214285 7.540017354478931 7.566698571035359 7.5101508150843435 7.411078028677063 7.294390901589676 7.171738984733031 7.049505633291939 6.931808095648723 6.8178632001432415 6.708335338392331 6.6051545731438095 6.510138667050475 6.425137520499145 6.357452484568106 6.310503560392472 6.283348288217752 6.276727163818966 6.276727163818966 6.276727163818966 6.276727163818966 6.276727163818966 6.276727163818966 6.276727163818966 6.276727163818966 6.276727163818966 6.276727163818966
7.009285656918575 6.9335652501201785 6.847998289002019 6.758716240129145 6.683054752805538 6.628596770867745 6.594464347041158 6.58062935671091 6.585466128273146 6.60668846246716 6.644822230497789 6.701042539831448 6.777249321903005 6.8743870633133985 6.98451901070475 7.105778705553332 7.232319778123894 7.3477694773185025 7.425190591545551 7.4439040575909585 7.404036743117265 7.323401172608715 7.21993696033068 7.105994069577883 6.989587090563353 6.876239444348592 6.769803984382235 6.6686968972243825 6.573527886118493 6.4862312436880565 6.409092926318628 6.347835041488249 6.3047124900258655 6.281038317934337 6.276727163818966 6.276727163818966 6.276727163818966 6.276727163818966 6.276727163818966 6.276727163818966 6.276727163818966 6.276727163818966 6.276727163818966 6.276727163818966
7.0334252496549485 6.947942121059175 6.855973743003066 6.767751441598883 6.690104089505421 6.63492007079612 6.602251347714693 6.589733618113651 6.59513602128565 6.6180304570187 6.658362598468 6.71647527147638 6.7930434687303105 6.888322639091163 6.9927787277758044 7.099649828630465 7.200410442864068 7.282503096361989 7.332924568277376 7.340474072806032 7.304968856260148 7.235214977617151 7.142843940774723 7.038155299726107 6.92909409067132 6.821641050587575 6.720424837907435 6.628267183413572 6.542207091174455 6.461920410489908 6.390607432893407 6.335188616194774 6.297372417565788 6.2785882872530046 6.276727163818966 6.276727163818966 6.276727163818966 6.276727163818966 6.276727163818966 6.276727163818966 6.276727163818966 6.276727163818966 6.276727163818966 6.276727163818966
7.064228059556735 6.970026835453291 6.876429937293269 6.79043181011448 6.711958951347742 6.655926873874071 6.622057963896082 6.608580879909182 6.614344901307197 6.638427892834059 6.68012611602335 6.738913673012033 6.814331062287129 6.905657733105534 7.00215277897034 7.093161624968049 7.172214003526524 7.231381257425448 7.2617609143694155 7.258147667231454 7.221101027975325 7.1561206591043645 7.0711517331472535 6.974216367645891 6.872323809923361 6.771018612178163 6.674653831474349 6.586681488884394 6.50712689373346 6.432527563981607 6.368915177839806 6.320726390073419 6.289544118557366 6.276923336010206 6.276727163818966 6.276727163818966 6.276727163818966 6.276727163818966 6.276727163818966 6.276727163818966 6.276727163818966 6.276727163818966 6.276727163818966 6.276727163818966
7.0864821701568586 6.9889812487661285 6.901651033699531 6.821237331303555 6.745352773500582 6.686211165217975 6.650333459791175 6.636307118862896 6.64263507353669 6.667928960421625 6.710715903622678 6.769262229217062 6.841622394801528 6.925491208549923 7.010871024479766 7.086669914189553 7.147809341071543 7.188141512635599 7.202731297074512 7.189394267727084 7.149077159557578 7.085693485826056 7.005008790056438 6.913314280256796 6.816498131279496 6.719637689706542 6.626948671581857 6.54190054549697 6.467132081612685 6.400266619951993 6.345762405912062 6.305942831488198 6.282526385627139 6.276727163818966 6.276727163818966 6.276727163818966 6.276727163818966 6.276727163818966 6.276727163818966 6.276727163818966 6.276727163818966 6.276727163818966 6.276727163818966 6.276727163818966
7.088748206835451 6.995579107010247 6.916403190985751 6.842881661369075 6.774419050455719 6.716025314126953 6.680513776826465 6.6672015504784135 6.67443958629553 6.700444178980083 6.743189372876065 6.800301634231426 6.869001408034244 6.946151970693815 7.0216125965205824 7.084101134581536 7.128890445413957 7.152436270867506 7.152714623124525 7.129311356371668 7.083713020959638 7.019193233324544 6.940264369958841 6.851950952086354 6.759180384356016 6.666425924468461 6.577578826681229 6.495964910817611 6.424565740127855 6.3676404108930384 6.323073836288909 6.292517881459346 6.277803861829953 6.276727163818966 6.276727163818966 6.276727163818966 6.276727163818966 6.276727163818966 6.276727163818966 6.276727163818966 6.276727163818966 6.276727163818966 6.276727163818966 6.276727163818966
