_RESULTS/CROSS_VALIDATION_POSTPROCESSED_CLR/Berg/GZ/6comp/3/Berg_GZ_z_500_kriged_reverse_6comp_spherical_3.asc
ncols 100
nrows 90
xllcorner 5.6208707817415728
yllcorner 50.959635321741573
cellsize 0.00013419651685393446
nodata_value 1.7014100000000001E+038
[rows 38 to 56 of 90, columns 0 to 41 of 100]
-1.7514168169368205 -1.7684282578296697 -1.782192472819628 -1.7923057423836024 -1.7986173465064705 -1.8009025042284592 -1.7988971675457976 -1.7923882392095714 -1.781360179294331 -1.7661478651340459 -1.7475042345701768 -1.7265263227872822 -1.7044790951616693 -1.6826095973567825 -1.6620145946298601 -1.643571380366796 -1.6278384182499601 -1.6151559221035763 -1.6057089068865769 -1.5995105517716208 -1.5964402491476488 -1.5962807259399066 -1.5987793298248196 -1.6050107597952081 -1.6145792791022262 -1.6297549061086634 -1.6503191404368351 -1.6728818627533562 -1.695486992717366 -1.7169050702584867 -1.737141168076181 -1.7578723137273062 -1.7791974599901395 -1.8087892349396364 -1.845525435541863 -1.8887662413927369 -1.930782307123795 -1.9634831782758781 -1.984740568108823 -1.9766037443750857 -1.9086885359380439 -1.7830057767091572
-1.7654874628431456 -1.7850711501587533 -1.8038471469769461 -1.8192757211647674 -1.8309881722735648 -1.8386092303180046 -1.8416166493375516 -1.839441141640992 -1.8317059612695654 -1.8185391330424252 -1.8007395861908897 -1.7796374361206915 -1.756762537249156 -1.7335532316826412 -1.7112067821110781 -1.690640630943038 -1.6724954611242984 -1.6570797521312344 -1.6445784144329196 -1.6350427296786647 -1.6283999479836329 -1.6249790534042372 -1.6267276073204264 -1.6330635224657566 -1.6437692219660653 -1.660796046512689 -1.6831973536815148 -1.7081653765492901 -1.73290475631688 -1.7568929843985883 -1.7815598162243733 -1.8064424761150684 -1.8309757464507064 -1.855845332348578 -1.891970965312282 -1.9353342159033193 -1.9793501203482051 -2.0067365395921466 -2.0145624255644887 -1.9896124786538418 -1.9030106452975226 -1.7574203841451792
-1.7784497538862083 -1.7999360215163576 -1.8215969144253845 -1.842282695190163 -1.8596063557745706 -1.8729272801887675 -1.8814277167754716 -1.8840178339376927 -1.8796962531855932 -1.868227053316846 -1.8505788999930435 -1.828593883169956 -1.8042736259622005 -1.7793202865158724 -1.7550230339848327 -1.7323032448370608 -1.7117895694116954 -1.693832185987623 -1.6785390311785193 -1.66597057811815 -1.657102975544994 -1.6542416857336106 -1.6566666617509391 -1.663440123012735 -1.6759569375757182 -1.6950405939152777 -1.7192940567679171 -1.7465785743290683 -1.774084778989052 -1.80269051155267 -1.8317792981966932 -1.8606887419403357 -1.8888507098338043 -1.9157840665682508 -1.942036059832348 -1.975905779832106 -2.007761008516372 -2.0227914072113795 -2.0174776518407267 -1.9786810472379741 -1.8771639824310142 -1.715424780430085
-1.7897715760447932 -1.8129788198091024 -1.836631372476932 -1.860266447253105 -1.8829899122766387 -1.9023732357573746 -1.9170439467291862 -1.9252028077430836 -1.9246658950862825 -1.9143994875376191 -1.8958653916183577 -1.8720282639084633 -1.8456367836074756 -1.8186443763966336 -1.79233990835997 -1.7675682271107087 -1.7448800413220926 -1.7246135340574422 -1.7068403496913793 -1.6927643794923992 -1.6852627876499138 -1.683719062715785 -1.687245496492212 -1.6950231228983406 -1.7095231027956674 -1.7308393864223401 -1.7571297627716027 -1.7875230573994003 -1.819964229985464 -1.8532684666890762 -1.886634824406806 -1.919371141034102 -1.9509078015301538 -1.9807959714433514 -2.007009032554936 -2.0187276080366914 -2.022888856269616 -2.017680606823178 -1.995633675036597 -1.9442435181371756 -1.8313389330677685 -1.6570374639824057
-1.7989395747364676 -1.8235505623837938 -1.848878746460791 -1.8745843982450119 -1.900194974779705 -1.9249419792111864 -1.9465554078172853 -1.961730889150255 -1.9659699717225387 -1.9559861081839591 -1.9348326574927865 -1.9080081154010915 -1.8791141840086674 -1.8500707300128632 -1.8219552188342398 -1.7954270451623706 -1.7709080668601844 -1.7486627682763822 -1.729661591509319 -1.7174862471118695 -1.7118974476864592 -1.7120791454947968 -1.7171372290392424 -1.7265490479258123 -1.7431661384823067 -1.766683919024404 -1.796772121691154 -1.8322332281852909 -1.8696676292896917 -1.9075484378948135 -1.9450025036606666 -1.9812901476869025 -2.015832469277652 -2.0470101255784368 -2.0623147981389027 -2.0603087998021494 -2.043312597317538 -2.014838355642112 -1.9726852734935048 -1.906450488800518 -1.7816425924300239 -1.5951293300840568
-1.8055094937749436 -1.8310623809285018 -1.8575325948755084 -1.8847114477774058 -1.9123457521732032 -1.9400474689919815 -1.9670234968664115 -1.9909602050991604 -2.002959422474531 -1.9907740117991306 -1.9642035654376109 -1.933740842612125 -1.9026200249413414 -1.8720523856563696 -1.842683120230939 -1.8149285451902701 -1.7890737812282957 -1.7656210329773003 -1.7487238094337865 -1.7390073533043526 -1.7357118715156166 -1.7380204163448667 -1.7450356055481582 -1.7565647182442827 -1.776307803880042 -1.8042271381046229 -1.8392670817763617 -1.8798188537104468 -1.9221731142018426 -1.9645016358247267 -2.005824738216809 -2.0453232582279273 -2.082151784113805 -2.1038940398371566 -2.1053253535576912 -2.0889249548075304 -2.057384971716619 -2.0134526274715685 -1.9551544005467916 -1.8761634735755968 -1.7449530421789203 -1.5504626264223107
-1.8091650484929358 -1.835078587219046 -1.8619614860029 -1.8896843707292006 -1.9181301964284898 -1.947177506907754 -1.9766881592641359 -2.0064726825264363 -2.034809578794672 -2.010194748202681 -1.9778717358202456 -1.9453653891120506 -1.9132805906934098 -1.8821115497205438 -1.8522579058871032 -1.8240262146542319 -1.7976284814142096 -1.7761765716079363 -1.762574515344159 -1.7559776893261696 -1.7554594519690514 -1.7604168638374427 -1.7706431581664506 -1.7864952952869182 -1.8111505881498737 -1.8439565435428569 -1.8837730584381764 -1.929266841764477 -1.976492578185173 -2.0231608228128186 -2.0681353555357185 -2.1104664380563403 -2.1420529661024723 -2.1502153076179473 -2.13694665734627 -2.1049577944728273 -2.057316740174472 -1.9973502345655794 -1.9281669227781335 -1.8448872947516695 -1.717380339503033 -1.523586846211645
-1.8097687209137279 -1.835403861485929 -1.861869374051631 -1.8890329139611306 -1.916735672152717 -1.94471460705606 -1.9724113567312718 -1.9979701971323969 -2.012429461629524 -1.998393745997253 -1.9700156690984532 -1.938952856520658 -1.9077277241703023 -1.8771999027873136 -1.847836421895204 -1.8199552589864525 -1.7947885762431908 -1.7774037448562903 -1.7680446212214678 -1.7660596959159918 -1.770669379196011 -1.7811327379001731 -1.7966311665403576 -1.8174270620606665 -1.8470647675458716 -1.8848733880276871 -1.9296220348955673 -1.9798306762052027 -2.031664171345811 -2.082622918542001 -2.1310780326677183 -2.173754211622891 -2.1932201270698286 -2.1873277262657815 -2.1584297083689683 -2.109414518050122 -2.0436305416078735 -1.9647896285886655 -1.876880359827178 -1.7829110822995968 -1.6621551992016463 -1.4897752912819082
-1.8073851888579713 -1.8321223686211852 -1.8573723571049676 -1.8829601752691159 -1.908572782221194 -1.9335053953749457 -1.9557763335788636 -1.9725337739502071 -1.9782842587931202 -1.968403653787925 -1.9466947198978675 -1.9195717922870765 -1.8906466695512592 -1.8616351402435485 -1.8334438268462325 -1.8066211546164461 -1.7852991610062219 -1.7727221743935673 -1.7684318583423715 -1.771833957088457 -1.7821421273202938 -1.7986105805164898 -1.820414977786394 -1.847585582081761 -1.8830085706003836 -1.9259690426506781 -1.975821537240121 -2.0309111229376144 -2.087136027318888 -2.1420731311484307 -2.1939093888172296 -2.230110570760562 -2.2372448633512336 -2.2169128944845404 -2.1714787099277033 -2.1039627147595223 -2.017880607114399 -1.9170324255426026 -1.8052354283530994 -1.6857623545821616 -1.5504836884624982 -1.354466544421491
-1.8022671954016642 -1.8255590384307179 -1.8489251688469297 -1.8722116213978943 -1.894502506362719 -1.9142368723420062 -1.9301653587153857 -1.9401319772942038 -1.941330718940263 -1.9322050713944703 -1.914306304424502 -1.8909253039897893 -1.8649143162954047 -1.8381539940735556 -1.811817905781948 -1.7874012924546676 -1.7709263789062226 -1.7633648473657924 -1.7643229640236155 -1.7732658715177805 -1.7894296696511895 -1.8120757902000169 -1.8403909363859123 -1.8741392178814356 -1.9162187484220152 -1.965819601979487 -2.021321593907022 -2.081470070942801 -2.1422939253667437 -2.2012642064380974 -2.254310097212291 -2.280796389241761 -2.2759397226744937 -2.2409658535405685 -2.1782389775679754 -2.090951833297123 -1.982793412236367 -1.8575578867445448 -1.718702156399861 -1.5686504334576215 -1.4069409853530654 -1.2046727209429733
-1.7948100982675448 -1.8161435270114679 -1.8371176150494972 -1.8568726683306118 -1.874293495839738 -1.8887272059826152 -1.8991139570489985 -1.904019402114594 -1.9020284379427823 -1.892583566047125 -1.8765647586644025 -1.855864477834825 -1.8325055777053347 -1.8081394497051901 -1.7839702635540424 -1.7633215649756862 -1.7517522885931631 -1.7492664649988 -1.7555309779098474 -1.7700636629899693 -1.792134685793086 -1.8210241170560206 -1.8559440176676283 -1.896343809156005 -1.9450000595526917 -2.001529760205048 -2.0642262829401403 -2.1303088509912893 -2.1960627059059896 -2.2595354882984977 -2.3103219926109646 -2.3280023020217424 -2.3114771857950958 -2.2617201925153503 -2.181121968793208 -2.0731355283774175 -1.9418020507422178 -1.7910812270023564 -1.6243762725756345 -1.4441857640476137 -1.251994191790531 -1.040581617834488
-1.7854932037083675 -1.8040278960794134 -1.8213924026115504 -1.8366289908864868 -1.8493322546232587 -1.858907730559309 -1.864569471848259 -1.8654388672430717 -1.8608171189936282 -1.850567122688528 -1.8353282697924125 -1.8163501748638788 -1.7950990186776057 -1.7729346460381459 -1.7509934804589575 -1.7347829591231076 -1.7279879386705626 -1.7304848850696972 -1.7419823927296083 -1.7620349900906844 -1.789943344564451 -1.8250132843323579 -1.866491450829045 -1.9135913040740462 -1.9685933202983419 -2.031920897872822 -2.101888482032834 -2.17505912481795 -2.247074064561932 -2.3157455060991774 -2.3629563525945465 -2.37373200909237 -2.346655362667534 -2.282127423237061 -2.1828988346956044 -2.053370013837873 -1.8983519846172496 -1.7221940157639288 -1.5284642691771384 -1.3200061351593968 -1.0993655555242807 -0.8695353048484534
-1.7716451702623943 -1.78798675827774 -1.8015219859182736 -1.8125848097778423 -1.8209348274922952 -1.826149610537575 -1.8277189182712046 -1.8251535820371965 -1.8181577740259658 -1.8068157074365254 -1.7916809523781472 -1.7736964417722578 -1.7539965906141564 -1.7337075501420804 -1.7142192305242583 -1.7022395992175077 -1.6999290957880828 -1.7071781761804488 -1.72371041527176 -1.7490928118195364 -1.7826414064415508 -1.8236873395314812 -1.8715130122206425 -1.925317516250196 -1.986249998862719 -2.056009589362595 -2.1329461616803007 -2.2129977140687225 -2.292645159077848 -2.367030699398062 -2.4126793263838815 -2.419408301860661 -2.383591486543595 -2.30455483221109 -2.186064596157093 -2.0344474043191814 -1.855890116495545 -1.6553040669595467 -1.4363985364418999 -1.2021618587565435 -0.9555217415096863 -0.7002366819796135
-1.755789877703799 -1.768673861532802 -1.7786515778378962 -1.7858662170142448 -1.7902310462660391 -1.7915144994991166 -1.7894428533332116 -1.7838006910361792 -1.774543581708788 -1.7618978973546955 -1.7464009418782191 -1.7288541577181809 -1.7102093107599459 -1.6914375467032392 -1.6744143753906238 -1.6661621471572212 -1.667930143660353 -1.6795916229808596 -1.700854966224007 -1.7312676293137466 -1.7701382235281264 -1.8168123287180498 -1.8705984787964478 -1.9307490888356997 -1.9972920473205702 -2.0727903127823692 -2.155719462847118 -2.2421302029091477 -2.329400077013883 -2.4104935873883404 -2.458755175190247 -2.4658717317982752 -2.424159056150179 -2.330337971426113 -2.191131758222554 -2.017002565182118 -1.8159887658473859 -1.5932482325295088 -1.352236964146188 -1.0956718449942222 -0.8262654987100879 -0.5474484928244936
-1.7383539922608855 -1.7476153883454442 -1.7540153777502305 -1.7575675946024718 -1.7582312471976351 -1.7559092269085952 -1.7505049154553154 -1.7419954591638134 -1.7305066534031122 -1.7163711458980433 -1.7001474024145562 -1.6825870455469685 -1.664558535551712 -1.6469506698582053 -1.6321288487002779 -1.6270299925471994 -1.6323961693633895 -1.6480563979254055 -1.673670940395025 -1.7087267652011635 -1.7524982823558886 -1.8043221846172866 -1.863511328655421 -1.929354575045755 -2.0012195348004247 -2.0813674912549827 -2.168593530511946 -2.2600946485269766 -2.35400330490173 -2.4417453483744844 -2.497591659746908 -2.5122646338630332 -2.469941436552172 -2.358757160994141 -2.1956654552008343 -1.999283110342999 -1.7784282792149257 -1.5373433631533537 -1.2786460188797308 -1.0044448123703593 -0.716905533901995 -0.4187140630710955
-1.7200735932285953 -1.725763287418552 -1.7286368426690095 -1.728670221462224 -1.7258479235546693 -1.7201590554487058 -1.7116290372863174 -1.7003685812229037 -1.6866241651039093 -1.6708152494913686 -1.653544283599697 -1.6355711277749647 -1.6177532872707854 -1.6009628598243075 -1.5878950778647793 -1.5853398235061409 -1.5937880680274745 -1.6129980965572415 -1.6425439158599062 -1.6817993679120211 -1.7299774964408239 -1.7863699119616452 -1.850261386940821 -1.9209443660948093 -1.9977270430402116 -2.08080171255898 -2.170233257210356 -2.2645989995085585 -2.3625555551941764 -2.4549271125073098 -2.5190904435551813 -2.5504558750920356 -2.5220759243485573 -2.381299981950311 -2.1915774442150244 -1.9769236682367648 -1.7417278905302782 -1.4880705222699322 -1.217562992343769 -0.9317492863579487 -0.6323066213258735 -0.3212242029139598
-1.701648077723484 -1.7038960455456613 -1.7033663109983785 -1.7000353036285871 -1.6939119829037996 -1.6850423659298377 -1.673532388637039 -1.6595827799163596 -1.6435259267239275 -1.6258539248299142 -1.6072272643267904 -1.588455521363781 -1.570445384415673 -1.5541177069604628 -1.5422529207400522 -1.5416203488544782 -1.5526349719376413 -1.5749524704400955 -1.6080116247777514 -1.6510048547206895 -1.7030597188478367 -1.7633758105513342 -1.8311725117541524 -1.9057042990938615 -1.9862455748298444 -2.070710800069727 -2.160052978925754 -2.2542838185170275 -2.352147564275716 -2.444076447961386 -2.508378899737927 -2.5431210277910328 -2.5244854899485603 -2.3649658433105074 -2.1661431261971558 -1.9451802028128644 -1.7045034088689954 -1.4457420875190596 -1.1703944887165714 -0.8799764611922983 -0.5761075809647158 -0.2605815158351108
-1.683735082421909 -1.682715906226327 -1.6789534823711763 -1.6724361901781897 -1.6631944871108788 -1.65131119899295 -1.6369418611533464 -1.6203432453898758 -1.6019047939715119 -1.582175904745456 -1.5618805595695657 -1.5419088760342206 -1.5232731986738934 -1.5070180187316788 -1.4957707764713244 -1.496447039195953 -1.5095505170833294 -1.5345873550384412 -1.5707813911945783 -1.6170830667540266 -1.6724887104782193 -1.7360632526502058 -1.8069282514798768 -1.884263209030969 -1.9665730500627847 -2.0514561125916386 -2.1386164489876784 -2.2295912062299967 -2.3229608918429183 -2.4088419627233355 -2.4628757298554667 -2.476342868829395 -2.4271837723835934 -2.2989744062249633 -2.1172596250908677 -1.9039192253891515 -1.6672773187847167 -1.4111803327220376 -1.1381653271224734 -0.8503840969019186 -0.549955422864675 -0.239166401184421
-1.6669506208051814 -1.662871974916395 -1.6560835193125338 -1.6465860673899235 -1.6344251871951148 -1.619704069741256 -1.6026030179686188 -1.5834056187783216 -1.5625297623552754 -1.5405601928495218 -1.5182769071990994 -1.4966682108550118 -1.4769067947028565 -1.4602562146076015 -1.4490613987883583 -1.4504543222348094 -1.4652534326536077 -1.492734075226859 -1.5317729342528688 -1.5810264133646514 -1.639292074839355 -1.705474217232954 -1.7785815708609105 -1.857375940946849 -1.9393539316372679 -2.0231947240427273 -2.1076843855354968 -2.192905107186481 -2.278663187669304 -2.3558049337177818 -2.397877562166768 -2.395609719238707 -2.338327669366805 -2.2222553796694315 -2.058164364902379 -1.8587504061444846 -1.6328287543723246 -1.3858284667395013 -1.1215060020271748 -0.8429565695153542 -0.553165514641754 -0.2554031151106744
