_RESULTS/CROSS_VALIDATION_POSTPROCESSED_80-20/MHZ/GZ/4comp/1/MHZ_GZ_z_250_kriged_reverse_4comp_spherical_1.asc
ncols 100
nrows 74
xllcorner 5.5967023332191781
yllcorner 50.982320383219182
cellsize 0.00019249356164376555
nodata_value 1.7014100000000001E+038
[rows 0 to 19 of 74, columns 0 to 42 of 100]
26.560341904696227 26.555288286313388 26.564168155301598 26.58945622157959 26.695567887852107 26.92238918372099 27.258391070548775 27.690973522224255 28.209931983544084 28.92978384255847 29.898014152130315 31.075264149149955 32.41408716666776 33.850136484094286 35.31086296106551 36.70167037224367 37.89605661497279 38.72579113351087 38.975137188456586 39.088581551227975 39.36149563673603 39.36985357776639 39.119920746185265 38.597836345406726 37.81828078358577 36.82638166763194 35.67385819030667 34.41396685337474 33.0958338378419 31.79047327341947 30.561923086850033 29.465309761733604 28.54760264730655 27.848786162583274 27.40319547750029 27.18184298795961 27.13719444118756 27.133621751443076 27.092510287391804 26.969295856665475 26.771975602512278 26.51187408176627 26.20307628291951
26.527870891268922 26.52296662649793 26.53436335806298 26.564874921493125 26.67616646276137 26.91176697662017 27.258105606680243 27.699748267757634 28.262622082804747 29.09473822961175 30.179586593743085 31.467466796565997 32.91423073604144 34.46902328959117 36.063315323818976 37.60350219938427 38.96514542175867 39.99167028540764 40.54867331823288 40.79365487603544 40.94958670021753 40.91468862205945 40.63532771142604 40.070540435750964 39.22653294988154 38.13924692362667 36.869876427075546 35.4937221096973 34.06152278788676 32.63814160171466 31.29214971823549 30.081394477749573 29.054098113281697 28.250266873489256 27.703231669458766 27.379606013232454 27.242713354699017 27.22497823307366 27.124487382210916 26.93374076141869 26.66128102937816 26.31883293973599 25.92231994368182
26.484235320293536 26.47953825531622 26.49275689927449 26.526456075040876 26.632761762161806 26.869103368022166 27.218247862534323 27.657378750183653 28.282411655292854 29.18789191637127 30.336989646282113 31.697476608860203 33.22836392854957 34.87674682555235 36.57581963219188 38.24004611124761 39.75348954219906 40.98090698727031 41.81692072462076 42.28340329753074 42.482578031512915 42.43842687827621 42.12583400418401 41.50139073500617 40.57365825536187 39.38737496787798 38.00610285908521 36.50067181570236 34.9522355563876 33.41739686191609 31.965542851235956 30.655660687393315 29.536090696722294 28.646016762912723 28.016271324141666 27.60266295639961 27.3776090046102 27.286129015396387 27.126522616363463 26.867267519360055 26.516297416980006 26.086680584745782 25.596897569292242
26.431617614057075 26.427898577069854 26.443592733780424 26.479859738434357 26.570678760954987 26.795986184375884 27.14158942295743 27.5704908553225 28.227782591993638 29.159946696438805 30.342851230256883 31.745620330695168 33.329038375248274 35.04253979387404 36.82032106314334 38.57964223034838 40.22190822507476 41.63170355978754 42.71386071549358 43.43719272353292 43.820872371507406 43.86966500877395 43.56298739726659 42.87239314242092 41.83071688007487 40.51343840845071 39.00668696148988 37.38963153431479 35.72986454488208 34.092223989359994 32.54879652067058 31.157573865855948 29.96567545047919 29.01064311281448 28.317358528880586 27.829099752891928 27.51579800297858 27.325058275841307 27.107956043208215 26.778792915408857 26.346405067687233 25.826193313477543 25.239000016446074
26.37124081713584 26.369506766059942 26.38965280873486 26.432312798778092 26.513455822969682 26.716815511961578 27.029256270791556 27.420275414197793 28.07193721348082 29.003360029031967 30.190804907454506 31.604673681044716 33.20799793253848 34.95352856638589 36.780451513327776 38.612396677425934 40.36172256396442 41.938656944385215 43.25915204938827 44.26825052425004 44.926829990095655 45.1733331970407 44.92696605831028 44.15519897385812 42.95322497338469 41.46586637800175 39.81359547029441 38.08355151057838 36.34158994833224 34.62700127373721 33.01083455245827 31.559608546286988 30.318005890159128 29.3214286311824 28.582742944470024 28.038476180199083 27.639373168620747 27.35099612808552 27.076155909481663 26.675512606258362 26.160414699548916 25.549052925228928 24.863907617108058
26.302761413081573 26.30267159728139 26.327095995309453 26.37627472241904 26.451231798154122 26.616614073128318 26.856094071841945 27.194395017117028 27.816225180801936 28.720541450585834 29.88368859926716 31.277507268633066 32.86791766780468 34.61205281142519 36.45537439425621 38.33163216046419 40.165987003917586 41.88702103105674 43.4313826750324 44.742744118456514 45.75528834055866 46.32956144323119 46.21198762733008 45.297269305054954 43.85473324145659 42.15993313728201 40.35851667771279 38.52902825199103 36.724897039534675 34.97973896213297 33.324415094920695 31.8387031523896 30.572456879191073 29.55889239007352 28.789649522579964 28.2060581440817 27.742902150484312 27.37471074920802 27.034006709402842 26.56118139407652 25.96591177421396 25.267732270439787 24.488979023239576
26.224858705618608 26.223876733398043 26.24876278421184 26.298226868464603 26.36663694209623 26.46906978789019 26.626621886204532 26.902407482535533 27.47149274968842 28.323294007520065 29.43403894287316 30.776955548754366 32.321278754620835 34.02940734768096 35.853323774377394 37.736848520557174 39.62006916125055 41.444354210042555 43.166774808277744 44.750012928266685 46.152650890521166 47.24949833594444 47.414240983262395 46.14299242648483 44.36351269681138 42.47055230927269 40.55923234241829 38.673308864258324 36.84691959434584 35.10571480463038 33.46628263671554 31.978318728293324 30.714380617752123 29.706544029018957 28.9157888261851 28.307043107369417 27.820307620530304 27.386745985884176 26.973774960977604 26.434681539563336 25.769450951463007 24.99576602705883 24.134011884713132
26.13666192654451 26.13086307754182 26.151294208543163 26.195767509170782 26.254045421205824 26.289649201119737 26.364163899290034 26.56331193297064 27.057463525439772 27.832410790870927 28.863809304526555 30.12568451640254 31.590141262038564 33.225786378390495 34.99061407504521 36.83666624825862 38.71574332553645 40.58016744417421 42.39189496331225 44.1285174735579 45.77249536567975 47.32485840031273 48.11346141402551 46.17041516800317 44.20933546305268 42.261192211137335 40.34351727443307 38.47716174627251 36.6866019696014 34.99384319296867 33.41084134414925 31.970922974450456 30.73755911154429 29.743684563578437 28.94314961717153 28.312553258463698 27.79775830270921 27.328845528024036 26.876834236831755 26.294268536717635 25.579091108253017 24.748528093345826 23.821147310749886
26.038796841872692 26.023960170874545 26.0356887796682 26.072237978858926 26.106191270066436 26.10146685558667 26.093401904793684 26.20189045253622 26.600589536818255 27.276214350052246 28.203436082281424 29.356334777619296 30.708368252563922 32.232912454745446 33.89687503609179 35.65616218634576 37.46984390070073 39.29469692647919 41.086098376449435 42.80397590010463 44.378480045111864 45.62823462312272 45.92875853201561 44.86343060002839 43.2380807513486 41.47382830910581 39.6885085945166 37.93367248581988 36.245254105591165 34.65039135737859 33.16306944064169 31.815371413499637 30.645092020045333 29.665710278910325 28.868929364987476 28.2219261491711 27.67005361570782 27.19794860733194 26.747338700364942 26.148798191765017 25.407792785021073 24.543459678597824 23.57499998216395
25.933674692982763 25.905683325446898 25.905068382015102 25.928995712814785 25.932830447548312 25.902332067020478 25.838799694471387 25.847044265916125 26.13237319025471 26.6888805945393 27.49005934981416 28.509923555813067 29.723459347762432 31.104978575043337 32.624559162339686 34.246450873812485 35.93351391949135 37.643436184653524 39.32203929941405 40.89926836430136 42.26169161079322 43.1994871006865 43.41561590833746 42.80536827530019 41.63332642098017 40.1911463957476 38.6433564233032 37.0782458418773 35.551644618076224 34.10070172762447 32.745624529165504 31.518642423374484 30.423305602553647 29.47042340198064 28.694109990011857 28.054265653232243 27.504536460820262 27.046533797370753 26.603799477730703 26.00820626194576 25.266898819147848 24.396371989079128 23.423610645323958
25.825478059764883 25.77965238318649 25.762237316498137 25.76412508650176 25.742135207638526 25.692940957717035 25.61286499434468 25.53124539593436 25.688361376734914 26.109226076184427 26.76736080695902 27.63564237740517 28.687368568594607 29.896081840274434 31.234144506618737 32.67242086101134 34.18018509953724 35.71953537906746 37.23352937635219 38.63605393405931 39.809984402372685 40.592699224786614 40.83301931990877 40.493786795450006 39.68602474820682 38.57838168953472 37.311005874090284 35.98194087055153 34.658816427828945 33.38316909478854 32.18418318571455 31.087939887425303 30.070742464668438 29.166569840899122 28.43201800135493 27.828751545231373 27.313151500053724 26.894810313559468 26.463824771237153 25.882524806976793 25.159336048501757 24.309807834076082 23.37111797219581
25.70847004378684 25.6372855358885 25.596737807979935 25.570075820682103 25.528440209921712 25.471273695909165 25.388882671925966 25.277258570710494 25.305791064697473 25.581993366735183 26.083487937968357 26.783222815973513 27.6530822254749 28.665046529015044 29.791974931454956 31.009263447306363 32.296068628958196 33.62928045272164 34.96320337636625 36.20978143091171 37.25667542564696 37.97680832851171 38.27499563829967 38.133362713497995 37.60757925567925 36.798775666981015 35.81161869325843 34.732028161675714 33.62661105363679 32.54387018041294 31.513934871721457 30.52935637360157 29.606627898774967 28.775276633870178 28.102549870349 27.563728515064156 27.110976985565284 26.754537603055855 26.339464912827143 25.784206280949174 25.095198108182785 24.292529269466907 23.413272017532083
25.583334450096523 25.48287179051993 25.411703319862355 25.35037580725083 25.296192627823277 25.24514677411162 25.17248850695787 25.063129350101576 25.0087102845391 25.142277657316527 25.481636210662558 26.004301684453342 26.679650139929212 27.479831713892043 28.37575131774011 29.343668018944946 30.37375516793888 31.474356654871382 32.63618060664174 33.770222002470014 34.74908108011971 35.458518926781835 35.826588276243484 35.84269363435551 35.54116001736393 34.98730120031486 34.2540353434936 33.41188596502022 32.52734924470547 31.637364103651038 30.744885763822065 29.877719572138734 29.06124644161024 28.32125391934268 27.72757426946859 27.277044360134163 26.913313579439347 26.62347550950687 26.23500663146788 25.717799372979318 25.07755087017053 24.342466807211103 23.542435128618187
25.46348298520779 25.33307676122639 25.2219053641139 25.111845221719282 25.055978424002802 25.034075881628354 24.983831395361538 24.890451865411123 24.780583137086197 24.81647418369294 25.005376365692978 25.348434390591024 25.82978359733304 26.41481333278783 27.073677461843875 27.77796933503224 28.516030862295732 29.343134845847246 30.36052542619407 31.448457784351525 32.40780012710277 33.13127594444666 33.56761041919658 33.7102024151881 33.58837196171458 33.243969348113374 32.73010116323603 32.108479958201485 31.41858255651733 30.67601200799136 29.916414995161215 29.17161795814534 28.468513796273648 27.83203112381074 27.331256450859954 26.986765773901638 26.735449555538953 26.50077764202969 26.149624923069855 25.681711735802253 25.103699601024175 24.448388453834266 23.737069777047186
25.362554998081315 25.210997609496722 25.06861861068955 24.886878479246544 24.85751999320427 24.887764019148413 24.864883159318808 24.78928638264762 24.66208021729939 24.598768015262134 24.678163657688508 24.877880616296252 25.175323988913362 25.55848685331828 25.993273538994714 26.44347680797271 26.87469922556533 27.31050617432048 28.27178432496038 29.394909459120516 30.340732533851135 31.062954108717804 31.540602567675606 31.774395731454486 31.788173934904705 31.61097536306152 31.28291001444769 30.83257535612257 30.29353870351232 29.695506570520408 29.07169991603184 28.450317957640348 27.863367992683614 27.337010859088785 26.93959867280467 26.710890344652167 26.579623878938524 26.383072989908175 26.07888784635145 25.670005124167304 25.1629730628346 24.59125607658774 23.97651207428857
25.288258346812913 25.132073800442296 25.004044962310857 24.88834429213491 24.85016627588024 24.85902510663418 24.839109358002286 24.772790176919084 24.656434885351366 24.5135133823021 24.48173409124216 24.56319729683513 24.73278358813787 24.963098910932572 25.223824243325538 25.48362725380646 25.719550159575892 25.970131978242826 26.75395452167067 27.74707037848462 28.604879365248436 29.28590448566959 29.774535948097263 30.069595416326745 30.17050138100721 30.10107557830238 29.890112853603263 29.5690426727532 29.162992872281762 28.702975251370756 28.219248407403608 27.737447230979527 27.278760498631584 26.86648682030573 26.579706429716587 26.46695904906844 26.416436674288907 26.26480883265918 26.015879161969853 25.67242556867315 25.240326177860968 24.757224395224853 24.242351339230318
25.238317265027643 25.101502157292938 25.019231495387302 24.963125072632998 24.93501082485789 24.9246540612405 24.899314890812292 24.838546459764764 24.733669596751735 24.581389064284206 24.44147642647288 24.41000329641622 24.464849479262583 24.580842011931132 24.732823213418865 24.89913289379548 25.06996234476318 25.326809828062157 25.832935084256736 26.52146779458443 27.216040750666004 27.81174713543019 28.26790878631435 28.566362524889243 28.70332586075933 28.698473980881083 28.577057492248464 28.36002282588652 28.070310249084084 27.736183090196615 27.38406213553463 27.037836893980522 26.716742309352178 26.441561015748565 26.279105434559412 26.253933442935857 26.238269847892532 26.140857384947303 25.957003178049902 25.684371156426867 25.33289229276952 24.94001894378179 24.52369861675507
25.222188701082764 25.115950077396793 25.072575161694722 25.05953924855322 25.053261236864145 25.0476832247692 25.02689309782526 24.976384128921598 24.88710796075349 24.754477604046894 24.57719532505436 24.438599171940727 24.388796292835544 24.405779522725133 24.469640411152323 24.552770307728046 24.65679062766789 24.82993546631106 25.142180524004115 25.58148437750574 26.079504691294026 26.56188814435747 26.961147246620605 27.239093546286508 27.3928590869252 27.431907102927987 27.376227163150013 27.242931736170945 27.054707340164185 26.834765189695165 26.605419887590287 26.387720722108398 26.200048102116973 26.063824384453422 26.039491920433548 26.041029709017653 26.0456311934812 26.013005920442588 25.89790570557071 25.70059426633166 25.43190493910423 25.1280927823627 24.806424940048185
25.23285129589827 25.159805738678326 25.14562095483094 25.170976185175313 25.193610505458786 25.208060215385032 25.20465977755765 25.17334422514329 25.106466930294967 24.999500799971504 24.850813525606142 24.66254721887074 24.514382244459217 24.437009269073464 24.39662146768716 24.37877540731156 24.393170674892026 24.45917850723845 24.60999177639989 24.857139616183698 25.180379130580484 25.53002860027392 25.854208796150914 26.09827190245072 26.25228028326135 26.321629132414408 26.313681238843767 26.249902544866217 26.150805326070053 26.034695270311943 25.91965457806883 25.823449124873804 25.763192083986326 25.760738894006085 25.789479155140487 25.819836146868376 25.847976785326455 25.870813754668305 25.828715525874475 25.711547042019284 25.5275359960339 25.310702200580483 25.07865469607275
25.25966166440938 25.21785189705455 25.231751859796436 25.291257857448674 25.348623720859358 25.393778501468923 25.419054676737574 25.41646988123114 25.379494922678198 25.303995689673187 25.186896008596104 25.023547169213856 24.820467415262353 24.62393938146897 24.46062440088324 24.329983538042207 24.236376787196736 24.187487433504966 24.19446910359511 24.285613328521087 24.4625504096542 24.695802314911507 24.937397555643894 25.148753508178967 25.293874335620337 25.376429668514337 25.410244654338506 25.40876527082222 25.391092656746768 25.373447443085528 25.367952614680352 25.387774841479626 25.440454610838593 25.481576038964675 25.528622396545757 25.583936500254627 25.647010504808136 25.70482834105369 25.739986056616516 25.708304748143473 25.61153785161719 25.47924983513985 25.331364236791103
