_RESULTS/CROSS_VALIDATION_POSTPROCESSED_80-20/MHZ/GZ/4comp/1/MHZ_GZ_z_355_kriged_reverse_4comp_spherical_1.asc
ncols 100
nrows 74
xllcorner 5.5967023332191781
yllcorner 50.982320383219182
cellsize 0.00019249356164376555
nodata_value 1.7014100000000001E+038
[rows 0 to 19 of 74, columns 44 to 87 of 100]
5.438378124503652 5.269220889710986 5.1385474014485615 5.053335779160908 5.019209883709549 5.0403663712402835 5.11941413757996 5.255347170287914 5.438781463034992 5.663411033586561 5.920388213178515 6.196595888837756 6.472458351376773 6.718716920478444 6.90188539865602 7.008584024772935 7.046390891543373 7.021120881367211 6.932588838542871 6.817226457824919 6.703613944631119 6.594421376079976 6.491868262282638 6.397921192682417 6.314388752547768 6.242969927217838 6.185279933822692 6.142863578641754 6.11720009698697 6.109594632981079 6.109594632981079 6.109594632981079 6.109594632981079 6.109594632981079 6.109594632981079 6.109594632981079 6.109594632981079 6.109594632981079 6.109594632981079 6.109594632981079 6.109594632981079 6.109594632981079 6.109594632981079 6.109594632981079
5.167445759430234 4.962619110980978 4.801625607172758 4.691782146939783 4.639159187559773 4.648482113884532 4.72289007994479 4.863579782461066 5.063904083048084 5.3152947914278865 5.6090070674290216 5.932998390060265 6.269780113245546 6.586029756538013 6.814452206220353 6.940919430015345 7.0050155799779175 7.013784703981804 6.962919970470286 6.852183055385034 6.7322274879428115 6.617911463954817 6.511070487507195 6.413432195422336 6.326650076217992 6.25231863511667 6.1920653846355425 6.148477961395328 6.122603705236431 6.115043192389149 6.116510622498203 6.1170291087680395 6.116478310588609 6.114986187226974 6.112922846990379 6.110883416881967 6.109662491035921 6.109594632981079 6.109594632981079 6.109594632981079 6.109594632981079 6.109594632981079 6.109594632981079 6.109594632981079
4.876836621210623 4.636536968170686 4.444884218945468 4.309509135629802 4.237047395285485 4.234419702122294 4.306899641442477 4.4548794442357025 4.672877672154526 4.949181983541666 5.2749547105572265 5.639038888826893 6.028117660129026 6.426259025481233 6.695325768606889 6.820894175789919 6.908749172509084 6.950686403429164 6.939240346462852 6.864748739364744 6.7437044578212 6.62728969435223 6.518717204035076 6.419602692181464 6.332032316772714 6.259984212674325 6.204125796543813 6.164686397918398 6.142029785267019 6.136667751919914 6.139977213950881 6.1411089018751746 6.139906015936086 6.1365175948709405 6.131373220710936 6.125159033827695 6.118782409458583 6.113330667312958 6.110029279683078 6.109594632981079 6.109594632981079 6.109594632981079 6.109594632981079 6.109594632981079
4.578490150217843 4.303285323081113 4.08063643167568 3.919630328646237 3.8313812663622326 3.8212971045060162 3.892833649362368 4.046833241938725 4.279289618604771 4.576659386086852 4.927713943809659 5.319003069775471 5.732709818072756 6.136228421430646 6.444445243742275 6.639592731600034 6.774636017083509 6.8560440254446355 6.879471987257224 6.839980523395307 6.737010953545547 6.621823364323358 6.514284220251508 6.419340231019278 6.339752376220452 6.275471311154394 6.2265257464877 6.193047968216978 6.17529959653803 6.173694630170093 6.179047322387024 6.180850134626577 6.178933590665057 6.173474666205342 6.164981335204396 6.154258443375155 6.142358257876616 6.130524012306571 6.12013448489352 6.112655734490762 6.1096035398816015 6.109594632981079 6.109594632981079 6.109594632981079
4.284574871492836 3.975299994105288 3.7243748845139404 3.542963827721752 3.4380717706680977 3.41717990677639 3.485963685501322 3.645789835445471 3.892092454768169 4.209110656864041 4.581473163257545 4.991810229478307 5.416895018759636 5.822320145497482 6.1652025813205595 6.427337010243135 6.618255713219279 6.744281113484028 6.804810172671398 6.797027371951253 6.718271999624564 6.602390816721192 6.504592929653249 6.421311853340306 6.35249912927521 6.298093600538623 6.258062504263627 6.2324419380185825 6.221377584998569 6.225114617180575 6.2327180488350695 6.235266161310507 6.232557117066842 6.224805493197806 6.212624032433321 6.196974088529221 6.17909530723003 6.160427749613003 6.142538387243235 6.127060126145496 6.1156471611989565 6.109946903482558 6.109594632981079 6.109594632981079
4.007403159236899 3.6699791522505283 3.394982623876155 3.188859702816009 3.0615127506365925 3.0251677434817568 3.089859520246762 3.2577503160696186 3.521273155820856 3.8604423279605804 4.254809003937423 4.683826544962322 5.1231740129133465 5.543895704091414 5.917195184916114 6.225200212458234 6.463009381832643 6.630154249231154 6.7255389950931 6.747313936845427 6.694423501827513 6.5863906733783315 6.4947914102743765 6.425294674829805 6.369382002573616 6.326923086756067 6.297825716841578 6.282012728786674 6.279481209322949 6.289873395927548 6.300003246647644 6.303391969010118 6.2997891278090705 6.2894609386550435 6.273162704339389 6.252065012480274 6.22765182991699 6.201612029449121 6.175742133476163 6.151870657545168 6.131807156345133 6.117314039282051 6.110096758494113 6.109594632981079
3.764232578549378 3.4040987977716903 3.102000116268315 2.8647582731540275 2.706060345859812 2.646726967970361 2.7063574288941368 2.88864638788154 3.178151083597335 3.546231771490459 3.9667748854000537 4.417451528461323 4.875028960644939 5.3149075295443735 5.7139302315155165 6.054845144618478 6.327798430644065 6.52784508809939 6.652133885568463 6.698978226378855 6.674385651014422 6.583549395842285 6.493302135684244 6.430937028880517 6.389844270693268 6.361300555830081 6.345133361844867 6.341114001227506 6.349034095168414 6.366889144990822 6.379904438200225 6.384257492290588 6.3796293764624314 6.366359074121932 6.345400338047947 6.318208306626406 6.286588510075276 6.252544368605715 6.2181495180951964 6.185456844048181 6.15644426818764 6.132990849010404 6.116874856601866 6.109786202139123
3.5701037780116596 3.188658273000524 2.857661086595929 2.582245575781754 2.3786860915550156 2.282076852229001 2.335597432136375 2.5465155210355888 2.8779022376744243 3.284666511799792 3.73612982227089 4.210653606818241 4.687489191899771 5.145437772265712 5.5644634984024535 5.928196333093856 6.225196407553181 6.4483436012745035 6.5934418576650415 6.663658432803079 6.663680125908712 6.591801981074131 6.504127643094984 6.443980556186221 6.413545063652602 6.40073456163878 6.3994418404074205 6.409229836219671 6.42960089209078 6.455008006921473 6.471377927140066 6.4768587246117475 6.470570993543773 6.452439289510433 6.42469410680218 6.389880502110616 6.35052565943974 6.308914415608791 6.266937539979003 6.226018982260681 6.187825042999811 6.155284958648422 6.130282095408865 6.114528091837525
3.4347844720004668 3.036585812208675 2.679279105152203 2.3626518269476153 2.09786776915979 1.933697682069142 1.9784577409366357 2.2505245747322564 2.6460565273087804 3.0989599975429947 3.5822215677514264 4.079131041540764 4.572556384223211 5.0441388996774545 5.4760206491980705 5.852871404294266 6.163123386113414 6.399069311710905 6.558012668591279 6.646978946673664 6.664668752081397 6.608990575387451 6.524849900271043 6.468290558686446 6.4421255626806655 6.444779170058923 6.46023026417784 6.485868552229161 6.520704590601772 6.5523795802767255 6.568301334691102 6.568021015172576 6.5528587532201 6.525021164286201 6.48739860015304 6.443197840530724 6.395544347511467 6.3471685601099646 6.300224844717321 6.256234118850751 6.216113954964345 6.1802569793283055 6.148637489117583 6.124442732754661
3.3671128819033656 2.9610530574945773 2.5883046875095594 2.242288480385159 1.9183701433920064 1.6334592898196092 1.657667309152942 2.0601285377765395 2.5261160879075826 3.0172674897979688 3.5241943593987717 4.0364933030091015 4.5389779684461695 5.015065959790781 5.448842183913688 5.826745706207501 6.138383733429005 6.376507332724568 6.54467027070763 6.645378763991689 6.675330830620867 6.631695326085055 6.552960529251847 6.501178913154174 6.480419428130681 6.492898575133312 6.526858242569461 6.57016812647717 6.613308424975443 6.640770328198134 6.650178505737663 6.641656055669477 6.616582498478422 6.577694078006653 6.528746081634948 6.473889276778463 6.417043161984718 6.361465509900988 6.309561366515338 6.262876870591523 6.222200300307611 6.18770733787515 6.159109817016289 6.135785570287291
3.3728166348754356 2.971275394090929 2.601958365037012 2.258828405950282 1.938020155321923 1.658717770103579 1.6877992560782384 2.092914016749006 2.565216108458378 3.0631261477274085 3.5750689865117558 4.088427497895141 4.5876695941854 5.056499753369388 5.48021952490895 5.846998967942445 6.148019638285338 6.37902751556437 6.547208196992796 6.650592699760503 6.685691687531779 6.649374137875393 6.579914204030349 6.538082491146155 6.526034467673315 6.546528896604095 6.596230929437813 6.6477142023209295 6.689295877088017 6.71328049312461 6.71736174718717 6.700504643595965 6.663895354779459 6.611232875714183 6.548104399365444 6.480754073550051 6.413762350031468 6.350685287595373 6.294103267013329 6.245452020303252 6.205241765872815 6.173730941630792 6.151013307242939 6.135414335537194
3.4477141620868306 3.067791492558305 2.72102501853209 2.41320859930572 2.1574522224173927 2.004349984057788 2.0625088219092285 2.351641574211999 2.7669618174300417 3.2386743301543968 3.7361822424804396 4.2372158723124675 4.721057003522267 5.169836923494832 5.570135475048775 5.912617129146418 6.19071220057164 6.405605313104834 6.563478967624499 6.660609332389762 6.693225357144798 6.6577773639540645 6.597959865073556 6.568394439957842 6.570589405732809 6.602441988420756 6.657361654445834 6.717174857046702 6.761763165722965 6.786628490175821 6.787805623467909 6.762782656387771 6.712411237562053 6.641706666148725 6.558566321744036 6.471508564153564 6.388015901440052 6.313894529666814 6.252786483456542 6.2045582778092925 6.170078275847545 6.147575802073573 6.134896697562394 6.129779484790272
3.58200568215166 3.2389967856627138 2.9299945644975534 2.67068249836629 2.483136462120823 2.4054827176670814 2.4833731235488337 2.7255834292596632 3.0893395718215153 3.526758946102765 4.001275007716981 4.480803407913891 4.937472906766032 5.351920569020107 5.7138234554175185 6.018031156291546 6.26123802267083 6.4505549155613116 6.588655561667621 6.671406387896099 6.694544351096743 6.654346080465155 6.605424425514469 6.589763067960776 6.609523357391795 6.65339750660746 6.719919064866459 6.786951537236343 6.836240448225106 6.8642183803840515 6.864423316456825 6.8313253888327985 6.764677051801943 6.671894193506281 6.5649322134708825 6.455504077087398 6.352737730874981 6.263319590849141 6.19454965918399 6.148456338441336 6.12338264523086 6.112302109210717 6.111911335530991 6.119335750426095
3.765832551938622 3.466899175408626 3.2057427895241624 2.9965496366589663 2.8632717352662227 2.8334212589496213 2.9295055835377997 3.1557979004814043 3.490374296630398 3.9030633663466126 4.3577405883172755 4.812587427490345 5.230398012402536 5.59350871788189 5.900310679975533 6.152479761695187 6.350684871908522 6.505147924123103 6.615634278155216 6.677180408852497 6.684496760938701 6.637033902531217 6.602615173766053 6.6097235287264615 6.643413157405649 6.700407240506452 6.77301975027753 6.850642969644014 6.908062940239088 6.94209256208395 6.945020283922257 6.904904625522056 6.817993064853886 6.697006586199436 6.561551279234619 6.427442993648907 6.306181088229177 6.2080565602603786 6.135535488444546 6.088727882396258 6.0666446340402365 6.067413586693283 6.082028897334501 6.104411523493069
3.9874125321580878 3.7358613785917365 3.5246945839271273 3.3666551865671184 3.279011399792073 3.2830383160683216 3.395717072769252 3.6182537882090013 3.940060155789544 4.341797983650868 4.788971098191116 5.2233110898959145 5.587183902472241 5.8762187919176485 6.110444957313121 6.299292154748073 6.4448963389908975 6.555882538911121 6.63011077240453 6.662408934588415 6.647358710718194 6.5985383086045 6.58819949677553 6.612091471862283 6.660312264754936 6.726394583439174 6.80748274382303 6.897124587249204 6.9683514333873315 7.012363335972403 7.024665473334027 6.981681328941989 6.866767678336607 6.708246683320122 6.539982703048201 6.382008593801306 6.249134465761742 6.1456250296081825 6.072226166094517 6.027842286580952 6.010344785921616 6.017186460666454 6.045716810165565 6.085777415247122
4.232668163078606 4.030400685798777 3.8690729810358206 3.7602504193139428 3.7160466223333377 3.7484697487342107 3.873433758658911 4.094809494895577 4.409686631973545 4.807959092592922 5.265348828254613 5.701115689537608 5.979503878922272 6.164851054789922 6.314914815930593 6.433129551723682 6.518925043395657 6.580945355258715 6.615066409507721 6.6150300497306125 6.579095888553139 6.5441338302141565 6.554769132734085 6.591466267578553 6.647334388847019 6.7207686747938356 6.8101350044104825 6.9104949690802275 6.995798908685661 7.056633827605332 7.087645000424701 7.058665720383971 6.894513219251007 6.689269740285788 6.490000377425906 6.316522042083673 6.1762230254211925 6.071341210572629 6.001129666941859 5.96283523345173 5.953229245658514 5.968836153898768 6.006378289475419 6.062717911633217
4.481018706508803 4.328900267974587 4.2172903832160875 4.156196940950091 4.152498684180963 4.215813842175052 4.349975592241977 4.56538489239433 4.8660071729347765 5.2471876689562045 5.699768581470589 6.2063943485567 6.314638027534497 6.3994925240652405 6.471822826576 6.52461625073377 6.554611833350705 6.569179902870205 6.5633194879915795 6.533006372151126 6.4856262189796645 6.473859933340497 6.496472987319571 6.540194368634804 6.603398498876052 6.6842113441969015 6.780439866764755 6.886900692052983 6.977171447623347 7.041393669357462 7.074947455567318 7.0529464315691754 6.850222443534958 6.6192421051772214 6.405689314456896 6.224642143774562 6.082076423406931 5.979883732770904 5.916696219134976 5.888642660112452 5.890922747816363 5.918846800371554 5.968307708640302 6.035906568149891
4.719799856329459 4.617043110673494 4.553250615248871 4.534738578335672 4.56686374222918 4.653996965820105 4.799106272194579 5.007018582632348 5.280126000807325 5.612356294441381 5.980905038603961 6.306661691511621 6.468083219832123 6.529938527259092 6.556576489172132 6.560008563663365 6.542472842316012 6.513721544830677 6.470697660229508 6.417223837441434 6.372134106472151 6.376068346094707 6.40716016447034 6.45964749674678 6.531407705507278 6.6198847415117 6.7218888264314565 6.830317250816225 6.916429801177274 6.966954222378967 6.968197419180569 6.891902331577524 6.720939003084901 6.5000374458307215 6.2857682094038445 6.102110779190302 5.961634489431414 5.868010445762267 5.818286821395727 5.806244234668135 5.82516355006529 5.869169374743236 5.9335099591117695 6.014405588451656
4.938441681876325 4.883267054263377 4.864232528342615 4.883180211978955 4.9423854085084695 5.045555999676435 5.1946066852429515 5.388649071816613 5.627976238975874 5.898084899925847 6.172320884769888 6.397433074993851 6.527161697610204 6.5742499229238724 6.57111986532123 6.5361438832262655 6.477270805242898 6.40736320743398 6.331295417269701 6.257865821853187 6.230462692476942 6.248616785733773 6.2907932683996455 6.354119828726235 6.436051757793623 6.533318561626871 6.641570876533215 6.750527765433999 6.8291633654641 6.862784140029826 6.83711192732743 6.73696282265989 6.565885098453145 6.354184322422246 6.136739638654549 5.951075006009535 5.817017772705567 5.738670682135969 5.709511150677527 5.719442394865309 5.7594447043826875 5.822752566605974 5.904403970200037 6.0005427763092305
5.127828229321832 5.11757406091543 5.138412132393051 5.18656263238524 5.265845619233712 5.3789880741616845 5.525304330279784 5.699854141917066 5.900228226621332 6.1129388648929295 6.309501408013076 6.457136637920939 6.537607354231194 6.55225199905146 6.516112138988141 6.444146063909627 6.346316540248928 6.2380799099821 6.135220125724112 6.070692558482297 6.063322225314246 6.0954594563471804 6.150909970916186 6.227522412479411 6.322391801154363 6.431340927611981 6.548549543424019 6.659704501270225 6.733702781622799 6.756430426887236 6.714970175193555 6.5999559944181785 6.417298111687848 6.197468333574062 5.9717516343355035 5.7785659168295 5.653033041273849 5.597723689479819 5.597022579266816 5.6343587215756665 5.698608223622203 5.783090401952068 5.883434478441145 5.996125753286761
