_RESULTS/CROSS_VALIDATION_POSTPROCESSED_CLR/Berg/GZ/7comp/4/Berg_GZ_z_1000_kriged_reverse_7comp_spherical_4.asc
ncols 100
nrows 90
xllcorner 5.6208707817415728
yllcorner 50.959635321741573
cellsize 0.00013419651685393446
nodata_value 1.7014100000000001E+038
[rows 0 to 18 of 90, columns 0 to 41 of 100]
-3.4114564382907178 -3.4114564382907178 -3.4114564382907178 -3.4114564382907178 -3.4114564382907178 -3.4114564382907178 -3.4114564382907178 -3.4114564382907178 -3.4114564382907178 -3.4114564382907178 -3.4114564382907178 -3.4114564382907178 -3.4114564382907178 -3.4114564382907178 -3.4114564382907178 -3.4114564382907178 -3.4114564382907178 -3.4114564382907178 -3.4114564382907178 -3.4114564382907178 -3.4114564382907178 -3.4114564382907178 -3.4114564382907178 -3.4114564382907178 -3.4114564382907178 -3.4114564382907178 -3.4114564382907178 -3.4114564382907178 -3.4114564382907178 -3.4114564382907178 -3.4114564382907178 -3.4114564382907178 -3.4114564382907178 -3.4114564382907178 -3.4114564382907178 -3.4114564382907178 -3.4114564382907178 -3.4114564382907178 -3.4114564382907178 -3.4114564382907178 -3.4114564382907178 -3.4114564382907178
-3.4114564382907178 -3.4114564382907178 -3.4114564382907178 -3.4114564382907178 -3.4114564382907178 -3.4114564382907178 -3.4114564382907178 -3.4114564382907178 -3.4114564382907178 -3.4114564382907178 -3.4114564382907178 -3.4114564382907178 -3.4114564382907178 -3.4114564382907178 -3.4114564382907178 -3.4114564382907178 -3.4114564382907178 -3.4114564382907178 -3.4114564382907178 -3.4114564382907178 -3.4114564382907178 -3.4114564382907178 -3.4114564382907178 -3.4114564382907178 -3.4114564382907178 -3.4114564382907178 -3.4114564382907178 -3.4114564382907178 -3.4114564382907178 -3.4114564382907178 -3.4114564382907178 -3.4114564382907178 -3.4114564382907178 -3.4114564382907178 -3.4114564382907178 -3.4114564382907178 -3.4114564382907178 -3.4114564382907178 -3.4114564382907178 -3.4114564382907178 -3.4114564382907178 -3.4114564382907178
-3.4114564382907178 -3.4114564382907178 -3.4114564382907178 -3.4114564382907178 -3.4114564382907178 -3.4114564382907178 -3.4114564382907178 -3.4114564382907178 -3.4114564382907178 -3.4114564382907178 -3.4114564382907178 -3.4114564382907178 -3.4114564382907178 -3.4114564382907178 -3.4114564382907178 -3.4114564382907178 -3.4114564382907178 -3.4114564382907178 -3.4114564382907178 -3.4114564382907178 -3.4114564382907178 -3.4114564382907178 -3.4114564382907178 -3.4114564382907178 -3.4114564382907178 -3.4114564382907178 -3.4114564382907178 -3.4114564382907178 -3.4114564382907178 -3.4114564382907178 -3.4114564382907178 -3.4114564382907178 -3.4114564382907178 -3.4114564382907178 -3.4114564382907178 -3.4114564382907178 -3.4114564382907178 -3.4114564382907178 -3.4114564382907178 -3.4114564382907178 -3.4114564382907178 -3.4114564382907178
-3.4114564382907178 -3.4114564382907178 -3.4114564382907178 -3.4114564382907178 -3.4114564382907178 -3.4114564382907178 -3.4114564382907178 -3.4114564382907178 -3.4114564382907178 -3.4114564382907178 -3.4114564382907178 -3.4114564382907178 -3.4114564382907178 -3.4114564382907178 -3.4114564382907178 -3.4114564382907178 -3.4114564382907178 -3.4114564382907178 -3.4114564382907178 -3.4114564382907178 -3.4114564382907178 -3.4114564382907178 -3.4114564382907178 -3.4114564382907178 -3.4114564382907178 -3.4114564382907178 -3.4114564382907178 -3.4114564382907178 -3.4114564382907178 -3.4114564382907178 -3.4114564382907178 -3.4114564382907178 -3.4114564382907178 -3.4114564382907178 -3.4114564382907178 -3.4114564382907178 -3.4114564382907178 -3.4114564382907178 -3.4114564382907178 -3.4114564382907178 -3.4114564382907178 -3.4114564382907178
-3.4114564382907178 -3.4114564382907178 -3.4114564382907178 -3.4114564382907178 -3.4114564382907178 -3.4114564382907178 -3.4114564382907178 -3.4114564382907178 -3.4114564382907178 -3.4114564382907178 -3.4114564382907178 -3.4114564382907178 -3.4114564382907178 -3.4114564382907178 -3.4114564382907178 -3.4114564382907178 -3.4114564382907178 -3.4114564382907178 -3.4114564382907178 -3.4114564382907178 -3.4114564382907178 -3.4114564382907178 -3.4114564382907178 -3.4114564382907178 -3.4114564382907178 -3.4114564382907178 -3.4114564382907178 -3.4114564382907178 -3.4114564382907178 -3.4114564382907178 -3.4114564382907178 -3.4114564382907178 -3.4114564382907178 -3.4114564382907178 -3.4114564382907178 -3.4114564382907178 -3.4114564382907178 -3.4114564382907178 -3.4114564382907178 -3.4114564382907178 -3.4114564382907178 -3.4115046499759965
-3.4114564382907178 -3.4114564382907178 -3.4114564382907178 -3.4114564382907178 -3.4114564382907178 -3.4114564382907178 -3.4114564382907178 -3.4114564382907178 -3.4114564382907178 -3.4114564382907178 -3.4114564382907178 -3.4114564382907178 -3.4114564382907178 -3.4114564382907178 -3.4114564382907178 -3.4114564382907178 -3.4114564382907178 -3.4114564382907178 -3.4114564382907178 -3.4114564382907178 -3.4114564382907178 -3.4114564382907178 -3.4114564382907178 -3.4114564382907178 -3.4114564382907178 -3.4114564382907178 -3.4114564382907178 -3.4114564382907178 -3.4114564382907178 -3.4114564382907178 -3.4114564382907178 -3.4114564382907178 -3.4114564382907178 -3.4114564382907178 -3.4114564382907178 -3.4114564382907178 -3.4114564382907178 -3.4148781070794176 -3.4256570705177625 -3.4396799748300912 -3.453359365204838 -3.463919958524821
-3.4114564382907178 -3.4114564382907178 -3.4114564382907178 -3.4114564382907178 -3.4114564382907178 -3.4114564382907178 -3.4114564382907178 -3.4114564382907178 -3.4114564382907178 -3.4114564382907178 -3.4114564382907178 -3.4114564382907178 -3.4114564382907178 -3.4114564382907178 -3.4114564382907178 -3.4114564382907178 -3.4114564382907178 -3.4114564382907178 -3.4114564382907178 -3.4114564382907178 -3.4114564382907178 -3.4114564382907178 -3.4114564382907178 -3.4114564382907178 -3.4114564382907178 -3.4114564382907178 -3.4114564382907178 -3.4114564382907178 -3.4114564382907178 -3.4114564382907178 -3.4114564382907178 -3.4114564382907178 -3.4114564382907178 -3.4114564382907178 -3.4115997889726954 -3.4233457830615643 -3.4495497672396054 -3.484314452757844 -3.5222418983688177 -3.5585652939583143 -3.5892822374077014 -3.611279830883786
-3.4114564382907178 -3.4114564382907178 -3.4114564382907178 -3.4114564382907178 -3.4114564382907178 -3.4114564382907178 -3.4114564382907178 -3.4114564382907178 -3.4114564382907178 -3.4114564382907178 -3.4114564382907178 -3.4114564382907178 -3.4114564382907178 -3.4114564382907178 -3.4114564382907178 -3.4114564382907178 -3.4114564382907178 -3.4114564382907178 -3.4114564382907178 -3.4114564382907178 -3.4114564382907178 -3.4114564382907178 -3.4114564382907178 -3.4114564382907178 -3.4114564382907178 -3.4114564382907178 -3.4114564382907178 -3.4114564382907178 -3.4114564382907178 -3.4114564382907178 -3.4114564382907178 -3.4114564382907178 -3.4114564382907178 -3.421104011142004 -3.455226376951159 -3.5073069550623535 -3.5705311370505743 -3.638431915870043 -3.7050345391636754 -3.7650166319423026 -3.813874469783699 -3.8480825386795634
-3.4114564382907178 -3.4114564382907178 -3.4114564382907178 -3.4114564382907178 -3.4114564382907178 -3.4114564382907178 -3.4114564382907178 -3.4114564382907178 -3.4114564382907178 -3.4114564382907178 -3.4114564382907178 -3.411447358377953 -3.411077081451244 -3.410492782708914 -3.4100394639276312 -3.409916870850195 -3.410173583344088 -3.4107055529416392 -3.4112592230638707 -3.4114564382907178 -3.4114564382907178 -3.4114564382907178 -3.4114564382907178 -3.4114564382907178 -3.4114564382907178 -3.4114564382907178 -3.4114564382907178 -3.4114564382907178 -3.4114564382907178 -3.4114564382907178 -3.4114564382907178 -3.4121517805569415 -3.4373249765175444 -3.4930915748907956 -3.571816140142993 -3.6659157343380477 -3.7679677598028127 -3.8708491044746363 -3.9679059304135706 -4.053148731230782 -4.121461451677416 -4.168807591757521
-3.4114564382907178 -3.4114564382907178 -3.4114564382907178 -3.4114564382907178 -3.4114564382907178 -3.4114564382907178 -3.4114564382907178 -3.4114564382907178 -3.411325585754032 -3.4096084112033562 -3.4065759323295395 -3.403010428262438 -3.399579771498339 -3.3968188545870257 -3.3951133272756944 -3.3946870684594965 -3.39559459446319 -3.3977191742625568 -3.4007768478273115 -3.4043259316494208 -3.407781062767071 -3.4104304727914596 -3.4114564382907178 -3.4114564382907178 -3.4114564382907178 -3.4114564382907178 -3.4114564382907178 -3.4114564382907178 -3.4114564382907178 -3.4114564382907178 -3.414113346449476 -3.4510885754905702 -3.5254375152272353 -3.6291420642181382 -3.7540685682459958 -3.892043010859024 -4.0349624038916145 -4.174948160143944 -4.304543625469763 -4.4169516792672825 -4.503574435529193 -4.555165830324034
-3.4114564382907178 -3.4114564382907178 -3.4114564382907178 -3.4114564382907178 -3.4114564382907178 -3.4114564382907178 -3.4111838067621068 -3.40806704951962 -3.402333977651616 -3.3950233373460095 -3.387099333636256 -3.37942873211136 -3.372756924659773 -3.367684590987343 -3.3646469089594464 -3.3638973301958024 -3.365497664403703 -3.369315608098014 -3.375030008816827 -3.3821432485780356 -3.3899993549380274 -3.397805955841891 -3.4046580487422755 -3.409561723919584 -3.4114563685968085 -3.4114564382907178 -3.4114564382907178 -3.4114564382907178 -3.4114564382907178 -3.414201159272294 -3.456600043688982 -3.5441000604294923 -3.6685353128764113 -3.8214841584280403 -3.9943006206522784 -4.178178636408328 -4.364260448458725 -4.543800065533397 -4.702525064106632 -4.82494622451751 -4.908747511243325 -4.952863649550288
-3.4114564382907178 -3.4114564382907178 -3.4114564382907178 -3.4114564382907178 -3.4114564382907178 -3.4091288561762534 -3.4023107231497915 -3.3922024136587163 -3.37998738098542 -3.3668021365156164 -3.353712215289235 -3.341684649524336 -3.3315583251291003 -3.324014334674572 -3.3195490187243024 -3.318452597316143 -3.3207959763586814 -3.3264274440819754 -3.334979700823974 -3.345886285470347 -3.3584053083815104 -3.3716477243091134 -3.384607265200759 -3.3961895197896426 -3.405238307708836 -3.410558244158357 -3.4114564382907178 -3.4114564382907178 -3.4122913040696 -3.4517939687012964 -3.544774291577725 -3.6831409002791116 -3.858454076509754 -4.061912240689601 -4.284360068591539 -4.516331402822237 -4.745832456855395 -4.947085393301862 -5.1119075584882685 -5.23663595947535 -5.318406205724372 -5.355533115172341
-3.4114564382907178 -3.4114564382907178 -3.4114564382907178 -3.411277682728868 -3.4065253521270256 -3.3962665005047223 -3.3817985813959894 -3.3644206532886165 -3.3454171832715813 -3.326036241986638 -3.3074618243414036 -3.290780784431294 -3.276945911713502 -3.2667378522776955 -3.2607296090948736 -3.2592578682866007 -3.2624050743665665 -3.2699949166778883 -3.2816019219414194 -3.296573687740599 -3.314062534221366 -3.3330624232685935 -3.3524470019008095 -3.371005371433214 -3.387473307952721 -3.4005588121073296 -3.4089618107988997 -3.4114564382907178 -3.4384648210610895 -3.5273090187832334 -3.670499584877226 -3.85981370324713 -4.086594633297427 -4.341709134430876 -4.615521796683133 -4.889679011936232 -5.135883360798339 -5.347742310878347 -5.520027524042166 -5.64860267828622 -5.729864197871764 -5.761242052502695
-3.4114564382907178 -3.4114564382907178 -3.4110537654061135 -3.404703347686606 -3.3916567260206087 -3.373260958108198 -3.350891335221829 -3.325941409010515 -3.2998070661007484 -3.273863320532474 -3.2494329283720447 -3.2277468582782682 -3.2098981232020423 -3.1967923397718927 -3.1891002061444893 -3.1872182204475643 -3.191243748491802 -3.2009687020229727 -3.215892953380532 -3.235255119124655 -3.2580755962241277 -3.283205478499803 -3.3093753179155283 -3.335239161803692 -3.3594112017805213 -3.3804941237250334 -3.3970995270071653 -3.4185584504135824 -3.4957173901545042 -3.6327375215351076 -3.8253748900741944 -4.065351987381834 -4.343876865823922 -4.6513750369183935 -4.962512399408481 -5.247687037249045 -5.502451056378702 -5.7221161650633885 -5.901453333689728 -6.035052064498427 -6.1178918817336125 -6.146095563986346
-3.4114564382907178 -3.4111732498796465 -3.4044069166138446 -3.3896143915330166 -3.3681535169003527 -3.3414310507679756 -3.3108989777269446 -3.2779953860243385 -3.2442866500759675 -3.2113550396800514 -3.180690540273497 -3.153643988322158 -3.1314162236059713 -3.1151253834251307 -3.1055745507688632 -3.1032388423317268 -3.108235349543125 -3.120314028708357 -3.1388769947573745 -3.163022249282901 -3.191603449662604 -3.2232956949241878 -3.2566584496707414 -3.290189575421119 -3.322367647979771 -3.351682347767609 -3.377008372632794 -3.4422917419317804 -3.572816172726091 -3.759942199764799 -4.000761827537544 -4.2899417765569385 -4.613649773995039 -4.950467611747588 -5.267533966701233 -5.560437120825074 -5.824753534838292 -6.054980578750408 -6.244644690665652 -6.3866646714158435 -6.474059426074777 -6.501012393792392
-3.4114428047466228 -3.405748391142734 -3.390608978407929 -3.3670042528253243 -3.33617169510415 -3.2998661218379493 -3.259863221941093 -3.217949732060978 -3.175907062116135 -3.135485339308409 -3.09836462138361 -3.0661007117509405 -3.0400552837736807 -3.0213141942885846 -3.0106033246752073 -3.0082161151315905 -3.014309797151821 -3.0290168760427516 -3.051617449600972 -3.081024574248411 -3.1158781863617917 -3.1546348835181495 -3.19564941618274 -3.2372402703174465 -3.277737063933736 -3.315511195550279 -3.3626822806932415 -3.4772026641618075 -3.6585859893001116 -3.89824868365463 -4.1822500957173885 -4.506312988630414 -4.858282657971877 -5.198816866106684 -5.521674252610616 -5.823460783821421 -6.09944770898205 -6.343369893593019 -6.547375919258609 -6.702298703137819 -6.798454222399396 -6.827109172632021
-3.4081747413148626 -3.393476311351897 -3.368170186946089 -3.334002898605535 -3.2927624710982504 -3.246278967688618 -3.1964232195870417 -3.1451020400249172 -3.094247061397951 -3.04579290338298 -3.001639110669723 -2.9635901102107525 -2.933269697254169 -2.912012512530109 -2.9007444548037116 -2.8998739813778602 -2.9092210853862164 -2.928005236733248 -2.955234012740539 -2.9904926062793473 -3.0322314597582976 -3.078634310476044 -3.127811836506316 -3.1778793849375027 -3.227007129058947 -3.273447491493435 -3.3572897081065065 -3.5178137880537634 -3.745999527945139 -4.024123167211048 -4.343079959045207 -4.696260623327987 -5.050516890381942 -5.3927559581481175 -5.721079574715133 -6.032365773601488 -6.321867108817892 -6.5827792487330195 -6.805893853516867 -6.979578465631757 -7.090486439369597 -7.125452314076059
-3.3970260717569487 -3.371762683476428 -3.335871833035808 -3.2911386779089535 -3.2394015573831734 -3.1825562421465765 -3.1225599077636206 -3.0614334328909765 -3.0012589836731545 -2.9441673563449076 -2.892306519874279 -2.84778044351516 -2.8125481285446536 -2.788280176695835 -2.776186114205201 -2.7768462835748577 -2.7900958146244266 -2.815001479293427 -2.849942834808334 -2.8927724582129946 -2.942132054167174 -2.996850249531816 -3.054749945014084 -3.1137222994408846 -3.1717740800178116 -3.2318362557652818 -3.3563701024641075 -3.5572368366093645 -3.815010638723974 -4.121801791075446 -4.472052727225562 -4.836349746851676 -5.186687233459205 -5.5286837065998204 -5.861126644408634 -6.181540944808141 -6.485626336601971 -6.766535509195515 -7.0140585224843335 -7.213972023047891 -7.348189804616181 -7.396809057518513
-3.3775113561123247 -3.3418993151458136 -3.29557270350336 -3.240345404237989 -3.178094292273461 -3.110767052407716 -3.040391892990675 -2.969088746536958 -2.8990796528077207 -2.8326923848129755 -2.7723457215267944 -2.7204980711297004 -2.679537143443925 -2.6515945100170155 -2.6382934288712767 -2.6404801150950226 -2.658025456726509 -2.689780055897178 -2.7337071436867513 -2.7871412919686787 -2.8470806362618903 -2.911031251338535 -2.9782452950631133 -3.046536673290974 -3.113757061383653 -3.195141128204332 -3.354362980701358 -3.5779008927239726 -3.857340616356676 -4.187730131131091 -4.55779708000041 -4.9192598046988705 -5.264240178143375 -5.6028096138806225 -5.936574024220334 -6.2641466932869765 -6.582316952313787 -6.885047298007558 -7.1620678347413325 -7.397153184460958 -7.566751036447503 -7.640979045751057
