CROSS_VALIDATION_INTERPOLATED_TRAIN_FILES_80-20/CROSS_VALIDATION_CLASSIC_80-20/Berg/GZ/Berg_GZ_2_train_z_710.asc
ncols 100
nrows 90
xllcorner 5.6208707817415728
yllcorner 50.959635321741573
cellsize 0.00013419651685393446
nodata_value 1.7014100000000001E+038
[rows 54 to 71 of 90, columns 0 to 40 of 100]
0.029161590110404707 0.029617788407898755 0.030092835303801226 0.030575453721648389 0.03105246831847578 0.031509238584943679 0.031930212100591195 0.032299563547780054 0.032601876700024242 0.032822822600469197 0.032949788069658405 0.032972414388805778 0.032883015661815208 0.032676858515266409 0.032352297554746869 0.031910772280005432 0.031356679045851203 0.030697134747970943 0.02994164672174094 0.029101696565055242 0.028190236238892379 0.027221086044529254 0.026208219851728533 0.025164927193978705 0.024102857544369298 0.023030980258483776 0.021954532505490031 0.020874071900877762 0.019784792270480855 0.018676289565324238 0.017532969379604406 0.016335258373103782 0.015061713716731082 0.013692018110623094 0.01221071106399043 0.010611355699929558 0.0089006964618147562 0.0071022525335116271 0.0052587401307978184 0.0034327449351568735 0.0017051854935535987
0.028779603007884132 0.029193023034919587 0.029629318476707252 0.030079323363268066 0.030531880671577867 0.030974112536530214 0.031391815130894847 0.031769961130964953 0.03209328329008266 0.032346905266939126 0.032516981345225578 0.032591305581876819 0.032559853365382176 0.032415223993319496 0.032152960819992839 0.031771734479138523 0.031273383111588816 0.030662809947157595 0.029947741973841611 0.029138353573034924 0.02824675680713843 0.02728635757487937 0.026271077068998332 0.025214444170832566 0.024128579342648039 0.023023115432543879 0.02190413433979662 0.020773236449588249 0.019626894914954611 0.018456269819801426 0.017247657874128138 0.015983722803359489 0.01464558487189789 0.013215745606312876 0.011681693395828564 0.010039892172234669 0.0082997198625042491 0.0064868203793732523 0.0046452870250789438 0.0028381262598384562 0.0011455699103705419
0.028412821521146055 0.028783857116339191 0.029181283782666941 0.029597976215977713 0.030024757265790021 0.030450514200767144 0.030862441804113606 0.031246411664195041 0.031587456960103684 0.03187035172436576 0.032080254087874356 0.032203375533253427 0.032227633730815337 0.03214324578383964 0.031943221799028594 0.031623725106703519 0.031184274064709409 0.030627769692605507 0.029960341902695857 0.029191013787476384 0.028331188134850548 0.027393964033155742 0.02639329610408981 0.025343017178739706 0.024255759569111655 0.023141831821698759 0.022008136250417039 0.02085724421849159 0.019686774871309307 0.018489240451250548 0.017252518273295617 0.015961077845763297 0.014598026720121164 0.013147940981814564 0.011600323023511092 0.0099533944486324549 0.0082178055492610792 0.0064197481044427143 0.0046029184218502432 0.0028288114267987496 0.0011749445242294175
0.028049708554885124 0.028376457295975911 0.028732396373761383 0.029112415481243027 0.029509338681934331 0.029913894043778234 0.030314808539037529 0.030699043234361782 0.031052173541974211 0.031358906614089167 0.031603714093752434 0.031771545065054786 0.031848573017329108 0.031822923611192065 0.031685328123668095 0.031429650945665473 0.031053247772023472 0.030557122730092638 0.029945865770986006 0.029227364417784847 0.028412295277793355 0.027513410466038314 0.026544643283967252 0.02552006804608007 0.024452762956105677 0.023353643810230577 0.022230359805226203 0.02108636825168602 0.019920327364917605 0.018725958263361916 0.017492520680400581 0.016206014405776278 0.014851155774523353 0.013414086132646975 0.011885653821714137 0.010264985999015853 0.008562950199288908 0.0068050198050468615 0.005033024220117064 0.0033053010773305344 0.0016948836911875563
0.027677073127906744 0.027955098564249277 0.028264190948391256 0.028601281569425339 0.028961284785546791 0.02933692620843719 0.029718689439752012 0.030094911377869661 0.030452046309794985 0.030775104652303577 0.031048254622914058 0.031255556397241056 0.031381781010950717 0.031413252976200422 0.031338648390322514 0.031149680356046157 0.030841610738261659 0.030413540397175955 0.029868446943899903 0.029212957339603753 0.028456860229068494 0.027612378597455543 0.026693237194885429 0.025713572300386255 0.0246867454675423 0.023624139298879222 0.022534032200580624 0.021420668647630529 0.020283657603534906 0.0191178382650957 0.017913742157664357 0.016658747363999749 0.015338960479097802 0.013941775286651817 0.012458950353779183 0.010889932920447577 0.0092450508936589293 0.0075481186786442549 0.0058379760232980943 0.0041685180909316367 0.0026068879977068221
0.02728074493771241 0.02750296815323431 0.027757016001019159 0.028041945284089272 0.028354922189920952 0.028690911654355535 0.029042472004189086 0.029399699396427705 0.029750358009707163 0.030080216771444214 0.030373592873735568 0.030614078824238437 0.03078540648469829 0.030872381921410126 0.03086181198569015 0.03074333939994759 0.030510108349606858 0.030159196232113682 0.029691767065307274 0.029112925166721072 0.028431271164534415 0.02765818399902422 0.026806871320266233 0.025891246838850364 0.024924707874507714 0.023918900837433622 0.022882577152481091 0.021820656093349024 0.020733621018337166 0.019617376644892034 0.018463681335341105 0.01726123440886651 0.015997440965317675 0.01466079622415685 0.013243733670264039 0.011745677514157997 0.010175945914983477 0.0085560855508390633 0.0069211986598509238 0.0053198650612197029 0.0038123711154327798
0.026846447891204391 0.027003200818032598 0.027191242973823006 0.027411899560017779 0.027664822967499704 0.027947543113234725 0.028255101910720774 0.028579830605744615 0.02891132232065078 0.029236637114627796 0.029540754229567152 0.029807258487375539 0.030019218742005922 0.03016019013362569 0.03021525268133763 0.030171989506181669 0.030021310103713554 0.029758037120143473 0.029381196857962096 0.028893980924556022 0.028303375368667984 0.027619481137015921 0.026854573661010357 0.026021969159123436 0.02513478128531129 0.024204665077100264 0.023240656447499598 0.022248224265130338 0.021228656259516678 0.020178895825147591 0.019091929559562126 0.017957790602459472 0.016765187921898024 0.015503697381975261 0.014166361997190957 0.012752456347207848 0.01127008794733779 0.0097382530469216529 0.0081879521148066174 0.0066620138597757173 0.0052133819753547063
0.026360828784616409 0.026440093519568893 0.026548679428606649 0.026690379369620883 0.026867634280027176 0.027080941353054035 0.027328316209903718 0.027604881956764728 0.027902654856908495 0.028210582498687471 0.0285148664831412 0.028799570334656334 0.02904747867036276 0.029241140679027756 0.029364004700048275 0.029401535252875428 0.029342201605940262 0.029178238085130197 0.028906098875057067 0.028526560513588047 0.028044459293836303 0.027468084212103068 0.026808275761220295 0.026077305025933244 0.025287625861589356 0.02445060603432777 0.023575351830928577 0.022667744901321986 0.021729808808023811 0.020759513377907025 0.019751104024051468 0.018696007378673503 0.017584311974625212 0.016406754317062733 0.015157061376059343 0.013834419397609446 0.012445768666926302 0.011007579142232701 0.0095467569337354362 0.0081003772866987921 0.0067140406586158122
0.025812578665420562 0.025800425671968864 0.025814100171135841 0.02586011085663948 0.025944046750354326 0.026069837306746675 0.026239026548232604 0.026450148455229174 0.026698292051102974 0.026974933069727723 0.027268084925574788 0.027562787324189021 0.027841910671008892 0.028087214211661597 0.028280561647782067 0.02840517509743954 0.028446800188695422 0.028394662839107708 0.028242120389895493 0.027986942618381742 0.027631196865090989 0.027180750985754128 0.026644443744213549 0.026033001700929405 0.025357803344099587 0.024629605192699196 0.023857351554787236 0.023047190075612768 0.022201808871645683 0.021320196559165276 0.020397901684593822 0.019427830772284466 0.018401573381147118 0.017311179504302117 0.016151243918346603 0.014921081817564033 0.013626721409609112 0.012282404853686646 0.010911291156234394 0.0095451023816078527 0.0082225510334569471
0.025193568766688053 0.025074792833134719 0.024976789261178196 0.024909067064879227 0.024880763144967517 0.024899746049177225 0.024971683520728462 0.025099175783922949 0.025281063300962671 0.025512009609921817 0.025782436272642796 0.026078850028523608 0.026384556579101499 0.0266807074603111 0.026947583359500184 0.0271659855859522 0.027318591987519521 0.027391136538187165 0.027373292248815399 0.02725917146465353 0.02704740067600183 0.026740772670504974 0.026345521660649719 0.025870302754669901 0.025324983414762171 0.024719370657085703 0.024062004132885208 0.023359142717370808 0.022614061333659501 0.021826755249202918 0.020994120149604827 0.020110636978382807 0.019169540713329915 0.018164393651324925 0.01709092074741738 0.015948904356569267 0.014743888051782478 0.013488414912343462 0.012202534920063533 0.010913365970132986 0.0096535853533689341
0.024499911078041982 0.024258847979614813 0.024031970192299169 0.023832090153113279 0.023672309810944016 0.023564958108588364 0.023520431750363398 0.023546056487118973 0.023645099693721729 0.023816061424346453 0.024052348989492996 0.024342401068143608 0.024670276162644396 0.025016663926539819 0.025360224850057893 0.025679121989964991 0.025952584144230746 0.026162336488499242 0.026293752199726593 0.026336613745158104 0.026285419627359467 0.026139224543187019 0.025901051339136331 0.025576956261732765 0.025174861151510082 0.024703285786276029 0.024170120571282809 0.023581575191050565 0.022941423891837155 0.022250643660964138 0.021507508175663749 0.020708158355365713 0.0198476205639515 0.018921188228830293 0.017926026145063195 0.016862805528813626 0.015737140324424803 0.014560580440779361 0.013350933652416262 0.012131740100946916 0.01093081213512587
0.023732846834989087 0.023354336767557028 0.02298199290544959 0.022632230628789558 0.022322523426129622 0.022070163468225025 0.021890855259245841 0.021797275533721329 0.021797753994299056 0.021895231460954213 0.022086632076867348 0.022362745473781177 0.022708657967823377 0.023104706683436373 0.023527866486365935 0.023953426320975253 0.024356776916892704 0.024715120721386409 0.025008928349519378 0.025223000993974891 0.025347049155715513 0.025375756966981654 0.025308360168603682 0.025147817402584323 0.024899693805569161 0.024570900219054219 0.024168440114943714 0.02369831057922623 0.02316468521031461 0.022569477530749664 0.021912345260007286 0.021191150227371683 0.020402837814680622 0.019544646523230652 0.018615506896143517 0.01761744552520144 0.016556781386203326 0.015444895714610413 0.014298379336854732 0.013138416268999288 0.011989348554632673
0.022899366140825141 0.02236981338691036 0.02183714693203543 0.021321655378789085 0.020845547699877599 0.020431526769147064 0.020101117187555313 0.019872897164113064 0.01976081451938639 0.019772775323922499 0.019909676643770378 0.020165012726318716 0.02052512138919569 0.020970062751642767 0.021475046518365785 0.022012258038371126 0.022552887060270886 0.023069143012111583 0.02353604897617733 0.023932841032038125 0.024243854182711182 0.024458842025489085 0.024572745209007922 0.024584984851169632 0.024498404828846541 0.024318017214885725 0.024049716837074651 0.023699124853840105 0.023270699679324332 0.022767219493129147 0.022189697011893918 0.021537737219950372 0.020810295534966917 0.020006741118079999 0.019128082288525784 0.018178173789530648 0.01716470511750539 0.016099771213997138 0.014999856061409363 0.013885117849640041 0.012777949074969534
0.022012470428255416 0.021320933898244139 0.020615982259730388 0.019921990803648128 0.019266191613404211 0.018677051759141187 0.018182320144584978 0.017806909903811181 0.017570823237264811 0.017487341217603029 0.017561687477083678 0.017790331400956046 0.018161028041859782 0.018653607436776569 0.019241437389302042 0.019893404091174675 0.020576195893662642 0.02125664542603465 0.02190388767176444 0.022491124948813078 0.022996847771901065 0.023405433831845159 0.023707124941207407 0.023897453393301828 0.023976246426138527 0.023946375003663194 0.023812428745276913 0.023579493183051657 0.023252181283497993 0.022834032202698994 0.022327340895340185 0.021733426896430465 0.021053293777611615 0.020288577049164203 0.019442632581387134 0.018521585253085532 0.017535143822364992 0.016496997584941067 0.015424646155439724 0.014338575757250144 0.013260780031549076
0.021091008059995177 0.020230246061600628 0.019345045452712629 0.018463997341053952 0.017619534943615379 0.01684611139124962 0.016177955947872115 0.015646592994510496 0.015278358353422901 0.015092170870897433 0.01509780736276279 0.015294884781280056 0.015672679164586846 0.01621081618455384 0.016880766271123178 0.017647983204933916 0.018474452472046494 0.019321374798640399 0.020151706161230694 0.020932307355663919 0.021635517635650615 0.022240047714743395 0.022731175280289652 0.023100308969677998 0.023344054394019341 0.023462961384467025 0.023460151997361796 0.023340024206246278 0.023107199592095069 0.022765839429363798 0.022319397937040596 0.021770819948709434 0.021123128614474428 0.020380292601990029 0.019548217105546731 0.018635674067420706 0.017654979065138826 0.016622238820347572 0.015557035684837038 0.014481482261576924 0.013418665423136578
0.020159042647704746 0.01912642927134648 0.018057978827945555 0.016986517810215658 0.015949718886397048 0.01498807784167442 0.014142376838122396 0.013450835763362159 0.012946214136369656 0.012653157332261501 0.01258607509421563 0.012747795243420568 0.013129155354998548 0.013709590129670858 0.014458656927743431 0.015338333135545841 0.01630583252146723 0.017316635706559148 0.018327418871736369 0.019298594828270309 0.020196245326537542 0.020993311902442822 0.021670010966786328 0.022213533330918293 0.022617166988862646 0.022879036280473962 0.023000676259238247 0.022985657971095648 0.022838451566129576 0.022563665196660025 0.022165735280695771 0.021649075158594745 0.021018621577205389 0.020280658544021904 0.019443752088965496 0.018519602769412995 0.017523619628457152 0.016475042315283468 0.015396487311746601 0.01431286668242724 0.013249716967655471
0.01924475269495763 0.018042984160144084 0.016793983732180225 0.015534702726748291 0.014307927742456102 0.013160061993167063 0.012138302096742208 0.011287429023592345 0.010646502972321767 0.010245791148155131 0.010104255692505122 0.010227883261936792 0.010609051938358961 0.011227016014904861 0.012049460693289132 0.013034955355877169 0.014136033714757669 0.015302565946778708 0.016485069976658114 0.017637637200357346 0.01872021593086156 0.019700091890278847 0.020552514094545817 0.021260520822592728 0.021814110249891806 0.022208963677303968 0.022444960658854672 0.022524723967544201 0.022452401490829464 0.022232837997995421 0.021871220191936165 0.021373202165830642 0.020745443871622103 0.019996430423360488 0.019137392013561641 0.018183118646220568 0.017152464812225696 0.016068368418590988 0.014957264640724242 0.01384785446177348 0.01276928156014031
0.018378907094864651 0.01701642536795029 0.015595711277868303 0.014157586569684834 0.012749646839805867 0.011423859074761011 0.010233468308727275 0.0092294480159013509 0.0084568098054707067 0.0079511347818275388 0.0077356911490773367 0.0078194563057644439 0.0081962705178217979 0.0088452245290776624 0.0097322423236370845 0.010812682927041718 0.012034671470616043 0.013342795792239757 0.014681780178932798 0.015999774153813436 0.017250965335551698 0.018397328861702998 0.019409445288729212 0.020266436907020922 0.020955173461441691 0.021468970658476617 0.021806041946218956 0.021967964512521941 0.021958387547177639 0.02178215135956147 0.021444908939182931 0.020953256969437999 0.020315301114950716 0.019541509819441423 0.018645659814239095 0.017645651235693852 0.016563974620051776 0.015427647223352416 0.014267499924690237 0.013116782601822245 0.012009155942339575
