_RESULTS/CROSS_VALIDATION_POSTPROCESSED_80-20/Berg/GZ/9comp/2/Berg_GZ_z_0_kriged_reverse_9comp_spherical_2.asc
ncols 100
nrows 90
xllcorner 5.6208707817415728
yllcorner 50.959635321741573
cellsize 0.00013419651685393446
nodata_value 1.7014100000000001E+038
[rows 72 to 89 of 90, columns 0 to 39 of 100]
0.004376994024890731 0.005453606683180778 0.007040988521790542 0.009355602370425067 0.012697587568842834 0.01745233613721159 0.024049446429075718 0.032827227488102254 0.043739596648472594 0.05591251636440667 0.06732357574394558 0.07521634646211064 0.07747265466755615 0.07383382211828628 0.06575901801635427 0.055371581625671115 0.044565217935168745 0.03462459966917319 0.026209041066298622 0.019500839037756523 0.014444935141483562 0.01074654901185657 0.008074915326316497 0.00616189083030514 0.004801426473946247 0.0038413569534362984 0.003172974936168051 0.0027213431492961616 0.002440868274265369 0.0023645746540347286 0.0024591735038229337 0.0026810202420411724 0.0030077902567110892 0.003464931796291471 0.004090939091665805 0.004923416336009097 0.005986665755696357 0.007310121487367517 0.008907846689275722 0.010759391974105494
0.004580436781946009 0.005649868679778564 0.007228326798714169 0.00953086714330257 0.012861218655831612 0.017621867701725295 0.024288286581826656 0.03328876701810168 0.04468741683347823 0.05757945797651356 0.06944760641576886 0.07663054642116007 0.07676781957721183 0.07061228956102547 0.06077808676668586 0.049781534356598725 0.03929156080692039 0.03017502766470829 0.022875418950087302 0.01729468584389404 0.013096184584025937 0.00997572076592729 0.007677663000119024 0.005997477300353041 0.004777467404712157 0.0038997280173827973 0.0032786865902159493 0.002854556337414548 0.0026165339372206772 0.0026120620696382687 0.0027897914551031646 0.0030735802209136014 0.0034813568540981886 0.004047084203805962 0.004820330568578437 0.005871264658103165 0.0072969908503188125 0.009166876136850839 0.011499719906161816 0.01429990853451456
0.004795647072045103 0.00585146637961232 0.007398027043660794 0.009654309413046094 0.012922333722463514 0.017618219894941212 0.02427256021184243 0.03345778116423252 0.04551320127989608 0.05979433793538914 0.07325030890384959 0.08018326414286941 0.077435732433765 0.06800297278463346 0.0562240351448432 0.04470846542443165 0.03469886101398816 0.02677405122603945 0.02063690935849971 0.01593314221385763 0.012356603468812203 0.009654812908113413 0.007625312645917674 0.006109274572668194 0.004984578669777222 0.004159283866794931 0.0035659776944369495 0.0031581930892610665 0.0029822538305693245 0.003056606965997674 0.0033024976010204692 0.0036706332492832607 0.004189416367536427 0.004903667873005544 0.005878711900374628 0.007207684350544463 0.00902096820395723 0.011496855115883794 0.014838890514578772 0.01904102644594045
0.004954411101885244 0.006055481310212764 0.007549708622407041 0.00971665085552153 0.012852358610607415 0.017368301568937212 0.023826604263276274 0.03293860235255088 0.04544493381897955 0.06154606148496948 0.07858308506698264 0.0861657399242553 0.07833648559595653 0.06470573029543829 0.05127494562709421 0.03994900929249356 0.031175990373323994 0.024415834963300177 0.019207621286162203 0.015194674086683183 0.012104195423863399 0.009727253191672704 0.007903441799619855 0.006509714788604921 0.005452238535867011 0.0046603879727291474 0.004082370472726108 0.003698808844337035 0.00359616960530821 0.0037228118495245136 0.0040511098899815 0.0045302764110673275 0.005196036773994594 0.006107826331103823 0.007352729579875694 0.009056515005832249 0.011398541026770983 0.01462985325305779 0.019090378980372538 0.025195888123309994
0.005030427787505535 0.006166673029228132 0.0076770752816377325 0.009718780423462461 0.012640197912730815 0.016828878223577665 0.022815259841320032 0.03132956417555307 0.04333837240709948 0.06002235867687794 0.08223366095818115 0.09366535681974207 0.07550716298166886 0.05880509810271926 0.04562751053365323 0.03581705272670376 0.02841041407582099 0.022744745316463807 0.018365636043152493 0.014954913689055013 0.012284681685433344 0.010188316671261253 0.008542040071004835 0.007253035861429803 0.006251656294994191 0.0054862684487707175 0.004919950028119259 0.004572109370645519 0.004498201148087582 0.004682292562478398 0.005117140720422546 0.005738778724376066 0.006592644330031024 0.0077569932841706594 0.00934749698231626 0.011533873879957673 0.014563721560977112 0.01879433227620536 0.024729114512610045 0.03304280099357501
0.005015967208932923 0.0061454877845590295 0.0076456687579531165 0.009640773563654555 0.012306093887584687 0.01602385270320977 0.02125393786282343 0.02856099886508819 0.038648273785115546 0.05221152222055235 0.06871737557394769 0.0755723027328009 0.06305009317038675 0.049826345507256065 0.03967398467087294 0.03199021769693364 0.026114435309626267 0.02156169783734834 0.017990581075171895 0.015160408597974233 0.012899479926566955 0.011083638717082941 0.009622182663651259 0.008448659653466598 0.007514877198086903 0.006787081516151506 0.006213937160433109 0.005838183635095967 0.005784942077954348 0.006046096560319706 0.006615489592111426 0.0074119387641747025 0.008494434779399344 0.009964005606183674 0.011971322306265873 0.01474088868220732 0.018607849902065737 0.02407195493747279 0.03187061366947652 0.043059305045767764
0.004912520050265803 0.0059943908112524745 0.007422550731718171 0.009306769777433457 0.011789333613807497 0.015049045505221261 0.019351001717003536 0.025097677951266488 0.03251083994057128 0.04130831364672333 0.04948654069547218 0.05206805239095498 0.04723909917365258 0.040234466896764395 0.03379283806826604 0.02847309208394943 0.024201972063035745 0.02078548421632868 0.018039933300121467 0.015817521211267727 0.014005240001129814 0.01251844764077016 0.011294768476123372 0.01028952552314382 0.00946623011763424 0.008729598620374557 0.008050043457481592 0.007637669003385833 0.007612725909070035 0.007973630108648122 0.008702988394231524 0.009698207175972418 0.011036559453467302 0.01284445377693638 0.015311389954336885 0.01872284130093627 0.023512969901115278 0.030348150704085596 0.04025557982036692 0.05480712096326693
0.0047304734161267925 0.005730424356367583 0.007036432556003535 0.008735860902014747 0.010934698653463018 0.0137520130588208 0.01729976926418218 0.021628557596576534 0.026638796683707083 0.031867036992589026 0.0359480332508144 0.037053476700406394 0.03535535377307528 0.03218302141532896 0.028688810952698103 0.0254702675918712 0.022712659281801474 0.020420017274028878 0.018535794661689725 0.016991527991462717 0.015723911345500587 0.01467979322951402 0.013810099787362013 0.013008408491476425 0.012223136044582503 0.01143532243568128 0.010650734844639435 0.010198557420998433 0.010209072688815903 0.010691052466899824 0.011587545161839578 0.012778589676188602 0.014363552667573295 0.016494500683407295 0.019398448924477358 0.02341792055421757 0.029078553155968783 0.037202067386394595 0.04909545480308404 0.06686522056123123
0.004486937179633953 0.005381115234375667 0.006532554293274294 0.008004069959539934 0.009864569111841422 0.012178004791835421 0.01497814462936541 0.018218147329146873 0.02168423637963968 0.024889448484464626 0.027061439416149833 0.027787080517220765 0.02745235184932783 0.02629564166801904 0.024750199173749102 0.02316554627015329 0.021732355335834647 0.020525883081646077 0.019558816779969967 0.01880797794443153 0.018201636104972826 0.0176760807399628 0.017168655690249248 0.016619648432280837 0.015979833640728632 0.015219556293553338 0.014353821663479567 0.01385848872273655 0.013905118255193267 0.014516035363398854 0.015535842557537082 0.01685996368027213 0.018608933465626087 0.020958663275923408 0.024165750910098267 0.02861172101280172 0.03487848497263489 0.043877239748379704 0.057071891125109055 0.07687393662718185
0.004202505172129361 0.004978594304554287 0.005961739671152807 0.00719268486228093 0.008709844019645266 0.0105374598975408 0.012664028538552174 0.015008106283009665 0.01737549577317224 0.01943255926284703 0.020796965515455262 0.02168529404178549 0.022113818799492993 0.02211504525529414 0.02184666365884096 0.02148479187967493 0.02116041958295033 0.02094722088760499 0.020871627640806124 0.02092485213936256 0.02107047408116921 0.021248212899683944 0.021377104289155683 0.02136222950294968 0.021108743475329338 0.02054400740112021 0.019664314552131405 0.019121802828146506 0.019184379576432452 0.01987148950738006 0.020875350514401633 0.0221566813042471 0.023862072411757283 0.0261900853348837 0.029413502399712976 0.03392152173613285 0.040291821196326884 0.04941123804848615 0.06267982723499516 0.08236119538395927
0.003897977275746167 0.0045540004473054825 0.0053707982956620005 0.006371870223879823 0.007574243150283489 0.008978635148073243 0.010554466222319163 0.012220756441715174 0.013829481549709817 0.015167192756645364 0.01618738611685239 0.017148508538343404 0.01797671868573342 0.01865452965773479 0.019229090070934606 0.01977943538228937 0.020384644270927555 0.021105744397138592 0.021978542757801627 0.023010175823808977 0.02417446083604411 0.025404697613322088 0.02658625047166216 0.02755551867139422 0.028115848852871453 0.02807983711341914 0.027349026387785726 0.026750720364737624 0.02675587626043998 0.027313694925598084 0.027981929752095156 0.028852566096735883 0.030120006957887892 0.03200924352728063 0.03479312505429616 0.03882980930896901 0.044622851533087884 0.05291261741163718 0.06481443163779646 0.08202134586126354
0.003591846282533235 0.004133597841539089 0.004796742720587954 0.005592721164658617 0.006525441928092238 0.007584257246614374 0.008734872621211243 0.009910146168634481 0.011005680167378582 0.011893417791161908 0.01276131565892184 0.013720336503972067 0.014726764239731707 0.015767485276531365 0.01686255610828297 0.018057334536422893 0.019410190575749085 0.020981126565863324 0.022822156385369854 0.02496685467401977 0.027415293653070168 0.030111240846631686 0.032911720821315674 0.03555738548335899 0.0376674990339055 0.03879822585374431 0.038589661531793704 0.03791321947839923 0.03766168857602386 0.03754602485371359 0.03723531168565003 0.037031440247783154 0.037223478386997765 0.03807020393411051 0.03982310145605519 0.04276752413564316 0.04727276273631697 0.05384976860096063 0.06321532604920455 0.07634707388878774
0.0032988962279068184 0.0037370103605131205 0.004264993166602317 0.004886620123099672 0.005598777794442405 0.006386931471980028 0.007220145554069838 0.008047300208228558 0.00879738498920032 0.009429413855421192 0.010183395560181357 0.011094327444823035 0.012151406664982775 0.013361035693466354 0.01475049666933925 0.01636831702259763 0.018281980837035937 0.020574100716766915 0.02333677616904182 0.026661501169471306 0.030619182292463673 0.035221921892081794 0.040357154495428656 0.045692640930356104 0.050583564659902394 0.05408301720735332 0.05520954466992337 0.054425728518098224 0.0533394697059226 0.051377688401894155 0.048907821891552766 0.046560694312405594 0.04478141740488642 0.043847165724218845 0.0439414391324702 0.04522528199182921 0.047889973316466446 0.05219173725175309 0.05846622680058672 0.06710449575939276
0.003029842842636717 0.003377199763318527 0.003790381587272992 0.004268723216798628 0.004805991166759248 0.005387667539573583 0.005988458436597883 0.00657111874142832 0.007088089900098245 0.007569713509518193 0.008221932829249741 0.009058840051417931 0.010092204387650254 0.011348638254378172 0.012873621736794787 0.01473553972499856 0.017029567283716202 0.019881371165236552 0.023449765316497673 0.027925239209421908 0.033516827199503225 0.040411550329219344 0.048677433983591305 0.05806846336560446 0.0677126071513764 0.07582521760990753 0.0799691069398518 0.07915263557232233 0.07553617560266708 0.06954254033316448 0.06292518920040246 0.05691701787743247 0.0521020334756367 0.04865968497263912 0.046592685897810494 0.045860392018207796 0.046440928761023965 0.048350861689663724 0.05163522134984292 0.056323983846938416
0.0027917188978677236 0.0030615072719431756 0.003379511988257095 0.003742754341795837 0.00414409875054264 0.0045707148418738875 0.005002952106282517 0.0054142703261859755 0.005772941915970161 0.006155856901554808 0.006715369085509903 0.007465731246005343 0.008432956276442473 0.009659330965738816 0.011208380673304692 0.013171733213594383 0.015678227430768733 0.01890579020968792 0.02309626453790412 0.028571777128023883 0.03574663169080733 0.045116836592354714 0.057180661713582964 0.07218130684029152 0.08946571881744812 0.10630778479294824 0.1171177849974755 0.11642740830638057 0.10626480733447208 0.09215137679735498 0.07842017580006388 0.06697993314844894 0.058178659712499206 0.05176102775832218 0.04734090645718404 0.04457226189203949 0.04319006621244835 0.04300167248037719 0.04385758913137361 0.04560800427049571
0.0025886664129411087 0.0027931308447221846 0.0030333967265171666 0.0033054496815992534 0.0036023574217184332 0.003913435589760536 0.004223812347384602 0.0045147421391152675 0.0047650937959673265 0.0050745192542128595 0.005549751987230238 0.006209863704558961 0.007088587895221465 0.008237935119512171 0.0097343717215603 0.011688220083997483 0.01425746994340933 0.01766784224646741 0.02224162902034803 0.02843815609825303 0.03690733421993781 0.04855028456810514 0.064553323093792 0.08626817554892521 0.11451199551353825 0.14706498723390218 0.17297891611328864 0.17186627482193845 0.14644079981426372 0.11733044958070729 0.0930950151314775 0.07493069714288034 0.061818839255044895 0.05250843120283747 0.045989252817874825 0.041529325873517875 0.038615163605114404 0.0368839063188426 0.03606527028165795 0.03593318181995848
0.002422868964838649 0.0025726178086899836 0.002749782661978394 0.0029500048814932985 0.0031669990162303194 0.003392110244537048 0.0036141949614448173 0.0038200033186233033 0.003996357436084804 0.004244397688554714 0.00464374527232877 0.005215568471095363 0.0059964265234855995 0.007042400331066629 0.008436227431775967 0.01029855507686463 0.012805243827326878 0.01621387819728566 0.02090451255513133 0.027442505954458227 0.036675308650413796 0.0498796369219885 0.0689756092397135 0.09679385146898198 0.137179691525126 0.19345352584453412 0.25351363954098294 0.2505180491723057 0.190445736342346 0.13882348012717965 0.10291465688019974 0.0785767178170652 0.06200218832438871 0.05059373155968689 0.04266832048425299 0.03713901410311026 0.03329423546283349 0.03065596127539185 0.028889086030180762 0.02774256108405086
0.0022954644905252976 0.0023991656137437554 0.0025249636861485953 0.002668471531184379 0.002824133309276515 0.0029849825460692998 0.0031426448302392406 0.003287669309101825 0.0034117638221761856 0.003606896511271284 0.003938649886368237 0.004427628174357016 0.0051097581055481005 0.006040604964961963 0.007302877868370359 0.00901845862023073 0.011367275167693718 0.014616892309723191 0.019169237323644204 0.025635143578723794 0.03495465018569452 0.048593485037517724 0.06886788353836862 0.09948802011220681 0.1464776817216768 0.21890042360183026 0.32726745782611255 0.31872103988855605 0.2131896896622115 0.14578503836757054 0.1035773346449677 0.07638177921891273 0.05839920653793761 0.046233596323949015 0.03784179127596707 0.031961901711348294 0.027793676272417984 0.02481488385569472 0.02267306245403326 0.021120383561770043
