_RESULTS/CROSS_VALIDATION_POSTPROCESSED/Berg/TZ/4comp/2/Berg_TZ_z_1000_kriged_reverse_4comp_spherical_2.asc
ncols 100
nrows 90
xllcorner  5.6208707817415728
yllcorner 50.959635321741573
cellsize 0.00013419651685393446
nodata_value 1.7014100000000001E+038
[rows 54 to 71 of 90, columns 0 to 41 of 100]
0.05601395385353384 0.06496957200138243 0.07511631076214904 0.08609628805810109 0.09728769020322889 0.1078043648860217 0.11658084131722732 0.12255524931582605 0.12491488957028626 0.12331873961486585 0.11799872154145119 0.11006314839910906 0.10152286325059481 0.09298968274334744 0.08572360168402485 0.0825124397880968 0.08347330426300532 0.08870430748568721 0.09892230452087239 0.11561705138020556 0.14138498904341631 0.1805446805993137 0.24022356994980962 0.3322722365200996 0.4765523834066001 0.6922913062333074 1.0011225934549668 1.435499639785561 2.0346641949546944 2.843662969778112 3.90853784189679 5.247874990167859 6.187840363915402 4.365417463324653 2.820168263406465 1.7967056602584301 1.1431597233385125 0.7323689168931905 0.47559941089134516 0.31487934243740084 0.2136379268793708 0.1492451764378181
0.0470988782299228 0.053330227495573694 0.06024299362398399 0.0675594135719517 0.07485579650524565 0.08157629131675546 0.0870911204166145 0.0907992433356448 0.09225391063866899 0.09127052253863258 0.08797444889383878 0.08277165956376722 0.07686477869142522 0.07108211512371604 0.06620429541001237 0.06426791074352557 0.06528076425044153 0.0695142779794176 0.07772834546974153 0.09114157821613014 0.11188931917987992 0.14355411310459648 0.19211304504721413 0.26763322484550206 0.3834616673107754 0.5511846594977856 0.7904177509845036 1.1255318835596155 1.5834975116809293 2.1861158885017233 2.922950767898267 3.653207279843128 3.859930831958789 3.1696157600579373 2.243182478869447 1.5035392269831427 0.9900073748775434 0.6511453065120619 0.4321409583228703 0.29153835998245387 0.20114667932711605 0.14267989319797736
0.040264791900454164 0.044561040659803805 0.04925381740546849 0.054135943575232534 0.058921279187078006 0.06325908025526399 0.06677124288624128 0.06910977912777327 0.07002225945265665 0.06940570160294966 0.06732996583249094 0.06402179808977797 0.059879797458869746 0.05578940227957695 0.05232958966222463 0.05113024333183538 0.05231241731691185 0.05604808310884018 0.06287900442993169 0.07384065583395023 0.09074802127056193 0.11664000282382488 0.15650083629092632 0.21777399558383892 0.30656353519875795 0.4330574034586664 0.6104601411702577 0.8534931664625193 1.1744867709494222 1.5710702132301149 2.001182525459802 2.3419534389660748 2.394869930777522 2.0872995788469297 1.6058712265229838 1.150505157739175 0.7966674732304292 0.545082827747644 0.37365135572261576 0.25911618705386674 0.1831382640419835 0.13273792861319372
0.035148401149029035 0.038062182965379956 0.04122008602779621 0.04446911981231966 0.04761495396757869 0.05043309138838965 0.05269185070066796 0.054184642853887154 0.054764733996535996 0.05437291544570129 0.05304931351655755 0.05092534662090558 0.04819856385628183 0.04520382159705417 0.04261111873903936 0.04174528391659281 0.0428619785429841 0.04610670567265331 0.051938638665175146 0.06123333976471929 0.07549157629291169 0.09721956321765336 0.13026871607646245 0.17770011522568843 0.24453028953937989 0.33745383016087893 0.4639655490217131 0.6306470532794911 0.8391332826428877 1.0782674591270172 1.3124373369309426 1.4747238095604387 1.4908715511655808 1.3430709219680304 1.0955562921723383 0.8337419932724698 0.6089093631036813 0.43594176096946247 0.3106448388974047 0.2227970159210473 0.16222335422474418 0.12076315166643015
0.03145416724401725 0.03336411377701291 0.03544386590944525 0.037578854591557666 0.039634410052761346 0.041463377855474486 0.04291994473307929 0.043877820983194496 0.044255568877234884 0.04403330872377516 0.04320851781208853 0.041843000812277445 0.040056314896422605 0.038005213250405845 0.03597901144162754 0.03521890987044656 0.036167471190003714 0.038936239652197044 0.04390810035204695 0.051820588194574226 0.06393874242435867 0.08216206883188928 0.10787627912846491 0.14354851507151087 0.19248612367279047 0.2584728186872981 0.34513276486361066 0.4544786163589885 0.5842168729439318 0.7237661885848685 0.8505952814436708 0.9319484607461875 0.9384244605941805 0.8647413205435528 0.7357668752294713 0.5885706297414963 0.4516604919521174 0.3384926374706911 0.2513612012781667 0.18708696864390098 0.14086199901716528 0.10761065599780312
0.02896400160047277 0.030122337788499275 0.03142335940675775 0.0327778688949627 0.03408977115264056 0.03534579553290398 0.03647111201607278 0.037328982185614465 0.037807779435301454 0.03783618056502359 0.03739396653025792 0.036514884662518766 0.03528052690748019 0.033807096592514616 0.03222903421963706 0.03123853469606237 0.03179773098347602 0.03403025506803835 0.03829121753805742 0.0451241368897702 0.05534682472634671 0.06953681172015964 0.08895645853581934 0.11523803108826826 0.15028532739090072 0.19604299161050986 0.2539681729712246 0.32405593939962685 0.4033647522483265 0.48436954114381414 0.5542862476207131 0.5973445262437141 0.6010854936346116 0.5636086312823079 0.495273218930556 0.4127273451409394 0.3309222700558786 0.25898163675842495 0.2003806269476956 0.15496485026854132 0.12037492075966927 0.09406682311227314
0.027540447727196358 0.028106439005830083 0.028825482007254523 0.029772391918125397 0.03089678875196706 0.032072531946949416 0.03317241409610239 0.034075639910051816 0.03467959146659089 0.034912758015439624 0.034745100391630625 0.034192650323585226 0.03331486187734687 0.032205540662776595 0.030980141845525038 0.029943200316037272 0.030052909714686837 0.03165614954848201 0.03504759620892129 0.04044365971824152 0.048285422825714776 0.0590617868456863 0.07351441373812564 0.09260043368968458 0.11734487818708668 0.1486444275719323 0.18692272024562748 0.2315357324805712 0.2799864162950327 0.3274672587159749 0.3670702203047566 0.3911234102448537 0.393947816953253 0.37470889154464115 0.3379408567944342 0.2913845045528346 0.2427870821877127 0.19773390511155634 0.1591294334787169 0.12714859258917485 0.1013619864879029 0.08112912520016402
0.027125902971753147 0.02730309166272205 0.027911240982981415 0.028838109942508322 0.029968317088759504 0.031184324330684497 0.03236603618782038 0.03339648601826553 0.03417214013095656 0.03461525620536014 0.03468493309937685 0.03438360773644901 0.0337570227670952 0.03288774585470284 0.03188436505024922 0.030884956354270358 0.030720124603225138 0.03170303832701245 0.03387490351266607 0.037504306651034984 0.04292341382819531 0.05065917933128305 0.06136278812890379 0.07541866384269398 0.09333862703915899 0.11545308786635512 0.14164024742904274 0.1710038542528747 0.20157312628345492 0.23021042151010543 0.25297011643117884 0.2660429184004385 0.2670565943156472 0.2560744640952984 0.2356182817636472 0.20914728353774933 0.1802612647360023 0.15205853408987896 0.12608017720704073 0.10348607702232422 0.08465456792864753 0.06943479250324397
0.027387695026843174 0.027967956996192554 0.028813595600947327 0.029866209540448916 0.031120081076196307 0.03250195147470755 0.03388852835082314 0.035155919406794474 0.03618961589847323 0.03689770905358642 0.03722396649015401 0.03715707736169132 0.036733324180223154 0.03603199709609609 0.03513393591339507 0.03403547676150822 0.03309077931535324 0.03312327228323268 0.03416611200604439 0.03629149259464385 0.03990111077275264 0.04542947174703809 0.0533266024529797 0.06415601390606658 0.07778531795919336 0.09413239439373752 0.1128733152679857 0.1331465953865581 0.15344438122139756 0.1716712098289798 0.18546318741706794 0.1927621416361347 0.19246493135218976 0.1848345538703662 0.17142620322790308 0.15447786777747866 0.13594281417124496 0.11747350258146491 0.09989131333084944 0.08410804019416715 0.07055448624280956 0.05929906602396053
0.0282613232780938 0.02936802235737774 0.030771517769515387 0.03241309538948041 0.0342213939088907 0.03610888827050491 0.03797158232837777 0.03969287622405314 0.04115205002420794 0.04223672902110935 0.04285730975576588 0.04296017627069482 0.04253627514096376 0.04162261047267477 0.04029621851282753 0.038662369687674655 0.03685570740243835 0.03571228290703393 0.03569584452702272 0.03698867690243021 0.03962465898447272 0.043745981432603845 0.049614521357287444 0.05765185514893767 0.06829109722131689 0.08098345585271324 0.09510035881369733 0.1098638894959438 0.1241016475500289 0.13635183246313914 0.14511700706369307 0.14922443544457967 0.14816464257445874 0.14208674184553655 0.1319228852704675 0.11915593853192763 0.1053592587091193 0.09186979692270926 0.07963175466519472 0.06876862731688889 0.05922842715531679 0.051112003626166726
0.029724884532755177 0.03144600073232947 0.03352941765250237 0.03591803861118942 0.038531732625363545 0.04126131355228754 0.04396679351783266 0.04648211322577577 0.04862785606803539 0.05023157416099587 0.05115258494623624 0.05130549909937493 0.050675813709706155 0.04932265427416995 0.047367765146603236 0.044974300063819236 0.04232736218050595 0.04008805421889537 0.03926026637345534 0.03978076338229911 0.04158184639100183 0.04469960460162607 0.04925545166236697 0.05544566933573162 0.06353419810940168 0.07374122261535453 0.08501226925358678 0.09639307393669055 0.10692541209896482 0.1155062349356261 0.12108702581329774 0.12291855526515079 0.12075657147218592 0.11494003299259586 0.10630180083309726 0.09594896080245356 0.08504472396697708 0.07465332191548635 0.06533525055944375 0.0573910617625765 0.050743122912749426 0.04495352215764121
0.031772705464467484 0.03423230977570765 0.03716500303513493 0.04051927838227596 0.04420673981892405 0.048090869774653544 0.05198123408403086 0.05563765134231377 0.05878826113127703 0.06116235340855672 0.06253335959645111 0.06276152363167727 0.06182295061572886 0.0598147701631586 0.05693450266276031 0.053474497269639105 0.05023921123059581 0.047454901712109636 0.045515778903973195 0.04506337411304724 0.04594693653280883 0.0481013460403472 0.05153799067328466 0.05632428051308997 0.06256843080787208 0.0704076484518309 0.07972164312489023 0.08890650595776721 0.09696110051999891 0.10301099792275295 0.10631614223963691 0.10644472293203637 0.1033874503831756 0.09756458149539625 0.08972646845211107 0.08096943296696968 0.07212515361613497 0.06375175066075398 0.05624184792299658 0.049826421496776636 0.04461008853476937 0.04049410093664035
0.034406789072531654 0.03776687237462166 0.041772273044568355 0.04638673956518987 0.05151917502551125 0.05700256308267287 0.0625788756579739 0.06789867016102392 0.0725446078696452 0.07608368968556341 0.07814247525944137 0.07848616902556839 0.07707430807480536 0.07407079514987219 0.06984493542830911 0.06561171685386763 0.06179656160071984 0.05841760082784513 0.05548857730955008 0.05364773530143861 0.05335290902548773 0.054420264369698226 0.05675066309152834 0.06029927898286672 0.06505412186917103 0.07102174874972304 0.07822118252449724 0.08591701797091188 0.09226505829007067 0.09651455987988389 0.09813533687760004 0.09691516889392585 0.09301366253778054 0.08697977359001004 0.07979377225732436 0.07210106200112884 0.0644407154376177 0.05724702507073712 0.05082327395647039 0.04534931088029526 0.04091053074267046 0.03753600021458011
0.037624276979614485 0.04208463936987476 0.04744544367901229 0.05370475598427088 0.06078421812953532 0.06849062756772095 0.07648152592117247 0.08425044824984998 0.09115203361727706 0.09648265340211802 0.09961286758466154 0.10013752470761696 0.09798611868030485 0.09345089763494772 0.08813857085302845 0.08305323250832684 0.07830716949687468 0.07399917582005083 0.07019705713310369 0.06693579964108669 0.06493953805503588 0.06458642145981167 0.06563790661831673 0.06792538042439751 0.0713202193836476 0.07571608860893711 0.08102395398614995 0.08712929378928569 0.09225173360340096 0.0950969393915161 0.09529232472142155 0.09280415844432581 0.08804567957033016 0.08191783321856061 0.07496941005565913 0.06771771795546755 0.06062194456731526 0.05403877325944758 0.04821026745298254 0.04327680589829226 0.03930464177304973 0.03631913625780282
0.04140288347135149 0.0471963341551353 0.05425429768297101 0.06264289028645557 0.07232978440284761 0.08311733354884358 0.0945709723482275 0.10596845460974981 0.11631120190630209 0.1244408764923971 0.12927249261745652 0.1300865253013056 0.12675618439986377 0.12071899401672505 0.11428601555693971 0.10780242255276533 0.10156497682451296 0.0958101316910585 0.09069100399316916 0.08628102818412986 0.08259016212019388 0.0801807299291499 0.07954383133074763 0.08034291159262796 0.08230333735754405 0.08519036909737127 0.0888035301398323 0.09298998629921826 0.09702611513215141 0.09861849357770634 0.09738810356778699 0.09358764350581189 0.0881235059140729 0.08152710572725316 0.07432019423704318 0.06700156379521019 0.05998685207121413 0.05358121792587643 0.04798042398506889 0.043290810394814604 0.039558528719755195 0.03680125214423285
0.045684106354775586 0.053063409228572146 0.062207957639741886 0.07330670943735453 0.08643625579440993 0.1014515065614149 0.1178480989576428 0.13463172544210494 0.15027120950593495 0.16284230242335304 0.17043147173174492 0.1717188514055648 0.16690145801186923 0.1597042979809136 0.1513471350884724 0.14252388972972865 0.13387102584452926 0.12585789456319807 0.11876502896198886 0.11271176777262247 0.10769900372576965 0.10364854852049366 0.10069285512275022 0.09952337038549297 0.09975850743717148 0.10097974182562194 0.10283586890428703 0.10506178813849482 0.10744523443795469 0.10770960685879458 0.104848817483095 0.09980305451160745 0.09319692431779297 0.08560328496910254 0.07760813540823176 0.06972417390531638 0.06234501005758017 0.055736197303356945 0.05005156093454452 0.045362584220548605 0.04169173719143089 0.03904491233005736
0.05035551571077004 0.059568207692007796 0.07120626271297555 0.0856628552876434 0.10323024245497635 0.1239359686759061 0.1473003227217801 0.17204651727584547 0.19588530275036978 0.21561277473075344 0.2277749499387445 0.22985740330411364 0.22439404182824285 0.21511390071599937 0.20331061486529137 0.1904820940777154 0.17788543274534463 0.16636136259966966 0.15635456007965662 0.14801195925228416 0.1412833032807852 0.13599560310413272 0.13190045450906474 0.12870428445628654 0.12667198954957856 0.1258409828571063 0.1256175794559317 0.12556299388931094 0.12544875999719954 0.12396304337703393 0.11934793612758159 0.11245176463242457 0.10395912379485966 0.09463586496303185 0.0851828726351917 0.07615237452563346 0.06792407330293221 0.060721933104122404 0.054651040012428695 0.049739713473096914 0.045979015940584254 0.04335326361353277
0.05523552408437162 0.06648387036254674 0.08098324348713282 0.09943907401260582 0.12252072677462103 0.15064575616071568 0.18359759919228177 0.21995907112626883 0.25649331520955887 0.2879242902205066 0.30787857942190566 0.3123591501805504 0.3065614656807854 0.2930644891615912 0.2748687041085044 0.2551080187253812 0.23611397848031102 0.21923816698864287 0.2050624271852939 0.19367556819692683 0.18488318016417685 0.17833152126564372 0.17357857315023872 0.17020990586441573 0.16757837362863745 0.16499713201688423 0.16219576057980611 0.15912711018208772 0.15544295457838264 0.1510524682346716 0.14368360783940734 0.1336326821914504 0.12203135686959607 0.10986596770279626 0.0980080421388829 0.08706328340404358 0.07738562161407675 0.06913598229938277 0.062348683216949786 0.05697706747808773 0.05270681146741906 0.04934971260573622
