_RESULTS/CROSS_VALIDATION_POSTPROCESSED/Berg/TZ/4comp/2/Berg_TZ_z_500_kriged_reverse_4comp_spherical_2.asc
ncols 100
nrows 90
xllcorner  5.6208707817415728
yllcorner 50.959635321741573
cellsize 0.00013419651685393446
nodata_value 1.7014100000000001E+038
[rows 0 to 18 of 90, columns 0 to 42 of 100]
0.235406593582689 0.235406593582689 0.235406593582689 0.235406593582689 0.235406593582689 0.235406593582689 0.235406593582689 0.235406593582689 0.235406593582689 0.235406593582689 0.235406593582689 0.235406593582689 0.235406593582689 0.235406593582689 0.235406593582689 0.235406593582689 0.235406593582689 0.235406593582689 0.235406593582689 0.235406593582689 0.235406593582689 0.235406593582689 0.235406593582689 0.235406593582689 0.235406593582689 0.235406593582689 0.235406593582689 0.23551923992338317 0.23628478338919345 0.23773566790442044 0.23982937875042845 0.24252442320708578 0.24577829685952435 0.24954514486508508 0.2537729544250626 0.2584000605792763 0.26335068307322484 0.26852916028370866 0.27381258265951547 0.27904185636539247 0.2840123101583813 0.2884676022597363 0.2921055090899346
0.235406593582689 0.235406593582689 0.235406593582689 0.235406593582689 0.235406593582689 0.235406593582689 0.235406593582689 0.235406593582689 0.235406593582689 0.235406593582689 0.235406593582689 0.235406593582689 0.235406593582689 0.235406593582689 0.235406593582689 0.235406593582689 0.235406593582689 0.235406593582689 0.235406593582689 0.235406593582689 0.235406593582689 0.235406593582689 0.235406593582689 0.235406593582689 0.235406593582689 0.235406593582689 0.235406593582689 0.23567011373833857 0.23666550529408814 0.23836272159157534 0.24072350294965145 0.24371119242338493 0.2472888437487155 0.2514170331617636 0.25605118851460906 0.2611381605298335 0.2666116226711135 0.27238568096467725 0.278345810377984 0.28433603210220004 0.29014162365929147 0.2954692134141721 0.2999344434131778
0.235406593582689 0.235406593582689 0.235406593582689 0.235406593582689 0.235406593582689 0.235406593582689 0.235406593582689 0.235406593582689 0.235406593582689 0.235406593582689 0.235406593582689 0.235406593582689 0.235406593582689 0.235406593582689 0.235406593582689 0.235406593582689 0.235406593582689 0.235406593582689 0.235406593582689 0.235406593582689 0.235406593582689 0.235406593582689 0.235406593582689 0.235406593582689 0.235406593582689 0.235406593582689 0.23540756054976153 0.23583835763897534 0.23702417968618816 0.23892687825698714 0.2415121484044704 0.24474796736871587 0.24860291456431033 0.25304425512801015 0.2580356124085885 0.263533954799364 0.26948544388291557 0.2758193693741563 0.28243882032311896 0.28920575612571514 0.2959167176210279 0.3022646594152844 0.3077885219149915
0.235406593582689 0.235406593582689 0.235406593582689 0.235406593582689 0.235406593582689 0.235406593582689 0.235406593582689 0.235406593582689 0.235406593582689 0.235406593582689 0.235406593582689 0.235406593582689 0.235406593582689 0.235406593582689 0.235406593582689 0.235406593582689 0.235406593582689 0.235406593582689 0.235406593582689 0.235406593582689 0.235406593582689 0.235406593582689 0.235406593582689 0.235406593582689 0.235406593582689 0.235406593582689 0.2354250563267593 0.23599328196525085 0.23732618455429783 0.2393884700494348 0.24214918148252085 0.24558031350094897 0.2496553729793034 0.2543477982827579 0.2596291077891592 0.2654665690557925 0.27182002561453616 0.27863720595122676 0.28584618040562704 0.29334218636518017 0.30096279232883155 0.30843828753160424 0.31529232770814936
0.235406593582689 0.235406593582689 0.235406593582689 0.235406593582689 0.235406593582689 0.235406593582689 0.235406593582689 0.235406593582689 0.235406593582689 0.235406593582689 0.235406593582689 0.235406593582689 0.235406593582689 0.235406593582689 0.235406593582689 0.235406593582689 0.235406593582689 0.235406593582689 0.235406593582689 0.235406593582689 0.235406593582689 0.235406593582689 0.235406593582689 0.235406593582689 0.235406593582689 0.235406593582689 0.23544915964636573 0.23611087118099167 0.23754419216447234 0.23971588199490834 0.24259742762150913 0.24616380653838607 0.2503922586773874 0.2552610149523302 0.2607479117713809 0.26682878356685724 0.27347544758490183 0.280652924716111 0.2883151418984887 0.2963973535602748 0.30480070812071686 0.3133539798447649 0.32170818995319106
0.235406593582689 0.235406593582689 0.235406593582689 0.235406593582689 0.235406593582689 0.235406593582689 0.235406593582689 0.235406593582689 0.235406593582689 0.235406593582689 0.235406593582689 0.235406593582689 0.235406593582689 0.235406593582689 0.235406593582689 0.235406593582689 0.235406593582689 0.235406593582689 0.235406593582689 0.235406593582689 0.235406593582689 0.235406593582689 0.235406593582689 0.235406593582689 0.235406593582689 0.235406593582689 0.2354651539035634 0.23617456464119654 0.23765923741537534 0.23988701585325858 0.2428306887457206 0.24646683891621596 0.25077473999815436 0.2557352726050495 0.26132983077701144 0.2675391866337521 0.2743422728111096 0.2816087756874562 0.2891773848720044 0.29712921508801904 0.30552972397316824 0.3144103876614567 0.32373973990767557
0.235406593582689 0.235406593582689 0.235406593582689 0.235406593582689 0.235406593582689 0.235406593582689 0.235406593582689 0.235406593582689 0.235406593582689 0.235406593582689 0.235406593582689 0.235406593582689 0.235406593582689 0.235406593582689 0.235406593582689 0.235406593582689 0.235406593582689 0.235406593582689 0.235406593582689 0.235406593582689 0.235406593582689 0.235406593582689 0.235406593582689 0.235406593582689 0.235406593582689 0.235406593582689 0.23546549273338463 0.23617584049094326 0.23766152282242003 0.23989040490679614 0.24283530149077612 0.24647282751738786 0.2507822974807064 0.25574464550135 0.26133718159723734 0.26720127383955794 0.27320741728919934 0.27948387417117276 0.2861525091523785 0.29332295470373304 0.30108490732888543 0.30949614412743354 0.3185560881745877
0.235406593582689 0.235406593582689 0.235406593582689 0.235406593582689 0.235406593582689 0.235406593582689 0.235406593582689 0.235406593582689 0.235406593582689 0.235406593582689 0.235406593582689 0.235406593582689 0.235406593582689 0.235406593582689 0.235406593582689 0.235406593582689 0.235406593582689 0.235406593582689 0.235406593582689 0.235406593582689 0.235406593582689 0.235406593582689 0.235406593582689 0.235406593582689 0.235406593582689 0.235406593582689 0.235450027633649 0.23611453082809375 0.23755085508862928 0.23972582257897548 0.24261099539904896 0.2461814434083754 0.2504145230944034 0.2550149934960511 0.2595177064545719 0.26404957939678825 0.26875281973144205 0.2737652029341123 0.2792130174317503 0.2852002639478762 0.29178957943733447 0.2989619127328169 0.30651181073045514
0.235406593582689 0.235406593582689 0.235406593582689 0.235406593582689 0.235406593582689 0.235406593582689 0.235406593582689 0.235406593582689 0.235406593582689 0.235406593582689 0.235406593582689 0.2354061695352455 0.23538887758887908 0.23536159327311595 0.2353404272477836 0.23533470353347608 0.2353466892638133 0.23537152840783543 0.2353973834580347 0.235406593582689 0.235406593582689 0.235406593582689 0.235406593582689 0.235406593582689 0.235406593582689 0.235406593582689 0.23542601251791587 0.23599882801388986 0.23733665386085323 0.23940429466960136 0.24217091022464723 0.2455896087118802 0.24897306565692112 0.252092225650581 0.2550952864374915 0.2581332845909781 0.2613551449891077 0.26490098344840607 0.268892203543179 0.2734155411944553 0.2784950236715459 0.2840386954613348 0.28973421801840543
0.235406593582689 0.235406593582689 0.235406593582689 0.235406593582689 0.235406593582689 0.235406593582689 0.235406593582689 0.235406593582689 0.23540048261580623 0.23532030253196312 0.23517877033817114 0.23501246428359177 0.23485255349549738 0.2347239359617575 0.23464451730317212 0.23462467235745213 0.2346669251418529 0.23476587006467747 0.2349083402151977 0.23507381037590652 0.23523500662439525 0.23535868383719594 0.235406593582689 0.235406593582689 0.235406593582689 0.235406593582689 0.23540788463896717 0.2358449813189031 0.23703753146288 0.23894751336171263 0.24146921153000678 0.2437064176211477 0.24551221369008402 0.2470392819858238 0.2484453763708405 0.24988894095728056 0.251523501517573 0.25348995578709493 0.25590531044570675 0.2588453786806384 0.2625946860756444 0.26753529856892727 0.2730843767245782
0.235406593582689 0.235406593582689 0.235406593582689 0.235406593582689 0.235406593582689 0.235406593582689 0.23539386154096636 0.2352483538065592 0.23498092517488478 0.23464032759061906 0.23427168393853445 0.23391535360803634 0.23360584016795838 0.23337078872414846 0.23323013042570345 0.2331954339580845 0.23326951609622873 0.23344634537654602 0.23371124763440254 0.23404139489876596 0.23440653595924885 0.23476991245831372 0.2350893004559974 0.23531812292395554 0.23540659032786185 0.235406593582689 0.235406593582689 0.23567672255127486 0.23668050085103712 0.23831373705475098 0.23954781123707966 0.2401754217292038 0.24035253622922415 0.24024241396095775 0.24001171981029987 0.23982592019048504 0.2398435236497385 0.2402084678414665 0.2415891126900495 0.24480851057448483 0.24951078550955325 0.2552525060836319 0.26148428572465904
0.235406593582689 0.235406593582689 0.235406593582689 0.235406593582689 0.235406593582689 0.23529791529486652 0.23497984101908792 0.23450902828818593 0.23394128769699732 0.23332991882284174 0.23272447143217112 0.23216947652574313 0.23170318612123494 0.23135638317411103 0.23115134130865655 0.2311010213416417 0.23120858272767 0.23146726202744336 0.23186063189335385 0.23236321207122873 0.23294136901726137 0.23355442072573357 0.2341558607848563 0.23469462772450775 0.23511636630637267 0.23536464990031336 0.235406593582689 0.23552449148724358 0.2362778937025732 0.2366931750523014 0.23632278716136534 0.23532518558816268 0.23386825994914148 0.23212567313174612 0.23027284595833983 0.2284824781450141 0.22712329592187783 0.22775897072147516 0.23042119435640135 0.23479549663377322 0.24054289161149198 0.24726315122591994 0.25447040714856106
0.235406593582689 0.235406593582689 0.235406593582689 0.23539824552609648 0.235176410339868 0.23469821254378792 0.2340253876260958 0.2332196569968722 0.23234157437112163 0.2314492834388507 0.23059717652319683 0.22983446509254468 0.22920370414314115 0.22873934904134494 0.22846645632552984 0.22839965729110667 0.22854252447417053 0.22888741298116308 0.22941579810268004 0.23009906403276453 0.2308996446458786 0.2317723896054039 0.23266603073001485 0.23352464795065433 0.23428906973453276 0.23489817827257478 0.23529011753209428 0.23542455150529396 0.23522584306348376 0.23406893596756165 0.2321048882281167 0.22950551850261908 0.2264505234965432 0.22312357198025473 0.21970837342871868 0.21707798321162824 0.21687265802542455 0.21885975994968887 0.22276267227577737 0.22831389423673207 0.2352192200123175 0.24312503102545824 0.2515959080703786
0.235406593582689 0.235406593582689 0.23538778876913152 0.2350914132929292 0.2344836374353447 0.2336292093104433 0.23259419297752934 0.2314449253716857 0.23024687863797336 0.22906338592673203 0.2279541986424051 0.2269738696710133 0.2261700019791224 0.22558146051530176 0.22523670395056686 0.22515243034269858 0.22533272611359678 0.22576885115782805 0.22643969525059532 0.2273128318394735 0.22834600999140095 0.22948888751386395 0.23068482094177536 0.23187257597836994 0.2329878827053862 0.23396481451720355 0.23473700804998665 0.23495796711697123 0.23342771754996738 0.23072836112214873 0.22721405828772137 0.22306985797977671 0.218486625785049 0.21365698964479493 0.20979807088177915 0.2086009201161395 0.20976564397466596 0.21302817819712794 0.21816516894319257 0.22496084858084517 0.23317299468879368 0.24249859716645417 0.2525446482126467
0.235406593582689 0.23539336854194523 0.23507758745902652 0.23438863077779507 0.23339250927534683 0.2321577881092806 0.2307546889152579 0.22925413419827753 0.22772667215503156 0.22624120967329495 0.22486348573599024 0.22365424663520367 0.222667145833811 0.22194648321595647 0.22152500216374513 0.22142204138179403 0.22164234821680784 0.2221757760542268 0.2229979256111434 0.22407160481197524 0.22534884308159842 0.22677314663224987 0.22828172064268318 0.22980747702021737 0.23128074925358247 0.23263071781231856 0.23377735865323812 0.23346461609982555 0.23098117796466786 0.22696034253623068 0.22196602860865391 0.21636016119118887 0.21034344031105462 0.20512452390171032 0.20275437682475045 0.20293364456068042 0.2053831806927039 0.20989368764725563 0.21629669278151303 0.22443543646413194 0.2341313243462322 0.24514369718047568 0.2571259390381722
0.23540595687315388 0.23514016130631007 0.23443489305152398 0.2333556819082332 0.2319716822334706 0.23035490084956645 0.22857943600739414 0.22672066943378852 0.2248543241395729 0.22305527475404038 0.221395986637622 0.21994448316380996 0.21876181739452547 0.21789916412043592 0.21739483037109458 0.2172716442558642 0.21753523353672982 0.218173581365319 0.21915796526945355 0.2204450580691312 0.22197973671033494 0.2236980882131595 0.22553020389436312 0.2274025319508478 0.22923973017823393 0.23096607781966427 0.23215149636256946 0.23117735019058308 0.22797707337908735 0.22293602560777134 0.21666157396137503 0.20969571468574916 0.20301763481526158 0.19925112519509303 0.19826255116405656 0.1997296552727971 0.20342589551934853 0.20919345605525308 0.21692118680866698 0.2265215526962244 0.237898905944803 0.2509010390905102 0.26525146310222786
0.23525461712071644 0.23461195920502384 0.2335248682421393 0.23206130340051867 0.23029302547666344 0.22829497032647145 0.22614467671943608 0.2239217022446416 0.221706915178737 0.21958149902544774 0.21762546428578522 0.2159154585010556 0.21452174419833947 0.21350441436057285 0.21290923012971893 0.21276379736294304 0.21307496144504717 0.2138281247787836 0.21498868449850098 0.21650518044424072 0.2183133412853257 0.22034017621673585 0.22250750788212942 0.22473468602184044 0.22694050030651539 0.22904446379870208 0.22989373330618 0.228356701759506 0.2245767856860083 0.21877708248919991 0.21154227452502566 0.2035604169737078 0.1981066518458174 0.19572828152318303 0.19603275225749273 0.1987483533943078 0.2036936086765964 0.21075763596410013 0.2198875878441014 0.23107679745499954 0.24434141345875882 0.2596663791188077 0.276903197392524
0.23487785353810126 0.23387154603467003 0.23241445271915886 0.23057634346611164 0.22843092419008454 0.22605538169698136 0.22353005136319498 0.2209381445650557 0.21836540898608434 0.21589950818629655 0.21362880823404518 0.21164018777358254 0.21001552369704982 0.20882675566033182 0.2081299593227091 0.20795953725650548 0.2083240893939448 0.20920531007602208 0.21056030143192223 0.2123264998181391 0.21442769527036587 0.21677968983986376 0.21929473181478013 0.22188451743476184 0.22446197947253468 0.22682095299242575 0.22724099543698079 0.22525067601950294 0.2210001364997913 0.21471398220480642 0.20671759705807607 0.19944837413998032 0.19538615254481786 0.19430535663443646 0.19586546790521828 0.19983660192800287 0.2060739045665804 0.21450522442383888 0.2251311054104246 0.23803311081342904 0.253375216621649 0.27136093909717623 0.2920902444981873
0.2343344115241215 0.23298218186347366 0.23117137831247242 0.2289728858135875 0.22646157201479128 0.22371601318471523 0.22081843870742282 0.2178548550744033 0.21491523370400803 0.21209352061147083 0.20948704300058513 0.20719467937440927 0.20531304380272797 0.20393014985805405 0.20311683246095844 0.20291758030976242 0.2033436416756997 0.20437113524320447 0.2059449898845759 0.20798703064907106 0.21040521635136983 0.21310151266866934 0.21597728475362069 0.2189363059427994 0.22188605246390322 0.2243074164194711 0.22441398946069818 0.22208706377332682 0.21748123557923596 0.21082724456975305 0.20290733485004941 0.19732792256878223 0.19462935424310943 0.19480510901214995 0.1976320420536843 0.20291520651405515 0.21053712582548437 0.2204506117177626 0.23269218969572714 0.24742135334716764 0.264978153596778 0.28590442782635433 0.31078672654316764
