_RESULTS/CROSS_VALIDATION_POSTPROCESSED/Berg/TZ/4comp/2/Berg_TZ_z_125_kriged_reverse_4comp_spherical_2.asc
ncols 100
nrows 90
xllcorner  5.6208707817415728
yllcorner 50.959635321741573
cellsize 0.00013419651685393446
nodata_value 1.7014100000000001E+038
[rows 19 to 37 of 90, columns 43 to 85 of 100]
20.422418263646737 20.156028844791056 19.78630601214289 19.354913385336275 18.869784378164802 18.36720092394855 17.8652009208216 17.375145290094775 16.904401229824305 16.457881636607848 16.038877035476965 15.649559157267143 15.291348949638861 14.965231168360921 14.672085251399569 14.411822418093356 14.18497521629249 13.996331916983195 13.854046798199887 13.743339183871692 13.681528015249587 13.701701900194067 13.816603492146712 13.99813031618181 14.218993332101212 14.45866762316251 14.703972586482653 14.946835428105459 15.182242220102832 15.40682707167054 15.618058661655157 15.81380570051874 15.992115274220668 16.15110701611387 16.288930462838383 16.403756894134123 16.49378825236223 16.557270144459423 16.592498058722136 16.597809653210195 16.587934493186044 16.587934493186044 16.587934493186044
20.717190841352746 20.353972038268108 19.87574786993451 19.356727328774497 18.817081475158933 18.281296216486737 17.76340316128085 17.27086459578083 16.808015274379407 16.377677323970772 15.981874590623542 15.622192807052048 15.30002169897855 15.016790115017939 14.772828549526961 14.56954185885985 14.411275721754885 14.305727838380028 14.265484995832505 14.279005069294392 14.344672991704991 14.45280989706389 14.547931579170866 14.62586921310346 14.736605490914686 14.88601427401659 15.059914619968689 15.245924554332788 15.435185090488352 15.621459349118242 15.800169723207237 15.96773812879258 16.121182243806096 16.257880499542594 16.37544147031892 16.471636551604877 16.544369221422127 16.591661498882218 16.611642404373868 16.602528257769535 16.587934627251382 16.587934493186044 16.587934493186044
20.99081049880691 20.47893456340534 19.86299926311341 19.24930744841119 18.66346793738391 18.10709986719762 17.586550592071244 17.103651357375192 16.65909568930248 16.253637233689396 15.888343345269512 15.564560918177694 15.283687508711166 15.045971404712589 14.853267622746936 14.708955722385747 14.618467220741755 14.590428505410461 14.6379205703744 14.752128801692852 14.92553272133699 15.164326193417041 15.242285571402508 15.208017722781348 15.23361265149472 15.307920708055727 15.419154763439192 15.552538449885853 15.697226211824717 15.845287056087576 15.990771841289805 16.129032053607204 16.256265271689323 16.369225914414407 16.465047881422556 16.54114046238126 16.595129968265788 16.624825990872463 16.628195477949088 16.604036925352517 16.587963678557987 16.587934493186044 16.587934493186044
21.199888178751312 20.446293209832653 19.690968487327147 18.999061102829998 18.389197009492925 17.834280563506553 17.329778063478084 16.87126652863009 16.456097775805432 16.08375071140872 15.75516115086919 15.471088838538147 15.232656581984727 15.04181727909138 14.901072269931563 14.81395111058244 14.785644604126091 14.823660065205358 14.938179173029246 15.116748315435725 15.336500343483667 15.571152299928704 15.66441599731276 15.648689415783625 15.655390627790716 15.691277706374402 15.757406348449152 15.84830015432199 15.954158766047847 16.067106648027462 16.180856500768996 16.2903076416165 16.39121254852986 16.4799328683516 16.553273152199058 16.608373709733126 16.64264425423721 16.65372138826116 16.63943505368477 16.60363148022318 16.587949331043227 16.587934493186044 16.587934493186044
20.92218597082697 20.104382177973367 19.304979365244062 18.587299381127092 17.984165282659124 17.460917897147574 16.995326551386224 16.576964202819646 16.201382862395707 15.867984389768171 15.578502000843407 15.335401099917773 15.141071558675545 14.997765263723592 14.907869610330039 14.874328643498474 14.901039338461668 14.992987752421987 15.155749030929144 15.368150139637113 15.591813074336144 15.789345105560958 15.903755497770392 15.951602428505046 15.982711626064116 16.01817097171987 16.060170300564007 16.120324477478874 16.194903479246207 16.277501715754145 16.362426880890236 16.444740920717084 16.5201569075203 16.584913133205355 16.635665609714867 16.669408548575976 16.683419481787983 16.67522021728288 16.642543488280918 16.601590718156135 16.587934493186044 16.587934493186044 16.587934493186044
20.13106836247031 19.466603830842967 18.71922794840096 18.023172789452346 17.45445486962033 16.997686595729373 16.594881263479536 16.229160808703625 15.89823897785229 15.60593834492791 15.3572444888324 15.156473342614154 15.006854555011365 14.910715518983364 14.869914656273037 14.886642650147438 14.962990894704776 15.100838333603425 15.30114515823015 15.534368563888739 15.76072270250213 15.953703737976918 16.087224398401844 16.17369983379383 16.2346491508722 16.283561872536627 16.323652083068687 16.36226035553088 16.41219018643117 16.469359082502177 16.528939823082023 16.58642259097172 16.637800534803716 16.679424788844848 16.70797496874499 16.72042412441369 16.714008188234416 16.686199656485062 16.636247587897167 16.59827017638352 16.587934493186044 16.587934493186044 16.587934493186044
19.33079924451255 18.728874248569518 18.020495609910693 17.331198356468093 16.817288282057945 16.467686224089544 16.148635823747124 15.840668517339799 15.554842169445687 15.303109116371244 15.094687716938571 14.935911290618693 14.830660656461825 14.781555802014058 14.789666594464656 14.855018918666 14.977409661241106 15.156238560740833 15.38934542682648 15.640384503346851 15.875815024207151 16.07743515955553 16.22977658446131 16.343101094364958 16.42946761147881 16.495309783302144 16.543180072923263 16.57358518856353 16.605318074895706 16.641680062044763 16.679059189906464 16.71389812551674 16.742285445140162 16.760860138822807 16.766840847145037 16.757812850914906 16.731095379111355 16.68361545593476 16.626788363202948 16.59430168999398 16.587934493186044 16.587934493186044 16.587934493186044
18.605165884436484 18.02939473954627 17.32580126512226 16.4561402728242 16.108840567958765 15.929506598916873 15.691781217061425 15.43124496248466 15.182841190766924 14.966707130913234 14.79553492373345 14.677384949427335 14.617158644086018 14.615770201774858 14.672243384949713 14.784758195711262 14.951173556263903 15.169026775999136 15.433126642464096 15.702026488861229 15.950672856635148 16.165610961812522 16.335790363792253 16.470443994162306 16.57934069659767 16.6658762201556 16.72950141889054 16.76735540908903 16.78771813050822 16.808079754686958 16.82616398669897 16.839286396313383 16.844840424063438 16.840090487270732 16.821901346089405 16.788038066420448 16.73660206812925 16.66843297383226 16.61604439176646 16.59057445748496 16.587934493186044 16.587934493186044 16.587934493186044
17.979498101426174 17.438793948644378 16.793177216098446 16.074892702793885 15.691686930042579 15.483570510521725 15.254694387171778 15.016318128195769 14.792065632539261 14.603569108366449 14.46562538896461 14.387505662961935 14.372152705085522 14.418576748630516 14.523524268961271 14.682943361349125 14.892813691876333 15.149316624535905 15.442560140958594 15.729166528843008 15.99231465415719 16.22130299947176 16.40943489655386 16.568529066747097 16.70327692992618 16.811913146380196 16.892145856552958 16.940575923591044 16.956800079350913 16.964189394501012 16.965768388096276 16.95950196025277 16.94336208472889 16.915433993523532 16.873811225442072 16.815745606614392 16.739353620110567 16.664253658139273 16.61351262702678 16.590392280222176 16.587934493186044 16.587934493186044 16.587934493186044
17.4507490612166 16.95705760571928 16.40792430795614 15.8719738748201 15.448745028347554 15.123356605293928 14.844120863737444 14.602124244820077 14.389035701437475 14.220237964843646 14.111607535260362 14.071463445672636 14.1011630481982 14.196640823111773 14.351261355685102 14.5576482465485 14.808098951509633 15.099876719798786 15.416520932490311 15.719668109765866 15.999089495728548 16.249300501251412 16.461753414068063 16.644275852191946 16.80138699022921 16.929949177189204 17.026301925143887 17.08620450795925 17.105292832818197 17.102812143008048 17.090853209580942 17.06782593465042 17.032184775239553 16.982496463092744 16.917478772620996 16.83585861023178 16.74633965995352 16.675526728870597 16.62771121405604 16.605686410964207 16.59482989490498 16.588722221521746 16.587934493186044
17.001929723875186 16.550657860259275 16.067632216732154 15.595511430727857 15.169174065144356 14.791386483369767 14.465587467266234 14.192914485908336 13.979403101127255 13.822594157100287 13.737611965406785 13.734163323044113 13.807268271688072 13.940731094051731 14.127383683892845 14.3615505241 14.639454955996598 14.958474909508695 15.289250545205068 15.608545171234308 15.912623158802397 16.19217614427025 16.439021673498587 16.660780777998426 16.85453053314964 17.012256566027993 17.12614129851874 17.198573569155645 17.225663135615807 17.21718556339501 17.194975069215914 17.15808005960224 17.10537576928423 17.035912850800695 16.94890656762124 16.850764640129952 16.7670060563762 16.701744677072465 16.658134557538823 16.634547743733403 16.615069648809204 16.599712851827654 16.590203630671958
16.618039534299246 16.198265471439377 15.753717620034216 15.309450896833225 14.8838157485753 14.483718585510816 14.121710536281403 13.81345570557192 13.572699269976635 13.415121378242878 13.340190478737304 13.348453990257095 13.439227411923973 13.59885962676163 13.813688019585477 14.075232678779578 14.379405181407416 14.71908533688284 15.061767900231079 15.400711933122949 15.727614525500272 16.03317106572379 16.31109553192888 16.569051991820913 16.80225658417585 17.003059887848888 17.16217707796073 17.26805579953063 17.309268915631783 17.300897886856212 17.272297449979355 17.22478927274306 17.15768768820916 17.070595833672268 16.96988332240551 16.87813702157764 16.80112601667568 16.742430600038205 16.70401409610109 16.674452913328462 16.646590059067684 16.622172702518732 16.60304936113249
16.290906270022155 15.893990500887773 15.473610706454282 15.045777605479415 14.623004105335882 14.21342712504481 13.825310719178283 13.4824735346462 13.199490796418264 12.981166411080855 12.867446333278659 12.878900438969504 12.997934121204366 13.190340842530764 13.434170053281932 13.720523637238982 14.047118194565456 14.397012790360037 14.752679741199628 15.107933430450004 15.454686733136919 15.783710506533394 16.09149021582032 16.383307649830687 16.652600109896376 16.89192035264744 17.092606329193032 17.243920733401232 17.33247897169933 17.34743434860427 17.31746597200391 17.263136011527244 17.184580975812292 17.091431832860714 17.001131178847274 16.918855692912608 16.8494106156571 16.797314652982703 16.76001001171208 16.723073520419447 16.687143418576177 16.65400448735045 16.625572092895467
16.017349744966037 15.638672550367058 15.236706831788918 14.82274111716317 14.406293809100207 13.994726649205127 13.595664333686472 13.214029511108114 12.845438736164278 12.522870316460738 12.329598756730062 12.351966935154067 12.519088862223485 12.747664594870562 13.01518591173746 13.318458251007446 13.65558522273469 14.008372783046951 14.370920290138365 14.737583616480327 15.100729772886623 15.451044512195422 15.789092579263855 16.114292294791642 16.418805663548078 16.6947406952408 16.933592317032325 17.125365179434482 17.25769550614923 17.318610036065905 17.32233543650203 17.269914497019453 17.198949623103186 17.121878007287496 17.04461160256048 16.972839757087417 16.91191491991383 16.865498591881604 16.822264351707172 16.778165727613413 16.73448703766528 16.693026773487766 16.65572142289444
15.79655456301145 15.434723575988848 15.050168709968311 14.651599745529886 14.246759809454273 13.84239936728263 13.433146704875988 12.994733120632795 12.546944214154188 12.112061118282238 11.76545951787675 11.853585546957667 12.064128275885428 12.308637688375907 12.582485100420634 12.887545569052481 13.2161174919714 13.562116014987385 13.923383704803689 14.295243706632693 14.670410021500905 15.040851335820271 15.408878916859825 15.767861584901297 16.108522677252186 16.42171487988388 16.698204805527524 16.928042279952116 17.09966857069451 17.20174279134401 17.25647221287025 17.264868537474364 17.222406915484925 17.163394101658728 17.1004468423015 17.040166282250325 16.98851002615723 16.939477596296733 16.888761599304303 16.837639431220065 16.786490809565322 16.737109772534062 16.6914238124709
15.628321356101688 15.283996665583416 14.918334156621254 14.538692030269615 14.151964888949347 13.753030623438445 13.312915438015867 12.844221913421558 12.363728501059148 11.90179569041973 11.554522794132446 11.566825469049528 11.721587613300578 11.921206149778056 12.160396077943222 12.434927529974706 12.737517214414606 13.065243709250337 13.416135445291784 13.786120147097364 14.16808623636989 14.557760169836733 14.954254472897302 15.347118723580216 15.725314660733636 16.077799254444997 16.39366691357943 16.66362852072648 16.881027139678306 17.03845219836615 17.154938566188886 17.228999216446724 17.249828314696916 17.216019131849354 17.168801894733736 17.121001627011466 17.071484454093984 17.016054767396078 16.95792228179603 16.89954928062387 16.841169064553775 16.784245381434705 16.73068279996629
15.512166042972982 15.187057644618779 14.842814327384938 14.486212710315852 14.116697512169363 13.698062774217679 13.240023018917856 12.762541185823451 12.290513579361784 11.864059787789921 11.563315285224581 11.454521645975674 11.489878162014907 11.607258660103337 11.778735012366736 11.99009020309271 12.24168808140886 12.532343408916402 12.85954973262804 13.218310378764262 13.601407586910645 14.008339374390385 14.431206466475096 14.858386350074612 15.277862822548194 15.677637475015144 16.046075636956626 16.372198364533237 16.64569789073033 16.859897727362004 17.03520344287906 17.16990419302573 17.25433275204763 17.27802407414945 17.24985275525722 17.208394723896774 17.154574866185815 17.093101551155595 17.027863339350816 16.96204370411412 16.896661687584892 16.832562931885303 16.77162833544662
15.446983874302125 15.143113622407334 14.822911853494169 14.491839442597993 14.111735241576193 13.677744903624603 13.210494772418011 12.732951787897411 12.27319690912507 11.867872276649928 11.559751947082285 11.378476209049627 11.316434598768147 11.342697065985929 11.427718709687843 11.568692820922386 11.76230131629842 12.00679103049569 12.29992915260771 12.637304525498017 13.016496196239055 13.435267051614069 13.882996892490493 14.345939287011115 14.81043391003552 15.262429386978813 15.68760947884951 16.072118874921614 16.403254516531142 16.675178328434075 16.908608857538383 17.100564109199166 17.243117508576866 17.327240024984032 17.33546944760047 17.293306352486244 17.235663047637964 17.168503123615793 17.09651035465675 17.023374113463078 16.951196436246253 16.880314977251416 16.812529425951112
15.43314134185429 15.150275836548449 14.856274396144226 14.53099644137437 14.135631503124937 13.690317535062649 13.216384443320486 12.737491040345375 12.280251495889601 11.873742093699427 11.546665099646871 11.317093358670867 11.178808048493957 11.114029431810556 11.117274494699798 11.186527588529255 11.318921864411365 11.51357167637525 11.7690998553389 12.083250751341772 12.456606732194246 12.880451002856038 13.343174708281197 13.83276611022278 14.336839435615067 14.840369685862617 15.323155751939765 15.767925792935152 16.15880265106277 16.491515105233336 16.784192764988926 17.031722015744162 17.226484218412132 17.354668735018944 17.405206504253538 17.373693290528657 17.312608831267184 17.24012390311715 17.161794895614786 17.081821076279585 17.003059232913785 16.92585780917551 16.85179001933217
