_RESULTS/CROSS_VALIDATION_POSTPROCESSED/Berg/TZ/4comp/2/Berg_TZ_z_0_kriged_reverse_4comp_spherical_2.asc
ncols 100
nrows 90
xllcorner  5.6208707817415728
yllcorner 50.959635321741573
cellsize 0.00013419651685393446
nodata_value 1.7014100000000001E+038
[rows 36 to 53 of 90, columns 41 to 81 of 100]
0.005225763162791269 0.0032711750982673845 0.0020096212750314916 0.0011847234217721868 0.0006620520460970118 0.00035270619999226997 0.00017408626404644316 7.610571413985808e-05 3.0089883237339924e-05 1.1161025166817054e-05 4.102682084985812e-06 1.6265077590899347e-06 7.76602954977311e-07 4.7662880712137925e-07 3.6218928992831683e-07 3.1590170563394075e-07 3.017178368005327e-07 3.1817083218201557e-07 3.6852776821845237e-07 4.7047663110512263e-07 6.688341114538951e-07 1.0741621757938792e-06 1.9658778071293764e-06 4.103795058977406e-06 9.748426895867877e-06 2.5794237325202114e-05 7.333976946960716e-05 0.0002143215790098565 0.0006144788936840339 0.0016530284803892023 0.0040036944986026005 0.008511323505338675 0.016428884212923385 0.028429737728756184 0.043398103125842545 0.05785043095416687 0.06776044678769198 0.07182043713702273 0.0705321775751759 0.0645491356806142 0.05532276652480991
0.005200072424789054 0.003220926793680858 0.001972042172533828 0.0011876032691875659 0.0006861878069843329 0.0003765888383153977 0.00018857400911609492 8.424413868846969e-05 3.453972369232546e-05 1.3503521016082767e-05 5.297001890935475e-06 2.222937177747658e-06 1.0682619113423894e-06 6.137061635551816e-07 4.1720490375878747e-07 3.1996797772733517e-07 2.747940596641533e-07 2.642911350477242e-07 2.820434726491427e-07 3.3446182858622786e-07 4.451731479014421e-07 6.752427924933415e-07 1.1811045576165484e-06 2.4296414954910134e-06 5.910732329414527e-06 1.662678790195011e-05 5.158966329721759e-05 0.00016660875392162817 0.0005273384627173601 0.0015547462382922421 0.004080990024634244 0.009346247409079642 0.019197022165329723 0.03467404077745422 0.054379018259590295 0.07437990976777807 0.0889613818198359 0.09383530097446119 0.09081489712133442 0.08182450594948244 0.06905983314720492
0.005392073455653418 0.0033743790172564418 0.002076549546402757 0.0012746836299593954 0.0007649651650348791 0.0004303650754802965 0.0002199160472438244 0.0001011215752884915 4.3083461906870406e-05 1.7630494704539956e-05 7.254231452914582e-06 3.1646727781924015e-06 1.526036890693864e-06 8.317222341816168e-07 5.124973887194507e-07 3.529089478818528e-07 2.757695726941479e-07 2.4170358090995295e-07 2.3585000475286623e-07 2.565024429628453e-07 3.13690277191027e-07 4.357853383091395e-07 7.084743824507139e-07 1.4071424034532776e-06 3.5012348112874552e-06 1.0592117277324758e-05 3.6173622100377865e-05 0.0001290131439153382 0.00045088418039066804 0.0014620297152703626 0.004167658708587103 0.010348500241912932 0.022652193060990068 0.04291741036182332 0.06971175558577543 0.09717162133810385 0.11717915803386336 0.12342961949665485 0.11683372512334175 0.10303405094063131 0.08526866054742901
0.005532686140942811 0.0036198028433093595 0.002316414468973487 0.0014543156425508425 0.000899757042547894 0.0005204091301626182 0.00027286634222517146 0.00012956365701992205 5.730293541305661e-05 2.458701191483732e-05 1.0618578851071689e-05 4.767911760741538e-06 2.2859089438977507e-06 1.191785729471029e-06 6.794342221754087e-07 4.2592713661063494e-07 3.0222974165694434e-07 2.411427293723561e-07 2.1499714812783308e-07 2.1350957791713912e-07 2.3574933668561928e-07 2.930886066779192e-07 4.26747836703452e-07 7.900445104363893e-07 2.0202599264908285e-06 6.790565242116342e-06 2.6130571436250127e-05 0.00010359991352387339 0.00039609322250937895 0.0013906418701340893 0.004302085606555406 0.011762952409316425 0.02789198815947877 0.055630485197062186 0.09237445867592604 0.12898612344688754 0.15434427585893154 0.16100755415166232 0.14892868851462657 0.1278977099136713 0.103441202256517
0.005577005819314021 0.003846279054112889 0.002610542343972109 0.0017401430277435052 0.0011067600307150553 0.0006597614795591062 0.0003565415301378085 0.00017547526795418913 8.160482445214154e-05 3.68093626522818e-05 1.6513156649059385e-05 7.55444600960645e-06 3.600276064256582e-06 1.8140086347739134e-06 9.731868058746097e-07 5.665309878057839e-07 3.69386508426215e-07 2.6882673446909057e-07 2.1795272867950538e-07 1.9573201223723078e-07 1.944661428552362e-07 2.1475307295820328e-07 2.6920289869913203e-07 4.287206491955232e-07 1.154206799683592e-06 4.609532764233768e-06 2.0311889379770703e-05 8.891843634882668e-05 0.00036857808543959 0.0013943345383065444 0.004686758072967327 0.014176318192393747 0.03658492830527143 0.07613918615074257 0.12650067915201793 0.17277714206912115 0.20133296462894082 0.20537452155411853 0.18594369465773636 0.1550091499758775 0.12232857500167608
0.005509997455446418 0.0040351743931921836 0.00292210683809272 0.002079118916541042 0.001402462487678154 0.0008701117092867337 0.00048744813401997136 0.00025240639668959144 0.00012343489147721468 5.819915582662274e-05 2.701637735628662e-05 1.259301595768297e-05 5.9935752093303435e-06 2.948750203012091e-06 1.5110083609086934e-06 8.301181018148583e-07 5.041646310484741e-07 3.3864063416342203e-07 2.5091361816137604e-07 2.0587847907399537e-07 1.880085143810372e-07 1.9094960646232824e-07 2.1341182704309144e-07 2.578322409774609e-07 7.989976588743344e-07 3.876417438438578e-06 1.8641347902724028e-05 8.63965366741883e-05 0.0003761079260977005 0.0014976722841352674 0.005468347569144193 0.018220721796513933 0.05135338993546908 0.11041275900048994 0.1770113309648439 0.22901767067048262 0.25518732938768185 0.2522967420346691 0.22378516203560786 0.18142372808481114 0.13983882499561273
0.00529646406653687 0.004147847832295897 0.003221218884236515 0.0024455742104410407 0.0017562648156586127 0.001171700913695548 0.00069504765247521 0.00037976893872874594 0.00019543950348974924 9.641299009780843e-05 4.6385230715958874e-05 2.211261183582032e-05 1.0586691977470068e-05 5.143175054448027e-06 2.554132217323705e-06 1.3428966547359173e-06 7.679865358015419e-07 4.779262064246765e-07 3.2676509888405296e-07 2.495429853351509e-07 2.1716814340735995e-07 2.1886306005613332e-07 2.5950518335729864e-07 3.9879616053028343e-07 1.1001028351164305e-06 4.615472331552094e-06 2.1161561417543445e-05 9.623273385866266e-05 0.0004171873211105744 0.0016902148953354627 0.006586600399901726 0.024214022516540888 0.07720492180221833 0.1683769374128325 0.24264229047228836 0.288185133269894 0.305112154028836 0.2927226646584672 0.25505239909195737 0.2028166614514563 0.1532891274558557
0.0049044999630713446 0.0041303912291443335 0.0034554207518109645 0.002804905566101522 0.0021543670329410305 0.0015735370164930854 0.0010220127135520507 0.0005917777727408281 0.00032140528563819574 0.00016641250925658805 8.333455867277467e-05 4.08912733811022e-05 1.9878135677997122e-05 9.656168199954221e-06 4.714841569293663e-06 2.391642791282706e-06 1.2948684756298842e-06 7.534082878472324e-07 4.788654563968222e-07 3.431326851197739e-07 2.9052731576623897e-07 3.0485421532723876e-07 4.108285056238162e-07 7.511160138541359e-07 1.984595007701143e-06 7.037621561890149e-06 2.8598798121200294e-05 0.00011985145848630123 0.0004897729431525659 0.001952284497457993 0.007693858233251621 0.029591966668040405 0.10977606595715941 0.24109671950227055 0.2891183772375619 0.3230551148365056 0.33286757201177214 0.3149012570727072 0.27227107008105306 0.21464944020575527 0.16011791560138733
0.0043734049087526304 0.003978779209512547 0.0035988434884435647 0.003135396050029636 0.002613343536644329 0.0020959884367429587 0.0015068368296317454 0.0009463747588974089 0.0005446621013469415 0.0002974092019823363 0.0001559881480162928 7.944732642256897e-05 3.9599113088702165e-05 1.9418131549686667e-05 9.408284147973497e-06 4.657652684935637e-06 2.4223965176695087e-06 1.3317931795126265e-06 7.879135026971226e-07 5.236551051658913e-07 4.255675353852683e-07 4.670621968891396e-07 7.080287764296035e-07 1.4310715024296711e-06 3.7398479258171783e-06 1.194734667696206e-05 4.288020083448793e-05 0.00016021996288811835 0.0005979324383679794 0.002247900902251117 0.008330377104561188 0.029508421750494514 0.09208560149566132 0.19309345479983606 0.2648108912133512 0.3095583621279394 0.32561249049753777 0.3113678623506559 0.27092103709682164 0.21406712246258672 0.15882738981477643
0.0037311286622989668 0.003695441497456808 0.0036312202855123526 0.0034297751246809565 0.003136548272047695 0.0027602314969946418 0.0022010489349069385 0.0015293776046336283 0.0009419109973405874 0.0005448247093421937 0.000300676389957115 0.0001597033972667123 8.22031604593983e-05 4.1206871839963686e-05 2.018132164961346e-05 9.930761939676813e-06 5.058391628586555e-06 2.6728216100084986e-06 1.4801220794315368e-06 8.890059047457848e-07 6.507795316106729e-07 7.428809500575156e-07 1.2903911363337348e-06 2.8224914664076387e-06 7.28260925674746e-06 2.1353756058102037e-05 6.78583675598103e-05 0.00022303648562994776 0.000755567331764027 0.002574715061495773 0.0085261602536386 0.026158365234092627 0.06844122973937308 0.13711936386385326 0.2079061733850399 0.2616439288371298 0.2892247576343273 0.284694405466585 0.2520977162391197 0.20129020797819636 0.14961246673992024
0.0030104156702044746 0.0032631780208009675 0.0035004065127712107 0.00363935837194268 0.0036674674623631306 0.0035433327887632042 0.003129243547270151 0.0024103072403064527 0.0016205745846681557 0.000997280282831892 0.000582831943027385 0.0003260205401462272 0.00017562474831069963 9.150463561421709e-05 4.623276317783235e-05 2.3118450916928143e-05 1.1835599645104585e-05 6.198800768006622e-06 3.324355998240699e-06 1.8367161745868906e-06 1.0736686511476127e-06 1.3152643359645408e-06 2.6987045490353306e-06 6.07275664574842e-06 1.4934356625436813e-05 3.9638524416577616e-05 0.00011069678839806385 0.0003250166737884565 0.000984624959867272 0.002977725777780869 0.008663260134427501 0.023148104689718518 0.05361108576398354 0.10220472580602477 0.15892546245665212 0.20872558970082825 0.24073168878772908 0.24482019234896044 0.22153266236352837 0.17938657061390803 0.1342488498271827
0.0023034114761543087 0.0027402938430888236 0.003228010546349781 0.003716322305084331 0.004134214896223355 0.004381370249351111 0.004265793115294176 0.003649639113819563 0.0027155262139779758 0.0017960845455050585 0.0011207376960619953 0.0006671059014754308 0.0003810479144022528 0.00020976284096677728 0.0001115914155557657 5.811169791415695e-05 3.079888629128461e-05 1.6660956382462225e-05 9.240273565810582e-06 5.361072594734819e-06 3.5944442123669513e-06 4.0952088388204855e-06 7.270309291146652e-06 1.4798904079292261e-05 3.257939620836481e-05 7.59778433302161e-05 0.0001887983266533287 0.0004940241465298008 0.001324431991834025 0.00352796646559854 0.009021635491645287 0.021305092001282153 0.044642410870883456 0.08048912029107332 0.12377788744440392 0.16455630440680977 0.1934967409027181 0.20187463307754358 0.18614760920245166 0.1527022242129891 0.11534483130682668
0.0016867569611950007 0.002196051147036523 0.002857192547234831 0.0036471967622119703 0.004482457915265611 0.00519861629154908 0.005533233730788307 0.0052636582349469396 0.00434343952778091 0.003135640915297465 0.0021046765318066657 0.0013456196105442483 0.000824624833394642 0.00048674699861814204 0.00027772052657423394 0.00015424021059329819 8.686623822316574e-05 5.024425567982094e-05 3.0249157292276214e-05 1.9729855719204782e-05 1.5372718516230225e-05 1.6312205948022476e-05 2.3269705278807117e-05 3.955428361942571e-05 7.436382962352852e-05 0.00015272438106766285 0.00033663226404019586 0.0007778719052960607 0.0018364964732722746 0.004306790381193254 0.009731620803839998 0.020529476348679288 0.0392582863542952 0.06658980530247505 0.09930030718677267 0.13070419491859553 0.1536190885921654 0.1621635687518934 0.1513032795330718 0.12521028196115416 0.0954649900392598
0.0012383483400420939 0.0017068820355020846 0.0024283291067195515 0.003436531623470839 0.004661992208591933 0.005893246897100234 0.0068146918611635176 0.007158008874957176 0.006553979979266947 0.005218233314109494 0.0037904890136645384 0.0026227395527235993 0.0017407549627047167 0.001114801268518776 0.000692186335436233 0.0004184947996657241 0.00025486920081772266 0.0001604013268883346 0.00010578196125419863 7.561141693562999e-05 6.210999406186957e-05 6.203953803315672e-05 7.560941640493279e-05 0.00010827635363066637 0.00017688586910501636 0.00031890036316184397 0.0006178920973225184 0.0012554784434817292 0.0026090525274975753 0.005402593854314898 0.010852408178108692 0.020599177441972136 0.03609359375450399 0.0573743522518858 0.08199098577752555 0.10524653378191529 0.1219491191625215 0.12824377050785357 0.12001542042436047 0.09964662223040088 0.07655870398648185
0.0009317467136174427 0.0013554318783704324 0.0020397367631422338 0.0031171693078030456 0.004629773268900631 0.006350758064743024 0.007945699255060603 0.009073540953328612 0.009208959942509417 0.008116964353541551 0.006416122538775418 0.004829294625360705 0.003493510543735122 0.0024463867262833074 0.0016687956767425982 0.00111483167638886 0.000742189884112991 0.0005108019378597573 0.0003659658850038625 0.00027738626889949714 0.00022947686921778566 0.00021488882291385668 0.00023462957067896072 0.00029682884044076333 0.00042524561958493066 0.0006723715507017393 0.0011445283373455336 0.002047448991975945 0.003757583316498624 0.00690551510967246 0.012407649483357054 0.021310020444492015 0.034303207431534824 0.0509806481790391 0.06930543875202749 0.08587609777266102 0.09707086227437253 0.10042411872457568 0.0934283752920247 0.07743824091113513 0.05999959019619858
0.0007284428595793301 0.0011156069532218108 0.0017661087802860096 0.0028579076804084932 0.004474700712283724 0.006501061221401722 0.00871028385115452 0.010679917429254011 0.011877408264933631 0.011563106900251653 0.00999113324143632 0.008199491956868817 0.006482393725965778 0.004979624518839573 0.0037464905956132053 0.0027794405932908494 0.0020462363346331436 0.001542679568864636 0.0011930646628635195 0.0009422099507141194 0.0007761418868705533 0.0006931211589148906 0.0006934665696221096 0.0007849670336799949 0.0009962155282409121 0.001391714190253734 0.0020942050713303175 0.003318557075119613 0.005413547904658414 0.008889689876907967 0.014381033764249802 0.02246604344552033 0.03331055538582749 0.046241019434816545 0.059536824898089286 0.07072976126550252 0.07739675175436396 0.07805521790078236 0.07158157270236759 0.05902955924656051 0.04674011108324051
0.0005994858788425662 0.0009607919032871287 0.0015886340202091382 0.002697424072696585 0.004400814643413817 0.006646057725273426 0.00926250078615202 0.011877811142754196 0.013975276611195096 0.014859944612607584 0.014009583645268931 0.01252430139108073 0.01080927042201133 0.009093256534679987 0.007531126423253192 0.006202189818399691 0.0051185691307541826 0.0042893293575042525 0.0036712694115593096 0.0030637095848881305 0.0024753912856518793 0.002068575051619941 0.0018939837820260862 0.0019378470134105894 0.002207316445840733 0.002758196799103543 0.003709069155395068 0.005257447373108446 0.007691955871807428 0.011379402648394689 0.016692714775147877 0.023849202738517802 0.03267264005241035 0.04237952112932729 0.051559699549460526 0.058474486908387704 0.06160880111765614 0.06022076912655042 0.054006728906190744 0.044674216014013474 0.036496326030108286
0.0005251502177026024 0.0008730005231648587 0.0014944955220170045 0.002615511419310454 0.004404767610570868 0.006870590380335727 0.009899533123392193 0.013142669342662647 0.0160384589306001 0.0179524321415505 0.018225779477623463 0.017573808376600962 0.016440402083670275 0.01507885036812522 0.013714441376650887 0.012519566244729635 0.01160541903512435 0.011006065784661298 0.010737880230973058 0.009563670567161198 0.007190193468847396 0.00549449405435642 0.004625377765123394 0.004342005658281346 0.004514708719080435 0.005126522494070127 0.0062472345575894485 0.00801796685729171 0.010633624955792183 0.014303793400569746 0.019173603268540427 0.02520056718631855 0.03201827706476156 0.03886176690305107 0.04464371926966358 0.048215782587057776 0.04873716873539681 0.04598261150890686 0.04029814603803971 0.034178017901715166 0.0287598652752508
