_RESULTS/CROSS_VALIDATION_POSTPROCESSED_80-20/Berg/IZ/1comp/5/Berg_IZ_z_710_kriged_reverse_1comp_spherical_5.asc
ncols 100
nrows 90
xllcorner 5.6208707817415728
yllcorner 50.959635321741573
cellsize 0.00013419651685393446
nodata_value 1.7014100000000001E+038
[rows 36 to 53 of 90, columns 41 to 81 of 100]
0.03254916398711771 0.021673441956410657 0.013156649528206377 0.007268340081947648 0.0037476457768432074 0.0018301157868804295 0.0008543517282352388 0.0003782102291828787 0.00016179173294645494 6.883021144389586e-05 3.037669609680593e-05 1.4847025540697124e-05 8.767642851291138e-06 6.5326548637631475e-06 5.901614428002495e-06 6.075205547171261e-06 6.775965359850229e-06 7.72728604051364e-06 8.724283556329155e-06 9.776916139361746e-06 1.0972209680346478e-05 1.2477854085486479e-05 1.4498136111631247e-05 1.728328815568871e-05 2.1247128736969525e-05 2.6900852401196238e-05 3.476219343190398e-05 4.52734662607751e-05 5.869269433558904e-05 7.496154969163705e-05 9.35590577508314e-05 0.00011441579040857063 0.00014359379513506615 0.00018522747975607161 0.00023812230510089684 0.00029846796282459627 0.00036846209329953667 0.000448656853693991 0.0005332641441548289 0.0006125872069950556 0.0006740014423704403
0.027114990418555293 0.018663328732882987 0.011819671223596567 0.006774769986428668 0.0036370556318324433 0.0018623678070224543 0.0009136663992161643 0.00042836242868199914 0.00019654968903787723 9.097784421551814e-05 4.4184188001690986e-05 2.364304550637255e-05 1.46267768613105e-05 1.0737742557905866e-05 9.259964454903613e-06 9.03333344722543e-06 9.473832515310103e-06 1.014222882170304e-05 1.082409854783344e-05 1.1483357077123117e-05 1.219420303279894e-05 1.3096775755191667e-05 1.4343397309513487e-05 1.6259234868098133e-05 1.9245024141449473e-05 2.366649082633018e-05 2.9733501853953608e-05 3.744220638421502e-05 4.665470662694673e-05 5.694864409047491e-05 6.770966744142273e-05 7.947533363493689e-05 9.658075378049111e-05 0.00012148386010728313 0.00015303212668921787 0.00019368721535367636 0.0002453716435849929 0.0003071529873048864 0.0003750992431153991 0.00044179881366219993 0.0004969270188033482
0.022909052410367475 0.016299016085895904 0.010770788205930484 0.006450287766065838 0.0036143992822942196 0.0019466173075949826 0.001006429050260548 0.0005016069544237492 0.00024698793751226134 0.00012363233030226602 6.491208353676368e-05 3.691146862680034e-05 2.3496699813951e-05 1.706655642196427e-05 1.4173145097647864e-05 1.3274346583208361e-05 1.3189206646831554e-05 1.32719988387933e-05 1.3369715330877782e-05 1.3369242567671306e-05 1.3323979222045302e-05 1.3300885925497554e-05 1.3541159897933577e-05 1.4444951249570549e-05 1.6455107031357665e-05 1.9840912417050622e-05 2.455213057603607e-05 3.0229375141640155e-05 3.626604513391577e-05 4.20142093823398e-05 4.7115554935597046e-05 5.27791492548421e-05 6.182810288419498e-05 7.689964410478913e-05 9.85859328103077e-05 0.0001281785654310969 0.0001677371018230554 0.00021711921507831805 0.00027369167717969384 0.0003317072401136995 0.0003825620379392063
0.019839988529497424 0.014555663183086234 0.009970893538179 0.006252988181712382 0.003655867543133903 0.002070243492394793 0.0011290654944142993 0.0005981365088241706 0.00031497713303787415 0.0001681393795114972 9.340806482535186e-05 5.556095546422516e-05 3.6232713698288295e-05 2.6300316763088475e-05 2.1439726239251173e-05 1.9315038822961228e-05 1.8098229760001323e-05 1.7145677188170678e-05 1.6335364557364614e-05 1.5432843431933016e-05 1.4340459328361301e-05 1.3182860420098448e-05 1.2266620319155503e-05 1.2113589274142671e-05 1.3337764852484381e-05 1.6059505859507908e-05 1.9816687340984694e-05 2.3937517196066778e-05 2.7686227189634725e-05 3.0413573609648046e-05 3.193043858047755e-05 3.426663767547507e-05 3.9333273011153673e-05 4.9057905248223985e-05 6.474588589289386e-05 8.754527438807468e-05 0.00011932494593603859 0.0001606884308948188 0.00020990404974841802 0.00026241699570771015 0.00031087259005423894
0.017643053446639557 0.013371540885941214 0.009443318721319503 0.006139887815524437 0.0037411250011093796 0.0022201050600490083 0.0012764882315446945 0.000716422135777345 0.00039791368268277637 0.00022371708098443028 0.00013042536562097703 8.063445851673572e-05 5.383988487074125e-05 3.945592592938124e-05 3.199809032438027e-05 2.8032756019580634e-05 2.5056012966032123e-05 2.2585282644754855e-05 2.032591371666893e-05 1.7991439089236488e-05 1.5572258741767e-05 1.3160793534164007e-05 1.0981379658595212e-05 9.638072723982914e-06 1.04149768481445e-05 1.3022810574252496e-05 1.6232033397747095e-05 1.926183492564908e-05 2.1480858482791617e-05 2.2487845057837363e-05 2.2508251129351064e-05 2.309709488584488e-05 2.5551367361987198e-05 3.1828496583189195e-05 4.371767759291259e-05 6.260352827372581e-05 8.98772825594665e-05 0.00012654801681837559 0.00017160431166248527 0.00022132659108454225 0.0002692218320813815
0.016117762812054463 0.012612874677142435 0.009141648882082392 0.0061236456447217626 0.003858267510520448 0.002382579152133822 0.0014375576269358302 0.0008439083987573483 0.0004911634445455052 0.0002894684859076585 0.00017629373110055442 0.0001129991231298624 7.744425947126549e-05 5.778439567157476e-05 4.729409940643789e-05 4.0787869501362825e-05 3.55875698555585e-05 3.1180146743803526e-05 2.7085085847126834e-05 2.298454492122755e-05 1.8816238223323898e-05 1.4893139800194405e-05 1.1332375148411008e-05 8.256008619521633e-06 9.169746293964821e-06 1.2065136936511508e-05 1.4899003020700624e-05 1.7161873867128037e-05 1.833334781629727e-05 1.810205395380465e-05 1.7113373474395145e-05 1.644955713364795e-05 1.7148425626924797e-05 2.1200255617681224e-05 3.092660024520338e-05 4.7801605022387e-05 7.331158580402468e-05 0.00010807786771669703 0.00015173332026203519 0.00020117704613293084 0.0002504445474872216
0.01512681750619273 0.012176023495255131 0.008993433372536976 0.0061644133329868634 0.0039995442078002985 0.0025418715490689477 0.0015849447458571651 0.0009685559737816567 0.0005893262311564458 0.0003631534220934 0.0002305822398135313 0.0001533844815861761 0.00010917844393841158 8.429054987674183e-05 7.01057173314653e-05 6.032468339611295e-05 5.2195291749270986e-05 4.500533411987879e-05 3.838438953199495e-05 3.206242556625745e-05 2.58116791954232e-05 2.0065647379572745e-05 1.5331723926265677e-05 1.2232446280856245e-05 1.225933388637642e-05 1.4292815207241546e-05 1.6409466049347702e-05 1.7731357954439395e-05 1.77552823032691e-05 1.6453270458545377e-05 1.4680294314347578e-05 1.2906581933291887e-05 1.2009688598309185e-05 1.4686593626795972e-05 2.3957762007490406e-05 4.068549403416462e-05 6.638082250557527e-05 0.00010206678438569658 0.0001470494628848772 0.00019878424079975172 0.0002515997619356915
0.01458220567455324 0.011961254817137772 0.008907544841083715 0.006200001518347242 0.004120953383710026 0.0026654327545144463 0.0017045343185548745 0.001080666636716521 0.0006852559591479209 0.000441116632833904 0.00029379961798625464 0.0002055713206937758 0.00015347963214443775 0.00012261728906540244 0.00010377436604629837 9.00112914043216e-05 7.79493767505908e-05 6.711732498358833e-05 5.719535894977959e-05 4.796362487959305e-05 3.9118229246895976e-05 3.108679977516682e-05 2.479012511666895e-05 2.0961426430119407e-05 1.9837781889157298e-05 2.0489942222284427e-05 2.1403942280073065e-05 2.145892124070227e-05 2.0078737276887538e-05 1.7740401214251373e-05 1.5140924405529771e-05 1.2481675155335418e-05 9.88563285363603e-06 1.1794893443251767e-05 2.2705775511182378e-05 4.092426176234135e-05 6.875566622131945e-05 0.00010771376651403421 0.0001573908213847219 0.00021451555192579888 0.00027346373986891174
0.014444150827749337 0.011803655461951695 0.00874420308453808 0.006151926562774112 0.004150019548569172 0.002726200637847959 0.0017878363259245702 0.0011720801302069158 0.0007745566279183394 0.0005253400886558502 0.00037025535752226423 0.000273610744466495 0.00021372348148723002 0.00017550527231760993 0.0001516079535239934 0.00013364781225927804 0.00011722115327285703 0.00010210347434577095 8.815105776657423e-05 7.526926740197235e-05 6.304078966380405e-05 5.201072885060799e-05 4.299705288795864e-05 3.7051042353938765e-05 3.396483912834011e-05 3.265129669168909e-05 3.164905297145446e-05 2.974249545717836e-05 2.6641864812477494e-05 2.3223314369354853e-05 1.97353409518743e-05 1.6602112555314466e-05 1.4811937042517565e-05 1.7830971474881124e-05 2.9400466511818728e-05 5.0289744891844664e-05 8.236897222664348e-05 0.00012734894597031218 0.00018492510667340886 0.0002517210231207499 0.0003207577715623649
0.014122090370450403 0.011162197079565011 0.008298976519475072 0.005923572581194553 0.00404722335300987 0.0027049569473431624 0.0018241781267608263 0.0012370403301129088 0.0008627087535686106 0.0006196305923358617 0.0004612753279138849 0.0003568735815373668 0.0002884859161829808 0.00024433926633712764 0.00021654349236385713 0.0001957248052242051 0.000175518213763554 0.00015617789054454012 0.00013793470214081902 0.00012092856653064705 0.00010453806435670757 8.942068905448054e-05 7.639744404277493e-05 6.637741616413247e-05 5.972586155675558e-05 5.5106071675380885e-05 5.0944088604599446e-05 4.604762310374475e-05 4.107873959375724e-05 3.6081740054909615e-05 3.140886409122173e-05 2.7982828692476366e-05 2.7413945445547538e-05 3.253729326959649e-05 4.667227822776909e-05 7.261898419537086e-05 0.00011183271362754929 0.00016640175153610344 0.00023587108623867253 0.0003163668162494018 0.00040016503428311483
0.011299134589019632 0.009601800365504409 0.007434763664736145 0.005424903455147817 0.0037755387897428633 0.0025761167823803235 0.0017922363552970006 0.0012752902277274785 0.0009390864509160426 0.0007148037283967282 0.0005581095887342269 0.0004494375617147878 0.0003772037809892434 0.00033005563850191117 0.0003008334711048252 0.000280318933000671 0.0002587085307233624 0.00023671720922423424 0.00021516004249471575 0.00019450495674632043 0.0001737462979610626 0.00015366908742977576 0.00013520129550684677 0.00011887656107712375 0.00010613154147947823 9.59596368943441e-05 8.661290788271508e-05 7.861466444376602e-05 7.12636485543756e-05 6.375416852316789e-05 5.6850263568344165e-05 5.24635338857104e-05 5.282419318743915e-05 6.06988297741541e-05 7.98641025122947e-05 0.00011435241598604673 0.00016524658106952222 0.00023414916882741197 0.0003205751806151936 0.00041970932336250343 0.00052234489687126
0.009059476195618556 0.007907886437765313 0.006337073293722785 0.004727665991461572 0.0033555456223555956 0.002342579186932756 0.0017001029880178158 0.0012768669116054504 0.0009899836414136772 0.0007918820709041739 0.0006477080080064894 0.000545789315910269 0.0004772887858815033 0.0004327920704690056 0.00040662244889420115 0.0003915634964664989 0.00037330911105938126 0.0003524322882997252 0.00033064094825222586 0.0003087521013586565 0.00028503268264587717 0.00026028961205682577 0.00023538280067564063 0.0002106651328624131 0.00018778192260051146 0.00016830373341624087 0.00015385763415318217 0.00014353396263851734 0.00013435345753941817 0.00012271947835976828 0.00011018092710987603 0.0001023584257784034 0.0001026620748085845 0.0001138647602658286 0.00013980227690634495 0.00018603734090160779 0.000255062790617263 0.0003444015224669982 0.00045392270297535045 0.0005772847016816288 0.0007031161946850525
0.007290562958882784 0.006412832201376269 0.0052234290539320116 0.003957973698014059 0.002854483128624341 0.0020537233637683778 0.0015497115072473937 0.001220944195155682 0.000993187028130295 0.0008359623516379519 0.0007202838859515569 0.0006378831828831063 0.0005830396067997208 0.000549210423063705 0.0005327730952145858 0.0005302246651113905 0.0005234777189909443 0.0005107776568018974 0.0004951608687746037 0.00047766479261088284 0.000455459333722633 0.00042892914765586766 0.00039816094366234986 0.0003630499201119225 0.0003254495831287206 0.0002974266409272319 0.0002792027762538511 0.0002690348577568218 0.00026477967816349745 0.0002472640774711668 0.0002169635448248713 0.00019952802210403725 0.00019712495958300745 0.00021137022281014198 0.0002456485316965194 0.0003055748944307496 0.0003973645656154578 0.000515142873387445 0.0006546167839864313 0.0008077694926437097 0.0009602591163526181
0.00607012830253163 0.005191077935038039 0.004199171927286867 0.003193824317779737 0.002319125511410997 0.0017127022799340208 0.0013328448243438648 0.0010998204369971046 0.0009442205107237599 0.0008401510020006632 0.0007673850688073384 0.0007169342985369115 0.0006868156929898279 0.0006732519763259205 0.0006747400285967201 0.0006916395018999892 0.0007073931269378941 0.0007129767707525435 0.0007136148545645506 0.0007103398625667959 0.0006993659147652018 0.0006791603000156902 0.0006468763040436587 0.0006045285938919523 0.0005609225056162738 0.0005261114163400876 0.0005036329965004756 0.000492778742933793 0.0004913358813058286 0.0004638296628373482 0.00040982073889505514 0.00037690123780867706 0.00036783846152034326 0.00038335472336395644 0.00042606746457126104 0.0005008228454528568 0.0006145627936754428 0.000765670061744369 0.0009417976685425637 0.001129016920215981 0.0013091740592363996
0.00518913539494166 0.004264143771653565 0.0033123040720461202 0.002452409924452268 0.0017858242829773576 0.0013468341201929269 0.0010796608513104885 0.0009305977062515531 0.0008495800261552601 0.0008051475234340117 0.0007840261822173995 0.0007755100967125549 0.0007804413743651454 0.0007969873339131444 0.0008250712777557758 0.000866550384017578 0.0009153007263343921 0.0009500754700404393 0.000978679532070638 0.0010029959734888954 0.0010203219403086099 0.0010253570898980631 0.0010199060730475575 0.0009999505076259375 0.0009632834700523166 0.0009224067352829697 0.0008914651803432695 0.0008682363072689664 0.000842866373277802 0.0007948266101409582 0.0007305574204701096 0.0006812157015939338 0.0006607966317947742 0.0006732610008184015 0.0007212110260212018 0.0008082590138400908 0.0009391919958777338 0.0011152518004883844 0.0013275660851778538 0.0015500358425998705 0.0017576437707107896
0.004511885960801862 0.003554531657516863 0.002642656740865405 0.0018766984769977534 0.0013332829058816647 0.0010028438628291534 0.0008224016085482208 0.0007417843337839738 0.0007245221198988958 0.0007385920337825752 0.000770612383052526 0.0008093132616994916 0.0008567885278693804 0.0009119829016408493 0.0009747942521694543 0.0010466061712843724 0.001130003072065627 0.00120104350893643 0.0012638456618018772 0.0013339276746433472 0.0014257664536222112 0.0015255651273540516 0.0016071569166620009 0.0016494898844788648 0.0016424399266693943 0.0015983779130134205 0.0015500083354523843 0.0014969583112972417 0.0014318981963503353 0.0013482239443050141 0.0012567497605944734 0.0011814658512609892 0.0011396428218600058 0.0011388077170711025 0.0011820189898653724 0.0012711736686553817 0.001407810133865269 0.0015923009068218058 0.0018123566510568614 0.002059127689957887 0.0023063342331596315
0.004003535360543427 0.0030293869163470974 0.0021572837967933755 0.001471223856575673 0.001013747059440217 0.0007416674474475456 0.0006067237564431427 0.0005702110697324305 0.000594072263510372 0.0006545149418396441 0.0007329826055172515 0.0008177387554683866 0.0009106111370005085 0.0010103066325814218 0.0011152923124644757 0.0012248225071181062 0.0013411592886137945 0.0014589688851558834 0.0015695818202604685 0.0017294858121262196 0.001981781765106539 0.002278937669463647 0.002543211010409235 0.0027191580241353575 0.002779869783372137 0.0027363543977011796 0.0026530425522761658 0.0025414681466832865 0.0024055792896489772 0.002252861771798759 0.0021007530734005937 0.0019722483091317864 0.0018851626869423564 0.001848392010084194 0.0018645033548058587 0.0019327248351569113 0.0020501943529677422 0.0022116776187091508 0.002409869764672435 0.002637212723565981 0.002927591286860088
0.0036373557962650887 0.0026605627672815968 0.0018274310713780556 0.0012097143403691144 0.0008077794247464687 0.0005613267558011227 0.00044835729498007566 0.0004524508077120727 0.0005080750698458693 0.0005951814894964558 0.0007079799362272145 0.0008319656202863426 0.0009702951622215103 0.0011233458198586601 0.0012890075426922154 0.0014630215762425189 0.0016390102697489335 0.001811142234669946 0.0019476317072247907 0.0022056014044864363 0.002784407798026245 0.00347253668888509 0.00407752783228363 0.004492704719932079 0.0046686294271135135 0.004618225226407532 0.00445953329770536 0.004230624699266736 0.003958344634614437 0.003671066322942949 0.0033973652361440755 0.003162462451526213 0.002983468209517328 0.0028678939826156462 0.0028156609775076107 0.002821748819113155 0.0028777301898864492 0.0029720529681902153 0.0031071161343457047 0.0033157206072362503 0.003593879651149721
