_KRIGING/CROSS_VALIDATION_CLASSIC_CLR/Berg/IZ/train_5/Berg_IZ_5_train_z_125.asc
ncols 100
nrows 90
xllcorner 5.6208707817415728
yllcorner 50.959635321741573
cellsize 0.00013419651685393446
nodata_value 1.7014100000000001E+038
[rows 19 to 37 of 90, columns 43 to 85 of 100]
3.2103798820142626 3.0939212820823756 2.9896928165361789 2.9049488498569902 2.8466717875166627 2.8212467758514808 2.8341963461709665 2.8899787585303751 2.9918380731506882 3.1416832253556648 3.3399708143785114 3.5855731889493314 3.8756285360745588 4.2053895479929677 4.5681067587083213 4.9549962986396618 5.3553450549643618 5.7567966302920759 6.1458395167461166 6.5084879283244597 6.8311114337614107 7.1013386738883923 7.3089394274878066 7.446582734639394 7.5103785526669977 7.5001352118607709 7.4193006158262769 7.2745956082726533 7.0753864361079994 6.8328736601780315 6.5591928425272208 6.2665259468143724 5.9663122659428591 5.6686266691293579 5.3817653171018627 5.1120495336853802 4.8638316909019963 4.6396661628406033 4.4405955965322104 4.2664983946215891 4.1164465543967053 3.9890320770418679 3.8826327815940207
3.3601804739225756 3.2440459331368356 3.139070285718633 3.0531447325887555 2.9938934497040774 2.9683047189938359 2.9824318794101927 3.0411698484780101 3.1480944417726842 3.3053386171535548 3.513475883819507 3.7713880232018728 4.0761107692191363 4.4226733248235153 4.8039698323875415 5.2107169304227572 5.6315561026889256 6.0533498234886451 6.4616969044929693 6.8416586280961589 7.1786494720705427 7.4594120069681988 7.6729720087220254 7.8114621506614359 7.8707129274482659 7.8505363283241962 7.7546666737998899 7.5903672590780831 7.3677535578880562 7.0989170037721241 6.7969530007167904 6.4750007216331911 6.1453911533172825 5.8189768638343633 5.5046868025516646 5.2093173571106925 4.9375417399298911 4.692097255706245 4.4740962304605603 4.2834018326297318 4.1190137318781321 3.9794185545850969 3.862873919946213
3.4689583174825196 3.3606056962413771 3.2630417406833376 3.1843956576716539 3.132485360646716 3.114432527343971 3.1363602794673193 3.2031789649515607 3.318444136839529 3.4842554875602745 3.7011605648118659 3.9680344459118095 4.2819249378794737 4.6378780465259402 5.0287840500563625 5.4453035206236198 5.8759391494372091 6.3073099493965641 6.7246595902798862 7.1125941829724972 7.4560035823694353 7.741082465090658 7.9563409196966601 8.0934848228574126 8.1480562835868096 8.1197525215210522 8.0123828544111397 7.8334707885335284 7.5935534779135985 7.3052667531168325 6.9823253219883172 6.638512310499415 6.2867807841327359 5.9385456022749228 5.6032119417799349 5.2879527190956424 4.9977161415101126 4.7354206814363478 4.5022801561058623 4.298196805399594 4.1221642646139518 3.972633019632875 3.8478056506541556
3.5280023632456357 3.4360227088901518 3.355335210208449 3.2938433440342942 3.2590378299156608 3.2576278991424381 3.2952710261695342 3.3764036755451148 3.5041513783491998 3.680279095471445 3.9051372198574668 4.1775668526593401 4.4947488330868683 4.8520097353027918 5.242627624796075 5.6577030071825742 6.086169471924407 6.5150102344003384 6.9297211970743948 7.3150223887723005 7.6557750057675609 7.9380196952085829 8.1500217727803417 8.2831971172266474 8.3328013281561226 8.2982930607382368 8.1833252227350819 7.9953673217430161 7.7450101241888856 7.4450421449278235 7.1094107375498474 6.7521861680780617 6.3866357229283803 6.0244900718494012 5.6754510342779501 5.346954494881377 5.0441699433155129 4.7701931369456796 4.5263730933058142 4.3127095485006262 4.1282611052463771 3.9715153438508528 3.8406874057688389
3.5343763119426019 3.4680617301895125 3.4145104714746513 3.3808993955290911 3.3738304138999191 3.3990129658682755 3.461063682596158 3.5634200033608114 3.708337514711856 3.8969217079419654 4.1291390172326956 4.4037617438643171 4.7182253385691499 5.0684093872668674 5.4483877996748546 5.8502205660046149 6.2638716633082705 6.6773309392232187 7.0769919458916295 7.4482969699799835 7.7766126367560977 8.0482540075907423 8.2515413120428924 8.3777583371901976 8.4218882625342122 8.3830302555028648 8.2644433301509181 8.0732149433373266 7.8196016152218295 7.516129313346914 7.1765664810930518 6.8148896371307606 6.4443509979906004 6.0767330345458461 5.721841625227408 5.3872535845612468 5.078301458269447 4.7982528967735298 4.5486261419098906 4.3295777767742676 4.1403028368700703 3.9793984336406711 3.8451573691870111
3.4911358870654028 3.4599318590125208 3.4439349702351421 3.4490897151394595 3.4805441955243492 3.5424191135239478 3.6377151332582569 3.76834673683926 3.9352611430540341 4.1385804387619487 4.3776994955053912 4.6512839690632326 4.9571400845674205 5.2919654184529028 5.6510291025097903 6.0278614593599222 6.4140489569377035 6.7992256898990426 7.1713269735192071 7.5171283588950999 7.8230425217857711 8.0760971387540472 8.2649789506803977 8.3810103101867703 8.4189283153983752 8.3773623061312428 8.2589480104113679 8.0700679860627975 7.8202590113296422 7.5213692240707291 7.186574824514798 6.8293749910342463 6.4626747000676144 6.0980417433033338 5.7451917346557266 5.41171940116695 5.1030616570256271 4.8226522596972385 4.5722118120404867 4.3521111556110483 4.1617497825377914 3.9999015737394141 3.8649951320412947
3.4067952679850504 3.419675162715929 3.4510945029605149 3.5052888136612812 3.5854230511606753 3.6934802413626104 3.8303114292577183 3.9958238150472543 4.1892521096673523 4.4094368094509511 4.6550282526968827 4.9245494966957697 5.2162824087949025 5.5279838638584025 5.8564835418742138 6.1972514668431593 6.5440433672335816 6.8887297952767899 7.2213900496334098 7.5307085839220136 7.8046580786341888 8.0314002551646695 8.2002932881273534 8.3028714871231575 8.3336629737876695 8.2907338992945867 8.1758885020795482 7.9945050368324129 7.7550390160281415 7.4682685743113559 7.1463855699696923 6.802046956595067 6.4474941321661365 6.0938265504641613 5.750485047517035 5.4249661047500135 5.1227563016300666 4.8474509004619168 4.6010044659495337 4.3840553692227333 4.1962690240726719 4.0366546329050434 3.9038243433144251
3.2941287343437389 3.3589410771226444 3.4463502116726654 3.5584678602306496 3.6960193803098274 3.8583806303554602 4.0437999391213282 4.2497686380706892 4.4734698507100248 4.7122134409761056 4.9637613762896997 5.2264647573160836 5.4991693314952501 5.7808939625297393 6.0703366432203465 6.3653045065815164 6.662188538408917 6.9556044560505033 7.2382975242648584 7.5013651361820308 7.7347952728274834 7.9282623573043374 8.0720754780025015 8.1581461552560732 8.1808384803553924 8.1375835263894132 8.0291779086759458 7.85973548379439 7.6363121664283451 7.3682679086001794 7.0664603155519394 6.7423775875018723 6.4073143203361829 6.0716750190319697 5.7444618891549206 5.4329713652132021 5.1426934203028711 4.8773833021321016 4.6392595678592858 4.4292759250249567 4.247416602326755 4.0929737902198262 3.9647785149032959
3.1684887138009961 3.2913359134632389 3.4413379060029077 3.618157782370893 3.8197296514804231 4.0424657571920761 4.2816722716070519 4.5321222652279447 4.7886990998887509 5.0470016989360253 5.3038010742516253 5.5572575413891343 5.8068478998439357 6.0530046103430788 6.2965245242962489 6.5378517494051671 6.7763678657200952 7.009826624670259 7.2340481928947966 7.4429440121664019 7.6288859576710077 7.7833737923325081 7.8979042275148856 7.9649123472099692 7.978646942246959 7.9358558818811069 7.8361919416434027 7.6822960591810965 7.4795647419506448 7.2356525410182702 6.9597923176717984 6.6620316501994585 6.3524826699611321 6.0406673449601369 5.7350152754097259 5.4425418805708503 5.1687066910798611 4.9174284839925555 4.6912187754705013 4.4913885545780943 4.31828440954357 4.1715175686091586 4.0501604662056865
3.0458864001479582 3.2305955612930752 3.4472571463146306 3.6928720457402884 3.9623599813286985 4.2489508585790308 4.5448069993597615 4.8418090024596712 5.1324017258591095 5.4103755319873343 5.6714577193588003 5.9136122438408094 6.1369898182655929 6.3435280361264361 6.5362617441042854 6.7184557914785143 6.8927051823735006 7.060154854831115 7.2199712287680331 7.3691541758362176 7.502719623128991 7.6142207900339898 7.6965215892260721 7.7426984909953394 7.7469328212763582 7.7052650018614166 7.6161120813083514 7.4804930517534132 7.3019541729839217 7.0862302409803526 6.8407106128917778 6.573796823871132 6.2942409689003433 6.0105426946820106 5.7304617023964592 5.4606771042962805 5.2065996965302821 4.9723221400471358 4.7606776535306041 4.5733709937099425 4.4111456882329927 4.2739571238891854 4.1611300559053586
2.9411057571545896 3.1888471084586945 3.4733074241535813 3.7887355016999118 4.1269554956356487 4.4779476209213671 4.8306794267271105 5.1741046561917123 5.4982099822978352 5.7949693939810771 6.05906781724343 6.2882817625716623 6.4834525563685865 6.6480495347529889 6.7873856176285292 6.9076039477056792 7.014591143773905 7.1129831853845786 7.2054121500521218 7.2920995876809434 7.3708435182977654 7.4373819927086897 7.4860584557742786 7.5106725316822684 7.5053803739275757 7.4655128736207415 7.3882048152772661 7.2727670802571085 7.1207789650424047 6.9359203129940088 6.7235967058858384 6.4904312706891973 6.2437025470169889 5.9908008602609879 5.7387592457440153 5.4938936297809446 5.261565131266118 5.0460586231031499 4.8505584142691678 4.677194977073464 4.5271356682465083 4.400696063541492 4.2974550309129942
2.8661032636569068 3.1751997730938126 3.525496368050733 3.9085261907188489 4.3130808390763793 4.7259765395589444 5.1330870085437645 5.5205451222365358 5.8759788640992401 6.1896276805225821 6.4551892642679647 6.670275744110798 6.8364092410302684 6.9585520742484031 7.0442355836799262 7.1024114502085283 7.1421897528167015 7.1716416006373844 7.1968288906001572 7.2211828957394992 7.2452949785820966 7.2671176503422208 7.2825139792509441 7.2860478348710611 7.2718830209627416 7.2346579830520685 7.1702221209111858 7.0761540198658599 6.9520234657657767 6.7994000545319215 6.6216449832647415 6.4235449798956816 6.2108567835855402 5.9898281416850825 5.7667498153071692 5.5475764234910399 5.3376360073287721 5.141432198191489 4.9625309606935071 4.8035169424271329 4.6660022761148454 4.5506722120597694 4.457355744716585
2.8288890941577653 3.1948431475269277 3.6059770707215746 4.0512641040539314 4.5166617239533089 4.9860509555152461 5.4424540207298708 5.8694191379331864 6.2524252572349219 6.580141630256044 6.8453830096203445 7.0456325532882271 7.1830579610169654 7.2640142459815511 7.2980978700869708 7.2968796480859845 7.2724870543810614 7.2362230413792794 7.1973958458573311 7.1624955146768272 7.134795629372773 7.1143934959016022 7.098640178410963 7.0828630112061255 7.0612542230419919 7.0277925007759547 6.977077993985942 6.9049903765954594 6.8091171530681649 6.6889380849609275 6.5457851366073125 6.3826214505368082 6.20369576100261 6.0141308301142491 5.8194981655106508 5.6254196108733208 5.4372226904308905 5.2596636282941542 5.0967216415231631 4.9514612798734996 4.8259561854368567 4.721266931293167 4.6374664806957133
2.8330019472594774 3.2487435267815314 3.7129814041498364 4.2123883738432752 4.7304032037349 5.2483234444702553 5.7466830667337012 6.2067926720969719 6.6122851361055961 6.9504933111360039 7.2134941442437635 7.3986866038777901 7.5088258467137425 7.5515053943354165 7.5381519202996845 7.4826616733428448 7.3998529257390091 7.3039278331298831 7.207127185715521 7.1187253519725822 7.0444573904952499 6.9864058841075307 6.9433124333946274 6.9112275799061234 6.8843799270576529 6.8561332432759254 6.8199083009287929 6.7699698617914432 6.7020123556974012 6.6135137044833492 6.5038595156845229 6.3742653303044401 6.2275407056534 6.0677456324631702 5.8997886737058156 5.7290097113237151 5.5607809424053247 5.4001500727241476 5.2515411137980506 5.1185215944784357 5.0036404207371898 4.9083376148969418 4.8329250426568677
2.8775948466595747 3.333933035836516 3.8413200141380801 4.3844689615303434 4.9447064203318423 5.5011932212521479 6.032431146655953 6.5179247303116021 6.9398343358762205 7.2844422133723974 7.543262524812536 7.7136604719994741 7.7989013061247929 7.807619625759405 7.7527724906671658 7.6502049639003769 7.5170033797741009 7.3698327253171243 7.2234473417991767 7.0895309482815865 6.9759693238597613 6.8865962898732285 6.8213912744541485 6.7770540520243134 6.7478459429527309 6.7265700228843022 6.70556528545265 6.6776077660192064 6.6366399944728949 6.5782828081128297 6.5001150859978214 6.4017333283759186 6.284621956078742 6.1518762508223546 6.0078238770354249 5.8575896204216678 5.7066433058092398 5.5603645735399425 5.4236515753960086 5.3005944013135471 5.1942283630008808 5.106376991820559 5.0375894621941812
2.9580593083241369 3.4442979552262289 3.9833341782582457 4.5583171472356954 5.148928177637079 5.7327004999096953 6.28661993710028 6.7888705792319008 7.2205583497126327 7.5672327714643295 7.820037765777835 7.9763568532277755 8.039873368548573 8.0200350186859488 7.9309842907215931 7.7900808502592351 7.6161892306000656 7.4279278147302916 7.242070590331215 7.0722632640932614 6.928165988278506 6.8150748793024931 6.7340133946899972 6.6822313667753601 6.6540106664595182 6.6416555331301268 6.6365427031069251 6.6301189481645935 6.6147570023176954 6.5844098964608984 6.5350335456223965 6.4647742251910465 6.3739389568155973 6.2647818698786075 6.1411485388848606 6.0080240814129695 5.8710306880289798 5.7359174369881609 5.6080806442815501 5.4921472000758307 5.3916466483050796 5.308790313639224 5.2443676754747024
3.0670445340236285 3.5717061198185425 4.1301235354017365 4.724304124951372 5.3327793457239991 5.9319921419045611 6.4979547748135023 7.0080390504008259 7.4427321254210161 7.7871803510941469 8.0323550031019408 8.1757079581310705 8.2212392188035484 8.1789648336467611 8.0638438001450883 7.8942856408717645 7.6904071356132118 7.4722304984026255 7.2580133011423893 7.062874117532095 6.8978324426479904 6.7693248121976932 6.6792001188979455 6.6251442195789103 6.6014434179118684 6.5999719104490868 6.6112804806012573 6.6256707615396815 6.63415766680885 6.629247721201402 6.6054887295720155 6.5597729662000459 6.4913994105223169 6.4019191779770743 6.2948018095056506 6.174968726391846 6.0482444762512708 5.9207770071921049 5.798475658996697 5.686510300753258 5.5889074628198125 5.508269812987753 5.4456344073371437
3.1956864582350804 3.707277664144085 4.272845250116089 4.8736763241354506 5.4876454200704909 6.0906381135664942 6.6582293845544562 7.1674796344304461 7.5986852371310771 7.9369116072566781 8.1731486428320217 8.3049615965963532 8.3365619392598607 8.2782862769074441 8.1455381911131877 7.9573084370672351 7.7344345627250117 7.4977854122351459 7.266556349595426 7.056838442934815 6.8805838190210622 6.7450369178218104 6.6526454914994329 6.6014135486820305 6.5856170910842966 6.5967761290899816 6.6247642552089117 6.6589389091625923 6.689188683561893 6.7068150612462372 6.705191211329379 6.6801667126101325 6.6302118722701486 6.55631701672666 6.4616797931496688 6.3512266796679375 6.2310234200411525 6.1076330178623293 5.9874794136458611 5.8762703196283974 5.7785243579837271 5.6972362926750328 5.6337006277108355
3.3348523734595057 3.8426016952538027 4.4038864810090761 4.999670686099531 5.6076354572122771 6.2036091197748098 6.7632315247453665 7.2637195399806522 7.6855773924074811 8.014088421098549 8.2404367919986719 8.3623392802067436 8.3841155798311107 8.3161850150978918 8.1740401371532236 7.9768048365586903 7.7455283404430464 7.501390966193398 7.26400002039966 7.0499354423018081 6.871668493762261 6.7369290427488906 6.6485448761794439 6.6047269069131964 6.5997327465290034 6.6248116106277921 6.6693174762332932 6.7218744491878279 6.7714865946711695 6.8085013577240785 6.8253581978447881 6.8170793822983313 6.7814856289313674 6.7191435443806071 6.6330730988087092 6.5282606153724982 6.4110351386367999 6.2883730701793255 6.167197411728079 6.0537339675137627 5.9529779329322015 5.8683113143960233 5.8012957914329633
