_RESULTS/CROSS_VALIDATION_POSTPROCESSED_80-20/Berg/IZ/2comp/3/Berg_IZ_z_1000_kriged_reverse_2comp_spherical_3.asc
ncols 100
nrows 90
xllcorner 5.6208707817415728
yllcorner 50.959635321741573
cellsize 0.00013419651685393446
nodata_value 1.7014100000000001E+038
[rows 72 to 89 of 90, columns 41 to 81 of 100]
0.05457904331661946 0.05509633564512636 0.05524759068710965 0.054961397439929685 0.05422418255560268 0.05253298547292125 0.04952012738950399 0.0455736103087857 0.04142894882771103 0.03815245326575971 0.03563932296099563 0.03374518478847148 0.03232663147265778 0.03126983689261941 0.030481482845891448 0.029825342429790423 0.029157025560377758 0.028403510077399892 0.02762582452857451 0.02688609621835614 0.026249453811086614 0.02545367638739669 0.02421774709537785 0.022646722763719512 0.02086381241295985 0.019055965220513026 0.017354010781470284 0.015840967921276185 0.014570749405813077 0.013576012275905516 0.012878077997018627 0.012497400127673834 0.012464427584101169 0.01267270910634644 0.012864510787224427 0.013014151407100792 0.013099284915999307 0.013110614477593392 0.013110614477593392 0.013110614477593392 0.013110614477593392
0.07061845485585753 0.07163258505493972 0.07190308508024347 0.07123574050600441 0.0696130689233959 0.06688365577295598 0.06233311596376267 0.05653358755474252 0.050181216682818414 0.04397445681695461 0.03893999739163103 0.034979342033603436 0.031852319764139235 0.02936948611989605 0.027382753340847953 0.025778221852942693 0.024470981778298182 0.02339373768613161 0.022435501305630653 0.02159637796892415 0.02091682149674127 0.02037354499810016 0.019601417561896553 0.01861811713070665 0.017519104733592278 0.016396925746409653 0.015332450712220537 0.014391108669670598 0.013623724717523504 0.01307082310715828 0.012769274490397777 0.012760023101526165 0.012890099608246552 0.013003916941160256 0.013083704237010113 0.013110614477593392 0.013110614477593392 0.013110614477593392 0.013110614477593392 0.013110614477593392 0.013110614477593392
0.09167364001541871 0.09380869555307354 0.09462253991200166 0.09366322837074256 0.09082724376517917 0.08630249521717269 0.07933407682364123 0.07068905469200482 0.061509367464264476 0.052653663774203885 0.044639483166169044 0.03804774481881379 0.032966525889309095 0.02901913578626507 0.025927059747879504 0.023486873163771682 0.021552233246881318 0.020020558426615143 0.018823571186962748 0.0179183977207246 0.017256540290079975 0.016847864677176878 0.01643683104372361 0.015885613688554998 0.01525533449293778 0.014608739703957853 0.014005155671192093 0.013498159368664381 0.01313612069876335 0.012965388992752373 0.012997084937286326 0.01305435229839187 0.013096856799528397 0.013110614477593392 0.013110614477593392 0.013110614477593392 0.013110614477593392 0.013110614477593392 0.013110614477593392 0.013110614477593392 0.013110614477593392
0.11864012758357104 0.12309680510868849 0.12536375763344748 0.12438978428007424 0.1198131103618449 0.11223388994114024 0.10140044638036634 0.08843931579120923 0.07521158041413818 0.06293548430315206 0.05221338744159149 0.04321553038967603 0.03586960661231721 0.030198224386180906 0.025909667945753403 0.02263708108458379 0.020125788886533953 0.018200219734484338 0.016741547887134257 0.015673028778929142 0.014950980718844062 0.014560276227270992 0.014374710795779897 0.014120358453874153 0.013821703584502928 0.013524462233854026 0.01327561155566398 0.013122496656334828 0.01310043278878175 0.013108650130439149 0.013110614477593392 0.013110614477593392 0.013110614477593392 0.013110614477593392 0.013110614477593392 0.013110614477593392 0.013110614477593392 0.013110614477593392 0.013110614477593392 0.013110614477593392 0.013110614477593392
0.15188139522969646 0.16082952290231722 0.16647222894007477 0.16634337719384368 0.1592884057466943 0.1465590772352581 0.1294551853181701 0.10999835139183657 0.09112796498745639 0.07440683819021598 0.06037268252807199 0.0489829798586459 0.03993369767356898 0.032842249301343295 0.027337840499872722 0.023113791710015225 0.0199595301658836 0.017612927844914382 0.015884200583260916 0.014649543534605238 0.013833542109422588 0.01339959921811573 0.013289547750697022 0.013210857315193664 0.01314063762507439 0.013110614477593392 0.013110614477593392 0.013110614477593392 0.013110614477593392 0.013110614477593392 0.013110614477593392 0.013110614477593392 0.013110614477593392 0.013110614477593392 0.013110614477593392 0.013110614477593392 0.013110614477593392 0.013110614477593392 0.013110614477593392 0.013110614477593392 0.013110614477593392
0.19039549353516763 0.20741254407696622 0.22030761193247164 0.22330619609154365 0.2127124181210711 0.19114068301714163 0.16374872539934743 0.13478614910656586 0.10846113451758203 0.08634543711259114 0.06855532289949576 0.05459526745806596 0.04379706850984782 0.035514544956151736 0.02919474296871771 0.024392710730224088 0.020763285601178422 0.01804558979895215 0.016047153075474725 0.014630430717887418 0.013702650824718226 0.01320924971837335 0.013110614477593392 0.013110614477593392 0.013110614477593392 0.013110614477593392 0.013110614477593392 0.013110614477593392 0.013110614477593392 0.013110614477593392 0.013110614477593392 0.013110614477593392 0.013110614477593392 0.013110614477593392 0.013110614477593392 0.013110614477593392 0.013110614477593392 0.013110614477593392 0.013110614477593392 0.013110614477593392 0.013110614477593392
0.23073702815946232 0.26045542658074317 0.28788793505031607 0.29992961302946197 0.28409489728963755 0.24646453766470092 0.20250090907051693 0.16062410810393288 0.12542921214925506 0.09748879651658322 0.07592022536871097 0.05950649320817103 0.04710394427616625 0.03776222139124052 0.030735143326627766 0.02545472358009496 0.021496924211557307 0.01854981686299808 0.01638748065171609 0.014850083773753646 0.013829628409941504 0.013260710118582984 0.013110614477593392 0.013110614477593392 0.013110614477593392 0.013110614477593392 0.013110614477593392 0.013110614477593392 0.013110614477593392 0.013110614477593392 0.013110614477593392 0.013110614477593392 0.013110614477593392 0.013110614477593392 0.013110614477593392 0.013110614477593392 0.013110614477593392 0.013110614477593392 0.013110614477593392 0.013110614477593392 0.013110614477593392
0.26621402690169693 0.3110731065241848 0.3638854437233955 0.40096517040182755 0.3761864110570194 0.3072008850899149 0.23935724068732347 0.1829231817804002 0.13916270679238602 0.10612082612004889 0.08144982515936774 0.06310966436230281 0.04948778486419626 0.0393605565741034 0.0318189224856143 0.026195824363903674 0.022005845431211497 0.01889837072919496 0.01662266798425916 0.015002674611276688 0.013919491717808572 0.013300090184074987 0.013110614477593392 0.013110614477593392 0.013110614477593392 0.013110614477593392 0.013110614477593392 0.013110614477593392 0.013110614477593392 0.013110614477593392 0.013110614477593392 0.013110614477593392 0.013110614477593392 0.013110614477593392 0.013110614477593392 0.013110614477593392 0.013110614477593392 0.013110614477593392 0.013110614477593392 0.013110614477593392 0.013110614477593392
0.28584064926787556 0.34132633475063173 0.4201423085178079 0.5192699881952244 0.47232505055128354 0.3507729252441382 0.26153548919148567 0.1952123803068876 0.1463666014959856 0.1105115836719402 0.08420485524337736 0.06487856661509887 0.05064530411844104 0.04013017487541833 0.03233739859737756 0.02654860237198506 0.02224722163396744 0.01906331590514677 0.01673391409400569 0.015075032414548302 0.013962503681326014 0.013319650803260362 0.013110614477593392 0.013110614477593392 0.013110614477593392 0.013110614477593392 0.013110614477593392 0.013110614477593392 0.013110614477593392 0.013110614477593392 0.013110614477593392 0.013110614477593392 0.013110614477593392 0.013110614477593392 0.013110614477593392 0.013110614477593392 0.013110614477593392 0.013110614477593392 0.013110614477593392 0.013110614477593392 0.013110614477593392
0.281122794655829 0.33273230790792446 0.40321247524164816 0.4787105975695583 0.4434855646123952 0.34089060864396753 0.2568747970347973 0.19270230481151285 0.14491640664852015 0.10963525236976843 0.08365806907533677 0.0645288725640178 0.05041713403089845 0.03997879960118098 0.0322355920394901 0.026479421307466968 0.022199931662136237 0.019031019315899622 0.01671213511235109 0.015060858533761498 0.013954059533470824 0.01331577736215343 0.013110614477593392 0.013110614477593392 0.013110614477593392 0.013110614477593392 0.013110614477593392 0.013110614477593392 0.013110614477593392 0.013110614477593392 0.013110614477593392 0.013110614477593392 0.013110614477593392 0.013110614477593392 0.013110614477593392 0.013110614477593392 0.013110614477593392 0.013110614477593392 0.013110614477593392 0.013110614477593392 0.013110614477593392
0.25401119429221586 0.29040069999114115 0.3312973864103146 0.3589694621779439 0.3411870912768565 0.28763499631628087 0.22825683132252908 0.17644925927147764 0.13526313649151125 0.10370475095664407 0.07991732777444148 0.062118172407237014 0.04883532269388849 0.038924886275198065 0.031524451852330465 0.025994956393925735 0.021868154665360497 0.018804171355442382 0.016559119184477968 0.014961389675541493 0.013895060879098566 0.013289175395267498 0.013110614477593392 0.013110614477593392 0.013110614477593392 0.013110614477593392 0.013110614477593392 0.013110614477593392 0.013110614477593392 0.013110614477593392 0.013110614477593392 0.013110614477593392 0.013110614477593392 0.013110614477593392 0.013110614477593392 0.013110614477593392 0.013110614477593392 0.013110614477593392 0.013110614477593392 0.013110614477593392 0.013110614477593392
0.21490491091631939 0.2360839375640481 0.25589044041378767 0.2655680764526849 0.2556348681061968 0.22737020350807588 0.1896836707612825 0.1523418602677862 0.12011287204766537 0.09405461346281117 0.07367800182466713 0.0580250171409085 0.04611351329356417 0.03709278380357984 0.030278371239268395 0.025140873839854992 0.02128064753542884 0.018401381049372365 0.01628729577496519 0.014785265653892442 0.013791841095737455 0.013244831405351168 0.013110614477593392 0.013110614477593392 0.013110614477593392 0.013110614477593392 0.013110614477593392 0.013110614477593392 0.013110614477593392 0.013110614477593392 0.013110614477593392 0.013110614477593392 0.013110614477593392 0.013110614477593392 0.013110614477593392 0.013110614477593392 0.013110614477593392 0.013110614477593392 0.013110614477593392 0.013110614477593392 0.013110614477593392
0.17403271945897258 0.18487206980929333 0.19364710625083015 0.19667720760056165 0.19107978994214422 0.17543220095491513 0.15196820961178598 0.1264692505265552 0.10276034647078128 0.08248149614007112 0.06594061959210444 0.05282005639856137 0.042584972404982976 0.03468160531517612 0.028618965259251058 0.023993107421506548 0.02048592725469609 0.017854457041959086 0.015918177757152624 0.014547633343008032 0.013655659990907816 0.013191749683961623 0.013110614477593392 0.013110614477593392 0.013110614477593392 0.013110614477593392 0.013110614477593392 0.013110614477593392 0.013110614477593392 0.013110614477593392 0.013110614477593392 0.013110614477593392 0.013110614477593392 0.013110614477593392 0.013110614477593392 0.013110614477593392 0.013110614477593392 0.013110614477593392 0.013110614477593392 0.013110614477593392 0.013110614477593392
0.1372918451453494 0.14224757190863888 0.1458231563769339 0.14653275412482689 0.14351826621440417 0.13436580128904962 0.11964453236876886 0.10258826114063622 0.08574600203644045 0.07058330456386919 0.05768614293026205 0.047103310515089016 0.03861892338975314 0.03192106136706761 0.026691161579378363 0.022644612675635216 0.01954478119020541 0.017204101747520278 0.015479860547017003 0.01426869720575552 0.013501888171870929 0.013142538836811591 0.013110614477593392 0.013110614477593392 0.013110614477593392 0.013110614477593392 0.013110614477593392 0.013110614477593392 0.013110614477593392 0.013110614477593392 0.013110614477593392 0.013110614477593392 0.013110614477593392 0.013110614477593392 0.013110614477593392 0.013110614477593392 0.013110614477593392 0.013110614477593392 0.013110614477593392 0.013110614477593392 0.013110614477593392
0.10684899517274479 0.10880952336690072 0.11012188143922881 0.11019561774875598 0.10861005168381652 0.10298390033942424 0.09361327377442306 0.08225490544006384 0.0704996832252637 0.059443173005495495 0.04966924255270187 0.04138067628306232 0.034548984506561624 0.0290302693158517 0.024639401494508325 0.02119150153674676 0.018522112726413107 0.016495079564748497 0.015004155262030465 0.013972040967127392 0.013349072351475769 0.013112969117508045 0.013110614477593392 0.013110614477593392 0.013110614477593392 0.013110614477593392 0.013110614477593392 0.013110614477593392 0.013110614477593392 0.013110614477593392 0.013110614477593392 0.013110614477593392 0.013110614477593392 0.013110614477593392 0.013110614477593392 0.013110614477593392 0.013110614477593392 0.013110614477593392 0.013110614477593392 0.013110614477593392 0.013110614477593392
0.08279443146961142 0.08338846090806051 0.08383607483743176 0.08391216382882911 0.08291436373976308 0.07936314000551321 0.07330548060704144 0.06571782893648533 0.057572499047028394 0.049627099191281256 0.04236075632107243 0.036008441178037046 0.03063212944023292 0.02619017868624658 0.022589886808986145 0.019721840988239654 0.0174799469168339 0.015771885864007875 0.014523945193899513 0.013683069128349044 0.013218098402394988 0.013110614477593392 0.013110614477593392 0.013110614477593392 0.013110614477593392 0.013110614477593392 0.013110614477593392 0.013110614477593392 0.013110614477593392 0.013110614477593392 0.013110614477593392 0.013110614477593392 0.013110614477593392 0.013110614477593392 0.013110614477593392 0.013110614477593392 0.013110614477593392 0.013110614477593392 0.013110614477593392 0.013110614477593392 0.013110614477593392
0.06433426340515046 0.06440640950375001 0.0646228066839973 0.06479027674362202 0.06399320870728503 0.06170192471744234 0.057727473251050876 0.052625194568445166 0.04698824486949465 0.04132214170474957 0.035986650632949806 0.031194075107440572 0.027038262615183276 0.023532132104056993 0.020641220423634844 0.018308808132627395 0.016472712316328304 0.01507562871308995 0.01407121811524875 0.013427862348942159 0.013131653830786488 0.013110614477593392 0.013110614477593392 0.013110614477593392 0.013110614477593392 0.013110614477593392 0.013110614477593392 0.013110614477593392 0.013110614477593392 0.013110614477593392 0.013110614477593392 0.013110614477593392 0.013110614477593392 0.013110614477593392 0.013110614477593392 0.013110614477593392 0.013110614477593392 0.013110614477593392 0.013110614477593392 0.013110614477593392 0.013110614477593392
0.05043127542220317 0.050388041680237125 0.05063659712756384 0.050647069794680526 0.05003271486474918 0.04852677985414121 0.04588318911590141 0.04242467099922977 0.03851564413335318 0.03448848603705125 0.030601419970544903 0.02702681660243264 0.02386027836329658 0.021139203974537186 0.01886264941723737 0.017008271959131686 0.015545090096565926 0.014442420256157279 0.013676022038892573 0.013232644846390541 0.013110614477593392 0.013110614477593392 0.013110614477593392 0.013110614477593392 0.013110614477593392 0.013110614477593392 0.013110614477593392 0.013110614477593392 0.013110614477593392 0.013110614477593392 0.013110614477593392 0.013110614477593392 0.013110614477593392 0.013110614477593392 0.013110614477593392 0.013110614477593392 0.013110614477593392 0.013110614477593392 0.013110614477593392 0.013110614477593392 0.013110614477593392
