_RESULTS/CROSS_VALIDATION_POSTPROCESSED/MHZ/IZ/2comp/5/MHZ_IZ_z_355_kriged_reverse_2comp_spherical_5.asc
ncols 100
nrows 81
xllcorner 5.5967107548124995
yllcorner 50.982328804812504
cellsize 0.00017565037499993607
nodata_value 1.7014100000000001E+038
[rows 20 to 39 of 81, columns 44 to 87 of 100]
4.757244795841966 4.670374065750161 4.581865771484902 4.4927061725130955 4.404367856097331 4.321294050951799 4.277377747928057 4.33430689101407 4.418997527608298 4.507631861748728 4.596762181729958 4.685060309550831 4.77156912174004 4.85540355943875 4.935679295136479 5.011494600355093 5.081928231038658 5.146043339138332 5.202894301711105 5.251535384654989 5.291030808199913 5.320465993854137 5.3389598336902875 5.345677827412854 5.345690586767194 5.345690586767194 5.345690586767194 5.345690586767194 5.345690586767194 5.345690586767194 5.345690586767194 5.345679026120928 5.345622172142068 5.34554048806586 5.34545611385801 5.345386748178841 5.34534501214267 5.345337945334052 5.345366706177628 5.345426521347539 5.346333072846772 5.3526268207794505 5.363917268366629 5.378891189165215
4.773305438533577 4.690049969688176 4.60661315524093 4.525191251562717 4.44996032954453 4.390810655856819 4.368999592657055 4.398834558418528 4.461822879497876 4.538548969607956 4.620519045903236 4.704050333134914 4.787119889031821 4.868314263334763 4.946463093568154 5.0204982637592135 5.08939607611671 5.152153739351065 5.207781734734717 5.255304392891694 5.293765206258925 5.322235159077318 5.339823136656837 5.345690586767194 5.345357609256391 5.344045457012717 5.342419241363442 5.341061362703411 5.340359995025249 5.340466617209488 5.3412855063722 5.342599033167373 5.343987987192387 5.344841169551286 5.344756339104123 5.344615580197108 5.344534334225974 5.344520787133457 5.34457628913829 5.345750065065138 5.353523124499637 5.36757950660333 5.386572792724011 5.409111168116911
4.802169780590598 4.724867199454376 4.649239779844505 4.578404792395547 4.517466604415498 4.4747586263751495 4.46073212995795 4.480184082967789 4.526672525696702 4.589749582686969 4.661673006619972 4.737761601489688 4.815121198243975 4.891763347820952 4.96615328414045 5.036989367168351 5.103094664104335 5.163363355355204 5.216735197697804 5.262185223160246 5.298722261499165 5.325310057132128 5.338904817283341 5.338754916805824 5.333101500792603 5.32735647645585 5.322368029089398 5.318784421581598 5.31693548434559 5.317019210204735 5.319037117446873 5.322748962525906 5.3276825566759145 5.333151862403357 5.33828159698218 5.3420361968308265 5.3432713082731285 5.3432506136976965 5.344002462582979 5.351898165362058 5.367502483780062 5.389484297396168 5.4164473195607545 5.4468055758630385
4.841487664010215 4.771384168825291 4.704468436356184 4.6440513404769215 4.594698512822456 4.562181551729333 4.551979672458231 4.566196205723432 4.601955950148709 4.653538989530845 4.715324869556253 4.782976366906513 4.853357904771068 4.924152741657475 4.993547464804449 5.060029820888588 5.122269362705886 5.17904944983167 5.2292298920386875 5.271728008256369 5.302992910105988 5.320267780856911 5.324045384839128 5.315529854020657 5.304174778387362 5.293741644835701 5.285151741166094 5.279002492677088 5.275812508182259 5.275859230852515 5.27914488036671 5.28539682368345 5.294080130445924 5.304420692951382 5.315436164441858 5.32597154093195 5.334736442267003 5.340420458109509 5.34796010740273 5.363502785359819 5.386774337044578 5.415336643388858 5.448116101797708 5.4841450047756535
4.889372636080335 4.826067672949173 4.767635113314205 4.716348841579618 4.675981689506154 4.650410834831062 4.642652370087048 4.653731881925927 4.682113612350585 4.72447438612218 4.777027988553769 4.836324473483155 4.8992862264273995 4.9635287234964665 5.027109889093117 5.088383397808334 5.145902810970078 5.19835825466939 5.244032340708108 5.276909964526348 5.2958861744225825 5.301514648997353 5.294447042255322 5.2773783288383544 5.260004672436805 5.244546492472423 5.2319082533419 5.2229600158802985 5.2183223117500654 5.218315519703111 5.22294359047981 5.231894379153207 5.244556445203942 5.260049614298827 5.277264919926171 5.294909121842855 5.31154967695043 5.328865348545584 5.352063577072738 5.376789622898768 5.403907010232823 5.436723164917618 5.474498201499998 5.516278140778355
4.94478739883534 4.887596493362506 4.836969060793504 4.794812986291833 4.762551960662751 4.742633506098779 4.736890180445614 4.745893629899416 4.768715669805428 4.803257259043055 4.8468885419852805 4.89700371766371 4.951315119207438 5.00793108386776 5.065138987919818 5.120629631811786 5.172793901946657 5.219077485172686 5.25215046913358 5.271275681010616 5.276994963550904 5.270012194966199 5.251150638507686 5.225970663130017 5.202459712011365 5.181589995191808 5.164479659167451 5.152233459684017 5.145846039535171 5.145763233162084 5.15182091994247 5.1636566117828755 5.180562554343418 5.201527639375709 5.225290431611448 5.250395870076234 5.275814550724081 5.306891781271085 5.341826906741185 5.378548258030552 5.414947414385353 5.451932387967496 5.494560642310133 5.542123918089988
5.008374142857537 4.95862701704645 4.915118099953915 4.879953856366134 4.85447108447912 4.8391062159119596 4.835008903701264 4.8425114387784545 4.860996285716843 4.889054509822404 4.924818940763709 4.966302620815978 5.011631718608751 5.059156342013531 5.107474351506909 5.155409590671218 5.2004218423231015 5.23272998154112 5.250952563154356 5.255657809630342 5.249037973803864 5.231637826800208 5.2039596583420815 5.173954864187434 5.145238111612315 5.119040353010887 5.096712695281398 5.079553121376116 5.068724411782184 5.065182260631117 5.069627490224977 5.082490902684743 5.103625762862706 5.130435259900308 5.161138232856426 5.194088277279836 5.228826133506832 5.269813235213175 5.315454363528496 5.363751328888529 5.412626315999114 5.459887694214817 5.507206923062401 5.560423916040723
5.080046605267243 5.037348728465462 5.000320923178075 4.970679310430097 4.950089917951705 4.938624708055315 4.935975416367717 4.9423295789585 4.9572438962087695 4.979728748194797 5.008433030792644 5.041851527556078 5.078491359871745 5.116973328497055 5.156075188622311 5.194177161960193 5.222304900400557 5.238456005602895 5.244826934547645 5.240660478000676 5.225476753097979 5.199103801121401 5.164481983886575 5.129197590584679 5.094747866495199 5.062677777413275 5.034591489753194 5.012044266474223 4.996424002629096 4.988845346528372 4.990080502043515 5.0005417463035 5.020315123929615 5.049230150805131 5.0865493092346385 5.125081202537545 5.168110856157523 5.218506136256463 5.274308178716585 5.3335424310605815 5.394195342774663 5.454175194950034 5.511253391256624 5.569749538033259
5.157243692203564 5.121257144199252 5.0902337077459165 5.065550675056793 5.048489848445448 5.039968780898199 5.038668007383657 5.044105536424459 5.055942586375187 5.07346407756884 5.095685816119164 5.121481723197874 5.149695914767362 5.179220931440363 5.20903896883264 5.231635387162031 5.2435367330673905 5.248102913157546 5.2449098047035525 5.2324813406571185 5.208472877795887 5.173076342100727 5.133190008363232 5.092087525458368 5.051314576855379 5.012690056560054 4.9781506059369285 4.9496011003209555 4.928739499848563 4.916895165316665 4.914924288179331 4.923190603191078 4.941629386535219 4.969864702818221 5.004961593454744 5.044312107504264 5.0955206199414 5.154771169205769 5.220011774431202 5.2893073472950185 5.360738186541999 5.432361450837227 5.502148510915859 5.568540996428011
5.237506348122622 5.207989906085393 5.182662835021143 5.162602860654224 5.148772679832069 5.141962174777122 5.141879906862192 5.146562376368663 5.155640914778124 5.168595166573037 5.184720239706491 5.203201729723016 5.223184897973953 5.243826789317025 5.261728377284961 5.271277693573184 5.273503235497316 5.267748307522676 5.2535415758233475 5.230643644506471 5.1976759356923665 5.155881141291895 5.110674424867058 5.063264257613316 5.015463089160902 4.969427026827376 4.927533384589563 4.892173018904149 4.865485010956512 4.849099194015689 4.843969435234554 4.850354262428282 4.867939439579008 4.894781318494218 4.9250224255476125 4.961626170306639 5.013980044324966 5.080724647886869 5.1545018625763905 5.23273610105243 5.31362062416006 5.395399011442276 5.476310442912916 5.554491538152272
5.318435721529203 5.295238383227434 5.275463312717962 5.25988809871978 5.249191655998602 5.24390880262093 5.244325164454907 5.2483717240991306 5.254891013701113 5.263514314830116 5.273769001406448 5.285114995161272 5.296977641024571 5.308902241854964 5.317289158767986 5.318415327724622 5.311515517411191 5.2959210218060475 5.271109020132826 5.236764449719009 5.194558052496358 5.148641706747514 5.097876929708093 5.04365320317766 4.987997845619526 4.933471860275622 4.883038488743367 4.839780331729422 4.806488817159512 4.785234140587421 4.777081270016051 4.782075201118873 4.799291774239759 4.822438907430349 4.848533419909299 4.883080590810045 4.933664935278507 4.999878854150222 5.080075519114575 5.165887008902386 5.254576909534425 5.344589641254896 5.434476452494042 5.522811178692235
5.397570101762223 5.380687984117811 5.36647764883116 5.355427328098457 5.347941728909139 5.344307843786232 5.344714097520044 5.348150301420562 5.352220239179636 5.3566197422384025 5.361091594965689 5.365359195166018 5.3692214596363 5.376356502166367 5.377736043568101 5.37113310331864 5.355814678221971 5.331084484757215 5.2963386942389565 5.252078602841767 5.203610042233166 5.152417334314963 5.096064409139737 5.03456733419506 4.970126705034872 4.90576053476683 4.845203492892941 4.792544553579125 4.751584643438076 4.72507912412253 4.71421302416164 4.718604007075029 4.734403519040942 4.754366890538771 4.7772140326716315 4.809895811266491 4.858203729969091 4.921674514108427 5.0001410192688605 5.09124500248415 5.185801804999254 5.281717757695768 5.3778632991543445 5.473296776440438
5.478106279222664 5.467528312992764 5.458237274200616 5.450623413338245 5.445090139960305 5.442052978150802 5.441984971788481 5.444463464540845 5.446118648090507 5.446284870086387 5.444931100586115 5.442059708253014 5.4426973079486265 5.445757736581043 5.440858837795933 5.427339101956073 5.404491994303577 5.371577044156788 5.328723021054152 5.280087442942919 5.226715625721916 5.169024544601033 5.106898787645262 5.037842212451747 4.963650993459358 4.887787828216917 4.814963984431839 4.750752242676781 4.70059837566578 4.668409560447141 4.655482010743247 4.660361750555339 4.6744682763406535 4.692643522351455 4.713250005651773 4.743787395367195 4.789156889702164 4.849012696544215 4.923240304876518 5.01186200329858 5.110037121692128 5.209190208955502 5.308379704391214 5.407140311868493
5.562912550109103 5.558852842684112 5.55467063228946 5.550524119020377 5.546544547315458 5.542888108125014 5.539825579774925 5.537804639316373 5.535176628283451 5.5308361292147685 5.52347876085646 5.515431374013558 5.516444856729415 5.514616134393209 5.504212721751767 5.484703351988516 5.455405157022781 5.416870466019728 5.372087941048971 5.32123686862246 5.264359834767655 5.2013083510027975 5.132487510409707 5.055996135921933 4.97124737174137 4.881968350375765 4.7939755270226785 4.715003941299919 4.653329759393943 4.615001881076633 4.601354860485655 4.60762049509804 4.6220892939648826 4.640095650058693 4.659269405958443 4.687062986623571 4.728515408650127 4.783689192148861 4.852599334310875 4.935013580721953 5.030638537306921 5.1301548887690975 5.228829396823025 5.326606799618483
5.648822348196736 5.651567983673736 5.6528586884321115 5.6525895848179815 5.6505863233644735 5.646678553356894 5.640850192989722 5.633436329507155 5.623583566571794 5.610224404437176 5.594934303761794 5.5863692434531265 5.586304553338981 5.580148226296223 5.56504921784852 5.540670589848245 5.5089637604794115 5.470958645081268 5.4265178895741615 5.375333989199359 5.316960314314017 5.250588224930219 5.175912371762558 5.092367989505593 4.9968439011423404 4.8922591579849595 4.78530352943076 4.686606020506271 4.609536275646282 4.5646939650162155 4.5532144515276975 4.5636436497346455 4.581458881323525 4.600805136397128 4.618846636624816 4.64275229641141 4.678697566008959 4.727808822530507 4.790452568915953 4.865509041640751 4.952467726292312 5.04855608727879 5.143050476272953 5.235300595315794
5.732471130465771 5.742399241476585 5.749622308355883 5.753785426522424 5.7543758977772175 5.750792804531461 5.742348508468247 5.728258370401964 5.7090161847211425 5.684220472780264 5.659147586441056 5.647735055772494 5.64673581603249 5.638384307408581 5.621891621034129 5.598302650174641 5.568691167815507 5.533007354101986 5.490909518893967 5.441765752284428 5.384617782388913 5.317921822301881 5.240389579409286 5.151097290015801 5.045980675575309 4.925125646970329 4.795158187089216 4.670320768390679 4.572535442742534 4.52340892113029 4.521757158467135 4.5423222893926685 4.566610147729837 4.5877552323971225 4.603400239908684 4.619816392554899 4.645512033228349 4.684689377618547 4.739800665589624 4.806403176672256 4.882696086916439 4.96906174626596 5.0559365061368835 5.138318524079513
5.812507457555589 5.828302030714963 5.841515538232999 5.850461752628747 5.850752085854375 5.841839901085442 5.824218592971769 5.798812187790499 5.766797557777645 5.7283444825392795 5.695201103891345 5.678851916082464 5.675651778162277 5.6724920803251715 5.664780851589109 5.651287463987991 5.630659552499516 5.601031757354478 5.5635267725518185 5.519215948060879 5.466710217906521 5.403753602319268 5.327922013240785 5.236739449777094 5.126312325572754 4.993986916014799 4.84274768583125 4.6838116878720015 4.550074638485927 4.499554257718904 4.521074986069579 4.557762504022471 4.588945964327751 4.610543937128879 4.622372183995795 4.629711043339498 4.642723328184136 4.667628237723751 4.711235817747891 4.76335143139813 4.825143957370306 4.897182574902929 4.973283000059639 5.042302131913792
5.895278813529803 5.914345742100388 5.925585731317514 5.92699774397266 5.91932147729785 5.902514334111626 5.875871864768357 5.839214705900905 5.793958641699546 5.742752080886292 5.703427783798844 5.683807137192427 5.679788831094444 5.679370427146407 5.68120099649694 5.679829365612816 5.67360970543008 5.661002980223656 5.639369122634527 5.605343747068052 5.5613841253336505 5.507178966596643 5.439327781384373 5.356278059961142 5.252591599505848 5.118406337669828 4.9521686008191645 4.758070751355504 4.552028673575186 4.515709430119914 4.577281018408114 4.625045494240849 4.656386623084095 4.673371408077663 4.6781780955431795 4.67513856353056 4.6767920791700694 4.688579002185337 4.7126324618039614 4.746238059323103 4.788709705041502 4.840676205118494 4.901360545692739 4.9553159928129356
5.9789237827106625 5.987718142143019 5.988700114097634 5.980790769829145 5.965035825569652 5.9411833520778625 5.906832784499786 5.859108364991913 5.801269564784542 5.741363377872825 5.699154204485409 5.67939977768998 5.677410523386837 5.6808910123470815 5.689730733085683 5.700806449660687 5.708227551531484 5.710300400338909 5.705210885832836 5.690877987642301 5.66474043047323 5.625619609585491 5.5782877309664824 5.516745839414442 5.431370464308546 5.308308632688521 5.143997416113696 4.947565893989241 4.754051395240792 4.6934196166570805 4.725551846033933 4.755615618621288 4.772754750708455 4.777070768456375 4.770104226301549 4.75437173063035 4.741338695960988 4.736732168841955 4.741613981823082 4.755538281720444 4.77805391435223 4.809225177580919 4.849084052224985 4.886008578584762
6.046273829894761 6.040601246073312 6.028533271364903 6.010206237249274 5.986051303738202 5.956772726996117 5.922171988751837 5.872493018780777 5.804839408681945 5.736825389241316 5.690876134471713 5.670574632204854 5.671616497899702 5.680555060928983 5.696513446485981 5.71896116457354 5.741529219285534 5.759872050018143 5.772299592125936 5.777024329881091 5.772900976919196 5.7618795236510065 5.741626485098385 5.713190929477225 5.6607567551533196 5.563709243553862 5.415390747632399 5.236711047937966 5.074698880166488 4.981358657627887 4.952100545899962 4.942866543390372 4.9335355096418585 4.917887852883081 4.894513296596645 4.863992091511241 4.832876255344376 4.8098230962252915 4.795453486732202 4.789819251555337 4.7928099275286655 4.80442986042077 4.824803228625773 4.845030237015854
