_RESULTS/CROSS_VALIDATION_POSTPROCESSED/MHZ/IZ/2comp/5/MHZ_IZ_z_500_kriged_reverse_2comp_spherical_5.asc
ncols 100
nrows 81
xllcorner 5.5967107548124995
yllcorner 50.982328804812504
cellsize 0.00017565037499993607
nodata_value 1.7014100000000001E+038
[rows 19 to 37 of 81, columns 42 to 83 of 100]
0.22548035285771545 0.22496883103178855 0.2244168065941692 0.22382587816096572 0.22319699541066482 0.22253008475511069 0.22182435023718716 0.22108736684105976 0.22059404317615297 0.22121115773438074 0.2219452194885892 0.2226444554024541 0.22330494338998966 0.22392749688874944 0.22451199890855317 0.22505736452890795 0.22556191994731975 0.2260236868372393 0.22644054574548356 0.22681031133999047 0.2271307496391495 0.22739955763781577 0.2276143180191293 0.22777243660522373 0.22787106714176036 0.2279070261968512 0.22790711644093023 0.22790711644093023 0.22790711644093023 0.22790711644093023 0.22790711644093023 0.22790711644093023 0.22790711644093023 0.22790711644093023 0.22790711644093023 0.22790711644093023 0.22790711644093023 0.22790457433210276 0.22790047269595687 0.2278996200792924 0.22790281290231734 0.22790676625974157
0.2254878837442567 0.2249781758855373 0.22442853873939775 0.22384092957970064 0.22321702925437734 0.222558487949616 0.22186957720507014 0.22117922853436006 0.22079310734515065 0.22129058884537348 0.22198655891563415 0.22267108216052472 0.22332397415859112 0.22394190354597843 0.22452327902012792 0.22506637234687538 0.22556918786284882 0.22602956932532592 0.22644529102594604 0.22681410006123898 0.22713371714419547 0.22740180746465907 0.22761593044331607 0.22777347423901495 0.22787157871226701 0.22790704915675625 0.22790711644093023 0.22790711644093023 0.22790711644093023 0.22790711644093023 0.22790711644093023 0.22790711644093023 0.22790711644093023 0.2278980510489867 0.22785348513968817 0.22778950424264052 0.22772347616404506 0.2276692387211527 0.22763662482759742 0.22763110406260528 0.22765357539879155 0.22770033258153807
0.22555658082895036 0.22506316374278582 0.2245347232222217 0.2239760535410238 0.22339424898928378 0.2228022800543899 0.22223020198383256 0.22176003728751012 0.2215813912865972 0.22182500366071056 0.22232220732344626 0.22290120227622237 0.2234928585295027 0.22407145851904087 0.22462547290308382 0.22514834467385184 0.2256355114319974 0.22608334359688467 0.2264887130583461 0.2268487826982226 0.2271608763099427 0.2274223775957472 0.22763063843031986 0.22778288834787863 0.22787614183637073 0.22790711644093023 0.22789095055269487 0.22782724816865427 0.22774830292026227 0.22768238782980482 0.22764834284899876 0.22763237981918977 0.22758462603371976 0.22751604244142928 0.2274298202157873 0.2273175882299072 0.22717818976930487 0.22706900498376714 0.2270060591017426 0.22699556876451146 0.22703855706977977 0.22714908432899494
0.22568114845711645 0.22521616626692423 0.22472373347217547 0.22421220163849126 0.22369439524081597 0.22319206325387334 0.22274472905370216 0.22242173413736335 0.222313777288292 0.22246323493724593 0.22281328683338708 0.22327373164327227 0.223780778375684 0.22429872740617265 0.22480779538271956 0.22529613105292823 0.2257558857907774 0.22618135191497407 0.226568042895807 0.22691220054935662 0.22721050103488263 0.22745985646586525 0.22765726363779462 0.2277956406168356 0.2277680568530079 0.22757043431807442 0.22729606128749744 0.2270173011370961 0.22677529975483607 0.22659633233685178 0.22641850861747026 0.22624731677375987 0.22611116687003838 0.22602572285274347 0.225993885807197 0.2260060595608281 0.22604060442624813 0.22606441098728453 0.22603454891468594 0.2260187396182026 0.22609519424032043 0.22636917444775295
0.22596095023303583 0.2254438853831129 0.22497753099202117 0.22452205947756312 0.2240742983286894 0.2236581950911281 0.22330920758252712 0.22307442483847564 0.2229999221757914 0.22310363078968062 0.22336106929757601 0.22372432301792036 0.22414784911603552 0.22459830952483478 0.2250533443625326 0.22549798175227684 0.22592181768496924 0.22631724415891852 0.22667839259975198 0.2270004945317799 0.22727947504974133 0.22751167542000103 0.22757061685720367 0.22736803414469742 0.2269702953389175 0.22644363643520068 0.22589308152114354 0.2253874320076392 0.2249475363022831 0.2245017344212412 0.22409020428018964 0.2237568949726007 0.22353197792679938 0.22343158006824132 0.22345796508085022 0.22360001423960452 0.22383385113487575 0.22412349811267393 0.2244215322436975 0.2246711478655191 0.22492424737638977 0.2253798405471522
0.22659725506573633 0.22588166184764696 0.22533519637266303 0.2248786334476544 0.22449731802521314 0.2241547784768163 0.22389146284720615 0.22373557895692076 0.22369715461654435 0.22377669973612468 0.22396055919371577 0.22422767480136688 0.22456072900556107 0.22494443862590086 0.22534324765516078 0.22573989460569116 0.22612271220979283 0.22648283206485798 0.22681330147959516 0.22710846593862874 0.22733862540002928 0.22726087913416795 0.22687365087907035 0.22625084426556485 0.22546469379823036 0.22459476709457393 0.22375368870115914 0.22297140779214056 0.2221729124601605 0.22141815472300796 0.22076885601492613 0.22027209147927668 0.21995949650561444 0.21984719322490098 0.21993628904419318 0.220213703837791 0.22065306400743742 0.22121547387191579 0.22185011431304127 0.2225496751212642 0.22334906815804742 0.22403778823342674
0.2275744721634654 0.22652772351761963 0.22589401319881097 0.22541116066593792 0.22512370496259765 0.2249891006390782 0.2249125538728012 0.22488741219035663 0.22491146244966354 0.2249801401175994 0.22508493098114912 0.22521620977566822 0.22536829412615178 0.2255433867151587 0.22575305286096498 0.2260177759040934 0.2263472152534197 0.22666898743154856 0.22696534587776365 0.22717137453878394 0.22698456328848626 0.22642781618031405 0.22557998168476856 0.22452047413866655 0.22332771618043482 0.22210532060541965 0.2209359267129308 0.21972721475723767 0.2185426150831852 0.21746605177647552 0.21657179820020492 0.2159118989723755 0.2155144094971694 0.2153947392528304 0.21555204267503775 0.21597061439818213 0.21662121960703287 0.2174620312040315 0.21844872894501566 0.21958129199019194 0.22069482736092674 0.22172736733674733
0.22880426581634816 0.22749193913982885 0.22694273654545732 0.22661148966605502 0.22644556271910748 0.22644454495577435 0.22655002897611876 0.22665214787528798 0.22673893227530337 0.2268023227145908 0.2268362680573356 0.22683810656491493 0.2268108582803754 0.2267650900072474 0.226719581901373 0.22670084273843386 0.22674193624368302 0.22688109212559682 0.22706660102962423 0.22682168842235775 0.2261363516590083 0.22509450892258842 0.22382098705888945 0.22239182755495238 0.2208692021718115 0.21934832279620303 0.21774656164586192 0.21610098053744475 0.21451187305846559 0.21307184492921102 0.21186220642729364 0.21095024219848307 0.21038782336088527 0.21021150606763836 0.21043518773665587 0.21100138275094113 0.2118685971790501 0.2129921448871585 0.21423869682222246 0.21557328247825877 0.21695350614704517 0.21831937768254447
0.23048726752410445 0.2291440054240587 0.22866829673579844 0.22849556855396316 0.2284576926481102 0.22854683021727712 0.22875950573396694 0.2289912492567527 0.22914363671579177 0.22920548790203973 0.22917196280470511 0.22904534535971374 0.22883590833912257 0.22856233582998833 0.22825139715957066 0.22793692777670427 0.22765840764136236 0.22743161887953328 0.22690513140861432 0.226068809748468 0.22497929237925057 0.22361351314836506 0.2220238406526018 0.22026873070277847 0.21842801408452298 0.21649372734437927 0.21442193247911434 0.2123273722040491 0.2103218581659226 0.20850873025730696 0.20697790011928197 0.20580205040840235 0.20503486798801462 0.2047116602384063 0.20485191926616383 0.20546271813123665 0.2065312297447079 0.207779738859799 0.20914357593939922 0.21066794329890598 0.2123034372439167 0.2139880114195102
0.23273290734976182 0.23140488216179797 0.23098755328207127 0.230984062007813 0.231085754960427 0.23127646969394006 0.23154406763149352 0.23186925744042403 0.23209232419294204 0.23215550774609403 0.23205449346022028 0.23179574160746588 0.23139644451506725 0.230883778487531 0.2302934946706262 0.2296680745792414 0.22905469847042606 0.22817573559678772 0.22690199282631635 0.22543964511474823 0.2238855273839721 0.22221683309915824 0.22030857111832022 0.2182206461094535 0.21602132448043482 0.2136003181486099 0.21104621780139496 0.20848736784874863 0.20605000982604751 0.20385136183461833 0.20199246373309976 0.20055247429724252 0.19958611903509038 0.19912511190322527 0.1991828958213229 0.19976073133208155 0.20071832337979767 0.2018724752881748 0.2033515178896484 0.2050553669289646 0.20693220721537497 0.20891756598182576
0.23541492916137746 0.23415500863351754 0.23381688917453966 0.2339983059876932 0.23425715952564785 0.2345675529144833 0.23490716968050138 0.235259941566499 0.23555378610666897 0.23562080235600522 0.23544948718824293 0.2350504767441836 0.2344484713473292 0.23368028743968716 0.23279216478666048 0.2318368223282091 0.23073772141635265 0.22920541304207348 0.22736366754781626 0.22530947310580382 0.22314088081888586 0.22095762645941752 0.21872816770968592 0.21631745573584124 0.213674689047032 0.21075919458795503 0.20770772669558066 0.20466446128461313 0.2017742254509997 0.199173015889986 0.196977213676918 0.1952743855678708 0.19411904413487976 0.19353529517498852 0.19352538151878343 0.1940105225691491 0.1947019392842491 0.1956615567671632 0.19707774937359523 0.19893074132365118 0.2010333408297849 0.20329980950699877
0.23840922769736156 0.23727752050893605 0.23707330806424942 0.23745718410718278 0.2378980319200967 0.23835402015843984 0.2387904298346889 0.239179560518697 0.23949826396438412 0.2395715631830012 0.23932440408769093 0.2387722346560047 0.23794879743217964 0.2369026509678224 0.23569277817456585 0.23438446488361458 0.23275451008367345 0.2306893378167588 0.2282901593222091 0.22565694441790798 0.22288833520221085 0.22008278000050008 0.2173501666054095 0.21460292607676928 0.21148559152611263 0.20806869160984084 0.20450142121745687 0.20094678716233746 0.19757400602934044 0.19454559163288304 0.1920005557023704 0.19003856963204904 0.18871199556415424 0.18803038658586077 0.18796548426050613 0.18821105918844422 0.188655196720577 0.18943289657789986 0.1907134785237734 0.1925172571946156 0.1948037884877607 0.19733269934716235
0.2415922923780429 0.24065622162217215 0.24065834221977653 0.24127407458992964 0.24193032800888342 0.2425672063850171 0.24313432892738518 0.24358885409041736 0.24390204389994505 0.24397909798878026 0.24364743787028872 0.24292350127120838 0.24185281896387606 0.2404990729292662 0.23894000384726788 0.2373066280261773 0.23517900946988338 0.2325913270700778 0.22965037911048553 0.2264582588288736 0.22311265506251432 0.21971361550255555 0.21638672103519233 0.21314094918566928 0.2095607049959577 0.20563790772508894 0.2015332397024917 0.1974311991077469 0.1935330623500207 0.19004012352555805 0.18712710543633068 0.18491326583745116 0.1834458900659594 0.18270770701783592 0.18251691870916684 0.18253209277311144 0.18275029154443614 0.18334149496578322 0.18446813672606588 0.1861733607609911 0.18846014365345065 0.1912211373517239
0.24517406426344027 0.24459959883728427 0.24493404831923976 0.24581420005817803 0.24666419342774903 0.2474216327351613 0.2480395444876225 0.248488275720536 0.24876413914671605 0.2488152185824014 0.24838639822411476 0.24746466675852047 0.24611190636242886 0.24441215304730257 0.24260288500772112 0.24057972823069274 0.23796135816268657 0.23486639320619054 0.23140681808977906 0.2276856369860141 0.22380214079886943 0.21987093626279725 0.21598805644602784 0.21207900685089637 0.20801798734263888 0.20359165269736826 0.19892712253482225 0.19423083219272688 0.1897449106145639 0.18572851194822396 0.18241639815083438 0.1799634164116601 0.17840725441078642 0.17767060207013885 0.17732982813170556 0.17716913862554917 0.17717870158624538 0.1775545175424627 0.1784885852343178 0.180076306848487 0.18233575490825696 0.18518375677562504
0.24959917683380095 0.24948617569845463 0.2502502047256176 0.25144605053420527 0.2525385010591866 0.25345001975547665 0.25411065085400614 0.25446744319867576 0.25449777791053246 0.25421985050839246 0.2535195126859481 0.25235150073337 0.2506698759148222 0.2486357184062574 0.24662457295297285 0.244136934208147 0.2410378139424246 0.23745740039618113 0.23351197648543773 0.2293108397641929 0.22496415611357093 0.22055865232868815 0.21616748462002255 0.211641159094527 0.20698854584481613 0.20207646967408338 0.19683573697309675 0.1914889024252074 0.18632500506374589 0.18168856129465055 0.17792109610306628 0.17524976947322363 0.17369466569114142 0.17300881677170168 0.17262308275385632 0.1723561190897968 0.17216547604698623 0.1722649169618933 0.17292564370496388 0.17436285249095432 0.17662996502228465 0.1795519450776753
0.254725862925982 0.25517444528324207 0.2564689117116363 0.2580344518602161 0.25943366322254957 0.26056596072187665 0.26133168281211266 0.2616442145894096 0.26145053715543104 0.2607558328320117 0.2595082697101091 0.2576765531446402 0.255460559347014 0.2531711130308677 0.25084608864482666 0.2478909305199125 0.24432604402158617 0.240291283047164 0.23591866593276026 0.23131802575501575 0.22657784456100102 0.22177281077074795 0.21694601775155126 0.21190229330209887 0.20666468743121155 0.20126579849118054 0.19545489233832106 0.18940298012931933 0.1834377670927257 0.17801885690064317 0.17368510111198765 0.1708295327084967 0.16943580773672307 0.16894074484151975 0.1686700067995139 0.1683851487927221 0.16800285846459384 0.16772730465614974 0.16794581087862925 0.16916675894781055 0.1715480682090043 0.17463616170724994
0.2604801406501958 0.2615199453055466 0.2634254473571971 0.2654261450025726 0.26720729533720594 0.26864384848868844 0.2695993636066112 0.26993818574157713 0.26954822969288916 0.2683736976778957 0.2664371261587209 0.2637410288832681 0.2606423544618074 0.2577662203542632 0.25506806106181046 0.2516992730946353 0.24772813270756938 0.24330374658871567 0.23857779897958112 0.23365085899034332 0.22860300937541264 0.2234965641690438 0.2183452378244159 0.21292116456164928 0.20723472187180783 0.20135885426156713 0.19503697089553443 0.1882627212078876 0.18135756996920135 0.17488992124023622 0.1697539500576314 0.16678497630182254 0.16585541337693752 0.16581320899873292 0.16583739682678875 0.16563145019663564 0.1650971940900032 0.1643679253796136 0.16381847089071433 0.16464028947682066 0.16745620070314637 0.17079694659811112
0.26730601911890833 0.26851096434129523 0.2709480820844818 0.2734419190724264 0.27568284201380994 0.2775115810222966 0.2786395212993429 0.27888236396985366 0.27810644807766294 0.2762698209248299 0.27343738250895416 0.26968093654074093 0.26562853023207394 0.26189034635153463 0.25845759694367654 0.2547886471735399 0.25066619526181383 0.24615664191330228 0.24133014097507893 0.23622838828743614 0.23097747996069923 0.22569054345263384 0.22036127963129307 0.2147353309627995 0.20879322366877087 0.202568096724779 0.19588697894741375 0.18849148741180213 0.1806018142597212 0.17272829383222865 0.16620224074782197 0.16329178482891532 0.1634109006275872 0.16412269793751064 0.16453804251113002 0.16446859984575235 0.1638876982094403 0.16288848188993768 0.16165853331964042 0.16178759051332148 0.16520288307182912 0.16849258742368592
0.2751298837333723 0.27651203556289067 0.2789617859088332 0.2818957842354517 0.2844594111031354 0.28639244298465366 0.2875616384872688 0.28774714554059244 0.2866683250630722 0.28414108557940104 0.2802433544057626 0.27524019368609864 0.2700847450844487 0.2653834499055938 0.2611314122989183 0.25687350635086226 0.2526538430904485 0.24817300456802965 0.24346670356381472 0.23858711712506195 0.2335354423895423 0.22828228834144887 0.2229477927348309 0.21733602376820932 0.21138948213961986 0.20509439973290916 0.19831267560141203 0.1906046859932055 0.1820189481072516 0.17277159560618371 0.1634807950416949 0.16131340140788314 0.16318693257986616 0.16450922056918765 0.16513451178914676 0.16513231348973226 0.16459521868926655 0.16369931938100368 0.1629527737897515 0.16338236331657388 0.16542049679327678 0.16797655388953153
