_RESULTS/CROSS_VALIDATION_POSTPROCESSED_CLR/Berg/TZ/2comp/1/Berg_TZ_z_180_kriged_reverse_2comp_spherical_1.asc
ncols 100
nrows 90
xllcorner 5.6208707817415728
yllcorner 50.959635321741573
cellsize 0.00013419651685393446
nodata_value 1.7014100000000001E+038
[rows 0 to 18 of 90, columns 44 to 87 of 100]
4.141908454761877 4.14508772621049 4.149666675576468 4.155256177144542 4.161363222513628 4.167421114989315 4.172813375613701 4.176890510104251 4.179024750160631 4.180351817721011 4.18162530945123 4.182626349383651 4.181734268348401 4.17910663172208 4.175361037169962 4.171071965694183 4.166756498116157 4.1628594094990765 4.159738611677588 4.157765947978127 4.15720888211971 4.158112642325217 4.160403732667875 4.1638928828397175 4.1682824207054825 4.173177230951594 4.178098146521232 4.182496517840205 4.185768801406104 4.187270244488495 4.187301439390658 4.187301439390658 4.187301439390658 4.187301439390658 4.187301439390658 4.187301439390658 4.187301439390658 4.187301439390658 4.187301439390658 4.187301439390658 4.187301439390658 4.187301439390658 4.187301439390658 4.187301439390658
4.109030776408663 4.117016267575288 4.124539981619317 4.132757818630019 4.141980571108433 4.151560347154782 4.160809778875067 4.169017996363614 4.175460933100249 4.179409117468599 4.179504262276848 4.176579550012877 4.171512254303554 4.165006708261597 4.157741285082107 4.150353434896285 4.143422644093963 4.137452085290375 4.132850202847089 4.129974811065823 4.129164657121912 4.130479916059878 4.1338362489265 4.139017006991532 4.145683026601263 4.153387015183298 4.1615908299341635 4.169683862389081 4.177000957747267 4.182838702777608 4.186469380864385 4.187301439390658 4.187301439390658 4.187301439390658 4.187301439390658 4.187301439390658 4.187301439390658 4.187301439390658 4.187301439390658 4.187301439390658 4.187301439390658 4.187301439390658 4.187301439390658 4.187301439390658
4.059913988240656 4.074333677221857 4.089191853912985 4.103053554838978 4.11571782109425 4.129027181292066 4.142318692878138 4.154816926865257 4.165635539463911 4.171305478325706 4.170468569604033 4.163587284629855 4.154163109792448 4.143580159212497 4.132586006458451 4.12189150923612 4.112150514218455 4.103937140837866 4.097722235464288 4.093881447246603 4.092797304578569 4.094557962568834 4.099065324188267 4.106068181170883 4.115175495489978 4.125875625144083 4.137558937596596 4.149541230502565 4.16108582527935 4.17142289269512 4.1797652892795565 4.185320777374348 4.187301439390658 4.187301439390658 4.187301439390658 4.187301439390658 4.187301439390658 4.187301439390658 4.187301439390658 4.187301439390658 4.187301439390658 4.187301439390658 4.187301439390658 4.187301439390658
3.9959106371500726 4.0171173141951435 4.039822834561877 4.062321605114854 4.082854701159586 4.100572336212323 4.118098066518746 4.134819005080366 4.146519373386933 4.151864835405381 4.1508645410525356 4.143565885918734 4.130448939244681 4.115564923570789 4.100603220571657 4.086360273008253 4.073578997104768 4.062944414348071 4.055466282253807 4.0512746118325555 4.05033705295008 4.052554259619208 4.057824439058301 4.066100595995004 4.077401620651336 4.091313274329163 4.1067040783802495 4.122796653479063 4.138771251152449 4.15378318147788 4.166980429813116 4.17751635237386 4.184558128074799 4.187291829116145 4.187301439390658 4.187301439390658 4.187301439390658 4.187301439390658 4.187301439390658 4.187301439390658 4.187301439390658 4.187301439390658 4.187301439390658 4.187301439390658
3.9184365658195084 3.9468681690080816 3.9779730165691007 4.009553289275017 4.039646031295128 4.066400803145211 4.088802251873238 4.106323262109999 4.117627023812306 4.122660827499356 4.12142882347226 4.113993857169797 4.100473977626575 4.081737286183515 4.063056501622197 4.048049246063651 4.036660340775569 4.028514197406868 4.0233024871359735 4.020777987850931 4.020895895570261 4.023563442934216 4.0286570211515835 4.0361013597693285 4.045886338159002 4.058086122591542 4.072876084262472 4.090544021582806 4.11084737025184 4.13072046104252 4.14891751661756 4.164535811714533 4.176698796892167 4.184559426567245 4.187301439390658 4.187301439390658 4.187301439390658 4.187301439390658 4.187301439390658 4.187301439390658 4.187301439390658 4.187301439390658 4.187301439390658 4.187301439390658
3.8486710544669283 3.880838252074544 3.9156781642663017 3.9514139377905133 3.987476846273416 4.023400358597609 4.052019339654662 4.069593236634778 4.080603909207993 4.085339623874719 4.083796323544451 4.076052726676507 4.063441246880416 4.049742399373247 4.035646896379781 4.024752131853989 4.016854733211536 4.0115874922183306 4.008657067906886 4.007826949709447 4.009048345785517 4.012226130631521 4.017206886868686 4.023873856587444 4.032173112631796 4.042143093913808 4.053939850886141 4.067852694687638 4.084308389575152 4.103865005090117 4.1264221928467 4.147212161045995 4.164536555795631 4.177519341396815 4.185324072599578 4.187301439390658 4.187301439390658 4.187301439390658 4.187301439390658 4.187301439390658 4.187301439390658 4.187301439390658 4.187301439390658 4.187301439390658
3.806844303545581 3.8424022181513813 3.8793959891882386 3.915949925156423 3.951456591186935 3.9838194030789387 4.008504824998223 4.0262922555815885 4.037165169939338 4.041620206463534 4.0398922391894905 4.037326701205738 4.034975290650322 4.03128026743889 4.024826738764502 4.018094239370983 4.013709116225495 4.01132353097997 4.010675308633253 4.011557846448091 4.013936103554164 4.017702086067671 4.022660414600349 4.028632119292535 4.035496646657255 4.043238322187636 4.051984079756983 4.0620245106053545 4.073816793780379 4.087972839479481 4.1052380235277495 4.126465765931257 4.148915214921007 4.166982528239606 4.179770499601878 4.1864729092056905 4.187301439390658 4.187301439390658 4.187301439390658 4.187301439390658 4.187301439390658 4.187301439390658 4.187301439390658 4.187301439390658
3.792622239046909 3.8313180196651615 3.8699255468434117 3.906944449794472 3.941122519413259 3.966789837140294 3.982940631832987 3.9907214426177045 3.9918174966133 3.994756749996255 4.002345522653342 4.011225960908061 4.019631956431656 4.025938240257302 4.028678090746981 4.0272849246797255 4.026421303007327 4.026897401603499 4.0285078705933035 4.031106991005274 4.034700459799062 4.0391586060635 4.044224865876409 4.049624513084993 4.0551345206576945 4.060658186854138 4.066281327477714 4.072298763978778 4.079212126269725 4.087707154643529 4.098620299180592 4.112902656816596 4.13158643468026 4.153778914677618 4.171425954112051 4.182844650408073 4.1872711834780825 4.187301439390658 4.187301439390658 4.187301439390658 4.187301439390658 4.187301439390658 4.187301439390658 4.187301439390658
3.8028606901658915 3.8447154206809047 3.8849750012164574 3.922479619980174 3.9533798521547725 3.9723959125417023 3.9798314064980436 3.9770659227917777 3.968382604318762 3.965952769490163 3.977705137664511 3.998107037108555 4.017330122353285 4.03363213654481 4.045483698330306 4.051560875217281 4.0542322158575965 4.057514646598759 4.061318273036963 4.0656118744107745 4.070482165890214 4.075775225666551 4.081141442005003 4.086154027962273 4.090430112636482 4.093753162540256 4.096155392601422 4.097946486656103 4.09969765264106 4.102199173009159 4.106408316076571 4.113398951074424 4.124318668832592 4.140355270671471 4.161080238950833 4.177004361331204 4.185773378845295 4.187301439390658 4.187301439390658 4.187301439390658 4.187301439390658 4.187301439390658 4.187301439390658 4.187301439390658
3.822086707691253 3.8658463915483585 3.907420045834228 3.945219684674796 3.9723537830924207 3.9867689846882204 3.9889269354634083 3.9818551414560193 3.97643720740886 3.9731735676446696 3.9784446453179694 3.9983054265152647 4.027995533818294 4.0544410388209755 4.075524840344843 4.089727607609001 4.09690110604246 4.102726857497166 4.108385883848044 4.114214053372163 4.120421260680222 4.1267523498069965 4.132708758261058 4.137613063081514 4.140829218493909 4.141967111757661 4.140998292112771 4.1382746623055295 4.134481001704337 4.130558350729286 4.127624801731789 4.126907439583925 4.129689963631695 4.137275479070202 4.150961849829219 4.169677862310666 4.182499453569234 4.18728466214539 4.187301439390658 4.187301439390658 4.187301439390658 4.187301439390658 4.187301439390658 4.187301439390658
3.844480265231323 3.890428742378771 3.9334642622074116 3.9701149765963946 3.9933232359226865 4.002852048208195 4.0005088317572355 3.9986350643766144 3.9995593667976412 4.00247169857903 4.009698580224391 4.027251273611411 4.056231187982704 4.093675870838817 4.124642792142763 4.147081014968464 4.15986170946617 4.167653502256334 4.174089166414885 4.179900926958774 4.18585360209997 4.192132327005593 4.198369436477785 4.203544834891977 4.205938704622701 4.204878086012548 4.200288181322424 4.192624143935689 4.182758481125568 4.171849668866787 4.161227385031226 4.152305885708913 4.146524726836699 4.14531144767687 4.150060164406061 4.162120910586646 4.1780928389477605 4.1864105580207305 4.187301439390658 4.187301439390658 4.187301439390658 4.187301439390658 4.187301439390658 4.187296572051196
3.8715988971339383 3.9200906889128886 3.9646500811567296 3.998967486456543 4.017961321337757 4.0221591437547115 4.022671658283186 4.027022476064185 4.035574815104991 4.047047627973804 4.060639528616126 4.082616420447168 4.113963253091895 4.15369281293115 4.1946475860721915 4.225248710916761 4.24415435711853 4.25376051648982 4.26044932741484 4.265792084473389 4.271128026168656 4.276812063764184 4.282047949214821 4.285421602280835 4.285755947763833 4.282250136280937 4.273600641490416 4.260351973813433 4.243681860562282 4.225055489994559 4.206072249517406 4.188365921521515 4.173545823282203 4.1631658990906795 4.158711477801148 4.161596474219338 4.173156243184561 4.184597565472733 4.187301439390658 4.187301439390658 4.187280349332495 4.18707591915554 4.186729586104194 4.18632611921869
3.9054638713435486 3.957012165068975 4.002688877751626 4.033937036095495 4.048013771958853 4.050705527421233 4.057989396602684 4.07059363595684 4.087432906981803 4.107202569927913 4.128379431367904 4.155432596602436 4.191595484837266 4.23547182900026 4.285044560114773 4.3241001387623195 4.348953913531494 4.36055376706996 4.366649792889674 4.3706485594284405 4.375130865307985 4.380893248225294 4.386220044471588 4.388242851294112 4.384815422693417 4.375332474370128 4.360594247077821 4.34078117070934 4.316296112769462 4.289015660154924 4.260863471097136 4.233713709140596 4.209346084101246 4.18943076443121 4.17552926333254 4.1691029999458875 4.171524850965306 4.182341629418889 4.187263973304134 4.186912537655554 4.186275783621954 4.185467501172856 4.184591887653883 4.183742858255071
3.9465350702182107 4.003377658707582 4.050153266911512 4.077436066111234 4.0863153813446615 4.094730686432911 4.109007513084666 4.128676468295816 4.1529298701913335 4.180558833191998 4.209959987697434 4.2430927172637185 4.285235079070927 4.3347275828468215 4.389662343537519 4.443311156851779 4.474698739041932 4.488310188891886 4.492534711407382 4.493431613522082 4.496471590808137 4.503682997581757 4.511101298101236 4.512870548516304 4.505520215111833 4.488590351820094 4.463635134112911 4.433236068080385 4.3994344177066145 4.362340775374399 4.324087801291812 4.286784380042993 4.2523587239354805 4.222569715484138 4.1990274550202145 4.183215740491836 4.1765131705412335 4.1799500085331225 4.186054398596727 4.185186241241308 4.183851100524364 4.182408692054812 4.180974130509207 4.179652178465961
3.9940348912002888 4.057934906825625 4.106066046430099 4.1308673034893015 4.1412637023001695 4.154468047125276 4.173460849136436 4.198556185844411 4.229200959570085 4.264231476955543 4.301941476430322 4.3425980152915065 4.392212335776944 4.449199796272805 4.5110467700611885 4.575097783511836 4.622277578086878 4.638745071538964 4.639598314500113 4.633807930754201 4.6337515301064895 4.6455960157295255 4.658724690783161 4.661196558717532 4.648718305275587 4.622156335232145 4.584614218216022 4.539907803427936 4.491876422978915 4.443299352937341 4.393939832493765 4.345776088907869 4.300831962603644 4.260906747307769 4.227618119636324 4.202418664535072 4.18618913743331 4.180096839562321 4.183421952398233 4.182194160721398 4.180127800305709 4.178016723138962 4.175988791185508 4.174161718773907
4.058003851049317 4.127331495102311 4.173162761937554 4.19447264696136 4.207998159225324 4.225586064709583 4.2481332577150654 4.276789072376712 4.312734120319816 4.354744861169631 4.400925077540786 4.450451527406143 4.509325135414133 4.576142403287233 4.647835939513059 4.720933171117487 4.786679178521799 4.815777080814273 4.81357668211532 4.794606661201158 4.7856301633335905 4.811188881153059 4.83514612368644 4.836940683673353 4.8155665119700135 4.775335041113973 4.721689266482377 4.659894992576988 4.594636762251269 4.5299621350479065 4.4682508575868 4.408614574148438 4.352815972569106 4.302626540101583 4.259577258351668 4.224493287447053 4.198597038685111 4.183251509649759 4.179737867617677 4.178067281421546 4.175233078206581 4.172413888678949 4.16975248282791 4.167382134512298
4.157767116889681 4.221065779739107 4.257760247939952 4.270335762609628 4.281832599964234 4.299678204546083 4.325331972679068 4.358745151053021 4.3993073030948695 4.448002417874263 4.502939792642176 4.562589174831197 4.632678068100381 4.7119313883052385 4.796939798125688 4.883719495769996 4.967206615986823 5.020209491502983 5.0279950559558895 4.9973458657245455 4.953557417729688 5.022087068277151 5.052327290268068 5.044414260803268 5.0061486900984775 4.946020033978502 4.871719174074677 4.789670753616467 4.705087907527234 4.622202940268429 4.544508645257862 4.472943999007679 4.406172369265223 4.345765431762362 4.292532615658036 4.247628762259655 4.212427585924146 4.18823076706237 4.176286513725605 4.172944059640236 4.16930140999338 4.165729110336642 4.162387351052032 4.159428191530242
4.306892131266376 4.344531104272746 4.3587595718470595 4.355252963785441 4.357794948358739 4.371374582269989 4.397380996711138 4.435340981997973 4.4834151971339935 4.539349834054624 4.6034708124310155 4.6744022468934645 4.757612273135964 4.851810729688094 4.953568398349098 5.0589547985869645 5.16335809966349 5.249749282257892 5.292590225907057 5.292952615383022 5.288350306742635 5.315063955679827 5.318704958087776 5.283426080340484 5.2168770416583525 5.12933945541667 5.0295701747073345 4.924319751859871 4.818725713010847 4.716784674306881 4.621716998038806 4.53616195768116 4.458615769181859 4.387798129355653 4.32460139623288 4.27037577837808 4.226397726490597 4.193891961417079 4.174046796665245 4.16697226521706 4.162476623655565 4.158100066175312 4.154023042396056 4.150420356848339
4.491171534866166 4.488725766161143 4.468115458393638 4.44070412291704 4.4280561239893785 4.433721757895712 4.458222265784266 4.500008677197203 4.55620907732922 4.623189438198512 4.697643614080299 4.780902484984853 4.878822199436947 4.98990094867684 5.110989313407512 5.238823873642878 5.369772236506844 5.494815293931941 5.586966347306018 5.639205597369937 5.662703088419244 5.661415839460711 5.621936160415077 5.54379537569925 5.4381824446124485 5.316636274817452 5.187722545174733 5.057447346062309 4.930146966871499 4.80913093276472 4.697074879616802 4.596253129519296 4.507469499309769 4.426612693539951 4.3541655502885 4.291335597291274 4.239289067744325 4.199165755220974 4.172089353447703 4.160311244791668 4.154914594340879 4.149676101818765 4.144799516289197 4.140487157832862
