_RESULTS/CROSS_VALIDATION_POSTPROCESSED_CLR/Berg/TZ/2comp/1/Berg_TZ_z_0_kriged_reverse_2comp_spherical_1.asc
ncols 100
nrows 90
xllcorner 5.6208707817415728
yllcorner 50.959635321741573
cellsize 0.00013419651685393446
nodata_value 1.7014100000000001E+038
[rows 19 to 37 of 90, columns 43 to 85 of 100]
-2.350645110342788 -2.445033485974817 -2.578553182260834 -2.7200962521574974 -2.902902613768491 -3.139263655095297 -3.41882035834226 -3.7372178459551484 -4.0936981649339605 -4.4894256930535485 -4.926446800900272 -5.407074136447153 -5.933573666652993 -6.501588726407649 -7.110182281336307 -7.756912604728569 -8.434723274578545 -9.129694633997927 -9.818757846344514 -10.49208203061677 -11.085119688759047 -11.479640973656638 -11.557868460365395 -11.341350084717986 -10.93824917059712 -10.437374418773127 -9.888060465844394 -9.316108113081402 -8.735805741174694 -8.155856507045346 -7.582154977411337 -7.019124729008455 -6.470737999834247 -5.944516805416857 -5.463690699927687 -5.053381590393377 -4.718779730634469 -4.464902716659413 -4.296629739604097 -4.218718056996926 -4.224027816348286 -4.25326009506335 -4.281647713296979
-2.331071711825722 -2.455055814217643 -2.6152339788751062 -2.769853098467072 -2.952910015837829 -3.177176462399144 -3.4345595114341965 -3.7234250583871664 -4.045497625184896 -4.403897005009442 -4.802150583924091 -5.2438051885272765 -5.726544497167851 -6.245024496480695 -6.808401203887247 -7.416239512481792 -8.06404160343715 -8.740449868266042 -9.427615526821018 -10.123278034816328 -10.783156040787079 -11.288232192954846 -11.40664036774497 -11.153337890968707 -10.731914739720356 -10.236949572508603 -9.705852384778478 -9.157193022695802 -8.601843694840133 -8.046974111148213 -7.497812749741314 -6.958517598815344 -6.435045982952679 -5.9343530631106525 -5.464622644747648 -5.060777024107664 -4.7326855354550155 -4.485375093039634 -4.323730083676282 -4.252503102073109 -4.258571425531673 -4.292414265202147 -4.325385026954077
-2.2791580191557266 -2.469207069806904 -2.682330923940918 -2.8630859071948915 -3.0433741416662676 -3.246473428725575 -3.469532895393802 -3.715653043353366 -3.9900221788122447 -4.297886466420405 -4.643968316249796 -5.032605750976465 -5.458782121787272 -5.9138842346122305 -6.413978639813324 -6.965077673773932 -7.5657553087733245 -8.207968452098601 -8.881692683627904 -9.590681618086904 -10.32118582147288 -11.03148686005341 -11.162339295264298 -10.79386157987656 -10.363787074426849 -9.89575999904429 -9.402532919410541 -8.893926309583025 -8.377615319996217 -7.8596939664483 -7.345154739534923 -6.838576555108471 -6.348575568636442 -5.879761091635992 -5.435130597277155 -5.044471385313594 -4.729148420274011 -4.494287194073463 -4.344854126070738 -4.285172227044938 -4.293689458004907 -4.332253573779736 -4.368614969590555
-2.2186554410764967 -2.5286607740124616 -2.808891149545193 -3.0188157113313743 -3.187520311344769 -3.3555135412670314 -3.528947205272424 -3.7177651452517253 -3.9312478311242627 -4.176372133343805 -4.4582496667271565 -4.780629486010392 -5.133740293927364 -5.514206517830441 -5.933422787100165 -6.409217572376344 -6.94447548518562 -7.534093849869297 -8.173085338181235 -8.855216958376303 -9.557714587752606 -10.187766866387502 -10.380088253691865 -10.15027462200495 -9.807190814393646 -9.412303769058244 -8.9843733115956 -8.534625837018266 -8.0715009940038 -7.601801969957792 -7.1312064784723965 -6.666316168509608 -6.216400607962599 -5.78517994704792 -5.375692429913374 -5.005519000610521 -4.7089628632570735 -4.492197064120181 -4.360343442991384 -4.314247288306999 -4.326873459826468 -4.366349938607847 -4.403273316797707
-2.341818652594897 -2.706183278493379 -3.0256296407048735 -3.252300533532889 -3.396573748321207 -3.5092323078767684 -3.614181839309706 -3.73066618743239 -3.871635228866667 -4.0441675062323945 -4.252164509297889 -4.495980340217636 -4.762946482467545 -5.05435294254688 -5.378428795485178 -5.7598394389704275 -6.211691431778201 -6.734838114415057 -7.323902742948482 -7.9532588966325815 -8.573725869224406 -9.078066145131505 -9.32810218630689 -9.297954595523102 -9.09988889785848 -8.811737793450845 -8.470736845489974 -8.095381225696542 -7.6970437274489925 -7.284790595085439 -6.86579878928419 -6.449832006638033 -6.045403523057062 -5.656540783638391 -5.287003236575314 -4.947413854566775 -4.676458102467011 -4.484117361367636 -4.375270820949794 -4.339225018922726 -4.354064886897072 -4.392245901659458 -4.428547307003495
-2.664709369079314 -2.998575629554419 -3.3313864760473146 -3.5681554579742 -3.6739163633761276 -3.703413052177825 -3.7185575570004077 -3.7498222795004015 -3.8105192073018754 -3.9051170032072564 -4.034515690713456 -4.191146517527698 -4.362985977855919 -4.552451133616836 -4.767707467498897 -5.039351488513003 -5.400554821620668 -5.865176955934991 -6.4151417023642505 -7.005326232271777 -7.574136234661559 -8.039434052457432 -8.334675927991919 -8.427213057573201 -8.355490474887564 -8.172215673762603 -7.915195957852166 -7.609877980956176 -7.2745348413322475 -6.923224949076515 -6.561343790766557 -6.199187593140619 -5.846494502966849 -5.5077430714480995 -5.186127679317663 -4.887111296976414 -4.648593831315082 -4.485995481811694 -4.399736102213272 -4.3694612513454985 -4.387899999778686 -4.4231816678424964 -4.456429059351225
-2.955312950127298 -3.308047910671872 -3.679765186481963 -3.9552916660257362 -4.0022278178724475 -3.9133266826615882 -3.8218715323703645 -3.764144513951746 -3.745382494583023 -3.763923809102867 -3.815303698090366 -3.882034357334094 -3.9560631737302323 -4.043785202118442 -4.153752751678151 -4.308071995924242 -4.56579746443983 -4.978274245009411 -5.513138029849415 -6.095017025813898 -6.649757295559093 -7.114021236815542 -7.448906773275322 -7.623056940810462 -7.647182593991861 -7.554583119832845 -7.376237454757993 -7.134225654597869 -6.848017429320662 -6.536901459267873 -6.220516162544668 -5.917338503237962 -5.626555896962043 -5.347842849430047 -5.082755146032664 -4.832210020381166 -4.63027238057329 -4.497355948503489 -4.428904785611043 -4.406163746541969 -4.428671638524294 -4.460286152577264 -4.4897686751163235
-3.162586252395188 -3.544530164818509 -3.96926947794275 -4.383108920227507 -4.301623224194006 -4.077728940827221 -3.8926794422190367 -3.7614872545031335 -3.6776302966327425 -3.6325882265609946 -3.611994720508822 -3.599976074128249 -3.5999670506998473 -3.6033519942507954 -3.604915797484548 -3.6170823016534053 -3.733529511414835 -4.109378106983583 -4.680940551960181 -5.287968716419401 -5.850534178707627 -6.325922858003432 -6.692307740667369 -6.921996737933328 -7.0077087076818225 -6.965889485891159 -6.826640240931722 -6.617482801074825 -6.363963025731713 -6.089904439846301 -5.812329120997132 -5.549528954434195 -5.3117324551672365 -5.101039979969061 -4.907346358634678 -4.730086496192153 -4.59204477867943 -4.510728265778719 -4.463026455635245 -4.449819771738396 -4.474944345666279 -4.501733506412277 -4.526212279085644
-3.264388582325239 -3.6484009956983243 -4.046078533634628 -4.3636877683715545 -4.328000830390582 -4.124850158868175 -3.924184291973604 -3.7607588780794097 -3.637924345868367 -3.5461780560051857 -3.472978634467098 -3.4172669623833825 -3.3653460413269203 -3.3033017892349754 -3.2172672601165777 -3.0986476201643427 -2.980976147014924 -3.3624358678286708 -4.024063639817863 -4.651880358231742 -5.2162825382608045 -5.696009636232639 -6.069585111686254 -6.2990219189198005 -6.3879176643942435 -6.359150504908152 -6.238093851383388 -6.053537164453362 -5.831454178578946 -5.590388848901197 -5.348020441415339 -5.122945813852442 -4.925546749925977 -4.763505477418793 -4.639690354907011 -4.535122465890234 -4.468171864295659 -4.4471680658609 -4.455168781798939 -4.488770861479319 -4.525503005018202 -4.545885964511277 -4.563481039595175
-3.2575297593104535 -3.6194285785630584 -3.949042726583416 -4.174517841432477 -4.210082135340996 -4.100420609977663 -3.9446415487214086 -3.781502612137173 -3.6400207305778713 -3.523237049844188 -3.430853689268111 -3.350353826000906 -3.2688393972602574 -3.1736920522841006 -3.055620772038613 -2.9213803834461323 -2.8404113344838606 -3.134534337494034 -3.689995918445274 -4.2548622828529 -4.773362139365859 -5.200962437219211 -5.52370439046423 -5.71880234943656 -5.788900461797711 -5.752991035373565 -5.638098439206993 -5.470222153602309 -5.2694057667465435 -5.053759940581597 -4.84116624598057 -4.650241721317996 -4.491366685820134 -4.37215526267749 -4.296566889190221 -4.259691877865615 -4.260650979084263 -4.296974830522234 -4.364267689698973 -4.457432649944132 -4.539038691619802 -4.586946253614493 -4.5997961544103525
-3.181100783100817 -3.5242853183784595 -3.823576495650989 -4.031075335873136 -4.1094986503124415 -4.067483287319584 -3.9679119803501517 -3.8394371137588656 -3.701616261904496 -3.5862346488320216 -3.489147435721955 -3.400528331785117 -3.3114017375958387 -3.216560302625213 -3.1225742776851693 -3.0488783323377553 -3.0675559385314255 -3.281724033021872 -3.6695382756336725 -4.111051686190493 -4.503753760745016 -4.82281062430215 -5.062796572073518 -5.199603290378614 -5.227974155985974 -5.169052011066452 -5.048159879579711 -4.88293754523784 -4.692046389531939 -4.493109202521716 -4.303710153892747 -4.142424651026802 -4.019484724215001 -3.942054518784659 -3.9094437201282615 -3.9169471917213308 -3.97358519299842 -4.0711718951467795 -4.201329995901573 -4.3498544850474525 -4.476090316647977 -4.568994868988305 -4.621063134179376
-3.0896250258018974 -3.431867114096952 -3.723668790876525 -3.9369604604065884 -4.05169940745275 -4.065762797446518 -4.0122498092600205 -3.9277784692123623 -3.835280220962634 -3.7378286485971377 -3.64793760636577 -3.568515068319276 -3.4934159063339036 -3.4258912790900546 -3.37181406951136 -3.3492121164204858 -3.400336370248282 -3.5697723576029046 -3.841507627307549 -4.126178681199104 -4.379492500970022 -4.579418068417004 -4.7145534394458855 -4.761668711929822 -4.730751310011976 -4.633328504651006 -4.484902068171997 -4.304337488809393 -4.1107475225845 -3.9190971639769208 -3.745749886256278 -3.609104695770203 -3.519193686650382 -3.480817772028336 -3.486440722510153 -3.5229668780907115 -3.6201440965791436 -3.7816433363579436 -3.978002484779886 -4.174540314075976 -4.3458256728911255 -4.483185870589489 -4.578584068527815
-3.0259781051511085 -3.3673921163335594 -3.6617962731493376 -3.8903299284351225 -4.039589970195426 -4.105513000129119 -4.093241615004447 -4.0590773243241784 -4.017568458584864 -3.9699503393943925 -3.9129891256800033 -3.8554235181046295 -3.8091736016658873 -3.7746763101995113 -3.756490447076205 -3.7657256264895267 -3.825776270396469 -3.955272198953641 -4.108203301212927 -4.258113713120452 -4.380834959603532 -4.462975613789769 -4.491469443637905 -4.444332490175743 -4.339727169852348 -4.1927775089521475 -4.005384409298715 -3.792615645357561 -3.5742791406698355 -3.3699086572828647 -3.1959725318408507 -3.069142592804737 -3.001659104393549 -2.990213927325203 -3.019294712532755 -3.087341868617112 -3.2261424270291545 -3.441140511470759 -3.6982690781951804 -3.9414188559243764 -4.158465771568283 -4.339984456531407 -4.4773993119795295
-2.9971341957588074 -3.336618514520854 -3.6382725186989173 -3.8863996239253837 -4.069560388192675 -4.176528373850169 -4.221038805056334 -4.237494748238393 -4.252895320144065 -4.262826305814167 -4.265244721622923 -4.257475436183833 -4.243642121994968 -4.240033635545698 -4.250172024750155 -4.278703988549966 -4.3361640633107505 -4.398127711035752 -4.452682079249452 -4.4960414428480755 -4.517867582737897 -4.505203259458139 -4.432243669483698 -4.2930415703119245 -4.103876538527463 -3.879688347040242 -3.636983617592264 -3.3788123609093805 -3.123225943887128 -2.8907488796599052 -2.7006628445773524 -2.572504663122669 -2.50306361080984 -2.4862270375781335 -2.521776536149857 -2.6186292174423373 -2.804754653028618 -3.067678573066725 -3.369472729996442 -3.6613527722313273 -3.9251931713172734 -4.150845777582666 -4.329319672129472
-2.993855760711429 -3.3339578116341517 -3.646781446397349 -3.915675051048839 -4.125050990066587 -4.271031957598757 -4.3831213058208265 -4.468884107082279 -4.542707098745097 -4.61596281826137 -4.682649312485124 -4.737857738689634 -4.778213685421407 -4.805931018908492 -4.837674087411838 -4.877997822951672 -4.902874048099256 -4.906716687406301 -4.899871323047253 -4.872656642565617 -4.8134357901979365 -4.710463132773272 -4.537066970277831 -4.302767014119954 -4.019713974187829 -3.7047805527779443 -3.3798097852792828 -3.0622163882968043 -2.757305184774645 -2.486347941936241 -2.263690638206112 -2.105456311096465 -2.02087096716326 -1.9991555654767272 -2.0385896486607034 -2.155836930838669 -2.3731787476047295 -2.6666199333142186 -3.003160798834366 -3.3461345205382083 -3.658034931384573 -3.9279440660270724 -4.146708424765688
-3.001623991048529 -3.347191614109252 -3.670312267622447 -3.9557183162007483 -4.191178601042107 -4.3888935308882 -4.576137526834422 -4.745800329864292 -4.891977859655092 -5.027297796810328 -5.155548619547488 -5.270458316774409 -5.367330186730806 -5.443002248868229 -5.502778514830943 -5.541569739464131 -5.541863086284934 -5.520528534887678 -5.472703153914666 -5.389606494738084 -5.261852130227524 -5.0708330191083135 -4.80150268208237 -4.467590064672584 -4.082045726435565 -3.6650277842084082 -3.241861778210252 -2.8394779218006407 -2.466418677858293 -2.1330317763016824 -1.859277954398928 -1.6628279709359832 -1.5541117391490662 -1.5285061745558748 -1.5776015771586138 -1.7252791453891807 -1.962059296531523 -2.263001800258113 -2.6185914257153367 -3.0084803591945253 -3.3697210091390675 -3.6838841960721944 -3.942067521087692
-3.0000724794923173 -3.352315434649331 -3.6896755393921947 -3.9983351189608927 -4.269780474829452 -4.536133618278051 -4.800414257911329 -5.052584111491624 -5.284224817007998 -5.488607838340398 -5.674902796352241 -5.845259376698646 -5.993487629976821 -6.114994738636603 -6.209379108511445 -6.258286316189416 -6.266747546555024 -6.237241981150921 -6.165023958437237 -6.042036750269313 -5.85732124166811 -5.581972541514941 -5.21955302817261 -4.780611659208289 -4.281345448931634 -3.7458033186937953 -3.203015070550402 -2.684432344720954 -2.2182789594887806 -1.8096506291708865 -1.4775432220763975 -1.2399334675554878 -1.1059699200333832 -1.0735646596747683 -1.1449065114447836 -1.3191859768075478 -1.571689080800653 -1.8881217243713553 -2.255678872975191 -2.6643980912126115 -3.0735080151701135 -3.4313722896988996 -3.727639102686241
-2.9818203276776183 -3.349514899022012 -3.7089717347102655 -4.0472919650694825 -4.3696807167246545 -4.704996673375045 -5.0445509396987145 -5.3766897109800915 -5.691086958517628 -5.978731108275221 -6.231690817609163 -6.45277275575568 -6.646633082113732 -6.810778689840833 -6.952047801571685 -7.019250492839476 -7.038777350168509 -7.011682413749446 -6.932235329408677 -6.789916014678409 -6.558979682724313 -6.21267731340461 -5.758247671688469 -5.206943780609362 -4.580945959961686 -3.9112921075354574 -3.233597228187376 -2.585206906466442 -2.0035231561133613 -1.5082013953115 -1.1100553315015542 -0.829342223497965 -0.6724295167436773 -0.6382545180223977 -0.7290588431325311 -0.9269037696283267 -1.2063802081971602 -1.5480580451243182 -1.9348830640935932 -2.3544990670881485 -2.7853206326761404 -3.182745041415612 -3.514874617956668
-2.950547992734217 -3.337347691786964 -3.7253458147834535 -4.102382457156551 -4.483357632409357 -4.887221097574008 -5.300584513650488 -5.710288586538902 -6.103976667614548 -6.470191604883789 -6.796233639361473 -7.070668678184349 -7.297436393205398 -7.51680560502888 -7.687850206505729 -7.777458841740234 -7.810252219276114 -7.7934878698240695 -7.720741359209274 -7.574056005830754 -7.312360092353728 -6.916668494520202 -6.385177019465949 -5.726224832461888 -4.968344951020382 -4.152043516917909 -3.325883218163487 -2.53372812376123 -1.8192400015426116 -1.2203124271016326 -0.7474779843606862 -0.4220622951481632 -0.2448129408735964 -0.20837290400830533 -0.31864075666999003 -0.5520759552940335 -0.8719858868960646 -1.2504052707962732 -1.6645798275954786 -2.0986346030839664 -2.5397020668228283 -2.9500854496528284 -3.3136360131792513
