_KRIGING/CROSS_VALIDATION_CLASSIC_CLR/MHZ/GZ/train_3/MHZ_GZ_3_train_z_125.asc
ncols 100
nrows 74
xllcorner 5.5967023332191781
yllcorner 50.982320383219182
cellsize 0.00019249356164376555
nodata_value 1.7014100000000001E+038
[rows 0 to 18 of 74, columns 0 to 42 of 100]
2.9252630734786393 2.8358428002719807 2.7621568716648088 2.7103071543285191 2.6855088975921504 2.6916240806813327 2.7308601654071669 2.8036709191757305 2.9088530185076857 3.0437906386592273 3.2047714489561168 3.3872896593399506 3.5862676584916695 3.7961632592587753 4.0109746629720506 4.2241968257693268 4.4288083855958273 4.6173694249295867 4.7822857309191171 4.9162510071390244 5.0128267219314147 5.0670744609688718 5.0761305525294436 5.0396146113846676 4.9597921367581037 4.8414586213889557 4.6915660482238568 4.5186583843024994 4.3322099511149244 4.141964484330833 3.9573551868157839 3.7870544820937893 3.6386664635153885 3.5185445301664275 3.4316975410061792 3.3817419058488838 3.3708625768436464 3.399759043897264 3.4675690584986345 3.5717797711443637 3.7081513163527084 3.8706902169543316 4.051717558474488
2.8615056514148254 2.7650447947777677 2.6857424064401654 2.6302643092889868 2.6043427142496141 2.6122761181811098 2.6566058059352624 2.7380067469369367 2.8553841139999818 3.0061220910605551 3.1864013921020318 3.3914949783979909 3.6159705713306414 3.8537689671194011 4.0981776126765146 4.341764634070433 4.5763654603883825 4.793213207874647 4.9832737725869372 5.1377943554235035 5.2490138500120462 5.3109318972651831 5.3200051207844119 5.2756423716417231 5.1804051475223538 5.0398755227645005 4.8622170053937577 4.6575076043224684 4.4369564587027135 4.2121199749032572 3.9942127655180544 3.7935713992758782 3.6192867211855413 3.4789842150340267 3.3787087948008745 3.3228628719285638 3.3141526378932422 3.3535129144694924 3.4400010179118032 3.5706712364668585 3.7404613082995697 3.9421387028114161 4.1663649525798663
2.8152371118986004 2.7137984791705643 2.6306211115521405 2.5728082911322945 2.5465066448269331 2.5563843322079185 2.6052930344511909 2.6941514035048417 2.8220383739404493 2.9864381034480312 3.1835474300619726 3.4085511269203623 3.6557926245198651 3.9188128737778545 4.1902852102477786 4.4619232438334606 4.724466571932906 4.967845600716851 5.1815907722386942 5.355491340653499 5.4804402804471994 5.5493437862344006 5.5579426033348458 5.505397314325382 5.3945298802805102 5.2316786348947453 5.0261965033187792 4.7896840874463233 4.5350860928583003 4.2757849122162757 4.0248015709589096 3.7941714863771701 3.5945138774127612 3.4347716488772271 3.3220714706887717 3.2616443932435528 3.2567537292431368 3.3085944494391057 3.41615193487449 3.5760335655174895 3.7823113846862091 4.0264352230709815 4.2972895364333237
2.7893251406296518 2.6853109340792551 2.6002741027159635 2.5415986166621733 2.5157135992127655 2.5275633823290544 2.5802642188632774 2.6749838396005075 2.8110291526130746 2.9860797774610051 3.1964744788811146 3.4374537324884491 3.7032872412694813 3.9872642607253814 4.2815836575452284 4.5772323267946255 4.863968503197599 5.1305201555775142 5.365067039310297 5.5560074018928702 5.6929341915231717 5.7676816285281234 5.7752692209650434 5.7145767589867624 5.5886294516854136 5.4044453553044161 5.1724786009618207 4.905761239418009 4.6188878629523575 4.3269933671137473 4.0448480875228707 3.7861469381089545 3.5630147980265994 3.3857030616555583 3.2624212599947118 3.1992362686487406 3.1999779472703 3.26610930720528 3.3965461904023702 3.5874416264481432 3.8319801094681525 4.1202534269193043 4.4393074634551377
2.7848882539464661 2.6808519391175114 2.5960903167828819 2.5380911143121141 2.5134117283604995 2.5271556192044189 2.5826340305024953 2.6812464229290525 2.8225615888402382 3.0045339713218668 3.2237601938529226 3.4756791141400996 3.7546472770975843 4.0538739879136143 4.3652621659271187 4.6792544025957525 4.9848110572562021 5.2696379462015059 5.5207344186403873 5.7252585264957254 5.8716233447271602 5.9506695482247807 5.956723455724223 5.8883575890901376 5.7487210990283373 5.5453872999115017 5.2897544448456699 4.9961116289107039 4.6805270928612348 4.3597234263083511 4.0500762327684079 3.7668213841795257 3.5234968910210167 3.3315935404077388 3.2003538860648106 3.1366456484519896 3.144841396737637 3.2266567885348083 3.3809293366379247 3.6033541757760155 3.8862287693343962 4.2182904355616442 4.5847526500345186
2.8009975824701172 2.6994311560841604 2.6170275359122375 2.5611934865444619 2.538447119635892 2.5539149650929422 2.6110095741482509 2.7113170092755645 2.8546726461248113 3.0393574636042624 3.2623193457534425 3.5193246176563076 3.8049762444140187 4.1125899603550691 4.4339833622200171 4.7592868881713635 5.0769120126577931 5.3737999182526135 5.6360227978929629 5.8497306207568052 6.0023484321713614 6.0838564429393411 6.0879475957112863 6.0128661293185051 5.8617844672966175 5.642660882430766 5.3676150625518773 5.0519395442374666 4.7129137686580904 4.3685959838436421 4.0367394415218421 3.7339254903047987 3.4749438011050149 3.2723946749203421 3.1364508144791969 3.0747002293942707 3.0919967009506113 3.1902650030726516 3.3682398073206388 3.6211554702410833 3.9404445077255286 4.3135400656666896 4.7239042320744211
2.8345907003296391 2.7377145613107903 2.6595367067004103 2.6072035377097222 2.5870225807066545 2.6039934770003548 2.6615125777469908 2.7612753826886802 2.9033514284656565 3.0863619930250579 3.3076657644538203 3.5634608414884585 3.8487449084910885 4.1571319755374008 4.480588727546575 4.8092072731039508 5.1311562087933957 5.4329374516223474 5.7000219054047641 5.9178539855521475 6.0731237148274744 6.1551295804256689 6.1570164696034677 6.0766822197686778 5.9172021220846815 5.6867090184305553 5.3977649855789824 5.0663449067392872 4.7106036830368918 4.3496088437538045 4.0021918904206704 3.6860171802017101 3.4169033151575778 3.2083747208176661 3.0713812797022984 3.0141060012596963 3.0417838116584637 3.1564747271215268 3.356767409893008 3.6374302561360379 3.9890722927997633 4.3979189036311892 4.8458383250340695
2.8806115803942296 2.7901953558333892 2.7177655318347522 2.670046240225675 2.6529681477147742 2.6712447489748339 2.728115130691311 2.8252714129544199 2.9629411896842548 3.1400535416094559 3.3543947355027033 3.602665481920269 3.8803870336805462 4.1816610602073903 4.4988531046407889 4.8223225809345482 5.1403461288968835 5.4393649291355413 5.7046301456024384 5.9212354860480811 6.0754325541720782 6.1560474919673602 6.1557774266059919 6.0721540102444518 5.9080173984494273 5.6714332066931163 5.3750847415761651 5.0352588603896624 4.6705971905147123 4.3007963651967298 3.9454142132825627 3.6228855560915312 3.3497879492760783 3.1403400201121725 3.0060738627382229 2.9556029711693315 2.994408018324477 3.1245813090031467 3.3445032279129103 3.6484668426662967 4.0263154867352435 4.4632054342711607 4.9396407273927947
2.9323609496953047 2.8496006512375205 2.7840197038467078 2.7417852368594806 2.7282963594771772 2.7478148344274871 2.8032573601682893 2.8961608536269372 3.0267859588623791 3.1942847984996892 3.3968393224970574 3.63168485386851 3.8949705953224516 4.1814673553418773 4.4841976213964294 4.7941156592717178 5.0999882961437901 5.3886099276551125 5.6454280704297428 5.8555699237495062 6.0051663856195834 6.0827919051815584 6.0807973803282547 5.9963206019934194 5.831813199537482 5.5950108251205215 5.2983722530953816 4.9580992658634173 4.592903878654095 4.2227037885700494 3.8674033535900927 3.5458673537245202 3.2751340330712111 3.0698574621555181 2.9419276243742924 2.9001946645118908 2.9502216904543586 3.0940062675108599 3.3296416177813128 3.6509316348236398 4.0470247141436317 4.5021821773353246 4.9958353939197471
2.9820194093469299 2.9074898824266349 2.8494316272006603 2.8133531723074023 2.8039821877717461 2.8249572284003248 2.8786814544358892 2.9663421789264106 3.0880550205462125 3.2430543121612665 3.4298342899473448 3.6461562523541211 3.8888758970312605 4.1536046266155155 4.4342838781797465 4.722804061946615 5.0088225849168655 5.2799184227652294 5.5221638422863961 5.7211084461179471 5.8630768181583051 5.9366023823032741 5.9337772768346415 5.8513026362006961 5.6910746842592506 5.4602263103336348 5.1706399956233469 4.8380329906267097 4.480771248985711 4.1185859775629652 3.7713476548737823 3.4580074358138759 3.1957595705488986 2.9994247494017028 2.8810130687831794 2.8494014925166011 2.9100552130473893 3.0647342238433106 3.3111542576951578 3.6426130293345489 4.0476442701641142 4.5098149442525628 5.0078218099017775
3.0212952785394664 2.9549882181407385 2.9047715073183342 2.8754281459288382 2.8708886302789773 2.893988358248599 2.9463959524213168 3.0287080152411683 3.1406605555719178 3.2813712617066333 3.44951165502889 3.6433212339031193 3.8604170991605082 4.0974141388534937 4.3494376775293553 4.609664272756639 4.8690503767200433 5.1163927693226032 5.3388090340977818 5.5226418934065951 5.6546975825007184 5.7236488028501622 5.721387441147284 5.6441127441533165 5.4929865294540736 5.2742660620904793 4.9989172889727751 4.681794203315274 4.3405266241678362 3.9942798101567831 3.6625362448093526 3.3640117619342274 3.1157679463719914 2.9325330173211643 2.8262033106009596 2.8054719052015686 2.87552158054954 3.0377264041780876 3.2893297272406974 3.6231052299667743 4.0270581484537571 4.4842772374854762 4.9730900851572235
3.0421493855950379 2.983597453301976 2.9413335825239129 2.9193799662547661 2.9207537871718818 2.9472933889178439 2.9996764733149837 3.0776165038708951 3.1801759853121681 3.3060986970326534 3.4540489864800659 3.6226618419041046 3.810352241412768 4.0148975821695609 4.2328774458058875 4.4591120133648214 4.6862673070600973 4.9047819437870199 5.103216134001503 5.2690399910749637 5.389784088192636 5.4543934160866652 5.4545765624481515 5.3859368309934261 5.2487113678663597 5.0480170698258338 4.793589305119891 4.4990804903646779 4.1810434387070856 3.8577502323053476 3.5479914340118892 3.2699703374298679 3.0403639230495365 2.8735772904692611 2.7811798253930977 2.7714840777027421 2.8492147077692431 3.0152164042018894 3.2661676197562555 3.5943013927468312 3.9871821916666992 4.4276399266764024 4.8940042877759318
3.037554987829167 2.9860327172181691 2.9518356272396922 2.9382143382861186 2.9471584273751033 2.9792938136920109 3.0340091293102329 3.1097865777892988 3.2046602553315493 3.3166856335385111 3.444290063175008 3.5863926430739337 3.7422316171277838 3.9109090990636135 4.0907400280378008 4.2785554323199033 4.4691418958642526 4.6549890294725191 4.8264644256635485 4.9724516404912045 5.0813903759194545 5.1425720415431115 5.1474885562730286 5.091019898327886 4.9722776415436094 4.794987643160427 4.5673776765474532 4.3016154197439018 4.012902433644939 3.7183614176170954 3.4358562874727347 3.1828634178069422 2.9754771649988001 2.8275930678418382 2.750275316681825 2.7512860182766454 2.8347356224122775 3.0008092926774879 3.2455354796212763 3.5605915807717361 3.9331847345305455 4.3460950142897934 4.778008843896024
3.0022554799865109 2.9570382201421257 2.9312748621184213 2.9274478691119219 2.9463971344706179 2.9872913015061933 3.047884434915888 3.1250210635287576 3.215291565830932 3.3156952323821685 3.4241534257613786 3.539737207065949 3.6625309623382183 3.7931350621785782 3.9318983464673956 4.0780441491688064 4.2288928841597651 4.3793785140600914 4.5220049049945121 4.6473018911230568 4.7447394588695051 4.8039652602778755 4.8161667698253829 4.7753380440501356 4.6792544424629483 4.5300181139630222 4.3341161303399183 4.1020128802158151 3.8473624811412535 3.5859657600567818 3.3346076929851813 3.1098993196120599 2.9272207596091553 2.7998272271407307 2.7381445905872441 2.7492499598015678 2.8365098613297439 2.9993374958661772 3.2330349118128439 3.5287076484219799 3.8732765286445154 4.249655817735424 4.6372046447938216
2.933479169807101 2.894132527650032 2.8776813771257137 2.8858453936365409 2.9181752025626917 2.9721015156484336 3.0433485383716912 3.1266598521019411 3.2167112637388664 3.3090319946905948 3.4007382757641826 3.4909097034739407 3.5805061757817409 3.6718190038855152 3.7675531311019679 3.8697244221308651 3.9786056703631916 4.0919545429534887 4.2047051673053 4.3092137616539024 4.3960384340350629 4.4551289821696489 4.4772269069289248 4.455243639866362 4.3853997024162332 4.2679614874484706 4.1074898297537565 3.9125967045938799 3.6952766059209496 3.4699266365387418 3.2521905238622102 3.0577592347477287 2.9012407977234638 2.7951814817167184 2.7492859495591926 2.7698505328635816 2.8593958913571766 3.0164675900596594 3.2355699148298314 3.5072122095803051 3.8180768038025459 4.1513559149417443 4.4873383989488564
2.8315566272280277 2.7982210483891921 2.7926989345254682 2.8159419262372198 2.8660465863959228 2.9383871203658263 3.0262162256208249 3.1216646020366445 3.2169786418259205 3.3057707643303811 3.3840357949067972 3.4507185690072895 3.5076992270978495 3.5591778945202996 3.6105650413638051 3.6670899176025165 3.7324026826703109 3.8074514314162045 3.8898618764922732 3.9739473411033632 4.0513528563705945 4.1122171083563313 4.1466450011428106 4.146238590572894 4.1054401419808029 4.0224911996784369 3.8998901531635477 3.7443184596544299 3.5660846444746337 3.3781931560110907 3.1951768551919475 3.0318383948628131 2.902032025770044 2.8175899865754852 2.7874629088240317 2.8171071671566157 2.9081190159338703 3.0580908819024883 3.2606542011121764 3.5056787910453679 3.7796201401869061 4.0660367842954752 4.3463280938491664
2.7003651994254501 2.6739942917543056 2.6819068676040274 2.7242594493356407 2.7975010020677535 2.8945973314268025 3.0058536313959099 3.1202447493157441 3.2270495001993771 3.3175047565546523 3.386168857398995 3.4317225353901213 3.4570346128701521 3.4684601043518093 3.4744904554623162 3.4840061745781199 3.5044621924206583 3.5403484709953243 3.5922108533773676 3.6564039182555508 3.7256047510613843 3.7899754709410631 3.8387520104838755 3.8619768284167062 3.8520907295492011 3.8051473913214062 3.7214972568401432 3.6058842938779936 3.466989970103536 3.3165292447736929 3.1680462723320097 3.0355724662762942 2.9323008732541327 2.8694049300070414 2.8550933977529072 2.893952877289049 2.9865906563766265 3.1295593614795445 3.3155260392580059 3.5336451344942317 3.7701070315038079 4.0088560521322405 4.23249373761562
2.5475061542258146 2.5300146546843996 2.5547859673699511 2.6211244224921151 2.7236116721212094 2.8524332569495776 2.994459146228726 3.1349633058415671 3.2597269696609041 3.3571705415472568 3.4201264804184399 3.4469125722478218 3.4414859568684522 3.4126297594800228 3.3723101949891943 3.3335024553845232 3.3078839431687754 3.303812643223587 3.3249443457868484 3.3697113684625242 3.4317177472819465 3.5009381484569913 3.5654738293466002 3.6135423309034032 3.6353669667891024 3.6246813605763961 3.5796555796164027 3.5031605153936383 3.4023933932139236 3.2879724737454499 3.172663816410541 3.0699257621541385 2.9924515665946751 2.9508643742856773 2.9526792428170001 3.0016015232130906 3.0971861474541953 3.2348441347132875 3.4061558462288488 3.5994383393673344 3.8005166291679542 3.9936616125285225 4.1626725598477226
2.3841147387490524 2.3783947781101107 2.4242387194852162 2.5200081403650412 2.6581814901210468 2.8257953585047684 3.005819021200888 3.1793192652403084 3.3281003922409038 3.4373820841486289 3.4980377223282089 3.5079727442496038 3.4723695573412563 3.4027338847258921 3.3149036021229854 3.2263767765836624 3.1534391823880279 3.1085981229411761 3.0987561573930691 3.1244045929396096 3.1799181688674034 3.2548323072374652 3.3358225683294398 3.4090104961587882 3.4622018231456977 3.4867156056517148 3.4785664016286644 3.4388893112572045 3.3736230411710331 3.2925684735204772 3.2080077541660206 3.1330988871276224 3.080257412287783 3.0597080812663968 3.0783448545805046 3.1389857353906034 3.2400573052545525 3.3756983014643236 3.5362367316831742 3.7089736510880273 3.8791991271333117 4.0313692168195185 4.1503809745783071
