_KRIGING/CROSS_VALIDATION_CLASSIC_CLR/MHZ/GZ/train_3/MHZ_GZ_3_train_z_180.asc
ncols 100
nrows 74
xllcorner 5.5967023332191781
yllcorner 50.982320383219182
cellsize 0.00019249356164376555
nodata_value 1.7014100000000001E+038
[rows 38 to 56 of 74, columns 0 to 42 of 100]
3.0643712402960306 3.1589603808319602 3.2990502595246891 3.4694686266961687 3.6504077240900843 3.8200372011475663 3.9578589714204098 4.04833182257308 4.084162805263106 4.0686204012868163 4.0162959525231043 3.9519333101541401 3.907248255243517 3.9160293170750853 4.0081866008505651 4.2037163916365072 4.5076984428677767 4.9073823653582131 5.3721315169234787 5.8565111106929706 6.3062170320824338 6.6659643001097555 6.8880191012521941 6.9398714771581638 6.8096594609366665 6.5083529324867033 6.0683031758273565 5.5384326038150711 4.9769361241617931 4.4427718023786191 3.9873650287807525 3.6478310885097098 3.4426863395092298 3.3705551493983794 3.4118853663549968 3.5332426171719575 3.6934183590083034 3.8503835394079076 3.968051657239581 4.0218734720050495 4.0024592714723708 3.9167007290166245 3.7862232111505358
2.8132199505290503 2.9097467378516058 3.0544085854766614 3.2312986620989852 3.4202826208124391 3.5997681127495893 3.7500584032327833 3.8567937109720161 3.9138993399422759 3.9254633399649981 3.9060703800173942 3.8793213684334305 3.8745521920706016 3.9220933141876637 4.0477309216376343 4.2672745700707146 4.5822412960911088 4.9775845577677549 5.4221145866894123 5.8718063660463695 6.2756497554868655 6.5831734131393755 6.7523885849859475 6.7567469913851035 6.5898360838414494 6.2669272413400607 5.8230675730594426 5.3080402175511292 4.7790762002623373 4.2925706586214112 3.896174556567038 3.6224974800262526 3.4853195893079922 3.4787571580083521 3.5793499521283731 3.7506182554261098 3.9493225105315251 4.1324701031326869 4.2640521821713726 4.3205504824417957 4.294421467545857 4.1950343342232479 4.046895020087816
2.6094726183383088 2.719821699139926 2.8816346547091847 3.0776366876482815 3.2865929542683663 3.4862826797197171 3.6569162202771093 3.7844683059147517 3.8633606735932053 3.897976228882106 3.9026241736361662 3.8997896688489382 3.9167700811588189 3.9810887915648356 4.115342131756786 4.3323232786969639 4.6313281801758617 4.9964461331623342 5.3973628563395142 5.7927864467172858 6.1361158267892435 6.3825056792679016 6.4961475498455172 6.4564700507113937 6.2621031064891781 5.9318334090105491 5.5023239837436906 5.022963442966641 4.5487236119689332 4.1322338549400426 3.8163703317092743 3.6285101757779721 3.5772668191283419 3.6520868411761249 3.8256393937810591 4.0585382057563484 4.3056466837479874 4.5230442881594826 4.6746750196040034 4.7377490728646565 4.7061217340227772 4.5911265687384857 4.4196831806635721
2.4821944718685742 2.6176629088276187 2.8076885462989001 3.0330540438723403 3.2707736250029269 3.4973086066112886 3.6920970526162762 3.8408368433316458 3.9379640468894523 3.987861474449514 4.0045027786640679 4.0094637608221015 4.0284874122960996 4.087040876172658 4.2055148711613874 4.3948501534336026 4.6533943490948806 4.9656701750207981 5.3034692396743663 5.6293022506003254 5.9017979565527803 6.0822360402852889 6.1411166091583107 6.0635863334036584 5.8526934443740242 5.5298113159154205 5.1320808827894053 4.7072673445899547 4.3068899760970245 3.9787711398664376 3.7602129300349301 3.6728528499111031 3.7199262442613454 3.8862527354966376 4.140848904442672 4.4417138980971158 4.7420742642625697 4.9972189381572445 5.1710000766881858 5.2411138360522393 5.202406714573856 5.0676813955503164 4.8657984713168068
2.4547330034431614 2.6250998138303228 2.8520209741366784 3.1138865283193571 3.3854992714183023 3.6415514611196391 3.8602947677082353 4.0268085783686054 4.1353148023588329 4.1901222795294606 4.2049861036026082 4.2009052952419763 4.2026243656165878 4.2343205953260918 4.3151214720675615 4.4551791212492429 4.6530071149466261 4.8946446309702987 5.1549553079160804 5.4010196801302346 5.5971942914658754 5.7110619023600773 5.7192655461403632 5.6121688275744717 5.3964440144715136 5.0950380317176869 4.7444370393162272 4.3896436159397094 4.077691197965617 3.850764508719462 3.7400312003205753 3.7611282019060752 3.9119384050136983 4.1729145852030785 4.5098326784597038 4.8785410145206765 5.2310434218968771 5.522116059948865 5.7156028152849405 5.7895567002053472 5.7394990215042263 5.5792648725610432 5.3391979581373779
2.5416704718024459 2.7543869474923977 3.0238792569809645 3.3258740224646077 3.6327378760522189 3.9172137484033076 4.1562339756850646 4.3341845929864062 4.4450760507640128 4.4932493270678417 4.4924774889168919 4.463570978916354 4.4308241677987494 4.4178231983857614 4.4432508651529794 4.5173584463706016 4.6397160418204271 4.798697046687983 4.972905548387347 5.1344423885909212 5.2535720988734109 5.3040613443432676 5.2682766730400914 5.1411084406087495 4.9319505409296243 4.6642914746276185 4.3728993664121152 4.0990222961903795 3.8843818920001389 3.764939577541849 3.7654279644098398 3.8954774428967207 4.1478808172642472 4.4991966823394103 4.9125617850314534 5.3423099954765405 5.7397999273156746 6.0597324787794689 6.2661834115081261 6.3375802978500975 6.2699265238388948 6.077735429411911 5.7923985193033252
2.7465913470098515 3.0061527750510502 3.3205228534092219 3.6627108390203356 4.0026789775409402 4.3113131914272396 4.5643568122816847 4.745658024527228 4.8491971921374635 4.8795683891791501 4.850845098860793 4.7840153183551788 4.7033867616406093 4.6325128724900404 4.5902624155699936 4.5876456507217354 4.6259191121915881 4.696322978631259 4.781570863846742 4.8589344561728796 4.9044828437279238 4.897799414514882 4.8263619737409504 4.6887766651159914 4.496219142693513 4.2717366144798543 4.0474457148488767 3.8600442572092923 3.7453578050186644 3.7328026058740678 3.840639142671785 4.0727310989240442 4.417261696511094 4.8475569271466794 5.3248812293112948 5.8028425511848507 6.2328815199636942 6.5702156882532217 6.7795519440802234 6.8398650602128921 6.7475811795442784 6.5176264778418389 6.1820247265549275
3.0611019083450701 3.3686550127473334 3.7267610909015447 4.1058909655448472 4.4738849981262963 4.8001097021136117 5.0594664857725098 5.2355897176551958 5.3227174752590187 5.3259553134475723 5.2599279334776972 5.1460717519417472 5.009021361780932 4.8726616872459481 4.7564497526979341 4.6725614317864279 4.624300181305288 4.6060287260116342 4.6046653479043718 4.6025445826838416 4.5812083641333432 4.5255077830409753 4.4272997355659411 4.2880493791202738 4.1198087821626759 3.9443142466908041 3.790279420343369 3.6892892737075993 3.6709510838307082 3.7580812185386634 3.9626822006349984 4.2833112599652869 4.704205572519351 5.1962680061030477 5.71977991429012 6.2285223307143163 6.674857263087671 7.0152336270134192 7.2155229997704424 7.2555567334153004 7.1322449930407128 6.8607406232860573 6.473295061639786
3.4653807837809669 3.818608675523314 4.2160602483865262 4.6260721105483542 5.014865268972474 5.3508186907976798 5.6084891581446303 5.7717137575055846 5.8353033288852343 5.8050942848725651 5.6964128690225424 5.5312618336181725 5.3347220036604197 5.1311501763250087 4.9407512807692733 4.7770213441002136 4.6454181202430123 4.5434368620521317 4.4620665177449039 4.3883948692256309 4.3089433141313878 4.2131726986944171 4.0965420071725545 3.9625454457840394 3.8233061924726108 3.6985475062096782 3.6130501339966177 3.5929797769681961 3.6616708437286096 3.8355411892665625 4.1207747456139199 4.5112644743157002 4.9881000643052982 5.5206640863268275 6.0692081000106253 6.5886362949734441 7.0331254169178834 7.361138628682621 7.5403311890318037 7.5517960869690341 7.3930779133479554 7.0794286242694362 6.6429241576242504
3.9302922134682383 4.3235973559243188 4.7532095456354835 5.1859302269741612 5.5870324417334807 5.9245668857719922 6.1733173101601375 6.3177547300960297 6.3535319977774796 6.2873338576297364 6.1351888283124349 5.9195974564441682 5.6659943731186955 5.3991224544930914 5.1398631219483244 4.9029592790433041 4.6959130159607829 4.5191624793616807 4.3674594269734186 4.2321964009578181 4.1042869854434292 3.9771046135615746 3.8489563910365066 3.7246243773195866 3.6156497004288868 3.5392468458198358 3.5159787932204587 3.5665486683204133 3.7082217929809103 3.9514507422025238 4.2972283222613434 4.7355596558278528 5.2452644951442124 5.7951388700624262 6.3463547743418323 6.855870455149951 7.2805533030400316 7.5816616640658179 7.7292734577478566 7.7061874199971339 7.5107788059048985 7.158303950001633 6.6802563403677437
4.4208088226935764 4.8457848458741219 5.2982410421527897 5.7441877113701763 6.1487251732040518 6.4802890763485772 6.7144616657018394 6.8367257462095132 6.8437438557884924 6.7430250006131889 6.5511292452306291 6.2907954403257156 5.9875188493639193 5.6661403963730095 5.3479497129336444 5.0486776274726095 4.7775916502229245 4.5377369303649022 4.3272035452431012 4.1411611535920985 3.9742946841348683 3.8232121392186835 3.6883911257391544 3.5752940719389272 3.4944125726252748 3.4601828301228981 3.4889151243496981 3.5960598044010545 3.793251482184961 4.0856069668899773 4.4696983477614749 4.9325009400955215 5.4514625257659324 5.9956937018806977 6.5281659845117055 7.0087313692093396 7.3977315218143644 7.6599237579264834 7.768396029911468 7.7080734942843669 7.4783572304145594 7.0944211592249751 6.5867679192809687
4.9002352227867583 5.3463840782176533 5.8110398105587722 6.2602471213206536 6.6597417629798681 6.9790406256125763 7.1950326144390857 7.2944874992577482 7.2751124941135181 7.1450641258749208 6.9210999529571922 6.6257714274635289 6.2841780333376436 5.9208146492332236 5.5569651502224024 5.2089570989755263 4.8874294704831307 4.597605659475553 4.3404251400815657 4.1142781021783437 3.9170133716125646 3.7478564750367349 3.6088885803530282 3.5058030950320509 3.4477726141245695 3.4464108018308304 3.5139758388449396 3.6611014315720425 3.8944273552576032 4.2145155844993205 4.6143807301353297 5.0788545036704642 5.5848753587421474 6.1026789154785019 6.5977833043522232 7.033618458402298 7.3746241756004629 7.5896144758040371 7.6551566544230187 7.5586414162380962 7.3006473356594377 6.8961680330514419 6.3743162944546139
5.3345628089910901 5.7901810992422353 6.2559269190378703 6.6987168666943404 7.085694418267444 7.3880766279816932 7.5844584312920134 7.6630433296896072 7.6224816633543533 7.4712654968806618 7.2258882701753002 6.9081716410570522 6.5422576929150251 6.1517566526709349 5.7574480264663093 5.375790488828569 5.0183386140057653 4.6920203517593366 4.4001138441985868 4.1436813899271767 3.9231725529253074 3.7398977289252402 3.5970996542143245 3.5004148526255854 3.4576168580410673 3.4776568546050051 3.5691446776254256 3.738518092793333 3.9882071539001904 4.3150998125227309 4.7095573169434974 5.1551317263535781 5.6290312566642395 6.1032897112485687 6.5465403681320922 6.9262716357418093 7.2114348768977834 7.3752600637667989 7.3980938037293615 7.2700050660218594 6.9928267067836671 6.5812528844566076 6.0626348687782716
5.6962624376203932 6.1493969914333642 6.6054923097238785 7.0331186597731978 7.4015042985843067 7.684063608294224 7.8613637757287655 7.9230587612238139 7.8685249741728391 7.7061838420477429 7.4517319304253462 7.1256680405774944 6.7505797859755283 6.348627994589954 5.93956773836927 5.5395045038770032 5.1604381050743511 4.8105215134631383 4.4948701275286842 4.2167014365247741 3.9785621216547238 3.7834054852412793 3.6353149700767755 3.5397288785852785 3.5031043809395284 3.5320568225142628 3.63210757196999 3.8062503180090719 4.0535836369593632 4.3682471428019491 4.7388430738227516 5.1484413505143758 5.5751783032106044 5.9933905810266337 6.3751891792281654 6.6923716355792759 6.9185766963689268 7.0315821942350247 7.0156155563011833 6.8634846598258115 6.5782620461365697 6.1742013925646999 5.6765698996901746
5.9669424778866498 6.4063062610181918 6.8431020421067039 7.2482215503141845 7.5935151760767639 7.8549444432309379 8.0151782193604628 8.0652264951833565 8.0048986483694531 7.8421010575927248 7.5911964655326116 7.2707890367622809 6.9013507404826555 6.5030683496902499 6.0941890819628703 5.6900107075160165 5.3025319256542023 4.9406743180696902 4.6109184543252919 4.3181629477910803 4.0666099749600679 3.8604973468424006 3.7045318737280857 3.6039301108322244 3.5640386254721896 3.5895807127231354 3.6836486021305879 3.8466146200995235 4.0751575643068474 4.3615845267778761 4.6935771119478558 5.0544187745820066 5.423687550687557 5.7783452711655867 6.0941310096413037 6.3471701733872994 6.5157260302103124 6.5820265049991349 6.5340787952506432 6.367334020184817 6.0859976561371862 5.7037276882817158 5.2434551922052499
6.1385345217787766 6.554282485742398 6.9637683866459952 7.3407163124583974 7.6599700198903378 7.90023377791778 8.0462844221327359 8.0903152871849766 8.0322484772138978 7.8790529057840111 7.6432825456656701 7.3411633151526736 6.9905893539887511 6.60934485402493 6.2137695013868024 5.8179660944678329 5.4335379734966001 5.0697613195361306 4.734050047419788 4.4325553373431132 4.1707491853068417 3.9538635223867118 3.7870888543362673 3.6754777730856869 3.6235484670418225 3.6346381605938634 3.7101084084154214 3.8485421141603204 4.0450851235574659 4.2910674642815616 4.5739936289538177 4.877929573360416 5.1842536621465607 5.47269617727473 5.722576371719291 5.9141551660242682 6.0300423787822899 6.0566113101493437 5.9853648403712683 5.8141610131078387 5.5481523231871011 5.2002447406534005 4.7908685291596296
6.2129589206628912 6.597248027887793 6.9733862069341619 7.3182598862617745 7.6099035723381263 7.8298150676331666 7.9647878508004837 8.0079867022591582 7.9591478299742704 7.8239563486776795 7.612799598182896 7.3391821677646476 7.0181040672048685 6.6646543384163008 6.2929813836997432 5.9156977439064189 5.5436869800649839 5.1862194353267732 4.8512555072276387 4.5458136967774925 4.2762961211609527 4.0486876682662301 3.8685721089507368 3.74093892457116 3.6697893992267536 3.6575887385060728 3.7046476579997387 3.8085435761177866 3.963699281988653 4.1612204133564887 4.3890539036184526 4.632477014167697 4.8748749712947186 5.0987288211230153 5.2867224615860291 5.4228880761919838 5.4937321526639291 5.48930432865511 5.4041742033514879 5.2382607893366364 4.9974212598653196 4.6936671318964489 4.3448597590027118
6.2004977364532463 6.5477910459835975 6.8866295340592707 7.1972067404893565 7.4607807014858984 7.6615702515560855 7.7882278281448336 7.8346761452283182 7.8002288042119119 7.6890564977170222 7.509175483982041 7.271197846262428 6.9870848285088378 6.6690940768156315 6.3290305274204881 5.9778248890420516 5.6253947573648899 5.2807029163088757 4.9519156706206564 4.6465733169933641 4.3717044663763662 4.1338374535278426 3.9388819998497979 3.7918736649451619 3.6965952560790258 3.6551144407630556 3.6673025890665834 3.7304198004499982 3.838857239191678 3.9841147857567805 4.155059675567256 4.3384669972665106 4.5197973528868749 4.684133192476283 4.8171819153549222 4.9062618797142825 4.9412099525883075 4.915173720027525 4.8252652521586237 4.6730489888737416 4.4648155491708605 4.2115670389228699 3.9286243956267946
6.1173032287287707 6.424417146214056 6.7240046358698686 6.9995395349324134 7.2353942801350968 7.4183417181985547 7.5387004533256636 7.5909661740521663 7.5738812265038931 7.4900072314554933 7.3449520939311874 7.1464439435334981 6.9034356007691695 6.6253740371937555 6.3216998419285151 6.0015740856695929 5.6737812681474571 5.3467347362024196 5.0285125990784456 4.7268686262461097 4.4491832524808475 4.2023371022306426 3.9925012552740053 3.8248474523792648 3.7031921173238285 3.6296033533331151 3.6040188061014957 3.6239390739723376 3.6842686625848664 3.777368131811679 3.8933554325938564 4.0206559092328185 4.1467585474815278 4.2591021442650359 4.3459982160793142 4.3975009455676179 4.4061545417107295 4.3675757455442579 4.2808526959398385 4.1487525198225343 3.9777266247474907 3.777689939478492 3.5615390369293873
