_RESULTS/REVERSE_NEW/MHZ/IZ/5comp/MHZ_IZ_z_125_kriged_reverse_5comp_test.asc
ncols 100
nrows 81
xllcorner 5.5967107547500001
yllcorner 50.982328804750004
cellsize 0.00017565049999994641
nodata_value 1.7014100000000001E+038
[rows 19 to 37 of 81, columns 44 to 87 of 100]
10.760191345755315 10.633130504235842 10.513431317774355 10.40629438303173 10.312892850478557 10.230661747480106 10.15416813322675 10.076417480735701 9.990463406499952 9.891154197926074 9.776758812536784 9.650116678984464 9.518940366631108 9.39503882898937 9.292506039459072 9.225222097436468 9.204201045364089 9.2353289005794 9.317919972535277 9.444376493960158 9.601097778482917 9.770591190325796 9.934433612233457 10.076393693130804 10.184859322701964 10.253895122523755 10.282739486220663 10.274094019891217 10.231904218502304 10.159377523300268 10.05779337883498 9.926358048104754 9.763056099631356 9.566209795067145 9.336296456141536 9.077508664867908 8.798605979564984 8.512812727754785 8.236790958007589 7.988925970744727 7.787245646142937 7.6473018261858785 7.580292051956507 7.591581676887447
10.888572960260475 10.729784065815736 10.58426850400161 10.459721704713578 10.358573509787615 10.27830382833356 10.212467297750534 10.152237643497008 10.088314157784263 10.013004528036822 9.922195931965412 9.816809157332104 9.703305210017419 9.592964976325058 9.499976011161422 9.438708745914619 9.420785599319576 9.452564197944143 9.53352607346049 9.65589472386897 9.805642161373873 9.964819565816441 10.114808297121948 10.23971881212691 10.328995888051175 10.378498853496353 10.389853368579924 10.368446687232806 10.320799517638257 10.252100765477929 10.164506214500028 10.056520360421866 9.923522697601241 9.7593058930454 9.558329034668903 9.318219533861237 9.041930183449459 8.738983232084223 8.425428022109283 8.12238879895245 7.85336563862879 7.6408330733006045 7.502940332005433 7.450950618738204
11.000590443347008 10.80508742634605 10.630111676391456 10.4861594573963 10.377069523545591 10.300399176973936 10.248632281864566 10.21097519903422 10.175560317646969 10.131860467169304 10.073005079161126 9.997551283351589 9.910223399674454 9.821290968062717 9.74459833565981 9.694650420708216 9.68341953150113 9.71757485337845 9.796700962573466 9.91288037270799 10.051815142937198 10.195396087736572 10.32524593585124 10.426371204729048 10.489902379669704 10.514152250112637 10.503786067612028 10.467491908864682 10.414913068546218 10.353665010402633 10.28707407294917 10.213006102788661 10.12394969267409 10.008408563846029 9.853532817519659 9.648651344490279 9.388999234829342 9.078714814923442 8.732247887050722 8.373514290415855 8.032539167165305 7.740279733270795 7.523251181687347 7.399461448826037
11.071147828175103 10.835783602641287 10.629687568186363 10.466300029907313 10.35089177487886 10.281034392708948 10.248011989170845 10.23887251049983 10.238924837885612 10.23448541811794 10.21555081919502 10.177908166062341 10.124137330597502 10.063119262170932 10.008036324331606 9.973286150461938 9.97103336380249 10.008185066922717 10.084439704698326 10.191842026727935 10.316033039163745 10.439064306254101 10.54321992045365 10.614888321638704 10.647400871230694 10.642042655654441 10.607023035185495 10.55480176057872 10.498566337567098 10.448727539537046 10.41009188004197 10.380091248027712 10.348308553043188 10.29756021650776 10.20677791465185 10.055582314289099 9.829747612476098 9.526227523004895 9.15642941311008 8.74650286742859 8.33359518352823 7.958552620515894 7.657732678284725 7.456849371365635
11.071780862359828 10.795898480763595 10.559533103743886 10.379003358251335 10.260892510572116 10.20264160780294 10.194167557725738 10.220153591870657 10.26282388104482 10.30502301557394 10.333266119633441 10.340221726957651 10.326008847611341 10.29785812089834 10.26809395045372 10.250879097848733 10.258510504987301 10.298141601701708 10.369667524392092 10.465262740099357 10.570765495302828 10.668726668653807 10.742478856421503 10.780189941467642 10.777777631105474 10.739866330357973 10.678545934955627 10.61033397299107 10.552200008841826 10.517580089867348 10.513034212712983 10.535880292342807 10.57306408701542 10.60173595793588 10.59219833591815 10.513502413805902 10.340766703489985 10.062253570301992 9.684568095868363 9.234634050884209 8.756328867721654 8.30117823574649 7.916697665220203 7.637399199213308
10.976027518003146 10.661792636151299 10.39866927724483 10.205557664746125 10.090101518101424 10.049421945394265 10.071917491306518 10.13974664141846 10.231841092682773 10.327310873740894 10.408899013838969 10.465880350942914 10.495689953324403 10.50375308820201 10.501446525800516 10.502663924982551 10.519849950014557 10.560473392304386 10.624760799902097 10.705227982698338 10.788195584607417 10.857044774177403 10.896490358731771 10.896785882167979 10.856710384979074 10.784465504932616 10.696189559390765 10.612528486485147 10.55423765417269 10.53780996076118 10.57173287751787 10.653589730440128 10.768210975253535 10.887525371788517 10.973307240058295 10.983783132289156 10.883114584476598 10.650382037980915 10.285874836770583 9.81487888444515 9.286090042687373 8.761253149766429 8.299756528847563 7.945970757402007
10.766385160323866 10.41870717031573 10.134683977691848 9.935283006137633 9.828861253514667 9.812041531473783 9.871636235314496 9.987237163901467 10.134397829655308 10.288340898365037 10.427843914366614 10.538604945726636 10.615243545344851 10.661312073604135 10.68722466476996 10.706626207266812 10.732158303722919 10.771692483530694 10.825929871630036 10.887937044771089 10.944780624360208 10.980954170479464 10.982820351610451 10.942959434016174 10.863226332388349 10.75554481503523 10.6401071627205 10.541531290472753 10.484108475418045 10.48718785303524 10.561199948075352 10.704352467243282 10.900069882503658 11.115917015019246 11.305734735986428 11.41702833058969 11.403407908044354 11.236239954521555 10.909560906494246 10.443839310685304 9.888788833576141 9.31414071973492 8.790697199218823 8.373324807083268
10.440954473359012 10.067004704902917 9.769547278367298 9.57094204679606 9.479879533022002 9.492377344924092 9.593735615174252 9.76111646052296 9.96679488150077 10.182122849706706 10.381863597718242 10.548075096308843 10.672525833237996 10.756897655056767 10.810666797635479 10.847258149720131 10.879540761374445 10.91583736392444 10.957412191934386 10.998020765607647 11.025650503349652 11.026096116638216 10.98756585600762 10.905179775934181 10.784059503338908 10.639921272764521 10.49687317948177 10.383156005868225 10.32613228212252 10.34758971776813 10.459723161857635 10.661608296442695 10.936044046143119 11.247473134248805 11.543030995562454 11.759771125906292 11.840385878939358 11.751796986218286 11.48688244671223 11.058144207395463 10.50941022612851 9.914369665284502 9.353443541056878 8.89172817936787
10.017246225057715 9.625670581188848 9.322848770472559 9.131799900756128 9.06121452036237 9.1065104041081 9.251706835241464 9.471871720383957 9.736322359942644 10.012774726757586 10.272124701271986 10.492887811157651 10.664063154016965 10.785532188198038 10.865875162514651 10.918296911457006 10.955857958275143 10.987284285356683 11.014369232773532 11.03154987862981 11.027754839020412 10.990138581003281 10.908877025820981 10.781809621153753 10.617478469559982 10.435396590179632 10.263363005120386 10.132795975278695 10.073553007535505 10.109298687039372 10.253628861961802 10.5065356197997 10.85087501669216 11.24943218131547 11.644693895986435 11.964577220043154 12.138700991188319 12.129186216344529 11.94053973828493 11.581440923011526 11.07720483664394 10.498142852921035 9.932065250481056 9.453160046266694
9.531096999268449 9.131074933236034 8.830530298501262 8.652491037569456 8.605449871767679 8.684330466683235 8.872189401201844 9.142484595456878 9.462108652364837 9.795617744512585 10.110429281129802 10.381828202837633 10.5962866727804 10.752047908456927 10.856859552895337 10.923665544356972 10.965590079426027 10.991579544200732 11.003748920487482 10.997006887995838 10.961036860653081 10.884234327185153 10.758731313486486 10.585163591478043 10.375569916556756 10.1532272923978 9.949413223080128 9.7983207990665 9.731757695553025 9.774678725377866 9.941602245577647 10.23327324604574 10.633034603829072 11.10337229072728 11.584703364834855 11.999369789875281 12.26452608841481 12.329065986182053 12.213011793762316 11.942761807995893 11.518997486661533 10.993633198548379 10.457735662867432 9.993158298102623
9.030414007637146 8.630729378624356 8.338817004448597 8.177342219155904 8.154658094497043 8.265282791506243 8.491505943583011 8.805691973310358 9.17301097344839 9.555570861542494 9.917970329650567 10.232843941312936 10.484600126837888 10.670148927141605 10.796526735018558 10.876357622453128 10.922619550568415 10.944157606315635 10.943009289521497 10.91411016899713 10.847454655380146 10.732302703575265 10.562489566479925 10.341326787644437 10.084318127732372 9.818487870981041 9.578508696007997 9.401133790030556 9.319754996440343 9.360143076822801 9.537262472786203 9.852304330245719 10.289223921067633 10.811151418815518 11.35871626558426 11.853249527234968 12.206776359292208 12.352399208483323 12.30335057763523 12.112818529459595 11.78246805267628 11.338182509585472 10.862825475038997 10.441880979962365
8.565787700565535 8.17407343243337 7.895318874556491 7.752018431464691 7.752813896232063 7.891586142259261 8.14962582768892 8.498654523251133 8.902947591507465 9.323075427830272 9.721746954108358 10.0698301807734 10.350409537858198 10.559570622809984 10.70387573988492 10.795604267596616 10.847340547204238 10.867400781952288 10.857168902495163 10.810913747678079 10.718182813844445 10.568363544186784 10.3563791495348 10.087810837484106 9.781472551157474 9.468196742586485 9.186209380669846 8.974927256495977 8.86926812861025 8.895581916542001 9.06893115747397 9.390624850060671 9.845123934039451 10.39662848936936 10.987377620650534 11.540818574365916 11.97142396277433 12.20694446353212 12.236814991031613 12.111689469425409 11.85795391533821 11.497756762112367 11.098359938044526 10.740238462077112
8.181435056397502 7.803972120679993 7.541367147212388 7.416717715874806 7.439360934087815 7.601752199845569 7.883699011923766 8.256724050032792 8.685034269076843 9.128657189331237 9.549558828995607 9.91802264087273 10.216847869057071 10.44204836735812 10.600118090219409 10.703062655409127 10.762853223600821 10.786803733135585 10.774932292827277 10.719901356148728 10.609689131131464 10.432613876361103 10.18359350293309 9.869702139018857 9.51276713257245 9.147622056425682 8.816551410328007 8.562179632293523 8.421312078964798 8.42097481670289 8.576202797240127 8.888182670944929 9.341668370845559 9.901934117746192 10.513299854433216 11.102449528277482 11.588749446843 11.902760953273319 12.016880972674207 11.957847628432884 11.764319972487645 11.473979233055026 11.147220654584437 10.855401771519618
7.90943085245672 7.55227069077794 7.30934568917115 7.2043631712180405 7.246477911490514 7.4263787787939055 7.722968565777885 8.108019684930175 8.546097048538337 8.997540775313222 9.424843150284307 9.799129029922126 10.104216571143285 10.33703399414195 10.504598257819135 10.618852160692107 10.691027264502551 10.726990161114895 10.724608534313717 10.673782757808192 10.559412124461161 10.367011856878166 10.08981233192584 9.735128886535902 9.32731180338778 8.905550955797818 8.517145747638514 8.209047329266303 8.02084661929994 7.980752530655678 8.103914939538342 8.391293612193516 8.827706766947768 9.379248003753625 9.992118095809866 10.596050207111167 11.114603632053011 11.481906613242792 11.6633210858532 11.666613920634488 11.52702225979211 11.292566925779596 11.024423637362986 10.788240844916514
7.767408551690393 7.43790987414279 7.220315657013752 7.136777138853725 7.194512151102439 7.383980248420744 7.684946847930851 8.069506606408499 8.50251588612993 8.945352778673959 9.362392652516908 9.727191466223731 10.026061750600784 10.25798937972764 10.431252879799196 10.558089424043738 10.649005080624265 10.708079435231527 10.730260557484572 10.701387801761536 10.601415622601424 10.41075380820268 10.11857560764671 9.730570964633205 9.272809653716529 8.789326847206299 8.333929594662347 7.959741192208735 7.710714404933519 7.617243298313331 7.695025557628808 7.944806470569425 8.351225443975176 8.880787746137997 9.48098573849934 10.083739752914042 10.615337403093655 11.011883109179298 11.235804805425927 11.285132724140617 11.188784560701936 10.996103752808967 10.768615923285923 10.569427110771445
7.757373816022331 7.463077101829173 7.275950078360251 7.214683279703338 7.284412814112426 7.476739451679555 7.772709618309287 8.144509358095723 8.557560893747873 8.97529289084575 9.365475836906304 9.70576067801412 9.986459165117802 10.209780813287097 10.386058006916093 10.528287034583139 10.64642110284069 10.742588297133967 10.80817264731931 10.8236378973941 10.761886209561114 10.595412334781352 10.306239555243588 9.895802241566862 9.390568979467046 8.839900710315764 8.306144748216871 7.851293232430178 7.526070532146842 7.364675147404902 7.384131875426945 7.585064139603932 7.951589443043811 8.450056374735846 9.028450075889811 9.61972269938644 10.15131448162018 10.55970999404685 10.805269235797036 10.880864492363964 10.8105619564142 10.64162825677731 10.434308119105523 10.250239691821651
7.865893852391421 7.612711953296943 7.459099066652504 7.420551466885823 7.500755920267295 7.691627189704672 7.974436009325762 8.32159075837524 8.700071739993511 9.07677812155888 9.424509213315064 9.726615834837329 9.978767596278587 10.187418221062522 10.365669724951184 10.527771577412643 10.683436317472278 10.832896783793917 10.963564759789204 11.049368488197315 11.054020722467445 10.939001920857402 10.675515560251961 10.257316223252715 9.709199625838709 9.086020095418561 8.461047189151945 7.908669036727208 7.489697326107918 7.2444929837783985 7.1926881111549825 7.334996528138592 7.654425888216454 8.116307578087188 8.668174732044891 9.242803440773477 9.767251445853784 10.176911179501372 10.429783611654525 10.515120027550747 10.453421034244995 10.289543243260017 10.082183234473966 9.892086934132326
8.066926290210375 7.859709191811307 7.742418715675349 7.727693731775852 7.81742859533619 8.00251990392731 8.263812129644526 8.57453214885056 8.904507324052172 9.225668692965357 9.517419778298676 9.770175884729827 9.985992638717725 10.176274700397006 10.357391852689636 10.545262718750395 10.749746432264018 10.96945054682923 11.187709020536767 11.37106309410118 11.472130292961902 11.438388387757799 11.22648264557268 10.81865158374872 10.23514778747388 9.535719776513831 8.806769542941275 8.139092646874044 7.607611492425777 7.261888347718706 7.1261453467781415 7.2017142775737035 7.469528099434715 7.892569857049052 8.416865963180415 8.973926518238207 9.48906045052238 9.895207405922157 10.147310683031971 10.231332210423973 10.164946288476175 9.991126487495421 9.767558424267401 9.554740624871643
8.325202667253174 8.167739841582607 8.089273152007578 8.099003881178927 8.196193207546138 8.370010714974955 8.600935647628322 8.863893012572586 9.132932709071904 9.386527759731353 9.612013394365544 9.807817265151145 9.982924012519495 10.15394475215922 10.34066767571743 10.560891616460372 10.824967177974026 11.130270474570004 11.456218382019415 11.761464473844557 11.986018453852106 12.06090841351845 11.925384210011773 11.547261436875464 10.939256391836128 10.164074851483598 9.322215637793855 8.524567794412194 7.864366296441721 7.40356228348606 7.173348881636235 7.176707762156926 7.391423378888684 7.7764875732877 8.27536655034781 8.81739969569771 9.325012629521009 9.727536750551092 9.976139169670814 10.053465131189116 9.974819109328998 9.781935023300768 9.532213734466335 9.286550366083613
