_RESULTS/REVERSE_NEW/MHZ/IZ/5comp/MHZ_IZ_z_1000_kriged_reverse_5comp_spherical.asc
ncols 100
nrows 81
xllcorner 5.5967107548124995
yllcorner 50.982328804812504
cellsize 0.00017565037499993607
nodata_value 1.7014100000000001E+038
[rows 36 to 53 of 81, columns 40 to 79 of 100]
0.0017731701639812267 0.0010526394569072722 0.0005808921649186926 0.0003248624897579076 0.00019282758028040808 0.00011753209940890254 7.601700123043568e-05 5.504438668994343e-05 4.601496590850185e-05 4.33941745347355e-05 4.393939293256904e-05 4.581066162512293e-05 4.788856997312319e-05 4.8818941137570605e-05 4.3774918295408984e-05 3.315636964603178e-05 2.2382760472186525e-05 1.3742244300645714e-05 8.06835779862668e-06 4.752303650629596e-06 3.1589791574546846e-06 2.3823189093200975e-06 2.026244021938142e-06 1.9329101924369164e-06 2.047567013669916e-06 2.3462110557795304e-06 2.93485974284045e-06 3.941922949596658e-06 5.385007222033718e-06 6.906959820786862e-06 8.002202549482502e-06 8.162421808415256e-06 8.111137095812766e-06 9.908004249290343e-06 1.327335474585512e-05 1.4871717739681977e-05 1.3271153058771487e-05 9.715169181283133e-06 5.969111022184141e-06 3.0533238302631925e-06
0.003267911154322883 0.0020344421566943337 0.0011858694330804732 0.0007059104996211481 0.0004516462556447647 0.0003114585639530525 0.00022984750359607623 0.00018598962498213292 0.00016669913794372775 0.00016237927527288542 0.0001657135595222085 0.0001708298928816388 0.0001739036499262964 0.00016868192413930586 0.00014366829328705692 0.00010270966223358807 6.097201690946502e-05 3.129825184248586e-05 1.629785282011595e-05 9.239929178117561e-06 5.8896382351044716e-06 4.213384768210983e-06 3.3694453789491893e-06 2.9951048086497924e-06 2.9108291264654443e-06 3.018439495528671e-06 3.3265238802357687e-06 3.7276878817232783e-06 4.0930700938278846e-06 4.19125477495483e-06 3.854315521844413e-06 3.0623979914671977e-06 2.053297100747465e-06 2.82640946472682e-06 5.0901930892734966e-06 6.735466419873662e-06 6.55474108639507e-06 4.980973305826805e-06 3.1618293087917932e-06 1.7408221504553503e-06
0.006084432660389768 0.003985767942103668 0.002454247012529443 0.0015507709289533423 0.0010532832881776921 0.000787575588672724 0.0006553344083874011 0.0005890508633250693 0.000574138312363993 0.0005955688746777238 0.0006312403387812045 0.0006515596199781353 0.0006391657881673715 0.0005764880182788043 0.00045384847356969666 0.00031404332190114817 0.00018092645490494838 8.247342158254948e-05 3.742202577350675e-05 2.042039922553691e-05 1.2353264854208582e-05 8.249392709864817e-06 6.062883661832568e-06 4.888335229568233e-06 4.332907328206157e-06 4.110009523391641e-06 3.870055716222239e-06 3.5903386306275315e-06 3.3094717239417535e-06 2.9554553918275707e-06 2.538745478135673e-06 2.028913771477722e-06 1.5668840917427469e-06 2.0545400886281267e-06 3.454232979827249e-06 4.564574522676958e-06 4.53731487727743e-06 3.5059245117079512e-06 2.2532684184625076e-06 1.345985984143682e-06
0.010914882501053238 0.007658511186090575 0.00506502571626936 0.003345223711108322 0.0024071359352693784 0.00191061490958459 0.0017130520116538845 0.0016927306204434956 0.0018010368428558778 0.0020382741790333186 0.0023636948854552837 0.0025284377055720796 0.0023675878459905007 0.001972465011831026 0.0014353514502754411 0.0009298603434180943 0.0005249868346784391 0.00023750781216583133 0.00010161795525549733 5.101871500211941e-05 2.932075926726168e-05 1.8275733927205824e-05 1.2244956586138692e-05 8.826587649454204e-06 6.934732396578183e-06 5.560055419468084e-06 4.447322803589546e-06 3.536042356409969e-06 2.8565288748983555e-06 2.433534757530019e-06 2.258812083256915e-06 2.2340331980183413e-06 2.3881425078362695e-06 3.0018883934263987e-06 3.994027967154859e-06 4.598406893915719e-06 4.2391964401407995e-06 3.171414169333959e-06 2.063766083349655e-06 1.305534378754375e-06
0.01776319005718885 0.013426758899023013 0.00971262270617864 0.006892863987453191 0.0052364286270663385 0.004342153920404424 0.004030782573193152 0.004254888057177311 0.004911039937958724 0.006284976539660556 0.00852739143722936 0.00972369757113802 0.008216491261609794 0.006313442840761753 0.004345984114926517 0.002683651071717006 0.0014566216653483792 0.0006771855408432158 0.00030367562221677186 0.0001371173769275006 7.088183961579544e-05 3.951050985477803e-05 2.359204070324453e-05 1.5067384810213938e-05 1.007658035540258e-05 6.8795577770346595e-06 4.650216547279325e-06 3.162964878028601e-06 2.3107736001166452e-06 2.0128534478068057e-06 2.329617514631028e-06 3.1762962128403344e-06 4.3176820994133865e-06 5.580904923470373e-06 6.449554381441908e-06 6.273047740186093e-06 5.028199428460935e-06 3.4949920119783183e-06 2.264020439396293e-06 1.4699282261144966e-06
0.02612426361990269 0.021386898119791546 0.016769186385075515 0.012731984302874182 0.010247859515977563 0.00888698614326039 0.008449843209241388 0.00918177133919018 0.011370261510527668 0.015484168931382504 0.022896372899254377 0.0279527259442531 0.022768451229798516 0.017431860398121776 0.01199622788304984 0.0073534642055009085 0.003936262933074723 0.0018227854640625316 0.0007995755019770633 0.0003385496464183003 0.00015232753228496793 7.610194467473788e-05 4.075092052826841e-05 2.253480482497401e-05 1.3055640959467698e-05 7.963673089053997e-06 4.844480756753489e-06 2.960505275046226e-06 1.8765856736173233e-06 1.4945792169215183e-06 2.4853359880588432e-06 5.234371809208568e-06 9.320687549981025e-06 1.280082373234447e-05 1.3104711708496452e-05 1.0630998459989307e-05 7.3294861790685316e-06 4.590838628672834e-06 2.796830215263084e-06 1.7661789232726576e-06
0.034625908364595566 0.030672468154204543 0.025762142182776882 0.020878429507816546 0.01768095280388932 0.015753862183539323 0.01529382884352559 0.016903486306693586 0.021189836926286048 0.028522805335690158 0.03902525871510929 0.047192971849905 0.04681286594848125 0.0399263562501195 0.029346223315670335 0.01827329585243184 0.009249437806213375 0.004193523800414526 0.0017800894035356098 0.0007209840260711237 0.0002894938274592409 0.0001279757169256596 6.113305414630272e-05 3.096565846445132e-05 1.6882199426195e-05 9.992456109835664e-06 6.106679145107785e-06 3.7800045526298336e-06 2.3619777384271544e-06 1.491340570209975e-06 4.191366536145926e-06 1.2581979356108128e-05 2.691087933250999e-05 3.783499655037909e-05 3.467376086606876e-05 2.2700960866451007e-05 1.246691437498666e-05 6.678053211280805e-06 3.675530911712029e-06 2.185528923751773e-06
0.04080848919082649 0.03844739196808267 0.034496089901350994 0.02978789751934461 0.02620316338699456 0.02381802398079738 0.023483555650186203 0.025796928625538142 0.032071501539012504 0.04183941482580756 0.05554048127993929 0.06999069283663659 0.07907733014198329 0.07732844407576256 0.060605823133021194 0.03696135848679641 0.018032230292643933 0.00810718600248223 0.0033501700789111536 0.0013080844384366316 0.0005064873359930352 0.0002078470941224161 9.089367346815335e-05 4.3538229026190715e-05 2.319893550388027e-05 1.3927952488473714e-05 9.23234228566954e-06 6.651402431837298e-06 5.576439736854406e-06 6.6780694036619865e-06 1.5480376221405948e-05 4.7781039956855575e-05 0.00011507145761386706 0.00015699385852328983 0.00011699703205175508 5.847887556707881e-05 2.4585113852619904e-05 1.0199526487329795e-05 4.831766861689699e-06 2.6906494666666244e-06
0.03964909667386189 0.039686594620086404 0.038275337634327465 0.03574043634779047 0.0331283434938745 0.031067524134006496 0.03023049041788347 0.032185724332686204 0.03919685378953527 0.05178031919447186 0.06924341618089963 0.09187578867614622 0.11540496886073412 0.12283613675113851 0.09895843945246753 0.06086505085873767 0.029418991832776634 0.013081035694271792 0.005252426195146091 0.002054460872897764 0.0008377696104264025 0.00035541157792103896 0.00014763784978837248 6.784450033712779e-05 3.571108667120506e-05 2.2040363443703714e-05 1.6211140140077112e-05 1.4229820219812883e-05 1.612132027356098e-05 2.650657895997899e-05 6.854140927905445e-05 0.0002342374899659049 0.0006907591751696789 0.0008775056700559453 0.00043476891918153973 0.0001466522151127836 4.715380728999359e-05 1.6234930115591433e-05 6.414457344107335e-06 3.214768948049772e-06
0.03035382156691733 0.03234366103038735 0.03417146641158474 0.0358391027461701 0.03667082990421637 0.03475874591884158 0.03189921676688905 0.03190531038339217 0.03789841964828293 0.052221973330294644 0.07509758267864486 0.10716708469071955 0.1434940856342604 0.15824291172065139 0.13277679235013568 0.08443896645290774 0.041524246843741335 0.01804334673509714 0.007399404386723135 0.00303069436108322 0.0013143211097666363 0.0005844637179764368 0.00025395824555750823 0.00011455180907342739 5.978219370560925e-05 3.7959946332938465e-05 3.018712256048642e-05 3.097376566518112e-05 4.219757031216775e-05 8.108545735462057e-05 0.00023156511087054737 0.0009327657009589644 0.004415256305871343 0.005465532521417738 0.001243704717886481 0.00027621534149770155 7.174560387120059e-05 2.242107319560733e-05 8.40237483838748e-06 3.910299475134562e-06
0.017476441448243347 0.019681815967773707 0.02336372256651066 0.02979084665185498 0.03570747868493008 0.032838561702995005 0.026024395382808267 0.023528703128899993 0.027751344117707143 0.04142905352048167 0.0672345179795896 0.10624603515216594 0.14603163291324733 0.16863672024185647 0.1491888701054912 0.09994982488420989 0.0522260666633885 0.0232053848050071 0.009559893792529833 0.004117430088730995 0.0018983032816451615 0.0008834537797768682 0.00040947837483787077 0.00019247073104066524 0.00010324047599659264 6.660224680066208e-05 5.510282949072165e-05 6.0752206704723864e-05 8.873394956161135e-05 0.00017322834547465687 0.00046337963498072906 0.0016355012564935134 0.006391349030750138 0.006792939353252481 0.0014431469771623653 0.00030049773019266755 7.593731248178158e-05 2.4275517442645816e-05 9.724326128244978e-06 4.730249893138889e-06
0.007214206575773273 0.008277382507473483 0.010988355364105367 0.018509918310302135 0.030633869792378036 0.024483200519027037 0.014064621544617146 0.011452754888157272 0.014423847119450833 0.02501196111614416 0.04826726988735507 0.08465468978908813 0.12295991098409059 0.14959517495965116 0.13957684474227022 0.09634073084873147 0.05363281942017439 0.02503788740319687 0.010748959588232207 0.005046494248022813 0.002455498312349855 0.001193611240468416 0.0005882070270436945 0.0002856509799739744 0.000160801249136322 0.00010990977933898098 9.434435484978752e-05 0.00010395920546821568 0.00014765515110849026 0.00026163372863913513 0.0005565801481385008 0.0012737281295704807 0.002290090224263496 0.0018892068481745066 0.0006856425863042149 0.00018611152711479914 5.499568908177144e-05 2.0407080196743773e-05 9.624223387770045e-06 5.49210194664176e-06
0.002080625462143705 0.0022470773925153693 0.0030171955028938336 0.0058544537813677855 0.018267443612112858 0.008937575628454054 0.003562267895765221 0.0031858068859790555 0.00511148056360505 0.011449200723168181 0.027089793536264332 0.05457229837899617 0.0877073502004915 0.11291490136294119 0.11079540013262744 0.07885921091505349 0.04446275535795767 0.022436062632615234 0.010826826025906771 0.005494311996217566 0.0028060599290426294 0.0014135057127950311 0.0007260349954391925 0.00036142039048807335 0.00021000682116708672 0.00015002282765208116 0.00013486744194232835 0.0001504154874807676 0.00020126046447504334 0.00031194729561405247 0.0005101343043577752 0.000772041476666855 0.0008636642136788236 0.0005839459546468493 0.00024699544626370916 8.249555099957044e-05 2.9696065837827796e-05 1.3694781524979807e-05 8.018472495919642e-06 5.4551360065508095e-06
0.0004655354638379986 0.00042703346185373793 0.0004717812263292495 0.0006302362133549519 0.0007918753879332961 0.0004690300006509249 0.00032324857762478735 0.000514572449114196 0.0013355587578223684 0.004300328269762488 0.012617292599267268 0.02990965762371808 0.054826598091344075 0.07598756057716123 0.07951623397618873 0.06282640980194586 0.03802644688268115 0.020332576771512893 0.010474344671064829 0.005479104193749023 0.0028336436890793256 0.001451719672843096 0.0007567621661937926 0.0003801140280476206 0.00022499706786849351 0.00016656659965725562 0.00015560289403762807 0.00017429143835737704 0.0002224414919634557 0.0003037758675726972 0.00040653842404461 0.0004654980109495887 0.00039037692438706245 0.00021951463835205744 8.730840857044e-05 2.9454317279129113e-05 1.1880287036010379e-05 7.168415268285746e-06 5.615392021159316e-06 4.7836569739614215e-06
0.000100247406642764 7.6715995738649e-05 6.315091351565554e-05 4.9796999388602374e-05 2.8983847956020108e-05 1.1534793916785759e-05 1.6355678302957027e-05 6.959577596543678e-05 0.00032680674043784923 0.0014997572767048977 0.005421699366375659 0.015106153479099278 0.03196388290148518 0.049696705762937714 0.05816812077615234 0.05164743401115503 0.03429238934286112 0.01918924000144307 0.010166676762170276 0.005260317529730861 0.0025873724196396348 0.0012860590533977946 0.0006575592856899407 0.0003258836316976535 0.00019481460554548137 0.00015022362511272114 0.00014682052714770822 0.00017020700507479046 0.00021589783611596091 0.00027407586067131875 0.00031654133011889293 0.0003023674854911205 0.00021274419404636996 0.00010308541197621885 3.536116116724356e-05 9.741252892809369e-06 3.733334001092993e-06 3.4596446417585798e-06 3.905087767123982e-06 4.147917674182667e-06
2.4523714121366576e-05 1.6705701282975145e-05 1.1408373004880496e-05 6.992687065820866e-06 3.309519835284537e-06 1.2578223474686853e-06 2.5068737285698313e-06 1.6402140810754607e-05 0.00010614077398670702 0.0005919939997125303 0.0024506131839473425 0.007669372646935277 0.018269028550453738 0.03292668579588221 0.04565378128586093 0.04240743638075789 0.03150739020150644 0.01897615940259465 0.010161556818012724 0.004971958785088938 0.0022256684470771575 0.001000892557681217 0.0004709525045925304 0.00022406082079220893 0.00013448323790929764 0.00010924492053570592 0.00011583658360979769 0.00014768829191751104 0.00020000372219629433 0.0002552796324769251 0.000277699650017382 0.0002386595362124932 0.00015125342964447333 6.841494787514875e-05 2.2008470684214772e-05 5.1738554923515725e-06 1.4682338929575035e-06 2.4274024787081265e-06 3.3927694994166343e-06 4.001117266795224e-06
7.825437586309141e-06 5.2219691134286125e-06 3.4661854272519395e-06 2.207041023826382e-06 1.36860371783176e-06 1.0964438508934296e-06 2.0857067577471848e-06 8.986733123256938e-06 5.357411155933256e-05 0.0002949569076915726 0.0012448680289450576 0.004013722708443162 0.009899768506492363 0.019102415414947903 0.029431709736186844 0.030721180702854973 0.027816113334670788 0.019718476375673033 0.010678990218451439 0.004651947785409655 0.0018075285886052122 0.0007126593074471856 0.0002874875241671985 0.00012301409011651534 7.279152790369048e-05 6.325550102835752e-05 7.826797888126899e-05 0.00012039207032399433 0.00019129963241389596 0.00026697263813161345 0.00029506146468583755 0.0002457911318308417 0.00015028877252746848 6.83085465380571e-05 2.4386910687053027e-05 8.055110173697712e-06 3.770408082784618e-06 3.5397905487689056e-06 4.10824294735736e-06 4.4989023769569105e-06
3.5647015694189823e-06 2.533346696019821e-06 1.8021244380441376e-06 1.3277079286635391e-06 1.0978268113901184e-06 1.2430305062962732e-06 2.418655172158172e-06 8.157011885708008e-06 3.910857408917278e-05 0.00018376992756190995 0.0007201719273104215 0.002201420191760121 0.005138241682321097 0.009480158657354302 0.014589921519001793 0.018827168102502168 0.021787969817501585 0.02153637619199432 0.011836459973423918 0.004091055197956291 0.0013547477051625287 0.00046639434542483996 0.00015738457170271736 5.732262818183801e-05 3.06275977558716e-05 2.8783352819966275e-05 4.6488007168505555e-05 9.858795172645173e-05 0.00020461910545683832 0.00033624263330247535 0.0003955727876169694 0.00033071194474149047 0.00020222873799338032 9.647564057039364e-05 3.978211985889952e-05 1.6980824337957063e-05 9.041991692903237e-06 6.680584853783338e-06 6.003649104236685e-06 5.551152543929856e-06
