_RESULTS/REVERSE_NEW/MHZ/IZ/5comp/MHZ_IZ_z_355_kriged_reverse_5comp.asc
ncols 100
nrows 81
xllcorner 5.5967107547500001
yllcorner 50.982328804750004
cellsize 0.00017565049999994641
nodata_value 1.7014100000000001E+038
[rows 19 to 37 of 81, columns 43 to 85 of 100]
23.64198008126244 23.150416095262578 22.658636970360597 22.187627268335305 21.749069627915354 21.347229451243894 20.982434141127904 20.654746087693184 20.366685251847347 20.124380566634592 19.93711892608637 19.815729667895162 19.77045199932715 19.8088512320896 19.93409560035129 20.143712940436796 20.42895106686437 20.77478367176094 21.16020993180155 21.558828643145393 21.94091841285046 22.277561389635476 22.54517996989658 22.72901187209819 22.82535525896127 22.842532050230176 22.80027317524704 22.727431680330483 22.658283231965928 22.62786937701081 22.666873351394827 22.79652267038071 23.02407796988315 23.33956082788438 23.71443033286051 24.10295448998641 24.446983353871815 24.684408414420272 24.760507447728568 24.639887124794576 24.315708866890976 23.813275706957967 23.18705365966353
23.733687159623283 23.22810278107112 22.728312980874364 22.260386671821195 21.83973625948688 21.47216298252751 21.156891170877078 20.890302085491623 20.669238893612395 20.493166018292445 20.364949274143697 20.290427840967507 20.277162367599836 20.332734038333797 20.462835258468182 20.669322623233015 20.94845399638839 21.289472808388346 21.673620655178013 22.074259228420836 22.459304073443366 22.79587959104722 23.055623629660023 23.21941762823167 23.2809753436354 23.248673433620567 23.145068709509506 23.004036403212456 22.86599579195222 22.771969732857414 22.757254305146734 22.845426573789997 23.043420052044176 23.338393028995768 23.697028982659333 24.067843373631437 24.387044786039123 24.5881244549069 24.6142319657456 24.43080005017254 24.03473406397557 23.456867806229706 22.757125650868765
23.779879091480215 23.2462084825001 22.723261926972373 22.242927112408317 21.82500899128025 21.477414943457916 21.198788532180615 20.982373342426687 20.81994980775117 20.705002197344015 20.63466995207271 20.610394375343365 20.637401345003937 20.723237905015353 20.875574772626585 21.099515356331956 21.394733550729693 21.752836503611256 22.155573383282487 22.57490979124606 22.97573067141683 23.32078318649806 23.57673164643699 23.720235344611268 23.742929908116782 23.654115084654798 23.480336881347576 23.26182619673173 23.046485143119334 22.882488601113167 22.810587981572876 22.857104402412997 23.02855626107937 23.308756667055146 23.658918365683988 24.021077075643863 24.325152902221827 24.49970697088638 24.485341856534003 24.24802170892918 23.788364523061254 23.143196843311 22.37826059916576
23.743991989514022 23.167083120836384 22.6063411742946 22.100220621323256 21.673476616469216 21.33647342300211 21.087468381394856 20.916686055216186 20.81095880358387 20.757937262086934 20.74919880248244 20.781905651403868 20.858925795913514 20.987505678090013 21.176704023114677 21.43391889489029 21.76100318071584 22.15069766938936 22.584376468320283 23.03208548637115 23.45530556981156 23.812170677420866 24.06440710841752 24.184806078161465 24.16356254584473 24.011773554130897 23.761028868043923 23.45906592242915 23.162407479315522 22.927381495787458 22.80092151848935 22.812409443456033 22.967793246158053 23.24700021577474 23.605040328417473 23.976711562725363 24.28491900867458 24.452573112287894 24.416962376792004 24.143739252953868 23.636414706064222 22.937518997861623 22.119838048329928
23.583276121954206 22.947823785406257 22.33622622788213 21.7941940858517 21.351832749653713 21.02206516921893 20.80261493895027 20.68036547821729 20.636782119764124 20.653231772590775 20.715289189092058 20.815412641921903 20.953675245537216 21.136524595942127 21.37379746305678 21.67445821829989 22.04181129754616 22.469231946211487 22.93754242985865 23.414865498960243 23.859341547069306 24.224717246931604 24.46825830423367 24.55957124470962 24.48820030901681 24.267863845509666 23.936014424559797 23.548686019880705 23.17176157900529 22.87037185415743 22.698093992355133 22.687488960800213 22.843622719857525 23.141910206395412 23.530459078990567 23.93620925304183 24.274484879304605 24.461915615191703 24.4316670206057 24.14802585243182 23.61610964103634 22.882863570351496 22.02783715912473
23.256075936463404 22.547712355891953 21.874758385857586 21.290696527787485 20.831152039457116 20.51144645397239 20.32832340241762 20.264640720069472 20.29563002615124 20.39539915414992 20.542523035654074 20.723816632643096 20.935727488417104 21.183196046987536 21.476243223304593 21.82494094593007 22.23381349050217 22.696949697847007 23.194956157854293 23.69451111870393 24.15103639603039 24.51472425338578 24.73939508095938 24.792525835391796 24.663945168936095 24.37070698268739 23.95659974318927 23.486238325040727 23.03505834572332 22.677163027192186 22.4728581770337 22.45769470166058 22.6352947976393 22.97582385598901 23.41991135162558 23.886358319723794 24.28277543019817 24.51927805985357 24.52437046610844 24.26001997566301 23.731581300847026 22.988728487333063 22.116052145709638
22.73264886222908 21.939267678771262 21.197939984467936 20.570105202890936 20.096764381751782 19.795230162061845 19.66062596761636 19.670903892336153 19.793941659388118 19.995278638656657 20.245103725101853 20.52326958621549 20.821474176024555 21.14230061569659 21.495411680762267 21.891776194276748 22.337280601819444 22.82719070252643 23.34259900534103 23.849647642798878 24.30219612986103 24.648281008924027 24.839780572349046 24.843419124387356 24.650334118399513 24.281447574218127 23.78692242166372 23.239651364926615 22.72422843518417 22.323413483459717 22.103914146194086 22.10368129606649 22.32399195058606 22.728911955634466 23.251257404112334 23.80195432705072 24.28144695801369 24.593761509277222 24.662735363022207 24.447395413537173 23.952060606156444 23.22733646429329 22.360700764169632
22.00726819008082 21.120627071916882 20.308273687448867 19.639288546686245 19.159532800351293 18.887716007535747 18.81666059012681 18.91855553823434 19.152812544216946 19.47503920219415 19.845534875149564 20.23573074416912 20.631346036173927 21.031736496204722 21.44575677404074 21.885251788632644 22.35783754339776 22.8606306347792 23.376136574600206 23.871168118442085 24.299545520364262 24.60892013391153 24.751035375821907 24.693409679883484 24.42948513935402 23.984307626307398 23.413941647005533 22.79865076736262 22.23132021066258 21.802752207692112 21.58537208479335 21.61842960016304 21.89953928766864 22.385765992001183 23.00216711154026 23.652766146019502 24.232214682656252 24.6396761777141 24.795007713370982 24.65418175686593 24.21944859938886 23.54048104513189 22.70522037070854
21.107887977951034 20.12533561114836 19.24440219125363 18.540887305475987 18.064649465689815 17.83512160774496 17.842247192486443 18.051801728065563 18.413879187761918 18.873057214269664 19.378475068871744 19.891875913919275 20.391937803428625 20.874076307680852 21.346039972693216 21.820660743556186 22.30774101700612 22.806978061311145 23.303282109719557 23.765439220368815 24.14885995291372 24.402661391669238 24.480283422061223 24.351524232822946 24.012937903911016 23.493581876415696 22.854393748156383 22.181515116873747 21.574957689743297 21.132964453284586 20.932792036069635 21.013308393819905 21.36674518224277 21.942388854146053 22.65814679791198 23.412872106595415 24.09759322453212 24.608596200302692 24.863136230580736 24.814598742729626 24.46252824675475 23.853916289840097 23.074549287870695
20.099132823182444 19.02506249047668 18.08348396678592 17.355441124069554 16.893711004551097 16.717794104295777 16.81430342651443 17.14220083131942 17.641839863648485 18.246243120786083 18.89274285553125 19.53271339931284 20.137222091875348 20.6974044568453 21.219842869215064 21.71856711893706 22.20600736635206 22.685088594406825 23.144006397852625 23.55468460681768 23.875567091029808 24.05884181433567 24.06118214548881 23.855829699435382 23.442922312649024 22.85505995336794 22.15660972615263 21.437602846427403 20.803570455927847 20.35944037343616 20.186449157367615 20.321331110776107 20.749208999828287 21.411199100582056 22.219299012407596 23.069518158570077 23.851945536829966 24.462472249571427 24.81764018982948 24.8692288780297 24.61391709797553 24.09462860941911 23.392524350201004
19.07595772160329 17.92259624343719 16.933807705905235 16.19406317055245 15.757922589119577 15.644294095472786 15.835956038242232 16.28479134440434 16.9215085933076 17.667888823365697 18.449795726360797 19.208513545987323 19.907737672963155 20.534572427171728 21.09471664466291 21.603715650962858 22.076990214224875 22.52114272280657 22.928256847716632 23.274197924055734 23.521429377306102 23.62627119043972 23.54957866167771 23.268640212144547 22.787215187326545 22.140776161776476 21.395707900916825 20.643803950083417 19.99348007755447 19.55411990245522 19.410163603014077 19.595982849507223 20.088890209562855 20.82207690710725 21.703433088886857 22.628638659892133 23.489501356957398 24.184032130048497 24.630124033752384 24.779249629918766 24.625503403631555 24.206873412986297 23.597926707307554
18.148990660169407 16.9364957257446 15.919319513232535 15.18341078600674 14.783943653610427 14.738349642057887 15.024725639257902 15.587656575543818 16.348925024948592 17.220401503616237 18.118013262917167 18.9744174059443 19.74719845227277 20.42043676206366 20.999679127646136 21.50245238091168 21.94743337120445 22.345077401155734 22.69155069027416 22.966930358730387 23.138027386387897 23.16559398708916 23.014813577696984 22.666887774307366 22.128715717282134 21.437845419822416 20.661577304674104 19.891559535316105 19.23536427669251 18.802526750413204 18.68028077741433 18.902948934838214 19.440345115706524 20.218671146383453 21.14438246097045 22.11527965319478 23.02693340698209 23.781465955908253 24.299946828907643 24.5348867333178 24.478389493638694 24.163187904681052 23.65599668616259
17.426099606402406 16.182258343825044 15.160961581307216 14.447579821075122 14.09638239524717 14.12181240506403 14.496111185918231 15.156684027480452 16.01786485037511 16.98391190294127 17.963450652889605 18.883127226498537 19.69674893447067 20.3872289946986 20.961227203550088 21.43891982138249 21.842420160311 22.18590443167662 22.469335586828617 22.676645046553663 22.778559907588473 22.739704163605943 22.52883975242069 22.130128182819504 21.552522892625028 20.83456146785744 20.04331143771293 19.268176123886676 18.611288295866864 18.177813637250008 18.06147751337291 18.30228659988219 18.859158375518398 19.650491572291127 20.586052424504423 21.568984514227854 22.499954829744738 23.28627900307905 23.85341407341733 24.156015240220846 24.18491957361855 23.967760245410197 23.56290041818388
16.99548642772537 15.755103248263358 14.759452905607143 14.090910391963687 13.800228474758505 13.896518812268976 14.34549866443691 15.078505192213578 16.0045560383881 17.023130356231842 18.038888680322394 18.975994157857517 19.78779630939183 20.458747608611493 20.998444909675722 21.43060734631135 21.78089395128842 22.066764273382898 22.291206100273282 22.441017745564448 22.489663531268565 22.40424562989292 22.155492141548947 21.728770056951692 21.13336992724999 20.4073248859946 19.61604738400552 18.84412390529332 18.182206091496557 17.72571317755519 17.586983518451532 17.828554075225398 18.387214886848234 19.162571256625498 20.0739627451928 21.03582313197103 21.955405376721416 22.74548941137985 23.33634480958588 23.685415434921552 23.78292935994107 23.65190579090327 23.342536174726657
16.91364967020729 15.717035191576779 14.781091499159851 14.18203325586238 13.963327434054035 14.126531386287864 14.631485808759892 15.405401111593575 16.35421275085438 17.375467793395213 18.37352169556255 19.274265129515843 20.0347501208321 20.644408110699448 21.118059028480427 21.48401978765651 21.771511303765013 22.000551065788116 22.17594570319251 22.285827989023684 22.304591053598553 22.199730813199466 21.941605748246324 21.51432395735224 20.925174930063918 20.209798059746433 19.430724165189318 18.66681482809487 17.993835548382787 17.48815129806596 17.28436848903528 17.498139984577158 18.046480608441577 18.786754250251263 19.6466889886655 20.55945580186811 21.441475625522166 22.211003402292583 22.802890309970138 23.177469938181524 23.32479258263121 23.2638997385669 23.0374988660692
17.199379950674793 16.089125475081136 15.247443057285073 14.740897083444215 14.602642216361 14.825900890701293 15.365618473992987 16.14627390756061 17.072549184557634 18.04285865822925 18.965244971477112 19.772141971594152 20.42908414687233 20.934349534188698 21.310445228256704 21.59131106645656 21.809572229751613 21.986806444059376 22.128089271244637 22.220960552005625 22.23850660587027 22.14608425451502 21.91087165238447 21.512735541699413 20.954078678965494 20.265842947106126 19.506867682623536 18.753193300260435 18.074096023858306 17.524594833562052 17.22827085296315 17.356094426682862 17.855189571337725 18.54065993705144 19.329949331639405 20.1735207978138 20.998746828367377 21.729353474838636 22.304174849722557 22.686075176982772 22.86506156368226 22.856824894764447 22.69757482216832
17.834141612045393 16.850901199164106 16.134198114495625 15.73843304916013 15.685433874356677 15.960180962607856 16.512798569458244 17.265437932046318 18.12306959011564 18.988035479335586 19.776580843150054 20.432948247958954 20.93609446663257 21.29688500207896 21.54769326301708 21.728787497689304 21.875746057597066 22.01044987458817 22.136458422224862 22.238579978446502 22.286186175185858 22.239842403755542 22.060650641663806 21.72113537907213 21.215697922548777 20.567938828955434 19.831813021127868 19.083380774298583 18.3990851760823 17.83255798453869 17.464956516875763 17.45966210738269 17.83863453941687 18.432504154288836 19.13485084622206 19.897023143629642 20.653995979431127 21.334203575211113 21.879624048405592 22.25499087855895 22.450139357625467 22.477936450291317 22.36919050545226
18.768191738608177 17.947120506957063 17.379929748620913 17.107619373605985 17.14056992244995 17.45540135455819 17.997014491689864 18.685551091207905 19.4281668581342 20.13481411162783 20.734899423084546 21.189649081228726 21.495781155034315 21.679654459178956 21.784897881500715 21.858216460999767 21.937303567285348 22.042859440822127 22.175023460102192 22.31370568512997 22.422243327851017 22.454006355166772 22.361542381841566 22.107434708368075 21.675380390526797 21.079133957105668 20.36605999692167 19.611855548888315 18.90367213067079 18.31364482588372 17.90151146257893 17.77289210657999 17.991584971193568 18.457054014635602 19.05801967798773 19.733124387636515 20.417686973510644 21.04278664863318 21.55241853638789 21.912356561426346 22.11197110389989 22.161720666880782 22.08809206312294
19.92968992289898 19.297213521320526 18.895705483029978 18.752128603565684 18.865231029142727 19.20303246839031 19.7052568684851 20.291245891665696 20.873246300466793 21.37315979192272 21.738368388381833 21.95128280815087 22.029286695752752 22.015702319794464 21.965675133799813 21.93173087554416 21.952461718705283 22.045758996301608 22.206440328176985 22.40747775945966 22.604151130819822 22.740787137660092 22.759785555195034 22.61234279512023 22.269913357398632 21.734726674892883 21.04609960538955 20.278084275462128 19.525588744268656 18.880235468904903 18.41091821438821 18.18438152213588 18.257001489864894 18.586675114094145 19.08163399128925 19.670633729825987 20.28503621910171 20.85629158739412 21.32914752227483 21.669561389900068 21.866109817765796 21.92719486367151 21.87598371832148
