_RESULTS/REVERSE_NEW/MHZ/IZ/5comp/MHZ_IZ_z_180_kriged_reverse_5comp_spherical.asc
ncols 100
nrows 81
xllcorner 5.5967107548124995
yllcorner 50.982328804812504
cellsize 0.00017565037499993607
nodata_value 1.7014100000000001E+038
[rows 0 to 18 of 81, columns 0 to 43 of 100]
46.064608443039305 45.694782691810786 45.3993950646686 45.20401859711416 45.10518140442381 45.06057753240727 45.08871527090695 45.17960453676048 45.29753210894346 45.40127905428075 45.471804268433026 45.48314082070816 45.41112995842651 45.236527559254064 44.93410817884986 44.49170822503481 43.903078831285804 43.16504197152386 42.27725890566628 41.241562292053494 40.060923422421816 40.3508534155996 41.39168468276921 42.34067227999181 43.2319598077539 44.05102226302039 44.76009132264826 45.37523136718084 45.91037212740949 46.37832019359365 46.76448859371718 47.04910699488625 47.242482855590815 47.354161934964516 47.392567622058415 47.36657589264519 47.28453133432636 47.15390374738487 46.99427476736317 46.89206190205514 46.864218180543375 46.894964276779284 46.99464790744107 47.16985875449555
45.76366696026491 45.35896996849971 45.021166323421056 44.77911779294811 44.64531950541798 44.603020877165356 44.69516279024705 44.90124217456045 45.15282986141682 45.393442421245226 45.595225945855525 45.72358199773963 45.73872433999968 45.62206371221454 45.365645533567815 44.96483040984051 44.41766678566575 43.72967340739513 42.91978359137862 42.045679674032726 41.34035370015467 41.42605243472766 42.12834100840916 42.93318482133481 43.742344998142826 44.484806123331865 45.123143942522745 45.6592567654351 46.10199696903026 46.47924127534861 46.80032576406199 47.02916672069332 47.165607654989 47.219859115306015 47.2013833621531 47.11923136504986 46.98237930014158 46.79986874877452 46.59585446848508 46.46210015083355 46.42219365792696 46.47290748521881 46.62488185700644 46.86204006189968
45.5184191324575 45.08180652494088 44.69829780554731 44.39225765890733 44.19051457628419 44.12156794320941 44.302193510332216 44.67797078659223 45.10204066948326 45.50331506961858 45.83125976164042 46.04904177954457 46.1428913796904 46.10066315298328 45.91233500151777 45.575075701832205 45.100780459062 44.51096553466213 43.85192193916868 43.2207388696325 42.805745788463746 42.81533551956431 43.2073534843751 43.779147677272285 44.428732259130186 45.040958796114516 45.57620890924348 46.02673135429048 46.39329239358212 46.6777330922434 46.8987123363684 47.05409352585021 47.120519226860544 47.10671053145779 47.020900122196466 46.871400165220095 46.66734102903979 46.419373590908585 46.16113854107462 45.99042846035953 45.93505929234969 46.02411543384409 46.23620566632335 46.545081722219884
45.3488514093604 44.893967716922766 44.478182615220334 44.11149177066696 43.806382695548585 43.616918418874754 43.944396534429686 44.5760386095027 45.192701951559606 45.721498928240415 46.140447369955176 46.441563873418026 46.61582179699537 46.65266085549841 46.54305695902256 46.28522888494294 45.89267550171248 45.406302121333695 44.88671612514972 44.42534726703826 44.13914587202803 44.11665099686293 44.34183312230244 44.72619591158026 45.20746044709546 45.674589579256505 46.08908554234873 46.437541291994414 46.7128676866749 46.91653142727958 47.05223123814657 47.12120734449307 47.10917086411405 47.01927096265772 46.85763502984035 46.63088806886205 46.34737188083393 46.01882124642274 45.695119979029954 45.478551852843104 45.417410101483114 45.54935222757904 45.83271875406679 46.22500070729909
45.26970326995642 44.82117153713451 44.40972219779557 44.03808120803016 43.702740530535884 43.335566358198385 43.891321762495735 44.72798886078054 45.438181610081294 46.03507726702512 46.521174416687714 46.89346826756023 47.14351063863692 47.25819465191025 47.22477489679089 47.04081862535554 46.724071377535466 46.31752918701471 45.89333455594114 45.53054350853765 45.3058540117294 45.265889721780866 45.40015785271111 45.660329719704386 46.00251027106565 46.334711688288536 46.62504469252481 46.85834179516432 47.03400761540306 47.153477243029094 47.217496692044556 47.22330919248351 47.13148035783473 46.96111536076459 46.718595209345835 46.407749412540035 46.034539099413344 45.6099078261051 45.20844033059569 44.932331797837335 44.86919632819254 45.05129182148032 45.42340041730378 45.91370073868647
45.28404709745061 44.86980413034727 44.508097747474025 44.21467739540013 44.03006834447173 44.040571132407855 44.477381099468666 45.159154183929715 45.82928354398996 46.43425070951675 46.954936116466 47.38128056913296 47.699900669490134 47.889547605499146 47.92528471456728 47.79646952646557 47.526065422210216 47.167942513582226 46.792916194926335 46.47888545013265 46.282866113796814 46.23416834056303 46.32284625188484 46.51426783676589 46.75920919430853 46.97521017471367 47.1393196535283 47.257932327313874 47.33663034114702 47.37537057486235 47.371473905757014 47.321566790766084 47.18334037558294 46.934610769783994 46.61104094893001 46.21460497252616 45.74695253367819 45.217949888543295 44.72440233165032 44.36835100548271 44.288177217399635 44.538482747547334 45.024773969774124 45.623910268685314
45.38105120946625 45.02115145860146 44.737258776174606 44.558335534847494 44.538827141185585 44.74733210010967 45.162544892705924 45.7091662054364 46.29817183046014 46.87336160544881 47.40152756331365 47.86513436021168 48.24607598315762 48.51237567788169 48.61313290390051 48.51266692480631 48.24509268082491 47.892173147277575 47.53215953735507 47.23355313404805 47.04786344075117 46.99626436668053 47.07061200064749 47.2452280602921 47.443014150836746 47.55184657160044 47.59240989937231 47.60500719892875 47.598087962695466 47.567205549167774 47.50531191683228 47.405668123018856 47.23477344947016 46.94027425370341 46.54128639917721 46.06527962547121 45.508765621043246 44.88863088623237 44.29545443855906 43.81909083236755 43.670485164937986 44.03544093843413 44.675341919690354 45.388831430001126
45.54007048427794 45.241296944848 45.038420401027444 44.9627060760827 45.05738528401605 45.35204160462337 45.75785652861736 46.23518122228334 46.7572275038785 47.29146099316405 47.808634084635706 48.29204474107917 48.72694838255533 49.08075329002406 49.26046670043106 49.14932773815548 48.825436378460566 48.43623730525068 48.066267721877 47.766287664730335 47.57982451763858 47.525516323868 47.59961874194054 47.80279949742527 48.03046146907281 48.012864624456256 47.93518462422928 47.865476926778996 47.79608634869971 47.71471524442313 47.61038090283747 47.473984207855615 47.277161065604076 46.96048589638483 46.512360135934536 45.970562895192664 45.34394095496178 44.67716999579587 44.023908189497725 43.4313503455051 43.005965457658334 43.68554138122317 44.46693255608311 45.25573524426514
45.73768368841154 45.49567932768998 45.361784415589455 45.36341374865849 45.52850519714044 45.831854166920145 46.23469614831752 46.673790158301124 47.14564053920991 47.636701512246745 48.12677660354538 48.60466918970666 49.06566495690221 49.503754303557166 49.84053495823769 49.627274492411935 49.185605033133974 48.74711432076088 48.36056439910456 48.05739154588334 47.86450563335096 47.80115949581539 47.86185619530806 48.06100566399412 48.291946120015275 48.22476419390649 48.11123462703522 48.0114332279028 47.91450361936803 47.807756470541214 47.68018312435138 47.5227005695109 47.31007603516002 46.98093903686982 46.51915646121027 45.932062613516884 45.27411520319187 44.61929458722834 43.9961041280275 43.49166223045805 43.318020246330335 43.75989591962148 44.47821301159473 45.25343768316134
45.95318308881643 45.7571738872434 45.6748008247156 45.72863590688254 45.9198150286288 46.20623432735369 46.58708013706523 47.00189086852301 47.43258926274139 47.87777924142763 48.323595940187616 48.76129650051903 49.18655461030794 49.593247416587616 49.905120195879604 49.67814847694839 49.23080438024029 48.79034415694717 48.40451248920646 48.10338851328586 47.90588624597017 47.82760485158591 47.8605650685288 48.00223273788046 48.14141968633256 48.165129243274706 48.11393374919556 48.03879347371233 47.94986852584292 47.843174866069035 47.71182132649615 47.549094426058545 47.33150738609942 46.99924247520998 46.53793402716821 45.93883701999828 45.30010301572624 44.6928563802477 44.150644597423955 43.79075613191546 43.739569950253816 44.06660643497798 44.65834814650902 45.36321198081939
46.17111032361374 46.007613839281106 45.958697258400456 46.04318039957248 46.22753392263134 46.487494562296696 46.82360237795887 47.21430982027773 47.608377229330024 48.00471177502764 48.39186265057036 48.75906305419757 49.09387201763556 49.36532847590991 49.48239278576048 49.33148994226514 48.98624052178681 48.58835159231363 48.21998417308511 47.92729957141307 47.73254478221647 47.64485858682465 47.6636289949272 47.77821668984179 47.908486683348194 47.98007067112893 47.994158800799745 47.96858186150402 47.91165240709982 47.825002262344725 47.706262887009366 47.551998646059566 47.33833727664972 47.00843789159112 46.549593793651226 45.97627121974099 45.37726766392726 44.823162135303846 44.36078011545154 44.09613365164838 44.096573049720064 44.38236829989598 44.88935840267682 45.52241273698497
46.38167218361783 46.23568210183333 46.20193980451832 46.291638685517285 46.454672846322794 46.684270798234564 46.976282494832425 47.316222688930324 47.676610600641304 48.023725799429364 48.347024054874346 48.63718620649224 48.87383639589334 49.022573169730435 49.032329526503105 48.867578088296845 48.559959670389446 48.18881987167396 47.83210956625127 47.5474438735564 47.36414971295439 47.28526092545301 47.325154545885276 47.455383951478225 47.61615353186258 47.73702150949877 47.80694907988373 47.83083985486976 47.81576056944543 47.76185188578938 47.667341279565214 47.5302129708572 47.3183412283229 46.98523774387916 46.535232247457586 46.020348428364244 45.467847312713516 44.96439949596441 44.565074555745774 44.36084049105437 44.39108836641182 44.6589386713586 45.111795249598245 45.6859236073082
46.56580818236921 46.419347930714686 46.381840278024946 46.453795655197624 46.589221071291576 46.790120081543854 47.04579240965225 47.335960345553964 47.64247914215861 47.95240513585428 48.22426331171813 48.44283465646514 48.59039278513755 48.64102836414356 48.56690121158538 48.35539121679557 48.028280392181905 47.641701226440226 47.26978329101447 46.98277989099508 46.819599675946314 46.78531417181035 46.88284442103069 47.064179561128455 47.27973110745249 47.46047029782367 47.58750312087991 47.66079780145788 47.684695770917266 47.66395533648481 47.5949228844017 47.471237453441894 47.25689035905234 46.9246044016005 46.51881156954516 46.05800715682132 45.55237037392636 45.09145654820514 44.739748597593454 44.57685369805076 44.62892788746244 44.88812882933674 45.304344380541735 45.832096073281804
46.71643029159935 46.55641291042489 46.49790471220491 46.5326461190162 46.63575532649129 46.81460801030145 47.04459868470982 47.29498484540551 47.548710859790475 47.805255356773856 48.03811371253637 48.20172515142616 48.27811947182136 48.248870027487165 48.099438522813074 47.82376363548791 47.438106724172734 46.98934890626664 46.558709557649394 46.24753788176394 46.11952481187201 46.18159193379437 46.37552491606915 46.63685158052744 46.92033612726963 47.169095246526496 47.35435910909355 47.47651637702894 47.539396209070674 47.54071326415903 47.48435039590433 47.372224820355754 47.15857486277041 46.86385116124221 46.50336557054543 46.08431333400473 45.61930925300187 45.19094873749439 44.876575737237694 44.745749873133164 44.81775779220754 45.07205499110351 45.46144804078293 45.95155538201295
46.84221603099477 46.65953339954852 46.56357633716467 46.537528143093304 46.60180529404494 46.77735723714643 46.99780544123596 47.22548533341534 47.44024116356862 47.633329241843064 47.801807348153545 47.921013614963606 47.94801764760888 47.86233432015089 47.648980705611585 47.30432467601496 46.837707477291225 46.28315625791688 45.72851023678896 45.348799752462696 45.30680444482571 45.52813367534373 45.856722692784494 46.21516225490059 46.56666946893263 46.88203384072671 47.12254278167212 47.289366472838665 47.37922911556105 47.396627865566565 47.34964739832906 47.24674447366342 47.07043006659254 46.81612766714072 46.49224221432704 46.10188629022861 45.663955034355006 45.25627034131165 44.97480526661756 44.874667626512924 44.968483522580385 45.21788937825233 45.5853318760052 46.04261261383181
46.95469271781424 46.7496360350835 46.61207769851425 46.49856332188696 46.49977496597222 46.720403670660296 46.94490424070109 47.15199897320978 47.329801059523355 47.46765592070103 47.568936808395165 47.619242671904026 47.59830568495073 47.47766818944504 47.22681691813481 46.83236942624245 46.29230520194994 45.61809011781655 44.85818804439371 44.29871262678342 44.46866621024414 44.92956109926487 45.4031707704974 45.847148201872606 46.250701155053726 46.610073911222656 46.89517563469021 47.09019753973021 47.19837974408698 47.23175846335679 47.22071010151384 47.153673870024384 47.00838054967088 46.789338800239605 46.4936176326653 46.121146989049755 45.69058954974983 45.28477155430124 45.03966145053273 44.97921453397965 45.09416719732443 45.33688680422006 45.68266285607787 46.10824278153995
47.06291069569327 46.8468897661619 46.69520636144214 46.56701862799232 46.54954590893012 46.726996358071624 46.92049666748275 47.09309685309212 47.2320382069597 47.32531566373418 47.368891923734765 47.36072807181403 47.28271682177649 47.11572219475154 46.840116429684066 46.43389392555803 45.871647933817265 45.14843356328739 44.275409499675646 43.38231867920739 43.942090317649296 44.55212372758972 45.08888238440397 45.56539947830055 45.98648381033184 46.356254385435236 46.66273042257888 46.87416045112583 47.01258102404035 47.09508640541276 47.13186805465286 47.09154295071667 46.97326371716494 46.784973142260355 46.51854812940959 46.163368720618784 45.72873458532602 45.280869209417446 45.095106461730836 45.09288776240946 45.21489251061406 45.44283451686831 45.76224040394706 46.15311008021775
47.167294435109476 46.95156581735099 46.81101759918447 46.724181143056754 46.7117943902097 46.80019416955673 46.93058067183028 47.05673011681776 47.15577219294047 47.21239885376451 47.21391351833221 47.161537519212274 47.04498568715229 46.84757814144999 46.55269122348169 46.14491528784331 45.61310496702796 44.969967746594065 44.30737915905618 43.88739324268698 44.042002180798896 44.47906148594792 44.94660784520883 45.387416627838 45.788927327041904 46.1497665545846 46.46057595568032 46.70828981025213 46.88824007021745 47.01586551370547 47.079848856240346 47.06028056139842 46.96502365790632 46.801443682748896 46.56576116607367 46.24434490253543 45.842984743987905 45.435766331056406 45.26287712947695 45.25669407076145 45.35063019148653 45.54845218285945 45.84459158123839 46.2083027414633
47.259320062146756 47.04466560866804 46.913557696641966 46.84668596060576 46.82898416131716 46.87326331095019 46.952528234312 47.03563231067452 47.09954108084676 47.12745904045627 47.10569726015164 47.02496271772517 46.88717125710411 46.68068971703532 46.39319559372817 46.016049307774196 45.564623124082274 45.07225459709242 44.61465994944991 44.35033966081772 44.386774280243195 44.64358308777788 44.993623203028065 45.365602394644625 45.72921687418477 46.063945647122075 46.359174080442415 46.62004577711427 46.83155946823509 46.988056830185684 47.06242834601507 47.057986649341 46.981876808952684 46.84110249268515 46.633164902394405 46.3549014808793 46.01391948235975 45.6984518374836 45.51991567265852 45.465950168068034 45.53050049859378 45.723039441837585 46.00956525245358 46.35129583595129
