_RESULTS/CROSS_VALIDATION_POSTPROCESSED/MHZ/GZ/6comp/1/MHZ_GZ_z_500_kriged_reverse_6comp_spherical_1.asc
ncols 100
nrows 74
xllcorner 5.5967023332191781
yllcorner 50.982320383219182
cellsize 0.00019249356164376555
nodata_value 1.7014100000000001E+038
[rows 0 to 18 of 74, columns 43 to 85 of 100]
0.6910494246590628 0.6884961133133157 0.6764560361843901 0.6556399334046126 0.6270751495408108 0.5920363853681422 0.5519705683534777 0.5084211711124123 0.46330441955421436 0.4194454761125961 0.3781441063182042 0.3405110911034138 0.3078671205804788 0.2822872098500883 0.26742809944910234 0.26756807512208275 0.2826545192550525 0.30838329402131864 0.3411286069062409 0.37883569447084126 0.4201909959113317 0.46408468030673694 0.5093764225527817 0.5548053703826477 0.5989697296691928 0.6403456626491828 0.6773317169859779 0.7083108847411056 0.7317246729442515 0.7461548018475928 0.7504695976422303 0.7504695976422303 0.7504695976422303 0.7504695976422303 0.7504695976422303 0.7504695976422303 0.7504695976422303 0.7504695976422303 0.7504695976422303 0.7504695976422303 0.7504695976422303 0.7504695976422303 0.7504695976422303
0.6790802273936387 0.6771295591406505 0.6655949265018446 0.6451567460730749 0.6168241010605389 0.5818590703425373 0.5416959636293321 0.4978596205801004 0.4519204282054083 0.4065513022835768 0.3634333323950326 0.32341157605045034 0.287337746106871 0.25662176244959256 0.23563333011663154 0.2358569638027405 0.25709525652261356 0.2879263773143794 0.32407788542692495 0.36416046897570925 0.4073251972624723 0.4527252970557065 0.4993691649161039 0.5460810831903632 0.591506796902798 0.634146062414489 0.6724047625599323 0.7046845056807982 0.7297260417315592 0.7460068416286252 0.7520678500190023 0.752498500899856 0.7526506822463362 0.7524890173550325 0.7520511240717838 0.751445740615208 0.7508475375018607 0.7504894955916882 0.7504695976422303 0.7504695976422303 0.7504695976422303 0.7504695976422303 0.7504695976422303
0.6683415602292091 0.6676635391815459 0.6572935245977163 0.6378875410768486 0.61044002117458 0.5762034382781046 0.5366042770693005 0.49315825547631487 0.4473880222640321 0.4014210692046171 0.3575232366467773 0.3164002695167488 0.2785175330919647 0.24415870668002485 0.2136299844301216 0.21412112832558863 0.24472610370036854 0.27914807825668353 0.317090147728847 0.35826604567796366 0.40220684326343675 0.4482272505385714 0.4954146418303093 0.5426351152547219 0.5885569074724619 0.6318071415377603 0.6714347772902673 0.7057384846631433 0.7328398791708588 0.750927567399057 0.758408207066393 0.7593968334571759 0.7597300588768684 0.7593758709001099 0.7583784628222167 0.7568650436536657 0.7550382914223468 0.7531653736436567 0.7515653816616056 0.750597051804905 0.7504695976422303 0.7504695976422303 0.7504695976422303
0.6594276423712248 0.6606087241249514 0.6519920681303927 0.6342177250096105 0.6082696722989367 0.5753942707315263 0.5370166263039733 0.49465723660634686 0.44985227078542134 0.4044103166723252 0.36097127984215455 0.3205022471040099 0.2837141864238025 0.25166771675120203 0.22821818814170383 0.22848729238274215 0.25217330508560876 0.28431902714595225 0.32117804205309697 0.3617048372578312 0.40518912470127166 0.45084653075396175 0.49771681163500414 0.5446453808420949 0.5909770130465697 0.635688226473638 0.6770241146472061 0.71304105021994 0.7417097055880892 0.7610578908006286 0.7693440060612156 0.7709303511081703 0.7714640019069849 0.7708966896823748 0.7692816031013602 0.7667711004818971 0.7636056533712124 0.7600979904528964 0.7566153162876574 0.7535623659625416 0.7513673821658985 0.7504722093933895 0.7504695976422303
0.6528021027547473 0.6563083048653608 0.6499372430790397 0.634317892597227 0.6104239103864623 0.5794951187214505 0.5429577189506969 0.5023460682429919 0.45923060483086914 0.4153094401250978 0.37344558897479446 0.3350968667621407 0.30148520536548473 0.27461926733500397 0.2585261338557829 0.2586806053730646 0.2750109509247174 0.302020993222872 0.33572868843924175 0.3741480475813755 0.41606384888117265 0.46043311702762807 0.5062332663013922 0.5532639340402711 0.6005123677591463 0.64638511070812 0.6890111572498563 0.7263000530315246 0.7560508625139217 0.7761115311887558 0.7846072560932353 0.7868727629522797 0.7876325111279531 0.7868247880575394 0.7845151987959822 0.7808905862530533 0.7762425933087891 0.7709445534407051 0.7654263049060714 0.7601510430983249 0.7555969837177005 0.7522450891901039 0.7505728955454009
0.6487691752203798 0.65492085056655 0.6511752424577296 0.6381447215724112 0.6167845110990408 0.5883200551309978 0.5541727910732291 0.5158881424443784 0.4750712744376548 0.43340831775866406 0.3938883072259733 0.35840152112047335 0.32841789276587074 0.30592968870563625 0.293583703927159 0.2936965682007314 0.30624301672319515 0.3288829983600764 0.3589775786580708 0.39454620825981873 0.4341251039296791 0.47655954958519264 0.5218066221065201 0.5690209679638589 0.6168048221143849 0.6634582307888683 0.7069773802629024 0.7451072887439868 0.7754562791632379 0.7956736086502143 0.8039768129923913 0.8070219402382423 0.8080415478498806 0.8069575312123508 0.8038529123262503 0.7989624723745182 0.7926477747033718 0.7853629835646029 0.7776190339587882 0.7699523163123907 0.7629013875495873 0.756992662436703 0.7527343169623559
0.6474196488707151 0.6563913090101869 0.6555391949392507 0.6454395324715979 0.6270113504572127 0.601449548863828 0.5701555408339446 0.5346698850561703 0.49661222421668744 0.45767592158313875 0.42092262829348714 0.38847770159800266 0.3617955345904328 0.3425182346995067 0.33233620267163433 0.33242767026543324 0.3427808983805399 0.3622020996436672 0.3889981909761848 0.421530154924341 0.4583877344458199 0.4994547790997667 0.5441483816208532 0.5912358232235054 0.6392266569521887 0.6863097882623699 0.7303400276316281 0.7688853497168203 0.7993468779873268 0.8191568312210025 0.8272331366374194 0.8311873190527234 0.8325113830646145 0.8311036801156083 0.8270722434928842 0.8207198581016241 0.8125049910977304 0.8029902356064955 0.7927910513114298 0.7825339701199718 0.7728282206106795 0.7642505495770238 0.7573408196728564
0.6485630220663141 0.6604166310955123 0.6626336535445696 0.6557246259121338 0.640547896013428 0.6182455978102779 0.5901768561123171 0.5578522433165288 0.5228735509909547 0.4869254297785038 0.4531430374405776 0.42367809509729115 0.399862922145319 0.3830105257289424 0.37427156625360253 0.37434948269440976 0.3832376084630275 0.40022199859307134 0.42414702576022056 0.45369858354840625 0.48844880184469586 0.5283603752442965 0.5723205727868184 0.6190384465200646 0.6669450424894724 0.7141239356360345 0.7582885872069285 0.7968240848644498 0.8269118879014957 0.8457493510513144 0.8541422248217541 0.8591771077885413 0.8608653844591956 0.8590705032829951 0.85393756625214 0.8458684728425947 0.8354585204103553 0.8234167961357711 0.8104925765914274 0.7974209051396492 0.7848903858566403 0.7735298605557893 0.7639084884052884
0.6517089724162141 0.6664211893203311 0.6718234620649656 0.668300660110948 0.6566255299589717 0.6378636462628066 0.6133069724719717 0.5844077905465284 0.5527155565069718 0.5198983650182774 0.4891956162216343 0.46260787741064546 0.44133267472556337 0.4264448176869862 0.4187947771039574 0.4188627436081333 0.4266402916816233 0.4416390703160422 0.4630195976301776 0.49005407454039507 0.5233364414158304 0.5620852925744018 0.6051888859166612 0.6513251959174549 0.6988655010595107 0.74580138892393 0.7897139624575741 0.8278084974272573 0.8570407708515372 0.8744179551373527 0.8844367802207707 0.8907844721402128 0.8929189679606153 0.8906497959211424 0.8841793032962042 0.874058925411411 0.8610815418421778 0.8461553513742645 0.8301986254239913 0.8140723221553993 0.7985484981428111 0.7843042112672277 0.7719303976901306
0.6570823458993292 0.6735581571635246 0.6822358794976797 0.6822504519820276 0.6742699569211555 0.6592626832192292 0.6384303614230215 0.6131407639794041 0.5848610216679317 0.555282029762728 0.5277454009546758 0.50397024480647 0.48500040809935085 0.47160478207972506 0.4645507923648296 0.4642951482322259 0.4709014223961717 0.4840463419613525 0.5030836194862202 0.5286127958245598 0.5608388350280372 0.5987714057846992 0.6412246841471477 0.6867122679230693 0.733575591273325 0.7798938680788815 0.8231354272914165 0.8603419913225256 0.8882494009278704 0.9052928387849855 0.9177877205861228 0.925770948722465 0.9284681479702886 0.9256009901497395 0.9174650483769272 0.9048472801814657 0.8888329836617366 0.8706010212905957 0.8512769134515829 0.8318584043307243 0.8131953680834806 0.7960001681487311 0.7808711199731186
0.6646319298566146 0.6807614985304207 0.692782041038636 0.696583676321385 0.6927751213456249 0.682060006053003 0.6654092012921378 0.6440060428161221 0.6191818097293714 0.592793805337325 0.5681197079612099 0.5462900282494927 0.5285280024229534 0.5159009110340396 0.5091082199503959 0.5084048327396464 0.5138610653505851 0.5252305881761187 0.5423536996589068 0.5667315463079626 0.5979467342460152 0.6350851262597528 0.6770072402277426 0.7222452477187091 0.7688990222336614 0.8145483019456868 0.8566361525351115 0.8924730329253265 0.9186439055631079 0.938184865360811 0.9537590200433139 0.9638432270827932 0.9672765841926421 0.9636273437182427 0.9533537481704228 0.9376337585224014 0.9179956454289712 0.8959805544530153 0.8729524488386761 0.8500391309738543 0.8281455017164667 0.8079936931897495 0.7903266663715389
0.6738526660088207 0.6888492105590053 0.7033267362416132 0.7118173190771242 0.712739432155046 0.706635927131865 0.6943295684672214 0.6768704322472104 0.6554687039168673 0.631930963765203 0.609143836191207 0.5885646707846132 0.5714382340523917 0.5587915750690701 0.5514050247122325 0.5497971616040174 0.5540611423646638 0.5636739827859533 0.5793772725970723 0.6026314341812113 0.6327688350585318 0.6689342246562082 0.7100296769875847 0.7546129548896507 0.8007934392390075 0.8461397542420512 0.8876203141826793 0.9217412327811028 0.9483687599572821 0.9722417210830758 0.9917260604479956 1.004614072588806 1.00905906169167 1.0043356021834478 0.9912129387073103 0.9715603814818807 0.9475859690749557 0.9212902479213142 0.8942735799628636 0.8677511229455231 0.8430888746793387 0.8214918421890295 0.8030453553274688
0.6852695445972086 0.6998913521129096 0.7143534461656447 0.7270397218991339 0.7328705973676094 0.7315319775154303 0.723680487247118 0.7101646424747229 0.6913281220867608 0.6701492187983836 0.6490896733514775 0.6295568260668835 0.6127884920844854 0.5998109852052723 0.5914121328902132 0.5881301113262133 0.5902567023552326 0.597866581548832 0.6124103122864578 0.6344492661013081 0.6633281501859186 0.6982292123566827 0.7380836021892991 0.7814735295092985 0.8265324624203313 0.870855129392884 0.9114346289872394 0.945671674306138 0.9771639055093944 1.0061755922306008 1.0307094896195121 1.0475222790391852 1.0534576765233374 1.0471529823522256 1.0300509053807902 1.005333366283716 0.9762279833388275 0.9452314996155082 0.914248723350868 0.8858142524439961 0.8605515247960724 0.8384924380514285 0.8196089538479707
0.6992168411237247 0.7135197455488672 0.7276707636553782 0.7409609675312121 0.75151503611923 0.755080376297537 0.7517245021881287 0.7411855924535679 0.7247707652289324 0.705980552142986 0.6865361597793743 0.6678444026226865 0.6511621283389639 0.6375485720562398 0.6278345380991204 0.6226084907253042 0.6222166122634001 0.6269973101427294 0.639691532663193 0.6603108185110961 0.6876233265822552 0.7207747053060787 0.7587685035762467 0.8002560998839028 0.8434187110735236 0.8858780909033682 0.9251478437208518 0.9640586713258619 1.0024321065372 1.0379585813639265 1.0690016058662037 1.0916284796683609 1.1000042450481622 1.0911151101176508 1.0681419313007436 1.03692300609512 1.0020071623774343 0.966697819218061 0.934372430191422 0.9055184802499872 0.8801277159181603 0.8580824639902643 0.8392334849585811
0.7150285007377913 0.7291145247605104 0.7430213864876887 0.7560031780981178 0.7673258164161322 0.7754742006906542 0.7757587293162572 0.7678320651967352 0.7543989886518006 0.7379674026148081 0.720007195408216 0.7019386408300019 0.6850622692703309 0.6705017359343942 0.6591644765806127 0.6517201547444129 0.6485932462316607 0.6503748851509349 0.6598510472731087 0.6774208316233489 0.7021596215595352 0.7326251986226965 0.7678636095420768 0.8065634190010081 0.84695536698575 0.8872850674360944 0.9299319746720739 0.9746745962333078 1.020025550620746 1.0638710039402803 1.1032869806174814 1.134924478336685 1.1480581511004384 1.1341529947532858 1.1021566293676792 1.0631522941660496 1.0230813797556881 0.9864956122117278 0.9539840920733496 0.9254515984728456 0.900657362863873 0.8793173966713504 0.8611529710739764
0.7279942235501101 0.7425508499920308 0.7575412272233526 0.7717126947557231 0.7834949618421138 0.7912403496865869 0.7937367066013162 0.7889657000979658 0.7787768992660544 0.764644335803824 0.7480120498407904 0.7303279381874019 0.7129611246248148 0.6971313222943898 0.6838570863058313 0.6738501564541531 0.6671689537113962 0.6648313206016163 0.6701550218759852 0.6834062493260552 0.7043533198353866 0.7315120764222036 0.7632775422530665 0.7983617470216993 0.8362260233658283 0.8786382215645143 0.9250279859154523 0.974441361258063 1.025640830238621 1.0770440816153404 1.1265042837623407 1.1710492060670836 1.1967014377125682 1.1697927161356965 1.1255610238175178 1.0800483275641526 1.0388561375860872 1.0027139114199903 0.9713033065263326 0.944210856866376 0.9210075587705517 0.9012765051109648 0.8846270434213129
0.7228048301234101 0.7380804776424188 0.7552357898747779 0.7730246171461664 0.7896143525010266 0.8014038353756513 0.806079561865596 0.8036635275912217 0.796517303074677 0.7845917099082347 0.7691020054482136 0.7515395903685771 0.7333686848067312 0.7159375129554397 0.7000142924360949 0.6860853567811106 0.6751071731628698 0.6683379827512496 0.6691437072631845 0.6777202911465473 0.6937660315498929 0.7167338354250977 0.7446222949251468 0.7780807748124652 0.8171936169115702 0.8615020436917652 0.9103164255532266 0.9626760451776871 1.0173275784255027 1.0727124533159227 1.1269124092286646 1.1772362352773433 1.2120572666494074 1.1765879266968868 1.1293200675642752 1.0852866000607668 1.046737891398449 1.0133953028756633 0.9848283561251904 0.9605705047247133 0.940150235192989 0.9230983826906087 0.9089519728826221
0.6989455039405814 0.7147398244953621 0.7338994776357067 0.7552304102516527 0.7761303608953173 0.793196733938176 0.805399892662936 0.8111213022434286 0.8083536115998132 0.7969310810762961 0.7819400261935512 0.7642166520383069 0.7449197359127457 0.7248364528537711 0.7049450442160332 0.686770042100012 0.6714087544540942 0.6600860458611226 0.656180725967038 0.659919160762461 0.6712689575835857 0.6908087433140336 0.7180893968225682 0.7516565012887184 0.791209102098679 0.8362847124949111 0.8861256779873261 0.9396009176922127 0.9951230195209955 1.0504862839098061 1.1023478519264214 1.1442704448623833 1.162337846387473 1.1467408903806247 1.112835444679437 1.0777033900492847 1.0455971320989366 1.0175250867606416 0.9936007401537861 0.9736177408646112 0.9572293313073087 0.9440071976593208 0.9334623130723184
0.6586794203239319 0.674757805482572 0.6956578256384476 0.7201744216854433 0.7450954720319173 0.76875950656113 0.7892244121558721 0.8038711749741525 0.8101505504181138 0.8059622336291631 0.7903511453120259 0.7698001975279448 0.74696670628746 0.7225439104077617 0.6983251366217483 0.6758509268166124 0.6563738450421652 0.6411177398703622 0.6335700270464861 0.6344454751552605 0.6436330126098013 0.6611280091636685 0.6870108344257835 0.7198577849944237 0.7589042099813642 0.803673374470111 0.853297619259805 0.9063963476131887 0.9609417592799315 1.0140310063490199 1.0613951260975667 1.0965557508751291 1.1111828332322338 1.10380853724125 1.0841158626454344 1.059971125468111 1.0363153515966614 1.0151864446431043 0.997295660920948 0.9828050085904514 0.9715837468916944 0.9633106322371972 0.9575091913261141
