_RESULTS/CROSS_VALIDATION_POSTPROCESSED_CLR/MHZ/GZ/3comp/3/MHZ_GZ_z_0_kriged_reverse_3comp_spherical_3.asc
ncols 100
nrows 74
xllcorner 5.5967023332191781
yllcorner 50.982320383219182
cellsize 0.00019249356164376555
nodata_value 1.7014100000000001E+038
[rows 0 to 18 of 74, columns 43 to 85 of 100]
-5.065817782051421 -5.195252514157834 -5.272375749058767 -5.289261069919464 -5.238771558227708 -5.115351625190977 -4.91593028706926 -4.640778679044035 -4.294154901028188 -3.8846676501546824 -3.425480189208356 -2.9350307975395573 -2.4395369021829305 -1.9798219150443406 -1.6220974612824541 -1.4419656419086428 -1.4496073618258083 -1.5908717547873006 -1.8215223196766348 -2.121544234513818 -2.4457659641113887 -2.7606833638793433 -3.059712098288363 -3.3376483660131573 -3.590017879645656 -3.812756985114534 -4.002046000072279 -4.1542169984023225 -4.265700210279006 -4.332991515607875 -4.352910666420038 -4.352910666420038 -4.352910666420038 -4.352910666420038 -4.352910666420038 -4.352910666420038 -4.352910666420038 -4.352910666420038 -4.352910666420038 -4.352910666420038 -4.352910666420038 -4.352910666420038 -4.352910666420038
-5.362701741558844 -5.534943943267951 -5.651427361575601 -5.702193617236393 -5.677709913713393 -5.569895548472097 -5.373390459650414 -5.086793526941203 -4.713310756280392 -4.25943028798283 -3.7391680716850253 -3.17106511044763 -2.577946328795691 -1.9936118369454192 -1.4968492587723494 -1.2706365587833548 -1.3222400525241782 -1.4907838478977578 -1.7237973038181975 -2.0113572142651925 -2.348021853137777 -2.681751808844393 -2.9956644337862364 -3.2858084618463606 -3.548490457114564 -3.780155034855974 -3.97732602435338 -4.136525104323344 -4.253704016137549 -4.325714487138071 -4.349663029992784 -4.348788652173879 -4.348479736133635 -4.348807904227369 -4.349697003550955 -4.350926674866486 -4.352142331668205 -4.352870209126287 -4.352910666420038 -4.352910666420038 -4.352910666420038 -4.352910666420038 -4.352910666420038
-5.690850766487129 -5.912908713919092 -6.077104801655298 -6.171176039569861 -6.182646322173279 -6.100151677609949 -5.91202337370845 -5.6116518147593295 -5.205129843249052 -4.704677185237666 -4.12723536999874 -3.4923982516835954 -2.8204682516649537 -2.1311979191133816 -1.4455505831784774 -1.1794570839700693 -1.330157852550292 -1.5162862698301174 -1.7389833132763894 -2.0009105289183893 -2.3099060106162255 -2.6500219236472646 -2.9700519799097584 -3.2651395459865338 -3.5319552314196336 -3.7668786582946927 -3.965150695861926 -4.123914844011728 -4.240575283230675 -4.312452123552533 -4.336756438295567 -4.3348221262439 -4.334149350722213 -4.334864454990709 -4.33687926500337 -4.3399393986465356 -4.343637858825981 -4.347435224472495 -4.350683610713246 -4.352651532488421 -4.352910666420038 -4.352910666420038 -4.352910666420038
-6.036045636470625 -6.317079421211248 -6.53797403899351 -6.686050953445515 -6.74269175143442 -6.683339512762224 -6.498084063656657 -6.184658411784291 -5.749654593599951 -5.20865018541986 -4.5839419324632615 -3.9014118720325195 -3.1889064677071426 -2.4802782791117837 -1.8501059133423756 -1.5368568722193627 -1.546778134069212 -1.6656853508292606 -1.843686670007215 -2.0717811353249083 -2.347896159549592 -2.668532110798231 -2.984983757957127 -3.2771718432065726 -3.5396624512988133 -3.7682866117268548 -3.9605365433726223 -4.113901442938548 -4.225832854391982 -4.293709449722298 -4.314801143306925 -4.311635389504065 -4.310567444954635 -4.31170276728536 -4.314937584091704 -4.319973646083569 -4.326337208796504 -4.333406704146042 -4.340444690920705 -4.346629856092396 -4.351085881102201 -4.35290535606896 -4.352910666420038
-6.375284462581259 -6.729178109092462 -7.0191848006117095 -7.2250544049378655 -7.321852787948289 -7.291997839227518 -7.120447055829039 -6.8007850326805945 -6.340441459396469 -5.761177195389176 -5.094722696582106 -4.37761739358226 -3.649963262626687 -2.9620474699064108 -2.391480003268829 -2.0337922394687036 -1.898245395149953 -1.910377251696481 -2.016753403816324 -2.1940809163104027 -2.4323118629241227 -2.726505464118474 -3.0389654196470732 -3.317270072713031 -3.566049110795152 -3.7823854989918804 -3.963556167171084 -4.106940363570918 -4.209948771154186 -4.269961882775996 -4.284398824106847 -4.2799137469323885 -4.278411319007838 -4.2800086469136644 -4.284581229587206 -4.291772986438882 -4.301023524329536 -4.311606962175103 -4.322675245043766 -4.3332996380448625 -4.342506170178196 -4.3493031390167705 -4.352700643900818
-6.6921510583218025 -7.124389194232096 -7.48649793983116 -7.749915086437287 -7.901145715213557 -7.917529171532541 -7.7730666111811555 -7.452915426821079 -6.965297953031277 -6.342634476170051 -5.6311131029514545 -4.879944087344937 -4.13803526216254 -3.457089723590048 -2.893824778042243 -2.4957473492453657 -2.2717484977327946 -2.1935430577999626 -2.2272331834545627 -2.349188398941041 -2.5451988006407587 -2.8063362894195905 -3.1097055276567844 -3.379825007235909 -3.6092744512878756 -3.80814757606648 -3.973514738885281 -4.102561810735589 -4.192604608027589 -4.240994381543782 -4.24628892296085 -4.240345480835314 -4.238358273804652 -4.240471061411706 -4.246531021794055 -4.256103863052391 -4.268514282150691 -4.282901865332232 -4.298280774317386 -4.3135937511977165 -4.327755095796098 -4.339681215524083 -4.348309979882437
-6.969018794227026 -7.470242242930864 -7.8980745847748235 -8.236308535006113 -8.461377279197219 -8.54635427234075 -8.447675025572948 -8.131500574819281 -7.60598710844999 -6.9241036079070915 -6.1548625607826875 -5.361030035541283 -4.5954034334441936 -3.9042848936438244 -3.328246571039727 -2.8956208418870433 -2.613653067294041 -2.4698625822686693 -2.4436306574807563 -2.5158400578022317 -2.6718328395354822 -2.8972130381754226 -3.1798727328846574 -3.4473736902509344 -3.6663940994290933 -3.843381655799776 -3.9887498760005644 -4.099474401362026 -4.172767968284552 -4.205957197994904 -4.201215649481849 -4.193623372608951 -4.1910856114063995 -4.193783754765262 -4.201525004937353 -4.21376612757765 -4.229675771325072 -4.24821726022638 -4.268232071071963 -4.288509895633396 -4.307839309478626 -4.325039517456171 -4.338976994579627
-7.179334917565195 -7.7347094740379845 -8.22861655348233 -8.648384404700966 -8.97040893715549 -9.154644743358954 -9.13322941923342 -8.82488090080015 -8.234748692171205 -7.464215512366806 -6.619248683658626 -5.773487661224958 -4.977392513232314 -4.268804282969115 -3.6764230282545522 -3.2181850332442377 -2.898852844233904 -2.711322446246296 -2.6418436105431633 -2.6754179740754314 -2.7956942465050245 -2.988824206140819 -3.247323633193973 -3.5089160959783356 -3.724160333280975 -3.8850260516294304 -4.00684270323985 -4.095722481034768 -4.148811225413457 -4.163454170316668 -4.149941212234669 -4.140447260714458 -4.137270635658717 -4.140464935179054 -4.149571041824387 -4.164281491368073 -4.183824020164829 -4.207047409194763 -4.232534268976527 -4.258692271408559 -4.283819144323717 -4.306437271649221 -4.325727750058529
-7.296199349635792 -7.896570281082253 -8.447706951468902 -8.943422169564723 -9.37008888409815 -9.69155964615171 -9.810680483399016 -9.51644511645602 -8.79859387672898 -7.899231412831769 -6.96749452802311 -6.070612782919102 -5.2474725195123275 -4.525306056892211 -3.923227091737389 -3.4519479260161483 -3.113537301954373 -2.9021758210286057 -2.8063473107827326 -2.8128946843296876 -2.9053890182905606 -3.0734582702884614 -3.309911643081071 -3.5634262333216506 -3.7720018672029187 -3.926431586520757 -4.0248632756286975 -4.088878352870136 -4.118663073663214 -4.111892902174208 -4.0930459321551025 -4.0795589791853395 -4.0728199302216455 -4.073889442007919 -4.083048475794473 -4.099841835237122 -4.123225881412667 -4.151751919337171 -4.183726117077972 -4.217321058249566 -4.250642337134936 -4.281764854859533 -4.308752637190139
-7.313361088874128 -7.937240690898154 -8.525204507980735 -9.071282455546434 -9.574989808770983 -10.031428986089058 -10.402003454649638 -10.146866919152812 -9.165829393935933 -8.132625141529708 -7.136619991430607 -6.210061934326188 -5.378690552296542 -4.668595813561436 -4.0876203996089835 -3.6360244375766406 -3.308716762435677 -3.0967706089897935 -2.9895341702548537 -2.971997776059792 -3.0328083873448284 -3.1670809173588435 -3.372732567133192 -3.609966939216893 -3.8096381323029407 -3.9555546027360027 -4.03961839058746 -4.076251976443033 -4.079885973345028 -4.052391963085448 -4.024846357546419 -4.004209494739018 -3.992693491857879 -3.9915941506601014 -4.001134868195409 -4.020563600613215 -4.048427768964737 -4.082875180949987 -4.121875613001339 -4.163343281661668 -4.205189164206503 -4.245338200712121 -4.281734305673181
-7.230712189193099 -7.846717100532311 -8.442336318757505 -8.994418127191565 -9.501878709635193 -9.959782934030162 -10.322245701682323 -10.063274146193898 -9.09087918669146 -8.063039363761474 -7.079508768731692 -6.190252091527249 -5.413739563118277 -4.759068116726628 -4.228726384934247 -3.819540140716236 -3.5230365363784095 -3.328637966614547 -3.2245998122485173 -3.1952883415183395 -3.2335635469124338 -3.3361352757417304 -3.502395009107355 -3.6937747637835137 -3.8506576460788646 -3.9717258803943944 -4.0443768353152 -4.054253063239752 -4.024952655082601 -3.981793130015654 -3.9440312756394698 -3.915269075254579 -3.8984451029540317 -3.8952165719512015 -3.905661214336341 -3.928503445167788 -3.9616590194881223 -4.00273630341803 -4.049319368819819 -4.099065395764136 -4.149710218122562 -4.199048898126863 -4.244947319010395
-7.054972165301731 -7.635091981724669 -8.197105384760514 -8.70822832792434 -9.146589608424323 -9.475778008913764 -9.58868148724218 -9.288562547720321 -8.574651916697162 -7.706556506425316 -6.845358413068389 -6.054207160316739 -5.365422494703094 -4.794122957101968 -4.341480896350783 -3.9986612292887336 -3.753050575987481 -3.593576342925868 -3.5059800631200235 -3.47673652720517 -3.5014961745805735 -3.5789524639286947 -3.7104431534004263 -3.853400449846556 -3.9554106332315904 -4.016867102435088 -4.037929875226013 -4.014899221524252 -3.9583702365051767 -3.902399850497996 -3.8528658218375136 -3.814574437911185 -3.791694671319154 -3.7864995103264882 -3.7987116554361955 -3.8260770860384725 -3.8655237841162977 -3.913979361054629 -3.9686453839098825 -4.0269756951276 -4.086656149494016 -4.145476171923735 -4.201120987785438
-6.796464886532977 -7.31960192495558 -7.812220453384594 -8.253815957032913 -8.596551589749122 -8.793067449113012 -8.76762928850695 -8.451824414273437 -7.89595538387285 -7.208010565526334 -6.4907478220715165 -5.817684740232833 -5.236624404824515 -4.771218173857683 -4.421194208228684 -4.170743402279094 -4.000176233016005 -3.8926880265893216 -3.8333798752344888 -3.8139194687825704 -3.83230783276215 -3.8897296358689966 -3.9895610530256223 -4.080091628879223 -4.1231669867776315 -4.119345284996209 -4.066844937201113 -3.973355670207106 -3.887826309228617 -3.8175701520834817 -3.754163057738455 -3.704196641163479 -3.67411426100677 -3.6674034276323626 -3.6828784040880036 -3.716333634596411 -3.763194391641313 -3.819670433311931 -3.8827456067597512 -3.9500159628832616 -4.019039352759533 -4.087378227228744 -4.152632197418049
-6.472514309519543 -6.928052262865471 -7.339837746151318 -7.688697404906379 -7.940745934567163 -8.038883400194338 -7.939006375617461 -7.652690775471699 -7.210022297825747 -6.6591363840232205 -6.068693374635772 -5.508739504749271 -5.041291207609885 -4.700835531923033 -4.47911324189268 -4.344502981282514 -4.267828309816133 -4.229196015781055 -4.210335571668541 -4.207259529614055 -4.223746195149742 -4.264059033599098 -4.331001856087327 -4.36456225375662 -4.343543995912701 -4.265981314466194 -4.1373556805335845 -3.9844540482083874 -3.8342713522975154 -3.7318599671214274 -3.651892469032342 -3.5867515201916773 -3.547450458390193 -3.540424353194106 -3.5618613109278012 -3.603439232960975 -3.658645572728403 -3.7234271234870673 -3.7951540989740025 -3.871314476062931 -3.949440599519704 -4.027043359803522 -4.101623974647459
-6.107464205976724 -6.49122216852835 -6.821453087507702 -7.079051467202991 -7.238999270229218 -7.267682330464485 -7.1595259915000495 -6.921219709130849 -6.566266567317314 -6.121232292516053 -5.6311991322204165 -5.160021111993026 -4.795621523238898 -4.600863448731182 -4.538783167630984 -4.542288755620433 -4.572479955271722 -4.610024204440201 -4.639627426441092 -4.658907706521312 -4.674611267677795 -4.698073426063311 -4.725339534170614 -4.6964396083757025 -4.602805176522914 -4.4488923829984355 -4.259380075081872 -4.048511720395836 -3.8337387023765457 -3.6634689973844523 -3.5526548480315485 -3.466520686206346 -3.413558557439339 -3.409748353754123 -3.441916235977872 -3.4933699774822964 -3.5568667158453664 -3.6295373861071183 -3.7091787517196897 -3.79357219457473 -3.880286736752927 -3.9667191378075155 -4.0502072780669245
-5.716593713162518 -6.030370532805307 -6.286284491073016 -6.4661464546665774 -6.548108756948544 -6.534029970712473 -6.448281526122667 -6.26530797230107 -5.9920289673381175 -5.641179775498614 -5.236147156678912 -4.818756932849012 -4.513602293570636 -4.508392642538543 -4.644954987611703 -4.797830321453471 -4.936536560972368 -5.049410431361114 -5.126033738052545 -5.16826967335491 -5.183494490371739 -5.18739499025027 -5.1615498656912635 -5.061878258692827 -4.893773418790762 -4.679301664066809 -4.431164822146743 -4.160744636175614 -3.883361605360993 -3.6467494770130258 -3.47189769130701 -3.3550187780066505 -3.2744586061934555 -3.286848785571384 -3.334625039811582 -3.394220541389232 -3.463540570386101 -3.541810710738104 -3.6277344488318173 -3.7192858833498246 -3.8138616690059153 -3.9085598854313592 -4.0004282884352795
-5.291316498163541 -5.53944949109421 -5.730772650109332 -5.8495701252490795 -5.885006813110419 -5.877240695238757 -5.816785378389809 -5.6894202724712795 -5.503673595065687 -5.2566902051709565 -4.95662350256414 -4.613940256522307 -4.243408724340163 -4.553688043993932 -4.870862403444951 -5.14914804716086 -5.381105174977724 -5.559604070476762 -5.675950237272414 -5.734380712352077 -5.745788258623113 -5.7219707655870184 -5.627013524906036 -5.458525039689903 -5.2292338927553175 -4.953562146372761 -4.6446439598588425 -4.314389116840501 -3.9777154541799344 -3.6820892897087547 -3.4487714487515464 -3.290574666019543 -3.18841622211991 -3.2088685868158073 -3.2561283560931495 -3.313998778517851 -3.382972591360124 -3.463075118087474 -3.5530857442293957 -3.6505502557248253 -3.752224760009771 -3.854597245208038 -3.9542548410368976
-4.8489634165386555 -5.036504225642614 -5.171463781193285 -5.240666104281904 -5.265814439436752 -5.279650368318958 -5.262947573249096 -5.206053538963398 -5.112519077275089 -4.982432230601882 -4.832229568691592 -4.688078288917054 -4.6581908957732265 -4.898795775815809 -5.261145683392082 -5.614096754091824 -5.9155620990398505 -6.145929628320884 -6.291343758428234 -6.355681816097992 -6.355267044476182 -6.289686844600279 -6.131443478672745 -5.896163640180779 -5.6004191440265165 -5.260099199631284 -4.889126472646509 -4.499830540434492 -4.108186331959138 -3.7625428778494108 -3.485163120955609 -3.2954248135437734 -3.2099559437665603 -3.190407003411626 -3.2113131842653124 -3.254899761005401 -3.31644524278049 -3.3944307465830903 -3.48653545742361 -3.588983488852663 -3.697229379857259 -3.806774187901209 -3.9135947005778666
-4.406342350220743 -4.539010554483391 -4.625680775705966 -4.660227837281402 -4.697008697243046 -4.740790043108934 -4.776050027071969 -4.799448324344122 -4.8151759105882785 -4.823381046594323 -4.834699047106627 -4.891492261566519 -5.056176982090505 -5.36531597339711 -5.765991207167711 -6.175221104133703 -6.535009341852797 -6.810447616880067 -6.980044301215987 -7.047824123601661 -7.0295114529547575 -6.900289941095667 -6.6693858729918265 -6.359055534948785 -5.991781312772087 -5.584432792303397 -5.151227346700042 -4.70452789134726 -4.262702735242563 -3.8744080753850967 -3.5603176903567695 -3.339400945660259 -3.2325090234746146 -3.1930202670831616 -3.1884918596517458 -3.2124384990920913 -3.261873326405225 -3.3351515371039024 -3.428539308101713 -3.5359415214464187 -3.6507164980933893 -3.767064097546026 -3.8803425071002975
