_RESULTS/CROSS_VALIDATION_POSTPROCESSED/MHZ/GZ/3comp/1/MHZ_GZ_z_90_kriged_reverse_3comp_spherical_1.asc
ncols 100
nrows 74
xllcorner 5.5967023332191781
yllcorner 50.982320383219182
cellsize 0.00019249356164376555
nodata_value 1.7014100000000001E+038
[rows 19 to 37 of 74, columns 0 to 43 of 100]
2.4226447367177997 2.4071009027665466 2.3892726272947655 2.3701984013460686 2.351002649031114 2.3333879928519585 2.3189211059400767 2.3091034785691433 2.305254353075919 2.3084253574413567 2.31929434918486 2.3380443914094955 2.364248000017804 2.396747209613977 2.43352697734675 2.47165722408753 2.50759687075185 2.5382374808119534 2.562149969710736 2.5793877228731628 2.5899347146697025 2.5928879593656022 2.5868448298423345 2.5715094814719808 2.551093023460101 2.5300117387943093 2.5100777196990056 2.491997609958091 2.4765600208513217 2.46431127196461 2.4555051049971652 2.450380686717477 2.4489089119929104 2.4459813504940344 2.439368340405201 2.429962370028391 2.4186925160558963 2.406142223299506 2.392875308544526 2.379840728573377 2.3679177275509113 2.3578715854289225 2.3503125940783454 2.3456627141613944
2.4086335238268717 2.3887327798447395 2.3666704246998336 2.34541390436108 2.3264943638649997 2.309324872827593 2.295480659026808 2.28657455842403 2.2840661431619456 2.289132817875268 2.3025205462645393 2.324401631426997 2.3542609730177437 2.3908021183558845 2.4318354373776456 2.474158890944043 2.513714607119039 2.5466920364540426 2.5713426203429774 2.588059737036958 2.597383555752279 2.598849722391444 2.5912991726189127 2.573997417846394 2.552178586561803 2.5308204191180526 2.510931501385447 2.4930844677954433 2.477710369981588 2.465204078123558 2.456056213041351 2.4503916013799243 2.4449455115673744 2.436943183478821 2.4252690306486464 2.4108939219439183 2.394843901306266 2.377738550872278 2.3605536111387675 2.3442541814115114 2.3297188540239775 2.31780797469691 2.309203082899899 2.3043592703328026
2.3946013765714067 2.370354035655535 2.343912909788479 2.318288844766104 2.295366033486232 2.2769825410392324 2.2627269538653056 2.253777437750543 2.251668743970207 2.2578128396403834 2.2731278307313176 2.297842138208064 2.3313838649920973 2.3723540238967002 2.418485109970299 2.4664300167658375 2.5113908393229427 2.547752690502822 2.5728144266608037 2.588251266312397 2.5957665925922524 2.5953284867069093 2.587216088122448 2.5725002802170005 2.551922797532478 2.531040349019132 2.5117430663070843 2.494500719026035 2.47968905225876 2.4676350725623895 2.458646343221989 2.4500948578135766 2.4396281223319756 2.4264943607953025 2.409735198640732 2.3903066023462842 2.3692419806734115 2.3472185036539623 2.3254545581457338 2.3052446960665836 2.2877927185594538 2.2738364690469846 2.264075197674581 2.258937252076256
2.3820671270630167 2.3536084646464492 2.322798335814751 2.292626409005391 2.264460570505321 2.2405296099338985 2.2224230190435397 2.211466485038276 2.208408862704039 2.2146820772893974 2.2312525090025197 2.2584547580396275 2.295605084005196 2.3411196755930104 2.3926976116269243 2.4472581191313183 2.500001377805633 2.541569125248827 2.565297408812091 2.5780868983565774 2.583992171284665 2.584312947037971 2.578928500584276 2.56783902423399 2.550753269936624 2.5307843728108015 2.5124404624696544 2.4961447679259683 2.482218564295616 2.4709536636332845 2.4612589947863266 2.448875229485558 2.4336077152364815 2.4155074703408332 2.3937070973261316 2.3691679894673685 2.342932127263579 2.315817877392175 2.2892318665140516 2.2646191530285 2.2433689482018364 2.22673763543708 2.2154307083162923 2.2097354797023616
2.371838263823809 2.3393973843708147 2.3042650577082036 2.2693880102889965 2.236029058918456 2.2058817477761226 2.181318035721787 2.1641639657531355 2.1565013619248488 2.160427039350202 2.1773334104759354 2.20670273115861 2.247362555852571 2.297215459001246 2.353654815533778 2.4139123847200725 2.475036289980906 2.528004890217146 2.544701395620004 2.5561566727260954 2.5629942935892784 2.56522990810092 2.562901819157533 2.5556653184080855 2.543120606900768 2.5261125156889825 2.510420602335681 2.4967745985954775 2.485041304235201 2.4749588667089006 2.4626897802222407 2.446620339834525 2.4269139030049667 2.4041778318319253 2.377551220384916 2.347996415611008 2.3165354688607716 2.284147568110129 2.2523956436402797 2.2229094974582257 2.1973242389464827 2.1771747273195876 2.1637308529927193 2.1575168944398095
2.364708522195804 2.3286347887332735 2.289338195783855 2.2497397634102545 2.211086917689579 2.174723371711971 2.1429267835309522 2.118297433675534 2.1035659535594697 2.101900481267753 2.1159110079217185 2.1461460213746326 2.1899789702671546 2.243817692939234 2.3041180589687937 2.3675332810808847 2.429023220334518 2.477886601667638 2.5042467797402517 2.5197388778625935 2.529688968536247 2.5353641184738285 2.536793459301834 2.5337714803667897 2.5259478960896145 2.513150916551964 2.5007754699413285 2.4908845370937542 2.4832467139124215 2.4759562437837985 2.4631497660306794 2.443912259515524 2.4202130205357753 2.393112466390004 2.3617893735744087 2.3272629849623074 2.290551695401082 2.2527520484330643 2.2155590719656275 2.180803221919859 2.150416973362716 2.1263208609218958 2.1101937191073192 2.1031443966484513
2.3614238668525855 2.3222100921648154 2.279092583733259 2.2349681699553474 2.191080472117261 2.1486604876111004 2.1093503385441834 2.07604736626534 2.0524168369642926 2.0433120665591775 2.0536439831644033 2.0845916142747156 2.1322888158460067 2.190379429181343 2.253472349982058 2.3156282318870325 2.3724578546416555 2.4185012748896955 2.4506168848266907 2.4719228235003676 2.486649503375651 2.496510621862477 2.5020944184623555 2.5034880188478517 2.5004808829532634 2.492650218083667 2.4840972229379843 2.478444449505353 2.4753620113448465 2.4702354322798974 2.458343884614428 2.4396013991437298 2.414267265990421 2.383199901801367 2.3474093952370363 2.308054843074377 2.266169855820706 2.222892009996474 2.1800085474296247 2.139531198033116 2.103720954574592 2.075025112308194 2.055784484961729 2.047654545854822
2.3626355796884777 2.3209291087453243 2.2745789436091925 2.2263970053645266 2.177703907745104 2.129530239436934 2.0831857395681777 2.0406334378482565 2.0058515718372893 1.986019100480934 1.9916763446753176 2.025800331464367 2.078979785523951 2.1410427918343737 2.2034924191053253 2.2627578202435306 2.315840850950527 2.3599062686272445 2.393650098318751 2.418790114535811 2.437482777558263 2.451191687519264 2.4607291257159476 2.466393463482609 2.4680990380866152 2.4654574636567195 2.461264292227765 2.4603185710373356 2.4617972857155905 2.4585741259874108 2.448299289430905 2.430993716167607 2.406785715743461 2.375055034865601 2.3353989028426874 2.2914994978722163 2.2446666734344105 2.195993805943279 2.1472832651898353 2.100635333875261 2.0586020864857355 2.0242957097868093 2.001145289974177 1.9918938948233267
2.368843648677608 2.325435305947084 2.276710490118368 2.2252287590961144 2.1726051997476628 2.1196825454921853 2.0673681193909825 2.016784596697961 1.9699224625996357 1.9333388996636103 1.9315547122384689 1.9758769922342447 2.0361647601722854 2.098401924905645 2.1587281361558825 2.214327161157274 2.2634714580870035 2.3047682565239365 2.338060222545902 2.3646034079073432 2.3855321735967707 2.401972156587844 2.4147173257236156 2.424144629658819 2.430227802844959 2.432579471582444 2.433248156324206 2.437370123169037 2.442746263757049 2.4421587364886714 2.4344429492058928 2.4194641736591698 2.397200226030424 2.3664306481533606 2.326424092257712 2.278707133752209 2.227365662375618 2.1736499902277084 2.119244078081283 2.066158636559414 2.017023736388825 1.9755831623447537 1.9469835090280763 1.9363521242425457
2.3803387613661804 2.336123212587356 2.286115366433394 2.23232449348378 2.177026327270607 2.1210550167264275 2.0651735931974007 2.0100566223497993 1.956279772565234 1.9043338930353304 1.888454010933457 1.9500085128172484 2.0103518500657445 2.068413841354547 2.1235190340577117 2.1737366993703056 2.217759478711785 2.2549836976971704 2.2861310882717736 2.311945845991372 2.3332583750511846 2.3509879682197568 2.365867938724364 2.378287577084498 2.3882260203109102 2.3952488692329097 2.400807588361853 2.4097333505348484 2.4192483620054004 2.4223287724183993 2.4181636438811336 2.4064512828155977 2.3868749586121356 2.3577326825003935 2.318786258732607 2.2706011358644975 2.21555249687837 2.157537235840827 2.098072860928235 2.0388481345012166 1.9821014064362537 1.9315554091188982 1.894395331475493 1.8815110866657918
2.397154832545462 2.3530645885313493 2.302823982880851 2.247989609595016 2.191409775800437 2.134378437792526 2.077974325982864 2.0234718325219556 1.9730669876022813 1.933392771255983 1.927045330386987 1.9606529787750162 2.006679514192702 2.0541623041906223 2.100121059383041 2.142736207996925 2.180047887396243 2.2118675779918044 2.2391403992887216 2.262373313484653 2.2823173609174288 2.299827847264826 2.315630831466092 2.330129774447378 2.343112571259219 2.3538630060290306 2.364007294643764 2.3781273318056586 2.3925349205105384 2.400360683355695 2.400767975398924 2.3932804234431497 2.3770076656642387 2.350246656546986 2.3130803709182706 2.2661501562891684 2.210472764974586 2.1505362324462802 2.088865640005021 2.026061533763759 1.9631492706166935 1.9022115547412943 1.849626891497316 1.8298529320331645
2.419042957226385 2.3759675053877043 2.3263980436489398 2.271858453873796 2.215199624823387 2.1587718511242486 2.104190860947236 2.0536012738291327 2.0106095117435308 1.9820710946788456 1.9759278082170297 1.9915123643094705 2.020326548003939 2.0540836316961917 2.0884844286967597 2.1214106763923093 2.1505182768472584 2.1756478851370717 2.1975508390730556 2.2166592128339735 2.2336893434052043 2.249455969916878 2.264681781160515 2.2798189820700627 2.2947314116588338 2.308675416321681 2.3237107256832963 2.3434978412090657 2.363746178883178 2.377432782654863 2.3834399930532446 2.3810756632899817 2.368587405020606 2.3449290459246384 2.3118875008368547 2.271480736391923 2.223094447561939 2.1667606372498946 2.1064845405617763 2.0433361091877016 1.9779090814262472 1.9109994669467913 1.8436057105283017 1.8068752252921125
2.445470812027566 2.4041738358075526 2.3559451258649906 2.302725578455122 2.2469579068236407 2.192102338945512 2.1403709386134855 2.094273391801518 2.057302582147343 2.033837522776484 2.024221965944712 2.0282621840260413 2.042662235710583 2.0627608825742456 2.085011988430623 2.1072864272315592 2.127384428081485 2.1448306859449326 2.1600685589500297 2.1735525987571496 2.18609747055337 2.1986986964120936 2.212266688335498 2.2273019887284318 2.2436260115798645 2.2604889964181547 2.2808774828410456 2.306805815664069 2.3338963491241165 2.3545823943491673 2.3671920955889654 2.370350315322413 2.3633348971740653 2.3495177567098344 2.327980652829205 2.297841605980393 2.258436447024001 2.209161798128792 2.15266064137529 2.0924321787471207 2.0296554649186986 1.9668215236316233 1.9111265033073848 1.886172508915283
2.475641407631671 2.436673522174983 2.3900894912612283 2.338522261896837 2.2846599419162175 2.2317089952682734 2.1828818622930664 2.14057055592127 2.1075683889297574 2.0849179368428805 2.0707689673958853 2.065829479324107 2.068660966672125 2.076646928972738 2.0872883254265737 2.0987754242238177 2.109447411605433 2.1184629751803388 2.126045169219552 2.132689744144967 2.139370521933379 2.1473952554821962 2.158098098121915 2.1723510786190254 2.1900638798338403 2.2103032466519275 2.2365378530533233 2.2690501986313536 2.303835168652009 2.3326197687295043 2.352678744243909 2.3646973982187194 2.3719085974083107 2.371806184107051 2.362932577253614 2.344494128538947 2.3157632074699066 2.2761382193201536 2.226354542596007 2.1719349930743537 2.1154363647618535 2.0609020784309564 2.016140797795584 1.9923074254167727
2.508516543818957 2.4720668353240582 2.426908803406388 2.3769501824744173 2.3254279593028384 2.2749291107631837 2.2286888553960935 2.1892263297622447 2.158262342121972 2.1339539005758295 2.1152494085872227 2.10288578353047 2.096224995591258 2.093777691027845 2.093879761967319 2.095147200554015 2.0963912573256653 2.0966414683379595 2.095913118752997 2.094727093987856 2.0942357928499957 2.0961941313645527 2.102662625031826 2.1152432677152646 2.13407921861942 2.158716861956073 2.1918131704977446 2.2313733409814316 2.274240706053434 2.311928853612175 2.344307283759756 2.3725726145852435 2.3952551905825663 2.409852896137947 2.4150307582860497 2.4100373236331154 2.3939148863028117 2.3658290815828797 2.3257027627272797 2.279001256214793 2.229921480398199 2.1825172933585617 2.142633014748385 2.1161840682657593
2.5428272254065423 2.50821888760271 2.463420173390961 2.4147492895019727 2.3656432662128415 2.3184042647080236 2.2749272139154564 2.2374058423246845 2.2072145343720386 2.1806442273091995 2.157699822975871 2.139044760009111 2.1244597069902724 2.11310867222235 2.1039138496039427 2.095869426203197 2.088118477686419 2.079675462082204 2.0703650448885793 2.0606468716991144 2.0517602729468667 2.0459622387274803 2.0464866372273747 2.0564386884784116 2.076511962594191 2.107149820242616 2.147875155769656 2.1951375472208805 2.245817557074272 2.2959443151559915 2.3466479282369246 2.391839055391237 2.4307960663152697 2.4611520599809342 2.482176278517514 2.492727002721585 2.491367774827736 2.4768456166172435 2.4485281429974823 2.4107401119916196 2.3690223062069045 2.3267613565818692 2.288225671473556 2.257305668587197
2.575188300033367 2.53699211197575 2.4911668679558416 2.444121470531111 2.3979982676482274 2.354458743656623 2.3145037003926303 2.2795808146441026 2.2506316868662046 2.2233355317005166 2.19776489800031 2.1742109736458457 2.1530156180218225 2.13415270451162 2.116955475138147 2.100720130160156 2.0847763365579945 2.068136541816243 2.050465521328508 2.0320002117439633 2.0137759462704086 1.998272067670506 1.9903257649763564 1.9963830143829242 2.0192553553413695 2.0581915817654837 2.107395550770538 2.1622107513775117 2.2214715614535536 2.287904307691531 2.3554210740799 2.4191236238610294 2.475049537981571 2.5230666170780007 2.5621854671675677 2.5906129029814395 2.6063258734445442 2.607465839539386 2.592756654501469 2.5648074955715594 2.5302592247502895 2.4916114966751413 2.45220148663255 2.4152375576049234
2.5786226325476007 2.5458717826964463 2.5043278543896665 2.4613968247479625 2.4195628347816736 2.3799693672087914 2.343858655759975 2.312556482714885 2.2854480412967506 2.258231921632197 2.231710489585713 2.2061434359645062 2.181315896970322 2.156699358165135 2.1328172914845447 2.1096659766028822 2.0866545428866528 2.062765792573388 2.0376002320432924 2.0110296846090936 1.9834534260166243 1.9565724057614704 1.9359510241267766 1.9355860763488257 1.966185698225161 2.0163005184939906 2.0743572017481853 2.1354889467964733 2.2064606629813555 2.2875152434611596 2.370211200329052 2.4507289777395425 2.5257439614280304 2.5936648357409586 2.6530062754938006 2.7015675682201845 2.7367070690507997 2.7557413317230974 2.7563972413449602 2.739537444567338 2.712027068941008 2.6759293785853915 2.6338896187944374 2.5891506176478885
2.562407110032664 2.5368150612124616 2.50279950635002 2.4659222732615986 2.4291723082282037 2.394052704552034 2.3621720964860966 2.3347526150925035 2.31064805729767 2.2851660490804315 2.258851055147718 2.2324643576668954 2.206054857723295 2.17921733781023 2.151355114032277 2.1226873821878436 2.0939886831368137 2.0642184376785 2.033134449481514 2.000313490278609 1.9654472490089712 1.9285188607476615 1.8909303324560263 1.8762394832107911 1.9267365548243622 1.9888050515404945 2.052702403561972 2.1210149028143754 2.202266741178213 2.294947257728768 2.392266474383676 2.489041952046947 2.582859760645973 2.6713941590528734 2.7523804308733215 2.823025939799637 2.879927273581633 2.919305206915357 2.9374565244865245 2.9333954612622812 2.913250176251601 2.8786566295879465 2.8322055604030076 2.7775361144043855
