_RESULTS/CROSS_VALIDATION_POSTPROCESSED/MHZ/GZ/3comp/1/MHZ_GZ_z_125_kriged_reverse_3comp_spherical_1.asc
ncols 100
nrows 74
xllcorner 5.5967023332191781
yllcorner 50.982320383219182
cellsize 0.00019249356164376555
nodata_value 1.7014100000000001E+038
[rows 38 to 56 of 74, columns 43 to 85 of 100]
22.316686231568355 21.91186223915037 21.45658700836167 20.99985591153092 20.620086485535776 20.303374593719187 20.033783456329918 19.81497160620453 19.652323624663044 19.55047754979915 19.513249441335176 19.542593603578702 19.616231393175415 19.656862154419173 19.651252246286433 19.61715351174473 19.549853586951805 19.432989709263556 19.257753702952062 19.0331443888335 18.776200709152043 18.50125540421688 18.22322141596581 17.957587487028917 17.712925505930073 17.572341870949167 17.593531513833245 17.759784749968137 18.06159848177485 18.495762214844895 19.069635922839158 19.818351218317222 20.794194139488226 21.96961205519355 23.25388982037859 24.567927467610986 25.856915915892877 27.047079186175154 28.015044006339014 28.604469260706345 28.714933722022344 28.388561457384725 27.74045832934024
23.419497961229737 22.92436362989914 22.384959477343024 21.84455272491284 21.35301959458144 20.92499771897395 20.556431776928854 20.247417641949188 20.000556099965195 19.818768812850106 19.7046979863356 19.660736950950625 19.698507481523837 19.75411877831027 19.776584841867592 19.76809012452357 19.72695238095867 19.630104898466282 19.469370234273324 19.253017826947406 18.996041332766904 18.709937965503777 18.40687692398164 18.099541239062916 17.80031621296949 17.56900402567752 17.491058085186776 17.567746505399416 17.794956854898608 18.142457873981684 18.59872247007803 19.193507650406495 20.113166634557693 21.274220075486554 22.491605210882007 23.708386407688312 24.877651489910495 25.924418534334997 26.755969684531493 27.277419089939052 27.433955299339907 27.2569900071235 26.80986776104423
24.526189992030215 23.91492700292555 23.262060305987994 22.615739646065254 22.020397405266465 21.490239728453904 21.027199573090993 20.631253459493028 20.303577116666016 20.0456203660068 19.86069110177752 19.780951748523005 19.811092532811834 19.912546127841978 19.98799491276507 20.026177656958865 20.023035679382357 19.953091480800378 19.807270395644636 19.593451079714054 19.325702305767628 19.0155522011208 18.676338973939227 18.322626786031513 17.96912096845748 17.650344448271323 17.46887298398792 17.4369035188324 17.553812182538632 17.81650403471795 18.191007321971565 18.650370348455077 19.518977898417912 20.62144367032936 21.743099598356796 22.85264525041211 23.899845563676767 24.822894215737275 25.55344369130968 26.029449115565544 26.214191298938776 26.12524511904616 25.812839043546308
25.582295614735497 24.83252918502643 24.05415582470449 23.30005318409631 22.60443782193474 21.979173830417352 21.428118736174103 20.952029580028018 20.55108424991302 20.231161530998218 20.03303348464818 19.9567914768945 20.002145736596677 20.136719485190255 20.26359793538989 20.352106138180755 20.39051377076143 20.352170439248294 20.224488021153928 20.01551778951149 19.737487430282737 19.40223172347845 19.024730874814466 18.622272708380223 18.213125636473286 17.81750844953169 17.5303447857559 17.393877598476053 17.409754473935145 17.579295254149624 17.91027461231052 18.419996672588052 19.159419190095868 20.08258956553873 21.070161314954365 22.0533275874796 22.978261024363658 23.79100311801776 24.43859770002882 24.87659690075049 25.078642184475115 25.048484557887672 24.828940392842416
26.50748629112955 25.606869084490718 24.708847779645755 23.859906673421527 23.079406894959202 22.375752558218284 21.751969626111265 21.20861240238941 20.750748287852797 20.4268089343445 20.239588420411643 20.192659198237063 20.265775301871074 20.43561172257959 20.604462385667418 20.736817758128133 20.82021980681052 20.8197234230507 20.715318731814794 20.514842150358746 20.227748115587886 19.866370075103273 19.447642433651456 18.992352262683163 18.52377009350416 18.065514514910507 17.672598333439034 17.43513659917793 17.36041726837109 17.45195806342753 17.71844032796502 18.18513740696562 18.844219992852402 19.629615763462024 20.479133293190753 21.3335237767997 22.14091720297547 22.853458783134908 23.427940535254763 23.829822266558985 24.038112644057385 24.049633592707266 23.897797008600026
27.186017249394546 26.15682623963932 25.17283312256155 24.25561487213434 23.414532492038543 22.654362846836964 21.97697458520129 21.384126057938452 20.92706364269618 20.62535645484668 20.478018861849606 20.474910770439497 20.58776849867565 20.80118476576146 21.01818893545745 21.193191022134968 21.31206527278997 21.348636024111382 21.27334635760147 21.086322539622817 20.79237840339133 20.40410014385236 19.940419352118983 19.426039416823528 18.890496346590776 18.36643049130219 17.888389413653673 17.551658542853705 17.392066400777335 17.410525587037473 17.60891751393593 17.990766137977033 18.554564124961555 19.233836253191217 19.96378077844384 20.700419825193787 21.400055602575843 22.021836634845485 22.529848290587438 22.895856911699923 23.10204583697751 23.142526310990284 23.040062439777394
27.48199973658878 26.411595331340198 25.40057591890289 24.456664591976516 23.586949114902165 22.796476425144004 22.087396279840902 21.496093428544253 21.079712223186537 20.82969448397492 20.736811528663228 20.787907517775093 20.95392476033981 21.22233628442317 21.4949426658105 21.72097651047823 21.88292715401522 21.957401538689364 21.909269014636724 21.733034065483793 21.430756672826305 21.013195129289645 20.499858545980874 19.918338765252255 19.304183659779067 18.702439934707368 18.165091945486296 17.74634089295781 17.518071393322664 17.470305699894492 17.591777720019618 17.876429796071182 18.31807305814798 18.896350121568258 19.524234954331206 20.15743642336521 20.76098419770434 21.301165957766255 21.74818277971598 22.078442975472463 22.276389328329813 22.335409472428648 22.269234762940513
27.315090026657607 26.315795306987678 25.34891908976974 24.433505476149758 23.579567786586985 22.795351627799974 22.097646081486904 21.568003036427584 21.214408068117038 21.027853606446715 21.000297537743634 21.116905486103672 21.349718136572562 21.685678181073254 22.02228381457697 22.309394360965413 22.52550368151851 22.64860784118426 22.640186830757884 22.481477780523466 22.171789290115697 21.721829736749786 21.15330824604976 20.496826356990866 19.79077758550496 19.089145369158377 18.485507867916137 18.046785851373105 17.760138512169032 17.640018003616674 17.672884898847535 17.85268648222622 18.173772596703532 18.628716809111594 19.166508982776755 19.70866463315341 20.22691704208239 20.693782042920514 21.084606730925707 21.379516595732067 21.56480915189605 21.633631830662704 21.59439522840353
26.764670026539083 25.903308508063226 25.034515176142776 24.19354594317468 23.400428728326396 22.66734472952889 22.04759294122671 21.60019392427205 21.32021298808902 21.206934963941208 21.254243814507852 21.447363997271637 21.759953247470158 22.17482372115353 22.584280943727826 22.943966286934295 23.22809564032991 23.412686617491293 23.45946811281578 23.330242877858094 23.019955566178755 22.539787626617162 21.915803332185966 21.183662323441066 20.38217830760061 19.55114553727635 18.835605040642186 18.44875816450579 18.140650985933043 17.930493894617204 17.860209320001076 17.927833366310374 18.129278482222468 18.458580489669714 18.89871739287636 19.35909425504414 19.80078671321161 20.201243652574675 20.53997971024632 20.800147939777887 20.969648820431622 21.041691882709415 21.021959485168132
25.995321445609633 25.285449442519287 24.539818205561467 23.799313895861378 23.0895744864015 22.432773419601716 21.919951614128998 21.573930704093886 21.387728215328746 21.356519055292036 21.485964558896033 21.76491001650458 22.168488131303633 22.66970574062767 23.160368064522164 23.604908831149572 23.975544236382635 24.239410690699888 24.356428654079952 24.27208009295899 23.968944237534952 23.46006325342982 22.78119433880455 21.98072839676028 21.10965156631059 20.221994576218957 19.46705980112723 19.00602402065861 18.64244187035857 18.34868883434192 18.158250818563495 18.106513437116245 18.18855507274192 18.39824874707626 18.72889559726089 19.113979276853648 19.485684075230512 19.825147940658503 20.11512859010831 20.341206281977165 20.492655784752188 20.562918890820274 20.556871909267606
25.1168052183252 24.540761163226023 23.92004617529847 23.289263840022006 22.675044876587037 22.120079902222134 21.72016964837498 21.480675978186532 21.397489618416913 21.466247526318668 21.684514842262857 22.05547859547213 22.558172047252782 23.146119605038013 23.724184375405393 24.266907958049764 24.74348127910065 25.110361331852086 25.314860135278582 25.29512957449383 25.006031884786537 24.4643175621306 23.72496899694702 22.85940406235815 21.940334225925024 21.045823347513277 20.27293384514594 19.673919905756918 19.206761104680414 18.83816148699138 18.561891441107246 18.389500499980254 18.353088358382056 18.448526169592746 18.66883538857611 18.978461586661368 19.284935727197897 19.56746992065085 19.811269515981436 20.00381480525155 20.135524805909423 20.20014325771819 20.203460424008462
24.194353086202018 23.730091016207673 23.22245739469858 22.70114995308954 22.186898404769423 21.745744722704668 21.45887954324304 21.32643991074551 21.346837248072905 21.518294156221867 21.83902474342385 22.305771341022993 22.910197810428496 23.575862191016927 24.24454885958317 24.89519772937829 25.49462476344565 25.992965750561165 26.31788951462728 26.382201751658535 26.110517004448493 25.518225495403335 24.69867053152614 23.757154735207344 22.783275174736563 21.852590871534808 21.02742434056173 20.33847901106239 19.77926959218939 19.333723069961657 18.993209539587575 18.755823080754762 18.62284970165469 18.609722639412464 18.72763938704545 18.95758713324314 19.202209225455828 19.430766750644306 19.630277700779192 19.789678767655783 19.900312261846118 19.95622796046497 19.966072940599464
23.26674986579668 22.896438016440914 22.48872549776053 22.069106143487378 21.6544036605439 21.327660309213776 21.149374813451676 21.12031809265945 21.240879644304943 21.51151212256969 21.932854690909714 22.503674523503403 23.19512953352709 23.929623624611583 24.683049877962336 25.439097200437256 26.17084818026292 26.830502097759773 27.3285275114823 27.515441243052983 27.251155403604916 26.563184133156902 25.627266170729378 24.593112695153447 23.554981124284474 22.575658952978106 21.697742128501826 20.94281363303196 20.313260425077747 19.802562917476642 19.404405665507987 19.11549922459258 18.935116816576407 18.864168119843285 18.904646068351607 19.056594014959607 19.241725252373033 19.41838014986642 19.57490907060997 19.701348633014934 19.78976623963993 19.83458086959999 19.84956918995259
22.35957657629128 22.0691291610616 21.75073819312372 21.42345612709849 21.10523150400983 20.8843615172926 20.80674287525399 20.873973590063724 21.087823978512567 21.450352971975107 21.958242095187195 22.61475968288907 23.357856998152275 24.134203525900304 24.947315741342344 25.78785559557118 26.64024325802196 27.474782061615176 28.21938327753192 28.65324850856195 28.366744272347837 27.488431600589607 26.4013336313546 25.276206677596434 24.18402408886646 23.16653927574225 22.251089148070708 21.452557564452572 20.775105307292527 20.216610089308233 19.773305226373257 19.44231267200985 19.222304884198408 19.11338383816498 19.116852237427146 19.233238023368436 19.384238355909332 19.522763174586693 19.64272547815524 19.737983156811065 19.80243090567719 19.831834224575843 19.84163655353453
21.49073890973406 21.269763425453352 21.031885494168222 20.790342648057113 20.56085463039661 20.434486300095898 20.44734104348513 20.601223425785637 20.889200877934183 21.311585420572506 21.877714067273715 22.582205874690654 23.347056585684452 24.14221349128658 24.98406638656699 25.870251291468865 26.794039086098547 27.74588633171946 28.71066841201954 29.625343136616383 29.19331458383511 28.03476952081007 26.867029476066595 25.716461499492134 24.610880196887017 23.585810127566205 22.659357471652193 21.84275627441021 21.14090355024167 20.55430400102429 20.081496202779892 19.720838949334595 19.471396942340053 19.333234714278323 19.307469921590503 19.395308877728098 19.521969823934366 19.635094290853107 19.728835200597715 19.797304289912365 19.834644250957613 19.841723821890312 19.841723821890312
20.674805100507328 20.5156050130738 20.35139943018538 20.189943783225928 20.042322106500457 19.997411107371356 20.08665985210931 20.294472692433672 20.626402933887 21.091901414660285 21.699099133652744 22.397357617290105 23.154870155185055 23.946380911856714 24.779640168544656 25.660431472363893 26.579582874392127 27.52008067489336 28.44001032904744 29.145541967800533 28.885632788429678 27.93978800707622 26.883152668838363 25.825056642811532 24.795357219958937 23.809513828608683 22.904623347498177 22.09752002029528 21.39520941188199 20.80086550875145 20.315446414199382 19.93904756143706 19.671791212232907 19.514316935108198 19.468031969554577 19.53401573959175 19.635908785378657 19.723103156188408 19.789992007064086 19.83093530768463 19.841723821890312 19.841723821890312 19.841723821890312
19.928418880034034 19.826468966322892 19.731295503246407 19.645461365185596 19.574599010733813 19.591168059856027 19.718902301976936 19.959629607531635 20.321944946000727 20.815499172307568 21.411882542440054 22.072574131932665 22.79201229969522 23.554536352406103 24.34465048130815 25.173237515686097 26.021756607171636 26.8512338184899 27.57521244105724 28.002297501604517 27.89340493564258 27.308862281436152 26.497031509962486 25.606854719494603 24.70527709152249 23.824980236367495 22.982242361649725 22.210884940915445 21.53073731114311 20.948161621936368 20.466800312846022 20.088825817005098 19.815847244769074 19.649514131161414 19.59190184341565 19.64273841204549 19.71973467684022 19.780740590582173 19.82084671482176 19.840133966632525 19.841723821890312 19.841723821890312 19.841723821890312
19.26170402777572 19.216549050053256 19.188667264093258 19.17534736384536 19.17081872217257 19.212262639672492 19.362982064605315 19.623711999271944 20.002603066125516 20.481170019294673 21.024322531779784 21.627652731257406 22.28522841058174 22.9876945091292 23.711289491687694 24.457803805560292 25.20465190179526 25.90348285661857 26.47187647216993 26.791953767055727 26.766758321006407 26.41232856099633 25.835219440574832 25.139420197789264 24.393451013630422 23.63812746166394 22.897574607791903 22.187884335625704 21.547726573958712 20.994177465322718 20.53214613938766 20.16599365789033 19.89903416233743 19.734186406464612 19.674450856864006 19.71524151183273 19.769781372051824 19.81093394860145 19.835667155199605 19.841723821890312 19.841723821890312 19.841723821890312 19.841723821890312
18.684326547898202 18.699649730437155 18.739358111578248 18.791859719134667 18.828320488058317 18.885264023310437 19.04637880093938 19.314417696274614 19.667919505878405 20.08377788528954 20.558549424617052 21.087970664677595 21.66596073769108 22.2831180506928 22.92351297772258 23.57615998741991 24.219125497209195 24.8073579060683 25.277504768928654 25.557834614794327 25.598087198107173 25.400317398098693 25.013604069234468 24.501109587418142 23.916613476482027 23.29893603512189 22.67432216136386 22.05998190885455 21.472677699635316 20.95574032975407 20.52249859601256 20.178566702027783 19.928557107181778 19.776781730045965 19.727769061364707 19.76655013135551 19.805725979593404 19.831764370387546 19.841700736802046 19.841723821890312 19.841723821890312 19.841723821890312 19.841723821890312
