_KRIGING/CROSS_VALIDATION_CLASSIC_80-20/MHZ/IZ/train_3/MHZ_IZ_3_train_z_250.asc
ncols 100
nrows 81
xllcorner 5.5967107548124995
yllcorner 50.982328804812504
cellsize 0.00017565037499993607
nodata_value 1.7014100000000001E+038
[rows 19 to 37 of 81, columns 43 to 85 of 100]
38.308898415757056 37.696657909460157 37.035670627109582 36.363720604364026 35.721216461601031 35.148541796216961 34.683326198107366 34.357708105268742 34.1957039946994 34.210867808970661 34.40449568721958 34.764672560438179 35.266440315824624 35.873276234754009 36.539909313365861 37.216296085773202 37.852367863215093 38.402994668540188 38.832527496087081 39.118302081903707 39.252612839605106 39.242871103575254 39.10990797228407 38.884625026874971 38.60339887576945 38.302785250722962 38.014139442400065 37.758779541748126 37.544279999441329 37.362405099324221 37.189075967378777 36.986602658392115 36.708193690859858 36.304475695673936 35.731430873202285 34.958830743719666 33.977976771877628 32.807430423649478 31.495498364980588 30.118572602634416 28.774997833624653 27.574874507232916 26.626976285926556
38.424520864099676 37.817339628006152 37.1788995422515 36.548761780620012 35.966878713457675 35.470773145281818 35.092928272864285 34.858470914689136 34.783228666868055 34.872267701905407 35.119055612187779 35.505418276493124 36.002446425251819 36.572440716576395 37.171863891075773 37.755112953614855 38.278765385077435 38.70582869975938 39.009464734714236 39.175686983039334 39.204639725176925 39.110241719154189 38.918182488260257 38.662460643415301 38.380822614110158 38.10958078700348 37.878360182184693 37.70534955022368 37.593624816258675 37.529072507319079 37.480359866078459 37.401259352065452 37.235419610397138 36.923375440438619 36.411222293904217 35.659994143655219 34.654454271848834 33.409829503791258 31.975074943086415 30.431598293502248 28.886991120870267 27.464129006578226 26.286870021718244
38.351020665110639 37.719490500180989 37.074506291986609 36.458210844283997 35.910827915995455 35.467634320218743 35.156445923427938 34.995713980813093 34.993278533197355 35.145805603524842 35.438936910779319 35.8481872137503 36.340614628844307 36.877247812938606 37.416176852079083 37.916112404679183 38.340112447169524 38.659095621850881 38.854729267827103 38.921312395967412 38.866367727457991 38.709796698814962 38.481612290961422 38.218420820225852 37.958956039370818 37.739068458183866 37.586641479817729 37.516950758725237 37.529008572967101 37.603435756037278 37.702361935789725 37.771743245656701 37.746278754957451 37.556790984776839 37.139529233559188 36.446411052653616 35.454825253376448 34.175386171195719 32.656052844739378 30.981368881748288 29.266234098412777 27.644503739700745 26.253669776467547
38.054973812204764 37.370350096933677 36.690745268791645 36.061587943431356 35.524021823332241 35.111643896454162 34.848067229710004 34.745420499329349 34.803797336699333 35.01160086464516 35.34669363005694 35.778250460976992 36.269205431132967 36.779168809332923 37.267657491331846 37.697435392993007 38.037710859321578 38.266903830762871 38.374692578356402 38.363087253287155 38.246353705453785 38.049714567201065 37.806868556436243 37.556477210115538 37.33786107663451 37.186223892304959 37.127789487287963 37.175299155710306 37.324377251940419 37.551316966670818 37.812838938790989 38.04829535204258 38.184596650774672 38.143810667065473 37.852942141346716 37.2549038331003 36.319236999155926 35.050848990783834 33.495021852205383 31.737279420792873 29.897381723206131 28.117658447959357 26.546932774443924
37.517959917658345 36.753962344382913 36.014454335342322 35.348701171864896 34.799285691240343 34.398598129019362 34.166462699150799 34.109029598696182 34.218912359881621 34.476434525703382 34.851776747331293 35.30778323011139 35.803183401228324 36.295995761869399 36.746893808143398 37.122323083830054 37.397165825521796 37.556762320531689 37.598123744194595 37.530213956754096 37.37323563621878 37.156922062310969 36.917900893251463 36.696254240636158 36.531450476475406 36.45787463620151 36.500246607153279 36.669296822094367 36.95816415084137 37.340069688558629 37.767865894940194 38.176015916754977 38.485379850444716 38.610851898066272 38.471421748813938 38.001689036679608 37.163348576768996 35.954818054172705 34.417124103126959 32.634479001295333 30.728674606480649 28.847406376904722 27.147746189302868
36.740408503200705 35.874735541515683 35.054218681940043 34.332316525634937 33.753406960583533 33.349028878256618 33.135567513159515 33.113528292573413 33.268346537133269 33.572516869807799 33.988716026525033 34.473541239758347 34.981486533699297 35.468816573644929 35.897055752488406 36.23587547536836 36.465226842151282 36.576625662317696 36.573551041317288 36.470966685517773 36.294013252674361 36.075947582366318 35.855419459362075 35.673182583363243 35.568343995833615 35.574280713169699 35.714409109392598 35.998089480472693 36.41707765375898 36.943069800920505 37.526979172292769 38.100577565880485 38.580978806185911 38.878109998861333 38.904824724389272 38.588727908985796 37.884219268213904 36.782862657581852 35.32008838783598 33.576525939524103 31.672958031663885 29.758898965377718 27.995954582566917
35.743970760567954 34.759462973946583 33.841940947997294 33.049192667568086 32.427568153182499 32.007989419575516 31.803698238632013 31.80990114438918 32.005227026089329 32.354703648027133 32.813813474092072 33.33311909824738 33.862952043977842 34.357721670834081 34.779503130824551 35.100683578976842 35.305565875346225 35.390935001353526 35.365674814906257 35.249575500733286 35.07149220410713 34.867003946339054 34.675685795137696 34.538060278660616 34.492256702990716 34.570403059353787 34.794824901376401 35.174237426544337 35.700279925991687 36.344921174791772 37.059404748626612 37.775438827483207 38.409206904511905 38.868452620651119 39.06238805124714 38.913559584435482 38.370198839626205 37.417137316330894 36.08321748041886 34.443389623865137 32.614362170638543 30.743691901449452 28.993383307949671
34.57195049781842 33.457376680126664 32.432444082249667 31.559174673787425 30.885891546745899 30.443029966795621 30.240959518275215 30.269988348239444 30.502433459502171 30.896389829796036 31.400651990491063 31.960154584266917 32.521305468422156 33.036672739374588 33.468631744405094 33.79175127147807 33.993871787069466 34.075978984684696 34.051085050680108 33.942386758527824 33.780970111417986 33.603280663787508 33.44849124840681 33.355798330658445 33.361595213068128 33.496436868904716 33.781752615753689 34.226388465340079 34.823256405582356 35.546591910322277 36.350509776806945 37.169627592878484 37.922429691255417 38.517736268865441 38.864134953089049 38.8815959350461 38.513850182320454 37.739618034545316 36.580584087062121 35.104230477032345 33.420290091112058 31.670587655617616 30.013226354743395
33.287502070421588 32.037971470942139 30.900885392117456 29.942177411962032 29.211987438392129 28.740322329793919 28.534971211648795 28.581853831808086 28.847655181830518 29.28431096975698 29.834699953826568 30.438797271312421 31.039554094847006 31.587880524858395 32.046293457099253 32.391014055595178 32.612523517120906 32.714777669910987 32.713414543940267 32.633348200793328 32.506122360417422 32.367307231195312 32.254084188556938 32.203008908075631 32.247814808293974 32.417055518816269 32.731417865535221 33.200675718500065 33.820482368429822 34.569467384093571 35.407341362488239 36.274836342230721 37.096248349849532 37.785061182359861 38.252627682640416 38.419237067386121 38.226229476393506 37.647289781286368 36.696817428108766 35.433439697383491 33.957343887663633 32.401079784284377 30.914659298672653
31.969551516835139 30.586573938540436 29.337982522125358 28.293091762267743 27.503576630193194 26.999044788156958 26.785068321289533 26.843855390067361 27.137385176344381 27.612509345226023 28.207290079124046 28.857731132341456 29.504074576363699 30.095970015060725 30.596045073917761 30.981674602432854 31.245016078321154 31.391607927766422 31.437982176977219 31.408802077417889 31.333993844589703 31.246211413828554 31.178783048691717 31.164081520448313 31.232085762919631 31.408809845680054 31.714299949189119 32.160052644483883 32.745967286016864 33.457257968690925 34.262036857671376 35.11045114714296 35.936232068905404 36.661252131284947 37.203194956748682 37.485790980560836 37.450387490954554 37.067062034089155 36.343211573629787 35.327671327646208 34.108973846503496 32.807288094688332 31.560720242605505
30.706688371634836 29.197913785683085 27.843320626785761 26.714896133374452 25.865482983123997 25.324335454072688 25.09529223497956 25.157742338242713 25.470178852097519 25.975790681325982 26.609290486895365 27.304055416955407 27.998679651981071 28.642193082753941 29.197456199442755 29.64255078090153 29.97029656793638 30.186285446027789 30.305996006253277 30.351607326195634 30.349065467771762 30.325784928125003 30.309125998465024 30.325529709033312 30.399974710464058 30.555301425662925 30.810967831419035 31.180969580458839 31.670950390437913 32.274886550110516 32.972065075340822 33.725291939531417 34.481281409076978 35.173942745998829 35.730803963596436 36.08216375031801 36.171867284116921 35.968017833852983 35.47162112012073 34.721230193207148 33.792156300488401 32.789680880381894 31.836795744329457
29.589562666681985 27.968237475845523 26.517282781245886 25.310513267861722 24.40152934175325 23.819335733244781 23.566678113184192 23.621263886639127 23.939634996627532 24.463099487492219 25.124864463868889 25.857387755055775 26.598995706060471 27.298989597149877 27.920748819504901 28.442683728605168 28.857235821374893 29.168409983260101 29.388505952505348 29.534764532032764 29.626552037206881 29.68349285009824 29.724667567386007 29.768684200080649 29.834171540397044 29.940101142809613 30.105361283371437 30.347193952880836 30.678435838270111 31.103909367609312 31.616695615781673 32.195283969177964 32.802645956451485 33.388073386466097 33.892160988104088 34.254670828479547 34.424314273057121 34.36888380120925 34.083817098640807 33.597296029434567 32.970417598219484 32.291775235520824 31.666818214661667
28.702551850138654 26.986734719465993 25.452371520790368 24.174168692581333 23.206072657767116 22.577030630618964 22.289508543609575 22.320915771133031 22.627679962749966 23.151346199630179 23.825805506376515 24.58463342737587 25.367558878188369 26.125276945057049 26.822130651931214 27.436560638380293 27.959593321115392 28.391943630786628 28.740495249705006 29.014956772810816 29.225369884147781 29.380887953606834 29.489900153442516 29.56121738090237 29.605740444586999 29.637869366363592 29.675932808904676 29.741128943814886 29.854840074915217 30.034638528184928 30.289738033367644 30.616953233477723 30.998318201831069 31.401332621449455 31.782359298170647 32.093059373948002 32.289045805026888 32.339315776873406 32.234641191688063 31.993067847791 31.661044310315408 31.309429765543356 31.024589406330843
28.115590592514401 26.327180058812687 24.724820733953671 23.383134295211477 22.356033692003546 21.672701979754546 21.336301032385293 21.325537756247435 21.598809712322716 22.100283543517882 22.766992630397155 23.535921982509365 24.350099135791595 25.162920328432151 25.940274030005227 26.660420449189473 27.311976363879854 27.890670431393623 28.395717904379747 28.826680172944918 29.181517740902216 29.456241526087116 29.646173529891072 29.748422968007649 29.764855269374678 29.704656928678844 29.585629490233245 29.433589610416035 29.279669858388175 29.155823762629183 29.08932727645897 29.097420838629731 29.183356323853367 29.334951057971082 29.526316382164168 29.722793415837785 29.888417757583472 29.994600097890103 30.028299774546923 29.997894673189059 29.935259544852467 29.893220193125593 29.938437116007961
27.877057181430978 26.040696502287158 24.387403134543664 22.990745324020132 21.904278201172389 21.157807425070665 20.756288192906378 20.681460714132577 20.895926479000785 21.349009986205992 21.983492882979981 22.742199807797046 23.573479200344373 24.434848669358345 25.294424569102937 26.130168012204479 26.927381224802296 27.675205621243101 28.363045556923097 28.977832515112169 29.502848621998854 29.918476654279573 30.204800108930591 30.345529281873095 30.332373539709756 30.168800165873328 29.872168768743826 29.473513096752932 29.01471283872948 28.543364252306215 28.10619963556907 27.74229847937611 27.477479572729877 27.321114120769398 27.266168245696576 27.292645079951868 27.373877583886951 27.484473820676818 27.608281318466116 27.744623585834471 27.911314333731365 28.143541666165312 28.488529229521085
28.00848484327787 26.150424048745087 24.464214318344659 23.021453624771723 21.875078987382111 21.055968135171419 20.572017630888695 20.409769045714683 20.538274347611409 20.914548246046742 21.489713204457427 22.214850445830574 23.045649399281636 23.945189173742399 24.884549036897841 25.8413670736002 26.796870720725401 27.732213188287133 28.62510275925419 29.447670106675947 30.166279235174201 30.743586211125873 31.142657954852634 31.332477534818452 31.293786503867935 31.024038193126692 30.540311858125747 29.879367913494683 29.094554535772147 28.24990284370153 27.412341129832441 26.643388137403754 25.991850918482946 25.488907445683409 25.146516223674084 24.959446025819755 24.910487123944506 24.977740841543778 25.142427526807619 25.395506224060309 25.741603862253594 26.19927766679232 26.797383489774589
28.5016430067564 26.648648709589814 24.947983048992675 23.468444515646119 22.262149159873161 21.361506393755718 20.778455047514925 20.506000517577831 20.521735731864204 20.792707523767703 21.280769030549891 21.947485568745883 22.757757551207291 23.68157923633002 24.693725389782905 25.771583852125701 26.891751636045189 28.026306723118697 29.139792800592453 30.187872850728425 31.118320004539136 31.874561840115298 32.401456508771631 32.652460622561421 32.596960856775368 32.226377177857636 31.557758363701012 30.633976331695536 29.520220550114381 28.297183296856105 27.051969854098918 25.868228164262071 24.817168382298277 23.950990884944471 23.299786863920367 22.872307176945618 22.660245791737879 22.645004053394565 22.805427854909702 23.124837816604725 23.595839565083722 24.221876847463157 25.015182069061925
29.318258963397625 27.4966631427801 25.800163775270157 24.294043071494276 23.029428828080782 22.040661288228993 21.344658128274652 20.942288252320729 20.821433343952183 20.961121506936575 21.335921377584157 21.919734292328538 22.688236873653082 23.619495360209402 24.692653470676298 25.885020140857041 27.168271233585571 28.504750115172563 29.844941364941292 31.127064814468699 32.279398066392318 33.225432516773445 33.891387775511575 34.215065132585579 34.154629711863819 33.695769367129785 32.855837037019356 31.684031554624017 30.257334989514661 28.672676320252634 27.036480330179891 25.453244266844614 24.014961017658703 22.79303818805095 21.83388128567568 21.158613577295309 20.766634194235227 20.642020970303989 20.761298285501447 21.100902457362551 21.642818540210243 22.377300042636978 23.302228093820752
30.392376221391615 28.627341102962951 26.953765500024744 25.432822926392227 24.114486429635193 23.035283774759883 22.217758071893918 21.67161672110025 21.396247957180037 21.384018237292047 21.623595074713627 22.102513648719722 22.80834043358211 23.728069892501125 24.845776105411851 26.138960426071982 27.574406306217668 29.104592522778781 30.665762899326204 32.178572517082202 33.55183734974792 34.68936140510047 35.4991979258835 35.904139202519794 35.851845352460174 35.322913188006197 34.335399048153619 32.944825185957257 31.239431642143302 29.331246167613305 27.344272547355402 25.401594756446045 23.613359808125665 22.067404447554203 20.823773805740135 19.913651250156462 19.342423993621793 19.095901436732589 19.148211859845418 19.469710118518833 20.033357304286262 20.818445763306158 21.811151742406111
