_RESULTS/CROSS_VALIDATION_POSTPROCESSED_80-20/MHZ/GZ/1comp/3/MHZ_GZ_z_180_kriged_reverse_1comp_spherical_3.asc
ncols 100
nrows 74
xllcorner 5.5967023332191781
yllcorner 50.982320383219182
cellsize 0.00019249356164376555
nodata_value 1.7014100000000001E+038
[rows 0 to 18 of 74, columns 0 to 43 of 100]
44.15494437557385 44.07309557384644 43.99712803697906 43.93416102716137 43.89358792534195 43.88415701346397 43.90830759433044 43.96011990282531 44.03006602941607 44.11799921029134 44.22147708387562 44.334470008390056 44.452359304831575 44.57134815103721 44.68807239951197 44.79935400090574 44.90204141162451 44.99290753754364 45.06860309443616 45.125687248529445 45.16080744661824 45.17848337438154 45.18267989421309 45.169957231347766 45.136470022233674 45.08472907760192 45.01796991128553 44.93974172088987 44.85368894487684 44.76346324114382 44.67254965674478 44.583872626368134 44.50200146592487 44.4317208634 44.377635142270435 44.343873147739615 44.33313588470524 44.33723791947048 44.35685736398532 44.401069855998415 44.46605117147772 44.546265593429005 44.63617775003178 44.73842968909239
44.09903386522731 44.00385073751965 43.91137867281913 43.82965740871864 43.77293309494561 43.75908100146073 43.79400096984696 43.86408968613672 43.95456790864946 44.064623684846225 44.187270585878835 44.31708578679075 44.45012754445716 44.5831471392756 44.71317962878011 44.837311620373704 44.95252562511444 45.05557889073076 45.14291602755104 45.210656853741995 45.25474369150976 45.27652621441876 45.28135594114979 45.2627779662751 45.22037172768913 45.157430545882136 45.07795003433162 44.98607224667325 44.883631065614 44.77384433046904 44.66190796475 44.55295314818394 44.45216526116334 44.36486140802937 44.29643562028624 44.252022001722466 44.235766993017606 44.24726219522533 44.290247958590534 44.360902691641144 44.451445100072505 44.554090997599175 44.665067578967495 44.78953012225107
44.05692263282147 43.94968239324291 43.84009933815944 43.73428996677423 43.64968216757742 43.62620508025664 43.68283541037303 43.78039652890988 43.89649989502351 44.027457205305886 44.16687833032698 44.310913071740046 44.4566568187897 44.601538021599026 44.743046887195845 44.87858023860131 45.00531140848148 45.120045847220574 45.219057955730655 45.29795866945017 45.35174505046656 45.37907085946117 45.3838091651803 45.35909183391115 45.30685208713548 45.23163064542739 45.13653061108172 45.02317635934841 44.89750506918026 44.765114182500945 44.6313175970574 44.50136101095859 44.38064874699316 44.274976499295455 44.19067775295933 44.134387378779664 44.112034182501205 44.13815884131132 44.206908163142906 44.30725879715221 44.4293861346461 44.56386205255069 44.70219743818553 44.84865197942741
44.03384455841521 43.919021250751676 43.79722572167219 43.66933540994414 43.54122160605363 43.48740942176777 43.5973602496238 43.727652936990474 43.865761855991174 44.01179304531536 44.162922009628 44.31697076924078 44.47192173691296 44.62573982423043 44.77628731211606 44.92125250622685 45.05804705776831 45.1836361789216 45.294270604871315 45.38512350280379 45.44999338419511 45.484774565765534 45.489491358401864 45.457973622256716 45.3941519932021 45.299752261601114 45.179955299861234 45.04225916836243 44.89303038811088 44.73788850773009 44.58207004811886 44.430729583637344 44.28925174415492 44.16367538597174 44.06125281784551 43.99077291048524 43.965665854699665 44.00914261321651 44.10684094730199 44.24014114377297 44.396185190214446 44.564143164987016 44.73509067023484 44.91138240673479
44.0332774418435 43.918257516356434 43.79612708275264 43.6675461820364 43.53740978151489 43.4807897194236 43.59477083693837 43.72777412542227 43.87054091415826 44.0210008602613 44.1765785583659 44.33526068102244 44.49516911684995 44.65441176162868 44.81101864569534 44.96288861719219 45.10769912693713 45.2427286796088 45.3645115249572 45.46819317831513 45.54649406050118 45.59196661855026 45.59783895453645 45.55747688250434 45.47179057915059 45.35064735937148 45.20496152811852 45.04276810950995 44.870312289044 44.69293523897927 44.515579995995836 44.34309102207947 44.180507647485214 44.03359628157731 43.909955032364714 43.82085832400454 43.79583859602226 43.85865468529882 43.99105937823673 44.1618673562169 44.35408934092984 44.556245947120345 44.75981011438603 44.96587104787321
44.05531306968839 43.94756889929506 43.83721355731364 43.73015721731049 43.64374449727618 43.61951078151195 43.6777406144577 43.78060751394195 43.91004912376108 44.054048631295615 44.20665262237581 44.36441702413504 44.52481691694658 44.6856810155363 44.84497019712593 45.00067049113869 45.150702256595416 45.29277730707374 45.42410044786546 45.54066239099947 45.635448558399275 45.69782706710706 45.70799171771519 45.64701011179791 45.530720231451646 45.38067308039868 45.209149082763126 45.023499883721605 44.82918451328899 44.63097606641643 44.43339771569617 44.24086985296686 44.057827191212276 43.88909773563868 43.74111939454816 43.62736528797251 43.59690620690311 43.68572771197656 43.863811924917556 44.07739111385728 44.306673257820144 44.542171026778746 44.77704846129294 45.01082045265572
44.096608946535895 44.00078479460677 43.90746188232394 43.82467433292388 43.76692146769694 43.75276610088831 43.78840764469475 43.86440008340387 43.974478964112514 44.10559188954905 44.24968744151408 44.40182844593605 44.55859821292334 44.71732639008438 44.87572921772469 45.03173754650167 45.183400460949954 45.32880296128114 45.46593828233924 45.59239053349853 45.70420995483017 45.79468112817056 45.813371578155376 45.7144061389331 45.56157491317911 45.38366197691299 45.18916540169619 44.983028558509055 44.769516261177614 44.55281804149473 44.337134552113405 44.12657974601799 43.925062109532384 43.73635644784832 43.5646460918741 43.42271739333382 43.3614779269364 43.49729053349934 43.73847022679127 43.995311584753345 44.25851566451016 44.52392208537518 44.78705292942238 45.04578267506861
44.151971944264815 44.06947610974935 43.992754713882384 43.92899963741088 43.88780936774076 43.87821964417208 43.90276470552603 43.960354898744484 44.05238012969043 44.16860873046802 44.301077557884994 44.44420075275921 44.59391868911731 44.747080575046844 44.90108031602631 45.05365552747733 45.20277609768223 45.346578565407434 45.48332314902575 45.611360912484336 45.72912464882503 45.83927757505053 45.88366075586843 45.72707355800571 45.54876584034581 45.35276760243636 45.1422539790787 44.920659671678045 44.69174449722904 44.459564097952345 44.22833378356288 44.00220135941152 43.78508128704739 43.58088116026714 43.39448579510247 43.24691963860447 43.19492717861906 43.36320114332641 43.63908923248877 43.92473654049015 44.21333079248293 44.50266271866883 44.78933256498307 45.06718268982397
44.21610580811618 44.14635403955147 44.08376179974249 44.033936861037986 44.0030622567161 43.99604421614076 44.01413925515139 44.058660711432445 44.1353110392955 44.23684052012089 44.35631876495893 44.48823954377915 44.628278941248766 44.77295079442778 44.919113361723795 45.064080820650176 45.205950848841795 45.34273648115539 45.47216954890537 45.591294076402754 45.69566873815244 45.77121324197034 45.767689214582205 45.65486722993821 45.484822895072014 45.28627539066153 45.06873754429654 44.837608913280306 44.59747989729559 44.352890184277356 44.10842252822883 43.86858827701726 43.63798033534101 43.422519721901295 43.23273478104657 43.10945281520527 43.121879448869564 43.29652808748678 43.56951408309895 43.867050981187596 44.17154091326614 44.47803446420525 44.78193897638984 45.070753656097295
44.284526022815804 44.22615172542276 44.17510003853639 44.13557388007238 44.11166341028674 44.10629697435066 44.12018644549868 44.15469628629922 44.21808449833422 44.30569674411738 44.41174418868386 44.530596811911565 44.656662687052986 44.78717990556332 44.91983558941638 45.052414705552245 45.18261935778763 45.30784766575419 45.42483188740822 45.528887363091606 45.611931654726014 45.65566061433386 45.634884627183794 45.538609890573596 45.38370603473917 45.191189728361636 44.97331500524955 44.73762556253054 44.48990379414029 44.23534698441553 43.978911650960235 43.72543893452369 43.48054128819001 43.25372163127217 43.06395183288853 42.96798622169658 43.025975416548114 43.22706981670785 43.50916927479187 43.81547132519309 44.130473543411625 44.44852689974272 44.760265483301474 45.054686839391834
44.35368635202421 44.304487711625626 44.26193457997362 44.22982281605313 44.21122500325978 44.20786617951083 44.21961098941752 44.24624657168519 44.29772351630327 44.371635108923215 44.46039203887785 44.56021141122362 44.66826413081759 44.78198214142403 44.89893641998283 45.01667583012738 45.13253054006292 45.24335102105995 45.34511424688527 45.43232302484434 45.49518829861156 45.51872410843843 45.49049986924163 45.40259362934669 45.26190648722978 45.07890757543777 44.86374455912515 44.62660589449471 44.373796727588896 44.11066274993323 43.84192618645839 43.57201320205208 43.30726128012369 43.06238909469122 42.86855137646343 42.79716308502833 42.901300405717805 43.14220826929767 43.445290114575045 43.76359829304157 44.08729673760717 44.41203143524305 44.72418001514335 45.0185141968602
44.404976952870086 44.3588945958519 44.32061334416448 44.29331399924725 44.279345026307396 44.279830944366566 44.2943992340238 44.3214990329014 44.36586431055949 44.424442323163476 44.493557841911084 44.57358580646898 44.66254519522215 44.75802201218171 44.85759860401696 44.958715328099665 45.05848461342456 45.15345294511102 45.239299965168975 45.311702043963265 45.35843210738911 45.368950469157696 45.33689414962875 45.25451523518217 45.124744586928365 44.95366322175815 44.74744400468552 44.51163787348664 44.25531813184399 43.98409090855785 43.70111790668888 43.408511107549394 43.11179485289941 42.8334428522083 42.626411314793145 42.58203850335634 42.74660028181801 43.0430677223691 43.37612845293913 43.70989155899036 44.0414565272371 44.36727501605981 44.67558203048619 44.964394968687564
44.42513545608072 44.38060793610668 44.345050511419885 44.3212725407857 44.31118431960119 44.315528995963064 44.333729812835266 44.36023053063401 44.39544040958729 44.44502520577829 44.50493656589947 44.57080974647346 44.640240385944594 44.71633787031368 44.79727647622127 44.88054752286183 44.96324409837422 45.04187338198241 45.112319671463794 45.173633928585204 45.20870825388659 45.210915460977375 45.17711623667438 45.10032481303687 44.98024947071761 44.82053829355313 44.6252855471025 44.398112730363685 44.14174045450563 43.86285979657303 43.5631544566204 43.238728074582916 42.889354728877834 42.547623868202834 42.311872266640016 42.31021331827587 42.5665626642875 42.93696336554223 43.30714010587169 43.657636470864134 43.99533034739528 44.31747565079342 44.617080085383634 44.88991359402012
44.41474532561001 44.37032924321465 44.336196723030056 44.31497683904379 44.30832402460375 44.31671220081474 44.336331787267085 44.36277957971699 44.394626473617066 44.43829258783687 44.49064748389593 44.54735632634596 44.604716555683645 44.66003618992502 44.719535517273236 44.784103372895814 44.849201966717715 44.91150592230966 44.9705238847297 45.02341974174675 45.05067624674953 45.04822354890155 45.01408076036862 44.94418638576768 44.834280790300774 44.686547050846364 44.50354590492661 44.28740295646059 44.038965979145374 43.756555366502674 43.439891247715515 43.075900750148925 42.645683417933164 42.18260879176581 41.88730903379754 41.979921082769636 42.3839233371835 42.8424149886799 43.250016889464305 43.613916327516606 43.95325914579707 44.26493428363965 44.54504066584314 44.795619960405105
44.37429357570916 44.32855856019137 44.29466114707166 44.27549087165891 44.278875641126945 44.30202165862595 44.33372206138516 44.36979470425512 44.40631276244295 44.44655207781024 44.491849461966304 44.53797990183612 44.5815049646216 44.61974634157607 44.650730113739456 44.68206155250045 44.72005485748632 44.766489085832994 44.81834599916184 44.8649636407486 44.88720306305074 44.88239613768985 44.849140172571104 44.78614800805155 44.68775166520478 44.55362168526734 44.38526283271639 44.183683634666835 43.94828623235315 43.674442778328896 43.34963625984051 42.952087141938435 42.42779646061451 41.7438069294735 41.299686445839235 41.65226300673048 42.26213760309627 42.79262657290065 43.22141885663013 43.58799799753357 43.91779265139403 44.2079809030243 44.46428251085715 44.68913131334308
44.30412242949197 44.25552739623638 44.22786570251711 44.22977936817825 44.257045958683335 44.296841294719144 44.34284975848906 44.39057162649268 44.43545905463738 44.474794103519834 44.51345260862288 44.54882375418451 44.57773888433773 44.5980096877106 44.608242603824024 44.6077770421377 44.60927550123927 44.625511833027495 44.65810444897442 44.69824124167918 44.71758733018332 44.713066760279 44.68330460243325 44.62736103178298 44.54265175273797 44.42454531246214 44.2737059482575 44.09049289094767 43.873662816765666 43.61797008257547 43.30833743263906 42.91356719497898 42.368386152319175 41.52672204520481 40.7060028744071 41.62015603294286 42.304236007228205 42.82525715597458 43.23736411497609 43.58631114993071 43.893444810100796 44.15997096625218 44.39059811768846 44.58692215933533
44.20525499569571 44.16870647318037 44.16543544632391 44.193054108233916 44.24170209636723 44.29989817020239 44.36261757416046 44.424384531667386 44.479792770112866 44.52400063095136 44.55681657299287 44.58136454021714 44.59489031016231 44.59579186565086 44.58353941095727 44.56059634657105 44.53189329417601 44.51376197935876 44.51395543317399 44.52916666397112 44.54418374695584 44.54314697766282 44.519825553212144 44.473033209690286 44.40207746351844 44.30291992203628 44.17299854006059 44.01259200093911 43.82077336338467 43.593726776666855 43.32118946974255 42.980411282783635 42.54862708239286 42.03529659190306 41.76969395178313 42.097813367402566 42.543079990858615 42.96030543306555 43.32618579845403 43.64238085595994 43.922420849774454 44.16211594420393 44.36390876166334 44.52849851902223
44.10003180475252 44.08579515711896 44.10725741050843 44.16032787537769 44.23024385077273 44.30953656227202 44.391949199220335 44.47069467220111 44.53918022228022 44.591648763494376 44.62367483701432 44.637426024223615 44.63470125471565 44.61490419863191 44.58179769146249 44.53723386832138 44.48389154003407 44.430666108046864 44.39757780216303 44.38466149476014 44.377216235272485 44.375606983042346 44.361894781445415 44.327126511715285 44.27044964250873 44.19137376410517 44.085842387001925 43.952618659342875 43.791887044063756 43.602624124626146 43.38171123156149 43.123874325305266 42.83763633191923 42.58635349953537 42.49876898701512 42.63914201308554 42.90576517556009 43.20710445101425 43.500072561786986 43.76835690429969 44.01256950027149 44.22030268935481 44.38979278493668 44.520195974685805
43.99542022888194 44.00282666575638 44.049116063704034 44.12634371250325 44.22013378359211 44.32392929771664 44.42981257395155 44.52920702271777 44.613901667266184 44.67690062057809 44.71300494115489 44.71942722521746 44.701755946121665 44.662404617688125 44.60303227995942 44.52891178569081 44.447076486256975 44.36380365362809 44.29848288543241 44.26141883089454 44.23619208020177 44.220178871652536 44.21281048425945 44.1929711102575 44.1532139176601 44.09337688961671 44.013640905379305 43.91118019842845 43.78590781252053 43.63958001713861 43.47464592167823 43.29618440869368 43.119484416862804 42.99466203086432 42.98355380563787 43.09641500011913 43.28602379307483 43.50446846482527 43.73051220646965 43.951130644336814 44.15749579676795 44.33169225191763 44.467593738672214 44.56283537008483
