_RESULTS/CROSS_VALIDATION_POSTPROCESSED_80-20/MHZ/GZ/1comp/3/MHZ_GZ_z_0_kriged_reverse_1comp_spherical_3.asc
ncols 100
nrows 74
xllcorner 5.5967023332191781
yllcorner 50.982320383219182
cellsize 0.00019249356164376555
nodata_value 1.7014100000000001E+038
[rows 36 to 53 of 74, columns 41 to 81 of 100]
0.0047407587531823865 0.0049421477440709195 0.005664759398937223 0.006988330627213506 0.00892257283965689 0.010338318582594031 0.009409360264585477 0.0075999073894139875 0.006048070153668606 0.0048854802493939 0.0040621026832623796 0.003506155872828809 0.003113803200145204 0.0028577607701512375 0.0027179429036165107 0.0026585175058238754 0.0026558358342088193 0.0027569932549120634 0.003063743213943414 0.0036538617018905995 0.004640543439831486 0.006133744102917411 0.007993333145100581 0.010065004401623993 0.011983426915901178 0.013271688755191923 0.014066715146182322 0.014390352300696201 0.01434970349198129 0.01400955466094868 0.013394216652021774 0.012507266630299961 0.011358743843252073 0.009989211388283693 0.008486359498414694 0.006991692559871242 0.005639057271742479 0.004502197471055538 0.0035936478738682223 0.0028907287867853755 0.0023827766904206253
0.00541302944769105 0.005650713169500801 0.006556503874335992 0.008258310459198673 0.01118958109738638 0.015155281682709073 0.01075801934372907 0.007647445789555326 0.005609066493485207 0.004272339429611527 0.003408345576700953 0.0028669724173057153 0.0025206602742425446 0.002289737217054509 0.0021563739493364637 0.0020957635441717294 0.0020933418126197114 0.00222175241489915 0.002518480381217967 0.0030634993129417033 0.004001562303715152 0.005425077565691568 0.007222457515707703 0.009252230825275877 0.011218189675752784 0.012687399896694077 0.01380579603983246 0.014592167394086433 0.015007093378430352 0.015069799665767217 0.014782693359717826 0.014134583932660908 0.013097877448301647 0.0116524988677638 0.009884850960814555 0.008047543903925031 0.006393562655833693 0.005019549263195245 0.003931316305261 0.0031172794422877803 0.0025525930611172546
0.005533737221976518 0.005821557102123214 0.006643847461878189 0.008099000806881211 0.010143953041425055 0.011331460774320214 0.009181255426510387 0.006560336295962503 0.004676624045382846 0.0034451097475091956 0.0026756661883179677 0.002219607724208993 0.001956189698977834 0.0017996109108059757 0.001699356672393377 0.0016533174496504454 0.0016852038473065096 0.001830833520763271 0.0021132397137508057 0.0025993016138856294 0.0034144532155062296 0.0047182481252625455 0.006400182879522385 0.008346488118509599 0.010345100925830167 0.012062475322760032 0.01345534689672513 0.014679294115189229 0.015567891335420466 0.016085940400728384 0.01621430403241056 0.015935826600481443 0.015193298625073286 0.013820992614575311 0.011730442269133463 0.009393645457426885 0.007284066099779266 0.005582130187313071 0.004299400321860248 0.0033784544405311557 0.002752391307973785
0.005034181805724069 0.005304335577878975 0.00596145114173004 0.006909605890357947 0.007791749530663889 0.007911648040419161 0.006725110578380146 0.00502126363074396 0.0035791711462310532 0.002582503902521288 0.001970815402733153 0.0016342198662899364 0.0014690886170799105 0.001391033192319941 0.0013425170134792638 0.001324816189055191 0.0013883711178069367 0.0015380990346175346 0.0017953763908895586 0.0022255109877619144 0.0029365352892965664 0.004072075269282699 0.005610786763377535 0.007431397858029051 0.009390390772881676 0.011270233030716037 0.012927451365663228 0.014589319343364729 0.01600143923287182 0.017017765332080582 0.017574127196294448 0.017713483689377297 0.017452679461255158 0.01655919151974058 0.01397762667403905 0.010757981302206922 0.008094122486055143 0.006080526904627073 0.004621594333286519 0.0036001856172810523 0.002906931266856272
0.004137055566693148 0.0043603545593130745 0.004842724650676995 0.005484680678132303 0.0058989785955190725 0.005776757456017691 0.004940715799011655 0.0037474929715885772 0.0026440296511584978 0.0018486118190771028 0.0013789819574936365 0.001157929270102792 0.0010872161947579396 0.0010749131701487237 0.0010718247542545855 0.001094675052657309 0.0011728839030754985 0.0013187172331791705 0.0015546275659824628 0.0019400934688336329 0.0025711048722139155 0.003556034744709267 0.004925644517134599 0.006600682455475589 0.008445173672163693 0.010368250721000043 0.012282028300540258 0.0143374113179736 0.016226930731654397 0.017710881887850353 0.018675514533145907 0.019104220738159462 0.0190996260451849 0.018713870969257897 0.015543414776808095 0.011640395677801016 0.008629069893210618 0.006413826772348614 0.004834657404658072 0.0037392186416160223 0.0029844782979553263
0.003127273325473032 0.003321747050755053 0.0037054627189189813 0.00420958133264461 0.0045556290804555505 0.004434628747260052 0.0038158652968043965 0.0029032119173893066 0.0019981244801005734 0.0013121675739158672 0.0009238689031364883 0.0008007944661421893 0.0008096382354386267 0.0008455526266360289 0.0008877639346047033 0.0009410446848446699 0.0010261390366848 0.001166532684430017 0.0013851197061003336 0.0017364930045793135 0.0023099908240916227 0.0031769864895652366 0.004380783874974756 0.005925149621743113 0.007609322463904786 0.009424179334063717 0.011669246580143643 0.014064716130997391 0.016326829402703007 0.018140571958923008 0.019324879686952044 0.019814550381033823 0.019551688539927902 0.018201103087359942 0.015252678871778953 0.011752180194821882 0.008777557731443359 0.006526097746024541 0.004905946355315373 0.0037722378141776466 0.0029744070255226926
0.0022114775136461294 0.002397587417751113 0.002747361951558813 0.0032237914211653194 0.0036205141751207643 0.003634791072226727 0.003195164188945225 0.0024630415515783572 0.0016647211047655665 0.0010043733881835634 0.0005976555616057416 0.000570661516660869 0.000649305831956179 0.0007218349753465844 0.0007891100416978814 0.0008573897562757854 0.0009415665429596653 0.0010740744273499453 0.0012782491604591097 0.0016042490156157416 0.0021355855302633573 0.0029120770681855153 0.0039961675956254866 0.0054556381121576665 0.007132558211375634 0.009018239150674939 0.011390381501293385 0.013938393913914979 0.01642041418581396 0.0183869629402943 0.01959150755803246 0.019923906776493062 0.019316518245607744 0.01743117280286433 0.014526816446025766 0.011373385459493188 0.008598845080790436 0.006429656740894704 0.004838254467125195 0.0036952522690790607 0.002880626244826844
0.0014831022445504207 0.0016662757991650272 0.002012380162372872 0.002511811141443306 0.0029914037637370702 0.0031957633856953545 0.00296716707255965 0.0023939415113040565 0.0016704028853055945 0.0010193188557132717 0.0005969579144072892 0.0005643525973165822 0.0006401275054399274 0.0007075601328032636 0.0007715844265809505 0.0008369154804313919 0.0009130287615361155 0.0010344802854696455 0.001226158946258769 0.001533649314770326 0.0020268085560935477 0.0027340773071812623 0.0037373432087933057 0.005151196498237224 0.006949411567817321 0.009078720042788684 0.011433075116051282 0.01402382940358909 0.016580584766484427 0.01854281127048609 0.019592500111550885 0.019679589555033142 0.018684224105470125 0.01655708514065084 0.013715310413916888 0.010785742368059847 0.008219323729811384 0.006181448116076858 0.00465285929048348 0.003526388238920734 0.0027190314174770037
0.0009558855225809806 0.0011323153240675762 0.0014839032312316126 0.0020076190751632866 0.002585834999688381 0.003007147804728653 0.00305965143336326 0.0026842575283636855 0.002039097606211527 0.0013830579997046399 0.0009569044281524256 0.0008014451064771756 0.000782349611178022 0.0007980225394596548 0.0008311889417555084 0.0008762756127179227 0.0009357180706430776 0.00104228472803305 0.0012221121737510617 0.0015164555220976345 0.0019661529907480484 0.0026138324289619575 0.0035503040449179355 0.004911413706054769 0.006767094986645958 0.00901942798786318 0.011494837552747925 0.014240223001051931 0.016831691875311697 0.018637752182944885 0.019371141237476058 0.01913602395369957 0.017786280550643394 0.015550206119281271 0.012845424760382718 0.01011295388989435 0.007738904876169906 0.005841743976673099 0.004379944096704374 0.003294410966294243 0.0025126296713125066
0.0006033125395878791 0.0007739925602357224 0.0011337936827169096 0.0016803548062447118 0.0023551276954123066 0.0030050326210540874 0.0034155157484890824 0.0033742406610981373 0.002861393743335834 0.0021118435158024463 0.001528718112602284 0.0012077787945894037 0.0010567656902251892 0.0009876894647911974 0.0009652886464529184 0.0009733642936964858 0.00100641298683997 0.001093713263449163 0.0012614269548523736 0.001535890221632901 0.0019369891611288148 0.002524515156662467 0.0033889886437085247 0.004670496189521325 0.006492072294404594 0.008766151880802276 0.011386780947688125 0.014481624405599382 0.017227419750566506 0.018573644679930893 0.01881322699321647 0.018200014781966044 0.016639273346602527 0.014418075124892137 0.011899970280750535 0.0094092291809436 0.007219582413362772 0.005439896230617112 0.004059418307368305 0.0030305873800538416 0.0022863436402269914
0.0003848482381251357 0.0005735416888408976 0.0009407809688198008 0.0015048326330803334 0.0022649592749991927 0.003157252385215362 0.004054385490723429 0.004693061574462056 0.004468668605159279 0.003305924908229675 0.002346328541274222 0.0017731726463452156 0.001449114016700587 0.0012663210405737817 0.001171274759611358 0.0011273644291363565 0.0011236035059411424 0.001186916438023054 0.0013399039696993886 0.0015774295232922513 0.0019244390568782868 0.0024446597431919044 0.003222281278608695 0.004388847420259363 0.006079900085887875 0.00822616225596919 0.010861943023932587 0.014420190111208018 0.017739350569877712 0.017962504212691462 0.01763521306238818 0.016799120201185225 0.01523833327512691 0.013177659009740822 0.010910802377214023 0.008687251769822638 0.006669524541746671 0.005012428995290981 0.0037258715623820437 0.0027631913545935875 0.0020637037766474634
0.00041008801834871666 0.0005717686041296967 0.0009207053846258695 0.0015019563198502527 0.0023392359040473507 0.003440099498710071 0.0047909002956263436 0.006374147197940715 0.007203771445261819 0.004745726223263514 0.0032902130689662283 0.0024432607923506604 0.0019324244840775323 0.0016204584025519232 0.001439211376119436 0.001336467265671673 0.0012881970164548625 0.001322676232501731 0.0014384765817290438 0.001628497970340169 0.0019164627420719658 0.00235973303084868 0.0030344612121555982 0.004053201910999156 0.005528297487820494 0.007370729402258424 0.009688740709478158 0.01277456359449901 0.015548982966749874 0.01594167682364783 0.015700641713490653 0.014957773834811615 0.013636948820598488 0.011873797350031438 0.009906909535958013 0.00792804342598604 0.00610949670045645 0.004590211200812707 0.003406125043860492 0.002514689746421852 0.001864148078379224
0.0005056469875670179 0.0006851934440264651 0.0010398275969431274 0.0016457487370813279 0.0025449181181009016 0.003757781321456765 0.005245485217671285 0.006718750946086448 0.006992278955533368 0.005552568320281513 0.004108496308426326 0.0031147964698212023 0.0024633487838236667 0.002032228966482578 0.0017615133337866814 0.0015930509655191708 0.0014984111508196895 0.0014878418958754705 0.0015451112926750305 0.0016787199775159418 0.0019050035174489838 0.002262879109536423 0.002824196784938639 0.003677833605445869 0.004890882967690244 0.006341867070897869 0.008159357687445282 0.010302145185772582 0.012178540167383324 0.01315082922708053 0.013394935009241268 0.01296497015225055 0.011966239065205548 0.010544210718991337 0.008871925524446071 0.007159041249912891 0.005562387406876187 0.004195194097598296 0.003118653993257004 0.002300691456620018 0.0017015344018343139
0.0006496691004173779 0.000875377100895079 0.001279066186344142 0.0019296085280034 0.0028713232915485577 0.004110061400549274 0.005501561400953487 0.006596455958015144 0.006713110185307483 0.00587070853004199 0.004723761971115951 0.003740652193893898 0.0030102713017410034 0.00248884568007906 0.002135789749061299 0.0018990921734897948 0.001734751011329538 0.0016509650448569748 0.0016464813250764063 0.001721474121621978 0.0018820457023532278 0.0021545191387987743 0.0026009711858304752 0.0032946973956504456 0.004250380493287034 0.005370345195453674 0.006759280437850718 0.008308832737824763 0.009732913752084175 0.010743682377088927 0.011254069601711185 0.01110670998621622 0.01037525654599038 0.009228713374076537 0.007854430799686193 0.006418051887679781 0.005046538814316706 0.0038409034305565072 0.0028738542329065147 0.0021317815297522183 0.0015842262421572738
0.0008699801762338604 0.001167559585189813 0.0016550340917769531 0.002374780664518336 0.003355581490268874 0.004575289993874165 0.0058421341615365625 0.006706708714086802 0.006777100974062698 0.006188446301615979 0.0052702681458055055 0.004353171228340489 0.0035891191888638677 0.0029948353091524874 0.002569229708765341 0.0022332827114115465 0.001969164208927185 0.001800940269220641 0.001727041504379548 0.0017452433021391508 0.0018365853027049132 0.002028107563775395 0.0023741633628046807 0.0029361587447430375 0.0036760326874848656 0.004578251036007039 0.00566637585509488 0.0068521373508228095 0.007977875563854485 0.008878540178133372 0.009445225807440288 0.009470356501169466 0.008970037229918851 0.008075084026035215 0.00694685601879326 0.005742943209152464 0.0045783615919641855 0.003533157467725117 0.0026750572161355255 0.0020119934647034286 0.0015151551500991352
0.001215645841302974 0.001620217660953107 0.0022199476734023017 0.00303382857913168 0.004065368500525628 0.005252653946039077 0.0064162894467319105 0.0071336125062902035 0.0071627775800120865 0.006680810929766223 0.00589067823831877 0.005026777797691819 0.0042403871304239745 0.0035671653854494694 0.0030130467755180575 0.002555437725338348 0.002202751001577292 0.001956325942532449 0.0018129672963358933 0.0017676585390902061 0.00177503070282863 0.0018671477991662063 0.0021370854576337034 0.0026105686320792854 0.0032145868159168794 0.003965097678765221 0.004839043755883646 0.005776033820067056 0.006680980890408479 0.007450805179855533 0.007998748332806933 0.008125086951679265 0.007801041977440564 0.007117160147146157 0.006203771415974713 0.00519698275807398 0.0041999934292947195 0.0032872381949800903 0.00253019159159071 0.0019412660474021517 0.001493311352569367
0.0017724399707399708 0.0023294815576508743 0.0030687896175865086 0.004000104855451442 0.005092625913706168 0.006253246212022786 0.007307635284878616 0.007904769731382783 0.007879341762655666 0.007426246387692394 0.006685834044895756 0.005809541152212884 0.004927958884888288 0.004117644779848752 0.003419894677194876 0.0028554682040298628 0.0024362822434815853 0.00213767268419796 0.0019388974538418905 0.0018164204266377325 0.0017392232494331176 0.0016979537372877412 0.0019280612538777081 0.0023681323915503475 0.0029010616081777546 0.0035312684751240527 0.004244808103411184 0.005000661720421987 0.005737198304234304 0.006385629905092157 0.006884308782392823 0.007066166616588256 0.006869149697981019 0.006352319486253444 0.005617581671751385 0.00477822400459351 0.003924663076746517 0.003128751537834168 0.0024622606383269837 0.0019356126207416516 0.0015299389690863923
0.00261908016803403 0.0033859528187905005 0.0043168913473778 0.005393612451850995 0.0065498795701422596 0.007670713652878033 0.008587851877147366 0.009018682937163939 0.008887410583111457 0.008350295204294818 0.007518707968314761 0.0065386614820785605 0.005537670916068398 0.004599126969922289 0.003766973886848273 0.003120799244503398 0.002654822384266337 0.002314243017825471 0.0020714086804908345 0.0019024410415880253 0.0017889999075909793 0.0017456717015033826 0.0019056291982919042 0.0022728438334929033 0.0027336297946524146 0.0032646966673112285 0.0038490967289536294 0.00446424889461484 0.005067022336741098 0.005608753633948559 0.006045324770432387 0.006256749319591957 0.006150256117957776 0.005762670159488267 0.005173202685824364 0.004473318142221713 0.003744166503916111 0.003055931052414267 0.0024681568731628307 0.0019961364279051526 0.0016283490504892624
