_RESULTS/CROSS_VALIDATION_POSTPROCESSED_CLR/MHZ/GZ/4comp/4/MHZ_GZ_z_355_kriged_reverse_4comp_spherical_4.asc
ncols 100
nrows 74
xllcorner 5.5967023332191781
yllcorner 50.982320383219182
cellsize 0.00019249356164376555
nodata_value 1.7014100000000001E+038
[rows 0 to 18 of 74, columns 44 to 87 of 100]
2.9277030393513677 2.940597472036841 2.9521562931726932 2.961650111909976 2.968450527493476 2.972087997382435 2.9723039258107953 2.9690827894136587 2.9626541458502222 2.9534638575034675 2.942123729503639 2.929353617296004 2.9159284657670677 2.902637380288113 2.8902563688306713 2.879532910635585 2.871179181457139 2.865870846295742 2.8642276907845927 2.8642276907845927 2.8642276907845927 2.8642276907845927 2.8642276907845927 2.8642276907845927 2.8642276907845927 2.8642276907845927 2.8642276907845927 2.8642276907845927 2.8642276907845927 2.8642276907845927 2.8642276907845927 2.8642276907845927 2.8642276907845927 2.8642276907845927 2.8642276907845927 2.8642276907845927 2.8642276907845927 2.8642276907845927 2.8642276907845927 2.8642276907845927 2.8642276907845927 2.8642276907845927 2.8642276907845927 2.8642276907845927
2.951625829303482 2.967641019731977 2.9819905328625955 2.9937935135603784 3.0022659328888417 3.0068058250118312 3.0070755224134795 3.0030546133345717 2.995043305554578 2.9836148247639938 2.969535360897124 2.953677935826263 2.9369505529535145 2.920247103066959 2.9044199076759964 2.890268340646676 2.878537488796431 2.8699221335234335 2.8650729723017445 2.8642276907845927 2.8642276907845927 2.8642276907845927 2.8642276907845927 2.8642276907845927 2.8642276907845927 2.8642276907845927 2.864145253461901 2.8629118537188036 2.8609039917630783 2.858894126057506 2.857458132081895 2.8569508011645945 2.8574897496112053 2.858949911974581 2.8609693936304903 2.862965859336366 2.864161248019326 2.8642276907845927 2.8642276907845927 2.8642276907845927 2.8642276907845927 2.8642276907845927 2.8642276907845927 2.8642276907845927
2.977698208223122 2.9971363330568255 3.014626108745335 3.0290910831245 3.0395305308882983 3.0451468747356714 3.0454810503336094 3.0405050318430384 3.0306278383379244 3.0166119656296306 2.9994403647448924 2.9801858653962525 2.9599156165171534 2.9396370008182693 2.9202759856562492 2.902675293115861 2.887602304450571 2.8757604157131658 2.867800562467804 2.8643314920179908 2.8642276907845927 2.8642276907845927 2.8642276907845927 2.8642276907845927 2.8637464713198812 2.860430761038797 2.855050835472204 2.8488043713653797 2.8427505098040697 2.8377690048983863 2.834520992249386 2.833416097138447 2.834590508490525 2.8378994186109128 2.8429250573152944 2.8489990157732707 2.855235406072905 2.860570210863135 2.863802116718813 2.8642276907845927 2.8642276907845927 2.8642276907845927 2.8642276907845927 2.8642276907845927
3.0050612205592877 3.0282611198645784 3.049319031017052 3.066909477696539 3.0797253165617797 3.086668420703556 3.0870826873207866 3.0809274740523276 3.068789212711361 3.0517236872954214 3.0310239449043492 3.0080208135364734 2.9839633889431196 2.9599712958415014 2.937030809825626 2.916010817363616 2.8976843751799417 2.882749261910275 2.8718452215180026 2.865567590597725 2.8642276907845927 2.8642276907845927 2.8642063436521212 2.861062272006078 2.8536345786590975 2.843412421161307 2.8318328207009618 2.820241114075908 2.809843331924605 2.8016535565607144 2.7964415567814944 2.7946876780011554 2.7965522108982683 2.801864730689638 2.8101354243962713 2.820586264391219 2.8321964532234762 2.84375489571656 2.8539127545242193 2.8612308570544784 2.8642189696276037 2.8642276907845927 2.8642276907845927 2.8642276907845927
3.0334960310068326 3.060028217670815 3.085165062064 3.106493398780889 3.1222712163696764 3.130918670975469 3.13143706286883 3.123763122364667 3.108793851300708 3.088061045517503 3.0633053764404417 3.036178246110079 3.0081167481508575 2.9803308106053645 2.9538371283540594 2.929502768274976 2.9080837506237383 2.890255068051902 2.8766327902699076 2.867789968130728 2.8642679951995236 2.8638099808051156 2.8580341476935827 2.846725222541612 2.831509366349046 2.814014891546222 2.7958397994301243 2.7785061941776226 2.763401702540684 2.7517111125604057 2.7443452978384086 2.741877869677214 2.7445011514953275 2.7520106759615093 2.763821654108496 2.779013755722576 2.79639487075358 2.8145722437908742 2.832020619222494 2.8471404504513527 2.8583030706669508 2.8638827720900326 2.8642276907845927 2.8642276907845927
3.0633228444614624 3.0919501433711845 3.1209994942608787 3.146866169311792 3.1664697912765174 3.1774268252376534 3.178089135071827 3.168348395224661 3.149696678844039 3.124475639335807 3.0950606937402227 3.0634614299222775 3.0312647980906506 2.999713889506185 2.9698048666988157 2.9423646666623218 2.9181056455565577 2.8976622423783205 2.881615269531062 2.8705080584196443 2.8642702560273876 2.8563329049739914 2.8419694974825345 2.8222438918929424 2.7989018272189976 2.773723547509819 2.7484915040297966 2.7249395689006586 2.7046818324572808 2.6891234557607535 2.679362577228516 2.6760989993160873 2.6795688174385335 2.689521053188945 2.7052424716460264 2.725624026777557 2.7492526663505896 2.774509354207858 2.799657762173951 2.822914851510126 2.8425010447575736 2.856672011514923 2.863736048000047 2.8642276907845927
3.092753929345932 3.1236210340775186 3.155632161770871 3.1866293995895725 3.211360686874287 3.225676481638408 3.22655570259727 3.2137864292502294 3.190141918554899 3.1593897245932445 3.1247243852502073 3.0884452370992577 3.052164735515569 3.0170565499781934 2.9840275395680393 2.9538222417527247 2.927084478206452 2.9043939170007387 2.8862882228920514 2.8730230576746236 2.858361385945506 2.840736756772406 2.8176552483264494 2.7892714541402883 2.75744956866682 2.724130870728749 2.691305744053415 2.6609606620297725 2.6349939629305497 2.615099895307707 2.602631145587561 2.5984633959369856 2.602894540218725 2.615607947873994 2.63571146847139 2.6618397787720043 2.6922903522191497 2.725160553254682 2.7584627001018367 2.790207277849467 2.818455073865967 2.8413445070217795 2.8571017319777243 2.864040118207957
3.119715037873871 3.152679346954255 3.1878678016342348 3.223599184108684 3.255334426058083 3.2750178327602177 3.2762702582225436 3.2585868623243166 3.2279439415110587 3.1905450864226883 3.150304308633198 3.109483914984835 3.069486277123186 3.0312845572763454 2.9956301382190738 2.963153623334576 2.9344162867708827 2.909937662044373 2.8902110768184013 2.8705590794950044 2.8460449213071786 2.8187085551332487 2.786832337485884 2.749580651026282 2.7089262048770553 2.666972473401376 2.6259372274093 2.588104301749441 2.555729514296233 2.530892201650156 2.5153003433259067 2.5100833914894736 2.5156299512263764 2.5315270503469716 2.556624593112558 2.589199997014786 2.6271657580598187 2.6682632599603373 2.710209566182034 2.750789907571075 2.787904719725512 2.8195853540456453 2.8439913065819677 2.8593982361606822
3.1420328709285057 3.17638077538054 3.214312099031533 3.2547945641455267 3.294954631959823 3.324260897900878 3.3263192254144984 3.299500224184308 3.2592898110302344 3.2147722138624495 3.169423187398594 3.1248280632248724 3.0819272115363883 3.041407040951926 3.0038399987530586 2.969779127840668 2.939711054185942 2.9139568445617985 2.8910159985564827 2.8624086608411616 2.8287214128208884 2.7920177959226042 2.751350505136606 2.705086104625147 2.6552768728112306 2.6041751306168806 2.554233711677469 2.508076446100242 2.468405695512342 2.4378202609617308 2.4185385220187627 2.4120713227764776 2.4189468482650196 2.4386039382743627 2.4695052508532074 2.5094158480301565 2.5557300403598338 2.6057456765420994 2.6568432137443034 2.7065758027408484 2.752697326269421 2.79315541334065 2.8260686690800148 2.8496993787846114
3.157717665589579 3.1920104768811712 3.23095314452733 3.274379880279468 3.321731667681945 3.3681595437811636 3.3728145697486216 3.3278127401462028 3.2779810476334923 3.228255102452053 3.17969743427468 3.133237256886171 3.0906454782696327 3.0516484606025642 3.015831559468062 2.982971912883948 2.9530702929450365 2.92633344421342 2.895453006305639 2.8563271184971972 2.811444113782689 2.763604676067739 2.713173319621606 2.657864176248771 2.5986579918931643 2.5379186786303647 2.478316698126933 2.422841956174356 2.374741388226636 2.337318403527663 2.313546969966095 2.3055395351120644 2.3140519442707053 2.3382814660096596 2.3760808580038972 2.4244584937474447 2.48010792573661 2.5397880168904714 2.6005183097516373 2.6596382229636237 2.7147921953715626 2.763885171179123 2.8050324864516485 2.8365145611864118
3.1653687254916587 3.1976431031562003 3.233695984621291 3.2727463132989927 3.315268852155108 3.358030429498523 3.3610071471176433 3.3164499843128437 3.2680621166545443 3.22154635698375 3.180045814380196 3.142392814197502 3.1067359164424455 3.072282541839732 3.03988720627934 3.0092564561260247 2.9803232559464505 2.9514107248357093 2.9123678780382516 2.8634887504518995 2.807295611786864 2.7466450098160617 2.681968193163862 2.6124504789511676 2.541484488930282 2.4707101814407446 2.4006943925686963 2.3347638472694277 2.2767616082115922 2.230904430270785 2.2013846628028326 2.1913648822061416 2.2020154850136944 2.23209402876074 2.278390558338784 2.3366979146925617 2.402809566200247 2.4728954610387257 2.543636022811048 2.6122199670079156 2.6762521209989796 2.7336561644611805 2.782592882822664 2.8213974228523946
3.160103487134961 3.1840919055629286 3.2085995521588764 3.2353079374472222 3.2628594175862977 3.2844906146395267 3.2832437157238252 3.2564549696466374 3.2226067865048686 3.1917539999588627 3.165191792149408 3.1420485185053737 3.1206188161133683 3.0988615130134325 3.074650327946814 3.04747201552866 3.0203247131874598 2.9879410462110867 2.941930769798062 2.8843289233188627 2.8177107640698775 2.745001276897648 2.666308736105833 2.581267151242365 2.4933539250089987 2.4064008332676656 2.324000924406638 2.2458957699670754 2.175707772700221 2.1190024517783415 2.081770630345948 2.0689793587583427 2.0825737881112216 2.1204910336015157 2.1777022430302706 2.248213089449412 2.3264832508898037 2.407916041784119 2.4888635647199653 2.5667200257593357 2.6392131305083115 2.704364114911889 2.7604338547404748 2.8058489152460853
3.128401952654644 3.1414855343678196 3.1545936414802758 3.1673454965627608 3.1795592534362824 3.187258696194919 3.183677616335354 3.171522763457681 3.157219351615229 3.1448240889959553 3.1357662200031373 3.1295137710684022 3.124453691013261 3.1184467017904987 3.109172087127872 3.094363978335345 3.071981001199883 3.0360286658032845 2.984321926050361 2.9191179421369986 2.8430786641295103 2.759199919669831 2.6669008066331803 2.566657186375194 2.4615249604853404 2.355406730874988 2.2528628241921713 2.1590544325371313 2.0745917197876564 2.004043128802973 1.9561261560505916 1.9392883998924382 1.957176821984767 2.00593019259337 2.0770318348289063 2.1618038990805553 2.25341695565977 2.3468935951457026 2.438565796172322 2.5255977619406713 2.6058214987887394 2.677858140050047 2.7401589797412633 2.791270663820363
3.0717457771297703 3.0731141512041287 3.0745747740865124 3.0755970539242066 3.0749865597581345 3.0731796094214525 3.0738189328303718 3.0752078342917373 3.0782628918123027 3.0844459836738225 3.0941581009244743 3.106505670755272 3.119632732545813 3.131125034228393 3.138355278516101 3.1387614703413957 3.1291081832555623 3.0957634863604735 3.039672194938089 2.967885753278096 2.882769057314091 2.7878786170005063 2.682222029382207 2.5670676786314 2.4457804338438014 2.321640191320943 2.1986600640415492 2.0823991359382394 1.9790637595119365 1.8907449070907774 1.8270229362776318 1.8035549048958825 1.8284658412653325 1.893180837013702 1.9820364950960032 2.0828695071559564 2.188140178575925 2.2931415664661445 2.394655627528231 2.4902431010507056 2.57788889408567 2.6558531932409117 2.723220562476564 2.7789083486608996
2.993935640682479 2.983358584584224 2.9732445103063676 2.9635520719660464 2.9537684344519786 2.9502539212279335 2.9572127298703443 2.9703694978997186 2.9892036840665255 3.0135610851165433 3.04267430431792 3.0748882346621063 3.107770683943868 3.138390951762093 3.163636885848205 3.1805180242061444 3.1837985935522037 3.1566067415334635 3.097678642864646 3.014748052596259 2.918109135673716 2.8107257248369737 2.691433810382745 2.5633094320360166 2.429705008039879 2.2936417810864476 2.1579188234503257 2.0253950296216474 1.8996702505105656 1.7879549644509793 1.6995715333108574 1.6630426808584529 1.7017229318750318 1.7911328063490255 1.9013222989385614 2.018335223719557 2.1359405872592037 2.250689249476481 2.3602084693712095 2.462595826971786 2.556179571883564 2.6394134304693386 2.7108367595314857 2.7697892936354482
2.9027334393794773 2.8789076675093415 2.855954507719194 2.8352776146360297 2.821461843210351 2.821063000376116 2.8340891380294244 2.858066942996537 2.891804212271726 2.934109313698483 2.9831612391633326 3.0363767015939325 3.0905031370463965 3.1418562478078638 3.185901088325083 3.2141586734892846 3.2219215383687043 3.196729042760753 3.138618593107889 3.050133143287233 2.942276093890561 2.821938816528725 2.6900766655473696 2.550601006100865 2.406918928663975 2.2618713902247616 2.117778334573207 1.9765542894888557 1.839946650171246 1.7102206477702602 1.5904864765443236 1.5190233224813257 1.5939877131290834 1.7172964479060047 1.8468342691556394 1.975930277487354 2.1019676173029778 2.2231359140968827 2.337564393555415 2.4432219219504567 2.5392851858280947 2.6248780514277033 2.6989643585145164 2.760356852682596
2.818253248866409 2.7799223846569094 2.7415641604329655 2.7065183168042095 2.6868570856114613 2.686168536317978 2.7045334334948703 2.7386799933180415 2.7869010166478376 2.8472568533896907 2.916961551541708 2.992413506259625 3.0693590811571054 3.1394052299775788 3.1929021714859243 3.2278618423022625 3.2403980434762047 3.217982645658527 3.161032169115736 3.0723386070045953 2.955501986787177 2.8222607595836027 2.678995386616457 2.5300574169161267 2.379045567788439 2.2288008233220884 2.0814816014719084 1.9386874242587293 1.801622733136335 1.671386108848737 1.5501888746342392 1.4637699461082034 1.5641179002568082 1.696435730003424 1.8299938054017275 1.961714488517066 2.0883475978066213 2.2077906212431295 2.319609838337656 2.423292190993407 2.5182034964590247 2.603552500406542 2.6783601999587323 2.7414374329514364
2.7453989203605462 2.692399816507372 2.638205926194821 2.591829208682876 2.564450724108469 2.558438938143694 2.5744385820372484 2.612758386857729 2.674819633251705 2.7536548240549323 2.8450065484534 2.944152849943837 3.0392934114192247 3.1199434701125286 3.182913112879016 3.2254177150712766 3.2434235162137672 3.224214184704376 3.168160400755132 3.078167038960289 2.9570757094888482 2.8116237625459117 2.6580667153378936 2.5016555636825677 2.3462908011591113 2.1949720386706453 2.0500243004428733 1.9134652430424017 1.7876791735502577 1.677126043933808 1.5941217708117434 1.5714770443359944 1.631221054197542 1.7341581145135745 1.851974814669647 1.9710633656673857 2.0870837194229384 2.198242312391909 2.30350939436546 2.4021082386232746 2.493294340817754 2.5762338566234186 2.649925727964942 2.71315167190004
2.6873586177726625 2.6193523590018497 2.549315031802223 2.4921232857400932 2.454957208934459 2.4415797837285727 2.4533699577470003 2.490736395114783 2.5578696250153894 2.653657772811996 2.7679567405096406 2.8855964628495254 2.993102069954867 3.0861095566626124 3.160203024296709 3.211308111798642 3.2352303025391755 3.2191782941528033 3.1625215731064586 3.0693882299931294 2.94285730123378 2.78898433645964 2.62609544346216 2.464167371007224 2.3073954646727057 2.158928593029966 2.021300946722998 1.8970584636417571 1.789756839913287 1.7057623794815273 1.6571452904187414 1.66152953006489 1.7177111617449632 1.8035068855844698 1.8963662622135242 1.9950551462482973 2.095427952000528 2.1942083022643093 2.2895359465081917 2.3801955311271574 2.4652211858062487 2.543668062633258 2.6144674019347924 2.676334562445279
