_RESULTS/CROSS_VALIDATION_POSTPROCESSED_CLR/MHZ/GZ/4comp/4/MHZ_GZ_z_1000_kriged_reverse_4comp_spherical_4.asc
ncols 100
nrows 74
xllcorner 5.5967023332191781
yllcorner 50.982320383219182
cellsize 0.00019249356164376555
nodata_value 1.7014100000000001E+038
[rows 38 to 56 of 74, columns 43 to 85 of 100]
-5.925610309653509 -5.0750531531786605 -4.124392115412599 -3.5478340532047414 -4.020274130806216 -4.894188119508913 -5.7755003045775135 -6.5638078914196605 -7.224904967707007 -7.722250804741547 -8.068708703185957 -8.313221640391431 -8.502374557787954 -8.617897452202708 -8.627253532614482 -8.482274163420033 -8.182757073455184 -7.6940853432409355 -6.990634737178025 -6.104423987680914 -5.195853141606006 -4.336795661670557 -3.60575345488835 -3.0413864155086214 -2.600295010922032 -2.2725854280481603 -2.09398492817558 -2.0431365558075134 -2.1135948737245185 -2.311477141972428 -2.668926443138 -3.2375612241153195 -4.106153953830013 -5.232192321493545 -6.478631110774007 -7.747162823421858 -8.969777629764396 -10.075877535815263 -10.966360036109787 -11.532107241182558 -11.695694367809622 -11.494641569295267 -11.074059200479791
-6.390812265245897 -5.664890585687789 -5.019434278689575 -4.719890139206082 -4.993138624318699 -5.677916802567299 -6.517569649246646 -7.357813665869752 -8.067515089308301 -8.560682057812969 -8.849421967567988 -9.015296099213352 -9.148191551818224 -9.240537975242223 -9.200210556497803 -9.029935573249999 -8.726807648846297 -8.235198695476349 -7.52840250437332 -6.639639568318495 -5.714128392999503 -4.804439649754946 -3.972135533095636 -3.297847148011624 -2.776322932379406 -2.3459934335196055 -2.0774114607998806 -1.943838954294085 -1.9208806152799438 -1.9932918005704305 -2.1649437666320686 -2.5189259738150147 -3.4157217808049194 -4.705341414072871 -6.043439536862994 -7.344702871222166 -8.558870848796449 -9.625358825322648 -10.474496337732688 -11.047769266853074 -11.311976738504368 -11.28813035132872 -11.042263310309579
-7.074689211084517 -6.394263157812385 -5.876936864348443 -5.66908295223482 -5.8895837250542655 -6.492045378538406 -7.351315024909736 -8.27557661523306 -9.044763771143767 -9.493254309528817 -9.655021798374563 -9.704096972682331 -9.76314559880435 -9.79490123226595 -9.726180783419412 -9.5485950463753 -9.248704304408783 -8.763132363520224 -8.061033147427288 -7.188920354321911 -6.2687273893933195 -5.346115884079965 -4.454811250003289 -3.6866480230334093 -3.091183001008367 -2.565709291911885 -2.1821624514319486 -1.950332460847294 -1.841926318386517 -1.826855565313628 -1.888097236107428 -2.031849950098443 -2.9720665495306005 -4.343858242915069 -5.695470578423068 -6.9852367844952035 -8.170319491461242 -9.201362002324682 -10.035487931597524 -10.637598228177488 -10.987992573174495 -11.093452841450974 -10.986498023571936
-7.832043692741843 -7.119223401093917 -6.583982369944257 -6.388337512245494 -6.581457108721106 -7.181811480065784 -8.110300715606416 -9.205356504682143 -10.12930536440724 -10.478573845036596 -10.429662709583102 -10.335211801331178 -10.281340139461829 -10.258244563995671 -10.178830935752147 -10.011601134373041 -9.730130800538245 -9.266030726994845 -8.580465848564469 -7.74704970438395 -6.856212549327729 -5.935995618116286 -5.028247307649265 -4.188562346889744 -3.5419750039482847 -2.9484669466745435 -2.4576893986113597 -2.115252860477963 -1.9262124384771928 -1.8652424152439622 -1.939892765314104 -2.259946884071571 -3.052947759359873 -4.2195787083338985 -5.475102019174255 -6.702669954344977 -7.841401390631489 -8.843707553117076 -9.67711118447718 -10.310409443916 -10.72846683049397 -10.930818011482103 -10.933542161134865
-8.536422737084253 -7.719644264008513 -7.0985362381893005 -6.838226003372119 -7.010200400406361 -7.599707919873256 -8.585537442555138 -9.911202603289844 -11.29729356524506 -11.36339841986653 -10.978115922567264 -10.721983834737737 -10.600662370573275 -10.573870677234837 -10.51987922458988 -10.390070335982118 -10.149207498145863 -9.726874128010529 -9.078503484398533 -8.308208110496912 -7.4665276439784 -6.573879023936905 -5.678622173060186 -4.830221342207949 -4.129562608990635 -3.4858655247958703 -2.896044335670803 -2.455524963931597 -2.180699155580033 -2.0877589953938847 -2.175086190865519 -2.5427815963141107 -3.249293580527956 -4.232766436760429 -5.364376742113828 -6.5084794762168094 -7.589962501279395 -8.56373010788839 -9.39580520276023 -10.055730622580684 -10.527967818842674 -10.805624069756174 -10.893479298503099
-9.067728740351619 -8.11238570353296 -7.385374496872779 -7.028160698310545 -7.119568078727328 -7.624710112517117 -8.530098306110578 -9.80320054831883 -11.206204880000874 -11.283165676595845 -10.908253680157127 -10.69523628979435 -10.641105813194454 -10.696887606250579 -10.72854215746418 -10.674450888158484 -10.495638573583843 -10.13381446450214 -9.55598648396376 -8.867455913916315 -8.091398278090216 -7.2490321675012535 -6.392163092903019 -5.5717488270635265 -4.828746670199035 -4.135486526243732 -3.473951835231972 -2.9391027279774273 -2.5810516793987426 -2.425207751931495 -2.5076942499823995 -2.854839955214695 -3.4797147187741992 -4.329740615627484 -5.320242297597746 -6.370435208084943 -7.397011818140917 -8.344838714679518 -9.175216035873923 -9.858299011560572 -10.376019409889512 -10.715139776009352 -10.871160903521144
-9.322691072940302 -8.271461446886217 -7.4458646676634554 -6.979429654366266 -6.919162041235256 -7.253590584290058 -7.928375091813759 -8.85880064692244 -9.729560031927523 -10.11454922027945 -10.171910095696447 -10.23298695854383 -10.388769454688864 -10.62119943366941 -10.801721517989304 -10.866389058498305 -10.777202636157742 -10.490643357765446 -10.019528970370784 -9.423630142765383 -8.722271730514365 -7.94070050702015 -7.126517867418176 -6.3353554639782805 -5.590315125336124 -4.854805882903291 -4.15546161603663 -3.535409735038582 -3.092646979658257 -2.860245108645031 -2.9039453378406823 -3.202955141504797 -3.7383359937824454 -4.480032793212645 -5.351923646734759 -6.28972545697019 -7.243308536059971 -8.162808515146915 -8.993239088908883 -9.698737994063313 -10.2579592938011 -10.651246008959463 -10.86509796422878
-9.301361439748302 -8.225789926654798 -7.334395500083614 -6.748847773707746 -6.498863842344076 -6.590031909918128 -6.963311663455876 -7.561658550871052 -8.190332687198424 -8.680246752422516 -9.060979848087747 -9.450203476257169 -9.899104056144996 -10.380166469151856 -10.761072688652774 -10.98086551869902 -11.003726188770244 -10.824059470737648 -10.481213884382221 -9.984478536227288 -9.360495407661748 -8.640520371136883 -7.870547819528299 -7.112406866466133 -6.382842914216564 -5.614123102613026 -4.884379946096141 -4.222653255673842 -3.689553654414022 -3.377104437429744 -3.348457249851934 -3.5848845205767614 -4.032821805158328 -4.669070825803148 -5.441748581598383 -6.289195365997764 -7.166716971821312 -8.029744538439381 -8.837441419030732 -9.556064382293117 -10.155055110016239 -10.601370691550269 -10.869363737443127
-9.124030558942094 -8.047378412509783 -7.106395697625448 -6.390475834435111 -5.915870874373367 -5.696507379238269 -5.7644339431321585 -6.143067476178204 -6.635061452841166 -7.170101256125486 -7.7820345260185055 -8.490674233580647 -9.262673197010258 -10.032387845282813 -10.646327327822185 -11.045340184097132 -11.196732110471167 -11.159359955225305 -10.94685150458784 -10.548160074146661 -9.999052730963282 -9.33770330994057 -8.61205844558866 -7.889211508567945 -7.1715170539347595 -6.379411558882786 -5.621150686732869 -4.935373623340013 -4.3490359231021 -3.9541159768865275 -3.840145456901592 -3.998296372603532 -4.360144940405205 -4.897065598584898 -5.582873301162093 -6.353670961490459 -7.164391295398776 -7.977220899875542 -8.756415093159681 -9.472039747682103 -10.09200385031041 -10.580528814036128 -10.898473160759096
-8.834983715366567 -7.738778772176394 -6.751491463371841 -5.926555553901443 -5.270261814968462 -4.7732042470567935 -4.514647168987432 -4.791501152826891 -5.126565384508197 -5.630398385001099 -6.432127011886881 -7.469194614641768 -8.582694508888736 -9.647355119646067 -10.503804052954282 -11.092550886125863 -11.419389111183037 -11.521792184963955 -11.419202659181032 -11.108504669839995 -10.626080428196348 -10.016845118619326 -9.33285958758701 -8.645751733605103 -7.927144221941342 -7.115721239893764 -6.331067292766437 -5.622119505299909 -5.014478120595397 -4.575141145578142 -4.371712632883586 -4.440729325826108 -4.718619049636095 -5.169065705450459 -5.770039124976629 -6.471128005127089 -7.220528100091711 -7.9865619076614225 -8.739661657727435 -9.454319842669848 -10.099961819680109 -10.639011612547794 -11.019249396794368
-8.46106099850217 -7.3571840913835045 -6.338547162823153 -5.4494292782912925 -4.699569776914006 -4.115006086280535 -3.7873831557540307 -3.720318070217928 -3.7680789094121985 -4.074641826312243 -5.090136230759759 -6.510487415693851 -7.959055466372614 -9.292896284193363 -10.37717348668609 -11.189071299859979 -11.711077529778024 -11.926650521189151 -11.890904936422686 -11.650679995688044 -11.224018699592587 -10.65859053582499 -10.012020500298345 -9.355394001715002 -8.619574852452693 -7.78975654567308 -6.982462187394918 -6.253507602762655 -5.628289407649056 -5.176823947880468 -4.931384593244829 -4.914377384333749 -5.115237509356936 -5.483699506274664 -6.000784433400161 -6.6328530489969 -7.322110232703275 -8.040264056905148 -8.764851364909273 -9.474333500300428 -10.144071433216862 -10.742874138590466 -11.215016269685991
-8.000977236310991 -6.9215104710168935 -5.914084180250615 -5.0052562267225476 -4.230769196196851 -3.6339799559999193 -3.2487450076605437 -3.000010947879182 -2.808606951663908 -2.607571967663308 -4.056534970914104 -5.806495650041835 -7.4806021748874105 -8.996919577419417 -10.313221742588148 -11.399019612448347 -12.095411162487261 -12.361896852957042 -12.3459399646844 -12.14539558766678 -11.767576117883289 -11.238150086842857 -10.624756827911755 -9.974930796558523 -9.21689324337279 -8.36979355973232 -7.54645304825119 -6.803573692457264 -6.1665206292779065 -5.706504781136963 -5.450699757236705 -5.408726917163221 -5.551376855471726 -5.839168324068874 -6.274420875770582 -6.833489310741063 -7.459802938794834 -8.125005945129463 -8.811921238614477 -9.502112354961689 -10.178306481025446 -10.823298209133952 -11.410266292500902
-7.474201654116152 -6.443217044756027 -5.48270279638945 -4.603462028905276 -3.8451523324887367 -3.271630094218099 -2.895059325428591 -2.6493490178483268 -2.547338042430451 -2.795231854609399 -3.8934291990570395 -5.48741174764552 -7.158668401906084 -8.769138660310809 -10.295751823327087 -11.692794139043796 -12.56937106651694 -12.75332295652878 -12.729804858198282 -12.56286701737849 -12.22819376899152 -11.725794026487236 -11.140374784352971 -10.466588685287316 -9.687529579239218 -8.828879573652483 -8.001919470942916 -7.2581422274077205 -6.620612758733065 -6.157731401028593 -5.894238204808356 -5.838216094026572 -5.965161059759345 -6.217235467613529 -6.588262302305937 -7.071497369948065 -7.629227117666017 -8.233704384627458 -8.86821812819114 -9.515887423955208 -10.161556663491954 -10.791401416394717 -11.389324448828708
-6.899875975203445 -5.935729394845779 -5.042816732796281 -4.232969416664344 -3.5264664705439426 -3.0095115371542516 -2.6973083221616325 -2.550048826148946 -2.6291488519642097 -3.0789349098758527 -4.039336902582228 -5.4251354379329575 -7.005713461801795 -8.61045737538917 -10.196638536032232 -11.734673793127769 -12.742218443743091 -12.91007046353623 -12.974701895063012 -12.913162507374356 -12.599191684334606 -12.092423665315508 -11.502729434173919 -10.803443896573974 -10.013149326248643 -9.155354880714295 -8.340329503980385 -7.608517862314046 -6.979422429519857 -6.518215278356364 -6.250720058609728 -6.183886099318853 -6.293348907027577 -6.520349048051476 -6.858717429782004 -7.301302142664848 -7.808895614410737 -8.355266874503165 -8.927091050081978 -9.50928655794357 -10.08354255686598 -10.623177601026423 -11.074547520622467
-6.289885334795297 -5.407402388312148 -4.5973947199366645 -3.873795820589713 -3.2538319961554656 -2.8127104502452047 -2.581996560783344 -2.53701831970179 -2.744719926367127 -3.2981531074990884 -4.245866737357414 -5.530969753585259 -6.97899109819125 -8.476626222354824 -9.953672190089556 -11.289607628659146 -12.23831469660783 -12.733153167950057 -13.01505942864227 -13.201760929059065 -12.882279834329495 -12.299588610698038 -11.661541529464486 -10.952379375432756 -10.17020431322041 -9.332637997292181 -8.54724392896299 -7.8419194862298705 -7.232732186176866 -6.779242709814024 -6.51262983986042 -6.439106509096562 -6.530073606438467 -6.729776842619581 -7.0327375499620235 -7.433039974441718 -7.894387023794812 -8.385711769405024 -8.892342932475268 -9.396409419864082 -9.87430606614865 -10.290986199128568 -10.607084190448703
-5.680983705452615 -4.878781474909074 -4.15555917766198 -3.525692271954646 -3.0066062686254926 -2.658731458616832 -2.5158647825464553 -2.5940087907150997 -2.9349714808145704 -3.5768390721857215 -4.531621076309165 -5.712097350205607 -7.019086185537292 -8.373003194040352 -9.692897805118802 -10.86740616853334 -11.77970843011574 -12.399671642387883 -12.799772197855768 -13.0063251550583 -12.807001883195937 -12.277482499000302 -11.633113764376784 -10.919595829952218 -10.146392352528347 -9.350938654043802 -8.614211141782262 -7.950780905694644 -7.375369798359841 -6.936440280712577 -6.676314514655337 -6.600856053205999 -6.672081154059727 -6.842914991656338 -7.109222901572318 -7.466448323929592 -7.875227813354874 -8.304348752098765 -8.737953702704079 -9.156364571720987 -9.5366641062487 -9.864025873476074 -10.102427824058273
-5.207882140264874 -4.482793198810658 -3.8414493964393825 -3.3047061329990406 -2.8896554309625833 -2.6510461201625506 -2.6159475166652406 -2.805438133617507 -3.241806371866232 -3.9416104995148173 -4.866409060122898 -5.945076610926072 -7.1199653079780685 -8.333723676903368 -9.50972118477151 -10.56226297916433 -11.420365022959121 -12.054201612080195 -12.469327339762025 -12.650374058848321 -12.499617480993702 -12.06628549015997 -11.464460745149394 -10.758386197291806 -9.980230620444711 -9.219123315383802 -8.539913889468322 -7.932902281235819 -7.405140898414372 -6.989685121285816 -6.741867784848358 -6.668447911081088 -6.718506628368379 -6.860675320434577 -7.09179339119402 -7.404495033694884 -7.756620681905631 -8.1198755675262 -8.478887795573145 -8.825584382761871 -9.143609731965078 -9.409216574465713 -9.594765822366007
-4.9042061003099455 -4.264697927234587 -3.7056404392421993 -3.2599830784848565 -2.951709397627799 -2.832429507567045 -2.888996833249799 -3.164036293403737 -3.669599015246139 -4.381781861136295 -5.2486240317099115 -6.234255272805225 -7.298040569429913 -8.38871827335689 -9.440712902616273 -10.389735627658577 -11.182815788455581 -11.78851600943236 -12.186055761486157 -12.31110234697218 -12.15520726198221 -11.765894071702732 -11.200504361970188 -10.51011211912777 -9.741781786995757 -9.008345327492187 -8.352435452406612 -7.794089047643231 -7.321814322460945 -6.9427282763613825 -6.712795544849215 -6.6418277925996145 -6.672372024195916 -6.788009376855486 -6.984218429871406 -7.251942558702091 -7.5504549910858465 -7.860738348113624 -8.171176584259928 -8.467827726331137 -8.734056677975914 -8.950836912292672 -9.098573519500746
-4.785103188815192 -4.243317190047144 -3.7632721864835528 -3.407842463988034 -3.223251595342441 -3.1987498567668484 -3.3320761409153925 -3.673099514331171 -4.201441563365432 -4.881854665071515 -5.690402830207072 -6.597238165395153 -7.569630923378059 -8.557017103006467 -9.50528273770611 -10.363131210166031 -11.088687027144289 -11.628295174001964 -11.932438265346892 -11.986900998207874 -11.811250032987514 -11.430203343482805 -10.879797071552387 -10.197833249168898 -9.461469785547083 -8.764655336717896 -8.136138436593054 -7.599879434969306 -7.171059077400658 -6.831249359514075 -6.618040613109848 -6.5450726988887356 -6.5582435061612205 -6.652123656506285 -6.823262939122624 -7.059453368579772 -7.318612446492164 -7.586792260702355 -7.852786684285014 -8.103826100201237 -8.325678050575064 -8.50332984637904 -8.622578799870837
