_RESULTS/CROSS_VALIDATION_POSTPROCESSED/MHZ/IZ/6comp/4/MHZ_IZ_z_250_kriged_reverse_6comp_spherical_4.asc
ncols 100
nrows 81
xllcorner 5.5967107548124995
yllcorner 50.982328804812504
cellsize 0.00017565037499993607
nodata_value 1.7014100000000001E+038
[rows 38 to 56 of 81, columns 44 to 87 of 100]
38.65703820838388 38.697201888908815 38.75139917642932 38.8108355039439 38.85175098646091 38.80667165461748 38.60998792126758 38.19813617796141 37.560379492456185 36.754126381229405 35.97063116147998 35.28180906898406 34.69996330173661 34.19801975385096 33.80781930591733 33.55282045472651 33.433523771727046 33.4543955963937 33.618725201863526 33.92798405255509 34.369570868267836 34.81050794234178 35.14669943535225 35.30689988792625 35.194793664410575 34.65688313794224 33.657369599266744 32.25954225455004 30.657465214636108 29.54549828281173 28.779275137295667 27.979980272497595 27.118838371596087 26.213966998118632 25.292279287826464 24.406861763884784 23.72535287609833 23.48695345635709 23.7978283663866 24.490218494775892 25.38084271504251 26.376910859261677 27.438263067753105 28.45915819532973
38.52966852931501 38.605521546606546 38.7061603981527 38.82796835198801 38.95842719130437 39.03827508432449 38.9706748220514 38.588236502452915 37.843894382226864 36.926334069241 36.071246303150154 35.34617906594931 34.76403131263853 34.29248300508456 33.942942155895835 33.741368459132424 33.700738581571464 33.8174356650402 34.0900542618733 34.51456244546726 35.07901460966059 35.67555733783318 36.21615050234134 36.602347594283046 36.71602990452005 36.36339511751602 35.44734397690094 34.087206652762596 32.55111650760823 31.183986370156813 30.046006170552403 29.00436660105854 27.995475389479456 27.016692466463244 26.10154938034981 25.318692249600407 24.754433394347696 24.51774958948349 24.675672717606663 25.164118217231795 25.8807454921957 26.747312419500062 27.717637183114352 28.69715000145016
38.30154623766131 38.405314058620974 38.54125548162729 38.710869403612996 38.91635279948204 39.14231707414924 39.305763060768456 38.999116102430186 38.023244207941275 36.96505147818617 36.04030983767096 35.286469883751195 34.71344436531508 34.28347776695372 34.002592056006215 33.87417919282465 33.9182651810652 34.133276631641564 34.51187054790156 35.04705266581256 35.72920944353878 36.48368761374322 37.21601753955079 37.87510970389719 38.31347774397684 38.23407873460956 37.412165086611736 36.02174937395979 34.417887915258824 32.857206485323374 31.469478626117954 30.222659259201716 29.077984137327235 28.02687031731978 27.091036753187574 26.317718253590662 25.769087327301854 25.514249310595577 25.579424915445298 25.92643044455255 26.49807675123433 27.238552199974507 28.10610025723246 29.020525203826136
37.97407405352967 38.09275488087423 38.24428780575523 38.435980076286 38.67256937667058 38.94619460017566 39.211833686430076 38.97201392666846 37.86496128180713 36.76836023193536 35.82600016940502 35.06885208639276 34.51920695376895 34.14538664667421 33.94718156362603 33.922409687322464 34.06246411278464 34.37708603654481 34.85566700587312 35.489261550854835 36.269800619417694 37.15861846835724 38.05920572572259 38.959151981330734 39.793833612273794 40.1539631587405 39.28829212447559 37.761005966105806 36.0837256452512 34.41021610081145 32.876414229207896 31.496473169974458 30.25430043324612 29.144448480808137 28.180198284164508 27.39045670838463 26.81260936213527 26.502241458659714 26.47379326249143 26.70579987574197 27.15878478535756 27.78881264951077 28.5575629286511 29.3950517306052
37.55634637703445 37.67614306822452 37.826887662606225 38.011972257914884 38.21675300928994 38.405860060323036 38.46431602019602 38.12949666473459 37.30344302719294 36.322432385329535 35.42327454977124 34.685961596558386 34.16743114844089 33.86358423885814 33.76522041885266 33.86095642739729 34.12379512698021 34.53843421419028 35.10086140302441 35.79735352527728 36.62649228464587 37.583429898631465 38.583227752071814 39.60810117489988 40.66648584796106 41.60581634786221 40.485552229084355 38.93402821595295 37.32673674682651 35.70028945442488 34.137821267504904 32.717319339294555 31.435687193316426 30.291848013669053 29.303899351712815 28.490725162654034 27.885513957368367 27.52695761088179 27.418267197957487 27.545877349310093 27.884032741281434 28.402051474071044 29.07057234461333 29.82307852934835
37.05752622631511 37.172085661724985 37.3162265358102 37.47694534492123 37.6276874543779 37.71780444847763 37.65710896448071 37.30911346157552 36.61168931043109 35.73799503338641 34.88707253676113 34.16274184850458 33.662026383164864 33.435495495287725 33.45958773266665 33.69909240932284 34.09590201306501 34.59776962880264 35.20868433390014 35.93341385718009 36.77121557766701 37.72144077969843 38.732349726529996 39.71931010245772 40.60969877686625 41.05075761612852 40.541863766067955 39.41470662090652 38.0634241122795 36.615460985171126 35.15652293317843 33.78806177160366 32.52980453083547 31.40386931938886 30.417051449073497 29.588652596791604 28.968789572851648 28.57336760334911 28.403840333447793 28.451212381987744 28.698022295290837 29.122244419302312 29.7012171249989 30.368011796275628
36.4967022218242 36.611220221506294 36.74651669658903 36.886172159887174 36.999481230529355 37.03690026376499 36.932911034064844 36.597785803085145 35.97025488750747 35.151775562844826 34.310361215171945 33.55267155391806 33.02643849637719 32.86978598194785 33.05402714859642 33.456579319648284 33.97373330998078 34.55737573040977 35.19774778879538 35.92054934666323 36.72725514839431 37.61416472324324 38.55722669942539 39.43601974142691 40.13341316506225 40.426947417290286 40.16593329676633 39.413534814370585 38.3717380139623 37.16037260118802 35.86876697109455 34.62624513999348 33.46709306718796 32.40845726364289 31.464120620886444 30.668060349469208 30.047575289264465 29.62841453453241 29.41529560445183 29.402418975093582 29.577804552118113 29.925536300473283 30.42825967501086 31.010906377239532
35.90393299972381 36.01877028711179 36.15057533870284 36.285725452400754 36.39529987094182 36.43389968680923 36.342403902920324 36.036669688735735 35.47527009932431 34.689149943398576 33.81848433101525 32.951436304399614 32.29618603193434 32.19296657780898 32.59582946717416 33.18482075615211 33.819098104503766 34.46175208705122 35.10807353348886 35.7952479374658 36.53664852963226 37.327981867197245 38.15053298531513 38.93057895623416 39.51300261936241 39.76461919111722 39.644041082361504 39.14787335626295 38.36766691948973 37.39474001523301 36.29408154526562 35.202721815121016 34.16851786390659 33.21335196725302 32.36500196451248 31.6518797320215 31.084028315871336 30.668499463515047 30.430707171252696 30.375012724425932 30.493553855713817 30.773916715133463 31.20072938427203 31.67781382121039
35.29960391667513 35.41546376915237 35.55028698514111 35.70334293725089 35.84941397106846 35.942593469433156 35.90672316346214 35.6697076718007 35.19304951575873 34.46588486698207 33.57874147665104 32.564187482761255 31.555501134476767 31.492040481578687 32.25238876873931 33.01744484026763 33.71793234760456 34.36814593543123 34.982375942309936 35.597954665088196 36.245753723340435 36.92350938916097 37.61588984027172 38.29155593529299 38.805803798147544 39.05110006009069 39.021429260553795 38.71069898303712 38.13994958223507 37.37512180741271 36.46400916058131 35.532809857253035 34.63466625665771 33.80266583621787 33.06966183670193 32.45031520275642 31.954056703992183 31.585241593194972 31.346487849708605 31.2630328953131 31.33631496618409 31.557549162761866 31.91038056854914 32.28089404973845
34.70149578007191 34.81162789300932 34.94847494317813 35.147531914859584 35.376699937324524 35.56938316543724 35.63644757603605 35.52136734928742 35.177272989656025 34.56908481112453 33.76026503897593 32.77603948384334 31.678973666212435 31.590566266975483 32.36067095784418 33.095498104665744 33.74173018634864 34.32185366840851 34.8537996234481 35.362260167560116 35.892921393033674 36.446484092891694 37.01312855656075 37.56638420565218 38.016070375792715 38.2677167469464 38.30510061371959 38.133921340237414 37.73266074164937 37.142149151140295 36.406760642831316 35.63489242356517 34.886440804944755 34.196326528497714 33.584377533401515 33.06481754453373 32.64687640803265 32.33507604654388 32.12941737748384 32.03369882194473 32.07492925410025 32.250525840117135 32.53134663801404 32.806750603073816
34.10234714078319 34.16661640248148 34.310227704521154 34.6078663306303 34.97697057362009 35.307211832736726 35.52699323908989 35.586083214765836 35.43672670350846 35.03123413374048 34.393227198445956 33.6348114366417 32.93296785902806 32.70734377875143 32.97990799152863 33.43266056423952 33.90091100645615 34.33527557576617 34.734827487335856 35.10742187323038 35.502671983911014 35.92523074907537 36.37026610124287 36.79867333348394 37.14687067703221 37.3946468070457 37.48817964703882 37.4245279766242 37.16386546539004 36.72283229466344 36.14447134921766 35.54057644355025 34.953356814806284 34.40655139971741 33.91852878244396 33.50277633419403 33.16829542121033 32.91988360842541 32.758384234440264 32.680998311414626 32.70159312893923 32.843173726612235 33.047407637586964 33.254044586528465
33.263238428265595 33.302764955909005 33.55036766664811 34.04111642450066 34.59590015368403 35.108235277410635 35.527044836528866 35.81333660518108 35.92124394533266 35.78648869096492 35.36783566548205 34.76771107845534 34.18553698238939 33.84023262533376 33.781672484234285 33.913588150065436 34.13942273598761 34.38497220029389 34.61930877655016 34.836771548818824 35.0854454288903 35.37355962657258 35.69505221763059 35.99111359128461 36.23788542977545 36.42735971666567 36.55392425520989 36.57852005531712 36.43826696327774 36.13393156623358 35.714360772663674 35.28025563827863 34.850796360947946 34.4462117580482 34.08280199873173 33.77297570920235 33.525373737601285 33.345023354017655 33.233530874945785 33.1893417432574 33.2104291271381 33.321762704228455 33.4638040407887 33.61229654227832
32.42885698027223 32.31093356905739 32.71907794533064 33.49546460549108 34.25241344055935 34.94574763279453 35.56158578079877 36.08624134423732 36.493065268665575 36.70681839911797 36.541325669067035 35.97521720298765 35.34427404592877 34.85453421388373 34.55834882400993 34.42186853850834 34.39101427141481 34.42762734186245 34.485912807499574 34.54156554787135 34.641022011582955 34.79529976015168 34.97379477989057 35.1387677078687 35.28578024272633 35.41105816660303 35.51251622313059 35.59283535472101 35.57382616690866 35.40554933375542 35.13944015968986 34.868343303439275 34.592559100703085 34.32779159394288 34.088095713638666 33.88466943343206 33.72571531277065 33.61642583652124 33.559068394927635 33.5531608413491 33.59617386119987 33.68187485435789 33.776742882669566 33.87152500543324
31.89315489950728 31.753494407364695 32.234797831035145 33.12688930046212 33.99324417125078 34.810461941608686 35.57875425288382 36.30100863788441 36.979893244776044 37.59407003485885 37.762597233103776 37.0732315271772 36.33856576527623 35.72909380615879 35.255224253403135 34.89345005933265 34.62655686310614 34.439219293043 34.30961461226917 34.20828491518845 34.16418701611664 34.174987230429046 34.19956583544782 34.23655184481874 34.28875378169443 34.35819082303298 34.444393832067824 34.5439690477869 34.59331524624995 34.542648213367485 34.43094626555232 34.31714817211666 34.191067573491225 34.06299174005337 33.944929028747865 33.846970772570714 33.776921277879815 33.74012073459283 33.73941733730735 33.77724401671695 33.86429190323215 33.92615084993933 33.97744431322511 34.02212460638939
31.707675746088587 31.800008153845017 32.23655155291027 32.97279125513319 33.81532905753959 34.67632216507682 35.52565191761237 36.35828866117032 37.174534449268634 37.94769659397589 38.28479721862873 37.71430307376496 37.042106805804046 36.43484114428985 35.855335281134565 35.31096309945867 34.838445710973346 34.449648557087755 34.12710587193501 33.85791882005309 33.67213550204629 33.52061819756564 33.39734647997654 33.31098928660331 33.27264991627408 33.29056003206122 33.36494259156546 33.48678666552052 33.581939220262605 33.59708954447769 33.60774389163759 33.63790481916552 33.65775262097381 33.66267305249518 33.66313932155588 33.6684506257938 33.686172884411384 33.72183791653212 33.786975222898754 33.89843725922085 34.00035839668611 34.04648727805183 34.05704708867527 34.05802797717239
31.642235834236978 31.831773673577906 32.253439514496755 32.89243495079107 33.66683137816662 34.50852689550317 35.37312624584653 36.22762917742139 37.039953417233086 37.704846502607545 37.99519629524593 37.82726395402807 37.42343358636752 36.95444566157514 36.35825567356126 35.644450868968924 35.00242995096183 34.450358334879525 33.965956711059945 33.53872557598527 33.16917576629125 32.84883973339415 32.57943115233055 32.367645656217306 32.2358791454239 32.20387529808405 32.2740819773845 32.42778408230948 32.57123577607894 32.66569889910652 32.779736106730056 32.91199380100281 33.03727233403201 33.15081562121407 33.25627665966275 33.35793328423917 33.464661716751145 33.59157661604731 33.74757953637923 33.903602158051434 34.00767062437062 34.055339577439895 34.05802797717239 34.05802797717239
31.58536730596429 31.807855704432342 32.21161857017844 32.78904193506739 33.49828155077251 34.29061246156445 35.12466865719247 35.95391039673711 36.72298368451382 37.32329982482155 37.648392488551686 37.67989434648564 37.501189012214084 37.20531738543416 36.63547124419754 35.843460231619105 35.1031322250558 34.43969017212541 33.82586982308171 33.23828250124322 32.70064388758722 32.20998699044054 31.773689005312267 31.41536099426519 31.175413693794074 31.093808031628956 31.174744177973285 31.37767601589579 31.578072400298918 31.775742901042708 31.995169981920448 32.22723279268542 32.44632825733815 32.64942039553193 32.844921191996946 33.04106542673074 33.246616033827806 33.470432703533696 33.69302127087213 33.866697300679036 33.98678936136196 34.04944516452735 34.05802797717239 34.05802797717239
31.503774878139335 31.726449401937444 32.104638868073195 32.63276112106485 33.28421735507573 34.021852046524856 34.806123861666535 35.59522626628013 36.32741971000103 36.9028293162193 37.26323975883484 37.39857065056862 37.334068873937845 37.08214690701247 36.58814602597497 35.898147449180115 35.16045091083726 34.423144922487374 33.68560143347182 32.969178247804855 32.29126460671651 31.648728646747376 31.048998818910917 30.521625124855696 30.13536054143734 29.986276816492392 30.09790782509115 30.37263061177174 30.6597863031584 30.972181579620617 31.298255901454308 31.63086726959688 31.947184955187907 32.24689408980534 32.53772424400127 32.828083059835365 33.12654745703512 33.411925370886806 33.64986995427115 33.83673972366655 33.96897742382512 34.04293682321527 34.05802797717239 34.05802797717239
31.389129760001804 31.591921503195795 31.937444012495337 32.42078527368423 33.02159028999214 33.70883799609654 34.44594981589304 35.19353245952618 35.901460028005296 36.47036171156671 36.85911585953616 37.05546604957639 37.06042574520658 36.871950652503685 36.48261812262876 35.90963213309391 35.19323005599471 34.39518243210189 33.568938201217584 32.75947756906385 31.973584169867486 31.206938320725424 30.460359681385818 29.751973848141215 29.16141444285244 28.923281353128772 29.133935936565898 29.51765685351105 29.928103130394522 30.349896265998815 30.77633130093539 31.20471694013351 31.61317685183197 32.00373207965654 32.38365916868308 32.75870360184589 33.09943847864002 33.392113146094324 33.63429079026323 33.823840846940406 33.958899077593145 34.03780948697674 34.05802797717239 34.05802797717239
