_RESULTS/CROSS_VALIDATION_POSTPROCESSED_80-20/MHZ/IZ/2comp/2/MHZ_IZ_z_125_kriged_reverse_2comp_spherical_2.asc
ncols 100
nrows 81
xllcorner 5.5967107548124995
yllcorner 50.982328804812504
cellsize 0.00017565037499993607
nodata_value 1.7014100000000001E+038
[rows 0 to 18 of 81, columns 44 to 87 of 100]
10.4754272559859 10.49528010476217 10.520421243988523 10.546780661405531 10.56263215451709 10.565819543042332 10.555200978894339 10.529688541734238 10.48841811119109 10.430946029958745 10.35744837574721 10.268889242136808 10.166510069309432 10.04837320698325 9.916937741665015 9.776581500408653 9.63290522256535 9.493492209024598 9.369631708807411 9.277890495779989 9.233799395714609 9.236748571716165 9.273804549916441 9.334611243404355 9.414278634728495 9.506182655294847 9.597676685748992 9.686516937038498 9.771233982775923 9.85054926532516 9.923291227832653 9.988353159851467 10.044672328874894 10.09122062282205 10.127001737674304 10.151052252947542 10.162445149855708 10.163277100617712 10.163277100617712 10.163277100617712 10.163277100617712 10.163277100617712 10.163277100617712 10.163277100617712
10.565070327756457 10.594387513419564 10.629281339057282 10.66443030404599 10.688304607823572 10.698942694540253 10.694758997631174 10.674121311304845 10.635564875645864 10.578056868643284 10.501279449869994 10.405873998294139 10.293579208928675 10.163721507611761 10.0167289170714 9.857080806357464 9.690042380962502 9.522178549113775 9.363917376032727 9.238878950167495 9.1865143929495 9.19959572397579 9.243817256125922 9.306030078844586 9.383124677962835 9.474894025715196 9.571786503832438 9.664953932913674 9.753259432437844 9.835635919280158 9.911051071424033 9.978492678656593 10.036963794708168 10.085483051450911 10.123580394906384 10.15065946948526 10.165233725844287 10.168054640178093 10.168887876922444 10.16900222980551 10.168373955235097 10.167136131251208 10.165573520987968 10.164112008498538
10.665862152804088 10.702341879501647 10.74575440657978 10.790541375613532 10.824239044149875 10.844554828322735 10.849376983816432 10.83640083641637 10.80338599051878 10.748510958523239 10.670698677283234 10.569835588585253 10.447765355439188 10.306235045738783 10.144609680569914 9.967418801590334 9.779852622484166 9.58710417558621 9.39455412870983 9.213315672822118 9.162480475719915 9.199379819839766 9.248472162873092 9.308010592261484 9.378938381288908 9.462866806391306 9.559530743671587 9.654805910178958 9.744830344777268 9.828656374226146 9.905326970174656 9.973961537127552 10.035290695445841 10.088372232143465 10.131419917237356 10.16273482068075 10.180743767261365 10.185779562730646 10.187630000873954 10.187878413811745 10.186497593403779 10.18363990490405 10.179630318129856 10.174952173527215
10.774445251660884 10.817304185888178 10.86851548104787 10.923030208512786 10.968918945184134 11.002244028720126 11.019340285480935 11.017026382607646 10.99208009063865 10.941221836603662 10.863013759001973 10.757908948021889 10.627517372225334 10.474959746847414 10.300397780065579 10.108671954524363 9.906221234197108 9.699569088547243 9.496440673588161 9.317069660449675 9.246551943064267 9.259940365185951 9.294037913771422 9.341196457855842 9.401041982904463 9.474304819313764 9.562004688272244 9.656797436711207 9.746482946410042 9.830024037286789 9.908145118420206 9.981469633001216 10.048047157960939 10.10592880149092 10.153211910056518 10.188081525701815 10.208856229790381 10.215847477044747 10.218797266212373 10.219190721150268 10.216996176505395 10.212390774098544 10.205750841810351 10.197632410732554
10.888171657834853 10.940331974643398 11.002664777955147 11.06989109098368 11.129313655125223 11.177733704246155 11.21070604773893 11.222364621680825 11.207671250935686 11.162804994723903 11.085170099343014 10.974498925783008 10.833654495303358 10.668495598063533 10.481888839229601 10.278036298121897 10.065613755028922 9.854334590224724 9.657340568164727 9.497674562517656 9.404149295924666 9.372302953910694 9.376236087384141 9.40221571453954 9.445622520920354 9.505202952343526 9.580941212647618 9.67076142622768 9.758310376606545 9.843718229055094 9.926416453954875 10.00430283654642 10.075264156142891 10.1371973706575 10.188044222698585 10.225836904000932 10.2487516098371 10.257496770038447 10.26164854782384 10.262200793462315 10.259116016698275 10.25260367832154 10.24310662470435 10.231066871957541
11.009685329720408 11.071728542837723 11.14559224507107 11.226893938519165 11.302182766318236 11.367223504868972 11.417560512959275 11.446430337260619 11.446764726843469 11.412679618202311 11.339331056275103 11.22498813947071 11.072790473520982 10.890817563669437 10.686433661362507 10.468310173220885 10.24729477454374 10.032790578673168 9.838239059657269 9.679420984957982 9.568898615978076 9.506215584877735 9.480895474069445 9.483228697537673 9.507651462563416 9.551546986399458 9.613897745913281 9.694866654691038 9.784717741784926 9.873356467324115 9.959539562465826 10.04107103210075 10.11564664099404 10.180972487496694 10.234797267945922 10.274961638663575 10.299460824953178 10.309978963524456 10.315461794310176 10.316190166319329 10.312118829816285 10.303069926390245 10.28623418149121 10.262914249474383
11.131790916927372 11.20419111571279 11.290280501659957 11.38667697053148 11.480027238495328 11.563539864772501 11.632652863537775 11.682451412196757 11.703840172760675 11.68682278433037 11.622656357389896 11.506511810602028 11.341646774680216 11.139754678514448 10.913661980584259 10.675164783299032 10.438905611527185 10.217638052001188 10.019494953767612 9.854248509864995 9.728864094802491 9.643888651776361 9.59463723698971 9.575172976212775 9.580858048347727 9.608783317315856 9.65776257867721 9.73220436663361 9.824650822792789 9.916763924699952 10.005641079491747 10.090053885665942 10.16760768673888 10.235791477944781 10.2921275427448 10.334224935503942 10.359853648004202 10.37254875310704 10.379526685625867 10.380453297749655 10.372137364785521 10.352104695095123 10.32273340065865 10.286656191074137
11.246392422370155 11.330529210268619 11.429720044353 11.541455317452403 11.653649714355069 11.756858404300614 11.847862586026112 11.921816058335427 11.970623125677879 11.97922746982621 11.931493053029651 11.81550625497275 11.634055975282179 11.40605063198823 11.152626511987657 10.889923912562411 10.634021904538349 10.397582746190595 10.190730769198831 10.01677059862697 9.8784066671297 9.776329351997703 9.708181069993435 9.6702926503871 9.65918222414385 9.672282605507 9.71287314286565 9.782384240798272 9.87522107075959 9.970363765019576 10.062462376840559 10.14921224021922 10.229264626523554 10.29992172048737 10.35845139205896 10.402189206177468 10.428762092732756 10.444452654350814 10.452967170878532 10.448001393812246 10.428005574176956 10.395264859367602 10.352501255246825 10.302740941213482
11.347067950112795 11.44462328338475 11.557521187241672 11.683329789902848 11.813577361701672 11.93706429281799 12.05127725421203 12.152529372850669 12.233838446118249 12.279535345848226 12.260698899056921 12.147533646032194 11.940247972238465 11.67546074185348 11.387929362945378 11.09783913138352 10.82077214851504 10.567498169169223 10.346041157752731 10.161925412180551 10.01299195544908 9.897900443193526 9.815257606668808 9.76264478313059 9.737482049729886 9.740634003127038 9.775935956642769 9.841519822727086 9.933759365767896 10.03138705413107 10.126603062514585 10.216204961355352 10.298436621036137 10.371345794938952 10.431924452753139 10.477190231710985 10.505673962991818 10.524614453727922 10.527474279631635 10.513505921863947 10.484445491503916 10.441594632897214 10.387122258232848 10.32391606374806
11.43047130693266 11.54216501438656 11.668422710840364 11.805998470504914 11.951369449499198 12.093404069125134 12.228852569309936 12.35624596632244 12.472140954449806 12.566021577105177 12.600425210409488 12.495927881758199 12.24021729043841 11.924303722604819 11.598998924231518 11.282375952542516 10.98604636807227 10.71773464336012 10.48311931063244 10.286274244877196 10.128722189000253 10.004517322076817 9.91146268954124 9.847835424500808 9.812535173568051 9.811030202456344 9.842767796732169 9.905795858735349 9.997471764959075 10.097208792998542 10.195159504286625 10.288006355925615 10.37263794857885 10.447738601290277 10.510410209431837 10.557306222306089 10.590436092726732 10.611653769496249 10.614741713926785 10.598827498615371 10.564179210754036 10.512272638800098 10.445688161711036 10.367882684420582
11.477200567864234 11.612021790092886 11.756355201123144 11.90486316056213 12.059749296585611 12.215966538895634 12.366430541347833 12.511545745773173 12.652086768498627 12.788333267446584 12.910300801949706 12.836587510019411 12.48076910544311 12.114577914486949 11.761411303221957 11.427011769247574 11.118025957602674 10.839619687476699 10.595846883761833 10.389633063995648 10.222776595900323 10.093196644224834 9.993700916578259 9.922716913469152 9.88325892086129 9.87961549082709 9.909695966936379 9.971726339796973 10.063520276675117 10.165064707778114 10.265430657945016 10.36125992899145 10.449054454562251 10.52643046165713 10.59164150452841 10.647388298008424 10.694051756865004 10.721618231701532 10.727413349598145 10.71002577302195 10.669553074947698 10.607712618284232 10.52765741651765 10.433603643925682
11.470253769860488 11.628033107277671 11.794565183148187 11.964776145958849 12.13402516043395 12.29776909344901 12.453374358765407 12.59827097425045 12.733745356669141 12.859941818919681 12.960838681685264 12.876545750823084 12.546433935702131 12.188337455660369 11.839026484003703 11.508208052081697 11.20222084166882 10.92517079916615 10.679535673361496 10.468737777425687 10.296039056660911 10.162015786928267 10.059978325503398 9.985861795577 9.946758294919999 9.943278892337366 9.973610725112518 10.036225893362563 10.12907538043515 10.232097334723491 10.334529973714346 10.433049910751507 10.524135161179025 10.606269239966284 10.686072429410371 10.760155420505583 10.816716233390727 10.85073373679313 10.859450646976782 10.84110929342801 10.795589544229829 10.724596927820734 10.631321984563415 10.519851143464045
11.41310857692469 11.590889991676203 11.77713211427217 11.9663804931427 12.151549129085726 12.321805091009244 12.469425604577097 12.592793321175277 12.69691982998803 12.772646435365417 12.789010762579526 12.680753469177827 12.438148120405327 12.133660158861955 11.814551373782397 11.504123971373781 11.2141945740109 10.951215368647187 10.71854474348685 10.517421008660436 10.3476226126536 10.210949619342639 10.10933376710582 10.037050174912519 10.0008372250067 9.999635140778233 10.031983924349683 10.096651863767216 10.191354723880325 10.295398022837805 10.39941838053289 10.50020752024851 10.597038880800184 10.691840090468384 10.783118608153618 10.865333116226191 10.928518794779123 10.968405134048211 10.980679397135257 10.962264932180993 10.912591077146324 10.833932627811851 10.730617416790281 10.607874932606762
11.309432382563156 11.504628142994552 11.708506463549838 11.908142193766007 12.094014155594932 12.260416979080853 12.401588447889935 12.506996769248449 12.57196135434934 12.597280264853113 12.56312283996117 12.445207865265838 12.242827386649374 11.985046763111345 11.703199102741433 11.421787311230453 11.155772816689053 10.913901259917811 10.700663190321565 10.517554506129152 10.36423424621779 10.23945264115878 10.141795909841555 10.075295400395316 10.044112816691019 10.046998329634702 10.08287120601055 10.150831214633023 10.2476623900402 10.352058105110325 10.45636102979029 10.554099648668226 10.65414910248138 10.75475701840549 10.856465130493904 10.946646971708414 11.01923951443243 11.06834897561259 11.087155933460705 11.070171371473688 11.016072276518543 10.92839948586027 10.813481775376442 10.678099566401823
11.162977473739446 11.372795940263773 11.582219692212071 11.78285402414691 11.967461037928777 12.128310621777723 12.257960861381191 12.349218884064486 12.38963529236759 12.374789624068415 12.308397680196183 12.183043487750943 12.00034924245365 11.773746048464579 11.524727049579624 11.273385208710168 11.034663801863925 10.818502296657154 10.630008864435823 10.470333212242801 10.338554900723118 10.233166921745644 10.15286997581971 10.100428000765788 10.075959282710551 10.08434566483868 10.124902841860163 10.197069212437357 10.295407314072962 10.394902505909364 10.485267754947461 10.580433069176493 10.681670488077451 10.791155898974507 10.901236488084006 11.000980815317822 11.086196172947913 11.149248970653778 11.179298781406589 11.165926334373548 11.106411340702424 11.00753496878011 10.879334975663769 10.730377969311931
10.97568263106925 11.18740906507822 11.398276173467549 11.600679058576622 11.785275788566697 11.941846758963989 12.06096225290144 12.135251524381713 12.158784553231557 12.122029124588698 12.031112729103622 11.898241354707537 11.724661459616417 11.518671540108002 11.295877556812249 11.071748407236448 10.860075143518594 10.671930840136394 10.512581307337658 10.38122654875475 10.2753939559967 10.193212326822024 10.13417966511266 10.10488932969625 10.095944076210603 10.110293822968854 10.155777370332578 10.232321912040574 10.322047596002971 10.401040599493639 10.482604596269567 10.574381174464586 10.678991050580532 10.797163086618284 10.913473686470367 11.023377291834002 11.124041394434977 11.207278143278574 11.25669471017011 11.250319640667113 11.182130453476221 11.068546997298883 10.926109327342408 10.76409368436134
10.740794032157854 10.952581740720987 11.166435668033582 11.373001147981586 11.560691039623883 11.716164643784484 11.827097815769145 11.885677843380149 11.889239470563657 11.838285632296328 11.732797955786536 11.591914832876931 11.421981501901419 11.230937211457887 11.029598175980714 10.829012769766448 10.641272144810353 10.481514411823406 10.356160936869566 10.257712259276769 10.181166637022917 10.124638277936512 10.08839000559248 10.081346506918393 10.094708984816188 10.122919340274853 10.173561872014181 10.244588450173438 10.3115207587911 10.37325703273498 10.446904460338931 10.536825657495637 10.644254753730086 10.766125093899648 10.886662978267339 11.005762346415619 11.122693120792631 11.23189749872298 11.315639473729961 11.322824381555497 11.235443230797054 11.103716037579654 10.949686519084118 10.777676316190997
10.482950430414558 10.701429019502557 10.922617760145172 11.136905029580811 11.331683418973354 11.489685818764684 11.591003641414819 11.625194039516261 11.59898856366667 11.524759848576087 11.41125087000776 11.262338774677502 11.095302695187934 10.917715784987193 10.736586191548673 10.558344784690401 10.389409929100895 10.255045516825993 10.172575023901668 10.109609848691548 10.062520112886524 10.031517425148206 10.018516178204788 10.033392262953535 10.068810064876676 10.11765019079456 10.170564333217824 10.223216381704532 10.266024227343783 10.315987851892542 10.383888765443107 10.470408151227566 10.576206217864815 10.696160996919021 10.816290823810489 10.939099509249836 11.066092099553583 11.19648684845777 11.327359046054243 11.366464252898675 11.238788574415418 11.098972832286947 10.944490923248635 10.77147475708652
10.229615458904696 10.455142274293303 10.683624649320825 10.906361586802065 11.112401522238818 11.283390731980269 11.382966543547548 11.384431702818132 11.317618304827327 11.210972222051009 11.075428742925775 10.913738842661235 10.746954950696304 10.584185056005028 10.425729488336613 10.274990974785652 10.136083837200543 10.032744920143703 9.98076477174106 9.946183325834149 9.925750590685421 9.919682587005466 9.92971784221589 9.965835576809926 10.022370594818083 10.086861052727677 10.1393613859744 10.17126655810637 10.19644333620241 10.237564547051154 10.297142490345095 10.376035245831487 10.475209707153715 10.587585548761078 10.70133719279156 10.819871898402756 10.944510410335754 11.07232868115214 11.188609097126816 11.226057107580298 11.15402721050449 11.04380431801648 10.909505878260067 10.74939309180752
