_RESULTS/CROSS_VALIDATION_POSTPROCESSED_80-20/MHZ/IZ/2comp/2/MHZ_IZ_z_250_kriged_reverse_2comp_spherical_2.asc
ncols 100
nrows 81
xllcorner 5.5967107548124995
yllcorner 50.982328804812504
cellsize 0.00017565037499993607
nodata_value 1.7014100000000001E+038
[rows 19 to 37 of 81, columns 44 to 87 of 100]
35.006096783970555 34.69979109263087 34.395882620434335 34.10379330038727 33.83051525400334 33.58182338765657 33.41072491450847 33.482695496382945 33.61207432412313 33.77224913047901 33.96460450043269 34.18740640933669 34.42797975743262 34.647470493525375 34.84183315163059 35.01549911876651 35.15674853809259 35.24804491223891 35.287880476924315 35.29376475800688 35.27738301565089 35.2429063508191 35.19022578505884 35.10701739761546 34.99737289989505 34.89015529146932 34.79843963657054 34.743011439689326 34.698169033029856 34.63610905330417 34.55638133770813 34.458469098099634 34.3418397516675 34.214178447914314 34.08463851651574 33.94629584789747 33.798445016170206 33.64917772608915 33.52016390384342 33.44834191676087 33.44854569627511 33.504928322437905 33.60200630226425 33.73701026098152
35.294108286604384 34.97806099828233 34.670965797727845 34.38389803618561 34.12575646686932 33.907017697680004 33.78179803535756 33.84635573038356 33.98474811773898 34.16122537376345 34.36685716678686 34.59618623293885 34.841754189241726 35.063260687609855 35.24159282212868 35.37181544245941 35.464336527098325 35.51813882202139 35.532852082052784 35.5159437401909 35.475241490505596 35.41524548338646 35.337243765341135 35.230104244562774 35.105203956295334 34.99408508872109 34.9137772310167 34.87185991753695 34.844459737692254 34.802507246773175 34.742607910345775 34.664350075432175 34.56728860507042 34.45942360727748 34.349214777079574 34.22932608069109 34.099699067103785 33.96693921331788 33.84463873070283 33.750226967160316 33.69593669406822 33.68835357868299 33.72957453701449 33.82173161357858
35.53734663147038 35.2096775673596 34.90100912323179 34.62499365738711 34.39476476459472 34.22865200361328 34.15855750905128 34.20483979797852 34.33758531255713 34.52219856975787 34.73814910482644 34.973458982543846 35.21785759289705 35.43880025986169 35.606207215176724 35.714895360507676 35.76817295935163 35.7846778672325 35.76884825606314 35.72517173624434 35.65867602450195 35.57291243851953 35.469600706407064 35.34084178034823 35.209460480075045 35.1010120001423 35.03117716388781 34.99880242357846 34.98392715412607 34.96584011512414 34.93291494121125 34.884067667631776 34.81737310908942 34.73769846077796 34.651427613270506 34.55364327773577 34.443526740655514 34.32328516903486 34.198489960995325 34.07721091700394 33.972632858272526 33.89774061948626 33.86775820684583 33.90312491723598
35.71775164710523 35.37587640064779 35.065630599950744 34.802123646545006 34.599329595624575 34.472686116018934 34.43880407968071 34.50127675499987 34.64409682852161 34.842391745435926 35.07284576717315 35.31751042110087 35.560455451088714 35.77744705392504 35.93145768431418 36.024332539090665 36.05806027165435 36.037823813486916 35.9883154203896 35.91505512413502 35.821365849965574 35.709341811880634 35.57229470671198 35.41156707292603 35.26435145863819 35.156663903200034 35.092617039446324 35.068304989856955 35.0647055868929 35.07253466215518 35.07102625906905 35.05873622829515 35.03391724591812 34.999679469791886 34.96004798569952 34.902596186000366 34.81935198158942 34.71181066278772 34.58319969082858 34.435206762746034 34.27971725225968 34.13074857175328 34.013257870728566 33.9698402951827
35.812443318748755 35.45483652739073 35.14234927906471 34.890757711823895 34.71380036591918 34.62246024768642 34.623395606237935 34.71457286721245 34.882935078401935 35.107100238828046 35.36281157175209 35.62510409239195 35.870959620170076 36.07987507089167 36.21775188882432 36.291972891670596 36.307503754879534 36.26613847098441 36.18172179439181 36.077740739069434 35.947218166232425 35.78488665672266 35.59620707939343 35.406060668626374 35.25426127868696 35.14752516753054 35.089835640219626 35.07516419204158 35.085608992277216 35.11871111277841 35.150688397448114 35.17749257022792 35.197729512196844 35.212384572919625 35.22384459150559 35.2211627025596 35.19285356527751 35.12454203998395 35.001804187203 34.83181967026795 34.62599442918435 34.39315232906496 34.1602064663559 33.99282515054174
35.80030398379151 35.42573066934477 35.11367781105906 34.87657589926746 34.725281877323624 34.667108433249325 34.70428281013245 34.83210600814445 35.03800318467581 35.30196815503061 35.598484513825476 35.892546622346174 36.14829741493704 36.344220169214466 36.45982281342599 36.50916949017456 36.50335648191408 36.446170043687815 36.336191465657436 36.18044408894604 35.991059656402854 35.77366847325115 35.54115172405368 35.334610234860136 35.17813810479337 35.07206972465336 35.02079692126362 35.017357491153476 35.04431052544187 35.10246344194197 35.16894464262896 35.23616378550149 35.303335444812504 35.368865570777295 35.43421905009912 35.49160503915406 35.52670496472569 35.51874999107003 35.440635557018595 35.26537905921018 35.003124547637086 34.68619950503122 34.338389123479686 33.980168345649666
35.68725541897433 35.2845607185279 34.96829966978389 34.74661709590294 34.62107670048871 34.596485874263685 34.6723268480185 34.8422016652492 35.093857364093694 35.41020227300351 35.765581869854294 36.11464720542493 36.39173161954359 36.56439745929886 36.643734418552114 36.66174222264289 36.6335247901734 36.5571384147636 36.407859877136 36.19255284593805 35.94651464671108 35.686206389477206 35.42253049833144 35.1983283133158 35.03584722612773 34.93015090384392 34.88465348965846 34.89314106486536 34.938101534757095 35.021485254250734 35.12232877955764 35.22983571330523 35.34412071642881 35.460648610380204 35.58115300138354 35.702923573861625 35.811149092630025 35.87629219869958 35.850812099904466 35.69556784307919 35.404039412337866 35.02143956835628 34.61958942852705 34.27154578098061
35.46910797766326 35.043789992050655 34.71171337145947 34.49212064625633 34.39210997150519 34.40283835753467 34.519687941337956 34.73429593298014 35.03476121029585 35.40790067699025 35.83411341472239 36.274518008496024 36.599912292042575 36.71463220744164 36.74130224798993 36.72909515686956 36.67937164225018 36.56207069814027 36.37268849943959 36.11791475687645 35.83554586539518 35.5469365061741 35.26180526269721 35.02649905920249 34.85700136873213 34.7520788590748 34.7106583191667 34.72861540603589 34.786695918101316 34.8871951372114 35.013184790876025 35.15408120996382 35.31202087965797 35.477774375510336 35.65162350783809 35.837734731092105 36.01710761972928 36.16168142656965 36.22101300254171 36.10122505455397 35.780494796244014 35.35884138306459 34.930847263085994 34.59110858656143
35.14559828555856 34.704890250543244 34.36165858537156 34.13655594926118 34.046201989951086 34.08618029573998 34.24286869947705 34.502218373160446 34.84884031591598 35.26809547884577 35.74581865151097 36.26862674503209 36.698603978571704 36.708398638759384 36.709019746055034 36.68725244016588 36.608425565177185 36.46324729722596 36.25981599526915 35.99933744034627 35.696442321285986 35.386579903767675 35.08454201946739 34.83714759823963 34.65676744251058 34.54870804840958 34.50996917044768 34.53724959501216 34.60917415675091 34.72531027475937 34.86908443820205 35.03033222896622 35.21064167219831 35.41066915698206 35.63175053945387 35.86539735819678 36.09893189706863 36.32547122397885 36.52051861758022 36.467238670573224 36.054544839628306 35.600241263652386 35.165451125620734 34.80462195363748
34.73128291751911 34.27557503280481 33.91992509498056 33.69195696133679 33.60976009170459 33.67655500610135 33.86938776651354 34.16636113522207 34.54687092120577 34.9899930964923 35.47221676686383 35.95106049346138 36.31053916206829 36.47544485246869 36.53793837466209 36.53014460830564 36.45019005855609 36.31019899837026 36.110434116688246 35.85073698415858 35.53645916546399 35.20823282931964 34.89214721444886 34.6308813243173 34.43712071045905 34.318094130778256 34.278879231798406 34.314348366291355 34.40120642646162 34.53242203220858 34.68919934715782 34.86300981006372 35.059761729595394 35.28344034213104 35.52544256501255 35.77677350907017 36.03879701473257 36.29606426715342 36.52878062509706 36.509813701942896 36.11129940272059 35.68317122598661 35.2745219943637 34.906335499598875
34.2515048795038 33.77229759310763 33.39551797879424 33.16159980110127 33.09392761963555 33.19133878297736 33.42916572030406 33.767394410799646 34.17694423717726 34.63137578403417 35.100771579279 35.54195257396626 35.89983551350447 36.145410645213744 36.27440294707482 36.30040019741389 36.24730189706351 36.12380746515427 35.93345552991663 35.677858932573784 35.35908718158281 35.01798474130514 34.68811164061299 34.41009110084875 34.19889857645166 34.06329286705819 34.01294419985877 34.05308382598786 34.15746650182608 34.30377107713273 34.469422605659666 34.654623029498644 34.86842066725114 35.107894786305124 35.35241663862103 35.59674910025671 35.84225817979743 36.07128252690273 36.219069872719885 36.182529202851676 35.940737448836686 35.605384840867885 35.250891309982556 34.90905341447969
33.73940959062629 33.220351280806476 32.80354684615154 32.55270919374189 32.50860118403248 32.65677539160329 32.950607103393494 33.33643873380937 33.77587240491543 34.24137971523266 34.70516794438069 35.1368968395462 35.51040512661014 35.79931781902192 35.974390058812524 36.042433618793304 36.02015737352101 35.91717868026725 35.739361784258186 35.4897692912322 35.17224564640487 34.82275724054959 34.47865637693558 34.17970532769636 33.94492603474712 33.784656806894915 33.71204459178572 33.74176005937208 33.86850010322755 34.03978204157659 34.21020745820992 34.404233789499415 34.63323441132104 34.87649642687218 35.119570012106664 35.35357882738957 35.5672670056013 35.74685180188543 35.85269371415286 35.827182010877706 35.66691043220887 35.41485468888918 35.119587975672914 34.8132927803399
33.236567405194364 32.659272240342496 32.16932181237169 31.87551373348299 31.873815802690658 32.108834623275065 32.475825452286344 32.91078802743957 33.37581391892843 33.84987645058466 34.3136122402706 34.74784328064467 35.13736756359904 35.457368304248185 35.66574384182344 35.76846808726389 35.77669807478658 35.69825509093871 35.53764648817984 35.298089806039 34.98727668862804 34.631640312671195 34.2732985528157 33.94829432732486 33.68184864126509 33.485205308323366 33.37424330685763 33.37451480072071 33.515093407366265 33.7146344637541 33.88899655943579 34.100752808489446 34.34567951029186 34.59634385369979 34.84122818620774 35.06760461427287 35.260305477579976 35.403033937191495 35.47970701472939 35.46870395395092 35.35605453039118 35.16128765960085 34.914005998406154 34.64009864490986
32.82416557562765 32.18595033750476 31.580572791043398 31.159963172536546 31.252682569443458 31.613265061747047 32.04922662313927 32.52250378925024 33.004373466635336 33.48340649641772 33.94846509324679 34.38817324038187 34.79695230651386 35.13463322151133 35.36471892169294 35.49317989058945 35.52672014793023 35.470616509913825 35.329008823272375 35.108611327967154 34.81152668291577 34.455895050315284 34.08506697694672 33.72922830724499 33.42250507512327 33.17622480676429 33.01091959463978 32.96506153568671 33.06812519593773 33.26886250082034 33.48733578932232 33.7406966476642 34.0111289594171 34.280507994333625 34.53557351719475 34.762118321472286 34.94570170665533 35.07170389116116 35.1297959710217 35.11869200012275 35.0361403776693 34.8780463502526 34.66356284358991 34.41293781883686
32.58452598354351 31.93121159031575 31.269611446754052 30.643928861450792 30.897334789278517 31.315219555039786 31.754862928957618 32.21721662409379 32.691546111654475 33.16671680851393 33.62838820911675 34.0750858999778 34.49779073635002 34.84012904268829 35.08331184633168 35.23006272304383 35.28378028909761 35.248657859989244 35.13031645042156 34.93002878250863 34.64778909143516 34.299379397954105 33.92584170602816 33.54128530855496 33.18731383468466 32.88099884973632 32.65297093116103 32.54316966248801 32.594948130622356 32.7814911152811 33.037643701731824 33.33772628252365 33.647044097726415 33.94782949806162 34.22294021007504 34.458450112587265 34.64217518013488 34.763756966157985 34.815901088869374 34.79841650264356 34.725042014378985 34.588227008076494 34.39198111601898 34.15299291448208
32.541516404617 31.94288517964698 31.383475405950627 31.005490665690267 31.019758173521705 31.288324662013256 31.647489562362612 32.05138817853548 32.479911023658346 32.917850635446456 33.362892979332166 33.815790111663745 34.23877771669929 34.57918929201625 34.828791303852206 34.98810543199839 35.060815171958495 35.04945852019308 34.95455617926585 34.775379274973574 34.509975618382946 34.17358425700963 33.80297189220624 33.40178051116203 32.99990371714648 32.632383437410034 32.32917787357965 32.137930087064106 32.12036052210214 32.28061093938373 32.577241519996825 32.93143988397046 33.28897611136949 33.626446787464175 33.92654382268336 34.17640155198968 34.36621826988554 34.48864536867577 34.53999890450201 34.52118685270722 34.44034912930934 34.31050297303136 34.119451739516585 33.880374533273624
32.671738425971974 32.150613464658264 31.69663432459225 31.398967639031383 31.32930160312009 31.456332906729777 31.703256665580586 32.02000931624724 32.38026931656361 32.76258490025369 33.16774986780599 33.594871652113184 34.01165736894317 34.34932185314315 34.604557406234484 34.77768827887891 34.8700696748674 34.88134952431949 34.81019849537459 34.6539390814095 34.40833721175178 34.090334608516194 33.72938586068413 33.32345237114847 32.88978288121201 32.46646917179717 32.07541861787615 31.775102036267317 31.65181522319813 31.785079369742885 32.13396858905468 32.56063573665931 32.977716934050534 33.35641459454473 33.68189625581001 33.94524054525967 34.140374325314546 34.26338055282547 34.312970179555776 34.291391987776116 34.205233790993276 34.06925169989074 33.875070151785465 33.62661185044619
32.92927050793402 32.47364517643317 32.08645572747702 31.817447201133607 31.69556045346354 31.716197186966127 31.849847854057913 32.0673627704435 32.34614623949364 32.66238807368557 33.01180631853981 33.39393010815753 33.7814503236073 34.1197588484017 34.390089543539624 34.58658379560004 34.70540166135731 34.742012985656146 34.69597541141895 34.56596513382075 34.345984690613015 34.058636732390724 33.72164561300489 33.32947461463074 32.890091677553094 32.4248170595804 31.947316393227442 31.495574971912205 31.19727441095048 31.316080185297402 31.765943123087048 32.277973084988545 32.754476280694476 33.16861542344016 33.514200706860855 33.78773834080646 33.98655695839076 34.10894763710351 34.15502256454953 34.127691943334796 34.03333897029262 33.88293140345288 33.68187816579732 33.41656570978721
33.2906104246226 32.87965242484558 32.5214747800839 32.24273777175938 32.067948194662435 32.003235952414435 32.03975008003804 32.16384880226081 32.360673579872014 32.598559697187 32.88330301834444 33.21736704573463 33.56996039490312 33.888356189397854 34.170093992571445 34.38891761601834 34.53843651941161 34.614223367701904 34.609153569634124 34.513854498524324 34.329216993876706 34.08749376375236 33.793555925565535 33.443370463738894 33.03439645536703 32.55861851518871 32.02835004214478 31.4280377861864 30.80929557293049 30.982345747590568 31.599248622027076 32.162918550627666 32.66086764945358 33.08840455774442 33.43995093606992 33.715372338670754 33.9133231344085 34.03246831141851 34.07286780263282 34.03722704926292 33.93157962513984 33.76521131326094 33.547813190903675 33.26270390224752
