_RESULTS/CROSS_VALIDATION_POSTPROCESSED_80-20/MHZ/IZ/2comp/2/MHZ_IZ_z_0_kriged_reverse_2comp_spherical_2.asc
ncols 100
nrows 81
xllcorner 5.5967107548124995
yllcorner 50.982328804812504
cellsize 0.00017565037499993607
nodata_value 1.7014100000000001E+038
[rows 54 to 71 of 81, columns 40 to 79 of 100]
0.0021420108200733666 0.0014765491186363685 0.0010851783276810032 0.000857364553655413 0.0007350040124072702 0.0006842879983290847 0.0006837709777544621 0.0007160942747176201 0.0007750009333428856 0.0008629368392199389 0.0009521786644274531 0.0009952197197357032 0.000921564509153674 0.0006808109419514622 0.00034292590482979784 0.00010622138723431289 2.2107970075575966e-05 3.600629805686475e-06 1.5448831150195238e-06 1.866435899993767e-06 1.967705944638941e-06 1.7998416757374976e-06 1.5678744233291868e-06 1.3587809401165726e-06 1.2371375493687904e-06 1.2831451737596682e-06 1.5662023098662531e-06 2.155906039994124e-06 3.2598713716645773e-06 5.3368857861723996e-06 9.170226090876273e-06 1.6483478653836687e-05 2.8773695451377195e-05 4.526835633332146e-05 6.198339030353308e-05 7.377148809458341e-05 8.445434678984185e-05 9.555252975057436e-05 0.00010606552695855732 0.0001148782588945963
0.00575299211998126 0.003983113735036128 0.00286897606897756 0.0021694976869232143 0.001735718857178009 0.0014622805584539095 0.0012806140988868484 0.0011428724317487607 0.0010533417788844807 0.0009778512315453999 0.0008818677053758707 0.0007408751294471809 0.0005489348879016022 0.0003359381138326364 0.00015611585609657071 5.200520998424416e-05 1.3657898204363554e-05 3.6875453120373646e-06 1.7311445118173568e-06 1.467836564833754e-06 1.4163586371393792e-06 1.3473870844291304e-06 1.2591339658117807e-06 1.164028653445872e-06 1.0952466934450408e-06 1.221577278795707e-06 1.750455122052398e-06 2.713430108721056e-06 4.48339146960426e-06 7.930966265441961e-06 1.4868694806089242e-05 2.856819509336941e-05 5.1448401079065914e-05 8.123718223250848e-05 0.00011094937512488371 0.0001311347249571542 0.00014832778704160067 0.0001642046124259845 0.00017706616634145507 0.00018491343714126154
0.012765741375119159 0.009166944311863616 0.006731043603736578 0.004938810880467795 0.003733746605497366 0.0028884887290048706 0.002256796169591972 0.0017737832936349886 0.0014320015396469652 0.0011431469890354998 0.0008761340619521304 0.0006246135053460649 0.00039965454939349353 0.00022207326597047425 0.0001023392151930198 3.8162384840786915e-05 1.2743363544003505e-05 4.623060732589955e-06 2.2780584881390756e-06 1.5881385667441506e-06 1.3596157166353797e-06 1.2901657483820784e-06 1.257937910414086e-06 1.2368082663457013e-06 1.2414682702332864e-06 1.4805153296462388e-06 2.2863564242885686e-06 3.7622841657118406e-06 6.519311153734077e-06 1.1961853170420086e-05 2.3375644808065502e-05 4.7107202330923034e-05 8.504165866989493e-05 0.0001330708909571611 0.00017924015068128507 0.00020958361608924584 0.0002349912007180397 0.0002557460053768017 0.0002684816071887051 0.0002705850240640215
0.02345274677482536 0.017856884728194303 0.013744426162313295 0.010113728243464362 0.007334701085164969 0.005296809446747962 0.0037693231979323743 0.0027116256691436195 0.001970007829428022 0.0013968228603247097 0.0009463026509795558 0.0006009442481752965 0.00035133147801204317 0.0001872054134800931 8.808352070569605e-05 3.635746280213273e-05 1.438670345107286e-05 6.1727656022042094e-06 3.190625189428624e-06 2.0424272181022813e-06 1.6036365367582018e-06 1.486093963589957e-06 1.5131838112901376e-06 1.6059389516227559e-06 1.8172224896682271e-06 2.342518323011846e-06 3.515019939226711e-06 5.800393593138351e-06 1.0196622286345529e-05 1.8965878964650893e-05 3.735444358803205e-05 7.259286467210277e-05 0.00012776718592188855 0.00019757733621741252 0.0002630330768668444 0.00030544089836044797 0.0003399829425894819 0.00036346716644143916 0.00037649936695087857 0.00038368262848690563
0.03650665223318723 0.029615232939684672 0.02426521588266288 0.018532090905962258 0.013229909190901784 0.009068291145998686 0.006108287513286892 0.004122136333411345 0.002761970130963059 0.001790865017227404 0.0011090006372227357 0.0006512200208444004 0.000361160322466484 0.00018986239312171 9.165418532431725e-05 4.132574835183418e-05 1.8479124179535396e-05 8.793200521172724e-06 4.720660033170597e-06 2.976286888157125e-06 2.2733847493575442e-06 2.0427321394479434e-06 2.0915593643311933e-06 2.341795044626491e-06 2.8675978072282784e-06 3.882014360029896e-06 5.838977743187608e-06 9.578757314251925e-06 1.680367579677345e-05 3.121608292205931e-05 6.026502744027936e-05 0.00010975123492449449 0.00018177465292006773 0.00026922357970577234 0.00034603687361396327 0.0003995814165255253 0.00044741953142054554 0.00048756580460768937 0.0005178610067317084 0.0005369843632393465
0.04934532244307287 0.042335529814561464 0.03716385714307445 0.029849221148819747 0.02186723466119964 0.014780092706163789 0.009732421198442556 0.006275955940206752 0.003955180666124391 0.0024005846308104892 0.0013941678198532744 0.0007773301734184415 0.00041866313093058365 0.00022040328515723594 0.00011055114206226242 5.3478804211982875e-05 2.596470099060422e-05 1.3224543604314206e-05 7.384267478738808e-06 4.820083389832546e-06 3.7056286049148394e-06 3.3144516609033036e-06 3.4021630912563544e-06 3.885626712069055e-06 4.8577897664277676e-06 6.670913847860067e-06 1.0035372289095896e-05 1.634611161471565e-05 2.8441234599858722e-05 5.233234014892099e-05 9.606110738739963e-05 0.00016302596406198277 0.0002512880681540925 0.0003468487547116257 0.0004241737269892921 0.0004963460589384361 0.0005735824483456703 0.0006434862249980659 0.0006988109196977689 0.0007352134763097286
0.05892766912885485 0.0531342357909737 0.04945102224036646 0.04221327819223806 0.032582726806519476 0.023274032806244682 0.015381960081764907 0.009612398956323981 0.0057726171252182905 0.0033339041296189674 0.0018489606329266416 0.00099659007275426 0.0005317458783690515 0.00028546211650307287 0.00014805579406166296 7.542915580488042e-05 3.8802037375813e-05 2.0842929329782225e-05 1.247722156691243e-05 8.551817126784024e-06 6.751169474059725e-06 6.1208152819086865e-06 6.33677521527909e-06 7.366143363253588e-06 9.328143919833776e-06 1.2835818189815116e-05 1.9121257757448068e-05 3.06360071612864e-05 5.2411876710916304e-05 9.310513721644185e-05 0.00015905159808705287 0.0002517313996669951 0.0003630016489906714 0.0004698241272439437 0.000548744305430646 0.0006319122161914783 0.0007255469935327098 0.0008274787277255207 0.0009163629790727336 0.0009758267610555345
0.0627455750322879 0.05896000704664717 0.05694885355316255 0.05273794465387162 0.04476851210939311 0.03447674441766247 0.023824317526963082 0.014821675593295494 0.008540201713244657 0.004731000402840197 0.0025358569992805554 0.0013428383313361988 0.0007291174821272664 0.00039715783375760016 0.00021171061624226446 0.00011222238730313731 6.0618660299405046e-05 3.5265916936087546e-05 2.2721262486913544e-05 1.6461161567471387e-05 1.3507693848159127e-05 1.2568312062234442e-05 1.3235947425710502e-05 1.5646824930827548e-05 2.0055475476110623e-05 2.766292689484022e-05 4.086092678354203e-05 6.417365512300673e-05 0.0001064749826155253 0.00017764302601248517 0.0002805208534796793 0.0004115489973614398 0.0005516101299867974 0.0006650981199508943 0.0007546166771352258 0.000854166622853071 0.0009620518050414788 0.0010760227865239922 0.001187834913135519 0.0012633329866794378
0.05962922587614604 0.05780692384128502 0.057983797384619895 0.05946130208206286 0.0565502168914454 0.047937596661276255 0.03506729166825173 0.022104802318423915 0.012536898079198111 0.0067282031134732 0.0035198328956334746 0.001879313595195497 0.0010412595568329058 0.0005733222734826063 0.0003130533632030447 0.0001733420976046011 0.00010142373182287942 6.402429202927547e-05 4.434536021397337e-05 3.410954481137176e-05 2.9332436509943693e-05 2.8267063846858683e-05 3.0517790894735756e-05 3.6769038105153107e-05 4.7772515339407625e-05 6.540504570600594e-05 9.432779705549389e-05 0.0001446354019406983 0.00022941314917703 0.00035240104658471397 0.0005127041698752304 0.0006943118215774608 0.0008609793563337872 0.0009758644325705015 0.0010902653077843152 0.0012138014124243098 0.0013420100582458797 0.0014693494478617074 0.001590091476196034 0.0016795086208761245
0.04929210142325543 0.05145883027136231 0.054190878330424665 0.05951166858863015 0.06445609123693699 0.062160951988756555 0.04887621408004924 0.030617580428997787 0.016967809222965976 0.009022199451509345 0.004816706758330981 0.002658265700289312 0.0014930903180639767 0.0008348415767501282 0.00047801346465565597 0.0002858068182774129 0.00018127202994632353 0.00012379819933995865 9.219829348465758e-05 7.557134968099815e-05 6.854171821699893e-05 6.892888122401417e-05 7.666349002196439e-05 9.34433358569237e-05 0.00012035893154923384 0.00016135942953925163 0.00022942310629395026 0.0003411622334477232 0.0005003395114169572 0.0007064584581614142 0.0009446739924529322 0.0011773908647445693 0.0013470650490195015 0.001483929913419348 0.0016346321124670105 0.0017927141150929093 0.0019489265004217554 0.0020920336200457314 0.002210770933360478 0.0022948097960951725
0.036351493410659776 0.04114590375092997 0.046068892182381624 0.05262493012945387 0.06290684776747542 0.07242175894293468 0.06370814450129485 0.0371233742892664 0.019989999335029606 0.010723332356944578 0.006005263991790166 0.0035022382374690192 0.002063457738100211 0.001237817237381778 0.0007662755835775667 0.0004964545500994262 0.0003412543064633216 0.0002519165475619693 0.00020161897312513902 0.00017599016619859783 0.0001678965823534279 0.0001748110560508936 0.00019783525671234262 0.0002419078207501532 0.0003087951381271982 0.0004118308794894469 0.0005741138098524642 0.0007957954627868616 0.001074039778626871 0.0013916102000575122 0.001706861401391174 0.001953709666058031 0.0021199045130157563 0.002306410180148531 0.0025102117966595565 0.002718888510902038 0.002914468992438643 0.003075163236177919 0.0031797185534861334 0.0032136378008284306
0.024094332308095278 0.02880669579610092 0.034202591496082846 0.040549570629316134 0.04880424481410192 0.060290873954280434 0.05764144481596575 0.03429263672827689 0.01936511534995256 0.011138071177695809 0.006801854356530789 0.004283864654088912 0.0027309038912936632 0.0017796945857741562 0.0011996410813791846 0.0008463982314943958 0.0006321046001938784 0.0005045415626608847 0.00043354938760365954 0.0004026911670184635 0.00040448820356290155 0.00043807632180991766 0.0005086826331322085 0.0006285844796560645 0.0008039776668242398 0.0010610910057063138 0.0013900142300175588 0.001780945557555481 0.0022074911709042177 0.002618995849054472 0.00294063799341623 0.003135087967824643 0.0033534412499238273 0.0036103469008501345 0.003893529929896025 0.004180268016135394 0.004436398691003657 0.004619501884441527 0.004688472560685191 0.004618351371163273
0.01545018951430141 0.018844605778968418 0.02278468476509736 0.027289173820377793 0.03204298655610873 0.035406853047609314 0.033446013512380704 0.024834531432392976 0.016358924863355755 0.010764853872222388 0.007228946352352963 0.004928756683481284 0.0034281706911251965 0.002437992311005749 0.0017929457590459056 0.0013783961130889254 0.001118736491090668 0.000966460161299069 0.0008938289732653188 0.0008873521758630816 0.0009446462766288796 0.0010731406145175378 0.0012903097981589733 0.0016240676110850277 0.0020619956093391066 0.0025835433375244084 0.003154433526114305 0.003723715672290783 0.004224606986430973 0.004576354298700261 0.0047486628295557946 0.004960011064166752 0.005246395043858902 0.005602429154271722 0.006008570100481572 0.00642538924058229 0.006789318037887851 0.007016539322098998 0.00702292290881105 0.006795887389230608
0.009882754003549517 0.01212320778872966 0.014676462369357435 0.01741830358093641 0.01992783179854901 0.02123566724764601 0.020180949497071186 0.017007669548963943 0.013106769750154259 0.009778377376766897 0.007198934915810991 0.005340843920921532 0.004050900959503755 0.003153208499664664 0.0025329725411006566 0.0021222460476891377 0.001871874143022056 0.0017511796166141914 0.0017465228621379332 0.0018606087766828278 0.0021129494428794296 0.002540572455798514 0.0031653870540474596 0.003961522841746153 0.004873762276038941 0.005778005856844911 0.006544905021086631 0.00707773358118761 0.007313197373225294 0.007314399375911711 0.007401131378631073 0.007619170995797792 0.007978127464541705 0.00847231360924049 0.009074316134645842 0.009721984012491589 0.010303260715355032 0.010653104407068983 0.0106208364265045 0.010205210359824215
0.0064123540776791456 0.007844423908790582 0.009440655817003818 0.011081498967601341 0.012500242246337438 0.013273158499634084 0.013034335301989802 0.011854487984308817 0.010151302406869372 0.008408400667046316 0.00678725034557358 0.00548791900988086 0.004516142002758689 0.0038294442715648587 0.0033585109547366056 0.003063435898730003 0.002933041174653364 0.0029695764374290247 0.003195687158118908 0.003655733545690858 0.004397097538591946 0.005483441941830739 0.006936977669021653 0.00867619834638317 0.010390163218177643 0.011610865036504795 0.012092054476961284 0.011873077567301289 0.011411173453516265 0.011093838892816205 0.010998669117320574 0.011157032313188382 0.011578827946145698 0.012258938500489662 0.01316773911498758 0.014224937215604838 0.015257037392193182 0.015996570014058967 0.016195189490032545 0.015550213738211333
0.004297200551064602 0.005223112701220157 0.006243382530852166 0.007280898403789602 0.008195528589900114 0.008802457219825565 0.008925214810541378 0.008378505357699496 0.007495735628708826 0.0066426355602836416 0.00591519701568037 0.005268744710707455 0.004729072298245379 0.004341277995309297 0.004124387196665591 0.0040765658871851004 0.004202837904788478 0.004546083437533985 0.005174089887102994 0.006192307359368609 0.007751867507456879 0.010028750251370316 0.013100878402491259 0.01669318476768427 0.019615377771683914 0.02047294143207209 0.019483989833331664 0.01799618602838019 0.016668936976530577 0.01574574469872331 0.015284379644502341 0.01528519112372649 0.015740872542735748 0.01664727410317898 0.017990661411671497 0.019707514590196533 0.021669897767676975 0.0235977347461803 0.02468519129366142 0.023915597486357132
0.0030264365494303376 0.003652263872262292 0.0043440686539208935 0.0050597591923508805 0.005726904513643967 0.006172578945759617 0.006254884330839552 0.005951364785153155 0.00549685188376959 0.005064381045431335 0.004700276914967486 0.004435285827563382 0.0042876516542358824 0.004257504113945556 0.004338638596709444 0.004576090536475181 0.0050249788081678385 0.005744453645278516 0.006856571848038016 0.00855485374442076 0.011132280872615776 0.014996131706399176 0.02053949047220482 0.027412784766600314 0.03266286586896523 0.03226038735160898 0.028647289902110778 0.02501578288367579 0.02226894402233196 0.020462104808219143 0.01948657452559356 0.01924527348728948 0.019688156553088504 0.02081176763545455 0.022649120965947563 0.025363796572815362 0.029044454760771426 0.033406185290788155 0.03708542206757507 0.03694463998120838
0.0022757916478474485 0.002728850690824477 0.0032304761699702743 0.00372389753892016 0.00413889124784888 0.0043985966093213 0.004445870423432191 0.00427247216165258 0.004036775748748348 0.0038303272313117303 0.0036734508838877117 0.003585058690002755 0.0035825003362951083 0.003684624569540467 0.003916624086872548 0.004316514550763518 0.0049444149188556195 0.005897204260342544 0.0073264847573386565 0.0094671054907686 0.012743993531382992 0.01788741122855331 0.026058417019566335 0.038816107907252255 0.05216459342260777 0.0457481054342322 0.036909245985978854 0.030639601715025937 0.026477792759280763 0.02386298150439936 0.02242126639336039 0.021936729345130933 0.02231203658086644 0.023612390570629572 0.026026386634886985 0.02983502823673763 0.03545940359937748 0.043343161873593314 0.05296438847020587 0.05707668141586652
