_RESULTS/CROSS_VALIDATION_POSTPROCESSED_CLR/MHZ/IZ/3comp/4/MHZ_IZ_z_125_kriged_reverse_3comp_spherical_4.asc
ncols 100
nrows 81
xllcorner 5.5967107548124995
yllcorner 50.982328804812504
cellsize 0.00017565037499993607
nodata_value 1.7014100000000001E+038
[rows 19 to 37 of 81, columns 44 to 87 of 100]
3.0179014687588963 3.008678535451655 2.9741112752615226 2.9136922021873586 2.827365877872503 2.71705019660573 2.6228415055995704 2.666773975026899 2.718684714021366 2.756032935048637 2.7749487351950783 2.777468433730829 2.7715219028474536 2.760231644362687 2.7460307684805083 2.7352334036839996 2.751497195823096 2.840763168510022 3.0057401681802465 3.1938570773788504 3.36964950443505 3.5195391333198627 3.638386705850858 3.723628567657908 3.7829857449703743 3.8279741348381973 3.862357959741352 3.883592821146129 3.8810843994250943 3.845181959080284 3.7787483927850167 3.6844168819812175 3.5645293359632997 3.4383882122532814 3.3284266982811115 3.2491339588719383 3.2069955399194425 3.2034826885156047 3.242532532218744 3.325330661874322 3.4452977709644563 3.5829054264879665 3.7523598889071237 3.966749543154243
3.055227185964153 3.037918449599757 2.9958546852746997 2.9286393772784702 2.8369193958725925 2.725690803589303 2.6394423182547824 2.6641264297074247 2.712611358357745 2.7522503677398085 2.7776714773045743 2.794563400700944 2.810744345652015 2.8282784308275195 2.852197819356256 2.892138645013584 2.959146542006935 3.0606373155144784 3.199784717756937 3.3567971766204097 3.5084225363584096 3.6390935336742105 3.740139295863121 3.8065482554429773 3.8451629090404125 3.8683109982155406 3.876231892466244 3.8708496634606493 3.8370597889531446 3.773061149298423 3.6837829923781897 3.5723507795944953 3.4399956998131365 3.3052237627584997 3.189211731106057 3.105859563838095 3.058904702067527 3.0491809644589303 3.079282351709466 3.1518191553334183 3.2535950900022264 3.3760801569518057 3.527568762007913 3.730391129060681
3.127240598382259 3.106705303427744 3.0638148481356673 2.999716224461993 2.918675400507354 2.83302836358695 2.7706715539808284 2.7598854657665512 2.7824624069596613 2.8119102202471193 2.839759448924558 2.8704578168658177 2.906811362615316 2.9509257338337687 3.0076926369692263 3.08335175670047 3.173346695186547 3.281839898588659 3.409526411738747 3.546299415532218 3.676966313442749 3.7873670675264726 3.8670706846223952 3.909588929483946 3.9221787521167197 3.914239289730648 3.8891881339077172 3.851164162525218 3.784463891405822 3.6929974546652113 3.584084781844176 3.459888059860799 3.320607027595134 3.179345318206972 3.059001730148862 2.972695013310446 2.9210624759947406 2.9036784872048376 2.921445968393191 2.9792996991876484 3.0653646288946517 3.1665650961297716 3.29494794679459 3.4704023298201756
3.2298331884504368 3.2100228704980993 3.1709496798655534 3.1147814983580484 3.047070322478888 2.9781903661780484 2.9227345736837513 2.899511645620324 2.9035646266610797 2.924025792393042 2.9533388569654475 2.9945449061677496 3.0475404945380467 3.1137308174736935 3.196656208262296 3.2886751793470297 3.3883560608785155 3.500768065978949 3.6225724486584667 3.7469383465475845 3.862611061596878 3.9561658117573586 4.0147952087606225 4.030163950306724 4.00870518668272 3.9600733656468905 3.8961639711697655 3.8211176106991283 3.7252099849018303 3.613854370709861 3.4901832746533534 3.3553727756556397 3.2091426390150657 3.0627251753756735 2.9410640095581666 2.853947961947063 2.799066689754281 2.7744856076577444 2.780998776414486 2.8322538771473447 2.8990308053452836 2.9695137890920495 3.0589109373534678 3.1990198209376697
3.358830662369572 3.3411392253884236 3.3082588603243397 3.2608612680028166 3.2038525076656486 3.14432887945304 3.0919511972916025 3.063032350174601 3.0590788002979963 3.0741000920519475 3.105421149097906 3.154813312359711 3.220857871446472 3.3041937015701106 3.4016383661919196 3.499774125005196 3.6026534618203025 3.713986954522448 3.8319372854029705 3.9487967250493377 4.055601636042786 4.138644706156329 4.179937196187238 4.163542139685228 4.096254740401211 3.9988205325872554 3.891323523022407 3.7836246711495933 3.663039345526716 3.533959980189251 3.398807034634272 3.2576233296769 3.1087178150909924 2.957722286865673 2.8392261876908083 2.754702819913769 2.699598519402138 2.670735596726235 2.6810911927185153 2.727542854696466 2.775910480731417 2.810823252651006 2.84115965060617 2.914242023905662
3.508952939420968 3.493083347332113 3.4673644826985646 3.42808918663999 3.3790057305717482 3.3248863100155157 3.2740102380907565 3.2439320766775093 3.2369890277669464 3.249399150158698 3.2840307137489786 3.339917789259872 3.415790542993056 3.5114304802713026 3.61176310066515 3.710861802097293 3.8124248481898784 3.918985994386458 4.030927473379752 4.141992762637621 4.244384195125348 4.325743039597954 4.356834234500479 4.301398992282647 4.175382075544173 4.021534909947389 3.8733965265598966 3.734315140737058 3.591064579181719 3.4477852813127274 3.305950769356491 3.1641202419041616 3.0187629510995 2.870985417430933 2.7578232590366545 2.6803639422748704 2.6294738126951454 2.608875298175077 2.632596055051367 2.678274019241108 2.715492867506188 2.7266448332369073 2.7056667820254656 2.6537780174678054
3.668994026416459 3.658473151225879 3.6408978420387332 3.608653321312898 3.565342898610316 3.5143781988042493 3.464817960841079 3.435709846526627 3.4270627000213563 3.4403193841050363 3.4783996983791408 3.539546207128866 3.622667964118245 3.7230853434206064 3.8212558111559436 3.917253639142904 4.013583028636464 4.1120071995459275 4.213226225854528 4.315345543499331 4.411193565094571 4.492112064037629 4.533693744920396 4.433058948948695 4.22667770236249 4.018711915281899 3.8312700044213632 3.663745654904139 3.5018703889818843 3.3495771218677937 3.2075281914093896 3.072418739812761 2.938270878822775 2.806413024408278 2.7034175785161265 2.6362562037553676 2.5962680640146685 2.5965484942748738 2.636211707720749 2.6892307102087862 2.7324388936740416 2.7509897497047433 2.7467595909874403 2.76190833691225
3.8305200918384092 3.826249241333738 3.8179818832138763 3.795877909316488 3.757621993877851 3.7085417838137946 3.6612328575561097 3.632222366246124 3.6229745200848438 3.638878550219184 3.6798003635415433 3.7446840550415095 3.832653881678239 3.931581624011687 4.025298060639762 4.115301882355299 4.203014614331563 4.289549399469384 4.374965718217486 4.456726926221534 4.528290779440161 4.585096527588188 4.620179437766604 4.474994978239283 4.215749338609045 3.9719893058670492 3.7541856992605416 3.5640868427603323 3.3889249786731375 3.234064258629029 3.0999669688035767 2.980750355523732 2.868735522956091 2.7669582943698217 2.68124273261821 2.6279531136029917 2.6080460278659503 2.6307122598800454 2.6908775241078406 2.7612875675052333 2.8250552238455766 2.873397428109512 2.919006994327435 3.0006383675930315
3.988380943097242 3.9906800007008614 3.9876629298429496 3.9764932290207438 3.9472488109176394 3.9033104016699123 3.8583100496009273 3.828315196120675 3.8210045497425327 3.838810313029783 3.881520444600626 3.9485418081039407 4.038695965057848 4.1323357361708695 4.219801259572823 4.30183840107096 4.377991080553509 4.447142133486259 4.50768850894615 4.556955055359328 4.588118763270757 4.586456430586001 4.5264989133944145 4.367060150840481 4.1302183325208155 3.877648482811961 3.6400798247653787 3.4319864478674864 3.247756449691242 3.097086472972186 2.9809828741926596 2.8890291307691047 2.815172501827889 2.753138417758046 2.6961222784561425 2.659360557156715 2.663520503661247 2.7108413042492545 2.794249315365276 2.88771816531275 2.9776147108524107 3.05824707629888 3.142183986091973 3.250963784450519
4.13820000313596 4.147673835857592 4.149799175726222 4.142932156769495 4.122027051675498 4.084973395422588 4.042917222429215 4.016682284620938 4.012630907007296 4.032205009748198 4.075913649082928 4.143548899262322 4.232234030493171 4.318800065378376 4.397332341717714 4.467500308002029 4.5281557404582085 4.577083544402274 4.610735300696951 4.6241040854147135 4.609070979986056 4.547834104297558 4.428937270531548 4.248137144438567 4.013787390022571 3.7544906840082968 3.498787120953411 3.270400853154835 3.0764435370221355 2.9359418210223853 2.850885787712854 2.8048864371091606 2.7830472590380246 2.769128004347827 2.7511515421043478 2.735501730932035 2.7641142119018465 2.835619936713025 2.941710010067447 3.0588488456373923 3.172801153809606 3.278570936195843 3.3860310711218955 3.506757858541068
4.275544138945733 4.293226210377917 4.301353503367357 4.296479750980999 4.277429567385587 4.246170510387615 4.208505351046755 4.18540546406274 4.18316642653572 4.2035851716547725 4.2473183724198895 4.314173347966303 4.399131523690097 4.478085012401261 4.547178174804145 4.605504124447894 4.651125921393133 4.680729809238984 4.689243158131534 4.6695265401278405 4.612397841797493 4.506230518987255 4.350981681560616 4.148208875840337 3.902628638601531 3.629415460862965 3.3490872473742117 3.0884041723528055 2.8731558760809572 2.7472323795464018 2.716659284336726 2.740469814682254 2.781437979757162 2.8202138169410165 2.8439429741046056 2.860043091986883 2.9114177860313455 3.0033148833518153 3.128078727568686 3.265639601266331 3.3972342043550077 3.5188201610776404 3.6386125883094245 3.76368759925029
4.395411090820982 4.422855121068291 4.43892760482867 4.4369306175848156 4.414593735368444 4.384718559664865 4.351578635345211 4.328981803096044 4.3267664028783805 4.346594091773501 4.388738693185848 4.453136954498183 4.533300152221481 4.605216760167829 4.665910153356737 4.713993312091299 4.74681344809696 4.760092231234409 4.7479410941952995 4.701774499594586 4.613101560206063 4.47687351969767 4.296275467560939 4.071954782287679 3.809266976927444 3.518182995392504 3.2111465769874243 2.9049982733301873 2.6352394447502876 2.528460458933451 2.5989151570349014 2.707561346486768 2.8144524226141012 2.904919904660555 2.972914728245078 3.032021744815682 3.105681832648758 3.212288581062925 3.348932000646033 3.5006668008602744 3.6410638333909766 3.7690240660653513 3.892120741745183 4.0158500318695465
4.491778846664587 4.530472810943449 4.558128241571263 4.563086443410058 4.539546358676116 4.502264843997282 4.46536352593381 4.43956731807232 4.433778058180772 4.449714202445627 4.487927521235236 4.548141184108917 4.623175821140665 4.689026607165203 4.74290904461868 4.783353059537419 4.807658356591527 4.811371999433662 4.787441131025908 4.72628475077401 4.620299170037259 4.461347106054198 4.256675191120075 4.012737508215043 3.736878816562492 3.436637328492809 3.1192737926004783 2.79116476124793 2.4590068725115044 2.3791669971919327 2.5640887020918113 2.7354471011892296 2.8904781102199877 3.0229353128794747 3.130867235606142 3.2323504284592635 3.3409310019386163 3.460186157078918 3.6011202849849377 3.756896001468733 3.8962069269422575 4.0211396258764625 4.139289006683024 4.255934189503668
4.5370541826026365 4.58729020418487 4.636773912273544 4.6671029543380635 4.6397546938052905 4.589878391593744 4.542239069245712 4.504913426740706 4.493526188421145 4.50540228737099 4.5393302695596836 4.594783438120459 4.665106375742721 4.7260496260331335 4.774450753527958 4.8090023502078205 4.827387421544519 4.825855514315777 4.799193912334729 4.739373878137326 4.6267038779960705 4.451617820609698 4.225450711234762 3.966721869943859 3.685977245738023 3.3909021534840766 3.090546931696104 2.804934487710815 2.581860551609448 2.5372666776103414 2.662958385901368 2.8372131403709755 3.012024158351344 3.1732130103455107 3.3148274823613253 3.453690862115898 3.5967105415150082 3.7373160506200223 3.8785267602047755 4.026834143982996 4.154823866317065 4.2673844648068995 4.37265077839823 4.476006710926102
4.509055608866988 4.567925862491812 4.632696542518564 4.696136541055028 4.652582920934306 4.600361620051892 4.558000616346134 4.524529904993612 4.507494441722372 4.511860058967128 4.5410751126054745 4.591464196726831 4.6574639106173255 4.714700722573805 4.758821852098456 4.788784694538263 4.802830068900872 4.799786449126147 4.776209655408778 4.725090561116517 4.624965086209479 4.433758289043282 4.189356021703197 3.9233582464304697 3.647009025331156 3.372025490671108 3.112732439111493 2.8916888185420575 2.7491491125725536 2.732291239457011 2.827478965037834 2.9853929165434145 3.164152577814308 3.344452090050362 3.5150896801400453 3.6884507281941867 3.864004098377897 4.026447072632848 4.170415138243369 4.297041844101164 4.407796228371849 4.499501733641317 4.584685603555098 4.668548416720146
4.418704825954687 4.477494119819613 4.532095809082022 4.5635287759021175 4.55196379542485 4.5218518114536375 4.495325834613568 4.4759838875699876 4.4662513771823305 4.4746739717219635 4.498214629229323 4.539120416390467 4.599247633767186 4.653861063259302 4.69468556563045 4.720891173109144 4.733832888404708 4.728988913512913 4.70303931016644 4.655302547648806 4.579577960967774 4.3689833629678665 4.1224917026436065 3.8691453967084186 3.6154123756091288 3.372498014044008 3.15683131019742 2.9886598756367335 2.8941494951741125 2.8956777600654675 2.990504147592989 3.1422201969443475 3.3233856939358275 3.5181498357837264 3.715037811210049 3.9232686753494166 4.1356464407399836 4.316707650064309 4.451234129548273 4.552052981862547 4.638783021855898 4.708329062849366 4.768407045200922 4.827688466207194
4.310066446782229 4.362148732247607 4.402514456826619 4.421565771700697 4.416802841075525 4.399201174860965 4.380090532438568 4.366603894336602 4.363418957593547 4.378181374612098 4.408941615757282 4.450296635034142 4.500633626633193 4.549930790570875 4.587695062144108 4.614020970556949 4.624184398795357 4.612788947988827 4.578277833534395 4.515370282516018 4.406921255833223 4.237118995797222 4.0266018827376335 3.8039983835788314 3.583685835136998 3.377005844837603 3.200330354759068 3.0752845552827326 3.0179674585025165 3.0395423762337597 3.140669964072699 3.2979943687364193 3.4851668491357493 3.6915262649111478 3.90874925100837 4.146367496750811 4.4049239111832295 4.604520272812932 4.693808670447411 4.757672226358351 4.824269027674965 4.880925511497247 4.919717804284441 4.951770229701563
4.195131681945919 4.237369687314696 4.267895337101517 4.280817177393178 4.275170243568427 4.2596362200614495 4.24118345885513 4.226260835419986 4.219690213285395 4.225747102019824 4.253964955420625 4.303595189873062 4.3610988330114875 4.413564064797682 4.455335427149373 4.483997309741067 4.4909298415782235 4.473650032076685 4.430329787606939 4.356113692739573 4.242872261398821 4.09404024333714 3.9173256773294227 3.7288829515258524 3.5444245026823524 3.3808022015370316 3.2486513336853213 3.162983530347309 3.1369102401211717 3.177132273968997 3.2836499582947507 3.4440429056779265 3.638898098198719 3.853090353679217 4.0808959546304875 4.32995979425232 4.621085179214623 4.843988948684961 4.860907102906722 4.891113477098948 4.936158069511045 4.989877059454826 5.02548791652725 5.040269132756224
4.085586928586132 4.1183830986747445 4.136591545413021 4.13760618355582 4.123587580797741 4.103317319159796 4.081611375221449 4.0634560172471526 4.053266152612245 4.055018322380511 4.072036567592923 4.112928648085186 4.178097326612997 4.248106809400199 4.296089946406874 4.325416193530772 4.33342861943754 4.317716044118464 4.274544000106851 4.198817350306509 4.089846310216343 3.9568130674407365 3.80621881982915 3.6540082915804972 3.513009151198796 3.39303977802415 3.3028402820730545 3.2511124292526454 3.250636728038417 3.3072557831219243 3.42009653190596 3.577964899267308 3.772726286425097 3.9897800994674504 4.215017565990004 4.445200739018649 4.681746317647561 4.852478561284518 4.922122248553575 4.956937111339028 4.989152271146602 5.026323186747588 5.0608767464453 5.070892168366152
