_RESULTS/CROSS_VALIDATION_POSTPROCESSED_CLR/MHZ/IZ/3comp/4/MHZ_IZ_z_250_kriged_reverse_3comp_spherical_4.asc
ncols 100
nrows 81
xllcorner 5.5967107548124995
yllcorner 50.982328804812504
cellsize 0.00017565037499993607
nodata_value 1.7014100000000001E+038
[rows 20 to 39 of 81, columns 0 to 43 of 100]
4.478757635987154 4.414139726416437 4.367037906755143 4.345303649352991 4.345022891527036 4.3656184949220735 4.403345746455547 4.45228047237956 4.506329664611916 4.560402064279261 4.610732411650612 4.654816282884673 4.690382230727198 4.718054480174523 4.742082596551293 4.760790225662635 4.773754364831506 4.782855218350106 4.790179682904117 4.797096059403302 4.80343647575678 4.810746922373232 4.819635198611406 4.827895599829625 4.834673961026984 4.839269722376492 4.840841748577142 4.839903932124315 4.832370511756082 4.8158653998047525 4.790998396663873 4.758683324007067 4.720198706689276 4.677047618522239 4.623307304645296 4.559477184421729 4.498304250158812 4.446699334583566 4.4064763665846955 4.3765343969717225 4.352004704113208 4.329839897981403 4.312036265914234 4.295893380891426
4.57469725412622 4.521246415281361 4.482283948587739 4.45699783562346 4.446841541087472 4.452524152019763 4.471645118736198 4.500185120312089 4.53354203138641 4.567355512434845 4.597947927090815 4.623047218446753 4.641169254231454 4.650975989801726 4.651970325226888 4.64670637391978 4.637313264542101 4.626837091205121 4.618998048116878 4.61653961469662 4.619495003664109 4.632961522956974 4.652699542871295 4.673544844707409 4.694026661389636 4.713798693860915 4.732658459235249 4.746825016808506 4.753212111704353 4.75195441942885 4.743712610645129 4.729412144899116 4.710286444504859 4.687903478210009 4.656658633550533 4.615204231133851 4.56801532286507 4.524912924123996 4.4880657340242704 4.457005377758116 4.429120192558424 4.400929767751369 4.373334075690552 4.348527848222007
4.6721065635356 4.628712406878184 4.597807962021189 4.574300106143033 4.557043518740058 4.550348944731377 4.553708804106526 4.564216147702703 4.5783799958920275 4.5929571129885565 4.605984334897816 4.6146141041981235 4.616531843463424 4.609805396192965 4.591396164179779 4.562253584681943 4.527930849272342 4.494455519643399 4.468376366914734 4.455449882922203 4.457557000530471 4.479386728246881 4.512297511670116 4.547063906773593 4.581769062877752 4.615903242675498 4.6458847302762045 4.669999475843353 4.688868284345755 4.702652791558757 4.71079358594453 4.714066477820354 4.713567328905137 4.710757081544362 4.699681141690156 4.674192849350117 4.638666859418407 4.603787439120431 4.571749448334378 4.542382393434817 4.514227659330419 4.485129561694479 4.453357126723198 4.422165199831288
4.767996045662055 4.733140204012814 4.7084782633443885 4.687265868143864 4.668925168902227 4.654201451219916 4.644248378261932 4.639445394643893 4.63790120740526 4.637926124378945 4.63630229247892 4.630162220617584 4.617170589712528 4.593387232006882 4.556731271335583 4.508081354239223 4.4503048832885925 4.38998289173077 4.340619293788851 4.315981935270476 4.323098367067927 4.356949281147519 4.404577425336294 4.453862552557645 4.501160359290983 4.543454944800984 4.581141711673732 4.614453635603307 4.6436388864918365 4.669649780735167 4.693136855920221 4.7131045855946905 4.7296447200231855 4.741339867337397 4.7445708676765985 4.733083393660067 4.70904268413333 4.682588858470352 4.65655149516667 4.63094750238685 4.604980502412921 4.577347462094644 4.546623451011495 4.513367533838053
4.860084122484728 4.83259203640687 4.8131422151376535 4.794275856626842 4.775813444264725 4.758408518423708 4.741929435696434 4.72675876008497 4.714099501955926 4.70229413526168 4.688390366820573 4.6696756527579675 4.643083306075873 4.603795707227771 4.550660313278687 4.483708185719926 4.404366882676808 4.317448661639126 4.238182529061387 4.202236979047001 4.225279431056975 4.2761890749449725 4.337037574544235 4.396093744712311 4.44909949372047 4.496912466626817 4.540696876739637 4.581601024560223 4.619840890535927 4.656251238519117 4.690765742845341 4.722932059363479 4.750451486387406 4.77293550188726 4.789220096336912 4.790821518998425 4.778043096370855 4.760350254017775 4.741242944028422 4.720879846605626 4.698890820659335 4.674550986890289 4.647023917905025 4.6159953797689885
4.946485304186881 4.9254346335409736 4.910680033017699 4.8944297245500294 4.876583832308045 4.8577421086831745 4.83902581766256 4.821716663209214 4.804311021750628 4.784934086932188 4.761613902668709 4.732886522382832 4.694503391547524 4.642726169622247 4.576546613241862 4.4953521583788145 4.398951971989663 4.2878803366721 4.166415657293546 4.119443833149273 4.180479802333184 4.2471995562635225 4.313073186239714 4.3765948201131515 4.433321729386719 4.48414861601268 4.530840220825563 4.575065448348892 4.6172943325793945 4.657851749927292 4.697233667316418 4.73582489762473 4.772743147943111 4.805237373346167 4.832568463246297 4.8464560127728245 4.844586347474305 4.835967741765156 4.824471088715716 4.810375355869661 4.793606200386435 4.7738392989384595 4.750656977349134 4.723724422022462
5.025567177328156 5.0102134127496685 4.99992171241898 4.986677574688665 4.970204349096994 4.951781698694358 4.934084209036427 4.916504845057143 4.8976507668534826 4.875792876210825 4.849036801711438 4.815126425640295 4.769088657876466 4.709115375781869 4.6347060147178185 4.545601160302969 4.44191048451191 4.324968647347111 4.208258763159075 4.1646984857944265 4.212710886690784 4.273891951354939 4.335085644587745 4.3949559169107415 4.450877332993715 4.500674913703732 4.546560913575642 4.590684093072485 4.634117300127304 4.676611564000234 4.718193203210669 4.758745640360556 4.798605161296183 4.8379853405531525 4.873711380060504 4.899015517608335 4.907570263672816 4.908228644696579 4.90477554631609 4.897599117567171 4.8868417863495255 4.87246021235307 4.854331261211457 4.833088035157007
5.095866688822266 5.085587425670489 5.079611127347589 5.069809940589735 5.054977099845075 5.038426309853888 5.021516443159285 5.003902155528954 4.984669193015737 4.962340174307013 4.934985329310673 4.899565214228533 4.85107210599956 4.788607567457181 4.712030794921058 4.62159119497239 4.520131758616245 4.418121991499693 4.336032217496336 4.300286673326319 4.3147251836022695 4.353663526481229 4.400388796634558 4.448725768583579 4.4969447917826315 4.541724113503803 4.583540853451957 4.625156355144243 4.668161520445044 4.711672148657862 4.7546987718710065 4.796323574631084 4.8368863416205565 4.877137557497201 4.914824615654083 4.947450529716289 4.965860126294029 4.9758329320180845 4.980608915055191 4.9806790765977516 4.9763519987119045 4.9681197571138895 4.95719678166723 4.943343279822931
5.156042465802239 5.150224266910433 5.146699072800401 5.137580781656101 5.123521836018569 5.108381531854909 5.092610421694364 5.076112321723391 5.058226425517707 5.037604483087806 5.012113117013846 4.977412286950575 4.929115576739978 4.86757515986525 4.793720215945663 4.710747077474687 4.625170993647775 4.546742708392432 4.485818937091506 4.454240268360482 4.45301525847616 4.472524109560418 4.502155226347028 4.535406496746553 4.56962014553927 4.60457879842379 4.638909944840375 4.675555004823474 4.716987704850995 4.761226805422581 4.805335876960735 4.847340504950572 4.88749443325751 4.926038916773515 4.962693626660443 4.994360072842884 5.018404110018079 5.037402747839286 5.050350149416886 5.057707274652158 5.060691005342488 5.060803262742987 5.0578230008589955 5.051403065380198
5.2035925916968555 5.197816092890413 5.193409440193908 5.184741249780851 5.172682211300427 5.159329478727237 5.145305912634614 5.130821758616026 5.11559556081136 5.098632845960778 5.077598161221724 5.045777506346539 4.999077558794928 4.94015515411676 4.874131517080619 4.807322967581759 4.744810136752888 4.689996752227151 4.6474618850692515 4.620853076764489 4.612218238749911 4.6182546530947395 4.632658279039911 4.650428826700451 4.6688242715435075 4.687620909630205 4.709607633627421 4.738427027707423 4.778247755989603 4.8241108075913965 4.8692792167289385 4.910835185277719 4.949078394762338 4.984234865515614 5.016844749850075 5.044889430546292 5.068752409683376 5.09178340980689 5.1123080485316175 5.1277172971228 5.139682821076952 5.148195837633421 5.153072622734927 5.153982438346935
5.2318408726979095 5.224718225801459 5.2184173554039965 5.211114377069792 5.201092205727575 5.189618240412788 5.177546261372022 5.165402652198758 5.153357480675648 5.141140122194114 5.127391327253628 5.101072263775233 5.055339948037679 5.003569020603455 4.954768939046829 4.9102343271831685 4.870733982809972 4.837564923228257 4.812217693073786 4.795376042582094 4.786184847180465 4.783417769769993 4.78579775107215 4.789817545246292 4.792923672460072 4.79408939869656 4.795554151621379 4.809971099894526 4.851239141855184 4.901093285636531 4.946668084613769 4.986017105946898 5.020246048194558 5.049998579401095 5.076081357363976 5.098297321900884 5.1181845685660585 5.141893928741456 5.165731767790169 5.190197218024641 5.210806974018404 5.227395408327471 5.2398372581877934 5.247826246024555
5.239825881304496 5.230765835695473 5.221856518260075 5.215610994407407 5.207415926084343 5.197637554344026 5.187331224209628 5.177263000890464 5.167881358821465 5.159276385743769 5.150847755930835 5.130739307078908 5.094005867796635 5.061824261633563 5.03529632895395 5.0141094824607775 4.997825891626042 4.985895016930025 4.9775631566978475 4.971914924042853 4.967845557657299 4.963085223266603 4.95685502646364 4.950195162298222 4.941051875329441 4.9277088458833145 4.909045109083794 4.888903558098006 4.94449981381895 4.996213731390018 5.0380711461857794 5.071686875703729 5.099054080146713 5.121122633229369 5.138745052360797 5.152843964401199 5.167966233713404 5.187524976337936 5.213616684191218 5.242695301507665 5.271370266375037 5.295498251785903 5.315000422857659 5.329615809903355
5.227478117627684 5.215919426997322 5.204127117367553 5.197178157378779 5.190434922247744 5.181952378885384 5.1729546134287 5.164358805461966 5.156683548881864 5.1505294995372495 5.145130742044903 5.13436157946996 5.1219193752425545 5.113556037610232 5.111145426967141 5.114483054027803 5.122292239245086 5.132408312759312 5.142037726907954 5.1489825414424475 5.151887436021431 5.149728929777316 5.141266126284291 5.127574263040702 5.110867428083934 5.090437687944079 5.067583677346374 5.055939562633049 5.077623194189225 5.10969996513692 5.13814659909769 5.161140558574434 5.178520054169079 5.190899784435027 5.198949614329934 5.205269827605704 5.215652508548175 5.231402984286292 5.254547503659406 5.284446394095556 5.3152768865264886 5.341859503294405 5.363307074926362 5.380456348849275
5.202911002980755 5.186175600308356 5.169633276600981 5.158509254553498 5.1516492442593345 5.143834003937776 5.136469679884083 5.1305441919228105 5.12698494846946 5.126166699463318 5.127537745139095 5.131637701465968 5.140955149493321 5.156459625157116 5.17990609427847 5.210612637645626 5.245906361223105 5.281530014721301 5.3118042201510836 5.3322689079605485 5.3417514662122745 5.34174282560794 5.333430922490692 5.316802547893547 5.295160250075164 5.270669338251037 5.246465850799517 5.23074510953108 5.229634702045084 5.236836300301891 5.244559684582418 5.250222561067396 5.253384048290417 5.253587165675906 5.250486610877027 5.249711864781057 5.255633066808871 5.2663231210759225 5.2787065985771084 5.294959453927511 5.316682328653662 5.340839103146047 5.3618051275799035 5.38082142149249
5.182740218799773 5.16003704138564 5.13743964864612 5.12007603746296 5.109078234149857 5.099898543507043 5.091616658228598 5.086268001773011 5.085607603529874 5.090146706414149 5.100094067748752 5.121401346662567 5.154359121037362 5.1980036061824855 5.251039369621017 5.311623444985042 5.3767849388522 5.441225728328828 5.495590515403578 5.530043005982976 5.5447903937938126 5.54659318606105 5.538219799619779 5.518759095778912 5.489065967765735 5.4563990858619755 5.42558061988028 5.4004969247027725 5.381654514932769 5.366990751961188 5.353514840266742 5.3399158514728775 5.325826265530161 5.310455523716999 5.294937078014148 5.285214368656574 5.277109088693359 5.269452780951861 5.264931840577862 5.2661946253251815 5.275474520600726 5.29429406051266 5.3163088159219525 5.339743780857727
5.1684709489478085 5.139548343716672 5.110322332985402 5.085785171071732 5.067289292778892 5.054981684770439 5.044656066026771 5.037902093426432 5.036901388928885 5.0435963581354715 5.067038602418554 5.111741259349153 5.170865919423756 5.242151863299388 5.323609472756023 5.413105991438893 5.5080419991931 5.604190411686322 5.689761772280391 5.736675723902978 5.752451027637206 5.755199984245783 5.746869261298771 5.72672547556145 5.693690087948438 5.651267774925187 5.606761934546583 5.564089051702392 5.526694040984064 5.492070859299614 5.458109650309623 5.425035440322042 5.3932805665558305 5.362329677349109 5.333382626606868 5.3010161866753265 5.270916113756713 5.243215455229715 5.220766636012289 5.207979309171371 5.211418413428108 5.2307007708703335 5.260932937040226 5.2930933314179365
5.16089882879195 5.12559677524207 5.089137037254944 5.056509240880233 5.0292200701947545 5.008979190312841 4.995296359718498 4.985984006006445 4.98507266361057 4.999947765367559 5.038865093565389 5.103546959755734 5.187664696563671 5.2852234165989636 5.393200611724727 5.508937095615325 5.629896598042676 5.75362790539293 5.87794829262738 5.931424641437961 5.947693860841207 5.955101060336805 5.951429595404803 5.934149364882501 5.900831770621579 5.85079431809463 5.791664124159444 5.728544468016303 5.665484983128052 5.6064253959340205 5.552316166661501 5.49998070611418 5.450722671774072 5.402339308831336 5.348557765404629 5.291653698671068 5.238306280040152 5.191481447814611 5.162204752253806 5.151133613381461 5.1573129122714825 5.179671245435256 5.215704016662743 5.254709079512008
5.160918928802558 5.1192099182205535 5.074985203596419 5.033355255224593 4.996042781035249 4.965176493383484 4.943210136429574 4.932314518138453 4.937748251354894 4.962700784813199 5.016214031788474 5.098013107788756 5.20258704479622 5.324480456834693 5.4568365658399625 5.595252762495143 5.735881578909742 5.873536729353821 5.996012693939732 6.0753408781576494 6.116629742985023 6.139012716114385 6.145955283678578 6.135793233233753 6.105096133225097 6.0505024482258545 5.976152425400329 5.890810404579218 5.800498197461124 5.712070204787666 5.631093947896703 5.559331437955981 5.489818450560029 5.415398414695895 5.338706421098029 5.256569449274585 5.187949104149335 5.140814175242618 5.113576441825093 5.105098336452754 5.11424641433666 5.139862055396504 5.18047660612045 5.22382432821344
5.168626746894731 5.119512267584034 5.065962134681838 5.01364792021257 4.964720179328922 4.921618364551686 4.889732267199755 4.879545847216917 4.891349737873025 4.927041092883553 4.995306861649068 5.0939161995713595 5.217660393051978 5.359312789374148 5.513652592573545 5.672022188433863 5.8283656198990705 5.975853900198091 6.103578282289434 6.1993802405084875 6.264051431382079 6.305048265878885 6.326358215763854 6.3272359614213975 6.302941148729162 6.2464731986564495 6.156477393715119 6.0456371644806834 5.9254312931536255 5.806436638388547 5.69590091238424 5.597310291174004 5.499963365857855 5.398701727111036 5.296118209538071 5.207681836944102 5.142279968066508 5.097937170436723 5.073569552024337 5.0681339283968425 5.080609561168425 5.109751127005934 5.153609203254817 5.1977562656031875
5.180364332056177 5.1235475874808865 5.06044190336649 4.9968744033331545 4.9353572794168805 4.87987886471191 4.8425410336339745 4.828103118682227 4.840249335455682 4.885488064911329 4.968816314313614 5.08624351402726 5.230925957815512 5.392904573346846 5.564929847433367 5.741537210614248 5.912670996843355 6.071080639430424 6.206885127782853 6.315219716934908 6.3960668897759865 6.452806733010796 6.488455326342184 6.502926196554037 6.4902513106769675 6.435915181100301 6.328335322808615 6.185799447169288 6.032098876167239 5.881771455355984 5.744829509131007 5.612679048548781 5.483969990996541 5.358971404459534 5.250016353335934 5.166524925693226 5.106594899075001 5.066540621052105 5.0456454958992305 5.043013079872981 5.057804903480565 5.089313246993821 5.132283812472831 5.174772756382857
