_RESULTS/CROSS_VALIDATION_POSTPROCESSED_80-20/Berg/GZ/5comp/5/Berg_GZ_z_90_kriged_reverse_5comp_spherical_5.asc
ncols 100
nrows 90
xllcorner 5.6208707817415728
yllcorner 50.959635321741573
cellsize 0.00013419651685393446
nodata_value 1.7014100000000001E+038
[rows 57 to 75 of 90, columns 43 to 85 of 100]
0.5046560301120335 0.4869054150177285 0.47590704238027315 0.4739064643870171 0.4828984704485853 0.5031140779877776 0.5333812891082584 0.5702862804393525 0.6129331312180677 0.6610535316221189 0.7147312546898169 0.7727961404929362 0.8333807308464855 0.893527993657337 0.9470918806029621 0.9860817378196746 0.998847827081262 0.9745368711480631 0.9131098502193522 0.8259667318858487 0.7265644866152853 0.6268865696407684 0.5336372111877669 0.4510640925622243 0.39451943030790837 0.3821586131518553 0.37502338609855435 0.3719950169126718 0.3731170373235114 0.37846195142355593 0.3885359262564574 0.40348966225687855 0.42321042495076666 0.44755674066695816 0.4766174949343998 0.5126357620345965 0.55371426996274 0.5946422523107816 0.6336491731097992 0.6687724119200431 0.6979185214386422 0.719013137862517 0.7301762021319069
0.5113460801334171 0.4987530200600657 0.49303931487860825 0.49586012628789355 0.509091602936947 0.5328649264296786 0.5654733634207529 0.6042208682198777 0.6486052146122142 0.6982641651087385 0.7528524562326394 0.8115530032448278 0.87025777523137 0.9238036122323545 0.967143344025904 0.9934926319667525 0.9953541330887409 0.9676990099546969 0.911793289870806 0.8354052669832539 0.7481972797086335 0.6573185732300136 0.5703890409093841 0.49605091782468386 0.44590780745592035 0.4224741061545318 0.41207822083909684 0.40806534389661675 0.40877090390345083 0.41373745552193436 0.42280866691179597 0.43592536504244117 0.4533586384462937 0.4750851453891332 0.5027587792950552 0.5375841657224741 0.5757505134985806 0.6130361944246064 0.6477803624695164 0.6781332016539967 0.7021636817915463 0.7179993915978672 0.7241848997618556
0.5188523029368203 0.5105431396256269 0.5090285574893074 0.5154868795993356 0.5312866690757405 0.5576692862436131 0.5929785730559578 0.6336771952530282 0.6794075129061916 0.729781044103961 0.7841777992586131 0.8406523270750607 0.894874007440663 0.9416353486745155 0.976292492854039 0.9936314974988891 0.9889623674356331 0.9599994426364975 0.9084400343738164 0.8398064885890604 0.7615643822500412 0.681114909333838 0.6039915382609303 0.5390728033265715 0.4932843691857372 0.46593382693970564 0.45143630754344743 0.44498418991509425 0.4441850648195029 0.4479966479980662 0.45593628309427614 0.46773434739815833 0.48319486247435306 0.5035979336645205 0.530298004215329 0.5635987903922528 0.5983182640463454 0.6315032212228778 0.6615561261845643 0.686743459973715 0.7052995893823948 0.716457218405972 0.7208798266738019
0.5287732839542079 0.5217713069434103 0.5230678988582887 0.5322752741346902 0.5499601705817327 0.577168276413523 0.6141856316608794 0.6568427581801565 0.7037030090875745 0.7543294777136565 0.8067853699735841 0.8586656511455336 0.907318526278614 0.9480369848279371 0.9759131164681429 0.9870960063399982 0.9786774332864913 0.9497714440043225 0.9022015960074804 0.8402808029923878 0.7697895984149157 0.6969285084003294 0.6291852347508264 0.5739098329516754 0.5327535606316017 0.5050654595736526 0.48832517587544977 0.4796612272412939 0.47703325031691507 0.4792353243157296 0.48557012868187915 0.4956054705127005 0.510337901990992 0.5307880252493709 0.5573199077007612 0.5889614782723106 0.6200674624907601 0.6488517664369411 0.6738355890963675 0.6938504583069298 0.7087931323743808 0.7178346862692299 0.7208548055405071
0.5422552064090941 0.5352418858304742 0.5364648481130806 0.5461945756799185 0.5648634512390959 0.5924084614627022 0.6290984469319285 0.6723408694176859 0.7198728384563804 0.768909197235415 0.81797355870423 0.8651010153756976 0.9077629168189238 0.9428622572797809 0.9657238457453886 0.9728932504270794 0.9625821887107092 0.9346439649184732 0.8908726237073762 0.8348553509928124 0.7722726403194449 0.708461632355173 0.6494157661675698 0.6003884930049393 0.5626794210351277 0.5359831814904406 0.5187261284254577 0.5087592392767724 0.5045709937367882 0.5050964105848731 0.5096738924821487 0.5191430821202018 0.5339556732429277 0.5543077241733051 0.5805089133347189 0.6093074078273679 0.6364016121953502 0.6611300369002358 0.6826373253984765 0.6999757977587654 0.712230093598924 0.7189290872677623 0.7208798173850957
0.559522932866011 0.5517855776198098 0.5522405483760886 0.5609373389135581 0.5781031854594167 0.6040691507041615 0.6390537010145332 0.680179200123925 0.7246527934794494 0.771104414282732 0.8166496543964137 0.8591762809530911 0.8964001700072379 0.9257383265121025 0.9444941254652851 0.9492069705561702 0.9382661738225285 0.9123997429965333 0.8737404811481645 0.8254466751437481 0.7713665197991526 0.7156748281184979 0.6645663210616216 0.621084705372476 0.5863037249875173 0.5602397705614947 0.5421032384244994 0.5307208245676589 0.5249090360929055 0.5240554686812052 0.5285562857560646 0.5382774375448202 0.5532617505064171 0.5737463491822234 0.5995115712948289 0.6255697601292896 0.6500628918980027 0.6721020396543477 0.6907724029011272 0.7051647793211909 0.7147037461750531 0.7199277837535247 0.7208798173850957
0.5794751582240598 0.5709719598029782 0.5700972661039596 0.5772821905202942 0.5923300401441794 0.6151820253881963 0.6457479685783972 0.6825554251371886 0.7219525897180458 0.762625984411572 0.8031098294281211 0.8411237392327517 0.8735907755110562 0.8983446861600434 0.9134352910782906 0.917344153068827 0.9084880197086573 0.886838133062293 0.8540725116827438 0.8127355716884239 0.7658776071957091 0.7179670807599233 0.673939932601882 0.6355976360481613 0.6039196670327119 0.5791378161914296 0.5608989762724342 0.5486578450622673 0.542463692390974 0.5419536038543658 0.5468398843425328 0.5570232081030329 0.5725893777637368 0.5938025320130639 0.6181169396088616 0.6415234905003045 0.6631763462634022 0.6822043800053723 0.6977245008403657 0.7092398404653987 0.7170227799400436 0.7206581572425909 0.7208798173850957
0.6002206946386247 0.5920681764270482 0.5887926639117353 0.5932622704515375 0.6051839473692483 0.6243147462872445 0.6503864534658694 0.6827306459225838 0.7176015416183534 0.7530069016202539 0.7874198919595359 0.8191180796233398 0.8464729908420722 0.8675571866000591 0.8802277416555123 0.8831132309060075 0.8757295833780808 0.8580450964258073 0.8305555701867952 0.7952668039134279 0.7549507609096218 0.7147067560763083 0.677098443817475 0.6436110435647211 0.6151606897464418 0.5924381990899276 0.5757547231695496 0.5649748767960031 0.5598579372553647 0.5601806902853737 0.5658133361965632 0.5767581855606602 0.5931670086430173 0.6144746466442392 0.6360613167930005 0.6565256974012472 0.6750451201322675 0.6907792224669774 0.7035219873816039 0.7131048061048523 0.7190331786584825 0.7208798173850957 0.7208798173850957
0.6187510870388323 0.611609384989363 0.6068300718655822 0.6081849356198192 0.6166831098461256 0.6319179763458049 0.6534714533731495 0.6808379535699947 0.7116430206376742 0.7425258811445454 0.7721222176208712 0.7988628887666324 0.8210492812902324 0.8373660537577293 0.8467109467832644 0.8480657460471951 0.8409167009189848 0.8253622516860718 0.802128577288997 0.7721450395042785 0.7389823754221002 0.7058737720668371 0.6745558311773373 0.6464273312448888 0.6224925947602507 0.6033727232584283 0.5893732554093977 0.5805850694063961 0.5769910838618135 0.5785574226088898 0.5852998906100452 0.5973274454884918 0.6147413024874786 0.6339137228160117 0.652519907297806 0.669789604232173 0.685146450413084 0.698408414819904 0.7090467900190367 0.7165445816276959 0.7204262734186271 0.7208798173850957 0.7208798173850957
0.634245126615759 0.6280587387845824 0.6238684693911948 0.6224321618380243 0.627274567172957 0.6385049552758678 0.6555776085389085 0.6778848136780071 0.7044072677254497 0.7313873277671157 0.7569203797467008 0.7796621488004833 0.7981932662404222 0.8111310173382645 0.8174935408813261 0.8170422126829838 0.8094589285634658 0.7948620691106634 0.7738372947318449 0.7486028811990888 0.7221923545956055 0.6958554290157266 0.6707193770098332 0.6479766012355491 0.628549432150986 0.6130852234794646 0.6019966846892352 0.5955266325754134 0.5938209035911295 0.5969961623734967 0.6051954387043649 0.618630304382035 0.6349650822950036 0.6512004434921641 0.6668479340942343 0.6814945052013379 0.6945873151139454 0.7055815161968403 0.7139504947743995 0.7191980141199719 0.7208798173850957 0.7208798173850957 0.7208798173850957
0.6461844393483634 0.6409009514831524 0.6374747634572316 0.6360491696336159 0.6374410578896581 0.6446112450718633 0.6572867999410436 0.6747745224528175 0.6962909046094731 0.7198488839466474 0.7419851336453894 0.7614521146075883 0.7770556159555065 0.7876553074237748 0.7922696629269578 0.7903734646095487 0.7823745573492684 0.7684602872683542 0.7499724374048847 0.729477900005738 0.708078344374534 0.6868484055513469 0.6668006054486363 0.6488237789601714 0.6336483390733963 0.6218344969498509 0.6138023571145229 0.609893985295216 0.6103740648045131 0.6154786701739923 0.6255039210632642 0.6389371100430833 0.6528852485174658 0.6668191188290787 0.6802150643600412 0.6925407187476785 0.7032632931903274 0.7118591086740413 0.7178246335446887 0.7206890096498919 0.7208798173850957 0.7208798173850957 0.7208798173850957
0.6541136810066913 0.6496791132404379 0.6469911213621978 0.6461759007738709 0.6472719948239213 0.6507844773120071 0.6591776741398252 0.6721012920493283 0.688730114257106 0.7081374246992872 0.7274615810853589 0.7442663856167229 0.7575355543470946 0.7663145227345995 0.7697923342513815 0.7673795487197935 0.7590219567215472 0.746407756074697 0.7314869820074135 0.7150492477277668 0.6979475010671035 0.6810569827415783 0.6652188837086412 0.6511965770457825 0.6396499584431219 0.6311297732307438 0.6260902712585098 0.624915938258579 0.627956943733941 0.635568393076889 0.6463155919242999 0.6578527115322916 0.6697219493849531 0.6814432345763576 0.6925180830264883 0.7024384315844721 0.7106960807037561 0.7167931444763572 0.7202536904277759 0.7208798173850957 0.7208798173850957 0.7208798173850957 0.7208798173850957
0.6576590795610419 0.6540139081701261 0.6520368955427903 0.651839444341291 0.6534410202498897 0.6567718861576493 0.661824072764926 0.670440764596816 0.6825644011375134 0.6972742994567409 0.7134773830312268 0.728136858480551 0.7395559676542 0.7469220925222368 0.7495515269439361 0.7469588793245604 0.7399816965183087 0.7299802302486916 0.7181964399180965 0.7052767211289385 0.6919229062245313 0.6788623505360363 0.6668081549845354 0.6564280014274491 0.6483254374519171 0.6430351442065521 0.6410314840900668 0.6427479637283564 0.6485497023065722 0.6566243836059668 0.6656627597920507 0.6752789268660496 0.6850493430277694 0.6945221370866664 0.7032263674659223 0.7106815750454712 0.7164079691894674 0.7199374879754629 0.7208798173850957 0.7208798173850957 0.7208798173850957 0.7208798173850957 0.7208798173850957
0.6565465627611421 0.6536223650474732 0.6523255159973991 0.6527541922450775 0.6549061337138049 0.6586842215376367 0.6639057805774934 0.6703135277494204 0.6783302347304865 0.6887824193810681 0.7007513070654825 0.71310051396833 0.7230641323270892 0.7293385883458577 0.731586554889268 0.7305009152467167 0.726236513308686 0.7190185368164327 0.7100042916789032 0.7001906138818772 0.690166929518468 0.6805508349830025 0.6719599968761379 0.6649901034453172 0.6602015956902129 0.658116456692972 0.6592249159969751 0.6634086843634482 0.6689962725331947 0.6756141477750827 0.6829502992528417 0.6906468190908047 0.698308724931172 0.7055130509092891 0.7118182758692698 0.7167742552928723 0.7199328326001875 0.7208798173850957 0.7208798173850957 0.7208798173850957 0.7208798173850957 0.7208798173850957 0.7208798173850957
0.6506180034274288 0.6483347006315016 0.6476822753328403 0.6487467827139388 0.6514994651914168 0.6558068257961267 0.6614462442699517 0.668122974835571 0.6754855226429808 0.6831382791796972 0.6912291554947764 0.699860072456661 0.7081519975417433 0.7145628326598227 0.7183038073824445 0.7192880798117102 0.7175585281321335 0.7132822543194256 0.706918998904742 0.6999038039017598 0.69290170490284 0.6864493464492529 0.6810941993010372 0.6773792690244487 0.675834202457405 0.6766796160233574 0.6789361100353929 0.682365007252447 0.6867873879169816 0.691966601072736 0.69761483933033 0.7034006673824882 0.7089572605492576 0.7138912405827356 0.7177921055727571 0.7202423121949804 0.7208798173850957 0.7208798173850957 0.7208798173850957 0.7208798173850957 0.7208798173850957 0.7208798173850957 0.7208798173850957
0.639843501988615 0.6381070164508571 0.6380580734053293 0.639771378773773 0.6431836070950744 0.6481112802800494 0.6542770916849466 0.6613363418554107 0.6688982567918467 0.6765617240805994 0.6841758462627989 0.6915512231591365 0.6984743717216398 0.7050608105066282 0.7103991129226028 0.7133910915436863 0.714060922971645 0.7125418122061157 0.7090587527048182 0.7046232441192816 0.7004273141505805 0.6969493342631765 0.6946364286464916 0.6933549413997616 0.6930737381110761 0.6938100044793681 0.6955186351226592 0.6980935376752376 0.7013706494598071 0.7051324781591811 0.7091139314923256 0.7130092117750669 0.7164796045492378 0.7191620601693289 0.7206785273255006 0.7208798173850957 0.7208798173850957 0.7208798173850957 0.7208798173850957 0.7208798173850957 0.7208798173850957 0.7208798173850957 0.7208798173850957
0.6255481474255854 0.6237511956476995 0.623988996556701 0.6262443569462202 0.6303594180286125 0.6360684560486833 0.6430437764702214 0.6509374813051165 0.659410190331186 0.6681464595139885 0.6768607848648327 0.6852983815243076 0.6932336591977094 0.7004679405542757 0.7068269616811529 0.7120804282431612 0.7153121309394754 0.7164571483264103 0.7157246585055203 0.7135158363255159 0.7112129305489215 0.7092220979371364 0.7077212499465262 0.7068372002783949 0.7066422100082659 0.7071519977195283 0.708325304361986 0.7100650336436335 0.7122209143387901 0.7145935705237938 0.7169398534424104 0.7189792878702228 0.7204015091167615 0.7208798173850957 0.7208798173850957 0.7208798173850957 0.7208798173850957 0.7208798173850957 0.7208798173850957 0.7208798173850957 0.7208798173850957 0.7208798173850957 0.7208798173850957
0.6105588432606106 0.6084000050546908 0.608686297392839 0.6113925250369107 0.6162913045142261 0.623015367648236 0.6311367572561072 0.6402284019630278 0.6498973500910623 0.6597960313695276 0.669621746100781 0.6791117640145057 0.6880378227188361 0.6962014208844547 0.7034300464155733 0.7095738785873934 0.7145022265455172 0.7180663902694504 0.7197210629822772 0.7194388902408408 0.7183722076718917 0.7173484393143901 0.7165297946464974 0.7160319106555785 0.7159206780746081 0.7162104292206198 0.7168635433038822 0.717791482029411 0.718857222354382 0.7198790147354837 0.7206353715873326 0.7208798173850957 0.7208798173850957 0.7208798173850957 0.7208798173850957 0.7208798173850957 0.7208798173850957 0.7208798173850957 0.7208798173850957 0.7208798173850957 0.7208798173850957 0.7208798173850957 0.7208798173850957
0.5951409094668316 0.592510800379624 0.5928608155798664 0.5961510892656565 0.602031389403219 0.6099706831960162 0.6193997468217537 0.6297975394082407 0.6407198642469861 0.6517965596203548 0.6627184561888514 0.6732242208400052 0.6830902063286188 0.6921234329536974 0.7001568705352312 0.7070459724414907 0.7126653859736771 0.7169048276142399 0.7196634145177542 0.7208424615333653 0.7208794661572283 0.7207870472155982 0.7206255836729941 0.720499748245646 0.7204692149936697 0.7205469666545036 0.720698926906222 0.7208449259607086 0.7208798173850957 0.7208798173850957 0.7208798173850957 0.7208798173850957 0.7208798173850957 0.7208798173850957 0.7208798173850957 0.7208798173850957 0.7208798173850957 0.7208798173850957 0.7208798173850957 0.7208798173850957 0.7208798173850957 0.7208798173850957 0.7208798173850957
