_RESULTS/CROSS_VALIDATION_POSTPROCESSED_CLR/MHZ/IZ/4comp/2/MHZ_IZ_z_63_kriged_reverse_4comp_spherical_2.asc
ncols 100
nrows 81
xllcorner 5.5967107548124995
yllcorner 50.982328804812504
cellsize 0.00017565037499993607
nodata_value 1.7014100000000001E+038
[rows 38 to 56 of 81, columns 42 to 83 of 100]
0.1862380300644091 0.464155972139947 0.7256574113139957 0.9550742593943053 1.1414530898307778 1.278007365746503 1.3590586588172207 1.384356732131085 1.3582060949107906 1.286867024990641 1.181587660755369 1.063444049169409 0.9405940535497916 0.8166110064225824 0.697031375584261 0.5902175935872296 0.4937835930838603 0.407887135575469 0.3366221001573462 0.2823810273770739 0.24751560979223958 0.23429147137476775 0.24017765236500804 0.24744230583908716 0.2618502892659144 0.2924168889723984 0.3424449741501641 0.4119764178646283 0.4940011784783466 0.5824627093548593 0.6645791944378021 0.6726646781596344 0.6319765687423817 0.5958887445436365 0.5708921461455205 0.5563979467804454 0.5496705769859007 0.5465378410211426 0.5442009796248484 0.5399823970253019 0.531909613720785 0.5194197425174527
0.04407038456639151 0.29379985555456906 0.5163577272405042 0.70772452432622 0.8607788029699319 0.9712794590787881 1.0370262554246166 1.0571519375375247 1.03356696325854 0.9726343609806427 0.8848177620147881 0.7871222747157813 0.68642964981922 0.5857879923019005 0.4900041806908431 0.40766032186672924 0.33920383549647243 0.2815109652908164 0.23828232176527958 0.2131514407308936 0.2089372948280589 0.2272333929698402 0.25762391204091556 0.2838607524725411 0.3090048962294836 0.3505434773695549 0.41024856901081014 0.48201704404158036 0.5590784942328111 0.6342630127965574 0.6940521192104774 0.7166741699413186 0.7073797993375297 0.6917091846387615 0.6808899575485308 0.6776305111005976 0.6812060576313528 0.6890142961409094 0.6962370248630818 0.6982750953585362 0.6917510685547144 0.6755097712845004
-0.0838615081178759 0.11896549801586864 0.29978413666183706 0.4546717931515892 0.5771410623899449 0.662220731038792 0.7105225613325641 0.7218123014623476 0.6999165880589955 0.6482774474507511 0.5757792214979445 0.49755270746223684 0.4188669947249745 0.34206485123395797 0.27056603292538656 0.21288705595470564 0.17117300018623843 0.14581317459856385 0.1357352079143666 0.1446591481580901 0.17413223200645023 0.22390349327242015 0.275345155797079 0.32194651517297296 0.36649665635022804 0.4168568474910815 0.477336157072117 0.5416157890711584 0.6030378760502766 0.6599558525007825 0.7082642697758887 0.7387032763854426 0.7493861128138315 0.7535375731734979 0.7593977460296208 0.7704050681036458 0.7868481494139181 0.8065737595487679 0.8251527804909358 0.8361729330723324 0.8325968240184038 0.811556396395227
-0.19491353465061323 -0.03988977614582656 0.09461264131687958 0.2064205487608865 0.2938888869090947 0.3542659998088384 0.3851087429323103 0.38882103539489526 0.36664334280507965 0.32081507883114196 0.2619582972372971 0.20201622959315452 0.14497064420287603 0.09228097817608671 0.04590032470433264 0.01729007376893338 0.008522826229580782 0.018825099918109378 0.04453989353514143 0.08761615046949528 0.15065593602343036 0.22563496314104609 0.29635732908323525 0.3613415229202676 0.4246099733788696 0.48602305711568156 0.5452289889121913 0.6046441794559958 0.6465047756430016 0.680373716394985 0.7129895632819045 0.7427726980035503 0.7659028938246397 0.7859336026761923 0.8073972158855565 0.8331267219730141 0.8638814020258552 0.8980984535838439 0.9311194236421987 0.9538639175877359 0.9539441227322485 0.9250427312108402
-0.287385591778118 -0.18081968761481956 -0.09302006792890632 -0.02419005030125032 0.025663700029797343 0.05705048051611916 0.07105233092170599 0.06482014165371297 0.039158561957286064 -0.0034806506637391488 -0.05034276136520699 -0.0932335907469641 -0.12896072126737054 -0.15467499674408955 -0.1666694184307753 -0.16125969996237402 -0.13670533246839617 -0.09351013324374974 -0.03221772817501589 0.04507215189604269 0.13929192802358975 0.23323968278366586 0.3216211704955689 0.40058005645872513 0.4737273178040576 0.5426615741951442 0.6041495247586615 0.6626865602427567 0.6815860844986552 0.6972152780409031 0.7163398587353393 0.7388997490772491 0.7627769868219307 0.7907221458132376 0.8251774707804684 0.8640149876474623 0.908320436685534 0.9576155652070462 1.0085763882714194 1.0508974854148139 1.0597382564516349 1.0161536386477963
-0.35788377491874823 -0.2991129663297545 -0.25630812402970005 -0.22886205682777785 -0.21623479681187618 -0.2171259700855466 -0.2290932122592047 -0.24639835617264802 -0.27767650638551383 -0.3189009769357382 -0.355817686325654 -0.38299196353858905 -0.392844771443251 -0.3826271459734728 -0.3568979498293796 -0.3171003762492152 -0.25982740493222994 -0.18487382248078438 -0.0914226557912656 0.020050488966479818 0.13617585578814284 0.24599453348334238 0.34600561763601306 0.4332813675799307 0.512500090657956 0.5839155493637029 0.642478672700787 0.6794589386893792 0.6971073064028266 0.7064174508376806 0.716556739198358 0.7311754391333618 0.7507045554414653 0.7759196480787505 0.8128804874009341 0.8612326982452465 0.9157328482398472 0.9766983742795194 1.0438081606378795 1.1135196546352983 1.1502881011868487 1.071905620325351
-0.3968847709481066 -0.38652421137070075 -0.3897590002395653 -0.4048930924012092 -0.4303718208064209 -0.4649119999839645 -0.5065673089924981 -0.548169299842608 -0.5859023458859243 -0.623593402725807 -0.6512841538415033 -0.6580368660506561 -0.6354509200068763 -0.587088284658551 -0.5209188851501303 -0.44521341494788214 -0.35678675783642777 -0.25195738654431654 -0.12879733532732593 0.0038893543689053067 0.13390268624596258 0.2561722109711207 0.3663258343656837 0.46084050335893795 0.5438752061916614 0.6150907167714277 0.6691734742552256 0.699347288469385 0.7079455105366386 0.7107182241032921 0.7129972258083961 0.7194829977311987 0.7323736177589977 0.7504754752851188 0.7802191423048352 0.8247422959152517 0.8831970814162136 0.9478793506380021 1.0178663527552656 1.090661728245286 1.1326343682483533 1.0461547058753546
-0.4021225848865242 -0.44182079232651084 -0.49289607438293903 -0.5513147812618282 -0.6152107892184011 -0.6843001403738951 -0.7573597533780394 -0.828464108483012 -0.8863062203432732 -0.9229725639166981 -0.9391731668957422 -0.921291796054674 -0.8654685467472971 -0.7749763705044804 -0.6624857763899695 -0.5490814034786409 -0.4343816591437678 -0.30301468174022544 -0.15775164187764584 -0.012060132651992905 0.1295980305570495 0.2641489318518629 0.38466253407639145 0.4860970870895455 0.5718340283829266 0.6421407163214441 0.6925917711934457 0.7189114689246718 0.7199120699636461 0.7131535503432662 0.7063471164379584 0.7033896374905526 0.7074386515894675 0.716186820380855 0.7349828875896682 0.7675068923588064 0.815429380433019 0.8739082785047227 0.9315550053835502 0.9779510880536351 0.9864059468735391 0.9360335345869344
-0.3715527638040516 -0.4638287136886513 -0.565081554220342 -0.6669109233903815 -0.7682062821609507 -0.8720400567420619 -0.978456290099132 -1.0820397984117354 -1.1651279121333205 -1.2106418316149217 -1.2153775326516354 -1.17841034665123 -1.0932081341543827 -0.9596969488250597 -0.7884840292070157 -0.6364091780316672 -0.5016561537539459 -0.34906142230124027 -0.18798618166858497 -0.026491480410838653 0.12874485536214458 0.2740818482334743 0.40371853226838966 0.5121990087391148 0.6000550774374116 0.6690584357631058 0.7158420360211502 0.7377415298188315 0.7332257365686532 0.714701841862901 0.6968390597824137 0.6828861343587447 0.6759812618407175 0.6736521133516624 0.6786804741060288 0.695971988877732 0.7263932524269012 0.7691168933293557 0.8108830507148836 0.8370124452801873 0.835801823415365 0.8012534409587819
-0.3019177606414441 -0.4494435510867661 -0.6056364431224999 -0.7492853855007857 -0.8844012055289578 -1.0229849260739414 -1.165059570698884 -1.302167815572061 -1.4129488695542394 -1.4749202083114519 -1.4777091390985404 -1.4301400475418158 -1.324240239481108 -1.1581901853351333 -0.9421452092910696 -0.7469429363497765 -0.5798420760326071 -0.40281892546733816 -0.21890599445079256 -0.03721736786140448 0.1346103617679154 0.29259853348411907 0.43078557603108375 0.5439212063128993 0.6319163136890593 0.6985425671700207 0.7406641245600156 0.7566254894476268 0.7459401190085495 0.7151299415818952 0.6843981472775933 0.6579602125807689 0.6383587184405441 0.6231709837152091 0.6134140721167123 0.6136052358340227 0.62514457538504 0.6471215577408604 0.6752227469063923 0.6917600712235341 0.6885784674525739 0.6633799100317201
-0.18865557272540293 -0.3888248363000091 -0.607560259385842 -0.7857117915245209 -0.9529383795720108 -1.1292873250747952 -1.3097675737034788 -1.4798217399199023 -1.6188924499764146 -1.7037877247893134 -1.7210051018741168 -1.6736050718725537 -1.5569978083815421 -1.3697896882838245 -1.1372038701292622 -0.9015077994089538 -0.6779489828453242 -0.46009218137798147 -0.24616391544859562 -0.04010013267807985 0.15108834652470005 0.32353776716562027 0.47126056101463315 0.5890630565181314 0.6752743436739508 0.7356808269940378 0.7696265811458955 0.7765923450340437 0.7568204202627107 0.7137141771059046 0.6686361355844681 0.6283989899416202 0.5949549632668001 0.5657064897621638 0.5417319791660091 0.5252909091577653 0.5198261934635149 0.5249041148712075 0.5388380209274135 0.5504425007279692 0.547556485272505 0.5293040207268234
-0.02410661725528307 -0.2638828797527932 -0.5108698583191216 -0.7398112374406052 -0.957143081058244 -1.1772403867445218 -1.3942993316960692 -1.599627893491077 -1.768669992547602 -1.8853361806872337 -1.9343210174104013 -1.9018653131039713 -1.78538377513082 -1.581833730478211 -1.3222699334398433 -1.0452440745994795 -0.7722932715930064 -0.5099473554943532 -0.26170530113123996 -0.029325924143392357 0.18286161637153858 0.3710125536957884 0.5288422024469028 0.6510751371580994 0.7349593260573788 0.7868907152551738 0.8095045883552874 0.8037668836581511 0.7711169399437945 0.7140400441209651 0.6530598823682943 0.5981498007907557 0.5505952200997137 0.5074586277056765 0.4702205814302263 0.4400448216388347 0.41916043737713776 0.4093762589009548 0.40982777693006106 0.4168879096982197 0.41538256726809736 0.40299634585190863
0.17778818150683867 -0.09042487791386522 -0.3652558116120629 -0.6358367653881195 -0.9007941167373861 -1.1593861459198256 -1.4108396499294042 -1.6477907411607824 -1.8471466217894918 -2.0014897986959816 -2.099713306665502 -2.1176379122216473 -2.0197459965195823 -1.7848369392642882 -1.4796936381772172 -1.1585561287035615 -0.8431375076184393 -0.5415593599837033 -0.25846421755769655 0.0010975635439574583 0.23451628099172278 0.4389489254535565 0.6070249680296649 0.7328332437225764 0.8134850687905801 0.8537121953697935 0.861517377650622 0.8397892837471062 0.7913496838932028 0.7188282302842988 0.6412992259549728 0.5713756267461372 0.5093217035506568 0.45226476671888777 0.4021045903526383 0.35990463122301514 0.32636467313546985 0.3037047154649793 0.29307706229453206 0.29414155393063374 0.29460918846952305 0.2875308339880935
0.385885999369274 0.09169446974245182 -0.2097717174466498 -0.511501426999948 -0.806760981276671 -1.0949742499379873 -1.3761935776955168 -1.6386577550887662 -1.8647789611458225 -2.0527615724518293 -2.199605746018932 -2.295037919345808 -2.248898741001647 -1.9378033505262084 -1.5810058432778162 -1.224049577480027 -0.8775194973305731 -0.5459097928730485 -0.23379342459553393 0.053161105509914375 0.30927297761850875 0.5303304615097835 0.7087425642888951 0.8367268178721528 0.9114456888097078 0.9366474921165919 0.9251161001857084 0.8835985653049467 0.8164314529887091 0.7267402436020041 0.6325537228581946 0.5478781331029792 0.47127288439221166 0.40087269008309484 0.33865441778982136 0.285657165451 0.24261599609471557 0.21015932861273628 0.19049628383467698 0.18517595704360307 0.18770111261777983 0.18533184783403356
0.5865642859031537 0.2683619278138794 -0.05448190772254116 -0.37534682632063543 -0.6912906142972388 -1.0010024787812866 -1.3034114161978507 -1.5804974525100093 -1.8207560979018174 -2.0228315200474203 -2.1842075944119226 -2.29558688767135 -2.260910245811461 -1.9456560386924218 -1.5891861685575388 -1.2281826220555756 -0.8689567245399084 -0.5194120961639104 -0.18630446520315191 0.12344526521360188 0.4037968902310693 0.6457429222144349 0.8359496831887894 0.9644405889930565 1.0282749698216886 1.0344175929686572 0.9979289485348608 0.9326336494736756 0.8441861277279457 0.7359553743143492 0.6257411233775738 0.526952192620362 0.436434088168936 0.3537980251082227 0.2808335041550279 0.2185649090994028 0.1677596568769394 0.12918291228657952 0.1037141211445885 0.09344329603780155 0.09592067558283501 0.09413378845276676
0.7688578556576662 0.4365589779617242 0.10214716837529814 -0.2307531750652396 -0.5595040960827209 -0.8821755264529878 -1.195377985214778 -1.4768311862027406 -1.7177025926526492 -1.9132512527617513 -2.052919549405571 -2.10845536343644 -2.029201080421539 -1.804691183888435 -1.50155683056388 -1.1688869662912327 -0.8196650907597998 -0.46432861009815857 -0.1194648628057226 0.20724311476166013 0.510160229782517 0.7770015923530091 0.9867765639568622 1.1164521721797915 1.1613784482762395 1.1405260276211917 1.0747254179750165 0.9823949610701399 0.8712746859778093 0.7442705172756015 0.6196484045756789 0.5076437526496012 0.4047310070601275 0.3114768426026184 0.2294706758494292 0.1597041062941003 0.10296001282304418 0.06010236834417998 0.03152967410214247 0.01702261156570356 0.015901278446692202 0.0131966061614327
0.9313414153728474 0.5938308891993174 0.2548706853293062 -0.08278820977872592 -0.4166310671979119 -0.7441898555565686 -1.0587779553595893 -1.3363320269493786 -1.5684944710462818 -1.7474700400388714 -1.8593435330816277 -1.880196396996841 -1.7922565376363728 -1.608621265775657 -1.3538733371265848 -1.0581998451477823 -0.7324102879631187 -0.38710757997294837 -0.04143578852324156 0.2944384443013632 0.6160595758841256 0.9114491180216415 1.1524053372592278 1.2858945252847653 1.2988410592311173 1.2410647169100695 1.1456540092973064 1.0264356144392333 0.8935288356705919 0.7494703276923718 0.6132009932624858 0.48937219140878746 0.37624347497298843 0.2744539480327743 0.18544219125545985 0.10989359932514409 0.047992695315858314 0.00018700609062899387 -0.032942548928618254 -0.05060494479518349 -0.05327334721473043 -0.05668312559027039
1.067487361724343 0.733997288929485 0.39854618434004746 0.06364252846839225 -0.2680319666252218 -0.5933167620861397 -0.9017806864806068 -1.1701312660274186 -1.389485617246572 -1.5509918194930397 -1.6418671711950623 -1.6456318753797297 -1.558576225973461 -1.3993839618785269 -1.1793422359219852 -0.9143462109516947 -0.6163433386568047 -0.2959948016839445 0.03616601098122091 0.37021740314793133 0.6996127846448854 1.0186379414553386 1.3122299296338937 1.4601303644254868 1.4047284831251872 1.3066378802446499 1.1884094278870725 1.053187691416566 0.9040895115236038 0.7478919049647204 0.6030924891687803 0.4701828224787616 0.3491293789875987 0.24033724554709285 0.14498767364164167 0.06369570366670546 -0.0030608687756438213 -0.05473244153257417 -0.09064615220894554 -0.1105298071129942 -0.11474790954050862 -0.11748662547169342
1.172835569453602 0.8530771605621306 0.529275828652765 0.20430408220082785 -0.11873989682164696 -0.4348310348719864 -0.7323809347938851 -0.9888622542894521 -1.1947727843761944 -1.3414844363044813 -1.418410587185264 -1.4141552260862942 -1.3323957994130355 -1.1923484183413826 -0.9999228085861238 -0.764575329313024 -0.4968509151664683 -0.20640523221472545 0.09905613459955143 0.415589736846602 0.7322935099329178 1.0423475735920014 1.3330265330314643 1.477598679229356 1.408985880005974 1.304771504811234 1.1829987549581986 1.0455599313241724 0.892683378591121 0.7315672272575744 0.5812885485961108 0.44289783951596723 0.3170556534115024 0.2043660466638167 0.10582371958603226 0.021853890754282013 -0.047130455830760004 -0.10060072508676068 -0.13859633760212192 -0.16058634681818829 -0.16609983550498064 -0.1690978126891991
