_RESULTS/CROSS_VALIDATION_POSTPROCESSED_CLR/Berg/GZ/8comp/3/Berg_GZ_z_90_kriged_reverse_8comp_spherical_3.asc
ncols 100
nrows 90
xllcorner 5.6208707817415728
yllcorner 50.959635321741573
cellsize 0.00013419651685393446
nodata_value 1.7014100000000001E+038
[rows 38 to 56 of 90, columns 0 to 43 of 100]
1.0268886199787772 0.9658560022021803 0.8997829159168123 0.830800942204386 0.7620975498422234 0.6971903604375038 0.6398176507881093 0.5936283170645484 0.5616620828030539 0.5457856528775653 0.5463927865170732 0.5625585191638698 0.5925145017168287 0.6341376016250004 0.6852524848579244 0.7437447202065143 0.8086315430652897 0.8787298820369945 0.9520904294907742 1.0266910065792412 1.1004461652320339 1.1712317434400572 1.236886674732368 1.2926335132366353 1.3259704130159944 1.3283373610740732 1.2986696976009307 1.2451798637823308 1.171475016383675 1.079028155658429 0.9720543161122954 0.858510418978409 0.740829641979955 0.6126562755456049 0.4789983283655317 0.3434856292481969 0.21927917627338012 0.12015557027738732 0.05066037325422834 0.012830616264143169 -0.0007784086814901503 0.010543938511123896 0.046452608166561715 0.10639183232223637
0.9655469745944602 0.899200201656945 0.8326304721748239 0.763232097769524 0.6939926998002819 0.6287924093119708 0.5720611363811148 0.5284318477027801 0.5018994903541274 0.49471135940434774 0.506735527643785 0.5358543387211405 0.5789960012173072 0.633018530388282 0.6951111811454056 0.7628344284774814 0.834170029271908 0.9086153094946929 0.9847062283406058 1.060609285912448 1.134449999576555 1.2038320835737613 1.2646868436396113 1.3153808932555084 1.3471179664686421 1.346332581402321 1.3131105176770141 1.2537245878208283 1.174669554603612 1.079125936020163 0.9745872857333783 0.8642300550083838 0.7509552139171172 0.6363279152511774 0.5092866340172397 0.37863534255227793 0.2558167330910195 0.16123291947830842 0.10008597330167635 0.07023281246387558 0.06441646313260763 0.08366685987074796 0.12760319953534638 0.19391863340164672
0.9068520066367621 0.8341268736809092 0.7623781733570932 0.6919493073850793 0.6213204040943205 0.554297796980066 0.496119276204676 0.4529650233951841 0.43070269784120385 0.43253133825847967 0.4574217208022855 0.5011774950333865 0.5587949766248632 0.6259461833481783 0.6992842488344186 0.776220743378796 0.8546255110852982 0.9332831017137254 1.0119192459377606 1.0889480467365045 1.161698560202915 1.2260696916151428 1.2808290055728673 1.3248928576483283 1.351966589874769 1.3483387509295564 1.3123412041972657 1.2479773814763786 1.1655470016331917 1.072023664231951 0.9703810979871891 0.8633418974170294 0.7536919276856668 0.6443020094261656 0.5369375746669707 0.4229216440493839 0.31071617560275255 0.22256100535272272 0.1675280542838491 0.14373521867037398 0.14445669903362712 0.17135102521365453 0.22416886310867778 0.29988259330561595
0.8527377849952787 0.7742812746208504 0.6961756853694776 0.6198278668670902 0.5466120398376573 0.47624304336734746 0.41387656403532214 0.3678911501395521 0.3479555983054752 0.3597387888928889 0.400253797981317 0.46119274287418177 0.5347403294108173 0.6154864457180722 0.6999146680924515 0.7855960357125712 0.8706436531884011 0.9534868419252291 1.0341806104065143 1.1107338023300337 1.1788215890601226 1.237412333987368 1.2856323165930785 1.3223529717605202 1.340398432637628 1.3337008307487515 1.295047460275042 1.228790654590717 1.1484156996217347 1.0576710338057018 0.9592101798642084 0.8556846111152144 0.7497384516017466 0.64401462712865 0.5420759124803893 0.45214895213653494 0.36796717690521596 0.29633094872308585 0.2513013170748166 0.23398655271779112 0.2400914391597473 0.2742568910030705 0.33740105718653846 0.4252053947633476
0.8050741754823777 0.7220079524188768 0.6387253318236215 0.5561441326811272 0.4755327171988364 0.3991197931218555 0.32953218657034355 0.2752526705677987 0.25364685699636214 0.27786610584928284 0.33924844817276667 0.420592407445032 0.510958369742031 0.6048757904649893 0.6994193800498212 0.7927168639911419 0.8833060530992626 0.9698529422676089 1.0509793246576273 1.1233964710973081 1.186052899406082 1.2382878588853146 1.27940004281571 1.307867665457007 1.3159457162923676 1.3019018638122803 1.2641499675816477 1.2010815035770825 1.123456533925623 1.035846846593791 0.9408959887270351 0.8411891108168831 0.7392258530321536 0.6380554932728535 0.5465562431095412 0.467679965654326 0.40242472984002897 0.35045229448214843 0.31911863922132166 0.3127733171750211 0.3284536259499917 0.3736747607516684 0.45168987168433405 0.5556735592531759
0.7654945587085863 0.6794523736472968 0.5929602623678583 0.5063769857673734 0.4200882000949995 0.33491240316131243 0.25308775078737966 0.18196160129952732 0.1479228749329491 0.19247889618023506 0.28368975220497283 0.38708091119299737 0.49280641426604177 0.5976823764656038 0.700159818919236 0.7991388404034924 0.8936145133470139 0.9822427292947922 1.060165439464014 1.12739553321989 1.1838623665270611 1.2290465233828145 1.2623852487842222 1.2819258475919413 1.2817278972170123 1.2623522055801693 1.2245831460185066 1.1649404138977808 1.0904301354791284 1.0063118855470563 0.9152485214400187 0.8197891535698101 0.7224409138005645 0.6318331439166263 0.5526441551244021 0.4853289945517876 0.43017077331509035 0.38747583032235444 0.36385961795224575 0.365096870583727 0.38511195029153167 0.4387308747562082 0.5366817572677298 0.6635038281641623
0.735194340277981 0.6482486188832919 0.561255512309264 0.4741106921684761 0.3865301242165975 0.2982678892935109 0.20923160767903748 0.11961149303424179 0.034931679547476335 0.13116295292106872 0.251871969961704 0.36968451201099195 0.4841374323218497 0.5949237133620187 0.70161555009398 0.8036226864944797 0.9001759914730726 0.9873867535486546 1.0613156083518818 1.1229147854532557 1.1725570914222168 1.210243345143878 1.2369888079630538 1.2512460866970634 1.246216980309517 1.2219882491555487 1.1794836958948725 1.1201319270000374 1.049061115713776 0.9687733253339388 0.882003058015035 0.7913223094417454 0.7030283658203182 0.625723224056665 0.5599641950134568 0.5057327781376946 0.46263511897301046 0.4299919370291325 0.4074517661244923 0.4036084503388804 0.41600198838339364 0.4669498030818342 0.5977553631677153 0.7560067822728181
0.7147571072963661 0.6292356088158466 0.5449185583910121 0.461354986190325 0.3780883506763417 0.29517469594062296 0.21388550107674043 0.13952450413654138 0.10030272635332338 0.15625723805905012 0.25975819055539406 0.37162618710775397 0.48382226203926915 0.5938436974297929 0.7003526497431536 0.8023253302328451 0.8978394796190082 0.9811527360579229 1.0511706211042702 1.1085279271378334 1.1546125178577176 1.1892318581194068 1.212185452112882 1.2215468418111184 1.2113370950297877 1.1819156213528723 1.1342916049457714 1.0701335125993015 0.9990434270354248 0.9228583896899586 0.8407653565818795 0.7565735254123135 0.6815384374853881 0.618509157000054 0.5676717938017819 0.5286663517836672 0.500640490667154 0.4823230492469057 0.4720906448180764 0.46957576166960924 0.47593873409715726 0.4950434878385086 0.6720586380245952 0.8500581861998149
0.7040744436334135 0.622363037750491 0.5440173150393077 0.46801604198657487 0.39397247728614615 0.32287557849691617 0.257311180448349 0.20688071953070275 0.19138317083459033 0.22764499677368222 0.3035984332024595 0.39813773398412344 0.49960825625617855 0.6026687561684148 0.7045428381049182 0.8034606492438267 0.8943625844865996 0.973105451047116 1.0391469771290605 1.0925819835126833 1.1349853983424634 1.1661987004615828 1.1859442714339465 1.1922748626511002 1.177952328532895 1.143110816592538 1.0900312734728308 1.020899187489975 0.9457310134829359 0.8686471803669493 0.7909800245191333 0.7173029112492072 0.6561986716045176 0.6084714125072734 0.5741990128535541 0.5528136232937875 0.5432667470145216 0.5442719908342486 0.5546877088804116 0.574490652941918 0.6088220995796176 0.6806742856451415 0.8169481063440104 0.9803893266605124
0.7023942908668506 0.6269562514827185 0.5578535573089698 0.4924915157202925 0.42964348843319455 0.3700867583414398 0.31893542471524317 0.2846945321832677 0.2781560511779333 0.30582407670425016 0.36350060337599444 0.440920316557307 0.5291608086623607 0.622425276371926 0.7171019492192344 0.8100426741007193 0.8940167237440482 0.9668776851047322 1.027840563750166 1.0765799466059662 1.1145979082573334 1.1417622653631885 1.1576787678141225 1.160789588242777 1.1437422287750296 1.1057703236434349 1.0475889367204563 0.9734503233301511 0.8943487191813728 0.8139467038257592 0.735676358418137 0.6717804053611991 0.6248562673122142 0.5933514448297197 0.5772000567475826 0.5756454436464757 0.587522647226584 0.6117451557242559 0.6479805327990742 0.6978973194255598 0.7673772469561323 0.8625213701069875 0.9914116110988902 1.136502208811971
0.7084765003243839 0.6427603918472029 0.5861688171393764 0.5314010115325336 0.47773821149247486 0.4283819464921086 0.38823506559951526 0.36358316960476444 0.3606671421491301 0.3827633456498354 0.42815292886798906 0.491527911069511 0.5669591807276944 0.6495635895980674 0.7357181538001957 0.8203024020024414 0.8963286212054272 0.962400422188305 1.0174931558177298 1.0609579736060566 1.0941097961219879 1.116782200411175 1.1284318517087248 1.1279802168874973 1.1082141552898652 1.067514847753511 1.0065020715463788 0.9288463386681991 0.8458140941691378 0.7619905567792892 0.684491808549144 0.625797833136472 0.5878000171154609 0.5708148149499335 0.573756487441242 0.5937926374244689 0.6290680251082064 0.6784430662926983 0.7417921432445276 0.820679254196318 0.9187301761603649 1.0374410695005203 1.169913388260835 1.3002751454685457
0.7207936144210918 0.6741869662573368 0.6285863002328629 0.5812418748516823 0.5349576734408674 0.49327445112280666 0.46043403586421605 0.44102256471932644 0.4390151800468509 0.45643713870699343 0.49258579003982383 0.5445459425586014 0.6084750998117909 0.6806434535516539 0.7578374030313189 0.8328537965105343 0.9004679322383202 0.9592765736402772 1.0080583021271723 1.045927916136069 1.0739969848678643 1.0919759002088236 1.099149199028913 1.0947787890099865 1.0724862811478677 1.0291468413167872 0.9652985113432649 0.8867153789379827 0.8012587567139425 0.7136274691936791 0.6375486235233239 0.58311394807319 0.5529245026433514 0.5478746097158749 0.5666635439257486 0.6065313164231494 0.6645487861235149 0.7385832981654279 0.8277566505774189 0.9325226065001864 1.0542090276485574 1.1934598947580768 1.3414062043361425 1.4645856580665382
0.7818041033352069 0.7299258281480293 0.6848782430024423 0.6407999144711842 0.5989095208136401 0.561952568455721 0.5332250963465301 0.5160628145048678 0.513196401428744 0.5260677814207411 0.5544714859789921 0.5967615874708754 0.65044870727279 0.7127959167629391 0.7807846412276033 0.8462295011241286 0.9054311735668672 0.9569031172844427 0.9992809043592256 1.0315279895382337 1.0545800727870225 1.0679300215060545 1.070677934553832 1.0620260760553704 1.0375981987418372 0.9919526774788691 0.9257363174962816 0.8470413413322483 0.7608270150291402 0.6708041654581078 0.5946750137147583 0.5426120178619986 0.519385191428223 0.5269455471378874 0.5629954432132134 0.6228724913222254 0.7022518957389174 0.7983281368187977 0.9098097980861881 1.0364722336664762 1.1784223562657021 1.3349890603603407 1.498973060843252 1.6295168591956088
0.8524110219700737 0.7985201403994058 0.751026877095106 0.7072226272120059 0.6670957315853763 0.6323036057729625 0.6051763788391125 0.5881118860951811 0.5830770502911349 0.5911952722362672 0.6125394026706428 0.6462067824957234 0.6906034280620279 0.7437717134380486 0.8026615025923317 0.8590318832699345 0.9101672910187714 0.9545664137223944 0.9907652501024107 1.0176677065786126 1.03604829360444 1.0451048374625431 1.0437521348147705 1.0310038415561404 1.0044767879423728 0.957189904967415 0.8903891707089345 0.8123334977451503 0.7255585125543761 0.6348242694689048 0.5567355976446908 0.5036011062654928 0.4854623435888956 0.5068127046966491 0.5624303232854284 0.6435463317367054 0.7439187636262534 0.860311949128806 0.9913582461795265 1.1365948573608269 1.2956700092086448 1.4675335122470818 1.6422729014969355 1.7840980533581468
0.9217509274230311 0.8690905923363206 0.8208832714075537 0.7767366224786035 0.7368903854486576 0.7024751569507768 0.6751384116367207 0.6566245916409665 0.6484131783666964 0.6514436289096204 0.665972543704878 0.6915842735322137 0.7273171781915859 0.7718282832966429 0.8220126689309118 0.8699858936402228 0.9136436973749289 0.9515042881295149 0.9820257883853617 1.0041634013163203 1.0184771635170782 1.0238308524763615 1.018964546381914 1.0027166771528297 0.9738563638519013 0.9259843201893108 0.8614744410485132 0.7854604819115721 0.6991955995352079 0.6079188671593092 0.5269660522039692 0.46692003334042487 0.4495918404823873 0.48816469709475085 0.5673478660099538 0.6703067963302196 0.7899126089970242 0.9236280841461327 1.0706038499144621 1.2305474720001977 1.4031059380433697 1.5873558097382026 1.7701413819654657 1.9209199183584127
0.9886652473654551 0.9381478044361591 0.8904326801282333 0.8461500899485903 0.8059571612620996 0.7708513201101751 0.7421067073317812 0.7210636200254524 0.7089042878493467 0.7064744146665206 0.7141814563909801 0.7319754909133066 0.7593891457253819 0.7955961618911344 0.8375956537146031 0.8779344594294886 0.9148697842597165 0.9469415712947753 0.9725237639200192 0.9907668070548554 1.001842852124731 1.0043019964596367 0.9967305488576378 0.9778253030318353 0.9463974818132072 0.9004222492097393 0.8409362337566255 0.7692239015236587 0.6860284593317192 0.5964447981115482 0.5131041512766636 0.44040624969351483 0.41051867866494174 0.47921094689773236 0.5855697301712155 0.7073963733580119 0.8417899888671052 0.9881624067157442 1.1464101342432285 1.3164769954112578 1.4980979343367513 1.6905669287620055 1.878644301576774 2.0350070091089205
1.052141947624642 1.004063097945461 0.9574226824925494 0.9132635598199185 0.872502780532809 0.8361313181869778 0.8052420446403604 0.7809476010062193 0.7642637835798904 0.7560076622860376 0.7567338115881644 0.7667086858348869 0.7859030311720663 0.8139742305826525 0.8483138267168857 0.8818098416325181 0.9128985732369832 0.9401122147290558 0.9617005026268176 0.9771940072389033 0.9860402225519905 0.9865738441784437 0.9772568837447321 0.9566951173652876 0.9236975011208997 0.8821584469544852 0.8300013201924832 0.7655160638382859 0.689373573670236 0.6068035831666374 0.5296880554538406 0.4598460723171418 0.4229393484001944 0.5120296548367298 0.6293235175465461 0.7592820331243003 0.9008431762288125 1.0537422661260103 1.2178326633130978 1.3929004487997754 1.5785303297303213 1.7739856805312482 1.9632477810029734 2.1211293120599493
1.1112897434079827 1.0657572594866904 1.020476177074751 0.9766322999428279 0.935258961029336 0.8973506945838094 0.8639062030850116 0.8359104042262495 0.8142897487814311 0.7998709990750462 0.7933578458159173 0.7953193197460007 0.8061637716201099 0.8260631256963451 0.8531598068678532 0.8806012983630178 0.9068244504239699 0.9302835841667948 0.9491513703418774 0.9631649748441454 0.9709130622004197 0.970576336414865 0.9605299141103143 0.9393501876905943 0.9082620761975654 0.8718382233486105 0.8287856577826559 0.7744658429495749 0.7095121226388139 0.6397627980484488 0.5795856393337597 0.5373698227449475 0.5354360428874434 0.5967608552783084 0.7002493187953671 0.8257030351208594 0.9662300950949296 1.119333108859768 1.2837840601421637 1.458694379916067 1.643146499634717 1.835986406575834 2.021712926434989 2.175017361378146
1.1653125366894868 1.1223935508479497 1.0786484162622934 1.0352826649150604 0.993354707932878 0.9538399541046175 0.9176695531820593 0.8857423691924725 0.8589255439055891 0.8380614672277291 0.8239898466003951 0.8175743255952026 0.8196944558409685 0.8311365618419753 0.8511752395514776 0.8733295433549876 0.8957928771251447 0.9168015416766127 0.9345914554451358 0.9484648061701975 0.9563031834978314 0.9561466050487879 0.9463327242381503 0.9265886751938935 0.9013479298130914 0.8711808762358534 0.8362448124529441 0.7942918250024832 0.7432938770772428 0.6891507440068869 0.6479823704966072 0.6283887480150938 0.6413256858979024 0.6946462395297126 0.784751891336188 0.9005253907871497 1.0345809907631764 1.1828639846960594 1.3429646647765188 1.5131254680874737 1.6917143433101092 1.8768882924673722 2.05498206510494 2.198837824628898
