_RESULTS/CROSS_VALIDATION_POSTPROCESSED_CLR/Berg/GZ/5comp/2/Berg_GZ_z_90_kriged_reverse_5comp_spherical_2.asc
ncols 100
nrows 90
xllcorner 5.6208707817415728
yllcorner 50.959635321741573
cellsize 0.00013419651685393446
nodata_value 1.7014100000000001E+038
[rows 57 to 75 of 90, columns 0 to 42 of 100]
1.1358875086571196 1.0909008306466108 1.039437037409563 0.9828103228585252 0.9223515079491654 0.859406619369969 0.7953421450238779 0.7315637314425658 0.6695575457682686 0.6109646006969532 0.5576941004599947 0.5120621345818916 0.47688634858422674 0.45535970033848105 0.44996093983475105 0.45718175092645774 0.47526422664232726 0.5016638367073301 0.5326531123827651 0.5644476938293073 0.5937988219821196 0.6181204797496527 0.6358181910276951 0.6485446650120873 0.6562535264272846 0.6586249421115207 0.6556415368785355 0.6476549407205031 0.6355440460521784 0.6221443321595719 0.617174880957537 0.625562536376031 0.651165405848785 0.6964176402562636 0.7647560625345236 0.8513114195530409 0.9507327917384276 1.058985538692939 1.173105913272543 1.2907716626786372 1.4099672452832785 1.5287584946594004 1.647400105945056
1.1444830987091028 1.0999044965323292 1.0483837017287292 0.9911242228991284 0.9293302000982495 0.8642061275751846 0.7969645630274816 0.7288493930689596 0.6611924016306977 0.5955121078839987 0.5336387995296925 0.4780240326676015 0.4320887527499735 0.4004180602792786 0.38804395518761514 0.394053856695751 0.41557056735496367 0.4482787283600078 0.48649364247618787 0.5252502126261382 0.5608579793378643 0.5911024751916797 0.6169084289234108 0.6379305945176136 0.6537589996006175 0.6642902667466555 0.6697256398663836 0.6706235856045879 0.668003998692625 0.6639030096939926 0.6669798810486542 0.681645728140963 0.7095585935131424 0.7511197703532899 0.8108912225463933 0.8874119215737544 0.97673996905026 1.0753394477425366 1.1802392791432323 1.2889019342635009 1.3990194478694054 1.5083036038560764 1.6117983129150928
1.1500743937687483 1.1063269152892534 1.0551859998263355 0.9977543024455355 0.9351201540069213 0.8684486230473212 0.7988101955683221 0.7272034112348487 0.654685133806831 0.5824636253135143 0.5120832962513417 0.4457862496650722 0.3871896915677724 0.34231604330770793 0.31993954431088056 0.3251054145089691 0.3531704168738159 0.39560548823328845 0.443422647803674 0.49037751821197206 0.5334117360242043 0.5725111681390319 0.6068391897319189 0.6359099251377306 0.6595602466636483 0.6778914153674054 0.6912655512536808 0.700337072193523 0.7061000160518508 0.7099269852038423 0.7183164182323427 0.7364724091950383 0.7649549247520546 0.8032983644330491 0.8557606428541542 0.9233116212507898 1.002964666627629 1.091726227920579 1.1868122169678705 1.2856579538338966 1.3858234763489023 1.4848558114522772 1.5797241686942207
1.1525445337565656 1.1101345093059103 1.059926492188991 1.0031313616575028 0.9407485413643172 0.8736465596383464 0.8026641913721059 0.728618692858669 0.6523301772296698 0.5746787116441204 0.4967332280908008 0.4200553415549013 0.34747488108073177 0.2851735335181056 0.24710941469777348 0.25164730116782463 0.29244925497512364 0.3488753000952092 0.4075747653102726 0.46405119005587614 0.5167200271829042 0.5643503897230919 0.6064177460103668 0.6427765801212002 0.6735007310174024 0.6988533362481866 0.7192895461671006 0.7354724292558212 0.748282487723851 0.7587912604309166 0.7705239952274976 0.790099781438783 0.8177664156814309 0.8527192796164847 0.8985050341509041 0.9578160203707582 1.0282789407462094 1.1073495480484397 1.1924901515828614 1.2812267441584173 1.3711224413779965 1.4597062705547719 1.5443871542597931
1.1517151451427847 1.1113439075075333 1.0632018273898407 1.0081157698856238 0.9469029287388149 0.8803391874842078 0.8091542331624173 0.7340295044610328 0.6556013852085615 0.5744745018298052 0.49125730862461814 0.4066577678703358 0.32178696531028916 0.23945864939841388 0.17270832758852284 0.17733781684475836 0.2436375053901303 0.3172980636299967 0.38801190515342987 0.453631706221562 0.513590342789479 0.5677812780128749 0.6161641933063011 0.6585818905186072 0.6952556846692812 0.7265362573797483 0.7528997269505816 0.7749537732342662 0.7934272622015295 0.809125950521732 0.823406313371737 0.8427363797433732 0.8683926550187852 0.8994304437230182 0.9388736420979044 0.9904369498719722 1.0521561753957938 1.1218334013731914 1.1971762423637087 1.27586238630394 1.3555496930860271 1.4338534320390597 1.5083148585542057
1.1513227473918763 1.1117683161375627 1.0653716729052825 1.0125526318437394 0.9534411284524013 0.888513774224792 0.8184460993282091 0.7438622871745031 0.6653334787771933 0.5833783963261794 0.49846708783604243 0.4110301984094902 0.3214844550722429 0.23034480767147492 0.13977027253885765 0.14575683323659838 0.23297764247084185 0.3155136004294916 0.3918519520961887 0.4619466229030671 0.5259076886088208 0.5839153185449424 0.636208015372894 0.6830307040314998 0.72427599680215 0.760195624471087 0.7912145640392348 0.8178369884267737 0.840625145867592 0.8601524098800604 0.8769241198780574 0.8946161725081977 0.9171956790711422 0.9436468134899453 0.9769194275425414 1.0210835391034223 1.074453203209541 1.1350961777617274 1.200943955818324 1.269850663953932 1.3396206933814625 1.408016242204901 1.47291535307415
1.154285540993923 1.115920180252791 1.0707435644917147 1.0191880803502869 0.9616916077949932 0.8987022523537482 0.8306856168179331 0.758136293161506 0.6815971386008356 0.601694831385752 0.51921440765306 0.43528179420728197 0.3519010820100399 0.2739143658716443 0.21711635164342447 0.21849283297778865 0.27511991159252625 0.34751865188568587 0.4201045738217939 0.4891316658969609 0.553410283608712 0.6125676162050296 0.6665673642845017 0.7155498341965074 0.7597348201505816 0.7989332370838843 0.833302232515867 0.8632069592319772 0.8890378989383464 0.9111653571065786 0.9298760920000992 0.9459410495566315 0.9644795080558071 0.9856703916963392 1.0128523569603773 1.0498837202616045 1.095254388379955 1.1472404798169085 1.2041588347481125 1.2653065500978007 1.3282451307829208 1.3902043371822839 1.448518870044174
1.160397949978496 1.1239580671116607 1.0808132193647473 1.0314179612341827 0.9762415398862558 0.9157780318738982 0.8505626196578029 0.7811983935469101 0.7084024053603424 0.6330897393774241 0.556538882730958 0.48074363586347113 0.4092072482317346 0.3486686907809189 0.3114021091275554 0.3110917391026169 0.34702639538922697 0.4045484303786926 0.4684644911404787 0.5325514030579686 0.5941907937283609 0.6521802266953087 0.7059972034400352 0.7554763793575822 0.8006600138875057 0.841666789112598 0.8781320900551635 0.9101070479275273 0.937811317682154 0.9614355873098228 0.9810895130375896 0.9967454961105607 1.0104752168897742 1.0257808992449804 1.046962300824687 1.0770814879116704 1.115328578248579 1.162412600934083 1.215995086377907 1.2733120265193623 1.3316202819082321 1.38825125221075 1.4406658854436314
1.1693049629164132 1.135484859463661 1.0951303138489823 1.048729593821755 0.9967972014916612 0.9398898001246027 0.8786315557678976 0.8137549728225771 0.7461680272446041 0.6770674225275264 0.6081343047907984 0.5418730232960838 0.48215550000697416 0.4348412774842427 0.40749643031534033 0.4062060745250444 0.4307712127487364 0.4749969136943055 0.5300524357813845 0.5878010597467547 0.6451483896161161 0.7003763740178114 0.7525458345107242 0.8011788943267492 0.8460779126814902 0.8872198545528511 0.9245537574133662 0.9575017198071311 0.986029803157276 1.0101691618269726 1.029881451281442 1.045015121995962 1.0553318476840736 1.0643233795196874 1.0796576041393369 1.1063308768877411 1.1438223099481912 1.1895576929648173 1.2408719212064314 1.2950659449339696 1.3494654783396847 1.401481372096988 1.4486727227121365
1.1805179615185093 1.1499497700339933 1.1130663401167307 1.0703948870032078 1.022499299326532 0.9700000984216937 0.9136053733287836 0.8541586105271667 0.7927122589624448 0.7306394774235858 0.6697983975338951 0.612752684832597 0.5629953797016748 0.5249543306048294 0.5032974497187896 0.5012208661142623 0.5187095835414219 0.5526229441618907 0.5984903213953634 0.6501463406297405 0.70269831110337 0.7543325376257435 0.8038957669103705 0.8506866453457346 0.8943036858100115 0.9345410904698801 0.9713158996459501 1.0042661902955115 1.0326993786162024 1.0564925171069244 1.0754818529904355 1.0894131533464442 1.0979121279534705 1.1024391010045727 1.1178521488387245 1.1455863319683681 1.1832287888820319 1.2282340220461292 1.277970464965466 1.329774588167835 1.381011008070192 1.429137702143005 1.4717754192374568
1.1934313095665108 1.16667045737353 1.1338449464556084 1.0955202719493293 1.0523052539985849 1.0048730074779266 0.9539924451248207 0.9005748303524029 0.8457404759025782 0.79090919091722 0.7379107359264924 0.6890904030254852 0.6473381716189536 0.6158998688437842 0.597809784011191 0.5949935311552096 0.607531940960441 0.633684690609354 0.6706417160224883 0.7153825845317802 0.7633391875448894 0.8111323918134689 0.8575826949352027 0.9018797446940626 0.9434843885492309 0.9820469079919112 1.0173422499662137 1.049194783170027 1.0767490980360717 1.0994531815523492 1.117037436407997 1.1291616483311924 1.1368171426226041 1.1467733756803395 1.1651723210107348 1.194349106580903 1.2326568944534286 1.2775552947741544 1.3264181658601448 1.3765855827659328 1.4254253068588187 1.4704027068402339 1.50915705183297
1.2073421451650508 1.18485860251378 1.1565756989649567 1.1230922824008267 1.0850520835912576 1.0431624329121851 0.9982215474454792 0.9511573877795957 0.9030802608761718 0.8553474347535218 0.809628141107653 0.7679388145560054 0.7325933510091102 0.7059983572163214 0.6902591143603501 0.686684435078824 0.6954259794172815 0.7154762606398187 0.7450161187441123 0.781882367732508 0.8239345909934416 0.8679972195908174 0.9111654488811107 0.9526077589620893 0.9917147786031442 1.028039836618297 1.061249648248986 1.0910807685645298 1.1170430993812606 1.1380294390997414 1.153621551250021 1.1648046276534196 1.1773141110854757 1.194689153199739 1.219879895308588 1.251660313305933 1.2911434636307533 1.3365623686811199 1.3852700103376108 1.4345767546191697 1.4818132384480254 1.524405821187071 1.5599620632972622
1.221471422526464 1.2036460366345194 1.1802868620300515 1.152019109690992 1.119509497039076 1.0834799302558886 1.0447268495655724 1.0041483356654943 0.9627804121768653 0.9218404460517532 0.8827665677400001 0.8472270245568393 0.8170592754806811 0.7941026093084204 0.7799275092809462 0.7755338725287501 0.7811420919390052 0.7961760510236366 0.8194355419319125 0.8493610020426622 0.8842794897031727 0.9225721043108712 0.9623271054697977 1.0007736124686006 1.0371014499371092 1.0708101799570695 1.1014926965945144 1.1288025231322663 1.1523974879962091 1.1711443424340446 1.1849820967431746 1.2005612621448776 1.2187497922189505 1.2441031180586632 1.2767812001519379 1.3151913049892194 1.357632669267033 1.4042014487428476 1.45348840353465 1.5027405238224796 1.549207120908779 1.5902218646865907 1.6233010175372364
1.2349846943740448 1.222109368139943 1.2039543951688705 1.1811643662395945 1.1544184494110936 1.124437135425519 1.0919910052482316 1.0579132358977974 1.0231186770583456 0.9886319923297174 0.9556212933766436 0.9254176951957915 0.8994822098228991 0.8792844219747902 0.8661001463940244 0.8607919067026847 0.8636578221262433 0.874403745724391 0.8922348605403785 0.9160160847787564 0.9444398714047665 0.9761598329308722 1.0098766244291673 1.0443817710223735 1.077806549113781 1.108672302350656 1.1365280707667234 1.1609703532373226 1.181620040884889 1.1977313487448011 1.2144430987998047 1.2348206756890825 1.259872557087907 1.2932328154141703 1.3335483926031149 1.3791921446442874 1.4283725377543117 1.4791411361329263 1.5299186937191251 1.5799612783087646 1.6265489044434436 1.6668762195512479 1.6994758386951974
1.2470117624448134 1.2392921819204832 1.2265262848765834 1.2093724528327412 1.1885153767514332 1.164665166580061 1.1385539920351393 1.110931059512561 1.0825606754362722 1.0542348808339286 1.026814917568456 1.0012958917059853 0.9788398795435662 0.9607006068596975 0.9480336052906643 0.9416820572083323 0.9420358763275446 0.9489997082207173 0.9620519186347356 0.9803547382456972 1.0028760120335942 1.028494982241261 1.05605051816676 1.0841527760098244 1.1119159683946527 1.138607224898388 1.1631700841093544 1.1845199900832912 1.20222166804226 1.218707493372872 1.2402719236525686 1.265745493090635 1.2989066417579496 1.3402357026762057 1.3882743515892488 1.441371671853012 1.4976936258405176 1.5552193847946685 1.6117477069912507 1.6649586793982476 1.7136079416211647 1.7566291697353227 1.7916277037298416
1.2566649289286884 1.2542249183639382 1.2469430364265195 1.2354875767066427 1.2205460427667463 1.202817594570293 1.1829978861632706 1.1617539492997766 1.1396920549718879 1.1173388263353041 1.0951859214023985 1.0738440753075715 1.0542228620623693 1.0375133443656992 1.0249211034778059 1.017370573732625 1.0153527244943619 1.0189110059227846 1.0277034391533635 1.0410806188363506 1.0574294471284076 1.0757049036041122 1.0953636048249618 1.1158106242976658 1.1364176620893738 1.1565284293262206 1.1754562671348148 1.1924782501044413 1.2072516029947276 1.227649650074317 1.2543970291349757 1.2883753433283376 1.3316338914457875 1.3824707940943113 1.4389654961134632 1.4996605279599808 1.5635195101015988 1.628784659641575 1.6934217472550315 1.7552110269451826 1.8117776826662297 1.860667311053408 1.8994880546790724
1.2630559624460609 1.2659431910257515 1.2641562603021659 1.2583702870577158 1.24927562112651 1.2375666454512058 1.2239187326430867 1.2089450211218067 1.1931240057653885 1.1767076891805552 1.1597049494644547 1.1421664435656538 1.1247460153959996 1.1088087222181546 1.0958410878169051 1.086933951981434 1.0826591259087108 1.0831288326313437 1.0869445027057774 1.0931011270623614 1.1014719283218661 1.1117835491979504 1.123659180412471 1.1366465483979327 1.1502327382467699 1.1638490963566448 1.1768699314999616 1.188608520131758 1.2018313383537849 1.2247850070641129 1.256796662676574 1.3000344319884394 1.35323411993832 1.4146454329734341 1.4823611926376588 1.5543025131300658 1.6281969745989917 1.7027980450313174 1.7769923346937992 1.8483571124806186 1.9141937443009094 1.9715830449920588 2.0175405294525617
1.2657598166518225 1.273505352303249 1.2771474697970995 1.2769160243733937 1.2735034083773542 1.2676062055709445 1.2599025243227258 1.2510039839615645 1.241353520697149 1.2310171402957233 1.2193881880574704 1.2054363738315244 1.1894205140190641 1.173461612143297 1.1596821841957587 1.1493317933206784 1.1424946055867218 1.1373440894053384 1.1340128348142309 1.1326974756278194 1.133417982179116 1.1360583545814344 1.1403955897933198 1.1461177285096407 1.1528323063063861 1.160067512866833 1.16726903558781 1.1738866140797957 1.1876852935582205 1.2133269769392925 1.2529299424491436 1.3049348374408536 1.3677184725636042 1.4395244917618777 1.5184392021140567 1.6023743439947837 1.689037710177524 1.7758892950607905 1.860477448216534 1.9421950643513632 2.018397227259597 2.085633080355426 2.1401469273216747
1.2672253529170856 1.2762754219550332 1.2849481560951426 1.2900788533189267 1.2920899810270143 1.291678736952206 1.2895370986891814 1.2863207689578022 1.2825715889990754 1.278482920713063 1.2730821291933436 1.2628241053224016 1.2467933213481832 1.229886195450049 1.2150741206865714 1.2022406444528193 1.1897375152901792 1.178175647802541 1.1680148052211767 1.1595424541869614 1.1529051938424437 1.1481314772279476 1.1451467988187827 1.1437811791202304 1.143769521405516 1.14474662977921 1.1462396651247984 1.1491213958655835 1.1639456717768435 1.195261619788158 1.2422742347939602 1.3025769126674378 1.37451413635046 1.4563299273438375 1.5461195569838504 1.641813540891611 1.7411445243949095 1.8415910884071414 1.9402922964958995 2.0340576838783546 2.1217982796597923 2.2005166515074297 2.2654955370048793
