_RESULTS/CROSS_VALIDATION_POSTPROCESSED_CLR/Berg/GZ/5comp/2/Berg_GZ_z_180_kriged_reverse_5comp_spherical_2.asc
ncols 100
nrows 90
xllcorner 5.6208707817415728
yllcorner 50.959635321741573
cellsize 0.00013419651685393446
nodata_value 1.7014100000000001E+038
[rows 60 to 79 of 90, columns 44 to 87 of 100]
6.379854492109281 6.40825075194907 6.393630165553501 6.335538146759861 6.232314209279884 6.085150130461878 5.907182075947301 5.714862457097533 5.513638272222205 5.308768533495762 5.106394431409278 4.913840891965379 4.746723258824414 4.619072388555756 4.5387573054967545 4.50994409204702 4.526496157641491 4.568435051595513 4.624822441930286 4.708073317373483 4.82699795589452 4.970769902328296 5.11976358848854 5.268821051790509 5.4125648323141355 5.5452938692323155 5.6628187089185476 5.762357473511432 5.842400641678603 5.902559287459807 5.943329328476777 5.957339062093009 5.939000857017083 5.88858343146006 5.814997755019426 5.7514410510699685 5.701527225565173 5.6609671761931475 5.631513100565075 5.6116452249004976 5.602811345576394 5.602509454850143 5.602509454850143 5.602509454850143
6.303252181608845 6.332884585648122 6.316706593532915 6.254791391203211 6.152624241744877 6.0131237876969745 5.843798513291997 5.659478543999753 5.4708457056576645 5.2826632008398615 5.100503505275122 4.930754505455197 4.780745210531808 4.664904672707942 4.59115915121055 4.56045476901555 4.56823776667309 4.60609095728854 4.669212770096616 4.754927899801515 4.863888534050858 4.989332440570076 5.11860804180325 5.246850101568332 5.369652418642998 5.48369406703115 5.587484110745741 5.678557871993679 5.755222462475028 5.816264269032185 5.853014110813015 5.86149839991599 5.8410593196871075 5.791583204142709 5.733584189130801 5.690005953453162 5.65774741240638 5.631431877671032 5.612721331968203 5.603307288894261 5.602509454850143 5.602509454850143 5.602509454850143 5.602509454850143
6.226089635583502 6.259388423875324 6.250100149384084 6.198850521302897 6.107629342069399 5.980148136377248 5.828068279960791 5.660225378601756 5.483631966018606 5.3099488985383 5.145124975627082 4.99450219405413 4.863661284620354 4.758170182615086 4.688425217678014 4.657471405253443 4.660580396120768 4.691559920243994 4.7463095100406365 4.823508562569593 4.922215389471048 5.031045057856854 5.143873598546904 5.257103867071934 5.367214565733133 5.471154557016535 5.566535347296974 5.651687435811734 5.72313924800428 5.773096039322883 5.799294700168127 5.800194809961152 5.7745999697578085 5.725165929773828 5.680693375610917 5.6495044311939004 5.627516517986994 5.6115595988902 5.603295361670079 5.602509454850143 5.602509454850143 5.602509454850143 5.602509454850143 5.602509454850143
6.160599033333484 6.199092936190916 6.196831479027316 6.154832644793051 6.0752697991989315 5.965785054270669 5.836249099477209 5.692941493511363 5.541870589917675 5.387910805892453 5.238827711212531 5.104072571089275 4.988265081306077 4.894988664504577 4.826617628450399 4.788402978826353 4.7812778851105415 4.801968781135438 4.8476941226696395 4.916775998771122 5.003389994016377 5.09729916999751 5.195701669858048 5.295687881956238 5.39437657963167 5.489179584239402 5.577054629136279 5.651081777336625 5.707719902758224 5.744460307679288 5.759228316287616 5.75032808114322 5.7163798090331595 5.672543822850628 5.640035673833328 5.620648455872473 5.60857669808656 5.602789740353336 5.602509454850143 5.602509454850143 5.602509454850143 5.602509454850143 5.602509454850143 5.602509454850143
6.1088069862503 6.153665912575827 6.159096061645772 6.1263383571373335 6.059100300702748 5.967177377220796 5.856270418068088 5.7321871732469445 5.601341197686613 5.47054315426783 5.345616546381072 5.229162468218811 5.126039961358167 5.041903013563758 4.979794029565884 4.940543060244372 4.925748612326879 4.938214796529279 4.9761474044108205 5.036793309547868 5.109290759633116 5.1894137485105745 5.274735348675 5.3627440462736455 5.4491296096803845 5.529218155234971 5.59950303532471 5.656781449387318 5.698208908203048 5.721313572284782 5.7239819157976255 5.704425939289365 5.665950635368042 5.633712349472838 5.6133269724752655 5.604964683933803 5.602509454850143 5.602509454850143 5.602509454850143 5.602509454850143 5.602509454850143 5.602509454850143 5.602509454850143 5.602509454850143
6.075339506300009 6.119367800259265 6.132885454434058 6.109530678856577 6.05721083704238 5.981687297435316 5.887746201168022 5.780825704949739 5.666858502648055 5.552083419939713 5.442832866049355 5.345288253988465 5.261306618603138 5.191822520270532 5.139673748766372 5.106768347037942 5.094164147277536 5.1023164615891945 5.133543293160498 5.181561184014319 5.239518801747454 5.304587063076265 5.373731585804661 5.443728024028505 5.5112505512290735 5.572990925371303 5.625770828132918 5.666627486658936 5.69286701485292 5.702088075696713 5.692181866589029 5.662021385179386 5.631220713176406 5.6107496219990685 5.6026228536676586 5.602509454850143 5.602509454850143 5.602509454850143 5.602509454850143 5.602509454850143 5.602509454850143 5.602509454850143 5.602509454850143 5.602509454850143
6.065130935668701 6.096042735823463 6.114328601737707 6.103728943955695 6.0663063744809955 6.006011559584133 5.927454873212852 5.835794330611161 5.736589570615959 5.635631143610643 5.538752760565347 5.4516333427186625 5.379598713992035 5.325070545207508 5.285333762049241 5.261996463887896 5.256304763192079 5.268983438263396 5.296111637774639 5.330931557494345 5.372741447351332 5.420795780307058 5.472334684366076 5.5244277714363035 5.57407463889112 5.618283746340244 5.654152594728182 5.678934796477682 5.690087236752804 5.685296390052262 5.662486267932391 5.633892840121428 5.614352021060546 5.604216325781833 5.602509454850143 5.602509454850143 5.602509454850143 5.602509454850143 5.602509454850143 5.602509454850143 5.602509454850143 5.602509454850143 5.602509454850143 5.602509454850143
6.077247408717759 6.094616179307651 6.105018485749625 6.10652878575918 6.083224276490646 6.036979903106234 5.972293972408271 5.894130705761838 5.8077792539421225 5.718696871931749 5.632344067137038 5.5540193784878324 5.488703354758046 5.440925187772205 5.41264323127304 5.398995092280947 5.40062135765924 5.41538518436187 5.437139987348255 5.464686752689346 5.4967435721188425 5.531793267038903 5.568078162607754 5.603607835840654 5.636232799331079 5.663617698038098 5.683114345066647 5.692168330499489 5.688373887541196 5.669186681831457 5.642071108744782 5.62126449248004 5.607801141131548 5.6025506119341335 5.602509454850143 5.602509454850143 5.602509454850143 5.602509454850143 5.602509454850143 5.602509454850143 5.602509454850143 5.602509454850143 5.602509454850143 5.602509454850143
6.109483835175169 6.119585454473206 6.121032030194306 6.1171393682129285 6.104911707056286 6.071520391507749 6.019237796586877 5.952920521125835 5.877683781287736 5.79875410781821 5.721323663786479 5.650412395062957 5.590744842685053 5.54664995781826 5.521992990330454 5.51743919804784 5.52369593175957 5.535558424106428 5.552311174765338 5.573031181048884 5.596548612540538 5.621460446307969 5.64613958759586 5.6687490163924465 5.687265627692941 5.699512874884524 5.703198021681293 5.6959492196386305 5.675348755635959 5.648558905329939 5.627019452823166 5.611728298180564 5.60360658445607 5.602509454850143 5.602509454850143 5.602509454850143 5.602509454850143 5.602509454850143 5.602509454850143 5.602509454850143 5.602509454850143 5.602509454850143 5.602509454850143 5.602509454850143
6.165357018761661 6.172433102684624 6.166235740501816 6.15238044008336 6.132538246137658 6.106615623065835 6.065288061394282 6.009245106969426 5.943518955423992 5.873194820219283 5.80328128701128 5.738595854447756 5.683668575419296 5.642667384577071 5.619313527026616 5.613061572301949 5.618460381171318 5.627555935477426 5.639659291590882 5.653952115053038 5.6693709078165 5.684624609394687 5.698209630193353 5.708426971157588 5.7134042229994995 5.711122520242239 5.699446493279774 5.676440498787166 5.651407197999673 5.630522223254345 5.614794013000105 5.60518307353006 5.602509454850143 5.602509454850143 5.602509454850143 5.602509454850143 5.602509454850143 5.602509454850143 5.602509454850143 5.602509454850143 5.602509454850143 5.602509454850143 5.602509454850143 5.602509454850143
6.247071853355219 6.2513035790504485 6.240671078578158 6.216842290010205 6.185724634307547 6.148856507459738 6.107651512391969 6.060128512800064 6.002414233600989 5.9392961277010174 5.875664652508485 5.816188707784258 5.765243681428345 5.7259692219143705 5.698024677457878 5.683162329311269 5.6829289383844275 5.68948791088764 5.697241621968226 5.705460046012752 5.7131759515435805 5.719202655791328 5.722150746238245 5.720445916462264 5.712349404548831 5.695981227180894 5.672369819203423 5.650209708911896 5.631147944568735 5.61620080029336 5.606346856004429 5.602527243157459 5.602509454850143 5.602509454850143 5.602509454850143 5.602509454850143 5.602509454850143 5.602509454850143 5.602509454850143 5.602509454850143 5.602509454850143 5.602509454850143 5.602509454850143 5.602509454850143
6.3545024697369135 6.356020837376225 6.341198725327556 6.310735427933222 6.267703322614083 6.218151514911611 6.164178110485854 6.107866908841108 6.051410651216254 5.994191726807819 5.935769264871899 5.88021439371076 5.829090508070003 5.784954280229975 5.750254271324715 5.727051677624234 5.717037387427926 5.71947449992318 5.723134137061107 5.7255878322711675 5.725953667520694 5.723139775228604 5.715860728010028 5.702654800980112 5.683377867680038 5.663666871710325 5.6451365768454185 5.62878761284122 5.61560894016829 5.606569058232666 5.602611099894569 5.602509454850143 5.602509454850143 5.602509454850143 5.602509454850143 5.602509454850143 5.602509454850143 5.602509454850143 5.602509454850143 5.602509454850143 5.602509454850143 5.602509454850143 5.602509454850143 5.602509454850143
6.487506551148406 6.486400787393792 6.466973340031256 6.430259598975395 6.378355584822454 6.3152537573163015 6.247442958257188 6.177745439898714 6.108616067646344 6.041393758051318 5.9774446149856315 5.9181191072993125 5.863144541858231 5.813827418648731 5.772565016748255 5.741384114829696 5.721961563958933 5.715647235690131 5.7154275899100035 5.712387963195387 5.705717218907645 5.694653923997963 5.681141547823752 5.66645737394541 5.651424061891458 5.636919949695628 5.623856402507206 5.613159672850609 5.605757254704602 5.602568261356837 5.602509454850143 5.602509454850143 5.602509454850143 5.602509454850143 5.602509454850143 5.602509454850143 5.602509454850143 5.602509454850143 5.602509454850143 5.602509454850143 5.602509454850143 5.602509454850143 5.602509454850143 5.602509454850143
6.64288877742807 6.640344630735979 6.616225210870409 6.572261665119323 6.511354427389293 6.437052383174698 6.353518796613885 6.2671312421263785 6.180953949077669 6.097061513363089 6.017213732334588 5.942912981721777 5.8754715872036005 5.816078872235126 5.765863163844427 5.725946504189911 5.697490641989095 5.681733116951319 5.677689000370567 5.673133051415387 5.666324194323854 5.657686841810725 5.647770574898788 5.637228488744044 5.626794631424705 5.61726243266718 5.609465461415179 5.604261252041631 5.602509454850143 5.602509454850143 5.602509454850143 5.602509454850143 5.602509454850143 5.602509454850143 5.602509454850143 5.602509454850143 5.602509454850143 5.602509454850143 5.602509454850143 5.602509454850143 5.602509454850143 5.602509454850143 5.602509454850143 5.602509454850143
6.80758926471816 6.804508733830419 6.775407088547237 6.722806425509521 6.650762421168309 6.563962959592556 6.467028668375301 6.364141248741985 6.260390754714001 6.159850370382636 6.064399611846428 5.975602804134788 5.8948048697522095 5.823213249622101 5.76196584473921 5.712186279255306 5.675027708902608 5.651705956676526 5.643391504731227 5.640192815013401 5.635468543633692 5.629590365433613 5.623042980660966 5.616407344853163 5.6103427693930215 5.605569302852539 5.602851473075603 5.602509454850143 5.602509454850143 5.602509454850143 5.602509454850143 5.602509454850143 5.602509454850143 5.602509454850143 5.602509454850143 5.602509454850143 5.602509454850143 5.602509454850143 5.602509454850143 5.602509454850143 5.602509454850143 5.602509454850143 5.602509454850143 5.602509454850143
6.979144797183308 6.975352921757081 6.939736442903656 6.876210817867048 6.790693034313982 6.689479924627988 6.578261323847137 6.461794666133168 6.343948693764586 6.227893860470912 6.1173799177117525 6.014807451725163 5.921484924999297 5.83858472471296 5.767213627769638 5.708466227620829 5.663465141385507 5.633390376306649 5.619499341226226 5.617152210944582 5.614375395217461 5.611085088907477 5.6077128101258875 5.604779457887921 5.602880981964129 5.602509454850143 5.602509454850143 5.602509454850143 5.602509454850143 5.602509454850143 5.602509454850143 5.602509454850143 5.602509454850143 5.602509454850143 5.602509454850143 5.602509454850143 5.602509454850143 5.602509454850143 5.602509454850143 5.602509454850143 5.602509454850143 5.602509454850143 5.602509454850143 5.602509454850143
7.156378180247788 7.151581579416447 7.106976481985835 7.029155648816287 6.927141408018565 6.809413331768313 6.68276283700961 6.55232817619676 6.42199154972878 6.294765832663834 6.173080873504516 6.058976912137075 5.954334744888924 5.8612159509701955 5.780795489980571 5.714116819775192 5.66225744225663 5.626353196293203 5.607614475929211 5.604665795713526 5.603721088317687 5.602873313011649 5.602509454850143 5.602509454850143 5.602509454850143 5.602509454850143 5.602509454850143 5.602509454850143 5.602509454850143 5.602509454850143 5.602509454850143 5.602509454850143 5.602509454850143 5.602509454850143 5.602509454850143 5.602509454850143 5.602509454850143 5.602509454850143 5.602509454850143 5.602509454850143 5.602509454850143 5.602509454850143 5.602509454850143 5.602509454850143
7.338020124679849 7.3316706390215245 7.2737565035121285 7.1766033346610465 7.054453144054153 6.918332422046976 6.7757179645250085 6.631631641288832 6.489602382048033 6.352274193638581 6.221759998243174 6.099845574071832 5.9881090837497055 5.887992981725855 5.800848526120181 5.727964117597885 5.670583825781905 5.629919800744985 5.607160776145163 5.602509454850143 5.602509454850143 5.602509454850143 5.602509454850143 5.602509454850143 5.602509454850143 5.602509454850143 5.602509454850143 5.602509454850143 5.602509454850143 5.602509454850143 5.602509454850143 5.602509454850143 5.602509454850143 5.602509454850143 5.602509454850143 5.602509454850143 5.602509454850143 5.602509454850143 5.602509454850143 5.602509454850143 5.602509454850143 5.602509454850143 5.602509454850143 5.602509454850143
7.5225166560855055 7.513406157186161 7.433874847977627 7.310190961777836 7.164502264620703 7.009356600479199 6.8516032014156565 6.695335982747016 6.543314799560033 6.397618583401042 6.2599570328500365 6.131828038938199 6.014601836134575 5.909568365256249 5.817965171418795 5.740994503482084 5.679834165744396 5.635644618071102 5.6095737481000985 5.602509454850143 5.602509454850143 5.602509454850143 5.602509454850143 5.602509454850143 5.602509454850143 5.602509454850143 5.602509454850143 5.602509454850143 5.602509454850143 5.602509454850143 5.602509454850143 5.602509454850143 5.602509454850143 5.602509454850143 5.602509454850143 5.602509454850143 5.602509454850143 5.602509454850143 5.602509454850143 5.602509454850143 5.602509454850143 5.602509454850143 5.602509454850143 5.602509454850143
7.707022127425927 7.691635396186151 7.5732376721214 7.41560626200428 7.246203493920985 7.074491012050235 6.904680473474659 6.739247449860601 6.579985529539543 6.428380763501928 6.285765056554906 6.153386443302707 6.032444255342763 5.924108011050036 5.8295281669578545 5.749842538876131 5.686180295824377 5.639664532031312 5.611413973700538 5.602509454850143 5.602509454850143 5.602509454850143 5.602509454850143 5.602509454850143 5.602509454850143 5.602509454850143 5.602509454850143 5.602509454850143 5.602509454850143 5.602509454850143 5.602509454850143 5.602509454850143 5.602509454850143 5.602509454850143 5.602509454850143 5.602509454850143 5.602509454850143 5.602509454850143 5.602509454850143 5.602509454850143 5.602509454850143 5.602509454850143 5.602509454850143 5.602509454850143
