_RESULTS/CROSS_VALIDATION_POSTPROCESSED_CLR/Berg/GZ/5comp/2/Berg_GZ_z_710_kriged_reverse_5comp_spherical_2.asc
ncols 100
nrows 90
xllcorner 5.6208707817415728
yllcorner 50.959635321741573
cellsize 0.00013419651685393446
nodata_value 1.7014100000000001E+038
[rows 38 to 56 of 90, columns 43 to 85 of 100]
-5.099392175537717 -5.342058122088827 -5.635228532561513 -6.000819998110673 -6.424811703671969 -6.887902711421329 -7.376408431943083 -7.874272499401179 -8.360377267470067 -8.809398481873908 -9.204088978140806 -9.531713430501792 -9.786288875626378 -9.957244000641941 -10.00509376619852 -9.900421147625263 -9.698985345545125 -9.441362166811542 -9.143377322356354 -8.834130562489666 -8.53336238286925 -8.243233132537304 -7.966874150456086 -7.708046836105427 -7.460606662340688 -7.217302636108711 -6.97357023750665 -6.729830593327524 -6.492941172591386 -6.251236859314533 -5.994552970950439 -5.730716534889937 -5.46368216333057 -5.182823023936592 -4.88368364183848 -4.582202344904811 -4.289988868814204 -4.019576717150217 -3.799982768057075 -3.6519579761575582 -3.564523819326178 -3.528115732437865 -3.5282026890999574
-5.409899321420264 -5.646773529483752 -5.921394993829899 -6.254803969324018 -6.635177287666188 -7.045464445717608 -7.472653554913055 -7.894923321699432 -8.296839638855804 -8.66724618405043 -8.997080210823013 -9.281731580724125 -9.526677894591824 -9.731142531968217 -9.825108120882263 -9.657323680057154 -9.435202579670873 -9.176166234735515 -8.89716218954786 -8.61154143249095 -8.332331603011461 -8.067406647635147 -7.8366834105558265 -7.64016242470349 -7.457764377678008 -7.276257113932607 -7.090458821880152 -6.898174884812447 -6.697015662016034 -6.472772110781419 -6.220902757446566 -5.948982680763881 -5.648366981547471 -5.32042765339138 -4.967203291473386 -4.605237261007148 -4.252770087547627 -3.9214367433334543 -3.654204122420709 -3.4988176410414655 -3.439176031773577 -3.4332921569837502 -3.4580264259135105
-5.704644405425162 -5.941404669238951 -6.209028842891592 -6.513459276905851 -6.849150414486996 -7.204228139203369 -7.556469166146149 -7.894995703205674 -8.211610736549295 -8.499793964213644 -8.755742251022413 -8.984005008088724 -9.188088691824653 -9.362839760125452 -9.435132429187515 -9.289474398430889 -9.086137635238083 -8.86710901971239 -8.629342303930592 -8.37543377531702 -8.11417528964804 -7.860637816165386 -7.6843643683913125 -7.568617822518993 -7.458562034088125 -7.341353981587449 -7.215693603999093 -7.081561407714542 -6.932732075405635 -6.7407761404283475 -6.501866530007804 -6.215324395361428 -5.876645290744396 -5.500411874276058 -5.094014181174101 -4.674485172666059 -4.258045571053275 -3.8521623867509573 -3.5045704403857982 -3.3542259505893894 -3.351222313231005 -3.384610550762514 -3.433335438941024
-5.980268211781099 -6.219770754955484 -6.486405116249658 -6.774024642727784 -7.066935683083644 -7.352465087503581 -7.625908200586295 -7.880044088537821 -8.10885192067796 -8.308679632764864 -8.480815049224594 -8.63714803850203 -8.774756811146485 -8.881774992693893 -8.913145539069323 -8.83469899719959 -8.69624413378984 -8.535741244116476 -8.35845325007267 -8.152629622486423 -7.921277279780021 -7.653109234010623 -7.553131448607628 -7.525092865417207 -7.479089475021342 -7.420073176517871 -7.3516901322684 -7.276160766326564 -7.179939537052432 -7.040132028439198 -6.827915440112749 -6.5237129609297 -6.142752087261807 -5.7165917566593984 -5.262733607985117 -4.798814525867021 -4.336551433343898 -3.8773008518106638 -3.4101147406499313 -3.301278033566907 -3.3524893259566526 -3.406308088567227 -3.465046848842533
-6.236396271662112 -6.4804926132892104 -6.746137437571627 -7.021325156963895 -7.271852856805463 -7.4927433150687355 -7.687906300041777 -7.857422862315647 -7.9963038720988076 -8.101945258274826 -8.181778441537004 -8.254091502383417 -8.328105722026667 -8.39229877676344 -8.41669978917099 -8.388983440673456 -8.318263579424288 -8.220184494101645 -8.104184132575648 -7.966576023434847 -7.803412706019673 -7.635953356378728 -7.553172194166224 -7.537127364850723 -7.527844612590403 -7.514375613012632 -7.496372151646834 -7.472826640662121 -7.424627375518737 -7.334405113087437 -7.17309212929145 -6.866660328352262 -6.426983179625974 -5.950585196469328 -5.461658478500462 -4.975074063060814 -4.5029593992298995 -4.060903784404791 -3.686756210876279 -3.5100337028235633 -3.484044636760159 -3.5088390916622485 -3.5554378092395136
-6.472683336376087 -6.722904540992874 -6.986793557537942 -7.237867868447885 -7.4515989897932755 -7.620716771871266 -7.748963261944927 -7.835763360942972 -7.885126850121418 -7.894798388830534 -7.874739847243433 -7.8504287712778025 -7.878008543021329 -7.933009779460391 -7.973242810169722 -7.986506714154377 -7.975044506069796 -7.942732308842608 -7.8891459747297485 -7.817254936420813 -7.729911486147692 -7.641010193415234 -7.588908675210039 -7.580757799418162 -7.595651128951105 -7.61880677562685 -7.643882452331327 -7.654438022525106 -7.629606317705154 -7.569480440406895 -7.477022027099997 -7.186094339087978 -6.677828179584864 -6.170708031759262 -5.6688052349031715 -5.182511420673224 -4.726410148952511 -4.324390480775954 -4.001932811139401 -3.7970838017254014 -3.6993896215681787 -3.6734742028023333 -3.6934434437305463
-6.688682772405358 -6.946277368387863 -7.1993167385860755 -7.423971499048554 -7.6042118942908 -7.727475229081202 -7.797928752358944 -7.81812050197018 -7.787113093283078 -7.708782144784706 -7.601544040788212 -7.473067957315001 -7.492409304046504 -7.543506519543101 -7.588981985176349 -7.63011527342427 -7.669755534621101 -7.705363457931057 -7.720687568989556 -7.698548830516021 -7.65990569392488 -7.620018068598172 -7.602563691134231 -7.620023296403725 -7.6649029612957476 -7.724133731158583 -7.776243217769295 -7.793729968700477 -7.769321355169391 -7.698684556473522 -7.560971622587029 -7.272703267621827 -6.836263133699125 -6.349702705974127 -5.861991949864983 -5.394155257669233 -4.964052307265522 -4.594242667740603 -4.295665785650778 -4.078328808327107 -3.9402639210833987 -3.8729245331903757 -3.8605128944168907
-6.8865993535286165 -7.1469033524503445 -7.383220791481611 -7.582586746764036 -7.731272653382525 -7.814474223566924 -7.831642855468187 -7.79333272850875 -7.703597721114471 -7.5741580448267305 -7.429034290541625 -7.298376596462283 -7.237931276711927 -7.233110621891656 -7.258271716708267 -7.308314190091898 -7.386626350951701 -7.4922017384138195 -7.593315973539426 -7.606987939845885 -7.568262809145285 -7.5587329293944405 -7.57875410620869 -7.633885978648578 -7.714161434179894 -7.803071129546065 -7.867441360727959 -7.88656764206441 -7.850134452549791 -7.750930353534463 -7.571818536591068 -7.292695314398846 -6.9213477309972795 -6.48595885278495 -6.029299417356149 -5.590356772398976 -5.189050463530219 -4.844963910613259 -4.561949587266202 -4.339362279340572 -4.1791023304482255 -4.083782937605198 -4.043909415159668
-7.0969610202219515 -7.34931135056271 -7.568227619091691 -7.742941495717297 -7.861977968687846 -7.9090254703668705 -7.881689638761532 -7.791223681108622 -7.653061770502838 -7.484375468057829 -7.310561696832812 -7.15539483170599 -7.041490775868509 -6.976522044937318 -6.963291737447594 -7.000057895597569 -7.092482986719002 -7.249243211010218 -7.4734355716262995 -7.491715277783825 -7.414718704366756 -7.428085405671836 -7.490869168795992 -7.589110286844628 -7.71268016532881 -7.832290685357847 -7.917318134757834 -7.940431073453721 -7.8889440272721645 -7.7650820364932756 -7.568418080557919 -7.30259636981938 -6.9720242178448695 -6.585816546389422 -6.168114369430479 -5.76138057030997 -5.389094008223917 -5.068032992909209 -4.79841820748911 -4.575337217279719 -4.4042416100929715 -4.291783084989135 -4.232113073407739
-7.324103670414502 -7.569052623700429 -7.77421785382529 -7.927083397976631 -8.017041331587503 -8.028473353808426 -7.960133328800358 -7.822217283695535 -7.635851555366381 -7.422981676594539 -7.208465701792211 -7.01071460869133 -6.845356844703372 -6.7240492424526925 -6.662993756528389 -6.6659015030616064 -6.737296512432744 -6.878220282006541 -7.0576783754584795 -7.123542573248079 -7.122069023764287 -7.188616896317125 -7.31500588754869 -7.471869422581152 -7.641512348693656 -7.8040499718175855 -7.928832782042161 -7.96359223937851 -7.892867740174669 -7.748744134494672 -7.546933042358736 -7.298116795438208 -6.998158292839287 -6.6533338400661455 -6.2786058003660585 -5.903588518792293 -5.5595634299677315 -5.260692803953499 -5.004191747781075 -4.784077199788852 -4.610404951298379 -4.488908881067633 -4.41637134485835
-7.565471785215562 -7.807848398253974 -8.004105530945012 -8.138989892843318 -8.2018565406806 -8.181563459573809 -8.073188501426538 -7.886608594887538 -7.646794657520339 -7.381716895486113 -7.115549720263882 -6.864363190054999 -6.6419554347035055 -6.460015494575223 -6.339762285707019 -6.289745384783586 -6.312313803521882 -6.3995344818349125 -6.5186191496755 -6.62092233234392 -6.716352303238296 -6.85752515627593 -7.057944099733607 -7.27135938381904 -7.4883238108938865 -7.7019754693206135 -7.895582387627043 -7.955426901396493 -7.84721481969753 -7.691060845742795 -7.4971844869070825 -7.269223972406573 -6.9986363108202 -6.691579025848587 -6.358360416661766 -6.015885051565434 -5.699258669949351 -5.422404331816814 -5.179207679816941 -4.965736784780482 -4.795198175227565 -4.670725370203672 -4.5910886835893985
-7.8207083866583025 -8.06787648135078 -8.264324822178484 -8.390207007935722 -8.42995633692422 -8.375413035562753 -8.221837284777834 -7.981688736121407 -7.681825992937139 -7.356695767597858 -7.03075447917346 -6.718847101205488 -6.43381264914817 -6.186727323531204 -5.998164627659007 -5.883507631848342 -5.847113207196187 -5.884324668532421 -5.977189227876473 -6.104632275982364 -6.264568947855438 -6.470126181191753 -6.725701332489555 -6.991119140303168 -7.249405887832962 -7.496050764047515 -7.716760533587179 -7.79933698304114 -7.711478076329382 -7.577177192070554 -7.4108420610878465 -7.209530651494595 -6.971183662262765 -6.70100119080473 -6.406485753480852 -6.098141979493236 -5.808405614823116 -5.553477986589468 -5.32382629234248 -5.121314228632454 -4.957725016687102 -4.834871958364117 -4.752812097536415
-8.084681368205382 -8.35473619156092 -8.562790871978375 -8.687922791602363 -8.70742861785602 -8.611748922461455 -8.40469715026615 -8.102913564380966 -7.736548185519149 -7.345389200318777 -6.954911855533713 -6.578507922586722 -6.2275828239783495 -5.912775931981158 -5.650042425059084 -5.463701005205966 -5.365719249554625 -5.361406144156276 -5.443607681419844 -5.595166526716762 -5.797394493544713 -6.04503650472845 -6.339377643465239 -6.650403158766875 -6.939625255252738 -7.1978768636289745 -7.400587280746727 -7.501118952786076 -7.490639216043676 -7.410077091136878 -7.284697188372492 -7.118187745570519 -6.91566255037587 -6.682613684803805 -6.42546191854895 -6.1513230782280575 -5.887901527567422 -5.654527510465538 -5.43937456112101 -5.251726854365263 -5.097945623016926 -4.9802400098617285 -4.899516031633358
-8.335839494321078 -8.642534669509105 -8.886338972082633 -9.03186768017306 -9.038540011802487 -8.892086259366748 -8.616077767426852 -8.24172848254567 -7.8041287703771385 -7.344660020564999 -6.889383121718579 -6.449259217808417 -6.033216565689462 -5.650182896095427 -5.312189226420409 -5.047614052659994 -4.883530973720623 -4.8408983923553315 -4.918154241211231 -5.089586405509749 -5.325649547024498 -5.608716125979045 -5.931669493319162 -6.27606857903787 -6.59042828546724 -6.8599244282813 -7.067521006050638 -7.194149500712115 -7.236621208735512 -7.209380490896097 -7.126770479030112 -6.999448269721403 -6.8347055332459785 -6.638773385477549 -6.417773717818273 -6.17782456284171 -5.939468050825951 -5.726273695414063 -5.529404126837085 -5.358152342718788 -5.216336779077515 -5.1065053357535914 -5.030130653839874
-8.556856349454126 -8.90631644101311 -9.201102111466195 -9.397070611656126 -9.412130424325518 -9.20480856281134 -8.837456238840446 -8.381651577635193 -7.873366103634686 -7.349847268101505 -6.835557718025589 -6.338297858657968 -5.863487772330282 -5.416475042619104 -5.005209788001277 -4.650963002733403 -4.3999462292388225 -4.309147744433762 -4.39523504807922 -4.6020462731767084 -4.8751173014043925 -5.188887794997886 -5.533892265237309 -5.896546632869825 -6.232398185300531 -6.517405333025986 -6.741053663505034 -6.895026936722312 -6.977114032229329 -6.990645498929277 -6.948619991443254 -6.860176283390995 -6.73280673843 -6.572957113608838 -6.386560461760056 -6.1792148118739885 -5.966686899462225 -5.772013474614171 -5.595776863449407 -5.4419198470370365 -5.313693891266311 -5.213847396241297 -5.1442320719618575
-8.718852871608846 -9.113145883658724 -9.464876075219848 -9.752419346516492 -9.813886206859255 -9.495284986915243 -9.010440828905786 -8.473712191917247 -7.909631310031056 -7.338175184328543 -6.778752198386872 -6.236597849543106 -5.713903905643013 -5.212528150356885 -4.735269428906845 -4.2905167137190015 -3.921394823593909 -3.766793807130107 -3.906954043413181 -4.16963100597704 -4.477660967477293 -4.81320204834557 -5.171389466070178 -5.542791867405733 -5.887989930198149 -6.189311950947765 -6.431671982256045 -6.610308167328587 -6.718793731668328 -6.766127295834833 -6.759900703317576 -6.707291208368751 -6.615006154052719 -6.489133662767497 -6.33525789882443 -6.158530058709123 -5.971809230508583 -5.7983058881342755 -5.641122661772283 -5.504441510049707 -5.391006464841411 -5.302771391137057 -5.241835259568479
-8.794663699103292 -9.212962196154002 -9.595066376054959 -9.958263755494208 -10.189913890953989 -9.634511698749542 -9.06383877878147 -8.479257604993688 -7.883789115832254 -7.28785580925051 -6.702495951818929 -6.133893988413789 -5.582951757198797 -5.0500485437698135 -4.535093165186999 -4.0376888424545605 -3.559292398104881 -3.279573501730864 -3.5516733831266243 -3.8483273652353183 -4.166875431931319 -4.505888888177949 -4.8645386707752625 -5.23524802125923 -5.579418102889923 -5.887055905824381 -6.144843149807915 -6.337060902695373 -6.467854489411884 -6.543072380704647 -6.567433310397419 -6.546501442397874 -6.48593906614906 -6.391165118953458 -6.267248570516614 -6.1192144190353535 -5.959622608973527 -5.8075849146665215 -5.669391780155451 -5.5490020278095225 -5.4496838244713555 -5.373989934809825 -5.323252157082574
-8.7733277494064 -9.1776008021082 -9.525422113865119 -9.78911134103721 -9.819748937307075 -9.47186417597878 -8.956412518490474 -8.387365961467742 -7.793977616433088 -7.198472936463903 -6.609273024132843 -6.034992279304882 -5.478162870752469 -4.941185892287937 -4.427756123165922 -3.947053280555912 -3.5337759216183335 -3.3326444550350787 -3.439734209357233 -3.6754868378670627 -3.9622920698949864 -4.281345699599825 -4.626130607623894 -4.98604452880078 -5.321899151587914 -5.621095623514342 -5.8755722513860595 -6.078532601313662 -6.227863308513097 -6.325762847843173 -6.375716132839067 -6.382043557729072 -6.349396422318988 -6.282424077026796 -6.185976179892322 -6.069332981571129 -5.933072513539034 -5.801974312093966 -5.682635500566724 -5.578805621425873 -5.493660708158964 -5.429806762914771 -5.389311522633695
-8.663661930308592 -9.027958408954376 -9.310399981620083 -9.465923578987343 -9.429860765160937 -9.165467101406229 -8.73593811169171 -8.218331502558224 -7.655614303994392 -7.079728738071977 -6.503914881503659 -5.942881112247202 -5.400260027513404 -4.882383755251386 -4.399182113435565 -3.970075443849472 -3.636136079508515 -3.462139386548524 -3.4752902471836866 -3.6262858260286084 -3.8579668480361917 -4.14066589109431 -4.460485253936283 -4.799432158487083 -5.11347615446568 -5.392946144158475 -5.633881250943545 -5.837710811726988 -6.000707188488472 -6.116607320708752 -6.187535977537406 -6.216825160256247 -6.2082242507692325 -6.166538887529515 -6.10054983528362 -6.0095453869526505 -5.894232644376631 -5.783474385874147 -5.682731021038286 -5.595555734693182 -5.52501673912535 -5.473704259769539 -5.4437500009235285
