_RESULTS/CROSS_VALIDATION_POSTPROCESSED_80-20/Berg/IZ/5comp/4/Berg_IZ_z_500_kriged_reverse_5comp_spherical_4.asc
ncols 100
nrows 90
xllcorner 5.6208707817415728
yllcorner 50.959635321741573
cellsize 0.00013419651685393446
nodata_value 1.7014100000000001E+038
[rows 36 to 53 of 90, columns 0 to 41 of 100]
0.08121609677014482 0.08867471421214126 0.09828715144270153 0.11022244847521451 0.1245864958550434 0.1413022848635015 0.15991942797646372 0.17937162220058664 0.1978535794885385 0.21320031132703665 0.2238093038369238 0.2291278100859274 0.22916555355989052 0.22446491181410694 0.2154734416961649 0.20254892961186244 0.18672422880017636 0.16917973058556085 0.15108495375449876 0.13345431017223894 0.11705307188541322 0.10237018367338158 0.08970162616534501 0.08078251248582614 0.07573682560880811 0.07399465745999995 0.07509366018452407 0.0792102714087221 0.08642204274649479 0.09714928807445973 0.11236077116196029 0.13256896627211437 0.1552016626937385 0.17901986706588136 0.2028878765186679 0.22536443918680357 0.2471833737202783 0.2669289738554929 0.2818691591976687 0.2879297370046953 0.27670525851133576 0.24995691282419583
0.08106453407182454 0.08692824064324296 0.09448686398828156 0.10374748510100892 0.11464167040216713 0.1269423146649112 0.14016167539654634 0.1534676832460891 0.1657100317462653 0.1756550311378698 0.18236184323499924 0.18524952921392 0.18427800290530152 0.1798551185534433 0.17256343876669517 0.16282257244454898 0.15101736499511784 0.1379810449806079 0.12452422891779742 0.11135115453151999 0.09900698815999784 0.08786089832204098 0.0781202540083637 0.07064878859070793 0.06647672174426615 0.06515035773869991 0.06631124382132852 0.0700602858306 0.07631016271584136 0.0854585803214907 0.09826525100147143 0.11466387583363254 0.1329127835097275 0.15144288464707348 0.1691805167590833 0.18479783139015396 0.19880893148528003 0.21085644879244667 0.21955410509405635 0.22225571763232482 0.21341327478679167 0.1944869094862321
0.08156809268992204 0.08596631680453476 0.09157584429177335 0.09841644573510393 0.10632525684452704 0.11502729611117651 0.1240890461595595 0.13290117525396308 0.14072736110615106 0.14683771446118235 0.15064475859312473 0.15169641026192857 0.1500194937990634 0.1459092866396583 0.13980999066771624 0.13224199824026708 0.12342458357937776 0.11371118638593139 0.10367156652805146 0.09380389406975463 0.08450359360849348 0.07605272219701817 0.06863098950537226 0.0626609525579001 0.059392462293869186 0.058468529243177414 0.059703207782727995 0.06311258046445002 0.06859121299137944 0.07650506100726254 0.08697629139178495 0.09935151798036404 0.11347318739655876 0.12781866882957296 0.14092676339035484 0.1517271488316367 0.16034961492892796 0.16731186037506965 0.17188722316377752 0.17183160074419485 0.16363222796701873 0.14903002260791667
0.0822784024837729 0.08599065351904069 0.08980708137447573 0.09446489185779507 0.09981580882806149 0.10558955011665684 0.11143206080236388 0.1169100440752902 0.1215510190668538 0.1249178236821751 0.12659889860803078 0.12632433693022166 0.12415601350672881 0.12031793540766171 0.11514107699496581 0.10901189005143291 0.10229067181841374 0.09500843944271986 0.08747690756032273 0.08005349970208238 0.07302954934018663 0.06668100963169529 0.06137654926259158 0.05711862288444217 0.05445483009767466 0.05380902783400963 0.05510076414342327 0.058208708548508986 0.06311300990129691 0.06989271161361336 0.07798104089579087 0.08722803013883348 0.09741500605802134 0.10808183794866959 0.11771832320098821 0.12516492900771076 0.13015360780875496 0.13340368489792176 0.1347144569115681 0.13277585079240806 0.12530056191501157 0.11375708697778893
0.08318992762184425 0.08644343436627337 0.08935935523136107 0.09206874228267173 0.09518839961281632 0.09853331095548837 0.10182698812959592 0.10476680559363995 0.10705047228433479 0.10841193159013972 0.10853692800797238 0.1073079336625635 0.10479568274724536 0.10117478442589634 0.09669049087897819 0.09162408938172846 0.08626350013140022 0.08074529680459 0.075053776651087 0.06943901612181458 0.06423348514474957 0.05983760285925713 0.05626115422399596 0.05350260686819531 0.05149170617120705 0.051043775100505576 0.05236757332943398 0.05524736984230408 0.059594870950595 0.06493770514597993 0.07113109802449039 0.07798652179927869 0.08522190696823323 0.09245385650668213 0.09914290523195314 0.10401991719005264 0.10623676736687272 0.10668659841731923 0.10577779210626538 0.10273323885346022 0.09599440602508039 0.08677591707158464
0.08438022443648624 0.08717786075440764 0.08950662894997972 0.09126791020535564 0.09249150747835089 0.09374163540278149 0.0949365690715431 0.09586704318227672 0.09633976062045188 0.09617804138363162 0.09514882827584062 0.09321738003064552 0.09045426754753055 0.08699550906196839 0.08302166691290722 0.07873544789178386 0.07434233442463802 0.07002202575886673 0.06568567691299676 0.06154411036278597 0.05803282665734036 0.055173161124340515 0.0529755106863518 0.0514568076394965 0.05041674699153414 0.050162917932172854 0.05146681976095331 0.05400133778296324 0.057409811757571164 0.06156688466515465 0.06628794892754909 0.07132527403774502 0.07637030039074388 0.0810626496207773 0.08496683603725574 0.08738477149706075 0.08759156491139518 0.08597756134214048 0.08348453799523733 0.07976929759014958 0.07370283175758881 0.06627607218994538
0.08592518480206653 0.08826961574427082 0.09000833112758674 0.0910770128877768 0.09145185591381666 0.09113856274544643 0.09050424919682722 0.08975412216379912 0.08876060356264767 0.08738776027623225 0.08546239874148978 0.08298663875822265 0.0800222307975128 0.0766719273605836 0.07306617776190037 0.06934891095217773 0.06566527798568064 0.06215288317035057 0.05890903425535543 0.056176320950717305 0.05399663533543547 0.05237872864124775 0.051347804150288084 0.050919224019564245 0.0508900814064567 0.051267970791357115 0.052144658664918186 0.053942203709318085 0.05655354597908394 0.05978304799944048 0.0633700463745003 0.0670204657769315 0.07041890576199938 0.07321221307997386 0.07478770108561454 0.07486411577139195 0.07339300805784502 0.07047455022879846 0.06683718202903616 0.06262154490107749 0.05702306824050066 0.050908269633970604
0.08790098023298705 0.08978844370028374 0.09091567807209065 0.09126904597857963 0.09089090683247582 0.08985158338287838 0.08823080500436292 0.08612166960266776 0.08385698305088321 0.08145879551455969 0.07878821486657478 0.07585499000319043 0.07270450320440895 0.06940875491281465 0.06605779835585805 0.06275075910479579 0.05958824773530663 0.056698193350206746 0.054520809091327324 0.05291818995142506 0.05183760607944539 0.05129840794290506 0.05134013060156431 0.051968689747134214 0.05279181529054128 0.05351076572810241 0.05405821066163524 0.0551647543047904 0.05714842480348064 0.059680614015154905 0.06239698512551787 0.06496800824281809 0.06708195451463513 0.06818472768469162 0.06793425300548843 0.06627613404344905 0.06329777433683056 0.059224856640754234 0.054663640666407 0.05007063987028056 0.04475464833428999 0.039559817800017355
0.09038690422062413 0.0917998687702222 0.09226316529192691 0.09184364963604058 0.09067444557214542 0.08889983914812019 0.08664873958155855 0.08403074070073857 0.08114185316815535 0.07800783785310862 0.07467232474757575 0.0713133167046166 0.06796397379068973 0.0646663654966003 0.061476403412697486 0.05845798458850539 0.05567825576498906 0.05348402558110317 0.052173158469727574 0.05152776064425689 0.0514322417494545 0.0518886172936613 0.05282004360205591 0.05413982057790422 0.05541733410860219 0.056384603962572666 0.057082288074159555 0.05788701440265112 0.05947101795919338 0.06151272686303399 0.06353815046741164 0.06522071174463294 0.06611501506537247 0.06572073394246318 0.06396423776044596 0.060915673504077325 0.056772106662594954 0.05182620707124203 0.0464403697918033 0.041251545357447066 0.035895511923129765 0.031131970256218774
0.09346875678785281 0.09436398653017358 0.09405920279143214 0.09276236545234144 0.09073634499946959 0.08820569573081277 0.08533638826882031 0.08224842923670468 0.07903347534264722 0.07570174209201806 0.07225073477149781 0.068771207311027 0.0653488219151892 0.062061831319649007 0.05897913932986275 0.056159253000046115 0.0537442025663498 0.05220779715375944 0.05155988362841442 0.05164892826264955 0.05225514102692398 0.05337152030106346 0.0550010006978108 0.056991005373776334 0.05875455976116432 0.06014116544674014 0.06103634443382119 0.06211013554906199 0.06416509203862907 0.0657779124045374 0.06716439463981685 0.06798175250653178 0.06759230854450039 0.06580108397802531 0.06265451787032011 0.05834508113914673 0.05317353149579064 0.047493996909321996 0.04165895380448464 0.0360217654467389 0.03061316474648612 0.02551441593281871
0.0972426185784738 0.09752504607377463 0.09625752756636384 0.09392132721336878 0.0909585612072595 0.08766045101692392 0.08420095630049428 0.08068638151924666 0.07718840855365817 0.07370090217484454 0.07019971435448161 0.06675442142749671 0.0634303847304997 0.060287160551625814 0.05737746400608356 0.05474694194444619 0.05278144584709717 0.051752955891857445 0.0516185168602386 0.05230030967953635 0.053560665501305366 0.055396915903581444 0.05777548950062808 0.0604185082618649 0.0628937427307728 0.06507136353608958 0.0669471699878217 0.06899665103655524 0.07138315528529726 0.07314464060204186 0.07389604389238635 0.07363984859294943 0.07189423039671743 0.06862946091774362 0.06401466437810154 0.05837806285317617 0.05213358611690566 0.0457033817406957 0.03946243122109147 0.033722032851072545 0.028694150685982342 0.024557380331563572
0.10181899088546705 0.1012670475188575 0.09868021537993868 0.09510166793375739 0.09115446087959712 0.08712430919598081 0.08314123461089983 0.07927033783514187 0.07555048621598912 0.0719607640334786 0.06844845319314004 0.06506224936465634 0.06185009932332463 0.058856251825874284 0.05612057211646656 0.05374857005103649 0.052266875505691285 0.05172608643854613 0.05210586814358963 0.053383882489343656 0.05533618713480596 0.057891348565129445 0.060924070506400634 0.06435494700223664 0.06777371747723487 0.07106743093888014 0.0742582042483306 0.07746183497097048 0.08055336640085824 0.0829799661774394 0.08411211502038002 0.08303443071082485 0.07972410571887467 0.07470848928906373 0.06832637718597394 0.061080391722673516 0.053522588746692204 0.04614838480998924 0.03934547433539516 0.03339753319250432 0.028513677104021806 0.024466007305433114
0.1073273345565287 0.10530513723841987 0.1008324068128496 0.0959139879367736 0.09107336178258685 0.08644417412636445 0.0820630432203124 0.07793994137035652 0.07407879272861288 0.07044993877306766 0.06697317071780791 0.06367690679500641 0.06059549956634444 0.057761578451654264 0.055205502659788436 0.05318568290895838 0.05215899735231121 0.052093818151546754 0.05299471098523472 0.05488129917158069 0.057439238252274524 0.06057929412776142 0.06432044144648837 0.06865132289287612 0.07319318228215119 0.07780576143041129 0.08246306481297651 0.08709889591491443 0.09145659316518599 0.09501046765221086 0.09685024071944402 0.09581401073403181 0.09171123064983186 0.08490432581520062 0.07622415396325971 0.06680498721160934 0.05745602211325766 0.04874774599003313 0.041047679093481344 0.03455359652478683 0.029340237723523222 0.025216779819466854
0.11392037118338881 0.10800045115874621 0.10168361329957319 0.09585202663423892 0.09047082941142057 0.08549959370708247 0.08090514121820064 0.0766626013918446 0.07275491500475881 0.06915417606948196 0.06576389951933863 0.0625918003875592 0.05966323656556604 0.05700312962174782 0.05463811958615994 0.05302238325372573 0.05242945720504155 0.052833169386934054 0.05421615668412195 0.056542488347269354 0.05958836551454279 0.0633265439511821 0.0678091764993562 0.07309256711630513 0.0788800875581272 0.08496617827800475 0.09129769829773415 0.09772981823579208 0.1039221590299393 0.10925727739661642 0.11228517833355496 0.11165310445934194 0.10693652463226438 0.0985424793098957 0.08766262675686684 0.07578229378834699 0.06416447435973288 0.053627952062520676 0.044578547403002676 0.03713186710226725 0.03122628461790487 0.026690150157873
0.10904573114608068 0.10591028601984102 0.10034114716711241 0.09463518091218817 0.08925392939733205 0.08426459601597015 0.07966641486821631 0.07544581718055189 0.07158868172355977 0.06807931678690134 0.06482622590301919 0.06181288380099439 0.05906044654822256 0.056589963011314214 0.05446079191637547 0.053237114411989445 0.0530130182777934 0.053742287339020485 0.055444598276231855 0.05815626780967533 0.06167069163285615 0.0659909520904975 0.07120426206219527 0.07741751853057106 0.08450709240604275 0.0921708364524072 0.10037088671674314 0.10896300916065506 0.11758806453121812 0.12548185091074043 0.13058000656510108 0.1310727985849619 0.12589422961020758 0.11540142013022607 0.10150367058957369 0.08655363104600829 0.07231104192379319 0.059720134433220176 0.0491221767554611 0.04050747633866468 0.03368934918581881 0.028405991233229518
0.10241188350562605 0.1007995687062328 0.09696574372750734 0.09229240661893709 0.08747666680514575 0.08280855194992195 0.0784119994335965 0.07434134103345838 0.07061977286476227 0.067252240237037 0.06418201596370486 0.06135675779687682 0.05878798855302611 0.05648463225656705 0.05454800938195233 0.05356163696849629 0.05357097675306017 0.05455996063104648 0.05656611103044164 0.059634043348537835 0.06357096027443812 0.06842042996234154 0.07430334541174628 0.08136964048373027 0.08969056346053236 0.09893898665064647 0.1090939442512882 0.12009134420812323 0.1316658126014074 0.1429786391890875 0.15149479168164115 0.15451606233505827 0.1493573106541508 0.13587948416537118 0.1176110115941339 0.09858121103331358 0.08113908333408537 0.0661912285276811 0.053876575771770595 0.04398971282438403 0.03619453345165833 0.030128161966677763
0.09623018709617082 0.09521922491816874 0.09254858753451387 0.08891880623422857 0.0848905083246571 0.08079994841611161 0.07683183551290633 0.07308564011854779 0.06961420420511048 0.0664444861754997 0.06356869417081372 0.06091648539853756 0.05849754044930283 0.05632612789421455 0.05456084411586541 0.05378475307891918 0.05401111312428466 0.055238265984493315 0.05752006723017498 0.06089175732722984 0.06517829490888868 0.07046663786719053 0.07690585476784227 0.08468283224398297 0.09401256894572875 0.10470453627321329 0.1166939739756575 0.1300559841868404 0.1447448840865668 0.16009150093066352 0.17363452737892224 0.18187871251089371 0.17821125289635348 0.15980810795169406 0.13497941361208846 0.11087542314094742 0.08993486697005178 0.0725830449527093 0.05857068129869236 0.04743900363143666 0.038692696787033735 0.03187002302700007
0.09050284404409914 0.08980161365811695 0.08786173706618249 0.08505616536099989 0.08176680211586272 0.07828467600251882 0.07480385777921135 0.07144634400495675 0.06828664709905126 0.0653692873574276 0.06271870622242535 0.060285697914385955 0.05805726424686096 0.05605369978845992 0.0544715808800027 0.05388751706655445 0.054307394383830365 0.05574217791661595 0.058259450394905356 0.061857272827378684 0.0663969675562094 0.07200060511115408 0.07883554168759403 0.0871124779966086 0.09709212454586397 0.10889493728687791 0.1223280823555901 0.13757826570152423 0.15483808068790922 0.17378426554767623 0.1927993954048958 0.2099866671740245 0.213399615972164 0.18412709520316276 0.15053410903635456 0.1215372403834051 0.09762720877799509 0.07830362975812721 0.06288899689187855 0.05070624177498669 0.04113879113915744 0.03365294141198896
