_RESULTS/CROSS_VALIDATION_POSTPROCESSED_CLR/Berg/GZ/3comp/5/Berg_GZ_z_90_kriged_reverse_3comp_spherical_5.asc
ncols 100
nrows 90
xllcorner 5.6208707817415728
yllcorner 50.959635321741573
cellsize 0.00013419651685393446
nodata_value 1.7014100000000001E+038
[rows 19 to 37 of 90, columns 0 to 42 of 100]
1.131942811315224 1.10067064954402 1.062182886872896 1.0177531883923228 0.968698204060224 0.9163824817662125 0.8622260222007732 0.8077156585239019 0.7544205394692829 0.7040092454638538 0.6582603547476928 0.6190490869100775 0.5882822330160848 0.5677505110046787 0.5588875943484731 0.5624789790745882 0.5784282692339877 0.6056995164756177 0.6386432731379064 0.654546764962371 0.6492386718782304 0.6218461620530684 0.5720296831054582 0.5014157972703877 0.41053437884117794 0.3254335388319274 0.2791685055259412 0.26946529268940544 0.2935723969979198 0.34895333858915434 0.4195822471062636 0.4863825096929948 0.5502328803076203 0.6167658728549418 0.702824922870715 0.8339256144039382 1.0499527163115148 1.3712224565737436 1.763131615715896 2.1728249840621143 2.5555088607817327 2.867870045056949 3.066623370665707
1.1094713036073782 1.0714645505150826 1.0261276291642325 0.9747467623290184 0.9186540785797622 0.8592323736143838 0.7979236692031907 0.7362446987674668 0.6758127105755714 0.618383080746176 0.5658936365506899 0.5204958813900783 0.48452874475782926 0.4603649845167095 0.45006855508434773 0.4548962193981372 0.4748466229925661 0.5085357733324357 0.5515203454620001 0.5809515989958058 0.589894378438225 0.5771063450921827 0.5416987875450222 0.48362159593015464 0.4050819901425091 0.3355942950060349 0.30624013121673976 0.31450450657050766 0.3580738433894948 0.4333768567685552 0.5147489950425694 0.5955947550501812 0.6796776896362479 0.7750163891567765 0.8967270876035961 1.063319685538838 1.294380408454596 1.5961790039993764 1.9517672915340116 2.329155631063326 2.690697487471947 2.9933201710376327 3.1832422189504856
1.0844466633018313 1.0400310631370397 0.9881388371655365 0.930065166041095 0.8671524216333094 0.8007925801204132 0.7324332919144851 0.6635929205296309 0.5958924419581826 0.5311132717379051 0.4712862021042521 0.4188001270918045 0.3764773575693212 0.34748705955014914 0.3349046587134705 0.34084115825027883 0.365503809042385 0.4069049874842814 0.4610731100150107 0.5067737784741227 0.5324318634052155 0.5364290207120791 0.5177515166876387 0.4759125555332342 0.41198153603659904 0.35824874743322943 0.3442888007715381 0.36892808817768774 0.43026182623468445 0.5196610293908239 0.6109123121584601 0.70418655069857 0.8037379315495412 0.9165229718987296 1.0591339218915563 1.2428064299111123 1.4761134643458018 1.7613669308585473 2.089297573513882 2.441240809989345 2.794339280815027 3.1147791796580218 3.326566291445366
1.0580144519926598 1.0075947613166343 0.9495284545036533 0.885119373411339 0.8157198432809586 0.7427283487868448 0.6675882570702606 0.591794362551669 0.516919898249085 0.4446834749509472 0.37708023495897525 0.3165957236879511 0.2664786187990438 0.23090807093103471 0.21460799881478132 0.22135663165415775 0.2518443520753266 0.3029080818837051 0.36908742944246686 0.4338034634831658 0.4784604591293866 0.5010735144228166 0.5006484737284324 0.4768585384606632 0.4304217237687986 0.39220174304899613 0.39144188219489284 0.43004336618788885 0.506412600069084 0.6045679644273304 0.7034326415624196 0.8055883612269165 0.9150052244379524 1.0370252126237212 1.1840836249712154 1.367960038760288 1.593259551026641 1.8580550113834273 2.1566692681309036 2.4808643124928453 2.823499368922401 3.168876703638089 3.4722125915909823
1.031278592756199 0.975341481475755 0.9115726753021501 0.8412885148636075 0.7658583233770827 0.6866959272171483 0.6052461367870657 0.5229722500790056 0.4413599782452857 0.3619668904912845 0.2865643315107156 0.21744042616654946 0.15794447153286906 0.11324779854533706 0.0906708902340807 0.09754104957090282 0.1357995783526713 0.19961608483069493 0.27992008169512417 0.3644544732965991 0.42991634359338504 0.47237262772807287 0.49109792868138336 0.4860801553907125 0.4583576350360328 0.4364405396500821 0.4460665532064072 0.49551016137330073 0.5831606218970405 0.6856620940609408 0.7889806180351256 0.8956113840550669 1.0088005791106456 1.1324665806448744 1.2747964999041266 1.4465837669647479 1.6501485634823847 1.8844144242181122 2.145172994138387 2.4298522067235413 2.7296268252781823 3.0324104934088023 3.305347419685698
1.0052863946716362 0.944400714803438 0.875489673294433 0.7998895561276558 0.7190019343277212 0.6342804256764636 0.5472026741728977 0.45922908020162856 0.3717619852215084 0.2861389632513396 0.20372129606862033 0.12618341690225776 0.05621565219408953 -0.0009135450671429179 -0.03463081727476314 -0.029408597998917596 0.020611185918870678 0.10217677244720225 0.199375145023289 0.3020184601340721 0.38908410432388507 0.4516770370175587 0.4896413245894685 0.5034101869855464 0.49406288828810574 0.488373503409272 0.5068966741649845 0.5635305884772792 0.6575096390944435 0.761432738379045 0.8657232860982539 0.9723504949455923 1.083652056231061 1.2021388843511795 1.3328502042120445 1.4852684725883976 1.659935443256483 1.8542169456008952 2.0670617318591873 2.2926462551102915 2.514414551931347 2.7017451457045496 2.7884349198990477
0.9810141391621272 0.9158295933873604 0.842419938549444 0.7621496708533321 0.6764735783835808 0.5869252204559404 0.49507866836729 0.40247484250299936 0.31051806661971115 0.22037666011584744 0.13295375040982949 0.04902238396816805 -0.03029881832685133 -0.10207334836462345 -0.15590006351275787 -0.15800338386186485 -0.08599664722235945 0.02010915441493566 0.13516506243302562 0.25121707604839005 0.3583299026116531 0.44012022038223475 0.49649430437235786 0.5283366214011032 0.5367730460233928 0.544558796275426 0.5730847615611279 0.6329272025123693 0.7287475474274488 0.8312889608042556 0.9331720070070072 1.0357351919236821 1.140382045349212 1.2483415055058686 1.362390925068563 1.490571839672699 1.6319649789583672 1.783830210764772 1.9457165395518206 2.1051530397176115 2.2410476387379896 2.3193048578842834 2.2970785540392367
0.9593537790706969 0.8906002381498711 0.8134133734033889 0.7291894084005449 0.6394496819388112 0.5456951514065131 0.44975215562924364 0.3535340228141315 0.2587295885637708 0.16658202374853537 0.07772309777525965 -0.00783542569106288 -0.09053661749565922 -0.17091774119175285 -0.24864772015285364 -0.28208947383252747 -0.1593059047291756 -0.030678768705918902 0.09639671940323558 0.2203617503344908 0.3393900849075062 0.4381872710845618 0.5113006544602626 0.5598739578051806 0.5851958360913849 0.603589087130711 0.6417972160827048 0.703130420581826 0.7968868269208498 0.8954056006899915 0.9918779654411393 1.086998811514305 1.1813067643985136 1.2749368781355388 1.369135846197525 1.4706515850599375 1.5773546767879132 1.6892617587026733 1.801888165770577 1.9007377756919452 1.9650859160950658 1.9669963930876835 1.8834780620410658
0.941100095781509 0.8695677866403649 0.7888034754030612 0.7002380240266538 0.6057806194440323 0.5075229472278325 0.40773748244885377 0.3087830778512288 0.21285378732159987 0.12159252050179026 0.03577515043704382 -0.044647647399876256 -0.12002645143549273 -0.1897870342644723 -0.24753052886392068 -0.2509544781050215 -0.1582551665700589 -0.03658736175262711 0.08903656891017953 0.21324167800198834 0.33377193622390866 0.44522454342536943 0.5328838878872401 0.5963266150273766 0.6366812027131901 0.663599316719961 0.7078476797557863 0.7725334878969718 0.8613635587074906 0.9538942408195974 1.042862921704133 1.1281703839615174 1.2095619872934618 1.2865150061677586 1.3594277730481876 1.4340539476185632 1.5083345666212542 1.583885111679833 1.6528667541399358 1.7020777290356244 1.7142874778425816 1.6694316157273188 1.557552832910452
0.9258911070682609 0.8504397561086834 0.7654116900024375 0.6725944647444057 0.5739757840424042 0.471833884973476 0.36882696006599347 0.267988235901917 0.1724377513152182 0.08469761347220528 0.006014085674401093 -0.06347074950800424 -0.12338553393564022 -0.17070530295657282 -0.19528577719285756 -0.1766995494955219 -0.10594743429953035 -0.003340500543275171 0.11126171135762708 0.2292278221369881 0.3457773216699618 0.45769726372646025 0.5558715321269345 0.6306466142973058 0.6833411920108406 0.71790852831819 0.7642777620609795 0.8303982912528212 0.9170418967362399 1.0021644580051734 1.082598553860036 1.1577217792660779 1.2264554441891518 1.2870771488718402 1.3387171603574988 1.3859351922419834 1.429672549066689 1.4720394850149061 1.5047414544497781 1.516743410607233 1.4949895234545512 1.4262369614528232 1.3095758533082944
0.9107945533707942 0.8320065131206235 0.7436176286529577 0.647403582199198 0.5453629541766405 0.43987146752002504 0.33392295902690505 0.23138937958506012 0.1369068074963926 0.054650155295017155 -0.013547262308304164 -0.06809763118510825 -0.10910619097421081 -0.13380676233028743 -0.13529909038011279 -0.1048665957799042 -0.040239221400288905 0.05023119208320592 0.15436203986489505 0.26206391014141794 0.36916917428639917 0.4736585692527737 0.5734967757996718 0.6577787623606909 0.7211356551729267 0.7648912516662102 0.8098917853920008 0.8742857072608837 0.9591919729277834 1.0403534948114466 1.110996207406564 1.1749225518549387 1.2297988548799934 1.2720366383287829 1.302681864300017 1.3260752461761578 1.344856788741051 1.359761107073627 1.364609734927733 1.3509140265539274 1.3095936579541476 1.23269858167104 1.125144407686766
0.8963059425051702 0.8152009517781197 0.7244976037672181 0.625920342579415 0.5213850187777409 0.4131756805257345 0.30432395293178804 0.1993576296110009 0.1051686116724535 0.029451918436706137 -0.025282553419085918 -0.06228771670697797 -0.0839978621165065 -0.08925369125107463 -0.07424438330486027 -0.035109241583281436 0.02849717540334784 0.11047734954520161 0.2035532855363431 0.3015308881719583 0.3995826742774049 0.49502727945578995 0.5873952346392307 0.6748854309832676 0.7473885941959391 0.8012578219842451 0.8445316148294655 0.9041826787881396 0.983869996326209 1.065340391627808 1.130023351020028 1.1798354147490278 1.2171933054758048 1.2404035546731613 1.2521539969399478 1.2557460694092402 1.2560804313248797 1.2515724263163455 1.2362832055667416 1.2058457099456033 1.1549294723087138 1.0793504857167184 0.9866123724593365
0.8823837018128045 0.8001624122109543 0.7085554111505247 0.6091504639925288 0.5035951906620544 0.39383279730160314 0.2825421180391099 0.17379252181378257 0.07642415235904765 0.007241531403330059 -0.02967932782119931 -0.04714298744942447 -0.050743202045470115 -0.04000478193906343 -0.012581907761528122 0.03305892099626817 0.09451510452324019 0.16919303999983493 0.25317956082261817 0.3421148507737011 0.43206825552159733 0.5198105390222545 0.6035657821036835 0.6837915689522879 0.759204624425118 0.821830379614064 0.8681514968148006 0.9202385853032338 0.9914747727847202 1.0713912167700306 1.131428332887612 1.1705870866260657 1.190967602706174 1.1963496448566624 1.1916992665919466 1.1789475364366637 1.1643973921591544 1.146123570532905 1.119441050548185 1.0797298368186021 1.0253456317089928 0.9560157064035202 0.884851389731518
0.8650981649496672 0.783050379833697 0.6921940848151792 0.5941104186746144 0.49036798185533437 0.3825400781163395 0.2722577319431838 0.16142962024590335 0.054376393154135005 -0.010542309356506019 -0.02112701644185999 -0.0201007249022096 -0.00906579345110714 0.013773193285711693 0.049691795863832544 0.09709580179214483 0.15586577313375272 0.22467192239467693 0.30095961752288347 0.3816238792736988 0.46357811494322254 0.5440519496631203 0.6206643060122136 0.6925253076224972 0.7606319984623674 0.8238969252124874 0.8780066737974191 0.9228366128093054 0.9828701047384062 1.0540948473851597 1.1082545607796337 1.141029301770157 1.1524776465062503 1.1436864637594242 1.1249356102277661 1.0987644773837575 1.0723125387384815 1.0438895356436146 1.0100898395518072 0.9678159188468733 0.9148652310604564 0.8592544435388625 0.8114221393962131
0.8440553739025024 0.7633846272518919 0.6746896374939492 0.5796532742243229 0.47995946859542493 0.3773151882275241 0.27352420342075856 0.1708196679998153 0.07449901293552652 0.01873561917282851 0.013478625153772406 0.022378408901107205 0.04174820318830741 0.07176180063230109 0.11013808854595397 0.15718334054974026 0.21293156495244592 0.27639347052036234 0.34574682772083 0.4186950110724712 0.4928186350687189 0.5658110394071764 0.6355821780867196 0.700266271475052 0.7602133380690524 0.8163389838229709 0.8675500735903132 0.9120502373066371 0.9553673733618249 1.0125867779537971 1.0610570901113063 1.0878558408985806 1.0929564984279112 1.0796697733875602 1.0538567311256521 1.0174608385031276 0.9814062502673989 0.9454031057869192 0.9070833035719066 0.8645035854120106 0.821042382428156 0.7838024003460778 0.7571117179350777
0.8193924387899372 0.7412045608937519 0.6559580291165494 0.5655382871928513 0.47192641581141626 0.3773147702992192 0.28442324033344946 0.19747529604657177 0.12503182768166687 0.08157158467925751 0.06998047889514725 0.07822135016627874 0.10011523476155326 0.1307554975887706 0.16865601373892858 0.21386873961251185 0.26603695653984083 0.3242283079828312 0.3869899873491045 0.4525289323415236 0.5189187278067544 0.5842621431301314 0.646781400472075 0.7048408340654922 0.7571061777256329 0.8054220963602048 0.8498149711933142 0.8851942631401268 0.9112712921131376 0.9483054133686319 0.9901567586647597 1.0115674512008022 1.0114900012506616 0.9963350612415953 0.9686084797348579 0.9302679002898615 0.8907296023459723 0.8506096945533528 0.8094064535013787 0.7693582920031711 0.740006842410391 0.7219518593365601 0.7155680204845284
0.7909848596782058 0.716200983861449 0.6354200633649066 0.5507682573525985 0.46456877307174294 0.37950564572962087 0.29895365115869543 0.22758569411937968 0.17191787464065555 0.13856619352912736 0.12899196125246393 0.1388031384371744 0.1604358157690291 0.18904289940488295 0.22487710897827906 0.2672277317811258 0.3153258298676045 0.36815789598566795 0.42443891925463806 0.4826865138072107 0.5413331787887533 0.5988281017570024 0.65370100874454 0.704579733363982 0.7501655790998557 0.7903267737001344 0.8251367715456637 0.8494782781826764 0.8653402863933249 0.8768156226025012 0.8992483347873073 0.9130552713086634 0.9099816639678581 0.8943748076551183 0.8661599119444469 0.8271602019053541 0.7871801069212517 0.7477187167298235 0.7088137032065864 0.6794821525685897 0.6650145274956475 0.6658134949728132 0.6835359295631823
0.7585182545788428 0.6878288278376059 0.6121900210279806 0.5339361564058968 0.4556544053133864 0.38031860229684433 0.3114601260207819 0.2532860420588634 0.2103788240505995 0.1863908025458183 0.18221807273772184 0.19486508431326732 0.21678146750148497 0.24482196595777062 0.27803664594740773 0.3170429296933237 0.36080310184854447 0.4081964492916752 0.45801251202509485 0.5089691656116716 0.559767493354087 0.6091512112971027 0.6559467435710444 0.6990697160541601 0.7374922608996664 0.7696604039278282 0.7922516577493286 0.805366418529986 0.8118472638264578 0.8130493786449371 0.8102205777953008 0.8112608094992454 0.802434996295442 0.7831101173873435 0.7529704153644127 0.7128633450017143 0.6723152275786255 0.6339779293362876 0.6014564446496533 0.5867883840955993 0.591254849703789 0.6153163346830466 0.659623799231138
0.7215818069874562 0.655454623060907 0.5853157166911818 0.5136312172676134 0.44313318945720725 0.37690194589696824 0.31839127225459785 0.27128720123590266 0.23903955016674727 0.22402749114790277 0.22675515914453936 0.24223572085440281 0.26566172339734173 0.2947485080380243 0.3273589579411966 0.3630376172149832 0.40244521681897116 0.44440616753794027 0.4877579120673412 0.5313633319663628 0.5741358454512406 0.6150754077896722 0.6532953324014111 0.6880218651740456 0.7185518714954886 0.7409269694415751 0.7511449571229314 0.7531420140671161 0.7504807044033455 0.743579862293826 0.7316175241811421 0.7183466263642948 0.7054264935005361 0.6830733437964248 0.6510839263056797 0.6099018052655409 0.5683567613991862 0.5310278300761119 0.5080013731925795 0.5070573040560307 0.5291472908537811 0.5756827446434325 0.6463805419754189
