_RESULTS/CROSS_VALIDATION_POSTPROCESSED_CLR/Berg/TZ/7comp/3/Berg_TZ_z_90_kriged_reverse_7comp_spherical_3.asc
ncols 100
nrows 90
xllcorner 5.6208707817415728
yllcorner 50.959635321741573
cellsize 0.00013419651685393446
nodata_value 1.7014100000000001E+038
[rows 57 to 75 of 90, columns 0 to 42 of 100]
0.34434043167303063 0.3386777926869533 0.3442148007422382 0.3604102005422021 0.3861820854916491 0.4201263671062131 0.4606990475719125 0.5063309212323883 0.5554793456572769 0.6066383151113544 0.6583288341723315 0.7090852122661161 0.7574454949976573 0.8015777056538529 0.8383105757108718 0.8617345256716781 0.8697555148124331 0.861707346255781 0.8430731029936426 0.8176463064342602 0.7855802433492622 0.7470614061235354 0.7026835725866565 0.6556101107337271 0.6071727390867191 0.5582312790820202 0.5097371974303652 0.4627610260774794 0.4150964924728 0.36594525635295017 0.3115784488197789 0.25631862084892865 0.2059743523284484 0.1637356540053868 0.12857180288282877 0.09722250746189953 0.06680153754686868 0.03562692590851535 0.0030016468385325457 -0.031156241110672722 -0.066563467376195 -0.10267544273182216 -0.14554349611947903
0.44906142775928004 0.4454255564708647 0.4509793303360037 0.4654064710524981 0.48794258912930855 0.5175103722857315 0.5528457577893924 0.5925915951788372 0.6353072976043167 0.6794788308259325 0.7238828436413602 0.7672350454652301 0.8081472572449848 0.8451274431484033 0.8760663345370756 0.8946317480624042 0.897853368970163 0.8868761999302053 0.8683073217764334 0.84294991095774 0.8109919291755607 0.7730149090875118 0.7318001535751898 0.6885455529743109 0.6441017382553313 0.5993920692117733 0.555457634092992 0.5135315857517003 0.47502737798369754 0.4380326819600935 0.39694765223222583 0.3534943497751837 0.31152007156242933 0.2732856463292104 0.2389235944407181 0.20712670463851324 0.17629953311643554 0.14525521193345425 0.11337640596436094 0.08053695318709964 0.04699730659548318 0.014096891340807938 -0.01967276073709301
0.5440061800341952 0.5424179835594013 0.5482783199928267 0.5614098352745702 0.5812525723450734 0.6061897501490568 0.6350689358603587 0.6672374109661237 0.7018872362499833 0.7380753251156792 0.7747307288400693 0.8106559362990206 0.8445276149337392 0.8749001271340532 0.9002131764369082 0.916101314411327 0.9167558427946907 0.9068734550576516 0.8889444525068286 0.8640324413098615 0.8331618316870011 0.798665452436675 0.761437204545327 0.7222994004872982 0.6821297266501876 0.6418854160110302 0.6026395133468898 0.5656301909615795 0.5323158418932313 0.5043499692930042 0.4755472708438907 0.44283745928741813 0.40909052006606383 0.37616788209688934 0.3447055616727792 0.3143974894275984 0.284541937275111 0.2544929856099486 0.22388302953410333 0.19268025074466955 0.16186866695619118 0.1330856655279966 0.10696873013570118
0.6280306824656307 0.6284808054424081 0.6347652640689614 0.6452154532251431 0.6593334051278319 0.6771461986113413 0.6984286423535113 0.7227435852909598 0.749470412654293 0.7778217189694882 0.8068513432336403 0.8354581490677393 0.8623895935991785 0.8862479305971026 0.9055004312992042 0.9175901601945322 0.9195664230712152 0.9141371462616884 0.900836472409395 0.8805382520337042 0.8540575491049959 0.8236581656331805 0.7906194395124324 0.7557715795603508 0.7199997229563263 0.6842622701705112 0.649565790211103 0.6170866902773973 0.5882711427431979 0.5645536503902765 0.5446062769624819 0.5221084472460142 0.49666831396371924 0.4699134820165487 0.4427284719013743 0.41535521488885385 0.38767411909117544 0.3594837352071971 0.3307068343761502 0.3022736357120709 0.2751703949298787 0.2502606562558095 0.22869546482043468
0.7000420952546503 0.701192131384808 0.7039311591237081 0.7089787218399375 0.7168252804849493 0.7276928021171081 0.7415618594665474 0.758195424239493 0.7771558117791613 0.7978143957601602 0.8193561328485879 0.8407821600032053 0.8609137725497122 0.8784002651779895 0.8917318391528588 0.900688565698283 0.9057572934134419 0.9055050658242277 0.8998358221745367 0.8882281020532555 0.8706285544317411 0.8469837486201626 0.817759993605751 0.7854848515880678 0.7518001618960787 0.7182053432496094 0.6861466423595485 0.6570093882720955 0.6320989351900789 0.6125965436673231 0.5988344559180016 0.5848716176639652 0.5695538521084563 0.5514547562149994 0.5302574724537457 0.5068638524411323 0.48230089820406463 0.4568890274018369 0.4315575065193584 0.4068376743638058 0.38336466562918114 0.3619577632923131 0.3436258642853336
0.7592543192558556 0.7548949081318959 0.7521589643522899 0.7515786517955537 0.7532081525844363 0.7572179268408794 0.7637771951526988 0.7728396072544463 0.7841484186240912 0.7972369779990376 0.8114265486558965 0.8258246483726936 0.8393272128781198 0.8506270499789137 0.8592495378343409 0.8692845736257928 0.8795923027711746 0.8859903505391753 0.8879422089723936 0.8851009203322863 0.8750447976234588 0.8569096134805939 0.8315086803918492 0.8000659934664414 0.7671934780869509 0.7351437794871767 0.7053467063847834 0.6791180801100468 0.6576269432248485 0.6418465252894179 0.6324840709239703 0.6261362562704578 0.6182984319700628 0.6091176187426164 0.5982056404507847 0.5839522086448475 0.5660601965914119 0.5452708299715109 0.5240949966399108 0.5031881667000908 0.4832048130646087 0.4649044442484207 0.4491438729909485
0.8033591374246709 0.7930168776775929 0.7835463523357988 0.7756037012300419 0.7696707991914225 0.7660626973430994 0.7649342435881222 0.7662826610435904 0.769944439618544 0.7755870285752122 0.7826978988176201 0.7905749399186106 0.7983223965449453 0.805702175236691 0.8159355551285399 0.8290137939479728 0.8442041117827244 0.8576802744819432 0.8658656202606226 0.8659137699954123 0.8583906168969084 0.843969106724547 0.8232932228798948 0.7968872713950184 0.7657409506449369 0.734867075436505 0.7069329368302868 0.6831962207979491 0.6647136064025786 0.6522931109739232 0.646439086732661 0.6465716587453029 0.6465604897076156 0.6452559482739549 0.6425676146741517 0.6380247211462169 0.6309314610188408 0.6204482436893064 0.6054689964873198 0.5883755020698052 0.5716644483266334 0.5560426952980456 0.5422431054942316
0.8325705596122503 0.8161511375767254 0.7998851382848786 0.7845379456044421 0.7707376207454709 0.7589756748040286 0.7496042633234656 0.7428270807902122 0.7386828918881634 0.737023080468569 0.7374872156182073 0.7394825304124042 0.7435066029769724 0.7520608397067867 0.7648422301745395 0.7812284898959753 0.8003793630068361 0.8172201014275147 0.8263508603436045 0.8279356712315544 0.8226473744542369 0.8111722008735549 0.7942053054824232 0.772435445759749 0.7465200606720852 0.7175000361480679 0.6909487031552674 0.6693035715285771 0.653531638109284 0.6443339980653437 0.6421029063068877 0.6468852914099512 0.6557906792747625 0.6637206095376957 0.6703366258410285 0.6751551829672595 0.6774902616615378 0.6765110510302563 0.6714003478969532 0.6613690917467598 0.6474429483950381 0.6340147978694857 0.6218647385141579
0.8471818585677713 0.8245917458990482 0.8014450114673695 0.7786094029431871 0.7568526875375634 0.7368398747007707 0.7191236588053134 0.7041249206683724 0.6921020494746049 0.683111113753937 0.67704379200678 0.6758923256411964 0.6806560380023808 0.6910958210622522 0.7066970260516143 0.726434510935561 0.7446077040195719 0.7593681172113793 0.7694668280121477 0.7726764327844133 0.7695881562985751 0.7609032377346828 0.7473556092360945 0.729687732513244 0.7086139959860414 0.6847740438527848 0.6597829279985074 0.6398397632373884 0.6265898472520172 0.6206310369004839 0.6222145435005366 0.6312262310719635 0.6471127323409802 0.6648299487650876 0.6813690666437102 0.6961228305536621 0.7083623111685158 0.717293375908087 0.7220812080613671 0.7218975823565579 0.7159520563697266 0.704884211459768 0.6941402194021146
0.8475342862762345 0.8186922616450867 0.7885686269537078 0.7581257202577593 0.7282653474913744 0.6998259421917521 0.6735694734606834 0.6501533097395358 0.6300882274189297 0.6150246770126533 0.606580391547131 0.6051923671288046 0.6109334689183371 0.6235042228318415 0.6420046809256039 0.6600209289367913 0.6751542863034521 0.6874334638527313 0.6968815038443801 0.701780217819095 0.7008049254889016 0.6946780888026318 0.6841887380936109 0.6701582860245299 0.6533907349085379 0.634610187106085 0.6143902589573293 0.5959104409193746 0.5849397885213938 0.5821091598690759 0.5875417852431654 0.6009638900631572 0.6217238803285806 0.6484137474771094 0.6753535523839334 0.7005369331933229 0.7231831851639967 0.7424312285449235 0.757388172046416 0.7671655393297176 0.7709010466738465 0.7677648939491424 0.758693267989421
0.8340211208632614 0.7988733031387929 0.7616824088017093 0.7234942455480746 0.6853366375849919 0.6482210037408731 0.6133752782033381 0.5827759135668419 0.5578687787354295 0.5398872793338052 0.5297848143215041 0.5281225885364493 0.5349948024877088 0.5499777939016556 0.5669158613421049 0.5817090098517047 0.5942458095053825 0.6043726605049354 0.611981302181157 0.6170603938205774 0.6180559166946005 0.6141708765369184 0.606273093033356 0.5952977835941782 0.5821830541698043 0.5677886721113949 0.5528036716802024 0.5378415070259323 0.5289456428555281 0.5292027290572348 0.5386092366945106 0.5567171334465078 0.5826510581539432 0.6151285067847729 0.6521482207664262 0.6882985345672277 0.7218123956226468 0.7517290171635544 0.777074254257505 0.7968870684825422 0.8102324818430162 0.8162015524937757 0.8138993006041203
0.8073747007636001 0.7659880902817664 0.7219393911076717 0.6764905052204517 0.6310260655967792 0.5870590008008216 0.5462191978762037 0.5102126877093704 0.4807377484738855 0.4593505408797508 0.4472906124180117 0.44530309993707107 0.45351422561616694 0.46795866148579235 0.481522788920967 0.49376858788835154 0.504286486622326 0.5126792905759529 0.5186724580794433 0.5221748289622938 0.523299800617821 0.5212375952645957 0.5153405431761323 0.5066962580018451 0.4964342148303835 0.4856168673161222 0.47511863058798987 0.465499825303186 0.45900102234110907 0.46237635362799323 0.47598096217901464 0.49913396009941713 0.5306286910370394 0.5690371739023354 0.6127073524484927 0.6594656896582515 0.7042737463429507 0.7451636312294667 0.7810666358257923 0.8109455516907637 0.8337982837496918 0.8486508854777439 0.854541783642077
0.7762798488372515 0.7289548748546661 0.6786932635641878 0.6267833995160187 0.574673765149418 0.5239974534641696 0.4765825039594901 0.43442875917546064 0.39962396042509085 0.3741731476678698 0.35974037391029556 0.35735580216576 0.3660335144135398 0.3769651427826971 0.38808270377543386 0.39867139129853535 0.4079087059244235 0.41508308756569223 0.4197213730919762 0.4216435620129544 0.4209710071194237 0.4181066592461181 0.41330875151660007 0.40609958041831007 0.3977057752297135 0.3894788296038456 0.3825720356606368 0.3777665224054447 0.3755213927826119 0.38212516968367705 0.40025898421577155 0.4288717680862074 0.4665395238260752 0.5115356954100524 0.5619311960070054 0.6157027673274831 0.6707616757869335 0.7228802119574737 0.7694533087965474 0.8093731747388124 0.8415828782925016 0.8650613262374416 0.8788027296668932
0.7455106348434521 0.6924016635832339 0.635976691265582 0.5775169153070282 0.5184973982498854 0.46063766811084117 0.40594867908288634 0.3567517220404375 0.31562274620109143 0.2851973554121887 0.2677927523048519 0.2649057423709762 0.27078398047617747 0.2791543469880142 0.28907764434243255 0.2991662826662994 0.3080390502289474 0.3146012266677365 0.3181645843205986 0.31847047182088917 0.315669303831394 0.310284453847104 0.30316729280494126 0.2954358566838664 0.2876962103170173 0.280841238019337 0.2764308500048055 0.2755877481905298 0.27875978841254434 0.28898019613482895 0.3120530451266724 0.34680676402059185 0.3914288369925223 0.44378267930818305 0.5015958065433379 0.5625891664772542 0.6245509035737796 0.6853693528870931 0.7424713655324281 0.7923320454228943 0.8336799097429928 0.8654828292142452 0.8877703790546064
0.7162736180558045 0.6576752258134326 0.5952863423962415 0.5303373562774317 0.46427352067457894 0.39883545307102897 0.3361580629760623 0.27886783365778123 0.23011626649293482 0.19341936952555328 0.17213723440156303 0.1671208688786332 0.16951785839359934 0.17691529501324355 0.18733574373763584 0.1983913540515384 0.20798034244170716 0.21458884644229126 0.21733730759888914 0.2159262556557805 0.21056722625606783 0.20192845468472864 0.19110216749183118 0.17962327300764935 0.1692000620492391 0.16165834899585285 0.1584393335392822 0.16052184838643635 0.16866617718282395 0.18370726735289178 0.212265115069729 0.2540052908670142 0.3065547188783284 0.3671621862965826 0.4331347290235674 0.5019106044196547 0.5711107163254756 0.6385439798215403 0.7021884115357971 0.7601987517453136 0.8111161569222537 0.8530002553905336 0.8851577848766441
0.6897688485558507 0.6261509869298483 0.5582002319785935 0.4870480183290278 0.41403772914379866 0.34082968273212466 0.2695570258160219 0.2030384052326606 0.14500382288278058 0.10014201700117531 0.07352874032774293 0.06384829855459384 0.06433447981121887 0.07306372347875612 0.08624569050647612 0.10003563797026516 0.1115011134691557 0.11877145709831183 0.12087426737990614 0.11754849423044778 0.10931546535701209 0.09702571293814266 0.08187622401235273 0.06557013989704785 0.05029033284702056 0.03857567410698892 0.03301803139866566 0.035741874921348504 0.04776194134919276 0.0686056902335721 0.1034432022185765 0.15300568072131515 0.21413312724115496 0.28356557021161233 0.35825645495128067 0.4353086071065865 0.5120995376580224 0.5866840623314429 0.657310257741148 0.7224390803738572 0.7806978931356265 0.8308405198894586 0.8717151408499366
0.6671437046067881 0.5991803412987626 0.5263222484719379 0.4495608572080153 0.3700647593721793 0.2892894070684855 0.20916719906043724 0.13243462516582882 0.06315502431456665 0.007340095628867838 -0.02746000821158945 -0.04333580393834535 -0.04224830106946009 -0.02872821670774628 -0.009871549016049919 0.00854552638194428 0.02289844182233769 0.031224500636727326 0.03296822231448182 0.028139766590550064 0.017030921650138975 0.000454117995186909 -0.020227404251493164 -0.04301970684321588 -0.06521680863722801 -0.08341753674272501 -0.09381603844457898 -0.09294943454295201 -0.07890076202618124 -0.05230084172816496 -0.010414361960718654 0.04824750974888681 0.11924082759675303 0.1984301648004192 0.2823153945413033 0.36805425912891443 0.45335994913451083 0.5360402829930164 0.6141183170601987 0.6861269838521336 0.7507690402837774 0.8068715123139278 0.8533510778095637
0.6494321590816878 0.5780136126675913 0.5011871657129242 0.41978686527633446 0.3347610921941122 0.24725667100507764 0.158784568656973 0.07156542451704184 -0.010720395412100014 -0.08136591689090844 -0.13020548901434936 -0.1528283185145527 -0.14652595159126602 -0.12296799804608471 -0.0951929571059722 -0.07070515611036199 -0.05292629198171661 -0.042870907361559185 -0.04112878928311403 -0.04775611786494016 -0.0623483509612166 -0.084048682751106 -0.11145614111474456 -0.14244416013547645 -0.17390626828909594 -0.2015194112558445 -0.21981553364007023 -0.22311753365578646 -0.2078038533596578 -0.17428349518938702 -0.12297956786819486 -0.053071190886515796 0.0294185622955232 0.11940391812662354 0.21300363072137074 0.30731098112653044 0.40011841374646984 0.48969825958284896 0.574543367534646 0.6527757000456325 0.723104747317376 0.7844514738626429 0.835816466928855
0.6374842849762609 0.5637030432059198 0.48412676864311655 0.39945340237353666 0.3104261457025551 0.21787090483757265 0.12277737447997839 0.026494956938419856 -0.0687229220561334 -0.1579311204311591 -0.23078389364768315 -0.26265091901912574 -0.2408395594822197 -0.20040080404939875 -0.16187279804350507 -0.13124273359883465 -0.10993683095937667 -0.09867705544911365 -0.09762632401317295 -0.10661754845404747 -0.12520575712929327 -0.15261943371771958 -0.18762046744503835 -0.2282400268284963 -0.2713290084244313 -0.311886547681949 -0.34241141784817564 -0.35348988780081436 -0.3377670753772677 -0.2952910801102848 -0.23086105428320436 -0.1468235166757017 -0.05118476425626639 0.05020942519387073 0.1534391933925543 0.2558148933163883 0.3553959707003226 0.4506988996006236 0.5405255381393389 0.623827914409654 0.6989583589291675 0.7646753743236423 0.8200718497445568
