_RESULTS/CROSS_VALIDATION_POSTPROCESSED_CLR/Berg/TZ/7comp/3/Berg_TZ_z_125_kriged_reverse_7comp_spherical_3.asc
ncols 100
nrows 90
xllcorner 5.6208707817415728
yllcorner 50.959635321741573
cellsize 0.00013419651685393446
nodata_value 1.7014100000000001E+038
[rows 0 to 18 of 90, columns 44 to 87 of 100]
2.281632584059789 2.2229797863718126 2.1711038348784335 2.125299504870074 2.0844160275310983 2.096952016724349 2.190378904759171 2.284566353159655 2.3781466572837493 2.469928559361077 2.5588550886519528 2.6438298348674314 2.722822118330989 2.79512607018843 2.8604026934181057 2.9183096802034427 2.968484188544844 3.010527113280588 3.0439891499991236 3.0709706136081603 3.09363368180267 3.1116401236295252 3.1245666583431584 3.1319070685155936 3.1352149489790335 3.1387214183597556 3.1422465886733075 3.1453974267200473 3.147741575226722 3.148817156082892 3.1488395030103047 3.1488395030103047 3.1488395030103047 3.1488395030103047 3.1488395030103047 3.1488395030103047 3.1488395030103047 3.1488395030103047 3.1488395030103047 3.1488395030103047 3.1488395030103047 3.1488395030103047 3.1488395030103047 3.1488395030103047
2.240642489517259 2.184520287894556 2.1384107577589635 2.102892444292238 2.0840254847285458 2.108871919769818 2.183066168669024 2.273047131541979 2.366236793346223 2.4588542413742935 2.5480121318690014 2.631525444983861 2.708913752399295 2.7798100146255464 2.843896287739696 2.9008670559267298 2.9504026312074214 2.992147389649501 3.0256911186802866 3.0519517342476976 3.0741971548072544 3.09227954828277 3.1057648557004174 3.1141248882425145 3.1190255403063905 3.1245444059445013 3.130421329417048 3.136218892360967 3.141460601342372 3.145642555937574 3.1482434456355244 3.1488395030103047 3.1488395030103047 3.1488395030103047 3.1488395030103047 3.1488395030103047 3.1488395030103047 3.1488395030103047 3.1488395030103047 3.1488395030103047 3.1488395030103047 3.1488395030103047 3.1488395030103047 3.1488395030103047
2.210267279329975 2.159992603611788 2.124968345297704 2.1061565282860526 2.108504845853415 2.141074471207098 2.2038582889451392 2.2845605404198714 2.372595097040766 2.4604676170212016 2.544792170513663 2.6243068781078396 2.698270179601141 2.7661933420625497 2.82771235620754 2.8825172329662934 2.930306354515618 2.9707525960208505 3.003475960631661 3.028713945357187 3.0500610525326635 3.0678115547112768 3.081512882807816 3.0906052800139134 3.0971710212659107 3.1048362166699 3.1132057295458457 3.121789421471192 3.1300595618979457 3.137464672322533 3.1434408709317463 3.1474206266158067 3.1488395030103047 3.1488395030103047 3.1488395030103047 3.1488395030103047 3.1488395030103047 3.1488395030103047 3.1488395030103047 3.1488395030103047 3.1488395030103047 3.1488395030103047 3.1488395030103047 3.1488395030103047
2.188529824775464 2.1460892769957023 2.1249197933576633 2.1226765549547975 2.1397876508661033 2.178450543480512 2.2375996139730403 2.311402741091104 2.390890454735744 2.4707777836127507 2.5483979184407235 2.622165155210579 2.6911120693184793 2.754617758579837 2.812253285714633 2.863688546031136 2.9086299717847837 2.9467916314694684 2.9781653643693313 3.0024248882943145 3.0227426648785896 3.0397523554073533 3.052985917290653 3.062028731498051 3.0701113062466563 3.080076967840057 3.0911023969039775 3.1026305499893394 3.1140741882091443 3.1248282055019483 3.134282248635505 3.141829811870722 3.1468742915624266 3.148832618548675 3.1488395030103047 3.1488395030103047 3.1488395030103047 3.1488395030103047 3.1488395030103047 3.1488395030103047 3.1488395030103047 3.1488395030103047 3.1488395030103047 3.1488395030103047
2.1731291104393313 2.1403270566120707 2.135982069574748 2.149423025416599 2.1778646709861014 2.22155020284543 2.2795285597424897 2.34614751572802 2.4166833344617116 2.488031057876655 2.5578782584514412 2.6246472215105476 2.6872934293278052 2.745125419263883 2.798062474171072 2.8472756254644493 2.8918121008764484 2.9305457358958584 2.962447399608579 2.9867154520291015 3.0062688011022494 3.022140826104555 3.033831614116685 3.0410458832536555 3.047913274458753 3.056500035131253 3.066960614087432 3.0795354272651365 3.0940705050333315 3.108306886190948 3.121342614847413 3.132531010471153 3.1412441439654386 3.146875221756607 3.1488395030103047 3.1488395030103047 3.1488395030103047 3.1488395030103047 3.1488395030103047 3.1488395030103047 3.1488395030103047 3.1488395030103047 3.1488395030103047 3.1488395030103047
2.1772250431948446 2.1573815798449796 2.1697998013941193 2.192286175275677 2.2256302787178353 2.2717288486470446 2.3265400223626447 2.3859497404036967 2.4480328102263553 2.5107129193716293 2.5721965100905178 2.63110690916037 2.6873302565000508 2.7428309016776455 2.7962326837935447 2.846050003551214 2.8909728425122148 2.9298325111091947 2.961570761587746 2.9853011896392783 3.0037532631303656 3.018172124827299 3.0280189649663165 3.0334988257390294 3.0391650764406144 3.0459774774463497 3.054080019594696 3.0637179582494505 3.0752397377066996 3.0890915359448536 3.1052277584901864 3.1201209582776404 3.1325315435046015 3.1418319531013155 3.147422987198912 3.1488395030103047 3.1488395030103047 3.1488395030103047 3.1488395030103047 3.1488395030103047 3.1488395030103047 3.1488395030103047 3.1488395030103047 3.1488395030103047
2.2579264348477524 2.240539140508028 2.253409625616504 2.273690415556308 2.3018111026905865 2.3381187694464733 2.3805665451052684 2.430029363473475 2.483766222686815 2.5376826830903205 2.590589102002714 2.6452712529213924 2.7014967602584385 2.7572598808607003 2.8107996038061316 2.860571974271399 2.9052217024349574 2.94355164206335 2.974488396598029 2.9971339131648227 3.0141973435988696 3.026897687215925 3.0346489119346307 3.038781492287273 3.0432740542018184 3.0483021643698516 3.05399304779792 3.06059735150813 3.0684898988543226 3.078159922086835 3.090194696833817 3.1052603796733433 3.121340965993201 3.1342837518742117 3.143444603422848 3.1482459732147636 3.1488395030103047 3.1488395030103047 3.1488395030103047 3.1488395030103047 3.1488395030103047 3.1488395030103047 3.1488395030103047 3.1488395030103047
2.415750058195023 2.388336699583831 2.3851709480935934 2.3943366187974364 2.411619657819986 2.4329649420044737 2.4582370463634735 2.488595595449503 2.5250358930854864 2.5691518443845065 2.620360995686984 2.675203684646737 2.7314489983952943 2.787076398586229 2.840283877164158 2.889484429767172 2.9332935091645256 2.9705051670899816 3.000054187292288 3.021113846773277 3.0365525955307375 3.047327266950521 3.05285537672604 3.056311951929186 3.059677455279033 3.062915661695274 3.066129344973424 3.0695775553198903 3.0736723566100754 3.0789610209864255 3.086100782796394 3.095831945626509 3.1089530560195593 3.1248251489167647 3.1374668654136215 3.1456468166102134 3.148817828741905 3.1488395030103047 3.1488395030103047 3.1488395030103047 3.1488395030103047 3.1488395030103047 3.1488395030103047 3.1488395030103047
2.5966499913089702 2.5647906935241123 2.5489794025308563 2.5451250816899873 2.548049735585537 2.5530793629005903 2.5601251287552107 2.570469376698092 2.587509256230061 2.618657697811318 2.66433634451555 2.7192450874724057 2.775359734121742 2.8306128397500743 2.8831615770426193 2.931380267049575 2.9738667768869846 3.009429381598506 3.0370456587506043 3.0561045623650682 3.0697321458255287 3.0784415650610715 3.0824852228974886 3.085546781246469 3.0878585726868133 3.0893038840726943 3.089953280914069 3.0900829603912334 3.0901611960847766 3.090816057769877 3.092796577775415 3.0969355077379728 3.1041177920853396 3.115256037357174 3.13005556004927 3.1414630395498317 3.147744854342674 3.1488395030103047 3.1488395030103047 3.1488395030103047 3.1488395030103047 3.1488395030103047 3.1488395030103047 3.1488395030103047
2.7723701584602947 2.7344296634798195 2.708008868960705 2.6919935821806353 2.6807587661818424 2.6723026129412357 2.666550911243451 2.6652306660733274 2.675683784379365 2.697157401379082 2.729573857648938 2.775729934795275 2.831400353697821 2.8861085570578795 2.937689660669185 2.984556186010756 3.02533086133694 3.0588523886488073 3.084135718424525 3.1009475599479304 3.1126211126489403 3.119232252707151 3.123151237443963 3.1260057419259635 3.1273725785554443 3.1270175410969165 3.1249754820202 3.1215607604211253 3.1173305280033863 3.113027596370159 3.1095219823343294 3.1077609563218376 3.1087307628518697 3.113429548246597 3.1228495321082703 3.1362145941164625 3.1453995297727584 3.148827484383662 3.1488395030103047 3.1488395030103047 3.1488395030103047 3.1488395030103047 3.1488395030103047 3.1488395030103047
2.9308690653191554 2.8865013289175483 2.850547495676884 2.8222276570936535 2.7971324936446247 2.775189860049756 2.757495135542353 2.7526998549454476 2.761698191223252 2.7825516053949637 2.8127709515130968 2.8502550631075647 2.895360317497539 2.9485494482288437 2.998707633326302 3.043876073991492 3.082646038574325 3.1139069685363374 3.1368263850346496 3.1520751053292315 3.162709405192407 3.1692871143727053 3.1743541868163696 3.1773154114335456 3.1778879559643842 3.1757006004313575 3.1707648042383374 3.163478588180674 3.154542451185254 3.1448625938412227 3.13546684727684 3.1274414637872336 3.12188804152059 3.1198965672329417 3.1225301064329085 3.130817339399548 3.1422427865149136 3.148201307025488 3.1488395030103047 3.1488395030103047 3.1488395030103047 3.1488395030103047 3.1488395030103047 3.1488395030103047
3.071650716725207 3.0200820599065796 2.9746571317342583 2.9337099418267694 2.895191649682486 2.860117765897825 2.8367125322089524 2.829469849623499 2.83619888223019 2.8553135348036722 2.8849619344692314 2.9230045191887037 2.9670843100360424 3.0148217783485682 3.0636781119793772 3.1071400656339243 3.1436907762855255 3.1722522025685023 3.1922215631228643 3.205867845945434 3.2159015558489785 3.225051896033909 3.2330423722873878 3.2382440117317666 3.239166029077103 3.2351262978375845 3.2269552210152677 3.2153106962792215 3.2011222513921984 3.185524277033923 3.1697443624716994 3.1550308429146656 3.1426103160935996 3.133665581718194 3.129326456408598 3.1306681708926645 3.138706383463863 3.1469025431230295 3.1488395030103047 3.1488395030103047 3.1488395030103047 3.1488395030103047 3.1488395030103047 3.1488395030103047
3.194313118650951 3.1344954963513247 3.078832304301087 3.025037295666687 2.9733650723518794 2.9289184805116606 2.9012266848335244 2.889958335857374 2.8940878890008515 2.912102128754988 2.9420612508078277 2.9816693857502248 3.028351209541035 3.079337409926736 3.131300389572627 3.173526306629685 3.207829396324101 3.233281176080442 3.2498248964964804 3.261585016496014 3.273088185811609 3.2857095371798586 3.2975818301199182 3.3059736021553427 3.3086463839439526 3.3044503543968258 3.293233815308327 3.2765004700751126 3.2563125655357226 3.234108329995651 3.2113541849138607 3.189475069107179 3.169822408442948 3.1536638319285624 3.142184467260026 3.136493749165986 3.137634322338199 3.145286470119185 3.148838233182903 3.1488395030103047 3.1488395030103047 3.1488395030103047 3.1488395030103047 3.1488395030103047
3.2985038741980612 3.229111620527995 3.161941820865113 3.095016497029655 3.030318142283322 2.9789325401572833 2.9458924347758426 2.930957916931088 2.9331873691028325 2.9510290741551355 2.982418154773105 3.0248676706301576 3.0755497844776256 3.131372235586909 3.189067775732841 3.241746425590269 3.274818852178515 3.296921278236719 3.3097870346632083 3.32054546258042 3.3341739835808255 3.3514601638645907 3.3688462681615396 3.3813919201032117 3.385852717408596 3.3811353166006546 3.3675867964986597 3.3462897975789754 3.3191967044282418 3.28953980994116 3.2591352168744203 3.2295794939087776 3.2023321916495866 3.178725080306813 3.1599779579259817 3.147215725474229 3.1414843291024583 3.143764669630977 3.148669579101095 3.1488395030103047 3.1488395030103047 3.1488395030103047 3.1488395030103047 3.1488395030103047
3.3838884867574848 3.3032426138796938 3.2230863774145933 3.141797599507078 3.064855389131642 3.0064038577201995 2.9681836918018725 2.950143689118702 2.951355736168761 2.970165095896126 3.0043333317327203 3.051154462493696 3.107537893941521 3.1700632900383123 3.2350257926499313 3.2985039871599824 3.3444721337338548 3.3642327791759596 3.3752107748740854 3.3840231604549453 3.398847360322248 3.4233268229384044 3.4490427499053338 3.4666191643604765 3.472163485383919 3.465486175348644 3.4480053574142966 3.4216536848091286 3.388386207729237 3.3504914555187715 3.3117117148326214 3.2739760601307233 3.238812803453454 3.207581977752703 3.18150763065303 3.161705325041372 3.1492045290179793 3.1449664288197585 3.148367144794291 3.1488395030103047 3.1488395030103047 3.1488395030103047 3.1488395030103047 3.1488395030103047
3.4501156932532036 3.3560432846273147 3.260509490688843 3.161907551882827 3.0745859944969505 3.0087031866252323 2.9655484196651867 2.9454183519453387 2.9472350879087257 2.9686231907287692 3.006919839958614 3.0593323436761213 3.1230170634573406 3.1944433318859997 3.2692045785710233 3.3428154289549594 3.4069413465032237 3.4409856952763476 3.452195691011058 3.4547103080365273 3.4668698278899592 3.505338194946063 3.5432992455734436 3.5651202388205387 3.569208580424747 3.5578019321822714 3.533959157296163 3.5006189636792113 3.460311943214191 3.4151241918583946 3.3674424958138833 3.321098500758188 3.2777941015155236 3.2388672153767906 3.20550766652317 3.1787927129064415 3.1597136840464577 3.149195893436262 3.1481012300262066 3.1488395030103047 3.1488395030103047 3.1488395030103047 3.1488395030103047 3.1488395030103047
3.4967639881530332 3.3860488839751275 3.2708950496214064 3.155590042546598 3.0615978011952563 2.994072428795789 2.9529358911259123 2.936797841881894 2.943370297252212 2.96985706483286 3.0132542496665558 3.0705391594019544 3.1387480439090307 3.2149528741249283 3.296149984629051 3.3797902483251345 3.4634544803634606 3.5261335419596262 3.5510377218373748 3.5487106088146914 3.540044381555454 3.6138012272631825 3.6610219411271148 3.6808226912111492 3.6778800905797704 3.6573962559968134 3.6240103821492053 3.58145944799295 3.5326223630116824 3.479691543445064 3.4243502333605247 3.3691770436395045 3.317670817276005 3.2711281237942043 3.2306627889151596 3.1972843481195996 3.171925233834151 3.155460185330803 3.1487202530096585 3.1488395030103047 3.1488395030103047 3.1488395030103047 3.1488395030103047 3.1488395030103047
3.523197382820102 3.39262341409177 3.2634386606357673 3.1424693633106675 3.0476846227008125 2.9819837396728834 2.9449746211013896 2.934618618940447 2.947903227911147 2.98140199224822 3.0316657922231207 3.095443769969344 3.169754752162387 3.252214212571826 3.3411778803207577 3.4342133963563204 3.5304838127957603 3.6194189331839444 3.6783603614909377 3.7032233182611063 3.7272333376237747 3.775941117062505 3.8091466304708925 3.814466290584655 3.7964668166595184 3.7616246606189105 3.7153153631358418 3.6614745150904797 3.6028941270142716 3.541571686481987 3.478976681177998 3.4162656631870916 3.3567347757094605 3.302858715542487 3.25563783462064 3.2159892580888703 3.1847701706967815 3.162793862830476 3.150840976149118 3.1488395030103047 3.1488395030103047 3.1488395030103047 3.1488395030103047 3.1488395030103047
3.5384096018871913 3.395120438457183 3.2534842439117977 3.1261330572421446 3.0301584522590734 2.967467443445617 2.9367320213995844 2.9346928832011314 2.9571851256013777 2.9998900159703847 3.0588916347645947 3.131230910417588 3.2143828534658483 3.3063208676263516 3.405352839811908 3.511310487830133 3.624187084096426 3.738132804809356 3.8292361600611615 3.890399357874451 3.9381409146094035 3.972164444887002 3.9797760986685624 3.9596580069818637 3.9189881062669745 3.865149569982683 3.80334329470265 3.7369261654694514 3.6680792587319804 3.598282729753413 3.528601091657579 3.4598484565489205 3.393235847729307 3.332550932657562 3.279120170142021 3.2337539201288754 3.1972256922587783 3.1702825037547493 3.153651965278008 3.1488395030103047 3.1488395030103047 3.1488395030103047 3.1488395030103047 3.1627768952612314
