_RESULTS/CROSS_VALIDATION_POSTPROCESSED_CLR/Berg/TZ/7comp/3/Berg_TZ_z_1000_kriged_reverse_7comp_spherical_3.asc
ncols 100
nrows 90
xllcorner 5.6208707817415728
yllcorner 50.959635321741573
cellsize 0.00013419651685393446
nodata_value 1.7014100000000001E+038
[rows 57 to 75 of 90, columns 42 to 83 of 100]
-0.03641726824180225 -0.05630228545804972 -0.050344929794518656 -0.029367344408756324 -0.010141775703751854 -0.01726535896843817 -0.06882651450330268 -0.14225526969255053 -0.20129408653337189 -0.23586098136159483 -0.25866709576342206 -0.2625398116663118 -0.2570098881731777 -0.2532797701398075 -0.252384115833014 -0.2609637286377815 -0.2857871361791733 -0.34109445175635633 -0.44499970113146103 -0.609883526805906 -0.8285563574159429 -1.0714381603637317 -1.3052134696589 -1.5079337861736466 -1.6730502376294667 -1.8883665681757544 -2.303867422790671 -2.6794495256634745 -2.9993099700636345 -3.260082801350108 -3.461616437708817 -3.601991308721269 -3.6851104789269944 -3.7182446462772814 -3.709316849232718 -3.6649282060794515 -3.5771942963581185 -3.4591215867895566 -3.333845218170906 -3.211337021457636 -3.098604590415484 -3.0019687727047897
-0.3225756851404653 -0.35349187934013315 -0.3621686066925185 -0.3572904603873619 -0.349517903854184 -0.34795394540157254 -0.36395195136900327 -0.3910896865371907 -0.40200977466783216 -0.3979414679554818 -0.38645915816431264 -0.3602187545987263 -0.3172719688977863 -0.27986907372298386 -0.25654950103118157 -0.2486566496216165 -0.2609475046367171 -0.2999456371464877 -0.37033309529865077 -0.4867467759906221 -0.6667752741119166 -0.8486415684345361 -1.027434069938153 -1.192612786150662 -1.3598038803743293 -1.588168084287732 -1.9013871970805278 -2.228695411017396 -2.527309624580123 -2.7835199342001657 -2.99326033373511 -3.1563915909112605 -3.274861561708692 -3.3499353038627557 -3.386626359818244 -3.379162095697721 -3.327247092450663 -3.250380030788878 -3.1664976356797276 -3.0848552394323683 -3.0120495423799856 -2.954072161960616
-0.6256730337319536 -0.6656932392607926 -0.6849619582171202 -0.6897341440275775 -0.6866006249302181 -0.680296954561753 -0.6714170341455858 -0.6605814700411097 -0.6318253826311926 -0.596937626599674 -0.5575786741958622 -0.5076277934653373 -0.44603951574079614 -0.3847058869185811 -0.3415680187059573 -0.3175388967060755 -0.31481543300984294 -0.336635820549696 -0.3868878904245876 -0.4770203284431509 -0.6082289432444261 -0.7503470513571595 -0.8876095637135673 -1.0232727647063053 -1.1830689502843406 -1.3897012137859557 -1.6440013500211719 -1.9185866135696878 -2.1846377132015897 -2.4252350510227467 -2.6325513233287063 -2.803930898265212 -2.9398319417754353 -3.0426749107425026 -3.1062033156893225 -3.1260373826917798 -3.1055238378359316 -3.066380698692076 -3.020949191387617 -2.977861031690968 -2.943214447598838 -2.9226391402560497
-0.9331696532629836 -0.9798673041871204 -1.0061796800684468 -1.016145451437847 -1.0138136727763438 -1.0016820112786942 -0.9795102693616204 -0.9413872706970197 -0.8821383144634192 -0.8227179679609558 -0.7604497666946544 -0.6946366335175362 -0.6250216175528491 -0.551132327892903 -0.4879435215542234 -0.44675329227393457 -0.42850749131259747 -0.4351462115993483 -0.46963127095450297 -0.5353344359687604 -0.6289291777716866 -0.7378742483034433 -0.8514325325717613 -0.9685863286769543 -1.10903668577589 -1.285712569867798 -1.4970028049092865 -1.7278971088085031 -1.9603063539320793 -2.180196482975448 -2.379000748915277 -2.552512943704256 -2.699544026942002 -2.81220877892433 -2.885318831633784 -2.920242822915504 -2.9236937463585937 -2.9161882886640225 -2.9050186053915765 -2.8976627617215875 -2.8971622595634647 -2.9008857436582893
-1.235681466187239 -1.2847152041768246 -1.3154176661033792 -1.3276419790024527 -1.3238541702760096 -1.3053214345278157 -1.2714941899369148 -1.2187957567636842 -1.1454360601130977 -1.0679481317277535 -0.9930422098443374 -0.9185487908899219 -0.8430575777871057 -0.7663278930092932 -0.6899460295841835 -0.6306262433984307 -0.5955875444004697 -0.5856086091852379 -0.6017191920162799 -0.6439217047578083 -0.7088580363678241 -0.7897225676746271 -0.8797500214558855 -0.9834960206025976 -1.1133333198771496 -1.269623698113512 -1.4490710217549072 -1.6440489580918314 -1.846053697723457 -2.044729688113102 -2.2322661009908344 -2.4034600807024393 -2.5472138303996763 -2.658508677597035 -2.7366232817090417 -2.782026233601745 -2.8072274070879093 -2.8263166773377053 -2.8411251644016806 -2.855499052050674 -2.871723849707955 -2.891999329505506
-1.524226471741823 -1.5699365798284317 -1.603118936998074 -1.615726697528446 -1.6092233555885982 -1.5840974407015764 -1.5395348068625503 -1.4769429624584531 -1.4089293714822615 -1.333619203429726 -1.2525473985146554 -1.1720252891831837 -1.0924150084690303 -1.013729503298154 -0.9368894432608474 -0.8643047140027864 -0.8110934573359314 -0.7828002712542186 -0.7790762769099882 -0.7986465914207175 -0.8385002394156715 -0.8940562498332651 -0.9615881223654958 -1.05218621858217 -1.1687256263145471 -1.3093412640012603 -1.470333012581801 -1.645724568659018 -1.828279680446349 -2.0110791762302824 -2.186070911512922 -2.341932112704457 -2.474133146600556 -2.5798172889086306 -2.6571823044744067 -2.7071782519118073 -2.7456304977742265 -2.777357634945711 -2.80601667454306 -2.8350752180177965 -2.866554339373133 -2.8988120124690946
-1.786441810806367 -1.82376614978196 -1.855951549121828 -1.867792368429606 -1.8583780788251802 -1.828829305677357 -1.778993308599127 -1.720957216446454 -1.6647210778482773 -1.5998409519757715 -1.5270521854228378 -1.4481750034340544 -1.3661561635332462 -1.2861438794854059 -1.2092810330350905 -1.1370041891348786 -1.071315304971861 -1.0234560463333664 -0.9991036746955282 -0.9964389589314977 -1.0126720126756759 -1.044153910535191 -1.093785469729733 -1.170787134308874 -1.2732448055282735 -1.3985661844826391 -1.543117848713079 -1.7020867116089615 -1.869029690547191 -2.0331009613205913 -2.1871568307371603 -2.3257516859199483 -2.4446463555668414 -2.5407044508781365 -2.6117100144141627 -2.6651685576139554 -2.712367983999828 -2.7546238338075377 -2.795750068482425 -2.8382509422653985 -2.879241013862827 -2.907077086261406
-2.0151067430344183 -2.0432547311106184 -2.0690710091865396 -2.0820441653888864 -2.0728152576360777 -2.0417341612251896 -1.9929982414560548 -1.9458488280243724 -1.9022500062987828 -1.8515596445652538 -1.791966213866309 -1.7247670737066692 -1.6517742705226097 -1.5760808837682543 -1.5001984258889003 -1.4281498262405785 -1.3625056699925735 -1.3047631072721213 -1.2596574605661424 -1.2348322015219404 -1.2279958357455083 -1.2376068021350708 -1.2738729359171983 -1.3374246298335173 -1.4259639570892246 -1.536750090084325 -1.6644954977504036 -1.8026636143117063 -1.9451857376802553 -2.085955777988243 -2.2192939191445227 -2.340256489406536 -2.4447662843263687 -2.529604669665485 -2.594980157000749 -2.6536884558811655 -2.708143150466995 -2.7597654518284953 -2.812079069391135 -2.8586118840229178 -2.8930990453363554 -2.914222394762755
-2.2168704211903774 -2.235340032309212 -2.251319355290781 -2.260892630159349 -2.251451961000691 -2.219729345190772 -2.1826735580352565 -2.147389451365253 -2.115011225646895 -2.0801107877407055 -2.0354451055272023 -1.9824711103605976 -1.922709636969066 -1.8577745759193638 -1.7907011386895484 -1.7246823792327182 -1.6619499885915547 -1.6045258193823781 -1.554023285794122 -1.5114773958948233 -1.4818305682835704 -1.4763308203977576 -1.4990121459435959 -1.5473828167654298 -1.6183973537670142 -1.708411142139025 -1.8131475239673946 -1.9277698593421235 -2.047093517742896 -2.1658904720006733 -2.279195813747985 -2.382540865106069 -2.472082791049073 -2.545029807215076 -2.610539762574996 -2.673434514433993 -2.7339605849103465 -2.7912582825299657 -2.8400322604563506 -2.878547008466408 -2.905374785374775 -2.9191629764404547
-2.3884617884003325 -2.3965374960302066 -2.40144329696378 -2.4001497535503793 -2.388439529525016 -2.36731558690591 -2.3445276629657474 -2.321787715395704 -2.300309970503977 -2.279864095919827 -2.2511710963218956 -2.21315933961009 -2.167372137146769 -2.115336630011151 -2.058574522765319 -1.9993567427419827 -1.9413219746267618 -1.8861824427406082 -1.8351645259342542 -1.788972310249889 -1.7538063200540797 -1.7388717180371378 -1.7461626060565094 -1.7771533629991638 -1.8290855697902966 -1.8985952819504466 -1.9818255270926797 -2.0745115562031993 -2.1721382986526847 -2.2701476693345364 -2.3641507806686763 -2.4501025236767155 -2.5244152530083115 -2.591788104109395 -2.6587435558921033 -2.721998608768706 -2.7776752070222948 -2.8260670552984766 -2.866059997917452 -2.896122126942822 -2.91480743716407 -2.9207695737539088
-2.5249335470099563 -2.522378798405116 -2.515223939417468 -2.5018678022677747 -2.4894146462987097 -2.483328227669811 -2.47516080331111 -2.4654470492558223 -2.455405083222443 -2.4458706354923976 -2.433595603738128 -2.411081222331843 -2.379507526308057 -2.340299816437983 -2.2947999133498387 -2.244236010821961 -2.190336378735797 -2.1366477480319803 -2.0843297234962344 -2.038151798564815 -2.0075470173444385 -1.9938344169041855 -1.997433813551081 -2.0180697215015257 -2.0547578725638083 -2.1057973823331233 -2.168877166272853 -2.2409933683774765 -2.3182030820568236 -2.3964776776954206 -2.471886099585938 -2.5401068111779983 -2.602214454000907 -2.6631822800212497 -2.7207981236669423 -2.7728881026577237 -2.818558217943951 -2.8576749251492832 -2.888640065593757 -2.9099292105997328 -2.920093784702953 -2.9207695737539088
-2.6170900252036007 -2.6086529311036606 -2.58931307069669 -2.5737566863370485 -2.5661155026192137 -2.5657772536671986 -2.571282252593293 -2.574946984932046 -2.576729325770069 -2.5774347249668166 -2.5775375586991514 -2.5709062216954433 -2.5536966244258705 -2.5272200557397433 -2.4926537747978808 -2.4510153984115117 -2.4031141179529905 -2.3503881368120894 -2.300301914554831 -2.261272159158557 -2.234953542557109 -2.222318921473946 -2.223725182840041 -2.2388958658323754 -2.2669134870469847 -2.306224243372947 -2.3546627077269644 -2.4095042401499356 -2.46754708810386 -2.5252176315457175 -2.5786856832410203 -2.6292775985134123 -2.6806300708145336 -2.7306230745738382 -2.7771501731658756 -2.8184750550526756 -2.8546852648025665 -2.8844705435175846 -2.9062597546739464 -2.918551389288454 -2.9207695737539088 -2.9207695737539088
-2.660121208193637 -2.650649324756561 -2.6339856544820845 -2.6225096823036704 -2.619114231301823 -2.62242650572651 -2.6320031843414977 -2.647029741084679 -2.6609355660168994 -2.672153465326667 -2.681116824320095 -2.6876582881045197 -2.684897471294656 -2.671038405224185 -2.6471076612636684 -2.6139448479039316 -2.5722134469591333 -2.5277853560841694 -2.4872763140568406 -2.4551318431338607 -2.4327856061038435 -2.421096026345425 -2.4203647005083653 -2.430320469075031 -2.450115430557803 -2.478334629400479 -2.5130228760537277 -2.5517316711249727 -2.5915860931861476 -2.6295251122326144 -2.668473755911507 -2.7094818174517608 -2.750664194098057 -2.7900843663087214 -2.8258282342930516 -2.8575411588945743 -2.884418500434103 -2.9048882783478422 -2.917430505727763 -2.9207695737539088 -2.9207695737539088 -2.9207695737539088
-2.6576183656055408 -2.660450653901952 -2.6552121155751394 -2.647649516005931 -2.647390078783273 -2.6543317815634793 -2.6667222489191564 -2.6838979632671265 -2.705002939675922 -2.726830489282781 -2.74478827336557 -2.7588394470303914 -2.7683864692774316 -2.7670150603172496 -2.7534402045330877 -2.729624319996213 -2.7017339193627405 -2.672100850975964 -2.6423226814783365 -2.616631523205416 -2.5979757756187274 -2.5871142450343054 -2.58430192303219 -2.5892765112099454 -2.601256716789211 -2.618953412341769 -2.64059515757328 -2.6639689447900663 -2.6881460535376256 -2.7161622255040383 -2.746947776645497 -2.7789315483449535 -2.8104237092865727 -2.839663396249958 -2.8658127194208127 -2.88849378340347 -2.906192512546379 -2.9174139998533937 -2.9207695737539088 -2.9207695737539088 -2.9207695737539088 -2.9207695737539088
-2.62749201908336 -2.642913132690779 -2.649462005698725 -2.6481974828059753 -2.6508932777938012 -2.6604351049782844 -2.675913015233161 -2.695295727745971 -2.717549532800512 -2.7414568913801243 -2.7655995066157577 -2.786850122447695 -2.802090099117171 -2.8113079763598505 -2.812906727608044 -2.8069929402111065 -2.7954560317165997 -2.7799466480038055 -2.7618226050457735 -2.742793734107002 -2.7275796376797565 -2.7174454850808596 -2.7126076868782034 -2.712814628956711 -2.7173463436443823 -2.7250255440975106 -2.735055457237726 -2.7495091016456628 -2.7679473696519485 -2.789343386946462 -2.8124619181794546 -2.835902351851784 -2.8581415860018637 -2.8782250963229132 -2.8959104179988264 -2.9098135681844894 -2.9185110632146363 -2.9207695737539088 -2.9207695737539088 -2.9207695737539088 -2.9207695737539088 -2.9207695737539088
-2.5714897173116125 -2.5983085716944445 -2.6156131258542947 -2.623184374151405 -2.628878974425216 -2.6409022391789714 -2.6586185174870316 -2.6806193988668805 -2.7045539937725867 -2.7290202587721417 -2.7526684077575743 -2.7755160140033146 -2.797299421086646 -2.8175247154545753 -2.834937923406067 -2.846719510609704 -2.8508696636731763 -2.848843929537825 -2.841837543116234 -2.8307306943323756 -2.818741823362163 -2.809249314059385 -2.802439228897807 -2.798206975497104 -2.797619846631215 -2.8010561198131687 -2.8083325837535575 -2.8190060054932773 -2.832388130184959 -2.847569453975031 -2.8634494683998346 -2.878770502775296 -2.892757117893045 -2.905143398259163 -2.9146798380427956 -2.9200566544183655 -2.9207695737539088 -2.9207695737539088 -2.9207695737539088 -2.9207695737539088 -2.9207695737539088 -2.9207695737539088
-2.502271685020721 -2.534200169715775 -2.558142911083104 -2.5733451158849387 -2.582418215671301 -2.597092077967187 -2.61742129400297 -2.6422213401885166 -2.6701155022647547 -2.6990573632870656 -2.728017615770125 -2.756278347657677 -2.7832272317158475 -2.8083388051102594 -2.831152508251778 -2.851250912824111 -2.8679619639625873 -2.878116132290923 -2.881535357236916 -2.878934290717818 -2.8716912509286106 -2.864833136022617 -2.8597580919698835 -2.8569863287491017 -2.856818113256517 -2.8593229591745604 -2.8643360293116054 -2.871462369256288 -2.880088838502617 -2.8894028061429435 -2.898418733776582 -2.9067819572150975 -2.914031096202892 -2.9190752267358295 -2.9207695737539088 -2.9207695737539088 -2.9207695737539088 -2.9207695737539088 -2.9207695737539088 -2.9207695737539088 -2.9207695737539088 -2.9207695737539088
-2.4322900759892314 -2.467433355284416 -2.495544396287449 -2.516134499005346 -2.5292875385813627 -2.546844240910554 -2.5708906134422946 -2.5998619651556134 -2.6322160534524115 -2.6665571376821946 -2.7012293520788333 -2.7349017552426327 -2.76692401456874 -2.7967521008229754 -2.82391677068868 -2.847996727107794 -2.8685964703527493 -2.8853283683575803 -2.8976828513905395 -2.903698323086034 -2.903221533105626 -2.9004079731327845 -2.898206164441694 -2.8970812726662736 -2.897300156954216 -2.898923037177889 -2.901800927718475 -2.9055792205483195 -2.9097072734722462 -2.9135977461937417 -2.9172231787303464 -2.919903783798874 -2.9207695737539088 -2.9207695737539088 -2.9207695737539088 -2.9207695737539088 -2.9207695737539088 -2.9207695737539088 -2.9207695737539088 -2.9207695737539088 -2.9207695737539088 -2.9207695737539088
-2.363448584949089 -2.400096622970259 -2.4310063170847935 -2.4561244003284486 -2.4744387706805706 -2.49564193475939 -2.524185496436869 -2.5579677405369994 -2.5950895514536803 -2.633963024194764 -2.6732968754826425 -2.712033474873871 -2.7489548088159053 -2.7832650001426282 -2.8145088546246053 -2.84227860395059 -2.8661908139190597 -2.885868960297771 -2.9009303651486427 -2.910976667021955 -2.915587301938703 -2.916312465726974 -2.916830162271424 -2.917259502377794 -2.9178399033866294 -2.9186243555346625 -2.919477543173018 -2.9201289129594388 -2.920646010060952 -2.9207695737539088 -2.9207695737539088 -2.9207695737539088 -2.9207695737539088 -2.9207695737539088 -2.9207695737539088 -2.9207695737539088 -2.9207695737539088 -2.9207695737539088 -2.9207695737539088 -2.9207695737539088 -2.9207695737539088 -2.9207695737539088
