_RESULTS/CROSS_VALIDATION_POSTPROCESSED/Berg/TZ/9comp/1/Berg_TZ_z_355_kriged_reverse_9comp_spherical_1.asc
ncols 100
nrows 90
xllcorner  5.6208707817415728
yllcorner 50.959635321741573
cellsize 0.00013419651685393446
nodata_value 1.7014100000000001E+038
[rows 19 to 37 of 90, columns 0 to 43 of 100]
2.980681404995607 2.9770292144549213 2.9722014510825954 2.966246843538544 2.959224066186775 2.9512136145806127 2.9423309944400162 2.9327413185187177 2.922674910674683 2.9124424554396144 2.902446244429152 2.893180955139916 2.885213870339652 2.879133480859651 2.875462686657081 2.874552267110399 2.876493640191843 2.8810940284112663 2.889394488741022 2.9086316397303533 2.9388138334829526 2.9787477875383765 3.027327957363074 3.0835489041102564 3.146498496560242 3.2153396353601424 3.2892842230089125 3.366339634759335 3.439751916499255 3.5086415877447963 3.5728846581372866 3.632064956328339 3.6872299130780233 3.7439182456004056 3.797665167055563 3.837873222717765 3.848325793438702 3.8192964902030972 3.760306341652945 3.6864055114674485 3.6072088666190694 3.5278381149688363 3.4512034922377213 3.3789418720972892
2.9791574701056414 2.9747961292900857 2.969168193044299 2.962301627338265 2.954233818998888 2.945024209109397 2.9347690943184355 2.923619286204638 2.9118011176867964 2.899640450346425 2.887587062283902 2.8762318449702917 2.8663008018168306 2.8586008567836765 2.8538953277972037 2.852721123210196 2.855221492454668 2.8610959712913493 2.8704616818549793 2.89022664496559 2.921166457636876 2.961776475021888 3.0107051947135175 3.066763866917581 3.128911560760385 3.1962340986083726 3.2679181580369434 3.3432171480251744 3.418484053089103 3.4888433554948666 3.5537296069262965 3.6122960799310198 3.663135994675173 3.7049537855916905 3.740199255372483 3.762228386064201 3.762468609090835 3.7367347019294916 3.688614605858262 3.6259010297090435 3.5557481257691315 3.4833759843341525 3.4120510938644064 3.3434570124738454
2.9776142142926587 2.972597674997438 2.9662196667044083 2.958485385623031 2.9494072147362127 2.9390174102076903 2.9273835957149146 2.9146284472874613 2.9009553469477622 2.886681865488961 2.8722816446750876 2.8584299412300265 2.846033851268336 2.8362014451361923 2.830080429817881 2.8285382321933494 2.8318846324381886 2.8401182724694567 2.8523071754226557 2.87368958824898 2.9059613399757156 2.9474107576191613 2.996552425137516 3.052097645037295 3.112918938649024 3.178017140690977 3.246488930180967 3.317488423228638 3.3901284141960706 3.459444150581498 3.52242145532625 3.5785838072471896 3.626559601368393 3.663240534575394 3.6860102107369883 3.6949125774981133 3.687773640058229 3.6623480838227653 3.620233754892425 3.565697339104095 3.503789551264605 3.4387280770832773 3.3731811468821955 3.309093693704811
2.976158418509498 2.9705600983071268 2.963507604828127 2.954982585934211 2.9449700657421665 2.9334702865790674 2.9205135056483944 2.9061796497920738 2.890625871872327 2.8741267216930306 2.857133385716652 2.8403575337585045 2.8248719448176587 2.8121704687734077 2.80407005132864 2.8027993933565827 2.808854449449212 2.8211078753467627 2.837661941686017 2.860827120653316 2.894383395377605 2.936472327159201 2.985509149368316 3.040135616412764 3.0991595087747115 3.161512503246862 3.2262158921918096 3.2923436074751273 3.358973355843662 3.4249437710478614 3.4851410997122003 3.53722148409601 3.580292686835899 3.6129125527461676 3.633115542173524 3.63771640368658 3.625348864589051 3.598950547469432 3.5600602755669493 3.511324290435705 3.456239387852026 3.3975392060053964 3.3375662896677176 3.2782754762411694
2.974888295985336 2.9688021276540395 2.9611780216499803 2.95197516546916 2.941151281526513 2.9286727839107223 2.9145273705371633 2.898740978949567 2.88140264080826 2.8627039015691422 2.843005374797502 2.8229527746027494 2.803673289057291 2.7874467599550314 2.7778262303521104 2.7773957204339785 2.786899834988991 2.8043236012053416 2.826472796939186 2.8523887653957063 2.8871673614501043 2.9296428675008594 2.9782101034834945 3.0314917920152427 3.088262086130258 3.147405595245081 3.20788970414227 3.268735948937359 3.328981402786455 3.38762497809935 3.443430198452011 3.4917837249491295 3.5303801692365626 3.558316654753667 3.574947389501589 3.5799197839741614 3.570778654597298 3.547203011308998 3.5108731922197385 3.466291104144792 3.416292582014341 3.3628550451979855 3.3079506493367217 3.2534003708618995
2.9738888274954642 2.967428359562464 2.9593620009306387 2.9496298651593422 2.938165674462805 2.9249047940121935 2.909793633597016 2.892801752120434 2.8739393681627186 2.85328612417144 2.8310444930400998 2.8076500554573647 2.7848209228517398 2.765125987438435 2.752139896465784 2.751595987986908 2.765937173805854 2.790503701814625 2.819527253684653 2.849741010601639 2.8854821628920435 2.9279165694002103 2.975526939634512 3.026968514118097 3.081007919768082 3.1365007951420747 3.1923804323734233 3.24764336659802 3.301324727713627 3.352461154086635 3.400044202758544 3.442972457403263 3.477887520689851 3.5021384689064154 3.51559938046932 3.518914240647887 3.5122846231172296 3.494564980431751 3.4661210304004673 3.428969931483889 3.3851687332209015 3.336994587930558 3.2867540933487844 3.236701336800922
2.9732268974170677 2.966522258213477 2.958165686876695 2.9480839316260092 2.9361934901544497 2.922406770932444 2.9066384739865567 2.8888126382745045 2.868871347626572 2.846787533226757 2.822588365213594 2.797443445285692 2.7724034339199655 2.7480093914609354 2.7277776017812725 2.724568106205948 2.747649623702926 2.782249147113984 2.8189112104072773 2.854665943745196 2.8908869157298787 2.932538653545235 2.9785122927943104 3.0275085843528684 3.07828777683723 3.129679731762542 3.1805945173927466 3.2300243824371986 3.2770330017765983 3.3207323497830377 3.360252203946632 3.394712096207396 3.42320996739134 3.4442962525958882 3.4553836619333396 3.4573829866545074 3.450907239306193 3.437022928505165 3.415319078347698 3.3856535944437707 3.3495895571127177 3.308952792777655 3.2656816237482724 3.2216496828462593
2.9729469408476654 2.966139804084447 2.9576610064212696 2.9474314588717796 2.93536003689064 2.9213488225914226 2.9052979515342208 2.8871099730243355 2.8666935757083802 2.84396650504253 2.8198332027828847 2.7953645086214327 2.769832879279422 2.74253212386636 2.713011263698442 2.6972474453498827 2.7407628716943226 2.785171802907744 2.827701243861563 2.8677693916949414 2.9050981422258677 2.944849418256772 2.988296030907177 3.0341232211896583 3.0810483069829493 3.1278583472195165 3.173439273052016 3.216791191048069 3.25702762271732 3.2933606276570813 3.325077967551806 3.35152176692449 3.372079717643983 3.3861986894570832 3.3936732453783662 3.3946978850292457 3.3883915397935596 3.375967288024685 3.358794610430709 3.335510134134529 3.306122049396153 3.272132170985019 3.2351816735458736 3.1969010004843152
2.9730678016450685 2.96630486138014 2.9578787962603417 2.9477130510182454 2.935719816913122 2.9218056804814725 2.9058771525849743 2.8878462324918623 2.8676363867728054 2.8458175487313326 2.824213899159584 2.802323162463831 2.7795750618361157 2.755869543084129 2.733463385264167 2.729373960069382 2.7618906177706637 2.804845066264353 2.8482920229899884 2.8900300926733324 2.92901798635396 2.966060782610886 3.0059535928768994 3.047798719389838 3.0902064105317297 3.1319135287189526 3.171776620950486 3.20880029458301 3.242148573608799 3.271139430550945 3.2952282709931566 3.3139884440101066 3.3270781823923947 3.3342164775567382 3.3355153069854646 3.3320917926198548 3.3242769147398024 3.312709127117704 3.2974612622239614 3.2790717750864244 3.2555620277255706 3.227506990858938 3.1963082538489487 3.163381405183073
2.973581340518433 2.967007113383792 2.958805712734571 2.9489111185773154 2.937249188654817 2.9237448730156936 2.9083303127058224 2.8909548058507055 2.8717736915739573 2.853095599729564 2.835181224417966 2.81761091433614 2.8004117771287267 2.784766668959241 2.7748238213289813 2.779391450577782 2.803389504944429 2.8396188316490125 2.8802784682239233 2.9213539240091886 2.9606820191371606 2.9968236106962234 3.0319865092754767 3.068943688421417 3.106190857210102 3.142339688812678 3.1761783571516427 3.2067013392592574 3.233118703091749 3.2548463947175623 3.2714843390236177 3.2827906911679423 3.2886591688478393 3.2891031707456526 3.2846064853766217 3.276499530748997 3.2651801454667146 3.2512498828414027 3.2352522305977343 3.2179449846879185 3.1989302775219692 3.1759631238761674 3.1499418144757403 3.1220165995159816
2.974453040562203 2.9682029615780396 2.9603855795156564 2.9509519340162416 2.9398495820703467 2.9270319266600993 2.912469601446712 2.8961656704229526 2.8796778077657486 2.86491073807608 2.8514635577148244 2.8392043114610463 2.8285776334353008 2.821114753284514 2.8200072345675684 2.8294818778287136 2.8514652556502997 2.8834048543020065 2.920820233456804 2.959890940143955 2.998231081864059 3.034141906946412 3.0663588814452414 3.097765573574934 3.129307376959235 3.159459372265041 3.186943326599054 3.210754199084873 3.230160638394141 3.244683581499201 3.254062954521385 3.258222065450158 3.2572357332924162 3.2513041318983493 3.241262857902489 3.2285976283831452 3.2138997039882486 3.197658361414151 3.18028533992333 3.1624912006856456 3.145121994497476 3.1259776915006166 3.104329708423645 3.081180656628536
2.9756245019783907 2.969819214867796 2.9625248848411925 2.953713949202629 2.9433603691409593 2.931450885867314 2.9179991058108894 2.9034030749364583 2.89066253093146 2.880112127955726 2.871474830013209 2.8647842199134637 2.8605874600302794 2.8601743214968787 2.8656038712930854 2.87905381351209 2.9014338319602215 2.9312426973023933 2.965931840634984 3.0029408421746195 3.0400251883308167 3.0753017532887292 3.1071795577406234 3.1344484480113177 3.15975874087816 3.1834523674295676 3.2042035617031748 3.221031922308051 3.233286266243184 3.240603426435747 3.2428589227019162 3.240120819678951 3.232610823009329 3.2206718291018754 3.2055803008824997 3.1887186977766055 3.170696118820261 3.1520402645960033 3.1333210378250493 3.115062701007576 3.0980820194435688 3.08218977235422 3.064599905424536 3.0459266810935137
2.982492737759515 2.9766086591379985 2.968327124037206 2.958307949423978 2.94761713120882 2.9367338355935466 2.924561640895528 2.9127004514379644 2.903783414701884 2.8975070344475324 2.8936773205925053 2.892374130348971 2.894063903949678 2.899667054171032 2.910448511060855 2.9275197502907004 2.9508867821835123 2.9798774705402953 3.013056712641972 3.048573429357233 3.084497295982138 3.1189712069245465 3.1502690644200375 3.176855772808608 3.1975213389220505 3.214280963176224 3.2278801864693576 3.2374067239711604 3.2423236876054693 3.242398757873367 3.2376368172380743 3.228226950767663 3.21450225027958 3.1969476112777264 3.177328667916629 3.1567080948784936 3.1357077381029628 3.1148096513437142 3.0946006381823685 3.0758445494103483 3.059214653423205 3.04536552704618 3.031564747955397 3.017104942490783
3.0304868898524076 3.023721254601102 3.0118643915914394 2.995736835074219 2.976630576695662 2.9562532607346492 2.9367610487427767 2.9235558000071937 2.9181271564740783 2.915989496119129 2.9167442567348396 2.920447074631339 2.927423724308456 2.938270200849916 2.9536511164822405 2.973733954845534 2.998594030421752 3.0278110106868907 3.0604110538772087 3.0950122496556283 3.129994075377839 3.1636175183707858 3.19411418750172 3.2198032465148185 3.239268132064442 3.2515489967586713 3.257602978252904 3.2594863009421835 3.256876853357402 3.2496869755135798 3.238036362346945 3.2222030666809816 3.202591748368564 3.1799626114874884 3.1563288548689346 3.1324098447056943 3.108823906902137 3.086013814665014 3.064553914744248 3.0452003559565712 3.028852213639173 3.016237726776423 3.005963450318107 2.9954934198136227
3.1256546465494264 3.1178225279657847 3.101828405333775 3.0787082958910506 3.0500628683254183 3.017966777912382 2.9855007834674008 2.958963201925865 2.941296854721817 2.935012196943549 2.939579642083035 2.94782540700663 2.959517647045486 2.9749532694805048 2.994118157167934 3.017084433934868 3.0437829640139364 3.0738233366679872 3.1064468909609175 3.1405568142676983 3.1747781201166947 3.2075108342454812 3.236990414997367 3.261422550563095 3.279248093281927 3.2894569206848834 3.291740956225668 3.2865094622343536 3.276259647366586 3.2618796051950505 3.2435687957237196 3.221647873467433 3.196547547897789 3.169575914930218 3.1424833671624097 3.1157589147670266 3.090017855960236 3.065666696281135 3.0432639827986656 3.0235545200231724 3.007423308143413 2.9958309099312834 2.98848581585473 2.9818193850400316
3.269123621823739 3.2599791289808113 3.2390455826154594 3.20765023489679 3.167815918211183 3.122119020128032 3.0750076103313866 3.0330651522270697 2.9991172182388093 2.9759337245360182 2.9664474452486087 2.9735715219808694 2.989416523202088 3.008687561319143 3.0312376513700308 3.0569495877386985 3.085588219464851 3.116719477044371 3.149663043417167 3.183480183766801 3.2169745418018323 3.2486812825057325 3.27685844357853 3.299590634259369 3.3151721015289493 3.3226487875708908 3.3219948124795486 3.3137917784265003 3.298859682474741 3.2781482446929284 3.2536145922151176 3.226110655082886 3.1961395907558017 3.1657360503220198 3.135799972815673 3.106799699325284 3.07936496955508 3.053872950346128 3.0308660457841854 3.0110806144454383 2.99539261560155 2.984758106227997 2.9797918426433827 2.9767776601412246
3.463608004246351 3.452831169722275 3.4258622642557683 3.3844268463334366 3.331128995456252 3.2692331648444664 3.204868805604609 3.1446849760995654 3.091819859642014 3.049393821711332 3.0205353802212516 3.0084414732058007 3.016362095434505 3.0388466618315437 3.064394423272006 3.092596406122632 3.123062003008771 3.1552687521534963 3.1885279273040807 3.2219673262829645 3.2545145479441455 3.284846234021779 3.3112774438943857 3.331720795690476 3.3442235691867404 3.348091739033205 3.3439866441929005 3.332923360434866 3.315748454835279 3.2931812683867046 3.2659485909306425 3.2348551818164477 3.201516160461064 3.1685058030540136 3.13641025619341 3.105700259138289 3.077054790353147 3.050840259014344 3.0275866061125463 3.0080277083323965 2.9930390201655324 2.983286071345678 2.979073754863205 2.9769988295977807
3.7132724944603472 3.7004513846243676 3.665981485894148 3.612140365457202 3.5423394276097855 3.4608000948625928 3.37552648169175 3.293395528153191 3.2181749574311325 3.1534472520074948 3.1026079398677497 3.0689155553355976 3.0554427583204986 3.0652564899398524 3.0929589364770274 3.1232623514209243 3.1552403326017386 3.1882455143410064 3.2215107358664743 3.254146150030185 3.285142859249456 3.3133423796803556 3.3372583116665426 3.354631311436501 3.3628341055909403 3.3619060983832516 3.3540660662740973 3.3407469855178498 3.322436800065555 3.299324064019378 3.2717320782781214 3.240375857723485 3.207729278896785 3.1748409239318294 3.1423500173895924 3.1110133289295927 3.0817670131729624 3.055065178959308 3.0313931572231883 3.0113499982754317 2.9956027723576177 2.9848269191144623 2.9796536923814907 2.9774456408139898
4.023605719845185 4.0082127215974355 3.9643019203785212 3.894926550081179 3.804630149241707 3.6989933771058947 3.5879456754669725 3.479167014331109 3.377273424830108 3.2864371227417144 3.2103887498888 3.152479979521758 3.1156530714043726 3.1027007637937016 3.1165071244501297 3.148249112512914 3.1812481536669615 3.2145470179629556 3.247227864992816 3.2782779168824203 3.306631415657836 3.3312321789686323 3.3510302086163497 3.3642884419006127 3.3663741168277204 3.359691699126272 3.3493195935755393 3.3356041990193375 3.3179583846825795 3.2959001661680998 3.269321397464562 3.2398560813272756 3.209068636119265 3.177457772015963 3.145725553610749 3.114697131570861 3.0854489526373072 3.058557935557448 3.0345332450998104 3.014020258870682 2.9977262817007064 2.9863504333106583 2.9805459958635936 2.978132348083027
