_RESULTS/CROSS_VALIDATION_POSTPROCESSED_80-20/Berg/IZ/1comp/2/Berg_IZ_z_500_kriged_reverse_1comp_spherical_2.asc
ncols 100
nrows 90
xllcorner 5.6208707817415728
yllcorner 50.959635321741573
cellsize 0.00013419651685393446
nodata_value 1.7014100000000001E+038
[rows 0 to 17 of 90, columns 0 to 41 of 100]
0.03176260534442449 0.03176260534442449 0.03176260534442449 0.03176260534442449 0.03176260534442449 0.03176260534442449 0.03176260534442449 0.03176260534442449 0.03176260534442449 0.03176260534442449 0.03176260534442449 0.03176260534442449 0.03176260534442449 0.03176260534442449 0.03176260534442449 0.03176260534442449 0.03176260534442449 0.03176260534442449 0.03176260534442449 0.03176260534442449 0.03176260534442449 0.03176260534442449 0.03176260534442449 0.03176260534442449 0.03176260534442449 0.03176260534442449 0.03176260534442449 0.03184684107644156 0.03208343313083068 0.032435968302449776 0.03288253429430598 0.03350135271356901 0.034371542431254815 0.0354819833125172 0.03685121596818905 0.03846445250729299 0.040286882824782405 0.04227472167661193 0.04437483141622309 0.04652714578721172 0.04867073984759148 0.050753285035976176
0.03176260534442449 0.03176260534442449 0.03176260534442449 0.03176260534442449 0.03176260534442449 0.03176260534442449 0.03176260534442449 0.03176260534442449 0.03176260534442449 0.03176260534442449 0.03176260534442449 0.03176260534442449 0.03176260534442449 0.03176260534442449 0.03176260534442449 0.03176260534442449 0.03176260534442449 0.03176260534442449 0.03176260534442449 0.03176260534442449 0.03176260534442449 0.03176260534442449 0.03176260534442449 0.03176260534442449 0.03176260534442449 0.03176260534442449 0.031785806600511154 0.03198558098661764 0.032308610305839786 0.032745788791363126 0.03328906606334958 0.03401458363424766 0.035030657621865385 0.03636557288789731 0.03799964462426947 0.03990551559791298 0.042045137564651336 0.04436601710283069 0.04679939078932053 0.049262323073454226 0.05166599159498142 0.053931249367099365
0.03176260534442449 0.03176260534442449 0.03176260534442449 0.03176260534442449 0.03176260534442449 0.03176260534442449 0.03176260534442449 0.03176260534442449 0.03176260534442449 0.03176260534442449 0.03176260534442449 0.03176260534442449 0.03176260534442449 0.03176260534442449 0.03176260534442449 0.03176260534442449 0.03176260534442449 0.03176260534442449 0.03176260534442449 0.03176260534442449 0.03176260534442449 0.03176260534442449 0.03176260534442449 0.03176260534442449 0.03176260534442449 0.03176045618361238 0.03183602111623755 0.03209748142340886 0.03248950388387118 0.0330071491242266 0.0336447679280534 0.034510014025002714 0.035738463644259845 0.03731793693253188 0.03923198049302379 0.04145540370941246 0.04394787964985367 0.04664741719992385 0.04946534561026601 0.05228600414816283 0.05497593095408988 0.05740734504041938
0.03176260534442449 0.03176260534442449 0.03176260534442449 0.03176260534442449 0.03176260534442449 0.03176260534442449 0.03176260534442449 0.03176260534442449 0.03176260534442449 0.03176260534442449 0.03176260534442449 0.03176260534442449 0.03176260534442449 0.03176260534442449 0.03176260534442449 0.03176260534442449 0.03176260534442449 0.03176260534442449 0.03176260534442449 0.03176260534442449 0.03176260534442449 0.03176260534442449 0.03176260534442449 0.03176260534442449 0.03175539802496026 0.031713044789363036 0.03184608753580538 0.03215918367833041 0.03261245148370085 0.03320383651934072 0.033984093619620175 0.035034660069357675 0.03647396315032212 0.03830190847984464 0.040509121625640285 0.04307561838297877 0.04596189580442373 0.0490983674706303 0.05237465299553635 0.05563287511006315 0.058673252882162706 0.061284202135778995
0.03176260534442449 0.03176260534442449 0.03176260534442449 0.03176260534442449 0.03176260534442449 0.03176260534442449 0.03176260534442449 0.03176260534442449 0.03176260534442449 0.03176260534442449 0.03176260534442449 0.03176260534442449 0.03176260534442449 0.03176260534442449 0.03176260534442449 0.03176260534442449 0.03176260534442449 0.03176260534442449 0.03176260534442449 0.03176260534442449 0.03176260534442449 0.03176260534442449 0.03176260534442449 0.031753328432721085 0.03169050185615698 0.03162896615318013 0.031805796926721856 0.032160355840509865 0.03266439056735117 0.03336952319027605 0.034325822554253364 0.03555679965033327 0.03719867001048622 0.03927308552806858 0.04178108005609979 0.04471259940868263 0.04803504536238171 0.05167783672275976 0.05551332316318161 0.0593376958691152 0.06286306946020663 0.06574400000992682
0.03176260534442449 0.03176260534442449 0.03176260534442449 0.03176260534442449 0.03176260534442449 0.03176260534442449 0.03176260534442449 0.03176260534442449 0.03176260534442449 0.03176260534442449 0.03176260534442449 0.03176260534442449 0.03176260534442449 0.03176260534442449 0.03176260534442449 0.03176260534442449 0.03176260534442449 0.03176260534442449 0.03176260534442449 0.03176260534442449 0.03176260534442449 0.03176260534442449 0.031756126970225534 0.031691702613381126 0.03156651665266231 0.03150440049581941 0.03170858673132223 0.032092275334205826 0.032668157191582524 0.033514918220571455 0.03463576848317614 0.03604173902390165 0.037870065134691724 0.040179472460915536 0.04298517620242431 0.046293118522697844 0.05008679424328792 0.05431218442500125 0.05884675386877225 0.06344849118129472 0.067728339235449 0.07114836954249304
0.03176260534442449 0.03176260534442449 0.03176260534442449 0.03176260534442449 0.03176260534442449 0.03176260534442449 0.03176260534442449 0.03176260534442449 0.03176260534442449 0.03176260534442449 0.03176260534442449 0.03176260534442449 0.03176260534442449 0.03176260534442449 0.03176260534442449 0.03176260534442449 0.03176260534442449 0.03176260534442449 0.03176260534442449 0.03176260534442449 0.03176260534442449 0.031761191954383636 0.031706840692752376 0.03158094635508922 0.03139430335730922 0.031335390501680514 0.03155011023343413 0.03196141717986713 0.03264172580593079 0.03361214792959208 0.034879557026896706 0.03645460111084574 0.03844317008360082 0.040962894941920056 0.044046692212914976 0.04773661785305228 0.05205057426383797 0.05695710988418229 0.06234923050902752 0.06798727841307116 0.07341506252074931 0.0778782208472346
0.03176260534442449 0.03176260534442449 0.03176260534442449 0.03176260534442449 0.03176260534442449 0.03176260534442449 0.03176260534442449 0.03176260534442449 0.03176260534442449 0.03176260534442449 0.03176260534442449 0.03176260534442449 0.03176260534442449 0.03176260534442449 0.03176260534442449 0.03176260534442449 0.03176260534442449 0.03176260534442449 0.03176260534442449 0.03176260534442449 0.03176260534442449 0.03173074639996513 0.03161731439878274 0.03143154333736291 0.03118995890868777 0.031121324258752258 0.031328936647982496 0.0317981684685418 0.0325648570151514 0.03363588244850683 0.035024711479538825 0.03675063891476023 0.038873668298259785 0.041573095901501385 0.044932455602933595 0.04900606382556629 0.05383897107251435 0.05944793655187925 0.06578771602797867 0.07268909282038133 0.0797355767702708 0.08602474601748147
0.03176260534442449 0.03176260534442449 0.03176260534442449 0.03176260534442449 0.03176260534442449 0.03176260534442449 0.03176260534442449 0.03176260534442449 0.03176260534442449 0.03176260534442449 0.03176260534442449 0.03176260534442449 0.03176260534442449 0.03176260534442449 0.03176260534442449 0.03176260534442449 0.03176260534442449 0.03176260534442449 0.03176260534442449 0.03176260534442449 0.03175377141678066 0.03166759232292267 0.03149754029361095 0.03125419117004061 0.03096154452311559 0.03086523280848183 0.031067855820363366 0.03159271365970072 0.03242144480560762 0.03356523743069977 0.03504335326426973 0.0368837030933843 0.03914828110657464 0.04201040350841945 0.04559719107612175 0.04999081121416566 0.055275719369796604 0.06152449935934445 0.06877495079326869 0.07698984808697099 0.0859651593771926 0.09502206270119591
0.03176260534442449 0.03176260534442449 0.03176260534442449 0.03176260534442449 0.03176260534442449 0.03176260534442449 0.03176260534442449 0.03176260534442449 0.03176260534442449 0.03176260534442449 0.03176260534442449 0.03176260534442449 0.03176260534442449 0.03176260534442449 0.03176260534442449 0.03176260534442449 0.03176260534442449 0.03176260534442449 0.03176260534442449 0.03176260534442449 0.031719215498664736 0.031580976010172936 0.031357508957096554 0.03105961792504745 0.03071526743366399 0.0305739057190583 0.030779314143359347 0.03133677103418564 0.03220084591088591 0.033385779157649495 0.03491754714345757 0.03685989415904104 0.03926638777022808 0.042233364192855435 0.04596567102994568 0.050578577747857525 0.05618958516546846 0.06291569556438749 0.07085776713461489 0.08008314029476699 0.09061098998643048 0.10239583528538641
0.03176260534442449 0.03176260534442449 0.03176260534442449 0.03176260534442449 0.03176260534442449 0.03176260534442449 0.03176260534442449 0.03176260534442449 0.03176260534442449 0.03176260534442449 0.03176260534442449 0.03176260534442449 0.03176260534442449 0.03176260534442449 0.03176260534442449 0.03176260534442449 0.03176260534442449 0.03176260534442449 0.03176260534442449 0.03175579840124421 0.03166621586390194 0.03147993246036581 0.03120701280399059 0.030858389698027698 0.030460387660026865 0.03026768885148426 0.030462206446020653 0.031027368400825775 0.031898991578716854 0.033093626615483894 0.03467016057305769 0.03667716041614708 0.039166948614459046 0.0422082584030082 0.04598543309071583 0.05068899096447877 0.05645718405960602 0.0634258626987299 0.0717023526309448 0.0813269714839705 0.09220404009792552 0.10387135563713781
0.03176260534442449 0.03176260534442449 0.03176260534442449 0.03176260534442449 0.03176260534442449 0.03176260534442449 0.03176260534442449 0.03176260534442449 0.03176260534442449 0.03176260534442449 0.03176260534442449 0.03176260534442449 0.03176260534442449 0.03176260534442449 0.03176260534442449 0.03176260534442449 0.03176260534442449 0.03176260534442449 0.03176260534442449 0.03173402882088502 0.03160266854875242 0.031373085999137004 0.031055440492121368 0.03066070235784863 0.030208955628824377 0.029965135061841962 0.030124356829178026 0.030667171734846482 0.03151972976154283 0.03271875694168443 0.034307540954956174 0.036325958149304886 0.03883058185292295 0.04189740470721752 0.04563632263557013 0.050289738435413345 0.05603406239805611 0.06300242075747621 0.07126087142154826 0.08072199412550468 0.09097713261378192 0.10091481695812717
0.03176260534442449 0.03176260534442449 0.03176260534442449 0.03176260534442449 0.03176260534442449 0.03176260534442449 0.03176260534442449 0.03176260534442449 0.03176260534442449 0.03176260534442449 0.03176260534442449 0.03176260534442449 0.03176260534442449 0.03176260534442449 0.03176260534442449 0.03176260534442449 0.03176260534442449 0.03176260534442449 0.03176259328297179 0.03170367657214396 0.03153588187615703 0.0312684471996982 0.030911560089036352 0.030476151697081583 0.029975408773683997 0.029674585409849793 0.029776407526131584 0.030264353482609595 0.03109293996129038 0.03227547796571444 0.033836259522754535 0.03581360844421867 0.03826361110670619 0.04126494739287583 0.04492328795418282 0.04939914665509701 0.05495541922752768 0.061737245487934723 0.06976961549691096 0.07883444459049187 0.08831444785044365 0.09696889250810892
0.03176260534442449 0.03176260534442449 0.03176260534442449 0.03176260534442449 0.03176260534442449 0.03176260534442449 0.03176260534442449 0.03176260534442449 0.03176260534442449 0.03176260534442449 0.03176260534442449 0.03176260534442449 0.03176260534442449 0.03176260534442449 0.03176260534442449 0.03176260534442449 0.03176260534442449 0.03176260534442449 0.0317587768975995 0.031670672499300855 0.03147239091735584 0.031173208280350213 0.030783291806579117 0.030313479916870553 0.029776034980529723 0.02940790534405341 0.02943297353451004 0.02984165343915042 0.03063916489039709 0.031777666261770046 0.03327536090499386 0.035165053883535344 0.03749673329335609 0.040347765245361454 0.04387132547458252 0.04822427980319383 0.05360391981962047 0.06023344721210794 0.0680928707849466 0.07688793878478116 0.08592972743578808 0.09400885909112731
0.03176260534442449 0.03176260534442449 0.03176260534442449 0.03176260534442449 0.03176260534442449 0.03176260534442449 0.031762670531281005 0.031765661641170215 0.03176898500419659 0.03176927915116397 0.03176629401882157 0.03176289851914458 0.03176260534442449 0.03176260534442449 0.03176260534442449 0.03176260534442449 0.03176260534442449 0.03176260534442449 0.031751132187189605 0.03164007207007444 0.03141778100508076 0.031093542280288985 0.030677475813044065 0.03018030314802365 0.029617928381726243 0.02917981513201427 0.029112115972543453 0.02944081308643099 0.030173230466717695 0.03124649524458858 0.03265471394936109 0.034430241904375214 0.036679630882894824 0.03946983019497755 0.04289315453216192 0.04711348028723283 0.05236674369774722 0.058864376941758584 0.0666477413568661 0.07537728540991723 0.08438363968654448 0.09254249316945502
0.03176260534442449 0.03176260534442449 0.03176260534442449 0.03178128403666163 0.03182698535108342 0.03188423886780527 0.03193996431428942 0.031983835645796405 0.03200863263560563 0.032010521783296345 0.03198921719461084 0.03194799290555421 0.03189354445605803 0.03183572428694078 0.031787197517139425 0.031763078182340906 0.03176260534442449 0.03176260534442449 0.03174330421068788 0.031615915350032574 0.03137652713314402 0.031034414821894948 0.030599646366155923 0.030082833901497706 0.029503401651813442 0.029007147448901958 0.028842987324681078 0.02908296955353396 0.02971485178099756 0.030707687079673376 0.032076836619019146 0.03388207293108515 0.03613455026760732 0.03886043622444365 0.042122112963402084 0.046087045492653494 0.05114425406649679 0.05768315513697206 0.065553708646333 0.07436486085897605 0.08355880051628814 0.09229429719954993
0.03176400283535113 0.03181208073921778 0.03191268725641497 0.03204508551691604 0.032190044544190666 0.03233021208191012 0.032450625612721204 0.032539286391083215 0.032587708624889036 0.03259135528699016 0.03254988714563709 0.032467181831236584 0.03235111959677305 0.032213173033354345 0.03206787025081146 0.031932218729621396 0.03182517875907601 0.03176726423314961 0.031737913511411434 0.03160111057755328 0.03135185767822208 0.030999420233746727 0.030553828856183518 0.030025621857453687 0.029435523059586473 0.028908159718349504 0.028647448919204503 0.02878751291028201 0.029314238172164466 0.030319894528931413 0.031773220009691426 0.033641367678130196 0.03592150233961796 0.038610531969456324 0.04171032570640046 0.04528448670410282 0.049905498585526294 0.05673670936409855 0.06496259217493183 0.07387429336950782 0.08306208632429643 0.09208728977784314
0.03192628686868114 0.03211899188182763 0.03235455951174139 0.03261023719424554 0.03286431538003078 0.03309671618951318 0.03328976850107615 0.03342907113460003 0.033504319677303704 0.03350996512721082 0.033445591493147506 0.03331594474484845 0.03313060784598149 0.03290338031102227 0.032651469550842506 0.03239462467706399 0.03215433991618242 0.03195323095434278 0.03178848780798378 0.031597349128170776 0.03134565136809159 0.030990655141810278 0.030542379374216964 0.03001134282793121 0.02941669061911718 0.028884706933259723 0.028541963418696026 0.02859216738297173 0.02915072593391277 0.03021260595043635 0.03175640832095574 0.03372072393729292 0.03608498259263703 0.03883229178821819 0.04193092779772642 0.04533082513590619 0.04929220338487332 0.056739942336191215 0.0650934383077544 0.07388330564468908 0.08265687515355641 0.09068982758853948
