_RESULTS/CROSS_VALIDATION_POSTPROCESSED_80-20/Berg/IZ/1comp/2/Berg_IZ_z_250_kriged_reverse_1comp_spherical_2.asc
ncols 100
nrows 90
xllcorner 5.6208707817415728
yllcorner 50.959635321741573
cellsize 0.00013419651685393446
nodata_value 1.7014100000000001E+038
[rows 57 to 75 of 90, columns 43 to 85 of 100]
17.770620395717494 17.784296522740963 17.800548218036614 17.818580746298178 17.83742219462884 17.85562894452091 17.872279716458785 17.886675360378327 17.89753485575936 17.90349026450137 17.9038094852159 17.894420002983214 17.871343672451523 17.835584777298443 17.786088466511767 17.720161778785556 17.63429789517741 17.530277212384608 17.439041369598467 17.39401900239148 17.37461012455837 17.367742071065372 17.37274315240103 17.39084720372363 17.416158796108686 17.434401868162272 17.45943926834499 17.490237503366703 17.525613761941035 17.563999362546745 17.601743402523766 17.637316047165776 17.66911448283236 17.69565404369125 17.717004213199655 17.73404521405122 17.74501023081985 17.7485342653359 17.75080879414777 17.75295216520473 17.755682134287216 17.75965083056513 17.765414719759175
17.76041340157151 17.765810833629008 17.77404991997557 17.78426304006198 17.795549640845394 17.806507041921236 17.816032193922954 17.823688202738346 17.828293431027284 17.828772477695303 17.824158730190195 17.812820447603983 17.78827765094872 17.748269931566917 17.691052822901437 17.614476127078127 17.513402158448063 17.380387284482 17.264132006275783 17.280063380206776 17.28795971167278 17.29969341611127 17.31924818823326 17.347716397026193 17.38026746174893 17.408193257980027 17.43683493671092 17.46912971724406 17.50512606238209 17.54398750758446 17.583781506852166 17.621965653555584 17.656016375415646 17.68517847951201 17.71003948161478 17.73109187814303 17.74533410715618 17.75221794808323 17.757949451221357 17.763587628125997 17.769717928953398 17.776881964669577 17.78511890249822
17.759472848587816 17.756816714420943 17.756985910085373 17.759278542931987 17.762763097369113 17.766405904603772 17.76900595426585 17.770090247511984 17.768585852808584 17.763423281070153 17.753585928471765 17.738061237103953 17.71343561098021 17.673736288110273 17.617344330772625 17.542226674072555 17.446589087023444 17.3352663311102 17.256162764141 17.25351626505189 17.27058655498265 17.289539796604593 17.31449718085482 17.34582593713208 17.37685355871903 17.4068229893431 17.43761360115671 17.470774430782637 17.50589840929151 17.542181315353705 17.578545969872586 17.61387336861148 17.647164393660237 17.67803231788191 17.70617692343091 17.730628135135987 17.747370956401618 17.75711887401012 17.76591302929717 17.77464699808473 17.783802110910496 17.79185172537282 17.79471681312339
17.762302603752644 17.75744972315481 17.751020823376678 17.745562628847285 17.741458952055375 17.737742612776007 17.73356634904018 17.728456947092724 17.721290127214598 17.71106901439048 17.696840224474084 17.677684070555156 17.65269071273179 17.617086892267693 17.567385277844767 17.503935575795644 17.429752436311606 17.3558697002397 17.306065168146333 17.29469755316787 17.308287838919796 17.332512563035067 17.357854602257603 17.381910826934334 17.406969906318558 17.433509708662314 17.461527867661538 17.491302927587178 17.52273314347117 17.555280073491204 17.588150583580028 17.620481557422302 17.651834965965822 17.681825671978142 17.710000326462605 17.734981959301066 17.75245345072648 17.76411800972596 17.77545181008766 17.786045888872774 17.79304132399213 17.795586988957197 17.79502426367842
17.765817912177983 17.760307276393867 17.75301326561852 17.744039394752896 17.733525616503286 17.722941189764395 17.712167799607986 17.701153008559196 17.688989056816517 17.674530792440102 17.65697885830001 17.635633447392447 17.609954732630264 17.579541132502854 17.540414811952758 17.49264404375405 17.44099852808348 17.394551764117086 17.365145022459004 17.359077053668575 17.369994855055293 17.389259692624158 17.411668067683358 17.43486466005968 17.457756166909228 17.480308400913803 17.5033317601396 17.528447676903824 17.555510115432522 17.583964821804425 17.613155922423772 17.64274149056482 17.672218215155425 17.701053655635807 17.72884303364079 17.752639777960187 17.769348950795376 17.780252175543172 17.788907597112047 17.794623219582327 17.796672494734477 17.79548582707733 17.795018275172975
17.769889307195644 17.763786349007574 17.755914403054938 17.746345392650195 17.73504916428581 17.721893614096306 17.70684585187813 17.690554656404245 17.673802888957564 17.656003002328898 17.63625116896318 17.614071860204696 17.589302088695664 17.562221900455903 17.53367637480819 17.501977894157804 17.46993050423851 17.442844444407342 17.42605494584661 17.422232052925317 17.42978606568975 17.44487991754737 17.464337307339378 17.48585996335906 17.508145918669623 17.5307299827509 17.553661514493363 17.57719002862624 17.601512556993722 17.62674232835445 17.652967008550426 17.679837555409744 17.70683439515011 17.733335005422326 17.7581847162864 17.77684536930568 17.787616989446448 17.793688562211504 17.79752097633237 17.79839403896024 17.796502015469446 17.79524633368163 17.795018275172975
17.76981244408531 17.763511956584473 17.755263052263246 17.745621287438517 17.73455675259371 17.721936360109638 17.70752285841401 17.691319694895636 17.673689155732117 17.654483225857216 17.634080951306125 17.612413114918947 17.589493406435874 17.56584700789056 17.54252430219126 17.521260794616147 17.50175238339579 17.485668418102474 17.476311493466596 17.475326017492204 17.482216312932056 17.495263657710407 17.512614796476853 17.53246030302944 17.553605197309167 17.57541171778869 17.597628807649816 17.6202396497402 17.643443299758324 17.66722272900076 17.69140256688863 17.715668971259564 17.739590028599963 17.762645964565632 17.782137015015838 17.794672185200973 17.799651933574136 17.80125199989793 17.800484720317492 17.797823162673758 17.79594370362826 17.79507135228089 17.795018275172975
17.763109386695657 17.758188202139625 17.749734540197675 17.740246697011145 17.72970804600014 17.718001554194746 17.704918465152755 17.690247728686163 17.67445543666285 17.6573321124838 17.63844449785948 17.617820166969935 17.596756818040454 17.57592556701372 17.556236336923465 17.53910844306773 17.52636747018715 17.518811120738597 17.515648486591324 17.517907927480422 17.52558590016825 17.538128558988298 17.554301589916367 17.57284833234995 17.59279983063761 17.613595389221754 17.63495574632105 17.656716160442233 17.67876523152638 17.700965415360923 17.723107040781997 17.744891788199002 17.765936235285633 17.785160131956676 17.79867725898894 17.80517655154113 17.80497583703738 17.80234748352504 17.79921438930981 17.796887800367493 17.795460853041114 17.795018275172975 17.795018275172975
17.75024305099174 17.74702375473396 17.73961224252815 17.73050349302999 17.72077923850869 17.71033687213285 17.698988715673497 17.686477495335744 17.67294905392635 17.658663236617357 17.643260704186197 17.62644380577586 17.60803820846156 17.589457680769527 17.57252341812829 17.558350784254255 17.54819914854136 17.543236429497387 17.544210306726065 17.54982964450508 17.559261620034803 17.57227644763021 17.58813335975121 17.606027808562523 17.625263419481392 17.645317337975335 17.665829198944557 17.68655039977237 17.70728288158562 17.72782616247047 17.747941284822787 17.7673324782095 17.78555093101278 17.79945842946663 17.807084527634007 17.807549364944585 17.803747093873394 17.800466213565937 17.797869988844127 17.79605871353996 17.795126891314865 17.795018275172975 17.795018275172975
17.73152921891957 17.729049393871517 17.724613653591366 17.71659098410597 17.707964769777483 17.699125003589558 17.689891703141093 17.68002000841003 17.66930225443534 17.65817711379131 17.64650299892733 17.6340028333902 17.6204985808253 17.6059414239205 17.591272556207063 17.57920478941765 17.570734518929815 17.56663398047427 17.567365862708574 17.573119517972778 17.58370143100664 17.597868366716114 17.614100350056745 17.631860205111856 17.65064575548626 17.67002813400122 17.689665137675366 17.70928276005776 17.72864288119164 17.747510470567466 17.765627904824253 17.782698961008403 17.7965655005479 17.80477512643204 17.807261073617866 17.804659417427427 17.801406398469613 17.79871224885597 17.796683671155304 17.795421310894564 17.795018275172975 17.795018275172975 17.795018275172975
17.707052094685462 17.7043041493646 17.702841089252264 17.698358434169258 17.691396631484537 17.68449479473962 17.677744057798954 17.67088670807338 17.663628574436572 17.655953282737432 17.648181047814557 17.640036058005226 17.631296649851333 17.62183361656173 17.611605201212992 17.601345704854058 17.594036165142743 17.590440631967848 17.590975098527927 17.595892868480522 17.604894072430554 17.61739258146428 17.63263101113312 17.649801795205335 17.668147158079044 17.686996948440996 17.705832850171653 17.724377378984794 17.742382829819277 17.75960428852431 17.775940292045146 17.79007445755512 17.799875299108574 17.804961815023738 17.80495346259731 17.801911657523238 17.799277544875572 17.797188832142012 17.795750988777286 17.795063963815867 17.795018275172975 17.795018275172975 17.795018275172975
17.676838337564543 17.67368667765656 17.673587580898758 17.673447954069836 17.670852419654224 17.6665421621952 17.66264586543396 17.659170967280755 17.655779493594874 17.652133555787877 17.648401884617684 17.644624470967056 17.640511614607977 17.635843317477807 17.630457401708966 17.624218881646243 17.61792134983911 17.614719484748374 17.61523499603812 17.619481698173452 17.62723359643936 17.638062190399484 17.651403319199257 17.66663566393099 17.683151146598913 17.700405211625327 17.717943962231985 17.735411488077315 17.752543531452304 17.769153741766008 17.78386790840943 17.7948532359894 17.80168924903436 17.803965410969298 17.80191725241415 17.799479043388253 17.797470263613828 17.79599892491376 17.79516823625851 17.795018275172975 17.795018275172975 17.795018275172975 17.795018275172975
17.640252429255522 17.637192553458615 17.637284108313377 17.640755631204197 17.643532115155814 17.644751762969886 17.64470285026191 17.64499278380848 17.645800761857526 17.646711856021955 17.64737189046069 17.647969896567993 17.648361772844552 17.648239063516684 17.64733889983049 17.645417714997073 17.64236465902797 17.639668307027414 17.640143221452647 17.64383797489277 17.650581033332124 17.66005087255897 17.67181862130342 17.685400090751653 17.70030540300745 17.716077877626848 17.732318691573038 17.748697934677462 17.764917320644795 17.779267980739256 17.790551642381168 17.79829499554941 17.802047044963633 17.801422471210007 17.799286561136224 17.79747377602341 17.796091580920976 17.79524400784239 17.795018275172975 17.795018275172975 17.795018275172975 17.795018275172975 17.795018275172975
17.59649104758815 17.59465935902586 17.594983610535106 17.599868304973317 17.608149492169677 17.615860436009378 17.622643121554066 17.628487073690263 17.633881705285596 17.63960957510921 17.645232416856373 17.650379891319886 17.655170550710526 17.659381431774236 17.662706190958016 17.664979925948625 17.6659275673837 17.66526243281111 17.665681015875304 17.668913517706816 17.674826657332737 17.683173669939755 17.693622387391407 17.705790488709408 17.719280757340265 17.733710704563624 17.74873353036587 17.76365034580619 17.7768155221745 17.787587333604733 17.79544630886901 17.79990234690235 17.800479198474235 17.798728922889016 17.797198706753385 17.796003467889253 17.79524512360668 17.795018275172975 17.795018275172975 17.795018275172975 17.795018275172975 17.795018275172975 17.795018275172975
17.54558292130288 17.54515880712022 17.546473311783622 17.552627172266195 17.564004821927725 17.57874842265301 17.593139314457424 17.606792696351103 17.61950868299013 17.63111011009462 17.641872494955273 17.652078369743045 17.661362861775917 17.66985332926574 17.677381867686318 17.683619199342644 17.688236128508354 17.690875554426437 17.69181937238238 17.69465883224191 17.69987813790014 17.70728412701563 17.716615124965465 17.727565336823492 17.739810170430005 17.752832293957933 17.765362064841845 17.776707617371372 17.7862929487889 17.793574713495513 17.798036358560175 17.79917827900454 17.797891708478385 17.796697967465892 17.79575880312252 17.795170962367102 17.795018275172975 17.795018275172975 17.795018275172975 17.795018275172975 17.795018275172975 17.795018275172975 17.795018275172975
17.48744605350523 17.488203135671757 17.491412435810965 17.49916309034132 17.51329143373491 17.532778984387463 17.555481143562726 17.57768834408693 17.598792682638397 17.618482947492957 17.63657257018357 17.652942661386952 17.667526703819163 17.680495778787083 17.69196721090129 17.701859482454235 17.70982854271019 17.715514523966405 17.71852075266165 17.72102302152735 17.725654018766786 17.732261237947945 17.7406023713647 17.750012265916702 17.759884424243914 17.769660904863844 17.778779086745136 17.786684788750037 17.79283907934529 17.79671936096566 17.797815638761367 17.7969108866477 17.79607434565816 17.79542993522491 17.795066474071206 17.795018275172975 17.795018275172975 17.795018275172975 17.795018275172975 17.795018275172975 17.795018275172975 17.795018275172975 17.795018275172975
17.42208998742008 17.42359371328714 17.429063783559865 17.439184321583625 17.4568491662206 17.480896168812688 17.509600191366705 17.540918056103035 17.57122883741589 17.59959680958485 17.62575014322066 17.649529333291504 17.67084975161206 17.68966519651853 17.7059347670409 17.719613341370504 17.730782705540655 17.73923740865242 17.744620976092136 17.747223631465832 17.75085322749504 17.755900435394135 17.76202319464296 17.768812043423498 17.775809461733562 17.78252791669462 17.78846475305796 17.79311282034442 17.795966431129965 17.79652857618066 17.795963643651575 17.79547378238395 17.795132823507053 17.795018275172975 17.795018275172975 17.795018275172975 17.795018275172975 17.795018275172975 17.795018275172975 17.795018275172975 17.795018275172975 17.795018275172975 17.795018275172975
17.349722912903818 17.35139213592101 17.359167332352143 17.37285649100729 17.395207383101855 17.425117405225738 17.460154205805168 17.498100599233112 17.53713520946349 17.574732643570243 17.60919620313132 17.640406964699025 17.66832757650873 17.69295579989969 17.714288516263014 17.73229346445925 17.746886572460387 17.757921435638377 17.76526474276104 17.768601034989885 17.77097403453286 17.774337422434236 17.778400596197656 17.78281212213112 17.787173711816926 17.791053530456946 17.793997441172575 17.795537231467872 17.79550307087555 17.795258022670712 17.79507680909912 17.795018275172975 17.795018275172975 17.795018275172975 17.795018275172975 17.795018275172975 17.795018275172975 17.795018275172975 17.795018275172975 17.795018275172975 17.795018275172975 17.795018275172975 17.795018275172975
17.26996446835242 17.27090304291371 17.281144386339882 17.29990948608144 17.32870432924145 17.366275669443226 17.40914109234861 17.45445399757371 17.500116226058804 17.544655815577016 17.58703886856473 17.62571833833262 17.660113388892697 17.690325801819895 17.716434338592364 17.738471968247108 17.75640879604606 17.770138358551325 17.77946582145604 17.7840969338585 17.785489183012913 17.78732351754981 17.789506445058294 17.79173071532739 17.79364368696831 17.794857015216103 17.79506158890685 17.795026629159754 17.795018275172975 17.795018275172975 17.795018275172975 17.795018275172975 17.795018275172975 17.795018275172975 17.795018275172975 17.795018275172975 17.795018275172975 17.795018275172975 17.795018275172975 17.795018275172975 17.795018275172975 17.795018275172975 17.795018275172975
