_RESULTS/CROSS_VALIDATION_POSTPROCESSED_CLR/MHZ/TZ/9comp/2/MHZ_TZ_z_0_kriged_reverse_9comp_spherical_2.asc
ncols 100
nrows 81
xllcorner 5.5967107548124995
yllcorner 50.982328804812504
cellsize 0.00017565037499993607
nodata_value 1.7014100000000001E+038
[rows 38 to 56 of 81, columns 43 to 85 of 100]
-4.20112713069977 -4.081866516597514 -3.9590500237648403 -3.836298328243803 -3.716860349731898 -3.599297947467554 -3.4537783539565283 -3.281656300226048 -3.090804692396128 -2.8859369245156383 -2.6629530613389623 -2.437118438880331 -2.2142732007957973 -2.0041962935808204 -1.8098804227623946 -1.6219718041156908 -1.4381167400781472 -1.2677553884567483 -1.1217109000416325 -1.015123017110088 -0.9667743210895896 -0.9942342502661927 -1.104358986583978 -1.288301717429118 -1.521274621521183 -1.7744831025694607 -2.023090282231641 -2.2472600960643137 -2.4408861703363343 -2.610982379203566 -2.77546001132334 -2.93458135627726 -3.072044516076957 -3.1836265861508344 -3.2663992434266547 -3.3169539133744994 -3.329976410152087 -3.301369336172225 -3.2304427734932863 -3.14711452115022 -3.063248839480582 -2.978340964207154 -2.89211099958705
-4.07619318831308 -3.9387721689885713 -3.7967981604706353 -3.6564694606823824 -3.521107289981172 -3.3933975670192424 -3.2484115013393637 -3.084625148801748 -2.9064342247351402 -2.7126485273697916 -2.5059092233796365 -2.301739971384252 -2.104891076811029 -1.9203775557773264 -1.757722332377703 -1.6178152873662661 -1.4904662107170221 -1.382680249438054 -1.30402107396751 -1.2649778009381016 -1.2781560427843126 -1.3544260383824867 -1.4998211757594864 -1.708666385615654 -1.9643881283299893 -2.2359949433214883 -2.489551096482171 -2.700987061281045 -2.8704237910606123 -3.007673114144926 -3.13361135328139 -3.255059169037603 -3.355608930163351 -3.4310803222841892 -3.4787730621048247 -3.4928052795289943 -3.4639022106462813 -3.3915776039181544 -3.284535601358846 -3.174967486103818 -3.066788356491827 -2.959346276512271 -2.8520165555544432
-3.9486161381911336 -3.8001053012908503 -3.6422429814777035 -3.484951526414218 -3.334344473436338 -3.1963035943350153 -3.0666138754729237 -2.9172918558255683 -2.751480564996629 -2.570699347152803 -2.381435701203226 -2.1991032708232368 -2.029516965843862 -1.8784341033363643 -1.7509480890766118 -1.6535988579666436 -1.5808306674455048 -1.5291027625517626 -1.507876643488491 -1.5253963173524565 -1.590248257323481 -1.7117663182866008 -1.8924651852280672 -2.127426502323112 -2.404831149673747 -2.7025612142814577 -2.9710050317674224 -3.170836847455845 -3.309592136579645 -3.4119995380328842 -3.497372311518317 -3.5814293791435605 -3.647208047929451 -3.689057352864993 -3.6996579418892503 -3.672634979820447 -3.6037442257057926 -3.4902363802875684 -3.3542482459520238 -3.2220369488926437 -3.0936501792370428 -2.968492187783956 -2.8458987886545244
-3.823581753139764 -3.6658043203096544 -3.499410693838691 -3.3299093949908105 -3.17111276756047 -3.033556499846087 -2.9120057019160708 -2.7771499776019977 -2.6262425912221117 -2.459515855499708 -2.2874513412882616 -2.1257025257114117 -1.9818319856109603 -1.8630773538254715 -1.7722205252816845 -1.7130039950448295 -1.6873132963758601 -1.6882999746187368 -1.7191340845087435 -1.7861418459782534 -1.8973477036640631 -2.0582776496929958 -2.270533495642699 -2.530761518669515 -2.8275094355134485 -3.1474792201346866 -3.4478743258094875 -3.6210039689788838 -3.7200855463109765 -3.7946584387240394 -3.8506330528294677 -3.9020824173549475 -3.935611268300309 -3.940879032135105 -3.9132240170988806 -3.8482266240987357 -3.741939710452154 -3.593578851953111 -3.4361166050577383 -3.2847931236370917 -3.1404677937033068 -3.002444809397524 -2.8698780208411647
-3.707038913096434 -3.541372694367366 -3.366843111061002 -3.195970577579758 -3.041340361215973 -2.9031794209312407 -2.7827990184298006 -2.6653478004208178 -2.5313163091005864 -2.3792870608723504 -2.222959330333046 -2.079068658934344 -1.9554351100369027 -1.8589164619752163 -1.7987850534339436 -1.7791731952073748 -1.7993045310990738 -1.8545300154729483 -1.934676111673274 -2.0462322023744224 -2.196908620869781 -2.3894631693207318 -2.6227413080725235 -2.8929175683855615 -3.195599914115365 -3.5249664040527118 -3.8691086309037197 -3.983188103425552 -4.058848995392109 -4.122968114506637 -4.166566957893805 -4.194889377364143 -4.200351395653171 -4.172797668382844 -4.11148201226248 -4.012305844667507 -3.871662090695848 -3.7010896080807902 -3.526813093100288 -3.3592253659419042 -3.203364860930839 -3.0570203593818412 -2.918415618892742
-3.5978761694062755 -3.4212919634384273 -3.243296007803931 -3.0808200547287625 -2.9344318276492345 -2.8038372121351096 -2.687491988869911 -2.5835538654863552 -2.467995496593205 -2.3314870253769597 -2.188889667609038 -2.0546304780106492 -1.9386040817245191 -1.8580816793856112 -1.8268391039076173 -1.8477337130225735 -1.9135774821784564 -2.0151718116841995 -2.1451255296645693 -2.300709124581613 -2.4834587725125887 -2.694884714633556 -2.9356174760112657 -3.202856210881094 -3.4904209195785767 -3.783513150155635 -4.038261469754357 -4.197383221176819 -4.2996195597818865 -4.373357536909852 -4.416411523977779 -4.432852685288829 -4.425053977077826 -4.3770818735995665 -4.28737769125862 -4.15816952496729 -3.9902752362113096 -3.809724323046365 -3.623966163599079 -3.4411083082694485 -3.2795941121429575 -3.12844905373039 -2.986552803117869
-3.4875677764710478 -3.305519772650117 -3.137259335016722 -2.9859733812823865 -2.850917939123054 -2.730886319338322 -2.623841065134209 -2.5285755773211243 -2.4349778209466564 -2.3179558426862537 -2.1839506693369444 -2.049283077721661 -1.9319042276386822 -1.8586498235203455 -1.854895648230095 -1.9211018056912477 -2.035656033679637 -2.17882401383541 -2.342935017059099 -2.5294085562829487 -2.733274933912815 -2.9552734904784237 -3.1958343166962715 -3.4512793325703055 -3.713430093827831 -3.965951830764959 -4.181354092334897 -4.34014560740523 -4.455373533450476 -4.543854953748827 -4.594993708465034 -4.608262481415006 -4.595126646716285 -4.538753160335856 -4.433809441626015 -4.279787586798217 -4.103033567357723 -3.9182195590346773 -3.7279536695142768 -3.5394025495367156 -3.3709502439481254 -3.2147165599596113 -3.0782494277860257
-3.380955564359499 -3.2060336607770603 -3.050143282764065 -2.9135110916384246 -2.793585682431556 -2.6876835867164313 -2.5933642438460494 -2.50762220280789 -2.4237300622942666 -2.327124041950237 -2.2009094065665504 -2.064889279928659 -1.9356969798132966 -1.852234277784117 -1.8754374189033505 -1.9999420393411373 -2.1670973315112096 -2.3466228461071736 -2.5341586452945144 -2.7321277618309763 -2.9448431106488737 -3.1685836000348657 -3.401526829407953 -3.6401300773953933 -3.8766951138398102 -4.098741584861376 -4.290327012917172 -4.440381086987712 -4.555962007299072 -4.645590814987406 -4.706114022492312 -4.720963261831001 -4.705201154096949 -4.6453541161792336 -4.532939901232931 -4.378781254601185 -4.204669338631086 -4.021388897154474 -3.833799693421753 -3.6488677859134437 -3.4752567036060564 -3.3210030487211695 -3.1908086066074026
-3.2896638002580727 -3.124034787398515 -2.983175086122757 -2.8659022045236218 -2.765546319857532 -2.677624727820875 -2.599677866315064 -2.5253346412557636 -2.44784613746266 -2.357485020251412 -2.247000485528303 -2.1165886119083135 -1.972717162216618 -1.8404718505854412 -1.8969004083336802 -2.110633024844512 -2.3272303830096304 -2.531387465568752 -2.7286629165973286 -2.9244752107284784 -3.126330169082455 -3.3369887649881624 -3.55559350555776 -3.7747204447370977 -3.987626597980188 -4.185567817429795 -4.358431934394974 -4.498307907520269 -4.607546222490633 -4.692437120866966 -4.753519347405039 -4.771770962914809 -4.753618775815265 -4.693287406511196 -4.586427009733803 -4.449049077637321 -4.2847316642414075 -4.1057891626684535 -3.9228066907869827 -3.7462429483955324 -3.583153117313329 -3.4374431049083065 -3.313286786216576
-3.2198495633878967 -3.060160417817471 -2.9383502915493347 -2.8473330097397263 -2.7705780323976326 -2.703636443902635 -2.643644490300648 -2.5831853627329737 -2.5123923257037424 -2.428070884316619 -2.3319104806858038 -2.2292796450812307 -2.1112388450631103 -1.9897996457495155 -2.0729789500809312 -2.3160659850466914 -2.541936695566992 -2.7446420865851073 -2.931844144746469 -3.11032364265597 -3.2894367126302595 -3.473429977956107 -3.663348432052265 -3.856396500489953 -4.046058185213119 -4.223018938589324 -4.3791850125712015 -4.508170701594919 -4.608447843478812 -4.6860433133324255 -4.739941142818902 -4.761022307852365 -4.7418770704857796 -4.6907138224753915 -4.605628706382481 -4.485868359379618 -4.337129618272293 -4.169290140143636 -3.999875335272901 -3.837139321752275 -3.6866897703523844 -3.5529871464164153 -3.4398985734175964
-3.1817582939235365 -3.0197409053395665 -2.925536670177237 -2.8643907252879552 -2.8113192753529432 -2.7661343224225643 -2.7237082937802906 -2.6769799050734524 -2.6170705235565226 -2.5471516852703915 -2.4722522424210824 -2.404174848302298 -2.3590131156101704 -2.3539709439576977 -2.448292543074475 -2.626293729638724 -2.8143526545436592 -2.986561819662023 -3.142423758230861 -3.2875955959723435 -3.432124956603353 -3.5812509544302973 -3.736877266678675 -3.897338388216263 -4.057089107103569 -4.20952754687315 -4.347314428614641 -4.463566928400894 -4.553821935620172 -4.6226659488753326 -4.668407177387295 -4.688912485277644 -4.686298435553011 -4.655920960262687 -4.594111832839739 -4.495986527825446 -4.369411736304966 -4.22190697497513 -4.0670920119035 -3.918807224575639 -3.782258630247476 -3.661893998776821 -3.5616950423543186
-3.1781601711629746 -3.0490021597768964 -2.963543232187841 -2.9127570655639987 -2.877837239983844 -2.850706650392891 -2.8279076664892324 -2.7971082872144177 -2.754892792299478 -2.706014183602738 -2.660002718228572 -2.6340100084948364 -2.6505183549803784 -2.7175104513653636 -2.8355123704634346 -2.9802320527363153 -3.1208132368877965 -3.2442998362792794 -3.3513159804535158 -3.4488309141127518 -3.5480199979780043 -3.65498673473728 -3.7722727507243 -3.898785541511871 -4.029198555542816 -4.156732752014982 -4.274082534075965 -4.374203626277947 -4.451410965182511 -4.509139388223903 -4.553268695759251 -4.591091363833173 -4.619460141722041 -4.613342592232617 -4.568596314295621 -4.49064960885744 -4.384802967938997 -4.259163469633258 -4.121394417430236 -3.9885360903101548 -3.867080541003676 -3.7612316115985927 -3.674059138863885
-3.1934683900318523 -3.09289507009702 -3.023012157226372 -2.9823864977005434 -2.9600066664161173 -2.9495363455639056 -2.9451289077698197 -2.932218569457028 -2.9108203754309008 -2.885559526711025 -2.8692885260467147 -2.8903307097035116 -2.9692917471767144 -3.0890367424375134 -3.2214070091979963 -3.342222912482656 -3.4348537961565286 -3.498796969310301 -3.543617567061415 -3.581865193113116 -3.626964158155547 -3.686066829508205 -3.7622955729891188 -3.8545000999960495 -3.9570017644998656 -4.061461267223705 -4.1596019626527205 -4.244278725706588 -4.314078791683383 -4.374815426443488 -4.430061757236616 -4.487030193644624 -4.54996533952749 -4.572229351029174 -4.532125482345119 -4.465132213846641 -4.379770929503869 -4.276715161621399 -4.160011524460538 -4.0440119711014635 -3.9389835291036093 -3.848839127250833 -3.77234644050399
-3.214025287165004 -3.1367719965742817 -3.0853432406797197 -3.057155340175121 -3.0485061603032504 -3.056083100564954 -3.070006820151915 -3.077965765616136 -3.0806466933001397 -3.0800115008509037 -3.08205462931914 -3.1379399372145773 -3.3064393588189933 -3.4872041987434037 -3.6393506453592086 -3.7317083034064162 -3.756369581306082 -3.738826116013106 -3.7049207438281755 -3.672893463428441 -3.656798408039239 -3.6641507300071234 -3.6986686186691053 -3.758948617678148 -3.8384680592279605 -3.927321552961539 -4.016709139153221 -4.0997134258328325 -4.171490650490592 -4.236149284551658 -4.2977112065775644 -4.36922851306359 -4.458865620532018 -4.517260044632019 -4.472195867982091 -4.4156701013109 -4.350661595292985 -4.272751002488848 -4.180631956335216 -4.083555957055482 -3.9964336619423695 -3.9220738737421312 -3.8538300262993435
-3.234469008851123 -3.176705043234395 -3.140769884871797 -3.127291504634797 -3.13515385465767 -3.1625282625424544 -3.1959671907223943 -3.228176297098853 -3.2604698149730713 -3.2952718889230916 -3.3384178408011413 -3.4421570756698374 -3.671660157523409 -3.907695341971971 -4.095205437093068 -4.157609834073978 -4.093308782510893 -3.975714839820417 -3.8511087373785453 -3.740580027050046 -3.6570233554924294 -3.6096439290733513 -3.6047901634353248 -3.6407541767382834 -3.707022552063577 -3.7893879361725618 -3.87552525983567 -3.9571323086878336 -4.028716683340053 -4.093835765999625 -4.1568523003106606 -4.233821648001566 -4.322993645634005 -4.377167390865241 -4.376630877965832 -4.346502383803699 -4.301753118565503 -4.24718297048648 -4.18156114324227 -4.10635103141379 -4.038528969703458 -3.976010774600218 -3.9163685974937326
-3.247710877030572 -3.205112728216668 -3.1844818204489047 -3.186981174633395 -3.212717775371906 -3.2602524287983057 -3.3148548276617698 -3.3732948672488163 -3.438730795794555 -3.517363723560085 -3.6238321542814846 -3.7892083746304386 -4.028431116966605 -4.307194570285718 -4.568802646400201 -4.6045731449636085 -4.4036823164914205 -4.178766032165448 -3.9694574883079143 -3.786012679879724 -3.6365081385406652 -3.5338621076533165 -3.492926850200191 -3.5131364150929576 -3.5745409045383383 -3.6553455257429066 -3.7400849625864665 -3.8197345845355897 -3.8889440398497115 -3.951617665108234 -4.015082817109175 -4.0939274425946115 -4.1826123345167865 -4.245207281384066 -4.270717228639236 -4.267463368609355 -4.2452019434452515 -4.209834661080492 -4.164649790152882 -4.112493073069862 -4.060856475961367 -4.008776813926824 -3.9582701333110633
-3.247706238567267 -3.218976580245787 -3.2130251002210852 -3.2314224853660467 -3.275010399789317 -3.341929762210054 -3.4176895919402916 -3.5014468840642374 -3.597318481898767 -3.712482378747596 -3.858783472896238 -4.050770751568516 -4.2937151874651445 -4.576714471851253 -4.876710463432177 -4.887796980437608 -4.594807628923048 -4.308552669216167 -4.044364332996147 -3.805172570522841 -3.5953510523262784 -3.433349312861529 -3.35975317881802 -3.381012053759301 -3.4495051187665275 -3.5326692081739077 -3.616205368841432 -3.692279050560935 -3.7568169425277613 -3.815087502381042 -3.8816408326194276 -3.963526443945908 -4.056148065937728 -4.1286488795762795 -4.172055825756808 -4.1900845770847415 -4.188368001120706 -4.171703365711154 -4.143477568109289 -4.103472748443842 -4.060475809856856 -4.019159886587219 -3.9782196621279544
-3.2322970038534704 -3.2158381914072893 -3.2232839143661134 -3.256515855833933 -3.3167529351530964 -3.4013122823681288 -3.49647121466207 -3.602047223268111 -3.721464846078652 -3.859970288288121 -4.023921172873913 -4.2178419514540275 -4.438078561600648 -4.664137041912396 -4.835867643406864 -4.825047116631199 -4.624683414235272 -4.355587047936007 -4.077794997446647 -3.809401657444125 -3.5540146009097264 -3.3209732101889675 -3.2103668827243284 -3.267874090717889 -3.349885341298906 -3.4329595703391624 -3.5110056066633994 -3.579935584501605 -3.6371538744624403 -3.693283066335015 -3.7642085357092654 -3.850723488966792 -3.949174156758063 -4.030445454000169 -4.087350563235482 -4.1219185143182 -4.137554511337326 -4.137755602218111 -4.121863689149689 -4.087521413171985 -4.0483374036155215 -4.010961097855364 -3.976193243157416
-3.1997543189205677 -3.193606251699432 -3.2126321798172386 -3.258952495197465 -3.333560723612555 -3.433619786838658 -3.54557763996027 -3.668489880351766 -3.804199479819716 -3.9548331608266825 -4.121868969321909 -4.3030605192858 -4.488041766342155 -4.651927824229274 -4.749121556812181 -4.727779572013386 -4.581435465992888 -4.352365792044188 -4.089381463150754 -3.820660728116245 -3.556289161764816 -3.3065745556371926 -3.1789893639761697 -3.2284857177723354 -3.297349513486019 -3.3664139925622676 -3.430652459999465 -3.4866243490057727 -3.534350743754283 -3.592992690245045 -3.668296637248467 -3.7603617112307854 -3.864707462356017 -3.952879581825009 -4.020081694640977 -4.067530937170463 -4.097134520350437 -4.106878639902627 -4.096410996128089 -4.0668495377172595 -4.031754710444794 -3.997862178730401 -3.966045271285249
