_RESULTS/CROSS_VALIDATION_POSTPROCESSED_CLR/MHZ/TZ/9comp/2/MHZ_TZ_z_250_kriged_reverse_9comp_spherical_2.asc
ncols 100
nrows 81
xllcorner 5.5967107548124995
yllcorner 50.982328804812504
cellsize 0.00017565037499993607
nodata_value 1.7014100000000001E+038
[rows 57 to 75 of 81, columns 44 to 87 of 100]
2.389354363272751 2.4149543989408544 2.4388027469937 2.459369910604416 2.475369869797007 2.484808678553184 2.486013169713738 2.4770898848089713 2.4559669812401856 2.421095753482335 2.37239859837654 2.312372967790081 2.2466717140802466 2.1832511786899595 2.129474353957367 2.088449926672608 2.0602458392295455 2.042450993218483 2.0320653698638953 2.02717372098127 2.0284721006454167 2.0386661507361916 2.0580939864976426 2.083076386878692 2.1111707737640257 2.1411881023841053 2.172323749957865 2.201849841338832 2.2269623888551675 2.247039223929408 2.261365107987841 2.2706473465646733 2.279117749973376 2.2864973953782775 2.293086678913613 2.2995715687040583 2.30566440824058 2.311071729295512 2.3155687782702397 2.319827186847884 2.3240208120770833 2.328023452876599 2.3317269931211597 2.3350373450039217
2.3782650449850395 2.4066461334053555 2.43178523540596 2.4525084928818845 2.468190812467017 2.477049605886264 2.477671469455707 2.468779303397532 2.4492155393776276 2.418434887428229 2.3771594035515737 2.3277195730867013 2.274188427250053 2.221636118765086 2.1745664461028964 2.136080983652694 2.1080191741099794 2.0891197159585846 2.0776282725696293 2.073242033951093 2.075915139269849 2.085442288061326 2.101438867810622 2.122285069492149 2.146236273232495 2.172011521429553 2.200431741517877 2.2271388080864902 2.249095873072835 2.2655973360204595 2.2758947371821447 2.281883317657574 2.2878237998471773 2.293884795995075 2.2999269915876566 2.305751695909951 2.311123038388948 2.3157913576897373 2.3196115832436197 2.323313872977727 2.3269832327911297 2.3304967814358917 2.3337461383918887 2.336635065722586
2.3610650017597883 2.3904663974818257 2.4166971552578747 2.4381563940293076 2.4543681443523795 2.463847815863941 2.465326357449228 2.4579993002285665 2.441306465110915 2.4152446750913943 2.380789821139562 2.3399441148683584 2.2956439517517295 2.2512764399827616 2.2101483551005963 2.1758814290187423 2.149509117770003 2.130832209619644 2.118798046773938 2.1131871470470394 2.1140797314928155 2.1212368912581567 2.133953731255183 2.150964481601477 2.1708355839681297 2.194360313229668 2.2217637319674863 2.245199986894831 2.263816999199117 2.277072190491186 2.2845755530959297 2.2901060773724375 2.29571432209619 2.301318087276086 2.3067858040336375 2.3119442574806652 2.3165906412700865 2.320506886514763 2.3236783865197492 2.326850016556092 2.330004543150827 2.3330256051254765 2.3358076155945255 2.3382547746954323
2.342888601991427 2.367671701139801 2.39353590241772 2.4163281961002205 2.4338429827147112 2.444977340750259 2.4484190676480546 2.443680216850753 2.4305658935756207 2.40935283612451 2.3810158723457935 2.3472464456815842 2.310206916948264 2.2724533429408376 2.2376296326659477 2.207777138765843 2.1838359354093 2.166070250266718 2.154197024010239 2.1477242880314136 2.146887943041035 2.1513404346545895 2.1604413930432282 2.173257814846848 2.1911832697175617 2.2162598279790897 2.2405638337014935 2.260966804075555 2.276782163411355 2.2874026935280303 2.2931796332576084 2.2983849565079124 2.303578487264276 2.3086660480255117 2.31352326392667 2.317996825085173 2.321905459823901 2.325053491128809 2.3276437768969678 2.330314114672926 2.332970318168865 2.3355041333131648 2.3378147222598664 2.339808063539995
2.324253066416085 2.344166594214476 2.365382498294313 2.3869582928376833 2.406414081809281 2.4199922828171574 2.4262132123573656 2.424708889395127 2.415505758690002 2.3990173747417662 2.376141209563506 2.3483016741082787 2.3173465229146903 2.286331737859434 2.2573047722160933 2.231711102811656 2.2104776262483528 2.1940518217067577 2.1825266894153392 2.175600347168768 2.173346848087695 2.1755108071006024 2.1818141334928627 2.194753230813307 2.2152416297550603 2.2388727877041963 2.2596244599324193 2.276684649435878 2.289339874415108 2.2969429994833916 2.301714517762748 2.3064987255933067 2.3112091785207505 2.315741160015537 2.3199687638782027 2.3237447582226016 2.326903921683485 2.3292764603946727 2.3313941797929494 2.3335919949096704 2.335766660953236 2.337817356468503 2.3396471803070926 2.3411637852863936
2.3060666851857095 2.3211560181155524 2.3380128473947948 2.3559387569958092 2.3733306424625953 2.388394767390459 2.397955426426592 2.4000462919078918 2.3948441722054996 2.382832791614176 2.3648263137892966 2.3424232945218004 2.3179474066317334 2.2930374912999594 2.269174952648191 2.247567514673768 2.2290714321526868 2.214191173391871 2.2031316604098614 2.1959042064163903 2.192608328491275 2.194796068019053 2.2037100104732934 2.2197094049960695 2.2410297478724037 2.2608782031501096 2.2779475190419487 2.291458417696253 2.3006927540051296 2.3056371596634486 2.3099590010466873 2.314254983353168 2.3184242552613203 2.3223549287351757 2.3259204027262763 2.3289786029549426 2.3313736373726193 2.3330740673019266 2.334775357048718 2.3365274330136905 2.338237881843482 2.3398144194591963 2.341166553556658 2.3422065372173684
2.2894133053556227 2.299446441034354 2.312166228864732 2.3274114115811875 2.342608379783196 2.3556338704909967 2.3649197209258963 2.3690244568982566 2.3674677459956768 2.359679081423759 2.3468658799576403 2.3304873611264596 2.3118758972994105 2.292341895639155 2.2730984610407203 2.2551657053324607 2.239312151455178 2.2260396400250375 2.2159966055342117 2.2103942598795987 2.210385670878454 2.216439219055942 2.228916869599844 2.247183322232013 2.265200303334504 2.2812631194572006 2.2945842559682865 2.304413666200761 2.3100621845178515 2.3138603031333838 2.317693641925206 2.321458053948572 2.325045740128957 2.328340863786362 2.331216834928307 2.333535458773961 2.3351477337356954 2.3363676151919797 2.337682335431464 2.3390146702674683 2.340281786721203 2.3413993875284915 2.342283355500084 2.3428508454398616
2.2758783712636883 2.2802869285146916 2.288544630973288 2.3028263843529313 2.3164588209790105 2.3276435762173033 2.3355828826612632 2.3391728545566313 2.338362115323544 2.3334005926524672 2.324725898328303 2.3131128029331274 2.2994525715854115 2.284715092063279 2.2699224233780786 2.256082760375275 2.244141328447175 2.234953126159508 2.2292741738767132 2.227774251920046 2.2315640510850177 2.241453311919383 2.2568136729922426 2.2724320090269576 2.2867717637565708 2.2990855617312262 2.3086354846025876 2.3147043600512753 2.318044933759939 2.321380495766059 2.3247052374768145 2.3279128604883264 2.330893060850926 2.333528842076229 2.3356947126357164 2.337256017809221 2.33817733656251 2.339079256229954 2.3400331842526123 2.3409691485011934 2.341812672325517 2.3424867408391385 2.342913333474732 2.343024133688696
2.268459541308112 2.2683823851454403 2.273057386625456 2.285042498346365 2.29625159428838 2.3054932272815774 2.312326793104995 2.31632468503795 2.316814258659141 2.3139365648914643 2.3080834773323033 2.2999343440088094 2.2902481610590493 2.2798393369404777 2.2695741893017094 2.2603235686520806 2.2529247414921487 2.248156047825393 2.2467235665118737 2.249266637351609 2.2568789520540427 2.269110475132351 2.2818741372691758 2.2940822309186397 2.3048437655829006 2.3134627326445925 2.3192474245480144 2.3222615238248028 2.3251029879266203 2.327979244765535 2.3307891565432644 2.3334279996673857 2.335786147430121 2.3377476568526054 2.3391892477252085 2.3399832859277585 2.340528389338304 2.341136355142554 2.3417516862006074 2.342312059298255 2.3427502368961743 2.342995743790618 2.343024133688696 2.343024133688696
2.2704215783670616 2.2672264431988958 2.2698781966415895 2.2768088092461416 2.284783843689503 2.2920178696119202 2.297742965790121 2.3016067506171916 2.303163264702533 2.3020894215862366 2.2987167353073836 2.2936407999837374 2.287504471758781 2.2809980190627277 2.2748627232982677 2.2698553368524 2.2667179018689074 2.266155401862395 2.268821465504566 2.2753068370771077 2.2841078798257572 2.2934661173199142 2.30277227227261 2.311370765090718 2.318572237682553 2.323561426964902 2.326155898889717 2.3285630309823286 2.331024836341857 2.3334522601239422 2.3357500843873646 2.3378174171162884 2.3395474366526 2.3408268773061174 2.341535623222501 2.3418172109521733 2.342137438528106 2.3424701002094825 2.342765952116071 2.3429691033112507 2.343024133688696 2.343024133688696 2.343024133688696 2.343024133688696
2.2758964002226683 2.2738772779323964 2.2742868034427617 2.2775245899021326 2.282482434577358 2.287570813403542 2.2920098872037924 2.2953762040899046 2.297488633684472 2.2979709744180288 2.2967843808456068 2.29444966435074 2.2915048365073445 2.288538180362133 2.2861881667431043 2.285115623292078 2.2859793126365178 2.2894166003390217 2.2947647586785034 2.3004646701556144 2.306652748267331 2.313023250185831 2.319024891168485 2.324059537569772 2.327494815897568 2.329372034633482 2.3313807804106577 2.333511955210001 2.3356149963157256 2.337607797160238 2.3394017691280324 2.340901074227886 2.3420030069954123 2.342598077371542 2.3427227380729305 2.342831956710386 2.3429413519958517 2.3430145194154655 2.343024133688696 2.343024133688696 2.343024133688696 2.343024133688696 2.343024133688696 2.343024133688696
2.2822530679604465 2.280991231999398 2.281520078700469 2.2839243940430634 2.2878437639442826 2.291912827890969 2.2951078694666 2.2978937063586726 2.3000960872943925 2.30167620410979 2.3024364732800167 2.3025669821754224 2.302513317226493 2.302779129304248 2.3039173153620323 2.3062553490311495 2.309244623686691 2.312677979806275 2.3163013184244408 2.319870420077249 2.32358982200563 2.32711838531549 2.3299557254081082 2.331558570419245 2.332637147911388 2.3339896706815844 2.3355325106622913 2.3371694554589824 2.338795828680434 2.340302046164581 2.3415764367322383 2.3425073114415547 2.342984363729701 2.343024133688696 2.343024133688696 2.343024133688696 2.343024133688696 2.343024133688696 2.343024133688696 2.343024133688696 2.343024133688696 2.343024133688696 2.343024133688696 2.343024133688696
2.2889431409728864 2.2881189138329128 2.2886775428794053 2.2906519565671677 2.2938461290141023 2.2979310029219575 2.3025422760434098 2.3065989591298153 2.3098122932934015 2.31242957815803 2.314741102702063 2.316872297302532 2.3187938439276756 2.320706360376545 2.322733296479718 2.32491130514971 2.327186316922673 2.3294135033595498 2.3313605959114128 2.3329265675621254 2.3343039073406877 2.335120703192357 2.335412364657681 2.335963193089283 2.336762798977199 2.3377542149483514 2.3388651990631812 2.3400114889441554 2.3411000304495135 2.342031901649989 2.3427047684075863 2.343014813576735 2.343024133688696 2.343024133688696 2.343024133688696 2.343024133688696 2.343024133688696 2.343024133688696 2.343024133688696 2.343024133688696 2.343024133688696 2.343024133688696 2.343024133688696 2.343024133688696
2.2956956706779015 2.2951375848873155 2.2956815957895347 2.2973378907322717 2.2999837349669883 2.3034034428647434 2.307348297430362 2.3115810101274197 2.3158952049788266 2.3199680418699713 2.323505632546018 2.3267187941118888 2.329694875403022 2.3322795887630248 2.334522987653063 2.336448216734511 2.3379987163625557 2.3390376086335216 2.33935021398999 2.339080391640607 2.338840714870873 2.338810987776088 2.338993766685394 2.3393732655854045 2.3399161385806857 2.3405730606358777 2.3412808923490025 2.3419651644877706 2.342542623553407 2.3429236276886396 2.343024133688696 2.343024133688696 2.343024133688696 2.343024133688696 2.343024133688696 2.343024133688696 2.343024133688696 2.343024133688696 2.343024133688696 2.343024133688696 2.343024133688696 2.343024133688696 2.343024133688696 2.343024133688696
2.3023446893885966 2.3019540904629956 2.3024589148486863 2.3038581148107147 2.3060662166017347 2.3089320493844037 2.312270229927078 2.315889668107891 2.319611164435575 2.323290052417533 2.326900716526084 2.3303527377659523 2.333548378914312 2.3364008217961274 2.3387851376134865 2.3405109828141537 2.3415741053361083 2.3419800812641682 2.34178617870227 2.341538536551914 2.3413968238636094 2.3413790966184664 2.3414875734737444 2.341708541061094 2.3420129332549635 2.342357511716526 2.342686506957561 2.3429335413911696 2.343024133688696 2.343024133688696 2.343024133688696 2.343024133688696 2.343024133688696 2.343024133688696 2.343024133688696 2.343024133688696 2.343024133688696 2.343024133688696 2.343024133688696 2.343024133688696 2.343024133688696 2.343024133688696 2.343024133688696 2.343024133688696
2.308769181397407 2.308486156574475 2.3089377506684023 2.3101170880824666 2.3119597801366014 2.314353589960136 2.317155973537705 2.3202121552669928 2.323368703600302 2.326537714442437 2.3296789076538302 2.332685124044336 2.3354593381174804 2.337913815129782 2.3399684268590395 2.3415491507016584 2.342586816242886 2.342981911496933 2.342912921278256 2.3428345779622073 2.342784184085517 2.3427776327697494 2.342816874359875 2.342889844976769 2.342970904390638 2.343021734880402 2.343024133688696 2.343024133688696 2.343024133688696 2.343024133688696 2.343024133688696 2.343024133688696 2.343024133688696 2.343024133688696 2.343024133688696 2.343024133688696 2.343024133688696 2.343024133688696 2.343024133688696 2.343024133688696 2.343024133688696 2.343024133688696 2.343024133688696 2.343024133688696
2.314870413378083 2.3146571106018 2.315047592009391 2.3160319957045026 2.317559000039008 2.319541247288817 2.3218656797509496 2.324405176836451 2.3270392674641562 2.329740664766682 2.3324221364585775 2.334981784826704 2.3373256390510515 2.3393670630738157 2.34102583796695 2.342227177057389 2.342900803219357 2.343024133688696 2.343024133688696 2.343024133688696 2.343024133688696 2.343024133688696 2.343024133688696 2.343024133688696 2.343024133688696 2.343024133688696 2.343024133688696 2.343024133688696 2.343024133688696 2.343024133688696 2.343024133688696 2.343024133688696 2.343024133688696 2.343024133688696 2.343024133688696 2.343024133688696 2.343024133688696 2.343024133688696 2.343024133688696 2.343024133688696 2.343024133688696 2.343024133688696 2.343024133688696 2.343024133688696
2.320562165796046 2.320393942716416 2.320719197689127 2.3215266711480473 2.3227737912848 2.324389955406514 2.3262829465914674 2.3283466206990577 2.3305307701681057 2.3327907779529014 2.3350276498690015 2.3371466919341644 2.3390584491243023 2.3406788481357905 2.341928888959641 2.34273412163515 2.343024053725953 2.343024133688696 2.343024133688696 2.343024133688696 2.343024133688696 2.343024133688696 2.343024133688696 2.343024133688696 2.343024133688696 2.343024133688696 2.343024133688696 2.343024133688696 2.343024133688696 2.343024133688696 2.343024133688696 2.343024133688696 2.343024133688696 2.343024133688696 2.343024133688696 2.343024133688696 2.343024133688696 2.343024133688696 2.343024133688696 2.343024133688696 2.343024133688696 2.343024133688696 2.343024133688696 2.343024133688696
2.32576593367568 2.3256263582183316 2.3258846085661493 2.326528938615046 2.3275230240619624 2.3288080860132467 2.3303070699276263 2.331957791979898 2.3337471378310126 2.335591208404113 2.3374010764882507 2.3390895383391097 2.3405724129780645 2.3417691374340466 2.3426028940320354 2.343000456994706 2.343024133688696 2.343024133688696 2.343024133688696 2.343024133688696 2.343024133688696 2.343024133688696 2.343024133688696 2.343024133688696 2.343024133688696 2.343024133688696 2.343024133688696 2.343024133688696 2.343024133688696 2.343024133688696 2.343024133688696 2.343024133688696 2.343024133688696 2.343024133688696 2.343024133688696 2.343024133688696 2.343024133688696 2.343024133688696 2.343024133688696 2.343024133688696 2.343024133688696 2.343024133688696 2.343024133688696 2.343024133688696
