_RESULTS/CROSS_VALIDATION_POSTPROCESSED_CLR/MHZ/IZ/9comp/1/MHZ_IZ_z_125_kriged_reverse_9comp_spherical_1.asc
ncols 100
nrows 81
xllcorner 5.5967107548124995
yllcorner 50.982328804812504
cellsize 0.00017565037499993607
nodata_value 1.7014100000000001E+038
[rows 38 to 56 of 81, columns 0 to 43 of 100]
2.759418436864295 2.7928093943848005 2.870120914610694 2.9525008078202792 3.0342171316330377 3.1146478260720856 3.196765994163425 3.288415180765661 3.388873783482488 3.5045811400173377 3.6572443361778753 3.8444028741815193 4.058984572911733 4.289465233808902 4.529987220304788 4.770435067858648 5.004345114856659 5.225748076915103 5.429158260962719 5.608807714509959 5.762987383709688 5.8914283694869205 5.990484094710765 6.050821163652989 6.0557388401967405 5.983936231774562 5.82515147634734 5.596417259507367 5.326797883369794 5.042688615444428 4.7621289484550235 4.4978429781125495 4.256858455025673 4.038054339232541 3.854525480869814 3.7498806941649456 3.70310931840495 3.6845619132513896 3.688928073839092 3.7143969921853413 3.759825467919211 3.8243128500571104 3.906027906721098 3.978256289371572
2.7532731737586165 2.8212098767455256 2.9076487121325796 2.9893940841082967 3.066294341673736 3.140533338026077 3.2216524024005357 3.3121542732533182 3.4133070567951025 3.537508628182419 3.70217710993084 3.903123909981063 4.134170254333858 4.3834219951753335 4.642784134598315 4.9057868012827335 5.16146107296238 5.403253237317234 5.62327402763054 5.8219498627067106 5.998436933267763 6.152466096104292 6.281809941005384 6.378392262905944 6.420781003280405 6.366365394889677 6.179924018280888 5.893285877126038 5.563277906659533 5.226369617368675 4.903371580618526 4.60676954213296 4.344722048233727 4.120411671727711 3.939455821181557 3.8160151331624887 3.7444351743039097 3.709406110948347 3.7026501408985024 3.7201306353816204 3.759544669592818 3.819354615522439 3.8918015865913635 3.957749283028107
2.9486957083822034 2.9597289260991566 3.013011633730109 3.0751896510078414 3.1366307567135445 3.202760490166178 3.277355198258458 3.361318308287195 3.4570483165733705 3.5825026280165995 3.755226122474934 3.9676857510196815 4.211087674719324 4.476089123027845 4.75058159939348 5.028893234222249 5.302969859160852 5.558728360919623 5.791626859199503 6.004045012372622 6.195769511463376 6.367462634135728 6.520169026040077 6.6523237749335715 6.7502183643116 6.74571864367078 6.510322433167421 6.138868874507739 5.744809609142755 5.362990023583028 5.007531340642777 4.687049229472985 4.408463855344011 4.178438191737235 3.9958112605666676 3.863183825078838 3.777058884862853 3.729138599604875 3.712638053428407 3.722893388431357 3.7568397862038245 3.811180666141902 3.871318098129471 3.9287676214007834
3.151215750039798 3.1433888854054723 3.166045842072197 3.202138069524401 3.245277712494389 3.299318648052627 3.3623296132418194 3.434474993237753 3.5190816133276654 3.639398506812004 3.8152384974780773 4.0362618798634475 4.289421773929245 4.564449142917987 4.850762445560136 5.139567297797802 5.425226653510656 5.688630702406034 5.928377529971877 6.145113265354349 6.339224147084069 6.513284103475455 6.67075905657372 6.815538176297995 6.951514962348204 7.0807511223470865 6.717520385836764 6.266431890598456 5.83483082599625 5.429913391045653 5.058248235423875 4.725784670759531 4.438205839294295 4.202276834361831 4.019942407426951 3.884728858542566 3.7923603186786607 3.737454251139095 3.7147717095271773 3.7199862154888033 3.7498736869483626 3.795664112348777 3.8450751960174645 3.8938788777231896
3.359585580622956 3.3434967624490124 3.3460121478419698 3.3591670682010997 3.38633476823472 3.4259492953313333 3.474808313273787 3.5316344032117537 3.5983919385312486 3.704668350837599 3.885260331363667 4.1138306507915665 4.371284171772773 4.649090528860375 4.941043875026818 5.236994462395427 5.523957704106653 5.786087613976062 6.023049934134285 6.234497309153924 6.419430633001811 6.5799099907946665 6.718103881797534 6.833956400311632 6.916824784888948 6.899222735882866 6.634013829639167 6.23074768016893 5.811809924902641 5.410017720807115 5.039306987043292 4.708677513373571 4.424513096530457 4.19090936702556 4.010768875447986 3.879090879678542 3.787272872516391 3.7311595978250285 3.706506230938026 3.709566703998366 3.736713224148979 3.773298482851133 3.8154523922897186 3.8558099717224876
3.572352554262635 3.5524709957113436 3.5415680502582236 3.538928805912784 3.5518567400197383 3.5774307611326734 3.6128237113309494 3.6559956374525693 3.7052504497474597 3.776059141604793 3.976032253248238 4.206079986197287 4.461330163949363 4.736465268601524 5.025280056522817 5.317738373881226 5.595009471129695 5.847914738317123 6.0758254952669475 6.274452048801141 6.440131423992712 6.573718554481894 6.674915138346032 6.7380711587576725 6.743613517741476 6.647725577957743 6.411716667673496 6.070214069513082 5.688837460096113 5.308081930011596 4.950840475854548 4.631501032823539 4.359075504601231 4.137946271653473 3.968908779588425 3.847300071152839 3.7619442027208327 3.709749081953281 3.6871397581755043 3.6909795257690474 3.715602372414452 3.7479486147596828 3.785079560632468 3.817320341652452
3.7877881927869805 3.7668115255917716 3.746507039018283 3.733667368065692 3.7341128736372244 3.747175150174631 3.7717262984681503 3.8073899218210348 3.8564340822054057 3.9417631821478842 4.103117710294455 4.315365958709846 4.559162225717617 4.824886824304573 5.101207465003573 5.37926750248506 5.642402303630313 5.8820241029594795 6.096334378996118 6.275578356822314 6.4143471738038755 6.5123562856740245 6.568614571468723 6.576995626694054 6.522904194171685 6.385396732403598 6.1532087065830545 5.8444957954652486 5.4959099430121094 5.1396877201658615 4.800942581575905 4.498465597624362 4.244375344340964 4.043166185825845 3.8932547204922345 3.79030473277297 3.718862010624667 3.6748539690622026 3.6576655943857643 3.6650941736417315 3.69157656353066 3.72250547635992 3.7569668526312037 3.7811461967685545
4.004276143172883 3.9840630204231 3.9573028882734382 3.9361159110915085 3.9252389364639866 3.926834594600047 3.9423816882267624 3.9734896043948584 4.02395345992096 4.105110705573199 4.243651771635948 4.432731352301338 4.658114864273691 4.9046791267699765 5.1635759131406935 5.424111890649044 5.668213709326862 5.892750046308901 6.0906270830963 6.245332198968652 6.351763494391214 6.409387281140976 6.419458526756438 6.379053580376196 6.280437040728456 6.114584958408818 5.878902040514886 5.586283819365615 5.2597558608669095 4.92334023919942 4.601247790145215 4.316584590918298 4.085971163576036 3.9125829700417327 3.7891714762949382 3.7092522792522638 3.6596983595363923 3.6296564681652765 3.6224831046580306 3.6376939807450555 3.668064881373711 3.700120138020527 3.733826333455054 3.7497271918897828
4.221087986776217 4.203411772387914 4.17138972230792 4.140725193580353 4.118196039790336 4.108295760661793 4.114871500713455 4.14034456520243 4.187439972784029 4.259839449775835 4.3784629151053185 4.545327320227414 4.745869742190828 4.9696659904394425 5.208758006490847 5.450519094077165 5.6777217245123355 5.887016297196387 6.064892183702574 6.191144397048866 6.259930097666954 6.274091092263481 6.23923623362681 6.156638988246338 6.023535261863128 5.836546826460608 5.596018235784237 5.3123271603568 5.0004300125843715 4.677546469740926 4.365387300862543 4.093872809141854 3.891692037033565 3.755816992382451 3.666382450260931 3.6131403446004082 3.587942661437862 3.580376300896747 3.58887636672065 3.6126603410617033 3.6486086911097253 3.684057584567393 3.717128599713046 3.724701252800847
4.4353034889340055 4.42262283614852 4.383685748259287 4.339835233953931 4.303496500806716 4.281808200220357 4.278664145703506 4.296781250104494 4.337741433222045 4.402614540080789 4.502196419355277 4.644457805985013 4.818699695955123 5.017975383213753 5.235206083216546 5.457521054064983 5.672940960082274 5.872895435123073 6.0335487265521985 6.123795555049404 6.143053568522131 6.109483102003334 6.031947272859953 5.913569308460233 5.7539445364695 5.551966521524794 5.308941195850973 5.033423901019869 4.734591568251506 4.423186755640263 4.113581650492751 3.8389956923556117 3.6750370329263005 3.5906153967390706 3.539539659181525 3.5160163134015368 3.517700740539711 3.5333743094335093 3.5601345786203606 3.5938103872703353 3.6366852874572757 3.6774709315888043 3.708308909556475 3.7077686244216697
4.641642724836504 4.638914619591029 4.585640961202561 4.521971127897152 4.4699011030509 4.436666459809155 4.424809863884519 4.436340211309118 4.471752710197147 4.530186750712397 4.6113676932908305 4.726312639979238 4.872775208174758 5.045008031155915 5.237143844588962 5.439565313499175 5.6458125287908905 5.8454637539870475 6.004989645603684 6.0535819278888665 6.0070111631053145 5.917525189721465 5.7981211410923414 5.649658903062944 5.471142663642354 5.260880410910762 5.020548575686574 4.75709436407643 4.476108237449269 4.184256363844445 3.888914983293907 3.599985961044875 3.489373157319771 3.4512329246671944 3.4319517586043458 3.434347852575955 3.4586102644515457 3.4947282664094366 3.5379486897354955 3.5846643971581753 3.635398092189714 3.6826934901442625 3.708000764792223 3.7000199476750684
4.822658854792723 4.84782414607942 4.7562394747673205 4.6697581326974085 4.605093711108655 4.564496939056859 4.548247445110123 4.555509682084831 4.585511651381864 4.6372178368361965 4.702262001942295 4.7886285915059625 4.905231647496492 5.047040991132154 5.209424544729577 5.389774174152324 5.579097249691079 5.774312100062528 5.968423947848528 5.952425606825719 5.832053324369334 5.69598619523367 5.543968560405662 5.372691546533194 5.180566890944818 4.967654740267481 4.7361493230844385 4.490817246007232 4.236073418135137 3.9787178201894444 3.7306383555289324 3.5218182202514114 3.4054307867365576 3.3627177528702803 3.355667391878143 3.3747518182918688 3.4163065841909983 3.468990322108535 3.5264487787236805 3.5863083155070963 3.6466867484795733 3.695791855393626 3.7140105427085084 3.698826018579991
4.9117992700368545 4.934900816139814 4.849981345312446 4.764914160158097 4.701255391304156 4.661111711876265 4.6440671026617215 4.649207964840021 4.6753214116992075 4.718845800424786 4.77082046104902 4.831291684305616 4.915756126063711 5.023441109442658 5.154595708707244 5.304614529906799 5.46009795606008 5.612849595706327 5.731835186946815 5.713488913295098 5.592197458536353 5.439701596161404 5.269958622323292 5.086494441805184 4.889266529081711 4.679503336405545 4.4629954779771825 4.242044394993678 4.020233426781975 3.8046412116463535 3.607667867117759 3.450067066397986 3.3513106162804887 3.3089248561837916 3.3077507503690624 3.338055489483298 3.3932001665153466 3.4589911463876057 3.5280012199367072 3.5982304841574373 3.6684776612371643 3.7126786877607296 3.724297966620398 3.702957135207418
4.914958754220791 4.917979608014856 4.869328735202352 4.808641751406164 4.757820136633264 4.724212228878894 4.709849133276655 4.714805152570177 4.7382414311208585 4.773180461968796 4.812760916894687 4.855641014916206 4.906712896043728 4.9813910135129325 5.078923122518489 5.191466682202904 5.301940493884561 5.395905251964835 5.446511971472886 5.416227839331354 5.309486479236387 5.158576742026785 4.983749056736712 4.795189207709645 4.59886924992305 4.399606661945854 4.2020748430956925 4.009744505526536 3.8253392301294005 3.6532685267722305 3.5025336287816233 3.3849271991000682 3.309761266317692 3.277986242646473 3.284312654965638 3.3234866368807063 3.388634121835744 3.4642240891936322 3.5421218362610993 3.6214583642307994 3.692937123838624 3.732170248889217 3.7380387550339886 3.7116750782283807
4.891073150701232 4.889172082386399 4.856806756855217 4.816293148799421 4.780200412492511 4.755672041446647 4.745964910951768 4.75204468377643 4.773006029672584 4.799540678166195 4.827772288272914 4.856258889891519 4.8871701991178975 4.930599998128083 4.9924561356170445 5.0653256245863325 5.131241804418559 5.175677881298953 5.182511037173839 5.131727061797556 5.0232894102712455 4.872806547489936 4.696521667967049 4.507206661029663 4.315015880479143 4.13219527829729 3.9630112019165384 3.806731440975049 3.6641902073918295 3.5363331529953035 3.4280354945424345 3.346251461156375 3.2965145177060537 3.2807045380838313 3.2975459685484374 3.344151250882197 3.4125929309701473 3.4906286471794816 3.572148078643435 3.653091900092303 3.71693645287773 3.752599805455214 3.7536904079008955 3.7235001315448244
4.851900479497215 4.850364383965956 4.827696545246967 4.799872263012264 4.77547070070393 4.75937681299251 4.754530060637386 4.762125089582264 4.780255203400472 4.799238429998817 4.817559131039554 4.83761345736097 4.858780038493068 4.879412073512208 4.906542367945505 4.941286321293963 4.96837383053224 4.973786287239925 4.947372392719263 4.874819967950126 4.756131772115894 4.600465458232348 4.420454121071515 4.232449665283062 4.05464769104032 3.8964905324590253 3.759721776440187 3.6418285041247893 3.540593052984219 3.455422353628343 3.386692235151558 3.3384533716990274 3.314606094434004 3.3174040247873267 3.3465379654526766 3.4006540485071075 3.4716212512376368 3.5509103433259983 3.630065955885882 3.694143654524497 3.7421638235846357 3.771715906757125 3.7697804447023078 3.739133903360463
4.799891163105059 4.801196259160029 4.785721409721318 4.765396381477812 4.748933484968151 4.739207655035525 4.738258994778463 4.747008123445523 4.762206564776171 4.777175489900208 4.7921976885755715 4.806631496592487 4.819210044782837 4.828033350975448 4.830517275963509 4.8303518869387885 4.8249173579453775 4.799498396317602 4.745682870844807 4.652155011992558 4.519611913650838 4.354556205790815 4.173012343434486 3.99129419678957 3.8282242087876526 3.697588366690444 3.5986079184445243 3.521769828121312 3.460650896011357 3.4140228040380602 3.3820138148818173 3.365369326989358 3.366975946864386 3.3884768802774925 3.429787669869363 3.4918521185524334 3.5646051267615686 3.6410336741526024 3.704612059566592 3.751296775567496 3.7812991639012905 3.7951636928091235 3.788026525994746 3.7585724304792274
4.73585464580958 4.740526505020489 4.731704926690191 4.715647391600925 4.70392320760386 4.698244812499723 4.700156865754708 4.711631237252929 4.728800925815227 4.74410620528017 4.757244055300963 4.767404963776402 4.773168030806374 4.772555217906056 4.7631060651364105 4.741993084751172 4.708510119422927 4.65852816747005 4.581173887761113 4.468779630910733 4.323294913762297 4.156170320295848 3.9755168679345267 3.7944909317315476 3.638447496014135 3.539571148073813 3.48720633425065 3.4551255094950775 3.4337759890597814 3.4222858675086982 3.4224348448641075 3.4339210914370373 3.458468661282712 3.4964035378993135 3.5498905185636898 3.618594439796896 3.6872037558307755 3.7475556573885385 3.794733902857097 3.824579314750174 3.8376273160544 3.8341920209605167 3.814755705743448 3.779556810802728
4.659252771800149 4.667528442333068 4.664853476806081 4.653389111322933 4.6454554540644155 4.64460075969683 4.651819428765516 4.667776075007571 4.687528499873785 4.703802731767223 4.716197192025755 4.723734657688955 4.724853053800299 4.717519466265001 4.699427121509473 4.668263671296399 4.6220188472452675 4.555229172923935 4.457864023370827 4.330929565116931 4.184015032053272 4.020934016255192 3.8452954656176628 3.6615820345507677 3.489563398365471 3.4374230217991584 3.4424714720759297 3.453033032257928 3.4671223318310807 3.486662252614547 3.514403596014833 3.551259076181346 3.5954128959856138 3.6484575311229936 3.712153096124489 3.77467053345667 3.8273507732461574 3.8698577558092686 3.8997575866519405 3.9119585558856924 3.90719147868296 3.8862896010396843 3.851111525514548 3.807360814505045
