_RESULTS/CROSS_VALIDATION_POSTPROCESSED/Berg/TZ/7comp/4/Berg_TZ_z_90_kriged_reverse_7comp_spherical_4.asc
ncols 100
nrows 90
xllcorner  5.6208707817415728
yllcorner 50.959635321741573
cellsize 0.00013419651685393446
nodata_value 1.7014100000000001E+038
[rows 19 to 37 of 90, columns 43 to 85 of 100]
1.9575426860442608 1.9216566030130973 1.8798164999929718 1.8326616526232353 1.7716168991387615 1.6992488947589632 1.6198266709349336 1.5370802822953613 1.4540989152373558 1.3733141168199532 1.2965444323682354 1.2250798279243813 1.1585293953924183 1.093834062211157 1.0314337291677194 0.9719738236359972 0.91616486173824 0.8649726962237737 0.8199360723109981 0.7836748741938108 0.7603699365082283 0.7548720153370275 0.7690041619413424 0.8008119914200884 0.8460777800866959 0.9008188692432811 0.9624316977587626 1.029137837695656 1.0995312949850777 1.1723201209707994 1.2461906964629912 1.319740467396593 1.3914510274882905 1.459688151174536 1.5227223435500727 1.5787664124337342 1.6260274840501612 1.6627708038322835 1.6873921756791574 1.6984953588604146 1.6990236256606106 1.6990236256606106 1.6990236256606106
2.0088807657081844 1.9608443819339585 1.9067985533836245 1.8490404688299755 1.7798077797070113 1.7003106014029046 1.6150780154153836 1.5279662942547698 1.4420848927853878 1.359810973825867 1.2828645305646025 1.2124207667583127 1.1491300776516191 1.0907493961250836 1.0352456572938116 0.9832543169399124 0.9355233032064316 0.8930801956565932 0.8574403143314379 0.8307945929359098 0.8159224007131529 0.8153593138223271 0.8298665824402637 0.8576223449585209 0.8968747493504561 0.946129793224376 1.0030107663488361 1.0656373054552601 1.1324320082898867 1.2019466134063015 1.272744904339847 1.3433344961409588 1.4121348435943868 1.477472416612859 1.5375974409137922 1.590718557512141 1.6350524785595886 1.6688856798185172 1.6906447845267216 1.6989718563203953 1.6990236256606106 1.6990236256606106 1.6990236256606106
2.0582454852450223 1.9969858994245477 1.9298103429206854 1.860287162601278 1.7832150014892911 1.69710201788378 1.6067065407341843 1.515977491348424 1.4280139098626798 1.3451127350174843 1.2688741087945024 1.2003429806503092 1.1401267308066239 1.08794072038953 1.0401437466158139 0.9962026748203558 0.9569047146716179 0.9233591166772809 0.8968030151139122 0.8788185025829818 0.8712179809321116 0.8754377477504811 0.8918238413580334 0.9192530293679444 0.9553983814648406 0.9997301633471827 1.0519171667393385 1.1101778490248757 1.1728997012675058 1.2385557384558163 1.3056283068823304 1.3725566908742162 1.437710090558436 1.4993835237021385 1.5558137621756962 1.605212636315004 1.6458150609561164 1.67593885685791 1.694053009580085 1.6990236256606106 1.6990236256606106 1.6990379343769693 1.6995335623981231
2.105324552833321 2.0297363786252096 1.948521365112316 1.865854067177223 1.780955467180622 1.688746469481694 1.5938205740085496 1.500183374856675 1.4116285838058427 1.330986164223803 1.2587865650570045 1.195255849499911 1.1402182055002497 1.0936512247381482 1.0538489955626391 1.0176693170859428 0.9857701835813742 0.9591720856305309 0.9391956619387357 0.927406619582441 0.9254378001635052 0.9344482406148005 0.9536957507833254 0.9822034155721936 1.018265062070527 1.0596601285250786 1.1073771841302018 1.1611999478271353 1.2195643135460736 1.2809297797074848 1.3437416962286488 1.4064001370784809 1.4672436283135546 1.5245500710425637 1.5765546807798112 1.621483632994806 1.657601394486364 1.6832691008237977 1.6970107790380557 1.6990236256606106 1.6994454436243815 1.7007915817953876 1.7028060971998356
2.149781834243237 2.058729786039405 1.9626007039189537 1.8661587986405355 1.7720984286673995 1.6743335087946798 1.57763240103196 1.4867213104871475 1.403024480596962 1.3274497566306582 1.2604988241001158 1.2023333060386852 1.1527105488646257 1.11165718072103 1.078937678714724 1.0505453664610787 1.0258946360647232 1.0058530116671238 0.9915196905290838 0.9841483484066416 0.9849965507281446 0.9951228267715865 1.01519614011338 1.0452029609759586 1.082178322627487 1.1235712015483494 1.167760828539119 1.2171610470273009 1.2709907308217103 1.3277376746643095 1.3858464131312043 1.4437062377495564 1.4996470132817064 1.5519471912358804 1.5988555547133674 1.6386264960710408 1.6695674595005483 1.6900962950729896 1.6988496072266126 1.7000931917485256 1.7022633609598987 1.7052919462436946 1.7088944950100795
2.191230275878728 2.083549386702726 1.9717004635298456 1.8610371143039626 1.757192719849852 1.6610742802290128 1.5688329812188424 1.482578752291312 1.4037965550888827 1.3334380653648228 1.2720158249038804 1.2195486135481375 1.1757981110758875 1.1407371120313299 1.1144098468712589 1.0940454848012586 1.0767160076659277 1.0630963117782029 1.0540770014966172 1.050678640108401 1.0539213372781564 1.0646732317261007 1.083519650285036 1.1106945470735985 1.146090935728924 1.1880309564870626 1.2314758942357535 1.2765318859485704 1.3256975696593847 1.3775608334498282 1.4305906808310735 1.48318945709322 1.5336994275240232 1.5804180920070237 1.6216244187550317 1.655616426754191 1.6807592300407195 1.6956742263924927 1.7006344756689575 1.7035138433293124 1.7074950561401367 1.7122740305316242 1.7175440937362194
2.2291219806071387 2.1036419426263713 1.9754120503725658 1.8546533598067265 1.748055191989205 1.6546231105796616 1.5668379961285066 1.485295214939275 1.4115803394054363 1.346735340922277 1.2912898653982803 1.245087498988911 1.2079493711720928 1.1796644321908876 1.1600719246219888 1.1478149406392806 1.1381315895761601 1.1310319968369988 1.1272076537578204 1.1275035929169497 1.1327941939921586 1.143851552429254 1.1612372586180233 1.1852417794043726 1.2158790129889085 1.2529240206434586 1.2954800568974547 1.33732784456006 1.380752676577251 1.4264930794429955 1.4734308674278334 1.5202385946775978 1.5653556939072149 1.6069748519784113 1.6430490353452305 1.671327998947213 1.6902723459867857 1.7004777354971004 1.704233685548859 1.7090072530605953 1.7148575613910815 1.721461760283931 1.7284889220811335
2.262514391825195 2.1182519136724753 1.980170075659477 1.8559748775924718 1.7466268199850792 1.6524040379687706 1.5691944701670586 1.4925683737722353 1.4242811598651124 1.365492360883307 1.3166644151100784 1.2776587346620505 1.2482023866868952 1.2277895754719341 1.215944558789258 1.2119460113762903 1.210425782888157 1.2101392024161572 1.2115216149435424 1.215289156204356 1.2222467029791093 1.2331505501404856 1.2486008260957118 1.2689772514180653 1.293330376904533 1.3206369313884838 1.3514192124363527 1.385730206528128 1.4206279746262314 1.4582264686136364 1.4976856323725019 1.5378604654728194 1.5773471231348228 1.6144637155195645 1.6472508320055934 1.6735513965737285 1.6924579519522012 1.7025970955035576 1.7095675684907097 1.716274170129192 1.724053038314707 1.7325623652263908 1.7414454697284505
2.28680282299868 2.1321600581051223 1.990436020680641 1.8632550189608934 1.7512382576807664 1.6551626627586171 1.574561993154061 1.5035204584759854 1.441141547625145 1.3889190255432327 1.3474464785416518 1.316857989840183 1.296607004862369 1.2856937989821402 1.2830939126500334 1.288028840759986 1.2951645282795436 1.301676332525866 1.3079706902615051 1.3148007460783016 1.322899643827951 1.332969310622818 1.344016922825477 1.354573486770965 1.365992874501538 1.379393841103456 1.3956463602072062 1.4153974549776052 1.439693205328562 1.4684411677433693 1.4997914056863217 1.5327826872718786 1.5661698491644707 1.5983993371501681 1.6276034762162865 1.6527062611688685 1.672548839676763 1.6894916237900557 1.7067138417143461 1.7224459484941876 1.734763731467335 1.7452601752099162 1.7561054617730627
2.2960115624033635 2.137940877959514 1.9953519223496277 1.869288391308615 1.7591564077328272 1.664047757484871 1.5832848489050115 1.5168065872689263 1.4604157537664508 1.4148922203469327 1.3816696212210628 1.3611201479126362 1.3522610837273095 1.3532372307451026 1.362104993879547 1.3772821898688503 1.3930610393006906 1.4055736799430385 1.4157206898477879 1.4246054983042407 1.432732222410015 1.4364056226498394 1.4357621397451523 1.432248847634154 1.4284866174611648 1.4260903264092681 1.426304494556096 1.4300865869775168 1.4382208028562515 1.4561603139536974 1.4791292509691045 1.5047358523768648 1.5318847191157836 1.5591448781827946 1.585170543518962 1.6097115925143568 1.6330566498413495 1.6592213727876444 1.686793255196749 1.7139002434216688 1.738470778372387 1.758270149980383 1.7721274807247194
2.288439504028397 2.1305589181856717 1.9913986518771416 1.869685170716172 1.7638459681156904 1.6725295656684407 1.5949161629570365 1.5309486361290547 1.480148743255008 1.441228766590897 1.417138747800595 1.408791298563041 1.4131683240336632 1.4243820382841248 1.4404138697145776 1.460305809112658 1.4803627348820079 1.4958345210696427 1.5078085418903593 1.5158088812948296 1.5156473336137812 1.5094719786992468 1.4995253985283394 1.4873120466293683 1.4732959178708738 1.4578072034147693 1.4414030672422589 1.4284766359042425 1.420551790079389 1.4220170724762606 1.4362880095431338 1.4546416740919241 1.4757153726022543 1.4982101548715152 1.5220311833022435 1.5475895074059176 1.5784423819106195 1.6136033549485544 1.6513889167358589 1.6898521637793258 1.7268003190156076 1.7598291418366256 1.7863732348118908
2.2581410678460654 2.1080118776652785 1.9773512849889792 1.8637888633121775 1.7651544269398072 1.6797237641335288 1.606480289451107 1.5453014517066135 1.4975804489290219 1.4658815587789915 1.4489561296384037 1.4463484139232015 1.456748885712425 1.475406131491026 1.4981074627220707 1.5228786564986563 1.5461541356110058 1.562975773202235 1.5721109825865414 1.5689036304021398 1.5565896726405357 1.5385053786000562 1.5173950300928107 1.4953032355711215 1.4734773468499642 1.4519071567863582 1.4304815682050358 1.4085289702961568 1.3859941835829888 1.3711980539758335 1.3730636058724286 1.3845922200715617 1.4000151261485092 1.4185824041451272 1.4419317441897435 1.473076302902333 1.5111915112994783 1.5548925514649292 1.6025018256396635 1.6520373279453118 1.7012187761927664 1.747495761214898 1.7880978985179878
2.202670779976915 2.0689314165172648 1.9527345505156355 1.8518424306764247 1.7640221676795675 1.6873337042253287 1.6202076888568155 1.5621966423239397 1.5144540064472678 1.4748028791417045 1.4532416131901376 1.4551751577298477 1.4765759853955818 1.506226857385355 1.5368111437462564 1.565877424880793 1.5902382618807904 1.603162216346802 1.5987369032253154 1.5808735207179074 1.554235376578868 1.523520253514018 1.4927328874409813 1.4632570658435693 1.4357984830200894 1.4104724172022274 1.3862836265372147 1.362454512082093 1.3381250677678749 1.3133964332399033 1.2988312105298065 1.3004842190538082 1.3088467877440724 1.3254276918879115 1.3527948349830792 1.3893720860053627 1.4341154714460382 1.4857058351566177 1.5425127792778865 1.602566742019466 1.6635481193844632 1.722801715239652 1.7773805581009074
2.1252730599224567 2.015102935469698 1.9187493412681018 1.835004996705912 1.76201529600578 1.697507660831799 1.6395992369128092 1.5837696735861333 1.5208017182763123 1.4596041940063624 1.4242028011986332 1.4386399620000028 1.4797277966453017 1.5232221502988534 1.5610145228625876 1.5919183587337984 1.6122743035896978 1.6097127391950707 1.587767938183905 1.5549618327366 1.5177433891001466 1.4793289200080395 1.4419095145809575 1.4067910580380953 1.3745950742806208 1.3454500603014534 1.318989351774528 1.2938718931223732 1.2692135874643815 1.2447756961053837 1.2262605445631949 1.2164725363629787 1.2194227163754403 1.2338481302807758 1.2604870523758047 1.2995964955993362 1.3501722320848215 1.4088722777488327 1.4740698731014694 1.5438544392296203 1.6159226818616585 1.687572528753812 1.755731531145658
2.034102867801006 1.9507402320101914 1.8777571634582317 1.8147546602493982 1.760194351636898 1.712292989832554 1.6636593021513424 1.600667708618032 1.5252409129723785 1.4409791810318204 1.3700747780135367 1.4172021015339367 1.4829733412574346 1.5363340342415368 1.5766129317503124 1.604103268530464 1.6079080244954709 1.5859504360269412 1.5498402468158878 1.5059832264748392 1.4592764298296292 1.4131143210905441 1.3695502766249474 1.329613540460459 1.293638965501828 1.2615378629690488 1.232980481752487 1.2071751320902129 1.182695593264052 1.1592614550337317 1.1435800039914805 1.137469806039562 1.1391930764331784 1.1517849986817466 1.1767282251838171 1.2141424539535794 1.26422618685786 1.3272646863198168 1.3999387527187779 1.4784961772429595 1.5607027969093943 1.6438744697123906 1.7248827327453347
1.937032890275096 1.880285141594459 1.8317617509960582 1.7916330382757104 1.759101572732305 1.727538735339543 1.6802726778328816 1.6187586633191988 1.5460590331807733 1.4671944432684931 1.409360430066906 1.4482109111795594 1.5109140478488963 1.5596666526489862 1.5898985994117483 1.6006688156639846 1.5833614138150938 1.544788239016759 1.49355517540146 1.4371162012616328 1.3807268216773896 1.3275311797970144 1.2790474098770221 1.2357150652881972 1.1973603772285415 1.163536018510128 1.133729519484236 1.107741583763175 1.085277834747036 1.066192015377466 1.0560234898358627 1.056053291512373 1.065596892377448 1.0781195587568275 1.1018244722920794 1.1380750034314684 1.1868930672244518 1.2484464828943194 1.3230820494806121 1.409138566214097 1.5003639118194578 1.5939320205571623 1.6867329384755578
1.8384851312069266 1.8061209729554921 1.7818846893281102 1.7660553407952282 1.7552121030539662 1.7298586986387425 1.6895521146833021 1.6383446881403272 1.5818001310025074 1.5302007825499244 1.5047652443507018 1.5229959138758007 1.5638579605448215 1.598231119845286 1.610675198980795 1.59582362002102 1.5523731703690102 1.490074348627131 1.4198982940378442 1.3498150643781697 1.2844647848916488 1.2259253204311256 1.1746394880801818 1.1301742864063011 1.0917650364323814 1.0586733716267354 1.030389436532189 1.006695334728049 0.9874815092017127 0.9726266919199585 0.9673963983165507 0.9729748991616497 0.9900246054467035 1.0114545194663713 1.0349335832224769 1.0706204072295868 1.1187783172044556 1.179386249909687 1.2526514327146867 1.3390167409645528 1.4373918020016994 1.5400395873078916 1.6432851498503251
1.7399330709739127 1.728724797589375 1.726744656364063 1.734141445769339 1.7327705654158323 1.7156998729308517 1.6868615796552504 1.650993594817515 1.6143948933178471 1.5860900578820312 1.5777281352212968 1.59404581805841 1.623535054944919 1.6448024379761894 1.6417114152401187 1.5968000844421872 1.5195938460272773 1.4281547742834426 1.3366307921063385 1.252913431119392 1.1801383510443992 1.1186167705994206 1.0672293713996772 1.02430968837742 0.9881908716818905 0.9575400836244353 0.9315420097104096 0.9099478442030292 0.8929834969993672 0.8815380269002493 0.8804546212423563 0.8908674451273382 0.9139321508067467 0.9451982271935113 0.9754706495950134 1.0112935385835338 1.0594516099199023 1.1196943197958138 1.1920724454392262 1.2769300822509302 1.3748772761594055 1.4844866990826793 1.59659502523792
1.6345235181718523 1.6383609719604126 1.6555759950098539 1.6758439277999693 1.680843574825483 1.6732851034750595 1.657238689485846 1.6375939360271787 1.6203151940558176 1.6123179899945699 1.6196990279455525 1.6432634395679844 1.6736954955209105 1.697949164141306 1.6805760772472051 1.5979301854484638 1.4780056886267403 1.3541126066179392 1.2423850824094993 1.148211529608068 1.0716718060920218 1.0105738606948567 0.9619453582819694 0.9227948538189744 0.8905368588206799 0.8632511608515491 0.8398376098244169 0.8200661015898545 0.8044837347252211 0.7953978112741644 0.7974491621337068 0.8118629463922824 0.8401803440099153 0.8796696831929657 0.9204751422985475 0.9599500038052261 1.008825824258406 1.0692739756754714 1.141188499175636 1.224824768421325 1.3207438271544631 1.4297610719081024 1.5487362057778862
