_RESULTS/CROSS_VALIDATION_POSTPROCESSED/Berg/TZ/7comp/4/Berg_TZ_z_500_kriged_reverse_7comp_spherical_4.asc
ncols 100
nrows 90
xllcorner  5.6208707817415728
yllcorner 50.959635321741573
cellsize 0.00013419651685393446
nodata_value 1.7014100000000001E+038
[rows 57 to 75 of 90, columns 0 to 42 of 100]
1.0379313484562178 1.0484011964636526 1.0359324375643433 1.0024142814643158 0.9518845160351062 0.8894443500627582 0.8202548150512616 0.7488636157690827 0.6788879109893258 0.6129607255460066 0.5528295592955994 0.4995226591872169 0.45353220108614006 0.41543165105435925 0.386671553615303 0.36863837354424056 0.3611309983659011 0.3640343842283987 0.37342933425221814 0.3868271907628292 0.40451058547826735 0.4268581787140141 0.45402975985207594 0.4838675800875621 0.515418173000955 0.547994505329268 0.5807253967733174 0.6124932155102056 0.640818889940329 0.6634395646914286 0.679560096210043 0.6861671115743434 0.6802678932454392 0.6615743379764527 0.6334949531127458 0.6009344719311429 0.5679233093112663 0.5370317546518372 0.5097110591378262 0.4867205117528135 0.46842502102620925 0.45497039443562415 0.4439528783787696
0.8456433508397523 0.8510558043511661 0.8410435678200344 0.8166737244858897 0.7803714578794024 0.7353481092284027 0.6850154446422362 0.6325363269613854 0.5805626109633618 0.5311389748536103 0.4857222693345186 0.44526673078731915 0.4103384340674148 0.38123656777645365 0.35860147090298466 0.3450569252014286 0.3411624039873596 0.3458137540483703 0.3545894599874355 0.36721442315043745 0.38395357029910204 0.40489052420067284 0.42836801598193747 0.45371392726663723 0.48042529396150013 0.5078531109697983 0.5351721852029294 0.5613384059313321 0.584995580385026 0.6036535773457555 0.616480791752228 0.621972405830107 0.6186734068753863 0.6066359428233511 0.5876991492417452 0.5646993998286094 0.540402933873647 0.5169454293127463 0.49577604945849585 0.4778092289801546 0.46359789746801006 0.4524804778750587 0.44312729509597215
0.7011917110991542 0.7030231177878339 0.694447301191077 0.6760972427733719 0.6494691476078809 0.6166117882698929 0.5797848802468016 0.5411715891840971 0.5026871877007602 0.4658865786766587 0.43195092436330035 0.4017272074048864 0.3757977544056747 0.3545636135549194 0.3383327973322201 0.3286380743507373 0.3278246706493476 0.33234572206446306 0.3404813187363079 0.3523758964444217 0.3678335739683037 0.3855929671289541 0.40528412393220176 0.4265323673019995 0.44885998400255284 0.47166330190111716 0.4941883645158497 0.5155051106371038 0.5344859723282928 0.5498033380883569 0.5604302503424532 0.5655687271687615 0.5644517517035115 0.5571908616972093 0.5448692825079857 0.5292135701984046 0.5120901263242768 0.4951369646150522 0.479623306526704 0.46646361666387454 0.45536061825467217 0.445462180105126 0.436836303744849
0.5933382009140614 0.5926294689222499 0.5849209063349387 0.570601235018845 0.5506158054070669 0.5262923448930928 0.4991399055206916 0.470668280336119 0.4422566423560213 0.4150798064529294 0.3900861227567623 0.3680144738423418 0.3494373904780408 0.3348202295469322 0.3245906263070981 0.319553827555345 0.3199662523081319 0.32386209939352584 0.3313543320734716 0.34170462369424703 0.35429548168309133 0.36886949550451925 0.3851260470598594 0.4027006422245089 0.4211455225709088 0.4399117728257727 0.4583691610191025 0.47572929307686695 0.49097554839486685 0.5030952887911646 0.5116703588365688 0.5167475820506656 0.5173588116801284 0.513599718240958 0.5061474010376954 0.49610182181834284 0.4847348204545151 0.47326787654572405 0.46272367007405685 0.45282599504807225 0.44343607925916834 0.43480335077356386 0.4270401768976288
0.5136708004015834 0.5111445528750129 0.503953708365327 0.4923660559453716 0.4769901240875306 0.45870061864690836 0.4385184246959626 0.41749793919347283 0.3966400529345374 0.37683881855276613 0.3588613886447193 0.34335600380305586 0.33088151556778106 0.3219531306010399 0.3171017520953994 0.3160074153178308 0.31702030872791215 0.32026921903007294 0.32569437927478545 0.33346713345157347 0.343322148690862 0.35498479552537715 0.36850542462503083 0.38393139728806785 0.40052347756081885 0.4174594525897206 0.4338513841696659 0.4487738037308613 0.4613151741480777 0.470655188909038 0.4762763161006238 0.4789770014316217 0.4790090987874739 0.4764137137499339 0.4720148875676127 0.46627399055342406 0.45949015752925393 0.452310878032911 0.44453749833725553 0.43657766169465034 0.4287948777894867 0.4214334999867465 0.4146307211644289
0.4531901089750898 0.4511277255251158 0.44509869403565866 0.43556008935629315 0.42341480562527145 0.4094391777678096 0.39433585624502937 0.37885444002610685 0.3637353724515275 0.3496741429342495 0.33730736035639863 0.32721923294835736 0.31996593646585064 0.3161160293458714 0.31565676923214936 0.31565676923214936 0.316127009792303 0.3183651088054993 0.3223194576781634 0.32787240259783657 0.3361494601307106 0.34745118522962976 0.3610977444845975 0.3763672825062727 0.3924713056055691 0.408552737921487 0.4237077459425471 0.43703134730056525 0.44768485965491533 0.45498040154507546 0.45847327054705445 0.4586596339965626 0.45650020981162726 0.4524571307643174 0.4472806397138304 0.4416757742154708 0.4361254121966699 0.43086626425448893 0.42493712254763233 0.4186614646502441 0.41234740063868114 0.40622077314603305 0.4004294394303975
0.406373912891548 0.4049057102218517 0.4006106293742441 0.39380369234118834 0.3849680234464393 0.3747023115636149 0.3636642972312116 0.352520651138521 0.34191047793842017 0.33242578516793203 0.32460897750892387 0.31896551738156204 0.31598945037174825 0.31565676923214936 0.31565676923214936 0.31565676923214936 0.31567999404206115 0.316850473879777 0.3203826766938102 0.32743187992830125 0.33749184413198385 0.3500059813067024 0.36440269136687037 0.3801627144394642 0.3964769099060779 0.41242371046229936 0.42705098751560155 0.4394387387678108 0.44878098902930474 0.4544758474757718 0.4562086607102537 0.4541290501847075 0.4495678952353318 0.44303116931159287 0.43503108275720775 0.42633761344173976 0.4178113552949256 0.41033429246454783 0.4047155118815366 0.3998792576371296 0.39488059236882955 0.3899207412675797 0.38514762392072927
0.37089264898018 0.3698718709801774 0.3668876426475799 0.3621660584802381 0.3560583815104755 0.34900858160582754 0.34151780975477525 0.33411225875158274 0.32731938579687897 0.32165541973408207 0.31762521096416324 0.31573431701551635 0.31565676923214936 0.31565676923214936 0.31565676923214936 0.31565676923214936 0.3156865996150217 0.3177673960994652 0.32377697572325137 0.33331070152084774 0.34581010428856274 0.36068678548539196 0.3772769820780119 0.39481441454501953 0.4124257298212721 0.42915275539775544 0.4440033022179202 0.4560275265602183 0.4644108274713331 0.46856859717083643 0.4682248171991664 0.4634571380255491 0.4551206392259032 0.4446271202843837 0.4327128989054836 0.42020953973450914 0.40798930680372447 0.3969074519238137 0.3877713935648091 0.3813398628862438 0.37729371146552754 0.37338669823788767 0.369625346787981
0.3450355210758194 0.3443610008142392 0.3423951829429665 0.3393063130910453 0.3353592639575834 0.3308956878482006 0.32631218992015326 0.3220406460191983 0.3185341511405548 0.3162610669846734 0.31565676923214936 0.31565676923214936 0.31565676923214936 0.31565676923214936 0.31565676923214936 0.31579690210677563 0.3184936627492924 0.32422903524178687 0.333045717214395 0.34544572310017285 0.36089037405903407 0.3787431935707297 0.39824672759869356 0.4184962450138836 0.43844341418638716 0.45693648273870946 0.47279853196744603 0.4849369183816484 0.49246723171107204 0.49482766409337753 0.49185828766511946 0.48382610889835087 0.47140198879772316 0.4562505949541933 0.43973421191816736 0.42279919830758184 0.40637490853083197 0.3913214086769051 0.3784077698337449 0.3683199815920457 0.3616941566886721 0.35838056193873924 0.35558394786121816
0.327625673801392 0.3272290595685882 0.32608392432193506 0.3243214374979384 0.32215102143234997 0.3198486784550367 0.3177443806064084 0.3162112763929669 0.31565676923214936 0.31565676923214936 0.31565676923214936 0.31565676923214936 0.31565676923214936 0.31565676923214936 0.3157882479865881 0.3188348722898025 0.3255500886463385 0.33549400908580607 0.3482339595181294 0.36404948035592505 0.3831344254950199 0.404789082930168 0.42813310104069235 0.45207608743525873 0.47532871110832453 0.49646497383945926 0.5140378367161907 0.5267360960217757 0.5335545115112342 0.5339387906536934 0.5278686266693964 0.5158570766753603 0.4988677963998054 0.47824460620226117 0.4561225065798292 0.43386890097440745 0.4125098417303045 0.39293349694715096 0.37588157184265464 0.3619711248824442 0.3517389519406948 0.34570228522947316 0.34347656651334635
0.317969034856073 0.31780654564224087 0.3173557919821153 0.3167252902848602 0.3160908982332637 0.3156896827855234 0.31565676923214936 0.31565676923214936 0.31565676923214936 0.31565676923214936 0.31565676923214936 0.31565676923214936 0.31565676923214936 0.3156757116729224 0.3184135876727495 0.3254723706959083 0.33647302883249997 0.35107767888941566 0.36892439044084313 0.3895662868780227 0.41321710903226033 0.43977171089145334 0.46819375296690774 0.4971456725456415 0.525004341780828 0.5499507156360175 0.57013860953099 0.5839236981972794 0.590106715157476 0.5881283197756266 0.5781594673443519 0.5610614797756758 0.5382311860971626 0.5113790179120243 0.48239926997622506 0.4536005400906298 0.4263039700323772 0.4014358951617609 0.37970511029159904 0.3616467690035181 0.34768456392150215 0.33820301627850086 0.3336268781624592
0.31565676923214936 0.31565676923214936 0.31565676923214936 0.31565676923214936 0.31565676923214936 0.31565676923214936 0.31565676923214936 0.31565676923214936 0.31565676923214936 0.31565676923214936 0.31565676923214936 0.31565676923214936 0.31565676923214936 0.3173975468026588 0.3240146286439556 0.3352657960564098 0.3509164870024801 0.37075570729891655 0.3945216994127521 0.42182290997918087 0.45205568901376325 0.4849619666727728 0.5201175763454761 0.5558632843449834 0.5901129935314003 0.6204787745230816 0.6445167026544827 0.6600698878123117 0.6656328126239236 0.6606306539060218 0.6455213846177834 0.6216882950955128 0.5911657213606488 0.5562906640677179 0.5193771780099156 0.4825453392815005 0.4479749543455089 0.41679365718944594 0.38964936254583776 0.36696108921636506 0.3490072931975817 0.3360148210826655 0.3282463038738046
0.31565676923214936 0.31565676923214936 0.31565676923214936 0.31565676923214936 0.31565676923214936 0.31565676923214936 0.31565676923214936 0.31565676923214936 0.31565676923214936 0.31565676923214936 0.31565676923214936 0.31565676923214936 0.31624234600636675 0.3215365353039233 0.33209952049011193 0.34777679257061717 0.3685075519937916 0.39424852274103483 0.4248879398316833 0.4601442558273855 0.49944915751653285 0.5418230690678917 0.5860299290780485 0.6310102408284569 0.674142983178677 0.7122100921149801 0.741857927553625 0.7601256496759541 0.7650190212834007 0.7559392878762057 0.733802876575139 0.7008087996795674 0.6599553169323156 0.6144859749140437 0.567426217804168 0.52129351192648 0.47799304657335046 0.4391874461797077 0.405686493700413 0.37773041341035224 0.35539776949394386 0.33871562460444893 0.32775649184257044
0.31565676923214936 0.31565676923214936 0.31565676923214936 0.31565676923214936 0.31565676923214936 0.31565676923214936 0.31565676923214936 0.31565676923214936 0.31565676923214936 0.31565676923214936 0.31565676923214936 0.31565679572103006 0.3186973973339478 0.32757883263151777 0.3421713550399319 0.3625223392325381 0.3887858373345288 0.4211441536328026 0.4597098296654921 0.5043980607149094 0.5547639066964346 0.609808722704713 0.6677794150878432 0.7260139597009451 0.7815506785122576 0.8306271418768272 0.8684805183966131 0.8908552429166116 0.8949548427369832 0.8801504562320454 0.8481266384821969 0.8024029220021791 0.747467350078953 0.6878817114000944 0.6276270112598793 0.5697769537705392 0.5164482209025567 0.4689226195538766 0.4279366409231168 0.39392375182247313 0.3667121876114146 0.3460620902411082 0.331406889292885
0.31565676923214936 0.31565676923214936 0.31565676923214936 0.31565676923214936 0.31565676923214936 0.31565676923214936 0.31565676923214936 0.31565676923214936 0.31565676923214936 0.31565676923214936 0.31565676923214936 0.3163940127289361 0.3226044829308763 0.3350117606055384 0.35369463395509715 0.3789335266843914 0.41114777426032 0.4508190566680539 0.4983850023507831 0.5540857650599115 0.6177477146610659 0.6884970242666039 0.7643910271333254 0.8418194170664682 0.9160226892649411 0.9810353483383811 1.0306051070377398 1.0591913601789893 1.0626695453505657 1.0402439938847219 0.9946757355484193 0.931368343414315 0.8570509920631723 0.7785721294166543 0.701173379494435 0.6285296744532406 0.5628871055394903 0.5053686664806002 0.4563183940082637 0.4155895287759467 0.3825529952428164 0.35671527456440255 0.33755432337427693
0.31565676923214936 0.31565676923214936 0.31565676923214936 0.31565676923214936 0.31565676923214936 0.31565676923214936 0.31565676923214936 0.31565676923214936 0.31565676923214936 0.31565676923214936 0.31565676923214936 0.31827780868403416 0.32747399482920914 0.34330511456585744 0.3660740407638634 0.3963265268486844 0.4348017152295507 0.48236517301986015 0.5399035046465833 0.6081425638736035 0.6867121034969498 0.7747501097822014 0.8705580694969964 0.970615077386104 1.0690640610524043 1.1576051463415953 1.2262927958888783 1.2655804835070876 1.2692111417233487 1.236551501054446 1.1729116046096406 1.0871777985369016 0.9892053960179223 0.8876634098961118 0.7889820473567214 0.6978804565622175 0.6172581772698446 0.5476637419461582 0.4888495304186476 0.4401126877148663 0.4005741043913437 0.3693589535392865 0.3457084840164436
0.31565676923214936 0.31565676923214936 0.31565676923214936 0.31565676923214936 0.31565676923214936 0.31565676923214936 0.31565676923214936 0.31565676923214936 0.31565676923214936 0.31565676923214936 0.3158287331993589 0.3208685120720341 0.33282471062634067 0.3519053172305957 0.37864833101451245 0.4138916703880223 0.45874409979088787 0.5145360963759502 0.5818733783036438 0.6614148249623331 0.7541570106429968 0.8603720219246009 0.9789389614340264 1.1064006349539968 1.2358583594122896 1.356166498965198 1.452426917649366 1.509000959143584 1.5149864698654305 1.4692274073319136 1.3808214009656872 1.2647064432224533 1.1360490015747817 1.0067571371144795 0.8845843186983776 0.7737249027165963 0.6758522492665258 0.5920116804576713 0.5221843917631835 0.46495167304007556 0.41883637148726643 0.38248243419194405 0.3547505672703336
0.31565676923214936 0.31565676923214936 0.31565676923214936 0.31565676923214936 0.31565676923214936 0.31565676923214936 0.31565676923214936 0.31565676923214936 0.31565676923214936 0.31565676923214936 0.3165597831258281 0.3237579366146809 0.3381865012925388 0.36024325438390514 0.3907024732255714 0.4307075692743659 0.4814784626772675 0.5434224530493802 0.6182532248343028 0.7079853016642396 0.8145542245971188 0.9393830846803699 1.0825909437532948 1.2416681539824075 1.4095162878529934 1.57218617630825 1.7078669456213822 1.7904309931409623 1.7998722970186822 1.7340445137367628 1.6098912184944085 1.4528497781877125 1.2856754276302709 1.123779017792312 0.9756029032299632 0.8446801803040921 0.7315931585376579 0.6353593480617792 0.5545713239467323 0.48886052202191455 0.4363246702787063 0.3950557666210392 0.3634978858383803
0.31565676923214936 0.31565676923214936 0.31565676923214936 0.31565676923214936 0.31565676923214936 0.31565676923214936 0.31565676923214936 0.31565676923214936 0.31565676923214936 0.31565676923214936 0.3175700642686463 0.3265746001169899 0.34311294034616036 0.3677557584151639 0.4014998631665818 0.44511302749704773 0.49897753667649164 0.5650594572489592 0.6457596003736817 0.7438563083415302 0.8623816508950394 1.004285465715062 1.1716865538376149 1.3643618287338117 1.5769461485148148 1.7943920916541396 1.9867758428998468 2.110006480231754 2.124630652635102 2.0263763681506024 1.8495616867695388 1.638467298499354 1.4255160750156206 1.2282764822490146 1.054003057240664 0.9041879931486108 0.7775104881203049 0.6714876449922902 0.5833297894882514 0.5104363380220437 0.45201296494822524 0.40631627567426865 0.37136946847955077
