_RESULTS/CROSS_VALIDATION_POSTPROCESSED/Berg/TZ/7comp/4/Berg_TZ_z_125_kriged_reverse_7comp_spherical_4.asc
ncols 100
nrows 90
xllcorner  5.6208707817415728
yllcorner 50.959635321741573
cellsize 0.00013419651685393446
nodata_value 1.7014100000000001E+038
[rows 40 to 59 of 90, columns 43 to 85 of 100]
17.549865207933777 17.05582668624315 16.59599120677994 16.12277598599765 15.657371028590727 15.228372421826425 14.85985678435183 14.572989623068144 14.387788909736358 14.324443767066578 14.403410765579554 14.6460117809115 15.064611365810917 15.612227121901364 15.868423158134595 15.347505408368873 14.701906055487864 14.115689530212366 13.641999641569083 13.2857856782489 13.038875344296711 12.884165867927322 12.799573046515958 12.761965764631523 12.750024782847463 12.745883863009762 12.736063188333821 12.712315237969365 12.678861403832444 12.672266797883333 12.71527979802704 12.83633441560256 13.020668820460205 13.22569768070101 13.380533623691711 13.46301182586174 13.461738910486098 13.407011645961378 13.326022907881699 13.21996625353092 13.090708550292513 12.940463176525766 12.771661770040547
16.62115320556469 16.151127392324266 15.716474483081564 15.285222183770669 14.866529707016953 14.486736877628648 14.164986985491362 13.917201873013843 13.757764366369193 13.701119868273384 13.763270838354845 13.961901959310271 14.285373224659331 14.596929398631534 14.66004263669931 14.359423014252371 13.874566809297981 13.369801365376322 12.927461921165154 12.606701111404444 12.406731995039157 12.307937986096624 12.282422410094105 12.301570863639132 12.340138308868728 12.377688511329962 12.3989415749747 12.394174613278166 12.378048217438515 12.379770829933895 12.427720945161028 12.57295200203383 12.812004267411575 13.076065711397874 13.283968947723196 13.413459898781163 13.454393717585614 13.41933785573072 13.353787624269811 13.262065214412292 13.1469553371714 13.011510087999797 12.859009476656158
15.67162948530824 15.216055607894669 14.800528654727096 14.412633581664105 14.033912943293705 13.694395020258824 13.40945613534392 13.189101136652592 13.040820156191621 12.971166021780393 12.991725219796358 13.12063828524753 13.32487133942287 13.483083428720722 13.470565900785205 13.244529921230766 12.876525707491298 12.473104515406309 12.108971783010784 11.846168497013272 11.719003906876969 11.70149975437547 11.756495372362707 11.848914920390198 11.950251561604949 12.038585034309692 12.097670326536395 12.11993651334924 12.126869924347911 12.129009575776795 12.157473284589342 12.323536922144005 12.641531622152682 12.972059903991243 13.2297530717109 13.400328303905493 13.477744841221275 13.465574594856117 13.414670555193615 13.337103678082457 13.236482765407162 13.116585687579205 12.98139739255337
14.714530561520132 14.269274525355996 13.871882971929805 13.521286415621002 13.185014817992668 12.881010628716522 12.628508436587682 12.432271701913956 12.29304276762308 12.20868665525887 12.182711779660014 12.21903349423453 12.334498505874416 12.421529426229602 12.370258075053682 12.163563821266854 11.847371848732918 11.503942234833838 11.215092604749424 11.038709174105039 11.006703182332094 11.094775249252873 11.249145262412338 11.427784657778458 11.600922172593664 11.747130720808233 11.850696149197766 11.917222545108054 11.958270690737438 11.973406139170233 11.964470460566798 12.144069204449531 12.56314286263051 12.941973910506144 13.232702419117912 13.431752331010843 13.536251714505246 13.545394731633047 13.507063092041605 13.442460840262788 13.355722395898297 13.251097160797235 13.133014123871945
13.759663154273237 13.32700743526109 12.950690856616731 12.633600319230192 12.338673657094315 12.074146116095884 11.855022257025103 11.687373364140676 11.567275397095326 11.487790344330884 11.430334217446553 11.350916437961613 11.44198335045798 11.491249940312015 11.408113788592585 11.192990638783696 10.880414587819764 10.54252252885575 10.284453913225605 10.20937618634998 10.309582147520889 10.527641872695881 10.794039249018375 11.064356908926989 11.312229701389583 11.519320895074262 11.678075757422587 11.80238962783181 11.8942882801231 11.962567210431475 12.040425378262205 12.253452530488419 12.628566477262734 13.001370495216708 13.298454195947054 13.50976460261517 13.63034048670349 13.65598509394938 13.627526024411216 13.57410981964206 13.500016075716836 13.409658975547448 13.307619850245308
12.814806107369673 12.404247122642174 12.054365126585068 11.770201811169162 11.515308037246438 11.295344126243577 11.115452698193371 10.985344734071338 10.900485269280086 10.839613429134117 10.784176326651808 10.74259330878792 10.748395228652491 10.731239831242299 10.61527118477279 10.384563985144455 10.053661519478032 9.670897998290007 9.36344628685318 9.386868632759063 9.690011396936232 10.0556428409061 10.430488769511342 10.784641029974015 11.101190546571143 11.368415804952889 11.59445299151304 11.779532499265297 11.928983520029995 12.062219088238564 12.217382779208425 12.456138597222163 12.790454238065733 13.132524811388086 13.417925856746804 13.628541532418714 13.755624165000613 13.79186877250462 13.770779933454664 13.726703129811371 13.663768915134492 13.586296861393487 13.498772905557924
11.897301023082163 11.517716230827315 11.199168867022788 10.948195055144303 10.732954964626327 10.559285838654906 10.42829109318027 10.343605460029613 10.286680033548116 10.244935271036807 10.215135183132986 10.19502490246485 10.178506906957603 10.129032408179958 10.000847196056132 9.774312336836894 9.447655067849505 9.031383374548103 8.552164346491816 8.708664020870852 9.260590856428227 9.748807046880533 10.196142402279964 10.608541881617398 10.978366464507303 11.311229584488215 11.60281216571683 11.844130252298129 12.042370864978313 12.224195461991103 12.423734808789563 12.681667968243696 12.992954478876339 13.303258276330176 13.572843318037433 13.776490524028546 13.903865803801574 13.945426805777887 13.930024256530249 13.893805710012588 13.840642155620241 13.774609076755581 13.699936214407876
11.034609988127778 10.685933430276073 10.399721665756687 10.180716873905336 10.004631538162776 9.878921390337556 9.793773336837678 9.738051375172581 9.709910916334243 9.700952240153553 9.7044616613843 9.710235146958826 9.704600175144185 9.663419102557297 9.556603794097827 9.371422997301355 9.109348679901764 8.79158575850126 8.51436648016444 8.665607517891184 9.154621679803085 9.652706865973974 10.10885366267676 10.541623770447469 10.954584823779506 11.345926867022982 11.700005091774285 11.988215922932287 12.215016126131879 12.424461465915172 12.650260566283825 12.922372225615375 13.211065353143129 13.490784472526263 13.744647438695235 13.940160316940005 14.064850807797233 14.107870592706165 14.097489684735324 14.06824043283629 14.023782987064463 13.967912222571172 13.904534337841831
10.25026121199845 9.925333729280737 9.667678238394583 9.47536078386734 9.328019656438336 9.23129438413607 9.180578637180192 9.16390087514829 9.176284178590139 9.209835025452238 9.254524221601446 9.297151099895332 9.323837645155745 9.318376750683202 9.261211882023797 9.148587372982577 8.994054412893682 8.838366899718263 8.774713989724207 8.933623077027438 9.297541891464716 9.731771067348264 10.153429208601217 10.583908176386759 11.01894875649152 11.45079241813588 11.86873894638268 12.19588360265825 12.421333360045688 12.645450854762982 12.89074249723299 13.165580905680352 13.433273815350699 13.686652305030252 13.918433641380295 14.10700187135044 14.228045095215498 14.270199723972185 14.26503122089775 14.242467748130897 14.206069240689173 14.159386127129864 14.106007070364182
9.557396443146157 9.238437925815994 8.988800465459883 8.798944846279461 8.667370735022823 8.60162586611102 8.594777689511217 8.62931313257896 8.692535869742391 8.776773969769511 8.870147723740244 8.959115382482777 9.031749834143485 9.077685853319117 9.08607310490842 9.058597149839402 9.015011280400921 8.992328410077697 9.046450363681386 9.230820204796537 9.539961529806886 9.9170968835254 10.30723426766496 10.716773492999474 11.147620946802714 11.587158206120955 12.020992830285786 12.371655620379759 12.624316372113437 12.873241023949372 13.139918595459537 13.40478878391477 13.653383644327748 13.88342344051765 14.090422915098024 14.266292841703375 14.38346530834317 14.423827754329945 14.424598252582467 14.408921479883134 14.380340024808373 14.342219625066626 14.297880863820161
8.936200176992676 8.59708382275694 8.336083314476488 8.140644256508095 8.024788738241519 7.9974489881049475 8.045739745193073 8.143170824489046 8.266887305028346 8.408267484028611 8.555592339561063 8.696590868996461 8.822040569644104 8.925711928499279 9.003953128273176 9.059542036726636 9.111756063195244 9.186061369664401 9.315210179369302 9.525689533476257 9.821025759367574 10.172452632017654 10.538302872786304 10.916654167629062 11.325587184370686 11.746403240367005 12.155031026087018 12.515867638215514 12.822744776396005 13.108035422370834 13.384891008174172 13.63758098041751 13.868138308804284 14.076576946458093 14.260366189428888 14.413129007447184 14.52181987375883 14.560835416959678 14.568521639725887 14.560259995582125 14.539593890046506 14.509755886914578 14.473865604929925
8.40788162986571 8.032260745294268 7.732165255720572 7.510377345079267 7.404524869900637 7.426028051655134 7.545267477032806 7.717796855896779 7.9101461602469625 8.112195278719279 8.315124337467543 8.509371058557678 8.688732355148844 8.85016453755174 8.994225337599158 9.12395591023396 9.253542073174376 9.400282366166964 9.58839064301471 9.833307888520434 10.13412999506186 10.47265452735308 10.819753752715972 11.168142558032713 11.549860728643434 11.947611687502452 12.340540949052864 12.708570533157971 13.044925618966888 13.35298866624622 13.623713477404998 13.863099611138892 14.075562474414237 14.263039454405483 14.424210810192259 14.55296136906383 14.637585721547113 14.673990740449918 14.68965472807689 14.6895398142314 14.677157344778724 14.655641686771881 14.627979948217973
8.000760935636377 7.576025981824652 7.212056943729647 6.932688895022681 6.819306232930214 6.904885614957827 7.116206904575127 7.373756391180204 7.637034791548271 7.898097155424826 8.153514298658218 8.39764652525774 8.627405509290364 8.842533267290381 9.045977430198493 9.24307522484307 9.44115792967926 9.651736745970151 9.889903267222026 10.164689790418945 10.474595084601479 10.806607500238885 11.138874326071866 11.462564958364695 11.819092759677728 12.196881537309622 12.578832153889334 12.949992621810125 13.29743824308551 13.597598309177922 13.85643090040202 14.079994686339395 14.27346498556684 14.439808424902347 14.578073477453973 14.68173741310923 14.73842929046113 14.761049374226264 14.781454494031621 14.790353952865232 14.786846050864554 14.773991602978889 14.754705648126098
7.7353486840487315 7.2682356246421875 6.824521777376106 6.437027194290793 6.276239934165788 6.484420960802392 6.817831224619604 7.158499721800511 7.482097986291699 7.791467692886189 8.09046424485819 8.378108450846081 8.65389724863331 8.919113871434153 9.177187084826045 9.43340150371604 9.688090454454512 9.94913350130032 10.226519816660282 10.525535496153388 10.844092041512981 11.171876925890958 11.491547431189247 11.79505752435099 12.130318547523087 12.491481702944155 12.86406764246291 13.231065025710699 13.55654671480931 13.838953120413011 14.080487996925473 14.285413885412293 14.458648794723056 14.603158161851763 14.717491481408784 14.794199444451422 14.822739198173995 14.83485219040216 14.845978719985814 14.85701668138606 14.8631456849125 14.859574460427034 14.849160859312246
7.634893894760253 7.1500363155106506 6.668896544060515 6.179878853396048 5.826949133107087 6.297348909676565 6.722721581061476 7.1132338400493325 7.473826881605185 7.815846137037321 8.146387884099683 8.467941102229704 8.781221823845602 9.088040993603407 9.391572184807881 9.693961073058876 9.99436828797995 10.295732927163805 10.603948178582415 10.921809286527306 11.246735218982499 11.570023487401658 11.877366799329225 12.163261204786306 12.480656816375873 12.827410252720888 13.184820596811534 13.5162527130889 13.812697084678566 14.071503280779599 14.291434965110133 14.475248235706516 14.62691996952013 14.748462643269445 14.837171666512056 14.884385059298562 14.891889856648083 14.895141658594929 14.897799263469336 14.900654051903079 14.904086716916684 14.908006814281194 14.907259466945444
7.70920653583123 7.242907082648177 6.804969929120236 6.428047474985593 6.2792409227504935 6.512525747940488 6.879093737492761 7.256327495581928 7.620564555307935 7.97560069818065 8.323488146537871 8.667979091595974 9.009340579566164 9.348840548721475 9.688231044748314 10.0253200510472 10.360605008748209 10.694258304664729 11.026628835111262 11.35849676135024 11.68679589483495 12.003849996490509 12.297517367457102 12.566711642354539 12.868531083044834 13.189237932414475 13.501871563646011 13.793315256892551 14.05809333427186 14.289181645228002 14.484312436302544 14.644941378272316 14.77356456210346 14.870467519759814 14.931183211039448 14.94704843338059 14.944617750802399 14.940755421438942 14.93660974281769 14.932904478406439 14.930095372220093 14.928526816966633 14.928547629758523
7.939021819190057 7.520589215627906 7.159834754163306 6.910310969381876 6.839146829982227 6.977642646110232 7.248737505264014 7.574991929630573 7.917171761658063 8.267874534401681 8.62078760415071 8.977618727624135 9.337835231541725 9.701289428853114 10.065276259565639 10.42767054561787 10.788222795197328 11.145673758266442 11.496737897715748 11.838416021896487 12.167011670067993 12.475431331292889 12.753081659350768 13.001313200523187 13.265491584507977 13.53734565651942 13.803257746741032 14.056256486611849 14.286434488231892 14.4868772514672 14.654773750285354 14.790266148071844 14.8939118062192 14.963762435398435 14.993433379089002 14.988791493541939 14.980717123440682 14.971612364693037 14.962444334776457 14.95392093827917 14.94658487912067 14.940906955261745 14.937336087091566
8.29173823530282 7.928753963222388 7.637290319320236 7.459104765530594 7.428084773683567 7.538020333764442 7.7566923471233755 8.037217111751847 8.348729699047192 8.684551191866984 9.0342532156891 9.39449967583719 9.765307426714823 10.14259294894446 10.521618318255104 10.900632536722917 11.277732890131919 11.65013509189004 12.013447082154109 12.361217173445542 12.687165656535868 12.978729881147988 13.219349154236607 13.421959916263534 13.63931729433192 13.862931266532504 14.086417254965806 14.299593545958453 14.493204432643738 14.660921932448801 14.799515852195707 14.907654500215939 14.983650448324981 15.023177186106743 15.023031466943007 15.013109769781765 15.001360426739302 14.98882489432449 14.97637796453116 14.96474095421233 14.954526791611206 14.946275101442716 14.940441797488383
8.73263421497743 8.42100943332965 8.1824214873095 8.045396031502767 8.033398960626135 8.137504742934015 8.329327413226814 8.582218281729727 8.877661883401142 9.205232006287831 9.552801068806673 9.913687923838578 10.287500451769771 10.669098809484149 11.05525097430117 11.44273920659338 11.827751303362291 12.20500902104152 12.567279426529431 12.904962040169336 13.20609541686227 13.458248571231326 13.648650508593075 13.808756979365516 13.981859600126256 14.163822993373337 14.345853599100087 14.518820763332279 14.674936383553131 14.808502602548037 14.915781863084401 14.993817812619719 15.038647767724084 15.04478933680669 15.034971876336838 15.022696181177952 15.008895857708007 14.994475489542577 14.980254892604524 14.966958158779578 14.955216239494776 14.945551708036986 14.938581610974955
9.233136446885062 8.966108626034766 8.767851051475727 8.658224705328815 8.651746040212267 8.751945793965534 8.932818531844072 9.168788970659488 9.453046061144201 9.77500869526561 10.123011965475078 10.48716401679068 10.860902931116962 11.243253011600082 11.629322600317455 12.014138212185504 12.39214504848795 12.756639421830926 13.099320402917018 13.41002835089616 13.676749676571676 13.885944898779085 14.025737371732195 14.151043623521758 14.28887833412918 14.432671234422386 14.575088187091042 14.70888438567544 14.827650941389836 14.926162616445152 15.000029893638978 15.04469213325558 15.054381822252862 15.045722009958752 15.034335345584893 15.020894616627439 15.006180294707793 14.990988088675369 14.976072971796203 14.962115245925228 14.949687303769135 14.940390395097008 14.93728188840551
