_RESULTS/CROSS_VALIDATION_POSTPROCESSED_80-20/MHZ/GZ/5comp/4/MHZ_GZ_z_355_kriged_reverse_5comp_spherical_4.asc
ncols 100
nrows 74
xllcorner 5.5967023332191781
yllcorner 50.982320383219182
cellsize 0.00019249356164376555
nodata_value 1.7014100000000001E+038
[rows 40 to 59 of 74, columns 0 to 43 of 100]
6.727110827694662 6.64139369329138 6.530110683040805 6.389006519443327 6.230710598534163 6.071895438723911 5.922896073833679 5.790564653827815 5.677592112001224 5.578380070125317 5.490671378816411 5.413646141434747 5.347914729097926 5.299577414217631 5.271222654580347 5.26390315208829 5.267945306282579 5.270232911961072 5.288584856572877 5.332592165450632 5.396590250918382 5.488527229316211 5.606035698571844 5.756285435778237 5.943907673204687 6.157867930591639 6.4187499397803744 6.770713367218893 7.149923617680841 7.509153489070392 7.838667004258867 8.131696154425178 8.372354655651758 8.576783340359071 8.74099537211975 8.864455045736312 8.955691782128445 9.023859186576571 9.055040841074684 9.019114704804775 8.888143169187614 8.646328470974247 8.328418662580356 7.993832785223086
6.681075898939088 6.588546535122782 6.472917215286106 6.320490883362975 6.1481940479547745 5.978585348775223 5.822948251611436 5.686972738498678 5.572136785185389 5.470442816410479 5.378403847527266 5.295837765452649 5.2294686267076775 5.17877615766024 5.14805834693832 5.143923899452196 5.166723667364622 5.200001566431058 5.2406669086100335 5.311468533895303 5.4173786476986585 5.546118246064372 5.691469810280366 5.8573391842967055 6.0445623884840955 6.247241679817349 6.514089081035268 6.861907093519975 7.206980163966474 7.520444100139305 7.796105949044795 8.031615058661103 8.22551707810935 8.397531827414113 8.557103609878297 8.706750384203335 8.851178608183902 8.99452203680482 9.11749493176099 9.17543027980331 9.092673933248786 8.82837962946352 8.447513821974958 8.059066240382439
6.624709855547481 6.514668540679318 6.374053789871733 6.201749622024143 6.015370457111051 5.834365871199868 5.6737400211088005 5.537323355349506 5.424571453220648 5.326911037362598 5.237239046964032 5.161656546393031 5.0995350398749615 5.048520518685136 5.01478586699081 5.006190642263625 5.032007417384866 5.093555738028732 5.181499411749686 5.296652122048997 5.443234443258253 5.601518550524043 5.768678399729705 5.945370117329675 6.131335424159034 6.326153715546202 6.595060206963739 6.92622782657409 7.237565302508544 7.497065427385261 7.7011611056089695 7.864033924327446 7.996168759658229 8.123899127818332 8.269506084450832 8.436885021647418 8.621487147404101 8.833538845202211 9.062939189192798 9.259340032797038 9.26519402741779 8.940967904256993 8.438340226865838 7.978759244174557
6.559932111381003 6.4321942979602005 6.253606010695519 6.040629695459631 5.8281652039818095 5.636053999089319 5.475155353926335 5.344608814153736 5.238972560651492 5.150490206427461 5.074752513635632 5.012805870355916 4.959594760878405 4.911784720715243 4.8749021349307995 4.858376413496571 4.882041890038937 4.972760590452812 5.121981572277013 5.293689736675707 5.476124505770276 5.660222474228263 5.843197914782047 6.0247339742338 6.204579966668958 6.38731737941841 6.647202612849176 6.9508968233885655 7.23759018010412 7.429534074456553 7.538925202483934 7.622359245004862 7.695372674280668 7.776760830381043 7.89101765060031 8.04838011896543 8.245427910446223 8.491860186069871 8.804196576505142 9.178408833695467 9.407615035183124 8.907289455151664 8.194375050098552 7.690511866689027
6.4865435239814015 6.345241488619245 6.109703012719157 5.846950043093225 5.606333886910686 5.404494726685213 5.242320556750992 5.117789776966887 5.023191860097877 4.9516919537749216 4.899612809257096 4.858554365108027 4.823008163205094 4.789088386664628 4.760540448192006 4.7399342467266665 4.742075627188697 4.852012635224704 5.083182917140648 5.320142843548013 5.531299294290304 5.732969359600332 5.92258484310153 6.100576006843827 6.266231995754793 6.4260203827496545 6.655037903262411 6.909164287896513 7.151212257431039 7.270720440812754 7.3040723616136765 7.32327830182839 7.340622870316666 7.373042714123222 7.443349708298164 7.560430307190169 7.728176541426608 7.945879367518803 8.233766003927068 8.626274247604032 9.179310157279975 8.320528995489553 7.547856824188089 7.156387984890065
6.374565834339937 6.243673414814859 5.913120635847206 5.60681504546348 5.347809953784565 5.144613446763679 4.995360684666492 4.888760895720607 4.813173599755398 4.767381007873764 4.744214533426271 4.730579164720037 4.720960103187667 4.711291230914896 4.703895167693382 4.697211995839862 4.683609156899782 4.798996609703885 5.117623589419337 5.401871905206641 5.636352755676764 5.84492827915302 6.032484157932138 6.196205720423553 6.336936702647693 6.460935449265088 6.63852488481825 6.818398835335499 6.959084865760722 7.024011974659832 7.021191507570301 6.991035402472533 6.9574477981506515 6.942471103850748 6.966721654377836 7.032336041244848 7.134169273599109 7.264447865980605 7.403658599323321 7.499618981199095 7.377326037256456 6.863094824163304 6.5266212879472745 6.453824840759583
6.129884287015909 5.9334261017365675 5.627580821585451 5.314138165984357 5.050565788948554 4.860078168104348 4.739052701799166 4.666767095612869 4.624695346392524 4.610981686890513 4.618782872688941 4.636849827378269 4.658852084096253 4.682446501211935 4.711883478582518 4.753754059782708 4.82556963994322 4.99326967230198 5.268647350177868 5.5529320306987175 5.796696070955796 6.006615756801979 6.1842859962836085 6.329215689463383 6.438164040347181 6.516231015274908 6.6291642576981005 6.729411746294678 6.784830030242856 6.782870962552663 6.729864500174979 6.649723378141911 6.566697307557377 6.507261838616225 6.491010895122841 6.51015143524022 6.547505611025087 6.588301501757998 6.5808560322839895 6.444957695561332 6.06852442987191 5.427732329659018 5.565906874350515 5.805577991532358
5.847108157109967 5.606524990919926 5.308593487106776 4.9933161043087555 4.728391675135076 4.562061148920081 4.4874052519574485 4.462851936527813 4.465091970224068 4.4893218435805435 4.5285050456721505 4.579079964904282 4.635705914257281 4.69786211154685 4.7718775875694845 4.871550093939072 5.015079304686959 5.223911440632813 5.4890429375432355 5.7629813827737655 6.00582806016876 6.2138829216797795 6.382487404356457 6.502671375634342 6.576141806364057 6.606318822133817 6.6470557772973375 6.669807743599955 6.647155199069313 6.575266062582802 6.461041794141973 6.323471567008668 6.188171173957979 6.089552175950573 6.044459590126723 6.03476670710643 6.0344910835443235 6.021575956564351 5.948498319888163 5.763081004120883 5.4449759485686515 5.122524918580292 5.172146036072004 5.403777649386826
5.6055670465765655 5.337967685786728 5.027448454844736 4.693090548928447 4.402527253022411 4.268629069397937 4.2664432703381845 4.298838878213344 4.345640959342576 4.405096635293136 4.475195438726578 4.555946694220718 4.647462194098069 4.748514928346282 4.8660131174200965 5.015947471910329 5.211555605979631 5.456070126191593 5.732985176379447 6.008294051011363 6.252884860747178 6.459151168010248 6.617940084361136 6.715337581976422 6.753156086490597 6.73648321602023 6.7019792009540655 6.65066512811654 6.555584582832983 6.415685201977206 6.236713710942873 6.034522150464867 5.839518415841814 5.707010144786827 5.652849661103299 5.640053699905236 5.632999372356971 5.605750235150908 5.531754025092216 5.387227731935343 5.19604791108873 5.053764658719715 5.0691532041640714 5.2126451390026425
5.426574671930897 5.14662178638348 4.832413038663145 4.485436135154537 4.125785926407324 4.040481713725021 4.127450840857985 4.2027416720653115 4.2799179858466365 4.364368681982615 4.458100367624744 4.563449855059868 4.683353657375506 4.820807960043515 4.97832023682172 5.169886366495062 5.40626690133388 5.681380198244181 5.9773766771988495 6.264296799838121 6.518038890954564 6.728825847636176 6.881012720056965 6.955969243985333 6.956023393124669 6.895534989808938 6.795830760993292 6.676649083760192 6.517063086598177 6.3168635798643225 6.078526466946801 5.8104290578544004 5.539631411376076 5.37132357604696 5.345797199696699 5.355592783864068 5.357795149658317 5.3369393107018315 5.281268650875419 5.186381990246618 5.0800775737974675 5.013977452202001 5.0314353566867895 5.129777216418235
5.314334602168662 5.0408791863252045 4.747129332137916 4.441406782107182 4.168422842859599 4.073680467091574 4.121028646623954 4.191604037633056 4.274819532298115 4.369693164051197 4.477105991107911 4.599433060893766 4.740025892306547 4.9031378831650585 5.093587917696731 5.317869901160973 5.584803425411331 5.88381658174496 6.198728993234248 6.502024971481142 6.774107860618704 7.008092565706877 7.1719234514329395 7.214338589603386 7.163776299713442 7.057658201725488 6.908835243628565 6.7378927767266115 6.530087912645838 6.286462385277226 6.007792613704365 5.6962104912025575 5.359994751772837 5.137635724373514 5.177178042083309 5.198136960209535 5.200947100566222 5.185898029139887 5.1492801961522545 5.091532585717964 5.034094512431979 5.005754951129637 5.028433962063497 5.10379492304855
5.264501158291825 5.011670910357475 4.753906449429705 4.51124952849847 4.316426701804687 4.219830404019228 4.214031654036386 4.254400127904267 4.325318967815418 4.417736485281798 4.529007125835552 4.660090283972728 4.813843045924999 4.994208664514798 5.20563275499254 5.453121860269561 5.739232120499161 6.052978272022106 6.380589116889368 6.695875558194792 6.985512044131424 7.266493735771726 7.484599679166891 7.456367939144474 7.344490298280502 7.200526300559824 7.025169565474424 6.817976429374618 6.579104620869878 6.312503992817571 6.020104174718157 5.708682744175972 5.41599118383302 5.229903202132142 5.17803320046653 5.164374495257529 5.1518965998652435 5.134699333860519 5.109552910576679 5.0726231148138945 5.040935203415604 5.031535540919693 5.056983502222136 5.1166301404085175
5.266318761236595 5.039808845946248 4.818857231478687 4.624241280041928 4.472398995793564 4.38157023359985 4.351276991050022 4.365279312900099 4.418189945978834 4.50059872469551 4.608066873294534 4.740366790105324 4.899807142420458 5.089964501692103 5.314511366636044 5.575544817529399 5.865160692963337 6.1814355698031305 6.510517116512875 6.822872095465173 7.109783687726648 7.397118819700142 7.6252633672639485 7.578002247568868 7.454145168083796 7.3020300564393406 7.121634676782576 6.909352960517526 6.657868394546837 6.386133798830454 6.100787415072963 5.815395006592594 5.567074777817706 5.389783059643051 5.288417214230733 5.231851517208227 5.194765575211649 5.167589186644431 5.145059750299956 5.116732709618232 5.094790900521968 5.092557101052946 5.116411427477805 5.162010706347441
5.30753856250019 5.107154556318958 4.917180585517281 4.753767564745298 4.630068608755704 4.547570617901433 4.507322969595267 4.503716214746659 4.539707268996981 4.6090694730016475 4.707542482615987 4.834647881327414 4.992773693156212 5.185741792376933 5.416769162477011 5.681598192641444 5.967748027452678 6.273000571323166 6.5870406544822275 6.877499429189594 7.137995579203152 7.376634796439604 7.535718211640989 7.557194353531453 7.481210944293802 7.353483318186926 7.190017299670302 6.99687666005829 6.761628569455741 6.500398493222498 6.232362123209641 5.9774008303816215 5.756567701237473 5.583421400837828 5.459268174332183 5.372208282247258 5.311055158526715 5.269613733758398 5.242789802564012 5.216003487291644 5.195054354843673 5.191380648093256 5.206216359046283 5.237850327223057
5.377567670349018 5.200839530200605 5.035733026459809 4.894239953572476 4.787176226822688 4.714571343284262 4.671980719594052 4.657748687403575 4.6796145444358945 4.735292546751925 4.8213889535888 4.937783693941101 5.087845134873103 5.277181279462765 5.508056765810461 5.7680808392988805 6.047022722534836 6.3350112461597785 6.6237560007243514 6.883051573876643 7.111639829327846 7.3110676139998665 7.446412714164249 7.493371072142335 7.460297402553133 7.36938090071743 7.236977268527111 7.073255809348235 6.883242937674705 6.643434372399137 6.400428048659287 6.175851248538001 5.977284345539813 5.810227458654687 5.675176618978519 5.568018720757335 5.486089610010665 5.428995530365256 5.392869043200891 5.361462855747528 5.338626892602409 5.326554200972879 5.328467706376432 5.345826863171304
5.468341539471163 5.31248343823099 5.167611796941742 5.04277676901611 4.945581664138063 4.880363424057123 4.840176268935176 4.8208287842453545 4.8313975323747895 4.873968304032136 4.945692758059162 5.046484305224795 5.181089807704514 5.3599232099492955 5.582253032140366 5.835103699793734 6.102920733248187 6.3721487911416075 6.629805779413254 6.857694925825307 7.062755446901993 7.238389640343495 7.363440441909151 7.424134525513884 7.420904796251909 7.363871095207582 7.264884511565267 7.134279008959811 6.980482675867517 6.802137184424864 6.5951611732244935 6.402138495218042 6.227182615869032 6.070364256231209 5.931051064871097 5.809850906276229 5.7097327463696885 5.636591419916201 5.587018389059062 5.547210847107458 5.516063231230728 5.493768862417804 5.482515605341572 5.485226395502589
5.5739087666067375 5.436604076843018 5.308811598978315 5.1975823219115345 5.108609343260047 5.045397511513121 5.008372706491848 4.989069318200614 4.991204128824688 5.022368120960311 5.079681300780039 5.161699415812333 5.271774773627056 5.424887716424685 5.640123543582059 5.887331786429706 6.140764937376351 6.386792513521872 6.612862575953185 6.816339627125358 7.0039435906468315 7.164319708347546 7.283756880523456 7.35306410408633 7.370467880784251 7.340620266336467 7.271547355671492 7.172190573599788 7.052552769367772 6.931716615268606 6.803000408557712 6.649154304189081 6.503420662378791 6.363092370852158 6.223906891511912 6.0906444836920235 5.973981082896394 5.884559278194599 5.817770287241386 5.764268584566542 5.719677985568553 5.685841682940076 5.664085026228563 5.6548442756814605
5.689750453747137 5.569319618851671 5.456610604540691 5.35731767210434 5.275952456385283 5.215356892643073 5.1764652640968984 5.158280809623902 5.1564442895428035 5.179266784151961 5.225345122718675 5.291527293026212 5.369442354211576 5.4667567584243635 5.698182155575773 5.935654915739257 6.167251406675252 6.383973578317718 6.575746426212367 6.763303743537205 6.93976377373779 7.0889046841939685 7.203906299969932 7.278122383580546 7.3091653351485055 7.299084523248002 7.25332625521108 7.1817699131179555 7.101986771571661 7.024254791842012 6.962240885461195 6.894886421587104 6.798876558281576 6.685200148218047 6.549055973394119 6.401967744880163 6.268804412306728 6.162655858502085 6.073840574951353 6.002182293866213 5.944216833807158 5.8988135965697195 5.8667034493869 5.848011760049451
5.812213422224244 5.70755659997098 5.608770721764557 5.520622306582772 5.44722157802803 5.392091565878038 5.355151423873081 5.335109517281065 5.330294133137723 5.3475323793770695 5.385439131419465 5.437958765512114 5.506149470052379 5.611917537686742 5.787962255805989 5.988759677847836 6.18568886394033 6.365802938992604 6.528498530312427 6.697260705408373 6.864970039878206 7.00870438771438 7.120421904357918 7.196106279149619 7.234747453589048 7.236925015298626 7.211231318551782 7.1700892795913145 7.123364766652237 7.081666477086099 7.0597081985919905 7.060593406978052 7.062828956350457 7.023028168315751 6.893515362776186 6.726867365024736 6.577260881683045 6.452320375157437 6.3437856860228 6.254525669610321 6.184506874923328 6.128958512953194 6.087599082673436 6.060425415735998
5.938108090347456 5.848676748699001 5.7672907790801675 5.69810995022687 5.6419745097509875 5.599147489049526 5.5692626320877725 5.551415918414004 5.544340429643636 5.547791816781656 5.569956603850565 5.608519717528448 5.666030049002912 5.755244922723472 5.883933066371436 6.037622716465283 6.191667647138284 6.3339463706757595 6.475118459279337 6.623262472838046 6.7747494727588915 6.913493211513129 7.02371136609735 7.101298229435879 7.146148490337456 7.163434859007982 7.157959851101172 7.137280351697968 7.111946510719383 7.0960311284918625 7.104831455875761 7.139109128362456 7.197577869706493 7.272499269410317 7.1726623130142055 7.018543847008206 6.873994834208864 6.7388146700099485 6.619389160038394 6.517871944026962 6.436132899945633 6.372931774524727 6.324269560807938 6.290127207031307
