_RESULTS/CROSS_VALIDATION_POSTPROCESSED_80-20/MHZ/GZ/5comp/4/MHZ_GZ_z_710_kriged_reverse_5comp_spherical_4.asc
ncols 100
nrows 74
xllcorner 5.5967023332191781
yllcorner 50.982320383219182
cellsize 0.00019249356164376555
nodata_value 1.7014100000000001E+038
[rows 18 to 35 of 74, columns 40 to 79 of 100]
0.010226020830279224 0.006008893518571134 0.00367128128789302 0.0023850412741273693 0.0016753570202101462 0.0012869671140232457 0.0010880663103819195 0.0010185581698677526 0.0010524854593404992 0.001189047326768848 0.0014254092659192078 0.0017341722628705565 0.002030341048275652 0.0022419780951678176 0.0024177902410297994 0.0025991199940402815 0.0027966562560035684 0.0029963589327006534 0.003177094167417693 0.003311600192149882 0.003386410263746721 0.0035284382154949397 0.003781220076197497 0.004202753265923002 0.005052148236061687 0.006618561844665676 0.009094680042946137 0.01286665612918561 0.01862423346490768 0.02739335870446627 0.04060835123322767 0.060017935331278645 0.08701714699612444 0.12044346749672057 0.15174259940066065 0.16254832359409996 0.14194696091492737 0.1058476920889823 0.07268062957579448 0.04777075929715793
0.008841498034816653 0.005316907411415175 0.003381987220471051 0.0023293461344593724 0.0017652583588107771 0.0014851816210421547 0.001392358841172996 0.0014554590785394296 0.0016771829736187429 0.0020927212427711227 0.0027052887200111845 0.0034974439220112168 0.004294332256503902 0.004866306619117039 0.005062575703292552 0.005122409258955729 0.005171385316936752 0.00519709318074951 0.0051741900146832515 0.00506925038645293 0.004856961028224943 0.004703052262810006 0.0047163858053714995 0.00506074379296914 0.005924352365139973 0.00755141344356336 0.010247491283156333 0.014245452568235128 0.02014117164954049 0.028753979153667942 0.04108167513977993 0.057932903408118415 0.07911744059725348 0.1018610039515485 0.11928638516425671 0.122560855271352 0.10918266226141338 0.0860680775028681 0.06251607226856767 0.043360726006705985
0.006393033634251659 0.003909334797904763 0.0025818370562451327 0.0018859395652889345 0.0015467420569305306 0.0014335942048372312 0.0015038809162958196 0.001775030984611295 0.0023126437919037436 0.0032260082247307057 0.004549250528793671 0.006267396884693177 0.008069149550836785 0.009395840165021005 0.009988074339513686 0.009710161245885165 0.009198770107302372 0.00868911361361791 0.008151571867749388 0.0075387431670391955 0.006826438593137201 0.006191686922305139 0.005967740585687801 0.006260817424731027 0.007137763162803534 0.008822342892815803 0.011698793498886329 0.01587801848632711 0.021760593722501876 0.029884060196901898 0.040749637910398935 0.05451062797191466 0.07036713558189812 0.08568067575846246 0.09552671090568297 0.09583489457059252 0.08634455877969173 0.0702767890367316 0.053036811912999096 0.038277220487695024
0.0038161436523444156 0.0023578158157989077 0.001612468994608185 0.001249759673678248 0.0011131031873120403 0.0011440300650664174 0.0013561104639549044 0.001831289641909132 0.0027446541780678036 0.004345481460522957 0.006792802247675564 0.010033457623313806 0.0134697717498445 0.01607827661843543 0.017366778615285537 0.017025794442755163 0.015313847572599057 0.013639190920949205 0.012157127097470062 0.010788657551421965 0.009382219151670361 0.00820991926740199 0.007752330704367019 0.007937165609570184 0.00880383199203269 0.010544662433790247 0.013557955856144143 0.01789152561730891 0.023675155678819663 0.031189093496809685 0.04056792080538201 0.051544749280950236 0.06306764222800183 0.07298289853343849 0.07855909626772475 0.07794266623323558 0.07050808542598345 0.05858495314615224 0.04562269698708236 0.03410895054763113
0.0018795362710416392 0.0011524387240534509 0.0008147264556439771 0.0006719623915358331 0.0006559940182138304 0.0007564725816883016 0.0010244625447000824 0.0016002368530563854 0.002793278386938409 0.0050957958120533085 0.00903435934725568 0.014427512138601273 0.019956673187975022 0.024072197908875163 0.026131387169908413 0.02582539827583489 0.023160909071366042 0.019702189230175096 0.016974877927140395 0.014651404490335302 0.012681896326760173 0.011077756493655133 0.010213943435837506 0.010201998042590409 0.011026037820405375 0.012818642410127949 0.015931727003960318 0.020379534668869895 0.0259593319852204 0.03274051807394089 0.04063793300705304 0.04924581928175239 0.05761689515336874 0.06413604508677563 0.0673813536177116 0.06622336492186114 0.06051571578342255 0.05118313769054557 0.04080132368530348 0.031373878904820116
0.0008111913841177368 0.0004775176132634829 0.00035013389700145687 0.0003164908513301691 0.00034569763332155206 0.00045383821436441736 0.0007088910449888904 0.0012886336770612326 0.002613978006268284 0.005549764306500254 0.01130887053445155 0.019154376349000243 0.02594797728095057 0.030718637173311514 0.033232394163305784 0.03312088958820666 0.030463461331980007 0.025711614286966753 0.021671651447913064 0.01894777193098496 0.01703530424747225 0.014923878313541321 0.013414977458099804 0.013135911535729265 0.013913673571634387 0.015774018332855796 0.0189715628481114 0.02346045220079944 0.028675750539507775 0.03453708212816294 0.040881424523906085 0.04736548135374744 0.05334212602870407 0.05812588051583925 0.061286165025922386 0.060567122696955245 0.055029866215715255 0.04666624521690557 0.03771201148095105 0.02967278983231778
0.00033898948874026255 0.00019519951181124767 0.00014275792965648824 0.00013587181437417668 0.00016598967968516957 0.0002497357440012764 0.00045188796124159966 0.0009523793630494697 0.002219766136114831 0.005515882389764795 0.013815579089778807 0.025284475860338298 0.030031358752185124 0.032900436939755584 0.03479164974227578 0.03561183691074516 0.034082847839754314 0.03018452102570834 0.025795381851134926 0.022936122915466352 0.021012560646363046 0.01887678946773853 0.017192015206775175 0.016757399419653003 0.017584459432407194 0.019590059757421473 0.02289430624470746 0.027285330250231516 0.03186285282151356 0.03649320260748321 0.041077724801042666 0.0454601258328679 0.04956264598824783 0.054224057230572616 0.058738314734960426 0.05944513294391265 0.05274868357338417 0.04366437526080682 0.03552822652877041 0.02861159866055079
0.00014324514354733598 8.02804520438485e-05 5.8234965113955454e-05 5.679195291931294e-05 7.513540122915325e-05 0.00012796746702299177 0.0002660878495394319 0.0006339556802829618 0.0016441267158120824 0.00446761317720522 0.01213204657065204 0.02333188356306331 0.027542085709266514 0.03012732376208693 0.03198350189084633 0.03333318373036836 0.033984401392049716 0.032404480606212996 0.02861538493102548 0.025746398580185344 0.023692977475647352 0.022199262799162008 0.021250544439333715 0.021073882250380364 0.022188884576948256 0.024535543633256118 0.02800364627844562 0.03204126089711055 0.03550777356414691 0.03843183501193727 0.040963067329019345 0.04337788632794695 0.04645666520870247 0.05090874336034093 0.05684412841353028 0.06282280627838288 0.05107946692841191 0.04117580443326712 0.03361798800625313 0.027852569609579894
6.319251916659611e-05 3.381732098767391e-05 2.3937500524512287e-05 2.3868214002302623e-05 3.405068302020226e-05 6.61836898788254e-05 0.00015580744208026185 0.00040940037900374015 0.0011283540274506002 0.0030758271234433824 0.007581650121950497 0.014508104886933819 0.020784318728095275 0.025133912810703832 0.028280198024102816 0.03045115370830905 0.031664966438315255 0.03185167731729817 0.029661271501479014 0.027264073232780045 0.02569353874099429 0.025013878920622512 0.02513014230552408 0.026049617258661648 0.02789254183086281 0.03100407202771653 0.034769370741008276 0.03790376035245829 0.03960624509562101 0.0405940489489927 0.04124406135580462 0.04234273196573404 0.04433296903183269 0.0475674426514644 0.051480016204483864 0.05277805606961382 0.0466317108533151 0.03894077136462082 0.03258176051375332 0.027751407238650008
3.061476644524367e-05 1.5093450974025406e-05 1.006327267248891e-05 1.0182667998031618e-05 1.6083991043265693e-05 3.591486163786189e-05 9.711325059397839e-05 0.0002812639776014292 0.0008110274051900387 0.0021887943917925055 0.00516278173000537 0.01001785203347515 0.01566787982333225 0.02076640500208664 0.024827958418545414 0.027700548936082463 0.02934423845915801 0.029754728698609574 0.028891321985104853 0.027393837596103764 0.026667471819071257 0.026989123501808862 0.02839686339678146 0.03096106382669896 0.034752833902186225 0.039620343545947415 0.04421475155906869 0.04561360825065464 0.044878677316973696 0.043531255531703575 0.04250730477868671 0.042239715432638936 0.04297281065134439 0.04456228307911016 0.04604989120882219 0.04565173662598042 0.042265746500060354 0.037302986304748285 0.03255027738942448 0.0286932246193744
1.7558255366828978e-05 7.602835207132081e-06 4.447097996238321e-06 4.462677574326148e-06 8.199761995466893e-06 2.21100689402294e-05 6.980998744786089e-05 0.00021803231498014632 0.0006327043194871332 0.001644989847670719 0.0037110558688488453 0.00713077592621195 0.01155502370120263 0.016357243935358444 0.020895059637713664 0.02463317944780846 0.027077425480033914 0.02776571417020906 0.0269194450245453 0.02619133991402047 0.026513560248296826 0.027934016404114314 0.03066436648722794 0.03492612571614255 0.04108358927922371 0.04986322670077946 0.058130628940955324 0.05476289376015942 0.050960745401113186 0.0474064519509536 0.04492199444759906 0.043287288464978445 0.042721060455944655 0.04291905246812224 0.04312578516160507 0.042406775423756184 0.04026256020460281 0.03708622584728254 0.0337861576619727 0.030965362491916212
1.409304118071082e-05 5.217756634284544e-06 2.302066585242673e-06 2.0630299227409996e-06 5.081520644058475e-06 1.6898925293222935e-05 5.7498230951204095e-05 0.00018090115020550528 0.0005054534691011654 0.0012390530328653762 0.0026452758779006826 0.0048876689661515585 0.007895652268967433 0.01146234825393092 0.01525604919905501 0.0189100698824436 0.021996956592046483 0.02401360732494884 0.024487859213622273 0.024103244082656242 0.025367972306589177 0.027734243234305265 0.03154273007938044 0.03704598642708054 0.044815080631301484 0.055168985034723866 0.06352020467398153 0.06202405184181066 0.057059286466533916 0.05229515546540282 0.048597434913424636 0.0457662432289927 0.04410918770546534 0.04329309675979558 0.0427564827469558 0.04202846459623566 0.04067209620622915 0.038737127848235506 0.036690084849910466 0.034956574008762197
2.075859128713655e-05 7.252563741008763e-06 2.4791874780144326e-06 1.5576156030448386e-06 5.677516766395571e-06 1.9112646148920735e-05 5.96415700521553e-05 0.0001709489169248984 0.00043714067546303146 0.0009757839566689686 0.0019153444744629 0.0032805440288943225 0.005092689791065167 0.007317187117976572 0.00986581319187189 0.01260499779170342 0.015330557136378386 0.01774771022830601 0.019372728354114174 0.020496890790392568 0.023231356688565713 0.02648413637726803 0.031042475197532744 0.037551105521337044 0.04661263918413655 0.057435517379837826 0.06612385995305549 0.06772745629299715 0.06390660058703941 0.058725265889140205 0.053973635688784986 0.05006596367006114 0.04749131573285157 0.04596747566199472 0.04503975673504834 0.044328359986455054 0.04349459883301877 0.042607290625780905 0.0417892127196674 0.04132052889019442
5.637898162290392e-05 2.331128584391275e-05 1.0630740148635548e-05 8.640540154499991e-06 1.6398030902762392e-05 3.98275624516915e-05 9.56837008261007e-05 0.00021482293839444435 0.0004356956953962462 0.0008201727445501834 0.0014127777084462136 0.0021648817842395618 0.0031180900020719494 0.00429911977335875 0.005727856455797316 0.007415028659136702 0.009346516548695984 0.01138224199195923 0.013220250470713001 0.015078925790312477 0.018624623815026796 0.02396023642394142 0.029616851178707607 0.03736443731849192 0.048039167475449174 0.06071995162483774 0.07054178927171725 0.07351115613042648 0.07081058463788209 0.06621913324239702 0.061299130532346695 0.05673578846842761 0.053434243710638346 0.05138114813973665 0.05026342623590753 0.04961349488034035 0.0492385332667048 0.04925954631792502 0.04985640159376819 0.05096978173283862
0.00020770197361015958 0.00010336792107397435 6.058390685305226e-05 5.2210407410904997e-05 7.046375030146441e-05 0.00012159482979033237 0.00022018446307846973 0.0003770783379231467 0.0005696349763805066 0.0007975168861268253 0.0010689955920073495 0.0014041480121315664 0.0018078606052810112 0.0023255290336241033 0.003003960068242073 0.0038977371114724134 0.005041163332157652 0.006412024401025796 0.007883000674627808 0.00973261821146796 0.013140926457224285 0.019024001050373728 0.027124964419693677 0.03683325047091969 0.04985549581782323 0.06554499761519042 0.07717085790173221 0.08022158203148408 0.07748197797378638 0.07304083441297585 0.06836779525991483 0.06400526303414475 0.06084020850673096 0.0589848472007768 0.05804307003266756 0.05760083174731766 0.05765213519142018 0.05836050706743514 0.0599899458648125 0.06264083143294129
0.000792666704704742 0.00045214405905233477 0.00030267253023675 0.00026489459433189094 0.00030732032007883093 0.00042281973700267477 0.0005999161292822066 0.0008012101250239039 0.0009443492238170752 0.0009858381566725158 0.000949542826418036 0.0009494981780741355 0.0010451441223796132 0.0012037553728903184 0.0014552527449807698 0.0018446573800371285 0.0024257785898247845 0.0032089192904127227 0.004161291616714781 0.005603812097691876 0.008315409377196308 0.01348421769495595 0.022351778924181998 0.03519584857710538 0.05157397172002799 0.07176096237520557 0.08626153120595387 0.08686924495355493 0.0826886403364577 0.07820959949122025 0.0741612494099616 0.07059029729783574 0.06804306339191099 0.06678874920190869 0.06620356646742022 0.06607802405837959 0.06649037079681756 0.0677437714193409 0.07030137162547333 0.07465816992979646
0.002773352491495338 0.0017337732992346758 0.0012889631857952305 0.0011777827786023103 0.001297048074996425 0.0015647820806807143 0.0018158131022856818 0.0018655192261880483 0.0016288335454141259 0.0012671166269011011 0.0009442834725964168 0.0007137671498516197 0.0006120653295525664 0.0006233574320503495 0.0006953388761839574 0.0008382478670036543 0.0010764110989392723 0.001446282888456862 0.0019820134303116625 0.0029362901455213795 0.0048121699722705295 0.00874584379463513 0.016759557011260903 0.03041652565549047 0.050205624278090874 0.07506544262939581 0.09418074082382383 0.08849350914010069 0.08369383003487792 0.08021347021553712 0.07770113040885805 0.07580348321186517 0.07455168647491486 0.07419497821589491 0.07421148177293924 0.07439226312915129 0.07489731775259419 0.07624905075835234 0.07923453387121696 0.08481114533232201
0.008790401455458704 0.00580273302649374 0.004669930345399325 0.004471689998287977 0.004970353117171792 0.005780082633021066 0.005835884527287011 0.004501935713678333 0.0027654299644442326 0.0015691844254969191 0.0009055814230768347 0.0005641294387334168 0.0003930612597593384 0.0003332532216943764 0.0003429615114275351 0.00039196899682786594 0.00048585576734603636 0.0006378161419715437 0.0008872279999196657 0.0014348791879162312 0.0026169853214337447 0.005333438813981493 0.011624819665315813 0.02360870395200989 0.042150369699689355 0.0631086985693868 0.07757988213751571 0.07966085367529244 0.07869177806093106 0.07809631894392806 0.07824856173173525 0.0789587785000059 0.07967718568663204 0.0807560434329956 0.0816698905004368 0.08200757169019715 0.08200824778584179 0.08252251587264482 0.08472879476243496 0.08998115767268708
