_RESULTS/CROSS_VALIDATION_POSTPROCESSED_CLR/Berg/GZ/9comp/3/Berg_GZ_z_710_kriged_reverse_9comp_spherical_3.asc
ncols 100
nrows 90
xllcorner 5.6208707817415728
yllcorner 50.959635321741573
cellsize 0.00013419651685393446
nodata_value 1.7014100000000001E+038
[rows 57 to 75 of 90, columns 43 to 85 of 100]
-8.8086177103917 -9.142330710871082 -9.345301755365245 -9.378788639282915 -9.205254839444654 -8.818968064907423 -8.276409399357354 -7.674963962786564 -7.052908188408567 -6.442900142607253 -5.8575418610597785 -5.298311878002742 -4.766135404185746 -4.2788523344298515 -3.8664746192054724 -3.5600691323315052 -3.4101438638800587 -3.49974624739914 -3.9853416032525923 -4.9164847363113005 -6.088613420037759 -7.385159445681156 -8.761255792319231 -10.172226688361723 -11.175735919169036 -11.010858099948576 -10.77829894462398 -10.527346518037437 -10.261436871251115 -9.98094369102491 -9.685269276128288 -9.373385415466402 -9.0451387855543 -8.70066734590409 -8.337956392722026 -7.94370504282428 -7.532144002526579 -7.142292587900587 -6.807485026205823 -6.533966758292726 -6.326150267788191 -6.18856409576213 -6.125818228902422
-8.717640883369038 -8.992547874912184 -9.13279022831254 -9.113320082455267 -8.912298603422679 -8.531019997928674 -8.016621993118767 -7.449473230697315 -6.861560888463863 -6.280035323422597 -5.7181936042450365 -5.185147358207748 -4.687426502717537 -4.247804612813354 -3.884096527419521 -3.617912459236795 -3.4749340527589854 -3.4777447263966037 -3.838774538797798 -4.894560757701036 -6.063941160218084 -7.309383175323775 -8.58358738306938 -9.757155213826568 -10.51814861765069 -10.705187065947618 -10.61710975789008 -10.431705519722659 -10.200339011622546 -9.93958985680459 -9.656187744248356 -9.353486445495614 -9.032739145538798 -8.694233830213935 -8.327850797808082 -7.927743935615175 -7.518848772136899 -7.131267522464242 -6.798609204032097 -6.527591475318567 -6.322606641218095 -6.18814639175127 -6.1284485017055825
-8.580582454079892 -8.809261554664424 -8.905466647028613 -8.853359344941339 -8.641152564469309 -8.266745091047065 -7.768136739962812 -7.2253953019916155 -6.668750282000405 -6.117656476393146 -5.584727449871143 -5.087239459937216 -4.642654472198935 -4.257946624479519 -3.950034611055119 -3.739085574723162 -3.650194147136342 -3.7304158962840135 -4.152658951601728 -5.014300847336651 -6.061310708745258 -7.174955238935954 -8.281059565945991 -9.242951771345831 -9.908382688065576 -10.22460325360687 -10.284664143805678 -10.199286326730913 -10.032390789813391 -9.8148954609541 -9.5619617513842 -9.2814423062295 -8.977608896310684 -8.644945016832017 -8.277949167248993 -7.878292286217626 -7.477930589955005 -7.098797558983334 -6.77445223727491 -6.5114960138007145 -6.314423530129766 -6.186273950255324 -6.128191304799371
-8.407940281466995 -8.602401853095321 -8.669042435114669 -8.597922043387513 -8.382668231683283 -8.023167121331397 -7.5393549675267515 -7.014637562085013 -6.484635983887932 -5.962585420697677 -5.467967212082024 -5.017896238839005 -4.625771457195838 -4.300168075045409 -4.053987974666782 -3.909095862272325 -3.896293658939139 -4.067529718607088 -4.497920091118809 -5.200926068877953 -6.082122678179718 -7.039416658374994 -7.982621687578698 -8.792244216793199 -9.389007915156515 -9.745331872587506 -9.894658341207979 -9.895573289404773 -9.797106663034285 -9.631234094523517 -9.417222293962874 -9.166538616809586 -8.87910146560243 -8.553209158662641 -8.190076804593657 -7.798558760661294 -7.411680558676887 -7.046909033322663 -6.736761819143185 -6.486501766081153 -6.298298169706848 -6.175753966822407 -6.125971601378251
-8.204834552174404 -8.375511529743813 -8.423774668169425 -8.343531212062562 -8.131614552783473 -7.789231172796736 -7.327419112518867 -6.8226854060853475 -6.317039463992767 -5.832843041788783 -5.382633013789191 -4.978985376879131 -4.635065467015973 -4.364979800660105 -4.179173241877966 -4.0962575131507215 -4.144024846459034 -4.3573249816685875 -4.766551357510522 -5.367598438353958 -6.110610555084604 -6.926047239651122 -7.7266509974808075 -8.420669626727598 -8.957980799133487 -9.317814365567973 -9.512022836477975 -9.571908214521452 -9.530091001774363 -9.41282978725194 -9.238459587635207 -9.012515052490276 -8.739608568672637 -8.423838022002112 -8.067597606096285 -7.692944136073277 -7.323544166311708 -6.9775268590232145 -6.68345345093564 -6.445878188600906 -6.268884839382096 -6.158363942703025 -6.125551400625898
-7.973700185651403 -8.129853461731994 -8.168493886731738 -8.086167739455176 -7.882111727363696 -7.559020622641853 -7.125464771852002 -6.652373386363524 -6.186715020504287 -5.74064027196008 -5.33101320577551 -4.97027268380751 -4.670779018718711 -4.446060031807082 -4.311071840673351 -4.2780137733668315 -4.365496762234325 -4.594098546521893 -4.975614057141381 -5.501420728240379 -6.138968882692191 -6.838398889626513 -7.516416312050712 -8.11453532211136 -8.596214745664872 -8.943566698985567 -9.158275671982075 -9.255691088851194 -9.256381903535985 -9.177961747619428 -9.030453063930791 -8.82408143487763 -8.566025389427951 -8.260974320874388 -7.915510003219323 -7.561599405740164 -7.20928278335737 -6.88458801127412 -6.609766136896792 -6.389492650176459 -6.229717343983922 -6.141555054077733 -6.125551400625898
-7.740629900754319 -7.887153044762773 -7.923087161690827 -7.843624237856848 -7.651596048159595 -7.352041370175076 -6.95985929296944 -6.516799651022152 -6.0874789185148055 -5.683913618937142 -5.31441325312667 -4.991738566437435 -4.730948502973733 -4.544321765665971 -4.444859569877053 -4.44626496599456 -4.5581495628643705 -4.789274427863095 -5.143284538140703 -5.61087149772661 -6.168662906072299 -6.768460036735312 -7.345443249711673 -7.8623978642769226 -8.291277124502834 -8.616279743538044 -8.834328120831842 -8.951469686949059 -8.975518477259142 -8.91799347074054 -8.78979403601528 -8.59975581414725 -8.354534174177797 -8.058875558226081 -7.732717153023704 -7.400843352785947 -7.069440689485296 -6.770719073986143 -6.519422936263415 -6.3225615130534285 -6.190508107706166 -6.1292757716470145 -6.125551400625898
-7.525661746397644 -7.660386537353592 -7.704652015511678 -7.63994145324002 -7.469107959536417 -7.199868396345053 -6.8505945369590995 -6.4394208329494464 -6.0330255298667135 -5.656627552958427 -5.321800012168834 -5.039143828511845 -4.814658368748608 -4.659452330667102 -4.586331709103719 -4.606445716719689 -4.7285216232333305 -4.956247528543337 -5.285543705632293 -5.707611874281831 -6.201292566431098 -6.712755392588034 -7.206201283878884 -7.65378530977612 -8.033465566885738 -8.329842734856792 -8.53566379436688 -8.651569389071952 -8.682841052526916 -8.63689433575285 -8.521411752271582 -8.343272662174005 -8.108112125172273 -7.825200966739281 -7.524826050054542 -7.216037693905116 -6.910424525307557 -6.641175552787164 -6.420425421643163 -6.25681947081106 -6.156611000874797 -6.125551400625898 -6.125551400625898
-7.355597938904447 -7.4754227632925305 -7.525096044429219 -7.4785552244187095 -7.331545477836837 -7.098655503741437 -6.7920396305252595 -6.423277417355547 -6.0348634444816245 -5.678123981610933 -5.3637425455190195 -5.103010586340584 -4.9077501406505455 -4.783226283115421 -4.7339612424025175 -4.768232244529018 -4.892274689841564 -5.108821884248347 -5.415532075884203 -5.8018056062417545 -6.230657592051889 -6.667603362294474 -7.089347682326636 -7.473769421656909 -7.802455902297743 -8.062362212459936 -8.246299157201799 -8.352291425581559 -8.38219759041764 -8.340132224457829 -8.231116024115872 -8.060141600175072 -7.83237033322094 -7.573220942471689 -7.298199962281884 -7.012681293873354 -6.739948675936805 -6.508566540365086 -6.325853851664089 -6.198583766721081 -6.13317304505996 -6.125551400625898 -6.125551400625898
-7.234454088636352 -7.336577906813568 -7.381976389712976 -7.352653809941951 -7.236721454157754 -7.041757254425404 -6.777187777641758 -6.454333352493685 -6.091126253190476 -5.748439714577839 -5.448442924659123 -5.2012365051224965 -5.017253863711101 -4.906870917442004 -4.875836387106804 -4.921008322409939 -5.045869630790606 -5.25142378299776 -5.534816433347684 -5.875606362010299 -6.241329763247927 -6.61325476587279 -6.971561189018629 -7.298724222295454 -7.579730952431101 -7.803231428663193 -7.961993509043936 -8.052641624582439 -8.074883341222097 -8.03051892840416 -7.922496727706575 -7.754169166508296 -7.543248333102602 -7.309517029411513 -7.0599994793343726 -6.804386336185471 -6.574817011015719 -6.385091816057392 -6.242478071814083 -6.153835579103371 -6.125551400625898 -6.125551400625898 -6.125551400625898
-7.162553225661476 -7.243817030715421 -7.283893553869145 -7.26261648331814 -7.179477066789886 -7.022473560593777 -6.798977147142735 -6.520136366302379 -6.198608900108057 -5.866246747627111 -5.574970655552503 -5.335419563537699 -5.156794744289773 -5.048055414253013 -5.017462153544283 -5.068547111205776 -5.192247434623543 -5.38742523296527 -5.641841823045717 -5.928840899965579 -6.2352341220442655 -6.5463900153414265 -6.84693308150293 -7.122070246639617 -7.358803173635987 -7.5467643888962055 -7.6786851274099845 -7.7504828931606085 -7.760541300924477 -7.709078712386413 -7.597758791415469 -7.439411427487221 -7.253976726261945 -7.047811544700887 -6.826890886934901 -6.610438686684078 -6.424870323501496 -6.277972722999573 -6.176977724326018 -6.128757321497082 -6.125551400625898 -6.125551400625898 -6.125551400625898
-7.140028905035541 -7.201899983240084 -7.234605225526004 -7.223134543787086 -7.1558328871168575 -7.03413571222388 -6.850390994262835 -6.613420405500586 -6.33560341868428 -6.030538774989756 -5.742805244736849 -5.505683741342837 -5.32734772918107 -5.215604633174115 -5.177504545652334 -5.218909047356547 -5.339388599426287 -5.516126986356228 -5.728142922477787 -5.966355460176127 -6.219972035114017 -6.476866513742327 -6.72440437703041 -6.950365625981826 -7.143799638903274 -7.2956684412505854 -7.399192168485953 -7.4498839381801885 -7.445328165999787 -7.38479700015937 -7.2786601310735355 -7.142496132567092 -6.981611521479805 -6.801404004047707 -6.610833208685402 -6.439053173149337 -6.297752797607284 -6.194385501681732 -6.136074394249306 -6.125551400625898 -6.125551400625898 -6.125551400625898 -6.125551400625898
-7.167701549875842 -7.2181267769614035 -7.241787392671255 -7.235330041116422 -7.179844194300828 -7.074397714052002 -6.924491299190356 -6.727021007162448 -6.489947878054592 -6.226372874082031 -5.951683934434571 -5.7124238523864515 -5.530107378263267 -5.411631423528892 -5.363125532989121 -5.389515814477856 -5.482424331022526 -5.624634333837269 -5.796640269392773 -5.990317572213751 -6.19639382388765 -6.404650081814546 -6.604514826193435 -6.785720510708893 -6.938917924756732 -7.05615546231704 -7.131164096465534 -7.159433188111257 -7.138397478890591 -7.078506035762495 -6.988150690479544 -6.871243672125561 -6.732180240811298 -6.575949969954141 -6.42550490618264 -6.297999688271286 -6.20089173994056 -6.141391828730279 -6.125551400625898 -6.125551400625898 -6.125551400625898 -6.125551400625898 -6.125551400625898
-7.254779606232576 -7.297328048547066 -7.31251044431137 -7.299029771764385 -7.253007277896124 -7.159879746239441 -7.024260107665809 -6.8540848352866455 -6.654472059317625 -6.429142964198325 -6.191131852830839 -5.956114299595288 -5.766283704082214 -5.638142318727665 -5.574359469977281 -5.566987886615992 -5.6145918777966255 -5.715134572171239 -5.8496686228833585 -6.002349843288027 -6.165123498691839 -6.32924970591362 -6.48574012603371 -6.625835104682422 -6.7414536768010915 -6.825555444364434 -6.8723733422903095 -6.880608424793442 -6.8582472384570305 -6.807291985126259 -6.730126464734127 -6.629885495608678 -6.510227682251403 -6.386264897053967 -6.278666680864468 -6.194704496107406 -6.141470132051514 -6.125551400625898 -6.125551400625898 -6.125551400625898 -6.125551400625898 -6.125551400625898 -6.125551400625898
-7.404755446285325 -7.440643453497853 -7.447809816865953 -7.42516175829815 -7.373568469688846 -7.290407843882142 -7.166404189460795 -7.009038380520936 -6.827553533356409 -6.631708736930687 -6.428655174077559 -6.225880261423118 -6.035594149691622 -5.884512611602073 -5.784639937760391 -5.736582536867792 -5.739845809755687 -5.79278236665162 -5.889026294555582 -6.003677336942524 -6.126618652038282 -6.250276780799257 -6.366900363978725 -6.468913886434215 -6.549253377925451 -6.6031576730650405 -6.63291916245536 -6.637887754333491 -6.617943224449959 -6.574012019126322 -6.507907194505615 -6.422149439465413 -6.3273809922089965 -6.243482412031232 -6.177526328113111 -6.136265699807646 -6.125551400625898 -6.125551400625898 -6.125551400625898 -6.125551400625898 -6.125551400625898 -6.125551400625898 -6.125551400625898
-7.61864882113254 -7.649165742769286 -7.648668504442201 -7.616258356202321 -7.553418855252419 -7.463673665576528 -7.3479826066978 -7.200936029424634 -7.031253013113659 -6.848656189758706 -6.6597145954897385 -6.471346167999387 -6.290606389316754 -6.12254508545111 -5.985393689248003 -5.897129062039843 -5.85730298671191 -5.864436839422783 -5.916116614473652 -5.99523268134572 -6.0812143601204625 -6.167415061207634 -6.247317899968645 -6.317510254265459 -6.37446128271283 -6.4149362633075055 -6.4366562537610825 -6.438339930406181 -6.419681301259498 -6.381274300835455 -6.324500243432033 -6.258441563275267 -6.199681459532499 -6.154440905107796 -6.128933466337194 -6.125551400625898 -6.125551400625898 -6.125551400625898 -6.125551400625898 -6.125551400625898 -6.125551400625898 -6.125551400625898 -6.125551400625898
-7.881470208388338 -7.914519666836677 -7.910144918513674 -7.868670740968502 -7.793073901900313 -7.688341797833124 -7.560576860247549 -7.414638307217221 -7.246799212798368 -7.0634986295162605 -6.872853542967657 -6.682347906604462 -6.498854401300834 -6.328656370695608 -6.177454707164649 -6.0516745910903476 -5.968998389826238 -5.932228565025446 -5.9391672980128245 -5.983341138448102 -6.038603343787058 -6.096645443314322 -6.152882378151107 -6.2031480849546545 -6.243854801549405 -6.272122681620368 -6.285867319569053 -6.283839141295206 -6.265615396043779 -6.231583045073284 -6.191908190125253 -6.157518514905731 -6.133589326751849 -6.125551400625898 -6.125551400625898 -6.125551400625898 -6.125551400625898 -6.125551400625898 -6.125551400625898 -6.125551400625898 -6.125551400625898 -6.125551400625898 -6.125551400625898
-8.157799439655092 -8.19772785715455 -8.192430777635899 -8.142389490985625 -8.051940829700294 -7.928058669857066 -7.778803990421084 -7.6121221205184595 -7.435203640189354 -7.2491086968762115 -7.055735674540109 -6.862425387473637 -6.6757799812674286 -6.501746499965217 -6.345667825406082 -6.212305145536501 -6.105840856216539 -6.030420631444088 -5.996406211582925 -6.004856966806116 -6.034161194989185 -6.068173721106316 -6.102833699837929 -6.134457213460827 -6.159860460728022 -6.176461223012438 -6.182349757660926 -6.176324414972543 -6.159574312993786 -6.142375381138014 -6.129658679491965 -6.125551400625898 -6.125551400625898 -6.125551400625898 -6.125551400625898 -6.125551400625898 -6.125551400625898 -6.125551400625898 -6.125551400625898 -6.125551400625898 -6.125551400625898 -6.125551400625898 -6.125551400625898
-8.443753140249463 -8.49272353499305 -8.48620327391161 -8.424959505374321 -8.315724993677081 -8.168674203976627 -7.994634757571539 -7.803390522808879 -7.603122072446331 -7.40048184277918 -7.200817442724224 -7.004582394590008 -6.814944415906508 -6.637452051520156 -6.477061206875294 -6.338179934955963 -6.224687361473728 -6.139939153739971 -6.086769436482215 -6.067496568497483 -6.073649793154528 -6.085046115327341 -6.09942316603158 -6.11349251180477 -6.124404242938805 -6.129827372884428 -6.128590674212014 -6.1261375826920395 -6.125551400625898 -6.125551400625898 -6.125551400625898 -6.125551400625898 -6.125551400625898 -6.125551400625898 -6.125551400625898 -6.125551400625898 -6.125551400625898 -6.125551400625898 -6.125551400625898 -6.125551400625898 -6.125551400625898 -6.125551400625898 -6.125551400625898
