_RESULTS/CROSS_VALIDATION_POSTPROCESSED_CLR/MHZ/TZ/1comp/2/MHZ_TZ_z_180_kriged_reverse_1comp_spherical_2.asc
ncols 100
nrows 81
xllcorner 5.5967107548124995
yllcorner 50.982328804812504
cellsize 0.00017565037499993607
nodata_value 1.7014100000000001E+038
[rows 57 to 75 of 81, columns 0 to 43 of 100]
2.4271193662585615 2.4296342803070035 2.4360071057395114 2.445811376794389 2.4575158595303326 2.469387362325175 2.480905928093173 2.4915729095175236 2.5009388107161192 2.5086174138100605 2.514288329539004 2.5176954022971656 2.5186508318858456 2.517056987092185 2.51295192269173 2.5065610374640848 2.498308883768349 2.489546168548447 2.4829299206597604 2.4792608221842145 2.4782483074422275 2.4796020424200806 2.4833565071580717 2.489890153766554 2.4987593157725687 2.509439461610061 2.521403154383924 2.5341325926544678 2.547125836782163 2.5599009417368035 2.5721012960138863 2.5851923492081306 2.600655728383877 2.617622731096841 2.63535332159836 2.654614423425648 2.6749619698931375 2.6956716680330395 2.7157967963564977 2.7329370013401446 2.746219726562837 2.7546475105075796 2.750980039642899 2.7330706906330318
2.446331723442999 2.448385271512627 2.453755519233596 2.462267959264058 2.4732890320504612 2.4848431223365925 2.496140090437064 2.506783558127389 2.516399947185409 2.52464809150387 2.531215940681941 2.53580814532892 2.5381352023146615 2.537928610791173 2.535015056907276 2.529443334430102 2.521695296301652 2.513972746795449 2.5073893472551685 2.5025485162383463 2.499739749076096 2.49900863856588 2.500924163663021 2.505562971173429 2.512506281077876 2.521295127648472 2.5314542269773255 2.5425067554703715 2.5539828414698356 2.5654243015618348 2.5764074017300236 2.589066707462853 2.604642237753498 2.6218978365075643 2.640907608643599 2.6617683680351294 2.683672742696478 2.705858425179183 2.7276167764037114 2.7470200645344676 2.7626230732343573 2.773909947877318 2.775020171627565 2.762024396532389
2.4644064321835946 2.466888410708429 2.4719551499577457 2.479453596714879 2.4892807111273636 2.5006554527862357 2.5119136345651842 2.5226775378729527 2.532646455193128 2.5415324390699485 2.5490496485140586 2.5548853552634667 2.558655707085963 2.5598787768097764 2.55806312547281 2.5529979513557075 2.545773187573072 2.538044358028314 2.5306321248126213 2.5242978804217557 2.5197345192653002 2.517206102811266 2.5174784217663593 2.520386952199403 2.525568944333245 2.5326183892542096 2.541107216325597 2.5505993638605253 2.560659215816022 2.570855679669719 2.581236493209751 2.5942731377414785 2.6097983337779405 2.6276384872490515 2.648177108130463 2.6706053149333338 2.694035980426338 2.717658302224109 2.7407861569450627 2.7624221864146614 2.780559237377836 2.7946448114865143 2.8013198043734353 2.7943478985964973
2.48079741545224 2.4836379365251444 2.488765397363075 2.496047315595039 2.505271441421223 2.5161573380113973 2.527631775375634 2.5386282247716196 2.5489837803333875 2.55850961675533 2.5669730472040593 2.57408838523617 2.579391854508964 2.582105831880818 2.581109781264182 2.5759969157448137 2.5684842962308 2.5599821007512413 2.551618854736269 2.5440722876274697 2.537847291464352 2.533806623045173 2.5325824456273995 2.533923573840484 2.5375054261463337 2.5429641185715894 2.5499135378376208 2.5579571986666285 2.5666955127148943 2.575728774048215 2.585981408303463 2.599618339772612 2.6157818471914522 2.634852489227498 2.656877704524159 2.68085837070395 2.7057789675007258 2.7307383903357514 2.7550779279459547 2.77836523604336 2.7991068023721017 2.816206640391015 2.828338239416889 2.8284915787426663
2.4952823612933965 2.4983906644100258 2.503523217225526 2.5105627282548535 2.5193276647283893 2.5295803107999246 2.541033166209895 2.5525933930627516 2.5635055096970483 2.573641959653619 2.582851724073694 2.590928418952796 2.5975130664151416 2.601799155345103 2.602100805170626 2.5972687659546176 2.5886502922627947 2.5789466922030564 2.569551815436846 2.561042676268253 2.553673958228696 2.5483945918328876 2.5458419455490287 2.545784055093587 2.547924017797357 2.551933144015564 2.5574634259878115 2.5641568164819866 2.571651211769746 2.579587762187199 2.589918062988856 2.6040702256296666 2.6221956627661043 2.6431732262407523 2.6666516896989534 2.6922067857383385 2.7185993236923043 2.7447188311612396 2.7699339125143267 2.794118486132549 2.817071592822027 2.8372907441904736 2.8541040233830537 2.862400490498586
2.507655222295828 2.510937675119753 2.516005388687123 2.5227515187998026 2.5310163428394086 2.5405931527573196 2.551236357061068 2.5626699098627155 2.5740003024085456 2.5845419036884447 2.5942047690162973 2.602886732703501 2.610447005001947 2.616781361316589 2.621181594884011 2.6155562282728715 2.6046575402358556 2.593768911136716 2.5836352945491523 2.5744824101608748 2.566471691957867 2.560544971794203 2.5569214383444687 2.555638897754301 2.556490178344415 2.559179384721256 2.563394579758312 2.568815097615513 2.575116807167782 2.582095004017854 2.5924473095410017 2.6078693318281823 2.6279327370479084 2.651232152934914 2.676950353206775 2.7042322972687898 2.732180736937475 2.759203794830586 2.7846549949498027 2.8090459506630534 2.8329990408484584 2.8561644524515772 2.8768827023292225 2.8930847845366503
2.5177274218918537 2.521089229627098 2.526013133540411 2.532398512736406 2.540099898314277 2.548931200060172 2.5586716490307726 2.569070814382696 2.5798333598304253 2.5904633918501534 2.6001693984068592 2.6087850907789636 2.6165412173600213 2.6241107037962395 2.630517112353918 2.6249246146298555 2.613994783065071 2.603273331326475 2.593205006446367 2.583945409380424 2.5757046405299833 2.569474067915897 2.5653587592492255 2.563219788884682 2.5629349292753267 2.5644176845260347 2.5674013576597954 2.5716010578774857 2.5767291168883517 2.5829886216763764 2.5941100367810583 2.6107579436477155 2.6323552817988864 2.6575920391923 2.6857738860868072 2.715932119958436 2.7461638198803433 2.77380132303796 2.7982824112005775 2.821809230976935 2.8457810994753734 2.8703398866720558 2.8945498945833648 2.9168572642723944
2.525328531468998 2.5286761400048476 2.53337342250506 2.53913465960834 2.545100218439881 2.5515023460249653 2.558609070525872 2.566554620397183 2.575329439328923 2.584770787466515 2.594552022141452 2.6043343045657363 2.6137396860842403 2.621823810717483 2.6261815407937172 2.6235340654194967 2.616109103666009 2.607164641158265 2.598040610523932 2.5892372535031956 2.5811531453963825 2.57485852901861 2.5704558193899376 2.5678426002976225 2.5668811820812807 2.5674071650924097 2.56924312617018 2.5722603873613705 2.5767294130046134 2.5832078647031005 2.594917065928593 2.612321965611416 2.6348653627922674 2.661359908481122 2.691339021968422 2.724261766156919 2.7587062349771823 2.787680854324364 2.8089313029416876 2.8303112941641597 2.8533806738487817 2.87808838310277 2.904164479188346 2.9307130927732317
2.530306169645364 2.5328882358113414 2.5346796690658264 2.5362539741073 2.5381828289570088 2.540927588928212 2.54482086273977 2.5500480452236816 2.556631502705245 2.564732832356668 2.5743408469148013 2.585027204101622 2.596026476226143 2.6058747085081913 2.612732726790071 2.6150267676741783 2.612563354182409 2.6061746458717985 2.5984085772972456 2.5904305631339084 2.5827757631481494 2.5765988678935083 2.5720520942006204 2.5690762267167178 2.5675685315417422 2.5674073573819176 2.5687586470607737 2.5717196761363694 2.5762863783741943 2.5828657295959885 2.5947198948050736 2.6123267699074226 2.6350595535790338 2.6618143251011217 2.692205156165105 2.7258471973773952 2.7621203549010804 2.7919162408666285 2.811025139953271 2.831689151067425 2.854223302268652 2.878481733794973 2.90426437530695 2.9313374039946747
2.529424585743006 2.5270793924807973 2.5240143200534804 2.5209674314331525 2.518589960116946 2.5174231919080956 2.5179695641948983 2.520672450992709 2.5257332024918724 2.533153450693394 2.5427039745314604 2.553887981101198 2.565897870821603 2.577594180664937 2.5876213293231474 2.594793011515757 2.5984699497259536 2.5984542136397675 2.594637753894181 2.5877535151627735 2.5806599463931663 2.574697668071981 2.5701225846790994 2.567034213936795 2.5654743748025357 2.565465369991672 2.567018226697602 2.5701359385712856 2.5748151020043633 2.581361480565808 2.592969315605186 2.610237165869701 2.632333810786406 2.6582243404759396 2.6873737086162284 2.718931227782496 2.7509186616821433 2.7789522275120855 2.8019371033005274 2.823791301674615 2.846316070129336 2.869806714960075 2.89401167404674 2.918206895432326
2.518151363722199 2.510491881269348 2.5023355235030587 2.4945232371777415 2.4878440842625387 2.483004968964485 2.4805954360815927 2.4810496213245523 2.4846082697907117 2.4912839493620433 2.500832227564964 2.5127321157036397 2.526184665702018 2.5401543556813677 2.553492916415783 2.5651442395537316 2.5743074795452885 2.580416597008665 2.5829894611237796 2.5815051147898918 2.575912251413951 2.5704892066404326 2.566379903998612 2.5636664767699937 2.562401040652754 2.562614749338748 2.564323413884313 2.5675306095214374 2.572228750211706 2.5785507446140015 2.589465771457149 2.605852837702503 2.626600620598973 2.6508097651183062 2.677766410572844 2.706395190603163 2.734999633878971 2.761593998428138 2.78560341130814 2.808165673451886 2.83033809579542 2.852410245626223 2.8740017773594597 2.8940058129042505
2.4994347866397306 2.4861576057918677 2.4726556142177927 2.4598644225838378 2.4486780596525906 2.439912836583164 2.434263507617676 2.432254757362848 2.4341931493131406 2.4401261516922728 2.449815302794859 2.462730562713749 2.478073936056851 2.494842255378785 2.5119336402919 2.5282763157169375 2.542923673228631 2.5550679374008567 2.563987893858222 2.5689871337533905 2.5693891139663942 2.5656743075456485 2.561993294557482 2.559622080784056 2.5586176539165577 2.5590147343249026 2.560830058715728 2.5640645792093837 2.5687035601089976 2.574731542121099 2.58457178051105 2.599573139740558 2.618470395452911 2.640511530424784 2.6649230854326 2.6906970455072963 2.7166036755800715 2.7415071017872554 2.764912567711601 2.787024323164646 2.808177181126108 2.828364754779019 2.847060734492204 2.8631031790611052
2.474696392576698 2.455520805119808 2.436343798744107 2.418209653666428 2.402138959396224 2.3890864151486744 2.37988644245111 2.375190447963262 2.37540364918125 2.3806326482651916 2.390655724071036 2.404925393181298 2.422607977631969 2.442658657236044 2.463921758278965 2.4852341336418533 2.505501803348371 2.5237299351096065 2.53901172867555 2.5504998368929654 2.5573810066575775 2.5594697970017206 2.5572010074858778 2.5551181213011005 2.554327354770136 2.554861940800172 2.5567361318001707 2.5599461787840765 2.5644694878749563 2.5702614483120763 2.5787666888729053 2.5919342524710083 2.6086505319007576 2.6282689970759976 2.6500389920923713 2.673087242674667 2.69648224997462 2.7194108323231942 2.7413744067206958 2.762191084836479 2.7817678604606533 2.79983946337465 2.815800795810893 2.8286249411115874
2.445065061577482 2.4197115056622565 2.394514710681571 2.3706413321868283 2.3492629406811063 2.3315083858219645 2.3183966587387186 2.310754062441786 2.309126887973051 2.3137075441828743 2.3242939678790435 2.3402963134682215 2.3607928409636174 2.3846237433363 2.41050226085375 2.437118986865109 2.4632187632554414 2.4876402833716953 2.5093225225429423 2.5272914455166706 2.5406407257888053 2.5488071035928974 2.551789297506892 2.550386258356588 2.5497543816851467 2.5503788022387157 2.552268935331338 2.5554155332960513 2.5597892261088178 2.565337298750031 2.572553554536539 2.583512014155531 2.597835164613788 2.614896361038655 2.6339957038267294 2.654374886494792 2.675271292090033 2.696008732087846 2.7160736877675262 2.7351047540889883 2.752784877209882 2.7687022084971007 2.782246626689229 2.792574391708819
2.41175371923519 2.3799541153793573 2.348382078886652 2.318337344729242 2.291167840310186 2.2682193208076797 2.2507539872341735 2.2398394486087385 2.2362224694713553 2.240216343148183 2.2516368165231686 2.269810985995971 2.293659019312864 2.3218238746390183 2.352812953506581 2.3851202507854614 2.4173111164929164 2.448066290583437 2.4761926323498535 2.5006129156298074 2.520346496876489 2.534554084107816 2.5432033776532683 2.545661766145338 2.5451345413727724 2.5458030669767338 2.5476730615906 2.5507300226643745 2.5549398480112533 2.5602461144684026 2.566325661665629 2.574879198365676 2.5866705988918035 2.6010962721088045 2.6175082110787566 2.635231797669916 2.6536022278719753 2.6720110990176007 2.689937904770165 2.706939530536382 2.7225955426642803 2.736436773710381 2.7478931738267893 2.7562887222832417
2.376070811394671 2.3375865107119886 2.2992853223541423 2.262603163921958 2.2290865133629545 2.200346486882982 2.1779650730776825 2.163346364146136 2.1575277496252174 2.160997438480876 2.173584215808041 2.194468484203138 2.222312369899118 2.255456849333421 2.2921195560226004 2.3305475205008297 2.369110035274474 2.406338744798691 2.440930963026097 2.471732372011314 2.4977114805467706 2.5179335891285026 2.531976592913385 2.5396138870729095 2.540707913404832 2.541379212310039 2.5432004319550527 2.5461527009528857 2.550199436960539 2.555207239670522 2.5604481823034604 2.566590277518232 2.575756644353839 2.5874974976418867 2.6012098768953433 2.6162792370243126 2.6321026256764677 2.648113496647283 2.663795953197684 2.6786779146624817 2.6923038429022603 2.7042007728123156 2.713857338040554 2.7207331101474908
2.3392682131774976 2.2940815809772954 2.2487241685991197 2.2049185119955803 2.1644202330094355 2.1291543188777284 2.101120288484967 2.0821990230383034 2.0738646742505518 2.076873089433642 2.0910587045450324 2.115349711591407 2.1479955967880047 2.186890622481053 2.229863528304005 2.2748674871039536 2.32007016158365 2.363873853567796 2.404897295783173 2.4419414929747107 2.473952626305044 2.4999884114998148 2.519266811099737 2.5317145804027392 2.5366746226540093 2.5373520640144047 2.5391029423296034 2.541944227365225 2.5458310436659906 2.550226400951272 2.55470792695602 2.559178889356765 2.565656704528904 2.574682017438981 2.5856896864747263 2.598110316404821 2.6113851425287047 2.6249802734926577 2.638394434048794 2.6511561281809595 2.662811625028682 2.6729113620062113 2.6810055510402897 2.686658502780649
2.3025864373513705 2.2509886774494507 2.198399610723903 2.147001451121888 2.0988212541280387 2.0561306045114858 2.021461645132749 1.997380385330092 1.9860479107658342 1.988660815789018 2.005047581188577 2.0336936594990727 2.072179801453475 2.1177473004267484 2.1677253572039907 2.2197448956815373 2.2717928080242427 2.3221840152572213 2.369504457908708 2.412551557214091 2.450282425341141 2.4817723503928737 2.5061829702705887 2.5230243183593637 2.5321304838978427 2.5339624939126364 2.535627615396969 2.5383579661721356 2.5417921193286723 2.5454642692021454 2.5492218440940215 2.5529042461502334 2.5569066622663237 2.563200122816296 2.571507117981868 2.5812945641580445 2.59203923958 2.6032369500398325 2.614408027397165 2.625097685761365 2.63487258828583 2.643317974055235 2.650041171040988 2.65468633232845
2.2675589186633824 2.2096950945562486 2.150193478467888 2.0908890293131637 2.034315829459348 1.9831337284045412 1.940512064649655 1.9100007376165564 1.8948964082047257 1.8971890240720874 1.9166799030673158 1.9510329600914167 1.996713113125474 2.050023885908269 2.1077019262967536 2.1670808503383507 2.22603703051385 2.2828728980146025 2.3362052144982 2.3848767190043243 2.427891015504475 2.4643658497243197 2.4934998862811257 2.514552070372894 2.52729449909922 2.531444841228788 2.533013816736017 2.535371980410896 2.5381058555036464 2.541079017590728 2.54414998674728 2.5471732546549593 2.55000240639343 2.5535781452149924 2.5591979954836206 2.566378397607983 2.574627266508664 2.5834691319835494 2.592449988931013 2.601139825360369 2.6091338729459808 2.6160550662131143 2.6215607788273845 2.625356120970684
