_RESULTS/CROSS_VALIDATION_POSTPROCESSED/Berg/GZ/2comp/2/Berg_GZ_z_500_kriged_reverse_2comp_spherical_2.asc
ncols 100
nrows 90
xllcorner  5.6208707817415728
yllcorner 50.959635321741573
cellsize 0.00013419651685393446
nodata_value 1.7014100000000001E+038
[rows 0 to 17 of 90, columns 42 to 83 of 100]
0.09486201669514205 0.09697348192358206 0.09791357355270704 0.0975462939695225 0.09592603477394095 0.09327401255467628 0.08989425630701699 0.08608939068488192 0.08211272611839361 0.0781551633434674 0.07435105913029913 0.07079037269443257 0.06753082229310799 0.06460945776993299 0.062059200992690196 0.05988963170843833 0.05810330682627833 0.05670280175275565 0.055693077675921174 0.05508349954754199 0.05488972152775329 0.05490285322340799 0.054906562058488054 0.05490054512058097 0.05488529459949991 0.0548620769811428 0.05483288121343283 0.05480034215934992 0.05476764803870804 0.05473844132261054 0.05471672181055627 0.054706758843347546 0.054706551864887244 0.054706551864887244 0.054706551864887244 0.054706551864887244 0.054706551864887244 0.054706551864887244 0.054706551864887244 0.054706551864887244 0.054706551864887244 0.054706551864887244
0.10156933830486833 0.1043561395883528 0.1056219161527772 0.10512541347678565 0.10296451574109963 0.09951832147398383 0.09525971706281976 0.09060624952053598 0.08586732318474713 0.08125091548531017 0.07688843323932486 0.07285865436098904 0.06921821994997368 0.0659984488322538 0.06320056073046869 0.060820506879527024 0.05885284349884209 0.05729346359297642 0.05614168560416463 0.05540201676578405 0.0550858275134336 0.055088171453161416 0.0550935826588142 0.055084797995389345 0.05506238694911104 0.05502781076600638 0.05498335232421421 0.05493201371114437 0.05487739433115569 0.05482356302698544 0.054774936058347136 0.05473616971535467 0.054712072835230004 0.054706551864887244 0.054706551864887244 0.054706551864887244 0.054706551864887244 0.054706551864887244 0.054706551864887244 0.054706551864887244 0.054706551864887244 0.054706551864887244
0.10861372573160136 0.11238059212286289 0.11415216189439091 0.11345213438365136 0.11047873412842026 0.10593665267211388 0.10057393464092824 0.09494029831504051 0.08937926442003073 0.08408950673021796 0.07918076580461224 0.07473247145957905 0.07076908872933839 0.06728578336238697 0.06427045276173042 0.06170861948084029 0.05958659944646723 0.05789369082651529 0.05662383770426777 0.05577706362340505 0.055360886022819196 0.05532973757938681 0.05533700907984947 0.055325200553798755 0.05529498111268218 0.055248061805046274 0.05518709913141862 0.05511555604769148 0.05503753978122644 0.054957635947172276 0.05488075506308219 0.054812002303107656 0.054756575890678755 0.05471969504980666 0.054706551864887244 0.054706551864887244 0.054706551864887244 0.054706551864887244 0.054706551864887244 0.054706551864887244 0.054706551864887244 0.054706551864887244
0.11565134766806646 0.12089419232081404 0.12353396864231748 0.12247419869797706 0.11819449829394285 0.11213967369038103 0.1054559039289791 0.09877234192784128 0.09239862012569124 0.08648293423170768 0.08112134768959038 0.07633226658265933 0.07210061740512748 0.06840319113746965 0.0652144512461261 0.06250993529121468 0.06026838931623269 0.05847324352817756 0.05711378060286808 0.05618622014506488 0.05569488067640432 0.055624512212053466 0.055633840547858485 0.055618689518269496 0.055579858710802545 0.055519384351470386 0.05544040387747942 0.05534696415502657 0.05524380315142946 0.05513613360400882 0.055029450465390366 0.05492937492883799 0.054841539498422416 0.05477151246159899 0.05472475660153946 0.05470661562906715 0.054706551864887244 0.054706551864887244 0.054706551864887244 0.054706551864887244 0.054706551864887244 0.054706551864887244
0.12192817135118698 0.12938664825829999 0.13376772936105708 0.13192983709409511 0.12540509174690917 0.1174065585792337 0.10934510920098414 0.10170205833906205 0.094646859064043 0.08827221973745507 0.08258465998699892 0.07755083359530471 0.07313174486240566 0.06928815531823519 0.06598343286784225 0.06318518736718234 0.06086631951909284 0.05900581118119736 0.05758945175971985 0.056610633491941634 0.05607132113002577 0.055969522743829686 0.055981154759599354 0.05596226123970806 0.0559138159863996 0.055838286101756555 0.055739437378466525 0.055622064593262396 0.05549169385324414 0.05535429925442904 0.055216062830756786 0.055083191530338756 0.05496179246050182 0.0548577997998046 0.054776943307817384 0.054724747983325606 0.054706551864887244 0.054706551864887244 0.054706551864887244 0.054706551864887244 0.054706551864887244 0.054706551864887244
0.12597962839713459 0.1360146567977891 0.14463625055583557 0.14037079046056153 0.13038228597222096 0.12061275932642582 0.1115689330185641 0.10332061181854595 0.09590017616629723 0.08929587189632178 0.08344819280099035 0.07829953009452996 0.07379627388971075 0.06988989284260663 0.06653755504899647 0.06370253925359493 0.061354575307071814 0.05947020998287664 0.058033276684331836 0.05703554030436731 0.05647758621494368 0.056361828477491924 0.05637607827699156 0.05635293364010227 0.05629360644150595 0.05620114688019533 0.05608015601569022 0.05593639819686607 0.05577638994534427 0.055607028214794366 0.055435295038716616 0.05526804999393327 0.05511190395784559 0.05497315870309125 0.054857794849876323 0.054771492607096364 0.05471967318101607 0.054706551864887244 0.054706551864887244 0.054706551864887244 0.054706551864887244 0.054706551864887244
0.12606785725067812 0.13618006585525108 0.14506171086120176 0.14061452522575077 0.13049522420201276 0.12068045340255881 0.1116145527663514 0.10337677152364579 0.09600422262446198 0.08944347998226858 0.08363521130636753 0.07852225077424005 0.07405148370978742 0.07017482819506438 0.06684980411771974 0.06403991263682746 0.061714956811009865 0.059851400108969645 0.05843284696289458 0.05745072384991676 0.056905233613050124 0.05679848448787894 0.05681575873077968 0.05678770506257985 0.05671586987515001 0.05660411239246597 0.05645816614477779 0.056285068471089904 0.05609258571475348 0.055888727320733654 0.05568139171480672 0.05547814495384676 0.05528610945202045 0.05511193264333161 0.054961807799870185 0.0548415255427689 0.05475654129021745 0.05471204942245813 0.054706551864887244 0.054706551864887244 0.054706551864887244 0.054706551864887244
0.12214502231016179 0.12970808754460067 0.1341931008568986 0.13230572735830745 0.1256631113288639 0.11758258653167539 0.10947586344881534 0.10187706440405946 0.09494332753486616 0.08869986966579557 0.083131016605757 0.07820484161239763 0.07388386559191953 0.07013021580125472 0.06690833162229941 0.06418650459734235 0.061937861036292986 0.06014111939656344 0.05878133695207137 0.057850805877920214 0.057350223297185726 0.05727650169601786 0.057297338632116904 0.05726350615857011 0.05717703674195196 0.05704294569974066 0.056868536532904274 0.05666253892402103 0.05643429763010989 0.05619314647606309 0.055948004768559 0.05570716848882453 0.055478243045774936 0.05526816521476516 0.05508327395187321 0.05492940334847709 0.054811981953463616 0.0547361302325828 0.05470675261313224 0.054706551864887244 0.054706551864887244 0.054706551864887244
0.11592362919178045 0.1212423566534118 0.12395332997631849 0.12290046017474664 0.11856491907828526 0.11243122179854725 0.10570673539935677 0.09908328054182022 0.09285856749929772 0.08714742849200507 0.08198472063054839 0.07737647981797786 0.07331018953506861 0.06976494180063764 0.06671702500665448 0.0641431581609251 0.062022489198706184 0.06033797574464566 0.059077539842096176 0.05823528435296084 0.05781299477148768 0.05779279839877814 0.05781793059276856 0.05777713744953603 0.05767318718367958 0.05751280589292913 0.057305527508263454 0.057062355412174096 0.0567946157326844 0.05651317954352064 0.05622804938381439 0.0559482167496907 0.05568168537173682 0.05543557873761011 0.055216280024783154 0.05502957607868421 0.05488079224037168 0.05477491344879387 0.05471669143391035 0.054706551864887244 0.054706551864887244 0.054706551864887244
0.10924238304208594 0.11326560799131277 0.11524691260416953 0.11465512595914944 0.11167243903371857 0.10702821477616728 0.10157574018110803 0.09589927841092044 0.09034742084897969 0.08512670196767426 0.08035640643286406 0.0761041900736238 0.07237364925640626 0.0691073378780636 0.06629426911692432 0.06392454378486231 0.06198331678725339 0.06045631434048664 0.05933421329169696 0.05861387386560281 0.05830005313343517 0.05834413345878514 0.05837459369621106 0.05832517742672758 0.058199824093987634 0.0580078985038321 0.057762186183374496 0.057476761222887675 0.05716538898459636 0.056840638818502105 0.056513563262312425 0.056193717998433805 0.05588934156966796 0.05560758517666993 0.05535473815284413 0.055136427713347626 0.05495778828066399 0.054823602918306354 0.05473842183328538 0.054706663181970316 0.054706551864887244 0.054706551864887244
0.10331110105972131 0.10655617505836543 0.10817799954408401 0.107878977125423 0.10573410670492193 0.10216164951125915 0.0977401094554349 0.0929128438452106 0.0880110157258793 0.08326495897854605 0.07882808554615559 0.0748045513175656 0.07127351626547956 0.06826718162110759 0.06576495260112643 0.06366552381059797 0.061955416016598486 0.060627782856340184 0.05967849198033337 0.05910744085764916 0.05892048671773748 0.059002091437657125 0.059007342402267494 0.05891956413232776 0.058752299576851665 0.058520894125709606 0.058229727764238605 0.057896167316982015 0.05753684383698305 0.05716602363184174 0.05679559687438076 0.05643540841417668 0.056093670603382925 0.05577734483900368 0.05549245757095539 0.055244350547832444 0.05503787639425594 0.05487755233776792 0.05476768329177496 0.054712463163331386 0.054706551864887244 0.054706551864887244
0.09831067659571872 0.10108469342949752 0.10252797439244186 0.10244392398660288 0.10085947283191785 0.09806136829776475 0.09443389031139865 0.09031079462926662 0.08598178797376665 0.0816863712158289 0.07762160967615447 0.07389158331575552 0.07056584450210257 0.06769300053568285 0.06530871320390788 0.06344043962552522 0.0619920628247533 0.06089575472983666 0.06015283089723969 0.059766081909980014 0.05974136591451054 0.05984288062538266 0.05981745255317011 0.05966661241617676 0.05940877962179866 0.05907460875491004 0.05869925887115272 0.05830845230307419 0.05789716822130412 0.05747833608024712 0.057064185753001886 0.05666439558908122 0.05628679354707871 0.0559378902998842 0.05562326758803729 0.05534785875077544 0.05511615363519542 0.05493235190518554 0.05480048163984638 0.054724494852479336 0.054706551864887244 0.054706551864887244
0.09425748240849673 0.09675346709501871 0.09812161673354684 0.09821321272298854 0.09703303105329003 0.09480155614258438 0.09177512803029649 0.08821384291106873 0.08441617470774657 0.08059334789104823 0.07689419109885749 0.07343345425361941 0.07029754004017442 0.06755120400637608 0.06524410764743965 0.06341680180370149 0.062106033217574026 0.061265662249420844 0.06076117790410385 0.06059520519122285 0.060745313783691884 0.06085709728778771 0.06080167689872289 0.06057712350623002 0.06021101712893256 0.05974912927168216 0.05923922695365815 0.05872248413693685 0.05823217060955447 0.05776505171064523 0.057308485639273425 0.056871361912837586 0.056460711036554555 0.056082331143914345 0.05574119858861601 0.05544174285463276 0.05518803692999263 0.054983934866193566 0.054833176197446994 0.054739469584488214 0.05470656362607801 0.054706551864887244
0.09111326569445459 0.09346176410020078 0.09482310177266853 0.09507138939413923 0.09420254620751409 0.09239120043912599 0.08983385253881146 0.08680155209728938 0.08348673909187834 0.080059970363074 0.076669944121545 0.07343978378110654 0.07046802647569213 0.06783228797225231 0.06559419501840126 0.06380470554719049 0.06250929629641444 0.06175266951253269 0.06150561419896092 0.06159762304493052 0.0618930221143534 0.06203334143341922 0.061951667352534504 0.061636120337065455 0.06113450102886708 0.060521141904149665 0.05986110785538333 0.059201923307621106 0.05857791078655596 0.05801521454582751 0.05751717568221939 0.057046961493388344 0.05660765304330536 0.05620414642765707 0.05584072011305351 0.05552126092847132 0.05524941556729115 0.055028698799772374 0.05486257614110772 0.054754531430535665 0.054708125728057784 0.054706551864887244
0.08882638136935865 0.09112396909591333 0.09253083848883258 0.09292999217177446 0.0923123234355412 0.09084773195963544 0.0887469111742012 0.08615258151357852 0.08322087383136614 0.08011014900727183 0.07696767670463002 0.07392216015102672 0.07108129044008833 0.06853296616269676 0.0663488168738235 0.0645889413736716 0.06330709362150315 0.06255576012958751 0.06239048980024293 0.06275683911735308 0.06314936412412467 0.06335363517304746 0.06325865756257694 0.0628191191449031 0.062138671984673315 0.0613468592317892 0.06052509329736432 0.05972066523088132 0.05896451296976543 0.0582797298298106 0.057685295502743615 0.057182439738481534 0.05672056100285639 0.05629755410942075 0.05591702271991833 0.05558235392002312 0.0552968163926496 0.05506363299927061 0.054886039238769314 0.054767334075855725 0.05471092703059811 0.054706551864887244
0.08734813800418362 0.089673988102015 0.09117293500969152 0.0917274247950604 0.09135089601257253 0.09025745625583423 0.08852869041923973 0.0862751613438113 0.08363657099143186 0.0807524043908854 0.07777288732016688 0.07485269150878174 0.07211287441705944 0.06964250629320533 0.06750357733371687 0.06575903398585277 0.06448171685158315 0.06373141783091439 0.0635726099046758 0.06395254090134486 0.06444102303672088 0.06477274833894621 0.06471244382517195 0.06406734153299322 0.06314789621683745 0.062162977828256055 0.06118275838640537 0.06024134437678413 0.05936210152226386 0.058563951731271324 0.05786343032423376 0.05727559461220789 0.05679366089793681 0.05635792128470681 0.05596631515575976 0.055621863695284025 0.0553275658051908 0.05508644023268145 0.05490156430815736 0.054776111632981364 0.05471339018278786 0.054706551864887244
0.08663864264292163 0.0890651423632902 0.0907035244795841 0.09144419696631377 0.09138101704882727 0.09057055545359717 0.08895025488268571 0.08668859504297075 0.08399390652858477 0.08107238573866993 0.07810949559413767 0.0752590814003931 0.07263999379926656 0.07033834287442459 0.06841306371229108 0.06690282988982307 0.0658329914466379 0.06522181019407652 0.06506075222166477 0.06519417106971068 0.06562280251773872 0.06609094339682199 0.06627897151529993 0.06518283411944333 0.06403304159850932 0.06289263956788826 0.06178444112229223 0.06072854890431137 0.05974327010005238 0.05884533795458911 0.058050130768743095 0.05737193618212631 0.05682424788541537 0.05638215302978579 0.05598609496661436 0.05563772545926507 0.055339929205121 0.05509563948518138 0.05490786799148316 0.054779736687672276 0.05471451198753676 0.054706551864887244
0.08666776817233302 0.08926832624872642 0.09110188564113424 0.09202800310057074 0.0918603016475545 0.09075521655468184 0.08886593972497403 0.0863880981159668 0.0835390158218755 0.08053156596880785 0.07755406019717646 0.07475919188763143 0.07226153963629232 0.0701411615160946 0.06845047958857342 0.06722225128100849 0.06647723792073054 0.06622789503324258 0.06625329893691911 0.06638468642513946 0.06658056816065666 0.06685353802015866 0.06671810477475892 0.06583432004237963 0.0646799361473749 0.06347993276734876 0.06229487235354446 0.06115617041305975 0.06008677554220659 0.059105628204240035 0.05822917638232597 0.057472158324215164 0.056848150906937144 0.05636898347667323 0.05597534548112483 0.055629104786947214 0.05533320858844529 0.05509063687068381 0.05490443715312738 0.05477775955767818 0.05471389314336908 0.054706551864887244
