_RESULTS/CROSS_VALIDATION_POSTPROCESSED/Berg/TZ/6comp/1/Berg_TZ_z_0_kriged_reverse_6comp_spherical_1.asc
ncols 100
nrows 90
xllcorner  5.6208707817415728
yllcorner 50.959635321741573
cellsize 0.00013419651685393446
nodata_value 1.7014100000000001E+038
[rows 0 to 17 of 90, columns 41 to 81 of 100]
0.016047475367268922 0.015925707374842224 0.015587416170784726 0.015085231078862832 0.014477510698169872 0.013811389065865074 0.013117960255939348 0.012417620703331526 0.011727347191792794 0.01106385715553342 0.010443347303774076 0.009880253747350276 0.009386487753468153 0.008971476052701434 0.008630101838415184 0.008268794815677835 0.00791528744297594 0.007619204218731441 0.007400371361084598 0.0071873477482293415 0.006991522435323904 0.00683138198188668 0.006728974408732733 0.006700333871068012 0.0067468607652866 0.006866260337889079 0.007052162884256519 0.007293194290345826 0.007571684862759372 0.00786236611725664 0.008131599566754109 0.008337858388637234 0.00843423814885233 0.00843625234758728 0.00843625234758728 0.00843625234758728 0.00843625234758728 0.00843625234758728 0.00843625234758728 0.00843625234758728 0.00843625234758728
0.018590888549200033 0.018399459371352195 0.017899621918897886 0.01718607678230977 0.016359580393518987 0.01548751720975291 0.014599623580287524 0.013710581602036127 0.012836486679973377 0.011997328261726614 0.01121346569837208 0.010502235599248465 0.009876585207899725 0.009242148522525548 0.008536630611047747 0.007840693919676062 0.007213082439200568 0.006692877163672672 0.006305135063244512 0.006005730903054839 0.0057527142579096545 0.005559835819767843 0.00543903085027651 0.005405386440830617 0.0054601128239260355 0.005602286795976413 0.005829035298971584 0.006134324866955138 0.006507095246254378 0.006928953215062275 0.007371867428635164 0.007796603949477315 0.008152927427266482 0.00838269193600238 0.00843625234758728 0.00843625234758728 0.00843625234758728 0.00843625234758728 0.00843625234758728 0.00843625234758728 0.00843625234758728
0.021828097470582262 0.021528475940875015 0.020770702675795984 0.019735019299642234 0.01860766434889395 0.017478654649251954 0.016355554186168596 0.015235308002250461 0.014133154829454209 0.013077240518767803 0.01209550549512688 0.011200201798703192 0.010196040128044084 0.009103293265612586 0.0080348814959187 0.007066284624250678 0.006240038795602978 0.005574692138111741 0.005074500827145275 0.004722831665717837 0.00444830600230513 0.004247649191156481 0.004125206703643339 0.004091083486970171 0.004146643802737191 0.004292339076998435 0.004528905750603961 0.004856148823676022 0.0052709195766213815 0.005764308201311115 0.006318265360539136 0.006902213385580024 0.007470671257484959 0.007963351457740835 0.008309312730566102 0.00843625234758728 0.00843625234758728 0.00843625234758728 0.00843625234758728 0.00843625234758728 0.00843625234758728
0.025996370387296415 0.025541735303698708 0.024356192358562023 0.0227996737830684 0.021263265820867627 0.01984068393170011 0.018441384970353608 0.01702873553735839 0.015634602418000233 0.01430621796369727 0.013060613743498858 0.011626531473532145 0.010077224668780861 0.008575709638667429 0.007225363319083841 0.006077357372652562 0.0051452273665982175 0.004420044106295258 0.0038828562331509695 0.0035125223979931316 0.0032475766043987245 0.0030598257881709716 0.0029480817158624513 0.002916978761446297 0.0029676662322676555 0.003101690022925439 0.003322748888887695 0.0036357094093941228 0.00404483048827411 0.004551021687403588 0.005148070008255185 0.005818074982741036 0.006526864579544941 0.0072208556106063 0.007827426445491725 0.008260945153603127 0.008435631778250637 0.00843625234758728 0.00843625234758728 0.00843625234758728 0.00843625234758728
0.031453583869228134 0.030834875109125637 0.02893260221597645 0.026443800890731523 0.024383638210583723 0.022689136653094768 0.02095076230938104 0.01913924464760138 0.017351956645193248 0.015658170668563638 0.01371758160352651 0.011608676424407077 0.009572654479453276 0.00775849143452747 0.006234105874997522 0.005009548300342422 0.004061025852987887 0.0033500196983805857 0.0028360309593859568 0.002483886580887059 0.002249154792095912 0.0020875729725055815 0.00199354104952483 0.001967490130466697 0.002009980860833645 0.002123234173591315 0.0023128602773172103 0.0025872452264072395 0.0029562982201373936 0.0034292368941204548 0.004011089863523712 0.004697786486089057 0.005470181311280184 0.006288160701391456 0.007086962712711502 0.007778590010848124 0.008261027265187742 0.00843625234758728 0.00843625234758728 0.00843625234758728 0.00843625234758728
0.03870578688478973 0.03812620287245863 0.035206489532005475 0.03074803423624113 0.028257014623270082 0.026334567624518274 0.024026491136434056 0.021601953131735005 0.019272555653266774 0.016726444610178182 0.013912731953916369 0.011188127536302462 0.008774439827672707 0.0067699741443052385 0.0051844342630848125 0.003976327868136199 0.0030826724179819557 0.002438278491074115 0.0019860056400712984 0.0016808544848015143 0.0014848311557230306 0.0013549921827068663 0.001280952707576013 0.0012606017025073935 0.0012938245190570856 0.001383098759570065 0.0015348569285344514 0.0017592763356588633 0.0020696588040374332 0.0024810050903768545 0.0030072863512181037 0.003656953817681476 0.004426550363751944 0.005293031401686726 0.006206578000158638 0.007087003086801786 0.007827605554518642 0.008309522327729772 0.00843625234758728 0.00843625234758728 0.00843625234758728
0.04830407275599289 0.048476194813131285 0.04494684478221178 0.03877908216080714 0.034657759088404 0.03128178843894691 0.02774854838251715 0.02436979746137626 0.021028711956809866 0.017299126165121137 0.013660844065004757 0.010443365712266558 0.007792378995015498 0.005724089938545321 0.00417658033676627 0.003055248923131211 0.002262493871476756 0.0017131483778254134 0.001340002791387111 0.0010937665278461768 0.0009391127031113961 0.0008405624012986038 0.0007854287490895042 0.0007704294451706445 0.0007949382732304923 0.0008613636268859917 0.0009760833851353034 0.001149586537195556 0.0013964509929159932 0.0017347636544453057 0.0021844070711403967 0.0027635251646843427 0.0034825954475495783 0.004336089154323342 0.005292857357569575 0.006288049871641224 0.007220971620854472 0.007963669089167895 0.008382918340247814 0.00843625234758728 0.00843625234758728
0.06046495552081747 0.06274621376822065 0.059084730372556786 0.05138447521213454 0.04370624434027601 0.03728749493002705 0.03184122536721891 0.02713312462380573 0.02220023618005741 0.017334919603303797 0.013017136752300752 0.009474018161965126 0.006734414762725376 0.0047137874007971104 0.0032779322064925335 0.002286152573486171 0.0016154084425165046 0.00116897111170911 0.0008761274057877753 0.000687982223117242 0.0005720847586765943 0.0005007155807768251 0.00046154084670744334 0.0004510079785221176 0.0004682359201794285 0.0005153632826733725 0.0005981502681681074 0.0007263769977077379 0.0009142963782808999 0.001180803458968334 0.0015487572322358542 0.002042658025284299 0.002683787405269239 0.0034822061304408984 0.004425967190748791 0.005469664278197647 0.006526651340156522 0.0074708463542924415 0.008153298627437463 0.008434298770710384 0.00843625234758728
0.07419187088452697 0.08125685975776124 0.07650806777720122 0.06418181327615204 0.05240532368234873 0.0429781144056854 0.035587923033483224 0.029082621330174644 0.022625415613176374 0.016840054954028603 0.012068388359296281 0.00838602549139122 0.005692308790936208 0.0038030846090744545 0.0025228258696585876 0.0016776635818357016 0.001130190908423233 0.0007802242377852234 0.0005588718214643426 0.00042087197953924005 0.0003376300628024327 0.00028784422499800183 0.0002610590493181719 0.0002539467819525302 0.0002655928329644643 0.0002977797103578309 0.00035538527940913477 0.0004469355957974297 0.0005853789114708995 0.0007888283921332637 0.0010807843797147425 0.0014890361550179765 0.0020421682210875316 0.00276260337367607 0.003655770800970532 0.004696618943963712 0.0058172362022028265 0.0069019181683857575 0.0077968070982147985 0.008338150543034833 0.00843625234758728
0.08460387010050854 0.10234338557980727 0.0924840400098467 0.07315385638045538 0.05818307442427529 0.046820421797673754 0.03804564619654591 0.02980609715445907 0.022239961161722988 0.01588456983084774 0.010922892956481148 0.007278418893694123 0.004733547438749441 0.003026704705622312 0.001918647030545912 0.0012173769285715214 0.0007815122182912233 0.0005138053013693238 0.00035069906995352935 0.0002522806409957718 0.00019433478243495277 0.0001605506427137951 0.00014277097837229344 0.00013810967015184987 0.00014575203061554086 0.00016712004601168883 0.00020616638862280243 0.0002699956618012461 0.00036981707084128546 0.00052206910233416 0.000749334756348378 0.0010803194417827139 0.0015477600207449023 0.002182888232685701 0.0030053818939750824 0.004009080051441273 0.005146335354072689 0.006317159469456586 0.007371528800429026 0.008131782309052121 0.008435169011335373
0.08319473151463805 0.09487294107133784 0.08903819932857912 0.07330151010713848 0.05915962541373853 0.04785228631049928 0.038395763368059915 0.029215444033337878 0.021125799122506367 0.014598053103673276 0.009696236184820444 0.006230116532272758 0.003899325375173298 0.002394899034326456 0.0014546190028824667 0.0008819763852012725 0.0005396385344158676 0.00033739249317434766 0.00021873809746809428 0.00014957991266396312 0.00010996919232033765 8.742313211748082e-05 7.584918767051418e-05 7.285345694793084e-05 7.777222591067705e-05 9.17092763869533e-05 0.0001177818896863937 0.0001617501404890137 0.00023303904926760352 0.0003460794918002808 0.0005217014558976374 0.0007879648107458076 0.0011793318046830089 0.001732640639666668 0.0024783191422817793 0.003426253999585066 0.0045481728406400294 0.005762081803432299 0.006927693678189692 0.007862046667789117 0.008378918330501637
0.07348875930015132 0.07882741519485552 0.07585279279531608 0.06649426629205502 0.05579619911022269 0.04615214404351268 0.036790954260523305 0.027530844075793176 0.01949028218747541 0.013141380496382986 0.008492999892294633 0.0052954047215477825 0.0032072190368693616 0.0019007619560365938 0.0011104020098856406 0.0006451119135096093 0.0003766651184822659 0.00022380669955614343 0.00013740525997344422 8.881720169943793e-05 6.181628413379443e-05 4.682563342054588e-05 3.9344099082118325e-05 3.743265186926761e-05 4.05764478927741e-05 4.9622211535838745e-05 6.700078311732106e-05 9.732981497319465e-05 0.00014843463289155676 0.0002327831939346837 0.0003691742741407205 0.0005841889268331264 0.000912399287973529 0.001393742711638026 0.0020661675014662217 0.002952256944128057 0.004040700090718167 0.005267310367963464 0.006504565943031154 0.007570468376324804 0.008263439384015032
0.06256894125705265 0.06530278552376302 0.06341761122178773 0.057631418949155806 0.05011908412160419 0.042491749833257354 0.03386289717252439 0.02515958211104335 0.017593285648712927 0.01166890937471959 0.007392488354149284 0.004503535699361865 0.002656288829747197 0.0015277382357527214 0.0008628354393290911 0.0004823713455824132 0.0002695623386663567 0.00015236675521404004 8.841826259747463e-05 5.3714116536565263e-05 3.50233522673147e-05 2.4931000997169214e-05 2.0044525267131592e-05 1.8813378563762346e-05 2.0842206956694137e-05 2.678254860941489e-05 3.8538120679212835e-05 5.982754066321051e-05 9.716651953621843e-05 0.00016131927676586475 0.0002691461291859911 0.000445473681980034 0.0007240920544685123 0.001146307900342916 0.0017549615405163326 0.002582078511601049 0.0036301621783773512 0.0048509374791852935 0.006130221616945508 0.00729071769595292 0.008121963937102796
0.05266951298062401 0.05417019037148238 0.052852552671424725 0.04905676283651712 0.043817979230301035 0.0378775668594094 0.030330003275095267 0.022524321972479014 0.015670643235849945 0.01029974775907952 0.006443142378203217 0.003862869584098465 0.002234594355733781 0.001255836407713521 0.0006902964318859742 0.0003736898004869136 0.0002009622465543068 0.00010847902011986213 5.956080760395626e-05 3.387573627444596e-05 2.0447876471861962e-05 1.3416087206775364e-05 1.0110198731410464e-05 9.288876145036416e-06 1.0644952801650268e-05 1.46862318657596e-05 2.2931864867461923e-05 3.843865212378528e-05 6.67301027105568e-05 0.00011722303995349125 0.00020514654258793033 0.0003536749322180142 0.0005954849437603176 0.0009722213327423388 0.0015296780258450807 0.0023064894512154167 0.0033156546931178495 0.004521898272442438 0.005823096779165394 0.007048112943006109 0.00798214161148866
0.04420665757076965 0.04505598852118135 0.04408562054783915 0.041481443880208094 0.03778370559710467 0.03314946188236138 0.02674523970949915 0.01994779554878227 0.013890027460415483 0.00910712289782341 0.005665463804495076 0.003367548649526741 0.001925395259284509 0.0010658658329053858 0.0005749371371393944 0.00030398300983748734 0.00015868900907298466 8.248160185845705e-05 4.3130639682082696e-05 2.3017263626777845e-05 1.2749884893693218e-05 7.5268780861572654e-06 5.120711836497414e-06 4.5255345969681475e-06 5.508366288895144e-06 8.45931705719275e-06 1.4625398259566887e-05 2.6616013926945864e-05 4.926906490869398e-05 9.103755192601623e-05 0.0001659319940231371 0.00029580630613638997 0.0005122824004136034 0.0008568588516407892 0.0013769689731093473 0.00211554149687277 0.003092896222156219 0.0042833445115990675 0.005594284297977137 0.006860380958802628 0.007865211705969415
0.03712957754223671 0.037612282541746395 0.03687598741653121 0.03503141241425155 0.03238149905067674 0.028765748912055116 0.023435272197132498 0.017622071603663574 0.012344282679104422 0.008123201204287972 0.005056974074937453 0.002999424379850562 0.0017080440619699827 0.0009401630535640281 0.0005030867900914231 0.00026281542614409235 0.00013481253931394558 6.839466412575658e-05 3.4568335238012296e-05 1.756107071966048e-05 8.987068912381053e-06 4.705450305378238e-06 2.7103965104130494e-06 2.1869978167690946e-06 3.0394766590243526e-06 5.467498008654829e-06 1.0538154883570412e-05 2.061670223217079e-05 4.013933846359895e-05 7.697244861327487e-05 0.00014436170398860018 0.0002632976929266735 0.00046465109812076857 0.0007896697400880023 0.001286590779595742 0.00200078604956228 0.002956973652327175 0.0041354541161942975 0.005449839553452945 0.006738956762828115 0.007786048701514939
0.03127140801954751 0.031541846456157145 0.030974135434534967 0.029637964415898933 0.027712786726583612 0.024916811653000474 0.020510410439134662 0.015472161718703237 0.010819295797478862 0.007092111359909049 0.004401909086447693 0.002610122933698381 0.0014901221487690827 0.0008246203539589841 0.00044483440870079035 0.00023481124479480945 0.0001217406613134321 6.219121293682575e-05 3.138365851433541e-05 1.566182076271407e-05 7.697352717729408e-06 3.7384650743734323e-06 1.8066115514774425e-06 1.0772767559489851e-06 2.1488108181569816e-06 4.445856942301067e-06 9.13227441114986e-06 1.8515637965203128e-05 3.688428303015548e-05 7.187804187492016e-05 0.00013644150485802448 0.00025121825647678024 0.00044676496249882553 0.0007641982492388949 0.0012520259352844247 0.0019565307775789432 0.002904123835989113 0.004077460776985101 0.0053926534389576895 0.006690278578426696 0.007753591182320575
0.02644990432347829 0.026597427049350496 0.026156881614077306 0.02517399639229708 0.023641267946552316 0.02114178241613675 0.01721663781539183 0.01288514671671373 0.008970186512012274 0.005874306724806289 0.003655893103623435 0.002182143842917941 0.001259270860987712 0.0007074916686396993 0.0003892279890582605 0.0002105160699579504 0.00011236913491927047 5.940129090950769e-05 3.119785576141928e-05 1.624954370311416e-05 8.330370800180882e-06 4.254043075535286e-06 2.3038400788668855e-06 1.761785692871942e-06 2.6317702437541555e-06 4.989864414678134e-06 9.88091478341542e-06 1.9637127097936175e-05 3.862594369358287e-05 7.460965036607244e-05 0.00014069602336684977 0.0002577172257080864 0.0004564013963526745 0.0007779385270716581 0.001270692912433678 0.0019804570910751007 0.0029327271494543664 0.004108882334653389 0.005423675759860975 0.006716727761111585 0.007771276698384318
