_RESULTS/CROSS_VALIDATION_POSTPROCESSED_CLR/Berg/TZ/4comp/5/Berg_TZ_z_500_kriged_reverse_4comp_spherical_5.asc
ncols 100
nrows 90
xllcorner 5.6208707817415728
yllcorner 50.959635321741573
cellsize 0.00013419651685393446
nodata_value 1.7014100000000001E+038
[rows 0 to 18 of 90, columns 42 to 83 of 100]
-0.46995427621281805 -0.4232842634680193 -0.39112675183196266 -0.3778766385613674 -0.385083552550207 -0.410772460163478 -0.45146183754570796 -0.4926533361106065 -0.5251266652794285 -0.5641105768717342 -0.6083849029957331 -0.6559170557103973 -0.7053808046535831 -0.75632592846698 -0.8084051863996948 -0.8614757860301773 -0.9154895359089744 -0.9681140928441407 -1.0066023822151233 -1.0278473013975862 -1.030501114556484 -1.0241869231364755 -1.0191126348709882 -1.015361676414162 -1.0130113283346196 -1.012132877818437 -1.012324372855181 -1.0125777663089097 -1.0128325111772498 -1.013060205090444 -1.0132296039420134 -1.0133073303152744 -1.0133089452060666 -1.0133089452060666 -1.0133089452060666 -1.0133089452060666 -1.0133089452060666 -1.0133089452060666 -1.0133089452060666 -1.0133089452060666 -1.0133089452060666 -1.0133089452060666
-0.4549357825902114 -0.39729753791355416 -0.3578622544943617 -0.3420781047386824 -0.34984958041214975 -0.37793049409908186 -0.4193766171012359 -0.4626346029777396 -0.5024982797197888 -0.5438725716574118 -0.5881840182015292 -0.635656646685312 -0.6858045018503878 -0.7366812532190647 -0.7881214575454673 -0.8401508657240049 -0.8928287088742951 -0.9462291912017993 -0.9915533000528447 -1.0192616047072238 -1.0280650670570899 -1.0225535899931417 -1.0175179064689759 -1.0138361255639778 -1.0115856251902284 -1.010836791187771 -1.0111544524218457 -1.0115532707980694 -1.0119779640648054 -1.012396922378155 -1.0127757121515768 -1.0130779192445687 -1.0132658713843907 -1.0133089452060666 -1.0133089452060666 -1.0133089452060666 -1.0133089452060666 -1.0133089452060666 -1.0133089452060666 -1.0133089452060666 -1.0133089452060666 -1.0133089452060666
-0.4488269111898662 -0.3746074897454733 -0.32358647346842906 -0.3058266353454293 -0.3199410097654056 -0.3552618796547953 -0.4002980573749887 -0.44764015312207117 -0.4930755366530793 -0.5372064345150847 -0.5815073804050406 -0.6269185397366386 -0.6742702730905067 -0.7240494999723326 -0.7743266876788546 -0.8248151193547247 -0.8756945369244542 -0.9271248218646801 -0.9764716181142032 -1.0096501189382918 -1.0236352284177834 -1.0201123111428219 -1.0152160330835074 -1.0116997240752046 -1.0096419431641215 -1.0091127771532218 -1.0095751453017925 -1.0101290672460677 -1.0107338863799007 -1.011354183067689 -1.0119518210955782 -1.0124869481142371 -1.0129188154546678 -1.0132064107330736 -1.0133089452060666 -1.0133089452060666 -1.0133089452060666 -1.0133089452060666 -1.0133089452060666 -1.0133089452060666 -1.0133089452060666 -1.0133089452060666
-0.4588317913914846 -0.359149145856103 -0.28886421623561886 -0.26987057697381067 -0.2969442798686027 -0.34747662507205845 -0.40322286281088654 -0.4551471934137529 -0.5030445002770385 -0.5475611810607731 -0.5900212850560288 -0.6319624595978929 -0.6747769255802041 -0.7196564767122077 -0.7673288200417258 -0.8156179560683656 -0.8641294395605785 -0.9130955436158485 -0.9624495306122741 -0.9999588827641314 -1.0175201099482656 -1.015620697831448 -1.0104886152626775 -1.0072630915679461 -1.0060097679365418 -1.0065356615448238 -1.0076137828349576 -1.0083398511168222 -1.009136598855358 -1.0099696757222092 -1.0107966451598065 -1.011573779447148 -1.012256971678761 -1.0128023929865635 -1.013166930072889 -1.0133084477035013 -1.0133089452060666 -1.0133089452060666 -1.0133089452060666 -1.0133089452060666 -1.0133089452060666 -1.0133089452060666
-0.4992832889823264 -0.3610525135325965 -0.254439560333945 -0.23908870590579934 -0.2932265144458869 -0.36476343935937483 -0.4322144398934232 -0.4894749226353358 -0.5362474510216597 -0.5772830427883056 -0.6150096303945888 -0.6513724494310554 -0.6880519714594966 -0.7264620732718973 -0.7678019879463553 -0.8125542429320932 -0.8574953577688351 -0.9002126129124238 -0.941881028949907 -0.9768153686839645 -0.9928646836317665 -0.990075994739249 -0.9838032204852736 -0.9810178835841991 -0.9817861607965315 -0.9858500222208441 -0.9917178245582292 -0.9981069149213019 -1.0039399976103927 -1.00794097251356 -1.0093510878721634 -1.0103798736388236 -1.0113218947853027 -1.012130419229964 -1.0127600699552903 -1.0131669972929593 -1.0133089452060666 -1.0133089452060666 -1.0133089452060666 -1.0133089452060666 -1.0133089452060666 -1.0133089452060666
-0.5929365494640071 -0.40979417663209494 -0.2205498260367419 -0.23510982553449644 -0.33555286118024896 -0.4237105980232766 -0.49509644015042836 -0.5511930845708226 -0.594190316192059 -0.627297705974394 -0.656783931148268 -0.6849950409313993 -0.7136472538471214 -0.7441813720540124 -0.7765775414692278 -0.8081355668206383 -0.8397869030804989 -0.8701917680636558 -0.9008863393348835 -0.9299459563217929 -0.9429912095655734 -0.9384258240931123 -0.9309985449744848 -0.9287411682752899 -0.9317198473098499 -0.9395179488645902 -0.95046650809421 -0.9634126988860527 -0.9771507090987539 -0.9902629384192781 -1.0011608861208625 -1.008124457667128 -1.010157361841955 -1.0112336123154237 -1.0121304577493881 -1.0128025477216434 -1.0132065813195648 -1.0133089452060666 -1.0133089452060666 -1.0133089452060666 -1.0133089452060666 -1.0133089452060666
-0.7681060102809587 -0.5838816284798487 -0.3777190113310372 -0.3772818497955876 -0.4615198822360361 -0.5342114430830447 -0.5926836418681131 -0.6384782726004652 -0.672767673048321 -0.6965940006427813 -0.7142509218789832 -0.7317036027837608 -0.7502101051504269 -0.7654833124654675 -0.7777216315872809 -0.7898540279567922 -0.8046461455238272 -0.821739908737418 -0.8405781877917812 -0.8613347685288409 -0.869789038825928 -0.8622894795062468 -0.8536651769757865 -0.8520175580655271 -0.8574114695854389 -0.8691207345812266 -0.885494911129573 -0.9054130851030039 -0.9275136738265934 -0.9502104656677962 -0.9717434713870797 -0.990226325850157 -1.0036878461981116 -1.0101065801606728 -1.0113217756315844 -1.012257080309639 -1.012919085181479 -1.0132660540387823 -1.0133089452060666 -1.0133089452060666 -1.0133089452060666 -1.0133089452060666
-1.0252754928323615 -0.8847405392383457 -0.7347824848238121 -0.6636745258012025 -0.6646541562129609 -0.6896464881547554 -0.7183081010754033 -0.7438583253808437 -0.7638991870357948 -0.7774814064981088 -0.7843541550033146 -0.7878137641440197 -0.7844616426305108 -0.7764771311379678 -0.7668389511085836 -0.758458880855799 -0.7541566104958375 -0.7560555375498546 -0.7621363228841833 -0.7727639374698981 -0.7749592592547037 -0.7633033542013243 -0.7534050608661665 -0.7524432580878866 -0.7604655989243293 -0.7762587445661174 -0.7984708892579364 -0.8258512138171694 -0.856847362205653 -0.889670806381043 -0.9223603925093611 -0.952839418007426 -0.9789636260522798 -0.9985592498365568 -1.0094515014295553 -1.0115735585643757 -1.0124871065969914 -1.0130782271401864 -1.013307378924679 -1.0133089452060666 -1.0133089452060666 -1.0133089452060666
-1.3321071376901457 -1.2232945262965498 -1.0652970787637916 -0.948242144643561 -0.8874030458726105 -0.863319429101212 -0.857342848069143 -0.858498811647019 -0.8610855584096564 -0.8619668858171022 -0.8567112940849945 -0.837005868499463 -0.8090610187174111 -0.7767296167615835 -0.7442332483657776 -0.7144361827671262 -0.6901919792046836 -0.674296976331254 -0.6666979270198042 -0.6658194244750324 -0.6600168352529102 -0.6431200879377076 -0.6318292054401429 -0.6316246236995077 -0.6423472130809359 -0.6625586840415106 -0.6911067777642643 -0.7265326012201256 -0.7670477023187064 -0.8106192928837574 -0.8550498285140287 -0.8980453341942172 -0.9372699748662339 -0.9703867695173563 -0.9950858785889276 -1.0091026410550252 -1.0119515319037606 -1.0127758883475573 -1.0132298409058729 -1.0133089452060666 -1.0133089452060666 -1.0133089452060666
-1.6432084286182538 -1.5233751326615974 -1.3270136974177682 -1.1812888891489162 -1.0853500291047102 -1.0269930911996537 -0.9924281563458979 -0.9713529117220169 -0.9570210905637644 -0.9426442247068191 -0.9147976848218665 -0.8722590607845987 -0.8211126578949423 -0.7660120622987886 -0.7101160705550698 -0.6584563079405141 -0.6138909960250873 -0.5791176016723747 -0.5560985907811127 -0.542365386538059 -0.5264416239949599 -0.5034091771739098 -0.4905556822315181 -0.4911717093112138 -0.5045974925167585 -0.5296844738371934 -0.5651763608143658 -0.6093469428370721 -0.6601126419176302 -0.7151443840841235 -0.7719670444054029 -0.8280402228091776 -0.8808186824153879 -0.9277939199849058 -0.9665200182718013 -0.9946274521664871 -1.0098283040680118 -1.0123966117674235 -1.013060357066615 -1.0133080766853453 -1.0133089452060666 -1.0133089452060666
-1.6953498181721653 -1.6296866658841007 -1.4779053118079357 -1.3416727384100522 -1.2373968349987086 -1.1626497186734561 -1.1101462498335 -1.072772846667513 -1.043512069913335 -1.0059409118650406 -0.9555147459120402 -0.892341376875102 -0.8202426346812496 -0.746030252697852 -0.6714114028900443 -0.5994686016450701 -0.5351355279239276 -0.481319059030926 -0.44095258506842044 -0.41271013704230697 -0.383487717691702 -0.3518879898128757 -0.33466115631132665 -0.33372840802168313 -0.34888258235131897 -0.37935399799877356 -0.42253995323423643 -0.47629907668488536 -0.5381756548518729 -0.6054804328658154 -0.6754138041761419 -0.745159159031399 -0.8119469164878004 -0.8730935878507057 -0.9260217170602512 -0.9682664307947981 -0.9974733900690216 -1.0113917498108838 -1.0128322364159599 -1.0132628262564365 -1.0133089452060666 -1.0133089452060666
-1.6522442053824995 -1.626010686278525 -1.5377754787750466 -1.4340310949645159 -1.3400853392145708 -1.2633027127536405 -1.203124715462739 -1.1562649421038027 -1.1081497385613313 -1.049640696523137 -0.9816804207815818 -0.9034463097029486 -0.8151675839907648 -0.7237163355040553 -0.6320718256241085 -0.5419547885606706 -0.45758161529443886 -0.3842104401922092 -0.32512251478777765 -0.2810147426669056 -0.2363971395832548 -0.19646413082108916 -0.17389600522387505 -0.16950493123910104 -0.18365143406527706 -0.21598600561531267 -0.2653974745342893 -0.3295533261623358 -0.4035514894502081 -0.48405026664755535 -0.5678745648075814 -0.651904279733674 -0.7331369666940777 -0.8087187289201537 -0.8759531625824047 -0.9322967122480084 -0.9753466252630747 -1.0028256520439283 -1.0125766798188278 -1.0131689716593792 -1.0133089452060666 -1.0133089452060666
-1.6060461308416363 -1.6021788476188459 -1.551864770343915 -1.477927680551259 -1.400336100991947 -1.3295230289386182 -1.2690857042952681 -1.2139827836469266 -1.1515166955300293 -1.0806262847366492 -1.000058536944788 -0.908946542992482 -0.8069292670453582 -0.6994214389842248 -0.5914641744189306 -0.4847842131469406 -0.3817294807978607 -0.2883538039338118 -0.2097679796552141 -0.14773671645418562 -0.08658953309158102 -0.03810708793482809 -0.009086873913355276 -0.0010439107577874251 -0.014539097045726646 -0.04893479491077901 -0.10264800273194163 -0.17345888777466 -0.2587983319888931 -0.3535197523698048 -0.4520598353109584 -0.5509757510477379 -0.6470354577558763 -0.737231524500366 -0.8187721404467192 -0.8890605681307187 -0.9456702807861364 -0.9863199450245188 -1.0088503545268446 -1.0130521868609235 -1.013238198801606 -1.0125391209503363
-1.5661533913739876 -1.576534603434594 -1.546105430680246 -1.4909282719555619 -1.4272016576290503 -1.3651162999937916 -1.3090765386647605 -1.2494097898653505 -1.1802416846133963 -1.1009901885327922 -1.0108650260238543 -0.9092212654903966 -0.7957478561358131 -0.6738858725881547 -0.5506397320142096 -0.42788642425964407 -0.3079771753595516 -0.19475366489159873 -0.09586751694671891 -0.013457249697894968 0.06368868431543406 0.12258034816572416 0.15911581006878528 0.17093998447804304 0.15754346636398897 0.12006019423631364 0.06077399902737968 -0.01734864469327535 -0.11105253072815746 -0.21709310791663605 -0.3309558494443877 -0.4453031358982695 -0.556468929795317 -0.6613266173946104 -0.7570263785992354 -0.8409538435437032 -0.9106901182080023 -0.9639763317894585 -0.9986836386352413 -1.0122706752061508 -1.0112977094224787 -1.0091219470672708
-1.5375088155366368 -1.5572924606931242 -1.5346422889185714 -1.488127757717256 -1.4324451030846896 -1.377730575401991 -1.3275007535550762 -1.26738719842886 -1.1955294408390171 -1.1115354397574393 -1.014947846588405 -0.9053147445379418 -0.7824043472658565 -0.6484151377794041 -0.5112228783834547 -0.3731476757571747 -0.236633843907876 -0.10490426577387846 0.015068474477653138 0.12052279592306991 0.21316882024694772 0.28475905007313673 0.3300280745799784 0.34569297934229204 0.3315201452119527 0.2895271688564265 0.2230185598314598 0.13597599988733333 0.03253128172607689 -0.08341254499872619 -0.20837373087668243 -0.33807216854942446 -0.46445059836197433 -0.5838238580537618 -0.6933373965794016 -0.7904048117786425 -0.8726520007643861 -0.9378321075101536 -0.9829255138316401 -1.0057639968856262 -1.0069006689204385 -1.0031991754480516
-1.5208906317249413 -1.5429113949166022 -1.5156892024123987 -1.471573080161256 -1.4231939895199686 -1.3806733918218446 -1.3330069977024026 -1.2720493255879577 -1.1992103923599817 -1.1136421715433222 -1.0132927283935513 -0.8981520434120178 -0.768150230629147 -0.6246542400993382 -0.47541521540334825 -0.3230832978213559 -0.1703369624786114 -0.020579253754999027 0.12085909266849337 0.24941372285727015 0.35998255605682816 0.4470956184733743 0.5029816316368936 0.5222633845953051 0.5059646086448111 0.45754120237035045 0.381694219301 0.2838001937212695 0.16910229839237267 0.04223538814369354 -0.09291451250540816 -0.23316205064137185 -0.37417030865143913 -0.5076443613598576 -0.6303694602827303 -0.7398405481487911 -0.8336850233785932 -0.9085951740751711 -0.9624020801331916 -0.9934857239095682 -1.000323655111754 -0.9950300892785915
-1.502541126554195 -1.511878578417148 -1.477448739041235 -1.4386301851758825 -1.4038664438772466 -1.3729262609717865 -1.326787709525407 -1.263674463622866 -1.1858803143267695 -1.0950851911314807 -0.9917568516562018 -0.8732082270737468 -0.7390098911331595 -0.5900867173968014 -0.43401189269143836 -0.27312795530915657 -0.10896005686931232 0.05621251701902685 0.21890567321567178 0.3692344316107563 0.5008973820175491 0.607011468513742 0.6771790274791718 0.6988207179183932 0.6788512215455245 0.6214948702827694 0.5336007936855212 0.4226012289165024 0.2951165342750468 0.156500991718435 0.01091266253846035 -0.13844188338072583 -0.28905694503731594 -0.4357623162472871 -0.5707789824802749 -0.6915836452101602 -0.7946991151475925 -0.8777565390353349 -0.9391342267686458 -0.9773027811595378 -0.9908048243657952 -0.9848887604061238
-1.3908573724230733 -1.4223517278666913 -1.4109174804703986 -1.3899078489142076 -1.3675531899828501 -1.3410950076133763 -1.2946920825195134 -1.229904455525929 -1.149135674735142 -1.0542534753055675 -0.9466431085235533 -0.8267025101188309 -0.6909479027315474 -0.5393683259981688 -0.3792179524283268 -0.21244539571664978 -0.03990082773153436 0.13632876155085483 0.3093497642411531 0.4771135967188276 0.6316032657721169 0.7598142862143644 0.8440851724023177 0.8727128082751872 0.84769428706072 0.7777782213763562 0.6742926034948065 0.5477171458436605 0.4061612599011377 0.25545393581606257 0.09972638349276153 -0.058037186439038435 -0.21560054875496848 -0.3711248252975925 -0.5171393776417237 -0.6468852521851106 -0.7575034780559247 -0.8473823155639952 -0.9150094964005087 -0.9589500803624122 -0.9778307209465442 -0.9730676966713571
-1.280704471913076 -1.3181431401258794 -1.32359427831068 -1.3162636853954097 -1.3048631384234184 -1.2831537470333072 -1.2385035859339228 -1.1739884844467925 -1.0923002936961554 -0.9955782067815697 -0.8854140801159353 -0.7628781524815055 -0.6277468608096074 -0.47652190023786595 -0.3153276365934041 -0.1453378667674765 0.03316280525223081 0.21350895090115185 0.39684600884930354 0.5806684574831193 0.7550531736712103 0.9053190535513429 1.0094748072055486 1.0444936185293987 1.0095576466308835 0.9208648456897262 0.7972825147306464 0.6529289266698224 0.49683983430263146 0.3346361940741016 0.16992685548991449 0.005169677233335834 -0.15784049106006848 -0.3176981476938252 -0.47119815744930604 -0.6076386483719135 -0.7241835551816 -0.8193521233030902 -0.8917384752763026 -0.939996960405157 -0.9628324987416039 -0.9598823219904149
