_RESULTS/CROSS_VALIDATION_POSTPROCESSED_CLR/Berg/TZ/4comp/5/Berg_TZ_z_63_kriged_reverse_4comp_spherical_5.asc
ncols 100
nrows 90
xllcorner 5.6208707817415728
yllcorner 50.959635321741573
cellsize 0.00013419651685393446
nodata_value 1.7014100000000001E+038
[rows 38 to 56 of 90, columns 0 to 41 of 100]
-1.4364002135649856 -1.4600889890359947 -1.481547752967862 -1.500143993095433 -1.515226470144285 -1.5261008618830063 -1.5339777819453553 -1.5391786593916041 -1.5410916957797496 -1.539587145606961 -1.535096849298518 -1.5284495411080208 -1.5208821284562333 -1.513710457456602 -1.5081576307802893 -1.5052784867885518 -1.504703979833419 -1.506132892327519 -1.5099618090989166 -1.5164963359887365 -1.5259729134741313 -1.538574696490215 -1.5544678411210127 -1.5755916474999996 -1.572090212184486 -1.5503134827432186 -1.5373012947161246 -1.5294451830601594 -1.5249226470319024 -1.5228524602629476 -1.522560935213057 -1.5236567573899547 -1.5259943154119167 -1.5362580864109032 -1.5537495825364807 -1.5776133069944502 -1.5933741571705324 -1.586201211142503 -1.5570917972280183 -1.5075906271501593 -1.4380559977157275 -1.3489986160773824
-1.4743993727209292 -1.5007671560680302 -1.5251262360370288 -1.546562658341422 -1.5643665166302911 -1.5776941317664466 -1.587395136792635 -1.593474693976843 -1.594909295785955 -1.5913761563361621 -1.583417373332125 -1.5723128720145865 -1.5597816598300445 -1.547486879216763 -1.5368514385922154 -1.529024836284624 -1.5247325188538277 -1.5229164267866762 -1.5235110023788252 -1.5267164304445529 -1.5325729806728796 -1.5414464273538355 -1.554940652984886 -1.5678774734828294 -1.5681254383910408 -1.5590191724619535 -1.552487399112352 -1.5499111833630854 -1.5494238761627552 -1.550575409636549 -1.5529968165055126 -1.5560417963726194 -1.5590975377465879 -1.5626232582096022 -1.575713536946052 -1.5954139646202876 -1.6126752217134637 -1.6088776199312833 -1.5837378423059933 -1.5374877240700249 -1.4704496932043831 -1.3832570600343277
-1.5124507574283537 -1.5412863933301664 -1.5681718680291477 -1.5924566143093206 -1.6131978557163285 -1.6294344903983216 -1.641449180228551 -1.6488703815935208 -1.649893537921267 -1.6437699585474754 -1.6313076898510535 -1.614630648889797 -1.5961836283706905 -1.5780501934082225 -1.5618127487152191 -1.5486289377490814 -1.539341075101986 -1.5337671573839684 -1.5305436418513996 -1.5296180867811888 -1.5320100880250387 -1.5400154900299712 -1.5510824595441022 -1.5604976157507013 -1.5644357020483495 -1.5651369128543808 -1.5668570616493183 -1.5712674786013632 -1.5763276743081374 -1.5820721131777393 -1.5880498646099959 -1.593689421274426 -1.5984500970618702 -1.6018789747459032 -1.604433940730961 -1.6143127668676214 -1.6320517093326754 -1.634973596166493 -1.6159204755873575 -1.5751162948610513 -1.5127972968148233 -1.4295397868088109
-1.5496548783127555 -1.5806696273954028 -1.6096923853209686 -1.636324434069636 -1.6599991602584119 -1.6795996344558173 -1.6946997935012553 -1.704432578773595 -1.7054524191245561 -1.69595614335678 -1.6774883491447832 -1.653828578940411 -1.6285091836238235 -1.6039949984653161 -1.5818790208484534 -1.563197501588027 -1.5486373147535555 -1.5385470527488985 -1.531279483958338 -1.5274683999936485 -1.5303102337741015 -1.5381934348601418 -1.5485508946902007 -1.5582583298634276 -1.5665993037219297 -1.5741685669861818 -1.5832632087502807 -1.5948307565383328 -1.606373721570554 -1.6174148115996334 -1.6275501402549266 -1.6362683844369725 -1.6431003585575987 -1.6476907126998754 -1.6501648381880973 -1.6527978057755073 -1.6615766879451503 -1.6666065986621657 -1.6522561359919377 -1.617650674485644 -1.5619053320010121 -1.4843895508904887
-1.5851384081142088 -1.617839745217447 -1.6484220981722655 -1.6767529555921188 -1.7026595283132435 -1.725621145600722 -1.7447883403508335 -1.7586993080588411 -1.7609932906392012 -1.7467651567449374 -1.7198336880835141 -1.6875688895155614 -1.6547209724814165 -1.623722877494521 -1.5958710551684994 -1.571920938762537 -1.5523334731605836 -1.5373694378183038 -1.5272873703921548 -1.5246687554828409 -1.528640724201584 -1.537401303448987 -1.5487942398528234 -1.5608003735464182 -1.5738830582040377 -1.5877579005658415 -1.6034862761508926 -1.6220334095299003 -1.6401870849809503 -1.6568581256469017 -1.671509870296187 -1.6835958071438453 -1.6926818693076187 -1.6987570296633594 -1.7042843590282386 -1.7096334697007887 -1.7145084746392827 -1.7182906332489267 -1.7072502778129408 -1.6771470399264903 -1.6266360203368806 -1.554163384752381
-1.6181243849373674 -1.651794193192786 -1.6829950246688261 -1.7119312253057806 -1.7389198464873972 -1.7641298438712016 -1.7873919983451794 -1.8082425511182199 -1.8158882880040448 -1.7934216461042387 -1.7541157269703522 -1.712336278416387 -1.6723348756689873 -1.6355600648608388 -1.6026972400046717 -1.5741407125817 -1.5501239636552513 -1.5311503751110147 -1.522067564908703 -1.5213887425607537 -1.527234147402321 -1.53795176316033 -1.5517310494935053 -1.5672445997128122 -1.5854756226836157 -1.605917584114797 -1.6283690227506118 -1.6535011128949146 -1.6782251466138671 -1.7006860603829723 -1.7200312567794236 -1.7355912590809601 -1.7469692282418814 -1.756465552717515 -1.7652180693503228 -1.7730680803471186 -1.7800249738870506 -1.7861461843874045 -1.7826200320601284 -1.7590718623125774 -1.7167043070712582 -1.6513286770971
-1.648014317340214 -1.6817261167400253 -1.7122323283391998 -1.7401149906056852 -1.766164975762957 -1.791134925411104 -1.8156380350264405 -1.8417382961673243 -1.8685068234474023 -1.8242368279221117 -1.772378551240537 -1.7238245541209145 -1.6790041586748758 -1.6382108035300735 -1.6016742314225976 -1.569566976057372 -1.5419991263946262 -1.5228040408576278 -1.5155607333918957 -1.5174242688364579 -1.5259248327586248 -1.5395901912368661 -1.5569275747352247 -1.5770598029982006 -1.6010201825834813 -1.6280053528852791 -1.6574547855374666 -1.6893817988930637 -1.720785802159978 -1.7491568661976034 -1.773247663559146 -1.792240355584593 -1.8071607880859082 -1.8203997418864637 -1.831768286340457 -1.8413531807666572 -1.849503580253037 -1.856718878229941 -1.8628886823719388 -1.8546368378401636 -1.826955420668553 -1.7734989723295294
-1.6744590238266386 -1.7071255747115837 -1.7353110240957692 -1.7600905291116091 -1.7826363301955395 -1.8037580970366138 -1.823568338862575 -1.8410304890240612 -1.8465293546235872 -1.8157619918426346 -1.7681468164630174 -1.7197230227298317 -1.6737852063427128 -1.6313160652151468 -1.5927643733290586 -1.558386146613054 -1.5295979706021483 -1.5126767013798854 -1.5077734989284455 -1.5128229430759161 -1.524780273734342 -1.5423383915148783 -1.5641828932281723 -1.5896491723901458 -1.6197778937998815 -1.6535904911719421 -1.6900455269746493 -1.729242825249149 -1.7682378231415352 -1.8024867717408593 -1.8312680373666286 -1.8539983048839983 -1.8734419817769852 -1.8897730903313446 -1.902861701930686 -1.913043947672693 -1.9210027770184008 -1.9276173530474796 -1.933822437855198 -1.9381768710992002 -1.9283632697638098 -1.900645171609861
-1.697391307324676 -1.7277786154931176 -1.7517446284770193 -1.7713031376876929 -1.7880496453104318 -1.8025215117280613 -1.8138748236681352 -1.8187655203361546 -1.8113655007448328 -1.785582355426905 -1.7463153217497953 -1.7022204118801658 -1.6580521343278576 -1.615939533630819 -1.5769098194553277 -1.5415205959173064 -1.5148794637301144 -1.5009808786944714 -1.4991376878930813 -1.5078647387076536 -1.5239101825749009 -1.5459773242722303 -1.5729152701477533 -1.6041377500655432 -1.6408362780095698 -1.6820715580185774 -1.726760872304645 -1.7742150307488633 -1.8200123098829106 -1.860576242838299 -1.8940785133046063 -1.921786049882804 -1.9453176375071233 -1.9639277492556002 -1.977597938269262 -1.986946536892075 -1.993001935472527 -1.9969250524510334 -1.9997166291041113 -2.00178731953209 -1.998254497553102 -1.9693529005196821
-1.7170062485891566 -1.7435288134579616 -1.7609714721238872 -1.773469927528603 -1.7831357006100004 -1.7901889637390949 -1.793242759033904 -1.7893378120381516 -1.7751822433603102 -1.7499261259251155 -1.7152965118487487 -1.6755161492243915 -1.6342193446861009 -1.5937183787401366 -1.5553817748293743 -1.5209802256309426 -1.4980424078336312 -1.4877226542360324 -1.4894786851215087 -1.5022307546014713 -1.5227773701698943 -1.5497922251698353 -1.582279757512935 -1.6196321576462354 -1.6631494562834739 -1.7120796969678262 -1.7653322070446382 -1.8211108594594818 -1.8742361547821544 -1.9217132822576086 -1.961450571545682 -1.995204983591758 -2.0223690710254685 -2.0423301006539525 -2.055233493318645 -2.0621075404943605 -2.06444997936373 -2.0637526522386787 -2.061050519711727 -2.056387221505255 -2.0478581618432163 -2.0266652107115433
-1.7336978202899398 -1.7532812438270382 -1.7613545132460542 -1.7659808658727347 -1.7687501288127279 -1.7691235543192054 -1.7655847493067696 -1.755957572265394 -1.7380712949623582 -1.7122482208979128 -1.6799391559785264 -1.6433375908389487 -1.6048621675365318 -1.5664608824404642 -1.529517303174589 -1.498124488151824 -1.4792495986576137 -1.4728671917282854 -1.4785806081788189 -1.4955889816603527 -1.5208450529506106 -1.5530265215486319 -1.5912903817921298 -1.6349692485641238 -1.6853855572424625 -1.7420679867055888 -1.8037960402065611 -1.8679780433551163 -1.9292141177265316 -1.9844243390287257 -2.032029424755735 -2.07265871860618 -2.1038636740220076 -2.1244788563456103 -2.135069903839913 -2.1376220506278076 -2.134457275793556 -2.127629589485302 -2.11846956435027 -2.1072533790205017 -2.0920530278475296 -2.0697687049231797
-1.7479770706174664 -1.7503558217528035 -1.7491504488101182 -1.7477217465444488 -1.7452876495269984 -1.7407274538095128 -1.7326320351919766 -1.7194528989011562 -1.6998901663362487 -1.6736297063979908 -1.6425649888868012 -1.6082193014169681 -1.5721799303166735 -1.535945559932028 -1.5007762746097921 -1.4735300150909705 -1.4588219393145507 -1.456514649321365 -1.466337033737363 -1.4876685210617582 -1.517619362789534 -1.554948301084012 -1.598961522772368 -1.648971436797365 -1.706102517035894 -1.7703961546917986 -1.8406055284370224 -1.9131335191894507 -1.983137423978305 -2.0472542568991416 -2.10451618219071 -2.152788521487893 -2.18804110847351 -2.208520124956464 -2.215402614396319 -2.2118930695974806 -2.2016407365827337 -2.1876239682003416 -2.171722322484685 -2.1542851699619847 -2.1334843967166206 -2.1083864023382914
-1.7096880988103962 -1.72127375715431 -1.721216203995847 -1.7182784554931678 -1.713392497586975 -1.7060492472089503 -1.6953379963361221 -1.6802802371897476 -1.6601253470981971 -1.6346305666440095 -1.6044885783795082 -1.571848701659332 -1.537888545148942 -1.5037370495404245 -1.4709331200350526 -1.4478473457353156 -1.4371848563129297 -1.4388786343669984 -1.4527542984826605 -1.4782809699194448 -1.5126855886877004 -1.5548982324174363 -1.6043669163276912 -1.6605095990322654 -1.7238901211840778 -1.795371356800699 -1.8737022002874455 -1.9543634560854117 -2.033665440953565 -2.108292751111745 -2.177187171149375 -2.2348040027287235 -2.274427884916981 -2.2930822370429707 -2.2934068315726694 -2.281262960560137 -2.2622941293927106 -2.240454712885229 -2.2178635641122044 -2.1940683982537537 -2.1687748743820583 -2.141657889721952
-1.661311126008309 -1.6766227759657806 -1.6810385347097367 -1.679630119727542 -1.674576042234981 -1.6663144147618922 -1.6545885045944004 -1.6389470427106727 -1.6190431670216086 -1.594839401918092 -1.5666162210900658 -1.5354608289355616 -1.5033402989226978 -1.471169735187278 -1.4410562773419628 -1.4217547639932728 -1.4148376624991112 -1.4202741545333364 -1.4379573738712006 -1.4673421666343929 -1.5057449227376911 -1.552340446642868 -1.6067035618524155 -1.6683920432005381 -1.7374211268420785 -1.8152650324782307 -1.900497622726433 -1.9887118575853096 -2.077424577001813 -2.16397712242644 -2.247060827542785 -2.3174460814010627 -2.3627357018896893 -2.376773103289437 -2.366098067545664 -2.3419977641816745 -2.3126769875962436 -2.2825474552220353 -2.2525526382574528 -2.223082807993836 -2.1942475246296924 -2.1658969943110606
-1.612866289403518 -1.6281444701466818 -1.6348317627586937 -1.6352254823802146 -1.6310329490668598 -1.6230321123205091 -1.6114137161890616 -1.5961260057264135 -1.5771214643830773 -1.5545188038805389 -1.5286502799794242 -1.499997755068029 -1.4696592679939764 -1.439395548734575 -1.4119511334536443 -1.3959501215747296 -1.3923450102804815 -1.401116715604064 -1.4222001529916417 -1.4548956670658233 -1.4966523277566806 -1.5469168984135664 -1.6053653424133212 -1.67167276817824 -1.745566961642768 -1.8284559087258672 -1.9184530229860544 -2.0127016428962623 -2.109696223306428 -2.208260265108037 -2.3080123272803865 -2.3976676913173076 -2.452715079893229 -2.4560572803452194 -2.4273151777810047 -2.3882482008890413 -2.3480909170000066 -2.3092549166688467 -2.272673972466909 -2.2386776194769107 -2.207266324170109 -2.1783505715237
-1.5651170435333195 -1.5792501129475995 -1.5866004650574363 -1.5881642925569404 -1.5849939853993547 -1.5777980289170501 -1.5669469092426245 -1.5526229931238116 -1.5349752748915675 -1.5142350168367493 -1.4907778910596443 -1.4650340703321723 -1.437630656471756 -1.4094385577425994 -1.384414353176697 -1.371163088859718 -1.3703426850121305 -1.3819292638961307 -1.4058784015369898 -1.441136202199358 -1.485452960393907 -1.5385017102938867 -1.6000231340002147 -1.6697675322692964 -1.7474981251503385 -1.8331813569775082 -1.9253431849682388 -2.022904612759687 -2.1250150672803465 -2.232197953547055 -2.3469191344541906 -2.4636445589852154 -2.544060470068657 -2.5181101506887784 -2.4644236476828905 -2.411405021163806 -2.3619316060462463 -2.316621722795766 -2.2755362688480467 -2.2385699005098676 -2.2056082924180496 -2.176612599136372
-1.5187696943816955 -1.5313600557639147 -1.5385198658668107 -1.5406425537554806 -1.538320022906934 -1.5320811855237615 -1.5223134084304117 -1.509300135657876 -1.4932972574188594 -1.474603705150563 -1.453607106748841 -1.4307648738649748 -1.4065559886711063 -1.3816522625691439 -1.3592567259492971 -1.3481737060264563 -1.3495490654687428 -1.3633516596227677 -1.3895396472952137 -1.4264291221711807 -1.4724117026275556 -1.5272469095556804 -1.590696945937023 -1.6625311989983835 -1.7425039564555083 -1.8283429384996617 -1.9198596250926478 -2.0170475666965997 -2.1191524391121623 -2.2270691009837673 -2.3439402000185954 -2.4673070930436163 -2.5645092876765134 -2.5197254826057804 -2.4590502306366155 -2.402006558874077 -2.349688095127345 -2.302193093363267 -2.2594468042891696 -2.2213572186158634 -2.187883120026191 -2.1590810635363122
-1.4744786356366841 -1.4853818916832124 -1.4919077737773612 -1.4941592850653413 -1.4924458022136906 -1.487129734886266 -1.478548765475555 -1.4670070527863102 -1.4528030040955155 -1.4362650990959764 -1.4177790405776256 -1.397799632308986 -1.376765941727561 -1.3552087709589236 -1.335913648615654 -1.327459521978838 -1.3307709506231205 -1.3461475666353149 -1.3737349032890733 -1.411321113875491 -1.458029298793528 -1.5136087303489116 -1.5778002504295778 -1.6503347204724828 -1.7299254699303719 -1.81396414641568 -1.9021274075455457 -1.995126270683627 -2.0917926152942097 -2.191686672014889 -2.2950421536421466 -2.391079597646925 -2.449727135349103 -2.4451192923057006 -2.4062119616611457 -2.358660776900806 -2.310931255611421 -2.26578961727518 -2.2242890027071196 -2.18689480114302 -2.1538630355547013 -2.1253897082518147
-1.4328537004869382 -1.4420303667402998 -1.4476891938418444 -1.449788864468383 -1.4484712863900753 -1.443973177487661 -1.4365671709413461 -1.426539257499432 -1.4141915522635462 -1.3998553322494316 -1.3839029558588851 -1.3667532593416238 -1.3488596992835638 -1.33063263715244 -1.3141092565722983 -1.307908869458564 -1.3133694875376958 -1.3305861757542936 -1.3589803907306175 -1.3965361958055413 -1.4430402327561755 -1.4983463741395167 -1.5621411909046121 -1.6336181744737588 -1.71009867805149 -1.7904828031661681 -1.873782274569519 -1.9595963157590068 -2.047041431975756 -2.1339187328456366 -2.2186834825882267 -2.2908371404932018 -2.3349947482590503 -2.3427231764848777 -2.3226502322797016 -2.2885951369889757 -2.24944875673358 -2.2097188094431823 -2.1716445953748256 -2.13638797995936 -2.1045829351675076 -2.076573673514225
