_RESULTS/CROSS_VALIDATION_POSTPROCESSED_CLR/Berg/TZ/4comp/5/Berg_TZ_z_710_kriged_reverse_4comp_spherical_5.asc
ncols 100
nrows 90
xllcorner 5.6208707817415728
yllcorner 50.959635321741573
cellsize 0.00013419651685393446
nodata_value 1.7014100000000001E+038
[rows 57 to 75 of 90, columns 0 to 41 of 100]
-2.368018206635493 -2.356955706140479 -2.3594942368846676 -2.375297163620727 -2.4033739471870113 -2.442320952643002 -2.490517879878098 -2.546244189055838 -2.6077221745656 -2.6731127019659793 -2.7404904241425414 -2.8078185737513195 -2.8729383483683124 -2.9335143636281664 -2.9855405881670505 -3.0113994895233 -3.0059960661631866 -2.9689710240788836 -2.9072366793257065 -2.825757182434065 -2.7252394702792926 -2.60642368720578 -2.470787098472769 -2.324475046717125 -2.1704565264330613 -2.011047908885902 -1.849039993146351 -1.6879950825415353 -1.531026894446959 -1.3831264678023467 -1.2468157481627054 -1.1364261821679689 -1.0682743204026988 -1.049728775112631 -1.0734241906866373 -1.1249513060629805 -1.1912285052546627 -1.263264738624643 -1.3354730090845555 -1.4044708633488967 -1.4682450405033425 -1.5257094596428042
-2.5009315770137923 -2.494355981905362 -2.4989266120061937 -2.5145367632418463 -2.5405323254585057 -2.5758580792221064 -2.6191920195522216 -2.669040800736156 -2.723747126338993 -2.781489973631003 -2.840612139741471 -2.8992683829384385 -2.9553615759435723 -3.006535741970064 -3.0498996245940306 -3.0698595811693186 -3.0582616449906195 -3.0170923666368337 -2.954831347704937 -2.8731570577131778 -2.7729666137246363 -2.6558222588015132 -2.5272509807799164 -2.3900087641517036 -2.246367814481827 -2.0989529920573817 -1.9509304631816482 -1.8062871941522893 -1.6701605296874698 -1.5471687173605724 -1.437500156276557 -1.3493494834458586 -1.2923961287829298 -1.2709560151919461 -1.281623176879155 -1.3165212208193349 -1.3669986287057694 -1.4258134525270123 -1.4876930961516641 -1.549069382901062 -1.607678123888018 -1.6624267177909806
-2.6197255419649252 -2.6175245598094476 -2.6243173445692114 -2.640131795783163 -2.6645266744475675 -2.6959671855382865 -2.7332668123831994 -2.775626477093021 -2.8220184229227887 -2.8711994411765582 -2.921704029612415 -2.9718181990138492 -3.019527999966922 -3.0624427920004313 -3.097782515268271 -3.1146913533838108 -3.0996716956573946 -3.059382609911456 -2.9979568866519988 -2.917381157010287 -2.8199955886897667 -2.710581959396149 -2.591362733916511 -2.464522782000115 -2.3325010943353774 -2.1981056057021666 -2.064663266415811 -1.9362073389804724 -1.8176755992209543 -1.714985709675437 -1.6274262735642289 -1.5568045192917257 -1.5094988036321182 -1.4885197249689237 -1.4922543135383919 -1.5161263181566142 -1.5545461879662537 -1.6021384951683708 -1.6544872849864438 -1.708304802204519 -1.761490260481319 -1.8129381858355027
-2.722711406033172 -2.7247400862566793 -2.733765011104177 -2.748406285311854 -2.7682909169893817 -2.7934506752905697 -2.823596701094552 -2.8581624971883492 -2.896333131690839 -2.9370595828838972 -2.9790587396425585 -3.0207952303445587 -3.0604240432298133 -3.0956251987781864 -3.123243179764746 -3.1364658834639783 -3.1227190508031737 -3.087120945094455 -3.031059157084974 -2.9575468050890343 -2.8691471936937973 -2.7692509663717555 -2.6604010211984925 -2.5448607433729284 -2.4251506791654744 -2.30413479298168 -2.185074628326044 -2.071814913923837 -1.968918468317639 -1.8813644177639364 -1.8112291971863685 -1.7554975313584595 -1.7172200628280438 -1.698739693219633 -1.6993904526150592 -1.7163821537235409 -1.7461284854868295 -1.7847896093226179 -1.828900562020349 -1.8758259726196234 -1.9236435620650565 -1.9710944213907555
-2.8083024507220578 -2.8131412515517993 -2.8205507239897276 -2.8313677260915058 -2.846152593678666 -2.865131932288449 -2.8882285025198717 -2.915088080417108 -2.945099200188262 -2.9774050041116604 -3.010908418320395 -3.0442709082329564 -3.075895571029149 -3.1038295911801144 -3.125054992921404 -3.1342287828092052 -3.124614262017766 -3.0959148404837427 -3.0508972621111106 -2.9906769082878824 -2.916393232715601 -2.8292467479315966 -2.7310559810708956 -2.625730572945006 -2.5165026711368834 -2.40670924040614 -2.2999173857104864 -2.1999414601381533 -2.1108089147907476 -2.036625644381176 -1.980561462760121 -1.9383885455902647 -1.9107166619103173 -1.8978268869348978 -1.8986483668518968 -1.9117528686522618 -1.9355675128776673 -1.9674482693785427 -2.004927932716843 -2.0457831940651072 -2.088267275924445 -2.131166772736143
-2.878067421754507 -2.877921357690144 -2.8809065693727076 -2.8873972467753837 -2.897046218897806 -2.909844684194439 -2.9259033928186984 -2.945062688730636 -2.9669010525146047 -2.99073923208622 -3.0156418740443076 -3.0404196016746923 -3.063633847697132 -3.0836007428391494 -3.099561554714019 -3.108391852675157 -3.1072982001735787 -3.0908676829828186 -3.0593062809981504 -3.013554441827012 -2.952934684131572 -2.8780950053208483 -2.791155133544684 -2.6947632419642673 -2.594925146492485 -2.495617557196324 -2.4002490311091096 -2.312320876059306 -2.2353521105215433 -2.1727318310289903 -2.1274805298893695 -2.097672938121538 -2.079607868197317 -2.0741366903794307 -2.080384202923786 -2.0957337669578093 -2.117846865179562 -2.1450418996091423 -2.1772229415014452 -2.2127013307313073 -2.249990170790724 -2.2879476264025667
-2.931551604689001 -2.9256234716867513 -2.9219069681873657 -2.9209090292529085 -2.9229334471844495 -2.9280929806280627 -2.9363215465823402 -2.9473825534232434 -2.960870876244693 -2.9762077578158634 -2.992628868124761 -3.0091632820153515 -3.0245862887467196 -3.0382447522277807 -3.0526267929886965 -3.064684231531991 -3.0738250340997677 -3.0721414544590293 -3.0542856750154304 -3.0192477539969884 -2.968979863577082 -2.9055438026215232 -2.8310579460597727 -2.7477017353437065 -2.658058347105205 -2.56860801289929 -2.48376350932488 -2.4067291413162635 -2.340585684313443 -2.2881529500489126 -2.251803410537272 -2.2324234740763256 -2.22419000111272 -2.2262045353257296 -2.2377676506786006 -2.2571845071422034 -2.2824991161529757 -2.311312029069409 -2.340934201634844 -2.371678613111636 -2.4039667584509092 -2.4367401704043536
-2.9688215961382607 -2.956970449935488 -2.9464545843934657 -2.9378902233158573 -2.9317292510562596 -2.928263212155229 -2.927624352114392 -2.9297802424644437 -2.934519770788284 -2.941429819257085 -2.9498624422559407 -2.958888953841237 -2.9687787486539454 -2.981917359130421 -2.9970018237995273 -3.012283043391868 -3.027040702261292 -3.036213069057907 -3.027988814289787 -3.003035334573932 -2.9635212864405323 -2.911577848156602 -2.849366651882754 -2.779100773632007 -2.703038245952863 -2.623876208497244 -2.548646244567857 -2.481466260554038 -2.425056133649444 -2.3817935496847817 -2.3535715160969226 -2.3416487207818224 -2.3436073200976786 -2.3541004724979273 -2.3722429654453494 -2.3966274994888677 -2.425625177214269 -2.457211744966851 -2.4891528380013295 -2.5191619399515934 -2.546613338159561 -2.574007864341843
-2.9900305564110172 -2.9721179347978834 -2.954681658634326 -2.938437832008262 -2.923976201533341 -2.9117593462657982 -2.9021154972591097 -2.895221143036004 -2.8910709908556886 -2.889435195996413 -2.889900462437175 -2.8944928113105672 -2.9040324708787284 -2.9177959460846115 -2.934657347211324 -2.953147404127857 -2.968066499247227 -2.9782386304332658 -2.9797563901071666 -2.9652706709492107 -2.936728266088204 -2.8962902282102445 -2.846144867250581 -2.7885145619685034 -2.7256348663859056 -2.6597106589428545 -2.593891219959503 -2.53563855125508 -2.4880785202026736 -2.453238419188677 -2.4326296009812696 -2.42714759029666 -2.4369141913137518 -2.4566116769869293 -2.4823299600053277 -2.51286290134089 -2.5467671972301886 -2.5822476004943775 -2.6172950454489037 -2.6498074435830965 -2.677681145591019 -2.7001256579132606
-2.995387733079333 -2.971290533680148 -2.946805245565323 -2.922738680822201 -2.8998105674461345 -2.878651612613789 -2.8597917021850994 -2.8436329996291025 -2.8304089504126853 -2.8216918791138523 -2.8190316806936186 -2.822616020833077 -2.83221413278624 -2.8471687114581123 -2.8662478592079967 -2.883311315630034 -2.896151753989784 -2.905040797701232 -2.91035772201545 -2.9064910261266554 -2.888924378002525 -2.8598079660231877 -2.821344529449556 -2.7757734699375356 -2.7253311560637865 -2.6721888870287662 -2.6183720398687185 -2.5683284937371695 -2.5288742837092193 -2.5018680503947492 -2.4885121076195884 -2.4893968417783263 -2.504466276064438 -2.5324922811675306 -2.566645394530899 -2.6043140859877774 -2.6441375420952538 -2.684448671142894 -2.723379391390698 -2.7589526522273955 -2.7891529723334605 -2.811971109133245
-2.9851608103272995 -2.954786843267934 -2.9231342239464104 -2.891089057162051 -2.859492253376043 -2.8291410912764903 -2.8010632088310805 -2.7771432858190437 -2.758643618179596 -2.7465910659084907 -2.741716774108254 -2.744342707317018 -2.754309513047179 -2.7709460295897355 -2.7883632130645886 -2.802635536478907 -2.813629035952119 -2.8213251556027337 -2.8258379307108537 -2.827379828931947 -2.8206319504521704 -2.802483560079975 -2.775151712554644 -2.74091185537875 -2.7020374710566113 -2.6607173825626615 -2.6189544744429427 -2.578632136700078 -2.546665411267023 -2.5270657890872767 -2.520771356053152 -2.5280932239122818 -2.548717804657035 -2.581558822441384 -2.6239491137215296 -2.669609915942865 -2.7162105398561254 -2.762137343142268 -2.805600730770421 -2.8447042959366704 -2.8774971578403967 -2.9020070123403787
-2.9600083572039946 -2.923401736367797 -2.884812614736343 -2.845364560111933 -2.8062915591827546 -2.768941597858108 -2.734763774438644 -2.705266981834602 -2.681937307863307 -2.666107425668821 -2.658788591266636 -2.6605021117221677 -2.671167691020469 -2.6869533007854174 -2.7011708455880568 -2.713281445419982 -2.722867184347551 -2.729619505378676 -2.733412035240579 -2.7343170539589616 -2.7325938522421906 -2.7248921710904606 -2.707982356261046 -2.6841891378989935 -2.6558739160001816 -2.6253097626298376 -2.5945539497686134 -2.5653097779636496 -2.5407785378831145 -2.5282960548603732 -2.529025318750268 -2.542995500931193 -2.5696117982560773 -2.6073435641583336 -2.6541514152897006 -2.707571525265216 -2.7616915659831998 -2.813895194858526 -2.862427472597667 -2.9054424416057705 -2.941038855304958 -2.9672816940710014
-2.9298529644018205 -2.887319861263585 -2.8425259657299886 -2.7966172457593403 -2.750885163306912 -2.706788324622587 -2.6659604487117554 -2.630186504900372 -2.6013214993824887 -2.581127946027051 -2.5710320471802115 -2.571850217813343 -2.5825295205437415 -2.5948655215951435 -2.6068104366841918 -2.617590812689655 -2.6263983241853097 -2.632594540046816 -2.63581460740978 -2.635995385894123 -2.6333618878889653 -2.628394557341018 -2.620483070001609 -2.6060818941613566 -2.587151548002579 -2.566134619432569 -2.5452400199772383 -2.526263597448928 -2.5106157219066993 -2.5050889029633217 -2.5129599338165765 -2.5339423237848875 -2.5670546172906614 -2.6102939036212987 -2.66162202729899 -2.718843833206165 -2.7795009655923586 -2.838533084760475 -2.892562026548514 -2.9397757142936944 -2.978316491322066 -3.006290882771898
-2.900053381034089 -2.8517125487653594 -2.800736032599612 -2.7482614530084666 -2.695603952196798 -2.644302723560387 -2.5961639799758234 -2.55327748936696 -2.5179631105470515 -2.492586850074484 -2.4792060382936194 -2.4791003286404005 -2.4869033634057716 -2.4967482301594743 -2.507630347295887 -2.518161931888612 -2.5270080342122077 -2.5331493914479175 -2.535985967627894 -2.5353443543984855 -2.531443963334078 -2.5248517084773914 -2.5164327626941154 -2.5072901346837546 -2.496368873355098 -2.4834991294923165 -2.4711687040175967 -2.4613905594105288 -2.4554654203500488 -2.4570349009414603 -2.4723434476021073 -2.5008832246705266 -2.5410576045321527 -2.590554286351632 -2.6471635018858186 -2.708496498620643 -2.7720541460976746 -2.8352734129456256 -2.894909413527466 -2.946503529056021 -2.988041723864792 -3.0177290921147377
-2.8718072343359933 -2.817915324000853 -2.760926060037868 -2.7019285837531246 -2.642209814422211 -2.583329465945317 -2.527212430198097 -2.4762397702586076 -2.433280020772598 -2.4015386807553507 -2.384070184223987 -2.3816093605021273 -2.3859909273739945 -2.3948757451144735 -2.4063034638795764 -2.4179572611486595 -2.4278239865843756 -2.434477542550829 -2.4371165678872355 -2.435504001829723 -2.429891736493855 -2.4209603720376327 -2.4097743641648925 -2.3977361056208455 -2.3865105804480216 -2.377885070470732 -2.372566601695928 -2.370782424915898 -2.3740140462543335 -2.3837912635778844 -2.4070583558794034 -2.443888424299894 -2.4918665860425793 -2.548476211799691 -2.6111498781293965 -2.6772731136232095 -2.744244021129141 -2.8094907293173184 -2.870470059614421 -2.924777403781301 -2.9719191894491988 -3.010422788982702
-2.8463075877869692 -2.7872915129095603 -2.7246556616036064 -2.659396207373439 -2.59270499375965 -2.526067916691297 -2.461411348504669 -2.401302270413906 -2.3491612781224758 -2.309308305674271 -2.286426564860179 -2.27933704002734 -2.2818047077389902 -2.291919632233116 -2.306030137542695 -2.3204569012796012 -2.3324056075139645 -2.3401069190799224 -2.3426583894924304 -2.3398382107689693 -2.3319742613037264 -2.3198749906993275 -2.304805475299148 -2.2884815368527978 -2.2730400115517697 -2.2609218134464477 -2.2545927943651862 -2.2560674694535274 -2.266329563916508 -2.285104879872981 -2.3171638467494144 -2.3631595601725346 -2.4200124092495887 -2.484693850928199 -2.554209916200174 -2.6257154306592603 -2.696818066865253 -2.7659242916479285 -2.831409924023523 -2.8918344967348997 -2.9459067431746417 -2.9924494161642077
-2.8246985159725027 -2.761181627677481 -2.6935075882516366 -2.6225416524830973 -2.549312699716253 -2.475116315305252 -2.4016937202518935 -2.331540019231891 -2.268397048860305 -2.2178398212382593 -2.1869028019437415 -2.1738102836522026 -2.17674573648183 -2.191356088693345 -2.210889066664962 -2.2298540006044463 -2.2448064170493787 -2.253885113956168 -2.256279292673659 -2.2518888409236935 -2.241152675442457 -2.2249909437212425 -2.204823572706742 -2.1826357117295228 -2.161045860505313 -2.1432856924748944 -2.132931508074143 -2.1332199874863056 -2.1460082530208227 -2.1708938677297747 -2.210400779117892 -2.2655886314668803 -2.3322640034977495 -2.40652606745566 -2.4850385132697763 -2.565052732736906 -2.6443166425671434 -2.7209613481065356 -2.793401796770233 -2.8602598028898703 -2.920307496308037 -2.972426691052464
-2.8079789243773603 -2.7408301456048147 -2.668997692882548 -2.5932383681814604 -2.5143758721387335 -2.4334182870370347 -2.35171427065382 -2.2712788297151407 -2.1955003142499248 -2.1306168982688565 -2.0861779557861144 -2.0665766123332667 -2.074330042600538 -2.0983753711830837 -2.1263747003437974 -2.15121604414664 -2.1695285902535963 -2.1798557071284552 -2.181727697788915 -2.175260127092086 -2.161003225973511 -2.139924927252662 -2.113486679724251 -2.0838017478559125 -2.0538607655829644 -2.0277420977918394 -2.010542145975897 -2.007520129703651 -2.022168870865198 -2.0541567043562052 -2.1027958446498216 -2.168874868453051 -2.2467817335026057 -2.331736709080041 -2.4200434700926863 -2.5088824930895735 -2.596062467624114 -2.6798221119595786 -2.7586911203537854 -2.831396976481179 -2.896803257333363 -2.9538686422518112
-2.7967308440293537 -2.727271011402615 -2.6524485848069084 -2.5731838405523124 -2.4901325429976495 -2.4040039649914764 -2.3156603035145524 -2.2263017240672873 -2.137979720570806 -2.0552814132525468 -1.98799289285849 -1.9595349107900697 -1.9817965016417307 -2.0217114879859768 -2.0598885293940112 -2.0903513411300967 -2.111223312510524 -2.121961670240201 -2.1225814293501983 -2.113417379230248 -2.09506863726288 -2.068436008738752 -2.0348427640621045 -1.9962685290377373 -1.9557524181497243 -1.9179990646071836 -1.889964719840165 -1.880341282622412 -1.8960271125384924 -1.9366715292233632 -1.9978199643947219 -2.0774462923806163 -2.1681228024296297 -2.264362114549866 -2.36241834162122 -2.4596564982566154 -2.554116691487101 -2.64424962069606 -2.7287607076022318 -2.8065176129920704 -2.876494215811348 -2.937735804772299
