_RESULTS/CROSS_VALIDATION_POSTPROCESSED_80-20/Berg/IZ/6comp/4/Berg_IZ_z_180_kriged_reverse_6comp_spherical_4.asc
ncols 100
nrows 90
xllcorner 5.6208707817415728
yllcorner 50.959635321741573
cellsize 0.00013419651685393446
nodata_value 1.7014100000000001E+038
[rows 40 to 59 of 90, columns 44 to 87 of 100]
64.45412001174654 64.88904359388563 65.34881815424744 65.83250320970167 66.33391876339384 66.84439249304369 67.36088840836439 67.88225174886074 68.40485790881313 68.92467196888734 69.44674569527733 69.97133173969752 70.47388946444741 70.79305606262794 70.70556405311498 70.57790709925634 70.45002289952326 70.28395244564929 70.07141579001028 69.80243402923773 69.43454879808253 68.93740606572246 68.33220920368926 67.65401453878607 66.91998591793052 66.14071947513793 65.3241628702192 64.47814478013592 63.6150063601483 62.74096709543257 61.86023914387443 61.000173453979436 60.18416531003318 59.39488926469008 58.68477009213795 58.09080278317232 57.63320573174829 57.44385539348277 57.89538420144331 58.7907099330687 59.755641681372715 60.68967763845379 61.56071063656958 62.33805165323453
65.2290371329496 65.57156927906246 65.95749213025381 66.37638617514487 66.8194781915286 67.28032623736021 67.75239504548371 68.22951398493124 68.70523936610891 69.17391720659009 69.6407923988494 70.08626092156315 70.48842552252775 70.75530511560311 70.83700873766583 70.81596135573372 70.75621962128608 70.6514202952944 70.47887157980699 70.23354362159262 69.88783809914338 69.36575852702227 68.72744290439921 68.02543446192809 67.2718880935509 66.47595689146705 65.64425921550944 64.78633340328798 63.91147759313714 63.02293844770358 62.123648904704446 61.23181495736599 60.370156100465444 59.51695673520141 58.701363910448755 57.97824463556282 57.35291915430572 56.79259070587575 57.34404352069119 58.36372445128961 59.34735275516262 60.274503336063766 61.13602320388114 61.917104969926974
65.99054342116317 66.24557695701756 66.54628935098998 66.90651882848917 67.29629645233524 67.70482431830234 68.12446696342987 68.54681208059816 68.96285822182527 69.37080304229745 69.76870169042108 70.1513542382109 70.50265236097391 70.76751067161096 70.9156006241452 70.97780811480081 70.9855028615582 70.93326066894252 70.80384443432666 70.57192460767688 70.20659445258666 69.68660048770523 69.04893605221363 68.33900979507803 67.57666490894822 66.77340741659617 65.9379016799164 65.08137007837581 64.20739015231408 63.31887297849029 62.4187487492325 61.516652968485495 60.631817074213544 59.751049140434795 58.90759339298989 58.15293114599457 57.56069016854579 57.24330788123216 57.55256647170231 58.308490332564176 59.164176607039366 60.012795033881346 60.8213977752304 61.57140300655467
66.74263822910123 66.91205603500183 67.12969665890661 67.41454269047848 67.75133279747988 68.10635593570129 68.46944331862949 68.83258329901325 69.18563401074252 69.5306977551939 69.87367366491031 70.21979319183582 70.53339769149436 70.78734278267491 70.97226815013173 71.09724154927204 71.16867895035865 71.16126870124123 71.05814170338795 70.83172744805513 70.45191915234531 69.92885711253015 69.29671363090782 68.5891405620755 67.82835999961891 67.02781572901029 66.19964576715954 65.35257152470103 64.49070870905747 63.615998798127 62.730934550435556 61.83923856272395 60.95058701533701 60.06995314687532 59.245412785455066 58.544614666037845 58.0488548592047 57.842939150978346 58.01927311401237 58.51831248208864 59.180717647010106 59.90252874376385 60.62422681625974 61.315411913894636
67.44893792923551 67.5413844094549 67.6858838502049 67.89734142674672 68.17148769881116 68.47481892846591 68.78395077469798 69.08825475030343 69.37866961443551 69.66852530482535 69.96901855377307 70.26649387997305 70.54487577351188 70.7914783081172 71.00209232248126 71.17873848314285 71.31405078782835 71.35829677913014 71.26398702804227 71.02527255142861 70.6304563690124 70.10020609297587 69.47076631614632 68.77025494052108 68.01883835207715 67.23073740279504 66.41966297991463 65.59152836827981 64.75026602923339 63.89990940559742 63.042746238527236 62.17866080039885 61.299958089181615 60.43789626531771 59.65209370676396 59.018772707841634 58.60951200466865 58.4393298424732 58.52538387256501 58.8520562906367 59.33948916098419 59.91888501974451 60.53776231086113 61.154334647084376
68.07436849955235 68.1095175915226 68.19556396269229 68.34405185115558 68.55107996340848 68.80203448137624 69.05512357318449 69.29369178100228 69.52390597132856 69.76779117463386 70.02048549002335 70.27447072734837 70.52199975454484 70.75836179374632 70.98402509396585 71.2025348046081 71.4072472655611 71.52898535456231 71.43509021213043 71.13654199684576 70.71789407059902 70.1825222717133 69.56008128740888 68.8724078911587 68.13709080927067 67.37190289815842 66.58687125480786 65.78695209624198 64.9756627797213 64.15715661980175 63.336120577953814 62.508948619768134 61.65287994945634 60.820232695062145 60.07969101649954 59.50580947899362 59.15251836368658 59.004752281240016 59.041713872075796 59.24982585553259 59.59417134384131 60.04029977253632 60.549167906911386 61.08475045526433
68.56240362904352 68.56604084450038 68.610624686908 68.706777041379 68.85214806500946 69.03864883912948 69.23317200867251 69.42390438449286 69.61480231750737 69.81494751384332 70.0225193833652 70.23479147186455 70.4495684239354 70.66696409617182 70.89065156559222 71.12754954491942 71.3827498279262 71.63406361113947 71.50999261380734 71.11179638411468 70.67291976148157 70.14935177258488 69.54651445919939 68.88190011785754 68.17530387702779 67.44202402701046 66.69112536194832 65.92718302699927 65.15361219188651 64.37492500583572 63.59593737847251 62.8069094987673 61.988168244085614 61.192493932457246 60.49954806317287 59.97707294954113 59.662321609670954 59.52296186431515 59.52640073916668 59.663345389844466 59.91049346255488 60.24811073042582 60.652363160501686 61.10127132911573
68.90579852423353 68.89034589057398 68.90435547127555 68.95833301563673 69.0490967141249 69.17973537529771 69.34148815953529 69.49774799881729 69.64943439372477 69.80587341158478 69.96834701354877 70.13762128653653 70.31461622232634 70.50127101385645 70.70083736696212 70.9165528006007 71.14165296144066 71.31053270611761 71.20974425610422 70.86931913062593 70.46055787286659 69.9810693261432 69.41787405098819 68.79342306307342 68.12685200383059 67.43317434093812 66.72287963805178 66.00143233606708 65.27255667359469 64.54077493280965 63.80956984440424 63.059128049128674 62.29124001845376 61.542586236421805 60.8994720530847 60.42343933432362 60.138229572373035 60.00013015441829 59.975263359845776 60.0548644434807 60.229352458233876 60.4885349025422 60.81592219347242 61.19236604129236
69.12373254341951 69.09188717034193 69.08264108951661 69.10957268073614 69.17122113700704 69.26692610738979 69.39279331367243 69.51395176060824 69.6254074343623 69.73731063677033 69.85360106665392 69.97736496095834 70.11096781059707 70.25614318284025 70.41323629584045 70.57818464031985 70.72754837094756 70.79258070749876 70.69808044102714 70.4437490372482 70.09615157696028 69.68106508166684 69.17817852417613 68.60786084602502 67.98998809684842 67.33970282576365 66.67234836880314 66.00225792649645 65.32644903915586 64.64862972329287 63.964974177553025 63.260126857234866 62.550902442406574 61.86866998771025 61.27783498028312 60.84501621118963 60.58359894809474 60.44199150555851 60.39083627431854 60.422620447769326 60.537775967134166 60.73134552359407 60.992440160838754 61.30673628029035
69.2402327414351 69.202346640469 69.18963495554496 69.20459459591642 69.2422628117343 69.30282265737947 69.38716104148243 69.47132816099906 69.54079641698601 69.60703856295366 69.67608810835266 69.75251093123843 69.83919303203622 69.93699018311023 70.0436533818689 70.15128937755289 70.23141402972247 70.23619157565003 70.1338222261194 69.92127304714776 69.62613393951173 69.27593283486905 68.84302676693433 68.33515082532408 67.77322131462024 67.1717233870701 66.55191070547679 65.93888828809746 65.3215738645212 64.7013170854396 64.06335452076183 63.411931209835885 62.76870408151047 62.16445798276572 61.63760122375379 61.244922890350395 61.001939622852944 60.853168411959004 60.77533004923647 60.766911355115305 60.8329056823537 60.97140376284828 61.1754165946043 61.43445208385883
69.30756350882852 69.26567087718043 69.24929378818173 69.25152360303166 69.2641783676775 69.28703327694868 69.32540575988907 69.3687847004266 69.39438939398156 69.41426165371116 69.43597035384485 69.46500734882174 69.50445210015985 69.55453152355435 69.61185862029114 69.66801693514385 69.6923747587829 69.65572068381815 69.54224107787367 69.35129729611558 69.09640797969278 68.79639705149297 68.43448362029382 67.99352739356837 67.49483478800377 66.95625701614819 66.39733000605476 65.83576283892761 65.27444941415477 64.70343614113868 64.1144854521818 63.522607712775695 62.95026114036608 62.425109469577876 61.97542516576859 61.625250319989235 61.39493601377916 61.23562701270998 61.13116858139698 61.08881593544022 61.11380046786448 61.20598236612382 61.36108282406361 61.571558392310756
69.33746359090652 69.28818076461305 69.26679934686979 69.25504751547365 69.23872148897975 69.21877195248707 69.20736270073955 69.20507998754584 69.18571659901474 69.15968772497038 69.13553667455521 69.11931448068242 69.11429071682272 69.1205585511021 69.13469886044274 69.14699812280966 69.12775826191148 69.06158870507147 68.93998678690335 68.762394325739 68.5367226331406 68.27538693442673 67.97551077654994 67.60296710454861 67.17185459301137 66.70057832729175 66.20622768115427 65.70294726393567 65.19329280088067 64.6658126869077 64.12975158257373 63.6014271785294 63.101705726225255 62.6530048861036 62.27512021203021 61.98103994687108 61.76200351308893 61.587551200363635 61.460311883728025 61.38966985110379 61.38053216049533 61.43384512925593 61.5472524263981 61.71545416055226
69.32922042967246 69.27536619522846 69.25256178808466 69.22557273226654 69.16874988186187 69.09540426127887 69.02919070394779 68.97868063598665 68.91522785316674 68.84567823352856 68.77902173128884 68.72171336467568 68.67750857986529 68.64699529315801 68.62747170699834 68.60458100199504 68.55405309351576 68.46732995864758 68.3394696106123 68.17096847455818 67.96784019980466 67.73946245595334 67.48644838158769 67.18033959007887 66.81766236967673 66.41458725986323 65.98629305939447 65.54230978527579 65.07627406538684 64.59685231745584 64.11777383393584 63.655338462690914 63.2271516111888 62.84959404250664 62.535402251168 62.292169233223774 62.09390304130735 61.90966964491829 61.764405305215085 61.67086201042324 61.633708865571556 61.654673166877046 61.73282193719905 61.86456160289742
69.27766261212957 69.2197469690321 69.20704013295756 69.1760137209859 69.05588149517295 68.91460854845448 68.79248005185228 68.69535867695505 68.59125545722424 68.48260934624346 68.37884140019406 68.28683796254282 68.21093771382326 68.15233901565443 68.10804375651746 68.05603783615982 67.982784904669 67.8818840436982 67.75022755036453 67.58934141918195 67.40499801478647 67.20546645038065 66.99213487932639 66.73841413426248 66.44292662562036 66.1073250336045 65.74266733176837 65.34601560476385 64.9277426991616 64.50208378317397 64.08392875250622 63.68810248664219 63.32811891794212 63.014871023634974 62.756178972488286 62.554355334478004 62.368387120545144 62.19479423492362 62.04496234615415 61.933783607245886 61.874212918065986 61.868688759336045 61.91738562096406 62.018008816259915
69.1555454382307 69.09875079303978 69.08833259447098 69.09569831737906 68.86063157141626 68.66058227485993 68.49596308603607 68.36304841259273 68.22636027613298 68.08546623141126 67.95097472755941 67.83055775734104 67.7295570267358 67.65021548745945 67.58390814577866 67.5104093177532 67.42210735133469 67.31285183842776 67.18021314117055 67.02682111406843 66.85925225015788 66.6858313835754 66.50791946064058 66.29621200944162 66.05529382624627 65.78194972952146 65.46534322178786 65.11745132435148 64.75271274227018 64.38600528151109 64.03137839476432 63.70094390273589 63.40419745256008 63.14806996944503 62.937503046436994 62.75963912438501 62.586856732217264 62.426225487650846 62.286982943168866 62.176972294080954 62.103044106934234 62.076388634130666 62.1009223141914 62.17532776474185
68.94272715159927 68.87938821125762 68.81847029014887 68.72231539680439 68.53422076246662 68.3277717484081 68.1450141723552 67.99112668077143 67.83242881889933 67.66697709810056 67.50849657056686 67.36592579850257 67.24595590393263 67.15045278737782 67.06291502914753 66.9745155549001 66.87781057067555 66.76543898727188 66.63456006136694 66.4892328179188 66.33774303181785 66.18910207165906 66.04345218735675 65.86925870573167 65.66234210596183 65.42423835583531 65.1566624947835 64.86268162875251 64.55669140653453 64.25244310277748 63.961677067187885 63.69339081817119 63.45402222235184 63.24806464056552 63.074189626735034 62.91036416205045 62.75242416469966 62.60592848222042 62.47856487644553 62.37719159891264 62.307794369474436 62.27536641812485 62.2835216044805 62.336162061143064
68.64502766943001 68.57001663505517 68.4633190609639 68.32654658589017 68.14696811038945 67.94689231025724 67.76078242294442 67.59652556197207 67.42466279985454 67.24358529827332 67.06719647474318 66.90794506834304 66.77383006912814 66.65790120124329 66.55201288532407 66.45230577574661 66.35141211349438 66.23980060400136 66.11315316580409 65.97760229496407 65.84349367862342 65.72027801386253 65.60208905857976 65.44871941982234 65.26241788957071 65.05095130774856 64.82395542319988 64.5883777650576 64.34480983185438 64.10397221069158 63.874842989301904 63.66391976864825 63.47510823580289 63.30877625642959 63.15914028448757 63.00955208150461 62.867486916708216 62.73596860380118 62.62146915934 62.5301337683385 62.46749952206761 62.43824991647961 62.44572453732671 62.488525938268005
68.27711589901647 68.19350464947995 68.07322231820856 67.91401754540323 67.73620363740504 67.54939721091611 67.37053337483448 67.20151000074497 67.02132792066794 66.8327290826579 66.64498943873791 66.47374275007265 66.3216568550598 66.18298612204839 66.05828050293412 65.94491302847547 65.83668471508354 65.72541545242412 65.607382787822 65.48772218468119 65.37300298984451 65.26880262964585 65.16488853252449 65.02961879364422 64.86786629975595 64.68729007517588 64.49669661402297 64.30517258501091 64.12056333166296 63.94119191655479 63.769412547640655 63.60785936288708 63.45962082819354 63.327541741170535 63.19268558663234 63.05906088114034 62.933639801507866 62.81774796732943 62.71694291334278 62.6368503169721 62.582617450342305 62.55856776088198 62.56765081982935 62.598271737259445
67.85371230526573 67.76835983222853 67.65025182864215 67.49253694807342 67.31352985946938 67.13628132626653 66.9720191706763 66.81033381922084 66.63375147732145 66.44748627429558 66.25724619958666 66.07496681475389 65.90092399043216 65.7396253056762 65.59298188679897 65.45735027170339 65.32215729868572 65.19072680407052 65.0991708243051 65.00023987186403 64.90569128034626 64.82515124836206 64.74070593817007 64.62894468356167 64.4963556254904 64.35007847823654 64.19751584035951 64.0456012237389 63.900034091560734 63.763420087874735 63.63634316080847 63.51669045461067 63.407585671883325 63.29467444081466 63.1760301559349 63.05978018364863 62.951726635174154 62.852071842144476 62.765774126664375 62.69805931309609 62.653695043712986 62.63657236169382 62.646467151176076 62.66038441292794
67.38778981357895 67.30704189014672 67.19866098199125 67.05977847519358 66.89287222719756 66.72442403666797 66.57327509460873 66.41639736703837 66.24654583300048 66.06907711786559 65.88321605124976 65.68842182017083 65.49894400600297 65.31969184954922 65.15175070182909 64.99176379571149 64.83464492093198 64.69931395140523 64.60899927454031 64.53159032165628 64.46437667053021 64.4142715360385 64.35213292993805 64.2670791853691 64.16535241200411 64.05311573628757 63.93582884304321 63.81706088949428 63.70046752914723 63.589342146619586 63.486935400530044 63.3967975925068 63.30684239404811 63.20987817504407 63.109402707071624 63.01185573874666 62.921974961987594 62.83926585841322 62.76837797635444 62.714187747065466 62.68104761361359 62.67229040461272 62.67394784052226 62.67395193527753
