_RESULTS/CROSS_VALIDATION_POSTPROCESSED_80-20/Berg/IZ/6comp/4/Berg_IZ_z_250_kriged_reverse_6comp_spherical_4.asc
ncols 100
nrows 90
xllcorner 5.6208707817415728
yllcorner 50.959635321741573
cellsize 0.00013419651685393446
nodata_value 1.7014100000000001E+038
[rows 57 to 75 of 90, columns 43 to 85 of 100]
20.028445264977346 20.375870136317566 20.68901367625453 20.93238169304299 21.0536760839296 21.009805194219567 20.82439277675315 20.538862837799197 20.19135925696603 19.81145999568552 19.417932425894648 19.047690688300044 18.734125142338893 18.485776203481166 18.307854184020275 18.20177668514595 18.165229190641924 18.185408372923497 18.21978047335671 18.243459012824054 18.297380893790066 18.400089263693303 18.55178841273782 18.732347339417355 18.90004019923219 19.041707921236625 19.146745820630724 19.20720794674006 19.218497060994455 19.17915802216486 19.08641972756014 18.942684759705134 18.75168614364732 18.517811743015567 18.251414607942102 17.989365731342712 17.746956170777523 17.52927881791189 17.333640253517686 17.16505434843493 17.028496584473842 16.928396532450662 16.868711188041484
19.815177068575032 20.115048843704276 20.377605396238536 20.578154685946853 20.69428960559901 20.696942268296137 20.580280571521246 20.369481940029736 20.094688819370933 19.782404925509955 19.450844712970053 19.118734049821697 18.830023436343225 18.599265480950038 18.431168314662646 18.329635562144254 18.295133071171755 18.324869044829427 18.36255214795451 18.319726513738203 18.330271380129226 18.393599084708974 18.5055509849944 18.639011684645585 18.76063903233885 18.860882987905388 18.931312502799784 18.965335352251333 18.95858901517721 18.908942764166543 18.815092263107314 18.676521603949897 18.493115291745998 18.26934669304279 18.034952966428257 17.80992640598848 17.602886395071813 17.41863842613908 17.254047894967346 17.1139122666884 17.00325364136778 16.926611577669963 16.88807113515074
19.56869941547512 19.82606451198582 20.047847839805495 20.21672860352778 20.318575244440442 20.34681568728293 20.2853748054082 20.138301810954605 19.929705538651202 19.680402147939375 19.4070617361492 19.124392229105105 18.857718186992614 18.641330531629283 18.480194754226968 18.376076208969646 18.32712797708018 18.322790951094277 18.320956925615764 18.295971999424996 18.297521208076002 18.34190801231802 18.42904525809065 18.52569631281345 18.611175531246282 18.67815512255123 18.71989926207496 18.7305868640814 18.705018824666197 18.64018640054056 18.534864299598162 18.3894273872994 18.20573014054312 18.00508799324314 17.807135437342772 17.618425144088764 17.446464282885252 17.295364828359034 17.161829319592822 17.05062785951098 16.966761799214925 16.914800772382065 16.89882050243325
19.300933520509854 19.520940101626387 19.709029264599298 19.852638494196885 19.942088060381305 19.972943272734735 19.94670820737861 19.854947546030253 19.705416301102307 19.51411647490617 19.296274035846423 19.06519423225285 18.83206625063517 18.626189240735496 18.46750664983398 18.356358127421508 18.2886744561678 18.253014552580748 18.230956546192036 18.215872023160905 18.221438710250233 18.259932740083894 18.330003896434416 18.397843682714303 18.453628153010946 18.49167343039629 18.506348029352356 18.492662677442517 18.446680242906957 18.365764551699147 18.24867747856426 18.095675197804866 17.924409578167722 17.751223613459693 17.58273071094616 17.42547650172189 17.285814730074588 17.16613540176949 17.06295864398498 16.981002529582806 16.92522481490881 16.900403963893083 16.899555490310608
19.02101675499658 19.20807429188565 19.367491894320914 19.48981393593891 19.567968307521298 19.598542870822673 19.58226516423153 19.52568133608667 19.42895658478051 19.291443645900525 19.125516216554722 18.94258055826183 18.75264637439006 18.564887866914926 18.406746565912236 18.28826993341258 18.205915553196974 18.15259385832355 18.1202917361764 18.10624168304177 18.11486879189247 18.152417807454285 18.205846958044546 18.249309074718482 18.279271573902502 18.29157876733128 18.28190898428702 18.24630550097685 18.18156314751801 18.085479006778666 17.957934078695832 17.815457768104505 17.668140934051902 17.521575423863645 17.381579841628657 17.254038878330075 17.14479649001636 17.05457177700708 16.980774619786583 16.92824748548739 16.901797793101135 16.899555490310608 16.899555490310608
18.736244539630693 18.893847562765174 19.028259797236956 19.132106919147308 19.199870641570577 19.228639406846302 19.219120448839522 19.177599047364634 19.10961057849942 19.01885750512501 18.900660001297368 18.762614968598943 18.613575633969813 18.461056147587485 18.3118555415414 18.188381222786486 18.09686167901579 18.033630259555935 17.995080682431567 17.979891780023962 17.9896952893894 18.025280512444773 18.059121447137258 18.080950478867013 18.08827753125684 18.077978641810212 18.046750494470064 17.991518600811347 17.909759757250455 17.804353271736808 17.688268347932617 17.565983569843656 17.442017416984434 17.321308600535215 17.209067630033978 17.11065448430017 17.03146470123388 16.969787107945933 16.924984292316054 16.901764272621758 16.899555490310608 16.899555490310608 16.899555490310608
18.44789100115545 18.578638491382797 18.69081927909373 18.778557513129574 18.837571955799778 18.865453518527563 18.863427247575498 18.834965603593254 18.783183366247727 18.71234323747301 18.627622479036127 18.53104430936103 18.42102196539481 18.303784087777366 18.18494118219473 18.069010366700482 17.972586337765982 17.904005954752343 17.86182497094678 17.84556183480877 17.855976762835386 17.880648530946285 17.894858825490402 17.896412707185885 17.883134011330775 17.85252386593782 17.802005529519302 17.73088848952191 17.647104845904636 17.553977149712544 17.454454103202053 17.35208200760438 17.250912330083747 17.15539419143541 17.070268266795395 17.000474250449074 16.95050820009887 16.9166045889745 16.90034324226258 16.899555490310608 16.899555490310608 16.899555490310608 16.899555490310608
18.160581581599693 18.267058857193685 18.359498876216787 18.433116066272838 18.484272032945416 18.511241046479512 18.515451213249236 18.4981740576443 18.461519964045888 18.408271211916833 18.34149580922004 18.26470269876333 18.182484766054586 18.097858400782744 18.010820834089643 17.92383240408731 17.840847565743275 17.770559358791623 17.72680605617255 17.71026955307849 17.718034586811154 17.72293981143473 17.71738191053696 17.699363495851202 17.666833418877324 17.62108294828899 17.56455774959748 17.49839374558796 17.424241570984456 17.34429944928872 17.261310259401938 17.178525372961417 17.09964388426698 17.028738417686846 16.97017838748218 16.92855919328753 16.906455519568496 16.899555490310608 16.899555490310608 16.899555490310608 16.899555490310608 16.899555490310608 16.899555490310608
17.880959969817294 17.966183833831188 18.040570482772885 18.101166962415327 18.144918000024926 18.171256080168437 18.180078623488118 18.171897369631104 18.14808280041392 18.11061011872045 18.061786004891538 18.0039965097672 17.939510038487025 17.87208099929261 17.805424955108755 17.741944186943556 17.684083268110854 17.634575916518706 17.596712843555448 17.580792449669804 17.573036761051448 17.55911094559353 17.537685487541978 17.508083639567406 17.470141500505733 17.424135954289824 17.370769906295685 17.311189140397165 17.247006002572373 17.180312677442018 17.113675458243627 17.05010864248921 16.99303165708511 16.946215610782463 16.913725952302862 16.89986676044181 16.899555490310608 16.899555490310608 16.899555490310608 16.899555490310608 16.899555490310608 16.899555490310608 16.899555490310608
17.613772212731806 17.681260243524772 17.738925137520738 17.78744501024935 17.82490506982816 17.850142166063808 17.862415713182095 17.861822690290055 17.849175023457274 17.825828393608685 17.793491954007052 17.75404788715157 17.70940542293645 17.661409506322414 17.612868083559185 17.568618387626035 17.531468334322795 17.504368147613807 17.490650730267284 17.481598080816855 17.46147013941698 17.433378914551632 17.40141653109166 17.36489964230376 17.323553202756912 17.277577352749926 17.227619950191837 17.17476978575869 17.120557940049423 17.066956487738576 17.016367811825152 16.9716021008075 16.93584404008069 16.91260806751663 16.901437198823054 16.899555490310608 16.899555490310608 16.899555490310608 16.899555490310608 16.899555490310608 16.899555490310608 16.899555490310608 16.899555490310608
17.363761957790516 17.4167132941364 17.459507896868526 17.49729198535266 17.528839856939005 17.552535821105227 17.567471743544587 17.57342089201549 17.57076218727018 17.56036830444246 17.54347658327891 17.52156315777681 17.496239143927024 17.46918451301988 17.442130835032067 17.41778880148502 17.401829507727758 17.397563772261602 17.399506001917914 17.391898375382464 17.374703672323864 17.34881642893978 17.31551097279335 17.27631267374912 17.232875114053627 17.18701366269122 17.14043870051777 17.09421775190338 17.04978165532558 17.00895815161175 16.973075749359435 16.94313033727065 16.920223469103533 16.905388735402095 16.899600864896634 16.899555490310608 16.899555490310608 16.899555490310608 16.899555490310608 16.899555490310608 16.899555490310608 16.899555490310608 16.899555490310608
17.13554176848884 17.175387729267584 17.207612823020156 17.23542592767592 17.261109472262014 17.283041254017522 17.300165907635627 17.311990669905093 17.31854578791857 17.32031672143675 17.31816011033064 17.313217711574037 17.306842207340573 17.30054646173295 17.295983810389245 17.294961248330157 17.300660718981057 17.31086687518771 17.312892120953023 17.30643934552955 17.29183381907478 17.26979416966628 17.24136149785011 17.20780932271153 17.170552443948036 17.13106806275777 17.09083571150326 17.0512967450411 17.01383063869155 16.979743976860355 16.950268055342345 16.92656171629146 16.909716884742963 16.90076501744744 16.899555490310608 16.899555490310608 16.899555490310608 16.899555490310608 16.899555490310608 16.899555490310608 16.899555490310608 16.899555490310608 16.899555490310608
16.933695020263762 16.961675114020345 16.986166159214044 17.006073997535562 17.026064802749545 17.04622174656205 17.065344664883334 17.082704259878014 17.09803304119456 17.111491572477146 17.12361732698126 17.13526633579995 17.147558309008794 17.161834348512194 17.179633259132533 17.202585591137428 17.221395884903163 17.230208678523127 17.23191221972222 17.226483541559308 17.214186764103133 17.19560996536153 17.171616340960934 17.143280094213452 17.1118185234958 17.078529722649055 17.044741584964093 17.01177409081954 16.980914161860312 16.953400907735514 16.930418628931225 16.913095080590576 16.902502907286003 16.899555490310608 16.899555490310608 16.899555490310608 16.899555490310608 16.899555490310608 16.899555490310608 16.899555490310608 16.899555490310608 16.899555490310608 16.899555490310608
16.762790608293457 16.779342234957586 16.796607441131094 16.812776961016432 16.82802666590381 16.846620011690185 16.867820635662166 16.890664216128563 16.91460707393653 16.93951973856124 16.96565911140829 16.993627885108015 17.024330827516717 17.058936292378082 17.096265791574382 17.126371995439136 17.146773374898075 17.15623178273608 17.157647196398383 17.15313656039689 17.14291828658452 17.1274816551719 17.10755233067397 17.08404591462979 17.058016932628792 17.03060983258421 17.003016546104206 16.97644285097968 16.95208384087552 16.93110754222357 16.91464509497182 16.903785757381552 16.899575101454783 16.899555490310608 16.899555490310608 16.899555490310608 16.899555490310608 16.899555490310608 16.899555490310608 16.899555490310608 16.899555490310608 16.899555490310608 16.899555490310608
16.626472871427094 16.631932987979337 16.642267878531467 16.655731517015173 16.671039108489346 16.688809932508597 16.712433019849254 16.740967940409934 16.77359042671626 16.80989595096028 16.84988614890216 16.893936600640586 16.94147950911925 16.985748435686318 17.024150556753458 17.055087935330594 17.07715366046297 17.089164911123756 17.091070314395544 17.087390826625153 17.079060657025426 17.06649299273654 17.05030576967782 17.031287446892897 17.010358304239613 16.988531857261968 16.966879891410823 16.946503193717902 16.92850872702075 16.913992989275343 16.90403068553801 16.89966755110425 16.899555490310608 16.899555490310608 16.899555490310608 16.899555490310608 16.899555490310608 16.899555490310608 16.899555490310608 16.899555490310608 16.899555490310608 16.899555490310608 16.899555490310608
16.52830114797007 16.522936041762605 16.526605092878643 16.537870158700155 16.55514273783442 16.577165750230773 16.60411401683934 16.638762594881502 16.680284605702546 16.72777528472369 16.77777721730087 16.827683375938047 16.875594418429472 16.91974050569412 16.95849398035486 16.990387367579064 17.01413465693458 17.028652259415285 17.033075269629347 17.030156821092763 17.023556195940948 17.013628765256588 17.00090699883227 16.986076567560005 16.969946657579996 16.953419455005594 16.937461445170534 16.923078298962775 16.911294216578295 16.903135841991737 16.899620322887948 16.899555490310608 16.899555490310608 16.899555490310608 16.899555490310608 16.899555490310608 16.899555490310608 16.899555490310608 16.899555490310608 16.899555490310608 16.899555490310608 16.899555490310608 16.899555490310608
16.456677484317307 16.44680648487497 16.44759712598726 16.458846677322146 16.47925543855438 16.50723280974706 16.540940117676243 16.579000843325353 16.62272531439485 16.670477995508907 16.720129165449986 16.769723164511117 16.81746277674318 16.861700409379495 16.900937968598317 16.933834097527694 16.959215868473525 16.97609132566762 16.983659159756005 16.98228532847654 16.97728127936917 16.96980030385875 16.96030623151861 16.949400882849105 16.937801036984226 16.92631414187499 16.915814745224385 16.907223091622303 16.90148672498093 16.899555490310608 16.899555490310608 16.899555490310608 16.899555490310608 16.899555490310608 16.899555490310608 16.899555490310608 16.899555490310608 16.899555490310608 16.899555490310608 16.899555490310608 16.899555490310608 16.899555490310608 16.899555490310608
16.379835533277127 16.367893017023754 16.369091468230565 16.383201721464985 16.408528248619504 16.442677501146548 16.48308710444716 16.527394026174573 16.573613536353836 16.621708587461864 16.671476706629893 16.72107765151495 16.768852834147275 16.813299396438428 16.853059490122916 16.88692012371875 16.91381896951932 16.932852040450136 16.94327974914999 16.94458320129263 16.941063433647233 16.935863891583306 16.92939262243292 16.922182403361518 16.91487265943849 16.908189973181713 16.90292865965203 16.899932553701273 16.899555490310608 16.899555490310608 16.899555490310608 16.899555490310608 16.899555490310608 16.899555490310608 16.899555490310608 16.899555490310608 16.899555490310608 16.899555490310608 16.899555490310608 16.899555490310608 16.899555490310608 16.899555490310608 16.899555490310608
16.295972903254608 16.281255534413702 16.28325797740357 16.301543505331146 16.333608025103537 16.375774266929774 16.42439886402994 16.47648126631675 16.52976423728108 16.58259799310979 16.63378115648492 16.6835977005023 16.731498425116268 16.776157841380343 16.81637494705313 16.851071275932693 16.87929544610338 16.900229655145754 16.913194877093492 16.91765241120914 16.915693311522837 16.912633822810804 16.909008053077077 16.90529137608333 16.902057981419603 16.899965085967274 16.899555490310608 16.899555490310608 16.899555490310608 16.899555490310608 16.899555490310608 16.899555490310608 16.899555490310608 16.899555490310608 16.899555490310608 16.899555490310608 16.899555490310608 16.899555490310608 16.899555490310608 16.899555490310608 16.899555490310608 16.899555490310608 16.899555490310608
