_RESULTS/CROSS_VALIDATION_POSTPROCESSED_80-20/Berg/GZ/1comp/2/Berg_GZ_z_63_kriged_reverse_1comp_spherical_2.asc
ncols 100
nrows 90
xllcorner 5.6208707817415728
yllcorner 50.959635321741573
cellsize 0.00013419651685393446
nodata_value 1.7014100000000001E+038
[rows 36 to 53 of 90, columns 0 to 40 of 100]
0.05906101284205019 0.07257404145153791 0.08940210072875276 0.10982509116107296 0.13368786970820704 0.16000268791188155 0.18643149031973733 0.20888012887564614 0.22195906423439468 0.22136296596535374 0.2071064557276429 0.1836358071834909 0.15654905460058507 0.1300152078898636 0.10629628831299613 0.0862437450110338 0.0698874673202643 0.056860390139370574 0.046654011810371654 0.03875435516418304 0.03270466619936356 0.028127431156637035 0.024733932431643433 0.022544809033517278 0.02145373558300702 0.021337725512615265 0.02199365992758518 0.02338568469480126 0.02532983749025519 0.027696473788299054 0.030503059886816015 0.033942218549332395 0.038727348817604396 0.04514181340506313 0.053452466893494324 0.06373547973572011 0.07401747820367698 0.08264668872774676 0.08750009403805287 0.08506447999732754 0.07744866305638075
0.05994606446363678 0.07367279576332145 0.09065382710063787 0.11103491296646142 0.1344312974853545 0.15954990609590866 0.18383644267586116 0.2034704776447206 0.21419856691014097 0.21314078448483342 0.2004999440592363 0.1794911336064717 0.15451525502060925 0.1293307474969949 0.1063057657976177 0.08652983015126578 0.0702291336602241 0.057159201706318205 0.046876889285956506 0.03889859443880893 0.0327791987429444 0.02814376907497205 0.024694439086829074 0.022333772932114023 0.02108192148735518 0.020851857112353517 0.02153971515048605 0.022933436608370418 0.024758746982528786 0.026941239806528176 0.029477398641900125 0.03235139147831987 0.035933057513281935 0.04067882564702657 0.04667862928727466 0.05393576407695963 0.06091422631835788 0.06616269449315344 0.06717667559026488 0.0629030894486566 0.05566284667091108
0.0602479397399212 0.07401019976258282 0.09096705808025368 0.11118846655838203 0.1341704844777772 0.15847925579034983 0.181492856727519 0.19957201590897314 0.20899174460505526 0.20747824047085556 0.19539147527986872 0.17554003263337364 0.15178617639997 0.1275790226039525 0.10522369404618037 0.08586641880054538 0.06981373244943627 0.05688642500029429 0.04668502754071342 0.03875246401083907 0.03265885631590726 0.028037720952565324 0.0245972837756822 0.022218222336608612 0.02097012738633208 0.020734095150241907 0.021453412395196315 0.022849340563274822 0.02457965658480396 0.02660996666513558 0.028918706997695956 0.03146965338832014 0.034227509675349516 0.0376299481363546 0.04186183704691039 0.04686820207360671 0.051653908926277144 0.054569902553428085 0.05321547433341649 0.04785933030047708 0.0407651456626745
0.05997689870239072 0.07361869777246607 0.09041964524064786 0.11044535864977811 0.13318719835782183 0.15719967567412574 0.17983359137203164 0.19741757121557318 0.20624935216977933 0.2041989276201122 0.19183548671429906 0.17207593039541963 0.14871718475191 0.12505307159385173 0.10325064763943709 0.0843778026191595 0.06871435763709273 0.05608400002417769 0.046102287535266566 0.038329520196630676 0.03235130580262004 0.027843932977148003 0.024630847458792522 0.022443224750685248 0.02122456916166262 0.021007118588042682 0.02175417053953391 0.023139158250456773 0.024800228648517064 0.0267110822625774 0.028834175259609705 0.031116516560749485 0.03348633372097369 0.03589772621017649 0.038738325022269246 0.04203439921134775 0.04526685385219202 0.04621368935379236 0.04312308764788899 0.037253839232546944 0.030612796779180166
0.059143589408937755 0.07251072428285509 0.08902460871488291 0.1088178230214246 0.13149407206360578 0.15573175005308892 0.17889534647954336 0.19703849960848638 0.20592864121909607 0.2031489864206944 0.18964211401247857 0.16897756668820849 0.14528637205581327 0.12179874748701248 0.1004584102276432 0.0821348098614711 0.06698964089247789 0.05479634278900392 0.04516074039591897 0.0376523546672755 0.031944490612604716 0.027818972430972626 0.024913838947435162 0.022974772731181443 0.02186086202708614 0.02169145078136165 0.022462773581405984 0.02382658934137761 0.02544653331654971 0.027271591428246613 0.029249194321437626 0.03131156896149509 0.03337512885088838 0.03534222973047268 0.037145025170595765 0.03906211613026138 0.040692560339693665 0.039925174158419154 0.03580689255975975 0.02980638194245113 0.023681550417739332
0.057759720096043396 0.07068016577621966 0.08673226094721238 0.1061716761462819 0.12882970659930673 0.1536943305487942 0.17831370876664843 0.19829630090918063 0.20805437859940373 0.20414136411847672 0.18832637744847963 0.1657279932294927 0.14114557870229721 0.1176558073653222 0.09681150576582241 0.07916263907515883 0.06468489333887881 0.05306906231651521 0.04389891783051267 0.036847792436160744 0.03169564787529676 0.027996788984122258 0.025428798743700683 0.0237764508353915 0.022908208622398295 0.02283611899888084 0.023602709960814136 0.024954969652588112 0.026565440844462815 0.02834028185062054 0.030211531230371142 0.03209692295506461 0.0339022319725446 0.03552648005254187 0.036819672760705156 0.03737106362107859 0.03738102388423415 0.03534405403095367 0.030602973221197084 0.024617260611279473 0.01894985902310847
0.055847605855072625 0.06812182118898544 0.083464410813454 0.10227196775965092 0.12468127173270273 0.1502130813169568 0.17704956018581214 0.2006517866437301 0.21272658296177904 0.20673828056599342 0.18677549381190325 0.16128920503522115 0.135655487468953 0.11232996238768117 0.09222163334603473 0.07547115473693913 0.061846002548351695 0.05095418103153204 0.0424457419878783 0.03616275614877135 0.03159815679859569 0.028356439689522804 0.02616664740814372 0.0248530186535947 0.02431625361533179 0.024485338867829838 0.0252237835830993 0.026590523157974777 0.028228789082458433 0.02999289477783782 0.03179750203689661 0.033544274826381025 0.03512767468309259 0.036408086399569314 0.036922701392882326 0.03656273208873221 0.03532487431930217 0.032188737900833236 0.027021053418728812 0.021067695158914677 0.015743291612832677
0.05345502687149883 0.06486416614979854 0.07918003075776815 0.0968962277409344 0.11842174503998298 0.143899047056046 0.17274725001425367 0.2020408492716218 0.22010920243702353 0.20923179465963201 0.18241550791318903 0.15400239915029998 0.1280303625921302 0.10553226837527674 0.08663382000169512 0.07109934501485725 0.058539738466036884 0.04855181644974709 0.041061057708005444 0.03557761681192122 0.03162809517093093 0.0288839749287015 0.027125588955506014 0.026218338279233356 0.026096999393916073 0.026540403152836997 0.027402042860627734 0.02882722288693287 0.03053953300171704 0.03233966166151022 0.034120760059479435 0.035764506592732365 0.03714432864891951 0.0377819059466454 0.03743561134579529 0.03617955126479616 0.0340479956684245 0.030139858159701 0.02471979655248763 0.01874544832417533 0.013623616117528926
0.05066854133770885 0.06100287022003138 0.0739549750383756 0.09001409611141517 0.10967659578265648 0.133398750172044 0.16153350777256242 0.19422913542478057 0.22952926888488626 0.20283972644625334 0.1706664517526737 0.14253720334999387 0.11834422004812888 0.09784910789256449 0.08074240540265588 0.06666510054745955 0.055234119528418904 0.046373805492694174 0.039840728218368024 0.035097163270143034 0.03177003088782797 0.029572317926581725 0.028310717729274477 0.027895115061055707 0.028176777179790228 0.02892568585970074 0.03013518567986843 0.03179330224313266 0.03364015965427897 0.03553583643933462 0.03734472345592042 0.03892121040203117 0.039886210758168825 0.03972078756844437 0.038462616926386535 0.03627723548047274 0.033273646229099674 0.02867605104193698 0.023132917384958693 0.017309760005890743 0.012308899140329722
0.047617166640447545 0.05671588588151718 0.06803133573664744 0.08194006284530637 0.0987942982461716 0.11883036841754198 0.1419190920344147 0.16662290380841654 0.18404312102663758 0.17400267001906644 0.15143004484065675 0.12882436895067406 0.10846608039765007 0.09077344811462201 0.07572610592328351 0.06314584366575085 0.0529016286713388 0.04515066987935629 0.039400447807058495 0.035227207438756375 0.03233840218180654 0.03054553642726328 0.029748877304141916 0.029834898650698997 0.030475128229334545 0.03163196754933752 0.0333132887251223 0.035505550475569386 0.03772302757801816 0.03979596500382385 0.04170008375040759 0.04317605685609697 0.04346312702623506 0.0424009766268628 0.040131901960306755 0.036933245539688915 0.03303597460229857 0.02778140461020739 0.021890316802620602 0.016237126590024534 0.011399544264945678
0.04446186103267949 0.05224596307808018 0.061790750364858954 0.07330566507138049 0.08689304072993922 0.10242455312626388 0.11953827758886355 0.13580678895824758 0.1453340312095706 0.1424982553541863 0.13028587207330483 0.1147005374063428 0.0989862658837318 0.08445368853755682 0.07158648165540975 0.060508945510572294 0.05160122153398554 0.04484351419285375 0.03979876051878711 0.03615198825799418 0.03368767438027652 0.032275292374381225 0.031792549557168086 0.0320163069289983 0.032958908935884115 0.03463422150202843 0.036937647894906736 0.03983638779253464 0.042761125225556425 0.04538418037582646 0.047509201331462324 0.04866201549777537 0.04816322527042534 0.046056093809711325 0.04260998144285547 0.03824764105232149 0.03336970159936055 0.027439838690217135 0.021149040159894692 0.015403692689852966 0.010702751844270216
0.041373884794275395 0.04785588218731403 0.0556572276679987 0.06483415696218704 0.07550037347738502 0.08769776249297337 0.10049395743332398 0.11183890148803416 0.11863480100607379 0.11856285141162665 0.11224037453873416 0.10219286697640835 0.09070558169414412 0.07919941647144506 0.06843954084297425 0.05889430929271314 0.05128844637872001 0.045435730071151356 0.04104574469220668 0.037905693558729636 0.03587495630007348 0.034784769069619276 0.034425805625882835 0.03479945004026369 0.03595132639013162 0.03797071019377016 0.04098567969424662 0.044792705104824686 0.04864400305535512 0.052175221871044807 0.05496173350849051 0.05580422505730081 0.05438600548097362 0.05100608456586912 0.0461196075647902 0.04035209961853796 0.034313794501201714 0.027644411706625974 0.020886204345824323 0.014929220468600735 0.010190974758343529
0.03851149683552802 0.043779808826417826 0.04999224902540989 0.05740492454431942 0.06616822164342989 0.07592774309492274 0.08585799945074511 0.09453982346489471 0.10020866298927629 0.10157796274552343 0.09861858702677011 0.09238706765633986 0.08424712458485242 0.07534263636576023 0.06647043835815926 0.05844943041411683 0.052013340712258944 0.04699260278406765 0.04322403209037908 0.04058381813616709 0.03883315275513215 0.03785099729718147 0.03762950565382353 0.038198135476266035 0.039627703990126016 0.04203643644236618 0.04559732850733858 0.05032607553328572 0.055380224558234346 0.060148028476204166 0.06373604162205643 0.06462131463669377 0.062498711113923584 0.057674496973828884 0.05096109367076824 0.04341720140520295 0.03591082586406682 0.02839543097195981 0.0210768228589658 0.014821950881421552 0.009967472251574374
0.03600403241575487 0.04019423613969753 0.04533148941834735 0.051630173162283896 0.05897874170364125 0.06704758962187522 0.07519130855844781 0.08243225476426298 0.0876450946880109 0.08995785663442517 0.08911911713267778 0.08552297890488764 0.07992813352702034 0.07315122196610989 0.06589753362078006 0.05930517989398471 0.053915050352992745 0.04966418626014812 0.046406387222651564 0.043970402276999845 0.04232230123099135 0.04145484938518345 0.041391415258436676 0.0421921582960428 0.04396231407021495 0.046862543523631374 0.05112015764512027 0.05660270447857754 0.0628739513257195 0.06931356132273804 0.07396294103421706 0.07513956586319594 0.07233028333233049 0.06592372298351296 0.057143960950582814 0.047498606068122895 0.03821733449379739 0.02968023415516854 0.0217050229697307 0.015061741693641969 0.010012419076111894
0.03365296796665054 0.03733056090337733 0.041904658279744524 0.0473869801184674 0.05374195474907086 0.060704064125365366 0.06778447286880321 0.07428448791975785 0.07940984111026912 0.08248589629156253 0.08316726441266178 0.08151162076458428 0.07789500356768628 0.07285658246668911 0.06702233123248912 0.06168117060640898 0.05711796658557877 0.05329985729713553 0.05022724391607724 0.04790418724882964 0.046345584061771104 0.04558440154053649 0.045680288340974984 0.04673051337917008 0.04888399421447056 0.05235879925978706 0.05743390636481501 0.0637754703550397 0.07118380049250018 0.07941224229368268 0.08571295836780628 0.08769271415868984 0.0842476964008847 0.07578273132606562 0.06426961643510734 0.05204664829465479 0.04076186626682343 0.03108410699909114 0.022505273930056094 0.015481811388033263 0.010211840290760383
0.0314285718663935 0.034886405696485386 0.039169286668664115 0.0442716181718278 0.05011027969875417 0.05648170929494228 0.06302975438925797 0.06924952160463477 0.07455225232662643 0.07837659218202947 0.08032505823873448 0.08024874087669462 0.0782370468910832 0.07457268124982908 0.06980572824510926 0.06523931397579222 0.06114853574915346 0.05760483981010199 0.0546740095901413 0.052419255844559136 0.050906461538260644 0.05021248592015375 0.05043709722756454 0.05171912315145886 0.05425782247669462 0.058340913477499555 0.06419164616872262 0.07143812633478533 0.08017361931792467 0.09010585542988549 0.09874212992187627 0.10256402935741205 0.0987822365633643 0.08747414961065032 0.0721899412927666 0.05675534307753937 0.043234148264352276 0.032260047691459064 0.02322626201222114 0.01591711453502276 0.010468996928602573
0.029516999980055216 0.032786127984707786 0.03683340170493627 0.04166376061076515 0.0472207641550923 0.05335286591065796 0.05978664569371003 0.06612247005254518 0.07186701681771382 0.07650440359147899 0.07958765903508593 0.08081997880430612 0.08010146235030728 0.07753473382034261 0.0736468206539211 0.06973907030857353 0.06604825214450614 0.06270122209562325 0.059827781517298256 0.05755366482279304 0.05600020762447929 0.05529161794858197 0.055569572705053256 0.057014909387875484 0.05987742430879772 0.06451601101413694 0.07087375551463908 0.07887366742786049 0.08887235128201405 0.10067489307182612 0.11199158822594216 0.1196238967024969 0.11659070273144485 0.10081751370672373 0.08017662874958288 0.061027902951728816 0.045301398573942206 0.033087029219108714 0.023744770025889966 0.016317437540832175 0.010771437207908258
0.027896690263581457 0.031007325782675902 0.034869365155043 0.03950371008808463 0.04488454521840791 0.05091092542674571 0.05738107689185421 0.06397913181509102 0.07028468943341427 0.07581076488639851 0.08006638928278763 0.0826315076303899 0.08322849092927541 0.08177568443072697 0.07873828672457502 0.07540918185100152 0.07201611772825595 0.06874064525059743 0.06578430875650049 0.06334557808555781 0.061609247410733786 0.06075047617663346 0.060951726149528145 0.06243033366036007 0.06547675563507191 0.07036088407083693 0.07679935995648601 0.08510273581773799 0.09579952376468642 0.10889118818076728 0.1227831947987994 0.1363223477876571 0.1384502129205336 0.11349505331771362 0.0861706522411793 0.06381540125687923 0.04651537446956574 0.03350765594116382 0.023926311710346187 0.016624989253494586 0.011104238306111078
