_RESULTS/CROSS_VALIDATION_POSTPROCESSED/MHZ/IZ/5comp/4/MHZ_IZ_z_710_kriged_reverse_5comp_spherical_4.asc
ncols 100
nrows 81
xllcorner 5.5967107548124995
yllcorner 50.982328804812504
cellsize 0.00017565037499993607
nodata_value 1.7014100000000001E+038
[rows 36 to 53 of 81, columns 0 to 39 of 100]
7.938597440991307e-05 6.854679010653577e-05 5.857822776341876e-05 4.832795123542253e-05 3.874550347684732e-05 3.040598008357255e-05 2.3524407907448592e-05 1.8063854038884012e-05 1.3843623745986549e-05 1.062570722117519e-05 8.173478728759759e-06 6.284956596518293e-06 4.823009113102699e-06 3.72345202736906e-06 2.8839525286180173e-06 2.23228252642378e-06 1.7208531672006523e-06 1.3175771450897388e-06 1.010828526241884e-06 1.4047286426500326e-06 2.5678704223762775e-06 4.708593281538656e-06 8.590724503797133e-06 1.5474535429853555e-05 2.7312782535791675e-05 4.700901649476081e-05 8.021168914728242e-05 0.00013760018941623425 0.00023821856124378197 0.0004125185865423434 0.0007077400274223656 0.001189976403757073 0.0019330654058296126 0.0030444364543769573 0.0045688895101130365 0.005880176434801373 0.006759421677110873 0.007612246254656377 0.008251697248312505 0.00861317984602373
6.0312146250335845e-05 5.098409079789937e-05 4.28123825078558e-05 3.480641651518477e-05 2.757558392942702e-05 2.14564132177952e-05 1.653188591760252e-05 1.2718553565780777e-05 9.843871220039825e-06 7.704277584356858e-06 6.104221137008976e-06 4.879448065215992e-06 3.907379371015567e-06 3.1142165705454405e-06 2.493397152338362e-06 2.0060868428413083e-06 1.6251090140632602e-06 1.3477727178169388e-06 1.2546854572054638e-06 1.6268249403839538e-06 2.712463047079374e-06 4.853400106714514e-06 8.816315382575353e-06 1.5936928874682193e-05 2.8334434288817856e-05 4.9097831128102154e-05 8.361863739200011e-05 0.0001415312799500574 0.0002402697627324076 0.00040878788313869713 0.0006911137101339405 0.001151058425936463 0.0019245885762958145 0.003394806385726026 0.006085465187722468 0.007916995814158279 0.008799876177429158 0.009505464816629552 0.010026194523010564 0.010303815242065487
4.453163540855264e-05 3.6869640004062614e-05 3.0494454745619876e-05 2.4503251381368052e-05 1.923100150992068e-05 1.4862398012902053e-05 1.1416543784642988e-05 8.809197688035524e-06 6.902015291212371e-06 5.5367417990303394e-06 4.558688418468326e-06 3.834134263222068e-06 3.261692762825814e-06 2.775610352338032e-06 2.3488221719995738e-06 2.010680807643675e-06 1.7637289728699643e-06 1.6301786275729409e-06 1.7037144883125443e-06 2.179769639205834e-06 3.331197074717664e-06 5.612686371438246e-06 9.848086904480433e-06 1.744984192979278e-05 3.0664893022855266e-05 5.277832159523984e-05 8.87346930882122e-05 0.00014824893371657522 0.00024527823483048224 0.000404444416649074 0.0006629562457729853 0.0010881254327417425 0.0019121995554374428 0.003528385996751969 0.006341816155386654 0.00868991847807935 0.009782708428584625 0.010541875577515137 0.011082006042257241 0.011379100043659244
3.219723853105255e-05 2.6138701084757695e-05 2.1345815205470195e-05 1.7017530364662595e-05 1.3273052997533489e-05 1.0208244122377989e-05 7.819853692336507e-06 6.046194457005648e-06 4.794773764394462e-06 3.956912043383929e-06 3.416366802807114e-06 3.0623903557409806e-06 2.8059910243259984e-06 2.5885667857604126e-06 2.381079508672367e-06 2.192339117029806e-06 2.0839906082047123e-06 2.0977838537710022e-06 2.3329452637881003e-06 2.989502264082679e-06 4.3622308497035785e-06 6.967965008420284e-06 1.1703115632035662e-05 2.006050257992801e-05 3.437365989238989e-05 5.799493044068209e-05 9.544579317110129e-05 0.00015574296984651237 0.0002518158742849853 0.0004006587898553222 0.0006294265201330491 0.0010540702048832085 0.0018969575010843892 0.0035058104005229315 0.005803738502568551 0.007981005118459469 0.009448439940134709 0.010474934520564253 0.011192333069532061 0.011634019042597494
2.2967791477332244e-05 1.8320744308280334e-05 1.4807629527921627e-05 1.1774881871195634e-05 9.170455645456477e-06 7.04053361642832e-06 5.3788456948742515e-06 4.152417599421123e-06 3.3170903647686957e-06 2.8181352286781562e-06 2.5778671136373363e-06 2.5000676273439805e-06 2.499919674032579e-06 2.5217765585189314e-06 2.538036657208282e-06 2.544650757674289e-06 2.5933516162012295e-06 2.7802870174041386e-06 3.2142828914869188e-06 4.131161522578802e-06 5.864187161789416e-06 8.999501298892418e-06 1.452035530441819e-05 2.4002039382216067e-05 3.98125835355573e-05 6.519575947066439e-05 0.00010408663465220701 0.0001640567027043026 0.00025642236108735253 0.0003945751613276321 0.0006179538899972479 0.0010555295555384116 0.0019262960406691268 0.003367599618567264 0.005178618362967527 0.006960501021536865 0.008423080790906918 0.009590338191697618 0.010479805505625838 0.011107040765374339
1.6281072556776504e-05 1.2799924845989242e-05 1.0261992586489832e-05 8.20034280286899e-06 6.425528404071812e-06 4.955212734386473e-06 3.784358393265671e-06 2.9016288613532876e-06 2.30433453240934e-06 2.003205393495275e-06 1.9718487691418883e-06 2.1115503221652704e-06 2.330599073629929e-06 2.5778692100349742e-06 2.829265582151914e-06 3.0800575016784194e-06 3.3485558777358217e-06 3.7606020993401372e-06 4.4752716828744494e-06 5.80003290391683e-06 8.147911958641892e-06 1.2197065077784179e-05 1.90494144190067e-05 3.0394417964027694e-05 4.862539832606865e-05 7.676705202791856e-05 0.00011799813185467876 0.00017795141226123622 0.0002655525876377895 0.00039161868869077145 0.0006247583444372041 0.0010917660854390023 0.00194312834869589 0.003137610481152814 0.00453339715554597 0.005905050421146714 0.007172854322618206 0.008296610659480926 0.009246521880884987 0.010007954635181095
1.1542528736894197e-05 8.980176408575668e-06 7.1664573505283914e-06 5.803694180532723e-06 4.6285174249781786e-06 3.6289014713181287e-06 2.798844700974134e-06 2.1340741943417844e-06 1.6460337501623053e-06 1.4232776089293854e-06 1.565229469939905e-06 1.8987616756267365e-06 2.3177903213679795e-06 2.7909875037601474e-06 3.3046408207713623e-06 3.8557296537814464e-06 4.470367411468322e-06 5.261383045896186e-06 6.469156630344702e-06 8.467887399980786e-06 1.1808800977601224e-05 1.7311755484529943e-05 2.6241565290666312e-05 4.0419836349759786e-05 6.22244413006347e-05 9.431649646743889e-05 0.00013890093737020537 0.00019963960842848329 0.00028321773644223694 0.0004091681218550161 0.0006588036436074381 0.001145812180347932 0.0018867730207055473 0.0028452709450178795 0.0038968414139205565 0.004916904526434956 0.005925966604711589 0.0068907409610977945 0.0077852497893843515 0.008589638338483939
8.227560109116178e-06 6.364147901991503e-06 5.093596648891209e-06 4.2057780822529845e-06 3.467844705582208e-06 2.817606252270459e-06 2.2474946218548247e-06 1.7547604229041453e-06 1.3386804253226965e-06 1.0274145193307216e-06 1.4201774656516765e-06 1.9153017685144465e-06 2.518785831389381e-06 3.232435473939941e-06 4.0584586318497135e-06 5.049202362037839e-06 6.251183516160987e-06 7.713108248285509e-06 9.744969451320011e-06 1.2828448278076894e-05 1.7748878351602748e-05 2.5517493604974148e-05 3.7594342863500015e-05 5.591558730262946e-05 8.27282476581515e-05 0.00012007640796543584 0.00016881843012357076 0.00023076140319550854 0.0003106350717591974 0.00044624217788037527 0.0007193672748578316 0.0011797332493524988 0.0017912663552583374 0.0025046377464834494 0.003217871125888605 0.0039546716221589865 0.0047264045695062104 0.005499982021685571 0.006269626280283484 0.007032034309814767
5.919464448969077e-06 4.573566300359284e-06 3.7035518444441928e-06 3.1353398087924517e-06 2.7200705397714903e-06 2.343187563873894e-06 1.995328698705584e-06 1.6831544537595587e-06 1.4370610144273624e-06 1.3752187612544817e-06 1.6722884386068987e-06 2.2421227869493363e-06 3.0230539915529605e-06 4.023051004269191e-06 5.3270286074306384e-06 7.010020478580669e-06 9.14088149865627e-06 1.1774134916453785e-05 1.5197086932824028e-05 2.008769877265067e-05 2.752491048084539e-05 3.880706993157912e-05 5.559603388938987e-05 7.985514045994413e-05 0.00011346231486175656 0.00015743495051951604 0.00021078709080751785 0.0002737590235285764 0.0003526203567100185 0.0005021229250208629 0.00079028148583218 0.001191281458351536 0.0016662224202775233 0.002156423196289107 0.002596221334884522 0.0030484154657892865 0.003556353992956063 0.004108130955742662 0.004690963423532163 0.005350964190922135
4.309491103295804e-06 3.3383706544433025e-06 2.761397542163486e-06 2.4262756420685024e-06 2.234367690870455e-06 2.0821597902964202e-06 1.9373845511385316e-06 1.815084744172567e-06 1.7618034315477507e-06 1.8705309617119366e-06 2.2464663239240163e-06 2.932518380083128e-06 3.950445254506813e-06 5.416146300967855e-06 7.461230882941238e-06 1.0232891551540683e-05 1.3881474040850573e-05 1.851688316529935e-05 2.4345539197727467e-05 3.2349611173922064e-05 4.3808640676151906e-05 6.053220069149291e-05 8.432836945595985e-05 0.00011696944606301302 0.00015952778650595544 0.00021136933586436414 0.0002690451993614324 0.00033199209659775755 0.00041198215394507904 0.0005761575379526739 0.0008533897234705638 0.0011806541147257837 0.00151823141506572 0.0018136734305107401 0.0020605806659758984 0.0022930267688081865 0.0025524954783873836 0.002867857512531787 0.0032405760345025816 0.003745816934616481
3.179978856848227e-06 2.474070587157541e-06 2.1133037364573658e-06 1.9578824657516864e-06 1.9235459279986118e-06 1.9588931764693242e-06 2.0083989679292263e-06 2.0845630333979365e-06 2.2367238900295443e-06 2.5482478832416544e-06 3.1215387625695156e-06 4.055151193687558e-06 5.527785669693888e-06 7.751273267730353e-06 1.0980012880901937e-05 1.5519907582257535e-05 2.1685868595723755e-05 2.970858363455535e-05 3.9711830692202904e-05 5.307973085501801e-05 7.113686345890072e-05 9.626660358239094e-05 0.00013040408704792812 0.00017467739334021314 0.0002286065028968181 0.000289004173510649 0.0003494463519284932 0.00040986213752098824 0.0004902440374110271 0.0006655280325738356 0.0009061934336005406 0.0011486908931749014 0.0013547394141659485 0.0015037029627956832 0.001611314994562253 0.0016880229924911363 0.0017734380139407013 0.0018896194471320785 0.002071302240417033 0.002385519118669224
2.38419302315983e-06 1.858334166263358e-06 1.6645709635320577e-06 1.6587455228216208e-06 1.7602190591022145e-06 1.9397499841994156e-06 2.1844608391186235e-06 2.4815172024772817e-06 2.8825108298366557e-06 3.4746976944352016e-06 4.374683655728268e-06 5.7984012327483244e-06 8.05974537885363e-06 1.1524859542780959e-05 1.6679186765638678e-05 2.4113926313769953e-05 3.4449515321399595e-05 4.815210901438828e-05 6.528044084335074e-05 8.7629858249285e-05 0.00011702830651974153 0.0001551078753424999 0.00020434462858011788 0.00026439826898567585 0.000332019850091594 0.00040024769727245327 0.00045989150120172225 0.0005128795113224228 0.0005886489522703101 0.0007592105655596724 0.000946424476422981 0.0010973722588554023 0.0011904142087856829 0.0012383333878148827 0.0012458378326176058 0.0012224621538238021 0.0011988063304044872 0.0011933334786367674 0.0012331364444109474 0.0013712125809815284
1.8332685815868606e-06 1.411831621015139e-06 1.3684717145031933e-06 1.5055595493508232e-06 1.7375648175109295e-06 2.053265812818747e-06 2.4754784447012234e-06 3.032034496829925e-06 3.7525851766965337e-06 4.737643530705587e-06 6.167021010179852e-06 8.428000483226985e-06 1.1975458905099008e-05 1.744567405646431e-05 2.570096263273592e-05 3.7814219274634034e-05 5.4936490135142925e-05 7.79572861780468e-05 0.00010691269010561184 0.00014403602252427205 0.00019219879791498767 0.000251472635442168 0.0003224397369683769 0.00040325032769696653 0.0004859788714733366 0.0005583684957101414 0.0006106368324871529 0.0006475555976116319 0.0007075264336665981 0.0008527277150176572 0.0009722685426358152 0.0010333950309040815 0.0010465238816977607 0.001018385797253818 0.000959158547160969 0.0008807422348307706 0.0007996713559205303 0.0007333434843721467 0.0006994562593158274 0.0007164010801340273
1.5254110503360943e-06 1.0891660769192847e-06 1.2485704166461786e-06 1.5309539249767753e-06 1.892877922485044e-06 2.3559483650093777e-06 2.9637355551231226e-06 3.789304260207008e-06 4.922369664550298e-06 6.448778043937893e-06 8.724635351406289e-06 1.2279947139950359e-05 1.7831719367183317e-05 2.6429340722983204e-05 3.9525240224131465e-05 5.8962564612133525e-05 8.675850425138998e-05 0.000124512576059286 0.0001723051646039062 0.00023303326952395074 0.0003110051512829963 0.0004050244194935678 0.000508905184693712 0.0006159454308186276 0.000712792362099547 0.0007802205686559872 0.0008144610685003978 0.0008209151351386219 0.0008456882518124865 0.0009426016542705093 0.0009863310508144497 0.0009833912916484796 0.0009418865253535795 0.0008685762580095027 0.0007733716830959754 0.0006673631193488561 0.0005614178147889691 0.0004699040181758148 0.00040568958944935167 0.00036813998334968165
1.7373252073845326e-06 1.2865837542143036e-06 1.4742246315581258e-06 1.8363675554465795e-06 2.3169834541005266e-06 2.9459092178418105e-06 3.7816026217276394e-06 4.9172828493293665e-06 6.495894579291513e-06 8.774789904328276e-06 1.2277175318526479e-05 1.7727099571809028e-05 2.6240513315216697e-05 3.947519667324538e-05 5.97593177549043e-05 9.009098637135769e-05 0.00013380434880421227 0.00019360495515777278 0.000269723477915402 0.0003665498956887357 0.00049014115183219 0.000636914748500851 0.0007937018696126277 0.0009362741853323786 0.0010415040195593818 0.0010884504964638992 0.0010862675668585932 0.0010392799824382125 0.0009999436254182357 0.0010415984786368824 0.0010412346983947136 0.0009948105798514419 0.0009100296385261457 0.0007983595068185023 0.000672849783373694 0.0005458934459889092 0.0004274143413828674 0.00032579403873418417 0.0002498580490067654 0.00019413041881277468
2.6215366202128828e-06 2.1530745903221526e-06 2.205429598480525e-06 2.5712851602857057e-06 3.1612989760568353e-06 3.986809144310498e-06 5.113396923289498e-06 6.6544346725399324e-06 8.781152397849446e-06 1.1953675248619029e-05 1.7018324695063224e-05 2.5068257312243694e-05 3.767659004511846e-05 5.7333487410858664e-05 8.756755140728494e-05 0.00013296305998308227 0.00019867664732950652 0.00028898018539939374 0.0004045022901030341 0.0005531187653406661 0.0007428330462428235 0.0009664384388652075 0.0011994682205936432 0.0013976185155446838 0.00150697396556176 0.0015129795095446096 0.0014414893886101768 0.0013136938406573613 0.0012155708043589896 0.0012223216641773585 0.0011763992755196363 0.001079802909442725 0.0009466285011468997 0.0007931868676661771 0.0006354767946819077 0.0004869379649326849 0.00035519780603190265 0.00024387908580432923 0.00016401895347958862 0.00010952421694596379
4.171863415144045e-06 3.592763034963139e-06 3.557700643820359e-06 3.9329037549427925e-06 4.652571198611694e-06 5.728385343367916e-06 7.236002424954582e-06 9.310758613175034e-06 1.2176225321835524e-05 1.6565732253293206e-05 2.351527655715474e-05 3.456595060873747e-05 5.2154261636713944e-05 7.99074929450764e-05 0.00012265637815616124 0.00018687795717635286 0.0002799283837965959 0.00040800085023024954 0.000572817181452613 0.0007891021285298473 0.0010672195004987116 0.0013961779577826234 0.0017354407314356937 0.0020083930436227923 0.0021289219294308138 0.002088081459463212 0.0019341863085135932 0.0017476540788388358 0.0015747232665588415 0.0015246043987087346 0.0014163398254163609 0.0012543081482335808 0.0010596619808281012 0.0008536098370028578 0.000654969057565114 0.0004731773808864803 0.0003169513529894857 0.00019791684305135723 0.00011893700448803216 6.982105094560668e-05
6.638319684165453e-06 5.905723941356631e-06 5.800197401508959e-06 6.219176707094324e-06 7.120520535647422e-06 8.530094773770948e-06 1.054073153410639e-05 1.3312288648627628e-05 1.717709321019946e-05 2.3178404739038475e-05 3.259744887919691e-05 4.7404403548853136e-05 7.067351128746669e-05 0.00010701951997597314 0.00016298688403847776 0.0002470883653914095 0.00036892573331176394 0.0005365754091151534 0.0007543839883307414 0.001047307299733007 0.0014294993395618592 0.0018906541892203968 0.0023770275519822194 0.0027718106006302365 0.0029643353072716077 0.0029271509936246868 0.0027337404111557476 0.002453812382446783 0.0021579794971867245 0.0020044132693835992 0.001805248818056866 0.0015524576108229217 0.0012739786423373992 0.0009956822347082469 0.0007301308771058383 0.0004926861788298291 0.0003066712198004258 0.00017689493101909906 9.757333992323005e-05 5.2014998962909464e-05
