_RESULTS/CROSS_VALIDATION_POSTPROCESSED/MHZ/IZ/5comp/4/MHZ_IZ_z_250_kriged_reverse_5comp_spherical_4.asc
ncols 100
nrows 81
xllcorner 5.5967107548124995
yllcorner 50.982328804812504
cellsize 0.00017565037499993607
nodata_value 1.7014100000000001E+038
[rows 0 to 18 of 81, columns 0 to 43 of 100]
36.4232838416639 36.71284933187084 36.976791772304765 37.1985030888403 37.35736134660052 37.43228224921337 37.41064310921589 37.296226131134055 37.10651121691687 36.86296099779639 36.58444893491411 36.285782991286766 35.978947120056695 35.67437834948353 35.38502334117486 35.11610305137375 34.87045254435592 34.65086841171294 34.46036574895129 34.302361521678 34.18079274839259 34.10017289960035 34.06554832507665 34.05333733564407 34.04217688471451 34.04402638357702 34.094961213196314 34.18888742530553 34.319933325322836 34.48258166441839 34.670903348813624 34.87852454430948 35.09858355913121 35.32368373826786 35.54585677520315 35.75656693579568 35.94681273649453 36.10741354212948 36.22958049977576 36.305814670733945 36.33100660949605 36.3033860539677 36.20036659579997 36.00367002665849
36.61478987773421 36.93586173984909 37.23697581332669 37.50035170467915 37.69887909027366 37.7971639629463 37.76953680203244 37.62419131205605 37.39418919532953 37.11170915150205 36.79916639336539 36.472939393778745 36.15339529816662 35.84726606639287 35.558294933128415 35.28915604357244 35.041707016410065 34.81794214449854 34.62024967407264 34.45159806526847 34.31565566000124 34.21684316078096 34.16031895484872 34.13253668292411 34.10285080162266 34.100669633021774 34.151540356129416 34.255310818866405 34.409312458862246 34.597872465260515 34.81318853310661 35.0488877032166 35.29805535828912 35.55314028037643 35.80584112648425 36.04699700547178 36.266545134855136 36.453679741940725 36.597429303518425 36.68786583039038 36.71789022471729 36.67149580337139 36.51298464524963 36.252329512575585
36.75191741766118 37.099425679093926 37.43582735924447 37.74623884289377 38.000958947972144 38.140397878033454 38.10064981506926 37.90485550393642 37.623686927894134 37.30102569013249 36.9681467294993 36.64399883109368 36.33257463256549 36.03598291360106 35.75547440542248 35.49242075147548 35.24897482663942 35.02633960484588 34.8262232762979 34.651114777163656 34.5044086940678 34.39045558761975 34.314533317097826 34.26918342963386 34.22361923849495 34.21774215897378 34.26297033490858 34.35980352019949 34.508506772680065 34.70891188455701 34.94912405883197 35.21114148408146 35.488113346835036 35.77252669578227 36.05598243029307 36.32893826747207 36.58042458343676 36.797882141981695 36.96749657486452 37.075645996679576 37.10908816623757 37.0213169527749 36.80600254987808 36.478550701152
36.82155147320784 37.18457977647054 37.54535572597014 37.89670673375179 38.22214994800869 38.44992370940942 38.375653862610164 38.09482934327862 37.761797321521115 37.426834649270894 37.10424148560583 36.796329838419595 36.503743216427814 36.22644280378701 35.964134595691206 35.71654892452105 35.483983884066284 35.26843067150606 35.07114143499058 34.89411511885123 34.74048442490894 34.61457271725747 34.52185113521701 34.45815151923405 34.39989679967108 34.386084160404344 34.421370359836445 34.507016052625744 34.64402826074627 34.832948906936515 35.0736421502688 35.358003653023474 35.66054443820599 35.97263385152796 36.286104636066796 36.59147191563228 36.87733760297035 37.12963904991111 37.331160236556826 37.462609542594855 37.48551163876324 37.35424701665484 37.079138314269336 36.680617292986874
36.815050151634836 37.177212076186464 37.540097637187806 37.90072074895849 38.25610546881341 38.597020608809565 38.454027222409906 38.11914754175046 37.793208935686884 37.48432350920151 37.1923159190816 36.91648049829945 36.65578097219982 36.4089716590581 36.174733924126215 35.95185485429909 35.739453829539514 35.53762871879116 35.34873327094026 35.174526068117245 35.017895077209005 34.88319536393573 34.77619279711823 34.69399035846734 34.623117051507016 34.59662651048196 34.61715985922858 34.6868407227712 34.80749641530992 34.98044250828622 35.206280184535906 35.484688343963235 35.80718495929296 36.14392251326611 36.48510683055272 36.82191569076827 37.14344370379099 37.43521706784973 37.67696382769031 37.83879795557462 37.845764790801056 37.67012209885417 37.32869527812298 36.85289892117301
36.7314267191333 37.075087702184824 37.414308782260186 37.740836186742456 38.03446283926281 38.224812976689776 38.174204597086145 37.960931655107636 37.712178763968815 37.463687661151 37.22470546573921 36.99753031099608 36.782052854426176 36.57709490841837 36.38096291954399 36.19180969897737 36.00798162333397 35.828397977019755 35.65370662205698 35.487082953290646 35.33129529456044 35.19080060184157 35.07179361154527 34.97092475190659 34.88486666335153 34.840502053084236 34.841030166505945 34.889528633949816 34.988694756454834 35.140636537419844 35.34669558041559 35.60727802814486 35.921666230761396 36.277054677226694 36.641437534085725 37.00594863744641 37.36136262990576 37.69506005418041 37.986842853674766 38.186671801076365 38.190937796452204 37.96459513492973 37.543316859055565 36.98293436521022
36.5780501570017 36.88983409223649 37.18863555310213 37.46110120006096 37.68138528969211 37.802952680759994 37.79781788346506 37.695626872338 37.5436694797211 37.37500213887911 37.20492839280797 37.03954677139756 36.880605423784516 36.72762873440131 36.57891306688372 36.43212910971247 36.28483855623747 36.13504171012535 35.98176360674945 35.82734973367848 35.67599194646101 35.532329397362375 35.40316604116335 35.2831333394612 35.176924130624364 35.1091076963537 35.08404628514996 35.105846825408065 35.178089436475815 35.303638290922926 35.48450461335049 35.72173066703364 36.01526644239081 36.363812351640746 36.744250765664155 37.12883328632374 37.51063669324826 37.881173963838236 38.227148409842265 38.48640567717963 38.521483082928285 38.21825836138196 37.69440983041247 37.048370263187195
36.368121573172765 36.641217823278595 36.89477723701229 37.11547434666767 37.28322418162624 37.38044924539843 37.41525290939192 37.39057466473164 37.32502676463502 37.23833078709789 37.14356411031588 37.047587874183264 36.95308117939751 36.860034664404786 36.766668672152385 36.67008054578819 36.56685907579596 36.45379784847652 36.32872712380671 36.1916732867296 36.04789821730046 35.90311699172019 35.7649998302498 35.62339861505692 35.49123103056844 35.39410086857757 35.33768648570785 35.32717574325055 35.3669995266684 35.460682538730595 35.61076094927525 35.81872504124022 36.084956205311244 36.408636781942135 36.78530034630149 37.17838597694994 37.57192669506546 37.96040646907291 38.33729789899668 38.65195254494071 38.83656107710788 38.34354641698292 37.725858266287005 37.02023442246155
36.11691637539881 36.349729680250405 36.56010508411153 36.73762708828455 36.86997452411662 36.97059493824284 37.039989857820395 37.07518667182739 37.0827025072825 37.072369761656674 37.05257419870742 37.02864622556916 37.00293456966449 36.97529173555784 36.943544461284596 36.90395090965679 36.851778128423156 36.78213496475923 36.691104139275424 36.57703173034488 36.44343230009395 36.29875559157214 36.15170499257099 35.9840433342063 35.81977368717876 35.68731272339223 35.59380455803819 35.54552955035068 35.5476819076867 35.60429276485173 35.71821988777708 35.89114931182185 36.123573758194205 36.41472376967122 36.76242889628536 37.14901325686736 37.53551195881888 37.91309613230447 38.266677673168346 38.51873947026599 38.54711558112173 38.180985543275305 37.59098900684796 36.882479085249884
35.839063778252886 36.03276793669961 36.20410318999624 36.34626660388614 36.462108396945084 36.57436260935386 36.6755194462704 36.76098340730719 36.83135132157242 36.89023780670664 36.94181530033509 36.989206698979 37.033739060586534 37.07467464305116 37.10915765621028 37.13232520886242 37.13769259204564 37.11801305026714 37.066764505022434 36.980129121644524 36.85936066722272 36.71486776729741 36.55489726269921 36.357140884054736 36.15434914758044 35.98056541780503 35.8445106132736 35.75349662224272 35.71332192591733 35.728315288244076 35.80141902181602 35.93424959525139 36.1270993973607 36.37885103954476 36.68676427838105 37.04409141214879 37.40845931423595 37.75468771506904 38.05456935721016 38.214979889364805 38.16273225402779 37.85236732396481 37.32758396694608 36.652707990998216
35.54746245640982 35.70415278817196 35.840313940781314 35.95289532391629 36.06597886666603 36.19209759152936 36.32304801395069 36.45288667215174 36.5786694857326 36.70005708909024 36.81811923133765 36.93403021633305 37.04803522726403 37.15871832947048 37.262484465606406 37.353229699170505 37.42233990596415 37.4593750936975 37.45390589781038 37.3985983559492 37.292576433085344 37.146738932629006 36.965770683468456 36.73390909988461 36.48619025110648 36.265395978780404 36.081988524887144 35.94412309639209 35.85795050709415 35.827839974251035 35.85657561553057 35.94547567881606 36.09440987477662 36.303690864383086 36.57240006529026 36.892442536314995 37.231966419773286 37.54258413356497 37.791893375645834 37.892479479255634 37.80452445796222 37.51176219275363 37.029899551068056 36.39210106131634
35.25330695410208 35.37500940372981 35.47869586402722 35.56918476632399 35.68336235572948 35.82404082454397 35.98336132878407 36.15357269558997 36.329010669055805 36.50671079979675 36.685718573999274 36.86589650901918 37.04675810501192 37.22646962547297 37.40096629695635 37.56312375084179 37.70209988659015 37.80338170457355 37.85066701972803 37.83065131762447 37.739512923056246 37.58813100734409 37.374157209340154 37.10283917172561 36.805441767892056 36.532723967671174 36.29830444144149 36.110795748783566 35.976341976021956 35.89906297254013 35.88136522101629 35.92627740243422 36.039136317795354 36.21540038332999 36.44808307867113 36.72805776382 37.035128171769074 37.31165042621014 37.52246327020654 37.587732948593164 37.482318123023525 37.19964986068371 36.74754500675043 36.14471142501265
34.966621084147654 35.05495948514887 35.12737110324504 35.200505324582295 35.31525071630574 35.470803978746225 35.657863066482754 35.86551533696133 36.08554768152881 36.31337567999367 36.54704419536354 36.785851236720305 37.02910623285623 37.27503746602647 37.51969751567414 37.75567030568164 37.97047270603666 38.14506683366986 38.25447934616987 38.27458945143539 38.195746907400135 38.024325877888174 37.766936363983184 37.449788826461486 37.100545895820794 36.77257110152639 36.48531321815863 36.24721524971984 36.06397268514011 35.93922918633371 35.88255660578506 35.89755960282991 35.97988300631611 36.12358608298642 36.32104515092861 36.5627738503616 36.83493021258267 37.08240341999278 37.26644627727001 37.3129753202609 37.20139892506547 36.92947011294784 36.50258673055752 35.933061320730324
34.69693332388592 34.75344439690243 34.794234539728386 34.8492571180084 34.96232839836524 35.1342461552566 35.34983578151214 35.59234463292613 35.85154534662472 36.122552054110926 36.40345300872807 36.693660327389466 36.99275410746958 37.29951014512384 37.61084164995261 37.92030311195059 38.215603509092986 38.47452706489116 38.66059770849562 38.72861880153349 38.65417248092059 38.43855320715124 38.1257125021718 37.75667478730294 37.35778098535356 36.97406434072064 36.63482972013822 36.347573223924144 36.117727781918184 35.95947493433369 35.87598077964011 35.86374881803033 35.917763758392645 36.0315394634465 36.19711756314526 36.40507315662326 36.644440224335575 36.86838629565356 37.034306340894226 37.07425281632555 36.9652365758208 36.70745406920117 36.305785099919305 35.76985577139656
34.45374673699969 34.481244761950045 34.489749796760904 34.51890761961558 34.62534656095475 34.82014622259834 35.06650507118125 35.33975445193036 35.630857009080536 35.936530118429594 36.25573691565121 36.58835787294953 36.93442324466428 37.293463986952 37.66375960974654 38.0411531413266 38.416623250253835 38.770373565222286 39.05737277437728 39.190651244677966 39.09205666424723 38.80422893613691 38.42314431428818 38.00045534372911 37.55980225883586 37.12610110786415 36.7392601661963 36.40767340258891 36.14847906080937 35.96685522658854 35.86023914859546 35.824536212282 35.85424953484196 35.94256269080169 36.08142434123247 36.261698800410954 36.47347406086564 36.67882499296946 36.831602264047994 36.87463346893395 36.77553719399035 36.53616670159942 36.16167173117879 35.66079473700265
34.24608945492436 34.25109496123323 34.23298376804655 34.22434760726899 34.309009053650804 34.547710362052825 34.820860566651625 35.11488071480777 35.42733932400642 35.75727625492306 36.10442157566021 36.4688877001123 36.85087818044031 37.25037147054698 37.66675295900303 38.09829483228592 38.54112597905958 38.98615900215978 39.4047094040287 39.651116578434625 39.464978611117054 39.06916155255368 38.620299464793966 38.15466537108106 37.684531187358274 37.21905749388497 36.7928987320909 36.43591046827654 36.15837049971249 35.9588473522947 35.83431404999629 35.780321731836175 35.79112176614716 35.85977679005651 35.97830833062237 36.13794069797265 36.329511568029666 36.52033507033665 36.66158190011329 36.71518621075116 36.63237836796436 36.41567111902871 36.07085351982719 35.606721959691924
34.0804880365173 34.07328532760039 34.04764380765599 34.04031780407471 34.128083471805546 34.354423468827086 34.62509047449716 34.92247222620947 35.243255636650304 35.586020442889264 35.950022209668646 36.33486941576749 36.74029416937941 37.165924085437965 37.61104802656035 38.07437180514443 38.55374305282388 39.045762523665786 39.539685865134956 39.96449709160597 39.60649376090568 39.149379787629684 38.675713838013095 38.19668926209539 37.718009984132 37.245332440554016 36.801343025358705 36.43373265917382 36.1453178460482 35.93455997935869 35.798363146651205 35.732241659609585 35.73045262801998 35.786131612290966 35.89147830466765 36.03804809882043 36.21720698287822 36.39785080515614 36.53050842736603 36.595437770791214 36.53441115173047 36.344134542112045 36.03123551585336 35.60690951906961
33.95899599273729 33.94779856774478 33.92881822579821 33.94514752491214 34.04305623273082 34.22874534191702 34.47476958740722 34.76079022204258 35.0782688731949 35.423261281951 35.79351578457414 36.187453372298926 36.6036641235389 37.040511198458944 37.49567522155879 37.96543887565189 38.44315946031702 38.90897555121043 39.310151547434415 39.51570209714189 39.36608452051603 39.00485662247341 38.57429394816496 38.11930896717716 37.65618737725051 37.19723634525218 36.769844733977195 36.40108223816748 36.109810105431094 35.8949728252052 35.75383854427791 35.68221929127467 35.674635539164996 35.72447180491822 35.824174339628634 35.965549315744056 36.140221303833165 36.315097918871125 36.44241658161149 36.51368052582598 36.4790976851992 36.31825969993826 36.03915346187048 35.668413551283926
33.88044173197159 33.86746144429979 33.854267507277655 33.875923602325486 33.969145086531995 34.1327236085961 34.355296595186644 34.62422586525095 34.93083930510181 35.26970713773688 35.63711929286122 36.030093368520646 36.44571266888738 36.88052319922036 37.329758110046356 37.78594112066027 38.22691055229147 38.621152340941975 38.92116006200442 39.05241596234967 38.96533202135164 38.70192812340824 38.342377771011975 37.93543663428054 37.50640741284472 37.084042344802434 36.693362110979 36.34165786250374 36.055053230657585 35.843011563879315 35.70351804323994 35.63297210045446 35.6263893197349 35.67756385389281 35.77924648885173 35.92340331621951 36.10163214316272 36.27479587738863 36.40003865298995 36.47000006473828 36.462951446215115 36.33361633191362 36.097953145666374 35.784013068950635
