_RESULTS/REVERSE_NEW/MHZ/TZ/2comp/MHZ_TZ_z_63_kriged_reverse_2comp_test3.asc
ncols 100
nrows 81
xllcorner 5.5967107548124995
yllcorner 50.982328804812504
cellsize 0.00017565037499993607
nodata_value 1.7014100000000001E+038
[rows 57 to 75 of 81, columns 43 to 85 of 100]
1.7931344578020512 1.795369929031778 1.7857564937513417 1.7630479199130835 1.7274417980403147 1.6806329465107117 1.6255277353979112 1.5657251145884195 1.5049600159398102 1.44670819502897 1.3940612024056382 1.3498245981733463 1.316649782826702 1.297016401227925 1.2931153055569329 1.3069458988226517 1.3408551387193253 1.3982608695668353 1.4839127111646235 1.603139825920673 1.7598699639593924 1.953467242574903 2.17492747613534 2.4041075871556834 2.6107844179208786 2.7613721940685036 2.8291692136856565 2.802808469103918 2.6893596364835304 2.511915855972823 2.302499121798812 2.092645674201849 1.9059770272223806 1.7555406497008759 1.64519430439613 1.5726194088022702 1.5321205852749173 1.516575113298957 1.5186505398123527 1.5315891258097771 1.5497417158405171 1.5688842819099709 1.5862926493310014
1.825134676581727 1.8319552962103562 1.8266499452329648 1.8075449115062543 1.7745250194528623 1.7291459241996692 1.6743610230709476 1.6139704452925092 1.552001570697238 1.4922340240979521 1.4379891648381034 1.3921608128301737 1.357346534242305 1.335938541872019 1.3301822941438806 1.3423724850742094 1.3752955808354055 1.432719828623248 1.5194704591642163 1.6406444739830706 1.7997048496394774 1.9954364275432 2.2183153210493938 2.447996305357233 2.654618429519174 2.8055196426646365 2.87507812659607 2.852539253569744 2.744677926187177 2.573429823230496 2.3693270899310677 2.16273853189618 1.9767796501241177 1.8245738694500226 1.710359829531868 1.6322732022189084 1.585053004828007 1.5620001881888232 1.5562283393869396 1.5614476266672177 1.5724517271342788 1.5853657052685382 1.597667570745372
1.8693475631923029 1.8817715628485134 1.8813200201483697 1.8658934641416416 1.8351585909475148 1.7907018417542129 1.735723291902033 1.6743967516209761 1.6111419830136717 1.5500531496997008 1.4946187681965324 1.4477207193004236 1.4117933134668215 1.389017442828193 1.381518595665501 1.3916327706193892 1.4222656312996103 1.4771878658473794 1.560943558597453 1.678031270298656 1.831121889833511 2.018305986209702 2.2299308344318627 2.4465998770215003 2.640645458283033 2.7822733010867338 2.8482885651766177 2.8290139692891993 2.730639218980939 2.5730072094158825 2.3837043818738404 2.19034325067277 2.014285368932116 1.868055008843817 1.7561108600566948 1.6772031574751445 1.6267999588876605 1.5989293070186836 1.5873983307957196 1.5865563225318853 1.5917425649287966 1.5994875708880303 1.607505411804027
1.9218440370749803 1.94049159329527 1.945102844100443 1.9331384299562882 1.9041128277259913 1.8597799278911629 1.8037585891906935 1.7407560858260478 1.6756916737363288 1.6130111503955162 1.5563465838071278 1.508508604917037 1.471691140380928 1.4477586609734405 1.4385493323152052 1.4461871456112818 1.4733755970813205 1.5235455313762647 1.600634870574422 1.7082611535964187 1.84812096707155 2.017662061019956 2.207569607271646 2.400382811906761 2.5720033289242554 2.6968810813154085 2.7552051999789313 2.738724014586548 2.652823375723589 2.5145738249206233 2.3476065282526237 2.175661525525643 2.0173956409156335 1.8841268570003062 1.780288247337304 1.7052664163137257 1.6554229691718354 1.6257170799596548 1.6108292063050749 1.6058771582535076 1.6068264893051754 1.6106616758113275 1.615368280599267
1.9770464732941022 2.002014440123397 2.011531729374999 2.0026145648487197 1.9746696467667346 1.9297070455924108 1.871875700522188 1.8065202231989348 1.7391305916596667 1.674532269182012 1.6164913514265176 1.567713825319576 1.5301026473161712 1.5051253539548475 1.4941954186851105 1.4990155552525908 1.521826127299137 1.5654542574340957 1.633015494192281 1.727120137865495 1.8485030608903035 1.994180562519239 2.1556211561502945 2.317935896850163 2.4612994945811533 2.565049443561002 2.613244396328583 2.5992728120764905 2.527587445433678 2.4120971644230416 2.271981092402554 2.126586479545326 1.9913701609574639 1.8760427247476679 1.784761968455109 1.7174574359697312 1.671404745442475 1.642569952541907 1.6265897122836055 1.6194146937729466 1.6176785055896175 1.6188478537676587 1.6212064189632804
2.0281961056767264 2.058945491658368 2.0728201813511244 2.066425417717245 2.039092872436956 1.9931167261011722 1.9331944536312806 1.865313605465892 1.795527456508065 1.7290245002468028 1.669685282412218 1.6200929298605677 1.5818384482923702 1.555952297839195 1.5433420081836755 1.5451576494075248 1.5630150102739877 1.598992025589202 1.6553055996880708 1.7335955600968609 1.8338086812986834 1.952824364275892 2.0832280400568344 2.2129422824607037 2.326477212326741 2.4080103082527176 2.445447441585477 2.4338309254059145 2.3766583036046325 2.2846498622382807 2.1725669198309117 2.0554044393259443 1.945364242297814 1.8503871311853863 1.774157634263349 1.7169873635248134 1.676969702803353 1.6510343238407745 1.635758564816623 1.627919038932847 1.624812539495784 1.6243878491397163 1.6252363744018936
2.068268513903767 2.1035852845750753 2.12088694500958 2.116459619236819 2.089589538069718 2.0428157757417296 1.9812909210387581 1.9115267945716254 1.8400271627067009 1.7722593279402465 1.712172284927708 1.6622153472725012 1.6236777836812266 1.5971631812301417 1.583062710392834 1.5819356176362902 1.5947238061405422 1.6227339853634764 1.6673349978576404 1.7293511979399903 1.808195399743677 1.9008948401408876 2.001327018037293 2.100135012390348 2.185763403843421 2.2466775466765982 2.2741849138681682 2.2647922631568687 2.221118010390695 2.1510078400009416 2.065278669431915 1.9750304791798325 1.8894797529235143 1.8148347849991284 1.7541854605414076 1.7080488697887772 1.6751730631399657 1.653325230480175 1.63993130621178 1.632526542113526 1.629023048346711 1.6278224527393355 1.6278135306774035
2.091254877706405 2.1293429966341435 2.148837725417071 2.1458584444364353 2.119676876027922 2.0729765598541197 2.0111657968852006 1.9410420657560261 1.8693429769871175 1.8016610102593094 1.7419365571263883 1.692475851688315 1.6543034183955911 1.6276537485451996 1.61245900415179 1.6087362232674418 1.6168036878814245 1.6372754039693669 1.670809214572078 1.7176232487584715 1.776850015678667 1.8458725062918742 1.9198766025881178 1.9919145033711037 2.0537143297773506 2.097219873580859 2.116465847511453 2.1091170391783063 2.0770517416503114 2.0257606671645294 1.9628371173614743 1.8961677156087684 1.8324377254193915 1.776297227570666 1.7302010084592578 1.6947207804324251 1.6690802980754003 1.6517198978008043 1.6407780833982009 1.6344421268637614 1.6311606948844977 1.6297359777007865 1.6293261865010984
2.0934711236909735 2.132193691389206 2.152497142472835 2.1505270117671063 2.125572669882117 2.0803212408791483 2.0201667224390474 1.9518729798058176 1.882123846511404 1.816434215373057 1.7586345472917444 1.7108765691019125 1.6739732800326725 1.6478806582407406 1.632178214551143 1.626452406211455 1.630517826246549 1.6444374292001491 1.6683348418200672 1.7020305535028215 1.744577792558365 1.7938214861397548 1.8461465810309126 1.8965934096685038 1.9394545553381066 1.9693053064520663 1.9822042200461447 1.9766538816223038 1.953952626114123 1.9178026159950063 1.8733425877464887 1.8259759471347023 1.7803731224693864 1.7398754929709233 1.7063327195379037 1.680268558378293 1.6612243144048886 1.648148116962415 1.6397420885699117 1.6347223525110266 1.6319797285214093 1.6306511935378174 1.6301246733978183
2.0744179686016997 2.111636819780616 2.1314120741622102 2.1301129612185936 2.107076580694693 2.0648438795892057 2.0085105722743335 1.9444713008915384 1.879052473789021 1.8174749826091279 1.7633482433347751 1.7186535046408085 1.684047921954922 1.6593111215432574 1.6437983691214049 1.6368081443934943 1.6378047531734312 1.6464662101222882 1.6625600440955715 1.6856842192263153 1.7149435822313628 1.748660349486206 1.784233210459338 1.81824944152256 1.8469001200443476 1.8666461089433113 1.8749630527119476 1.87092139489238 1.8553897845084135 1.830787231942629 1.800482630160587 1.768057985541863 1.736662029671606 1.7086002919249592 1.6851965512780205 1.666874923785502 1.653373959611513 1.6440059164599694 1.637896784388395 1.6341702140236103 1.6320629547860066 1.6309772772870985 1.6304860856154724
2.036828538664106 2.0707433914638016 2.088888654427736 2.088021012801223 2.0675491715792 2.0297419282003792 1.9791580234268347 1.9215386022014016 1.8625913337591071 1.807051638848623 1.7582041692311163 1.7178389588690044 1.6865031620642739 1.663893366766677 1.6492647155822684 1.6417706488681416 1.640679398921464 1.6454435774464438 1.6556296721370996 1.6707431177010623 1.6900084087024339 1.7121790997041044 1.7354551199861235 1.7575681660559297 1.7760543433734954 1.7886699712032363 1.7938415276866564 1.7910070803217093 1.780730523943903 1.7645484312866098 1.7446058223414163 1.7232040290822395 1.7023933618833624 1.6837021399362966 1.6680317442535855 1.6556948295859166 1.6465456914014491 1.6401473730107121 1.6359309882104747 1.6333199493145216 1.6318088434627422 1.6309998117531803 1.6306068916106562
1.9858726020055326 2.0152582861517585 2.031030556053159 2.0304365523853467 2.012971354703981 1.9805523307922832 1.937049461419679 1.887365433459847 1.8364126445813878 1.788304247678176 1.7459191505883553 1.7108335596208404 1.6835140226265892 1.6636448838764357 1.6504820255117507 1.6431546573852256 1.6408667603829992 1.6429786563847224 1.6489763875593997 1.6583597030659831 1.6704958559613754 1.6844940541900733 1.6991522683336602 1.7130120131966848 1.7245271478232886 1.7323143328652728 1.7354177731985672 1.7335058776135868 1.7269339322003099 1.7166513068585778 1.703984804739713 1.690367264916603 1.6770878691892686 1.6651200232565098 1.6550486266481634 1.6470870587121846 1.641154943292447 1.636982406298927 1.634211654107967 1.632477160983257 1.6314569941957031 1.630896738314775 1.630612704022771
1.9278413693426932 1.9521272339137763 1.965174704670336 1.9647560251378573 1.9504576539741212 1.9238196063132065 1.8879705767821917 1.8469045331204612 1.8046626261867487 1.7646675675432897 1.7293446892734103 1.7000376070096337 1.6771457590655954 1.660385023668827 1.6490808104702017 1.642425116034742 1.639655035663428 1.6401362693251982 1.6433584790073321 1.6488673624154442 1.6561693118888519 1.6646477777323163 1.6735256054193741 1.6818946206048593 1.6888137827440104 1.693454238802791 1.6952507357253757 1.6940123372687415 1.689955991320022 1.6836514044065418 1.675894717334741 1.667549324001142 1.65939720355254 1.652033886582269 1.6458215836356347 1.6408965760840561 1.6372146410716022 1.6346139583174029 1.6328773144582527 1.631781609503971 1.6311297068913975 1.6307653779405697 1.6305754450559014
1.8688026313773822 1.8880039391157808 1.8983162696724565 1.898013734836619 1.8867708291309828 1.86576916429721 1.8374280845148112 1.8048623660975678 1.7712569629487394 1.7393425593027687 1.7110801387398864 1.687572234678491 1.6691545041235754 1.6555943226253576 1.6463236387877223 1.6406486203708153 1.6379000538971518 1.6375106857286714 1.6390248996865424 1.642059837144008 1.6462443189987137 1.6511628807721401 1.656327497774952 1.6611899954822433 1.6651951868340558 1.6678611950859314 1.6688632145998128 1.6680941546783825 1.6656820808044308 1.6619581852622995 1.6573848035443701 1.6524644637800852 1.6476541217912755 1.6433036068813172 1.639627239987384 1.6367070863003566 1.6345188630179988 1.6329685868971302 1.6319291507559948 1.6312695765213678 1.6308738894912054 1.630650005863949 1.6305310540761861
1.813623474894723 1.828182524124319 1.8359936257054856 1.8357718781510606 1.8272706792945788 1.811360461787676 1.7898380581236981 1.7650363796044048 1.7393653019312314 1.7149150663959247 1.6932058846850406 1.6751051685349623 1.6608849881940644 1.6503675307271093 1.6431026049558655 1.6385312335924072 1.636106110194006 1.6353576464407276 1.6359095073755043 1.637457727523802 1.6397322287023695 1.64245944351667 1.6453408096550695 1.6480552166381632 1.650285320798472 1.6517597250468936 1.6522974923720766 1.6518402406565527 1.6504608374948084 1.648345261585029 1.645752684106306 1.6429650382593834 1.6402392114378068 1.6377724182799074 1.6356859411028353 1.634026621835662 1.632781228543474 1.6318970300149842 1.6313024381244243 1.6309235597753116 1.6306948900922411 1.6305643546793651 1.6304940715632048
1.7655150874522967 1.776119635007642 1.7818014870132206 1.7816388720991658 1.7754518545522795 1.763858461960189 1.748144373708866 1.7299915735333782 1.7111531647331424 1.6931650713733735 1.6771566310674897 1.6637806397242838 1.6532476930565705 1.6454289054015099 1.6399858150373148 1.6364925024650967 1.6345273659912067 1.6337257298979062 1.6337959279044905 1.6345088791921925 1.635674227116261 1.6371156001782148 1.6386545515285802 1.640108246275077 1.641300936939747 1.642084715184053 1.6423620442077964 1.642102034431334 1.6413445356070022 1.6401901573674014 1.63877881425606 1.6372626872540603 1.635780536800466 1.6344390127671078 1.6333037999283984 1.6324003386330574 1.6317215371709537 1.6312388840227714 1.6309136243410598 1.6307057310768793 1.6305797020807387 1.6305072935949694 1.63046793483565
1.7260334842770682 1.7334599638258235 1.737433391071351 1.737315752451471 1.732980626982587 1.724851907124662 1.7138173063718687 1.7010454917712248 1.6877634331038 1.6750547993846725 1.663723389064946 1.654238710555729 1.6467557697663238 1.6411851395131523 1.6372842686984923 1.6347447053068893 1.6332586862353993 1.6325585193908074 1.6324304645102687 1.6327099833362673 1.6332671780403027 1.633990668941612 1.6347760076623832 1.6355217995380273 1.6361336730308287 1.6365336555242491 1.6366709180359935 1.6365296062772057 1.636130613704304 1.6355262597196298 1.6347891504007155 1.633998201674931 1.6332253620414863 1.6325259365486808 1.631933988342724 1.6314626997306438 1.631108365717073 1.6308561596804865 1.6306859367238105 1.6305768923552486 1.6305105717413573 1.6304722873860669 1.6304513332583277
1.6953682607448144 1.7003695395161582 1.7030417553234751 1.7029588431788416 1.7000353494082305 1.6945522705904523 1.6871011991622367 1.6784647322652353 1.669469049309182 1.66084828063845 1.6531505499809367 1.6466985578388844 1.6416007046404852 1.6377972932021172 1.6351221821950948 1.6333624171351873 1.6323042976532647 1.631761231345328 1.631584435028079 1.6316610308341264 1.6319053072984004 1.6322484324046345 1.6326304347107938 1.6329964175989933 1.6332971724450036 1.6334929180053952 1.633558049226554 1.633484666428538 1.6332832491427183 1.6329799081826757 1.6326108113287052 1.6322152317890637 1.6318289550189615 1.631479475022232 1.6311837119927637 1.6309481947369502 1.6307710499266204 1.6306448730958503 1.630559617694794 1.6305049132987612 1.6304715619560417 1.6304522421613237 1.6304416142573157
1.672754810819307 1.6759926953506095 1.6777205745267878 1.6776641839569364 1.6757680146643386 1.6722119646412539 1.6673762724649783 1.661765699966574 1.6559152231737775 1.650302275761455 1.645284998679029 1.6410754286024276 1.6377456575777174 1.6352572702616364 1.6335013320490563 1.6323374245319278 1.6316240658068768 1.6312373942731928 1.6310787555669222 1.631074095291175 1.6311688105115363 1.6313213535301023 1.6314979220670438 1.6316694300370824 1.6318109068706879 1.6319026830348717 1.6319322795876408 1.6318958680644824 1.6317984668140555 1.6316525668545276 1.6314754464602406 1.6312858487546071 1.631100839035223 1.6309335181697946 1.630791938448569 1.6306791941981904 1.6305943732535417 1.6305339279963476 1.630493053973339 1.6304667953509804 1.6304507578319412 1.6304414435204855 1.6304363004970537
