_RESULTS/CROSS_VALIDATION_POSTPROCESSED_CLR/MHZ/GZ/7comp/5/MHZ_GZ_z_125_kriged_reverse_7comp_spherical_5.asc
ncols 100
nrows 74
xllcorner 5.5967023332191781
yllcorner 50.982320383219182
cellsize 0.00019249356164376555
nodata_value 1.7014100000000001E+038
[rows 0 to 18 of 74, columns 44 to 87 of 100]
4.04737899580207 4.178164441805256 4.295691944811694 4.393457449968902 4.465798700600164 4.508280866686612 4.518046907915997 4.495793465435032 4.449869575324528 4.384217499897501 4.30320775235681 4.2119827180342275 4.116078321181641 4.021131643400914 3.932686203236491 3.856081720362894 3.796405719194351 3.7584849046063096 3.7467467996104626 3.7467467996104626 3.7467467996104626 3.7467467996104626 3.7467467996104626 3.7467467996104626 3.7467467996104626 3.7467467996104626 3.7467467996104626 3.7467467996104626 3.7467467996104626 3.7467467996104626 3.7467467996104626 3.7467467996104626 3.7467467996104626 3.7467467996104626 3.7467467996104626 3.7467467996104626 3.7467467996104626 3.7467467996104626 3.7467467996104626 3.7467467996104626 3.7467467996104626 3.7467467996104626 3.7467467996104626 3.7467467996104626
4.1849479683537485 4.344042815237435 4.487118531546247 4.6066218935745376 4.695818779531382 4.7493684607348845 4.7638862038523815 4.738382219619042 4.680028165029022 4.596778932383098 4.494890342588465 4.381088259492265 4.262034215794296 4.143966902979884 4.032512585348372 3.9326238395272437 3.8489707889970797 3.7874258262198164 3.7527851831548475 3.7467467996104626 3.7467467996104626 3.7467467996104626 3.7467467996104626 3.7467467996104626 3.7467467996104626 3.7467467996104626 3.7467467996104626 3.7467467996104626 3.7467467996104626 3.7467467996104626 3.7467467996104626 3.7467467996104626 3.7467467996104626 3.7467467996104626 3.7467467996104626 3.7467467996104626 3.7467467996104626 3.7467467996104626 3.7467467996104626 3.7467467996104626 3.7467467996104626 3.7467467996104626 3.7467467996104626 3.7467467996104626
4.339472663868031 4.528760059955988 4.699498507667599 4.842811289726362 4.950483335815447 5.01420630442127 5.028193243252977 4.9929353535120065 4.915812829159499 4.809967665333066 4.683444052743928 4.5444683349816035 4.4008656666908275 4.25966301900343 4.1269434602936474 4.007860189493153 3.9067342404029284 3.8271853685166657 3.772270094678792 3.7474883178465968 3.7467467996104626 3.7467467996104626 3.7467467996104626 3.7467467996104626 3.7467467996104626 3.7467467996104626 3.7467467996104626 3.7467467996104626 3.7467467996104626 3.7467467996104626 3.7467467996104626 3.7467467996104626 3.7467467996104626 3.7467467996104626 3.7467467996104626 3.7467467996104626 3.7467467996104626 3.7467467996104626 3.7467467996104626 3.7467467996104626 3.7467467996104626 3.7467467996104626 3.7467467996104626 3.7467467996104626
4.506569176496472 4.727936238017354 4.9287961741120885 5.097350445250447 5.2189459803116085 5.286208065056799 5.295512312579414 5.247533811407512 5.1491382053072385 5.017081300187136 4.862603579255541 4.695868121439709 4.52603431914451 4.3609019919614225 4.206896178041571 4.069218735206114 3.952058572038222 3.8588046188158014 3.7922364975390823 3.7546839313758116 3.7467467996104626 3.7467467996104626 3.7467467996104626 3.7467467996104626 3.7467467996104626 3.7467467996104626 3.7467467996104626 3.7467467996104626 3.7467467996104626 3.7467467996104626 3.7467467996104626 3.7467467996104626 3.7467467996104626 3.7467467996104626 3.7467467996104626 3.7467467996104626 3.7467467996104626 3.7467467996104626 3.7467467996104626 3.7467467996104626 3.7467467996104626 3.7467467996104626 3.7467467996104626 3.7467467996104626
4.680814967036368 4.935947637521946 5.165746330004942 5.3537706241696315 5.488867269014501 5.56110043654096 5.564663105268242 5.500339842629987 5.376441999134894 5.2133753951584465 5.02691920944168 4.829649206477364 4.632113236192801 4.442717995460326 4.2679894275679775 4.112937795335522 3.9814117262859807 3.8764020973166464 3.8002875204889017 3.755024551531403 3.742289886965372 3.7467452777859553 3.7467467996104626 3.7467467996104626 3.7467467996104626 3.7467467996104626 3.7467467996104626 3.7467467996104626 3.7467467996104626 3.7467467996104626 3.7467467996104626 3.7467467996104626 3.7467467996104626 3.7467467996104626 3.7467467996104626 3.7467467996104626 3.7467467996104626 3.7467467996104626 3.7467467996104626 3.7467467996104626 3.7467467996104626 3.7467467996104626 3.7467467996104626 3.7467467996104626
4.855310595165011 5.139412641238724 5.393339037806176 5.604591317951655 5.757993920667694 5.838130377023252 5.834839472283348 5.748891243259704 5.592698364428251 5.392276062493167 5.169210349820004 4.938800189799343 4.7127255285131815 4.499578193398836 4.305581157300733 4.135222411352866 3.9917575893989112 3.877594877096288 3.794582848996242 3.744219539823488 3.727798963240222 3.7398462070903093 3.746683625113281 3.7467467996104626 3.7467467996104626 3.7467467996104626 3.7467467996104626 3.7467467996104626 3.7467467996104626 3.7467467996104626 3.7467467996104626 3.7467467996104626 3.7467467996104626 3.7467467996104626 3.7467467996104626 3.7467467996104626 3.7467467996104626 3.7467467996104626 3.7467467996104626 3.7467467996104626 3.7467467996104626 3.7467467996104626 3.7467467996104626 3.7467467996104626
5.015541333611814 5.3221935354129 5.602583560581172 5.842660889720452 6.0221758461610415 6.11618057746772 6.10500421349419 5.98902282278055 5.790016088983386 5.544177819073164 5.279866609391004 5.014678121009776 4.7605605102627475 4.525537320080962 4.314977643905757 4.13246269676165 3.980391174245956 3.8604123665759897 3.7737336694094763 3.721331243230582 3.704086817262528 3.7210466113063863 3.7399012388315467 3.7467464857614377 3.7467467996104626 3.7467467996104626 3.7467467996104626 3.7467467996104626 3.7467467996104626 3.7467467996104626 3.7467467996104626 3.7467467996104626 3.7467467996104626 3.7467467996104626 3.7467467996104626 3.7467467996104626 3.7467467996104626 3.7467467996104626 3.7467467996104626 3.7467467996104626 3.7467467996104626 3.7467467996104626 3.7467467996104626 3.7467467996104626
5.1468383237196305 5.473141616795339 5.780256247158212 6.054795090357949 6.272564725380499 6.393162572304126 6.37352527373857 6.212324052666197 5.954677724567206 5.654668234256613 5.346245521506337 5.047064015155183 4.767695750944478 4.514626986158938 4.291807764884062 4.101564478801331 3.9452182684024533 3.8235257073971556 3.7369827604008257 3.6860188412270314 3.6711083266681572 3.692649183769243 3.723500136327279 3.7421373286485853 3.7467467996104626 3.7467467996104626 3.7467467996104626 3.7467467996104626 3.7467467996104626 3.7467467996104626 3.7467467996104626 3.7467467996104626 3.7468152510654122 3.7470298176554335 3.747243579376607 3.747353078658283 3.747313483588665 3.747140542574352 3.746909892621724 3.7467538136038256 3.7467467996104626 3.7467467996104626 3.7467467996104626 3.7467467996104626
5.23944864416835 5.578311075522077 5.9069519836144835 6.216658824998361 6.487226316031283 6.663157579533747 6.636351032157132 6.397873165693492 6.061497024236079 5.702910476445929 5.352978599166639 5.024998512427703 4.726430679983525 4.4615537933502525 4.232581688349013 4.040391146777949 3.8851014031830733 3.766514255874788 3.684405360915215 3.638686216728204 3.6294739094333495 3.6571051173091806 3.6997696258269963 3.7299130708234713 3.7452413255879042 3.7467467996104626 3.7467467996104626 3.7467467996104626 3.7467467996104626 3.7468303376116143 3.74748342282972 3.7485310504185323 3.7496968184125676 3.7507478541004873 3.7515043016051512 3.7518475188667106 3.751725923477686 3.7511576469804693 3.7502295939637844 3.749093050598227 3.7479564950477755 3.7470765947581888 3.7467467996104626 3.7467467996104626
5.284400170020159 5.623586318665148 5.959281241529261 6.288955970867732 6.607788651262002 6.891377838698322 6.868344153402507 6.485889458535665 6.068493229587077 5.663590774174043 5.284695189751451 4.938861814317967 4.6307103841105475 4.362679430794385 4.1353933696661 3.9482828624770914 3.800245123476166 3.6901463736253786 3.617107854247526 3.580617795639718 3.5805389999685895 3.617067855970191 3.6710560057906134 3.7122548890266205 3.7381755635012945 3.7467467996104626 3.7467467996104626 3.7467841145462404 3.747669954451236 3.7494496654354883 3.7517543779606592 3.7542378283507127 3.756587515530504 3.758537082717074 3.759878802227661 3.760474654695384 3.760264381896096 3.759269182475093 3.757590399129303 3.755403431522266 3.752947919570989 3.7505157317220132 3.748438365394686 3.747075090765562
5.276438890780819 5.600101971561562 5.919674402358194 6.2321106993928135 6.5325341331476015 6.795015190081366 6.753886586914554 6.359366253599959 5.929523405561321 5.515149339525174 5.130237631994069 4.7828693817978385 4.47782151352852 4.217081871812756 4.000654946478204 3.826589424521644 3.6925776774380794 3.5966406738046475 3.537396256336777 3.514079801985673 3.5264593857403765 3.5747261883809434 3.6397356159461554 3.691333558720203 3.727100650155504 3.7450128241280387 3.7470657776799587 3.748828160286337 3.75157286378092 3.7546715202956573 3.7581679708066598 3.7619720075061847 3.76582564761351 3.7693147051102884 3.7718900443553443 3.772940430441545 3.77263314943218 3.771171761369989 3.7686765129537516 3.765353987818877 3.76148337947265 3.757055442033112 3.751853440813833 3.746846185014531
5.217227659099626 5.5062159584705075 5.785087330299402 6.043711010779594 6.26162456321426 6.38388025407442 6.305978288609541 6.020778279886753 5.644729065227121 5.255749892227881 4.886183215870565 4.55321210189141 4.265714504246222 4.02596487357084 3.831662331864203 3.6791516318083497 3.5660805872958283 3.489865019024839 3.4488785935912576 3.4423592786466433 3.470192701535832 3.532727481577251 3.6081692325519614 3.669265052489166 3.7139200556658425 3.740331295051372 3.7470081993788877 3.747542080722346 3.7489335021169867 3.751471343569476 3.7552584580691595 3.760197818743638 3.765991865838709 3.772157039738077 3.778052582266227 3.7829194495285092 3.7859227604168555 3.7861906685571047 3.783164718025857 3.77767407556107 3.7692791296168817 3.759217632000682 3.748730056655584 3.7389772245881674
5.110570058762281 5.352763969042624 5.576115821824775 5.767290934623848 5.9005688496777555 5.93602448455427 5.832480382714413 5.5907137873530335 5.264921581796777 4.910739134711847 4.56633358719552 4.257475063763048 3.998265855714488 3.791221026323708 3.6313528269523507 3.511800615399644 3.4270164946803217 3.375419128661336 3.356456557027452 3.3697096325099363 3.415426417211574 3.4940853030040495 3.578633653147866 3.647721019628821 3.6971324983400753 3.727132541915583 3.736936964738653 3.7351696643807792 3.7350139235359627 3.7369081632428314 3.7409922655696124 3.7471653932404725 3.755081662360441 3.764168059419873 3.7736640706839952 3.7826768635087555 3.790241347677851 3.795075720812005 3.793579943898961 3.785034292417024 3.770579592927417 3.754451036065297 3.7383294556374445 3.7235319333331947
4.966956468862008 5.157882204281285 5.322671680032509 5.447621331387979 5.512712488750674 5.491537082345796 5.3651692918018945 5.13752063226775 4.8412179208217925 4.51340757405283 4.191442283499999 3.9090693105150396 3.6867466575437526 3.524008762665759 3.408888928549165 3.330439328634998 3.2820893263969393 3.2605195328745795 3.2661523509536763 3.3011809190016654 3.366469687948501 3.4612061243918264 3.5515866159222202 3.621419358798583 3.672262467655365 3.7039528678409765 3.715744283321166 3.7123575458347586 3.710443400680263 3.7115757702915464 3.7159519761589896 3.723474501115745 3.733738972949669 3.746055277201952 3.759502792434867 3.7730107808309294 3.784498820595981 3.789535322088681 3.7877417714442445 3.7792518074185115 3.764268655811293 3.7432346654638766 3.721071946117261 3.700881999464229
4.798758678483187 4.938732034871477 5.048357270030725 5.115601057243043 5.125864900572504 5.063629376104488 4.917017297436859 4.693185961637155 4.4112619775460296 4.096717720493757 3.7846941539992525 3.522709249782755 3.3463046699624 3.2418753511464162 3.180914870949678 3.1485018617115443 3.1391906689063664 3.1515166011346527 3.1853090826934007 3.243201624456736 3.328982366199308 3.4344565516090646 3.52308443579749 3.592065023313316 3.6423920914128205 3.6735845323961116 3.6851634109595923 3.679946290151758 3.675841716762264 3.6760374404297487 3.6806788625762095 3.689684463712911 3.7025808189924985 3.7185224109184056 3.7363691710480382 3.7536306195736433 3.7648645510772267 3.769426089003761 3.7673221785533935 3.7587282898457275 3.7439476220750647 3.723349554830216 3.697372698672883 3.6713863083177944
4.621115167484691 4.711970522151802 4.770866369072141 4.788887520431032 4.755778288646647 4.661433634987359 4.5006046096515915 4.278938415227687 4.005927460700862 3.6969127791610674 3.376878830552212 3.1124148400233587 3.0019793431568904 2.9731738331127398 2.9699257235652974 2.982950624084649 3.0115451622889235 3.0566695073937584 3.1196392791608227 3.201835909743532 3.304904982655589 3.410894120235797 3.4959739993550243 3.562333528593027 3.6099148555056555 3.6384535602799053 3.6477064864655864 3.639682843451339 3.6325605121534896 3.6310312505645923 3.6356569823696065 3.6462947595205724 3.6621819175506154 3.6822646736506828 3.7043241533410245 3.721664726029685 3.7326345952030673 3.736910025681283 3.7342089870130395 3.7243069748449598 3.7081674408235257 3.68678911138246 3.6610342342514484 3.6317192368657434
4.459225763739456 4.504104274481754 4.516134605923106 4.488819760256928 4.416051078029297 4.293925353548769 4.126208726334609 3.9108043446761767 3.6519292921293536 3.358261395232792 3.0398640988220365 2.709766656279734 2.725559000171339 2.7610653742341356 2.8016001421719454 2.8505680646045257 2.9107891092320015 2.984624325024305 3.074093613566833 3.1790677163029546 3.2929416411823103 3.3928475715947464 3.472729042145601 3.5339799063280544 3.5764224996969776 3.5999805166767866 3.604646462152503 3.592419386759807 3.581708185678191 3.5779222623836686 3.5818682909337545 3.5937716613733586 3.6130484212226768 3.637832305066022 3.6611039200651314 3.6788404480476182 3.6887975155515873 3.6899454991160807 3.6831322298014526 3.6695294480606595 3.650452170125489 3.6271991646157873 3.6009316419449933 3.572567004429643
4.321330661220609 4.324892900071264 4.295953580511547 4.230236412755969 4.124525333038844 3.981724128812724 3.8053736304918884 3.598130528363055 3.364060645309386 3.109057004659382 2.852995696155686 2.6567809210511886 2.6058579984428123 2.6358390622317196 2.6915143527867165 2.7616039971338315 2.844749348598995 2.9417946294497446 3.0536828021766924 3.1743741925816438 3.29113004779287 3.3825184032367392 3.454788567299948 3.5083940218535066 3.543231103585378 3.5593694019603626 3.5570289775626938 3.538871565480826 3.5237868786322375 3.5171242770699838 3.520076818331799 3.5331032677916205 3.555697482561314 3.583561714157456 3.6073494316744816 3.6225218871780593 3.628339113624973 3.6250426293540308 3.6136693509210316 3.5957549956993895 3.573001174006736 3.5470677933095165 3.5194656822936095 3.4914686368239396
4.211960597006216 4.178695804459395 4.113954534011062 4.015606943551994 3.8865158958492954 3.7298891779394787 3.549625573756735 3.351481800495911 3.141605059970806 2.933959675166622 2.7462166018977516 2.6132368811712863 2.562971771604886 2.580377327850446 2.637183478385154 2.7179256866049655 2.8167237104283958 2.9318998504166736 3.0592308864752225 3.1897027587897098 3.298769496837106 3.3809689249268238 3.4430942897785264 3.486612957160594 3.511414624965284 3.5176603902739747 3.5057771211487534 3.4799094452018666 3.4593743654972524 3.44890411780662 3.4503001808588034 3.464459993999459 3.4905502217866977 3.5176888492145952 3.5388311450326344 3.5513271761102083 3.5536069037636935 3.5457444080764025 3.529243089879377 3.506252743386494 3.478969128893797 3.4494357787238434 3.4195303914371262 3.390944524763455
