_RESULTS/CROSS_VALIDATION_POSTPROCESSED_CLR/MHZ/GZ/7comp/5/MHZ_GZ_z_90_kriged_reverse_7comp_spherical_5.asc
ncols 100
nrows 74
xllcorner 5.5967023332191781
yllcorner 50.982320383219182
cellsize 0.00019249356164376555
nodata_value 1.7014100000000001E+038
[rows 0 to 18 of 74, columns 0 to 42 of 100]
0.8251531815932659 0.7255514803938007 0.6559748687300921 0.6236267334163275 0.6354315561823476 0.6977157823396927 0.8101210809274652 0.9610329271330426 1.1333572733373365 1.3107752225699631 1.4798523374115906 1.6305151227852828 1.7551418135543118 1.846832282922144 1.9033482897875864 1.92485907562654 1.9132008544708061 1.8712649119666895 1.802367187262343 1.7484099919958507 1.7071462669173922 1.659508790114212 1.6175580582100855 1.5783944549566733 1.5375138764224885 1.5002986664145956 1.4708634741695579 1.4481019970748101 1.4175821450188448 1.3796621204309865 1.336308506936577 1.2897946402329745 1.242734906712567 1.198059605391259 1.1588660405822888 1.1303796044599983 1.1174749079205428 1.121389746786726 1.1509613681979993 1.2225285143848228 1.3291988217596802 1.4625724137789988 1.6139869200397752
0.7434992030159174 0.6380363559957996 0.5599127992194497 0.5177441691412743 0.5247731777575841 0.5984112441423017 0.7424118210973686 0.9354966046443537 1.1504913938382815 1.366783905080749 1.5688343261939799 1.7424016974674366 1.8797363177596835 1.977315491025451 2.03418644520801 2.0516436338924384 2.033384252069982 1.9851804828586799 1.9173028409336017 1.8515920272465713 1.7899739011339588 1.726400965882184 1.6715518259706756 1.616415762952515 1.5595582281616553 1.503430886391882 1.4526944469741805 1.4136900102376178 1.3742987306533827 1.3269378886534497 1.273570637326442 1.216562767633718 1.1587908424812152 1.1037141144690323 1.0553040168983854 1.0200998709194034 1.003995810993492 1.0129180389021855 1.0707857817807476 1.175069219522274 1.316773180456628 1.48630914739655 1.674070042805869
0.6827472550177205 0.5723192742683132 0.4843452683945799 0.4254697625246793 0.41365902208836647 0.49267350934224896 0.6819358834504574 0.9292931886270844 1.1919413829840098 1.4449299045109352 1.6731096247965918 1.8669806903072852 2.0185566929245757 2.1222949681416896 2.177260346628806 2.187928646454769 2.160824596147874 2.1049494569039626 2.0316358506836543 1.9523814580027077 1.8705905016472468 1.7887642461610638 1.7174320479071672 1.6461601011902527 1.5754177624295573 1.506998586885027 1.4427140171610213 1.3850234806849775 1.335452935961479 1.278469732111347 1.2146649754292953 1.146350432998336 1.076513647550353 1.0090617955295307 0.9490134884783465 0.904999205030109 0.8846382975453146 0.9124342235966588 1.0002109443173586 1.1387823482755879 1.3171666037662886 1.5243137506863624 1.7497298837188988
0.648102551483261 0.5373897599901054 0.444838619609764 0.3711446849235336 0.3217257338754165 0.3814968258117355 0.6533601951335988 0.9605758289629647 1.260483538628083 1.5406989626364362 1.7924065854224878 2.0058436123407732 2.1710262140928895 2.280296899478349 2.331543958725161 2.3302436683401826 2.2885536159532656 2.2185490924322426 2.131672137621211 2.0367286473688035 1.9376239077175514 1.8394012359051861 1.751521095530475 1.6657046980727865 1.5827971832384335 1.5039336148311107 1.4303572229719301 1.3634131750518503 1.3031839714531142 1.2368564012192087 1.1626843669171603 1.08272880177641 0.9998081682034975 0.917963687423198 0.8432688461867699 0.7871372708643555 0.7670493191080542 0.8178464695448096 0.9371575475582932 1.1122188672453104 1.3288997011241344 1.5745719280893085 1.8382244796789828
0.6424826916913313 0.5395019697654746 0.45586519476783316 0.3922526386754801 0.35389209012026 0.4263175898924203 0.7209901122524429 1.0432064966092034 1.3577240814722842 1.6552317072467422 1.9262409911043274 2.1585663033052587 2.3375322240720577 2.4501110230618037 2.492433617101725 2.4730575734078637 2.408640966899671 2.3173377422601744 2.2115241984917233 2.0991880996157115 1.9840898682027248 1.8721003035385637 1.7701995892886 1.6728974848651443 1.5806777816107742 1.4941127519806674 1.4139105471193083 1.3409326561013075 1.2761739377825136 1.2046447033349599 1.120903861777964 1.0298322784074347 0.9337042641581412 0.8360455516743374 0.743419277787144 0.669848436149894 0.6534889249282017 0.7268890348907939 0.8813699610607345 1.095918085542698 1.3518339532254573 1.6356089840423413 1.936664466227681
0.6645148636596518 0.5770395788650486 0.5156730841650992 0.48752897637317383 0.5131254174499109 0.6382911263630848 0.8765044304537583 1.1700378244098517 1.4780074056587864 1.781569594076328 2.067402711028744 2.3197053178358047 2.5159896983744003 2.630867051228126 2.6550328195381385 2.60613492019025 2.511028959974316 2.3921868300489013 2.264295546127368 2.134196504682455 2.0046909554412125 1.8819687174318922 1.7705029018093328 1.6658955273703109 1.5681907983591148 1.477481019447054 1.3940173622031078 1.3182451497966587 1.2508103123919165 1.1817698754217603 1.0925006111260762 0.9920923433013601 0.8843421097344861 0.7714943301023223 0.6591755373647148 0.5630012204643244 0.541896277321267 0.6395534998152863 0.8374306174403502 1.0940734857195742 1.3876056725217645 1.7063874592102515 2.0417288905624216
0.7085772939365448 0.64047155132404 0.6058629367741861 0.6145120484240334 0.683603439202827 0.8283700171876756 1.0434761567427895 1.3096639088947697 1.6023181813470067 1.9035357282042258 2.199709170077825 2.4749196238872933 2.6996693980168978 2.820698759123716 2.8100755397076878 2.7139715476148236 2.58020330606398 2.4317341187319137 2.281836998380985 2.135851049809279 1.994828389334567 1.865916577669898 1.750361331341937 1.6434865502476228 1.5448765711273387 1.454215732148225 1.371403664359227 1.2965859778037299 1.230143472748264 1.1651993903213658 1.079336493684938 0.9734737311461403 0.8580260317420526 0.7347006217282118 0.6074921796220498 0.48939628360799214 0.43389416814385284 0.5688602673311887 0.8217193706289897 1.1155010972471648 1.438975972631055 1.7856048220770118 2.149164969050085
0.766942363212314 0.7176220078964818 0.7067396455556049 0.7431305277419219 0.836831310029608 0.9863175383074523 1.1884620275064184 1.4339296131703414 1.708732575080984 2.0000431619508525 2.297778369200593 2.592481027111116 2.8649915068631424 3.016284627757158 2.9292037298416314 2.768403945796542 2.595638692241948 2.422979677360151 2.2558713188947066 2.0987431615482546 1.9508906435628839 1.8221458919847426 1.7087773783306657 1.60530516148423 1.510872837059494 1.4248525156133867 1.346927407462208 1.2770975515584972 1.2156492008240254 1.1572419086536485 1.078566679216447 0.9762734333431323 0.8589338519780314 0.7344986112329587 0.6071977349100555 0.49559279432172687 0.44962308604772483 0.5960873189176363 0.8613840452152495 1.1685580573472452 1.5068961075950904 1.8703362461598307 2.2532653381589194
0.8321711275879621 0.7981679861164874 0.8049670572193375 0.859630352807159 0.9627210540421403 1.1099825797693783 1.3006418733952567 1.527329638114492 1.781156935467737 2.052863397658888 2.334634782283645 2.620376807136391 2.9039793990834912 3.0961476294419 2.924054403412195 2.7289668961598617 2.5372348428568667 2.3533261927419895 2.179353758411964 2.018801634185063 1.8718088907670078 1.750395110615637 1.6460657704576371 1.5520226189513149 1.4670599942514606 1.390380557509903 1.3216193969744168 1.2608091681451858 1.2083293155638106 1.15929843068163 1.0905162476537427 0.9987439971980957 0.8868046615095844 0.7710245040902404 0.6584546625123624 0.5801485081993303 0.5892180022397782 0.719779829103787 0.9536119224625105 1.2496367517354445 1.586891623812466 1.954967503614227 2.3456643365059837
0.8984791329964877 0.8750198872095437 0.8929241281103408 0.9570231714301828 1.0597764769204019 1.2001378986119227 1.3772222151363511 1.584178078667637 1.8128535696821362 2.05482235666691 2.30081934618005 2.537894486574695 2.7372711012614994 2.82253515754131 2.738975109991207 2.574470711830364 2.391610656672105 2.211776730258063 2.0426530501103235 1.887956118295908 1.7528417503594116 1.6484030419490634 1.5625262060352194 1.4853631384382757 1.4151675557079892 1.3523076659963 1.2967197833799105 1.2486543100338285 1.2087562715538027 1.171574248925693 1.1147515179469 1.0362699823632457 0.9381054992494166 0.8363404927938125 0.7431635620161674 0.693251359505834 0.7266471428924407 0.8535303711110206 1.0659622425834177 1.3438240275201503 1.6697093907587564 2.0318832405815077 2.4132570823998685
0.9621280176853807 0.9435274797640625 0.9655437949470491 1.0299305395841742 1.1275789735269974 1.2586379181422556 1.4201819580691264 1.6057531143407238 1.8061331611787448 2.011617944708791 2.208841228813962 2.381672927516552 2.503664233069629 2.538547874618088 2.4722730090032132 2.336139332824479 2.171006326854258 2.003689507904048 1.847620054849124 1.7072558145139147 1.5949612375743916 1.5145716431577994 1.4548476457501358 1.4026291939903497 1.3556681865705693 1.3125986242411773 1.2736986913846096 1.2415174991882374 1.217199699622599 1.193530293611164 1.1500587689275563 1.0866799527545492 1.0067866068252551 0.9202013116091521 0.8445174150797555 0.8121630615342639 0.8562296510194084 0.9795099752130604 1.1767704246759514 1.4363881409470298 1.7457180299518593 2.0927187812542094 2.451244857003302
1.00949405185991 0.9872146520018801 1.0054140951060417 1.0624964867831261 1.152196666399713 1.2742305936887004 1.422987421873122 1.5901968840506542 1.764333025028889 1.930785694464598 2.077638049107332 2.1926041451457605 2.2575166131798134 2.2548965715103124 2.1809963625282256 2.05247759445513 1.897089309991381 1.741365771144203 1.6023448913472977 1.4867581765987856 1.406619597169359 1.3569655896725896 1.328492637076341 1.305926185427512 1.2863665657442602 1.268960259029626 1.2534360223315455 1.2404024541130467 1.2342121200912035 1.2242149308351982 1.1944853542169689 1.147537713227528 1.0854001060419223 1.014113787864638 0.9526764321054798 0.9293859029595629 0.9763313392173396 1.0935748500116802 1.2767706784758057 1.5179011526438144 1.807426966934971 2.129588901570375 2.4582522575724752
1.0323315183711261 1.0015711700598344 1.0096115355006379 1.0533224220371746 1.1333987119821503 1.2477005678366206 1.385303673030568 1.5328932745068373 1.6786584452687914 1.812658781372254 1.9220668416978106 1.993308842813721 2.013780559857908 1.9781886321772726 1.8861854123097481 1.7490981514255688 1.5894648830017581 1.43734468200855 1.3172161654262573 1.2398962058678042 1.199983163710415 1.18647754540743 1.191688267126555 1.2017562714460164 1.2119130360295876 1.2221090335483746 1.2329269947414456 1.24519563051212 1.259462401718189 1.26212191661316 1.2470578016320948 1.21556350721115 1.169338368534066 1.1122026603706887 1.0621934848731613 1.0422090814049003 1.0864780327750472 1.1946244559896884 1.3625837768909062 1.5839572420296364 1.8509486683704295 2.141683011848402 2.435155576406452
1.0345928834701454 0.992176594619046 0.9840506433781968 1.0068517515557218 1.0778140406269037 1.1894289306289043 1.3161486752113554 1.4451912613119189 1.5674649245026961 1.673306533450899 1.7521493762369607 1.7921685964516247 1.782860921115417 1.7177147580559193 1.6026046732559964 1.4470261554600086 1.2672370393241188 1.1023001797877774 1.00956444047887 0.9849642645335276 0.9920480710241016 1.0167414703882462 1.0540981310653121 1.0973263005264453 1.137825224816852 1.1764053363731488 1.2143049960877947 1.25269404086498 1.2900474231443333 1.3072418960939785 1.3056600231141482 1.2878429724278053 1.255264108305461 1.2104232926784482 1.169712510191204 1.1498778262151035 1.1870430488097057 1.2829912488438802 1.433691159500348 1.6334815853073696 1.8747676628366707 2.12990651258584 2.3822269841384873
1.0212291589981526 0.967540868082618 0.9437359799031816 0.9366835859050527 1.0088212135517014 1.1286370958902334 1.2505378058597845 1.367635346740063 1.4722295151963047 1.5557159646368075 1.6089836701616227 1.6230770455289885 1.5901634443282044 1.5044251054993503 1.364397186495842 1.1800940701726437 0.9651874884227483 0.7519637889944113 0.710331519057368 0.753893851604289 0.806489777538119 0.866418584892507 0.9334347838870716 1.0066491290700927 1.0769974400865368 1.1434329616896584 1.2075121604070231 1.2715699010150876 1.3269991131767922 1.358786822364071 1.3682278377119461 1.3618154345950568 1.340512137550186 1.3058374983803938 1.2728700481459934 1.252733944521532 1.279110105252918 1.3599723380387996 1.491219310822876 1.6675199252213841 1.878959815303419 2.0950899279209985 2.3049709763054738
0.995974673822658 0.9343073022712909 0.9106810048571834 0.9245270115540856 0.9932557814545403 1.0981978341523475 1.2092274863725316 1.3139779445665505 1.40344516444698 1.4690550726326337 1.5025577568063628 1.496518790598951 1.4450473282560146 1.3445802936108107 1.1944917657208378 0.997534805640843 0.7725399884476503 0.5651024815434282 0.5314717113550309 0.5952893556844923 0.6713641402419792 0.7546452554703449 0.8440483868115783 0.9391919143324876 1.0370834321051592 1.130649804669603 1.221152399600213 1.3087189200263725 1.376568401172319 1.419960105139328 1.4391905595322945 1.4380668844643902 1.4231134044367744 1.3961543809763712 1.369799496192642 1.3518536950114184 1.364349399731963 1.4275731952042565 1.5373309539983315 1.6877461071278486 1.8669389502179516 2.046037335013786 2.2151865980933767
0.9603392555734133 0.9044427323024975 0.8980963176195765 0.9319398605971467 1.000675444259752 1.0926779813189793 1.1923814144382687 1.2863667226371813 1.364035676378823 1.4163021547180172 1.4353093233843723 1.4147335721282706 1.3503229757001982 1.240519753567789 1.0871789989741893 0.9005730488843425 0.7056082978758675 0.5531892679146455 0.49468278714721814 0.5190088029874007 0.5920228349578605 0.686316017602336 0.7911263231981519 0.90369612898382 1.0227747136728835 1.1417544645578073 1.2568713783944965 1.3594282621698497 1.4370133752970558 1.4894562447324695 1.5169609909222075 1.5204139173609734 1.5070877110505065 1.4813010560238535 1.4588974582158238 1.4448742013047884 1.4449832574662858 1.4913125301945134 1.583188713845292 1.710127021120409 1.8606435635243124 2.006089902696771 2.137228051954378
0.9285573510266256 0.8862759793885472 0.8941144297313023 0.9418397388259961 1.013658150520571 1.1021038327875479 1.196251661730944 1.2840781777138166 1.354583783974705 1.3983015502507998 1.4075629535362058 1.3768822549476523 1.3034394914021274 1.1881602346599547 1.0406549209619904 0.8764822510509515 0.7149888007394838 0.5842171800013021 0.517021703172029 0.5145172845391099 0.5665247324710367 0.6614516862695741 0.7775157251340603 0.9040641728186966 1.0379789310500598 1.177197604069463 1.3109500789463129 1.4212516919541491 1.5059475507262765 1.5647966135456621 1.5979098566220844 1.6056214144172578 1.5917971061195295 1.565110313125008 1.5420085250919595 1.5311355928724308 1.534847038515131 1.5690796939754723 1.6423268531467232 1.745220596035694 1.8679048952335513 1.9819315006992848 2.077790138189222
0.895572842469934 0.8737984239561483 0.8923161368469181 0.951012623405543 1.0295735183003492 1.121627152821766 1.2173956677647593 1.3054117979648039 1.3744267426466803 1.4146195779185464 1.418355814089041 1.3811166929004046 1.304337138329665 1.190770505122073 1.0524318019370194 0.9044295801385832 0.7627694458011968 0.6445351023604748 0.5727675108770156 0.557346012326726 0.5957715997099573 0.6796457080813734 0.8012760064761445 0.940064896606386 1.0868345474221393 1.237417664242314 1.3758979854343831 1.4913812067236387 1.5805746822756568 1.6431712561226675 1.6792304833623777 1.6890120888646298 1.67386240346233 1.6456958367414183 1.6282442421343333 1.6258478288414782 1.6379096590591244 1.6635569395983127 1.7167725574051393 1.79567312146424 1.8916674073825879 1.9770273674596366 2.0408500159966194
