_RESULTS/CROSS_VALIDATION_POSTPROCESSED_80-20/MHZ/GZ/5comp/3/MHZ_GZ_z_500_kriged_reverse_5comp_spherical_3.asc
ncols 100
nrows 74
xllcorner 5.5967023332191781
yllcorner 50.982320383219182
cellsize 0.00019249356164376555
nodata_value 1.7014100000000001E+038
[rows 19 to 37 of 74, columns 43 to 85 of 100]
0.14546724497025168 0.11833329548161396 0.10123473686740045 0.09242769116053516 0.09066610932634393 0.09658980938687135 0.1124439840442556 0.14284678595807093 0.1961230255040442 0.2854272412605349 0.42694243759611916 0.6288676579980484 0.8762696222322712 1.1215352368772349 1.31363931289049 1.4271254923855563 1.4546556409752376 1.396527598558668 1.267731521563391 1.0821225909677645 0.9188571721211416 0.8083791358414086 0.7364880597174629 0.6945106308852373 0.6776699129904298 0.6843043456564297 0.7152218264727215 0.7736686578823256 0.8565040903453311 0.9391822810067421 1.0121271297364955 1.0637463410683539 1.0818096352837412 1.0667937350635612 1.0358663607275116 0.9976314292558328 0.9593431440000945 0.9254442050912893 0.8976756406853253 0.8761313052967852 0.860308765065193 0.8495348311886839 0.8430020660418062
0.20145180105973054 0.17607232282893984 0.16101858691829146 0.1553599029940424 0.1589501221617029 0.17372333899222533 0.2033048793552528 0.253699019467452 0.33395027022976714 0.45526477927306747 0.626221572575644 0.8415301998642707 1.0696982549195924 1.2691175996303112 1.3985905105263077 1.4351954944557954 1.3795810516619411 1.247606212364182 1.065363094295646 0.8964178077946269 0.7805098891729365 0.7023366972899345 0.6524061887463666 0.6253581646570701 0.618450205874997 0.6312301330815567 0.6651491240976508 0.7236264567911028 0.7978829831779215 0.8688684128408163 0.9296674954356945 0.9716806658673676 0.9871959727250029 0.9793008389801992 0.9607858945192397 0.9367138851825684 0.9123980570185221 0.8923233085199122 0.8778110037630394 0.8683706678187803 0.8635620756856304 0.8630900332309516 0.8665388300613687
0.25051871096295286 0.23320800925451887 0.22588091958287104 0.22850383842423308 0.24227182721708423 0.27032768167058263 0.317225343172044 0.38917711423317763 0.4936477586220074 0.6368156869651861 0.8178526750906591 1.0204005926575812 1.2072486311387882 1.3315866826024292 1.3718350292132226 1.3195283483926545 1.1888906963906436 1.0096114904756122 0.8440552275485645 0.7323536035636585 0.6569022884244577 0.6066194732071486 0.5758313751259763 0.5619327504076743 0.5639670878267263 0.58250433881617 0.6196006269866916 0.6781852476463496 0.7432460536643801 0.8038866410180385 0.8546727576236696 0.8896078752727329 0.9037626552830733 0.9011003331156481 0.891073485870568 0.8773503829816753 0.8638563573213669 0.8568550021974144 0.8558997464324967 0.8586535695065418 0.8649861928802549 0.8751246415520182 0.8890820856579308
0.2758725800948705 0.27197698872615866 0.2775253226657952 0.29300658957925535 0.32057297495006576 0.3639994874207194 0.42784113572815985 0.5172888315197677 0.63608660511169 0.783824162602172 0.9513509904150006 1.1157190957570562 1.2404216102987988 1.2858093941300361 1.2373636680863345 1.1110099516006355 0.9315865612307085 0.7709571849222316 0.6643328998722392 0.5984114814100385 0.55492063533357 0.5265271554796067 0.5109527273733748 0.5077546906105106 0.5173512852875832 0.5410901025051709 0.581543386383212 0.6381434873773332 0.6949598614755945 0.7468812752309463 0.7896011727020005 0.818674235156062 0.8322067897273364 0.8346220259934124 0.8316271876473005 0.8257768014897829 0.8179769142589731 0.82378284732254 0.8352006430725314 0.8487752738058725 0.8654401365824843 0.8859367345612879 0.9107521548186541
0.26975822087231677 0.2811074894473792 0.3013667529117614 0.33127824525370925 0.37313455942063667 0.4301965046512666 0.5056509959167266 0.6018214519310975 0.7180805998868169 0.8492445339724388 0.9829175113816853 1.093831500560586 1.1514277081188153 1.1305356380479958 1.0235839508896578 0.868369098822026 0.7172509836476171 0.589587236704613 0.5299159961694918 0.4995312300631941 0.47797366888362985 0.46464249923406625 0.45998536590779693 0.4648900703629185 0.4806136503948845 0.5090170117078012 0.5530150116136656 0.6045024120769922 0.654006848421596 0.6984963761365824 0.7347469438892996 0.7604481920602735 0.7743846689656381 0.780241113199033 0.7829127082437295 0.7848293332012584 0.7883556136511118 0.7997776937486344 0.8177838008787479 0.83940348178424 0.8647000817291389 0.8944069222606189 0.9293718054365508
0.23593361478926786 0.2562864583586287 0.288080344242701 0.32942515631186264 0.3818414525815615 0.44711629276678 0.5264178614184646 0.6190031983203426 0.7192232848596941 0.8175657627962721 0.9020927267824457 0.9552473412297934 0.9587412070413855 0.9037965175387862 0.809453112553495 0.6966418294103237 0.5874223787381431 0.4951008671234938 0.4548510921979888 0.4374903727221559 0.4259997219120766 0.4211294523224212 0.4235070864834753 0.4342522564315542 0.45492115984502657 0.48766624379856344 0.5323011467159607 0.577671187989881 0.6206344817338414 0.658999821500288 0.6912477810431531 0.7146347439475733 0.7286008792936205 0.7367283777497563 0.7436924262632242 0.7522396465375213 0.7637574884572131 0.7806205927239139 0.8031868914037035 0.8305153495326607 0.8623998425886921 0.8993940308817959 0.9425108712803274
0.2045665678301158 0.21968563484130046 0.24829593011687903 0.2894948659603366 0.34269884291967884 0.4072227918369022 0.4808286036593496 0.5595761314295925 0.635507815556938 0.699133286108858 0.7444830907211326 0.7655128085874703 0.7590938795413598 0.725574910509849 0.6653679067592164 0.5877711783516752 0.5137391539438304 0.4553663485582327 0.4209403326885044 0.4038935694042188 0.39529506765045186 0.3943686125262842 0.4010588923681269 0.4160917461291354 0.44101744359063544 0.47758383058068415 0.5180011557945543 0.5578183632981395 0.5957923968903969 0.6309078695136876 0.6606992486030133 0.6825291634379731 0.6960480337958816 0.704995271156104 0.7142995603251792 0.726428560723029 0.7425882521393186 0.7639205838315929 0.7904336168791634 0.8219424131469801 0.8584271884946907 0.9003210774707032 0.9485302797451663
0.18147839259806897 0.19296135959469604 0.21762645138954587 0.25377152324519975 0.2998375493949575 0.3545080453670622 0.4153110885209063 0.4781588131272635 0.5371370172759565 0.5859634407319052 0.6197390124130949 0.6352685652387624 0.6307933519496869 0.6073128139737137 0.56859952545778 0.5171920265964273 0.4667238472467802 0.42686815621928276 0.4006849517220963 0.38652876278185855 0.3808876998034655 0.38225004795562606 0.3919349249232081 0.4105661311551532 0.4396802224673543 0.47524766549641073 0.5122318575836082 0.5490242626403116 0.5850183446491429 0.6183658013120983 0.6466183448818088 0.6673631842808869 0.680111574433834 0.6890964491175035 0.6995296531392139 0.7130007408387361 0.7303626165278766 0.7524476737891327 0.7800717239268481 0.8140225189124517 0.8533152501384592 0.8977111031286705 0.9477215347142394
0.16340581350570338 0.17508248957021533 0.1980364393797735 0.23222527162160214 0.27474698850204393 0.3236962378824606 0.3763667336747887 0.4290201917999892 0.47707516008394607 0.5159370271945175 0.5424559832646136 0.5544862374830419 0.5512876965460588 0.5340747505757013 0.5059261149492401 0.47113331545877296 0.43614378492883743 0.40845301494664327 0.3896123584083807 0.3793450163282058 0.3767726663924839 0.3812325829092443 0.3933508581543191 0.4157880826725603 0.44664538282654453 0.48061665053152997 0.516133728339878 0.5523148588241655 0.5878568712036311 0.620195028892337 0.6474134746763776 0.6673436693544259 0.6790556380926033 0.6876746790091809 0.6986186915984054 0.7125839845881003 0.7301041353174352 0.7518878451972956 0.7783513887275394 0.8102392816015109 0.8484613877549418 0.8932354363124937 0.9429580948747873
0.14860705515635111 0.1635261020627664 0.1897548784005355 0.22484168686251407 0.2667166036356435 0.3129380392428574 0.3607183339601126 0.40668507490102135 0.4471644501355978 0.47894532787988886 0.500084999429801 0.5092323373218283 0.5063133947388332 0.4926358540446786 0.47071576295650597 0.4438726400221696 0.41826108788682514 0.3981926755349155 0.3845449029534374 0.37806052938836016 0.3789066826853878 0.38729165126000703 0.4047031162694918 0.4291837372231225 0.45827937213491776 0.4908680798718131 0.525738578286219 0.5626012921330595 0.5994221882372798 0.6335139727854843 0.661846540402561 0.6815016699874209 0.6920173406394136 0.7001521437118897 0.7111104609448864 0.7249472730456041 0.7419586047267883 0.7626513238479838 0.7873190494532233 0.8163051386454756 0.850275739670738 0.8900608760604228 0.9381214263802342
0.13657886388369136 0.1586718020317469 0.19276952119599725 0.23379883015485123 0.2776017811062678 0.32306514513116996 0.3678672711048459 0.40898741437450126 0.44350217160353084 0.4694923048747192 0.48579295761262836 0.491820288755691 0.4879926128385389 0.47568142758370624 0.4568087262793335 0.4327520729099336 0.4094408737531473 0.3945817944602836 0.3854725764802168 0.382926526035032 0.3876767250001468 0.4011127997075814 0.421062460212033 0.4458687945054619 0.47419251601951695 0.505728445106082 0.5408981105752175 0.5789027917896512 0.6175264504177415 0.65402037565671 0.6852271471527498 0.7078639330903294 0.7191226435179204 0.7268712563359272 0.737384664919959 0.7505619081206483 0.7665149556948051 0.7855115746002268 0.8077823064777445 0.8332568492685304 0.862313493509119 0.8939354247050234 0.9316444325191079
0.13339821518299838 0.16932018520525458 0.21174720959239246 0.25983599961885057 0.3105190102629203 0.3583920948079744 0.40088682021072397 0.4374477064311186 0.4661136213909377 0.4861373241852955 0.4970823855947038 0.4990673830001632 0.4929125565098709 0.4794688653756565 0.4591227893498402 0.43461111663905355 0.4114200284227879 0.3988177519926539 0.39375471501788145 0.3951423145836943 0.40248583038367164 0.41645845089060274 0.4365389245973579 0.4620270451252921 0.4917247073808918 0.5246472760088546 0.5612508101121899 0.6010078367502106 0.6421271473932634 0.6817300138868974 0.7164365718116505 0.7426659559653253 0.7585012727538479 0.7688303209915277 0.7786057936972032 0.7905700397836295 0.8049368674086215 0.8217632781536446 0.841078770848049 0.8616799244722069 0.8819350729749462 0.9015922514597435 0.9276701034038319
0.17915579890222713 0.20948936105567229 0.2552288150917415 0.30886735299179535 0.36589093569389197 0.41890422613679834 0.46333520689330265 0.4968255189914387 0.5187890746292463 0.5310993894718417 0.534994193283625 0.5312231495782461 0.5201839093723206 0.5013075656136511 0.4769990630427919 0.44988317404529593 0.425433214835764 0.41216823639513844 0.4080230835270154 0.4083665610737484 0.41546963467406356 0.4293400235611215 0.4496130565488093 0.47577009176147145 0.5070900067593517 0.5429721371317956 0.5836341106045995 0.6276263371241925 0.6729573275143054 0.7169065910859225 0.7559585420256526 0.7864399762834765 0.8089857044087878 0.8243884764820445 0.8364438173392502 0.8467569545185328 0.8585296998582913 0.8713971513335375 0.8844383500821571 0.8961632303639937 0.9053723941250886 0.9126176941063796 0.9262210136005113
0.24888213746882376 0.2810241419866257 0.33016602287804553 0.38901825253305533 0.45070813859139347 0.5070059509552323 0.5510921213617908 0.5811190914067085 0.5977325674416946 0.6032420546640539 0.599595804511994 0.5881314170853043 0.5676501968917348 0.5402902067791162 0.5085995183653709 0.47475820296240134 0.4446197710259417 0.42587155776435076 0.41815086559333825 0.41795525449150317 0.42479187512848166 0.4392358672018782 0.46125070124918177 0.490261360282113 0.5255077545041817 0.5665479032315371 0.6127076489378885 0.6622349611634234 0.71270611305057 0.7610238263595883 0.803673885639209 0.8390150721375826 0.8693472965079031 0.8914085722782168 0.905576884473922 0.9151319086227029 0.9213551810076628 0.9277850269486432 0.9331610877045744 0.9353013864312103 0.9324364944561219 0.9261879552286701 0.9262086482144117
0.34399912527485177 0.38594604797814236 0.4441613802005277 0.5105403139764885 0.5755199850713428 0.6301263136144923 0.6685055834894913 0.6891279272175551 0.6949120042519588 0.6895385909592031 0.6754754754947652 0.6514141842753398 0.6186539567197888 0.5802122241287332 0.5385226384743572 0.4956907694807826 0.4593567030592007 0.4351738500626652 0.42377398227377044 0.42473225943273757 0.43446490409725863 0.45221100874408016 0.4773102652159117 0.5102298720452478 0.5510638070087125 0.5988606409489189 0.6524811004223369 0.7096102641953231 0.767249888546612 0.8214097665701071 0.8681192191892524 0.9080444515232581 0.9400780920582743 0.9635467761237677 0.9790595413170216 0.9878264297279538 0.9896792550068036 0.9887097939979038 0.9862952914562647 0.9786834150995927 0.9624239166743453 0.940731285549672 0.9258126252946126
0.46965302232392936 0.5312638874407252 0.6083003118979083 0.6871822762438984 0.7525124387834701 0.7951892158433851 0.816886787189755 0.8196829769140246 0.807826212461823 0.7863583964600049 0.7559995205041775 0.7152475086412948 0.6674606109300686 0.6157436806254866 0.5626930621897351 0.5106349898581989 0.4686582650075536 0.4401442464629553 0.4294230018450777 0.4341686823654787 0.4476278766271179 0.46893257103157954 0.49705958859152893 0.5340083564548366 0.5829827958450579 0.6391943928172916 0.7021434798764783 0.7693418809119646 0.8366738293904391 0.8990976939903219 0.9547688572274396 1.0006830701079221 1.0338925014046265 1.053668490015004 1.0616153547660325 1.061971970179574 1.0596233610127563 1.0507224039397494 1.0409783069991088 1.0253468551942015 0.9934050514415175 0.9531273288578147 0.922318561723823
0.62675893323129 0.7220846718163835 0.8355849189188799 0.937174968195416 0.9939208926590213 1.005572510819525 0.9915830062116023 0.9647083724921102 0.9286560192711228 0.8863610569314734 0.8344700877198371 0.7746747911393012 0.710376013660393 0.6444993994649 0.579426418688237 0.5188271505499642 0.4736076665577443 0.44619786539745593 0.43782104435263913 0.4459621184845734 0.46323666041618056 0.48872268773100463 0.5224006869507162 0.5661675387338527 0.6215120981107608 0.6870900973678179 0.7612744271205243 0.8409226258917329 0.9211372970620453 0.9984299867134333 1.0672049475758876 1.1206438356362778 1.1539478984887597 1.166475336483569 1.1617769613028828 1.1456079364215823 1.1254861398467164 1.1072162442092384 1.08842147002704 1.0722885906322384 1.0187126797447739 0.959269853029929 0.9147816029550986
0.8052631664230443 0.9497563288690601 1.1314344984864257 1.2835728844545595 1.3008608088753337 1.2459629748367194 1.177749303973494 1.1093680192779765 1.0436204384122965 0.9772409185284423 0.9028587394870644 0.8237666884591133 0.7434556806875722 0.664270539538554 0.5881094573119114 0.5236868926323993 0.47987141652313414 0.4545502224905308 0.4485552792610476 0.45956980106897516 0.48027368614827065 0.5101178655821834 0.5499350518480683 0.6011337554088108 0.664622371829331 0.741069743815143 0.8287688395883867 0.9241635153727321 1.0244363013810052 1.1229742074455675 1.2097589672195215 1.2730143527865259 1.3041678050775114 1.3031162829092162 1.277753476132482 1.2384238726090795 1.193814403538109 1.1521019538546184 1.1173191516927252 1.0800268194300446 1.0223134078509546 0.9570932070312057 0.9043336006325685
0.9783677258098638 1.1699195847226957 1.4363174648452637 1.7508528761504982 1.6034591203928499 1.4626592026820247 1.3416982924736893 1.2350982860084403 1.1393168135500418 1.047173053341088 0.9539964697479997 0.859400685419881 0.7657062465609252 0.6751342066523149 0.5920599734409693 0.5307408466643171 0.48906198408743984 0.4661840090323445 0.4627074827667311 0.4763241783943128 0.49970701093214837 0.5326331527581419 0.5770500780190254 0.6354182267310182 0.7089960165162691 0.7985733663569932 0.9037923389406745 1.022303002804552 1.1489409536059905 1.2752575994528104 1.3872356755517257 1.4644402096252107 1.4891887195587397 1.4633102806547233 1.4053175701341574 1.3345708070966542 1.263225495880922 1.1957116825171772 1.1333791967004438 1.0774247626672808 1.0148381546548317 0.9490330869902733 0.8919314786465922
