_RESULTS/CROSS_VALIDATION_POSTPROCESSED_80-20/MHZ/GZ/5comp/3/MHZ_GZ_z_0_kriged_reverse_5comp_spherical_3.asc
ncols 100
nrows 74
xllcorner 5.5967023332191781
yllcorner 50.982320383219182
cellsize 0.00019249356164376555
nodata_value 1.7014100000000001E+038
[rows 18 to 35 of 74, columns 41 to 81 of 100]
0.00722400058086157 0.005956229689467309 0.005148733800849577 0.004719283903130618 0.004642412383815742 0.004932243139638036 0.00528172070526011 0.005628828624932518 0.006045656594616829 0.00653789194696033 0.007047063109641054 0.007525897355451971 0.007812303846393929 0.007479367144467177 0.00606088964135661 0.0039460756431772045 0.002226651311971186 0.001224798126975527 0.0007122122249552292 0.0004598528424343231 0.0003420723204216537 0.0002927599198900563 0.0002831818440146313 0.00032088763731250475 0.00042350359186448905 0.0006328155923028015 0.0010372848682326905 0.0018248847398334373 0.0033815457503075727 0.006489226110506023 0.012560748640218044 0.022845101106016008 0.03779463923467442 0.055028931631387216 0.06781150513576331 0.07423025803521877 0.07596979471716042 0.0738685239527278 0.06857924222820658 0.0609211431871028 0.05212865844708847
0.00995440130566498 0.008932060457763935 0.008379199275848974 0.008297481894306808 0.008757680097606538 0.009684598440117306 0.01036381599452543 0.010777307278190722 0.010971434780049763 0.010811740110038182 0.010204791796772033 0.009143049107290736 0.00764407800945377 0.0057949505257692034 0.003823546682868868 0.0021724127878623265 0.001113977876677213 0.0005591114096694113 0.0002981792892694448 0.0001804259806273507 0.00013004799255161994 0.00011183467695873096 0.00011658978906802813 0.00014580578248414794 0.00021308680840356607 0.0003530541293972015 0.0006345709270693453 0.0012110803813407327 0.002413539262836058 0.004950982493225863 0.010102009890843108 0.019155214850254048 0.03286454782711026 0.049647885976287595 0.06419016327010307 0.07294283881283413 0.07876104203267964 0.08070757782278062 0.07791943177932621 0.07056237677980584 0.06054117228066835
0.013229800412069531 0.012835457499088123 0.01296692133600538 0.01375099236238037 0.015404689476057509 0.017378976223420304 0.018536822565392422 0.01882445867474226 0.018190543989402834 0.01640218029423179 0.013646409781914618 0.010379528087099991 0.0071463900453562 0.004404531331554985 0.0024115970623819387 0.0011731909049586453 0.0005254892149624464 0.0002320040290902401 0.00011026807133248626 6.213559085565729e-05 4.439358368433438e-05 4.1382349794282675e-05 4.924486492162832e-05 7.0046737837965e-05 0.0001150847954962534 0.00021175109274172276 0.00041610271867807805 0.0008538323564622681 0.0018029935807977132 0.0038710785156111744 0.008116850573202482 0.015792111905455784 0.027958466715134744 0.0437655684965953 0.05927137599793363 0.07029410053890266 0.07977927701395467 0.08652327096897859 0.08745383649458413 0.08050994407555791 0.0686575415766813
0.0167649485335106 0.017464091263151092 0.018832227342680526 0.021135869426675596 0.02480727631279807 0.028344782169475308 0.030203753025119035 0.03013653872514676 0.02785254402094251 0.02326800790903286 0.017303195234895534 0.011358279602968376 0.006584517452204558 0.00338434124326273 0.0015521587704941078 0.0006436817666474205 0.00024641271448836143 9.280494209227314e-05 3.825195403725818e-05 1.977626714924358e-05 1.4748197319699007e-05 1.6108921406249736e-05 2.2775325435876016e-05 3.7659753503666105e-05 6.997660964927863e-05 0.00014219748515093518 0.0003032051695380826 0.0006627337211153952 0.0014682597321671418 0.00326059253899109 0.006885175094284811 0.013406716424915914 0.0237602826504045 0.03784392266326963 0.05316679344087883 0.06565330133029317 0.07827706251852407 0.09127799805043828 0.09955273344898855 0.0925320474952852 0.07708259284436016
0.020011881041305683 0.022160101001547496 0.025222769293133263 0.02965587776428077 0.036069209289898554 0.041747263491741994 0.04462565214953565 0.04414530753372248 0.03957532153964953 0.03128596462376262 0.0211864309105974 0.012187500222075072 0.006063969491801264 0.0026630873316982376 0.0010463373842184123 0.000373003153133254 0.0001243202973558456 3.998901620031681e-05 1.348876402173872e-05 6.113736837118942e-06 5.128043798980987e-06 7.144700551539666e-06 1.2475526776585048e-05 2.409910138418452e-05 5.014988255094473e-05 0.00011077645266351581 0.00025225135318266995 0.0005784522944482912 0.0013257869869505426 0.0029826502432826695 0.006249318909480992 0.012015538423362115 0.02098431952367139 0.032973448257134046 0.04663790672632416 0.05983863403027462 0.07442315342799266 0.0922732138525784 0.11371644767760519 0.10219764005298876 0.08289339363306737
0.022792602308796168 0.02579031909522681 0.03068903535332259 0.03743058192803412 0.04674301717736481 0.05478452903441188 0.05891525330909057 0.05806883197430693 0.05157116544440755 0.03995035532823776 0.025244873834696827 0.012821069811985874 0.005567026577095499 0.0021501217649738985 0.0007504902864581259 0.00024361850001356844 7.42897738628295e-05 2.1323834793833027e-05 6.035921025097674e-06 1.983767117955605e-06 2.1646300566795146e-06 4.275593551834438e-06 9.04878173540099e-06 1.9678419666092872e-05 4.432270991426216e-05 0.00010340603912705817 0.0002453083570438851 0.0005780204584431371 0.0013459818263888014 0.00298372978011383 0.0060999298754011114 0.011402105322091753 0.01936622920814838 0.029989711181820984 0.04210162819857946 0.053738531531783804 0.06740269447511403 0.08361233695988926 0.09732936046553488 0.094977127827606 0.08240217946065996
0.026443617471184174 0.028937646357613173 0.033871910606857354 0.04210619276324032 0.053528984266231545 0.06336273342557681 0.06827505448874799 0.06680135802150103 0.05942228623168032 0.04736512503204878 0.0288936760949448 0.012736540423209378 0.004963401631702978 0.0017610331396119732 0.0005856605430698573 0.00018574767062602457 5.7288556933518134e-05 1.7323871399526958e-05 5.2380155511594114e-06 1.8874773991283064e-06 2.1399010773199985e-06 4.380063280409652e-06 9.614168221999588e-06 2.1598967876768616e-05 4.983793045845635e-05 0.00011820225903500459 0.0002833070618424815 0.0006693548760731804 0.0015357264367800152 0.0032744163062220087 0.006415809318910665 0.011514798456697402 0.019053239671554045 0.028783837802817864 0.03939710573093966 0.04888928835113914 0.059331279302724416 0.07182646197833133 0.08154306583177545 0.0833823413807089 0.07790821103306741
0.03128680226537385 0.03351026059963798 0.03718235255649962 0.04431420893267014 0.05504968480709565 0.06442729697755992 0.06814853821784549 0.06525101355631416 0.05665266161400326 0.04420578379128453 0.02617363191898916 0.010985130852919547 0.00414684997906202 0.0014798602106677536 0.0005140663932081185 0.00017574453718870723 6.040004338871319e-05 2.162023638098989e-05 8.638408462814962e-06 4.750468261011444e-06 4.739527030657704e-06 7.623389432870811e-06 1.4991584323390383e-05 3.200730308571895e-05 7.166148595649204e-05 0.00016632338959171914 0.00039062940510286567 0.000900776288351934 0.0019587826574673393 0.003938149467711738 0.007299847798436179 0.012599438877690383 0.020073252755234496 0.029179334942857776 0.03837738380696829 0.045733031334918156 0.05340031085691114 0.06231304689450293 0.07063264654523721 0.07448796355704036 0.07320432781075954
0.03748951113521208 0.03934807540330674 0.04210490443466123 0.046855776455991226 0.055527584146437804 0.06239160986802136 0.06298942437883362 0.05731925918774773 0.04671965513531678 0.03308193039838466 0.018959739901838843 0.008715909765772977 0.0035307327046686715 0.0013721081388378027 0.0005256074723623732 0.00020286183824416785 8.131622064816745e-05 3.56567886377825e-05 1.8390433672481818e-05 1.2579159077828517e-05 1.2601896433648364e-05 1.780128990915324e-05 3.122710194109352e-05 6.136285782769787e-05 0.00012906628142053895 0.0002850837587605473 0.0006395123949230739 0.0013804829032847674 0.0027843458714826236 0.0052056299531972414 0.009132592097909592 0.014965783473702823 0.022657461558918107 0.031322361418381274 0.039167057864265165 0.044618977058836516 0.050341832613678916 0.056910859777832945 0.06381251745954951 0.0687951977778933 0.06996730678113346
0.04514555045665209 0.046545593159259206 0.04837614406573675 0.050811683988416574 0.05526603990420191 0.05919724987087433 0.056955258553330626 0.04927431748321406 0.0380063233927822 0.0255853575575365 0.014660411436973308 0.0071794448049000035 0.0032257506428015944 0.0014022572781158132 0.000608071347780577 0.0002708840886348336 0.0001284987713946903 6.819110148920374e-05 4.287791629809455e-05 3.397764404451848e-05 3.5468062077870113e-05 4.793056639924798e-05 7.843112570797549e-05 0.00014436061636331367 0.00028386752178326854 0.000588842211348855 0.001220771389427946 0.0023978606952375085 0.004400328734952825 0.007601278573830776 0.012434546849039375 0.019078409338215915 0.027130691684043244 0.03533296622232329 0.04169028292323761 0.04548204708698935 0.049874762326502675 0.05505133227175061 0.060742397206014334 0.06636192810003588 0.06918332999453779
0.05403703637092661 0.05520256841514885 0.0557270398542281 0.05494866802344622 0.05466919114364105 0.055198946887905116 0.05111971200360938 0.042823877000065604 0.03217534445595434 0.021412527766239614 0.012512082402680202 0.0065444757534469334 0.003252861638974515 0.0015845160510712017 0.0007798738391674845 0.0004007606077963904 0.00022330131934241042 0.0001405096882337468 0.00010385278331505042 9.313085769608519e-05 0.00010343039882808798 0.00014038492580228842 0.0002233352592152772 0.00039494670701919804 0.0007409107165246767 0.0014201508992801404 0.0026493551669028526 0.004668337733012098 0.007720152294918174 0.012190170599579261 0.018279962205953588 0.025817354210350595 0.034028601749921096 0.04141326936845071 0.04587249709069355 0.04830102108445954 0.05176981057530807 0.05614552236542306 0.06124526122515797 0.06696218040057722 0.07126360912184544
0.06291856640902373 0.0645724981327089 0.06342326327324455 0.05732212323618862 0.052946175861690495 0.051539808875417245 0.047107942893610644 0.03905423197949631 0.029269226076733247 0.01970665054877649 0.011905026654194288 0.0067154189898576055 0.003680058761454761 0.0020037776953676302 0.0011140590342578955 0.0006522713442675695 0.0004165306752484644 0.00030235751163766844 0.0002571620203411128 0.0002580499160444385 0.00030787747721522417 0.000431704544022692 0.0006894405461125374 0.0012017274984365374 0.0021536870077750046 0.0037981837647034816 0.0063566771898044975 0.009936887267874388 0.014743486063836637 0.02098969764855824 0.02851166948012262 0.036696397253355696 0.04436494402460411 0.049868975923878844 0.05166864812819312 0.05313261431701196 0.05596566898780432 0.05998870281542433 0.06502694137595956 0.07092995507934201 0.07669463278819498
0.06757143921550193 0.06903850171605491 0.0684570118266323 0.056132573646391286 0.049442652681192446 0.046724074911055485 0.044104173347749714 0.03737767761299497 0.02852002687277561 0.019765947869204915 0.012530807462368966 0.0076484824451453475 0.004604373237822553 0.0027865321853975658 0.0017366437348428326 0.00114775845329329 0.0008329239890885132 0.0006839417418687035 0.000649168654331102 0.0007145981853986938 0.000919959328492567 0.0013578396666020292 0.0022140539692339354 0.003812814557748117 0.006584389761180333 0.010797181921960072 0.016256230915807985 0.022541673121314873 0.02973799881424697 0.037719618785462254 0.045976276441454064 0.05354004081509322 0.05905709511355643 0.06106460058160091 0.059847951727683375 0.06009996006078994 0.06251923370252721 0.06663129894887966 0.07221394194752839 0.07900961633017166 0.08638979236619165
0.06377429444649159 0.06064469477857524 0.05646329810372151 0.049353812818987264 0.04386899919983877 0.04116745824274722 0.04020939305961391 0.0361029548978872 0.029186886427838312 0.02135158523045439 0.014417627280282643 0.009523581050737332 0.006270983106619026 0.004186456755559392 0.0029004538817637092 0.0021495254464213927 0.0017477436961989665 0.001598115210957846 0.0016687949128332679 0.001983645099322022 0.002686652274582685 0.0041215601318864365 0.006911537846546767 0.012047933471446386 0.02052079312800317 0.03160473805881609 0.04256616319143065 0.05198862111269624 0.060581584844059753 0.06823130595587044 0.07439543103587005 0.0781468108031086 0.078445068363036 0.07455747983883977 0.07083550963883425 0.06971363410130375 0.07153482183368072 0.07622580074514364 0.08311628551756715 0.09167367869439713 0.1009208695452838
0.049794003999715675 0.04477427587014929 0.04096528556184918 0.03759793551670105 0.035361157074240764 0.03480177456580243 0.03557798012823668 0.03455883519942763 0.030100733501336838 0.02372494860173654 0.017412173599610958 0.012556939632897925 0.00905064057337902 0.006640607556212444 0.005091701439155051 0.004171670113039972 0.0037308637261423854 0.003716012178428191 0.004156332828338677 0.005198565499073567 0.007291412126661817 0.01150346775120362 0.020065163486596628 0.036404474828463894 0.0628064947277019 0.09150578197360332 0.1087619437009913 0.11473969914190076 0.1166806585508508 0.1164890623742534 0.11417234921782846 0.10901524095789411 0.10030110559671854 0.09018541065647662 0.08409145507029483 0.08158392927406276 0.08262234594496809 0.08767847054069097 0.09649122978831477 0.1080260754147558 0.12062614970249638
0.0329983625345626 0.028750570914146623 0.026403121683312776 0.025409065298417396 0.025641320355087708 0.02722664889258622 0.030156128007337996 0.03266464189616848 0.0321243243089553 0.027594732759530446 0.021977871619764364 0.017146560994092654 0.013311773658167714 0.010562618466958253 0.008782637359268377 0.007822241087998253 0.0075591139368613456 0.008053169803157026 0.009485857050833945 0.012333693089306028 0.017804008232694513 0.02866346506514654 0.051027133273705436 0.09755435341228492 0.1790948209510293 0.2515046422196239 0.2513204155248634 0.22600588306163327 0.2006810352960852 0.1787847997227212 0.15860613473134216 0.13845984208005666 0.11840589931629483 0.10471633161319874 0.09677970819105614 0.09332804010981802 0.09382532733248551 0.09923488646948954 0.11041097351841582 0.12693559790371572 0.14641133304188175
0.0191265355659793 0.016733428249059337 0.015875295354741865 0.016148892338929716 0.017520754223922907 0.020213784851728245 0.02450115391385496 0.02914858869454283 0.03279214732521161 0.03268026588551955 0.028841324063512874 0.024208465051132222 0.020135812457393907 0.017042715071948693 0.014988065389474222 0.014004164554710057 0.014216785516651375 0.015935356012471397 0.01945347457742688 0.025863638388403075 0.037659862141875965 0.06042028993158454 0.10687352292704218 0.20459239554524244 0.4098686396948009 0.5840542387016004 0.45735350753841797 0.3630507324976855 0.29274214862964065 0.23795582019759728 0.19397013574503774 0.1569017987773981 0.13120685882717 0.11515139127895402 0.10587438149362718 0.10190854724428935 0.10272337149742072 0.10867309481297686 0.12174176794176661 0.1443463624892204 0.17615164596052982
0.010186403949872865 0.009137175264982426 0.009051597612104572 0.00978677439055032 0.011456395710549282 0.01445908065737967 0.019387781855787524 0.025588135459366175 0.03188415571660285 0.03656795067306067 0.03745923879599503 0.03483093526360047 0.03081600165836376 0.02746217999260302 0.025173497965458324 0.024269451963556326 0.02515401160977649 0.028505339839724943 0.03520452952433082 0.04677133488864234 0.06723855029957485 0.10472992706834873 0.17514168736289673 0.30436178597992586 0.513765214615262 0.6513953451681181 0.5668334488378789 0.4467503808994227 0.34689662985850656 0.26778320301537306 0.20527261560414567 0.16311610658180956 0.1362769629380491 0.1194004948214126 0.10950877151297655 0.10515029912142138 0.1059331002675568 0.11233664078667657 0.1260926180520694 0.15128333673941477 0.19413043564093094
