_RESULTS/CROSS_VALIDATION_POSTPROCESSED_80-20/MHZ/GZ/5comp/3/MHZ_GZ_z_355_kriged_reverse_5comp_spherical_3.asc
ncols 100
nrows 74
xllcorner 5.5967023332191781
yllcorner 50.982320383219182
cellsize 0.00019249356164376555
nodata_value 1.7014100000000001E+038
[rows 40 to 59 of 74, columns 0 to 43 of 100]
6.397967979521278 6.3381449216223835 6.264280401644326 6.172144751630703 6.074881333732553 5.9870702902967325 5.9163360238392215 5.866723372534693 5.8318552405213335 5.780269557189897 5.7199841131371345 5.6588856874489855 5.597636366414491 5.540493619476898 5.491017720838107 5.454920912099629 5.4261399584021115 5.389422682453324 5.363271596588272 5.359818330185222 5.37652858645021 5.427313445036882 5.5166449327026985 5.661224929486981 5.870722935368856 6.127482790486287 6.403541632556621 6.671565777301569 6.896867918432077 7.054414800116896 7.1382693830205985 7.153455515858409 7.108835666284693 7.027851420206469 6.916923135754003 6.78497183987871 6.649749537215924 6.519913819034661 6.399361788759826 6.302078263619968 6.248246985446986 6.240736822701633 6.279477366473831 6.360602719621437
6.460978510437411 6.39078536656426 6.304364342748979 6.19026752942717 6.065216917110323 5.952457618074858 5.860862098506643 5.792208828912091 5.7410697447078896 5.686356881947763 5.624118939523355 5.558162909659977 5.4959239187289715 5.43636658190479 5.386996821044173 5.358021855071127 5.353793185543138 5.354142965529738 5.354775785928717 5.383219476175203 5.449871517449888 5.546734637331695 5.673366816813311 5.840331850374526 6.051802864356507 6.297791792069468 6.559752677044554 6.809915096721799 7.003789152049396 7.1123293023716085 7.133613769525649 7.078178934573634 6.97478480513474 6.850541239823861 6.715734893946203 6.577713333338613 6.44706260631866 6.324239752845038 6.2122333802050855 6.12799551607919 6.086692776861026 6.090865700904169 6.140184523176355 6.230093276401376
6.5084682254923445 6.41676091937671 6.295805396007731 6.149417412865893 5.996042984672044 5.856013553363207 5.744010190421405 5.660325174345304 5.600075706263407 5.5462057771369775 5.4869031096928165 5.42880614460329 5.372003874955087 5.314119563369728 5.266054820374822 5.2404884477130205 5.248084522883491 5.2842738958916 5.33816980152222 5.415974481784221 5.528885658027964 5.661185281887115 5.8159357650527195 5.9989903779419835 6.2128403780375905 6.451753193097763 6.704692501205566 6.944684733305675 7.118538979618844 7.172942788634444 7.111464104740382 6.974445322888867 6.79924462416863 6.627985658801368 6.472366566416977 6.332928217971258 6.20664313118837 6.090413403361139 5.986656525933105 5.914852886114212 5.885049906720637 5.901214192662268 5.9640868754676895 6.068938221536228
6.540337201478098 6.426825772636434 6.255384896529462 6.052117777473589 5.857061440811447 5.690853121898724 5.564289834972478 5.473973382290526 5.410743573872716 5.3619483511083175 5.3153637836888015 5.271333107896502 5.22509543735975 5.1734138259955005 5.128069662224512 5.105567012262764 5.123095029912178 5.199286693356766 5.320874069665388 5.458923542405975 5.610000258144118 5.771513871923204 5.945949582482775 6.137337081725831 6.347605197998053 6.574440940397533 6.814066335680348 7.047471895533024 7.231786722851223 7.216544358939397 7.041509471950161 6.8232708692767385 6.5906828931353205 6.376901678348125 6.198442092322614 6.055882971949552 5.936597959890285 5.828587623891698 5.73540580380805 5.675136563077872 5.655099605322476 5.683007490278295 5.762921451755754 5.889536916688353
6.553753284884342 6.424208136062355 6.176872947501879 5.904681281767315 5.666068811592953 5.477487842682083 5.3370987837802755 5.241382606407766 5.1800704031073055 5.142991835834354 5.1184802215236145 5.0956164989153105 5.068807316540933 5.034380894130896 5.006037958357076 4.991810244377567 5.003407606417598 5.109610044048604 5.314991498623333 5.520757145180928 5.702803575627884 5.88460815991586 6.067965286212148 6.257332148165926 6.453137751983721 6.654696024762206 6.860778836355738 7.056384480716662 7.220510931156292 7.134588824474486 6.88722813566278 6.621535247752177 6.354925317620536 6.111660658333297 5.913580490575502 5.760857411166397 5.647341308553156 5.550729154126679 5.472941216863023 5.423361945395869 5.409311940596117 5.4461278093813945 5.547102028281121 5.7037026035698375
6.505244160315095 6.3927872571885205 6.0188715541558935 5.6868685038110875 5.418265931775659 5.218640360672056 5.083234021874797 4.9975637114102405 4.947913647071464 4.9302922260297715 4.9330849233718155 4.937627090189681 4.937880007693674 4.931698398866521 4.9316652105636845 4.939961625498893 4.948989821005926 5.070744432955843 5.36274255946489 5.619192202626197 5.827748593366505 6.019374370361985 6.202839886870256 6.377943090796092 6.545726963051752 6.706523248821729 6.856434005962529 6.970391512472804 7.005171214998223 6.893867201720358 6.660900679701845 6.385072826663925 6.106189179182714 5.849717233315006 5.643297447776606 5.487014764602863 5.372313382154917 5.284312352013541 5.21965055659823 5.1780183404762505 5.1631631335228185 5.198707489279426 5.328167789094236 5.521361903560237
6.265135473181675 6.06845028856922 5.731004264981944 5.389456723454922 5.110701159270201 4.918553974227716 4.807121036506247 4.752148711819014 4.731578543835908 4.74044926368506 4.770855680727651 4.806427501346548 4.839269140576725 4.870982460894948 4.911138643386092 4.9698169271644135 5.0608150702108174 5.236460361563269 5.500948184483864 5.765662902454148 5.988592564448428 6.184504971040243 6.359636991484279 6.514970794939533 6.64632607249565 6.7553115087915 6.8383251697021805 6.866897685290123 6.813567243781751 6.658635787970976 6.418478080933156 6.1371943041920884 5.853730533617907 5.598596340897524 5.394360476533338 5.244494777703212 5.136736545660067 5.065845904861834 5.01630033109696 4.982342031049977 4.96228122188426 4.959919423537563 5.138535958335895 5.36484252885618
5.959829456516892 5.708527021515578 5.385055071752051 5.043503035842029 4.761493626371332 4.591732192114318 4.525713218797468 4.517110365279098 4.538341300423037 4.581634024217933 4.63861560889715 4.70535106778618 4.775783016660384 4.849069022797031 4.934376413746412 5.049484222235828 5.2091702984968045 5.427808088864232 5.690888541215756 5.9529591765189664 6.1801464534736406 6.376844604439053 6.543798469502761 6.672711799824753 6.764593439577131 6.81990530340226 6.8356941248210585 6.790255296628824 6.6683649526300846 6.466593712228912 6.200381181306175 5.902150265675924 5.609454307375876 5.360250196546743 5.172167903159331 5.039935579806078 4.953430729680541 4.906580136462358 4.880655461120398 4.868320870586381 4.873233406235557 4.916692920959016 5.063198344446813 5.2740516629718766
5.6917212460064945 5.407773325054495 5.070968627229078 4.709339817668588 4.398513547903088 4.2611662471342315 4.2695841782108355 4.317672278729361 4.380932090554367 4.455743163691273 4.5405822538633105 4.637191270414463 4.744825207389677 4.858923210245234 4.987265401855496 5.15073839738133 5.360919363919077 5.615955358822949 5.8946331492820265 6.162488650072542 6.3947371696336335 6.59111108525733 6.747689319713116 6.8521469883416755 6.905886495873623 6.9096108572277535 6.863307800596918 6.754701227940068 6.575978184894391 6.329423150185591 6.028664586045497 5.700042560004745 5.383851780532431 5.13910729242629 4.98377659788425 4.887336944417471 4.833734624142374 4.813897871590057 4.815966438132551 4.8301966809006815 4.863580054242057 4.935350373401896 5.065713169974859 5.247243373498227
5.486024994913407 5.186537080350691 4.845154042318988 4.469444562625742 4.0830151895428894 3.995561276329096 4.096003045616763 4.185144340515765 4.275144952656998 4.372534622744578 4.479826707727156 4.599505614493732 4.734478992321592 4.886673179532382 5.05546278834011 5.259054884733714 5.508811377184106 5.793807347244509 6.092318539639892 6.372750036072351 6.614279003358274 6.813879829162419 6.962147555936634 7.04457042659647 7.06086472697515 7.019385516220142 6.923285618812619 6.763301806923303 6.539386824357461 6.255867058219647 5.92220263113734 5.5547287536902346 5.190020275540333 4.939370378422938 4.847092115104331 4.809302142688486 4.791093835856496 4.792813011625851 4.814421812532516 4.847128984810947 4.89886121491399 4.9816980889534035 5.104882651922788 5.267443288534728
5.347101606643659 5.053345728218114 4.733650561623079 4.401325688060297 4.106998472018741 4.006281012026473 4.0596431500258445 4.139759092800426 4.233264184957234 4.338861471976213 4.457547168008154 4.591789068357088 4.744877807705259 4.920712512499229 5.123077394931287 5.357944778077334 5.636646630570705 5.9438433368728685 6.260197100405026 6.556261873276767 6.814280095978279 7.0324324100777575 7.190002512570258 7.243189093745142 7.213412859854556 7.128501002024079 6.994723540575771 6.804109691931689 6.553823526642755 6.250517878426471 5.900090455962039 5.5117742520660675 5.100547385226794 4.816919117683285 4.821379635698716 4.821591693356443 4.825124218175667 4.839006261913843 4.869636384007644 4.9123824327602 4.972665029953064 5.058314505664831 5.175138824790118 5.322349612769192
5.269737823969513 4.997422131064279 4.716436098696423 4.450475436917869 4.238465860541049 4.133971094852987 4.1285835564096995 4.174097298571218 4.251737230016568 4.351695140072707 4.471206324416918 4.611239532048913 4.774597525488405 4.964937799303088 5.186045981057914 5.442373787348741 5.738023294672516 6.057789140090812 6.38585266729376 6.693095246449444 6.965290251112554 7.223755844861418 7.426996762304912 7.420887308598196 7.338663755445553 7.220069581096681 7.062526470791012 6.858953264560597 6.6014184175590245 6.298683569115347 5.957388960474455 5.591747454392825 5.246897010238364 5.021447919284617 4.949384446469224 4.931103236141444 4.9311554613130815 4.946687138814247 4.9805247444194904 5.024990962321698 5.084916505363089 5.167420653076609 5.276423756126417 5.406142294684556
5.247286106595351 5.0027686798907505 4.761615338234929 4.5467093876422995 4.379083290364766 4.279054532417429 4.2456339489996 4.260857477132554 4.316767912816512 4.403213904297351 4.515573151035122 4.653634749376378 4.819757030580102 5.017403035847505 5.249772152255606 5.517864286177207 5.81168481677305 6.131364833123369 6.460526407591255 6.7644876869211625 7.034440625947269 7.300202112755752 7.513183428884808 7.492782874343301 7.401602909590291 7.27704636977034 7.116749135456998 6.917650666642318 6.672225051169946 6.387868326193244 6.078224392992345 5.763520792356823 5.485333610281679 5.285796103049693 5.174835348973398 5.1221176187920685 5.102703777445509 5.107708248810462 5.135918036274475 5.177863755271414 5.234448890985079 5.310086891987055 5.407062259952916 5.5158001510588495
5.270554726294222 5.0535596231311795 4.845420714236094 4.663878277760039 4.524169203626557 4.430800110321018 4.384608324371843 4.378938213424869 4.414527716226429 4.484513712849884 4.58451961815075 4.7141975352593475 4.876223741738286 5.074637998648488 5.312461392105932 5.583343759099708 5.870949007404751 6.175260329500053 6.486525719401424 6.768847790991781 7.017157422977112 7.244818961692753 7.403194199530831 7.442428291557148 7.393647337944636 7.292577055925194 7.151046851000316 6.9735805766527275 6.759587607033664 6.512132594273913 6.245634722033019 5.983539511422005 5.7520064575244 5.57101003162321 5.44626796660549 5.368067553155309 5.325925009218685 5.313761388611782 5.328798033202578 5.359707586328331 5.408074562342075 5.475933662860703 5.556546817742889 5.645373583937206
5.326619684035568 5.13517616172912 4.9538287699922865 4.795714350397354 4.6727335643376025 4.587219551977316 4.536056094020098 4.516866799322006 4.535331948260943 4.588493249215979 4.672921399908487 4.788781020216064 4.940109194953372 5.133344774919271 5.37052205245194 5.635515165996927 5.916050745904568 6.20113152040288 6.485385297833641 6.737631370099331 6.958966591733431 7.15526189153121 7.296073412961871 7.359560192427944 7.350771253897716 7.28637096212259 7.178769429188803 7.035854788779691 6.861444437623704 6.657018772151045 6.438993959769645 6.227404057147337 6.035335639142019 5.873233470315334 5.745412942996684 5.650389326716773 5.5868423367934295 5.554727151721943 5.55137729397067 5.565484668599074 5.599129269198744 5.648943089859863 5.708539808622086 5.777051447548861
5.406610633814217 5.237600311181547 5.078229063558495 4.938393505324626 4.8264301005456876 4.747261371133409 4.696065888564723 4.66914231044229 4.673749795853682 4.711039620600613 4.778121518265807 4.875207408073189 5.008059612964298 5.188931617869336 5.416242155849139 5.674162801156533 5.945002640252717 6.213655908537435 6.466892723930768 6.689610606833537 6.892025949494229 7.070096415635641 7.2048412589610145 7.283312491807724 7.304288141946897 7.274767491293903 7.203622656481445 7.09834660224183 6.963179154171198 6.805844498254415 6.642350810083017 6.481413841815654 6.329106795606884 6.189136854474013 6.063957615640455 5.956948616280384 5.873343032270661 5.819995523348222 5.794341352565605 5.787471998191554 5.797138798370708 5.819563834458492 5.855462369434438 5.902885046776698
5.504330664675846 5.35519316379384 5.214332549413539 5.089449635272031 4.986804216199126 4.910323322022523 4.860805444533153 4.8315983207898 4.825763200287402 4.849381929872489 4.899440462708396 4.974586925041763 5.079082870540116 5.23051351993991 5.450949837789832 5.705154195920092 5.963773141518665 6.2120727000941125 6.437444104559482 6.63899826236205 6.827574618150726 6.994424771783712 7.1269554912197 7.216234234889152 7.259478135151191 7.25941452273911 7.221859843987828 7.152342296264148 7.05586627782073 6.947897902729997 6.840678956886323 6.733487742434371 6.6261668840178904 6.514141557900668 6.39506425237245 6.276778400431569 6.173490876873345 6.098070140222949 6.046971379823306 6.010531297178986 5.987310003520659 5.979711660137118 5.989832945436921 6.016218040247445
5.615208014942352 5.484111288522585 5.35959540457035 5.247873791705665 5.153919722990037 5.080941673493157 5.030134611405493 5.000705653908779 4.989298350601139 5.003090648045656 5.040317400281817 5.097642971486155 5.165374020037914 5.252809059983838 5.4947691713673485 5.741413765240741 5.979888666621424 6.201173109894049 6.395553229670815 6.587108630963997 6.769734013455957 6.928419605555833 7.059325790960441 7.155993154451521 7.215368872942812 7.2382307925157265 7.228336587382963 7.190869864250475 7.136327962524816 7.0734480427750945 7.0175778519817875 6.9679492493108395 6.9150491972805606 6.8411627697354485 6.729467391958938 6.59599437917324 6.471809236532909 6.373000809145019 6.2885334620323325 6.216759574473076 6.158606020406126 6.118407082893216 6.103666701575658 6.112833371231974
5.735657366730663 5.62142240882529 5.512016820466595 5.412639550976869 5.3277873857912965 5.2612850612367 5.213343336598007 5.182912119031513 5.168487186730973 5.176208011739498 5.204959863909799 5.247658824800931 5.305646586080094 5.405169875442051 5.5851959360090975 5.793308229588269 5.997071833308747 6.182895134913971 6.350882498596587 6.527926484825425 6.7079943962366455 6.867339908227203 6.998688449058695 7.099196861518584 7.168867472590441 7.20748864430198 7.221119914493287 7.216032342318175 7.19673598738907 7.1720085273109735 7.158458137640595 7.161049435177463 7.172751125828365 7.157985047155783 7.048449914681158 6.889519440560374 6.7417184841292475 6.614557714433393 6.499428706774897 6.395981374950958 6.302794645307543 6.224082344683297 6.187890712586499 6.191396217802748
5.862630098106704 5.764682793300664 5.673775648662161 5.594416290761931 5.527831220140478 5.474648297806166 5.434837019349533 5.407803413501529 5.392566130413192 5.388050665616599 5.4009237871677245 5.429846917758794 5.479031956669765 5.563527492100865 5.692757370663982 5.850646773049513 6.010229962462507 6.158487134412609 6.3070896047654506 6.466505476178225 6.634330989221617 6.794176898658007 6.929709919723358 7.037375107879569 7.116869846888331 7.172176162705527 7.207289327123878 7.22495256173501 7.229607053286717 7.232391490529758 7.250597600587293 7.288277598325797 7.346870644946268 7.424119595826893 7.2854447813201535 7.10315626677343 6.945028517055915 6.801227175015749 6.667876284096278 6.54318114855718 6.423955288469249 6.304861533601073 6.254556331459446 6.261327017892089
