_RESULTS/CROSS_VALIDATION_POSTPROCESSED_80-20/MHZ/GZ/5comp/3/MHZ_GZ_z_90_kriged_reverse_5comp_spherical_3.asc
ncols 100
nrows 74
xllcorner 5.5967023332191781
yllcorner 50.982320383219182
cellsize 0.00019249356164376555
nodata_value 1.7014100000000001E+038
[rows 0 to 18 of 74, columns 0 to 43 of 100]
2.2951928854648607 2.2893110611371013 2.2838997269057066 2.2794506366480074 2.276601718638442 2.2759415501544957 2.277633647149046 2.281280779476479 2.2857323797908373 2.255763566459161 2.175845671360804 2.0561773930027853 1.908506579713198 1.7448541367164787 1.5764425241407247 1.412929108289035 1.2619916167702134 1.1292532300146376 1.018481780820746 0.9319621344508345 0.870929328200536 0.8361909489156645 0.8281264170244329 0.8479342824548239 0.8975532963950018 0.9771736214065234 1.0868688335017889 1.2261004576274623 1.3930404680915123 1.583818988474584 1.7913597309308034 2.0034228722978904 2.208303271213261 2.392378045686712 2.54012072106938 2.63537179109042 2.665678199058342 2.668443838019159 2.6598052830291303 2.642822486618998 2.6211118952194945 2.5956626044657005 2.567693451645456 2.53198535589022
2.291169348260403 2.284376695510954 2.277849182812149 2.2721418567768206 2.2682152158074476 2.267260758177244 2.2696702123457184 2.27453941538751 2.2702748743939836 2.213393445018013 2.1071551385133813 1.9631108535915913 1.794058328981002 1.612674845254154 1.4304189943067223 1.2567956266403826 1.0990211871827222 0.9620614931284325 0.8489582621352101 0.7613241004211223 0.6998700985439875 0.6649707831716871 0.6569812318595027 0.6777731075188044 0.7282648540223885 0.8091040562608504 0.9210909948650042 1.0646422064705179 1.2349610002651703 1.42641070897418 1.634566563939091 1.8526323539945437 2.071026935344222 2.277148482539795 2.4555632849133016 2.588946798946151 2.660028851528295 2.679325988466972 2.691171075826608 2.6935350984504476 2.682380432952894 2.65468694320815 2.6206866766149184 2.5771963723566413
2.288155105502957 2.280544230780279 2.272867828703494 2.265556953476084 2.2597849475306298 2.258195160286874 2.2620387530283357 2.2687301971558593 2.247299993971671 2.1672088007917956 2.0386320975827026 1.8743467664804638 1.6880324071068171 1.4928506803531705 1.300343712617437 1.119743688620902 0.9577230806703219 0.8185450482128322 0.7045177211058463 0.6166199930937772 0.555140846880143 0.5202326356222752 0.5125498804248951 0.5337577467524955 0.584389928712567 0.6653763202710045 0.775493796832304 0.9101161573825345 1.0685480134448289 1.24925620370076 1.4493063898899425 1.66382043270305 1.8853315492966514 2.1031277866209575 2.302830922857342 2.466719855814009 2.5755210423030848 2.622179402568216 2.654223847122259 2.6789501094555637 2.6926392661521037 2.6913153567838846 2.670615947897633 2.6218353632824583
2.286509259085064 2.278385910275237 2.269893276074985 2.2611197647242864 2.2524836341510617 2.2489020413836958 2.256248967864215 2.262979585849265 2.222517971470421 2.1230288430286364 1.9761221138094216 1.7956057265717589 1.5958448898457291 1.3903215941192424 1.190542443388091 1.0053947596559363 0.8409748788120462 0.7008386509076568 0.586573583740643 0.4985668297425338 0.4368115253246465 0.40154518562871605 0.39401055089210685 0.4155001566783676 0.46621627297421775 0.5422499103984126 0.6409739546185306 0.7622041099909144 0.9056455536240741 1.0706079514799494 1.255601555632637 1.4577885226620684 1.6722267452049318 1.890875734460395 2.1014695913890957 2.2867714073235876 2.4265499209648067 2.50487130138374 2.5549994532171443 2.6001681334284314 2.6378741708998725 2.6644191509936395 2.674880122778729 2.654878702024786
2.286468868747429 2.2783322516712095 2.269817270062923 2.260998093846446 2.252229039229285 2.248463313897806 2.256074639569351 2.257210729408835 2.200752935816385 2.085592725622266 1.9242594229139192 1.7312823610472645 1.521490338484508 1.3085390251254478 1.1038219012791899 0.9158623532015525 0.7502012930436288 0.609719838483575 0.4952967503032353 0.4067075249567169 0.3436922605559033 0.30698967782218356 0.2991043522716143 0.32122333115458734 0.3683117581687175 0.43663271108093804 0.5247757699864812 0.6321751809920363 0.758733023291021 0.9044494462718905 1.0690827142974335 1.2517059897780756 1.4500098105840076 1.6591947889070102 1.8702874963114517 2.067855738484088 2.231409863966088 2.337913931384831 2.40225790959177 2.4645389841346192 2.5245739315647433 2.578716142596648 2.621135320001182 2.637675671929728
2.2880401774765486 2.2803951991610583 2.2726670985888777 2.265273472719933 2.259382381075731 2.257742792511701 2.2616917343051544 2.254470156285043 2.185351520072469 2.058347477568712 1.8864253591932754 1.6845209982272364 1.467722561920001 1.2497485383597522 1.0418508833809819 0.8522275509722719 0.685944733610499 0.5452930841132767 0.4304678838461626 0.34050546191681 0.27458540912162943 0.23411705887227602 0.22475431787049582 0.2461771867651661 0.29110710906051207 0.3539823222070226 0.4324798133029091 0.5260180794417314 0.634750091863639 0.7591871673572642 0.9000150676379111 1.0578469811240758 1.2327294333369652 1.4232145318765728 1.624696118227473 1.8263752954821804 2.0075458139856095 2.1319695136873857 2.2052255073669857 2.2808472836636664 2.361685793681001 2.4429225216708366 2.5173421853577937 2.5717749748331102
2.2909953948066497 2.2841591236564067 2.277574307354425 2.2717957527607537 2.2678007786829646 2.266826221233216 2.2692835318177003 2.2556157515168356 2.1781390669570144 2.0434609483875508 1.8648226663265124 1.6573612051977407 1.436277243009674 1.215289121798009 1.005529307921401 0.8149657087462318 0.6483378254564209 0.5075154285764228 0.3921427795632488 0.30045299116480534 0.23032598161614493 0.18187324968717547 0.16625252314838962 0.19209463546534392 0.23834200254189966 0.2966422248926603 0.36562547021753206 0.44522345395813173 0.5358249544283182 0.6382105790010916 0.7536012192267648 0.8836224827067125 1.0300404437349084 1.1941283021460471 1.3755351061153567 1.5711792479054558 1.7693204216722176 1.8960332905512425 1.9702948643679714 2.0586503322466356 2.1603687032875647 2.2683356756926236 2.3741074653528424 2.465964628624977
2.2949783680214395 2.289052179044872 2.2835896452618143 2.2790874339631633 2.2761971247918975 2.2755263295171435 2.2772448402362975 2.2607917258197414 2.179862804382182 2.041997202964434 1.8606061838791286 1.6508925956707714 1.4280728488256271 1.2058429477046833 0.9952775776384438 0.8042545361687683 0.6373939864337277 0.4964139825538812 0.3807500534959147 0.288276010653015 0.2159919079974557 0.15999252885476486 0.1305761632916601 0.16813078782240878 0.21281180027225957 0.26434956237782253 0.32275232674271087 0.3880883675422254 0.4606572426863605 0.5412001064651746 0.6310945725003572 0.7324529154331494 0.8480005243233703 0.9805741816351526 1.1320654726987638 1.3027918043360425 1.4848041507859535 1.6140960742393937 1.7037407433274754 1.8107869731973103 1.9346839638677504 2.0685686563510295 2.2039927859022304 2.3301429709444097
2.299621763326292 2.2945731149459703 2.290074570681638 2.2865158331738065 2.284320734262526 2.2838228659859237 2.285107377862886 2.2697714903104704 2.190453062881385 2.0540610302786875 1.8739878144866762 1.6653641041737641 1.4433420538911657 1.2215917495927133 1.0112007547905562 0.8201152567343227 0.6530857844056887 0.5119944028995365 0.3965141224246369 0.3049551809199526 0.23537392052464368 0.18508664275108672 0.1647951485737219 0.18058341024100202 0.21347160955885497 0.2542746078557004 0.3004784015715138 0.3511553888927215 0.4060715938753406 0.4656644827047125 0.5312003634564738 0.6049069749747812 0.6899124869597265 0.7897525767847375 0.9070712740086282 1.0422105621165512 1.18662943842608 1.3168161560480351 1.4289498581782305 1.5566313192008572 1.7015387788413938 1.858709498475266 2.020397956421063 2.1752056287753394
2.3046092992651093 2.3003519063593396 2.2966492842076707 2.2937961594527505 2.292076087275156 2.2916906504251906 2.2926887062978314 2.28168110557453 2.209010270123556 2.078831885187248 1.9042698419601292 1.7001812402453373 1.4815013969070292 1.261947423259609 1.052765846043725 0.8621385740087127 0.695113245924198 0.5539711640810073 0.43892163512942467 0.3490517333384899 0.28221863643008643 0.23488926301737084 0.2126812079225719 0.21518075022106364 0.23406685887808415 0.2619383792224206 0.2947769620634653 0.3305582508901906 0.3683916376407445 0.4083164300904673 0.4513744169567593 0.49973838326149445 0.5567051028455903 0.6262753194348736 0.7119269121349444 0.8155779077780322 0.9336944403183359 1.0543738644764922 1.1755059754520325 1.3170416390406245 1.477825607419163 1.653427882532948 1.8358852234916851 2.0143092903555178
2.309681256541714 2.3059993243554464 2.3028036889019896 2.300424660273128 2.2991005401083786 2.2989353106135804 2.2998649349574682 2.294819223000819 2.23372433028014 2.114487905104051 1.9495050170509731 1.75334153545112 1.54085539355598 1.325697575698502 1.1192328713178428 0.9299405306145552 0.7633132478197319 0.6221922488748575 0.5074332043891138 0.4188005154401515 0.3509495629818421 0.30099143423461094 0.272281636127474 0.26351018506591056 0.2691426130261625 0.2834541982894611 0.3022841711130468 0.3230680913000862 0.3444346749070908 0.36608415873063677 0.38883549966631437 0.4147678396626473 0.4473076837216248 0.49097407120804165 0.550341020874024 0.6290281608084333 0.7266345888178813 0.8357110292986343 0.9585806354752178 1.1064872580172098 1.276702651590226 1.4647177822835196 1.6620619388417444 1.8589339575475663
2.311927859811256 2.307950493708346 2.3047356920174433 2.3025775796873535 2.3016663919967093 2.3020620716698126 2.303677091421903 2.3048080307049323 2.2609060341366938 2.15754466180223 2.006496067031591 1.8222452315137114 1.6193238565455779 1.411233654133818 1.2094542386966212 1.0228150384579426 0.8573403469029109 0.716515116812379 0.6018653282482765 0.5132643745213561 0.44065284321176046 0.3840497599729156 0.3457139389112543 0.324720301692356 0.3166886310358593 0.31679898491126035 0.32106654859455186 0.32668991573571726 0.33208465519056657 0.3367361569049316 0.3412741374884356 0.3476651850353554 0.35945080114509603 0.381757722144787 0.42038892397138267 0.480185464767544 0.5621243452892123 0.6608492730117405 0.7826438042564396 0.9319179772066307 1.1061779254636528 1.3008445527486128 1.5078212232243384 1.7178779562197297
2.309236004407032 2.3048267295931715 2.301469028758791 2.2994393092202547 2.298899959616917 2.2998812613860693 2.3022727224784636 2.305530670521051 2.28297705631052 2.2012642959442394 2.0704549482907604 1.9033086204514347 1.7137726594891638 1.5159266230018689 1.3213773552452424 1.1393014013364389 0.9762846937468012 0.8364938614628985 0.7221479748376499 0.6319014652342723 0.5523691749491433 0.486185087386657 0.43556658993945846 0.4003359308748887 0.37718808421219635 0.36188367768354535 0.3506954100298613 0.3408287455341827 0.3305378903749473 0.3192167944252665 0.3073366837675045 0.2966553054322608 0.2906927693487897 0.2952694993564489 0.3178809334397213 0.3644698563540007 0.4357265242208379 0.5277371146263424 0.647287342386092 0.7952276818840587 0.9698877753856953 1.1668851505411904 1.3790718537826263 1.5976537359230356
2.301857899239761 2.2968808404630865 2.293267093513503 2.291291100913525 2.2911010444394657 2.292704660114678 2.2958014296235487 2.300064151067105 2.296620033007208 2.241385049579154 2.1356717087599906 1.9909627880075442 1.820120389682615 1.636094644296739 1.4516930005565924 1.276764851875666 1.1181949721722482 0.9808329206427487 0.8677130978271108 0.7751244726692614 0.6874978588111434 0.6096912918128707 0.544678705545168 0.4928738118456456 0.45262757942396376 0.420227719140485 0.39229183975527043 0.36622724905430815 0.3403305994267651 0.31381363933884915 0.2869869359201288 0.26121476138823746 0.23953275648130254 0.22825434313893098 0.2381952441804834 0.2775037249105741 0.34348791944990403 0.4329114690606046 0.5502020297559875 0.6956163234771656 0.8685176097817975 1.06509387010011 1.2792389528993229 1.5024762872015116
2.290082491819405 2.2843952467438426 2.280413748745543 2.2784718625174283 2.2797837000636587 2.284072345630198 2.2900373997108634 2.2969233955634376 2.303915196635001 2.2792372444343254 2.202765160928578 2.084519667343707 1.9363179076088908 1.7704858228315807 1.5987193033724705 1.4322523828551776 1.2797240276352677 1.1468040594473619 1.03660406902 0.9425828079149354 0.8478800226053006 0.7586331516690754 0.678649932634612 0.6088456417357507 0.5492946983710293 0.4975694318682356 0.45085362159556774 0.40692749210739526 0.3643758939854698 0.3226067933985547 0.2817927439223219 0.24280678020639998 0.2071000282846962 0.17935712086173608 0.17718320952374247 0.21759112666442237 0.2840296973657762 0.3735694306798175 0.48871991436495976 0.6311512387067582 0.8012329707346272 0.9958791840757394 1.2097040940679193 1.4346112148869612
2.2742283517375785 2.2676723250486015 2.2644135614852527 2.2657471007549224 2.270967320493433 2.278646482561012 2.287824979349144 2.2976541371498556 2.3072737226845628 2.309289158954917 2.265764721795685 2.1780172436391303 2.0565904060538513 1.9130275815814273 1.7587278870808825 1.6040425811088646 1.459035059706686 1.331495574540833 1.2276367220011295 1.1379395574324234 1.0397661984519895 0.9402288473128642 0.8447168158294797 0.7557267572575115 0.6742678022665716 0.6005106676333127 0.5325656465786502 0.4688426140631957 0.40836488831943835 0.3508016942863706 0.2963578288639654 0.2456408194335709 0.1994037720993077 0.158188463694867 0.13830484509185895 0.19172362704085485 0.2595275677504455 0.3479199519274039 0.4604169318407879 0.5996763563227374 0.7667434382746092 0.9589217444220727 1.1712219324556237 1.3957530652204653
2.254787970543411 2.249943772619804 2.2504367967421905 2.2557621452108356 2.264776096535851 2.276129891805483 2.2889000120843432 2.3020688192952834 2.314603411996141 2.3255410774335634 2.3173557272977634 2.2637134589385806 2.172998488886316 2.0557458371479265 1.9228629865625662 1.7847891922481116 1.6532156787804786 1.538593786759168 1.4448676935405678 1.3623760963269533 1.2646075421290643 1.157431987482715 1.0473441874533196 0.9388015035370579 0.8341766928939568 0.7356114502506463 0.6436485167971272 0.5576795219991235 0.47745904538225037 0.4031777900769743 0.33541299051519585 0.275091754677025 0.22384208089831714 0.18580909451155395 0.1765929501939931 0.20916056557039395 0.26991638062634227 0.354222648209829 0.4636313582837881 0.6003042276471476 0.7650404538084505 0.9551175386789466 1.1656105899789049 1.3886632978234672
2.2357949674036948 2.2343144846650205 2.238524444843492 2.2478355287650005 2.2607403760619063 2.2761672234030637 2.293007628788028 2.310015317329959 2.3259213197361115 2.3395539516376855 2.3498640514875477 2.3331400177010764 2.276496028947602 2.18924876548942 2.081886656234264 1.9692229654327604 1.8612785323659957 1.7641567755853158 1.6841941943453689 1.6141741358420312 1.5208597332468834 1.410394837197152 1.2890028761401684 1.1622425599233555 1.0347514464873397 0.9098304427369699 0.7910653128233941 0.6800778188607937 0.5777275466302338 0.48501921684508986 0.4031438273542347 0.3336099510357558 0.2788165233108399 0.24324544806946022 0.2339088542699009 0.2574539251667087 0.3108431424287725 0.3906362188564495 0.49729334771898154 0.6320576188679264 0.7952195313833264 0.9836956812632895 1.1923172513558262 1.4130853214529722
2.218543736758537 2.2202139337025537 2.22805114638797 2.2412526054312853 2.2583787925387613 2.2783829312321804 2.299906880613046 2.3213896032880657 2.3412384861884536 2.358000327226129 2.3705021650684324 2.3776152242470596 2.357593306292591 2.3037564558662122 2.2314544101640688 2.1523568702647187 2.072939263236594 1.9988371977821533 1.9367985395653744 1.8852715689795443 1.8045529802118612 1.6958281001568807 1.568405383296202 1.4273563143463353 1.278755749482561 1.1284217841737891 0.9812685512150957 0.842459760812369 0.7151216697417493 0.6013729145819208 0.5031102390431367 0.42215809315463226 0.36057146603300616 0.3211183910714631 0.310150068258352 0.32958480413019936 0.3784270503572399 0.4554542550121183 0.5604873867444164 0.6943297384096657 0.8567532703953329 1.0441401295413706 1.2508069326507765 1.468458308772951
