_KRIGING/Kriged_data_classic_aproach/Quarry Berg/Upper layer/Upper data_z_180.asc
ncols 100
nrows 90
xllcorner 5.6208706962070707
yllcorner 50.959635321741573
cellsize 0.00013436758585859339
nodata_value 1.7014100000000001E+038
[rows 0 to 18 of 90, columns 0 to 42 of 100]
52.164884629678667 52.164512513489555 52.164102252734338 52.163665608875561 52.163224100504635 52.162814372736904 52.162496552837283 52.16236702058896 52.162577417477891 52.163362031713191 52.165075770312896 52.168244537901842 52.173628690874565 52.182297992812636 52.195712852471218 52.215801392785053 52.245015155488062 52.286338496499539 52.343219061414516 52.419380915874171 52.518480354600015 52.643569951681798 52.796351805973813 52.976228152879841 53.179196840902279 53.396688288717073 53.614493848989241 53.811983995325846 53.961846665503174 54.030578596217012 53.979924219157084 53.769370952566135 53.359677588419991 52.717245041154257 51.818957633239364 50.656958671680137 49.242710897655243 47.609662767882817 45.813917969999025 43.932494012313335 42.059041191417457 40.297239574437889 38.752445945743482
52.163880820705629 52.163300240536032 52.162657564082807 52.161966926594033 52.161254058708565 52.160562285248503 52.159961911976396 52.159564722220679 52.159545836645876 52.160175659792529 52.161864871934611 52.165225163878972 52.171147310300128 52.180895831042022 52.196215503665996 52.219439087687888 52.253577803281715 52.302366847724755 52.370228666119075 52.462108745753753 52.583135088841331 52.738056511687361 52.930429853005506 53.161554644540615 53.429196638363052 53.726196801754696 54.03912430891998 54.347191039781961 54.621688135762028 54.826217587509419 54.917960072482941 54.850135375798317 54.575672990885323 54.051928165601979 53.246074928524145 52.140614994065785 50.738298190062402 49.065693278072217 47.174705388641016 45.141518164249007 43.062732932491386 41.048848038078901 39.215613527882837
52.162365935454389 52.161475378757842 52.160487830391588 52.159420545190855 52.158304451796667 52.157190592868602 52.156160251514834 52.155340772242639 52.154929766166219 52.155231040182954 52.156706017380017 52.160044328517387 52.166256255112572 52.176787317568596 52.193651039762756 52.219569407594079 52.258101684265796 52.313731469313154 52.391870346642236 52.498726219104185 52.640978465394426 52.825204093989626 53.057013023164885 53.339879740756643 53.673704353336049 54.053196860580783 54.466248774716462 54.892525829978766 55.30257036784019 55.657725611881645 55.911170666789303 56.010273369609109 55.900325303606763 55.5295283934759 54.854877824045943 53.848365770229449 52.502756220684184 50.836094746088953 48.894151260603849 46.750163899998142 44.501549412223106 42.263635378989726 40.160895337646217
52.16011289907803 52.158768712114863 52.157278028400867 52.155662519777778 52.153959956808777 52.152230805584352 52.150568645990873 52.149116681360979 52.14809345153941 52.147831709519437 52.148835071004314 52.151857174462933 52.158007249990675 52.168883640462568 52.186732367319536 52.214620801919551 52.256606699044653 52.31787061809834 52.404766247314313 52.524730516506551 52.685986870453391 52.896974802857656 53.16545120308443 53.497238174659969 53.894639886332143 54.354616684986524 54.866882727398135 55.412173355484043 55.960995284050043 56.473208360838242 56.898774252955079 57.179931179104486 57.254909711146453 57.063100182887084 56.551339276181409 55.680737280084756 54.433262789942134 52.817184203773969 50.87047522477468 48.661444992896207 46.286147787713652 43.862529993394361 41.521725870390512
52.156810412380366 52.154812591041235 52.152599716759269 52.150200064222972 52.147660958405424 52.145055136102684 52.142490836539466 52.14012810993907 52.138204842320349 52.137077055000987 52.137278932725806 52.139608417416696 52.145243583497816 52.155892768859246 52.173976899961559 52.202835026565964 52.246933465230512 52.312045394913355 52.405352363427042 52.535404169121321 52.711862410377037 52.944950133254693 53.244540468613735 53.618845526304938 54.072715952643705 54.605631043499955 55.209544077085781 55.86683706241358 56.548717620411352 57.214438820506189 57.811720568855065 58.278682503511703 58.547455919245763 58.549431638735712 58.221843022089317 57.515114401068544 56.40017176705819 54.874764191157581 52.967823891573786 50.741025427485567 48.286989931588018 45.723988947507543 43.187477524523707
52.152039485303391 52.149114072089972 52.14588077716347 52.142378015005448 52.138667004262246 52.134837386586256 52.131016188210324 52.127382773930876 52.124193622518675 52.12182203386952 52.120819038929355 52.122002455630323 52.126580687036125 52.136315812903121 52.153726023329838 52.182319781138062 52.226842853607138 52.293504669891419 52.390133382081558 52.526191769275741 52.712572295750192 52.961083999602678 53.283551929266693 53.690476774252602 54.189251704909196 54.782005500202033 55.46323121713624 56.217457515597147 57.017309087006922 57.822362958912009 58.57921713243087 59.223128790867676 59.681441475692964 59.878807713529667 59.743945354574791 59.217378209822122 58.259352506666474 56.856942831469667 55.029311456303205 52.830193397163214 50.346950551117686 47.695945625851422 45.014475070979451
52.145246814590379 52.141024659496921 52.136371585663895 52.131341644390787 52.126016637700374 52.120510362971316 52.114975455896626 52.109615573537582 52.104707008264953 52.100635330022868 52.097954093178032 52.097473632986166 52.100387953762464 52.108445944841861 52.124168814104038 52.151107898138022 52.194125349225715 52.259664637681709 52.355959293509855 52.493109045589279 52.682936142496871 52.93852615603852 53.27336284409634 53.699991447242638 54.228193338909037 54.862728200498111 55.600793856493254 56.429458463329482 57.323418539950339 58.243508134674371 59.136406242957619 59.935941237234601 60.566260581686151 60.94692284228951 60.999695039721374 60.656536872786035 59.86797292896496 58.610849401665263 56.894393359889058 54.763574769172884 52.299023150223611 49.613149750760371 46.842619660712849
52.135716064821764 52.129707941110595 52.123109164435959 52.115997650233766 52.108485722136137 52.100722215598012 52.092896019226004 52.085243816479192 52.078066307303061 52.071758921614006 52.066864759942277 52.064158820909839 52.064772917321974 52.070369270097814 52.083366699491094 52.107215710115781 52.146706931024141 52.20828122203261 52.300290123239662 52.433134329329988 52.619189159048076 52.872414689006376 53.207550483457254 53.638816902548172 54.178091652748378 54.83260322090203 55.602278797836419 56.476993636888835 57.434075298267601 58.436498315234147 59.432238505926549 60.355219672220301 61.128164759608239 61.667457826745803 61.889848453935457 61.720520322480027 61.101749064060897 60.00114697507869 58.41838670630208 56.389350832200535 53.986882575649943 51.317696956264577 48.515501843383788
52.122538882215309 52.114107293967493 52.104881858908641 52.09497625107538 52.084547570664569 52.073795387122232 52.062960594276049 52.052326798197385 52.042228641901971 52.033073426841909 52.025384399358146 52.019875739542073 52.017570025471343 52.019967947319628 52.029276360414343 52.04869341996347 52.082737766679827 52.137592298668281 52.221412661628364 52.344528217558818 52.519442489760777 52.760526087814895 53.083294221912091 53.503179701696794 54.033756161772899 54.68443751908363 55.457775789869316 56.346591447108437 57.331282715085393 58.377751006215362 59.436424572560909 60.442838394929993 61.320119552828515 61.983530738172078 62.346954000664084 62.330884182993614 61.871194233673009 60.927688747994218 59.49133222809418 57.589065968289788 55.285329518910721 52.6797658496289 49.901068246915209
52.104588362184259 52.092916848102163 52.080198215615027 52.066598553382732 52.052339525795162 52.037693255588877 52.02297489083665 52.008535493629211 51.994759739204156 51.982075090304548 51.970981399035665 51.962111901010829 51.956337707891251 51.954927360570579 51.959769789482792 51.973662105378992 52.000652152238146 52.046409331595754 52.118576390702003 52.227031496162624 52.38396743593826 52.603678306420527 52.901939947694707 53.294885512859523 53.797317726645119 54.420467609608011 55.169303957433158 56.039610574619402 57.01516410434364 58.065443080459701 59.144353878124534 60.190447777067305 61.129008057578702 61.876201752633506 62.345228759263989 62.454091067800263 62.134292555923423 61.339520500088447 60.053208959623319 58.293885063905137 56.117372969030235 53.61526781071732 50.909552545542283
52.08049861490619 52.064559937866989 52.047264885339303 52.028854601232538 52.009641952993391 51.990000931946156 51.970351084591229 51.951139523814732 51.932825095075231 51.915871665891316 51.900760062568352 51.888030519856599 51.878369049355086 51.872751057518585 51.872652851162272 51.880335278775959 51.899192728626787 51.934144554678824 51.992025101220207 52.08190449653749 52.215248542311286 52.405807298620417 52.669114720121073 53.021492895262831 53.478490262506099 54.052747229148565 54.751373957601885 55.573036564217873 56.505065460439809 57.521002561926167 58.579068161727108 59.622029205237396 60.578869994039181 61.368496848058385 61.905458827657284 62.107364156773926 61.903359783701838 61.242773476309118 60.102849152429314 58.494481919374792 56.465003695888207 54.097378676328873 51.505604368991392
52.048654882133107 52.027180173074171 52.003979359973712 51.979398564718238 51.953876696879107 51.927927770589278 51.902115062978964 51.877019621766053 51.85320784425187 51.831205458867828 51.811488047182422 51.794500887239295 51.780722808209717 51.770789122712472 51.765686545460326 51.76702721260979 51.777398481356599 51.800769516313764 51.842914963794286 51.91179171457803 52.017779884174288 52.173678447578702 52.394335695595231 52.695801826434206 53.093922000154379 53.602347209244741 54.230027231341921 54.978358611090854 55.838278027992416 56.787698006653727 57.789753833476723 58.79234346072613 59.72937665274798 60.523996714944616 61.093804148590465 61.35782044050012 61.244622384719385 60.700804654382374 59.698745186499679 58.242600358760576 56.371571811144044 54.159763708591427 51.712357471797148
52.007199150390264 51.978650800802484 51.947943919914209 51.915568100337481 51.882132610068609 51.848339671907311 51.81494586160035 51.782714205140024 51.752361981290406 51.724512059928202 51.699658640888785 51.678161157919902 51.660282334337055 51.646287150329499 51.636617824493896 51.632154717216238 51.634563282577929 51.64671213124744 51.673126961342746 51.720420780235131 51.797615237626225 51.916245508799676 52.09012805685429 52.334673714901868 52.665654502271209 53.097386050834061 53.640369143288197 54.298538604415526 55.066383806582209 55.926313946020542 56.84671992162076 57.781208960665552 58.669437930831783 59.439835947858711 60.014290208655083 60.314591813437289 60.270138024472367 59.826113234054333 58.951175993994035 57.643610291253452 55.934985089485636 53.890610679673379 51.606457986765697
51.95405613232883 51.916607927275635 51.876507021211069 51.834434701954336 51.791225461033264 51.74782884307109 51.705255171670487 51.664507999908579 51.626508801615046 51.592022460489289 51.561595342973533 51.53552083434694 51.513849666503475 51.496463441219788 51.483228508993491 51.474242709194925 51.470178338619263 51.472710311082565 51.484998686873169 51.512170572987301 51.56172030209995 51.643722986892875 51.770740827394064 51.957300772130225 52.218843065320435 52.570087911573083 53.022843400187597 53.583377975400339 54.249594539324704 55.008353552660211 55.833377081365725 56.684200798813109 57.506605792259158 58.2348444965737 58.79577649602053 59.114768053969783 59.12291814849096 58.764900076704016 58.006502915163168 56.840867952839609 55.292473007872474 53.418129878451367 51.304606557137078
51.886983584352663 51.838512136191312 51.786837172950214 51.732890520459932 51.677798011225562 51.622826982126313 51.569312911263481 51.518568595671596 51.471782221746153 51.429913937071831 51.39360391171202 51.363108078446203 51.338280298557478 51.318620938820473 51.303410875379015 51.291945704773539 51.283876362216972 51.279648573867291 51.281014346512379 51.291564788087392 51.317207150132049 51.366483978378405 51.450614196728765 51.583131547122676 51.779011915490557 52.053223139273015 52.41870108740703 52.883851194697456 53.449785885471996 54.107619498160183 54.836232210240027 55.60095961484749 56.3536438548783 57.034381992923549 57.575126522111731 57.905046334118666 57.95727496514553 57.676400393780924 57.025837061722143 55.994112876952016 54.599135080915588 52.889680327773235 50.943670556570829
51.803648959651738 51.74174081904998 51.676031872151881 51.607774378921391 51.53846303260147 51.469764571777674 51.40342133299005 51.341133082253691 51.284424742006109 51.23451109815386 51.192173042252676 51.1576631013384 51.130660518448323 51.110297367067048 51.095276294927899 51.0840964960543 51.075396340132627 51.068407848400369 51.063499510737898 51.062760342573064 51.070551499356938 51.093925784964057 51.14279528563744 51.229719697970637 51.369199612551405 51.576395863800329 51.865260915860986 52.246159176119477 52.723161959791582 53.291314812445776 53.934269732077482 54.622729428067693 55.314143503718618 55.954012389339042 56.478990663780422 56.821748950928587 56.917280779421368 56.710068990463348 56.161304054126028 55.255220932263917 54.003627215959845 52.4478480710006 50.657602131077766
51.701731220605978 51.623709974341821 51.541260220867613 51.4560353931859 51.369987366410541 51.285273977939127 51.204134872441983 51.12874142734313 51.061030169726678 51.002532762480314 50.954219120040008 50.91637326638515 50.88852381953231 50.869451962087226 50.857298713060061 50.849789329274742 50.844584707054452 50.839756800708287 50.834366829013511 50.82910176271821 50.826897928574937 50.833453819632254 50.857512384030976 50.910782592665086 51.007377926114948 51.162681696347782 51.391609313320799 51.706324681122965 52.113574790015988 52.611919564342919 53.189233629732435 53.820920053804663 54.469281202953695 55.084422344187416 55.606914064496664 55.972219216441012 56.116624158474771 55.984141714510841 55.533622022539809 54.745164603393683 53.624907907214144 52.207399655411074 50.555015903192221
51.579042280987892 51.482019372968793 51.379932497973755 51.274926792338036 51.169508890767801 51.066427457931226 50.968516068804405 50.878506182882816 50.798822037959823 50.731373130074616 50.677363339279651 50.637138494830367 50.610095975869683 50.594680407643608 50.588488033981008 50.588498104082603 50.591441636739489 50.59430528386946 50.594950121072294 50.592802226466468 50.589545277647687 50.589718115367404 50.601097062836423 50.634730030153051 50.704494087803695 50.826076681414321 51.015337039079682 51.286088368420778 51.647447033099795 52.101009255188565 52.638220153571922 53.2383714192109 53.86768001117774 54.479843331665883 55.018328997985485 55.420446459983815 55.622986241461341 55.568937951070154 55.214557223581743 54.535892444792957 53.533843978514199 52.236933346829261 50.701204761773326
51.433657285347962 51.31460912911183 51.189883533500577 51.062215592549805 50.934770878819478 50.810993442661513 50.694409897710358 50.588399977090987 50.49594849353457 50.419397610909201 50.360221511036116 50.318847749613511 50.294550662261443 50.285441832899565 50.28858041431711 50.3002213059262 50.316210962382726 50.332528008116427 50.345948206116901 50.354790693588562 50.359675928913788 50.364198248780504 50.375391851643457 50.40385455180536 50.463395841551531 50.570101343444136 50.740759197784996 50.990675801723555 51.331013292432559 51.765897216582758 52.289651578988192 52.884597248410479 53.519875281755574 54.151710255837891 54.725400977788418 55.179121826555082 55.449358500729581 55.477523274150798 55.21704354476423 54.640042530123317 53.742674141243583 52.548260196359593 51.107608048839857
