_KRIGING/Kriged_data_classic_aproach/Quarry Berg/Upper layer/Upper data_z_63.asc
ncols 100
nrows 90
xllcorner 5.6208706962070707
yllcorner 50.959635321741573
cellsize 0.00013436758585859339
nodata_value 1.7014100000000001E+038
[rows 0 to 17 of 90, columns 0 to 41 of 100]
0.49891053397312601 0.49880617787491766 0.49868232110138389 0.49853887843095956 0.49837656411612652 0.4981965971183423 0.49799993489969563 0.49778579513593335 0.49754916713939201 0.49727697038342622 0.49694250912406124 0.49649793404625153 0.49586459993304699 0.49492155602301768 0.49349297452432184 0.49133614566562189 0.48813273537036117 0.48348723420485895 0.47693774587681148 0.46798517769988546 0.45614710215189919 0.44104158641918884 0.42250367744368472 0.40073266459755408 0.37646169695382181 0.35113323461270096 0.327055154031341 0.30750467392410491 0.29674263693408792 0.29990123562726151 0.3227158599735962 0.37108735291508277 0.45048417912854483 0.56522266803482957 0.71769361142748478 0.90762968782649001 1.1315244758200995 1.3823148366424771 1.6494207464419062 1.9191998751514419 2.1758217192831792 2.4025049392685549
0.49876135755293516 0.49860727319730869 0.49842398374890229 0.49821159119521685 0.49797173026253583 0.4977073808414828 0.49742211649156765 0.49711848590057717 0.49679514609379483 0.49644229768587433 0.49603493813403599 0.49552348737381624 0.49482150496445676 0.49379057427635786 0.49222304469322997 0.48982424851105055 0.48619705323920448 0.48083310352887476 0.47311667005110503 0.46234833974402506 0.4477964005767317 0.42878314216186747 0.4048108457124121 0.3757275325277597 0.34192544177925327 0.30455606732172147 0.26573538603219882 0.22870332362117354 0.19789476278938475 0.17887800003981333 0.1781227674282356 0.2025751714637643 0.25904111081000908 0.3534109345283884 0.48979225218925049 0.66964914381478047 0.89106790065523689 1.1482756020034786 1.4315238914148845 1.7274150360940577 2.0196935525267872 2.2904612840220788
0.49856314867355989 0.49833969287823787 0.49807299210141298 0.49776334595040683 0.49741368078434511 0.49702957104465939 0.4966186024912046 0.49618870567555218 0.49574498853767401 0.4952845026713576 0.49478831411991175 0.49421025858368217 0.49346190342084417 0.49239359208709954 0.49077209497523 0.48825640589433006 0.4843746350222965 0.47850670475895585 0.46987947876385749 0.45758271420403868 0.44061532471620862 0.41797124516238487 0.3887720219015206 0.35244854058740011 0.30896677662538063 0.25908236038185206 0.20459704146237792 0.14857854846758939 0.095496302188432969 0.051221772822130973 0.022846668812784687 0.018286493838955975 0.045661681315073754 0.11248180536280689 0.22469626242288368 0.38571127508660685 0.59550084602500353 0.84995126392682108 1.1405695263812801 1.4546534170106482 1.7759670560638556 2.085897157693835
0.49830895662935049 0.49799087993845703 0.49760956454389282 0.49716543597186458 0.49666311233948945 0.4961117728558847 0.49552477411707485 0.49491806831891105 0.49430685734582214 0.4936997966573039 0.49308996840570185 0.49244181851181812 0.49167336432056985 0.49063331654427456 0.48907342300167833 0.4866174265624984 0.48272958997908588 0.47668774565068139 0.46756811444358071 0.45425136329127719 0.43546099989954351 0.40984552822154618 0.37611402187161241 0.33323020079352833 0.28066229937730036 0.21867511322309355 0.14863749041892266 0.0733049571886214 -0.0029742728449015932 -0.074187839296075087 -0.13277806779344148 -0.16999389199711801 -0.17649411352687516 -0.14318544629242591 -0.062237614417317622 0.071823562582451372 0.26107790361581207 0.50337843682075978 0.79187209667357084 1.1149919609427772 1.4569866672408602 1.7989821137923085
0.49799646464275449 0.49755237392797558 0.49701704496103483 0.49639080906675048 0.49568035575143365 0.49489962934240272 0.49406987963640259 0.49321834052718738 0.4923748722091551 0.49156575943936109 0.49080373435879576 0.49007323216401788 0.4893099624860161 0.48837418706027813 0.48701775334699049 0.48484606199673996 0.48127782566069122 0.47550770481047178 0.46647953772870354 0.45288057623181549 0.43316933119572887 0.40565055039080822 0.36860960011532939 0.32051424602787248 0.26028394708198999 0.18761526112863494 0.10333759429174183 0.0097580643814118573 -0.089059601485683815 -0.18714606762123731 -0.27667155972410085 -0.34823842303765939 -0.39145048218210665 -0.39575297705724544 -0.35149302034196583 -0.25110477397014941 -0.090284021750472399 0.13100782315263571 0.40787261725526208 0.73027549215863896 1.0834037966738392 1.4486016890103588
0.49763230287862015 0.49702463371290151 0.49628719494414864 0.49541976172542201 0.49443137534497461 0.49334199793722544 0.4921832256849944 0.49099744692539493 0.48983467967222849 0.48874616252101177 0.48777362432559823 0.48693306415063453 0.48619190636968501 0.48543866212826881 0.48444486094658845 0.48282015616801333 0.4799632676265958 0.47501383402848008 0.46681318815032202 0.45388521125731673 0.43445118864597287 0.40649415026850977 0.36788754646017746 0.31659928475850985 0.25097439310896685 0.17008768118591883 0.074142395725660837 -0.035126289850916259 -0.15410027335065768 -0.27704890136154192 -0.39609271843251559 -0.50142385396677336 -0.58182386652941553 -0.62548413154048388 -0.62108814954067826 -0.55906566620695541 -0.43288363539897851 -0.24020807520734538 0.01623797498531504 0.32827658477314209 0.68244656059024811 1.0607837066009502
0.49723809258454643 0.49642391600906233 0.49542789504058782 0.4942484193213682 0.49289694833401232 0.49140070952803316 0.48980435255018484 0.48816984785316475 0.48657375957632454 0.48510085376676748 0.48383283909766128 0.48283091618310892 0.48211080406914897 0.48160912812296874 0.48114063783614303 0.48034683931253996 0.47863841915810157 0.47513637080425408 0.46861992839547895 0.45749296185484034 0.43978380807771927 0.41319574408614812 0.37522537304166947 0.32336296993474528 0.2553814079561233 0.16970828237541358 0.065859756646043155 -0.055103918972289445 -0.19015953918962902 -0.33401127081553061 -0.47896870614673692 -0.61508512432477558 -0.73060793530113066 -0.81275822281764476 -0.84880958835044773 -0.82738412611584045 -0.73983383900049615 -0.58153883850851129 -0.35293828583493958 -0.060122518652275969 0.28514305379139082 0.66602367604602453
0.49685840345715471 0.49579145459719143 0.49447357676426418 0.49290041587387201 0.49108554534707916 0.48906455518640202 0.48689797915080002 0.48467223416842609 0.4824975907350274 0.48050202896314731 0.47881967001418191 0.47757233661778586 0.47684275384391117 0.47663806127165753 0.47684282400508227 0.47716178563228417 0.47705437641204618 0.47566558193673714 0.47176115186362455 0.46367901524872679 0.44931260210797297 0.42614466767840559 0.3913510366562396 0.34199119144851009 0.27529574878725516 0.1890490391105982 0.082048529758912081 -0.045396816717918509 -0.19098724836327541 -0.35004669105296327 -0.51531455693115291 -0.67699535126749744 -0.8231284801038693 -0.94030703424148776 -1.0147275331343923 -1.0334983352022928 -0.98608111802521359 -0.86569748651219758 -0.67051102526208695 -0.40440115649708386 -0.077181806700841404 0.29581764055227089
0.49657060622928462 0.49520495695858446 0.49349845103331325 0.49144190420158551 0.48905012614262067 0.48636781749972824 0.48347415887622336 0.48048512769729113 0.47755243825377824 0.47485785800241376 0.47260150715591764 0.47098261642525896 0.4701711529552498 0.47026882996363095 0.47125844837827036 0.47294147790967578 0.4748654760994887 0.4762455173594623 0.4758872708354086 0.4721235041296703 0.46278006505688701 0.4451909246469648 0.41628346884036682 0.37275357003466153 0.3113438323224117 0.22922703420208537 0.12448029517460091 -0.0033848413665665822 -0.1528927567090157 -0.32014978641165404 -0.49855285893969481 -0.67874761424379682 -0.84890768981796161 -0.99537536589000208 -1.1036578190057837 -1.1597180986620939 -1.1514438719420428 -1.0701300661375075 -0.91178387476140976 -0.67806012563296569 -0.37666552901871697 -0.021130100581742695
0.49649629654853855 0.49479208059768387 0.49263219392211421 0.48999957167323427 0.48690855891485751 0.48341311000197507 0.47961348972071727 0.47566033869249968 0.47175485367510184 0.4681437342085325 0.46510744579066088 0.4629402476601826 0.46192036695977418 0.46226876096116637 0.46409524918282663 0.46733162785001114 0.47165293399443475 0.47639050069427025 0.48044390619274752 0.48220320543850759 0.47949745753013939 0.46958966823436288 0.44924065104560945 0.41486356593970525 0.36278566968096004 0.28962317059466447 0.1927589165031969 0.070892039372736693 -0.075393893787554567 -0.24311843225423091 -0.42653597932152176 -0.6170032349076634 -0.80316185594190992 -0.97148708694205743 -1.1072088900153636 -1.1955571569726755 -1.2232248316951366 -1.1798922315695737 -1.0596229008061098 -0.86193451926066245 -0.59237240958777426 -0.26246734213200607
0.49681355710114949 0.49474507222527586 0.492077197315547 0.48878070640528659 0.4848666629225663 0.48039750165459016 0.47549635978778826 0.47035329688455307 0.46522697612463093 0.46044034819284624 0.45636885473155736 0.45341963035380811 0.4520001442589327 0.45247475508274054 0.45510789955571046 0.45999331232712776 0.46697003950107463 0.47552830231335663 0.48471161961311582 0.49302591619127195 0.49837120841812332 0.4980160545230603 0.48863808672176101 0.46645414953702613 0.42745938839637404 0.36778495711261616 0.28416851618472089 0.17451122510330153 0.03847175830123567 -0.12197434475840718 -0.30209828053738208 -0.49419886444909866 -0.68768638143638017 -0.86952954179154196 -1.0250839352204335 -1.1392665914728166 -1.1979828849487 -1.18965886132702 -1.1066945834177702 -0.94664131382916095 -0.71292274140349798 -0.41496833214819373
0.49776883767851088 0.49533517720814191 0.49212582083896705 0.48809358657045576 0.48324199720232086 0.4776399196400466 0.47143411873884611 0.46485807681450175 0.45823542355065988 0.45197638713366123 0.44656576786406016 0.44254100404562718 0.4404589298922022 0.44084985918481262 0.44415779193690191 0.45066604825813988 0.46040876294642408 0.47307071092056141 0.4878810731650397 0.50351098293733221 0.51798967282856045 0.52865902406603416 0.53219013091511624 0.52468665328340114 0.50189668407763388 0.45954633723671451 0.39379372403091484 0.30178202817211319 0.18224703977906301 0.036111240748124163 -0.13302205055638761 -0.31856985268744797 -0.51095615988692045 -0.69795218579771812 -0.86539969007964945 -0.99829508165141734 -1.0821539838902068 -1.1045211516606481 -1.0564494556351134 -0.93375342469298994 -0.73785369723338223 -0.47606994096765209
0.49968672035959505 0.49692481501659402 0.49317536113119143 0.48836562828662478 0.48248555739697851 0.4756067346762346 0.46789884549297589 0.459641585367839 0.45123007743134907 0.44317204072442767 0.43607520282181816 0.43062367567470111 0.4275421609388898 0.42754692640409447 0.43128259675694586 0.43924413435125131 0.45168424312431943 0.46850813903751093 0.48916045813251208 0.51251309374426335 0.53676772138968487 0.55939201436906427 0.57711295576449273 0.58599272957315041 0.58161080056246439 0.55936855865356783 0.51491955407075329 0.44470922443861527 0.34658487116065129 0.22041272828245259 0.068618752228007784 -0.10344171783457023 -0.28737839847569702 -0.47199926632650324 -0.64392203510902735 -0.78855428139207651 -0.89137577344343621 -0.93940101736285531 -0.92265599346195737 -0.8354800097050803 -0.67746823001988454 -0.45390487857200607
0.50297538132332786 0.49997496432584654 0.49573779465175727 0.49015594924114059 0.4831976365203462 0.47493139101941206 0.46554719834748048 0.45537204843132889 0.44487758257541793 0.43467785823871147 0.42551571210315314 0.41823664233327812 0.41374945508730948 0.41297308844992225 0.4167691006174678 0.42585947523352885 0.44072995865456105 0.46152046974691224 0.48790654791697219 0.51897949877412475 0.55313771753667185 0.58800704634050049 0.62041290257560777 0.64642983695995837 0.66153346971863147 0.66087387522421381 0.63967748378087985 0.59376652503790395 0.52016242383071842 0.41771536508232993 0.28768076198263182 0.13414958989399733 -0.035761744070047619 -0.21204173110261249 -0.3822825832404802 -0.53254979900207933 -0.64856971090575621 -0.71712671121662153 -0.72751570741236082 -0.67286815994776661 -0.55116891857741201 -0.36580891686882916
0.50812526869893648 0.5050448339322996 0.50044089520061041 0.49415845046855622 0.48613343916026397 0.47642315431337223 0.46523291191006499 0.4529358700584048 0.44008317011339265 0.42740212926311977 0.41578093145740652 0.40623898362924832 0.3998826735985726 0.39784658935673295 0.40122035151862845 0.4109612318146656 0.42779298656679038 0.45209223029113377 0.48376561740806023 0.52212435757494935 0.56576713424965119 0.6124878650839416 0.65922997124138605 0.70211248434514117 0.73655371349586862 0.75751367793343993 0.75986594096426674 0.73889268665836982 0.6908750480391046 0.61372653622046336 0.50759501724949019 0.37534295347452917 0.22281142999927242 0.058784523778571407 -0.10540171727995751 -0.25661867123099769 -0.38103309804740926 -0.46542885258995781 -0.49861996190637292 -0.47278199199819343 -0.3845223082002176 -0.23553147802182373
0.51569850623170754 0.51278085294728404 0.50801724030501838 0.50119137482900011 0.49219382445919402 0.48105975202696272 0.46800210850757507 0.45343642866036277 0.43799377727990046 0.42251918712883202 0.40805396370627495 0.39580130215655668 0.38707555268674915 0.38323602173551036 0.38560636465064435 0.39538053598314776 0.41351621709512815 0.44061707568612696 0.47680660522868024 0.52159901408893916 0.57377677625187196 0.63128967634428856 0.69119561359048798 0.74966769944428258 0.80209357988669172 0.8432897042104136 0.86784413560672302 0.87058604500493519 0.8471591526874257 0.79465251362153788 0.71221903932785113 0.60159481430815243 0.46742550867625232 0.31731395044801436 0.16152706680000045 0.012339864195394012 -0.11695546642186649 -0.21329317400840642 -0.26519965199550583 -0.2641170477849113 -0.20550976158805773 -0.089594861280147486
0.52630691646211236 0.52389242790752266 0.51927805657178794 0.51216974721124375 0.50239699639948177 0.48995910505324469 0.47506597839923137 0.45816870529929438 0.43997569262398167 0.42145119425239236 0.40379448258643785 0.38839940474243745 0.37679536059885671 0.37057159878825774 0.37128703963085385 0.38036767936505472 0.39899329703068254 0.42797514030603168 0.46762705581757047 0.51763462645424374 0.57693049978757693 0.64358902347045421 0.71475878598085607 0.78665638736718491 0.85464702697035433 0.91343549067935126 0.9573833866570377 0.98095438498826149 0.97926940117394068 0.94873028396144821 0.88764725223279273 0.79678674528383397 0.67974743167223606 0.54307699615745175 0.39606322679674183 0.25016929291118339 0.11813115030404792 0.012787948779172331 -0.054234675186740855 -0.073832762922393658 -0.040553353509247436 0.046614158707141196
0.54057741178625407 0.5391128789888584 0.53506992472398229 0.52805827000309291 0.5178282136699045 0.50432667105301576 0.48774675263531908 0.46856503248616199 0.44756134697188793 0.42581733285900031 0.40469175356107429 0.3857726561922265 0.37080818688473299 0.36161914480554413 0.35999688811515967 0.36759004050123373 0.38578285387332639 0.41556755055760269 0.45741311005480911 0.51113435879388502 0.57576821100125541 0.64946841328035254 0.72943552105242171 0.81190385124415532 0.89221012258147092 0.96496755555643499 1.0243627656466736 1.0645800161854164 1.0803386936288382 1.0675071287423665 1.0237325168772631 0.94900722177984354 0.84608109637491502 0.72063190137285882 0.58112399189438713 0.43831904946814626 0.30444847443476553 0.19210881245458147 0.1129907909880834 0.076590015076759721 0.089065078634934125 0.15240168023755857
