_KRIGING/Kriged_data_classic_aproach/Quarry Berg/Upper layer/Upper data_z_90.asc
ncols 100
nrows 90
xllcorner 5.6208706962070707
yllcorner 50.959635321741573
cellsize 0.00013436758585859339
nodata_value 1.7014100000000001E+038
[rows 57 to 75 of 90, columns 0 to 42 of 100]
2.2213608508769074 2.1477645546978739 2.0593463485783943 1.9570841494235702 1.8427979695290657 1.7191525536535364 1.5895958459108976 1.4582277432576551 1.3295993499476351 1.2084498570194622 1.0993956118900525 1.0065930669892216 0.93340311780698904 0.88208787491301321 0.85357134081749009 0.84729228619710439 0.86117079861039403 0.89169998492285329 0.93416212085192707 0.98295553114556955 1.0320062511067645 1.0752286674432481 1.1069932347071549 1.122557938859601 1.1184237563786164 1.0925825860781424 1.0446380122717789 0.97579326737247007 0.88871505772156545 0.78729460473664259 0.67633667081836091 0.56121230665493671 0.44751106129498608 0.34072367120579095 0.24597772441009369 0.16783796126919637 0.11017150828638789 0.07606824786549593 0.067799251503249391 0.086792816013876672 0.13360860026002819 0.20789547110212825 0.30832713629785369
2.1587810848230173 2.0794999264802119 1.9850822490154234 1.8764761799326786 1.7554880584969135 1.624793239443761 1.4878810456815061 1.3489273635355781 1.2125944983390686 1.0837653101356419 0.9672266236288356 0.86732450451647991 0.78762013408837617 0.73057863837236048 0.69732348598762406 0.68748548625249994 0.69916802517068155 0.72903955656723674 0.77255162145113387 0.82426729370406693 0.87827262839902853 0.92863405451782088 0.9698590468981354 0.99731667202321961 1.0075789281591054 0.9986527054560852 0.97008455647584735 0.92293468824274938 0.85963079783420482 0.78372471372610664 0.69958368843688945 0.61205253609422183 0.52612220858902103 0.44663516464857311 0.37804898092447003 0.32426856136925997 0.28854576891881367 0.27343508069570532 0.28078644836954869 0.31175296507644834 0.36679165636274524 0.44564056995508272 0.54726361714215011
2.100118817486754 2.0159262241149207 1.9164084991434558 1.8024903240064274 1.6759660193534474 1.5395175776790457 1.3966655567466544 1.2516454902597098 1.1092089083358656 0.97435587901195908 0.85201440308319376 0.74668998224938377 0.66211507121096047 0.60093180254249901 0.56444146709575427 0.55245029307160087 0.56323319079710976 0.5936260017392454 0.63924362280400593 0.69480776236252395 0.75455577110616878 0.81269262713805346 0.86384304000266066 0.9034605226188519 0.92815524368161362 0.93591190560905679 0.92618157362438303 0.89984564847135462 0.85906416045689737 0.80703245596936812 0.74767865387339616 0.6853379976965327 0.62443910710801709 0.56923151676450245 0.52357478120729295 0.49079827933983855 0.47362936267640932 0.47417733158061637 0.49395331397136166 0.53390244729447356 0.59442527099437115 0.67536979988817925 0.77598372310519126
2.0465495803500868 1.9583123309268531 1.854696481496523 1.736611314366266 1.6058415666026915 1.4650713011759213 1.3178398103308948 1.1684215556902158 1.0216288335192301 0.88254399617214019 0.75619681860647225 0.64721086564761143 0.55944926483155455 0.49569396491781403 0.45739248231386553 0.44450188770703547 0.45545152455135507 0.48723445037398139 0.53562415538660768 0.59549940724556261 0.66124788486225383 0.72721024089665742 0.78812161823143678 0.83950809861383457 0.87800105031258968 0.90154214758775608 0.90946465679165889 0.90245072605955445 0.88237802940035137 0.85208046089928369 0.81505525854402672 0.77515210303438131 0.73627817016248065 0.70214725579126835 0.67609195202160843 0.66094685330974468 0.65899952810396101 0.67199608350065276 0.70118090675883638 0.74734650761518284 0.81086972789886891 0.89171483012343644 0.98939155033669146
1.998951357643193 1.9076014790720757 1.8009602073631965 1.6799305191899518 1.5462903040921743 1.4027203259735097 1.2527638971948087 1.100709849865156 0.95139725056869451 0.80994866616181382 0.68144775584834938 0.57058538031244388 0.48130501417976901 0.4164818470163032 0.37766968919860111 0.3649452807444058 0.37687105610970817 0.41058568978029597 0.4620182095403782 0.52620783164016216 0.59769974780987734 0.67097849420467681 0.74089643694879981 0.8030558819073208 0.85410922216928653 0.8919515654892558 0.91579307615753058 0.92611211509832425 0.92450336185623594 0.91344579878518473 0.89602245357585153 0.87562639243089546 0.85568551444160623 0.83943271214050086 0.82973894683261673 0.82901611030817013 0.83918573126317586 0.86170010212243042 0.89759547176721 0.94755341045201813 1.0119466861595834 1.0908499111962633 1.1840023149845618
1.9578562623987208 1.8643539092981187 1.7557889548878582 1.6330676822901056 1.4979639147560293 1.3531490688641215 1.2021541353210698 1.0492550167468921 0.89927961852869642 0.75734355723128188 0.62853039107256747 0.51754069848818651 0.42834084735212463 0.36384573440343693 0.3256692855532124 0.31397175698579161 0.32742414527708319 0.36329820529036083 0.41767710736506714 0.48576837653691629 0.56228923634202022 0.64188639501526334 0.71954876293612613 0.79097304388077183 0.85284836758665761 0.90303624254101034 0.94063471012045219 0.96592898077355716 0.98024328604431576 0.98571863590319064 0.98504747530357106 0.98119826899257889 0.97716078434638098 0.97573682924788419 0.97939243949715782 0.99017730481871202 1.0097069942573977 1.0391946332982758 1.0795121984159468 1.1312582759086607 1.1948093137175193 1.2703349964563801 1.3577649433386081
1.923440448640992 1.8287322757540794 1.7193274981077307 1.5961454110064854 1.4609585119081954 1.3164225109922822 1.1660390175719344 1.0140424582481165 0.86520978294075568 0.72459997777347041 0.59723937624039869 0.48777704017897228 0.40014078837927491 0.33722763312350934 0.30066163973009608 0.29064726947012409 0.3059374391641041 0.34392378074441843 0.40084335575424812 0.47208310374127538 0.55255233023201344 0.63708606528770573 0.720839155120786 0.79963285429324116 0.87022214521066199 0.93046208162049893 0.97936372266630722 1.017043034803933 1.0445778282904843 1.0637969282195987 1.0770313342952533 1.0868586021827364 1.0958691466128079 1.1064772029287537 1.1207907752146533 1.1405452800591283 1.1670960723494246 1.2014568232158327 1.2443647841684768 1.2963509604155004 1.3577934059520516 1.428935157667429 1.5098543419338797
1.8955503288255675 1.8005284000258415 1.6913032058916782 1.5688164968656702 1.4348421574018901 1.2920140209327931 1.1437876130397553 0.9943277879946828 0.84832119063865519 0.71072082520021929 0.58643878213253919 0.48001116881994554 0.39526525624924935 0.33502168790565334 0.30086355491282624 0.29299900390251898 0.31023520282729655 0.3500699283104074 0.40889420494350026 0.48228702195696349 0.56537286163108269 0.65320600129554207 0.7411431996083786 0.82516871399293623 0.90214221989821097 0.96995012708941597 1.0275526061888305 1.0749307448248453 1.1129490821536059 1.1431570150985519 1.1675573418634311 1.188371132306266 1.2078253395310505 1.2279837061149217 1.2506335327953506 1.2772319234435696 1.3089063867087996 1.3464972348803999 1.3906239155678537 1.4417547801935668 1.5002600467241995 1.5664307541065869 1.6404519680112677
1.8737593006585695 1.779225441032011 1.6710940110379402 1.5503380737993131 1.4187356231328072 1.2788931450354839 1.1342048093910309 0.98873993453136833 0.84705824112371864 0.71396055065677522 0.59419102625056452 0.49211463004384526 0.41139897650817381 0.35473215776184985 0.32360673623505654 0.31819479397450379 0.33733014103277426 0.37860252430279018 0.43855637726510976 0.51297495696296536 0.5972212259338876 0.68660084948418176 0.77671098053838583 0.86374125869101248 0.94470018426995206 1.0175497253087007 1.0812422881597585 1.1356654951610412 1.1815101102205874 1.2200837612201043 1.2530970763558373 1.2824492222125383 1.3100368328201459 1.3376045920339621 1.3666482078416378 1.398372271703157 1.4336975986132094 1.4733060301946543 1.5177060621338274 1.5673004588442576 1.6224373859057346 1.6834294064792656 1.7505296169671638
1.8574461840162042 1.7640858882138877 1.6578268531438967 1.5396814105570191 1.4114343917612808 1.2756605778862775 1.1356798572482345 0.99544364931977447 0.85935288568321844 0.73201568277156048 0.61796084960857356 0.52133041673039471 0.445579310666808 0.39321217883850657 0.36558561216631502 0.36279854707220038 0.38368495116863222 0.42591202807701989 0.48617552092903593 0.56047282555259303 0.64442603671780208 0.73362191651260011 0.82393475832908414 0.91180128378881142 0.99442351435758591 1.069884969235656 1.1371762028310834 1.1961361545563782 1.2473247040740201 1.2918481699006168 1.3311626441362294 1.3668798770006301 1.4005972137695637 1.433767506649531 1.4676178742407386 1.5031186552413951 1.5409968539900567 1.5817826057105453 1.6258732775271088 1.6735980906617904 1.7252666732929716 1.7811875893768412 1.8416473232677604
1.8458847189489977 1.7542533910859459 1.6504931792314073 1.535662414179862 1.4115554086228259 1.2807122300032938 1.1463685441101104 1.0123402042039176 0.88284380901912107 0.7622619363724128 0.65486924775066213 0.56454207620001084 0.49447839634866475 0.44695637633384933 0.42315754579085207 0.42307499486111744 0.44551849292336398 0.48821800862026499 0.54801618649131512 0.62113037747781852 0.70345720506131015 0.79088841471258209 0.87960643982640963 0.96633168201009467 1.048500349311033 1.1243607792805725 1.1929861853649182 1.2542113410198341 1.3085086423939305 1.3568243685299268 1.4003983056884957 1.440589183059364 1.4787249499291995 1.5159914899752578 1.5533667821102739 1.5916006939174094 1.6312343747020546 1.6726482761628902 1.7161246249458466 1.7619089233420755 1.8102557664709584 1.8614467651507085 1.915772354476418
1.838332944446982 1.7488555539750619 1.6480667828863458 1.5370761361829854 1.4176897734695595 1.2924114033685397 1.1643858057214638 1.0372809195533301 0.91511077237408478 0.80200860033519006 0.70196641583107655 0.61856300414318155 0.55470590599989378 0.51241362095979404 0.49266167272730477 0.49531041065149295 0.51912407643615111 0.56188076697102196 0.62056278254601849 0.69160785419875892 0.77119514040397408 0.85553657127005756 0.94114450762955015 1.0250506348482309 1.1049578763913075 1.1793158470339342 1.2473197127783926 1.3088410151972114 1.3643059620441098 1.4145411188457675 1.4606080011435754 1.5036468268601941 1.5447460720110457 1.5848491745444968 1.6247035818967268 1.6648511777731725 1.7056536904399842 1.7473425368382125 1.7900800353568993 1.8340181497492118 1.879341845597621 1.9262865477762872 1.975122791792614
1.8341120799825175 1.7470955183258636 1.6496098066060172 1.5428189264108167 1.4285426842330204 1.3092479441477491 1.1879851482087707 1.0682674166279662 0.95389562766050573 0.84873951142625947 0.75649108048321323 0.68041171556823143 0.62309705746313049 0.58628389101002454 0.57072017984709311 0.57611350517124094 0.60116501849049953 0.64368665599917541 0.70079003093078263 0.76912740544923053 0.84515955820300248 0.92542296661185808 1.0067697982235841 1.0865585232170163 1.1627798252862289 1.2341108654933695 1.2998996433380048 1.3600890292470502 1.4150960438532445 1.4656654943126408 1.5127179056000928 1.5572099570743594 1.6000218322135262 1.641880714812183 1.6833239160537272 1.7246995643295062 1.7661980770927681 1.8079042144378474 1.849857626413997 1.8921094885034815 1.9347639495443454 1.9779954630352261 2.0220363490439341
1.832666527382919 1.7483223005698922 1.6543550180306938 1.5519842927805436 1.4430444690511537 1.329965857088055 1.2157039379126429 1.1036152148884939 0.9972842564523281 0.90031265577391273 0.816086290521431 0.7475415233112821 0.69695307098979753 0.66576566837024465 0.65448820312421296 0.66266297085066816 0.68891477318980932 0.7310757646564523 0.78637343167671125 0.85166203849191269 0.92367327911924924 0.99926035436546878 1.0756114126337868 1.1504129398110094 1.2219505261069485 1.2891424562268605 1.3515096249832943 1.4090922972106046 1.4623293545222651 1.5119183815934896 1.5586751035900386 1.6034085224845389 1.6468241354637934 1.6894625592863022 1.7316754952541433 1.7736359581202603 1.8153756192731858 1.8568393412889173 1.8979456579187663 1.9386420442140353 1.9789451498885466 2.0189584775122622 2.0588629891581633
1.833599514901344 1.7520731407380301 1.6617561624816923 1.5639226371613011 1.4604210829139832 1.3536458323112031 1.2464589949137925 1.1420630612078939 1.0438298026433601 0.95509685237504605 0.87894838705270018 0.8179998677566489 0.77420816736961995 0.74872720324813158 0.74182535551897266 0.75287482716860743 0.78041540673152787 0.82228681831552719 0.87581610591273118 0.93804037103823368 1.0059415158918268 1.0766689310515829 1.1477283629658073 1.217120117323623 1.2834165438193634 1.3457764084045898 1.4039012160487017 1.4579448170054456 1.5083919648426949 1.5559234786115279 1.6012852446876236 1.6451757659724648 1.6881628791181187 1.730635316837098 1.7727897241072419 1.814649195492541 1.8561058751743513 1.8969779364676704 1.9370704114305692 1.9762297761581877 2.0143836941918094 2.051559598918526 2.0878785687609742
1.836682322634269 1.7580850872712686 1.6715027656326524 1.5782602507740842 1.4802183298053497 1.3797357064444122 1.2795841821200413 1.1828182966577587 1.0926061061622947 1.0120330671178654 0.94389543845069368 0.89050247452270859 0.85350738645263546 0.83378529222052378 0.83137220036656934 0.84547288977353374 0.87453809914286196 0.91640369195800964 0.96847746588012895 1.0279539971357516 1.0920350804131489 1.1581333179222779 1.2240391886529804 1.288037048440146 1.348962204755481 1.4061985108004647 1.4596228231133874 1.5095082709034642 1.5564019416753119 1.6009939684860253 1.6439941293889715 1.6860292732527904 1.7275707355319063 1.7688960937409062 1.8100848331312542 1.8510433494641736 1.8915516382213595 1.9313222326402917 1.9700614792249105 2.007523936294243 2.0435522979132097 2.0780974859540327 2.1112161299054661
1.8418385020736474 1.7662771518719322 1.683500568824815 1.5948785192816215 1.5022804419511979 1.408029084358432 1.3148097292439045 1.225537443404878 1.14318991228356 1.07061829803985 1.0103524525205179 0.9644190651671527 0.93419144301524049 0.92028739559715667 0.92252725763055898 0.93995789406649144 0.97094135060433273 1.0132995759823975 1.0645003293163577 1.1218648641687226 1.1827758695535022 1.2448647185802277 1.3061602117255313 1.3651862221960369 1.4210021895424567 1.4731873391811454 1.5217758908390058 1.5671555475013415 1.6099446600074667 1.650864384062819 1.6906209555218144 1.7298102642325295 1.7688527727685617 1.8079621730634263 1.8471466622859622 1.886237905491442 1.9249400204381508 1.9628894507307397 1.9997163733673957 2.0350991458774059 2.0688049682875853 2.100712112445339 2.130811470861909
1.8491075777843642 1.776708061189108 1.6978231619508823 1.6138594248510569 1.5266895940383074 1.4385991424825268 1.3521906942528543 1.2702497235377466 1.1955797988826118 1.1308201253050372 1.0782615367595001 1.0396788076768215 1.0161967791256836 1.0082052049815944 1.015332610658749 1.0364833289147908 1.0699349915693614 1.1134870125286651 1.1646449026639372 1.2208213838313478 1.2795337370002178 1.3385778141655835 1.3961624922925908 1.4509935491678181 1.5023022496258329 1.5498204734145815 1.5937101274116994 1.6344591337502219 1.6727589746055782 1.709379398991558 1.7450545532746904 1.7803918444955531 1.8158108301286171 1.8515149839942537 1.8874949354198429 1.9235582330563135 1.959378195133392 1.9945531297691974 2.0286671120366728 2.0613444108061829 2.0922912980559243 2.1213210456030733 2.1483601403879353
1.858595007889283 1.7895174292516811 1.7146437510122643 1.6354074422878868 1.5536776326366277 1.4717000730623171 1.3919981677291042 1.3172381992368398 1.2500675060850932 1.1929384939890093 1.1479343309148946 1.1166134511506109 1.0998892418180988 1.0979584468313008 1.110287144441928 1.1356571658291494 1.1722692690917886 1.2178931178765884 1.2700489678680957 1.3262026210989377 1.3839541003989095 1.4412017434658322 1.4962668101390955 1.5479687400758368 1.5956471845149547 1.6391330585526649 1.6786763325088196 1.7148424467430281 1.7483916550328409 1.7801561046014462 1.8109281454233261 1.8413705637130435 1.871955659256322 1.9029359183539787 1.9343450458300457 1.9660247887605962 1.9976706370976103 2.0288882692520582 2.0592524980417162 2.0883612986451139 2.1158790112552905 2.1415647211310658 2.1652838606323952
