_RESULTS/CROSS_VALIDATION_POSTPROCESSED_CLR/MHZ/IZ/6comp/4/MHZ_IZ_z_180_kriged_reverse_6comp_spherical_4.asc
ncols 100
nrows 81
xllcorner 5.5967107548124995
yllcorner 50.982328804812504
cellsize 0.00017565037499993607
nodata_value 1.7014100000000001E+038
[rows 20 to 39 of 81, columns 44 to 87 of 100]
4.521978445819732 4.4790574553111115 4.409336713113007 4.313377545107397 4.192741764207734 4.0534011778415975 3.9419818010062704 3.949608687015341 3.9911884957827404 4.0331515732856715 4.069667103072335 4.104881406454162 4.144975901714885 4.191359585312107 4.248417373619759 4.325744674059299 4.435875563954617 4.585796529899871 4.777324152867385 4.9867906411268335 5.186520334812745 5.3572121435648175 5.4876224828727675 5.576672175248726 5.632793253781593 5.668714191103943 5.687881366081297 5.6946447101517546 5.674763152151206 5.62715290573915 5.557186148664362 5.46817946726773 5.361362929069385 5.250976869873484 5.153269923046006 5.083031097197295 5.042633756024652 5.02921120784001 5.039289029627233 5.068571409368065 5.099023521841209 5.130556269259875 5.178966415893501 5.273049996438967
4.581611633911583 4.538263217022592 4.47089763480288 4.381686889560765 4.275911883406449 4.167065312086814 4.084591500885296 4.062004201078935 4.083507942048071 4.1215224281405085 4.16601725551507 4.219918423824549 4.285227830221691 4.3635129018497025 4.459151630164085 4.577778399641361 4.713396469268762 4.871222833204433 5.050728401174057 5.2388203956046375 5.416390201543324 5.565133325696709 5.6709189748884725 5.729283868786606 5.750518860038617 5.746448913044932 5.724244783538786 5.690012436673826 5.629247978088233 5.546251379622827 5.447672078487058 5.336067957416013 5.211830480164526 5.0848562297087145 4.9728275015507135 4.889497641426034 4.833950650528216 4.802907347449487 4.7936948215344914 4.808296563312173 4.833173374549696 4.857813422275262 4.89852408296282 4.979485364562304
4.6668305554301925 4.627097093768624 4.566878803461852 4.489405213071203 4.401269857972444 4.313891726951667 4.243267727558584 4.214184432535363 4.22293053614761 4.256882446247733 4.307422796398214 4.37636404316856 4.4630003760768195 4.568242236759734 4.695132916049858 4.834286472781539 4.982903227941798 5.145710798389841 5.319811572214169 5.495956507932305 5.6591043400746335 5.790998977994395 5.8736489967303225 5.897459916478966 5.874736707830616 5.819878228350011 5.748430872974596 5.667224357366881 5.566237572231429 5.451680550059414 5.327556866444261 5.195340375216636 5.054555357934551 4.91294323254876 4.790657947188328 4.698028331921287 4.631366331563452 4.586789863311662 4.5629610897304165 4.571954279806476 4.586702261599921 4.593422226116029 4.609989378920722 4.671469757599841
4.773486254531123 4.738587944166465 4.687896299210138 4.623001766790478 4.549820627555558 4.476337997661885 4.413966843283637 4.385053659822851 4.3905383350377205 4.423390319118817 4.480054055286455 4.561249326377579 4.665050416654021 4.791611323759794 4.936751074905823 5.084940248402901 5.239601414057492 5.403559982701898 5.574667901271012 5.744874769748651 5.901680049344944 6.025715705184178 6.09107507614877 6.076560823318779 5.996853948992799 5.880183977995299 5.75222682714288 5.62409934251411 5.485010137063586 5.340732091241042 5.194309897546015 5.045845477139427 4.893245427455328 4.739438100332265 4.61312665203882 4.51656490113986 4.444332991721973 4.3920130333306115 4.3706320395889255 4.377735016661887 4.382740147721193 4.366373711682851 4.338799195423464 4.349936429285544
4.896867584228145 4.865535511516031 4.825229394856687 4.772177874569872 4.7112643609538445 4.647981555182719 4.592579721165184 4.567447598930565 4.5739689347282075 4.60796410365578 4.67131460264851 4.762493410306074 4.879522800873694 5.021646314505481 5.171780135459879 5.322762367982979 5.477861101419548 5.638926955270924 5.805322773702563 5.971411362972369 6.127738940907158 6.256442327320779 6.31730562958117 6.259152511662073 6.104479170637046 5.914115984921488 5.727975530695565 5.553216038848409 5.378288444812143 5.208255635146224 5.044878540467804 4.88651419886672 4.729035370674864 4.572044260780153 4.4465821110465304 4.352571579885286 4.281458242312475 4.235862269113781 4.228383667035816 4.240067802080885 4.243881344638762 4.216744888435072 4.152668924288222 4.054348581938866
5.02903061427994 5.002413813625653 4.973649872795831 4.933146991277589 4.8838501148699125 4.8294683407633165 4.78087920050717 4.760899404003565 4.769243877895489 4.806581217771331 4.874959037148199 4.972324069097835 5.097424589845086 5.245129902764169 5.393833624275326 5.542247675886184 5.692403215771931 5.845594944202176 6.001852286301246 6.159135014752395 6.311847774045757 6.450254741470954 6.539783147966778 6.430188312193189 6.169348203948634 5.903141354601625 5.660957408211548 5.443972598641617 5.238567233422132 5.049140768192731 4.8763726985461595 4.716534740186999 4.562882902469942 4.4164547297822 4.298688565179336 4.212973917150865 4.151542407722338 4.127228117441063 4.139443613204563 4.165960450723113 4.1861746085773905 4.179502013650602 4.147353753888747 4.133532859017789
5.1670721676684845 5.147593752923104 5.129707548884162 5.103045224430897 5.064520087326127 5.017958122496251 4.976357520524732 4.96051754593672 4.971443310303436 5.013355802702211 5.0855542931151865 5.1866618860576414 5.315647570119271 5.459281095584353 5.599996355420447 5.739624467929469 5.879502545289135 6.018892021567471 6.1572496313665 6.292228934266305 6.419513733607935 6.535185074275753 6.628901520995324 6.468294713648533 6.13770728722134 5.822399211533796 5.538355318762244 5.288261821219002 5.059934854692863 4.859301640626468 4.686839131442418 4.536093452205821 4.398635583554839 4.277754164217722 4.176199455699698 4.104571218636875 4.064275276314762 4.065724119534358 4.104012833042354 4.156357583701417 4.207927157859869 4.244065209675251 4.276748731869361 4.345919655305076
5.309105487671181 5.2967621947905785 5.285038010160394 5.271538593013937 5.245565157790377 5.208877109831985 5.173814388087047 5.160898090718044 5.176415438128111 5.221738566262316 5.296067850088005 5.398460427927815 5.5275520041358215 5.661932136974099 5.79124135857364 5.916618391998387 6.038279817345478 6.155697784223464 6.265610155742079 6.36337270363657 6.441832197371671 6.484986409608077 6.454879763212877 6.282490473207056 5.991248704322531 5.668276074121523 5.359424061303722 5.084408308189476 4.839725281392977 4.6365501465974255 4.476217246420867 4.34755695103208 4.244227954116413 4.1596284993154775 4.085813863435133 4.033187609005011 4.02069050881728 4.051576904977291 4.119965701060574 4.2045257291870985 4.293270908852989 4.37440936113539 4.459598509685528 4.570880163194548
5.450578615582932 5.445521394408531 5.439461017886789 5.431811244330594 5.417457802996522 5.391621549020785 5.363191772759752 5.356580938501747 5.377028195501362 5.424783955908331 5.499587921905045 5.600824128983895 5.7252913057353325 5.847836404006646 5.962382503761844 6.069110661234142 6.167408718515642 6.255527034157172 6.330134489319395 6.384197703975081 6.4051902725795635 6.373368139957833 6.268172156816084 6.071237375616615 5.791587830229952 5.468143795121928 5.139567264466283 4.839373875632693 4.57914103432305 4.381024281749899 4.247809283423463 4.162143865384898 4.108359361336221 4.069315468690826 4.03356535775792 4.006004916413959 4.022975346387604 4.08398211536055 4.182946590886542 4.300915984538842 4.424865096089401 4.543474236637058 4.665580102779147 4.802629733514338
5.587109327411262 5.589736518734097 5.589583082982464 5.585048425132375 5.575592770425602 5.559719695293056 5.539901416721714 5.539064960621394 5.562719824763378 5.611317227647173 5.684747475030596 5.782474207244221 5.899034570428494 6.008322782310178 6.10657065401854 6.193364250331539 6.267255902993247 6.325337792650569 6.3627033334193985 6.371804022883319 6.34012937110054 6.252042891247726 6.100009781667091 5.877736207467084 5.59023182108085 5.257334619386956 4.905506438400297 4.56838369010127 4.280867091131626 4.093291062704651 4.0131905195650805 3.996698333565422 4.004105427111211 4.015955709740968 4.021526407577373 4.028097004315665 4.0733390967947045 4.161719444228875 4.288160245570062 4.43682313376255 4.589553305045933 4.736038525196548 4.883278843310078 5.037611231903743
5.714161595142603 5.725208688434749 5.7317998172955855 5.730745708831935 5.72120482475534 5.711603988902699 5.701391133264929 5.704027499992667 5.7288728200437395 5.77616673454081 5.845363927687789 5.93647336447463 6.042751799477346 6.138393636099427 6.220645541759071 6.288485807985756 6.339496295488488 6.369564802050485 6.373351165516334 6.342398794289574 6.267650491280951 6.141212020805102 5.956773851189784 5.71093542619123 5.408365643242268 5.060890767950767 4.684278515611254 4.29938667011404 3.94882071243621 3.777044105254401 3.8011099178854906 3.870036224203316 3.941544057176568 4.003453542400027 4.0517727038295215 4.100683533613134 4.172965422933104 4.283650248801403 4.431632375714295 4.60540989249005 4.778003767630672 4.942845297358884 5.105815617735838 5.271064020654725
5.826908715519694 5.847121977479414 5.862147892105318 5.867033496567113 5.8607063900636795 5.85079576612335 5.842695875134114 5.843712719428363 5.863402731977981 5.903003043363054 5.963187347007027 6.044081910443449 6.138420191298789 6.220552554766011 6.287999415122972 6.339631838043963 6.372908317210072 6.383409758674425 6.364151120533965 6.305921012633605 6.202133450897576 6.04529211419381 5.83362409910916 5.56821082170802 5.2547902749105955 4.901425381723212 4.5172632525466625 4.111101508647793 3.6924261733993315 3.545591191574133 3.6885084391364855 3.8184829887769958 3.9351147888165126 4.035918869120334 4.121052193374768 4.209889601254837 4.317546473615034 4.44797482642589 4.61064655735037 4.8002116492885145 4.983003872038158 5.1569546464366764 5.327212258956923 5.497132173763134
5.9027422647648535 5.932879400045003 5.963687030141678 5.9866732917789465 5.984824214921138 5.9706951601923 5.954226837219675 5.941878500204203 5.952094232215729 5.982268460825941 6.031639756124257 6.100434817558969 6.182236307555472 6.251304084620175 6.304818479372191 6.341794699703635 6.359968358749109 6.355455971350776 6.323042383109241 6.2560534384412785 6.138179797123439 5.959779639625182 5.726553602753185 5.4484371517947405 5.133311003558188 4.78912384793655 4.426652975956717 4.069311186792685 3.771146555451912 3.6616825183888992 3.7349564533450508 3.8604943047005236 3.9915227715805193 4.1157032087525005 4.229244709053333 4.351018224888487 4.491156415918677 4.646422155876257 4.820090483483929 5.014522094660587 5.198078479930916 5.3721342836779415 5.541624823853089 5.709564325551756
5.923860728796832 5.964796131135289 6.00993441653426 6.0526779050626445 6.045043894719955 6.030364683955186 6.016259463775092 6.0020829121358314 5.998685239733384 6.013465074239366 6.049834895033358 6.1048003001859765 6.173436247794518 6.230072161185916 6.270682649667549 6.294555004085964 6.299885068478312 6.285184762195798 6.247116517349355 6.1788818247830255 6.063902482164355 5.870676578557973 5.6247273280783805 5.343815793457808 5.036603083025186 4.717122481415366 4.401977446403181 4.117146746611414 3.9081721349999503 3.8283978543857575 3.8659202471390453 3.969616274007369 4.09861843511191 4.234804596213644 4.369853610835929 4.518914081291967 4.6870188639990875 4.865481172699869 5.051203170264161 5.237325014434596 5.416282944266536 5.582214046606653 5.7434338135591405 5.902607562510046
5.899059495045591 5.947818419544313 5.992155325747928 6.021117421202852 6.027303816621039 6.022195657562488 6.0150795594035165 6.0064253657281625 5.998759345489058 6.004894825263507 6.023846987891443 6.058644038134069 6.111385232069027 6.156238981715127 6.185013187811768 6.197259582777296 6.194379316629867 6.172076956178719 6.126571399918679 6.056171241395821 5.955163079877115 5.748133816590463 5.503641113261921 5.241473416556679 4.96230001996535 4.67946607525686 4.413692539179965 4.188168043685841 4.032730104441125 3.9731967661803367 4.008400491875487 4.102925794548468 4.230783684809091 4.376415524862279 4.53006101086175 4.70402087616745 4.899671769753888 5.096646787534742 5.283624733193509 5.457263842061709 5.6252811735530175 5.780706833522489 5.927631042407726 6.071581287965952
5.862019097830234 5.911349369886584 5.949900254030492 5.9733848603596655 5.981369354728445 5.9790823718412 5.970812431708507 5.9597342070278545 5.948327816945549 5.9461324581934125 5.956824574876642 5.977481829444056 6.0081942171205895 6.037163798387571 6.054031453155553 6.059418499511413 6.048799285500249 6.017028706416915 5.9622352379670325 5.879880933499614 5.7571723779468815 5.581884995508456 5.369273407228277 5.140006772322252 4.900998617772699 4.660566060204756 4.4384744895748085 4.261333112354723 4.1476434784292175 4.110681656078825 4.152404800521595 4.251911250463925 4.383867190243977 4.537670819447587 4.705660438646683 4.898476335050127 5.123424917522596 5.334885987243943 5.495831963663573 5.648310487949051 5.80560258793022 5.954538595613171 6.086807864423894 6.2097883384979795
5.815559303330131 5.8604753053830665 5.895414625462538 5.916939223432825 5.924664530174123 5.922213198542035 5.910878478894377 5.892596772945515 5.8700410605610776 5.8471142915242496 5.839504710469313 5.851110217500231 5.872808054150638 5.892640041948531 5.90267710780705 5.90156488100247 5.882246397303381 5.842823436513786 5.780870718966652 5.691760677005137 5.569032932471996 5.414160656357197 5.233474000703605 5.039352875941453 4.8422162018620005 4.653069797064849 4.482386341426045 4.349538368593501 4.271470016671287 4.256320579485385 4.305329235275629 4.409244320125078 4.549501882774215 4.7110096758544815 4.888321722364398 5.088920190180312 5.333158526990973 5.554153274827792 5.666692787298419 5.792596569766456 5.931864683778726 6.078137820937952 6.207031072546549 6.314668958484444
5.765981236433702 5.806173699979415 5.835728584055665 5.853374000016522 5.858791352444949 5.854556047462474 5.839383626175207 5.81299411672503 5.777887908111495 5.739114838884322 5.705220416851747 5.692594598267402 5.705343692812083 5.727966378514577 5.733732907126445 5.7253619026268785 5.700923663807639 5.65856415651578 5.595377412595666 5.50753125064028 5.392810375121714 5.256393609004812 5.103494619403996 4.948635138183522 4.801573102806576 4.664533714106266 4.544989366954023 4.452072541706214 4.4041227106968295 4.409293960789377 4.468020053738287 4.57259231305958 4.7159890502007205 4.884228783493378 5.064380371358403 5.25581683618927 5.466550647708907 5.6493350020034026 5.781788795076858 5.899484285021325 6.019489975545729 6.145001916843559 6.2682349973384355 6.368132358670254
5.71070637039592 5.7509257200871 5.7757583212699215 5.790404505259532 5.79410951865495 5.788602784594436 5.770188432184751 5.7346852751835415 5.683885578493873 5.626362100434924 5.572568958626105 5.532066422951898 5.518614368481682 5.534507606518636 5.547214180464314 5.534783914977989 5.509178860997055 5.468462927516861 5.409918239197736 5.330750887213928 5.2290792381519715 5.11213070019998 4.995234532246149 4.884042684168432 4.783227045688348 4.693251839915729 4.6191282284255974 4.566807880501714 4.545569725965643 4.569711905877443 4.639370426340456 4.747242190361048 4.887406947157094 5.052988676449427 5.233029026205848 5.409262424397555 5.581200049736774 5.737451970646885 5.866262509806334 5.9765867024313835 6.079501748842097 6.179881241407165 6.278541318777348 6.364197932021539
5.649119196373867 5.690628807774844 5.715080591175389 5.72729530345979 5.730428684331718 5.725635895982884 5.707378907428511 5.662134466188709 5.589233238926019 5.507308209821247 5.432044181248318 5.372252251841156 5.33393397910697 5.326429083451716 5.338478190955146 5.333699438362929 5.311508449944074 5.277349640717033 5.228501033434973 5.162671622672181 5.079603995044374 4.995665838591086 4.916637703193696 4.845824212666935 4.786843374701791 4.7389093288951765 4.7049443786064495 4.6894908466428005 4.696249274256217 4.738320417589878 4.819919081640741 4.933455476336337 5.072992143085012 5.231720143139715 5.397964716529058 5.554043368634019 5.695389875948638 5.8266512316661005 5.938695797336529 6.033576407773188 6.116484401203792 6.190938458858552 6.257976274601804 6.316469669629794
