_RESULTS/CROSS_VALIDATION_POSTPROCESSED_CLR/MHZ/IZ/6comp/4/MHZ_IZ_z_710_kriged_reverse_6comp_spherical_4.asc
ncols 100
nrows 81
xllcorner 5.5967107548124995
yllcorner 50.982328804812504
cellsize 0.00017565037499993607
nodata_value 1.7014100000000001E+038
[rows 57 to 75 of 81, columns 0 to 42 of 100]
-9.281714658388388 -9.55021075354059 -9.82749565089117 -10.096420928184369 -10.34755044417473 -10.572868250684682 -10.760450670331949 -10.914153090502444 -11.01754451467142 -11.041337891732557 -10.989017190460627 -10.859129751075761 -10.646615380715096 -10.344879860090941 -9.948776604113736 -9.458095707778794 -8.879928795708233 -8.220505795300449 -7.448706326985482 -6.611181441545884 -5.7814324690880445 -5.023737389363943 -4.324193598090508 -3.6144393483760013 -2.990362526921367 -3.0087280772951894 -3.350152957884524 -3.746664859937755 -4.186522198170936 -4.677865798650581 -5.24170952942494 -5.912632434293288 -6.699033000554188 -7.587463196317756 -8.545212172718207 -9.482608341640427 -10.276015953744672 -10.841616020465011 -11.233197181282335 -11.530602358579447 -11.783082355321513 -11.997356789781648 -12.167288203050376
-9.046640490995076 -9.296245154684657 -9.555210331731294 -9.811449809780864 -10.051400316236023 -10.278692161991362 -10.488848824934463 -10.680398683468812 -10.832991525876364 -10.91018807032609 -10.913124865736457 -10.838901096644662 -10.679842521696708 -10.424963624361048 -10.064102507294093 -9.594542096406064 -9.024913460749316 -8.362900948216513 -7.646758528155484 -6.8884524476187154 -6.1335778676303905 -5.464277100515327 -4.835236707519772 -4.246546494584852 -3.823771574655358 -3.728037713853287 -3.8989893355968843 -4.193926376351567 -4.553222699436631 -4.959324464020863 -5.409418967911611 -5.98270479058348 -6.65364844283297 -7.3922382394333965 -8.16196355418139 -8.908614790175225 -9.57901889536749 -10.143227466253016 -10.61900506774045 -11.028815165720864 -11.385306997480157 -11.68790422177457 -11.931974113808234
-8.813139466409773 -9.057001377250002 -9.308306264148863 -9.557060978756688 -9.796057764786488 -10.024202726015426 -10.249823856113249 -10.470291340288927 -10.668035879646895 -10.799908957824705 -10.864076713119955 -10.85647329737872 -10.766528128617072 -10.576525102775573 -10.266154538498158 -9.825859132508587 -9.258574034316167 -8.594289118811322 -7.916589200614531 -7.243239204974247 -6.580768623087781 -6.004664658418973 -5.462785806473328 -4.985267054216418 -4.649579944437212 -4.516818078671552 -4.571548431228608 -4.749926224381248 -4.9995163816397685 -5.290583464923435 -5.616191385583679 -6.034329443468414 -6.564388969871827 -7.1309969998094775 -7.706924931737795 -8.27721994949388 -8.829325266503435 -9.35941336977356 -9.874276091121935 -10.375518516960483 -10.839261719939987 -11.246898337228284 -11.591669645396735
-8.581750448914285 -8.81929711807877 -9.06847674605961 -9.321100126611507 -9.569972694178942 -9.80978540471004 -10.046597786640401 -10.288572529682437 -10.525272090155024 -10.71052743477374 -10.83854859990376 -10.90587540785781 -10.900409071267738 -10.795684052747749 -10.550031943700816 -10.129213184463577 -9.543142073870548 -8.887930384115062 -8.240791764932556 -7.631200304187829 -7.071501007717994 -6.575506092738107 -6.111123369386335 -5.712781239284008 -5.425545406508952 -5.277748238489217 -5.262952684989539 -5.3475089351194125 -5.4925027911854345 -5.666093782370157 -5.868916042522243 -6.132263072018518 -6.467581928374782 -6.838902406798423 -7.209930833353221 -7.594679102432448 -8.014181425180237 -8.487698379326423 -9.02049896924196 -9.597488090890515 -10.17233962622206 -10.697500304966653 -11.165128057830607
-8.35669793847843 -8.586703662863393 -8.832565984607346 -9.087448918463515 -9.345583263143121 -9.602793369534117 -9.856923991424278 -10.116879960623743 -10.385861271442149 -10.620639141131578 -10.808539377381392 -10.949182981678064 -11.035195909871506 -11.03990569590151 -10.887009960911703 -10.472006993761447 -9.852917509729602 -9.202041706844751 -8.586133829443368 -8.032256514130463 -7.558141125979261 -7.12823812220936 -6.731106877439486 -6.393906638681766 -6.143405721282859 -5.993841701863868 -5.939912583263616 -5.9589475716104685 -6.019606522768697 -6.089806335737703 -6.1820675015313675 -6.305249901005875 -6.422825121598805 -6.547845202740409 -6.691629045742179 -6.862145406370265 -7.11946805593197 -7.516326491117508 -8.061791043139833 -8.71392060225357 -9.405552758919931 -10.060049889699567 -10.66708128313023
-8.141813777590817 -8.362543049660848 -8.603059921859566 -8.857483216391142 -9.120945425622292 -9.38992025599956 -9.662438478319743 -9.93809222320869 -10.224820410438548 -10.50015783983874 -10.73754464117381 -10.940495375414105 -11.110993342174575 -11.242024736763291 -11.257061641615111 -10.806960894792061 -10.123849568914443 -9.480205572173839 -8.907818984858713 -8.419840809680702 -8.021721791477574 -7.633390358489128 -7.293191856456228 -7.01019487512243 -6.795586857131118 -6.656560626562296 -6.587291222224217 -6.569046429092054 -6.573383746106185 -6.568399796291358 -6.569554018395805 -6.554177821699116 -6.4876158416487915 -6.338132129410077 -6.182521788431616 -6.087251921818049 -6.130892024262485 -6.4295496940943595 -7.00272391552382 -7.752484316186314 -8.56282188208451 -9.354929700420298 -10.124661080188512
-7.940892498897155 -8.150177768246035 -8.382723969525331 -8.63327752406169 -8.897487066972618 -9.172108007961134 -9.45512433610915 -9.745736877914876 -10.044204533571161 -10.344095206074073 -10.614077298095369 -10.854080238543819 -11.064847585133885 -11.239348545707546 -11.333022634463614 -10.889794764396816 -10.246773108699202 -9.666508872852159 -9.168403426282405 -8.762894611820235 -8.44311166421799 -8.1105157911405 -7.795521786072366 -7.549522491337283 -7.373840793805219 -7.257507458771161 -7.193769435105135 -7.165932887885305 -7.146643241708502 -7.10127627632338 -7.031386351948484 -6.901439797035625 -6.666857814086573 -6.286650061864275 -5.79582591073962 -5.320367917111235 -5.040317693251927 -5.2125165418689035 -5.872177445562896 -6.761249359201918 -7.6970206206960246 -8.637202193878208 -9.574383042216336
-7.757952899308607 -7.953347489200222 -8.174964242002531 -8.417917629045625 -8.678081357981702 -8.952202415926298 -9.23794228036152 -9.533808149595412 -9.838943771803002 -10.151980387001641 -10.439168432481548 -10.683670424338345 -10.878627874667497 -10.998337796930418 -10.960959903521967 -10.650564928072306 -10.19583125217834 -9.743623557206261 -9.351546222719627 -9.043396281523693 -8.804366843563326 -8.544762896525693 -8.270454864577577 -8.04424921287089 -7.884184739821058 -7.788073632749696 -7.745761347929191 -7.7338118115609715 -7.719182974778825 -7.664691963112372 -7.568714874403281 -7.369435849271851 -6.996675178276961 -6.406173959455336 -5.63642118721445 -4.7560717245473665 -3.9423337052767233 -3.890585871858545 -4.80063714990648 -5.8690456170048 -6.92089309610889 -7.967005701440589 -9.012051018413459
-7.5973985799200126 -7.77634692129033 -7.983988551399219 -8.215611596928841 -8.467107133871341 -8.735010112294608 -9.016465732323226 -9.309082551817742 -9.610599844561532 -9.915685682551624 -10.20742177528203 -10.4433807537443 -10.608459777489074 -10.678202328664224 -10.606251661139913 -10.36921508042064 -10.057478689200844 -9.739356860884346 -9.463780253438749 -9.25206074918835 -9.098363891714396 -8.918123402975965 -8.713950738540513 -8.514054028211758 -8.370608700687272 -8.286215996134187 -8.250623926163282 -8.24730733883148 -8.251319003189337 -8.22930402741731 -8.169468235546297 -7.9694698891779785 -7.4997891011109346 -6.726925359100031 -5.747445328117847 -4.649325385226874 -3.5064633554883615 -3.2290026215487537 -4.236969192873243 -5.281557720847678 -6.322421611925244 -7.377151709638362 -8.440708351969105
-7.464091142327191 -7.624084815906576 -7.814825166740329 -8.031642545956641 -8.270318279351416 -8.527069312242446 -8.797667936774122 -9.077183841723798 -9.360885790317539 -9.643042339059532 -9.915891409226944 -10.145596130632693 -10.297087378140665 -10.350788835258758 -10.283601703652119 -10.105255476852955 -9.895257309599558 -9.68999278661499 -9.515716347961051 -9.393027281164045 -9.32446370653222 -9.226447404714273 -9.098769542437987 -8.955140825655246 -8.825756858939853 -8.74726616998753 -8.715916430954367 -8.722880452989443 -8.753536216218809 -8.788173577237469 -8.828928617024681 -8.737090640358801 -8.206850423619843 -7.251941255463488 -6.150480466382669 -5.0622908254939905 -4.183262790321303 -3.928089130930558 -4.37788147693669 -5.129353991817339 -6.012196594193274 -6.9595015839271195 -7.93933043537151
-7.360536729191024 -7.499439630279697 -7.670173149485063 -7.8678828808828785 -8.087815420596694 -8.325277657917708 -8.57553011590868 -8.833582890802822 -9.093854251131834 -9.349644267363042 -9.592386465765756 -9.809066324215737 -9.957888995523275 -10.016019153291676 -9.972653524392195 -9.849990304953485 -9.721624307810712 -9.602404045950887 -9.510440164278897 -9.465492675409033 -9.474044303510155 -9.453904172051217 -9.396598048185641 -9.316505668574045 -9.225378371289434 -9.150589850308569 -9.121085256738969 -9.133504632485309 -9.182321899330667 -9.263046048342092 -9.417912005543435 -9.615653173051946 -9.010954841742093 -7.814875153969078 -6.668067778452604 -5.663608979544682 -4.934851523549144 -4.6415819017795314 -4.802981500554948 -5.293138337758023 -5.973382041404911 -6.756701931648612 -7.597891234437112
-7.274374762714257 -7.390308206248156 -7.53831740074323 -7.7135050476813465 -7.910993965209976 -8.125867339256073 -8.353054508092574 -8.58714390329991 -8.822107102058727 -9.050931306812418 -9.265200218316217 -9.454770479256442 -9.60448660758638 -9.677842993694522 -9.664707814728928 -9.589326743843788 -9.517268080425971 -9.461438205588015 -9.435783456716102 -9.4548411538687 -9.528567393377813 -9.582707823269597 -9.59301577476641 -9.573552046103082 -9.536110914369154 -9.490341997416499 -9.454740174710981 -9.45620322720983 -9.491612111780228 -9.553850655476142 -9.667590228356397 -9.750941622551252 -9.194527447489635 -8.133160368074636 -7.091064977901887 -6.199804119383492 -5.553311856985872 -5.225527727032528 -5.243370018846663 -5.553927833057821 -6.066353523220496 -6.704594212463632 -7.4114942585381165
-7.207344489981685 -7.29851622210551 -7.421963773527883 -7.572752007665319 -7.745914474249266 -7.936391646071831 -8.138930342840194 -8.347938246716925 -8.557296129784449 -8.76015076900277 -8.948752725940963 -9.114472867131328 -9.248214613074854 -9.338358440982574 -9.35440605789566 -9.311059464109515 -9.279623129100349 -9.272082310676398 -9.297723970162608 -9.366921206815647 -9.48953334800664 -9.613332080819273 -9.687075468725475 -9.723892395085105 -9.734847153839503 -9.728828668272955 -9.712306016403272 -9.690899145167016 -9.681780411709456 -9.670354864849081 -9.633531163211774 -9.474252234611969 -8.981917407014532 -8.1997136168764 -7.3519422637210505 -6.593608656419416 -6.016385883173756 -5.690632134083628 -5.639070383166715 -5.829478816616073 -6.206814147699257 -6.713589841646017 -7.298261568581845
-7.164448487321306 -7.2293892158094755 -7.326837946867789 -7.451848225385434 -7.599418546437433 -7.764439847998416 -7.941619849400226 -8.125386661413355 -8.309784201382373 -8.488389890852792 -8.654312700359808 -8.79994842873022 -8.915618922962121 -8.993568532918548 -9.027343685405022 -9.01113204180045 -9.00990742220812 -9.038131885151714 -9.101881186256911 -9.208289667702225 -9.36439494548263 -9.547134734731703 -9.679714364144548 -9.768234802698457 -9.822510689015946 -9.84999622153386 -9.85514901053328 -9.838134558751742 -9.79207319840927 -9.701436140067523 -9.544110676261637 -9.269406255331921 -8.807458479838973 -8.18175800027211 -7.496302289319966 -6.85898281114172 -6.3651032664709275 -6.068624834195973 -5.98411475704496 -6.096993546086919 -6.373786342233902 -6.773373529824436 -7.254191803283705
-7.144385973331625 -7.1855795724872085 -7.257771203649468 -7.356804339736232 -7.478254124221088 -7.6173725316556595 -7.769029973044143 -7.927661192135429 -8.087231055330538 -8.241247321091246 -8.382861290643758 -8.505107220982625 -8.601323916974504 -8.665758797579677 -8.694269379591558 -8.689778406993176 -8.709602532027843 -8.763030050516381 -8.85350242693402 -8.985617198741961 -9.16398838613536 -9.386016138311446 -9.573221891785536 -9.70957251273279 -9.803487093916882 -9.860936191703168 -9.884665085208267 -9.872916447216657 -9.817384469559045 -9.700517406942891 -9.482465931811337 -9.147634394194952 -8.700787284914384 -8.160680875751805 -7.587706625651806 -7.0647584984718215 -6.652696765679629 -6.390577167336836 -6.294271997655629 -6.35885901748835 -6.564296875177283 -6.882110937557808 -7.278249765529806
-7.136157491673637 -7.154686954868457 -7.203479475091145 -7.2783663716214795 -7.374943755043254 -7.488537452784194 -7.614172220336771 -7.7465540046635795 -7.880079461583993 -8.008893376374381 -8.127019958954312 -8.228593524556423 -8.308200887156847 -8.361316237567575 -8.384762909099843 -8.377352668217146 -8.387943965100147 -8.45054738286506 -8.55801868958052 -8.705914120263053 -8.896809200307334 -9.13267115533552 -9.370601970482806 -9.552089796108339 -9.683760491608751 -9.770465776142109 -9.814055150119135 -9.81250270311725 -9.758945090565154 -9.637989680537041 -9.40654183578972 -9.059861555748428 -8.638495998138952 -8.170223395923108 -7.695813127307162 -7.263677282710416 -6.917489287756031 -6.687849476223129 -6.5890917388759735 -6.619868687270633 -6.766225440176127 -7.005757936964192 -7.311617090678619
-7.1360956605055605 -7.137931458141341 -7.162648307328296 -7.2129511076498565 -7.284509651922687 -7.372780733860447 -7.4729994067982215 -7.580187152218578 -7.6891881598194685 -7.794747786311696 -7.891647995593919 -7.974910432213999 -8.040065828742872 -8.083467918244509 -8.102605464784094 -8.096348566288663 -8.088639546388041 -8.13403438210362 -8.231515257365526 -8.378305207346017 -8.571846377662188 -8.807419027416666 -9.074954292180664 -9.300128222278444 -9.469284642323833 -9.586644326371745 -9.653939697463384 -9.669992821578445 -9.630223510747053 -9.507831973596229 -9.28536812061671 -8.961573975995337 -8.58200606196383 -8.180247346602586 -7.782807467418256 -7.421990442593542 -7.128272376099035 -6.9244460705387345 -6.822620888718643 -6.823837711291904 -6.919575244373882 -7.0942875555872735 -7.328210391209494
-7.1360956605055605 -7.1360956605055605 -7.139625230131876 -7.1651482677974405 -7.2117661993933675 -7.275104787373592 -7.3506403096388295 -7.433724494459297 -7.519635019478089 -7.6036603434952985 -7.6812263468204165 -7.748067550862917 -7.800436638937978 -7.83533331606816 -7.850720661967859 -7.845689939079192 -7.825912880668984 -7.848547670737542 -7.925431090918224 -8.05282577571045 -8.227215652548558 -8.444961505087864 -8.701949732819262 -8.964769289496825 -9.17104910073778 -9.322091031254413 -9.420190505812942 -9.466295991799036 -9.446518262879412 -9.342828090105922 -9.152443682206052 -8.876924346933931 -8.534843502229645 -8.18110240996915 -7.838531849971402 -7.529221326594342 -7.274498750525742 -7.091041424393042 -6.988499173698473 -6.96877824564122 -7.026685969811675 -7.151452425303578 -7.328649969778364
-7.1360956605055605 -7.1360956605055605 -7.1360956605055605 -7.139381547966976 -7.161290380828494 -7.200198185608908 -7.251834955045076 -7.3118783036339785 -7.376009755852312 -7.439997682370901 -7.499809951485323 -7.551755282312705 -7.592645953938885 -7.619966874526883 -7.632029286936553 -7.6280846520464 -7.608377977161497 -7.603986005817722 -7.655477385563588 -7.758728829284046 -7.909448754349825 -8.103244196246754 -8.335338882625196 -8.600004290084174 -8.843519123696264 -9.03178876209932 -9.16771142692175 -9.242321703617066 -9.241567819226672 -9.163983029487156 -9.010066342170175 -8.783889947164177 -8.494565892881406 -8.17585630491974 -7.8724129442081585 -7.599959828527766 -7.373530407194757 -7.205230876094765 -7.102486544434735 -7.06731196154542 -7.096519730798541 -7.182616966263186 -7.315094824284364
