_RESULTS/CROSS_VALIDATION_POSTPROCESSED_CLR/MHZ/IZ/6comp/4/MHZ_IZ_z_90_kriged_reverse_6comp_spherical_4.asc
ncols 100
nrows 81
xllcorner 5.5967107548124995
yllcorner 50.982328804812504
cellsize 0.00017565037499993607
nodata_value 1.7014100000000001E+038
[rows 57 to 75 of 81, columns 43 to 85 of 100]
3.057294842214305 3.015019236789782 2.9351499087800037 2.8024005453975303 2.6135094570409096 2.377964067684147 2.1067395794332757 1.8138195292603283 1.5144600554705723 1.222844838987134 0.9664529912103892 0.7569346820250976 0.5843574540433822 0.44675946948064027 0.3395804618876246 0.2578599900062295 0.1965686168144698 0.173345619937322 0.209788573166527 0.2903640291719771 0.37007826000266864 0.4445971718966062 0.511783438604412 0.5696239260859293 0.6161936685471688 0.6507349144862506 0.7322197754406132 0.922847957135582 1.1063178363559028 1.285659092770646 1.4546965577477093 1.6089529259895934 1.7441151717220842 1.8557569750615472 1.9413769254433642 2.0007144982169436 2.035301648609858 2.0475889509280667 2.0401454115858133 2.0151847448283347 1.9743962911608972 1.918955960694507 1.8496105324237462
2.832141174167936 2.8032067272887886 2.7381972232233203 2.6395346355695812 2.5003407715208583 2.3186787425213207 2.10309604136359 1.8648954333440413 1.6166026314624333 1.3694840832733213 1.1335935913480868 0.9271949382727767 0.7451784310564366 0.5895285533577408 0.4596265418382819 0.35301375550893144 0.2761889159579576 0.2510539845897872 0.28405378396249237 0.3472901698014934 0.41115995104824776 0.471798580548755 0.5269146224290098 0.5745838309239608 0.6139533781337712 0.6505030876992545 0.7327877128062602 0.887897297046981 1.0584967566730432 1.2281728589784993 1.3888702627231715 1.5344853434834542 1.6605037459423604 1.7660817317161792 1.8493497786005477 1.909643042041516 1.9475549899144338 1.9644695638663086 1.9620691890334752 1.941972603092391 1.9055395370347883 1.8538054374024295 1.7899087746971922
2.5870375686924723 2.5832041445141654 2.5442476291101315 2.479045549532101 2.3861713754099494 2.253278852798956 2.0866139119875577 1.8962688736388427 1.693094911677149 1.4867492015548682 1.276166254014194 1.070532334864441 0.8817064969174645 0.7132213647182322 0.5661780432847036 0.44420967865191296 0.3696004300550231 0.3478069823687455 0.3690729619489861 0.40886914824001064 0.45814611465746147 0.5068751098522652 0.5533323427354058 0.5969432756560062 0.6399630438867236 0.691996010360145 0.771103355501081 0.8862337856563351 1.0303224226472403 1.1823708660125414 1.3304813123268853 1.4670936111466477 1.5865819339901275 1.685116986806304 1.7638135175319933 1.8224402951815484 1.8609423661330395 1.879946652956292 1.880441593878964 1.863509700493778 1.8301498629721638 1.7842331982191828 1.7306187159696704
2.328196176804582 2.3589456114543466 2.360082779757193 2.330761298185051 2.2756901672218968 2.18730769545144 2.064040152806583 1.9157374281013464 1.7523001445157547 1.5812487607091124 1.3928284588307043 1.187717946104346 0.994239557169003 0.8165098957601662 0.6590870923990733 0.5431750239020381 0.4765532026772423 0.46025156120757593 0.46315115388277905 0.4769909375023298 0.5072853707418801 0.5447649533431127 0.58414235507727 0.6249551712163689 0.6697458683677003 0.7227437604210842 0.7893743483566499 0.8868342614060678 1.0095683691198292 1.1435618696335947 1.2777457014425304 1.4041067693367368 1.5166920288467365 1.6110055483685317 1.6843016561830142 1.7391870656082493 1.7760763395775088 1.7950334474279708 1.7965024475297027 1.78151932417817 1.7546077133095754 1.7182897370116408 1.6742619041272373
2.064470080127883 2.1418911709391146 2.1868540344843717 2.1965543221241104 2.1739811717017483 2.12309074219847 2.0371032258162365 1.9251119196439932 1.7956359895077076 1.6519399159562649 1.4809462740435717 1.278971524550475 1.0826075166741649 0.9011396785659106 0.7549300761878746 0.6521144339073408 0.5974835321765918 0.572336042065655 0.5577356528464604 0.5528979312874845 0.5621306812802537 0.5827539649469964 0.6117989754489802 0.6477405512677816 0.68740209196211 0.7315577381785331 0.791754420918959 0.8792040305542844 0.987120544066594 1.106192214077199 1.227517803944244 1.3437127249613778 1.4489212943484184 1.5385792484829828 1.6092063590934984 1.6593951849249928 1.6929429996900358 1.710229936270098 1.7136347288200924 1.7051266636411024 1.6861720354294305 1.6582709800800703 1.6228895706888182
1.80973017084655 1.9370370534301533 2.0283690206626797 2.0763509942775964 2.0828705860327776 2.060796839090396 2.0062635308539583 1.9249887152682468 1.8215986780372495 1.6990413849858592 1.5407939632025707 1.3441348891179776 1.1517768793709888 0.987740294775688 0.8593796178849292 0.7728086794640452 0.7190570262087149 0.6773608995927699 0.6472595850460987 0.6286598013763494 0.6211796974144204 0.6244165385719127 0.6375354307090663 0.6581781848902682 0.6847313905910467 0.7205726121981192 0.7799625035682388 0.8610393071622185 0.9587814633387166 1.066435703815756 1.1769556121667535 1.2839323547674477 1.3819306412311387 1.4665116654453538 1.5341536429910367 1.5829008757603136 1.6145589765150907 1.6339288215301642 1.6417377318741266 1.6389196186431054 1.626593267264221 1.6059697022900123 1.5782857092544715
1.568020003495163 1.7455486162861187 1.8871623902605736 1.97256661768408 1.9983938494432512 1.9935681327923365 1.9664563771285715 1.9114013742878027 1.8313217094742775 1.7218286718713438 1.5740119707263207 1.3951566616680044 1.2258286872884256 1.0835263841537204 0.9752562109681743 0.8956040027238132 0.8274944512469394 0.7711587383321218 0.7271188239436333 0.6957101935814028 0.6765937246356483 0.662677959621769 0.6568755992366057 0.6598399870515153 0.6716043733373858 0.704922325356373 0.7605942909172507 0.8355838972269126 0.9252589302197044 1.023959281808965 1.1257874386215432 1.225245115419189 1.3175833520619606 1.3989252175802074 1.4662585638262489 1.5173641463216112 1.5508983645378942 1.5716926333476153 1.582578638975614 1.5841705084961655 1.577290728683838 1.5628910545659087 1.5421203902187859
1.3379913762062332 1.5594221252527745 1.7575678334419598 1.884933086989221 1.9086218853650883 1.9132519667616885 1.9095531823713685 1.877808197611483 1.8187717186276426 1.7263919625174635 1.6045562053802496 1.4545550613761038 1.3103061720509495 1.1914940211036422 1.0912673413663043 0.999905531978336 0.9185542245512047 0.8482351112683434 0.7899267468675013 0.7445718749287805 0.7128503894032847 0.6881097077690689 0.6660293660924544 0.6525873455135466 0.6614504321305948 0.693289858162147 0.7458477225342814 0.8158339700808684 0.8990275897326723 0.9906037051502845 1.0855774774402367 1.1792073146615971 1.2672670513914834 1.3461815618159267 1.4130608313231336 1.4656698803298254 1.502361516069763 1.5240545473662845 1.5369501319397574 1.5418815419015144 1.5394236301722841 1.5303015844354848 1.516881916034819
1.1153755320957222 1.3592327431430562 1.5854357145906386 1.742009770958241 1.7813494330117128 1.8100668362245562 1.835853588318883 1.83751609031966 1.805453048554324 1.7389394240764138 1.6424797678099268 1.5203602894398274 1.401143489809789 1.2876664341076722 1.1791200887144717 1.0772475911368922 0.9836653399036633 0.8999822721517069 0.8278680824968319 0.7690142514156638 0.7248049547808151 0.6890562143060714 0.6604667391768119 0.648830201466505 0.657147268316269 0.6879652459490714 0.738423842927331 0.8049444308832076 0.8834845602756569 0.9697309087668765 1.059340993692241 1.1481792353922484 1.2324988958272243 1.3090515483635983 1.3751300341244137 1.4285606434778224 1.4676610182928758 1.4914018373582296 1.50546526468938 1.5128583879673663 1.5139518566334238 1.509278049343797 1.5045564730436116
0.9340688695359552 1.1620842764619939 1.3738998494200099 1.535353132690877 1.6377583741583874 1.7153234954875152 1.7822093592077348 1.814705326766421 1.807551297687807 1.7654239450854687 1.692174801955875 1.584215230827858 1.4670455634380688 1.3498867574387463 1.2349226530697603 1.1241654635724732 1.019603668535411 0.9233549401971268 0.8377740050286375 0.7654197477659161 0.7085675254581193 0.6678423365966721 0.6458078950712408 0.6431205118136203 0.6589300441721725 0.6914805037149571 0.7409585686249404 0.8053167462685751 0.8805873265118135 0.9628154459606204 1.0481519213869723 1.132964033544197 1.213938216663164 1.2881539510173075 1.353120709933139 1.4067792022455479 1.4474736632921301 1.4739059538911357 1.4886214941434517 1.4977695941183051 1.5016878259633808 1.5020849286876077 1.5029844477914165
0.8398488974455941 1.039743498357912 1.2291784502841394 1.3954012349190628 1.53549371166945 1.6565962566949886 1.7560817629221601 1.8131172899302344 1.827059828197545 1.7974229246127074 1.7248220168359718 1.612991829441239 1.4956862686305914 1.376884170984332 1.2573403178697613 1.1392347706381878 1.0247933170806374 0.9165089183615742 0.8173667333683794 0.7340891090494187 0.6753195104242032 0.6384065496496952 0.6235552042570556 0.6305273257419155 0.6568653739039414 0.6992656709146823 0.7544877083460874 0.8196083769571284 0.8926135837933639 0.9716750435968862 1.053417652146921 1.1346544996149408 1.2124688819112104 1.2842586346015694 1.3477652619559808 1.40107881684592 1.4426161372736066 1.4710801926403505 1.4868487683148117 1.4968191804840587 1.5000698821558291 1.5010414844849151 1.5020752323128488
0.8332107709595351 1.007888201014251 1.1802936136361073 1.3436792169765872 1.4966973931124161 1.6329309449786205 1.7437063542379476 1.8091766208649056 1.8260706481838365 1.7961675549283722 1.7202200780713939 1.605674044444205 1.4867584321470462 1.3678166789797717 1.2455530636807208 1.1216968229707718 0.9991540822910387 0.8833774228652274 0.7797135394019263 0.694805526199095 0.6353640511808767 0.6008813439835786 0.5937350720266785 0.6120796249783085 0.6506798442585289 0.704162385055256 0.7683200776173352 0.8399931935411437 0.9166359260267435 0.9959897448857127 1.0759086944114402 1.1542902574275762 1.2290641174252022 1.2982062005899555 1.3597578122358243 1.411834565401726 1.4526101240141052 1.4802750211542095 1.493418935234666 1.4979090291546868 1.4989322915489083 1.500058689098813 1.5012325931323458
0.867788801481019 1.0229681858995652 1.18262340092809 1.3406567472276771 1.4877141615756968 1.6176782275867287 1.7233079089225922 1.7837009254554586 1.7965372165077387 1.7622182685118157 1.6805979293518185 1.5654309381912266 1.4466946370943568 1.3272553406699572 1.2073656277332778 1.085443385941617 0.9646039276862275 0.8487017570302602 0.7426803161874913 0.6536020570880898 0.5891739264020901 0.5548517292348241 0.557126657150827 0.5902437761220853 0.6435347022785499 0.7091208753222275 0.7823375790979772 0.8602786873510193 0.9408088276827373 1.022078433767482 1.102312914702746 1.179736204445963 1.252558419051778 1.318993239292379 1.3772883005941565 1.42575402560577 1.4627535709146848 1.486610866720615 1.495581097612941 1.496690281214655 1.4978995000900033 1.4991896833776317 1.500501673417363
0.9332019760498292 1.0714464942500226 1.2147823336584422 1.3555850106397551 1.490209276767045 1.611040844403273 1.7079822676758136 1.759577087634796 1.7641918153094738 1.7217315687004306 1.6319991369700173 1.5196347851890093 1.403597931777853 1.2858824378207894 1.16837273353772 1.0515990030959148 0.934435010696671 0.8198726407451938 0.7118396529801354 0.6162455507866719 0.5392942526001367 0.5000036897143014 0.516753585792654 0.5706870714792072 0.6407703976176502 0.7182077696458229 0.7993989640763185 0.8823841636062525 0.9656882328813325 1.0479311111874596 1.1276947606557512 1.2034882401215774 1.273754498344929 1.3368973917408558 1.3913252435158057 1.4355203727657666 1.4680993853653175 1.487604733006212 1.4943443441241886 1.4956391320312608 1.4970511195750518 1.4984974332565055 1.4999311583426487
1.0210039101655428 1.135560896279161 1.2571155421235782 1.3803812816608985 1.5016840363065846 1.6122493925094081 1.6973013294142296 1.7374990503930532 1.731830782276455 1.6796744243935116 1.5845597918841312 1.4771466294213227 1.3654008353902436 1.2512773267196275 1.1365931453775986 1.023066402159117 0.9118680225243689 0.8019505066031268 0.6954338731501671 0.5946675300078654 0.49782010186324954 0.43613757119397967 0.4853924827335343 0.5654543866247725 0.6500219736130071 0.7359667097067505 0.8222031016906527 0.9078960659685289 0.9921527460555457 1.0739496736979073 1.1521228838814113 1.2253816167864988 1.2923323768210153 1.3515083264470347 1.4014071807301867 1.4405739068834627 1.4679529651597318 1.4854638002616671 1.493293046567915 1.4948989077775536 1.4964837724917914 1.4980480407697785 1.4995673729934844
1.108950399955607 1.20205045290363 1.3043788477833336 1.4113471495543894 1.5194669406574224 1.6195120106443428 1.6895424626137825 1.7163757449817902 1.6987304151583265 1.6355254506321912 1.5412140393422022 1.4399374780793472 1.3340020034803475 1.2253482754354341 1.1157978915200013 1.0070789898038286 0.9008533815227163 0.798751259238871 0.7011372273660827 0.605716664986895 0.5105133089551166 0.4459007516171112 0.5055768713020721 0.5907171000744844 0.678088633724068 0.7655622213229313 0.8522864378563965 0.9375156006348557 1.0204198092293122 1.1000419746823473 1.1752942001034161 1.244969329236342 1.3077591908440178 1.3622752180524524 1.4070687804685802 1.4412975612827643 1.4662170053901633 1.4847029001617624 1.4928918083840625 1.4946318926975595 1.4962866866704643 1.4978948745036578 1.499444702359269
1.1920795575012342 1.2673160429606793 1.3530024045299254 1.4452240664556857 1.540873175070909 1.6287775693851712 1.6821596914158916 1.6942507199788353 1.66334317198116 1.5909575886192036 1.503583131605018 1.4095059237267318 1.3107723579681183 1.209347267394183 1.107137783295184 1.0060365218600105 0.9079997306670652 0.8152102944512576 0.7299011464403546 0.650232581702216 0.5834581745364988 0.5538033569031957 0.5826534112413715 0.6473089269039805 0.7248366254751389 0.806566628799928 0.8891003535946896 0.9706244273526421 1.0498164220406632 1.1254850311179263 1.1964396328602007 1.2614436443194048 1.3192031919064562 1.3687674149197444 1.410538275579088 1.4440874950612077 1.4692586850635223 1.4861279245412022 1.4933561695669806 1.4949167442942444 1.4964970920504923 1.4980584497731 1.499575734774831
1.2679975822913105 1.3285910946131458 1.400104148636449 1.4792578366614264 1.5633678828585666 1.6360673767556269 1.672089321673673 1.6685509523794428 1.6234704484685647 1.5523706152024301 1.4728166900132296 1.3868580100957133 1.2965240342829785 1.2038328023999432 1.1108253504020589 1.0196359491005729 0.9326259883679708 0.8526485163127921 0.7797212766845124 0.7151997442036715 0.6680891250715997 0.6508482706161023 0.6701173936342572 0.7182234392410105 0.7826017201388396 0.8547736730641918 0.9299399451522999 1.0052515224276197 1.0787590719442899 1.1489084321493255 1.2145358350774342 1.2749464019039114 1.3293451258138425 1.3770058434606438 1.4172766149254858 1.449615897855002 1.4736248031427714 1.4888272658262365 1.4943888957867966 1.495669992648293 1.4970753711716027 1.4985169031978716 1.4999470430533823
1.3351043377773633 1.383837180781934 1.443432971055801 1.511190222554908 1.5838329315027546 1.6375752054911747 1.6559482328358412 1.6362745457609114 1.5840802537318996 1.5208112539017935 1.4496392566287386 1.3725499599014022 1.291567599330659 1.2087689214352848 1.1263262235011071 1.0465909144453225 0.9722406899064527 0.9047785094466453 0.842907471143286 0.7911618496596621 0.7559542268740114 0.7437209729595101 0.7572756982868075 0.7933928686239725 0.8454210684444562 0.9069978733123654 0.9734230273734245 1.0414682735160083 1.1088826622901553 1.1740132067885716 1.2355699464594914 1.2924892656733664 1.343856651260238 1.3888659868619342 1.4268027375106294 1.4570369768778089 1.478988650054988 1.4920230373761596 1.4957008125867854 1.4967288079808545 1.49793137879041 1.4992161090634908 1.5005236727290823
