_RESULTS/CROSS_VALIDATION_POSTPROCESSED_CLR/Berg/GZ/3comp/3/Berg_GZ_z_63_kriged_reverse_3comp_spherical_3.asc
ncols 100
nrows 90
xllcorner 5.6208707817415728
yllcorner 50.959635321741573
cellsize 0.00013419651685393446
nodata_value 1.7014100000000001E+038
[rows 57 to 75 of 90, columns 0 to 42 of 100]
-1.8360381266617845 -1.7907976301251023 -1.74893369521432 -1.710796100828848 -1.6762572886035811 -1.6449498729986098 -1.6164790152228254 -1.5905841638940716 -1.5672623259582796 -1.5468825200952396 -1.5303175322994276 -1.519090946991964 -1.5154658859265204 -1.5222700966652678 -1.5421218840252147 -1.575828212519245 -1.6217319957265397 -1.6757015727820361 -1.7382555930643377 -1.8081403955161215 -1.8810944305158246 -1.9536182288190813 -2.023272922446119 -2.0908705103431493 -2.155538921528601 -2.2160800814516772 -2.2714693991022497 -2.320691032657189 -2.3551485759742654 -2.3790207003817034 -2.442777996258771 -2.5527585461873112 -2.706543516363915 -2.9033343971275474 -3.148834215073734 -3.4416094486259663 -3.779018369097917 -4.158162143381789 -4.575673372177697 -5.027407363501867 -5.508004304567367 -6.010223567674727 -6.516730171382583
-1.930426842872896 -1.8840721817936263 -1.8388075965084132 -1.7951432391644702 -1.753188917670063 -1.7128062258409402 -1.673762565097468 -1.6358709650303538 -1.599034914414399 -1.5633698663632274 -1.5300861382719553 -1.5011404647871562 -1.4795538253853096 -1.469626639246527 -1.476172174087822 -1.502146644936288 -1.5459851131240638 -1.6031546902319522 -1.672876525694853 -1.7494602816735931 -1.8280762374891903 -1.9055353128859456 -1.981856188567848 -2.055838255068056 -2.1261955666979 -2.191866042253825 -2.2519397705514117 -2.3056175951406823 -2.3519281873572337 -2.386013313749049 -2.451385528606922 -2.561776659445815 -2.7144116722453795 -2.9069652046248464 -3.144646891339037 -3.427152990497781 -3.7513241826966928 -4.113554924007346 -4.50958174422616 -4.934162035897068 -5.380610146368448 -5.84011819884221 -6.2974268209582345
-2.016554063553953 -1.9697767054648314 -1.9221016228986347 -1.8741162875091588 -1.826048493884749 -1.776433201500949 -1.7249185482088685 -1.672303622499235 -1.6193236824148476 -1.5667765222275687 -1.5157418540494807 -1.4680021471656552 -1.4268367866434135 -1.3982381448837613 -1.3913200532105163 -1.4135952971721968 -1.4623587940568403 -1.5311465923035323 -1.6107462404723427 -1.695020878565316 -1.780063507420259 -1.8648745856611322 -1.947745701907881 -2.0273346935938648 -2.102578675511252 -2.172584060327331 -2.2365672964075953 -2.2938226689720342 -2.3437047029642524 -2.3856167989660655 -2.4482784723342617 -2.554545393039222 -2.701336359160806 -2.8855082717460476 -3.1109159334227816 -3.378450901399255 -3.684451552155779 -4.0246880873124145 -4.39415115295861 -4.786747798452508 -5.194882523454054 -5.608894449637784 -6.015784614420925
-2.093759522815862 -2.047303836853036 -1.9980771538586894 -1.9437314779126544 -1.8844151916412695 -1.8215135837221434 -1.7561415742865873 -1.689188897581375 -1.6213701997301362 -1.5532998853633497 -1.4856419498613211 -1.419462786928472 -1.357145304507533 -1.3048632828001363 -1.2778468062438337 -1.2975250899788042 -1.3629936609261142 -1.4534543687343489 -1.5513729132653047 -1.6492577371617445 -1.7433954838290437 -1.8347117674238393 -1.922850683590302 -2.0068338865554507 -2.085841545890731 -2.159145680229509 -2.22607715557324 -2.2860085712606044 -2.3383444409680507 -2.382513335101918 -2.43502949412799 -2.5328925677746232 -2.669547131146094 -2.841347459023577 -3.050656530028734 -3.2993379763389403 -3.5832904276892132 -3.897783694193199 -4.237263716543201 -4.595093207179336 -4.9632227102522 -5.331799648909611 -5.688759446360726
-2.1612985020656716 -2.1135081448547064 -2.0560360912275923 -1.9909669657972264 -1.9201746752902933 -1.845236731236445 -1.767448153442286 -1.6878322987684955 -1.6071482116576838 -1.525900692270689 -1.444370941025826 -1.36271771040387 -1.2813298782933125 -1.2023715762160587 -1.1399238883731497 -1.1602913875883027 -1.2601349626738834 -1.3760014192304972 -1.4935455882863553 -1.6080988931255893 -1.716753211877166 -1.8170494753884119 -1.9087624967446482 -1.9955129957145692 -2.076875235752775 -2.1522374322076385 -2.221005894906944 -2.2826012545609284 -2.3364555092760573 -2.3820079643309007 -2.4228131277113683 -2.500550262173075 -2.6217778704258814 -2.7774912407425085 -2.9675419325385737 -3.1942857792412913 -3.4532875162613528 -3.739461323763515 -4.046919343177866 -4.368772356343444 -4.69690387650707 -5.021744939426627 -5.332112031161717
-2.21619294016607 -2.1579561265439033 -2.0902884618234827 -2.015133750940926 -1.933925585586153 -1.8482187312192417 -1.7595425628093235 -1.6691465930090155 -1.577983692098007 -1.486689102062773 -1.395560440334084 -1.3045474159151538 -1.2132698720035806 -1.1211523096363094 -1.0301316198119395 -1.0576024911270068 -1.186437688576718 -1.3174735419037786 -1.4470751191528133 -1.5729011701414917 -1.6926889821477165 -1.804177549876577 -1.9051098724792102 -1.9940882780105431 -2.076204277641304 -2.1522516634845523 -2.221652417692974 -2.2838337156925155 -2.3382265016516195 -2.3842625549557113 -2.4213696339724082 -2.4731057071030453 -2.5672310475262563 -2.6983256822390205 -2.865667385231631 -3.0681195475195606 -3.3001159679426397 -3.5563590389174866 -3.8308174028206157 -4.116588773601528 -4.40576748408173 -4.6893492114545685 -4.956880122876237
-2.252990197521033 -2.184525043383875 -2.1061035462531086 -2.0198671325551234 -1.9277895315532005 -1.8316727451574046 -1.733139658999781 -1.6336223027959962 -1.5343495996313692 -1.436347667390268 -1.3404858459782596 -1.247658714745861 -1.1594056796499073 -1.081080557307017 -1.0342819191039632 -1.0624414293418551 -1.160802942839116 -1.2846736851285936 -1.4154579595170749 -1.5462242888826052 -1.6729946027055096 -1.7927062759378054 -1.9026608100800868 -2.000344595875313 -2.0839132583224167 -2.159238803100826 -2.2280442373585436 -2.289719379253997 -2.3436642691971854 -2.389283458701931 -2.4259803383950524 -2.4577975594844093 -2.521833396263509 -2.621644338546439 -2.7570020441910943 -2.9283761210725414 -3.12981454988926 -3.354890331639303 -3.5957115523158745 -3.8422964323446918 -4.088057278143293 -4.326288430623615 -4.549317662253334
-2.272545266351263 -2.194492886517542 -2.106033534408896 -2.0095145296604473 -1.9071783228778965 -1.8011577455014012 -1.693467332252916 -1.5859928389239601 -1.4804893205108418 -1.378614474281669 -1.2820577775835482 -1.1929029028143778 -1.115857384817612 -1.0612047263390199 -1.042802775708333 -1.0756646610400677 -1.157360745191679 -1.2694646375943905 -1.3959712087248415 -1.5274256954374008 -1.657970411624229 -1.7834109368872426 -1.9003625837724931 -2.0058781959882332 -2.09727581643198 -2.17289425429795 -2.2399271567116146 -2.300042805848041 -2.3525851315553776 -2.396914081216994 -2.432396944370331 -2.458401349230538 -2.490797685278958 -2.557269788196522 -2.659290439349915 -2.7962585619029507 -2.9609912496020563 -3.142072449417621 -3.3342837512571015 -3.532732827102479 -3.731930211616866 -3.925797577471858 -4.107753889264611
-2.275696154019687 -2.1886573673574956 -2.0907867599594097 -1.984646256452979 -1.8727637382220317 -1.7576324555267668 -1.6417045809614434 -1.5273814124840142 -1.4170121305156393 -1.3129300495048117 -1.2176625382753974 -1.1365206783928135 -1.075157392401149 -1.0400567193619636 -1.039173541359887 -1.078230779324661 -1.1551203885763455 -1.2603643135969862 -1.3829476112988204 -1.513863774559902 -1.646582623028508 -1.7761516279327576 -1.8985908215355916 -2.010524197529468 -2.1089672281959526 -2.1912024867881787 -2.256780646301972 -2.3143687621541127 -2.364620083435766 -2.4068381506229644 -2.44034548533183 -2.46447437833487 -2.4790248267427604 -2.5106678575858528 -2.5783545849195733 -2.6729934502704173 -2.7871087348861177 -2.917221701812307 -3.0594706572066306 -3.2095720634822893 -3.362804178982954 -3.5140306991166628 -3.6577849666779754
-2.263219265850472 -2.167752164762711 -2.061000277261753 -1.9457371873112421 -1.824779604044186 -1.7009946466895838 -1.5772966535829973 -1.456632029317684 -1.3419621544390423 -1.2375883764786175 -1.148103243140518 -1.077442025334702 -1.02990687932262 -1.010156662374467 -1.0224477953694813 -1.0687304976250018 -1.146744111696 -1.250280772674837 -1.3714575131732611 -1.502629717982659 -1.6373214403653111 -1.770325940036953 -1.8973212689187369 -2.0146244056336373 -2.11900693585964 -2.2075669630212555 -2.277641184662459 -2.3320670819088414 -2.3792318758606195 -2.418592003221991 -2.4494211434699547 -2.471012620860001 -2.4826711345845034 -2.485446109276789 -2.50500538698038 -2.5472960044666215 -2.609498933716353 -2.688558046095877 -2.7811473661917985 -2.8836459217436055 -2.9921292576599234 -3.1023897190387277 -3.209999253199741
-2.235857341928436 -2.1324890953595026 -2.0172998636484154 -1.8932565035897406 -1.7634505782519878 -1.6311181415208083 -1.4998844139098468 -1.374298177239498 -1.2585706979699733 -1.1568919243392766 -1.073371525059372 -1.0119369452748632 -0.9762163687864969 -0.9692873275431673 -0.9931092613634007 -1.047662019465891 -1.130313135678022 -1.23606981646872 -1.3586448435689535 -1.491595583721121 -1.6288939086202614 -1.7653017275016885 -1.8963982868387137 -2.0183512619485926 -2.1277866664945044 -2.2216793909378687 -2.297268268879784 -2.3523481874519274 -2.395740508004954 -2.4315834438718973 -2.4591026854098628 -2.477552383821713 -2.4829702095805177 -2.4653622348261104 -2.4373628667216494 -2.426843642381987 -2.4368778439261964 -2.4648767611877567 -2.5080943064833625 -2.5636084770655745 -2.6283103926395017 -2.6989084915072326 -2.771957384443858
-2.1946285805474783 -2.083956920715423 -1.9609892268698754 -1.8289968412407054 -1.6915533828382643 -1.552568292739663 -1.4162962960923646 -1.2873008444818732 -1.1703465376444744 -1.0702034827008928 -0.9913707298733612 -0.9377576139256063 -0.9123721030545022 -0.9170317679181554 -0.9520758714207256 -1.016109490276137 -1.105942860270458 -1.216898297569908 -1.3434329160966654 -1.4798084358990382 -1.620570251948792 -1.7607008481826758 -1.8957410446661278 -2.02185044398672 -2.1356144889957696 -2.233959159342085 -2.314077122758384 -2.3733677807119706 -2.4133530739656077 -2.445114421715072 -2.46877006131494 -2.480369351009879 -2.4650419281193052 -2.428204876679786 -2.3780650468754514 -2.3201172548190225 -2.2778216965341187 -2.2547668744796305 -2.2488164537820006 -2.257774707997789 -2.279366781115894 -2.3112182986002905 -2.3508409244390096
-2.1483732322863496 -2.031198783972349 -1.901487376031472 -1.762595411328279 -1.6182533331278743 -1.4726316091464369 -1.330384700613109 -1.1966363663466935 -1.0768526822105042 -0.9765476848704964 -0.9008064572763348 -0.8537022512133277 -0.8377789186445934 -0.8537693067115728 -0.900597044157557 -0.9755834433177322 -1.0747700434921472 -1.1933179642145468 -1.3259464548960502 -1.4673353443302268 -1.612417276068912 -1.7565347880102529 -1.8954596826619714 -2.025333500695719 -2.1427834190327433 -2.2447593265821735 -2.3284620442992097 -2.391291216672225 -2.4311941537924144 -2.4584048581033526 -2.476055865481237 -2.4671830069667013 -2.4299700277407243 -2.374359444531492 -2.305381137709383 -2.2263028241814213 -2.1408258055344183 -2.0666953597691062 -2.0116523837892477 -1.9742504135824026 -1.9530744726050204 -1.9466909742558551 -1.9535815577556321
-2.102045635973188 -1.9790286205594763 -1.8430075625144606 -1.6973473383650144 -1.5458471032622751 -1.3928509300406107 -1.2433534721369996 -1.1030531873230065 -0.9782621115478678 -0.8755438644789586 -0.8009869617337637 -0.7592101413119003 -0.7524819758630721 -0.780414222704485 -0.8403466027394462 -0.9280995736406701 -1.0386901434486644 -1.1668348458615927 -1.3072650641403945 -1.4549241977686695 -1.60508597741055 -1.75341002197005 -1.895947921800661 -2.029116121699208 -2.149605018130631 -2.254393146203416 -2.3407388510805514 -2.4060795026216066 -2.4479954855766506 -2.47050101509927 -2.470313135011069 -2.438761253121865 -2.381325647385471 -2.3069271547928927 -2.2189052103775855 -2.120648562515959 -2.015738561163162 -1.907949526748045 -1.804888996908388 -1.7210616592456855 -1.6570998057455648 -1.6125642026832454 -1.5870384826974535
-2.0570577152919314 -1.9290401569678914 -1.7873338064652402 -1.6352169025330197 -1.4764347161566818 -1.3153617429834779 -1.1571983316861403 -1.0081619953153897 -0.8755529324732136 -0.7674435399207948 -0.6916723217880172 -0.6541165512401479 -0.6570038684205524 -0.698468438280039 -0.7736540089603712 -0.8763824919127563 -1.0003679434291164 -1.1397515848262396 -1.2892173437266479 -1.4439540331487835 -1.5995926448068465 -1.7521527013986373 -1.897930289780131 -2.032913866613468 -2.154363731701767 -2.2599478431279145 -2.3473319335970935 -2.414155440138597 -2.4580402822156247 -2.4718519949314066 -2.4506455437324988 -2.397879253945235 -2.322206372946705 -2.229148114402954 -2.1220008910063224 -2.0042420630100697 -1.8796032561388296 -1.7520921545225776 -1.6259949029332736 -1.5058448057729632 -1.3991949416662737 -1.3162644579887286 -1.258192253210529
-2.0147873806271477 -1.882869600395465 -1.7364062001864848 -1.5784865310079015 -1.4126526184564114 -1.2431030898295714 -1.0749912896208556 -0.9148267019033498 -0.7708947564741204 -0.65333045414167 -0.5730120684755224 -0.5385184220294019 -0.552416269899838 -0.6103547544010333 -0.703931899795271 -0.8241901482070775 -0.9633627860524894 -1.1151167306999417 -1.2742368532705715 -1.4362399759342064 -1.5954038221704194 -1.7479313818636244 -1.891561194478444 -2.02414233265682 -2.1435740242505714 -2.247754477947186 -2.334537345148735 -2.4016964045726086 -2.4459406917992377 -2.4454881735587266 -2.4059117161355568 -2.3387391674785647 -2.250291100193007 -2.142705944548819 -2.0182154010419073 -1.8807943839299024 -1.735946419626767 -1.5879008831571193 -1.4412800238007941 -1.3011190477779235 -1.1728049176250888 -1.06190512940123 -0.9738453018099067
-1.9765050903403807 -1.842110576215966 -1.692230514601118 -1.5296784470606957 -1.357645310976562 -1.1799085874680426 -1.0011903866687186 -0.8277694826970166 -0.6684553381038651 -0.5357392776546295 -0.4456363141680062 -0.41272432121305114 -0.4407748739654256 -0.5202338146524341 -0.6364155132093963 -0.7767435512376695 -0.9322589889772632 -1.0966461902911682 -1.2625147680357176 -1.424851171121504 -1.5815621749988322 -1.7307778948415846 -1.8707302947803435 -1.999677119750232 -2.115846710959941 -2.2173933269735073 -2.3023600000830533 -2.3686493264476414 -2.4060232618797386 -2.3914917620584153 -2.336209539771676 -2.257500737035397 -2.1577053016146843 -2.0387919855142695 -1.9028393862231376 -1.7521264616362124 -1.5892339705401592 -1.4200111070178931 -1.2517109729725544 -1.0898292200468886 -0.9404873500612885 -0.8103071563694759 -0.7060585567767719
-1.9438021999542194 -1.8081787845862565 -1.6567079219005338 -1.4913544175908051 -1.3148650545464977 -1.1303940406458064 -0.9418120841568829 -0.7543500177332119 -0.5759983511317355 -0.4204372015176565 -0.3111951365481378 -0.27733261820714183 -0.32656915791859786 -0.43585006663370685 -0.5792890809036799 -0.7411081347359572 -0.9115420769320788 -1.080892605174675 -1.2461836547352987 -1.405782453157512 -1.5583339817707698 -1.7025766390076644 -1.8372460298696274 -1.9610154433309395 -2.0724508367695877 -2.1699722961672743 -2.2518209178020414 -2.315826882880998 -2.340534358621673 -2.3133881236593092 -2.2474964739988907 -2.15866755307904 -2.0488751351660057 -1.9198609911165003 -1.7734724203267627 -1.6117703708439473 -1.4371569212834192 -1.252525395863306 -1.0623358086494838 -0.8769699831672004 -0.7041152487888356 -0.5515994266122539 -0.4279418271732225
-1.9213151519895346 -1.7824517602310137 -1.6313873770521814 -1.465773529936605 -1.2876198710827915 -1.0994305224004022 -0.9040355572237417 -0.7049513860797063 -0.5073923423737403 -0.32161705044364775 -0.17513797339380988 -0.13389200752794217 -0.22195534570127062 -0.37223272670848173 -0.5447319770396533 -0.7233082838092084 -0.8978134281687415 -1.0663898334148083 -1.2281091467917373 -1.3822822897237173 -1.5282583523179534 -1.6653365303824084 -1.7927174227874865 -1.9094654910031041 -2.0144725328355024 -2.106420683572805 -2.183747992089992 -2.2413093763672185 -2.2529087145299225 -2.217771923397807 -2.143590700050929 -2.046401893556868 -1.9283497682276656 -1.7908854347851229 -1.6355460827285608 -1.4640751151771971 -1.278568085231966 -1.081656300200907 -0.8767425215655984 -0.6685915318001241 -0.46956335728145016 -0.29100092890514295 -0.14360474532974932
