_RESULTS/CROSS_VALIDATION_POSTPROCESSED_CLR/Berg/GZ/3comp/3/Berg_GZ_z_710_kriged_reverse_3comp_spherical_3.asc
ncols 100
nrows 90
xllcorner 5.6208707817415728
yllcorner 50.959635321741573
cellsize 0.00013419651685393446
nodata_value 1.7014100000000001E+038
[rows 57 to 75 of 90, columns 43 to 85 of 100]
-5.980662397914817 -6.073825567192858 -6.109954300961497 -6.082159464753958 -5.98737493045308 -5.832013400190425 -5.630261987489541 -5.4069664466121 -5.172571459463356 -4.943566066048609 -4.722478082918376 -4.512782121791818 -4.3185771734198655 -4.144912586452474 -4.004281170745761 -3.9139818675892717 -3.902208888047693 -4.007741235475299 -4.28051403318222 -4.724166557989438 -5.261788603562215 -5.842871277889579 -6.443128591906111 -7.043669101217576 -7.500814532356558 -7.563823003709366 -7.588568221046056 -7.589484465485843 -7.566856993168535 -7.520705375879469 -7.45135567019247 -7.359462426830506 -7.247379560523281 -7.117917069868099 -6.971467530000198 -6.7980679644573225 -6.6088383494870895 -6.428699422444831 -6.269823810249879 -6.136019758971497 -6.030491851302988 -5.956427573588581 -5.916986859959411
-6.018271021539753 -6.099405077669823 -6.123267400627408 -6.085580047461253 -5.982737078235793 -5.820960318972135 -5.617461403351512 -5.394344470559101 -5.163779400080193 -4.938400036137533 -4.721121324020244 -4.515282078577174 -4.329507028439161 -4.173624960173873 -4.056359141879995 -3.9891786958221163 -3.9872960347017243 -4.063647036484247 -4.282487714397863 -4.738165634264621 -5.244554885080358 -5.781727320878751 -6.3258071849651385 -6.831216051923853 -7.195354482248102 -7.3621872225913485 -7.426408722523011 -7.4441176792560295 -7.430991067269716 -7.392037726353566 -7.330196401901442 -7.248220900926088 -7.1478998846251125 -7.030734882626274 -6.889080563680475 -6.719176252581423 -6.539911483209708 -6.370069222638465 -6.221662532113537 -6.0985571453348415 -6.003883895279009 -5.940766290955976 -5.911989391305002
-6.049987190323019 -6.122196527480596 -6.138166115716306 -6.095387018988267 -5.99221161774476 -5.829034332594343 -5.622273961192933 -5.3986538161742885 -5.173451920570872 -4.954685710556649 -4.745513841275658 -4.5513421225724064 -4.380916444733324 -4.2429850188569125 -4.145521585889658 -4.09839959227598 -4.113181015668256 -4.206365417898848 -4.428901466116458 -4.805310643019748 -5.251261680081351 -5.722497037757146 -6.190108992564644 -6.609299020806979 -6.928029006113133 -7.1256018333287034 -7.229648509732616 -7.274431408025524 -7.28010738427384 -7.256489270015797 -7.208772688083948 -7.140216176105245 -7.053223946644087 -6.942632476119732 -6.803964724057156 -6.639123155157291 -6.471569610803173 -6.313794059466446 -6.17769124599577 -6.067006097830937 -5.984830192671802 -5.932771267789438 -5.910503698147692
-6.07506436034644 -6.141407412444207 -6.1530550198994325 -6.108649857353535 -6.0076302513772895 -5.850752280516922 -5.644524144476381 -5.421058435893714 -5.20144414499055 -4.990042718160477 -4.792524467253539 -4.6144558773114035 -4.461017127581863 -4.340364192784101 -4.261315342521087 -4.232744655054593 -4.265957625205837 -4.377367082087235 -4.588189225726705 -4.898578298963516 -5.274244933934596 -5.677684067438481 -6.075593511745023 -6.429682362120136 -6.712478661814673 -6.912378326711406 -7.037831456290892 -7.106190565929737 -7.132347974481584 -7.126222772855889 -7.094097176564355 -7.040096917006083 -6.960838276160941 -6.853205196785529 -6.717743116531955 -6.560859115162667 -6.40633320596301 -6.262286893367209 -6.14020197466829 -6.042841085804854 -5.970820589961234 -5.926148456816922 -5.909781203977437
-6.091454571929193 -6.154726025810408 -6.164977611813513 -6.121623957315193 -6.024769940823438 -5.8754980755736534 -5.677595771103428 -5.460923316952802 -5.2473923586370415 -5.046875140979836 -4.863212834655862 -4.700687425889701 -4.564277823466041 -4.4599165119381485 -4.396492373059522 -4.382697270785846 -4.427723507153802 -4.541911814840859 -4.732797551335946 -4.995910589508731 -5.311663234010842 -5.653753686809411 -5.99241216823383 -6.298043807616817 -6.551424692938033 -6.743382437726474 -6.876013597739178 -6.958568279001136 -7.000617311472049 -7.010073475107677 -6.992481387547559 -6.945679583103596 -6.869388102079398 -6.764685544324836 -6.6323122856691255 -6.4874936448588345 -6.346936810491276 -6.216875863431796 -6.106903151228382 -6.019439499846425 -5.95673038469305 -5.920324629529418 -5.909644432284867
-6.096745241640632 -6.159672636791077 -6.170931566142155 -6.130497988087039 -6.039104453166596 -5.898372819738322 -5.712281845007872 -5.511845854310311 -5.314761374249904 -5.126266762945626 -4.955383173056412 -4.806940553127017 -4.685516992516608 -4.596346730327077 -4.545437433100563 -4.54106602201782 -4.590431847657107 -4.699058737444698 -4.868805283996737 -5.094285085235347 -5.361969135032083 -5.652783665032292 -5.940768345388916 -6.205413797223221 -6.432303223141826 -6.6134623746537455 -6.747718099248414 -6.8387855545004825 -6.892498614137157 -6.912933197893041 -6.899693369344643 -6.8550835723988515 -6.780775785382362 -6.677806542417427 -6.549367773902883 -6.417188213572691 -6.28784541481324 -6.170249863822641 -6.072154324884725 -5.995980718165295 -5.943549541453598 -5.914853482382153 -5.909644432284867
-6.102356320586134 -6.1651300547226775 -6.179360891696539 -6.142919162509845 -6.057534313508458 -5.925547443742824 -5.756977401016886 -5.571656927702672 -5.391898989828066 -5.222580356391164 -5.066920835191722 -4.930811212794022 -4.821848212546033 -4.744721588256857 -4.704241070127052 -4.705329338474949 -4.75370324960781 -4.852837421411043 -5.002134869721964 -5.196330004870159 -5.425258113688462 -5.672508039609404 -5.918002495129448 -6.1473647854185485 -6.349298111693986 -6.516756033716412 -6.647159637451386 -6.740818084677703 -6.796878870742965 -6.817352275795989 -6.804579136180109 -6.760465979597997 -6.686411905852864 -6.583360400848204 -6.463718592803731 -6.343869073851534 -6.226697570691074 -6.122927354719583 -6.037998016319772 -5.973769511498531 -5.9307872758458196 -5.910856682680582 -5.909644432284867
-6.116260181840738 -6.173667131443675 -6.1942079964355194 -6.165342277193337 -6.088726680475263 -5.969126147876139 -5.8202007819546 -5.6500353027523555 -5.4817398098557595 -5.324936770269306 -5.184855936039812 -5.06608210986767 -4.970680732804313 -4.903298232483723 -4.869737565136412 -4.874319272307529 -4.919777334571142 -5.007782691830473 -5.138011141539419 -5.3057133895040955 -5.502250590311543 -5.711761971864454 -5.9213952558781076 -6.120101393440131 -6.2988276106115215 -6.45000126294559 -6.568676647064411 -6.653144597183429 -6.703438648779012 -6.720522296846246 -6.705671114162498 -6.660105081001485 -6.584820064896404 -6.4840355991804195 -6.3774160563732885 -6.270074013761836 -6.166443739875525 -6.077475612087796 -6.005623363126497 -5.9523710481683265 -5.919754062200631 -5.909644432284867 -5.909644432284867
-6.14451666428207 -6.193201269241077 -6.215839699318036 -6.195548519122376 -6.128810137989827 -6.027102110875892 -5.897836711247802 -5.746303071605343 -5.587818392590469 -5.440562533413033 -5.309490902436557 -5.199761839499442 -5.11668557799536 -5.062019377981795 -5.037042974893707 -5.044976412438091 -5.088063074035966 -5.167029185838644 -5.280548946908652 -5.425481991142895 -5.591906211353252 -5.7685906955583235 -5.945986498150486 -6.114817627670207 -6.2669922425309235 -6.396218994925439 -6.498226095331173 -6.570594357935375 -6.612332496153866 -6.623373041086776 -6.604130644116722 -6.5551869980146495 -6.477615137985891 -6.387259382967863 -6.293380914983795 -6.198456928095963 -6.109625405152259 -6.034312531161481 -5.974841139099802 -5.933415832662793 -5.912125211301996 -5.909644432284867 -5.909644432284867
-6.186282031390123 -6.225249164360415 -6.241723992988899 -6.228257759324587 -6.177582220624234 -6.094991612802037 -5.985149505074335 -5.853305230207574 -5.706830667589509 -5.567048036679868 -5.442654257467445 -5.33837985242546 -5.259000497100234 -5.20916903463984 -5.191057855069159 -5.202187327704695 -5.243690222141193 -5.315677238799937 -5.41666922473699 -5.540944551236517 -5.679653355042125 -5.826187111643194 -5.9734162677495375 -6.1138422014276665 -6.240723576300963 -6.348535874725503 -6.433170362874407 -6.491887071709793 -6.523087921770106 -6.526007255371558 -6.500407254179582 -6.446330866275605 -6.37415687331501 -6.295998181740122 -6.2139408726513885 -6.1305993034810005 -6.055876483519395 -5.9941225816225785 -5.947703047448037 -5.918850686537569 -5.909644432284867 -5.909644432284867 -5.909644432284867
-6.239677433892982 -6.267907105952376 -6.277315810109099 -6.264965272897602 -6.231913879000404 -6.168346502471105 -6.07747511343519 -5.964527367442065 -5.8351950607737475 -5.701379218590374 -5.581461832675544 -5.4803189189055495 -5.4022639165391455 -5.35140277757566 -5.331444345906753 -5.343648193954183 -5.382775447783315 -5.447970278234652 -5.535994083429644 -5.640179664633903 -5.755757166038578 -5.8771761696475515 -5.9984377770708495 -6.113570195614694 -6.217067440832323 -6.304227515682043 -6.371302297052504 -6.415458918089188 -6.434761080074701 -6.427986015977049 -6.394334415190426 -6.3405790543756675 -6.278494203210889 -6.210271434877476 -6.1379277562075325 -6.067471029331338 -6.007070140046985 -5.959256247894885 -5.926383253659586 -5.910687931663069 -5.909644432284867 -5.909644432284867 -5.909644432284867
-6.302842840899039 -6.320877625561561 -6.326471353864117 -6.316988877351347 -6.289221754234015 -6.2427795866423414 -6.170234775611999 -6.075236448729147 -5.963421933081906 -5.840776303816699 -5.723297690005804 -5.623213902344273 -5.544462729953783 -5.4907169505676015 -5.465226373192834 -5.470646927043212 -5.506421774831205 -5.563443131593728 -5.636518041241461 -5.72249644061563 -5.8174027513721445 -5.916610365296506 -6.015140397213546 -6.107996211593387 -6.190476781019037 -6.258419530982983 -6.308342598829173 -6.33748112587821 -6.3437347422146635 -6.325557269924899 -6.2887945534218215 -6.242686044067078 -6.189049954625813 -6.12971966939173 -6.067599442813646 -6.011686534332217 -5.965694490254338 -5.932049333883156 -5.913069575245048 -5.909644432284867 -5.909644432284867 -5.909644432284867 -5.909644432284867
-6.374767320065995 -6.389682481501506 -6.393441369812706 -6.385239844649118 -6.359700507031554 -6.316977628536781 -6.258926212183394 -6.180796604707825 -6.08520577081459 -5.978009609716542 -5.865719212104578 -5.764872420024245 -5.683723801756302 -5.625610567674039 -5.593438608788583 -5.589534828729452 -5.613301206725904 -5.659202050353523 -5.718267037683726 -5.787613213713939 -5.8638221736614256 -5.942974803243473 -6.020867769954971 -6.0932539898842615 -6.156070720495744 -6.205623031357931 -6.238701788121699 -6.252630240893191 -6.245455146390643 -6.223882614382409 -6.1927387614550495 -6.153380709694102 -6.107318824022441 -6.056245251806347 -6.007276691194002 -5.9657748510195345 -5.934167057885184 -5.914800353950285 -5.909644432284867 -5.909644432284867 -5.909644432284867 -5.909644432284867 -5.909644432284867
-6.463056643856108 -6.477588807559607 -6.479599934347522 -6.468890009023554 -6.444664325013793 -6.403051499183187 -6.346073046597425 -6.276800234146113 -6.195909340167915 -6.1027542549418445 -6.003013101505594 -5.903179690511311 -5.8182242644231055 -5.754583312648382 -5.714381809856754 -5.697404897403118 -5.704295300178209 -5.735104707116352 -5.781063683245254 -5.835086869904281 -5.894201993271187 -5.955041591567745 -6.014003147726979 -6.067425564847162 -6.111758314360657 -6.143701864658829 -6.160304779344994 -6.1612090820910845 -6.152090868877235 -6.133922775321633 -6.1075650836620206 -6.074119396537913 -6.03485469527991 -5.994504409290723 -5.959482125148132 -5.932153163796063 -5.914825841000747 -5.909644432284867 -5.909644432284867 -5.909644432284867 -5.909644432284867 -5.909644432284867 -5.909644432284867
-6.5696194165915704 -6.584171855097095 -6.584499269050355 -6.570453425273084 -6.542742706556319 -6.501233376645375 -6.443917773148391 -6.373905341743664 -6.2948256920334416 -6.210405373103844 -6.122322779732929 -6.032353046610524 -5.945867114900086 -5.873739525219874 -5.821299810922605 -5.789865224614056 -5.780205243617817 -5.792519397789045 -5.824560076467148 -5.864356449549851 -5.9076954568342614 -5.951646831705079 -5.993081598420086 -6.028804111686205 -6.05567973568236 -6.071815216325208 -6.079865818542903 -6.0799445757331725 -6.072095433154896 -6.056702049398821 -6.034434968068034 -6.006192955014595 -5.975338210073501 -5.9480299514591515 -5.926561819423906 -5.913131843541491 -5.909644432284867 -5.909644432284867 -5.909644432284867 -5.909644432284867 -5.909644432284867 -5.909644432284867 -5.909644432284867
-6.693945645876297 -6.708996282628077 -6.707674979478721 -6.68988997354975 -6.656645020784742 -6.609852760051085 -6.550822701994564 -6.478991687396059 -6.39802372140614 -6.311817156000855 -6.223557116231232 -6.1363590220683975 -6.053217030950564 -5.975831588611928 -5.910799821759108 -5.86504062675868 -5.839297008737647 -5.833796614347691 -5.848284141723535 -5.874774329951084 -5.903431572926652 -5.9316735255858095 -5.956928656779359 -5.978653794028315 -5.995971706392227 -6.007897821217671 -6.013763286544437 -6.0132267086760045 -6.006265391924734 -5.993149661927632 -5.974405433791234 -5.952899025166448 -5.933773122131933 -5.91904771489061 -5.9107452652775 -5.909644432284867 -5.909644432284867 -5.909644432284867 -5.909644432284867 -5.909644432284867 -5.909644432284867 -5.909644432284867 -5.909644432284867
-6.832466033195577 -6.849835147313894 -6.847536002140915 -6.825739284234886 -6.78600943126885 -6.730967565144533 -6.663820813414466 -6.5874689949142295 -6.502164541075858 -6.411115423889271 -6.317902870786268 -6.2257892228399125 -6.13774094298382 -6.056454276392634 -5.984375182590311 -5.924140179527156 -5.882017698382429 -5.859411212675505 -5.856083222160726 -5.869598003894262 -5.887207114096357 -5.905534008172769 -5.923121526143477 -5.938659279522562 -5.951033706080338 -5.959368385156646 -5.96305073528741 -5.961743237960362 -5.955379488203372 -5.9441568109417995 -5.9312429905039314 -5.920049450129728 -5.9122607073744495 -5.909644432284867 -5.909644432284867 -5.909644432284867 -5.909644432284867 -5.909644432284867 -5.909644432284867 -5.909644432284867 -5.909644432284867 -5.909644432284867 -5.909644432284867
-6.977690620146133 -6.998674965205707 -6.995891089675731 -6.9695919350370925 -6.922056719833193 -6.856950558565704 -6.778509891712748 -6.690910380080238 -6.5979310267489515 -6.501286568081972 -6.402743006924731 -6.305539976431228 -6.212558501198425 -6.126377126840598 -6.049312223591409 -5.983443994098088 -5.930631861765341 -5.892701922178704 -5.873490432098491 -5.873753672123331 -5.883026372725795 -5.893704922084007 -5.904498408617291 -5.9142479913269 -5.921965604368039 -5.926865497297765 -5.928385847457957 -5.926199003179873 -5.920718594538711 -5.915120491710118 -5.910981315855937 -5.909644432284867 -5.909644432284867 -5.909644432284867 -5.909644432284867 -5.909644432284867 -5.909644432284867 -5.909644432284867 -5.909644432284867 -5.909644432284867 -5.909644432284867 -5.909644432284867 -5.909644432284867
-7.127973338573817 -7.153709686903098 -7.150282969367563 -7.118096360124848 -7.060688257589858 -6.983405843068946 -6.891939563510261 -6.791431322406838 -6.686180412650379 -6.579683016344995 -6.474765229452517 -6.3725674450507555 -6.27489894474608 -6.184179376393759 -6.1025708981635285 -6.032013210236492 -5.97424447781207 -5.930813786360642 -5.90308945909786 -5.892266401813687 -5.893966623851586 -5.897445482755506 -5.901851910372946 -5.90615137695182 -5.909459509253054 -5.911067070098466 -5.9106336894202505 -5.9098352294523915 -5.909644432284867 -5.909644432284867 -5.909644432284867 -5.909644432284867 -5.909644432284867 -5.909644432284867 -5.909644432284867 -5.909644432284867 -5.909644432284867 -5.909644432284867 -5.909644432284867 -5.909644432284867 -5.909644432284867 -5.909644432284867 -5.909644432284867
