_RESULTS/CROSS_VALIDATION_POSTPROCESSED/MHZ/GZ/8comp/3/MHZ_GZ_z_125_kriged_reverse_8comp_spherical_3.asc
ncols 100
nrows 74
xllcorner 5.5967023332191781
yllcorner 50.982320383219182
cellsize 0.00019249356164376555
nodata_value 1.7014100000000001E+038
[rows 19 to 37 of 74, columns 43 to 85 of 100]
18.8080958205477 19.05016237887279 19.293342301732988 19.528693671314244 19.749192480239046 19.942299662396028 20.092419553545344 20.184258313348195 20.206975431209514 20.157987730478443 20.043657819784148 19.876403499804844 19.6706186959958 19.439815603622588 19.19560206919274 18.947930300509388 18.70586957850105 18.47667266577688 18.219455388786088 17.923991987190863 17.606170712723866 17.279401518163787 16.954800905735123 16.62227104416175 16.256571661338594 15.86598776542166 15.460390222804396 15.051404132369871 14.65366550501536 14.28699263101754 13.979428126716176 13.768707721018997 13.69408631249006 13.752654475088939 13.910551092170403 14.13506116675041 14.395785833393028 14.672708996457173 14.954605565596335 15.235772565572514 15.513467727596813 15.786118530728999 16.052019816554104
19.06153043280542 19.351650280859605 19.648606172663964 19.945021431097143 20.22795770065285 20.47956342360996 20.67701585671402 20.795836213218497 20.81785415971163 20.739868370248196 20.574969448904174 20.34522483304077 20.07319124094064 19.77767320892244 19.47329310560971 19.1716526937114 18.882612215035003 18.61500470580484 18.343424761931857 18.04038322483456 17.720256697140243 17.394796488348202 17.07529489991493 16.764936121337435 16.430381259556174 16.074547888868572 15.708189721096828 15.343885678763478 14.996905061531235 14.686263953972322 14.435332942177947 14.27019780779754 14.194059779876522 14.191486312920846 14.259898419047317 14.383825605481764 14.545700361191694 14.73735696552778 14.94401523753105 15.154399370581856 15.363454698781187 15.571125122414603 15.781103041601396
19.269018802110665 19.60744372165587 19.960976900246962 20.32000304711429 20.67045580699399 20.990881066728946 21.24971737388048 21.407314543483366 21.43035938587393 21.313929112391943 21.084922263014906 20.782015978664408 20.438400804112437 20.077712146911626 19.71626580204075 19.365951262971848 19.03611308429954 18.734287851998737 18.453911530808654 18.152969319518768 17.83848971260474 17.52218027958465 17.215435871619377 16.927678135166932 16.62841628928978 16.310879290587486 15.986165393701219 15.666934031211078 15.367814247420206 15.105632727528043 14.89893721826204 14.754595892940383 14.648635440026128 14.59161590811305 14.612521577682225 14.70158250783471 14.832823445235066 14.983454180829057 15.136359257346918 15.280970402503652 15.413094394687054 15.53405160065908 15.649326090630469
19.43068177427305 19.81190966991364 20.21587319812692 20.633715640500093 21.052491378767716 21.450668667320997 21.79006084720314 22.008028922749887 22.035503853074882 21.862133491622785 21.548374890351468 21.161464443348574 20.744893555125852 20.323579863742818 19.912563119989265 19.521936892849435 19.159040702605683 18.830900791036324 18.541363328070858 18.250968019125633 17.950212065538608 17.650706233808968 17.36387743418876 17.101102507688168 16.839761552849843 16.562281201500873 16.279638567398006 16.003970270941043 15.748641255293927 15.5280369229971 15.354562326821892 15.198886647201146 15.102587365330772 15.08971058346451 15.142201058460758 15.23814075716777 15.354645193024302 15.471124641557555 15.57190946329855 15.64783510434812 15.696711416012082 15.722692792232246 15.734663192279289
19.555440217878008 19.97055548384895 20.41429473896911 20.880106653828072 21.35893572462086 21.83528003269132 22.275428499376087 22.59361739375442 22.629041716492974 22.35325825367903 21.926712734371296 21.452044950216536 20.97041196695177 20.500250339581015 20.051685819062577 19.631677560212243 19.2464306081619 18.900324855314572 18.597140889563455 18.323805847709888 18.04490428113148 17.76964056475791 17.509432422832983 17.275788825367087 17.05358751200441 16.816678152920446 16.575375296116622 16.340969672820666 16.125380174489322 15.940776374906113 15.790283794942162 15.713823052746957 15.712894953551967 15.771888350984476 15.87144916194373 15.989463657997097 16.103302095056062 16.192717860496874 16.242686812312883 16.245582210115213 16.202204509772553 16.121293731900582 16.017381935124142
19.644950582699337 20.08039375916139 20.54761782283793 21.041920057544818 21.558426720461625 22.090926366621225 22.62810000298055 23.12446291444071 23.199108474622737 22.71563237524859 22.16321931720584 21.617621817056477 21.09375638200321 20.59468352175372 20.1255403589379 19.690558421163324 19.2934434094238 18.937585892292805 18.62618295216524 18.361672032007608 18.112673344669496 17.86881714675571 17.641510826963234 17.442268039063343 17.259473288913757 17.062847707054686 16.861558380948136 16.665927906464553 16.486475666287927 16.358817725816795 16.33202395497179 16.379673196668627 16.486151316733693 16.632535913793063 16.796481824957944 16.95324470001666 17.07787827162687 17.148304517364725 17.148707063724107 17.07254591632751 16.924389668515786 16.719713172727307 16.48197505449348
19.697961672577357 20.13873357055382 20.610340939902986 21.10806287276899 21.626993575091426 22.16151397029165 22.702924404891377 23.219033164594247 23.29869892358265 22.772543359424937 22.200216798326565 21.63944981828381 21.103629661876848 20.6005912340464 20.13019132726673 19.69425871034635 19.29639245207729 18.93992101589819 18.628002674204815 18.363711901688866 18.144676622737887 17.93901532116331 17.750457755831352 17.590511400790515 17.447552563254863 17.290441223389333 17.12758564585849 16.968336535318805 16.84910871605581 16.879743596286602 16.99838388150244 17.18211572804469 17.411892426698202 17.664731379829966 17.913746366081604 18.129300385067676 18.28145116141512 18.343585168347147 18.296809196441938 18.134332360338945 17.86474615449031 17.51276869121905 17.115709160101076
19.71307597187381 20.146129336630263 20.60465098859376 21.08158242312392 21.567701383121264 22.048123545453837 22.491071383580323 22.810804037381175 22.827480697374998 22.507444305539263 22.035608539942515 21.52289401880461 21.011805082423667 20.52205353778942 20.065224703406066 19.642447928539696 19.255042008059554 18.90715483967028 18.602464960274258 18.34439503376831 18.136262355031757 17.972234123899973 17.8280732947159 17.712105374185246 17.608685065814324 17.489918011470376 17.363849831425636 17.25141100493342 17.29789842730861 17.49352709068382 17.768165335047215 18.10291340626276 18.475213749312815 18.857385830111067 19.21661388903484 19.5161516386888 19.718090173938997 19.787806354577782 19.699814960665364 19.444236832991493 19.032584694275133 18.501005385857304 17.907810729078246
19.69213616086039 20.10625062137522 20.537750518004472 20.97640225208723 21.40804574157837 21.810327805670454 22.144226324799728 22.34413419831754 22.336135002394407 22.111394675952535 21.740523097774975 21.299006367543704 20.834987522172597 20.37650268452466 19.94090014249361 19.539656760516344 19.172649036273995 18.841724154782074 18.557592412475177 18.328949694301865 18.152291851063122 18.025491129700804 17.939763530564605 17.874297835052687 17.803776215148748 17.707800777104794 17.597385886718605 17.599533398878656 17.813347170302144 18.17306262621629 18.615361545337752 19.117663335929514 19.654089611260616 20.191978232944514 20.691558783523558 21.10694918751581 21.389071394069532 21.490951442222542 21.375418420066662 21.02443469834213 20.44854871412883 19.694832990718382 18.850710471897266
19.640461443240106 20.027519301398357 20.423076653916578 20.814448994073466 21.184877212399993 21.510836175004584 21.759136037657203 21.888501321318138 21.864785369413454 21.6857920830694 21.38518197530305 21.00930326147559 20.597838955133664 20.179479819957972 19.774251580455786 19.396458476736385 19.0693953522961 18.800169033066183 18.58140179698853 18.40839187382914 18.277466062893343 18.186373951539426 18.134627724924755 18.118446608335635 18.079115710099174 18.002970544400124 17.943701920222736 18.085488096097183 18.436395839415617 18.923734611384845 19.513656854088797 20.193752823808207 20.916637185311284 21.638936922627696 22.31362107002885 22.88424485242317 23.287498240239092 23.459040795443485 23.343286683240326 22.906483447703046 22.15066381780413 21.12646926470028 19.953914793613393
19.565515543719815 19.92077359270169 20.276327670792952 20.618321656681147 20.92986867677399 21.19007143966216 21.374068640697306 21.456483540346603 21.420018978559764 21.265062664391117 21.010998570639973 20.68754407219625 20.32479945235785 19.948173551425327 19.582729316114712 19.275186512813764 19.03165446421737 18.8443320604799 18.698158975400364 18.587886714111256 18.509484193639487 18.46028262817135 18.439458262753618 18.441241209755756 18.421144667685425 18.362655298989097 18.413591792075657 18.685893008645007 19.167071951368232 19.78146930418238 20.50178269790197 21.319332515445424 22.219101533104475 23.15397683698012 24.04126240528129 24.813388443532038 25.390641053462215 25.68615706284964 25.617750546395207 25.126488250639355 24.197378267825577 22.886838643789993 21.324433409922243
19.475549319403303 19.79718596606635 20.112310231883644 20.406919905085907 20.66542285274435 20.87068444483497 21.00494748273246 21.052553235497115 21.00448519690676 20.862511408226805 20.63965685869808 20.35641364386993 20.035544545253064 19.71218390642016 19.442367334065256 19.23027245038679 19.074259404949174 18.970844521981505 18.90442923639439 18.864416479100633 18.845907281689065 18.845341086519014 18.861165940503085 18.87418179854781 18.845858252883954 18.807122856292406 18.971047628991585 19.361867666841565 19.964123586731663 20.702801835231334 21.55383724865751 22.510805626604828 23.560364515787924 24.67896367762318 25.81116524864851 26.834812842029965 27.6498256666037 28.142457092455576 28.193932918945098 27.715384561514995 26.683849841983854 25.15195541761768 23.24551836048761
19.378550277908506 19.66694840972195 19.943521905042854 20.194615453798903 20.40640500356372 20.565415925397275 20.659381226401536 20.678870864051035 20.619587234395343 20.484255196591487 20.28276919078648 20.030314698384572 19.761036963356016 19.53976539104284 19.372214132588276 19.257775664109193 19.194088562765856 19.177347582504265 19.19759074523745 19.2360124655834 19.285585755900524 19.34118025154817 19.39845711310994 19.41725222778264 19.37916965324033 19.37645839185604 19.61213870660724 20.084814048755 20.78440098673005 21.635175918496078 22.609779963944167 23.702737410321618 24.904491245994798 26.195049265577968 27.538943640523804 28.856236404148518 29.982206150033647 30.774872972786422 31.071225132942637 30.720738903098216 29.659144736183418 27.971585217405607 25.89598408221941
19.281561611167987 19.538661303179254 19.779916603326022 19.991964485212016 20.162635040083302 20.281714800124917 20.341332408656605 20.336493832558094 20.266024549842143 20.133423449592016 19.946908237787547 19.72930626401344 19.554611792074375 19.434309560514652 19.367706914838394 19.352841449604693 19.386223683508348 19.462841028868034 19.57511399997667 19.70111856477752 19.828046170066212 19.942126984072587 20.02350104959351 20.033358310558235 19.971510374721653 20.007314761919005 20.29310110972976 20.822909558924348 21.593729727578623 22.53837837487206 23.622530579095283 24.84198102042025 26.18641068814236 27.64809283614835 29.20288792625555 30.801749102441246 32.31876072445124 33.529259698077205 34.205965803555976 34.089017161211785 33.032928113231684 31.171848973780374 28.873531178371326
19.19024822261408 19.41910856009724 19.629172159185092 19.806708493085026 19.940685176867053 20.023957339392123 20.052719396554703 20.0256538384425 19.94393034299478 19.811655860915888 19.638100612059358 19.495116567185363 19.412838596374783 19.38940752174275 19.422630115717006 19.509288865544566 19.644665440697818 19.822268698345592 20.033606529456367 20.245435921312467 20.433782581531627 20.59107171448822 20.67606853246162 20.672722056990263 20.58877332140997 20.648161665532456 20.958030604349602 21.516657206379055 22.327413433456456 23.34253167589435 24.51658368792167 25.851404217670844 27.342990033382897 28.9787583958314 30.73482750547224 32.59122731129885 34.48701748275102 36.20754362092655 37.42968523332653 37.69423918324609 36.62047778555007 34.444905351404124 31.775765996667417
19.10850980059595 19.31304283564036 19.49699043456843 19.644613396246164 19.744878556253756 19.794274554058706 19.79162421722595 19.738553893964863 19.641184143421302 19.505947399025985 19.37365467705002 19.31381951477337 19.323432693245138 19.396846057852613 19.52914911725174 19.719290891768352 19.96173573571246 20.242951900428572 20.53331104515878 20.816938647505854 21.07070192873026 21.259805964004588 21.34909182984688 21.331540223068878 21.224073292922537 21.278787370327777 21.580944719838076 22.13370464129974 22.9452396157587 23.995272591591334 25.224008468906156 26.635731151530905 28.232473052214157 30.009626690723135 31.953666443967006 34.03833002013988 36.23263710360023 38.464276172418046 40.41376558386373 41.36630744850828 40.125084301175065 37.35736180184053 34.22386144620225
19.037963676316433 19.22248449647426 19.386984953709785 19.507237070598467 19.559382218501764 19.551550892109272 19.498055679964725 19.408936900934645 19.291377711596837 19.156934676815617 19.08927480921791 19.111105163988633 19.21670700156821 19.39981097603638 19.652867243858584 19.966256594043383 20.31539747872757 20.67424574753554 21.043120258324148 21.407814132655776 21.723218175211414 21.94038052912862 22.038404267625676 22.00573295580712 21.86419561460476 21.88068655405718 22.137474785967306 22.644008247337897 23.41372506368883 24.450277011090385 25.691451453288156 27.132245156763908 28.777705593136222 30.627027575431292 32.672574964768195 34.89871808367045 37.280475635987656 39.793847048049244 42.35560719776038 44.73463893736318 42.687732877894696 39.21357405077945 35.792930469441984
18.977470850376054 19.14311363748217 19.276159488797212 19.34498312203572 19.325927693708866 19.25201084554768 19.148704427717096 19.02616875945791 18.89089024458443 18.778971263002592 18.772532025260602 18.871629046428772 19.074255935616584 19.37166888383955 19.7536767174123 20.194718681554363 20.653409194709727 21.11762568656371 21.573525977940022 22.009504471424233 22.37057592613309 22.62482474067895 22.739043470282784 22.690728334286487 22.498458231440445 22.437025126436303 22.604842497438433 23.02040934253154 23.70313576206711 24.6694584011185 25.878579058396443 27.297433420599234 28.92981366241517 30.772639628423825 32.81458651832481 35.033570652568315 37.39094691242783 39.81118456066819 42.11520500898139 43.55780427201481 42.28660822394387 39.37918507893334 36.20347618189629
18.915505771803502 19.022595032337538 19.103732314939236 19.144845771122586 19.03008012484263 18.893977321336134 18.747785798337528 18.597432456071655 18.448727411156927 18.377992121381293 18.44254641791942 18.63293507740883 18.939970846136635 19.354440080591694 19.856770799528313 20.39887958520341 20.96843199764197 21.554059941788033 22.12435622294989 22.63342364751649 23.043151075938166 23.331191278287797 23.454136602741244 23.381637704973016 23.118403008719735 22.93126190187032 22.960344567236795 23.237941215481968 23.789840738692547 24.633114523541035 25.761560373168408 27.111869849853605 28.674415134410776 30.438482973571745 32.381468274618236 34.457143699483595 36.587624567811446 38.64154265576683 40.33963618504003 41.047895684528484 40.23287034106106 38.17892591938314 35.56551229345865
