_RESULTS/CROSS_VALIDATION_POSTPROCESSED/Berg/IZ/3comp/3/Berg_IZ_z_500_kriged_reverse_3comp_spherical_3.asc
ncols 100
nrows 90
xllcorner  5.6208707817415728
yllcorner 50.959635321741573
cellsize 0.00013419651685393446
nodata_value 1.7014100000000001E+038
[rows 72 to 89 of 90, columns 42 to 83 of 100]
0.09824383046438301 0.10013548198106038 0.1010620249922263 0.10093908094999945 0.09977805626983784 0.0976835111503325 0.09483023174129365 0.09152609584631566 0.0882357210845459 0.08506577648842373 0.0820802919965983 0.07932474846883925 0.07682883655318472 0.07461069943004864 0.0726815151863383 0.07104986687654619 0.0697257091639902 0.06872392373919488 0.06806754311232496 0.06779078285084215 0.06762428577327576 0.06724991310022262 0.06669100160038872 0.06598197754457495 0.06516550960595255 0.06428962006813914 0.06340502820343041 0.06256304739683101 0.061814213446343635 0.06120769292532155 0.060791433168255214 0.06061297547207822 0.06060968952684992 0.06060968952684992 0.06060968952684992 0.06060968952684992 0.06060968952684992 0.06060968952684992 0.06060968952684992 0.06060968952684992 0.06060968952684992 0.06060968952684992
0.1068976905021942 0.10934802240413113 0.11055696656603442 0.11039620876962869 0.10888322271548762 0.10617631973896671 0.10253254645380123 0.09824996752944551 0.09365504511447978 0.08921940640446255 0.08508446172594804 0.08130149252488357 0.07789777205370611 0.0748846233232609 0.07226448094173858 0.07003663501402438 0.06820178619547486 0.06676569779444606 0.06574226148020912 0.0651562942485057 0.06495850956021623 0.06468635421817666 0.06428172988851272 0.06377206337364807 0.06319188342218891 0.0625808421996864 0.06198185914364071 0.06143962273517942 0.06099960344762265 0.060707651123571967 0.06060968952684992 0.06060968952684992 0.06060968952684992 0.06060968952684992 0.06060968952684992 0.06060968952684992 0.06060968952684992 0.06060968952684992 0.06060968952684992 0.06060968952684992 0.06060968952684992 0.06060968952684992
0.11665598530596333 0.11985626329816092 0.12145173392859872 0.12123892168796667 0.11924583192696234 0.11572193487037875 0.11105589867365596 0.10567263986632028 0.09995659461530494 0.09421536709567067 0.08879327411574953 0.0838985059196982 0.07954404686560476 0.07572375866621157 0.07242241137692099 0.06962279836610819 0.06731072606041287 0.06547860809277503 0.06412826008526071 0.06327338036070683 0.06293734647545582 0.06275206456122709 0.06247940590482032 0.062141794262883174 0.061767882007090665 0.06139121247545306 0.06104895712403988 0.060780900811334665 0.06062880304231734 0.06060968952684992 0.06060968952684992 0.06060968952684992 0.06060968952684992 0.06060968952684992 0.06060968952684992 0.06060968952684992 0.06060968952684992 0.06060968952684992 0.06060968952684992 0.06060968952684992 0.06060968952684992 0.06060968952684992
0.1275036831155661 0.1317328943756756 0.1338743414661975 0.13358735242736067 0.13091958621384603 0.12628474389606612 0.12028882327695463 0.11354074265392564 0.10654189379506324 0.0996565668927367 0.09312657587551443 0.08710148178675228 0.08174854718982102 0.07710441577588607 0.0731260638159871 0.06977236715387274 0.06700892481935428 0.06481113962220605 0.06316642453382684 0.06207615005181092 0.06155781482090243 0.06143338047099688 0.061276327029837985 0.06109074792720401 0.06090112539767035 0.06073665968611328 0.060630452412494894 0.06060968952684992 0.06060968952684992 0.06060968952684992 0.06060968952684992 0.06060968952684992 0.06060968952684992 0.06060968952684992 0.06060968952684992 0.06060968952684992 0.06060968952684992 0.06060968952684992 0.06060968952684992 0.06060968952684992 0.06060968952684992 0.06060968952684992
0.1393188326493585 0.1449963554009281 0.1479429262464463 0.14754495045889368 0.14389060171796741 0.13771348064881958 0.12998816341386277 0.12157791235520649 0.11310588096588481 0.10497033626715493 0.0974031434123296 0.09052525650315248 0.08438797766428578 0.07900109043233412 0.07435851643002553 0.070465366825763 0.06727193858036054 0.06473369796014833 0.06282198589517068 0.061525150029217504 0.06085011147419153 0.06073029582939879 0.060677428050883386 0.06063002375967934 0.06060968952684992 0.06060968952684992 0.06060968952684992 0.06060968952684992 0.06060968952684992 0.06060968952684992 0.06060968952684992 0.06060968952684992 0.06060968952684992 0.06060968952684992 0.06060968952684992 0.06060968952684992 0.06060968952684992 0.06060968952684992 0.06060968952684992 0.06060968952684992 0.06060968952684992 0.06060968952684992
0.15176311355089941 0.1595358335074882 0.16374535429160952 0.16316855485736295 0.15798988112295992 0.1496317838499814 0.13969412371527282 0.12934041604177016 0.1192669580212636 0.10984734853554595 0.10126057002765178 0.09357400971937291 0.08679315246898958 0.08089094756698426 0.07582533389715541 0.07154989331969555 0.06802050178582739 0.06519967041629371 0.06305961751765239 0.06158475459361921 0.06077407968338304 0.06060968952684992 0.06060968952684992 0.06060968952684992 0.06060968952684992 0.06060968952684992 0.06060968952684992 0.06060968952684992 0.06060968952684992 0.06060968952684992 0.06060968952684992 0.06060968952684992 0.06060968952684992 0.06060968952684992 0.06060968952684992 0.06060968952684992 0.06060968952684992 0.06060968952684992 0.06060968952684992 0.06060968952684992 0.06060968952684992 0.06060968952684992
0.16405795460109296 0.17491259823859162 0.18129450016188456 0.18039190835241534 0.17267180467720555 0.16123055987150556 0.14861921554487584 0.13618151599670097 0.12453114850944211 0.11392116082548885 0.10442934662565166 0.09604761335650541 0.08872682295571707 0.08240046514188826 0.07699771922765174 0.0724509296449649 0.06870005040299852 0.06569545227748558 0.06339991423230208 0.061790331584380735 0.06085953235513145 0.06060968952684992 0.06060968952684992 0.06060968952684992 0.06060968952684992 0.06060968952684992 0.06060968952684992 0.06060968952684992 0.06060968952684992 0.06060968952684992 0.06060968952684992 0.06060968952684992 0.06060968952684992 0.06060968952684992 0.06060968952684992 0.06060968952684992 0.06060968952684992 0.06060968952684992 0.06060968952684992 0.06060968952684992 0.06060968952684992 0.06060968952684992
0.17457420507882251 0.18972902296195734 0.200375376419918 0.1987263788542741 0.1863879947951255 0.17093876099824454 0.15557786371586307 0.1412816145835621 0.12834252775961624 0.11681261071485001 0.10664717680024592 0.09776152660235951 0.09005686831018533 0.08343338558230803 0.07779722475427515 0.07306436767187792 0.06916285933073793 0.06603420134956751 0.0636344101044025 0.06193508685411352 0.0609247808649087 0.06060968952684992 0.06060968952684992 0.06060968952684992 0.06060968952684992 0.06060968952684992 0.06060968952684992 0.06060968952684992 0.06060968952684992 0.06060968952684992 0.06060968952684992 0.06060968952684992 0.06060968952684992 0.06060968952684992 0.06060968952684992 0.06060968952684992 0.06060968952684992 0.06060968952684992 0.06060968952684992 0.06060968952684992 0.06060968952684992 0.06060968952684992
0.18051524740258384 0.19967004606960678 0.21896731150328977 0.21482060531245786 0.19511032409178306 0.1762958426411978 0.15917113315870005 0.14382383325795256 0.13020309609545316 0.11820534462420398 0.1077057995426844 0.09857441398772636 0.09068481885035981 0.0839194826442918 0.0781726708643496 0.07335211397018544 0.06937995427686541 0.06619335716261754 0.06374506983028534 0.062004159202594215 0.060957144452589214 0.06060968952684992 0.06060968952684992 0.06060968952684992 0.06060968952684992 0.06060968952684992 0.06060968952684992 0.06060968952684992 0.06060968952684992 0.06060968952684992 0.06060968952684992 0.06060968952684992 0.06060968952684992 0.06060968952684992 0.06060968952684992 0.06060968952684992 0.06060968952684992 0.06060968952684992 0.06060968952684992 0.06060968952684992 0.06060968952684992 0.06060968952684992
0.17928594283626745 0.19745021616792363 0.21346809974708944 0.21050278385624957 0.19321385018801182 0.17519674784201755 0.1584498754056904 0.14331887812749733 0.1298357036745358 0.11793133464586802 0.10749802878614056 0.09841514170555914 0.09056192949684182 0.08382443440495022 0.07809929995568043 0.07329589867192382 0.06933754236956836 0.06616225258321654 0.0637234201401535 0.061990609680530905 0.06095073816838523 0.06060968952684992 0.06060968952684992 0.06060968952684992 0.06060968952684992 0.06060968952684992 0.06060968952684992 0.06060968952684992 0.06060968952684992 0.06060968952684992 0.06060968952684992 0.06060968952684992 0.06060968952684992 0.06060968952684992 0.06060968952684992 0.06060968952684992 0.06060968952684992 0.06060968952684992 0.06060968952684992 0.06060968952684992 0.06060968952684992 0.06060968952684992
0.1715023523228538 0.18514675479070353 0.1940451571143223 0.19272382544788877 0.1822129885260362 0.16812894225226876 0.15361920082292727 0.13986878796804408 0.12729698606865847 0.11602448734724065 0.10604531367523967 0.09729786124712678 0.0896978560078328 0.08315501717391853 0.07758198715199885 0.07289931150098886 0.06903832853674913 0.06594297596115545 0.0635711172078799 0.06189579244816049 0.06090670871757146 0.06060968952684992 0.06060968952684992 0.06060968952684992 0.06060968952684992 0.06060968952684992 0.06060968952684992 0.06060968952684992 0.06060968952684992 0.06060968952684992 0.06060968952684992 0.06060968952684992 0.06060968952684992 0.06060968952684992 0.06060968952684992 0.06060968952684992 0.06060968952684992 0.06060968952684992 0.06060968952684992 0.06060968952684992 0.06060968952684992 0.06060968952684992
0.16015669266044133 0.16987834362482965 0.17540644618066822 0.1746351168505304 0.1679005221359142 0.15757403751794402 0.14586992269443555 0.13410776766212962 0.12295300831834396 0.11270937237029383 0.10349204253162307 0.09531892935652296 0.0881588987638472 0.08195806100451816 0.07665459783098726 0.07218739590957281 0.0685012538619518 0.0655502001372979 0.06329983427406119 0.06172928136641215 0.060833187742389 0.06060968952684992 0.06060968952684992 0.06060968952684992 0.06060968952684992 0.06060968952684992 0.06060968952684992 0.06060968952684992 0.06060968952684992 0.06060968952684992 0.06060968952684992 0.06060968952684992 0.06060968952684992 0.06060968952684992 0.06060968952684992 0.06060968952684992 0.06060968952684992 0.06060968952684992 0.06060968952684992 0.06060968952684992 0.06060968952684992 0.06060968952684992
0.14768624898318664 0.15468860702835932 0.15841803531758097 0.15790997530739695 0.15330712343028524 0.14574356007520914 0.13658035928975892 0.1268839358460825 0.11733771187545448 0.10833236963127468 0.10006955804710371 0.09263698446970756 0.08605644581671495 0.08031348775828306 0.07537566340194624 0.07120389687689524 0.06775971118767833 0.06501001136554743 0.06293048988129404 0.06150836531918709 0.06074497112288919 0.06060968952684992 0.06060968952684992 0.06060968952684992 0.06060968952684992 0.06060968952684992 0.06060968952684992 0.06060968952684992 0.06060968952684992 0.06060968952684992 0.06060968952684992 0.06060968952684992 0.06060968952684992 0.06060968952684992 0.06060968952684992 0.06060968952684992 0.06060968952684992 0.06060968952684992 0.06060968952684992 0.06060968952684992 0.06060968952684992 0.06060968952684992
0.13538866580859885 0.14053793981160295 0.14318534406238442 0.14282885087584563 0.1395398591028538 0.13392219094249125 0.12680840242577585 0.11897142813457649 0.1109965676511036 0.10327545544587045 0.0960471502834323 0.08944416718739513 0.08352954944772677 0.07832347492241273 0.07382148546561233 0.07000678957158536 0.0668586047700836 0.06435795953789249 0.06249195445389483 0.06125720067692498 0.060662983083320694 0.06060968952684992 0.06060968952684992 0.06060968952684992 0.06060968952684992 0.06060968952684992 0.06060968952684992 0.06060968952684992 0.06060968952684992 0.06060968952684992 0.06060968952684992 0.06060968952684992 0.06060968952684992 0.06060968952684992 0.06060968952684992 0.06060968952684992 0.06060968952684992 0.06060968952684992 0.06060968952684992 0.06060968952684992 0.06060968952684992 0.06060968952684992
0.12386432949598905 0.1277214428825867 0.1296631950343965 0.12940343031969342 0.1269819359650322 0.12274746204611625 0.11722275214135564 0.11094961080031099 0.10438959827017977 0.09788977009876725 0.09168867328005266 0.08593809227466381 0.08072675113867853 0.07610056046305921 0.07207826788272391 0.06866302502256698 0.06585081735078284 0.06363667796676316 0.06201945643289603 0.06100576562743568 0.060613623143980465 0.06060968952684992 0.06060968952684992 0.06060968952684992 0.06060968952684992 0.06060968952684992 0.06060968952684992 0.06060968952684992 0.06060968952684992 0.06060968952684992 0.06060968952684992 0.06060968952684992 0.06060968952684992 0.06060968952684992 0.06060968952684992 0.06060968952684992 0.06060968952684992 0.06060968952684992 0.06060968952684992 0.06060968952684992 0.06060968952684992 0.06060968952684992
0.11336390348714782 0.11629499871926574 0.11775069825086168 0.11755675079780858 0.11573704539325518 0.11250571795220887 0.10820148108209092 0.10320263574968988 0.09786001288940555 0.09246175947429693 0.08722470876738382 0.08230106530856562 0.07779118980209404 0.0737571645787861 0.0702348015085731 0.0672434424447898 0.06479368527374543 0.06289345966154274 0.06155294272020352 0.06078878862749106 0.06060968952684992 0.06060968952684992 0.06060968952684992 0.06060968952684992 0.06060968952684992 0.06060968952684992 0.06060968952684992 0.06060968952684992 0.06060968952684992 0.06060968952684992 0.06060968952684992 0.06060968952684992 0.06060968952684992 0.06060968952684992 0.06060968952684992 0.06060968952684992 0.06060968952684992 0.06060968952684992 0.06060968952684992 0.06060968952684992 0.06060968952684992 0.06060968952684992
0.10396609644233445 0.10621716927972075 0.10732487334105612 0.10717769204105937 0.10579077107253435 0.10330191552306298 0.09993724368458261 0.09596300752052997 0.09164212670965274 0.08720574984556605 0.08284069417723282 0.07868848483946783 0.07485087783549556 0.0713979905302083 0.0683767488475899 0.06581857457431066 0.06374598035030699 0.062178133403225797 0.06113563267310525 0.060644821360418114 0.06060968952684992 0.06060968952684992 0.06060968952684992 0.06060968952684992 0.06060968952684992 0.06060968952684992 0.06060968952684992 0.06060968952684992 0.06060968952684992 0.06060968952684992 0.06060968952684992 0.06060968952684992 0.06060968952684992 0.06060968952684992 0.06060968952684992 0.06060968952684992 0.06060968952684992 0.06060968952684992 0.06060968952684992 0.06060968952684992 0.06060968952684992 0.06060968952684992
0.09566461372051768 0.09740586976006614 0.09825714685601057 0.09814425162702058 0.09707719448433673 0.09514801915802695 0.0925117700864924 0.08935823899128688 0.08588400438198687 0.08227139135473013 0.07867649673964693 0.07522512078585629 0.07201410983003285 0.06911568329828964 0.06658297654578664 0.0644557439424161 0.06276571853963436 0.06154148704164439 0.060812955039725315 0.06060968952684992 0.06060968952684992 0.06060968952684992 0.06060968952684992 0.06060968952684992 0.06060968952684992 0.06060968952684992 0.06060968952684992 0.06060968952684992 0.06060968952684992 0.06060968952684992 0.06060968952684992 0.06060968952684992 0.06060968952684992 0.06060968952684992 0.06060968952684992 0.06060968952684992 0.06060968952684992 0.06060968952684992 0.06060968952684992 0.06060968952684992 0.06060968952684992 0.06060968952684992
