_RESULTS/CROSS_VALIDATION_POSTPROCESSED_80-20/Berg/GZ/3comp/4/Berg_GZ_z_125_kriged_reverse_3comp_spherical_4.asc
ncols 100
nrows 90
xllcorner 5.6208707817415728
yllcorner 50.959635321741573
cellsize 0.00013419651685393446
nodata_value 1.7014100000000001E+038
[rows 19 to 37 of 90, columns 43 to 85 of 100]
9.825726367672168 10.16878427043685 10.625706820086805 11.134089937908215 11.618483418377016 12.0226727499298 12.328814571049563 12.534206207365713 12.646260053837965 12.67791883943267 12.64425073010203 12.560297670042218 12.431424718046257 12.243963877901965 12.004449370836715 11.719847765213467 11.396273122667669 11.039613865477682 10.66171874379493 10.350783956414741 10.153923822026927 10.096949880167092 10.176456499382304 10.395570198430548 10.712715871289296 11.084363900096893 11.484668990769677 11.897975014290878 12.31325467319491 12.72151810764221 13.114682497981997 13.485084889983106 13.826050721569871 14.140071609943217 14.431644388236945 14.704315366673617 14.952446969426635 15.170261239999608 15.351879511666262 15.491365612158713 15.583006646848832 15.653328327885271 15.721818188656353
9.586712504410958 10.009104031926803 10.570463258447385 11.165366882400306 11.69722738176741 12.111102942563079 12.395087353179454 12.55575588947809 12.609867472628897 12.5780163795835 12.480725043825796 12.336508421444632 12.161169185542727 11.94971133048618 11.692319070225162 11.395571747092227 11.06435761732579 10.702144777130664 10.312810984445989 9.96678618215069 9.716931080896986 9.61300573168249 9.732039755741178 10.041435729822274 10.427862817490993 10.849993009277096 11.288106487041675 11.731494120028405 12.172068004842867 12.602547120175393 13.015866068551023 13.404983344611015 13.768133341153629 14.106990671820578 14.416771507353399 14.70550065118359 14.969808095906162 15.203959851997299 15.40207191859462 15.558149613875155 15.66612700514424 15.74784554378599 15.827724061376477
9.351857606806696 9.934329001406967 10.654717412837194 11.354007928296097 11.929004027012837 12.333962194318914 12.57108591723957 12.662447075271254 12.637807050217909 12.526793513643664 12.355350200385871 12.144822032088468 11.913140007930783 11.67026070749025 11.396765866463381 11.091174437898617 10.758170465913832 10.400577774055266 10.01735994268046 9.660288999265939 9.375055265198599 9.165798988467724 9.337501973668644 9.793239813243519 10.249333740803646 10.70465979982716 11.166165412977062 11.628091192524327 12.08450015255145 12.529177548387139 12.955636640559586 13.35787540951929 13.739732203592903 14.0975946116791 14.424089267877324 14.724606985940062 15.001128345405112 15.24795402394878 15.459204749939575 15.628852799415494 15.750745699954278 15.844487607897761 15.936077383677972
9.189508916601715 10.086559112351152 10.991903858466172 11.780202688327869 12.366819714673671 12.721588151190872 12.869879970803238 12.85630552602475 12.730580515492656 12.535332234083002 12.295421787644454 12.029120088969146 11.750113710271552 11.469080648072095 11.181103937036879 10.867503424512687 10.532986915482164 10.180624960386712 9.811036555601904 9.47221009046621 9.222227069167332 9.097962781508272 9.290349302112583 9.72553091862763 10.198655166643409 10.663679679555555 11.127796359066512 11.59381279449992 12.055080761252055 12.505054174619335 12.93707221093278 13.34801912914009 13.74209408154567 14.112796551772973 14.452567557652122 14.760753641980564 15.045260566658527 15.300820771283776 15.521571843047965 15.701487473816785 15.83389985290227 15.938513158936773 16.04145521189711
9.748290923342148 10.743917199807091 11.717955783332895 12.524641067506959 13.056807168863443 13.291143177783313 13.30025457930964 13.164845463290654 12.938314022915328 12.657220225326817 12.345875067151388 12.020645236962011 11.693051036623494 11.37204884714123 11.062987069269022 10.743693135415866 10.413292679437056 10.076754542835841 9.734868743455003 9.437942506905499 9.254471200463414 9.229039014787677 9.428890786883807 9.802601037077554 10.252319861468505 10.717691496957189 11.171684384413698 11.628467490811698 12.084164441945818 12.530810845608368 12.960949881328673 13.375447013348808 13.775039059188865 14.152295367206799 14.5001947905303 14.81644947457837 15.109283381807032 15.373523621433199 15.602000350859214 15.787019244648093 15.922337723475374 16.033004420593738 16.14311285813923
11.207712714239532 11.976623531314562 12.879754507010638 13.630112059932015 14.024819848817735 14.070671363032695 13.896167933821662 13.603990216137566 13.252306009920842 12.873321251760789 12.48578348033727 12.101057094606222 11.726451285688414 11.367709452159446 11.03132119391307 10.703922014416246 10.374755290618294 10.054683842023794 9.746159827437438 9.501596336976926 9.379883872256968 9.406394123594222 9.60845715956557 9.939534011970927 10.355100213827113 10.816047952194129 11.273462439523973 11.719407204403048 12.16669466611072 12.604239881731463 13.026404991348912 13.438972637218768 13.845786553774634 14.238566752388742 14.606200747260601 14.93884858040358 15.243121422782197 15.515936228331409 15.748476405057948 15.933877083418194 16.067098548776666 16.17883521667722 16.28751712128829
12.840530062910904 13.50624798530385 14.362964849801246 15.10369858701845 15.293395533514886 15.020906174923674 14.590602698026187 14.11352388077487 13.627628074111286 13.150048118882854 12.68974576823175 12.251096822849728 11.83568221145865 11.440099271551405 11.066392701377657 10.717571219363426 10.383723379928782 10.083947698866572 9.816833115193516 9.629569633011984 9.560056178368082 9.621060862561109 9.827531622437272 10.13599717149605 10.512495915390458 10.93863030255327 11.394417753308419 11.83452034345389 12.269145150776811 12.699172237398304 13.126863276997058 13.556554698782804 13.983914635344119 14.398893241138975 14.78791786621998 15.136933221234736 15.449693117252714 15.726316878064154 15.958824582147116 16.140632887556468 16.269182158213557 16.380497395808163 16.48633877405283
14.432636588384835 15.01441130405552 15.878876918902662 16.89935890622562 16.637387867079685 15.931590287689515 15.253979600324444 14.610517429762945 14.000685893184468 13.430997161944838 12.905366924579983 12.421657104343605 11.969464052016072 11.545160829117664 11.14651666870858 10.775059694483097 10.426641449901938 10.152304760473124 9.941916850887504 9.815365445481925 9.79050176225907 9.877300436647666 10.087933445238699 10.38103843840348 10.722408404742389 11.097617224097164 11.497804602105765 11.913094209874618 12.327161065465136 12.762414642142872 13.209911418854139 13.66823049506802 14.123330816409418 14.562282140920187 14.978991045140532 15.358484053583076 15.697403345031288 15.991283644092395 16.226858105003934 16.400574898800034 16.52267688434205 16.630971072974166 16.731104483530913
15.836912109375698 16.264825716454077 16.914805931275172 17.520946122966098 17.261348513226 16.50126899958672 15.702078402106611 14.938966405098242 14.232438680185089 13.592410178676728 13.017388484141934 12.498704618450637 12.031114678859224 11.604904079450126 11.209187012236866 10.834764325872182 10.456146785699316 10.250396683181165 10.136538644830004 10.0699789405074 10.078153355800787 10.181911238371818 10.387044178569818 10.643791462847624 10.929776972145868 11.243039642595734 11.579410084428497 11.946143311648399 12.35335961755603 12.79609071368015 13.260145073179554 13.743620413476886 14.23144922144543 14.705833165304794 15.149361140831436 15.555354464880736 15.920952755284146 16.24237610817316 16.505231335868572 16.695983748930583 16.822001975690654 16.923399240746694 17.01313535640599
17.015028217762 17.2158671849827 17.500121146299374 17.612995525504775 17.302029537661355 16.63960715938074 15.840686322789526 15.035810548812586 14.281404483399104 13.598274536338037 12.99267749618693 12.468090300556598 12.015702979385788 11.619486611388588 11.262987948582607 10.936107918824092 10.632914139448973 10.454036368947882 10.375612210343062 10.365937841090709 10.417234661512365 10.5173778735796 10.686856818756645 10.892015797554656 11.117687602472268 11.365536911846696 11.650444257015565 11.982105103323004 12.355056241912433 12.794633767618999 13.272710599577502 13.778389770069907 14.296115381982045 14.807314822451682 15.290700456493298 15.723567025280904 16.114527466473668 16.461685475574185 16.74928726294079 16.963833741828793 17.12717540670044 17.24756050802882 17.324408438978
17.97070238971475 17.918608829170218 17.850974668147096 17.64179447163789 17.195273462815706 16.536335709642376 15.747164755820187 14.929870059942216 14.149364500870162 13.439683529256735 12.83051173317196 12.330254181754107 11.923591290286161 11.58251410270857 11.288342325898094 11.03637197176451 10.827274199131926 10.66759692249397 10.599776636551836 10.61602500305954 10.679794056016291 10.790887097685262 10.94863753190021 11.105365000651632 11.274351961680177 11.473289233381594 11.718744149725817 12.012792612293705 12.35202762627423 12.755010903155444 13.242821347968853 13.76844878165443 14.313968935816801 14.860081659871147 15.382726421960498 15.856704376820286 16.275560077437106 16.647305856268037 16.957538972789585 17.200109829292344 17.398982505990812 17.5498583402104 17.647020288084896
18.65744455682182 18.35829496808187 18.027289475983054 17.593938313447637 17.015043406223135 16.306275585984956 15.509203001094072 14.67535113654676 13.861541534372263 13.132612961001614 12.533176525582194 12.070424385348208 11.725074318981095 11.45933515416087 11.24404677391445 11.069257716054345 10.924241668779935 10.80114829555814 10.757364244862595 10.769431500649493 10.831126010414884 10.943845541965517 11.099542771678973 11.239700280565502 11.36618031305546 11.537306371371358 11.758672842613498 12.02540389983729 12.33158502904718 12.694955655029624 13.166054019997201 13.709875507050079 14.281717782337584 14.861039911724136 15.421908416362848 15.938591932890771 16.400815299270917 16.798103843306006 17.129918279939453 17.408613795238146 17.640538422513973 17.817548979969295 17.933654551668706
19.032611861641243 18.566314316663927 18.05489947146357 17.464379339261548 16.77755728188595 16.00682397524064 15.184929460448537 14.319581826563116 13.46592842601899 12.689194248769015 12.07660254368004 11.673085483066979 11.426799507195314 11.261786218740873 11.133765717466002 11.028679724650116 10.930261879455818 10.850079515717896 10.811706110285572 10.817625426307037 10.871792121753888 10.977682178051193 11.114300557873513 11.23525339721227 11.365205829307149 11.507799733809263 11.699378462044601 11.946235919778376 12.242076065383198 12.585740903650015 13.029292163582603 13.589959080731667 14.193662143616429 14.80782121217028 15.407123194025257 15.967743698237774 16.47795849002664 16.913860946170935 17.276624866295617 17.59426104471497 17.856915636523595 18.055823199314272 18.18494614304257
19.141167158653865 18.57771718363966 17.952258803024744 17.25812938543055 16.494959477646933 15.675690857913754 14.813650020638233 13.915221170300468 12.992808780592819 12.127812336317403 11.475334279620702 11.171060878888433 11.071555887556055 11.023202795020852 10.978273277023053 10.92876191513549 10.866557096825334 10.80699840844739 10.768332226932776 10.759487615711139 10.789451067890546 10.869622719907273 10.966375264033179 11.071546410853724 11.203048190889133 11.35272240605577 11.518244563451779 11.741715990212457 12.02572227080139 12.367290229807 12.80770930722001 13.368674842779441 14.010329411445383 14.673995076376572 15.329068009922153 15.944974300137 16.506133298011946 16.992233918532165 17.406712228290385 17.76346273737003 18.054768206494497 18.271540509951183 18.408330054618315
19.04749498411272 18.432220085925195 17.74119076569007 16.986263665613716 16.17908545923619 15.332179319985206 14.435634544547831 13.493977190940177 12.528204563588114 11.566002345738088 10.75028086577853 10.673011117801943 10.743895397328707 10.79299015934027 10.806575787165475 10.78907792410674 10.746877495799618 10.68588442839045 10.62167570320035 10.577133169645444 10.571748202644025 10.614379635825307 10.668471799353837 10.758053274959359 10.884521904492212 11.040215855680977 11.2143927922438 11.414292659603793 11.683574334450995 12.022012549189249 12.469721993596703 13.044252538327846 13.721623976970237 14.434501086270974 15.151341450911637 15.843236603298017 16.481494046107564 17.045709320673193 17.52715919664807 17.923909644043988 18.241830905923717 18.472304650614465 18.611527783936264
18.810782376982704 18.168510972830777 17.444129034818104 16.660404398302862 15.837705443021054 14.974471851791185 14.052119376612323 13.105187150446628 12.168632247630882 11.270222806077152 10.564582032162068 10.46168242705624 10.54193648484251 10.611504020671637 10.640709952382458 10.635666764509764 10.579346572551755 10.480041908374336 10.370340606147282 10.279882793748493 10.232621015050093 10.222760571863866 10.239605459731585 10.308512757336604 10.425099307531687 10.58160791269542 10.767657648894465 10.97070504974439 11.22255233578127 11.555918139767645 12.011600298599722 12.6042435357279 13.328327581366695 14.09365529160263 14.874961078599942 15.64891624128239 16.38953414978467 17.067510971268902 17.640417023979243 18.084351535964533 18.426371305235996 18.66552875305873 18.801264853254818
18.474166907605113 17.817829536944423 17.079663659680104 16.28854120874108 15.464763448630805 14.580072883910045 13.660391288807855 12.749356048924454 11.894348224614125 11.16131814382367 10.654883773841274 10.454556931515452 10.44337439179289 10.47644376582882 10.497098926923982 10.469518428078386 10.359576863435212 10.19854026664541 10.027533585666609 9.881753097548856 9.784305143516397 9.712815366520879 9.695198034791975 9.741398634148814 9.84567759956001 9.999265030288226 10.1916360465327 10.411126898973658 10.65420907660787 10.979758161492303 11.441938271328384 12.052642685494519 12.81584729891403 13.655582557870662 14.507937521461711 15.382609273936138 16.246602084025394 17.04665201748193 17.729633965395607 18.251994178534332 18.61657709729359 18.857453630299688 18.982169096389313
18.06649297769368 17.403052242106366 16.66175031953708 15.874175299577898 15.034197177624154 14.140101816902312 13.23710844516832 12.37460610699034 11.604495340007304 10.98472628846693 10.57290143945683 10.379562219088685 10.337344771013939 10.359533277548174 10.37396496755107 10.292256984132022 10.102684243801878 9.858202689298096 9.611493610895849 9.401767477669333 9.234433027620081 9.10545233973017 9.054495304847135 9.07976956543426 9.172357964865128 9.32117953902005 9.514898777093258 9.742902888787276 9.994929081780327 10.309096721075399 10.774081437887295 11.401378503347024 12.195440596246039 13.110527961504687 14.07165926230591 15.067961918875294 16.06590969742057 16.999247265119884 17.79930083071263 18.410789942123476 18.81721844470226 19.051827805052238 19.155495472909845
17.617342673376214 16.944797135657364 16.203163475814968 15.406474546976073 14.545687558297162 13.645260375620335 12.756845886742669 11.931781601878772 11.219907163783335 10.667511468380903 10.311718967521157 10.160041801691012 10.178738324394374 10.279649966248112 10.30075120450698 10.140343385196887 9.840953243323575 9.494427045275165 9.164856058638179 8.881404765334048 8.633018217137897 8.447582239281063 8.357189286261315 8.357252151157063 8.436430277354406 8.580266146790171 8.77096740661112 8.998709654969929 9.256789512380768 9.564054863510492 10.025356304317615 10.664143416285883 11.488030483764074 12.48828134643649 13.580637591941723 14.713834558646631 15.859084739076659 16.941590081526265 17.86887922518022 18.56669593773179 19.01125096951412 19.246780944580834 19.317283705571754
