_RESULTS/CROSS_VALIDATION_POSTPROCESSED_CLR/MHZ/GZ/2comp/3/MHZ_GZ_z_500_kriged_reverse_2comp_spherical_3.asc
ncols 100
nrows 74
xllcorner 5.5967023332191781
yllcorner 50.982320383219182
cellsize 0.00019249356164376555
nodata_value 1.7014100000000001E+038
[rows 38 to 56 of 74, columns 42 to 83 of 100]
0.16051144469650022 0.13074274707369293 0.08697025559211122 0.038338717757527674 0.019531789743809425 0.08100461660205421 0.17297321502993218 0.26432531898438866 0.3458971600594502 0.41230708235944535 0.46093144621570814 0.4932308733045012 0.5136113989340451 0.5265944965437869 0.5325528512399941 0.5276625537942141 0.50787638252814 0.47409650946431403 0.42558541215992207 0.3617484889373569 0.2860329751830763 0.21470806015973876 0.15234890281151048 0.10120047904738688 0.06331953016770772 0.0344273143708253 0.009796535979801319 -0.007916097089719576 -0.018857501859211284 -0.023054544215357436 -0.02021087472335123 -0.009014373063890496 0.014533255382995214 0.05576307678292006 0.11186739279534982 0.17664662664838077 0.24510180463966022 0.3129262911221719 0.37609768587404413 0.4300686222186745 0.47014822774017906 0.4935943186748234
0.17198263594606986 0.1471813501617277 0.11763146228156342 0.09703862702260538 0.10400269727865119 0.15535049277380508 0.23816926589459203 0.3311399868900312 0.4190115228174236 0.49055348416093303 0.5395808332317433 0.5670044975050452 0.5801319734843112 0.5874254074546604 0.5892799931110588 0.5770825350474877 0.5519737650283723 0.5147652737770894 0.4635348676477817 0.3976255651617633 0.32001350476176016 0.24403390038536346 0.17708448873142535 0.12058360137838431 0.07524059191958932 0.03938596322877466 0.006223674224387271 -0.02009735578893082 -0.03832300571119093 -0.04830506126826031 -0.05140676713707584 -0.048005844165272454 -0.034489648345746 0.00820765839859397 0.0741091856348583 0.14633328331584322 0.21959687140952563 0.2904473701859267 0.35540590936224553 0.4111405803910405 0.4549606317580987 0.4835349413933657
0.20839244982173447 0.18785648199006513 0.16576216884031109 0.15916910630696363 0.1773895276144441 0.2292097542843843 0.30995732952367094 0.4069058047115518 0.5037983669085127 0.5818427011592459 0.6278550339561495 0.6442194882403727 0.646602091846071 0.6460025233280314 0.6386531067050876 0.6200695682723546 0.5904258818039012 0.5499029260624049 0.49615039825953555 0.42829908910850956 0.3504835656212806 0.27266246828690405 0.202589002578789 0.14296107608094394 0.09188194748234971 0.047680125312152266 0.005689033494792106 -0.028754213508009302 -0.053813573736700454 -0.06943198569138151 -0.07621272325785841 -0.07618032739040273 -0.07030872147221998 -0.023343904927336262 0.04952014954622205 0.1255389924048176 0.20145971567011584 0.2743049200084824 0.34095560144878356 0.399326254388085 0.44716711933539 0.480657149261378
0.2630951529097958 0.24300664848242876 0.22214185964433342 0.2162807486569936 0.23828141604086114 0.29073639853808314 0.3724453265674322 0.4770985017329743 0.5908969383445076 0.6842167243282268 0.7222936803374027 0.7200583112858846 0.7087339836420473 0.6951819217830443 0.6781797374754106 0.6543641667783283 0.6211602630835544 0.5780660538564034 0.5223938276249853 0.4528277782537514 0.3756364289650098 0.2982714267247432 0.22573098603541536 0.1653914272065873 0.11238538186548182 0.056218764647689906 0.005680543697110935 -0.03550467951696859 -0.06527127422579163 -0.08384452164209963 -0.09175844193924534 -0.08873186044290612 -0.07012366297155428 -0.024918285900148746 0.04142051515484771 0.1159057622119867 0.19196091494592277 0.2656244085650805 0.3338023010981176 0.39510095101036036 0.4468434340084545 0.48522472964231667
0.3306335194605064 0.30572716319227505 0.2792063066431395 0.26657852709290475 0.28305682995284004 0.3321733779816782 0.412296698689417 0.5228644433319283 0.6590153498128116 0.7955049800815306 0.8095220154250089 0.7773613153521983 0.7502022520094911 0.726360050063319 0.7030159865352542 0.6766808374630616 0.641902061028031 0.597560716787284 0.5409426266280496 0.47051709095161875 0.39473620972942036 0.317836785229772 0.24246475342109103 0.17729162618189367 0.11878972028085288 0.05743997770672907 0.0029925280586103886 -0.04218530873043699 -0.07412982949987665 -0.0929424169524927 -0.09927325607886686 -0.09243376290021163 -0.06622227242077941 -0.019249883713904042 0.043599924485729524 0.11548162922870522 0.19047385392151808 0.26420307421732014 0.3341135080859387 0.39829199825461215 0.45374721342649726 0.4965559806525648
0.4070874291251959 0.3714901802951737 0.33250857481331997 0.30779282591786383 0.3108721003832548 0.3482245921233239 0.418548008301059 0.5221871847398397 0.6559683624889298 0.7969907855656345 0.8138797287238745 0.7825969707551677 0.7566986703466846 0.7332771526774131 0.7102011224183131 0.6850126949086003 0.6513425529176818 0.6074806184987339 0.5511788893440648 0.4819992433868293 0.4082645309114093 0.3315846595463269 0.2530002256988332 0.17900557930544225 0.1114197026425729 0.05121500441594806 -0.0036098405511803267 -0.04973543110894749 -0.08153485987707124 -0.09836092775641017 -0.101770273649434 -0.09008982464660462 -0.05971899041892234 -0.011176276054614936 0.05101421053814223 0.12137664072021519 0.19536345435221947 0.26932112358752375 0.34119772263783577 0.4082375172367141 0.4672780739065555 0.5142408690554674
0.4890205465870997 0.4363689872225237 0.3804961993418566 0.33884487626594156 0.3227759793037015 0.3390227274908275 0.38989522661601006 0.4729331441324284 0.580229243191383 0.6789799774182629 0.726615745141544 0.7334528987876475 0.7276498075480777 0.7155194830945908 0.6993980727962643 0.6792520080055258 0.6494183047156546 0.6079173028878014 0.5532733775792917 0.4884585286481621 0.41787013913321147 0.3421334496518882 0.26180470178932574 0.18176695123580286 0.1085488047455335 0.04514767076481241 -0.01223234302006207 -0.05823656109002087 -0.08761849264242069 -0.10033177427024845 -0.09960578875239098 -0.08276758192419784 -0.04936240107810233 -0.00042821160517136914 0.061765005448725235 0.1315350973153489 0.20502575203553774 0.2800562449003743 0.3539372415153079 0.42388676141731463 0.486469869132225 0.5375346134442193
0.5708021713611262 0.49503145231239176 0.41967142599056456 0.3590845102906014 0.32143177126528916 0.31142464975865464 0.333961991903967 0.39001645074217783 0.4758053838200642 0.5624027178761295 0.6243023601240419 0.6586394517712227 0.6748928575313988 0.6785373228239036 0.6733715197965295 0.6611017813048737 0.637205115986981 0.5997142657872605 0.5497138051720942 0.4916537430741964 0.4257571421750026 0.3525169983499714 0.2725088695498142 0.18966301962982243 0.11261578777283283 0.04393175623764645 -0.020537701024994887 -0.06833049655489395 -0.09068653952824093 -0.09682071446416343 -0.09081747125369019 -0.06989927301641738 -0.034600580239983 0.014231927812560413 0.07521850636571736 0.14473283866577685 0.21878966072113443 0.29506845872731124 0.3709536178331996 0.4438506729822702 0.5099543631667597 0.5652875533549282
0.6381261931162907 0.5387599709630351 0.44629321702544894 0.36878328215971856 0.3097214862112297 0.2701210233386805 0.254475969672607 0.28229505710821773 0.3657389767249625 0.45576904912039795 0.5280868968660729 0.5793615684969307 0.6125413099246555 0.6301235160657006 0.6364848356585886 0.6332776183334891 0.6164392271692284 0.5844524360573604 0.5430883627782827 0.49350452076287865 0.4340707946233566 0.36523516272890544 0.2877650705518378 0.20528594186223084 0.12721481199595713 0.053816519330184276 -0.022323275334569098 -0.07927042868733916 -0.08492798990788705 -0.08289072292036972 -0.07310780050333857 -0.05038200878409557 -0.014907668375322175 0.032792500892797005 0.0917617555127557 0.16098632343263986 0.23568258531585587 0.312996132144363 0.3906792684980843 0.46632042330711015 0.5358737449099438 0.5957854870983501
0.6479715242237757 0.5499323456702975 0.45098650700940446 0.3637854339023232 0.29050794600761304 0.2302020813398467 0.18057242279966076 0.16787549629687692 0.2760218633556915 0.3704521011145499 0.44674208169839946 0.5061856706173089 0.5498180900251509 0.5777506769763473 0.5932883641310435 0.5984762183797686 0.5888723252768794 0.5666075803128825 0.5356602253328745 0.49573048870078906 0.4445362429991047 0.3819810728758653 0.3091680521886738 0.2301808357221746 0.15535886264875315 0.08268612184774626 0.008067974048855897 -0.04621853923163269 -0.055376597509600195 -0.054281398891291105 -0.04471505058722633 -0.023618843984440724 0.009790413381017105 0.055128911253053914 0.11218712572721563 0.1799669700996519 0.25469092659966924 0.3324700100097602 0.41140177907906417 0.4890926060848889 0.5617603571132549 0.6264489749002948
0.6201613293522735 0.5317315066978653 0.43666783090065286 0.3483782224762867 0.27163557814388795 0.20825633462550752 0.1648972376986673 0.16914500745643624 0.23360929743025435 0.312398407405069 0.38362865811199814 0.4433456413473225 0.49133235819306365 0.5255757672402113 0.547900396063801 0.5594659511891502 0.558672968667227 0.5486500736975402 0.5291751986770679 0.4996228130665158 0.45829610078214766 0.403554657585406 0.33693178651882894 0.26384510259273075 0.19554890345750375 0.12797428971183367 0.06444211374540654 0.01768271350526185 -0.005512403820470163 -0.013504261361397818 -0.008190697610447717 0.009575412211590556 0.039419063892678546 0.08184332029287886 0.1361105505039879 0.20122912343162724 0.27484735055891585 0.35216209714228475 0.43136396525710297 0.5097399579468896 0.5845047284917698 0.6534322401742205
0.5770724307513325 0.49459357373067137 0.4077920459026497 0.3256704521415514 0.2532986418806459 0.1968569884064247 0.166315768148587 0.17391612352726915 0.21515735598809038 0.2740027542691875 0.3348535747137918 0.39038439386031853 0.4381660426744967 0.47517826858806245 0.5018473724903462 0.5208201344778041 0.530963157176328 0.5323052135041956 0.5246409072602215 0.5065674921245021 0.4758905534090304 0.42991144753331034 0.36989273933546385 0.3037085410711508 0.24122040799842323 0.17869970601786989 0.12171615906639761 0.07701334239576121 0.047741293423168046 0.03213711715360568 0.03207087501104705 0.04633133715948706 0.07336255406723247 0.11224017743940286 0.16267685855570985 0.22422483475223057 0.29528055608369796 0.3709066227072849 0.44872052503432036 0.5258958716797721 0.6007071317873759 0.6716174046565889
0.5225381627213049 0.44517885632992826 0.3677015846103422 0.295195519091146 0.2315508239365514 0.18338585087203774 0.16073337771983187 0.1682414413186914 0.19829406717894515 0.2432409643589156 0.2938821133653337 0.3435142463989591 0.38908965124792605 0.42649423335005576 0.4589509783429758 0.486842634855003 0.5066052182522441 0.5188519988902441 0.5234196146723296 0.5180823702955393 0.49854241980327163 0.4606995321217334 0.40587234052522975 0.3460028500435104 0.2860922014626057 0.22709514681193083 0.17377043964124883 0.130154644267513 0.09826351703492936 0.07814194791490764 0.07352291251505538 0.08382283111423022 0.10745215980209796 0.14327638493715952 0.19042172582770686 0.24807736447310605 0.31531537173170354 0.3878517005020352 0.46204908581655235 0.5358142932561613 0.6076971608503393 0.676298105993325
0.45714682289566844 0.3863844658465316 0.3184538464347637 0.2562489653160562 0.2030230259422121 0.1628561157125657 0.14563641471734473 0.15291426884722142 0.17673689067102916 0.2126981554804665 0.25517099607551164 0.29914740571033255 0.342671613268092 0.3841290775102279 0.42309680635731917 0.45755243758462966 0.48528313391235334 0.5072343941329824 0.5238137665945163 0.533198285630522 0.5286102599895676 0.49635983166657116 0.4426686071165863 0.3851775056860577 0.3265054705921464 0.27028766178681196 0.21971256492656396 0.17730108596744532 0.1444321800155264 0.1215615492999655 0.11321985482372751 0.11970601520200755 0.13963844031187128 0.1718740011315475 0.21546073409838246 0.2695048405670428 0.33307238224049757 0.40138202456055294 0.4704255387618407 0.5387102365041255 0.6046365328111617 0.6662967830055239
0.3819212897745118 0.3194269067575527 0.26115024475798354 0.20921267626623707 0.16607186073803967 0.13441923378364445 0.12173744590523673 0.12901944237074775 0.1490265552568475 0.17909119871843016 0.216683240943249 0.25910070946763475 0.30424539980590193 0.34996921290762767 0.39359099492041005 0.4324237366553797 0.466102081312738 0.49543543197847373 0.5212115992906453 0.5439577340414965 0.5626401471672189 0.5306196603545777 0.4723587543626352 0.4146136742045581 0.3584628474120885 0.30557958466601653 0.25798125170187075 0.21734271327764526 0.18469437595408283 0.1604646701114809 0.1491870499465662 0.15224891559642323 0.1685111531246803 0.19691957601000415 0.23651608305522775 0.286359392460525 0.34517720827871484 0.4077604483019026 0.4705536453118193 0.5318655429579199 0.5897319078278246 0.6416269025664346
0.30299375105430726 0.24740174082593275 0.19790300895613314 0.155622293973752 0.12204077483187672 0.09891899650625469 0.09156640974177066 0.09987389136786778 0.1192821638386986 0.14835273460958232 0.18510368643036257 0.22752563825922903 0.2739885350648843 0.3232118878671071 0.3696826200902386 0.410940126785423 0.44805698894905677 0.48141947908304455 0.5113248165193504 0.5372829291334682 0.5533205110036603 0.5324934404486187 0.48307845559388607 0.4303259825021112 0.3790911351185289 0.33110929999409794 0.2874322114696794 0.2494543760772961 0.21810814084014152 0.19381856615518078 0.18026327105396645 0.18033499951312817 0.19310763319421048 0.21764891818222995 0.25303295577827334 0.2980495074428882 0.3507781509442004 0.4066483517505169 0.46211238946131894 0.5152940720403223 0.5639814503786394 0.6055494684244458
0.23014387458013097 0.18114487374645105 0.13964776060609427 0.10621997768089961 0.0816846641432693 0.06708720250386505 0.0660311209754357 0.07614989026423319 0.09623476329178982 0.1252409287741868 0.1617842106130734 0.2044149100670431 0.25186594504420545 0.3027652561691197 0.3509746914384761 0.3931841818793641 0.43156013834161505 0.4660784150994345 0.4960463367765765 0.519205210059916 0.5292447796170422 0.5131579897545728 0.4775106281158127 0.4342600567653583 0.3896266708881288 0.3467989644439552 0.30767814769319757 0.2732687734723946 0.24417612444530126 0.22097462278490804 0.20588310456905431 0.20336791832346957 0.21289322978230424 0.2336524039137165 0.26441957152118545 0.3035977650178481 0.3498531319270572 0.3983745695916637 0.44588024561298295 0.4904480832072421 0.5303667739139828 0.5641465357652883
0.16590261364371212 0.12416105187745069 0.09096236090801457 0.0664404170125695 0.050806770109856014 0.04459239148518926 0.04906559795797957 0.06082540215465326 0.08166545364385167 0.11089790089160163 0.14750060278296817 0.19038346525917926 0.23853361877329904 0.2883971926368172 0.3364230709865046 0.37953371182812334 0.4181139193629262 0.45226817542127673 0.4811698266639428 0.5018490487350346 0.5058522915836338 0.4914633142168269 0.4646556923196201 0.4302608150732691 0.39285126358078937 0.35562909251287356 0.32071150644989055 0.2895039223848328 0.26290947710424684 0.2414472391926554 0.2259220952723914 0.22116331732163652 0.22764860235850437 0.24417530359338882 0.26963964451069633 0.30294012749127985 0.3425727006952619 0.3836450058039269 0.42358705267476304 0.46064675808235334 0.4929620923342052 0.5210056915867431
0.10833234053065591 0.0788712686520455 0.05475192656124045 0.03923476952350166 0.03234188805341956 0.03432827427783344 0.04261614884872375 0.055873379026437464 0.07729521821177376 0.10674324664015294 0.14342311955845938 0.18647681681700104 0.2336954922375327 0.28093559719003525 0.3268154672129848 0.36986359482003717 0.40863398518342986 0.4427440962049366 0.46886834554469764 0.482503426652654 0.48169322844961016 0.4699939237240692 0.4491517338350772 0.4217851299077635 0.39096716047410884 0.3593419156401175 0.3289154979428436 0.3011321260705578 0.2769894788963463 0.2571349844748448 0.24191020870645402 0.234450291197557 0.2371676892296678 0.24925562780019223 0.26979086216262166 0.29778311156793197 0.33135453168304263 0.365563279504604 0.39840208799280646 0.42817181602120347 0.4546194715659015 0.477988557276679
