_RESULTS/CROSS_VALIDATION_POSTPROCESSED_CLR/MHZ/GZ/2comp/3/MHZ_GZ_z_180_kriged_reverse_2comp_spherical_3.asc
ncols 100
nrows 74
xllcorner 5.5967023332191781
yllcorner 50.982320383219182
cellsize 0.00019249356164376555
nodata_value 1.7014100000000001E+038
[rows 20 to 39 of 74, columns 0 to 43 of 100]
3.747833292639658 3.7988654831557356 3.896856880168881 4.026027969260077 4.178423036724882 4.344774029531299 4.511087583980926 4.661401802428095 4.7802325042241005 4.84749085571764 4.854343907267852 4.800938478056912 4.694527495391081 4.552507813497145 4.389551798728873 4.226143445155008 4.081005413531431 3.9721442347555542 3.908182727827965 3.90121330872837 3.938239885449078 3.998359711704107 4.075048627827998 4.164808182740158 4.245158237422622 4.285385955539622 4.282328596160584 4.24842121183152 4.190780855625239 4.116061872632991 4.03083048769199 3.9423873403248777 3.864656887691761 3.815878714034125 3.812028596419916 3.852630439377777 3.9320615159002923 4.0320480810478365 4.138904223915125 4.246812446205617 4.357985401745424 4.454155439483601 4.518205724442822 4.54508657224904
3.6831262784017262 3.7448397916309717 3.8582343793437217 4.010968848581207 4.198691361395241 4.409298608057294 4.622852167998029 4.815116301457461 4.955230795202901 5.028926002399804 5.029600505542912 4.957318409616173 4.8262571684277695 4.650614173990525 4.444809007454038 4.228220454288668 4.030079610628121 3.887743234895087 3.8182864792264652 3.8145314719261005 3.864050734690942 3.9390901914404135 4.030954594941112 4.135212162619569 4.241204780989215 4.31145773733611 4.336712127829663 4.318985764223301 4.274157836194154 4.213641199186422 4.1411552030367265 4.0715085421252795 4.0175204503908875 3.9874909105923195 3.9981881324490933 4.049100493680741 4.133566968290141 4.233518795977817 4.339662460465879 4.4396109710613185 4.523595809039805 4.5932932618636375 4.62951624167058 4.626777353991762
3.6278811701724307 3.6936815207762628 3.815936661613013 3.9909052070035154 4.220194504451516 4.486961185019384 4.757766278200717 4.988242687223086 5.1540148477675976 5.239162853465013 5.2352668304338374 5.1453235009664695 4.986417935641915 4.772241861060844 4.5192739072854335 4.246653613707968 3.9832097218450406 3.7960772201033235 3.7394717358910188 3.7543495510836262 3.818310263616337 3.910365077846755 4.01521101529076 4.124179287770347 4.237971744802549 4.335375532253965 4.387667843307907 4.395168910511644 4.360304901593659 4.300918468110549 4.2344509386480365 4.181114362919171 4.144902938656116 4.131200121153516 4.156280056510672 4.219542360133096 4.312198161632338 4.417235999653981 4.526890115797269 4.6325376458366865 4.715939715974642 4.76774358541632 4.781871579444459 4.754272444279543
3.587097810187565 3.6487065160424508 3.768230074265999 3.959131289500075 4.238709642452292 4.575736395253705 4.90369048527264 5.181958382278976 5.383181908469744 5.486411484847829 5.479336803453233 5.371149373231891 5.179236202047424 4.9227431424738395 4.622649127577216 4.297766872594482 3.963550879538224 3.6840555690376466 3.702664468485706 3.7469233545703307 3.827433225058808 3.934648298251931 4.046392029635059 4.159443088004211 4.273269088087439 4.380474162218434 4.4417518509372655 4.455914771584606 4.429325786726591 4.3703640954013885 4.312122362640672 4.270480953850846 4.247598776906161 4.2475934001067 4.286240409679166 4.3628159436398475 4.466627072035962 4.581746711032717 4.70080533071275 4.815605657306603 4.910298944383238 4.964356788611322 4.9651936901126374 4.909763762368335
3.571455198752199 3.623259761844218 3.72193064097568 3.907645301569032 4.255184231164987 4.673258336027694 5.068519031123496 5.40258479816173 5.647274883890007 5.775412365536778 5.768493679081218 5.636491079829036 5.402888599581317 5.099295976368862 4.756368364783982 4.400651884840812 4.068267930535418 3.8406730316832154 3.7946503586506393 3.8268806389358856 3.9039331382171762 4.007578358685607 4.12479224175304 4.241886779132725 4.355039490180595 4.461741617227602 4.524742441019601 4.534642175282542 4.500321332271531 4.436021011414867 4.371327931577516 4.334199002267047 4.321507508934755 4.334111417284451 4.387022549152768 4.47876961079893 4.5972859148405 4.727216266071225 4.86018844270487 4.9819636556816596 5.08128214951228 5.138718670763936 5.1443707216208026 5.08183178288191
3.5957031147999317 3.6471408204225155 3.7234660989522474 3.829281231775912 4.30011194680448 4.802140396413406 5.256247387390932 5.6445784302745095 5.940010245991907 6.102849222324215 6.09786246890183 5.931096214019813 5.641996385723541 5.283887754134897 4.902557050775251 4.545101877592006 4.2462834521890604 4.046927788137179 3.9659264278611213 3.968343878305655 4.025278427344651 4.1204354297010735 4.239523302598656 4.3634686575029065 4.478021680658951 4.578269176965301 4.635574122347915 4.632689816087308 4.582684757674942 4.510309041552724 4.436118498792257 4.379024023152216 4.361636047384318 4.385983799861869 4.454064510893403 4.562809838108724 4.69961991038248 4.845044785392544 4.985375025162356 5.113797386251088 5.221367413325026 5.287113364997671 5.297260138234474 5.241214183708983
3.6679170590289694 3.7455339392298295 3.865270188846756 4.071329366435993 4.488834529170861 4.983647820477994 5.459903273714567 5.890424814081328 6.244930248328937 6.463893494461977 6.463789991607099 6.233760316323906 5.863546566715657 5.44541812143774 5.046101736259317 4.6952807239215835 4.416796684346687 4.23100551863748 4.1436033557231715 4.125541549221068 4.169694015516548 4.261052779296177 4.382202711730237 4.516278472107327 4.637972892783796 4.729171039359592 4.770133087050121 4.743833647891052 4.670895386866266 4.584147036401296 4.498490621758431 4.4221377183333255 4.383670364909669 4.400373239704282 4.483031953697168 4.610530438419641 4.762667932234848 4.9166751287321855 5.067236159052889 5.207599641238785 5.328722757339632 5.408908563710812 5.428222111829589 5.374908095274265
3.7740674619377192 3.8923109944082572 4.080198171051726 4.356949019700182 4.734665354890835 5.181784789269527 5.646001219526858 6.097205949039708 6.512041411260613 6.834290134883329 6.8581352041294 6.496663494693019 6.023262077374142 5.563607317918952 5.151015658228374 4.8061146881046675 4.544649792958509 4.376634452507263 4.293147068321794 4.271827004320953 4.316943373592032 4.413466676977057 4.543956835723755 4.6914832155908694 4.829934556603583 4.911820154257837 4.919258402374705 4.857623788100813 4.755945053389603 4.648126132429208 4.545380629052771 4.453430716527636 4.391919699716409 4.394445085698208 4.472127875465941 4.611683526587548 4.772685612799792 4.937863899085065 5.1018747292274504 5.258523766430879 5.399034551574235 5.5013560165991695 5.537529172630712 5.487001497160352
3.8890829201028065 4.04274819509393 4.272897890791677 4.570931458939898 4.9282974356186005 5.33490120609871 5.766341208296611 6.202329620183727 6.6306415516709825 7.044662278981207 7.148788288827976 6.588183185697476 6.066194416658883 5.5950050735879895 5.185337271425869 4.852544859716857 4.610607719657374 4.466147162543379 4.398786678538674 4.393170110905255 4.453666130328437 4.564227295282885 4.707923700825176 4.872289364148585 5.044297975480343 5.111081002497554 5.059768064623285 4.958281543945357 4.826104272276101 4.692932412814253 4.568498580809098 4.459596765920365 4.377892483214225 4.367560345728409 4.432386813956487 4.557907686644964 4.728427273037644 4.906090289181393 5.0845941649186175 5.259262027205131 5.423385014733651 5.556597243695866 5.622761620645819 5.58061194225813
3.9932913189003454 4.1685036567862275 4.414190405616618 4.710967056727361 5.045385012969417 5.410204031218273 5.7907156799494475 6.168365012041482 6.5182898405187455 6.778574654936916 6.755788062425551 6.397341722646367 5.950609782918345 5.518548582663565 5.134981100740896 4.823218575762837 4.605397847938594 4.488816567123909 4.451953489994589 4.483481368136741 4.575722965663733 4.707668268653714 4.861987037339482 5.02427983154836 5.174471053480142 5.2207142221412886 5.151663297684766 5.023045975562281 4.862840772623612 4.701849916942974 4.5528657677258675 4.425595962540797 4.3317771167820975 4.311605619655202 4.3575545995666305 4.46450412520474 4.630556024549263 4.820085814590966 5.010908824576994 5.200386173144944 5.385762637277164 5.553870407716788 5.677154013237034 5.663632664959204
4.071629253772938 4.254306596108145 4.497686384814763 4.778798140371975 5.085418686211934 5.4037175193026945 5.721287454442865 6.017041203617533 6.255918636473154 6.374424977960653 6.306354175010414 6.062492820670258 5.719090982149737 5.352532209653154 5.008726673963352 4.72158335003413 4.527629960788673 4.443801583604189 4.455508360033297 4.546546279171364 4.688718172246106 4.850737866341322 5.010837317920653 5.150117116660476 5.24554404781785 5.267412359173161 5.199765406041496 5.048649435515076 4.855071505649913 4.659094066569727 4.4791997776286525 4.329912183472139 4.231258812265739 4.202492064115744 4.239859206119471 4.336606135433204 4.487542153989554 4.681385404770484 4.8789364095332175 5.074899254950141 5.270747727473884 5.459512700732688 5.635746599351469 5.68921966503969
4.095459402856919 4.273882888696355 4.50409502562539 4.761437390084119 5.039355624332737 5.316595470415505 5.576578469940911 5.7959592574963725 5.94194573423968 5.976833024030444 5.896827611595388 5.7096458652616695 5.4435268363186164 5.14059450071886 4.83737397158622 4.5681794460025085 4.383827198855535 4.335875830558862 4.425899700358049 4.602540311489669 4.807751931969052 5.001989999138204 5.164610753276957 5.283445238673143 5.344170019960868 5.339004920618248 5.245303850412579 5.061797815351279 4.825344868793401 4.5807188188157095 4.354457210745133 4.176492040213279 4.072541251889809 4.037423465249021 4.073121192565643 4.166914409012846 4.311346634327411 4.501024918617235 4.702559866933957 4.898501788807928 5.087595441949906 5.255382953948182 5.384943198971653 5.393666832546826
4.061591109455209 4.227129692190737 4.43771189567404 4.667524290101408 4.910476427214062 5.149625228063246 5.361615010607174 5.525838141282255 5.615326856149497 5.613066237438526 5.53261528594315 5.382567352209316 5.174056475815299 4.927900653977359 4.665594787945985 4.407877792566764 4.195041980558044 4.176616496638446 4.402689822003462 4.681892536575777 4.947422573854298 5.1755119044723825 5.347513824224225 5.452690062213644 5.4858829212073665 5.447331243899091 5.309999278483792 5.080327872510238 4.78960389960655 4.48328269368526 4.194801015381378 3.9804319308596403 3.870621308118546 3.842470013012422 3.8848769573361297 3.9794198146472084 4.122823172051537 4.311143208064714 4.524829105565677 4.718228417586006 4.8887475850281525 5.028822103056771 5.11529574800616 5.112257568959283
3.974999724744489 4.121846190336758 4.31062732793396 4.5125940982697195 4.7199546276534186 4.921953024788689 5.095968694289784 5.220785246828734 5.277193272806617 5.2730778449403175 5.211914478497409 5.095351524936452 4.9371531605736685 4.74855737602059 4.5411238148868485 4.3247806999204 4.106454145523086 4.110624170372274 4.473435539370961 4.819836349215512 5.1315671867464285 5.390688947939296 5.576394460735781 5.672394029019474 5.678551708516539 5.595414461134407 5.401456861328965 5.115502079942078 4.763664042703131 4.386917360359751 4.021666681093788 3.743617079041635 3.6447830356693443 3.645557880120901 3.707185335093971 3.816143221916483 3.965613944475962 4.151281082638292 4.366115118376945 4.560686365686128 4.720744963626094 4.8389479698915 4.900587805111814 4.888976470199743
3.8424511154952468 3.968226810115282 4.137869466478089 4.3156660310774315 4.492131895800027 4.6573384170994725 4.799169286830767 4.897124620665619 4.938443252359175 4.9464856778362805 4.916939570128693 4.847332221859278 4.742090322574535 4.616717027232123 4.484607132789066 4.363705865973902 4.297650135888478 4.396726646808243 4.685932119687934 5.032550812859362 5.367568390440458 5.6543309831593715 5.858339519578443 5.949387138124719 5.923996360573755 5.778794050716301 5.517453562762567 5.169970265055759 4.760701967414088 4.329707302947244 3.900975881573663 3.4808835644854237 3.469876959619535 3.5091007689983806 3.5882546720700366 3.7048288134443554 3.8552963615564066 4.035547289212379 4.2408809465159845 4.442833627232943 4.60516221946715 4.706134149370092 4.73980056963277 4.706081637204026
3.685964391233195 3.8067583360730874 3.96690478955448 4.126587233099629 4.277661540189111 4.41190061946916 4.520840947894065 4.5947986412799375 4.625983810687067 4.643277494013154 4.643246725432688 4.621952867745194 4.582324017269784 4.525262521307893 4.474921044042291 4.456405818578506 4.510599483564099 4.6715242826142 4.944618454985381 5.282874410024553 5.634438148388735 5.954732469928214 6.191381125515872 6.28456139253319 6.2112769241254435 5.98106999431376 5.642038068498106 5.233414959243179 4.785250068765816 4.3339705759547 3.9156876694832485 3.598061370526402 3.4763258661168353 3.4779548923366255 3.5448073100343547 3.655425421397639 3.8005023653382173 3.973411985706779 4.169816395600034 4.380339821255913 4.5392525257175445 4.622563075717792 4.628025370664196 4.567701662306311
3.5798068240554777 3.6798232008724616 3.8231840457966095 3.9650872197139364 4.094340627416449 4.203683612034476 4.285958384536404 4.335279747900643 4.359341055376549 4.389134873249553 4.415415995370507 4.431116849177786 4.441380989280639 4.45542842281133 4.478655452259173 4.5442734249279 4.6794870272772 4.888734985537625 5.173796703366248 5.51682662229209 5.888999517984967 6.256127382897279 6.558943506907277 6.673412987293235 6.508589805039087 6.1660015320383135 5.743616777699444 5.288915474028513 4.826089895448448 4.378499245673804 3.994014451083797 3.7241839679801876 3.5733947291977657 3.5354426183554875 3.5796063441912476 3.6778545585723537 3.8142076254283777 3.9779923745678705 4.171954216943511 4.372279848513843 4.517091550617105 4.588560538769001 4.57564874399064 4.4882904542609925
3.5122132461393285 3.5886634355226787 3.7111231934747164 3.8374594002781137 3.9498738657792707 4.040038002635009 4.100790685099187 4.129179764931645 4.1424042434523045 4.1803294795778445 4.233953199554949 4.287279927511998 4.336551596353015 4.394521013989166 4.476542670599757 4.608589865684275 4.797198448335655 5.042238354120603 5.340546871540802 5.687252616475052 6.070699570625429 6.4772061675613415 6.884563225261411 7.0873877622060055 6.728083420296045 6.268382957706674 5.793640353297365 5.319101414108181 4.857189338824988 4.426751484202709 4.080484589992228 3.840394664142308 3.6906395087757806 3.641568361422443 3.674296901913367 3.7653792522974596 3.897290472301662 4.058592042507568 4.2455634493473795 4.427756726118388 4.553588490187814 4.610542435883266 4.589988931702525 4.485666962367451
3.4649318581239665 3.524630634570178 3.6295101561998004 3.7469142721836266 3.8498654758817317 3.9279202166126157 3.9725424102368736 3.9806828288892704 3.9786210023672566 4.025949508607834 4.102307870280699 4.183445243556537 4.264534387132503 4.357221073064081 4.482764569954895 4.643851721699878 4.860568338822109 5.123459238839097 5.423520486494516 5.760106653118337 6.127267829250285 6.5151527681842785 6.897221961449748 7.050929781940896 6.6893738780722956 6.225671156549898 5.7522939618525255 5.288278447065243 4.8473935798956145 4.460356332162217 4.153005502553789 3.942234430449948 3.8126102731182656 3.774825877062693 3.8127966861852056 3.9079983408521666 4.044192003071382 4.205620782410509 4.381994031616254 4.5511915811228905 4.662732468640007 4.7048309762081315 4.6731963289376734 4.567980401221648
3.4408236728480794 3.487810917149683 3.579398295070342 3.6954374138537176 3.798566392273533 3.8744491816923174 3.9125303544742924 3.9052576029748716 3.866710689136347 3.9402327276013906 4.037054986464538 4.133378521788022 4.237529842578106 4.35725788262425 4.499584680341194 4.662943915124935 4.870709702905274 5.136056934894203 5.426180973607414 5.7376767774589625 6.062480041421865 6.378997187762129 6.612502718815564 6.645144047545767 6.414453267643102 6.036414219812979 5.61047199976646 5.181774880477473 4.7826842607003694 4.4529486298500425 4.200411986198267 4.027965477447033 3.9364839242198455 3.927064196698595 3.985816587831154 4.097792644332937 4.245085118717486 4.405099146774081 4.577823254064309 4.739738816194182 4.841697944069125 4.873870823864135 4.834139555659176 4.727385210998212
