_RESULTS/CROSS_VALIDATION_POSTPROCESSED_80-20/Berg/IZ/8comp/5/Berg_IZ_z_355_kriged_reverse_8comp_spherical_5.asc
ncols 100
nrows 90
xllcorner 5.6208707817415728
yllcorner 50.959635321741573
cellsize 0.00013419651685393446
nodata_value 1.7014100000000001E+038
[rows 0 to 18 of 90, columns 43 to 85 of 100]
0.3493862180118884 0.3234148919107541 0.30194701170837124 0.28491943807581577 0.2715287284440085 0.26092047879079555 0.2624800507032022 0.28260130840579356 0.30600410573003856 0.3331547799034668 0.3634697202473562 0.39644268345902817 0.4320208934970687 0.47000834450288237 0.5102879763619849 0.5527378908226103 0.5962569808770161 0.6349746928938207 0.6660232411057484 0.6872625666566222 0.7019029641975633 0.7141007546242998 0.7235538411042755 0.7299621228001745 0.7330346381403308 0.7336668548999805 0.7342721882489144 0.7348806771218473 0.7354244971919716 0.7358290569754511 0.7360146761371162 0.7360185326263812 0.7360185326263812 0.7360185326263812 0.7360185326263812 0.7360185326263812 0.7360185326263812 0.7360185326263812 0.7360185326263812 0.7360185326263812 0.7360185326263812 0.7360185326263812 0.7360185326263812
0.35717787595698314 0.3299462098520734 0.3081477848974062 0.29115608078175037 0.2786669481147886 0.2712573138492521 0.27399495085585057 0.2885240558001774 0.3087885112129399 0.332962490547985 0.3611622191570932 0.39336768312393455 0.42796029785385126 0.4647423366569461 0.5036230109843353 0.5444820785342326 0.5871552128624073 0.6276844290075854 0.6608097192687232 0.6843404778418863 0.6990484155786526 0.7110481123255662 0.7204011919890847 0.7268087528113418 0.7299772816811462 0.7308707965680967 0.7318242166941229 0.7328391820299381 0.7338401768887844 0.7347450116422272 0.7354668034041835 0.7359156682039689 0.7360185326263812 0.7360185326263812 0.7360185326263812 0.7360185326263812 0.7360185326263812 0.7360185326263812 0.7360185326263812 0.7360185326263812 0.7360185326263812 0.7360185326263812 0.7360185326263812
0.37104232982185686 0.3417328621886466 0.32053080603817996 0.30637207106666653 0.2973213791603975 0.2932162725995542 0.296343139441038 0.307015209795928 0.3233038424990048 0.34375146151991526 0.3678851781756027 0.3960457034887977 0.42874556027253763 0.4639824440081275 0.5011568163705459 0.5401383623250942 0.5807639685557385 0.62166583585233 0.656083682242887 0.6811052558337954 0.6960921202730492 0.7076430902359934 0.716666655946838 0.7228643717732784 0.7259391924977067 0.7270915010350101 0.7284178476200786 0.7298650254793599 0.7313483135456916 0.732776711817428 0.7340552408476174 0.7350868103761828 0.7357736681304698 0.7360185326263812 0.7360185326263812 0.7360185326263812 0.7360185326263812 0.7360185326263812 0.7360185326263812 0.7360185326263812 0.7360185326263812 0.7360185326263812 0.7360185326263812
0.3919537594908689 0.3584249006963683 0.3382186557350617 0.328765487699201 0.3252095860243798 0.3250492996861144 0.32826768049643723 0.3363152637807756 0.3488002157500336 0.3648780626197019 0.38430869305779175 0.40741552094698713 0.4349192092098185 0.46752693866303574 0.5026721523097517 0.5394701352986595 0.5777551469435536 0.6172166902351286 0.6521535476364242 0.6778380026757259 0.6929245989934139 0.7037642490186901 0.7122433825989033 0.7180634605429496 0.7209101789275137 0.7223981674485821 0.7241294213945296 0.7260406535843933 0.7280362913524415 0.7300151369898025 0.7318732368448524 0.7335058263850455 0.7348087396910851 0.7356793814396196 0.7360173445503971 0.7360185326263812 0.7360185326263812 0.7360185326263812 0.7360185326263812 0.7360185326263812 0.7360185326263812 0.7360185326263812 0.7360185326263812
0.4230273587936828 0.37964765440077136 0.36165035118487004 0.36073522366863187 0.3642689824785612 0.36828034534670273 0.3725267197408557 0.3776871573843492 0.38558207546164386 0.39641891294025045 0.4103393730463931 0.42772108508200246 0.4492140791064798 0.47575119234471197 0.5078749643408942 0.5421430457654265 0.5776404635917483 0.6141920488430581 0.6485169087659914 0.6738564126033446 0.6885087119430517 0.6983525810089832 0.7060800836056331 0.7113949551480409 0.7140577205801334 0.7161516350506701 0.7186095682828839 0.7212759682969356 0.7239754494690074 0.7265547044156715 0.7290180837780258 0.7312711239490549 0.7332034629381812 0.7347076494085247 0.7356795419739146 0.7360185326263812 0.7360185326263812 0.7360185326263812 0.7360185326263812 0.7360185326263812 0.7360185326263812 0.7360185326263812 0.7360185326263812
0.47345838818580244 0.4036483662553287 0.395483438503788 0.4101425995415356 0.4210272367174149 0.4277333789958899 0.4315294873915584 0.4335700236427248 0.43513711789867776 0.4391574661190275 0.44622753630738876 0.4568018598309775 0.47148390818181884 0.4910374118584048 0.5163802473638625 0.5471570933852471 0.5792813514763265 0.6123562904791546 0.6447224964536937 0.668889712557835 0.6825089460114216 0.6911439312168814 0.6979347444232683 0.7025866807720162 0.7051383655880449 0.707877603824963 0.7111339399570722 0.7147311298014019 0.7184732693890905 0.7221511585982829 0.725547594285417 0.7284855720579227 0.7310600620273489 0.7332035549734487 0.734809109278806 0.7357740755180172 0.7360185326263812 0.7360185326263812 0.7360185326263812 0.7360185326263812 0.7360185326263812 0.7360185326263812 0.7360185326263812
0.5781127488055429 0.49077518565828016 0.478514180995136 0.49287780595876046 0.5022831207892536 0.5066908069330629 0.5073305216638506 0.5047835489422395 0.4995173388242917 0.49417122308232614 0.49237665628602156 0.4945762095459272 0.5010724817086488 0.5124668183661952 0.5296616740129754 0.5538285082885546 0.5821965192345097 0.6114402338633935 0.6407860817581922 0.6629832107103402 0.6749124198033776 0.6821598895203919 0.6878631126219521 0.691727637640652 0.6943923811585627 0.6978204309329111 0.7019208478116584 0.7064931099420462 0.7113183271853699 0.7161663257444427 0.7208010966342445 0.7249850356733034 0.7284823352550167 0.7312708390918803 0.733506085920425 0.7350874545934494 0.7359161044031507 0.7360185326263812 0.7360185326263812 0.7360185326263812 0.7360185326263812 0.7360185326263812 0.7360185326263812
0.767551718687821 0.6832504987349654 0.6375334701530218 0.6218078525737591 0.614436788115657 0.6077018167786237 0.5993114082932035 0.588884173891594 0.5764100916188736 0.5619240850418925 0.5490032980461098 0.5404226733833508 0.5369681799681053 0.539100653578461 0.5474634744947857 0.5629509291391817 0.5859552168596439 0.6110364628398872 0.6366103518415698 0.6560762284375778 0.6657008795114913 0.6714180774512557 0.6759200941461194 0.6789424411002941 0.6820780598984668 0.6862444263189953 0.6912383663792351 0.6968307050453583 0.7027769756677165 0.7088249174585992 0.7147196014945557 0.7202071088337622 0.725037422621943 0.7289668586188358 0.7318727088907628 0.7340556194411246 0.7354675387401808 0.7360147922203184 0.7360185326263812 0.7360185326263812 0.7360185326263812 0.7360185326263812 0.7360185326263812
1.035657412391142 0.9249712456122713 0.8413587159982833 0.78919917533986 0.7552988303264949 0.7295071010731347 0.7064981746279617 0.6841788154811602 0.6615645763970461 0.6379268536339179 0.613805198839894 0.5935060114406552 0.5783538136609129 0.5700107731574208 0.5687671788919095 0.5751710038660192 0.5901053279989381 0.6107036953244338 0.6319970470043808 0.6480135029569158 0.6548562332651711 0.6589355978696154 0.66216218863323 0.664723209642345 0.66846570279835 0.673428852323928 0.679371423390426 0.6860303581234847 0.6931330837242881 0.7004047070246234 0.7075720452277104 0.7143661115534802 0.7205240575740416 0.7257910198585316 0.7299219045051524 0.732776020770262 0.7347454324944587 0.7358296228783459 0.7360185326263812 0.7360185326263812 0.7360185326263812 0.7360185326263812 0.7360185326263812
1.3426831559347234 1.1803744861503562 1.0589814488524019 0.9727891317723405 0.9106103396728137 0.8622247270382053 0.8215429174931936 0.7851663876678107 0.750855843247374 0.7166526044858209 0.6816473788509845 0.6500180450198554 0.6239679115724684 0.6040336304750088 0.592451830714859 0.5894132271153341 0.5953811929898272 0.6100591417154245 0.6267117858453486 0.638576210499855 0.642365178060921 0.6447317272820018 0.6466620536775086 0.6494145561983667 0.6538329989711514 0.6596642683943199 0.6666183541594927 0.6743925097460208 0.6826841184825222 0.6911961182113077 0.6996387770035173 0.7077302301870669 0.7151970003733568 0.7217749692111033 0.7272107863549333 0.7312633822475293 0.7338394348486803 0.7354248601535018 0.7360164585291956 0.7360185326263812 0.7360185326263812 0.7360185326263812 0.7360185326263812
1.5276638663907092 1.386903154522544 1.2550927447853144 1.1476191929984563 1.0621515967685682 0.9924675037442624 0.933913823547545 0.8828451060277288 0.8359299625278932 0.7911261335518073 0.7470759757865012 0.7050881595819052 0.6697561334976663 0.6403836603016656 0.6181243712830289 0.6054583413876924 0.6024878481478895 0.6096444580657991 0.6213746796353224 0.6283470690294725 0.6288787289591939 0.6292060508493338 0.6301588907060298 0.633285872275439 0.6384650129718559 0.6452531521410872 0.6532907811857052 0.6622301674218367 0.6717384469313701 0.6814986065660378 0.6912074495168079 0.7005734371070043 0.7093154405657709 0.7171626449118423 0.7238554645406599 0.7291470347032079 0.7328046479640756 0.7348800208573572 0.7359083960930106 0.7360185326263812 0.7360185326263812 0.7360185326263812 0.7360185326263812
1.6151442027416945 1.5255867416032898 1.4077659182105098 1.293482052569328 1.1927797504927709 1.1064571838174955 1.032749186181826 0.9682329988644562 0.9099663646204946 0.8560191305920001 0.8044768131304402 0.7544690036022329 0.7113014985238968 0.6751935363532465 0.6448887212845864 0.6224737161618575 0.6106431818912403 0.6094826189638636 0.6158909578382908 0.6174022282768062 0.6150202653709238 0.6133745860011728 0.6140415435824924 0.6173260559489732 0.6229422156474269 0.6305405895131901 0.6397184093264795 0.6498707000884881 0.6606146206263303 0.6716181527927482 0.6825694014315389 0.6931713260372208 0.7031387056179583 0.7121970077724338 0.7200827969665382 0.7265451850674516 0.7313475908390985 0.734269592886399 0.7356842571343251 0.7360185326263812 0.7360185326263812 0.7360032058107078 0.7358546449189141
1.6745042464018696 1.616195184752565 1.5127910579588641 1.397962969787734 1.2887759488295152 1.191727731778906 1.1073401923639425 1.033453096920002 0.9676239115824067 0.9073008527502775 0.8502950806621304 0.7948959937796288 0.7452025319630875 0.7036309952831397 0.6686598742501821 0.639268694193784 0.6188406844471515 0.6096290499396767 0.609767468483658 0.6057386187884307 0.6006666026549948 0.5979782491979054 0.5985510759024985 0.6021700834393678 0.6083523283835971 0.6165912956217674 0.6264683521748479 0.6376600263315045 0.6496418607713941 0.6618654073270899 0.674016406667518 0.6857971089983355 0.6969219607318491 0.7071157613340784 0.7161136961675335 0.7236627559511549 0.7295238324480311 0.7334735394182285 0.7354053473927191 0.7359923739576117 0.7357359209431162 0.7352732683066434 0.7346861146246099
1.7331345099497444 1.679321215485333 1.5732093261618236 1.453613717033644 1.340224836052286 1.23879520492571 1.1503526682614502 1.0729260839605734 1.0039529721834157 0.9408266348036086 0.881256560978667 0.8234000003136215 0.7693742717637506 0.7239363018882171 0.6855485071892456 0.6529347674705431 0.626150734784192 0.6094310189406861 0.602588059728259 0.5937150037891658 0.5865800227598142 0.583122221135355 0.5837517712830291 0.5879903769831901 0.5949870269640237 0.6040266150688673 0.6146171294711579 0.6264193351758717 0.6391839275548862 0.6525528361466298 0.6658368458243376 0.6787173335402001 0.6909117724653435 0.7021469753091818 0.7121589665701066 0.720694406665891 0.7275129904896268 0.7323898500624325 0.7349269895325852 0.735255455345465 0.7344818351239222 0.7335123594643941 0.7324654412233109
1.8112698954707116 1.7346310183955307 1.6054830164043286 1.4702096632597013 1.3472168632744554 1.2434095194698613 1.1573689849800082 1.082557094857123 1.0155997284019822 0.953905503079314 0.8952248923531717 0.8377540928247109 0.7823714251452004 0.7351018737553663 0.6948847859244467 0.6604157464976812 0.6307153548673697 0.6083810420704892 0.5942959701157617 0.5824090038433456 0.5732961180590778 0.5687963548291405 0.5698162412603324 0.5751430619031742 0.5832324544666245 0.5931864442831508 0.6045166220172656 0.616912550203664 0.6301476006148987 0.6440431340091103 0.6583100679915092 0.6721866390362138 0.6853412089390156 0.6975045023785725 0.7084150524620796 0.717820635955808 0.7254664392512553 0.7307817962773353 0.7334827273567674 0.733598164880076 0.7323097716137741 0.7308108999031591 0.7292806012614607
1.8973100382842043 1.7576056197542231 1.5959732000234765 1.448822846498025 1.323157280618489 1.2183490390657508 1.131911197214157 1.0615173823290303 1.001756156111534 0.9457938799012069 0.8915436363326492 0.8373832954442559 0.7835957634831285 0.7367656991620972 0.69651540841404 0.6616192711018244 0.6311409021458105 0.6054361433703586 0.5875260662130481 0.5732934610737866 0.5612898879969649 0.5550008433260294 0.5573315851743544 0.5643896943479847 0.5736943141605375 0.5845110007897566 0.5964902167548003 0.6093841221258675 0.6229946905667485 0.6371598446051722 0.6517453112163821 0.6664411818635371 0.6804242608914751 0.6933830919731254 0.7050596835796477 0.7151739045787914 0.7230569335633851 0.7284133898996401 0.7311363911704083 0.7311486416481643 0.7293172384235219 0.7272643478212121 0.7252242130798838
1.8865481944004971 1.6891691434252671 1.5216773727239614 1.3824307386143457 1.266491541754906 1.1694976302259419 1.0884082575964098 1.0208918867148544 0.9650203300053164 0.9177184435515551 0.8710093750857785 0.8228073927644455 0.7732547500555168 0.7291486509435657 0.6907274995899761 0.6569346886980291 0.6272933972480778 0.601858817056428 0.5836118139158012 0.5680449722444241 0.5529490152049672 0.5420309409107369 0.5485516166222539 0.5570822931306053 0.5671191661624444 0.5784586128155887 0.590851818072341 0.604064188378441 0.617898909443135 0.6321978137019321 0.6468338609329193 0.6617023687738331 0.6763497325479747 0.689953273236526 0.702228150255066 0.7124562047728635 0.7202587477796905 0.72550609693148 0.7281001302679153 0.7279735221810084 0.7256077319091909 0.7229740534291832 0.7203943852325346
1.6060958111762076 1.5009457692358734 1.3813566369925554 1.2742726221345457 1.1812207200246716 1.100376210006284 1.0303570209414057 0.9699578053130048 0.9181559852079014 0.8740709489068089 0.8358665118394892 0.7956594967040441 0.7524379728572496 0.7130689771034894 0.678361393196663 0.6479963095300245 0.6215360151715257 0.6000012385971276 0.5829075204018718 0.5680663059905009 0.5534907182403349 0.5449821231229081 0.5470733600804109 0.5542940075865693 0.5639918708313356 0.5753368296463999 0.5878315684749503 0.6011319781875658 0.6149980937474432 0.6292596954150831 0.6437910194034847 0.6584935976210188 0.6732750997351323 0.687355865304709 0.6996907902746332 0.7097174187384621 0.7172824570110318 0.7222633556292289 0.7245707146040516 0.7241482288802382 0.7212917486289055 0.7180484234418582 0.7148959155194791
1.3004388335753716 1.2672604042503148 1.2066586833131874 1.1414344607703175 1.077935181902794 1.017946119892436 0.9624545557938844 0.9118891413187638 0.8664140160906756 0.826012724777078 0.7905410212134909 0.7584652013465809 0.7233908295974055 0.6911538381165985 0.6625534275804065 0.637161193792708 0.6169748678558449 0.599991936520396 0.5854624635007419 0.5720030702136921 0.5590821574832489 0.5509190850370409 0.5501688200523122 0.5553361228060741 0.5641802516214336 0.5752047157101635 0.5875423304359618 0.6006982458640084 0.614381080119555 0.6284081934825194 0.6426552150132383 0.657029151576241 0.6714536511959668 0.6854733892262315 0.6974847872643558 0.7071475391530571 0.7143138623016277 0.7188676770334648 0.7207276905868291 0.7198481401249729 0.7164880535010307 0.7126044654965784 0.7088419646394508
