_RESULTS/CROSS_VALIDATION_POSTPROCESSED_80-20/Berg/IZ/8comp/5/Berg_IZ_z_180_kriged_reverse_8comp_spherical_5.asc
ncols 100
nrows 90
xllcorner 5.6208707817415728
yllcorner 50.959635321741573
cellsize 0.00013419651685393446
nodata_value 1.7014100000000001E+038
[rows 40 to 59 of 90, columns 44 to 87 of 100]
61.216893944909145 61.778192760726846 62.35798443140759 62.96386891282451 63.589629956113534 64.21632489639335 64.8171190471065 65.36649652026087 65.84647474637251 66.24343723012281 66.54409573438899 66.74167900912882 66.86722075138715 67.02989148434219 67.24729131238213 67.52253799317216 67.83580279673575 68.15442487622772 68.46569876179277 68.74295167146526 68.8931579396105 68.70007164733506 68.23341584960416 67.68575682066493 67.12158219667168 66.56787836135855 66.0443020088378 65.56370874903324 65.11366973581113 64.71363644333793 64.38650000053941 64.15159736823918 63.99919149291375 63.908778196496776 63.88268137383373 63.918248968280245 64.01344320059825 64.16747032804918 64.37981990386507 64.64936932841357 64.9425000492879 65.23328047355244 65.51552714882506 65.78835271944399
62.214775980083914 62.65575352943171 63.134916205817085 63.63969144047118 64.16270674538322 64.68208997728168 65.17645799406732 65.62671460772587 66.01673780569836 66.33261113541512 66.5561173346358 66.6810477339509 66.79103065062996 66.94430317026948 67.16018150521857 67.44033889307417 67.77333416280761 68.1339301447415 68.49895459549342 68.86364794991393 69.2228701527855 68.95299677682279 68.36851451044782 67.77378338291045 67.1784767759185 66.59658517300717 66.04653493999318 65.5259621614039 65.03018819272987 64.58353785204174 64.22307770826319 63.971776650065394 63.821922260794075 63.75537730675405 63.74272844475012 63.78241142156268 63.87478777568156 64.02025219224896 64.21936752996255 64.47212786658085 64.74697316682668 65.0172699262107 65.27757782869884 65.52182057133254
63.219849772500446 63.53753112382443 63.899426226043545 64.29813663340774 64.71491552825262 65.12828678968441 65.51975663380897 65.87216308738302 66.16882242163942 66.38519747183595 66.50718881356295 66.57567247110632 66.66561833315887 66.81760760093256 67.03153967573084 67.30478894235638 67.62924578301892 67.98549937209289 68.35069516749626 68.68497002012838 68.89652752239832 68.72614244305625 68.26111726293509 67.71689265510625 67.15224080594098 66.58960170704388 66.04009499902823 65.49223563092669 64.95690134249955 64.45998213188862 64.07859023652385 63.836039427180765 63.68287891020851 63.59988763011105 63.58757749123907 63.63497188702605 63.726450813275704 63.864685886666386 64.05137246041056 64.28736732561553 64.54085425234977 64.78717341775102 65.0217189897668 65.23765905540854
64.14518593908855 64.35288681193572 64.60912155556633 64.89906614006316 65.21615944215839 65.52854646714944 65.8189037027689 66.06320913772772 66.24466994275664 66.34473706570489 66.38150074221117 66.42100016732279 66.50797574742221 66.65401406475337 66.85755388386562 67.11468273985759 67.41633618493388 67.73854903834454 68.05923619363931 68.32152075583402 68.43701339657251 68.31967047890306 67.99055722677976 67.54359256045055 67.04569611618805 66.53465691428036 66.01565508326736 65.48046224336483 64.93201938075615 64.38317580910345 63.991933849292806 63.78802686560257 63.622933353435904 63.51222331891259 63.46407671755037 63.48706801032458 63.57711151397747 63.7082524494866 63.88274605978814 64.10173079168031 64.33117558858393 64.550877851786 64.75715231363523 64.94418361330804
64.95822320825752 65.07407277534641 65.23720143710237 65.42317820381585 65.63810243995287 65.85111285587556 66.02493670068513 66.14598761384205 66.20423667991884 66.20272394310152 66.19982990301472 66.23329984805667 66.31456322296795 66.45143196328866 66.64121530396113 66.8784037712924 67.15222177605625 67.43576652311152 67.70299965509857 67.91437402277131 67.99993782001917 67.9183311123778 67.67688913111566 67.32051411586097 66.89969079417541 66.44871730492774 65.97287484117703 65.48477324924072 64.99105540361101 64.50882547361066 64.12953527906386 63.868105785819736 63.656474820289844 63.500549074420455 63.40595197309706 63.38073296084076 63.43361423032974 63.558701685903095 63.72076530732447 63.92176732076683 64.12488351407511 64.31611689562034 64.4927302485107 64.65010055638857
65.62782099044594 65.67134293727305 65.75501779291977 65.84452384275282 65.95272672078863 66.04592284174187 66.09510854730624 66.09056307482936 66.048738572211 65.99767992877347 65.98397387048891 66.0115728930676 66.08616630702026 66.21363517314917 66.39040042640173 66.60975222136065 66.85971254972968 67.1127871983646 67.34390626162615 67.52374992463747 67.61032139488383 67.56428381963822 67.38733285513666 67.10402137627564 66.75043110333539 66.34769976966109 65.9257127748208 65.50497315816503 65.09246662290171 64.69832305150013 64.34207967739421 64.03563477907736 63.77075952080187 63.55826234223577 63.40889549257059 63.32933404891514 63.327947767093576 63.41305864881497 63.57031991417664 63.75401801774675 63.92893608506611 64.09053919539865 64.23699935892432 64.36492565745652
66.14346541156632 66.13097756381234 66.14582860382463 66.1444650153183 66.13019381478875 66.09410917395887 66.02019918151022 65.92816257656274 65.82703693460952 65.75848672439444 65.73539816370139 65.75744152300025 65.82665558130685 65.94717989036616 66.11525342700334 66.32369780180795 66.56001025861572 66.79744274764883 67.01358007726203 67.18486796674499 67.28633681212207 67.28039621908123 67.15816594584089 66.93281612661785 66.61722104296942 66.24926668864913 65.88134329610794 65.53853708039759 65.21094327872461 64.8874670444674 64.56689502115702 64.24653951146733 63.939065912498414 63.67030705253737 63.4627312930491 63.32557399495782 63.26735619840078 63.29651575827512 63.4205411888523 63.59242326723504 63.74625683750653 63.88141187978288 63.99841844172618 64.0978305436796
66.51158180820956 66.45425371943041 66.40689137388897 66.30457078080306 66.16561977784646 66.01673717916708 65.867379017739 65.70737910235171 65.57402794391732 65.49019621672085 65.45655415360123 65.47292867385102 65.53909486032983 65.65699275016405 65.82329167738588 66.0309710853214 66.26722480347217 66.50645695412042 66.7286931984291 66.91357780540876 67.0414222991985 67.0846894942313 67.01737510281762 66.82846227059568 66.52837014672045 66.16688393385068 65.84412316040836 65.59380969413976 65.35186640155291 65.0860252316776 64.79316366686446 64.47639887060608 64.14079248353359 63.82076538493596 63.555092099757736 63.35996778430187 63.24470902307806 63.21811447968185 63.28791408453689 63.42768392530276 63.56156601036008 63.67644643518966 63.77302221160769 63.85114191711793
66.74008764379978 66.6437630718686 66.52709829035922 66.34518776574158 66.12521089798747 65.89893030727805 65.67293720094614 65.45739167822224 65.30230250892795 65.20123374249225 65.15545522840853 65.16530378560346 65.23004845092775 65.34951298244064 65.52136209662515 65.73949687353465 65.99065112796197 66.2504357958731 66.50003490494903 66.71986017004645 66.89104734374483 66.9919060863664 66.97331100009144 66.81992410023273 66.53089152839287 66.12644904026502 65.82689074692435 65.70882825441264 65.53893898187495 65.30759613400055 65.02612603429844 64.70579031472128 64.35652590945084 63.995710339872744 63.674187458994815 63.42288268057153 63.25251659099583 63.17235879720218 63.1864330206892 63.26480493636709 63.37613338898556 63.47048126132291 63.54745918852704 63.607557735389705
66.85636584427829 66.74500536026329 66.58696296777313 66.35727522391947 66.06783198062405 65.76104341260461 65.45320399805014 65.20289467057493 65.02379832825774 64.9033072646892 64.84330134069063 64.84488959212011 64.90826447383932 65.03238309998085 65.21612521471033 65.45541895023577 65.73623444853276 66.03555606291872 66.33352625865629 66.60888636179992 66.83749664995361 66.99114201782656 67.030182407734 66.93179098466273 66.69150369591428 66.32509989820315 66.054534639855 65.95611885143556 65.79166369616345 65.5562485040605 65.26400690435533 64.9287022827658 64.56290225625597 64.17854676830399 63.810081373960614 63.50597932093992 63.28423397010201 63.15448423219713 63.10855648860911 63.122430329173405 63.194418016288935 63.26842484202122 63.32674872084727 63.37041563161109
66.96119242583416 66.83422388481624 66.6366660525239 66.35973671163656 66.009532093812 65.61969397948384 65.2416394999037 64.95834548399571 64.75319606009417 64.61109741571212 64.53435266131875 64.52489502779999 64.5844188345474 64.71359930826637 64.91260668245734 65.18112740203932 65.50487764424501 65.86243359890855 66.22809276332458 66.56798864976523 66.85590911114338 67.07110604368336 67.18027293508901 67.15324611134113 66.99539703207785 66.74832983268601 66.50978190246697 66.31188088493303 66.08985204416146 65.81657193276264 65.49481543195377 65.13498495883276 64.7489120690902 64.348560744728 63.95149259270334 63.60315226260836 63.33524907409852 63.15872385482052 63.049630852170445 63.003020218717374 63.0219197940368 63.07571413609359 63.11664821528077 63.14569244573168
67.03914713931644 66.90850326819674 66.68543152625602 66.3661543208314 65.9612700246206 65.49368816075275 65.06035371029955 64.74008036770874 64.50720174958136 64.34171908220121 64.24571129633695 64.22170307223303 64.27282530090463 64.40297821777679 64.61541469799789 64.91509533313639 65.29052397196074 65.7157296752721 66.15394641983065 66.56847646335171 66.93010575521957 67.21658293525378 67.39968280642161 67.44266001607863 67.3525915879423 67.16345337059259 66.92601953517661 66.66806118843687 66.38224832061746 66.058994806368 65.69950984494919 65.31145534149377 64.90493318950392 64.49084849615218 64.08044436192552 63.70798702930335 63.40359068651599 63.17431511247239 63.00682232728136 62.90497134687946 62.871972816678365 62.898429670710044 62.92351586054294 62.93991982645828
67.0789844229718 66.94549323786401 66.71164901887985 66.36806167569605 65.92031699537854 65.39915436191968 64.92323859262909 64.56496581358651 64.303371939001 64.113652208626 63.996550506958926 63.954607023908885 63.991161445696235 64.11134202035204 64.32253160867137 64.6343600293688 65.05442038111822 65.55909679273812 66.08832721152095 66.59248923597721 67.0391807658112 67.40400504513241 67.65888823292443 67.75861942588777 67.70612779236089 67.53065062787849 67.27329883316682 66.96667800031919 66.62546588937252 66.25470977696551 65.85911446985233 65.44558707291918 65.02272548654268 64.60005990554592 64.18756511164416 63.80363256264082 63.478985538765606 63.19913529514288 62.979507163040914 62.8285333917468 62.74964184528373 62.743345497320966 62.754343652613386 62.760195544588186
67.07435866015487 66.94090063407185 66.7089574557729 66.35217043857423 65.86004988793887 65.30344604087509 64.80901400393574 64.4190038000127 64.13221127605607 63.92037924796543 63.780765227375745 63.715799638456936 63.72908872802705 63.8263106599476 64.01668125100377 64.31275244300177 64.77015821807296 65.37857112601405 66.01182684889154 66.61349001857111 67.15359601218658 67.60406607319464 67.92966878376863 68.07116048254431 68.0267467095368 67.83217347044993 67.5368655440193 67.18235767925233 66.79385156147606 66.38402368660306 65.96022119168722 65.52897712839116 65.097540231578 64.67401168842095 64.26708179770974 63.88353636864499 63.53298477932974 63.22583191586334 62.969340344953885 62.77592378582773 62.65764799595105 62.61788970269559 62.616698036988424 62.61409237070913
67.01528168118321 66.8812980413083 66.65639867978724 66.31695947358507 65.76689219991287 65.19167242144026 64.69602343822116 64.29136882764509 63.979518188188436 63.74787451100988 63.58737703005137 63.50043828655076 63.490945821401354 63.56522096699321 63.73014467011158 63.992467064197314 64.44233183145867 65.17353325441127 65.89606533919327 66.59222751202066 67.23269459187837 67.78132414636988 68.18582468616601 68.35886249405559 68.29317128694757 68.0497403126556 67.7016939906933 67.30029682057645 66.87408891139177 66.43721655974628 65.99708573613896 65.55922027450575 65.12944963768696 64.71447394840388 64.32055999238665 63.93111816258765 63.56101998137551 63.2355452973665 62.96223584571757 62.74813913827031 62.60025944928213 62.531259946520144 62.518512491466346 62.509407769983426
66.89672722805348 66.75425439248218 66.51053951194807 66.13646614585426 65.6205134802787 65.05927576934418 64.57424877089018 64.17610844003316 63.852332961236094 63.6040073143632 63.425517483745196 63.319113721670696 63.28920048596126 63.343345780922235 63.49132475138922 63.766378170497575 64.24427497678322 64.92667163395693 65.69485872106405 66.47776698384493 67.22375370855508 67.88829937975191 68.3991553706714 68.60528927832458 68.47977906318572 68.15728093755787 67.75026750862546 67.31070660232884 66.8616034222023 66.4134909688325 65.97171476037038 65.54026749678381 65.12362068092204 64.72595511431334 64.33487317289904 63.94359807159833 63.56290107941993 63.22726660540726 62.9446984964336 62.7226236454289 62.56813805087575 62.48806344001676 62.46766277729243 62.45368846789789
66.72133342198138 66.56900387148491 66.31084999067059 65.93398744675345 65.44274921594604 64.90925049316698 64.44398618012494 64.05820165827846 63.74155494937367 63.49241904759175 63.29973847272177 63.17648606041498 63.12704371989495 63.154279471721374 63.270415664586 63.508338188312116 63.9218194870307 64.55124247699715 65.35750087456594 66.22562219927924 67.0688643210354 67.8492884151679 68.51496254606518 68.79358327306787 68.52968619923757 68.11330676099165 67.6648248624214 67.21036252589886 66.76044222562675 66.32034967087287 65.89319095337298 65.48177141766706 65.08658971184225 64.69575141517336 64.30917411483578 63.922914723708125 63.540719352266215 63.20264568482268 62.91808573955493 62.69486183755294 62.54048433692196 62.46214101976645 62.44923686611193 62.44453674938539
66.49671738179855 66.34082464131308 66.08254853281 65.71719709766823 65.25120219215366 64.7469282343463 64.30580694395084 63.936228426246785 63.6299646762201 63.39023216452975 63.20739223763325 63.07378739697247 63.00214231228307 62.99410449329407 63.053916109988485 63.19211237188526 63.449543840037656 63.99261142693684 64.87863629284358 65.83358982153275 66.73350600533942 67.56036748506085 68.29881209254881 68.67523933445922 68.29853570103252 67.8735896372508 67.4402262259187 67.00849510057363 66.58474492294313 66.1730955841499 65.77646894671545 65.38922099832921 65.00509963492217 64.62504953442136 64.25069289768432 63.874627600773394 63.4984138631136 63.164982235046466 62.8852122801145 62.66729782635005 62.51910216402186 62.448075554425145 62.444420582865234 62.44453674938539
66.23060612589957 66.07874068460872 65.8308181754726 65.48569359510789 65.04967128123953 64.5751326690596 64.16014916055526 63.80841834555443 63.51506537999994 63.284356434951725 63.11666556687741 62.99489947594545 62.913739652229715 62.8745667725477 62.880289820379396 62.91796927270149 62.953296803229634 63.248892791280674 64.37376557251953 65.37317528731958 66.25715056988521 67.02899100242567 67.62670302729138 67.88286550932352 67.75762164711102 67.45890393644304 67.10403852904861 66.73196663524841 66.35892801362758 65.98893163604778 65.61930346699653 65.2511087742975 64.88547577206637 64.52389911382652 64.16810660922235 63.80569682831108 63.441321052862584 63.11885906318996 62.85002786212907 62.64331665164404 62.50682518367873 62.44740076444874 62.44453674938539 62.44453674938539
65.92992207929463 65.78850203690415 65.55831247576933 65.23985673930545 64.83898028420799 64.39568400515486 64.00720422089154 63.673529076646915 63.3947783891631 63.175378549574454 63.015455585596136 62.90514836187946 62.831172967008776 62.7927142102603 62.78665882881885 62.80819322601708 62.874787508996974 63.22899720046923 64.06880704331347 64.95798887714061 65.75133083293959 66.42670911067383 66.9142407937866 67.14922532918312 67.14082686267268 66.96999727863074 66.71416402510482 66.41470984078603 66.09304663468062 65.76004460320283 65.42146653116745 65.08080472130258 64.74067916013503 64.40342026453936 64.06981384148824 63.723636016487696 63.37572951335888 63.06972034889525 62.81719148827639 62.626802977175245 62.50339899722606 62.44709599947272 62.44453674938539 62.44453674938539
