_RESULTS/CROSS_VALIDATION_POSTPROCESSED_80-20/Berg/IZ/8comp/5/Berg_IZ_z_1000_kriged_reverse_8comp_spherical_5.asc
ncols 100
nrows 90
xllcorner 5.6208707817415728
yllcorner 50.959635321741573
cellsize 0.00013419651685393446
nodata_value 1.7014100000000001E+038
[rows 18 to 35 of 90, columns 41 to 81 of 100]
0.3230238102745519 0.382668697217582 0.40161237043931347 0.37049140882543863 0.3083768476687883 0.24262759735430287 0.18742694998840417 0.13460502757284767 0.0913677010660428 0.05966950020299324 0.03816437364536709 0.024322560269996484 0.015701175132932687 0.010386129505625856 0.006992068904245239 0.004855762031292196 0.0035157733733111782 0.002678135765645874 0.0021707437687869587 0.0018629164306995856 0.001697163891662307 0.0016317225769902437 0.0015994078443157579 0.0014437720140138086 0.0011765770101875462 0.0009994752297480477 0.0009632146104543096 0.0010391539116718297 0.0012098718723166165 0.0014745773948083016 0.0018415028094459476 0.0023217429763619023 0.0029239396175623255 0.0036487397226687202 0.004482920439712004 0.005432206114708992 0.006612338448777523 0.00806074393429607 0.00979134004120864 0.011792302073207278 0.014011681524737996
0.3238317231090847 0.37112257430118945 0.37965862010107443 0.34632284548505754 0.28582144919333974 0.2199780907620326 0.16094908978959852 0.10847715805180895 0.06866752870317683 0.04163668835899586 0.02465217885006332 0.014511706583236157 0.008633372489308674 0.005266745757065463 0.0033168861170535854 0.0021458822182255557 0.0014341241370053796 0.0009965638077124015 0.0007171513513002531 0.0005253734119592481 0.00038892441096919375 0.0002862873057409158 0.00021046774805059558 0.00016375337646994993 0.00015051071800036768 0.0001722491427757581 0.00022731058066266342 0.00031899632744149535 0.0004571724779160418 0.0006567228384524159 0.0009363729282968052 0.001317101844162848 0.001819378478483188 0.002458766548369856 0.0032438670941988103 0.004229331408330276 0.005484930620284 0.007093884285855096 0.009111606070665194 0.011572514692376109 0.014468832025662789
0.3331256536385079 0.3607846761515556 0.3557457249577383 0.318283642898647 0.2591562303227545 0.19430695546101914 0.13434310988155398 0.08480433009808824 0.049940660106553514 0.028050078675842968 0.015348868402919684 0.00834190615300391 0.004579492582743338 0.0025756752231749953 0.0015047140044693087 0.0009125799466682993 0.0005691618424670816 0.0003646897353098715 0.00023480026169151317 0.00014963907390803165 9.235310225074752e-05 5.3587564997451684e-05 2.9534903121108234e-05 1.8109588077559155e-05 1.8726814081649558e-05 3.142929295577331e-05 5.8350140703214374e-05 0.00010623609705275303 0.00018541103111754904 0.00031041337373636255 0.0005003777687334742 0.0007787471265941069 0.0011716993968246788 0.0017046851094174198 0.0024172599547901802 0.003381725899135801 0.004660589819577218 0.006371780647111687 0.008626262144792937 0.011521781267093028 0.015121805837552151
0.34398183432695273 0.3502920400964393 0.3319319457749533 0.29196164951012316 0.2339969856393781 0.17042876812826757 0.11080604340451534 0.06517557708786055 0.0355494239268713 0.018443689831857953 0.009320697355591594 0.004684489657672035 0.002382498661689886 0.0012433907635280043 0.000675698822397351 0.00038767527607723413 0.00022987376912582793 0.0001375486664090656 8.183495350922396e-05 4.759878867610641e-05 2.623058472320507e-05 1.3151396126580382e-05 5.83012037081218e-06 2.3123091466174974e-06 2.790205852603479e-06 7.96597954313981e-06 1.978964595330677e-05 4.346136044684207e-05 8.760969837706426e-05 0.0001648029462753927 0.00029272818950912223 0.0004947907173947924 0.000799664205790104 0.0012404653130237038 0.001881301498985939 0.002801754904695904 0.004087198950503309 0.005875656377463357 0.008346346791559125 0.011677828335827724 0.0160354444545458
0.361768161763742 0.3407505454310882 0.31121600179457953 0.2725622564336729 0.21416068247982534 0.15098910839685273 0.09179382795144476 0.049914794175240154 0.025056049297849253 0.011964344883215988 0.005581959554400362 0.0026018387803038254 0.0012333919881383668 0.0006039262163234454 0.00031082437331983714 0.00016999488207711743 9.685940379709945e-05 5.564518346757174e-05 3.194571287579439e-05 1.8075485266771454e-05 9.782751582068852e-06 4.952737704424077e-06 2.359789836231963e-06 1.2198606430497145e-06 1.5057070472381735e-06 3.884367104773993e-06 1.0136640144956277e-05 2.3761023205378898e-05 5.100606798585692e-05 0.0001023087441354095 0.0001932388820807124 0.00034587839061667647 0.000589337653377829 0.0009645719763154517 0.001545920918804712 0.002426233720773779 0.0037210003338721894 0.0055890516085833186 0.008282844044821023 0.012080362156733866 0.017282344781300855
0.3991874784084773 0.35863121106531404 0.3145863282315292 0.26610751020801166 0.2014703413836498 0.13596718179622488 0.07729362300849633 0.03843495061216517 0.017609002118328575 0.007708637258031682 0.0033224621121651513 0.001444905407549129 0.0006460695398359154 0.0003015228500799557 0.00014934153639110584 7.839232407333257e-05 4.3440913866181924e-05 2.471975997822312e-05 1.4297367770601957e-05 8.346879104548683e-06 4.8218494670354425e-06 2.7825014163155165e-06 1.7032581118584923e-06 1.313917246961992e-06 1.6594399828771318e-06 3.2704158185598384e-06 7.5724513567436975e-06 1.7366559340709068e-05 3.714311436219571e-05 7.548510212337161e-05 0.00014617951492470896 0.00026972947296933223 0.000474786837574376 0.0008090091442083415 0.0013515024821711798 0.0022099459830564635 0.003529348059402576 0.005502639404405333 0.00845169194430194 0.012775431361744012 0.018926414487888194
0.4619094911009459 0.41063409126078815 0.3431273690672875 0.270238389711175 0.19447225853874964 0.1246425841275069 0.06651989510725986 0.029811628698372034 0.012358624114767729 0.00495658735247525 0.0019855737227701628 0.0008134739852765174 0.0003470186068085142 0.00015655460657611146 7.506610949650583e-05 3.8375573861124565e-05 2.1011690775754718e-05 1.2087666431488795e-05 7.194127252208406e-06 4.442400870188667e-06 2.8456548411647412e-06 1.9372255652959264e-06 1.4878845835475999e-06 1.4295577067050695e-06 1.8933433725838475e-06 3.348446152202074e-06 6.975163347678813e-06 1.5205448889970941e-05 3.2188104856818585e-05 6.490401206398917e-05 0.00012644734289568222 0.00023559671289277926 0.00042075549464452107 0.0007349996471206118 0.0012621537535109494 0.0021249989191908275 0.003498005262819776 0.005617820386123959 0.008878468513560459 0.013777079646081943 0.020289817914539442
0.5442746692614546 0.4661358863127642 0.36928037787291423 0.27397773384343743 0.18893461086803778 0.11642763436336377 0.05803380634104646 0.02320945271855838 0.008662180722953676 0.0031939540415441294 0.001197577830960581 0.0004667724935633176 0.00019183949522712894 8.403195895188545e-05 3.956360968635242e-05 1.9921782293677335e-05 1.0741242495851722e-05 6.232550247343888e-06 3.853637272464188e-06 2.568389940276554e-06 1.862447351037629e-06 1.4904447142214965e-06 1.3658747595697041e-06 1.5133652175251203e-06 2.111025772641683e-06 3.6111330891340575e-06 7.076758405679743e-06 1.4739836997524726e-05 3.066207550366931e-05 6.1019929406493904e-05 0.00011801661359509166 0.00022170014762412836 0.000401808688972432 0.0007119796777941386 0.0012439936022739728 0.002142346608331467 0.003616716524123082 0.005949800920685972 0.009572367644490699 0.014645868042197157 0.020724989153599493
0.6427016574738347 0.5191642644193477 0.3841942978713749 0.2664602243130603 0.17584491867245527 0.10999735414777351 0.04886769575585313 0.01760894994219657 0.00598249888368075 0.002053165535241082 0.0007281423874645803 0.0002711021253910368 0.00010789701985102271 4.642741520089199e-05 2.141907572127448e-05 1.0648027871071276e-05 5.7375219471873855e-06 3.3796869474126814e-06 2.1617413175725666e-06 1.5742491259913169e-06 1.3074512286263454e-06 1.2122915051935307e-06 1.275832647482475e-06 1.5702841971362205e-06 2.303891595050511e-06 3.9368275156047105e-06 7.453027576158319e-06 1.4810893207821638e-05 2.960256676607702e-05 5.74459626232711e-05 0.00010798241902409446 0.00020101297076451929 0.00036807684789186436 0.0006696440378626355 0.001199501083855366 0.0021058447599944523 0.0036528145654140835 0.006213394871791996 0.01002619264554505 0.015108685998257786 0.020137738859907755
0.755127701027275 0.5629482599444577 0.38078962356973006 0.2402654292597829 0.14338162914988553 0.07859510870201286 0.03426489609965607 0.012316638345619689 0.004023795885907141 0.0013034129608660609 0.00043875832367131797 0.0001574178759328393 6.1073146513105e-05 2.563387640892572e-05 1.1757909763640717e-05 5.915555124422111e-06 3.2664726585712806e-06 1.974922909504808e-06 1.2738613933211149e-06 1.0301345864060176e-06 9.882002122044962e-07 1.036271933852233e-06 1.2128671185105201e-06 1.6176557095961502e-06 2.4607646314660523e-06 4.132889016839096e-06 7.473997505989476e-06 1.4151310204952917e-05 2.7192422875142983e-05 5.150214398292817e-05 9.445799815392882e-05 0.00017311411056649128 0.00031777152385681584 0.0005886962979922761 0.0010878969046221214 0.0019798074865278684 0.0035143425005612766 0.005993090075121219 0.009580235193735707 0.01396865342274682 0.017848042039673433
0.8775380635797523 0.5899862002235416 0.3580579140912745 0.2016225592419236 0.10575883588046937 0.05044214251934991 0.021262036177986974 0.007878110395344789 0.0025938318713657513 0.0008100696548878396 0.0002618358628773553 9.045244914850368e-05 3.392375198101724e-05 1.4132236353257178e-05 6.603023189593447e-06 3.4586991242026435e-06 2.02028266296844e-06 1.3048084189111978e-06 9.314148422261169e-07 8.06117906653365e-07 8.261843070648188e-07 9.379710328012609e-07 1.1795593240915153e-06 1.6227060005770606e-06 2.4536554902969884e-06 4.01617404228722e-06 6.994960195578898e-06 1.2719893824260205e-05 2.359837411992743e-05 4.3618300435697684e-05 7.859100114035774e-05 0.00014138540446232976 0.00025881454098254344 0.0004851017271671887 0.0009187423794893405 0.0017334286758170635 0.003176794764168597 0.005339732005405661 0.00827441776171974 0.011425172623096171 0.013899618092711952
0.972220979409826 0.5780109125680698 0.3135835220478554 0.158362540213748 0.07445577862800526 0.032278559271000345 0.01287293613826665 0.0047782221226846805 0.001596456038442128 0.0005000956898420663 0.0001547114213212967 5.074610101209122e-05 1.8578104342757915e-05 7.826158714228984e-06 3.821395119363242e-06 2.1422091716219262e-06 1.353809266381271e-06 9.633184985311398e-07 7.752007919288783e-07 7.137212731709523e-07 7.549804554566768e-07 8.894187599888546e-07 1.1260452492124842e-06 1.5411661299252876e-06 2.293079086409681e-06 3.648635756024332e-06 6.135712293823822e-06 1.0757598020461609e-05 1.9321031704866133e-05 3.4863570716450764e-05 6.197065301336069e-05 0.00010942725221554608 0.00019912474088290246 0.00037591384966588736 0.0007260603615728297 0.0014121115273290216 0.0026102874515926337 0.004369957161971874 0.006389055091694073 0.00831647384198883 0.009580357826690585
0.954942616548155 0.5077888878601249 0.25228346159221726 0.11741736297132671 0.05107739516626222 0.020709348433561602 0.007859612572534121 0.002843056090558397 0.0009627868806085915 0.00030186657941430855 9.057891571598604e-05 2.816504143524731e-05 1.0095167823657363e-05 4.382178896571153e-06 2.298597137919407e-06 1.4061265686356616e-06 9.773705032771032e-07 7.672735725040703e-07 6.767505705257709e-07 6.635470785256319e-07 7.210806303285293e-07 8.384353245211538e-07 1.0445433690294503e-06 1.4027641030995163e-06 2.0338781194727774e-06 3.1313273746222113e-06 5.080239446339766e-06 8.597785397612819e-06 1.4970573208285329e-05 2.6369119712276233e-05 4.617722775980778e-05 8.03124859709545e-05 0.00014504043248854005 0.00027496089499916905 0.0005397043186242199 0.0010645570589617394 0.0019493799328330296 0.003144141472461969 0.004424183991033639 0.005423631129543402 0.005897908914655116
0.7496835836895676 0.38951055165515663 0.18660274994255235 0.08320515357829693 0.034621562634363064 0.013473927438426098 0.004936962324031508 0.001727675881977236 0.0005855558745215813 0.00018022535327533797 5.224100220961224e-05 1.5638957351192314e-05 5.478773314906586e-06 2.5052460402249583e-06 1.4551641855302437e-06 9.955800829572773e-07 7.674562694659392e-07 6.596338987995537e-07 6.261995338919665e-07 6.408622149965716e-07 6.88450043152522e-07 7.822332660864746e-07 9.484698541359069e-07 1.240292195547919e-06 1.7531727615870622e-06 2.631561622852723e-06 4.161973493234798e-06 6.861195628347042e-06 1.1633946027438617e-05 1.9992204386420295e-05 3.4287630727605776e-05 5.833502207676342e-05 0.00010319531749212377 0.00019350438575428826 0.0003810432796291027 0.0007365142617987358 0.0012891273572221027 0.001997107452894859 0.0027168472875303985 0.003193072506530789 0.003344557832639407
0.4923377629224444 0.2670950974232286 0.12934681391247846 0.057334592337459085 0.023542648199834842 0.009024555427676181 0.003257237949969532 0.0011228030060744928 0.0003682423340130285 0.00011182971294472359 3.107376156829794e-05 8.629104835724416e-06 2.9233339388760926e-06 1.4939491260694126e-06 1.017153758480983e-06 7.927755068719749e-07 6.740167027422616e-07 6.241260103361607e-07 6.21589885288423e-07 6.320474299608272e-07 6.626706404374165e-07 7.35462053671186e-07 8.791109023986431e-07 1.1373839344283897e-06 1.5757998232723892e-06 2.3102039981683963e-06 3.559985788018798e-06 5.709755805811685e-06 9.417299026797759e-06 1.576252303627498e-05 2.6410160571852353e-05 4.3948188479845216e-05 7.601466066151696e-05 0.000139657243183988 0.0002636018648237586 0.00047029758563966 0.000767495854778174 0.0011310413227457888 0.0014888560005353808 0.001706647719995605 0.0017939043862547082
0.30869895919052076 0.17384819816415412 0.0869810483424144 0.03932608624425135 0.016349746305426197 0.0063309221790098695 0.002311753366457258 0.0008010809442033065 0.00025666194523066635 7.685042865196978e-05 2.1087508709802608e-05 5.291730267261012e-06 1.4594543936936999e-06 1.0104734152707942e-06 8.663750421351446e-07 7.568023059204265e-07 6.872173924832411e-07 6.654157416960221e-07 6.573849957078736e-07 6.528532981999923e-07 6.768762343270055e-07 7.436576932744192e-07 8.752844051621853e-07 1.1096931512972016e-06 1.4962752022932369e-06 2.133410890602804e-06 3.1951978281284137e-06 4.977508340646075e-06 7.971788050090888e-06 1.2965575588238574e-05 2.1154613604054836e-05 3.4355386770964254e-05 5.732084347531059e-05 9.937306850444014e-05 0.00017484957062002018 0.0002885906777293933 0.00043712088742856275 0.000601197074697927 0.0007449076474632379 0.0008593649589659247 0.0009286343872024045
0.1928941149174621 0.11286668165518318 0.05871796741320395 0.027505848598479838 0.011831349383496597 0.004743614611600058 0.0017962641300024336 0.0006356877384861766 0.00020630298671353507 6.254413534558118e-05 1.811062896578273e-05 5.0092883719222595e-06 1.6092822831409524e-06 1.0955191798551993e-06 9.650799620703667e-07 8.799127146834234e-07 8.263675172674211e-07 7.991003118044987e-07 7.684101273277104e-07 7.529856120017033e-07 7.658097019191902e-07 8.211911124599173e-07 9.410971373471643e-07 1.155539607049758e-06 1.5072444034016179e-06 2.082985884229292e-06 3.0267452463591633e-06 4.573548211607596e-06 7.0986967359004486e-06 1.1151239455235593e-05 1.739000674007813e-05 2.6645825683735136e-05 4.1826452448487905e-05 6.800974048389906e-05 0.00011115253273771363 0.00017033359741854028 0.0002405000302290686 0.0003102979921515842 0.00037341372468550785 0.00043024385800972514 0.00047084956568526677
0.1189329411309959 0.07491006837372285 0.04085225547453764 0.02005286834383061 0.009050940163976553 0.003815555736395759 0.0015211894819500027 0.0005588687807710434 0.0001901366416807898 6.154061353779037e-05 1.9746501346586455e-05 6.809404603610234e-06 2.892197708359599e-06 1.7467882967537376e-06 1.3603551057526127e-06 1.185179948524529e-06 1.0994626830263068e-06 1.051973156284782e-06 1.0047950411264453e-06 9.674159452686286e-07 9.566255201754797e-07 9.90684462395423e-07 1.0930235002566642e-06 1.2848967373251462e-06 1.6118780518345518e-06 2.150094899822529e-06 3.0143053977319856e-06 4.369644191807964e-06 6.438683744830693e-06 9.495974525973409e-06 1.3836223082957502e-05 1.981751377449526e-05 2.922653604527871e-05 4.462284784556305e-05 6.772617379822349e-05 9.681735305698808e-05 0.00012839645344196174 0.00016125111831329756 0.0001954057282311855 0.0002260738837542982 0.0002472860787144553
