_RESULTS/CROSS_VALIDATION_POSTPROCESSED_80-20/Berg/IZ/8comp/5/Berg_IZ_z_125_kriged_reverse_8comp_spherical_5.asc
ncols 100
nrows 90
xllcorner 5.6208707817415728
yllcorner 50.959635321741573
cellsize 0.00013419651685393446
nodata_value 1.7014100000000001E+038
[rows 38 to 56 of 90, columns 43 to 85 of 100]
17.14652094788996 16.861792466730265 16.594457943281157 16.364391724313723 16.17636825926752 16.033190146377212 15.941394995774965 15.904747075748805 15.919672698392151 15.976160372534112 16.077547826025842 16.189673047225746 16.285114661153866 16.346789566631973 16.312727891969 16.148312312445114 15.860551941642271 15.471469751193684 14.995337708195125 14.494083357392661 14.000270329101086 13.531825960251767 13.101368421405017 12.710221784964034 12.352633537142209 12.024739975173903 11.728173471039192 11.47437025810806 11.28741908207861 11.181613166240437 11.16902034695839 11.261837944391036 11.431963477086335 11.645479693554456 11.872561299636473 12.093393855714375 12.289605111058885 12.445920692131976 12.550517558841861 12.594828189480364 12.573846267933437 12.49332672185266 12.355697332637744
16.437934618520508 16.217975771946406 16.0216217010749 15.869188025529663 15.761153606013128 15.700185162497515 15.691132437548493 15.721430209083298 15.791247813216492 15.892119215349435 15.996456281519364 16.096929149967227 16.179278288981912 16.22194090595504 16.140096771856076 15.901404282832235 15.527457825776997 15.05440090419615 14.536301830383449 14.008417192615402 13.490541130388278 13.006371514062067 12.576805264975594 12.196278274225108 11.845702177850095 11.516206013753411 11.209702209577108 10.935391061120361 10.709742180433482 10.565069116768626 10.531452625226107 10.62642257130323 10.825551605832256 11.094939473337789 11.394138845230206 11.690776997804173 11.962647260845813 12.192783643970037 12.368716828417424 12.48163163395732 12.525945869220106 12.506487501826824 12.426920872347608
15.758118739208204 15.607961340137134 15.478635557623743 15.39625243494012 15.362702413366828 15.376342838983609 15.420864229647899 15.48752105463001 15.566809236128298 15.6559065440518 15.750718021220067 15.840254950974684 15.913387741866265 15.932218940774028 15.80795456067243 15.532247470626364 15.106107154701382 14.598496700540819 14.070181869962594 13.531368938128278 12.994827419638536 12.489888379698517 12.073304854851322 11.720518883966264 11.383628547590014 11.054316221715402 10.73720528441709 10.443095332342596 10.189111852892703 9.999133629911604 9.923708206827882 10.01269806418373 10.250801662915011 10.583246398760489 10.962228800378398 11.3397720842383 11.688923907622645 11.992612244214051 12.238852281246292 12.41930877877308 12.528590315269808 12.571061453599535 12.551648473413913
15.121244022136496 15.036833572157137 14.981407682322095 14.963038447129817 14.982525948903296 15.014058373416663 15.057521126860463 15.114602209746236 15.18500621464998 15.266734930546336 15.355045788885432 15.436109156470495 15.503814131084045 15.489892108144712 15.333787024337056 15.04234528208557 14.650308955694513 14.17620561667241 13.652750129793557 13.116280059908824 12.573797346000278 12.031023521734973 11.647177915532858 11.328646287025327 11.002174778611705 10.672548336507532 10.345670187510809 10.030063994850611 9.738422991574232 9.498109294122902 9.37040940005377 9.447097183996473 9.737730186612898 10.144394736665161 10.600306389410564 11.05821636313706 11.481856067664037 11.855150400489944 12.167742385765862 12.412310373292323 12.584032107741358 12.687382752258342 12.728125978285613
14.484262711002199 14.453320072912815 14.449751083536583 14.471741849010886 14.490271345563869 14.514697620040215 14.551197967987802 14.601929368793453 14.667040318023735 14.745251821346312 14.829597313844362 14.90793884309477 14.959330960624232 14.918199786922678 14.764473884645806 14.519776359500622 14.186756589893907 13.772519678185379 13.29600297379924 12.783207169519592 12.272283802017292 11.78870871773198 11.393037179447617 11.055708407718571 10.725159415550605 10.392402071083499 10.058462023131687 9.726579724157583 9.399036049714981 9.091547230093294 8.870680990767704 8.943953899994888 9.341024034457078 9.838553346216576 10.355353988227376 10.867157511332422 11.354397151214854 11.788746488398496 12.160444790489883 12.463152297283996 12.69255042280004 12.853631530676163 12.95223312818052
13.763125482384691 13.781728476031185 13.821704224566393 13.856580779313365 13.879267953710924 13.897087294867521 13.927810154290496 13.974233197305471 14.037802064934155 14.117154195358832 14.199633816052593 14.26692235621068 14.302023829410343 14.28406801857928 14.181669377163516 13.995605775425284 13.727384775316814 13.381948927960602 12.978056488534204 12.5237528368565 12.060227992573521 11.6262600288981 11.239032307857764 10.88930813931858 10.554918906824355 10.224251865062834 9.894263035621066 9.5623620879743 9.225756713984321 8.883172793607272 8.532908119209777 8.60117457311771 9.166500245923444 9.726294338612561 10.275386286899405 10.808078594354384 11.319099275783483 11.79848040076859 12.219144132627013 12.571786184907777 12.852175529011776 13.065895298740838 13.217935506672518
12.998486206241225 13.057149231204034 13.111540549849915 13.14614472057757 13.171354372325961 13.188107447200965 13.213523058394095 13.258978373164457 13.32420081466391 13.40495667539411 13.484904509144572 13.555203387228723 13.625752331057154 13.653700074120275 13.604881043239333 13.479909457572667 13.280037364362215 13.008951706894505 12.684252559635894 12.313012465293285 11.906496990413643 11.514227644384412 11.15032354277891 10.810472177016791 10.48518045201521 10.168147836437011 9.857341822297913 9.551210489900102 9.252690082074725 8.972852193256147 8.770237429141591 8.877561838462924 9.321340589329084 9.842694568560105 10.37436361650736 10.898916426739731 11.40657289251204 11.890931238018581 12.342048290710576 12.734945724661785 13.058370185040793 13.318127035238088 13.517510880813028
12.247247883967045 12.30922631476206 12.348142961578613 12.371633189476345 12.393149364703593 12.412797040840289 12.439829520391065 12.49255601719852 12.573400959692677 12.668745882141444 12.760555244095361 12.860471534724912 12.965336842649567 13.038992147278378 13.04364088905429 12.980156740319075 12.849896874939315 12.65588181116577 12.414012111364519 12.128935479022523 11.802162574158057 11.455646196523253 11.126470417679197 10.81246662863021 10.509876130716721 10.218018707939489 9.938853010706898 9.680266864469516 9.453523066695348 9.28134740464604 9.221018506544935 9.359660272979593 9.703683304357634 10.156597984342403 10.637694228834075 11.130557854268966 11.617591655645597 12.08853498100551 12.536618930053484 12.948734699946973 13.30377510398957 13.602043327399596 13.841561939763036
11.602569582715931 11.614397276132 11.61439706026367 11.613340994856152 11.625888699122404 11.65240206681833 11.694558808334522 11.763119142367474 11.853757716718325 11.955025563191558 12.07022416278006 12.197651499496793 12.332797599189105 12.449603470616367 12.505695506414217 12.50200410976845 12.440575695567702 12.32453000678569 12.168067591690953 11.972421148771925 11.734547168931622 11.45388386705448 11.170508059356068 10.89489987236256 10.625533409642445 10.364087706301877 10.122768415205243 9.921701047900195 9.776933657482276 9.703674843155802 9.732136307295233 9.896794852120374 10.19954393493342 10.600146410011916 11.032194573619867 11.482429594926986 11.937532272700327 12.38466663385767 12.81528522104547 13.223406541281403 13.592088168536304 13.911645449416143 14.179463808272743
11.05592433372216 11.00159374377603 10.952912066398936 10.920210756413502 10.91991985341119 10.950478465703924 11.003261693079542 11.073451106672897 11.168085619256706 11.287334643077445 11.4264448458699 11.578653444082168 11.73958024993972 11.894084794155358 11.99760113378944 12.049858420385382 12.05458991728579 12.01632340751229 11.947787371152966 11.84622389596103 11.70387740634167 11.511697262297755 11.286498521977272 11.061025088108273 10.831485503419364 10.601778808138764 10.392968460952122 10.249222183602223 10.190075017177637 10.202926903794797 10.295278444878289 10.48266709216936 10.766055151472505 11.125859552914337 11.523337193109215 11.92934196854555 12.347092157706339 12.763548715554624 13.169386127206067 13.557882720165235 13.92815972793717 14.258870947323086 14.540270768020495
10.58471116050979 10.465037454893315 10.363585463072468 10.295510119419324 10.273440254185143 10.294694892471586 10.349153437138465 10.426702826676582 10.534956868361839 10.678176911907231 10.840769234624116 11.015054027205707 11.196789941926703 11.380422714064705 11.525194292127004 11.62714450845379 11.693307557337725 11.731843052594778 11.754145214790093 11.753037631249432 11.715233947895237 11.625611839910535 11.479158708431134 11.314851470998455 11.13548229159409 10.941670812604912 10.74593722174714 10.650166010032518 10.69164497451185 10.777733453277314 10.916135556557373 11.119478638126502 11.389862486915824 11.71643844320325 12.07851713361103 12.4461430817915 12.824879197159769 13.206693163547879 13.582492290149437 13.946227046143871 14.301399307555432 14.63608859544915 14.924073873109739
10.1848065278906 9.997127921009383 9.833469671900605 9.717444796160446 9.665025336642813 9.67753769281628 9.740069779602065 9.83439867996406 9.968778631144703 10.138737812787015 10.324920150487824 10.518705716696292 10.715958145177213 10.916920966493503 11.094412172004404 11.236789158371304 11.356933825892568 11.470429278132652 11.587279167033577 11.695262899523302 11.773581121854127 11.7986721665709 11.750427633304628 11.661954258843645 11.549744170707305 11.414657495843903 11.269792057596446 11.223116056423631 11.313635681540026 11.438533293945275 11.600661711959118 11.808543936036427 12.063718549456395 12.359001100615398 12.680119463143532 13.008833955471319 13.348695816828856 13.693857968150269 14.03607450667875 14.372480842084565 14.70554339045993 15.030970489316363 15.319044045385047
9.83524258609661 9.576532664216527 9.34573211797457 9.177674876027899 9.095745037329138 9.105068375466427 9.18627426661738 9.312022040744155 9.480894579824076 9.681093656924952 9.891296916159858 10.1022269015164 10.309741664032122 10.51517276899982 10.712574199766186 10.88214556745772 11.044800905019601 11.229929190383999 11.446708697648091 11.675685319150766 11.88289842409477 12.034455449965686 12.103110916205646 12.105461950223127 12.076534864775478 12.023331724734557 11.972396175714444 11.97672287128476 12.05622499121181 12.183476983055387 12.346856704252877 12.54606739471755 12.779746403831455 13.041528464431899 13.319960785631915 13.59950496213693 13.895801520426584 14.203547896932442 14.510616605718146 14.818691320372793 15.126093214045541 15.43001598821109 15.712045957760202
9.542580162200345 9.211678553511518 8.908732907140685 8.680181781628622 8.56781970677931 8.58502881779205 8.700887000167262 8.874444534025743 9.085364332928966 9.318810639786308 9.55319855818385 9.779236344014409 9.992572912080524 10.1942028800573 10.390739434649653 10.56921863859102 10.756830461032205 11.006261187868795 11.331035739570222 11.696573410757301 12.048959906654726 12.341075105570349 12.53893479900991 12.644594613263274 12.70586944396419 12.73419506666017 12.75319746837238 12.7940339989176 12.874307733562738 12.992174236207118 13.142272201691235 13.32161221846057 13.526659007552746 13.750842230886203 13.983994690023419 14.212980450242732 14.447448944679536 14.713290356707764 14.987291544072237 15.265707904102277 15.544980877938782 15.822197629919692 16.08884571061496
9.330132914469173 8.926457500423881 8.540146884367577 8.229614872584714 8.079935341205829 8.129325998211147 8.306098218551366 8.542693603714856 8.800078222523275 9.066936905325733 9.324408990304853 9.563966997211475 9.780799490638108 9.973776900120974 10.148440086493816 10.31131695512166 10.491711328282939 10.789588888679116 11.242409114390783 11.772276824128982 12.287966818291569 12.730763572642026 13.063316427233582 13.278040319670914 13.427442345708505 13.525486459516298 13.593282398764783 13.657018079996163 13.736376517795046 13.839667526002033 13.967941826469355 14.119232459030954 14.289390373007436 14.47163607812017 14.65640885371132 14.831771177792819 15.00334369052007 15.207886011011004 15.445285275622373 15.693594640528946 15.943299739311223 16.19150430697965 16.434401772631695
9.22647838774803 8.760363977412165 8.286792226639845 7.853599569472788 7.63062381673274 7.770352823527286 8.043137445623024 8.34352460944665 8.642304323560742 8.937142936017233 9.214380608145136 9.466189073282463 9.687245452489998 9.87342290670568 10.023309307425828 10.14386424635487 10.263422013858078 10.573864528972422 11.214413579446536 11.941866782854275 12.626689025540989 13.218427520064763 13.682996970455704 14.00521515169802 14.234719077099015 14.385430067979584 14.480593672926053 14.550479110867787 14.619620709657315 14.701825344579273 14.801962732745825 14.919355128690912 15.04982888172367 15.186489903429148 15.320085348237281 15.439428439238695 15.54906708120323 15.695103531871723 15.875077893848028 16.082145441071933 16.301776049348028 16.519672215452324 16.733224288617436
9.259166163452846 8.761721577522025 8.239063109003476 7.700303733722189 7.276321569336827 7.640637086786817 7.981650914839005 8.311836222594838 8.628359083307267 8.937653938182216 9.228438721552203 9.491790748441248 9.722218735610197 9.91409220019704 10.061632904222675 10.16298181422807 10.215790596244513 10.438461032474034 11.380303842301167 12.274586320239766 13.094676369822974 13.813102363032872 14.398013611482543 14.822773037362666 15.121307499009372 15.301009047281926 15.396690057208879 15.452400399414376 15.49919660537123 15.553282231282035 15.620445144223064 15.700102960622983 15.787791183766819 15.876408045389015 15.956840227879784 16.018744815281007 16.07208441867952 16.16244509520307 16.285727645626622 16.43550633986457 16.605377790111852 16.788567851498396 16.970502372542903
9.442634376515072 8.957241603835682 8.464179863517945 8.012574505519062 7.7744858559892105 7.901027271457524 8.167593663479572 8.466663810593774 8.76773521088893 9.072241821341537 9.368948756650063 9.643268369352755 9.890041325707163 10.105382018999618 10.288977720300437 10.457129089688246 10.658537307294342 11.095845725016854 11.901736706584026 12.812753660634572 13.69551701177206 14.500193108456122 15.18770093315073 15.716493300483034 16.07590777561853 16.247530282140552 16.30835412115584 16.329469254484252 16.344179926990147 16.365778639961523 16.397774475723576 16.43824900586611 16.48198078168886 16.52154446189627 16.548285047783803 16.557368923833206 16.557808409564668 16.59542088775164 16.664481668265385 16.758988569775628 16.87294114717077 17.000368157307445 17.13534214736224
9.76969021819997 9.327004600030735 8.903130030334669 8.556417972185999 8.374837126196716 8.396795507669871 8.557816529822333 8.791398649999808 9.0541368949139 9.337702078326918 9.630093749696947 9.914345125956846 10.182560582328716 10.434395199884362 10.68320328836149 10.957236517762004 11.315882125456712 11.860540345047962 12.621973676101994 13.494011764883176 14.380982320853358 15.225151646330099 15.987439122704824 16.63857252036443 17.07588311207526 17.16406870655735 17.156268867536166 17.13533038420753 17.118062523301752 17.10901970210959 17.107689317791472 17.110338800186238 17.11097596195473 17.102905069486447 17.082266584633334 17.0409728540287 16.991835421164637 16.980261002017954 16.998299808282663 17.040281834378906 17.100664579043755 17.17389073869486 17.254396873523156
