_RESULTS/CROSS_VALIDATION_POSTPROCESSED_80-20/Berg/IZ/8comp/5/Berg_IZ_z_250_kriged_reverse_8comp_spherical_5.asc
ncols 100
nrows 90
xllcorner 5.6208707817415728
yllcorner 50.959635321741573
cellsize 0.00013419651685393446
nodata_value 1.7014100000000001E+038
[rows 19 to 37 of 90, columns 44 to 87 of 100]
13.65894485531754 13.804097944517657 14.113463386544792 14.482425445455908 14.853194872202922 15.194026136229294 15.495802067141268 15.764158591728576 16.012900368956153 16.259528694355375 16.522741927757753 16.793868096402868 16.974036159581843 17.056148291969944 17.02512280681032 16.87340405349507 16.629884031025043 16.309200617139584 16.04618191573927 15.90965992917199 15.909061379992604 15.994000601301316 16.148952441694348 16.35219941719737 16.582294241875317 16.82517861639554 17.071674313682802 17.31535670230921 17.55132151923033 17.775528225870612 17.98445221231708 18.17526598343731 18.349759560268552 18.508721442156588 18.651879762820908 18.7765203246334 18.879854115116313 18.959035449321668 19.01114484641413 19.042920124365647 19.075024549568333 19.10577557306133 19.134085153150444 19.158893523286142
12.435432468635197 12.870300141487903 13.430530957654769 13.994429750054794 14.503333156778723 14.937220668904555 15.300316669122083 15.610013747485866 15.889076833526644 16.161243585103342 16.449369890176765 16.7473480262432 16.973219264642204 17.085365119293726 17.07362153140911 16.968052542688927 16.777596380792566 16.50424785404925 16.261661566092187 16.14482241574664 16.16275261790618 16.254122686542644 16.38504778456477 16.552692545954617 16.751482737251234 16.96853513520789 17.19397822263263 17.420373642082602 17.641927910109597 17.853911652397368 18.052287098729312 18.23605450698145 18.40625762520354 18.56035701555349 18.699024528988094 18.819919795136755 18.920081701999898 18.99650117205141 19.046100549099343 19.080809753499437 19.11732854290604 19.152330170049893 19.18462366160461 19.213957531110747
11.422175233419521 12.202050315970284 13.020096865053974 13.762892920939397 14.382977215649895 14.87962535466451 15.27543632656558 15.602259762760024 15.892641094363375 16.176298854257745 16.479570800694056 16.778795786357044 17.001353589022592 17.113826384809418 17.131704496613338 17.066344997157287 16.92179179938583 16.68853728919329 16.461932600497097 16.359370699350062 16.388707713058523 16.492457946817492 16.617599892342152 16.767319922883257 16.939428565343047 17.132197983163806 17.336234542854317 17.54394868723731 17.749173858378484 17.946779487797755 18.132715911217293 18.308360849903412 18.47188622404555 18.619798219948716 18.75190772983685 18.86707044827036 18.962159828729682 19.034008096924815 19.07979954169593 19.118639651301624 19.159679760248473 19.201943525980123 19.24443059474516 19.284492923756112
10.846682799863833 11.970951224288138 12.999941649699945 13.866969958383258 14.542393972133896 15.050204450170634 15.43602084306303 15.747435907183615 16.02569592379752 16.304532447046103 16.5970276310679 16.846760499656302 17.028302564953577 17.15012507339357 17.19377056631231 17.160809254966438 17.05329038569116 16.84720579864014 16.6342713409097 16.541316655942143 16.57021068993624 16.687712248685504 16.82400749883494 16.976371148461133 17.135326588246475 17.30710783604523 17.49104178382552 17.680081375162956 17.86817877536217 18.050125737467333 18.223196450828777 18.388849153900797 18.543660599448327 18.683909107319288 18.80770425208083 18.915292905341957 19.003508348957457 19.06903886826701 19.11200558228763 19.15770015977821 19.21091698413571 19.266418681617793 19.321307471472593 19.3726773125451
11.102501735689321 12.359412142289782 13.478564916453648 14.372158279285955 15.01539156494304 15.460856857378241 15.782215964711671 16.040170982038372 16.27008292951046 16.498893019374925 16.736407238711966 16.923018262509615 17.070796893433464 17.192493865147874 17.25370552360132 17.245023633282187 17.16173167018691 16.970567842723018 16.770171652131513 16.685018946763964 16.714347525396565 16.84419752575719 16.999808616388187 17.163692294891113 17.328094123914195 17.486381968405745 17.652151153557373 17.82329174448931 17.99420910968874 18.159879038051542 18.31984425365053 18.47397316938992 18.61835589693992 18.74915079156658 18.86336647987407 18.96168905183879 19.041331279897275 19.09911625891137 19.147995273410057 19.20827225770845 19.275436483704325 19.344391832300005 19.412081589066283 19.475357839507097
12.24789379546042 13.415490137913958 14.50775168224061 15.307981702861632 15.7970398728269 16.081638532411283 16.264911473017214 16.408388624130655 16.548810995015568 16.71032395748355 16.875283715918744 17.011389452849336 17.129226245454333 17.23462999698849 17.30258135035975 17.304103248842626 17.222536603786367 17.03250430319418 16.845524698460004 16.771341528966275 16.80839179307418 16.95083458840072 17.126279969222228 17.306454613223217 17.48411218078474 17.650316516200032 17.807605003163488 17.967287208178067 18.122898256718585 18.272389414114826 18.41872680896786 18.560118609363226 18.69262501638494 18.812347540756292 18.91571353539782 19.003220371141836 19.073461954847502 19.13091269880465 19.19411501366902 19.268999650226284 19.349984474538314 19.432434252262016 19.513197276663142 19.588953048044203
13.8520928712874 14.954645194697806 16.02350969074323 16.587890157692154 16.746334909801735 16.77149514493383 16.769438239688178 16.780065878299286 16.824286639501903 16.917567654350968 17.016708374509573 17.107101375669608 17.187631917469606 17.259030769632115 17.31395615193579 17.310014814983475 17.2174964709405 17.025061226052063 16.858598232510822 16.80168272545117 16.852759574223114 17.00974424946283 17.204532705068697 17.401528148704283 17.593749858430854 17.773016202088563 17.933549704571558 18.091517468992887 18.246206310054603 18.39094054337896 18.525412647277506 18.651439587311508 18.767907567539435 18.871999994636 18.961531619037675 19.03758692011659 19.10520900259992 19.169776081640574 19.247586462191908 19.336705731504487 19.43113416606967 19.526850601913978 19.620703781780477 19.709344968009624
15.47462562210676 16.562094852021474 17.858770933699468 17.929682040191093 17.623170465797685 17.388354993576037 17.215175807010024 17.10744890818051 17.079717609299 17.109930202454645 17.14639766674931 17.181953779720747 17.21708256105384 17.25197453660603 17.28325162203451 17.253056984303786 17.144963196172235 16.954672350097972 16.816322037103546 16.782188369563897 16.8521012017325 17.026186148539157 17.23930116842995 17.45613521189394 17.672897694632365 17.879148396801853 18.063732860933076 18.22911071665289 18.388506809401196 18.53617221638254 18.67143087332652 18.788377924372842 18.88450871796707 18.96477456572394 19.02783084093032 19.084367153665475 19.14032954113816 19.213711694236068 19.30563219134726 19.40821063009898 19.51540904703798 19.623802706667895 19.730328987843283 19.831801722264604
16.81792235362969 17.670869393535632 18.522873165161524 18.547573600237698 18.158198148143317 17.81149725035924 17.550841239548866 17.382054231239994 17.304953767798708 17.25979585586554 17.229070423588443 17.21312952645381 17.20942402410311 17.21342830214904 17.210464301087423 17.13446414040665 17.011629959900382 16.835498428729057 16.72899117035758 16.720404069133018 16.812123762248234 17.01052917994218 17.25643975854675 17.50921371464993 17.759204014357334 17.995809702261447 18.207718756490063 18.387542846801523 18.553691273333897 18.705659581187003 18.8424368209052 18.957711583626498 19.04542908467208 19.102086699356697 19.142467820450083 19.177827070760078 19.221345525831644 19.28580316314407 19.372316372152678 19.480477948800846 19.599481228341343 19.719561249850877 19.837753104700063 19.951126351775105
17.796429155735012 18.282617602588733 18.655190511231936 18.6610361540243 18.386865353746213 18.05899554263464 17.785674576317735 17.594727691452626 17.451793404278728 17.33396771791736 17.247545285230263 17.19178974693394 17.16054996270454 17.14144411858803 17.104411513272066 17.011280917936254 16.858332148316897 16.686696618320212 16.607389521340792 16.625467199920685 16.755797635974027 16.998594487884777 17.282144339078226 17.57074109456366 17.854436648846775 18.122255848419673 18.362468198409637 18.56336162377881 18.738294883774493 18.89580186152089 19.03448918922808 19.14778779478793 19.229611908862132 19.27744176718573 19.299874229179157 19.318054981640877 19.35294020608392 19.406428119492215 19.479769174879856 19.571851063945154 19.682798065115538 19.810867733263464 19.939169377833313 20.06244495820753
18.535080653770017 18.733084052138214 18.84003743062042 18.759419458996877 18.516285638380957 18.214680341871837 17.942521671128745 17.713191577383096 17.498658100750045 17.32137947628843 17.193275788645536 17.112390720321642 17.065213925915636 17.01929433057723 16.95849104443165 16.852671388468906 16.667517092575658 16.51296004742804 16.462804559269866 16.528159544452922 16.708270720062043 16.996116355751415 17.31591955049127 17.63982665886778 17.95737422097716 18.256980424510033 18.526249865187395 18.75240960459266 18.938604888661377 19.102879570006664 19.243871382827155 19.354848962957742 19.429865340686053 19.47427887520321 19.493556155538855 19.505274688435946 19.52906567372967 19.569137942846503 19.626456749796905 19.700201227957 19.79162916180212 19.90211199185262 20.031964447020638 20.162692184119166
19.13446303309537 19.13362306537003 19.07180430600926 18.90708170556264 18.649662682343436 18.352412239911317 18.047291786096082 17.73219722058584 17.447338934044957 17.218537587453927 17.063024209723924 16.971888766161218 16.906577599520975 16.840749813809865 16.758843296631767 16.629617797214525 16.434358165451506 16.31879692879707 16.321019762504502 16.438456678489384 16.67009081996111 17.001382176316135 17.355820803792525 17.714280337601615 18.065681043992186 18.39769558098813 18.696710662999642 18.94899662074644 19.150483617588705 19.322939640503684 19.46671032617113 19.57502021313128 19.64513671505656 19.68906921418849 19.71712274633404 19.73297353907465 19.743811924191697 19.767673649490696 19.805768332887343 19.858889491918152 19.92878098078745 20.01692812870546 20.12447341853679 20.251477273607104
19.641616533464017 19.5133278405034 19.343165839049878 19.11307201352396 18.82956374149875 18.49500933284559 18.102989284895905 17.691850171416696 17.31332148812246 17.026845816501567 16.85531479427051 16.75868648155103 16.687515662891535 16.608523798568907 16.50490350340732 16.34523951210355 16.180850077960958 16.126858744143302 16.1852965853342 16.356346955033086 16.642306460206086 17.016644999617633 17.409628992368095 17.80757672909591 18.197385764551978 18.564761277916336 18.894726673742753 19.172257976307257 19.388306575705204 19.564878145799412 19.705871138099624 19.806221469254854 19.87709498486997 19.93159865690258 19.966704982030542 19.986362338082973 19.991406117617892 19.995432312024153 20.011412093352824 20.041610127395305 20.08809305507608 20.15249419157747 20.235896425351953 20.338672046340704
20.092399244304865 19.89085159154552 19.65655359367934 19.38275126104629 19.043219756749295 18.627721212320484 18.146388899406908 17.63289421003183 17.136233224792814 16.748925837345467 16.56400189415945 16.491445862276304 16.42630166898758 16.334019509717127 16.203683150678348 16.031635297662845 15.935382198800294 15.942736386062013 16.061174708635722 16.295715583809397 16.647415789062183 17.06355420604165 17.497077883575894 17.93563860449272 18.364940283285236 18.769184859376363 19.131736224013096 19.43589277130499 19.669075035402017 19.85090238206969 19.987325588463165 20.083860929851795 20.15550996732444 20.206467479211707 20.239675191370463 20.259478850852506 20.261203978334994 20.246095779693206 20.237172291816957 20.242153629988124 20.263515919323236 20.30313868885208 20.362188261243645 20.440968445537003
20.52096066180659 20.28548876589986 20.00915021528218 19.66752649339466 19.258998749532495 18.77162557216005 18.217425378469446 17.610750132098456 16.96993738683488 16.386144975217608 16.265563224079777 16.225192170386617 16.151872408150027 16.0324944977131 15.865880727283555 15.741296024781503 15.7103782323681 15.786065561422971 15.972684358373282 16.273910597092826 16.68482622114093 17.13901202248862 17.612715092615307 18.092741667606788 18.56331542125644 19.006717429258753 19.40416212466991 19.736759549644965 19.989228119536705 20.183721292833855 20.329337306559342 20.429710921481288 20.498358042298978 20.53769834603377 20.553604392860045 20.554100577016495 20.542334129289245 20.513250879221687 20.476665865513375 20.454127598404696 20.448750102838346 20.462776697589813 20.49763201290936 20.55380536271349
20.950106633287795 20.672468559578967 20.334654891885133 19.938673553080722 19.47482750757283 18.93181664812275 18.322433849836152 17.662947487011742 16.9795038760124 16.382649821248005 16.161474756622297 16.042484355392858 15.899912231564267 15.717836545763793 15.55401797687313 15.493391428568817 15.531062623349865 15.672323484183131 15.922993207461236 16.288900601665354 16.744618703957155 17.235207531486402 17.749381411226523 18.2728163920523 18.787717885431295 19.273772158664148 19.710439371089787 20.079290211264357 20.364555819649205 20.58368056859779 20.740229836153233 20.842727601793147 20.903497633151684 20.925558186009294 20.918561399851065 20.889329105639703 20.84317066167404 20.786370643685736 20.723142037357672 20.670760225214284 20.63702941261622 20.624642504104575 20.635426849110054 20.670278811558653
21.309020006215825 20.988145669539445 20.606641005237066 20.168076234365138 19.656285637789203 19.074421745585653 18.439232086663914 17.775342151755147 17.12685900172731 16.58000904870334 16.204817655756635 15.93310365120434 15.679377368543316 15.441219542183902 15.32684598359566 15.31765293240028 15.408696245604983 15.604773554761211 15.912241431606274 16.333948767713434 16.81828208352558 17.3439907509712 17.900766401526315 18.473086128259805 19.041017869087764 19.5817938994733 20.071480852386355 20.486482895194385 20.80868689387153 21.053934757582883 21.221207436175423 21.322342091500342 21.368995122862444 21.3675253901593 21.329215255197266 21.261993067722525 21.17462155714462 21.075216950356072 20.970963945320907 20.88483603899792 20.821106395235084 20.781325882062333 20.767786924668066 20.78194886103969
21.551939406549838 21.205751050444203 20.79818872221092 20.33073540386103 19.788317256304865 19.1836393983871 18.537535900424096 17.87860162203481 17.24666795078576 16.686363986034785 16.221002461449675 15.826720840643057 15.487500055551912 15.27589769633901 15.207622315704015 15.241611610318708 15.376138137395332 15.615567002029811 15.968031490702806 16.414234692310554 16.91834928341262 17.478578167577272 18.082892490613155 18.712579447841065 19.343219779683235 19.947151290806982 20.495739838435963 20.96098657287501 21.323195577747004 21.596030103646118 21.773652485569965 21.867859887380547 21.89245504460531 21.85855940898512 21.77879234537843 21.665155027776862 21.529100753503382 21.38072487414558 21.22845717506364 21.090403510164766 20.993433815147018 20.925082344726007 20.8864002049908 20.87940802117768
21.71103313209639 21.35518695084402 20.935660752388603 20.44973832108191 19.88818826919338 19.268422356891975 18.61228503777218 17.946251744062714 17.30041329749146 16.705180131963836 16.176707149720677 15.732966884057612 15.421054832553068 15.260404913181915 15.231488488847992 15.304673241001062 15.47680140730403 15.7518382205836 16.12865853600103 16.5699105123233 17.078518325252283 17.658750058764156 18.303015592221644 18.990989280591233 19.692497267349047 20.367513196090208 20.981661128952904 21.502076863128757 21.90900152700495 22.211122205156514 22.39725420038613 22.477423173348374 22.46957498539441 22.391491839553744 22.25958439084187 22.0900798538387 21.897432076027993 21.69367087797747 21.488391655096407 21.294334767494448 21.147106934511147 21.048358327019397 20.983212700083193 20.953387117652372
