_RESULTS/CROSS_VALIDATION_POSTPROCESSED/Berg/GZ/6comp/5/Berg_GZ_z_0_kriged_reverse_6comp_spherical_5.asc
ncols 100
nrows 90
xllcorner  5.6208707817415728
yllcorner 50.959635321741573
cellsize 0.00013419651685393446
nodata_value 1.7014100000000001E+038
[rows 0 to 17 of 90, columns 0 to 40 of 100]
0.001287847030412138 0.001287847030412138 0.001287847030412138 0.001287847030412138 0.001287847030412138 0.001287847030412138 0.001287847030412138 0.001287847030412138 0.001287847030412138 0.001287847030412138 0.001287847030412138 0.001287847030412138 0.001287847030412138 0.001287847030412138 0.001287847030412138 0.001287847030412138 0.001287847030412138 0.001287847030412138 0.001287847030412138 0.001287847030412138 0.001287847030412138 0.001287847030412138 0.001287847030412138 0.001287847030412138 0.001287847030412138 0.001287847030412138 0.001287847030412138 0.001287847030412138 0.001287847030412138 0.001287847030412138 0.001287847030412138 0.0012503088290388628 0.0011456873910991186 0.0009940843647822523 0.000819399146996944 0.0006437024734145663 0.00048349426611881324 0.0003483462921780865 0.00024151348240820881 0.00016165121048158996 0.00010479062072870985
0.001287847030412138 0.001287847030412138 0.001287847030412138 0.001287847030412138 0.001287847030412138 0.001287847030412138 0.001287847030412138 0.001287847030412138 0.001287847030412138 0.001287847030412138 0.001287847030412138 0.001287847030412138 0.001287847030412138 0.001287847030412138 0.001287847030412138 0.001287847030412138 0.001287847030412138 0.001287847030412138 0.001287847030412138 0.001287847030412138 0.001287847030412138 0.001287847030412138 0.001287847030412138 0.001287847030412138 0.001287847030412138 0.001287847030412138 0.001287847030412138 0.001287847030412138 0.001287847030412138 0.001287847030412138 0.001287847030412138 0.0012523697220609932 0.0011496248518162193 0.0009994062437485218 0.0008254835427243527 0.0006499380154802826 0.0004893850031967564 0.00035356331054387825 0.0002458968520680921 0.00016517873814741787 0.00010753274079844838
0.001287847030412138 0.001287847030412138 0.001287847030412138 0.001287847030412138 0.001287847030412138 0.001287847030412138 0.001287847030412138 0.001287847030412138 0.001287847030412138 0.001287847030412138 0.001287847030412138 0.001287847030412138 0.001287847030412138 0.001287847030412138 0.001287847030412138 0.001287847030412138 0.001287847030412138 0.001287847030412138 0.001287847030412138 0.001287847030412138 0.001287847030412138 0.001287847030412138 0.001287847030412138 0.001287847030412138 0.001287847030412138 0.001287847030412138 0.001287847030412138 0.001287847030412138 0.001287847030412138 0.001287847030412138 0.001287847030412138 0.001258204586331606 0.0011611349238760556 0.0010151603527167941 0.0008436408678785525 0.0006686667108703446 0.0005071809234002434 0.0003694124219849278 0.0002592890154188366 0.00017602009223168015 0.0001160137967981994
0.001287847030412138 0.001287847030412138 0.001287847030412138 0.001287847030412138 0.001287847030412138 0.001287847030412138 0.001287847030412138 0.001287847030412138 0.001287847030412138 0.001287847030412138 0.001287847030412138 0.001287847030412138 0.001287847030412138 0.001287847030412138 0.001287847030412138 0.001287847030412138 0.001287847030412138 0.001287847030412138 0.001287847030412138 0.001287847030412138 0.001287847030412138 0.001287847030412138 0.001287847030412138 0.001287847030412138 0.001287847030412138 0.001287847030412138 0.001287847030412138 0.001287847030412138 0.001287847030412138 0.001287847030412138 0.001287847030412138 0.00126676571128093 0.001179290203306798 0.0010406785220474343 0.0008735426793824005 0.0006999134265665986 0.0005372173277625162 0.00039646155965844656 0.00028240128799744934 0.00019494793827870997 0.00013100389733505352
0.001287847030412138 0.001287847030412138 0.001287847030412138 0.001287847030412138 0.001287847030412138 0.001287847030412138 0.001287847030412138 0.001287847030412138 0.001287847030412138 0.001287847030412138 0.001287847030412138 0.001287847030412138 0.001287847030412138 0.001287847030412138 0.001287847030412138 0.001287847030412138 0.001287847030412138 0.001287847030412138 0.001287847030412138 0.001287847030412138 0.001287847030412138 0.001287847030412138 0.001287847030412138 0.001287847030412138 0.001287847030412138 0.001287847030412138 0.001287847030412138 0.001287847030412138 0.001287847030412138 0.001287847030412138 0.001287847030412138 0.0012762991798977979 0.001202483243670797 0.0010747400664526533 0.0009145075029488098 0.0007435806822984319 0.0005799295064616078 0.0004355634780065125 0.00031636216182170577 0.0002232301601981871 0.00015379949207945933
0.001287847030412138 0.001287847030412138 0.001287847030412138 0.001287847030412138 0.001287847030412138 0.001287847030412138 0.001287847030412138 0.001287847030412138 0.001287847030412138 0.001287847030412138 0.001287847030412138 0.001287847030412138 0.001287847030412138 0.001287847030412138 0.001287847030412138 0.001287847030412138 0.001287847030412138 0.001287847030412138 0.001287847030412138 0.001287847030412138 0.001287847030412138 0.001287847030412138 0.001287847030412138 0.001287847030412138 0.001287847030412138 0.001287847030412138 0.001287847030412138 0.001287847030412138 0.001287847030412138 0.001287847030412138 0.001287847030412138 0.0012843555092637731 0.001228356914907469 0.0011154295023902629 0.0009653090254987895 0.0007992384608717538 0.0006356549379742245 0.00048673463639560587 0.000359655399805274 0.00025834543569286687 0.00018178550973655611
0.001287847030412138 0.001287847030412138 0.001287847030412138 0.001287847030412138 0.001287847030412138 0.001287847030412138 0.001287847030412138 0.001287847030412138 0.001287847030412138 0.001287847030412138 0.001287847030412138 0.001287847030412138 0.001287847030412138 0.001287847030412138 0.001287847030412138 0.001287847030412138 0.001287847030412138 0.001287847030412138 0.001287847030412138 0.001287847030412138 0.001287847030412138 0.001287847030412138 0.001287847030412138 0.001287847030412138 0.001287847030412138 0.001287847030412138 0.001287847030412138 0.001287847030412138 0.001287847030412138 0.001287847030412138 0.001287847030412138 0.0012878469090155593 0.0012537536747632637 0.0011599778485069788 0.0010238479310924098 0.0008599233369893988 0.0006890535549721646 0.0005309449852524645 0.0003965606006443124 0.0002894261068608299 0.00020812266228218912
0.001287847030412138 0.001287847030412138 0.001287847030412138 0.001287847030412138 0.001287847030412138 0.001287847030412138 0.001287847030412138 0.001287847030412138 0.001287847030412138 0.001287847030412138 0.001287847030412138 0.001287847030412138 0.001287847030412138 0.001287847030412138 0.001287847030412138 0.001287847030412138 0.001287847030412138 0.001287847030412138 0.001287847030412138 0.001287847030412138 0.001287847030412138 0.001287847030412138 0.001287847030412138 0.001287847030412138 0.001287847030412138 0.001287847030412138 0.001287847030412138 0.001287847030412138 0.001287847030412138 0.001287847030412138 0.001287847030412138 0.001287847030412138 0.0012747301728857404 0.0011979543650090547 0.0010602314132631806 0.0008907592513228984 0.000716388318067967 0.0005561967332488395 0.0004204331121128132 0.00031209712314992207 0.00022950806427910633
0.001287847030412138 0.001287847030412138 0.001287847030412138 0.001287847030412138 0.001287847030412138 0.001287847030412138 0.001287847030412138 0.001287847030412138 0.001287847030412138 0.001287847030412138 0.001287847030412138 0.0012878688161070875 0.0012887575448105894 0.0012901612051362205 0.0012912512609331746 0.001291546207216336 0.0012909286602871754 0.0012896498912644478 0.0012883202971357942 0.001287847030412138 0.001287847030412138 0.001287847030412138 0.001287847030412138 0.001287847030412138 0.001287847030412138 0.001287847030412138 0.001287847030412138 0.001287847030412138 0.001287847030412138 0.001287847030412138 0.001287847030412138 0.001287330900784837 0.0012676456101632942 0.0011874207206461662 0.0010495125684999817 0.000882938262660123 0.000713300716477577 0.0005583428222371669 0.00042730280141492683 0.00032264109533387917 0.00024255349730416977
0.001287847030412138 0.001287847030412138 0.001287847030412138 0.001287847030412138 0.001287847030412138 0.001287847030412138 0.001287847030412138 0.001287847030412138 0.0012881610241159884 0.0012922886260303555 0.0012996100349907378 0.0013082711856809838 0.0013166590175245165 0.0013234482273245536 0.0013276595946884447 0.001328714215195632 0.001326469877882265 0.0013212304825372101 0.0013137261445812158 0.0013050689581079165 0.0012966955186654821 0.0012903109819825524 0.001287847030412138 0.001287847030412138 0.001287847030412138 0.001287847030412138 0.001287847030412138 0.001287847030412138 0.001287847030412138 0.001287847030412138 0.0012858760075764152 0.001258756473386913 0.001205941058835176 0.001124042320833592 0.0009929506451141848 0.0008368894180533537 0.0006792841054291554 0.0005360237254698099 0.00041514988409029134 0.0003186054561348639 0.00024458442240660443
0.001287847030412138 0.001287847030412138 0.001287847030412138 0.001287847030412138 0.001287847030412138 0.001287847030412138 0.0012885013229761632 0.0012960048374182796 0.0013099208612302065 0.001327882172214304 0.0013476274589604737 0.0013670197016218148 0.0013841126361097732 0.0013972500113341257 0.0014051769857123658 0.0014071399243312588 0.0014029523963089725 0.0013930121817508083 0.0013782653088649224 0.0013601255049448654 0.0013403674049885027 0.0013210169103124482 0.0013042617458834005 0.0012924010327478531 0.0012878471976293401 0.001287847030412138 0.001287847030412138 0.001287847030412138 0.001287847030412138 0.00128581091520836 0.0012547632651836009 0.0011930347251332646 0.0011104342354561476 0.0010165250960488038 0.0008978230526318257 0.000758111339660753 0.0006180133868491926 0.0004912629010608712 0.00038463200158234443 0.00029959630351215796 0.00023444504036909615
0.001287847030412138 0.001287847030412138 0.001287847030412138 0.001287847030412138 0.001287847030412138 0.0012934436911706559 0.001309977609323639 0.0013348782005464506 0.0013655980348657335 0.001399548218481459 0.0014340840543414185 0.0014665644116118157 0.0014944776319099984 0.0015156158605013669 0.001528267612560236 0.0015313901893331428 0.0015247240160691092 0.0015088221608915414 0.0014849879419811898 0.0014551355250737978 0.0014216055253404815 0.0013869749254226296 0.0013538974934888634 0.0013250006594052411 0.0013028526164289705 0.0012900038714720615 0.001287847030412138 0.001287847030412138 0.0012872273619560844 0.00125824468989499 0.001192571040948233 0.0011011212509741738 0.000995237974902428 0.0008850340494962651 0.0007759625650972624 0.0006561548357444632 0.0005367537804006373 0.0004292465270309569 0.00033916462615578974 0.00026758801125549233 0.00021297188523575338
0.001287847030412138 0.001287847030412138 0.001287847030412138 0.001288275991258343 0.0012997325018816324 0.0013248106674388863 0.0013609989515617864 0.0014057691990532041 0.0014564071217621486 0.0015099214613220554 0.0015630446905658905 0.0016123365157567505 0.0016543897140439833 0.0016861170435455537 0.0017050734652652101 0.001709749164999719 0.0016997660272504464 0.0016759286225541492 0.0016401165629346824 0.001595045768092359 0.0015439567215577096 0.0014902983800785415 0.0014374667695959329 0.001388635209541834 0.0013466890390899623 0.0013142598537328497 0.0012938462811170309 0.001287847030412138 0.00126795058929587 0.0012046405331962852 0.0011091771920681381 0.000994457853728849 0.0008725217538321483 0.0007531014214745159 0.000643025994496354 0.0005426849506384483 0.0004448923104462037 0.000357282931346103 0.0002842546763132102 0.00022657491027058938 0.00018291010581597414
0.001287847030412138 0.001287847030412138 0.0012888135277857938 0.0013041516851093676 0.001336235762632432 0.0013828139229050062 0.001441636940679167 0.0015101880675011965 0.0015854751300732168 0.0016639074607321211 0.0017412915421043482 0.0018129785500020955 0.0018741788450946895 0.0019204215974908657 0.001948089750572883 0.001954919333691013 0.0019403399215045093 0.0019055636582901328 0.001853397626265157 0.0017878322389278238 0.0017135144694865791 0.001635229241521254 0.0015574871867995092 0.0014842707407096384 0.0014189450422015274 0.0013643097337019386 0.001322756453569774 0.0012885307601161558 0.0012267827021231316 0.0011335939035403615 0.0010144074075269021 0.0008832796475491654 0.0007521600161104855 0.0006297872415269471 0.0005215105816763203 0.0004297471521731016 0.00035202796536744216 0.0002832506698330224 0.0002262782447049317 0.00018164908298964576 0.00014826253551322418
0.001287847030412138 0.001288526665254494 0.001304872077907955 0.0013413288949208207 0.0013960303003039023 0.0014672570792821898 0.0015530801350867476 0.0016513690559326487 0.0017585047866999159 0.0018696200894017861 0.001979093250748058 0.0020808664886916638 0.002168616589066342 0.002235278388629944 0.0022753043660234977 0.002285200991685456 0.0022640822612371063 0.0022138281751287034 0.0021387514490305397 0.002044876724936084 0.0019390424568209253 0.0018280520724210589 0.0017180386814721754 0.0016141116247263112 0.0015202692994566612 0.0014395150235939572 0.001373821495083732 0.001290817498833576 0.0011788694863603918 0.0010534181026755963 0.0009168102079826336 0.0007756307501925519 0.0006411038584938604 0.0005205681726443241 0.00041772515535730686 0.0003334235432426052 0.00026661574524693366 0.00021403449755649792 0.00017111284880513182 0.00013782404387057318 0.0001133008201915596
0.0012878797419034035 0.0013016151566834142 0.0013388462045342154 0.0014000936268208574 0.0014856120437609234 0.0015932231599896497 0.0017202793242880024 0.0018631298609177694 0.002016699776847091 0.002174264656442492 0.002327535269111495 0.0024671580100670766 0.002583670778489909 0.00266882191403437 0.0027169937851174433 0.0027263500397939054 0.0026956269089989594 0.00262301182733008 0.0025151991714558674 0.002381492428501184 0.002232153469895612 0.002077011851200484 0.0019245077508291502 0.0017812418955317397 0.0016519557204594448 0.0015397986286387032 0.0014353688931906226 0.0012966692278001846 0.0011375864040204533 0.0009757478736524622 0.0008230166810277141 0.0006770573251913054 0.0005434517173537351 0.00042794266690572656 0.0003325951131522166 0.00025684368663937457 0.00019857127667592667 0.00015499731341861727 0.00012306878417013494 9.901226752047412e-05 8.160071907539036e-05
0.0012958190901592441 0.00133441682550232 0.0014045873310407418 0.001504960135614864 0.001634651022765992 0.0017924955775243292 0.001976277247496749 0.0021819525759881235 0.002402952214406708 0.0026297185259885544 0.0028497103955633907 0.0030481218429957227 0.0032094655400545257 0.0033199240401050544 0.0033700068725810955 0.003356734323237639 0.0032845415335989053 0.0031644966615590876 0.0030080215551666865 0.0028174881060134254 0.002607401121162571 0.0023920910454401233 0.002183193117297155 0.001989163397452863 0.0018154749867900666 0.0016651955315056387 0.0015030839857104886 0.001307925257327011 0.0011043944524404678 0.0009109088706847322 0.0007388146468602399 0.0005908008852736393 0.00046095244963339235 0.0003521965681530902 0.00026510101105628426 0.00019791022799178678 0.00014768416584146684 0.00011115557606332707 8.527120097580265e-05 6.74677458789512e-05 5.542143755092823e-05
0.0013318231382683666 0.0014069810518646908 0.0015186321479123911 0.0016675552801978851 0.0018548023117296313 0.0020807707289129595 0.0023441243604603217 0.0026405709760502155 0.0029616176001253814 0.003293572814106959 0.003617226921731332 0.00390874324005047 0.004142204065288765 0.004293823400699178 0.004347047381109513 0.004296928234654315 0.00415192290065998 0.003932125020849122 0.003664568598821854 0.0033775521541359404 0.003082044043596188 0.0027844328115734316 0.0025006082156414544 0.002241114276678008 0.002011872672144849 0.0018103370784407114 0.0015785790386504484 0.0013261738380232909 0.0010803952072895287 0.0008590454515162032 0.0006709934239273253 0.0005182721079354728 0.0003936826215245878 0.0002922196340521876 0.00021316798672936507 0.0001538275528341241 0.00011066459552948886 8.011185271056811e-05 5.902481753871867e-05 4.4874140470966365e-05 3.5771431590985214e-05
