_RESULTS/CROSS_VALIDATION_POSTPROCESSED/Berg/GZ/6comp/5/Berg_GZ_z_125_kriged_reverse_6comp_spherical_5.asc
ncols 100
nrows 90
xllcorner  5.6208707817415728
yllcorner 50.959635321741573
cellsize 0.00013419651685393446
nodata_value 1.7014100000000001E+038
[rows 0 to 18 of 90, columns 0 to 42 of 100]
17.757505289548455 17.757505289548455 17.757505289548455 17.757505289548455 17.757505289548455 17.757505289548455 17.757505289548455 17.757505289548455 17.757505289548455 17.757505289548455 17.757505289548455 17.757505289548455 17.757505289548455 17.757505289548455 17.757505289548455 17.757505289548455 17.757505289548455 17.757505289548455 17.757505289548455 17.757505289548455 17.757505289548455 17.757505289548455 17.757505289548455 17.757505289548455 17.757505289548455 17.757505289548455 17.757505289548455 17.757505289548455 17.757505289548455 17.757505289548455 17.757505289548455 17.716684288375173 17.59648115759745 17.402467628833694 17.140759665118683 16.81788950734257 16.440685350909547 16.016155992704547 15.551380345574017 15.053402296395285 14.529131830268959 13.985253645166159 13.42814464548526
17.757505289548455 17.757505289548455 17.757505289548455 17.757505289548455 17.757505289548455 17.757505289548455 17.757505289548455 17.757505289548455 17.757505289548455 17.757505289548455 17.757505289548455 17.757505289548455 17.757505289548455 17.757505289548455 17.757505289548455 17.757505289548455 17.757505289548455 17.757505289548455 17.757505289548455 17.757505289548455 17.757505289548455 17.757505289548455 17.757505289548455 17.757505289548455 17.757505289548455 17.757505289548455 17.757505289548455 17.757505289548455 17.757505289548455 17.757505289548455 17.757505289548455 17.718955278741195 17.601189609214416 17.40973829123516 17.15072647072321 16.830702737321257 16.45652141348023 16.03523116803104 15.573970703339448 15.079873545977623 14.55998583793216 14.02120437931462 13.470249393478229
17.757505289548455 17.757505289548455 17.757505289548455 17.757505289548455 17.757505289548455 17.757505289548455 17.757505289548455 17.757505289548455 17.757505289548455 17.757505289548455 17.757505289548455 17.757505289548455 17.757505289548455 17.757505289548455 17.757505289548455 17.757505289548455 17.757505289548455 17.757505289548455 17.757505289548455 17.757505289548455 17.757505289548455 17.757505289548455 17.757505289548455 17.757505289548455 17.757505289548455 17.757505289548455 17.757505289548455 17.757505289548455 17.757505289548455 17.757505289548455 17.757505289548455 17.725365870426746 17.614866583195155 17.43104889063125 17.1800628231133 16.868502127606025 16.503293673046926 16.091596723623034 15.640714921971307 15.158026703476038 14.650944803001686 14.126925030354172 13.593564648976686
17.757505289548455 17.757505289548455 17.757505289548455 17.757505289548455 17.757505289548455 17.757505289548455 17.757505289548455 17.757505289548455 17.757505289548455 17.757505289548455 17.757505289548455 17.757505289548455 17.757505289548455 17.757505289548455 17.757505289548455 17.757505289548455 17.757505289548455 17.757505289548455 17.757505289548455 17.757505289548455 17.757505289548455 17.757505289548455 17.757505289548455 17.757505289548455 17.757505289548455 17.757505289548455 17.757505289548455 17.757505289548455 17.757505289548455 17.757505289548455 17.757505289548455 17.734721041354888 17.63618152769505 17.464913328972127 17.2270995901076 16.929397219836723 16.578836025034587 16.18273214967278 15.748620910986302 15.284218404706962 14.797428507477713 14.29642509604314 13.78986455392901
17.757505289548455 17.757505289548455 17.757505289548455 17.757505289548455 17.757505289548455 17.757505289548455 17.757505289548455 17.757505289548455 17.757505289548455 17.757505289548455 17.757505289548455 17.757505289548455 17.757505289548455 17.757505289548455 17.757505289548455 17.757505289548455 17.757505289548455 17.757505289548455 17.757505289548455 17.757505289548455 17.757505289548455 17.757505289548455 17.757505289548455 17.757505289548455 17.757505289548455 17.757505289548455 17.757505289548455 17.757505289548455 17.757505289548455 17.757505289548455 17.757505289548455 17.745068666456024 17.66296430562453 17.508913209500648 17.28912899353436 17.01033430564884 16.679669914547045 16.30462197110938 15.892973900000957 15.452794020657521 14.992477284689276 14.52089196237294 14.047676901354853
17.757505289548455 17.757505289548455 17.757505289548455 17.757505289548455 17.757505289548455 17.757505289548455 17.757505289548455 17.757505289548455 17.757505289548455 17.757505289548455 17.757505289548455 17.757505289548455 17.757505289548455 17.757505289548455 17.757505289548455 17.757505289548455 17.757505289548455 17.757505289548455 17.757505289548455 17.757505289548455 17.757505289548455 17.757505289548455 17.757505289548455 17.757505289548455 17.757505289548455 17.757505289548455 17.757505289548455 17.757505289548455 17.757505289548455 17.757505289548455 17.757505289548455 17.753756201356865 17.692272457055587 17.55977965045113 17.362506827861107 17.107227882042338 16.801178684522764 16.453580922919194 16.074164843036122 15.669280977942075 15.246039909053538 14.81256884837469 14.378259966195614
17.757505289548455 17.757505289548455 17.757505289548455 17.757505289548455 17.757505289548455 17.757505289548455 17.757505289548455 17.757505289548455 17.757505289548455 17.757505289548455 17.757505289548455 17.757505289548455 17.757505289548455 17.757505289548455 17.757505289548455 17.757505289548455 17.757505289548455 17.757505289548455 17.757505289548455 17.757505289548455 17.757505289548455 17.757505289548455 17.757505289548455 17.757505289548455 17.757505289548455 17.757505289548455 17.757505289548455 17.757505289548455 17.757505289548455 17.757505289548455 17.757505289548455 17.75750515936364 17.720478336484693 17.613497481613884 17.442848813576667 17.220784910866126 16.95578715658796 16.652582316538673 16.31662739562741 15.954204435982481 15.572539253802855 15.179950376837366 14.78603279857059
17.757505289548455 17.757505289548455 17.757505289548455 17.757505289548455 17.757505289548455 17.757505289548455 17.757505289548455 17.757505289548455 17.757505289548455 17.757505289548455 17.757505289548455 17.757505289548455 17.757505289548455 17.757505289548455 17.757505289548455 17.757505289548455 17.757505289548455 17.757505289548455 17.757505289548455 17.757505289548455 17.757505289548455 17.757505289548455 17.757505289548455 17.757505289548455 17.757505289548455 17.757505289548455 17.757505289548455 17.757505289548455 17.757505289548455 17.757505289548455 17.757505289548455 17.757505289548455 17.74337070009763 17.67009155275228 17.545905231520255 17.374208240501982 17.158769770125396 16.90405559002696 16.61531346537094 16.29867253162694 15.961254329199898 15.611289962538855 15.258231027676208
17.757505289548455 17.757505289548455 17.757505289548455 17.757505289548455 17.757505289548455 17.757505289548455 17.757505289548455 17.757505289548455 17.757505289548455 17.757505289548455 17.757505289548455 17.757538198667497 17.75888025881852 17.760998167984248 17.762641424967253 17.763085835183944 17.76215523894248 17.76022692047755 17.758220082655228 17.757505289548455 17.757505289548455 17.757505289548455 17.757505289548455 17.757505289548455 17.757505289548455 17.757505289548455 17.757505289548455 17.757505289548455 17.757505289548455 17.757505289548455 17.757505289548455 17.75784272166335 17.768819063975688 17.749976495244006 17.680455243068128 17.562990613476163 17.400952263573373 17.19842092383019 16.960279572757063 16.69231470920618 16.401319030572406 16.09518079281132 15.782936863619613
17.757505289548455 17.757505289548455 17.757505289548455 17.757505289548455 17.757505289548455 17.757505289548455 17.757505289548455 17.757505289548455 17.757979553568045 17.76420405878251 17.775199753464086 17.788133742298715 17.800584234141503 17.810608148250555 17.81680211159848 17.81835036987126 17.815054154725328 17.807339010475758 17.796239190407036 17.783361009439506 17.770829459353763 17.7612240324306 17.757505289548455 17.757505289548455 17.757505289548455 17.757505289548455 17.757505289548455 17.757505289548455 17.757505289548455 17.757505289548455 17.75879462578348 17.776739420646052 17.812831526370786 17.848596345859686 17.837225252167137 17.777578685368507 17.67252218973643 17.525615711491348 17.341209237770073 17.124548314486532 16.881876058186876 16.620510283749894 16.34886608763835
17.757505289548455 17.757505289548455 17.757505289548455 17.757505289548455 17.757505289548455 17.757505289548455 17.758493428747514 17.769792455605238 17.790588267749822 17.81712896610082 17.84592488035754 17.873828071130717 17.898120444838028 17.91660302878069 17.927677514858672 17.93041092094128 17.924575477651516 17.91065860852968 17.889841689060926 17.8639503677722 17.835382741491436 17.80702391933475 17.78215619597997 17.764373312790728 17.757505542146024 17.757505289548455 17.757505289548455 17.757505289548455 17.757505289548455 17.75883723957615 17.779414496652052 17.821893086168235 17.882333605872354 17.956456910555186 18.006389893441472 18.007867505153058 17.963143772150683 17.875115763941206 17.747423897303765 17.58456767533684 17.39202089504358 17.176319977994268 16.94508983942046
17.757505289548455 17.757505289548455 17.757505289548455 17.757505289548455 17.757505289548455 17.76594262429802 17.790672651389734 17.827376843015905 17.87179495180568 17.919819750206752 17.967577900862672 18.011530625008287 18.048587820025652 18.07622595389251 18.092597502792646 18.096618813754628 18.088024751434773 18.06738242305189 18.036061991957496 17.99616878480986 17.9504460900094 17.902161121831938 17.854987193021778 17.81289354371237 17.78005132904076 17.760760881667572 17.757505289548455 17.757505289548455 17.7579104290386 17.777081790399794 17.822220472843135 17.889430311981812 17.974656545107514 18.073671497721865 18.177603428452144 18.243216587041072 18.261958737335014 18.235920892489347 18.167851031544973 18.06128740149731 17.920704855576076 17.75164409636677 17.560780210039304
17.757505289548455 17.757505289548455 17.757505289548455 17.758153176081098 17.775383192898904 17.812613982362777 17.865204366145505 17.92850254870825 17.99788348812548 18.068815911784284 18.136960062154746 18.198293750265734 18.249259578261157 18.286920937308395 18.30910986018973 18.314547627899337 18.302920576463247 18.274899228360145 18.232097652874046 18.17697958431484 18.11272568720538 18.043080571236473 17.972198235216606 17.904501396147477 17.844565189015206 17.797030547169364 17.766548251516117 17.757505289548455 17.770612536565743 17.813740194632015 17.883287994316845 17.975317832406855 18.085691618721206 18.210039430267425 18.343732986695418 18.472452620094575 18.557565944470376 18.596514145905513 18.59096559869018 18.543265744734967 18.456634401453005 18.335372395302205 18.185021808000485
17.757505289548455 17.757505289548455 17.758964769454714 17.78199187008978 17.82935965473302 17.896284505229406 17.97788027764822 18.069163420620953 18.16508954484237 18.260627388551406 18.350873957506064 18.431210284274727 18.49749059288464 18.546249390976975 18.574903044683342 18.581917577240816 18.56691556488718 18.530703280540003 18.475213113384672 18.40337172294447 18.318916585635705 18.22618928869437 18.129932636472056 18.035112314233377 17.946775485486743 17.869950863935504 17.809588961671228 17.775732115210367 17.798402634511916 17.864942083082497 17.95856924538122 18.075346517150688 18.211096899749233 18.361350214439152 18.52128968874724 18.685710914939495 18.83798678894932 18.94480211495175 19.004714139132396 19.018621429228087 18.988185058211187 18.916157423057918 18.80670171903542
17.757505289548455 17.758531692341545 17.7830672173633 17.836781930121944 17.914893849334852 18.01245808498523 18.124322878932098 18.244672665027338 18.36841322596318 18.490491706478526 18.605380471624496 18.70724983741288 18.79061648544886 18.851802354548944 18.887727561525203 18.896519294391144 18.87771505452728 18.832302037399838 18.762633740253502 18.672241160693474 18.56557541183726 18.447725998071355 18.32415433578768 18.200469887953968 18.08226225900647 17.974990978478584 17.88410010502518 17.83674189672356 17.850629583185103 17.92675627237023 18.043899509942168 18.185122955587584 18.346267967763072 18.52282469424585 18.709846400185288 18.901868060279885 19.092847665589584 19.268036939670065 19.39641823198357 19.474939638531293 19.503327730863912 19.48236574882028 19.414472873597983
17.757554702805006 17.778201152489597 17.833167145755684 17.914758653917 18.0167358641431 18.136473134211553 18.27068809468925 18.415362844909154 18.565699307303333 18.716130839206976 18.860413905028487 18.99181946402632 19.103431485990967 19.18853851585523 19.241076405245412 19.256054897511085 19.2329920450904 19.177114720122333 19.091424781718242 18.980252879986466 18.848972392392458 18.703611794290705 18.5505051758264 18.396015593313887 18.24634271235038 18.10740965137568 17.99153294408702 17.93293171206225 17.93674079184372 18.004284710968403 18.135018303830208 18.300076313390925 18.486322967322945 18.68928973581129 18.903990067918063 19.12478865893631 19.345275810687898 19.55817753158996 19.75263871791735 19.899141738199074 19.989543576948957 20.022056398882373 19.996776974827558
17.769080423593785 17.811349261587488 17.88018460023297 17.974243261189034 18.09169163803794 18.230077403989643 18.386193292539442 18.5559486753342 18.73427215518422 18.915076218129602 19.091320746127266 19.255211648514273 19.398558219685576 19.51328304261349 19.592032365143663 19.628785957422476 19.61933834316674 19.561541361983693 19.458346206377254 19.323673326806812 19.164913490789065 18.989275314404676 18.804144017230534 18.616748619560234 18.433954375275352 18.262161192996633 18.127888929141907 18.056250454241813 18.048587511666316 18.106286532835664 18.23085877239365 18.41549093648144 18.626116070379076 18.855159915893157 19.09772039260146 19.34813741433795 19.59978347298176 19.84485012386173 20.074190659967375 20.27734793046998 20.433675018995263 20.522952213812452 20.541909360476154
17.77224964109296 17.819847303000124 17.89663106602326 18.001603578693533 18.133274817553318 18.289495632647853 18.467269722127764 18.662559856475212 18.870115043786388 19.083358671310002 19.29439125832478 19.494169743432384 19.672917820207605 19.820785162064457 19.928699979192956 19.98926482233899 19.997478276919814 19.95108353981753 19.85046312264034 19.69815680146668 19.508519349734396 19.29944426294665 19.079565013755627 18.857077533427315 18.639540545172867 18.43621335336081 18.285114443638747 18.198576217374274 18.177956455368893 18.224672743483787 18.340293264066588 18.52657634010972 18.760296356238747 19.01446958916911 19.28443064929323 19.564697383382686 19.84867436255574 20.12828343241375 20.39355479897123 20.63231471686952 20.83030774628248 20.972337572524914 21.038105387624746
17.747813352355234 17.798425449031043 17.880877346036776 17.994624196695327 18.138654240767696 18.311282746035996 18.509905026697755 18.73072177625675 18.968464015947514 19.21616473096851 19.465049292500925 19.70464219401493 19.92319862365605 20.10853695812897 20.249239687118607 20.336008940188652 20.362796877635887 20.327329231382883 20.23086738841317 20.077376452622218 19.87245874963203 19.62789456065039 19.37039504891312 19.11066968666021 18.856946828502462 18.62516515500019 18.45500703379341 18.351732834929255 18.316652695838677 18.351161163245084 18.456848554570655 18.635557110842377 18.883430046858905 19.160984107731473 19.456978176574985 19.766349494830383 20.082882543804654 20.398689544730786 20.703486074066156 20.98370380958576 21.221793092240343 21.39678344409822 21.487925954075884
