_RESULTS/CROSS_VALIDATION_POSTPROCESSED_80-20/MHZ/TZ/4comp/5/MHZ_TZ_z_710_kriged_reverse_4comp_spherical_5.asc
ncols 100
nrows 81
xllcorner 5.5967107548124995
yllcorner 50.982328804812504
cellsize 0.00017565037499993607
nodata_value 1.7014100000000001E+038
[rows 38 to 56 of 81, columns 42 to 83 of 100]
0.17715813764822785 0.1762976892580404 0.1775979228305487 0.18149819294612513 0.18791276758098782 0.19708959558817168 0.20559541033484566 0.1934026827086929 0.16207227895891552 0.12161587581502764 0.08228927115237872 0.0508118518306273 0.02964708499700375 0.016494998141275634 0.008872534797310701 0.00472171249662389 0.0025082774388591107 0.0013436826125220102 0.0007498131111566644 0.00045358542342271486 0.00031337681167211144 0.0002629677718793691 0.0002835201869384134 0.00040208713573480976 0.0007298920629335856 0.0015880650946627746 0.003821356276952531 0.009455398189281124 0.022630701858501943 0.05073966338592115 0.10375961744814198 0.17328209675261372 0.24784370456764757 0.33087137376420667 0.4156480847336768 0.4895132731585574 0.5364209692230322 0.5416815568566462 0.5022220439986479 0.4267175071748651 0.36169413161105 0.3171274184355624
0.1631106938222975 0.16247113100078822 0.16238853120507732 0.16438064194517324 0.16863020993645367 0.17521829213605386 0.18367651603155655 0.17841298012298215 0.15557858045646938 0.122470302604375 0.08732884565129777 0.05743500387838537 0.03601638099296941 0.021702267423520667 0.012743932917285445 0.007469610239990914 0.004369370842613589 0.002600142023442251 0.0016259413590998203 0.0011088843799721387 0.0008594141237816951 0.0007906240360683741 0.0008943116169363227 0.0012617782817763079 0.002184880626244081 0.004433702237614493 0.009796167178717497 0.021622382000203076 0.04465996675315782 0.08445765400641023 0.14461775990476486 0.21953379677669402 0.29991969137177144 0.38178792308573806 0.45865520870061827 0.5191206015804154 0.5497514056004708 0.5399843472785447 0.48753037907269986 0.40969938254289223 0.3506099780693337 0.30989813740837985
0.14962017543345263 0.14918916092710913 0.1494267769661759 0.15039250911515792 0.1530962687211681 0.1577680697248083 0.16493898782314087 0.16811197643147271 0.15473185537089312 0.1289031925087071 0.09766340688133271 0.06892193825509159 0.046685576758929946 0.03058886738035431 0.019643969878958008 0.012619794140215015 0.00810278509369619 0.005305729565520009 0.0036481216350728353 0.0027292768862438614 0.0022982043950414595 0.002248830655793753 0.002621882977665592 0.003676089332820368 0.0061368378082470995 0.011823019696015182 0.024579709898690405 0.04938131225467653 0.08730169719260347 0.13706017710027826 0.1987775064486051 0.26977727029076015 0.3448391174996947 0.4185612208810372 0.48330534324728025 0.5282029279323907 0.5417086953200541 0.516216510476927 0.4526588221183827 0.38174295940697167 0.33123078641447473 0.2961311071652351
0.13700980154182607 0.13671804279576338 0.13730562144753625 0.1387814741362852 0.1410474543341402 0.1451506529514621 0.15266732790220078 0.16179281924776456 0.15817998193484722 0.14042556586536492 0.11380242798684252 0.08655848131812871 0.06351105788129376 0.04531266624961579 0.031792509900384944 0.022161403195542016 0.01543273554310396 0.010962576327582069 0.008155002316219342 0.006550061541318877 0.005848753520810859 0.005953749357191499 0.007036395546657812 0.009731759678076197 0.01566970223861886 0.028646582988858204 0.057110604594750564 0.1102299707467975 0.1616508928697097 0.2061494926257288 0.2564226342317954 0.31360160864754205 0.3744889675558911 0.4342508653594591 0.48425887391346834 0.513387575246649 0.5114924604093173 0.47362157895018764 0.40589299748864927 0.3479290122875611 0.3064109884822794 0.2774808825268563
0.1255511616599061 0.1252952602233825 0.12612095758559155 0.12801057529325033 0.1316633356632671 0.13782298989260158 0.14625438764575133 0.15769113787309294 0.16467531344606662 0.1566722939406053 0.1365212072037705 0.11215459964107094 0.08922366726212681 0.06914340136028874 0.0525081573156719 0.03930963499184124 0.029428965628726194 0.022442886168436656 0.01780344466827158 0.01507184916716655 0.014001395314340238 0.014566512777443549 0.017188293152416982 0.023029959932147636 0.03485163353616393 0.05890766644502688 0.10923461764827068 0.21315650035516648 0.2454379104144225 0.265483945590109 0.29433078643599 0.33272651419839194 0.37853527818323673 0.4245176716197034 0.46031094112902027 0.4756879259597758 0.4616102322368549 0.41569761491112983 0.3575503372887 0.313457954845729 0.2810214143965772 0.2578259768865482
0.1152953329663353 0.11485449952040544 0.11565838704101351 0.11842104251251989 0.12425829874998359 0.1328779818775629 0.1439344214488073 0.15758189324539193 0.1728826353192766 0.1770560591984956 0.16652506717360102 0.1478458583355733 0.1269912836876524 0.10601045498327388 0.08670871580700684 0.06933062426231924 0.05532270640194756 0.04478383709066438 0.03744576042374748 0.03300110880256455 0.03143543398653701 0.032774487815308825 0.0376591435636375 0.04774488914587388 0.06641840346462809 0.09972206944996129 0.15552836421722363 0.22685094978724327 0.2676768255437716 0.2810757016850336 0.2934098952559639 0.3163793276139711 0.3517356884210594 0.3899588977342846 0.4169181291530926 0.4209983709558955 0.39792798899305604 0.351664635752707 0.3111376917330813 0.2803832510216631 0.25713764859708577 0.23889421922415927
0.10595672899054485 0.10513232482957566 0.10611166452302577 0.11053091196354524 0.11844488943365387 0.12956159441187068 0.1434976845492134 0.16029205435778862 0.1800626415598611 0.19916740031905514 0.20346788671815885 0.1946376309620969 0.179445308188751 0.16089865851042254 0.1411265150451815 0.12007451955970697 0.10127632101342558 0.086180384954798 0.07507830598852133 0.06790696300661787 0.06491694549180532 0.06653591482960762 0.07345822717861072 0.08720665000211827 0.11031492769762487 0.1454914914936862 0.1918693702631243 0.2369564361634877 0.2604210874178434 0.2611430217843832 0.2575642638923069 0.2699810223096345 0.3031746713747072 0.33901340815172454 0.3609238255929214 0.3584298450116772 0.32910721457303077 0.2954967758251255 0.2690030879546825 0.24873695130349754 0.23340082888621008 0.2205848043554985
0.09773174708355993 0.09632847125544376 0.09806990156903748 0.10396118543796529 0.11399522564962405 0.1277887602598881 0.14488105948210328 0.16517967684719162 0.18903615367709756 0.21637906641960858 0.23987154499812077 0.24688749343081262 0.24449923429735806 0.23516278929984208 0.2204047332373245 0.19894949791378677 0.17609087678220955 0.1558910591607565 0.13958817957738942 0.12801783759035873 0.12181439358888667 0.12175376403394267 0.12835725378809107 0.1423158502540371 0.16423691638931612 0.19321181298949897 0.22423187078170573 0.24683440892548422 0.2505875637930789 0.23463992235798511 0.20875011454778153 0.21209474716426696 0.25261058718297646 0.28651737960607554 0.3021510408888635 0.2937798680940368 0.27132085210270845 0.25022874099473885 0.23309240211991986 0.2200984487440103 0.2104437328161057 0.20379361830690657
0.0909524949906627 0.0891073853443473 0.0912015521331184 0.09845388867210456 0.11091169366736514 0.12771980710290093 0.14825544919715844 0.17242144596462422 0.20081969574988373 0.23318328418761528 0.26716102450167467 0.29557916637638565 0.3135543891581535 0.3224174375248695 0.32183922868226195 0.30829659619945277 0.28571579074403114 0.2612048314900597 0.23845059441430483 0.2198298410190474 0.2067973379080324 0.20091910611761518 0.20218277486985228 0.21012631509845894 0.22369569271889342 0.2399822207392131 0.2534961247568329 0.25726631022387464 0.2464652634281861 0.22207838483890366 0.19209916321710063 0.19020286112026485 0.22012675373305157 0.24252295646416672 0.24766301434341084 0.2392532449844944 0.22816463216318428 0.21585260204823187 0.20495144791583111 0.1969377489613062 0.191896656910181 0.1896871916405293
0.08626089266131434 0.0838811570383547 0.08526160383041458 0.09404377920673067 0.10972045818043004 0.1299018302993035 0.15404831410181652 0.18231243156754928 0.21556329698368976 0.2522285732440721 0.2908330310562972 0.33071872540593944 0.3741186750112584 0.4101894165749064 0.4360154277835435 0.44246282848774454 0.42934656156557544 0.40288197302976064 0.3723190725088454 0.34257501652097005 0.31690568296321076 0.29849707030957506 0.2873625073895121 0.2822709775123516 0.28108740527121523 0.28065954816069705 0.2768322684185678 0.2658100030603926 0.2463192910243712 0.22140124051149107 0.19954605332187014 0.19303314064519767 0.20063949674993625 0.20561896878424996 0.2048603790992177 0.20196536719656763 0.19707319399735335 0.19081571179312282 0.18414490170019016 0.17945826879837268 0.17751058341145623 0.17874801867332057
0.08480732011313964 0.08213675568117122 0.08104676989265287 0.09251175096540615 0.11181997536289523 0.1350664206570539 0.16267078429861884 0.19512694630077293 0.23273170215877656 0.2735038925028302 0.31687009369601454 0.3622982653015207 0.4142750627498298 0.48032939109031475 0.5440194434947783 0.5839026735995064 0.5917203815538222 0.5693461658821086 0.5290442355845313 0.4826752647344607 0.4371328160629144 0.3986066558242259 0.3680175736082236 0.34415082701823096 0.32472972900928576 0.307092305815689 0.2883093459871988 0.2664780429657151 0.24175757786497348 0.21682074450201072 0.1961857218954925 0.18363694218061352 0.17823236194739123 0.17734220540102366 0.17760751988043394 0.17709296309969788 0.1753766483145977 0.17266762552382425 0.16936632684457822 0.16705809661332016 0.16746814885286346 0.1712342578640695
0.08627318157236125 0.08496898907959566 0.08740647167472479 0.09835956542889165 0.1174387037523858 0.14218587091268253 0.1725133264982075 0.20897022779643865 0.25062770309679494 0.29604641799513115 0.34455327122207213 0.39603127509995756 0.453161010569792 0.5290122820595645 0.6221061129985609 0.7053064862655826 0.7438759528995951 0.7321309870083613 0.681277224852683 0.6121080584774141 0.540309462746693 0.4764323425964411 0.4229314733327836 0.37897539366804167 0.3422776069474148 0.3103798045127229 0.2808970622295135 0.25237807619594543 0.22479437607773717 0.19937392301799325 0.17768971442857545 0.1635663820195264 0.15850004640127058 0.15858042617563675 0.15972931581611483 0.16047990022703779 0.1605396283178735 0.1601282711435948 0.1594918289225765 0.1592436997119539 0.16159551730936647 0.16748525180813623
0.08926717986427743 0.08997642041423838 0.09508178285842797 0.10649655844117249 0.12496439847477109 0.15024265253028557 0.18245277465820584 0.22185262117870533 0.2669062288526174 0.31664183544197944 0.37016489859721335 0.42792256275818996 0.49597947658483127 0.5862835677861811 0.6972948901647705 0.7989433890857927 0.8544085690152147 0.8496865814729273 0.7885044096590219 0.6941876278257678 0.5942991090619261 0.5060465615003104 0.43286623605248015 0.37378472867860607 0.3259329339141398 0.286176992208809 0.25187415521392936 0.2211755269256922 0.19368330789717708 0.17170113972328124 0.15594622318126827 0.14665524134706884 0.14372684014177828 0.14554673097150722 0.14805940707525114 0.1496535115151193 0.15095071839940802 0.15227371027541978 0.15377192276660362 0.15565291845530332 0.15978670199003564 0.16777129528256612
0.09257606716617817 0.0947715232523057 0.10136004654441781 0.11347312914345724 0.1320460667532347 0.15774820400666037 0.19134189688533285 0.23281102551618907 0.28088773759251756 0.33484236077958396 0.39319065125135827 0.45432417027116595 0.533245514676635 0.6573039624504388 0.7996783263358951 0.9243883575035373 0.9739837958302239 0.9321481273815373 0.8290413596587912 0.7023005121534718 0.578529170812457 0.47373277834048144 0.3909533808533482 0.3272131019604622 0.27829308787955503 0.24009435696494197 0.2096474236453081 0.18501740218945387 0.16530223834725183 0.15025685555257964 0.13975674139331729 0.13389310091657067 0.13285919417860584 0.13624339470401037 0.1405561716974655 0.14280044737822756 0.14545113493237316 0.14847936303777645 0.15197347103242462 0.15612888222309354 0.1621552776004488 0.1723622783202986
0.09532837408473023 0.09840798788858275 0.1058089381023405 0.11840119418267774 0.13718454153885112 0.16324440111551028 0.19780459476761814 0.2407058182151593 0.2915669674794126 0.35029695467308875 0.41620695248798845 0.4891620836825946 0.5881719319696757 0.7501175911855975 0.9348893357617825 1.1013555066458869 1.1398228629685327 1.0305275244726768 0.8595617826572258 0.6871247195412943 0.5390451476037977 0.4227323065694396 0.33613540062361563 0.2748815485622804 0.2320020471403895 0.20108796854292266 0.1777885986117845 0.1597064423525995 0.14568487207098185 0.13532562331355727 0.12839584210203756 0.12498572011544873 0.12540570798311876 0.12959513923414248 0.13453122242276178 0.13901064897894924 0.1435434543719833 0.1485273338678232 0.15417336342425128 0.16074905908966067 0.16878707956581007 0.18034786310185805
0.09701893174142259 0.10046224711764953 0.10815104509172445 0.12084374881034549 0.13956712311676214 0.16561706644104407 0.20052030908870333 0.24425902814014666 0.29732126457327535 0.3607883567148643 0.43626654086270056 0.5298927701740029 0.659264331710266 0.8435859633309207 1.0792182920089655 1.3288531652578859 1.354776064933564 1.1167410165904401 0.8678146673362965 0.6572862538982703 0.4934036778782882 0.37236791242226963 0.28761297938128616 0.23191716986385438 0.19642587229427702 0.17288548832736747 0.15584561864734192 0.142855995573939 0.13295910427554267 0.1258921302826529 0.12147771413699153 0.11989787355958927 0.12155758293993456 0.1266501500724096 0.1327350608256259 0.1389673412317261 0.14551231785846858 0.152682136219461 0.1606083766779727 0.16914234145141996 0.17863313563214828 0.18981397555567484
0.09737608010763081 0.10073105473230562 0.1082325345632446 0.12056914639284846 0.1387617630654774 0.16419905518775613 0.1986584361214086 0.24229826389055203 0.2962360044309094 0.36247065345877316 0.44407571907331256 0.5491224673857803 0.6906810867793769 0.8824134896946608 1.1316487392137717 1.4286197678780548 1.430311489325818 1.1101472382323614 0.8307919767770358 0.60983090263482 0.44399154289247794 0.32391476949204373 0.24228973706865264 0.19419666184902942 0.16895073445423484 0.1535556523011749 0.14219967237102388 0.13317820823857782 0.1262561930594965 0.12150935937225896 0.11890299398039483 0.11878097627715149 0.12166220864879451 0.12792830036505964 0.13539988387529128 0.14332572468471527 0.15169135222180746 0.16060120682142384 0.17017893636538067 0.1805504004439822 0.1904993871349034 0.1993713943298431
0.09603915003863144 0.09915414539966251 0.10604503091519264 0.11755101103472416 0.13466049924673928 0.1587702353490391 0.1919300557554145 0.23422691144345592 0.28709799053133805 0.3527488448033936 0.43431356062902016 0.5387298349607808 0.6735467992349692 0.8428569611685357 1.03643619912524 1.1960310130887857 1.1783147523388764 0.9826260714671696 0.7510001375755926 0.5517884720760969 0.39808003732032954 0.2841933848757336 0.20352955757997593 0.16151487028263858 0.14939372381054702 0.14160170741342254 0.13509852251239624 0.12943138777647875 0.12477518910190928 0.12171232926270574 0.12046853528208967 0.12158972628728953 0.12569009390756672 0.13319439666942767 0.1418742557246239 0.15111999069809748 0.16099469059023871 0.17160711436576473 0.18310027813042154 0.19401313986705135 0.2019005562598583 0.20826564726284877
0.09293323210357518 0.09557113271828833 0.10172840091295261 0.1119810039301488 0.1274785094371932 0.149681267615394 0.18064870773787117 0.22035559370242266 0.2701681058183929 0.3319581311187452 0.4079487675845311 0.502722009238477 0.6185185096479309 0.7512371153762287 0.8818255134880817 0.9654024847810411 0.9472445717741548 0.8274228434103408 0.6589731565823851 0.4962097885097369 0.36350648565245947 0.26234252123038165 0.18910810098480652 0.15141375228446532 0.14290512509736428 0.1379084262634092 0.1341075741636598 0.13056623423090302 0.1271633457964555 0.12509910656352244 0.1248948124140101 0.12717202018369916 0.13258664931465056 0.14147279336507923 0.15148363825433137 0.16224323720853362 0.17385477498581178 0.186343879592939 0.19778135779458791 0.20665380277795348 0.21205918941360294 0.21572163845754813
