_KRIGING/CROSS_VALIDATION_CLASSIC/MHZ/GZ/train_3/MHZ_GZ_3_train_z_710.asc
ncols 100
nrows 74
xllcorner 5.5967023332191781
yllcorner 50.982320383219182
cellsize 0.00019249356164376555
nodata_value 1.7014100000000001E+038
[rows 0 to 18 of 74, columns 43 to 85 of 100]
0.0492228495000239 0.0455105305934847 0.0415368895548155 0.037369927869345 0.0330772334202154 0.0287306330648175 0.0244117258348993 0.0202169994520227 0.0162610056184653 0.0126761308090105 0.00960792120440586 0.00720569351065965 0.00560917114234422 0.00493291153460478 0.00525106664913254 0.00658530096082367 0.00889834212560431 0.0120946862927433 0.0160286225621998 0.020518303903928 0.025363432699117 0.0303635342393045 0.0353338928235118 0.0401169653802675 0.0445882444142415 0.0486567992968997 0.0522617662326348 0.0553666524636535 0.0579533789811376 0.0600175666285779 0.0615658476105847 0.0626151884547705 0.0631935597700355 0.0633409330380541 0.0631095769137531 0.0625629179438313 0.0617727032812226 0.0608147051301433 0.0597636012270501 0.0586878636775621 0.0576454653667793 0.056681005069172 0.0558245364985459
0.048241549804379 0.0439349106238031 0.0393740007519872 0.0346519465890534 0.0298590539855458 0.0250861695682074 0.0204291824255007 0.0159935120377709 0.0118971549324886 0.00827085082230236 0.00525426750391895 0.0029878040193826 0.00160057523290638 0.00119616113193535 0.00183850921065302 0.00354071049896464 0.00625907347967031 0.00989400671369602 0.0142978835612499 0.0192886298306332 0.0246666183229881 0.030231874764061 0.0357987393113836 0.0412059281610658 0.0463211637970538 0.0510408495873611 0.0552863122362798 0.0589986754037929 0.06213436679534 0.0646626752724205 0.0665658738242797 0.0678414831860837 0.0685055286782043 0.0685953147682787 0.0681703602582207 0.0673106294363727 0.0661118961567106 0.0646787855668429 0.0631165696487837 0.0615230323464528 0.0599816414915689 0.0585569256046042 0.0572924679558643
0.0470654404664939 0.0421664441720049 0.0370306609783721 0.0317795471371965 0.0265289681147445 0.0213907610398382 0.016475717784306 0.011897067579586 0.00777321502426481 0.00422838313883146 0.00139002854697086 -0.000617524920675072 -0.00168291802623183 -0.00171976431216074 -0.000678735627631974 0.00144275541037764 0.00459553567394391 0.00867974274312611 0.0135521515491445 0.0190385484417033 0.0249488386108101 0.0310920439218815 0.0372885452669471 0.0433777862363236 0.0492209329699599 0.0546993152021637 0.0597104885123118 0.0641641924030648 0.0679802413094197 0.0710895757384596 0.0734385722406816 0.0749955928988887 0.0757579565656409 0.0757572401493433 0.0750611197099476 0.073770730827457 0.0720135408177548 0.0699327094954538 0.0676746279795901 0.0653766163505678 0.063156602945759 0.0611060879011365 0.0592869752775232
0.0457062700158999 0.0402425547159617 0.0345693562612154 0.0288385678889174 0.0231935199248637 0.0177682806296567 0.012688665448634 0.00807435302528683 0.00404113189281995 0.000702082113062746 -0.00183344246379388 -0.00346375328091041 -0.00410168200880814 -0.00368346216472301 -0.00217795936576032 0.00040585393916924 0.00401515713564583 0.00855454097936029 0.0138923973474553 0.0198713122401717 0.0263203312510128 0.0330665287267487 0.0399435914594161 0.0467960614992021 0.053479206673116 0.0598558158017596 0.0657921567478621 0.0711556088765899 0.0758160005150378 0.0796515776271601 0.0825591112785185 0.0844663152558844 0.0853438620071756 0.0852140956735765 0.0841540925474299 0.0822918585851628 0.0797958775108109 0.0768595690698663 0.0736831652275241 0.0704558678431621 0.0673408854530174 0.0644651857153595 0.0619147738675809
0.0441977459119764 0.0382244353390456 0.032077227312972 0.0259391003706644 0.0199814967252049 0.0143609927681926 0.00921795760128946 0.00467699220526796 0.000848516559529083 -0.00216947530283661 -0.00429059546893165 -0.00544107438398296 -0.00556296027976377 -0.00461910561813177 -0.00259879957529849 0.000477556724481715 0.00455631610590047 0.00955201849718219 0.0153524506102161 0.0218263034119377 0.0288315481479404 0.0362223481186781 0.0438527171521796 0.051576157094223 0.0592418760435538 0.066689496170288 0.07374498733976 0.0802206153529601 0.0859208938876981 0.0906550487315866 0.0942547198810788 0.0965940219376859 0.0976081022310201 0.0973062635279119 0.0957765951634929 0.0931806706129901 0.0897388182749257 0.0857082788674025 0.0813578093089664 0.0769427284150641 0.0726839938842607 0.0687538297204102 0.0652690027617188
0.0425962137468111 0.036195480709153 0.0296623895281524 0.0232099494686146 0.0170368780571948 0.0113214095986077 0.00621734624432203 0.00185259396976722 -0.00167004701327265 -0.00427055043555558 -0.00588883039840088 -0.00648247397844494 -0.00602578600413169 -0.00451029851409537 -0.00194623078723904 0.0016360998126223 0.00618600721033523 0.0116340129516669 0.0178952155946193 0.0248735236133128 0.0324651722641785 0.0405598203456047 0.0490380676601696 0.0577653679546922 0.0665837355115781 0.0753039173623282 0.0837013808599718 0.0915192378738747 0.0984800281722275 0.104306338069742 0.108747999422973 0.111611681154961 0.112787588991046 0.11226806573221 0.110154167028909 0.106648490572606 0.102035134432805 0.0966500355172494 0.090846552971045 0.08496169392547 0.0792877988884941 0.0740530504951372 0.0694122608200069
0.0409774822608672 0.0342555287315549 0.0274458358310802 0.0207886094958893 0.0145074401275392 0.00880018485781452 0.00383230506036732 -0.00026661847380105 -0.00340298428421622 -0.00551629175023885 -0.00657423129792602 -0.00656696711715424 -0.00550175576582176 -0.00339863748799796 -0.000287368311752509 0.00379473101246065 0.00880452926094938 0.0146947590283976 0.0214153946941108 0.0289138869364872 0.0371329972562507 0.0460050734477523 0.0554423435307917 0.0653240845579354 0.0754830178659928 0.0856945195991799 0.0956727342073236 0.10507711220345 0.113531215437749 0.120653127862613 0.126094042643021 0.129579272208357 0.130944694363385 0.130161903828562 0.127347107136517 0.122751706138687 0.116735889180675 0.109729603763751 0.102187337120379 0.0945437794472242 0.0871766557866538 0.0803811006176492 0.0743574571421992
0.0394296343790059 0.0325110505158022 0.0255493224956145 0.0188073602246441 0.0125297495947728 0.00693082358042323 0.00218534451823109 -0.00157699800103507 -0.00427261498125649 -0.00586065577479383 -0.00633608146283456 -0.00572052706801603 -0.00405247460789607 -0.00137805453847456 0.00225665784240865 0.00681146257301875 0.0122558687607939 0.0185708106042005 0.0257478146038451 0.033784819857412 0.0426777148146091 0.0524070116462395 0.062920048739937 0.0741105727930534 0.0857991441582368 0.0977190152639167 0.109512431187197 0.12074134777846 0.130914331173581 0.139528250146731 0.146119983985381 0.150320589835539 0.151902979627673 0.150814618630842 0.147189086057964 0.141334057899059 0.133697541412568 0.124818029827327 0.115266805150059 0.105591399332814 0.0962681950856578 0.0876697072530638 0.0800489205391159
0.0380425473493115 0.0310623725034708 0.0240806326967381 0.0173771103849867 0.0112123044433568 0.00581297528729803 0.00136038858610246 -0.00201708227888969 -0.00424590030927618 -0.005303611905836 -0.00521008064932965 -0.00401515407227258 -0.0017846213992344 0.00141367747341699 0.00552204953473177 0.0105023525683 0.0163418563475284 0.0230549398057184 0.0306799275506512 0.0392702703642065 0.0488794253084757 0.0595394396720369 0.0712344827847113 0.0838722504820523 0.0972578856187286 0.11107624566265 0.124888437029534 0.138147157517774 0.150232542355288 0.160506335191776 0.168378121140276 0.173374070045214 0.175197061493383 0.173767750084003 0.169239077748253 0.161981361484787 0.152540349185535 0.141575347654805 0.129787650488453 0.117850426119196 0.106349931756265 0.0957448925104168 0.0863469727314046
0.0368956991168586 0.0299898751040683 0.0231184766261797 0.0165714779326527 0.0106194296157226 0.00549690300282109 0.00138864437284679 -0.00157949615909662 -0.00334336718251965 -0.00389649133959208 -0.00327973913866073 -0.00156619678758692 0.00115664046280184 0.00480501415693538 0.00931522770255798 0.0146563743727065 0.0208380795052113 0.0279121229828573 0.0359669357074053 0.0451141243388019 0.055466624949063 0.0671090454918982 0.08006229687783 0.0942465460725418 0.109448398465274 0.125299402714902 0.141272848346246 0.156704002175188 0.17083542989652 0.182884402076423 0.192124552182814 0.197970114757277 0.200049294261043 0.198254237611919 0.192758689992751 0.1839999957028 0.172628431549563 0.159432503217374 0.145252562186875 0.130896195826337 0.117067267555686 0.104316834331271 0.0930194608686149
0.0360464355848085 0.029341649225613 0.0226997710919928 0.0164140379224879 0.0107589458700671 0.00597211240834493 0.002238780016659 -0.000318638182509115 -0.00164413174581655 -0.00174393706712443 -0.000675008836147961 0.00147238391053961 0.0045956080496686 0.00860144202648011 0.0134259844915133 0.019050308382292 0.0255098655281871 0.032895993854872 0.0413481791700027 0.0510361229773625 0.0621314026673845 0.0747697868942049 0.0890071260064824 0.104773946596391 0.121835930965706 0.139768664134883 0.157954705210406 0.17560876810935 0.191832631671986 0.20569596124976 0.216333624811828 0.22304567927875 0.225384214231627 0.223212397674067 0.216725342703982 0.206428973584518 0.193080477155837 0.177600519099433 0.160971749133198 0.144139382757863 0.127927788179795 0.112982725258883 0.0997433669551391
0.0355210318952763 0.0291251261730383 0.0228119670418862 0.016871510049105 0.0115764182118179 0.00716289530190914 0.00381401494178152 0.00164820168634805 0.000714984474061445 0.000999126477946283 0.00243295035647217 0.00491540751517609 0.00833544636237697 0.0125966742311556 0.0176401905326067 0.0234626783510343 0.0301272096488684 0.0377646222744342 0.0465637637939728 0.0567495068161561 0.0685484450789578 0.0821437648628153 0.0976229610499538 0.114924558916447 0.133792243671661 0.153746031811451 0.174079606852494 0.193890242693563 0.212142930199411 0.227764116874514 0.239754123121476 0.247302336133611 0.249887084081174 0.247343473204205 0.239887386652807 0.228091346713981 0.212816395131474 0.195111660276064 0.176098224329619 0.156855334217624 0.138324871977487 0.121245112063232 0.106118498703715
0.035310520698271 0.0293046660103263 0.0233924130225853 0.0178548600926792 0.012957918530527 0.00893264751688479 0.00595786618322014 0.00414787480890987 0.00354762104280121 0.00413663447866532 0.00584172649501254 0.00855709379603579 0.0121693442763311 0.0165842578757209 0.0217518384906523 0.0276863166420135 0.0344780814510159 0.0422949467405831 0.0513706943901251 0.0619796243170348 0.0743970855911702 0.0888478333563398 0.105446530017249 0.124137470806291 0.144643039569558 0.166431670635097 0.188715419504178 0.210484160965321 0.230578042326253 0.24779291466356 0.261006436695022 0.269307075197372 0.272105832308587 0.269212107120506 0.26086059351656 0.247684471494042 0.230639549285129 0.210892363307973 0.189690734741669 0.168236869318569 0.147580722320566 0.128545920462364 0.111693538921832
0.0353724341164458 0.0298060771724363 0.0243355640447903 0.0192289786394795 0.0147418407409787 0.0110973968588526 0.00846890515707547 0.00696684949888077 0.00663357382941321 0.00744684476528019 0.00933251690156714 0.0121850661111454 0.0158935434894369 0.0203696745727526 0.0255744425520787 0.0315394878690058 0.0383799099760078 0.0462954809931494 0.0555578893224714 0.0664825591314503 0.0793850399670459 0.0945240769350895 0.112036206023289 0.131869716433849 0.153728409785608 0.177036892757155 0.200938334016387 0.224332211426005 0.245953697344804 0.264488840714976 0.278712105901399 0.287626931293109 0.29058741078143 0.287380937864531 0.278257623208056 0.263901356978761 0.245347572899542 0.223861816567793 0.20079917221361 0.177466329158698 0.155005519320327 0.134313688242951 0.116002697783792
0.0356384884996334 0.030527755850725 0.0255074097278987 0.020830041745431 0.0167386656583725 0.0134473045025801 0.0111232345537735 0.00987386557338907 0.0097408550556608 0.010703119859236 0.0126890952930345 0.0155971616412306 0.0193218807770961 0.023782757513958 0.0289517383965359 0.0348755475910551 0.0416891408591868 0.049616964453832 0.0589593596217893 0.0700624894185162 0.0832717732557459 0.0988711250393147 0.11701322796485 0.137649256797096 0.160469167963811 0.184865009885098 0.209928799573883 0.234492868380149 0.257214342833761 0.276697509339025 0.2916397957179 0.3009808934434 0.304031860353828 0.300562891553247 0.29083475781269 0.275568478125969 0.255858546074591 0.233044581773672 0.208562573830282 0.183798717280526 0.159966187097203 0.138019019217331 0.118609308916141
0.0360270827115004 0.0313568603647109 0.026765115521263 0.0224881888371181 0.0187560412713745 0.0157733453499478 0.0137018530261073 0.0126470232813331 0.012651579670581 0.0136977958022652 0.015719031427541 0.0186196115358653 0.0223008197698756 0.0266897685330153 0.0317673054499096 0.0375909061063891 0.04430861560686 0.0521604841413018 0.0614646251381792 0.072586139083405 0.0858888695659821 0.101672401486453 0.120099779271131 0.14112470842052 0.164429778133844 0.189388579478946 0.215063619436492 0.240248145476776 0.263553553121314 0.283535892270035 0.298846741555433 0.308387338021425 0.311442093956819 0.307769535335532 0.297635185716523 0.281780755314631 0.261335052742817 0.237681867576326 0.212306562585175 0.186645040960215 0.161956054661134 0.13923152286819 0.119151379118685
0.0364585404054874 0.0321879541458298 0.0279788483893648 0.0240520944410119 0.0206254585867953 0.0178952752109227 0.0160189846369106 0.015101500365195 0.0151881299342508 0.0162659698634833 0.0182744665975455 0.0211244160145802 0.0247233225490041 0.0290039642845019 0.0339523230846458 0.0396307479461411 0.0461922757934307 0.0538823981933753 0.0630252679691328 0.0739925079974408 0.0871545771170465 0.102817157734258 0.121148146231888 0.142104135792842 0.16536805270821 0.190310920496536 0.215989716361552 0.24118945925358 0.264511189286937 0.284499310068047 0.299793494363362 0.309283953570076 0.312246103785211 0.308432556993492 0.298106854030424 0.282013197615089 0.261287516725063 0.237325051477763 0.211626179322886 0.185644183485666 0.160656026721629 0.13767095577544 0.117383656493743
0.0368705040692603 0.0329410677320814 0.029052308688297 0.0254115867211223 0.0222263976934544 0.0196865978453763 0.017947059914395 0.0171137015494277 0.0172356594826842 0.0183056480178314 0.0202693594207383 0.0230433580969544 0.0265395449117765 0.030693138837986 0.0354903673667484 0.0409917042732725 0.0473465113551826 0.0547952991201214 0.0636565488428146 0.0742962411710692 0.0870800551617847 0.10231071034419 0.120156004284755 0.1405763401579 0.163263234338901 0.187601551510733 0.212667199125976 0.237268251255372 0.260031125458748 0.279525428593599 0.29441300242615 0.303600440386051 0.306371627700067 0.302478683080513 0.292175983851149 0.276191534950947 0.255640734167791 0.231897214402353 0.206441856740926 0.180713071948887 0.155978970723483 0.133246061731308 0.113211297975173
0.0372308766564246 0.0335762299011057 0.0299386918210987 0.0265147536022419 0.0235041706712293 0.0210926352925166 0.0194344363304916 0.0186380286488542 0.0187573398992887 0.0197909725012692 0.0216903202173702 0.0243762233166846 0.0277623879790161 0.0317826198868761 0.0364181129009058 0.0417206395076689 0.047827491623057 0.0549643897708035 0.0634333328215321 0.0735835832399244 0.0857657890189508 0.100271688209157 0.1172648036366 0.136710624428724 0.158317319189573 0.181499194557934 0.205374117747575 0.228802519546443 0.250469541555803 0.269004264617906 0.283122255840103 0.291771702545847 0.294260788211328 0.290345661337851 0.280264292799878 0.264710576475922 0.244753256724797 0.221713421373062 0.19702044265367 0.172068250223595 0.148091602225674 0.126076487670429 0.106711497063147
