_RESULTS/CROSS_VALIDATION_POSTPROCESSED_80-20/MHZ/GZ/5comp/5/MHZ_GZ_z_90_kriged_reverse_5comp_spherical_5.asc
ncols 100
nrows 74
xllcorner 5.5967023332191781
yllcorner 50.982320383219182
cellsize 0.00019249356164376555
nodata_value 1.7014100000000001E+038
[rows 38 to 56 of 74, columns 44 to 87 of 100]
2.4859188003429313 2.460574174486492 2.405984748493318 2.3327708417257673 2.254464613175694 2.1718070319925475 2.092008983211249 2.021859494768975 1.9713098284052544 1.9419961857976933 1.9322615904646363 1.95305511439666 2.0042086724627843 2.0811377650134633 2.1787545235137475 2.2924219998025706 2.4163297894667872 2.5436538316376662 2.6645983174120724 2.8092579338188792 3.0372685656676732 3.219846280564713 3.3343925860531254 3.3754527433920143 3.379217525083944 3.3777270200805356 3.3799555433031814 3.394785402527011 3.4306332228004868 3.4956175563970007 3.592239966208846 3.72470896417323 3.899286416308365 4.115294647545328 4.372208950412952 4.6443249439148415 4.903025966571643 5.106842842892845 5.187824541843607 5.0961059349478655 4.854386910107575 4.534240594425017 4.190194469447774 3.8566852144262485
2.4928910134595355 2.459670538943473 2.396078920002397 2.3173092930308994 2.2310310022862434 2.1385869680647573 2.04926861220119 1.9743542304112554 1.926125615542677 1.9041246765506232 1.9027736896301237 1.9197479070419985 1.9650799597591067 2.033870201552141 2.121410516724318 2.2236435739761147 2.336117273316453 2.4548443238912054 2.5806717343819674 2.740974678859729 2.944973495734678 3.1234976250395587 3.2354329103518826 3.2685175912027074 3.262037232098722 3.2548845108512072 3.25757021311703 3.279435223354527 3.3229152758749816 3.392898365927146 3.496239440071221 3.6406881317525954 3.8198526010802967 4.027841622732945 4.246907183257761 4.450693164920452 4.628373710340482 4.751248679653577 4.782335916441506 4.698137779686623 4.518658876991804 4.27765132748111 4.005133463783547 3.728449540996025
2.5171040336677466 2.4770661617849776 2.4073399402051816 2.3235058945447946 2.2280776512961045 2.121991837950591 2.01786977800867 1.9344032269083238 1.8891943791453214 1.8784689478350773 1.8934855503580224 1.9259352676745545 1.9698840064689818 2.032461994243405 2.112913188102885 2.2083937590620275 2.3164815050696888 2.436982607890116 2.5756364989057134 2.7455711444355093 2.936240250505597 3.1109868185013854 3.2177554083556013 3.2273801428977165 3.1876394779505435 3.1563955839090747 3.1461423122162877 3.161189143607346 3.2044875989416055 3.2760599432573234 3.3762102079220604 3.523900440982179 3.6993087686769344 3.8792895680139723 4.044299329551939 4.186641024617182 4.299634072159406 4.369082357280806 4.378108444746862 4.309807328651213 4.173064566110231 3.9885887333561727 3.7766237589514864 3.5540490837117065
2.557866062304397 2.513151523100366 2.4433233313061757 2.3567041060548055 2.2525222473550226 2.130142122673499 2.002837308245208 1.901359816630608 1.8627319147365196 1.8758767298798031 1.9132068883488187 1.9617276374329065 2.017270487051874 2.078827926675692 2.153191933073505 2.2436189566694047 2.349038812403385 2.470498646952216 2.612395489993715 2.7808982608344 2.9701530265798413 3.155462487008081 3.2733254966705436 3.233135218880876 3.156810223077147 3.096130914553083 3.0644053216816234 3.06228754068719 3.092269489510304 3.1580997061879756 3.2594477102581156 3.3918812268273335 3.5366787473568335 3.672823804687312 3.790893045142612 3.8882511139401736 3.962038060010458 4.002898087963854 4.0010748959434554 3.9436431579460813 3.8365195463429256 3.6931478388867602 3.5288067238884855 3.353527281087491
2.6138065297676967 2.5707412207842815 2.5077786863633453 2.42328965202766 2.315221569316427 2.1793486350806153 2.022499052310474 1.8762708594240358 1.8643076510348318 1.9126047348262423 1.9685426864685125 2.0290260490504615 2.0944587853625696 2.1654854210810126 2.242817967347343 2.3285180463872313 2.4296197400143096 2.547753019318906 2.684920682683395 2.8431615840293016 3.019351915826617 3.189323738655366 3.2914248289811474 3.2387333235778906 3.152621077068394 3.0716841462396816 3.0221265309983583 3.0045833576096688 3.0201501850030734 3.0718577938012435 3.1533863771171227 3.2513009184935258 3.3534889571938264 3.451461472557925 3.532553837279361 3.5969898021790523 3.6422381442875262 3.663035921732537 3.6535979228111986 3.603553380476141 3.517462173386956 3.4048004404162233 3.2766297545375784 3.1418732803252345
2.6821132479240024 2.651633811499259 2.6023691034798704 2.5290057517332882 2.427394313873111 2.2918581842751284 2.1273136242222086 1.973024756959494 1.9612863699429783 2.010514935392054 2.0677505195128076 2.1309354987586215 2.200686238188167 2.2776360292102966 2.362318858727495 2.4553480595845927 2.5574089511610234 2.669511953742763 2.7955494481011196 2.935572078176344 3.0836350389411264 3.2098663738776096 3.2701917930919455 3.2422295892505963 3.1695440527996346 3.0849045356800513 3.021013655436623 2.9895173847059304 2.987108084859627 3.0087104239954674 3.0497983888976177 3.108696427680621 3.17325594811695 3.232779099205643 3.282158355537405 3.3213942813650936 3.3456317028165197 3.3521758657076193 3.336976510273187 3.291732622913071 3.2206392415652623 3.1309822594125847 3.030974431867947 2.928281144032186
2.7648313657552754 2.7529249545954704 2.725086032069144 2.674729290735212 2.5934733580632856 2.474870568374432 2.330843509919893 2.209016987911135 2.160198534334392 2.1709808987114134 2.210232627030637 2.2657162986840462 2.333597049002382 2.412421910452616 2.501404050142674 2.5999113629004653 2.707150158288473 2.8217453296365558 2.942144222251924 3.065236496137763 3.184461421900526 3.27718231203204 3.313068435251126 3.2847735603440613 3.2190958303649797 3.1366872819429488 3.0535425699334713 2.9954033539115574 2.9632988119077734 2.950092765631647 2.953820938506786 2.973125678266516 3.0038893313722115 3.0310282327466993 3.0514980548663377 3.0673847014737334 3.0753754472387382 3.0717830908856074 3.05178396201353 3.0093097896570686 2.9486915321866904 2.876116652891427 2.79822238395223 2.720870404016742
2.869236454778179 2.877312532092763 2.8744329698892166 2.8557047952839647 2.8085951733383987 2.715649242742581 2.5856574232458787 2.462502935799165 2.3882527873632964 2.366455715407854 2.382700390076633 2.4251402552437797 2.4870908749653386 2.5648078827864924 2.655762299321865 2.757653903164063 2.8677951742657015 2.9823323923790603 3.096834093137742 3.2058641659290563 3.3023799931528486 3.3704243848638704 3.385246632638575 3.345672505836741 3.275426388717293 3.188399065821839 3.0938376089184314 3.0077396276559187 2.9454108017781833 2.899667656388459 2.869385156607993 2.8537848119888904 2.8507639792497175 2.8517382629663426 2.8507667935036665 2.8471386936787852 2.838727865127132 2.8244386293020733 2.798429519354839 2.7567895816909904 2.7030252077071886 2.6427282955735834 2.581988766662498 2.525688128743656
2.988749694873842 3.0162001054364302 3.0393668951475226 3.0579118240875043 3.061345286683464 3.0017140246313003 2.8559783692123157 2.7121910166807712 2.614679387958639 2.5693779616541708 2.5666734146109653 2.5966222526268306 2.6519109351786083 2.727515824398659 2.8195631057554107 2.9241962942277784 3.036670899341091 3.1506631922300645 3.25873234636836 3.3536654314965144 3.428854102246828 3.4732139467605734 3.465638968312765 3.4103926267365794 3.3304316993354703 3.2354809401480686 3.1333994641307226 3.0305181800825407 2.9374176402771837 2.860935817598819 2.7998601838003108 2.753626640651979 2.7204026213648724 2.6995736052177697 2.6822503389979837 2.663976450283165 2.6433753867466656 2.6195300740849117 2.585486489730965 2.540474106896334 2.4884371238149336 2.4351020563741077 2.3868312537545284 2.348334205061735
3.1087114144371104 3.149836431323287 3.1905786269196836 3.2355779897183683 3.2921298543404456 3.307989549888207 3.0879944434898112 2.92410877265528 2.815028457005155 2.7580360025813686 2.7445342734512725 2.7664452748209376 2.817166510909978 2.891601524139366 2.9854394871550802 3.093904476494934 3.2103137643240562 3.325472580439351 3.4284427025974744 3.5098813993854616 3.563860680465573 3.5830034175383987 3.549851507586979 3.4764516873732854 3.383147576412643 3.2775199380214857 3.166430817439361 3.055417242405274 2.9430622989904394 2.837284245667459 2.7481340496867963 2.6748632578586546 2.6167029350209945 2.5772524233009664 2.5474791564395463 2.5183463544036497 2.4888948920727962 2.456988796362325 2.4159737143177695 2.366958872877213 2.3137523142326604 2.2627487858495607 2.2225023692443506 2.1994579208898224
3.2204924255066865 3.2660003931233224 3.308107337020864 3.347250705562229 3.3766571569336783 3.346218171497778 3.2118594209664635 3.0743680365911765 2.9719173726836843 2.9166572319533386 2.9021460165554 2.922194542905573 2.971956850644686 3.0472849382781693 3.144594737008586 3.2595227403379377 3.3839365310603053 3.504545110143277 3.6055722970534934 3.6740986319740108 3.7051760326633856 3.6952785995261284 3.6327220642780738 3.5395951411986424 3.4304290284829517 3.312345222420178 3.1913532923160104 3.071882271399785 2.9511396353339006 2.8308612183375637 2.7167780437683455 2.6195496089843577 2.5430579576456815 2.4875658031955834 2.447660747526521 2.4106325216099145 2.3750490512700417 2.3358742610653747 2.289197652345236 2.2362533167205494 2.179953115324186 2.1265138690383703 2.0888374970682437 2.0806618581090794
3.3203721008316056 3.3613032278330737 3.391545787718471 3.4065577347358835 3.3998443006144408 3.3561955008015594 3.2675998312076024 3.167629144879341 3.0869615669441015 3.0383459778696618 3.03023355287766 3.054253303866325 3.106756308037115 3.184969706328564 3.2869739879970883 3.411647312341696 3.550944241929778 3.6848348646228746 3.7891400085984857 3.8446907898832983 3.8482951337533002 3.8027765818551003 3.7089624643395935 3.5939222766234837 3.467649790338777 3.3366126223957857 3.2058099772695368 3.07848927982829 2.9508767953133197 2.824730207206344 2.7031399679548507 2.592493956018741 2.501298397311275 2.432858624148857 2.3840586201785428 2.3414675597313845 2.3008870452840138 2.2558266087965024 2.2053346355552343 2.1499648404732836 2.0910731867200787 2.031666969455141 1.9851529026027375 1.9969240497374574
3.4084458495963816 3.4390841276397244 3.4522499081050513 3.4433009266451045 3.415713429163768 3.36817224309501 3.299918082983208 3.225834075846269 3.1643084742238066 3.1275473941391576 3.124569941008304 3.1563259329384112 3.214207235744704 3.296255142346475 3.4014562489716273 3.5375417065462 3.702260402712164 3.8612276936111396 3.9778467325830507 4.0183272704211666 3.984438058716697 3.8939107967955877 3.7693533380142052 3.631866162993492 3.4891967018027055 3.346379628555549 3.2071109466076164 3.0735676622919055 2.9412045836457255 2.811388957118397 2.6899049529682926 2.581439989377312 2.4890565188373275 2.4143041690174507 2.3583624635954625 2.311956311195771 2.2659158338455496 2.216953536896262 2.1649413635311747 2.1102465896271285 2.0537573291486915 1.9971675695948832 1.949015236621078 1.9754774692237416
3.486623761459773 3.504296397329497 3.4999558550211693 3.4715225957086435 3.430087511981498 3.3793136455799817 3.3203614909371133 3.2615165625268423 3.2138502648892633 3.1850580721844324 3.182519306714451 3.214957944102799 3.27615908634332 3.36174588294424 3.471420886569674 3.6185170111495544 3.8101011847987967 4.007303376068823 4.161282529352437 4.183698023186395 4.093836440749557 3.954563388215167 3.801427484673417 3.644801661246217 3.489270287916569 3.3378192114017873 3.1927714998486247 3.055542710520989 2.9215155441477343 2.7942009512413977 2.676993187596645 2.5727656262664453 2.484508131559276 2.4137721419137157 2.361730528770753 2.316306522746927 2.2683008041770227 2.218385465075979 2.1674119322846646 2.116496163268412 2.067521816697103 2.0249197529320764 2.0012418723253473 2.013480593751858
3.5567448838873665 3.560355083296997 3.5394030017875564 3.494682214623597 3.441683221981659 3.38638380757854 3.3304946027416404 3.276421800969352 3.230395805400247 3.2010139669688416 3.19527109424362 3.2202033489207715 3.282084845665506 3.3709167731339633 3.488859984566856 3.6439575499236145 3.838844766174322 4.063499199665134 4.298733095193978 4.278783048868381 4.121176371838829 3.958323060938011 3.7918824812473897 3.625009084265384 3.4632253221254508 3.30810644216475 3.1611085373912093 3.0250408525031562 2.89662701340377 2.7756818394406015 2.664826499898068 2.566892229221901 2.484780265096756 2.4200931384166524 2.3728571167314185 2.3294417741452524 2.2837720034587385 2.2368139242246556 2.1897670793121193 2.144322303113211 2.1032216382191953 2.071394361392443 2.056378473663235 2.0638420153989334
3.619591466340425 3.608423913961356 3.571599811765918 3.5122187926486497 3.4478552569556933 3.385208666124942 3.3209320528430903 3.2600171383716416 3.209376358591208 3.1757684580357797 3.165187586911431 3.182823593623719 3.2346143832879664 3.3190071123426175 3.433617017795542 3.5805581092640706 3.7585729274476822 3.9575685127513998 4.134834334990871 4.137302707329613 4.018143708649224 3.8744103588844565 3.7230739046509953 3.567357160936719 3.409295741861338 3.2579752839212057 3.1170266985019914 2.9882393832114165 2.8686627253323866 2.7563823815602104 2.6539293445050705 2.5643013359987816 2.490272307997939 2.432370921475992 2.3881226092037604 2.347527437934802 2.3051535780627246 2.2621530978809044 2.219966779089315 2.1805486548933097 2.1467500961052393 2.1223683428397435 2.1115946172898914 2.1168819931354337
3.6745253144870023 3.647599320844767 3.5951516245213964 3.5219457301946684 3.4432588316820536 3.3629204390819956 3.284495857919937 3.213068812706646 3.1541005198491443 3.11295554924706 3.0946137061630172 3.1036432261437596 3.1443869154380475 3.2164280588335905 3.3145986573437516 3.438473972573634 3.5820807293343866 3.727967868355571 3.836740122409065 3.8666506190021965 3.8135476920878117 3.715294686686374 3.59676634735396 3.468088859180332 3.333790308155957 3.1967395588946927 3.066220038485269 2.9470783882097873 2.838586415704167 2.737123386918139 2.6450155953720356 2.565595225119106 2.4997801733632796 2.4464923684584803 2.4065162572807695 2.3693758458260072 2.3308896360973543 2.292318784424692 2.2552505417568947 2.221621520098056 2.1938074489704347 2.174522866618967 2.166260153233279 2.170293423917717
3.7192416565336583 3.675071119297968 3.6069218920803303 3.518290060064873 3.416374037477425 3.3163382508186885 3.222118821059753 3.13795816025366 3.0681818630665365 3.0170180073817465 2.98848168997733 2.9863468467127263 3.0141660472754275 3.0731770834837704 3.152285683777912 3.2486561472395064 3.356592117835662 3.4615640557587724 3.547675751260799 3.5901006112779625 3.5760326011521544 3.520695897649955 3.439888438159548 3.343709576174847 3.2379845132017713 3.1262470953093144 3.011439772316438 2.903954318795885 2.8077976827033795 2.7190180137337845 2.6388053967545964 2.568295490286245 2.5087446930360904 2.46154238584671 2.4269564920326663 2.3937004931322616 2.359474079767171 2.325577242076282 2.293508339224543 2.2649951204345995 2.2419634032112503 2.226362161885977 2.219785328208007 2.2229870425134264
3.749174371786692 3.6859541191981453 3.600797194605143 3.4903097648652333 3.3654431927132715 3.245840176662821 3.1354817657889154 3.037733327064735 2.9559306329234873 2.89334065645237 2.853123247464783 2.83829088247692 2.8516313525415957 2.8949328191711245 2.957580971883995 3.0324876998856043 3.116492771552736 3.204199685556218 3.283032982389811 3.33032759338323 3.34037688878663 3.318007027476692 3.2711913857083235 3.207008151283869 3.130642287707293 3.0457448415091957 2.954967362202573 2.861946777429532 2.778060571381711 2.701416369515782 2.6305374642273853 2.568416665118451 2.5167858671744976 2.477244988054891 2.4485717206740736 2.419501151807021 2.3896742895655536 2.3603468728039454 2.332901881657262 2.3088359308378847 2.2896914889484212 2.2769038029875586 2.2715623963460327 2.2741588361978855
