_RESULTS/CROSS_VALIDATION_POSTPROCESSED/MHZ/TZ/7comp/1/MHZ_TZ_z_0_kriged_reverse_7comp_spherical_1.asc
ncols 100
nrows 81
xllcorner 5.5967107548124995
yllcorner 50.982328804812504
cellsize 0.00017565037499993607
nodata_value 1.7014100000000001E+038
[rows 19 to 37 of 81, columns 0 to 41 of 100]
0.09707646068129092 0.09791415632670185 0.09847951604007876 0.09877066813219465 0.09870664363857853 0.09827347541024638 0.09748262133914662 0.09635061312685049 0.0949118555270912 0.09321905451509221 0.09133735587152987 0.08933823719741002 0.0872949932719664 0.08527983728784037 0.08336222139199491 0.08160968372882373 0.08027693072510467 0.07949936927682295 0.07926061738049915 0.07954157987746939 0.08032115221803618 0.08149868349515654 0.08270425289354157 0.08381977665341746 0.08463991901738856 0.08403886564486107 0.08186328919866168 0.07831670122379848 0.07365181055953425 0.06791457800821535 0.06149795289931303 0.05487029143620944 0.04842664367301988 0.04246867508789987 0.03720423632866769 0.03276733097657908 0.029258960212513122 0.026721362191980902 0.025160836051409997 0.024541446737753544 0.024774296289768287 0.025769261124684445
0.09605524670988795 0.096892399248882 0.09747372605487939 0.09775806181551558 0.09764982125944158 0.09715727863736347 0.09630289462112168 0.0951176289946608 0.09364386031610882 0.09193533014540119 0.09005429840462702 0.08806790770595195 0.08604510340168153 0.08406482841656639 0.08220844938630957 0.08073323510043541 0.07982031849469252 0.07945399436506129 0.07962567775209582 0.08032483176022934 0.08153264209481885 0.08310171264165667 0.08467326792971272 0.08613736015817246 0.08691927757887087 0.08595477209754257 0.0833025629494341 0.07918936077231338 0.0739306344445424 0.06787604264663791 0.06119646778628095 0.05428864710036324 0.0475730677647243 0.041369288935498856 0.03589452960111218 0.03127866525883039 0.027607368031841044 0.02490905883088302 0.023172284242509916 0.02237356092550108 0.022494059409630097 0.023471434219767003
0.09479835191522899 0.09560791401029216 0.09617798740979643 0.0964271868060672 0.09628227858602292 0.09575645140852554 0.09487520394981355 0.09367469914299666 0.0922006882599545 0.09050698609448662 0.08865324151040468 0.08673221902482207 0.08482881080280032 0.08298406481641282 0.08139604897439341 0.0803579131231303 0.07985976890985842 0.07990292708804723 0.08049970543663391 0.08165670928695644 0.08335554091848739 0.08535670920497088 0.08735717385680786 0.08920231619462114 0.08980031053904577 0.08846079894747373 0.08533242926767891 0.08068261078413387 0.07482142068398222 0.06814704305341059 0.061038881240052946 0.05377578964168685 0.04670982704204005 0.040201943389672264 0.03448165490046477 0.02967066303846705 0.02582685343061007 0.02296991950719982 0.021081758387689636 0.02014561364519173 0.02014974900506241 0.0211036839658524
0.09341936722028128 0.09416896296074903 0.09467838757045385 0.09485870110132891 0.09468327227703711 0.09414433962854388 0.09326476382363215 0.09208114675663509 0.09063895500439273 0.08900593704896745 0.08730312230817246 0.08557033857114041 0.08383919659535509 0.08221048098186282 0.08107264938087708 0.0804593076801666 0.0803630831017529 0.0808053285457066 0.08183349226030713 0.0834914806644253 0.08573363477790923 0.08823946018779796 0.09076148521437241 0.09298551434345198 0.09348119913814547 0.09184573649956249 0.0882416566448532 0.08295239549599881 0.07624805207812213 0.0686470816180116 0.060663159962311086 0.05278565429992605 0.045376601998234706 0.03862224731575493 0.03271221420397174 0.02774664513199742 0.02375715743229808 0.020756238921298832 0.018738990179164538 0.017725288738135468 0.017737266541209135 0.018751253876686694
0.09281457487597607 0.0934667893049751 0.09381804283427436 0.0937742883183942 0.0933427511102432 0.09258262538215749 0.09157476060842422 0.09040317844822246 0.0890672391954629 0.08764791314742319 0.08616633591967061 0.08464486883548057 0.08311088311579003 0.08190542847274034 0.08122272921453005 0.08103168686205815 0.08132620217025094 0.08214231070948833 0.0835827045562827 0.08578434774011913 0.08862688867429483 0.09175071699529108 0.09489552830557074 0.09753491967373529 0.09806284521619113 0.09622491682040149 0.0919359164357359 0.0855382016477167 0.07767726571583639 0.06903519110589704 0.0602262109055447 0.05169485902124492 0.04380975460680009 0.03680225329566237 0.030774560864705317 0.025718511427722458 0.021621791682001873 0.018478184211488304 0.016295235825062013 0.015162148921039396 0.015201088040115926 0.016383970165744718
0.09324320441751438 0.09378800320444589 0.09396591904060687 0.09368734412159521 0.09297676117603643 0.09190285694895305 0.09055524473340809 0.08910432718528673 0.08773247372162364 0.08650358159555926 0.08526638355231535 0.08398203124732519 0.08277208724351516 0.08205995757344739 0.08184719775041008 0.08209732627724946 0.08279124749953717 0.08394926139224837 0.08571791433438083 0.08846264841694947 0.09204406000315649 0.09593123320767771 0.09978620676527702 0.10293003084214365 0.1035496682039817 0.10106075259829475 0.09575769943123709 0.08823770456727022 0.07924479476136502 0.0695577932683068 0.0598785852853198 0.050741001895547276 0.042437819985034146 0.03515971427905567 0.028970238449736944 0.023836047244031745 0.019674292573517854 0.01641059668537615 0.014010870115768148 0.012638272339124472 0.012720866756770983 0.014204606068926375
0.09471630745971966 0.0951430387601484 0.09513045773730376 0.09459807705600225 0.09358732358379097 0.09217965482476831 0.09053861604989709 0.08887665400591323 0.08728035174718513 0.08583602071169745 0.08462963048524588 0.08360500478539327 0.08286258528906694 0.08266116067556947 0.08295288732477948 0.08369717498200321 0.08485861841756351 0.08640753379201756 0.08835177924872907 0.09150956948320467 0.09615443728327816 0.10087877970946543 0.10547155553355357 0.10904152328760672 0.10924300751469294 0.10601882931817372 0.09977256792130386 0.09117116242533288 0.08106066794109225 0.07033498835923238 0.059789811394422174 0.05001601971258237 0.041350878087064225 0.033878940845046036 0.027606717861110488 0.02245058194917141 0.018276909269830686 0.014951229853355053 0.012342107133785795 0.010450569318375466 0.010624410079535443 0.012646336142869944
0.09727629033968413 0.0975721513154656 0.09734537043738052 0.09652780333360263 0.09518403629603986 0.09345149789084704 0.09158207420724282 0.08967876776593589 0.08783444736019515 0.08614227024979097 0.08469195217269712 0.08361179671323204 0.08335577392326356 0.08368970799936058 0.08453417842303272 0.08585478773486484 0.08762424360809809 0.08983051714079227 0.09247302337214758 0.09622715234533505 0.10132973943999216 0.10667185691918017 0.11175679328452905 0.11515526038946235 0.11497845041487653 0.1111502320670165 0.10406883048192286 0.09443684960012853 0.08320400496158029 0.0714137072676949 0.05999246825811387 0.04959459471174429 0.040565820211367856 0.03297328100143712 0.026704708338575144 0.021625676061601457 0.0175655152309861 0.014364868760593489 0.011880656762219338 0.010122095428682984 0.010312168810040635 0.012273392101294666
0.10099836126698603 0.10114886340688269 0.10067561561398364 0.09952100292881123 0.0978080951495616 0.09581337664562077 0.0936685283260944 0.0914771361247862 0.08934693458951021 0.08738104193904025 0.08567494717330784 0.08445665624867095 0.08427368503221193 0.08511320476201703 0.0865576528003747 0.08853455673080277 0.09104507672076766 0.09408672210018704 0.0976672928844579 0.1020896384369993 0.10738677900442373 0.11304415968363285 0.11790138741152309 0.12108600133041443 0.1206626600471663 0.11643548237523269 0.10869559204102375 0.09810633655985229 0.08571419357824032 0.0727818309383324 0.06043767332944518 0.04942168153386159 0.04006191614170156 0.032384725650522646 0.02620146764185584 0.02129046985316247 0.017455968409183335 0.01454388436372948 0.012468585379282835 0.011341665129611328 0.011514623249278759 0.012961425639653511
0.10599167853390302 0.1059825937836289 0.10522917289972683 0.10369013679012702 0.10161964275258492 0.09929754805661892 0.09679904379437003 0.09425219990140879 0.09178209098207483 0.08950349975757954 0.08751873929064784 0.08617866447077552 0.08596376264914389 0.08692029136182894 0.08896385612275401 0.09164684704399653 0.09491121737764537 0.09867074187185226 0.10300366846596565 0.10802286223528261 0.11370925346560179 0.11911436568212065 0.12356721273379845 0.12655542946918272 0.1260602159272939 0.12173048802432784 0.11363984386707474 0.10222288878544226 0.08857530485769781 0.07433927260032737 0.060986136977528554 0.04935507482506764 0.039717211355915716 0.032001149533910984 0.025965457454828336 0.021290746984870296 0.01774574977132685 0.015172425901178118 0.013484046966677453 0.012708239462972441 0.012926038812867394 0.014119959583971343
0.11239854619740743 0.11221253683817722 0.11113463778554852 0.10918918038419591 0.10671936882961587 0.10393834558604984 0.10097877216644999 0.09798742825878057 0.09510662029610292 0.09246324755076232 0.09016649403220454 0.08868600526724005 0.08841186428399574 0.08938349275750995 0.09168432678766117 0.09502545431742247 0.09889412256887825 0.10329008889195188 0.10824277589729894 0.11378557152514242 0.11952489235802675 0.12443372219255147 0.1283649920542738 0.13109236192351426 0.13072887589486124 0.12666213856075395 0.11876159038922525 0.1068032489427462 0.0916675684467342 0.07583020074642802 0.06137547494485067 0.04917266899961034 0.03934197149576162 0.03166959983103939 0.025825640589320884 0.021437177785240225 0.01821072306685831 0.015969951138472657 0.014602791614518159 0.014060306706302195 0.014332967754660558 0.015432584176326437
0.12039403150888334 0.12000166955470087 0.11851483322733655 0.11610462946071462 0.11311356800384002 0.10974840192356304 0.10620198634369732 0.10265745381433741 0.09927915552978415 0.09620671766975702 0.09355982390892786 0.09188697621889101 0.09151607149047725 0.09247521112415501 0.09475325660347654 0.09838703094099722 0.10280795275338539 0.10775959366881396 0.1132197114564858 0.11912431875775577 0.12442343629206715 0.12867624757891188 0.1318869990146981 0.1340788474584005 0.13388305363022943 0.1303896167328441 0.12352671721356742 0.11184277470689778 0.09454519139303849 0.07668844729120326 0.06119585323366067 0.04859422234046277 0.038721878576444144 0.031202100666318865 0.02561218282361151 0.021549343205839226 0.01866490516565758 0.01675401796082113 0.015667601930564854 0.015309077555085064 0.015672625836808122 0.016769691401659702
0.1301886740416431 0.12954290245530345 0.127526821466008 0.12453008315180968 0.12084453375750116 0.11672867901810031 0.11244284989660544 0.10821610555905821 0.10423884391373459 0.10066283813122216 0.09761504141738116 0.09567823648471267 0.09510176767213388 0.09586959399457 0.09801806438648583 0.10162176219060469 0.10650722957618118 0.11193914166905657 0.11779491470736804 0.1236247360100766 0.12824801501698865 0.13160871300941204 0.13380264784994905 0.1349630776798096 0.1345428416673919 0.1312508582856575 0.12556733380699722 0.11735793974353588 0.0953069663776625 0.07589789766749011 0.05997339863900528 0.04735927145451378 0.037670834981465846 0.030435476239284283 0.025179724947295624 0.021481760249878978 0.0189731108212424 0.017402709984077325 0.016574185373315266 0.016416215658527723 0.016911962315251175 0.01807175354794033
0.14203097616620175 0.14106206025687515 0.1383697676245002 0.13455121205444698 0.12993635814290333 0.12485139574090245 0.11963959689817592 0.11458137481142151 0.10989176712375502 0.10570840772621529 0.10213021315275597 0.09972247086960592 0.0987815978263363 0.09929165106781335 0.10127412301830442 0.10478369452619793 0.10986159420746405 0.11571545587910856 0.12185972985997864 0.12720738838959855 0.13093201698758497 0.1331264654069424 0.13397139249860757 0.13365015946183054 0.13213798482189276 0.12793861692109726 0.1207089153288915 0.10885556694404551 0.09083019547567964 0.07274818547232537 0.05748748684224023 0.045359198812185184 0.036095155818395674 0.029268292314779346 0.024421065919206526 0.021137530619373228 0.01904922546613199 0.017824373130219437 0.01728777707417346 0.017369273002520665 0.01805296905124663 0.01934619100965124
0.15595957657058257 0.15465424540791628 0.1511066546609278 0.1461371294922564 0.1402782069793427 0.13393912709192066 0.12755438382945428 0.12144820170442545 0.11584311339013938 0.11088428705087336 0.1066637899620461 0.1036919144076808 0.10232302651673839 0.10252194818356528 0.10429648348251304 0.10768758812222776 0.11274609980650305 0.11898942296168116 0.1252526946594402 0.12990332041349692 0.13249023021145326 0.1332559797612091 0.13249323523765966 0.13040354466410894 0.12706126966990944 0.12149558428088321 0.1124476580130933 0.09965010336716311 0.08395010678463222 0.06805520744467523 0.05407485970503566 0.042736644607828965 0.034036986949535934 0.02768352948255462 0.023289708012886046 0.020472073803049627 0.018837513145914527 0.018013938222340323 0.017849998960112995 0.01825689656252332 0.019204185248255467 0.02069932461552909
0.17183049939896042 0.1700623504961873 0.1653250949560469 0.15876312714401433 0.15122727436002015 0.1433215392862352 0.1355343739809406 0.1282266320146889 0.12161970746702915 0.11584136280394881 0.1109611816093786 0.10736110100877103 0.10550107782540316 0.1053277170861633 0.1068373275774846 0.11007045576276966 0.11508018023490722 0.121636075567831 0.12795974792222398 0.13178539004254397 0.13295377069580622 0.13208883694126516 0.12963372658711309 0.12578261323641665 0.12056727163270207 0.11373772772427064 0.10397414825162128 0.09141954754811311 0.07721041119877815 0.06304340207203384 0.050350103654056774 0.039849720127437566 0.03170191525936199 0.025775546837021275 0.02181618815405738 0.019502122922209743 0.018398364384610823 0.018096385599687854 0.01839011561976621 0.01918372388870747 0.02045112893003191 0.022204968123038717
0.18978280623082744 0.18729636923539472 0.18076973959861775 0.17197358115032954 0.16223087472668055 0.1524477116124779 0.14309615126772915 0.13451142437168348 0.1268774826912674 0.12028018988200924 0.11475184338105753 0.11050674757412816 0.10809859562606373 0.1074831583497725 0.10864221021967568 0.11162267268105973 0.11652152400232628 0.1233515548926677 0.1300435879569329 0.13284468637618566 0.1321968880694895 0.12967174272569365 0.12569142194182337 0.12036738269533527 0.11372083698917615 0.10573412669954835 0.09601837962251737 0.08416924396212391 0.0712263927271965 0.05843951797266896 0.046855819841440265 0.03709113727681082 0.0293728068277134 0.02371772698258819 0.020104751860327456 0.018360053952127815 0.017913857759646053 0.018229792426121008 0.019048765313186184 0.02028103070632406 0.021914323594676405 0.02396928959186762
0.20994541118091076 0.2062336884685579 0.19688510119020708 0.1849967844247469 0.17255262988172593 0.16062203894890878 0.14966657195471023 0.13984012580800462 0.13124189317001886 0.12389204529101397 0.11777315088637962 0.11293282689598914 0.10993534399123188 0.10880674568569952 0.10950111735880533 0.11205018919101921 0.1165645606376725 0.12323270231867448 0.13070688454275944 0.13204665423402526 0.12970847236543268 0.12598913482007396 0.12094168369829712 0.1146188231491677 0.1070783116865436 0.09840376584561408 0.08874896535647217 0.07787857734572136 0.06616346967739842 0.05459619120249347 0.043993451186024886 0.03486671249846648 0.027438826168777162 0.021825560924727105 0.018303338016113984 0.017190904569503077 0.017607032649797263 0.01863245007873779 0.020011477669733803 0.021703991445191088 0.02372504442397938 0.026104644704402248
0.23242427272373123 0.2262620511456617 0.2123081359894093 0.19643535131199097 0.1810669500966266 0.16703925841782163 0.15460088780733575 0.14373308254440448 0.13434917254783796 0.1263938954772326 0.1197981040537618 0.11449814976624534 0.11089908846433125 0.10920452155255209 0.10932453690954871 0.11123742665744461 0.11496667875574254 0.12049526112418617 0.12586263708661674 0.12728269676057793 0.12523152251705702 0.12120649256456252 0.11569112663842103 0.10888831955349458 0.10095668950493772 0.0920757412534944 0.08248348008637542 0.07248337121244994 0.062036779898255894 0.051657753817787526 0.0420166059698685 0.03354589422481034 0.0264718138084113 0.0208402593544457 0.01662805485644114 0.016517828899400473 0.017973563105022027 0.019640554227473503 0.021516810351526718 0.023636094613941335 0.026033424533603078 0.028738654503560435
