_RESULTS/CROSS_VALIDATION_POSTPROCESSED_CLR/MHZ/TZ/4comp/3/MHZ_TZ_z_355_kriged_reverse_4comp_spherical_3.asc
ncols 100
nrows 81
xllcorner 5.5967107548124995
yllcorner 50.982328804812504
cellsize 0.00017565037499993607
nodata_value 1.7014100000000001E+038
[rows 38 to 56 of 81, columns 43 to 85 of 100]
1.4089989447943447 1.3226629399604704 1.2341561438732642 1.1458830875165367 1.059931652395517 0.9828215411211934 0.9433442024011007 0.9462276330210386 0.9914257976730652 1.0763436158442006 1.1923180785784369 1.3376157698175621 1.5101172985870817 1.699299628288141 1.8914880382203187 2.0837500843117143 2.273278666557329 2.454307419291529 2.6159274110072457 2.7435710728800937 2.819850967042783 2.828430469189926 2.758965676712634 2.6096857346448026 2.394831938467623 2.13035896862854 1.82957660861182 1.5089843032514734 1.1827932966387986 0.8810104800463965 0.7207914491816755 0.6659666199691884 0.6328618229119471 0.6111674695726361 0.6003280085206816 0.6003376615224678 0.6118892867513624 0.6432190291273786 0.6961138019122036 0.7455894267547052 0.7812684542522338 0.8029728765101776 0.8108107472726545
1.3526791970146501 1.275748799332865 1.198935265918923 1.1223971139022673 1.0479977651970354 0.9783049813428505 0.9381403238931305 0.9385734693487654 0.9783216966885115 1.0539367619857989 1.1577470048381533 1.2881741492763235 1.4436886776499251 1.6175337024003016 1.7927446554112805 1.9659280546723263 2.131953405836732 2.285307062264957 2.4172627423420305 2.516050672033603 2.5693187121596845 2.5665044286283805 2.5012561062404073 2.3751675813596496 2.19301852150988 1.964865860146253 1.7067266426308045 1.4347053251898472 1.1659777444277313 0.9306701887084312 0.7729881285633982 0.6902623660096985 0.6447883029462385 0.6194639696335561 0.6091004451342266 0.6136827562655187 0.6360224821455459 0.6776786743394445 0.7360842257576576 0.7841499304271451 0.8173918260948981 0.8356172762311862 0.8391512282886384
1.2961837768327578 1.224837628860975 1.159117963090936 1.0956055178809199 1.033944676156371 0.9756328418666892 0.9339960785832042 0.9293862656167657 0.9610082793339525 1.0247311093458384 1.113487456836859 1.2261050882918925 1.3613462817445456 1.514485118522858 1.671315337492089 1.826549689367737 1.972993355263246 2.103728899847968 2.2127690685301578 2.290919393282088 2.328960589312076 2.3183676105745805 2.2559656869222726 2.1447514200218234 1.9915431351685242 1.8029988180227452 1.5913312877936359 1.369436711863337 1.153458942793633 0.9633535088157561 0.8188268731628168 0.7276171011729753 0.6724312758199031 0.6418400925395015 0.6324530936255764 0.6434382339421068 0.6743763719042927 0.7255905432665187 0.7853540458106263 0.8313404775283885 0.8613933767759847 0.8755916326697477 0.8749831199410003
1.2413179402047738 1.176411969430609 1.117602113268629 1.0653474654216073 1.017717689040375 0.9720644512126535 0.9318235742810718 0.9208085797859135 0.9430719677667329 0.9925517559598834 1.0637182141370967 1.155849518114642 1.2683989128057163 1.3990576583904517 1.5352535518104302 1.6714618769945995 1.8012306143739574 1.9152825147711567 2.0073209227353175 2.0710687805704056 2.098055639588319 2.0828129852018993 2.0236021712910595 1.9246846634263937 1.797079949812042 1.6475648340182003 1.4793094119686734 1.3030988225378881 1.1315322055921193 0.9773546303357697 0.8506239900122703 0.7617376274185323 0.7046988121981732 0.6749637744350421 0.6697625667336435 0.6876710926644275 0.7280296387538081 0.7883037652906901 0.8443248754954504 0.8864611636967072 0.9115969379985625 0.9205168742772027 0.9155555615894851
1.1894193216053104 1.1320248243041398 1.0811074244069698 1.0367628095797206 0.9984870162350232 0.965274177158377 0.9341581532009837 0.9166394773539793 0.9285470644500995 0.9619677611216358 1.0133079011763764 1.0823107660570828 1.1696340947263737 1.2758550121228671 1.392336759210248 1.5107349097444045 1.624322622579991 1.7246028839802183 1.804045725032398 1.8567278958809466 1.8749004063741357 1.855854566110101 1.8017533686362819 1.718924940819282 1.614213852179513 1.4952566760476271 1.3657601579214977 1.229530395748237 1.0958134650051146 0.9728969326434762 0.8674049923718615 0.7893106069523533 0.7397954589859816 0.7157840371591383 0.7167271245103787 0.7428365034808575 0.7939293483081186 0.8583223354190592 0.9130653422456476 0.9520917162771432 0.9695853005795306 0.9701999585022589 0.9593293639693837
1.1406310054088205 1.090804416239265 1.048349679090241 1.0132562849124709 0.9844740795717324 0.9603894121546741 0.9393283427523326 0.9212755668989145 0.9220243127135497 0.9383883112083711 0.9680446609125624 1.011161237194743 1.070090080053249 1.1487607361830638 1.2460910349760999 1.3499423477439343 1.4517341573236935 1.5410825909121615 1.6084248353198682 1.6487776516342405 1.6604602477166006 1.6428221781677126 1.5970947138671368 1.5286107079782738 1.443528688846514 1.3485977031041851 1.251011960594808 1.150339445978386 1.051290652085822 0.9590781996077478 0.8768454178351797 0.8118477616986972 0.7727602090641257 0.7580555802884208 0.7688846157431983 0.8054119622927736 0.8654075219544419 0.9277066029057676 0.9848823664862139 1.0262617374405854 1.0307210400684512 1.0215195744259613 1.005259380126679
1.093788285132423 1.0519854370516528 1.0193774833687521 0.9957022172190355 0.9789906266321157 0.966577142895519 0.9558876905194303 0.9447618950400818 0.9321627792806313 0.9294884624886437 0.9355105244227728 0.9496521279708969 0.9755416105428197 1.0223769337240332 1.0994621374251754 1.1936676112255225 1.2883335413471229 1.3701171529714131 1.4297917940800875 1.4637909443515733 1.4725606043268913 1.456289832742902 1.4168720921231022 1.3598113362549764 1.2909494835411106 1.216327352969688 1.1429247237146143 1.0736278742598884 1.0062817453360426 0.9433965437403029 0.8829925592783071 0.8301932661823227 0.8019050491894197 0.7984465915507648 0.8212352606578384 0.8705861836127591 0.9300564694879296 0.9876452614750434 1.041619520076732 1.081305008528588 1.0800141858467849 1.0671277069753748 1.048514401319511
1.0499224780353649 1.0160643272206222 0.9947028974428908 0.9851016857253814 0.9835135829896509 0.9857673191683465 0.9883875641794959 0.9876583354795885 0.9750249543062856 0.9539170065491529 0.9352743899705489 0.9172105309987392 0.9029340554795657 0.9087520884366189 0.9640598561109393 1.0570343142392533 1.1506657786280696 1.2285209490433673 1.2819925658541549 1.3098559514831414 1.3151231163982178 1.299067600370277 1.2640949310165572 1.2156762681418616 1.159503196721467 1.10099265751165 1.0462882356119945 1.000940732413656 0.9611146929532217 0.9279219039345596 0.8882094856084464 0.8433869443363873 0.8258639330353168 0.8359085258436769 0.8728154816844163 0.9264683967946317 0.9816017520721838 1.0340661653664351 1.0784780862705456 1.1072910218004515 1.1136962735063116 1.1042842663719328 1.0864709421982037
1.0105265050343952 0.9832855305032218 0.9747552312968886 0.9828790078708441 0.9998444983662309 1.0196832726319578 1.038546381985965 1.049450926996439 1.0452199306605359 1.021998717767219 0.9831417880952456 0.9361630627506324 0.8794743498263191 0.8244366363950207 0.8571889850131584 0.9617130138675675 1.0547987537415988 1.1253398161385322 1.1698148510989348 1.1896283080578431 1.1895879884045493 1.1718632504943851 1.1391286163940348 1.0964731897726887 1.0495525853938625 1.0031370813651166 0.9624988572639224 0.9331383676065357 0.9132252026304883 0.8985737811309651 0.8761703681847742 0.8473047987271116 0.8440729072207067 0.8708052558893007 0.9164061045381204 0.9671276180616877 1.019022087992255 1.0674583114107534 1.1069843704437596 1.131911336743646 1.1408051158073065 1.1353277326382372 1.118860971001314
0.9791310346424075 0.9538621929165239 0.9608665692405796 0.9922796159949051 1.0305035359267078 1.0696833192334134 1.1055185891365567 1.1300629840003833 1.1387986452722585 1.1266411028326389 1.0882111734485422 1.0237913512753385 0.942398114745227 0.8511698543568285 0.8555317787294082 0.938512318745139 1.0131512994808147 1.066373193708759 1.0961752551382582 1.1045017840445905 1.096626358291743 1.0750032883485527 1.042246313727245 1.0026634797000837 0.9618980057000404 0.9240642690665601 0.8934897731746982 0.8744104442343247 0.8667898597031723 0.8607823300364404 0.8525228716247228 0.8458795087618429 0.8606001397591457 0.8967609130762441 0.9421937899534978 0.9924284267903498 1.0432818290606825 1.0900608358790764 1.1279952381411458 1.1529279941666506 1.1628868500572715 1.1600304221629725 1.1458466586159293
0.9664036957034667 0.93380192276677 0.9636895055307322 1.0204000940654534 1.0779954060469237 1.1352370774074834 1.1861486938620647 1.2268210608052026 1.2531558362283104 1.259105380803405 1.237181804699893 1.1820266826061017 1.09812691393018 1.0157615916754494 0.9807060789322609 0.9947273177543619 1.0258699665777338 1.0512888786588857 1.0606283674706931 1.0539915464875773 1.035864460484048 1.0082899900429947 0.9734915438771072 0.9348181228863555 0.8976844747861519 0.8657292469824627 0.8424161995914177 0.8309371593148687 0.8322525283063109 0.8361770528100216 0.8407445331211381 0.8497093852315727 0.8694213963020831 0.9033373178375925 0.9506206504838888 1.0032144267400862 1.0556062445624486 1.1029998522627926 1.1413383410754374 1.167434602607047 1.1792899434077002 1.17760204316698 1.1648142574677212
0.9826492734030567 0.977474627368819 1.0099553773558727 1.0704064793830943 1.1393178630075802 1.2081509507770922 1.2731689241370612 1.3318679237902702 1.3803843074026705 1.4119660826862042 1.4154648406910624 1.3791679783061377 1.3032236497755012 1.212405591845144 1.1396209695225397 1.0995643189681563 1.0821540728509351 1.0732353181036087 1.059342821398521 1.0357997821041554 1.0059431452646186 0.9710265965750333 0.9327327155010923 0.89352556799884 0.8582043432279841 0.8303320283990229 0.8127131638192733 0.8078472185975516 0.8171731900334003 0.8313334598718374 0.8419719352838271 0.8482219146079957 0.8629541426356443 0.8938647528242729 0.9432445617091916 1.0013816045089043 1.0575706499218884 1.107103780101693 1.1468106021911506 1.1742958536640398 1.1879977339829277 1.1872617074872325 1.1747474678306906
1.013805164765963 1.030989301678902 1.0714565756857786 1.1331860449367877 1.2053245427031754 1.2812294872044414 1.3579259485876587 1.4334586520987183 1.5053878368754174 1.5686808949694306 1.6094242022576022 1.5950802432773068 1.5126669984898848 1.404919330732353 1.3066013372115461 1.2294185756317884 1.1712694820168654 1.1258490934933199 1.086833721463199 1.0466450713854618 1.0049475684576297 0.9622350950736125 0.9197161243543626 0.8793376229786967 0.8447112219475469 0.8199278204057059 0.8073815870625403 0.8086507152238073 0.8212336196081589 0.8338637771089044 0.8391127334972461 0.8395602871199899 0.845481341812647 0.8704305175856042 0.9259853743211942 0.9905611312900616 1.0513727750288262 1.103268595582883 1.1442858506700253 1.1727885037476404 1.1875555260464081 1.1879090961279808 1.179794496280868
1.0458383915806528 1.0786978699503378 1.1287850616266766 1.192901163229088 1.266724856021607 1.3470643326714808 1.4318854795047296 1.519946689868655 1.6105970229927975 1.703213866855997 1.7931372230586704 1.8157657080624705 1.6966538097701656 1.5641963178392997 1.4460892474961917 1.3482410099999564 1.2685093210177698 1.200074836541587 1.1382859989885126 1.0820235858792697 1.0304624406031961 0.980653700123006 0.9337688056764465 0.8914024666515927 0.8556263776826709 0.8299607347568893 0.8157411381563173 0.8132260693103353 0.8218545889575906 0.8313961148801555 0.8332669595246753 0.8316943944297679 0.8315885153208789 0.8453128405924936 0.9122340117607288 0.9778283324284003 1.0392298553294752 1.0921060303594392 1.133470468094873 1.1621230768780735 1.1774431935305076 1.1835971791626492 1.1826956962755035
1.0743386303922926 1.117896837932622 1.173291026207911 1.2400847439803713 1.316227640154505 1.3992355706838422 1.4877666468416328 1.5813589872495486 1.6793664061531766 1.7812071913411103 1.8822183005259354 1.9160524575698852 1.7985410136547295 1.6677321331413972 1.5462920929755137 1.4388947414367044 1.3463832405477096 1.2637346050205662 1.187424252903636 1.1178770566211793 1.0560411907674498 1.0008169602248502 0.9493980825986033 0.90268457248943 0.8626516935458135 0.8323430092170305 0.8143894049812317 0.8091268628020736 0.8158703899958903 0.8242491534706756 0.8262461629030889 0.8291348391125546 0.8378117169999149 0.8629501931821048 0.9116856374846966 0.9684750220107421 1.0236162120457646 1.0732452966912938 1.113548053123622 1.1430471111525538 1.1642030258941765 1.1774640315509692 1.1834062048337755
1.0939484451739625 1.1432199012243978 1.2025199494918801 1.2715527067554608 1.3490127415824993 1.4330557760470715 1.5217909226141142 1.6138389576459056 1.7074749844940826 1.7973720666775708 1.866712572396025 1.8774865284668265 1.8133977693387529 1.7128589145979938 1.6046132580402992 1.4995504369312647 1.4022067814913224 1.311523232789335 1.2255223052888269 1.1464081322227866 1.0745451505486316 1.0094734019360638 0.9512150388918684 0.9002123957889108 0.8564293429861 0.8223135937706418 0.8015653115476848 0.7952494281488762 0.8022640322167265 0.8111552356532612 0.8166964161510034 0.8265306051379893 0.8433795106731531 0.8714798595498274 0.9118534962591084 0.958774991190108 1.0056665217570855 1.0491715393113688 1.0888443603049593 1.123307884171717 1.150219037765928 1.1694813038548955 1.1814922724560364
1.1006727423435994 1.1539770474352051 1.2159604539250242 1.2862809071481232 1.363828033050601 1.4468819384438782 1.5332909216413226 1.6200897411967818 1.7038636510970497 1.7780290684010087 1.826999577196145 1.833313322385667 1.7925869079961947 1.718615183784926 1.6283361470783009 1.5323557919867645 1.436995950532307 1.3432511911217295 1.2521757916410945 1.167044440052028 1.0880014483751022 1.014899089832512 0.9477855573910406 0.8876365936220528 0.8368021752882029 0.7984329994980426 0.7757145289230845 0.7702537495460842 0.7796147725144391 0.7902594499446004 0.8018939794657788 0.8181325735416183 0.8399870963682289 0.8688477397524313 0.9048200340254213 0.9459191670007523 0.9888397945412892 1.0308293277017917 1.0699984594705152 1.1051013033871442 1.1352095656542502 1.159400699448113 1.1765276305790127
1.094325013864572 1.1502814224750977 1.2138105458805288 1.2844535396959145 1.361070940854867 1.44185917347271 1.5243834733904806 1.6051675728148542 1.6794039591721779 1.7414849457726116 1.7799227307042829 1.7859206469008106 1.757901828441042 1.7020422750933544 1.6277460871917475 1.5429031834992464 1.452922945588557 1.3604448085941174 1.2682887431761602 1.1802663700871965 1.0967991038388334 1.0181410028058855 0.9439771576336121 0.875033449795742 0.8149056020879359 0.7684882720865023 0.7420671711396971 0.7378748195961445 0.7504877036713928 0.7650519059450075 0.783360521214578 0.8054291908688334 0.8317619943508479 0.8630175338465009 0.8990529391098272 0.9385469523679963 0.9794865336674736 1.019871554569158 1.0580745720972449 1.0928806207043509 1.1233103138769485 1.1486970127301597 1.1686094965610963
1.0751696644443554 1.1326452986497013 1.1967729976124255 1.2669843422333444 1.3420596547685815 1.4200898344742152 1.4984928637115487 1.5737055277743548 1.6411283716805758 1.6952649999896283 1.7283247888100153 1.7353724005536735 1.7156457928015691 1.6723131963129583 1.6107917640983318 1.5364984251865206 1.45359192708181 1.3655335307683831 1.2755564247926363 1.1872377092295923 1.1017993942521631 1.0197304610837703 0.9406534217996245 0.8648964748650436 0.795594912877188 0.7384579043111583 0.7082833874587598 0.7109556548160458 0.7286998670382812 0.7498026890646787 0.7738009079511015 0.8004607264310456 0.8301316960848291 0.8631136218691124 0.899209374823729 0.9375671693147662 0.9768710497014497 1.0156782383228329 1.0526716054517267 1.0867605649311114 1.1169857630726574 1.1426488338677714 1.1632640848041
