_RESULTS/CROSS_VALIDATION_POSTPROCESSED_CLR/MHZ/TZ/4comp/3/MHZ_TZ_z_0_kriged_reverse_4comp_spherical_3.asc
ncols 100
nrows 81
xllcorner 5.5967107548124995
yllcorner 50.982328804812504
cellsize 0.00017565037499993607
nodata_value 1.7014100000000001E+038
[rows 38 to 56 of 81, columns 0 to 42 of 100]
-3.3245632527662736 -3.25567342415746 -3.188470955870402 -3.12481157082133 -3.066693890404655 -3.0164039754008503 -2.9779614861766683 -2.958348003191745 -2.9601768905130252 -2.984763581658952 -3.031258004846872 -3.096190451507329 -3.172244609782378 -3.2478569472483305 -3.317922863787913 -3.381234740054404 -3.435316435073615 -3.4779188734967703 -3.513030902945429 -3.5479692623433783 -3.582090520755779 -3.615211805002618 -3.6476651504386 -3.6802250807274404 -3.713992088734743 -3.7502068218225526 -3.7925394928993903 -3.8506386583432195 -3.92611454400253 -4.025143094095162 -4.148264927817676 -4.291136976727255 -4.444472612228565 -4.596614463048535 -4.72350534029768 -4.7494523902079955 -4.710208485349176 -4.653574575692043 -4.5864884612466135 -4.51028204926436 -4.4256521669616715 -4.333451065250674 -4.233573202184776
-3.2721352187991646 -3.197702275473664 -3.124596134433564 -3.0544830973364325 -2.989197204575102 -2.9317505144437623 -2.8899370493942635 -2.8679911682938415 -2.8699962770482337 -2.8993689577524013 -2.9562011329711524 -3.0358203860272477 -3.130342641965226 -3.2267763453236578 -3.316344764783111 -3.395043586799895 -3.4626900823118816 -3.5179141043883844 -3.564405483673528 -3.609024910389718 -3.6513506865812273 -3.6912811731025417 -3.729195990712339 -3.765840442601982 -3.802173707002005 -3.83917789215271 -3.8785234279483376 -3.929780853003189 -3.995706626762391 -4.07597539520649 -4.173204581210545 -4.28442476622087 -4.402428912980646 -4.513588005618042 -4.5927747534981 -4.616134739656081 -4.590414468023799 -4.537432597600461 -4.468997740204222 -4.389981526616049 -4.302828375290781 -4.209286697405564 -4.103154154722174
-3.2183534132446843 -3.139039656910954 -3.0607356657534286 -2.984804664550008 -2.9127979247131286 -2.8512199697382226 -2.8049198760195906 -2.77794870017907 -2.77708743784384 -2.8101464375824285 -2.8794790950317264 -2.9776064484044436 -3.0922945049940345 -3.211338141897324 -3.322012538158293 -3.4187749144239468 -3.500520382990916 -3.5690765087461847 -3.6258966148005665 -3.678532969733929 -3.7270667678079468 -3.771497593778687 -3.8122915317815864 -3.850224334942984 -3.886197847701145 -3.9210430728461927 -3.955504317954686 -3.99785204342648 -4.052483438210523 -4.118775399027156 -4.193468231394538 -4.271511916914909 -4.351963648336177 -4.425746147119257 -4.474960438583221 -4.48734847125292 -4.464121628846312 -4.414553012002823 -4.347329347921984 -4.268090088185409 -4.180426926038691 -4.085532613380714 -3.973408282905585
-3.164916347901505 -3.081770526950427 -2.9995291435465767 -2.919172697894677 -2.84385121415694 -2.7797442157379426 -2.7282799368964286 -2.693088286072232 -2.683575494617548 -2.7171216093564854 -2.803389028280671 -2.926324066711502 -3.0645708334091792 -3.204983680571081 -3.3368728917864163 -3.4527300854769254 -3.5504132790230156 -3.6315462645420813 -3.6975541167558132 -3.756238765930952 -3.808721495744436 -3.8551416973744264 -3.8961237590475197 -3.932563217995832 -3.965400482287097 -3.9954114297725174 -4.0230234755261325 -4.054867123586966 -4.09684897443526 -4.147919758254346 -4.202545623503401 -4.256846886619565 -4.306769593167421 -4.3475691530345415 -4.373304468931803 -4.372925151319323 -4.34574054861749 -4.29597914233858 -4.229149237881895 -4.150070017069953 -4.062560752264673 -3.9648510040715177 -3.8528505474119568
-3.1132661451226276 -3.027700579397518 -2.9433710169914837 -2.8611773222068826 -2.7871745566973543 -2.723107590824318 -2.66850150711628 -2.624207511338856 -2.596958125991455 -2.620423208653338 -2.7358693478740195 -2.8921943548006435 -3.055007712113375 -3.2139486488392013 -3.3643056446764925 -3.4987203254528456 -3.6125598995232 -3.7051994880150434 -3.7793496803647577 -3.841867692385198 -3.895810121826003 -3.94152314890299 -3.9799063536976496 -4.012097194414817 -4.039170611482328 -4.061924417644285 -4.080716292423517 -4.101023554980744 -4.129730664091601 -4.164490379580578 -4.199818796528387 -4.233282059351396 -4.261732982750791 -4.281418851105393 -4.288808935916923 -4.276514154437268 -4.242314724274062 -4.189369384268229 -4.121152649522758 -4.041417039219071 -3.9541375403669576 -3.8559282590231128 -3.746455268285432
-3.0644442473744498 -2.9781257635186646 -2.8940504543169556 -2.814696102963464 -2.7459396894040444 -2.686816799935212 -2.6357409906423714 -2.591115497524748 -2.5513924794058513 -2.52517565406306 -2.709788780425538 -2.893213686081908 -3.0727438002922214 -3.245543194569605 -3.4083212032010772 -3.557330858065183 -3.6855945454092307 -3.7893741656917492 -3.8709229644615015 -3.9349643584504648 -3.9876599239060084 -4.029758074289588 -4.062627007125631 -4.087814445579052 -4.106656986529183 -4.120050360955947 -4.128335570619216 -4.13658599550319 -4.151938489140724 -4.170243784699683 -4.1877312161329865 -4.202625343671917 -4.212625761852348 -4.21526403584947 -4.208533163709 -4.189140239337392 -4.151023373633855 -4.095631075490742 -4.025802461037983 -3.9448228751076497 -3.8591848921498197 -3.762463737831518 -3.65449475947203
-3.0189861344613123 -2.9336419452454403 -2.852443486801343 -2.7806360821120704 -2.721451165883145 -2.673326030930636 -2.635141254066469 -2.607371214608654 -2.5966073362954445 -2.6365407220988013 -2.768642188403543 -2.942298822659528 -3.1233998242321697 -3.301669268413911 -3.471641403075321 -3.6287013140213653 -3.7681034415906423 -3.8825672747685678 -3.970376003020837 -4.034691628862559 -4.08319922576427 -4.118525887688582 -4.142857982960717 -4.158383982693884 -4.166790358889053 -4.169085486136769 -4.165587810114809 -4.161643754425087 -4.16365892601218 -4.1664687228702775 -4.167834798111402 -4.166400326236307 -4.160529465950007 -4.148603120599276 -4.129428988208036 -4.101981735998894 -4.05962095884589 -4.001623191917112 -3.9299839575935906 -3.849598633549553 -3.7678960417285703 -3.672186518344253 -3.564774527607285
-2.9775527646111857 -2.8944189308111152 -2.8191105888427503 -2.75841451880467 -2.7128072314107343 -2.680733042339323 -2.6621072284777565 -2.6599230056156857 -2.6834222638722722 -2.750100798889153 -2.869913001003446 -3.027237475675032 -3.2010928199406843 -3.3784743777270285 -3.5514320573588942 -3.713762142893085 -3.8594341280829143 -3.9821025932916263 -4.075648075345172 -4.139960736002415 -4.180966222426624 -4.205982352638341 -4.218625650505443 -4.221977767742193 -4.218076619608054 -4.207960917099465 -4.19185380030383 -4.176053173774642 -4.1651840075774595 -4.1539512009629185 -4.1410311903853 -4.125411251138306 -4.105942754805438 -4.081565075268687 -4.051573534717946 -4.015831490230395 -3.9690336970679545 -3.907833820752161 -3.8355888580151203 -3.759768158005535 -3.6812296758490706 -3.586624761583691 -3.479569711136077
-2.9422917022815125 -2.8622076975261495 -2.7956720641868964 -2.748951177952254 -2.7199851417091025 -2.7067377117018356 -2.709472840106478 -2.73144274135498 -2.779292850754127 -2.8610828188054143 -2.979629395405663 -3.1278574287411485 -3.29390913179205 -3.467561403358207 -3.640883143470686 -3.8070465168433314 -3.9589026016970568 -4.087886131106236 -4.1848972930015735 -4.247977902425722 -4.278620512732446 -4.289186378095003 -4.286966901618194 -4.276019541294293 -4.258492188307894 -4.2352211393566295 -4.2063650648393 -4.179472789874607 -4.156722717234597 -4.133104874469949 -4.107798659596296 -4.080057513193337 -4.0490837498308405 -4.014191208749721 -3.9749820317380493 -3.931501502316976 -3.880883237765566 -3.81955171695826 -3.749871418267107 -3.678669366775454 -3.603339610972959 -3.5103480196938173 -3.403381402711209
-2.913125879842614 -2.8363505104456506 -2.7816849173317335 -2.7520577864127653 -2.7417077842630797 -2.7476485137054323 -2.7700879236422518 -2.8116509743814246 -2.8761299892104963 -2.9666205032632105 -3.0843329959798442 -3.2258437680348653 -3.384562526271298 -3.5532654825147603 -3.725307977280949 -3.894403465725385 -4.053444522224731 -4.1922862150425715 -4.295670578924385 -4.353858416836171 -4.371182047172101 -4.363231666789167 -4.343548284720385 -4.317105938001568 -4.285538081497465 -4.249119261515737 -4.208309768083248 -4.171465889528065 -4.138294098575893 -4.1041131799063795 -4.068368276197381 -4.030520375267621 -3.9900313146022923 -3.9464790179204106 -3.900076983527787 -3.8522791593272667 -3.801627138179479 -3.7418537957442024 -3.6756951768820887 -3.609222705011232 -3.538299553490078 -3.448626643243881 -3.3426963613397223
-2.8906519524400793 -2.8154856862162143 -2.77766263941433 -2.768779335367445 -2.777481206911973 -2.800905680375772 -2.8392128896349362 -2.893056836979869 -2.965645287013417 -3.059643581728901 -3.1756797265365946 -3.311746582987777 -3.4637818382020815 -3.626821792125375 -3.795839186352392 -3.9659153436242875 -4.131624642151313 -4.284488681179558 -4.402944807280852 -4.451966280680221 -4.446675787966212 -4.418917132033265 -4.382456678299516 -4.341623720852125 -4.296553609423905 -4.247852165799659 -4.196933095884248 -4.151648763373167 -4.109859034126858 -4.067061354890033 -4.0228894302067335 -3.9772799491989703 -3.9302547772447287 -3.8820065229212766 -3.8329986439904493 -3.7839962190319474 -3.7340977693028337 -3.6765078487969225 -3.6148858361548646 -3.55383686822021 -3.4895185183976944 -3.406726998932991 -3.3064608179628125
-2.8822199062235683 -2.799122318559185 -2.7915286571164177 -2.8041874757934577 -2.8286731857415095 -2.8634774796690947 -2.909402214256751 -2.9691466682503127 -3.0452641780108953 -3.1395313611845364 -3.2523314754328934 -3.3823900847715698 -3.5270305997833598 -3.682750110206527 -3.8457685145341145 -4.012357960034947 -4.178948556133106 -4.342012169984281 -4.495716195475 -4.520689216206042 -4.48649699488326 -4.446129258766896 -4.3991949586382875 -4.348545565944314 -4.294189771743365 -4.234265558004094 -4.175394623596908 -4.123228741563303 -4.075059808349781 -4.026409735665427 -3.977120645411147 -3.9272876501731164 -3.877071997259118 -3.826754331611867 -3.776847655011302 -3.7281351279118877 -3.679952341745268 -3.6254557001738323 -3.5691851200115274 -3.5144159618207276 -3.4575020549400177 -3.3832241223662085 -3.293012841499792
-2.9230838439581905 -2.8494139413372337 -2.8456297291993664 -2.864535247925389 -2.8929167679537353 -2.930272053305149 -2.978411327738383 -3.0393630932004387 -3.1149388333127033 -3.2063214487566696 -3.313715920088036 -3.436193537755629 -3.571789547261166 -3.7177719524333614 -3.8709181240412827 -4.027641993427733 -4.183747958886586 -4.332737650908511 -4.454076573412345 -4.491613510430133 -4.471261426560685 -4.4349825920773664 -4.389757836071176 -4.336244271366817 -4.276985862204381 -4.212926845515363 -4.150403840418795 -4.093232725151634 -4.04073766655593 -3.9884150782781167 -3.936175296996324 -3.8841304488614905 -3.8325187319168093 -3.781746281684021 -3.7324258817929152 -3.68540813427331 -3.639949928528671 -3.5893942713729685 -3.5366520663914134 -3.484185492180565 -3.4327697023552597 -3.3690652111940946 -3.293543967956961
-3.0073423414952134 -2.9534204608760235 -2.9353953288481405 -2.943368869785922 -2.9658288101056596 -2.9998002211814287 -3.045288965492385 -3.1032208657446145 -3.174616645423355 -3.2601331923302044 -3.359765201343671 -3.4726901778220363 -3.597250153583186 -3.7310108757179274 -3.870783589992122 -4.012429334517526 -4.1500716220824865 -4.273795818657629 -4.365459938761495 -4.409053144970674 -4.411015361466077 -4.38871823785358 -4.351888717362602 -4.303872878451886 -4.245404806541153 -4.18212431594637 -4.121584273745987 -4.063084574409993 -4.008399658353912 -3.9545481978251344 -3.9011996578146224 -3.848624456630017 -3.797204197360774 -3.7474704312437694 -3.7001399581724947 -3.656145139900503 -3.613187780290331 -3.5620119252735347 -3.5091993750914314 -3.4584944289973327 -3.412281667720526 -3.3605784090051367 -3.3003753272473797
-3.0990264407240424 -3.0560708850098575 -3.0319617185983607 -3.028966380425003 -3.042464629967895 -3.0693272881945832 -3.1085074279616367 -3.160008883117283 -3.224161064898549 -3.30116401731851 -3.3907944097603298 -3.4922222421891265 -3.6039045057175354 -3.7235041873619994 -3.8477527304648977 -3.9721368592877115 -4.090262076183531 -4.192946317037591 -4.268622328242579 -4.312549175546978 -4.3265032595559045 -4.317060459884668 -4.290474121229955 -4.250252324782977 -4.198910334063635 -4.144127929821943 -4.088160666059686 -4.033438650917989 -3.9795646683758528 -3.925902951139058 -3.873073598879998 -3.821510537045698 -3.77173847693605 -3.7244124349039547 -3.6803532082704127 -3.638234602477774 -3.5927581470646883 -3.5397343510825046 -3.4865880769642135 -3.4372270856035794 -3.3943968310993515 -3.3542823093910723 -3.308198064054993
-3.189130526949801 -3.1521742829533133 -3.1244899388762386 -3.1131924920247354 -3.1176411600945806 -3.13573545851473 -3.166307107611079 -3.208905964858126 -3.263413048283394 -3.329704744046674 -3.407396489676239 -3.495649025429852 -3.593010216047218 -3.6972579526593417 -3.8052057911285857 -3.9124454425141217 -4.013070707574831 -4.09966551167134 -4.164878671749844 -4.207876047557518 -4.228328820536733 -4.228373237592991 -4.211156429163896 -4.179191231427219 -4.1393436001093 -4.096167450933886 -4.05078000762319 -4.003623590117896 -3.9550186887535577 -3.903653113030686 -3.8527790023768422 -3.803599831266198 -3.756775679905728 -3.713077067989119 -3.670571690405724 -3.6265358099870193 -3.578272946705902 -3.523328261500645 -3.4692714207650264 -3.420396186614524 -3.379516250234374 -3.347775707244024 -3.313064933827634
-3.2733054749249737 -3.239376703740306 -3.209926523387108 -3.1918229213029132 -3.18774352408509 -3.196496804353014 -3.217170601516633 -3.2492158030450957 -3.2923112468031475 -3.3461704664858827 -3.4103528279994197 -3.4840876475755147 -3.566098314609882 -3.654410916461489 -3.7461474282570664 -3.8373418593481827 -3.9228865445308374 -3.9968112982303823 -4.054603573977169 -4.096551888146552 -4.120975900714981 -4.12793163374778 -4.118548946781884 -4.0974630924798525 -4.070662540149582 -4.039845858379081 -4.005881134095955 -3.9693111026218273 -3.9304695903175433 -3.887781893588339 -3.84116973221194 -3.7957684134452725 -3.753019895278083 -3.7116882526587327 -3.6673918083835253 -3.6218664204588076 -3.570712748809282 -3.5136777318343775 -3.4578854102264316 -3.4078021094885367 -3.365663123091176 -3.3340030691653078 -3.3059594329671373
-3.348125798695496 -3.316800475761381 -3.286931278375445 -3.262880774164324 -3.25071488905248 -3.249990504671228 -3.2600966834830487 -3.280553032672934 -3.311004606211433 -3.35114073479919 -3.400581587032304 -3.4587420466336254 -3.5246622583833336 -3.596795544167045 -3.6727745295717655 -3.749231839422288 -3.821804307621034 -3.885449923725478 -3.938200547007225 -3.9794554867727783 -4.006752768025547 -4.019006636456437 -4.018528408494678 -4.010488742752143 -3.996675148533882 -3.9781829819721115 -3.95578693548898 -3.9300487528029233 -3.901360674865981 -3.869593534322215 -3.8316719582459884 -3.7933339201788154 -3.7562024090610304 -3.7146701488688096 -3.6697707871237317 -3.6223649455840974 -3.56772482676812 -3.5072223238060767 -3.4467018328055423 -3.3919360857598067 -3.3452737558965366 -3.3092222253442904 -3.2842447383210978
-3.4125523014955945 -3.3836734856661854 -3.3539339766172427 -3.325503417459313 -3.3055663018878905 -3.2954082884595457 -3.294651927287067 -3.302927811164383 -3.319928693829271 -3.3454076519916027 -3.37913988033649 -3.4208453069427844 -3.470046548384358 -3.5258333165917306 -3.586547385547448 -3.649497794520228 -3.7108968281458434 -3.7665491086153686 -3.8162693296359675 -3.8574675044749216 -3.887277769308522 -3.906357947508756 -3.9176116183277765 -3.922034697000532 -3.920607319147759 -3.91405920678629 -3.9030350387781843 -3.888061175311269 -3.869545761355429 -3.8477925605185828 -3.8209919646059287 -3.7903695601885703 -3.7556573638942137 -3.714799239992275 -3.6702590771981716 -3.620047778314301 -3.561698368316641 -3.497367043697424 -3.4314042203625355 -3.3708336985616425 -3.31823004710353 -3.276123377367916 -3.247071567109329
