_KRIGING/CROSS_VALIDATION_CLASSIC/MHZ/TZ/train_2/MHZ_TZ_2_train_z_500.asc
ncols 100
nrows 90
xllcorner  5.6208707817415728
yllcorner 50.959635321741573
cellsize 0.00013419651685393446
nodata_value 1.7014100000000001E+038
[rows 20 to 39 of 81, columns 0 to 45 of 100]
5.06329900126346 5.26962832884027 5.4207140244945 5.50718325886419 5.52340017632375 5.46803472909156 5.34418868418403 5.15906102690001 4.92320171023299 4.64946046960997 4.35177594509788 4.0439635497253 3.73864765120623 3.44644909154149 3.17549100921188 2.93123415754361 2.71660665704627 2.53235923779316 2.3775590291884 2.25013291856896 2.14738274298293 2.06641474498065 2.00444995372174 1.95900604218379 1.92796141201124 1.90952671275115 1.90215689541447 1.90443844242705 1.91498257725297 1.93234750633571 1.95500281743363 1.98133883462313 2.00971463436762 2.03853182729092 2.066317861702 2.09180266249495 2.11397544934104 2.13211367539338 2.14578201370342 2.15480498164036 2.15922111515712 2.15922892524166 2.15513496658328 2.14731242681476 2.13617524591512 2.12216864997653
4.5748815689474 4.74748787733935 4.87417722309902 4.94703556649808 4.96124088529306 4.91554517714568 4.81238839473337 4.65762828342973 4.45992590596894 4.22987522686133 3.97899781451709 3.71873529462108 3.45956188606902 3.21031070799558 2.97776728540062 2.76653997339575 2.57917763671055 2.41647573323507 2.27789609045187 2.16202342351168 2.06699098373969 1.9908251370557 1.93168010402448 1.88795573398541 1.85830996601505 1.84159146020043 1.83672568488637 1.84258936375432 1.85790425259006 1.88117299097809 1.91066896730756 1.9444806781176 1.98060084483938 2.01704313925242 2.05196576034626 2.08378157209033 2.11123858288311 2.13346113689821 2.14994984053237 2.16054544761542 2.16536739247544 2.16474056094371 2.15912395500868 2.14905240966765 2.1350981635107 2.11785382907301
4.06396291272178 4.20122784670837 4.30233666056913 4.36091208645999 4.37299571447315 4.33743803307671 4.2559982897346 4.13314010146208 3.97555320010186 3.79147071806461 3.58987801050005 3.37971886911725 3.16919731196819 2.96525057236128 2.77323668961017 2.59684469984424 2.43820310168816 2.2981378891323 2.17651776255802 2.07262168050219 1.98547134397941 1.91408588599485 1.85763475514292 1.81548431205358 1.78715118590838 1.77218880090391 1.77004128857739 1.7799006874574 1.80059916779926 1.83055906573207 1.86781148496153 1.9100812627152 1.95492442386791 1.99989579175656 2.04272046939711 2.08144385630753 2.11454019934876 2.14096807991556 2.16017092151133 2.17202967474788 2.17678169906215 2.1749234778689 2.16711484783283 2.15409925167308 2.13664903590782 2.11553822577902
3.55416071634524 3.65606210162058 3.73154484072465 3.77577753852477 3.78567809224119 3.76021061390265 3.70046947662694 3.60953854129822 3.49214681251668 3.35417129478721 3.20205834016325 3.04224289306073 2.88063991405634 2.72226565066173 2.57102207313053 2.42965050754233 2.29983506270598 2.18241673835668 2.07766753370934 1.98557123899975 1.90606322585437 1.83919370708823 1.78519520846519 1.7444527174881 1.71739153982137 1.70431101276059 1.70520014990252 1.71957301960648 1.74635709510548 1.78385783251943 1.82980910412711 1.88150424378225 1.93598897704475 1.99028776391832 2.04163069022073 2.08764955798308 2.12651864994608 2.15702619637102 2.17857465857257 2.19111923760122 2.19506253872735 2.19112779777987 2.18023310866678 2.16338514381228 2.1416040616269 2.11588316279325
3.06715558451962 3.13511841139957 3.18595356334866 3.21632228495372 3.22399867350715 3.20807592184549 3.16903297218415 3.10865189840696 3.02979886236332 2.93610199724599 2.83157430204898 2.72023602887388 2.60578824398606 2.49137814902816 2.37947972033118 2.27189348632662 2.16985021824855 2.07418792600521 1.98556194124252 1.9046450935538 1.83227905209013 1.76954789687165 1.71775924777423 1.67833463616735 1.65262679046782 1.64169465395999 1.64607512011285 1.66559220035719 1.69923917392248 1.74515793243268 1.80072409651373 1.86272928596331 1.92763626846583 1.99187143246306 2.05211411088506 2.10554443766242 2.15001996274895 2.1841642856673 2.20736583115669 2.21969875180855 2.22178838663844 2.21464917888646 2.19952298981458 2.17774091957825 2.15062346168223 2.11942393508013
2.62124205269187 2.65788844106056 2.68589010536581 2.70329613917303 2.70869053817551 2.70131317195888 2.68110750753241 2.64868778178639 2.60523120776234 2.55231312631814 2.49171244825178 2.4252194821542 2.3544774169241 2.28088247201733 2.20555715130702 2.1293979526837 2.0531854683544 1.97773323384767 1.90404381366499 1.83343777580764 1.76762403469403 1.70868836429637 1.65898970115361 1.62096938868533 1.59689436422906 1.58856875918394 1.59705690946983 1.62246244498186 1.66380214458794 1.71900021782947 1.78501063576372 1.85805521353099 1.93394697862123 2.00845531646814 2.07766385687198 2.13827493480374 2.18782493506592 2.22479065589059 2.24858481654469 2.25945558752776 2.25831763419062 2.24654877075665 2.22578636564628 2.197751839165 2.16412165619055 2.12645139016354
2.23031036372147 2.23913976145663 2.2467186956885 2.25234139393964 2.25533735178979 2.25511462354884 2.25118699130615 2.24318021181233 2.23081713746013 2.21388675097404 2.19220693613488 2.16559400174212 2.13385267266784 2.09679796590244 2.05431512796338 2.00645624586915 1.95356339859933 1.89639980889456 1.83626407094478 1.77505974808621 1.71529462850391 1.65999116412267 1.61250163168151 1.5762368525857 1.5543334825985 1.54929895839349 1.5626821715763 1.59481947649732 1.64469862064438 1.70996815807122 1.78709910565209 1.87168260806666 1.95882640521196 2.04359789792439 2.12145540347315 2.18861284267081 2.24229569207572 2.2808649186772 2.30380703218896 2.31160831757658 2.30554630557216 2.28743939334441 2.25939559125073 2.22359451389672 2.18212499595808 2.13688677495018
1.90331693780078 1.88835204621236 1.87825271638107 1.87339263626677 1.87377297539227 1.87899690055266 1.88827436369805 1.90045500825276 1.91408490892293 1.92748228555536 1.93882820287687 1.946270004076 1.94803691697674 1.94256792130345 1.92865078410871 1.90556784180501 1.87323896707832 1.83234622751216 1.78441958529425 1.7318604088468 1.67788118641431 1.6263466176343 1.58151313928321 1.54767959604478 1.52877870169025 1.52795386551416 1.54717546039525 1.58695191455368 1.64618275021683 1.72218339110495 1.81088770891948 1.90720794224795 2.00550762949198 2.10012610587484 2.18588618881778 2.25852115853315 2.31497198657008 2.35352790837339 2.37380850983155 2.37660881498232 2.36364640635709 2.33725880385506 2.30009942070356 2.25487243599602 2.20413327457619 2.15016520630298
1.64424329435317 1.60967736645881 1.58471781757049 1.57064396204592 1.56805373199883 1.57677878457909 1.59586478812373 1.62361756172038 1.65770854598305 1.69532802768199 1.73337227088708 1.7686510683231 1.79810433317713 1.81901886207793 1.82923793022394 1.82735594530799 1.81288775515904 1.78639805396433 1.74957216584585 1.70520729088863 1.65710502898247 1.60985297224409 1.56849555232244 1.53811088361267 1.52332840852569 1.52783811475805 1.55395212739388 1.60228044587361 1.67157291754088 1.75875976382874 1.85919588177839 1.96708430518129 2.07602708237865 2.17963257476115 2.27210051554023 2.34871151568737 2.40616488215638 2.44273412933359 2.45823842588649 2.45385505359865 2.43181815026417 2.39505960276111 2.34684808825706 2.29047312662936 2.22900538304379 2.16514596567638
1.4524930377244 1.40237078809873 1.36520979117975 1.34302629850304 1.33694623120471 1.34706993564505 1.37242549947416 1.41101435952285 1.45994232661301 1.51562093636114 1.57401936894798 1.63094622339801 1.68234235419552 1.72456925531347 1.75468037909399 1.77066392419841 1.77164445061735 1.758027667999 1.73156938012404 1.69534797098699 1.65362214634384 1.6115634171573 1.57486630544945 1.54925716106419 1.53994194602379 1.5510504355493 1.58514480668396 1.64286109538356 1.72274076848522 1.82128729459885 1.93325219449781 2.052121686032 2.17074477942189 2.28202227964018 2.37956776340911 2.4582578181332 2.51460834434423 2.54694261718066 2.55534946343154 2.54146028254657 2.50809651097318 2.45885114493429 2.39766812192408 2.32847307448086 2.25489136599663 2.18006850156925
1.32363848217356 1.26159667033859 1.21454813663769 1.18509329866994 1.1748289165318 1.18417061926767 1.21227642869403 1.25707834826317 1.31541662727394 1.38326116103283 1.45599809940686 1.52875748039306 1.59675884820482 1.65565481134815 1.7018555106517 1.73281848218943 1.7472877309127 1.74546340583694 1.72908078109036 1.70137648046833 1.66692327418332 1.63132388752728 1.60076933548715 1.58148689071354 1.57912381510403 1.5981312011721 1.64122317917194 1.70898667480266 1.79970402767905 1.90942582287108 2.03229764355006 2.16110768241057 2.28798889303654 2.40518592230641 2.50578799749986 2.58433601162374 2.63723381923592 2.66292591047088 2.66183996966644 2.63612663331279 2.58925424591068 2.52552983156587 2.44961775959586 2.36611619528332 2.27923191105331 2.19257096458797
1.25040423361712 1.17948992354171 1.12439860141585 1.08818555185315 1.07287619120627 1.07925311485654 1.10674670246707 1.15344001194435 1.21618577435759 1.29082229582307 1.37246753179379 1.45586702444286 1.53577119106841 1.60731920943209 1.66640874841164 1.71003161827233 1.73655445343426 1.74592126938858 1.73975267064532 1.72131679867993 1.69535198358223 1.66773196156989 1.6449815307639 1.63367198854409 1.63974829116665 1.66785910820085 1.7207720851603 1.79895585308452 1.9003957852398 2.02068304974641 2.15337983489562 2.29062372318787 2.42389820433567 2.54487103215852 2.64619246175497 2.7221532665474 2.76912628477681 2.78575041497053 2.77285573134176 2.73316540586546 2.67083806756714 2.59092899444587 2.49884890377641 2.39988672568194 2.29884146513763 2.19978309327109
1.22376447032046 1.1463399060351 1.08452548950332 1.04172957061268 1.02038003790167 1.02168103242767 1.04546731363684 1.09017103392172 1.15290347147737 1.22964329774977 1.31551470860653 1.40513379517292 1.49299946565492 1.57390491879401 1.64334571179245 1.69789973767371 1.73555254958176 1.75593905040275 1.76047113751545 1.7523225331764 1.73624874970966 1.71823316397309 1.70496933871909 1.70321312364976 1.71906213032302 1.75724021935947 1.82047580589117 1.90906119726514 2.02066401464745 2.1504320174651 2.29139330191517 2.43511123327408 2.57251515071448 2.69480103242957 2.79428614245827 2.8651102435529 2.90370162561733 2.90896400658686 2.88218312002538 2.82669167193314 2.7473615126481 2.65000788710543 2.54079115942288 2.42568820065172 2.31008281807287 2.19849758881914
1.23403264927748 1.15176644810654 1.08403601142313 1.03452900503747 1.00606438610107 1.00032229937526 1.01765885832898 1.05702497366622 1.11599782466463 1.19092331203011 1.27715919337753 1.36940217961667 1.46207789578812 1.54976954989237 1.62765848688693 1.69194686972851 1.74022949724275 1.77177903050953 1.78770818173811 1.79097562673638 1.78621125055288 1.77935170912317 1.77709868301774 1.78623742696263 1.81287851631956 1.86170626425029 1.93532823900825 2.03381780378699 2.15452391894132 2.29219074581051 2.43938804418748 2.58720857997182 2.72614860613432 2.84705941410169 2.9420474106837 3.00520930736186 3.03311613570168 3.02499974942181 2.98264069970316 2.90999862124458 2.81265833189258 2.69718199784027 2.57045848686724 2.43912722875663 2.309129877684 2.18541453210396
1.27183528620109 1.18577100567904 1.1124927139182 1.05591916748251 1.01926058168678 1.00472375699363 1.01328413029235 1.04454869077229 1.09672545032595 1.1667060959582 1.25025961663458 1.34232669369741 1.43739759382193 1.52994997764618 1.61491712355604 1.68815148325146 1.74684363976742 1.78985362848155 1.81791169359023 1.83365053664137 1.8414422937055 1.84703130068738 1.85697727596574 1.87795039661764 1.91594595557278 1.97550704551351 2.05905420377567 2.16641745598715 2.29464715563296 2.43814674712235 2.58912740927078 2.73833824278735 2.87598426550335 2.99271560038101 3.08056045622902 3.13368403523437 3.14888366104759 3.12577190709958 3.0666465531194 2.97609026756138 2.86037650236385 2.7267762295902 2.58286125973453 2.4358857720052 2.29230284144717 2.15744308463714
1.32888342243794 1.23956921787186 1.16079413365527 1.09668035616159 1.05083644959733 1.02603860720691 1.02395729647521 1.04495834614877 1.08800202716835 1.15065609696484 1.22922983025328 1.31902636103743 1.41470066475223 1.51070057120669 1.60175870650306 1.6833947942127 1.75238118865083 1.80712107430384 1.84788984909349 1.87689713790872 1.89814050554004 1.91704219826601 1.93988582146257 1.97309801862646 2.02244695384225 2.09224997089223 2.18469256996609 2.29935631242732 2.43303307865404 2.57986872789763 2.73183505936731 2.87948187307152 3.01287891952332 3.12262826739718 3.20081672284207 3.24178767415366 3.24264044103114 3.20340755714595 3.12690856029259 3.0183241232929 2.88456905313102 2.73356167984996 2.57348873672935 2.41215075987717 2.25644782298584 2.11203509014429
1.39848421074224 1.30614190854003 1.22175599619702 1.1496384354649 1.09380453677112 1.05763049925302 1.04353273628622 1.0527033983497 1.08493398132915 1.13855292403166 1.2104940438789 1.29650116577621 1.39146119210738 1.48984413349721 1.58621541275485 1.67577434618291 1.75486447540486 1.82139776810288 1.87513690326273 1.91778883979576 1.95287895034636 1.98539758259782 2.02123823638924 2.066475639711 2.12655884814699 2.20551450123028 2.30526418447861 2.42515427222737 2.56177554917649 2.70911492692412 2.85903711997836 3.00204697285037 3.12824116282528 3.22832879679993 3.29458953856088 3.32164762916819 3.30696889296908 3.25103031734387 3.15716027077523 3.03109321041562 2.88031809781898 2.71331945001487 2.53881215908896 2.36505755720573 2.19932311954225 2.04751768013782
1.47576809974782 1.38047708716534 1.2903627272177 1.20991987539441 1.14357447399678 1.09531729131492 1.06833507177003 1.06467901803612 1.08501100411756 1.12846351528856 1.19264009425819 1.27376971576241 1.36701223913644 1.46689455528693 1.56784016438642 1.66474067247337 1.75350793334242 1.83154184385221 1.89805223003378 1.95418433830445 2.0029159129051 2.04871853335252 2.09700463054255 2.15341122300533 2.22299794071154 2.3094560020989 2.41443248079074 2.53706761158048 2.67382119728321 2.81862910327357 2.96338674535489 3.09870995081604 3.214882278701 3.302869146899 3.35526835098822 3.36707603988585 3.33617543751714 3.26349751937135 3.15285089349024 3.01046379272329 2.84431670382564 2.66336446195896 2.47674964795421 2.2930962882723 2.119948410931 1.96338779793704
1.55764124259498 1.45951244130225 1.36369829191182 1.27486943476424 1.19785646210807 1.13725999015715 1.09703410444117 1.08008860959086 1.08795887049571 1.1205890918305 1.17626542369989 1.25172004330344 1.34240798495724 1.44293729077262 1.54761269921836 1.65103622757038 1.74869692778888 1.8374784772346 1.91601800105171 1.98486265203016 2.04639115676793 2.10449405670346 2.16403616285057 2.23015448058363 2.30747068085389 2.39931508509733 2.5070655202363 2.62969687085397 2.76361515305272 2.90281526471086 3.03935848960519 3.16412061973127 3.26772151540686 3.34151902246841 3.37853960450399 3.37422704816277 3.32691780703943 3.23799220484764 3.11169759697067 2.95468450012587 2.77533218109344 2.58296099583896 2.38703276960169 2.19642888989192 2.0188724719448 1.86053151407835
1.64250446332049 1.54182235798016 1.44060238818796 1.34367767847304 1.25626334775659 1.18354369825052 1.1302099652816 1.09999939802404 1.09529243287372 1.11682305937966 1.16354769468363 1.23270081110937 1.32004325508793 1.42028460600637 1.52763742358877 1.63644208171349 1.74178875480786 1.84005975441392 1.92932146809398 2.00951020565923 2.08237890314721 2.15119963491286 2.2202473242242 2.29411950215463 2.37697174334481 2.47176486515791 2.57962501292022 2.69940939379424 2.82754840396405 2.95820109008831 3.08371937662527 3.19537316983823 3.28425014665404 3.34221728313371 3.36282087159016 3.34201007251898 3.27859477261961 3.1743872911165 3.03402254314013 2.86449488561097 2.67448487684393 2.47357040647035 2.27142182689561 2.07707069153431 1.89831998129751 1.74133544612686
