_KRIGING/CROSS_VALIDATION_CLASSIC/MHZ/TZ/train_2/MHZ_TZ_2_train_z_180.asc
ncols 100
nrows 81
xllcorner 5.5967107548124995
yllcorner 50.982328804812504
cellsize 0.00017565037499993607
nodata_value 1.7014100000000001E+038
[rows 40 to 59 of 81, columns 46 to 91 of 100]
36.3091646171642 36.8055125940031 37.1787304949466 37.4116294156798 37.4930828464948 37.4191535196888 37.1934989011514 36.8269708953747 36.336455848579 35.7431287120618 35.070393923326 34.3418338390065 33.5794721281712 32.8025860789969 32.0271829420918 31.2661159888436 30.5296855965908 29.8264776651508 29.1641567000002 28.5499623022553 27.9907493092455 27.492543327346 27.0597248104746 26.6940724356256 26.3939605538018 26.1539974440163 25.9653088857982 25.8165311019591 25.6954095190947 25.5907445092654 25.4943206713209 25.4024298206616 25.3166590223838 25.2437519798581 25.1945346138112 25.182082409823 25.2194560547128 25.3174107402979 25.4824783833467 25.7157362405411 26.0124331192821 26.3624796981254 26.7516584106185 27.1633002332371 27.5801271121197 27.9859712983178
36.5288906385668 37.0309545430765 37.4068526086499 37.6398879431839 37.7194410434505 37.6419923695858 37.4114350759891 37.0386042724963 36.5400788558363 35.936438134814 35.2502515576601 34.5041241732719 33.7191015258897 32.9136572923582 32.1033604368692 31.3011720102065 30.5181864209736 29.7645382613067 29.0501658175255 28.3851651848616 27.7795773554958 27.2426022646581 26.7813947522171 26.399729626736 26.0968927446129 25.8671411921587 25.699975992096 25.5813036415782 25.495364191839 25.4271192043095 25.3646673254027 25.3012205954804 25.2362421956479 25.1755030483825 25.1300259692078 25.1141044120271 25.1427596856469 25.2290981809636 25.3820307108282 25.604724722554 25.8940025139889 26.2407130358152 26.6309322950586 27.0477213879668 27.4731111736861 27.8899911802758
36.6311161941805 37.1278356364985 37.497471375802 37.7244935510371 37.7993648759095 37.7194194595695 37.4890586186404 37.1192045745478 36.6260789627563 36.0294944893276 35.350938481824 34.6117650281532 33.8317866242056 33.0284689959381 32.21680012647 31.4097537168391 30.6191312458219 29.8564770433703 29.1337404017128 28.4634164251054 27.858024369278 27.3289531686585 26.884880970168 26.5301166514749 26.2632796113804 26.0767072847205 25.9568568041972 25.8857701594577 25.8434426898898 25.8107248079183 25.7722465607079 25.7188195430842 25.6488523532805 25.5684983151068 25.4904976835251 25.4319269291561 25.4112701239905 25.4453397178256 25.5465762619444 25.7211550313002 25.9681509363038 26.2798046427238 26.6427381850549 27.0398251152523 27.4523501013524 27.8620990062953
36.6154640453949 37.0966392189823 37.452031343508 37.6678708457646 37.7361900669419 37.6555225257967 37.4309601238913 37.0735273316642 36.5989513661581 36.0260211674194 35.3748099058573 34.6650649861087 33.9150354431557 33.1409122349555 32.3569192779627 31.5759405328381 30.8104351616905 30.0733112540314 29.3784220804209 28.7404249791669 28.1738907242792 27.6917414853185 27.303286350208 27.0122688599846 26.8154017859652 26.7018180369137 26.6537146182956 26.6482360866715 26.6603829648843 26.6664975830164 26.6477298392755 26.5928562398072 26.4999278127446 26.3764360427862 26.237964689317 26.1055782448441 26.0024240264275 25.9501484503356 25.9657281200013 26.0592009292981 26.2325843094635 26.4800350185004 26.7890880017958 27.1426519985883 27.5213603484577 27.9058800899416
36.4877007013294 36.9445596872536 37.279150071748 37.4799319855429 37.5408705670552 37.4619258561411 37.248953527295 36.9129969939544 36.4690634350356 35.9345801742052 35.3277988897278 34.6664335237386 33.9667738610986 33.2434145693797 32.5095972415768 31.7780102998181 31.0617637853388 30.3751862467069 29.734102067365 29.1553456910836 28.6554401154909 28.2485774212999 27.9442424921955 27.7449676541722 27.6447544653958 27.6286276414611 27.6736002630104 27.7510621083887 27.8303093545749 27.8826791498156 27.8855963472138 27.8258212197196 27.7013146445164 27.5213858005032 27.3051037198744 27.07826990988 26.8694981113233 26.7060798514978 26.6103097764333 26.5968133019464 26.6711981461702 26.8300938500566 27.0624045641289 27.3514245959224 27.6773786015791 28.0199518976695
36.2589587903231 36.6845693164603 36.9935315228504 37.1768498845172 37.2306359868114 37.1563671834082 36.9606180321185 36.6542694214635 36.2513031285696 35.7673818742634 35.218473269249 34.6197817792881 33.9851975722904 33.3273601378078 32.6582874834524 31.9903695761982 31.3374040028738 30.7152962984266 30.1420793480458 29.6370296067951 29.2188546790395 28.9031589084124 28.6996095310063 28.6093718787895 28.6234151406379 28.7221899915142 28.8769556527789 29.0527266624508 29.2124817980298 29.3220013045601 29.3545379208365 29.2945222172781 29.1396589174197 28.9010569733214 28.6013915429058 28.2714451825287 27.9456463609048 27.657363831828 27.4347047953715 27.2974165701835 27.2552475128656 27.3078412100675 27.4459779737779 27.6537867181725 27.9114547167178 28.1979651925421
35.9445628672622 36.3340500518879 36.6144133197885 36.7793442890855 36.8271532405992 36.7607840275973 36.5873693983085 36.3173582884757 35.9633397354718 35.5387679288285 35.0568373056851 34.5297482620151 33.9685359663735 33.38351372113 32.7852295477738 32.1856829145695 31.5994356640907 31.0442115656951 30.5406340831073 30.110903315525 29.7764384973274 29.5547683748074 29.4561812081669 29.4807911016715 29.6166932653024 29.8397490945007 30.1152773840269 30.4015781162614 30.6548514040423 30.8347756217576 30.9098439625726 30.8615681576808 30.68684393466 30.3980973884301 30.0212263553249 29.5917332902934 29.1497385504143 28.7347109828234 28.3807362725398 28.1129791882286 27.9457300316838 27.8821210707842 27.9153189296358 28.0307937055065 28.2091622635897 28.4291039528049
35.562626265155 35.9131829495674 36.1637644185917 36.3107182718806 36.3544465674015 36.2991745726394 36.1523298021912 35.923591045015 35.6237505714652 35.2635999219259 34.853079569803 34.4009093890925 33.9148346915539 33.4024900871883 32.8727236859312 32.33707190421 31.8109699204408 31.31425974559 30.8706377656091 30.5058651935671 30.2448214045972 30.1077622030819 30.1063897419682 30.2404855887987 30.4958570086031 30.8441822294466 31.2450334525462 31.6499621383218 32.0081296334661 32.2726441843776 32.4065956000094 32.3878021788672 32.2114994556606 31.8905627514048 31.4532892345219 30.9391802259059 30.3934782390272 29.8613691837832 29.3827390409503 28.9881957630839 28.6967818130412 28.5154777830111 28.440299875008 28.4585757259984 28.5518721648071 28.6990468044275
35.1325959007208 35.44329873649 35.6644617380352 35.7948955605937 35.8368434637912 35.7955116517651 35.6782787470396 35.4936728898388 35.2502795297517 34.9557979876956 34.6164803013094 34.2371470242338 33.8218774472126 33.3753263906972 32.9044515271701 32.4202811030913 31.9392534715598 31.4836531401342 31.0807732759195 30.7606477714517 30.5524855180309 30.4802498642725 30.558088130323 30.7864622100217 31.1498135297576 31.6163991112579 32.1405858723856 32.6674511044068 33.1390970405985 33.5017406840834 33.7124637281719 33.7445427205903 33.5905215114342 33.2625860435368 32.7902720457667 32.2159823955419 31.5891255499349 30.9598510318664 30.3733340588785 29.8653714665861 29.4597495512938 29.167502272425 28.9878652985297 28.9105014716834 28.9184550206632 28.9912867548456
34.6739022777365 34.945370535779 35.1386489779811 35.2546809799485 35.2971833319802 35.2719554806636 35.1859329012714 35.0461016093865 34.8584576004952 34.627238779357 34.3546585096384 34.041315647177 33.6873431440611 33.2941981210085 32.8668182441251 32.4157118134981 31.9584559573394 31.5200861128771 31.1319902855591 30.8291667038533 30.6460270287468 30.6112673302584 30.7426099308327 31.0423686662356 31.4947578798421 32.0656384094932 32.7050029420095 33.3520197662774 33.9419754748235 34.414084895244 34.7189518575418 34.8245089525847 34.719529834637 34.4142375327307 33.9380361441308 33.3348682366875 32.6570547983649 31.9586484992056 31.2893066589237 30.6894925152847 30.1874997817753 29.7984400379094 29.5250073835261 29.3595951352976 29.2872141731383 29.2886531293414
34.2048308078584 34.4387823174743 34.6064269396076 34.7104062503087 34.7554601616123 34.7475408059289 34.6927294775472 34.5961009604291 34.4607399170299 34.2871478626404 34.0732679827277 33.8152859178988 33.5092362773147 33.1532709963826 32.7502566667258 32.3102058326392 31.8519582019174 31.4035506047704 31.000868777387 30.6844503985851 30.4946661345522 30.4658756316328 30.6204563803284 30.963757915712 31.4809895341293 32.1367949405244 32.8778379626036 33.6381984296344 34.3468618883843 34.9361891578501 35.3500571726711 35.5504131885284 35.521268925578 35.2696180543162 34.8232930502241 34.2262775902318 33.5323632999177 32.7982232881208 32.0769524306327 31.4129225865993 30.838479874804 30.3726469506876 30.0216596114173 29.7809199354591 29.6378167788178 29.5748499974331
33.7416788716975 33.9404462782816 34.0849555623576 34.1790459806817 34.2279857494394 34.2374232011544 34.2121923051637 34.1551421153722 34.0662150415668 33.9420242657297 33.7761578809537 33.5603543677214 33.2865506581828 32.949616015096 32.550384592835 32.098431768321 31.6139528678913 31.1281381618704 30.6816142206239 30.3208273525717 30.092634307564 30.0377647615622 30.1841412159158 30.54120289948 31.0963265890359 31.8141585713594 32.6392086762807 33.5014947886905 34.324477060662 35.0340993590053 35.5675501726934 35.8804087138188 35.9511405102141 35.7823845004685 35.3990290573734 34.8435949910043 34.1698316749471 33.4356255547222 32.6963018641491 31.9991985667341 31.3800679312832 30.8614931215694 30.4531691285443 30.1536454528843 29.9529914050381 29.8358249650194
33.2982121056191 33.4642820927765 33.5879782200343 33.6738100688744 33.7270733449398 33.7526760295993 33.7538616837424 33.7310218021026 33.6808407563913 33.596035393611 33.4659187096132 33.2779216961268 33.0200503274034 32.6840531134213 32.2688632730283 31.783705859162 31.2501752116425 30.7026337947629 30.1864789848807 29.7541560818775 29.4592142046292 29.3491276174016 29.4579449917456 29.7999970313514 30.3658324725968 31.1212543958672 32.0098372473611 32.9587109387762 33.8868204109428 34.7144262142729 35.3723956427382 35.8098874504998 35.999340432694 35.9381679175335 35.6471314487549 35.1659022279968 34.5467188018961 33.8472511437634 33.1237685851137 32.425510974697 31.7908412043828 31.2453904410456 30.8020692506133 30.4625640764528 30.2197982475692 30.0608112103532
32.885392382855 33.021021574269 33.125720999218 33.2041529509583 33.2611688166797 33.3005511229346 33.3236866703894 33.3283813933314 33.3080766197076 33.251739468787 33.1446592632907 32.970276001841 32.7129979147311 32.361751778821 31.9137885414497 31.3780876206881 30.7776191615702 30.1497776618182 29.5445118350148 29.0200289831022 28.6363946755423 28.4477967073455 28.4945983621991 28.7964805234262 29.3479074547842 30.1168387113318 31.0470968576397 32.064182734047 33.0837299382144 34.0213306024113 34.8022389584265 35.3695102648426 35.6894431812571 35.7536921433326 35.577995549016 35.1980087735212 34.6631382296127 34.0294811932848 33.3529702688711 32.6836303940434 32.0615421365387 31.5147445012335 31.058976656 30.698905679921 30.4303451291927 30.2429384602739
32.511324207916 32.618270323486 32.7050816534432 32.7760965512227 32.8353081556994 32.8850644836272 32.9247248026361 32.9494975142261 32.9497320044213 32.9109457603109 32.8148206954231 32.6412884450206 32.3716459507055 31.9924200236235 31.4994708650031 30.9016411649599 30.2231740479104 29.504183764688 28.7986865621621 28.1700688114338 27.6843299142961 27.4019021337693 27.3692174984399 27.611371707072 28.127168042108 28.8875031189227 29.8375302299681 30.9024031847491 31.9957896033627 33.0298720756354 33.9253226452886 34.6197829932005 35.0736912052304 35.2727936101383 35.2272591493535 34.9678574347897 34.5400708534849 33.997223989428 33.3937151026779 32.7792533797123 32.1947029380903 31.6697851036835 31.2225653850121 30.8604039983438 30.5819064284199 30.3793751057636
32.1813568654732 32.2607452142364 32.3300072565218 32.3927457889515 32.4517606535691 32.5077484376379 32.5579753128925 32.5951583303116 32.6068363579145 32.575517485522 32.4798375549242 32.2968443240734 32.0053368797384 31.5899612345516 31.0455297214216 30.3808462846084 29.6212374987564 28.8090544073849 28.0016416180292 27.2666496923314 26.6750378160045 26.2925876659727 26.1711240025021 26.3408203547553 26.8049007868799 27.5377243593994 28.4867081619903 29.5779069920732 30.7244493152646 31.8365545543947 32.8316195836365 33.6429039567312 34.2256450164993 34.5599232660496 34.6501686075056 34.5217344527231 34.2153721466059 33.7806524535697 33.269389489306 32.7299536333386 32.2030724284771 31.7193844571975 31.2986989295014 30.9506741362876 30.6764875842762 30.4710314875081
31.8982841846357 31.9506106722789 32.0019639955283 32.0548809866543 32.110724482126 32.1684218885349 32.2231860229606 32.2654589611285 32.2803642845215 32.247956330356 32.1444996766252 31.9448884882898 31.6261273196618 31.1715640032338 30.5753309056178 29.846265753919 29.0105027999554 28.11199322255 27.2104483396616 26.376581902413 25.6850009915459 25.2055702211688 24.9944489695669 25.0861844015561 25.488176568344 26.1785099044337 27.1076189232017 28.2036236637505 29.3805575466932 30.5482392957963 31.6223030352705 32.5329365863018 33.2311683221528 33.6920166770317 33.9143696124549 33.9179826842102 33.7383800727626 33.4206552636764 33.0131831662835 32.5621003848659 32.1071411573913 31.6791017112417 31.298910068439 30.9780497866807 30.7199499158378 30.5219116862192
31.6625974742886 31.6878524965554 31.7204214210858 31.7615343636922 31.8109690030989 31.865863447124 31.9195135099344 31.9603959310806 31.9717023986028 31.9316705950124 31.8149413974967 31.5950468370272 31.2479457391014 30.7562947709742 30.1139111864119 29.3297018589905 28.4302556051487 27.4603651734467 26.4809787401708 25.5644594893237 24.7874988594714 24.2224970072483 23.9285928246367 23.9437058426148 24.2788878225098 24.9159676419666 25.8089595477277 26.8890886269467 28.0726901365752 29.2707797864299 30.398858367881 31.3855443335948 32.1789032097679 32.7497944698335 33.0920849971816 33.2200771871469 33.1638799488032 32.9636576862356 32.6637128073764 32.3072169789842 31.9321578825788 31.5687758113869 31.2384884032281 30.9540869811432 30.7208578853132 30.5382390191679
31.4727646077723 31.4706492603797 31.4832997282373 31.5104899099567 31.550356793117 31.5983179354536 31.6459693001309 31.6802014087671 31.6828134917257 31.6309052121205 31.4982680905748 31.2578757620452 30.8853883225481 30.3633626712537 29.6856362427204 28.8611762348449 27.9166128210876 26.8967439544165 25.8625272430747 24.8864422569958 24.0455589995995 23.413100685258 23.0496449305574 22.9952810680274 23.2639794937876 23.8411274813728 24.6846935619518 25.7298922818498 26.8966492745758 28.0987260952042 29.2531386623595 30.288528085181 31.1513997769906 31.8095709049686 32.252663233583 32.4899483409832 32.5462115818344 32.4564990813304 32.2606365145953 31.9982832427004 31.7050593023842 31.4100149993375 31.1344589363747 30.8919614219846 30.689227996736 30.5274944974796
31.3255244936051 31.2957223810623 31.287355483509 31.2986792983811 31.3262187141931 31.363814278178 31.4016394470328 31.4254192938183 31.4161208640686 31.3503840872484 31.2019055383423 30.9438681416064 30.5523330805035 30.0102965087378 29.3118998502411 28.4661164679955 27.4991689247101 26.4549985608276 25.3933273589246 24.3852027214041 23.5063458050461 22.8290532057926 22.413738841349 22.3013669402201 22.5079685771561 23.0221497726025 23.8060353329217 24.7995370601479 25.927297047854 27.1072421938945 28.2594725236732 29.3142262254665 30.2179009093334 30.936502610147 31.4563539922347 31.7823286368761 31.9342123429269 31.9419783159502 31.8407901159022 31.6664361042839 31.4516963595564 31.2239014438113 31.0037123176913 30.8049694053058 30.6353459286866 30.4974983259607
