_KRIGING/CROSS_VALIDATION_CLASSIC/MHZ/TZ/train_2/MHZ_TZ_2_train_z_90.asc
ncols 100
nrows 81
xllcorner 5.5967107548124995
yllcorner 50.982328804812504
cellsize 0.00017565037499993607
nodata_value 1.7014100000000001E+038
[rows 60 to 79 of 81, columns 0 to 45 of 100]
10.3178801379174 10.470286501418 10.6600504502203 10.8854886240764 11.1420574272836 11.4221797061829 11.7153555061814 12.0086070627414 12.2872727683884 12.5361178106817 12.74067635326 12.8886903129544 12.9714732401497 12.9850140856144 12.9306510727768 12.8151915447097 12.6504243148842 12.4520557986936 12.2381854604546 12.0275047474546 11.8374443535601 11.6825004696519 11.572941501382 11.5140388389334 11.5058895502497 11.5438182662762 11.6192723284578 11.7210680849267 11.8368128973047 11.9543189223411 12.0628397191544 12.1539953974925 12.2223008908736 12.2652684722341 12.2831126977109 12.2781363558179 12.2539131352035 12.2144015887073 12.1631231134873 12.102514978871 12.0335323861626 11.9555286530961 11.8663991047977 11.762941123075 11.6413666944487 11.4979071426693
10.4050943783811 10.5619830945199 10.7571978868683 10.989971355684 11.2567632702608 11.5509774503822 11.8629447678916 12.1802380543186 12.4883520474497 12.771734586733 13.0150995617981 13.2048965271107 13.3307673298336 13.3867972125762 13.3723744076594 13.2925108031887 13.1575429711501 12.9822176967813 12.7842548417679 12.5825573299014 12.3952897574535 12.2380650032044 12.1224601313004 12.0550332175335 12.0369409239508 12.0641748863 12.1283557033177 12.2179571558486 12.3197877909172 12.4205362200247 12.5081910935661 12.5731745285783 12.609074210952 12.6129179923691 12.58499771433 12.5283077361564 12.4477101240367 12.3489662129063 12.2377797045408 12.1189798211009 11.9959385118454 11.8702709007942 11.7418225491553 11.6089100241601 11.4687597295263 11.3180868584268
10.4784489968177 10.6380383725975 10.836324347076 11.0732517355618 11.3460903599574 11.6490700705656 11.9732652456187 12.3068060577543 12.6354636360431 12.9436099170567 13.2154955993389 13.4367300733445 13.5957967756712 13.6854075121574 13.7034987056879 13.6537050037031 13.5452085033955 13.3919458926694 13.2112471958882 13.0220628173851 12.8429959108816 12.6903848587965 12.5766720635422 12.5092530209225 12.4899318006486 12.5150269664245 12.5760880137659 12.6611079714889 12.7560618884717 12.8465693822892 12.9194748189965 12.9641603570438 12.9734513483239 12.9440340968744 12.8763742692116 12.7741906760733 12.6435941713005 12.4920371921755 12.3272313326591 12.1561778533703 11.9844231995366 11.8156061475177 11.651314961063 11.4912316761057 11.3335138193103 11.1753548993956
10.5347031618385 10.6944557989958 10.8926023636775 11.1296160887616 11.4034103277445 11.7089185606644 12.0379077850889 12.3791100467079 12.7187290250747 13.0413333885001 13.3310908439487 13.57323515508 13.7556042637685 13.87005281145 13.913536270871 13.888691182691 13.8037948666578 13.6720701753897 13.5103930983843 13.3375477144836 13.1722394660981 13.0311131686833 12.9270215107258 12.8677542621674 12.855374694249 12.8862282772424 12.951601686049 13.0389293592687 13.1333804374552 13.2196182821295 13.2835121741231 13.3135969655251 13.3021186306561 13.2455656774935 13.144659288428 13.0038481800548 12.8304166782307 12.6333572737315 12.4221762791833 12.205792098198 11.9916538683616 11.7851617375091 11.5894189800637 11.4053007886219 11.2317928468406 11.0665386152697
10.572530616237 10.7294988162315 10.9238603852072 11.1564559439499 11.4257028995457 11.7271452154159 12.0532204033734 12.3933321655238 12.7342915077478 13.061145665319 13.3583572389953 13.611233956516 13.8074536607181 13.9384913046075 14.0007446591495 13.9961782919621 13.9323601455354 13.8218443089554 13.6809447970841 13.5280331813436 13.3815630877348 13.2580655565698 13.1703650099375 13.1262360657055 13.1276621060511 13.1707768190659 13.2464815328375 13.3416460810694 13.4407300947568 13.5276136986517 13.5874072674418 13.6080212159988 13.5813168480614 13.5037221959069 13.3762732600459 13.2041195948098 12.9956018548884 12.7610574836934 12.5115326092071 12.2575718119539 12.0082263925977 11.7703741199023 11.5483897303598 11.3441563499012 11.1573719457522 10.9860862937941
10.5922562509324 10.7434160949944 10.9302977407561 11.1539723768913 11.4132475467079 11.7042085921166 12.0199606733385 12.3506600570129 12.6838999632026 13.0054750818607 13.3004939511437 13.5547477158323 13.7561881516206 13.896328797829 13.9713703138905 13.9828702377074 13.9378277786507 13.8481295376052 13.7293904584906 13.5993114579241 13.4757467364162 13.3747182667544 13.3086256955126 13.2848758132925 13.3051010943303 13.3650599838442 13.4552236052465 13.5619662906109 13.6692022030535 13.7602569594669 13.8197384231149 13.8351779062936 13.7982508226949 13.7054488414248 13.5581543675774 13.3621506019781 13.1266737305053 12.8631668242135 12.5839204630878 12.3007808388789 12.0240756156312 11.7618592399636 11.5195235060597 11.2997670193704 11.1028775940416 10.9272593919545
10.5955035797627 10.7380483372753 10.9140464142089 11.1246872127344 11.3690774212062 11.6437925734894 11.9426118737527 12.2565223296687 12.5740570430658 12.8819941565745 13.1663910992063 13.4138708393977 13.6130230130814 13.7557440468641 13.838326160399 13.8621209390604 13.8336490915634 13.7640982851518 13.6682349424175 13.5628401279447 13.4648504999883 13.3894314598738 13.3482240530403 13.3479879622386 13.3898132309238 13.4690004708104 13.5756233944876 13.6957001254553 13.8128224343921 13.9100350999108 13.9717287518503 13.9853129694328 13.9424717663383 13.8398658101331 13.6792253625549 13.4668625439515 13.2127077595934 12.9290311903909 12.6290382369392 12.3255252210548 12.0297517693906 11.7506372356634 11.4943312055307 11.2641538188527 11.0608594418234 10.8831522936888
10.5848026180223 10.7163736481482 10.87864486946 11.0728352616128 11.2982793405724 11.5520034469145 11.8284673676743 12.1195523397465 12.4148575086859 12.7023318303405 12.9692204574412 13.203250625168 13.3939313156403 13.5338037739257 13.6194651465843 13.6522005111773 13.6380997855094 13.5876004924978 13.5144755725468 13.4343650702416 13.3630188493047 13.3144636858907 13.2993250116211 13.3235186951288 13.3874837125445 13.4860585597812 13.609021997466 13.7422331517851 13.8692285519557 13.9730749480906 14.0382451063232 14.0522841195057 14.0070664827687 13.8995046547262 13.7316488261306 13.5102026323908 13.2455569436915 12.9505014876959 12.6388036208471 12.3238422628278 12.0174559101269 11.7291147440375 11.4654690642051 11.2302709070755 11.0246219788833 10.8474743349786
10.5632008381667 10.6820431058517 10.8284858485752 11.0037111333779 11.2072262342145 11.4364753264567 11.6865981900269 11.9504102344506 12.2186614009195 12.4805999849785 12.7248240107118 12.9403535341235 13.1178106192503 13.250559019061 13.3356409706471 13.374359081418 13.3723877105487 13.3393563566971 13.2879189663802 13.2323967497916 13.1871464216207 13.1648506461084 13.1749458425722 13.2223914279813 13.3069453057766 13.4230480638757 13.5603410741963 13.7047616715898 13.8400828713177 13.9497062556954 14.0184834499118 14.0343394518935 13.9895009514616 13.8811905776835 13.7117248888547 13.4880375487323 13.2207259251167 12.922777063131 12.608159179838 12.2904644883323 11.9817611234884 11.6917639733992 11.4273770336513 11.192604645122 10.9887848318925 10.8150704064424
10.5339108491481 10.6389495304495 10.76829221998 10.9230375106551 11.1028233453796 11.3054809912137 11.5268176636373 11.7605942413855 11.9987499347141 12.2318980036466 12.4500781240495 12.6437070803666 12.8046275946817 12.9271235553596 13.0087560215004 13.0508828478708 13.0587564283379 13.0411454430525 13.0094903986466 12.9766694964192 12.9555105818844 12.9572273551158 12.989976952716 13.0577282081728 13.1595958780462 13.2897399659289 13.4378580627923 13.5902216183703 13.7311346919261 13.8446363393485 13.9162341750402 13.9344525593853 13.8920057482558 13.7864606398834 13.6203271223769 13.4005945923658 13.1378077321667 12.8448310655325 12.5354817670227 12.2232105613972 11.9199839055736 11.6354744128519 11.3766109827674 11.1474861410821 10.9495746273256 10.7821897322915
10.5000184562119 10.5908617652506 10.7026636648985 10.836409965519 10.9918372770031 11.1671326749636 11.3587440512736 11.5613591398027 11.768098735228 11.9709456285015 12.1613973428305 12.3312924296505 12.4737233325098 12.5839208456222 12.6599824278281 12.7033233000808 12.7187562709227 12.7141508197191 12.6996780396714 12.6867072899134 12.6864737604302 12.7086753197396 12.760175747434 12.8439863986775 12.9586694161458 13.0982559339825 13.2527083193191 13.4088846389809 13.5518958661887 13.6666916999947 13.7396778768738 13.7601623750763 13.72145173825 13.6214688422877 13.4628320913908 13.2524120548895 13.0004523094051 12.7193951681069 12.4225819206066 12.1229980526779 11.8322089934953 11.559588206908 11.3118866679316 11.0931412077938 10.9048774248256 10.7465361137544
10.4642647036661 10.5411450566914 10.63572339023 10.7488577346163 10.8803590400003 11.028736989892 11.1910393574343 11.3628343599817 11.5383749809149 11.7109638989722 11.8735092146323 12.0192284250354 12.1424265382694 12.2392499634674 12.3083064042337 12.3510461223272 12.3718225689621 12.3775883228009 12.377230513421 12.3806014555734 12.3973473055058 12.4356729017098 12.5011988810689 12.5960643379239 12.7184041601585 12.8622870399983 13.018143010173 13.1736454335315 13.3149504128692 13.4281457518721 13.5007301083242 13.5229366153036 13.4887360172034 13.3963997454519 13.2485663613864 13.0518250681024 12.8158957474157 12.5525353488602 12.2743277371525 11.9935152588464 11.7210073812883 11.4656611939284 11.2338794009376 11.0295232302572 10.854098440304 10.707147305514
10.4289060908767 10.4925763327067 10.5708794678231 10.664542040337 10.7734307803002 10.8963426685295 11.0308726107132 11.1733999558834 11.3192264376601 11.4628812345234 11.5985851335425 11.720838397603 11.8250704067155 11.9082685786131 11.9694941331273 12.0101961289965 12.0342537943728 12.0477088350572 12.0581900981822 12.074076937458 12.1034883507581 12.1532161908659 12.227737418523 12.3284392796808 12.4531715564152 12.5962032659112 12.7486114175284 12.8990728926913 13.0349749427497 13.1437135483388 13.2140195972026 13.237146037786 13.2077669682877 13.1244799610862 12.9898595956781 12.81007380672 12.5941344779985 12.3528997467944 12.0979705951573 11.8406256262679 11.5909172535845 11.35701565472 11.1448419952886 10.9579883276624 10.7978855449903 10.6641574268328
10.3956489943484 10.4472523416128 10.5107013196689 10.5865956495436 10.6748436014881 10.7744927079621 10.8836236599539 10.9993410154016 11.117887336143 11.2348936292782 11.3457596089254 11.4461348596587 11.5324501458123 11.6024310417084 11.6555175969556 11.6931165727579 11.7186277597965 11.7372117962682 11.7553005672168 11.7798880444354 11.8176739597414 11.8741597275062 11.9528111249918 12.0544024301433 12.1766409101378 12.3141397796984 12.4587652217168 12.6003340099994 12.7275894451799 12.82934214068 12.8956356197921 12.9187898375392 12.8941907344762 12.8207291163534 12.7008421256244 12.5401670159846 12.3468702322863 12.1307559643741 11.9022809365267 11.6716035721641 11.4477773771049 11.2381655394762 11.0481136859034 10.8808782514264 10.7377755855443 10.6184958865314
10.3656479547839 10.4065796768981 10.4568997882652 10.5170915438573 10.5870937773697 10.6661675770533 10.7528134206102 10.8447656037628 10.9390852253896 11.0323620324442 11.1210199420029 11.2017030532026 11.2717013549693 11.3293614600034 11.3744206513306 11.408204518558 11.4336402798073 11.4550586699922 11.4777845846273 11.5075468418445 11.5497661440205 11.608803234282 11.6872625753826 11.7854479415736 11.9010539151041 12.0291520021554 12.1624944204805 12.2921168782865 12.4081796202311 12.5009501399699 12.56180740816 12.5841408805454 12.5640299554091 12.5006196572543 12.3961515114537 12.2556576218587 12.0863724456846 11.8969527892278 11.6966164239338 11.4943110725509 11.2980096368825 11.1141988821268 10.947593759826 10.8010749585229 10.6758188843195 10.5715707620147
10.3395532797015 10.3713294300577 10.4103903751524 10.4571166374871 10.5114691425736 10.572886648364 10.6402226958793 10.7117430382411 10.7852001642229 10.857992966242 10.9274074662575 10.9909203564122 11.0465332021198 11.0930941037775 11.1305578712562 11.1601371126392 11.1843057771153 11.2066330399338 11.2314471451271 11.2633531052058 11.3066515840621 11.3647253351086 11.4394710688358 11.5308562150659 11.6366705239698 11.7525220728286 11.8720978982789 11.9876746528979 12.090829208275 12.1732685231556 12.2276777028434 12.2484790858503 12.2324052726628 12.1788142782462 12.0897115696497 11.9694854980989 11.8244023348987 11.6619379857237 11.4900405610177 11.3164192426618 11.1479413816847 10.9901952750662 10.8472460740983 10.7215826130613 10.6142285674259 10.5249754217316
10.3175915224125 10.341735980713 10.3714143105187 10.4069195207967 10.4482281199636 10.4949230253003 10.5461468263427 10.6006014241555 10.6566067525089 10.7122247260067 10.765445240505 10.8144201440003 10.8577203279852 10.8945824618851 10.9251073073427 10.9503724143805 10.9724289221793 10.9941647938634 11.0190337711413 11.0506685080042 11.0924150907603 11.1468416727048 11.2152836503877 11.2974896513226 11.3914254478032 11.4932767887915 11.5976684440134 11.6980882612556 11.7874757009752 11.8589087519029 11.9063058702365 11.9250541413798 11.9124829040287 11.8681228701349 11.7937211359071 11.6930172866723 11.5713190005851 11.4349414393341 11.2905891123671 11.1447600369004 11.0032407602561 10.870740320751 10.7506860799295 10.6451794624565 10.5550891535397 10.4802458992719
10.2996626967332 10.3176192037884 10.3396911992303 10.3660994413167 10.3968310775291 10.4315830410437 10.4697283064358 10.5103169971248 10.5521218543118 10.5937326529051 10.6336971369695 10.6706978116591 10.7037457573383 10.7323660287445 10.7567456120145 10.777815430054 10.797243019343 10.8173220327561 10.8407577035092 10.8703622587626 10.9086889918825 10.9576461048287 11.0181394288648 11.0897950184113 11.1708073520079 11.2579463543242 11.3467376766846 11.4318078093052 11.5073618241627 11.5677406434209 11.6079904418062 11.6243720750439 11.6147447242492 11.5787747251176 11.5179452440507 11.4353708892301 11.3354485351257 11.2233968868701 11.1047491714796 10.9848643308955 10.8685129016513 10.7595769760835 10.6608830065258 10.5741657615668 10.5001448975433 10.4386845743191
10.2854401711415 10.2985116731525 10.3145795179543 10.3338065118862 10.356186757337 10.3815050536565 10.4093131773491 10.4389318313876 10.4694852314143 10.4999716748492 10.5293682673415 10.5567618861984 10.5814923817365 10.6032890621857 10.622378751975 10.6395439912004 10.656113671237 10.6738754673761 10.6949091775115 10.721351366788 10.7551130586475 10.7975819308355 10.8493469243624 10.9099849593247 10.9779456679779 11.0505605134237 11.1241880654921 11.1944892141127 11.2568072201671 11.3066107632296 11.3399465808381 11.3538443250079 11.3466211036085 11.3180464479371 11.269348125257 11.2030619521406 11.1227505684539 11.0326332075794 10.9371780592645 10.8407096551569 10.7470763568329 10.6594095549285 10.5799896112812 10.5102171301187 10.4506745877548 10.4012544636098
10.2744624573512 10.2837764836743 10.2952262009769 10.3089291768003 10.3248837962142 10.3429408199929 10.3627871634067 10.3839482048932 10.4058136232553 10.4276891515548 10.4488728981602 10.4687504640078 10.4868986514208 10.5031839124859 10.5178396102438 10.5315062874168 10.5452217872838 10.5603532076051 10.5784698506882 10.6011647548934 10.6298409652052 10.6654861674557 10.7084643998309 10.7583551513313 10.8138674959127 10.8728497736332 10.9324041972707 10.9891018818234 11.0392791017482 11.0793824528008 11.1063214381024 11.117783748912 11.1124721643596 11.0902322879745 11.0520557013182 10.999960927273 10.9367717160759 10.8658256014062 10.7906532162511 10.7146695420618 10.6409125067366 10.5718537639921 10.5092934490096 10.4543377606001 10.4074475427717 10.3685390351268
