_RESULTS/CROSS_VALIDATION_POSTPROCESSED/Berg/GZ/8comp/3/Berg_GZ_z_0_kriged_reverse_8comp_spherical_3.asc
ncols 100
nrows 90
xllcorner  5.6208707817415728
yllcorner 50.959635321741573
cellsize 0.00013419651685393446
nodata_value 1.7014100000000001E+038
[rows 72 to 89 of 90, columns 40 to 79 of 100]
0.01045681489056682 0.01223345567695077 0.013855858321296053 0.015062730333487259 0.015622964287963328 0.015459115749308047 0.014625478885482846 0.013285927467574489 0.011655877380179758 0.009978632698069909 0.00848139825964381 0.0071837855738244635 0.00607648749719108 0.0051645349634759155 0.004429671987333995 0.0038452506066296707 0.0033957529628680498 0.003013516390114202 0.002651741504926944 0.0023324696983002173 0.0020693149270693064 0.001869969123997122 0.001703661706771029 0.001543349872108845 0.0014017018962168464 0.001286613633572557 0.0011968548835578148 0.0011320269668698515 0.001092126683388005 0.0010768655372242323 0.0010861025888234098 0.001120065046348535 0.0011793846380246998 0.0012649626825612505 0.0013683553953070951 0.001467338459045455 0.0015483958468111248 0.0015960544675196933 0.001602482686347614 0.001602482686347614
0.014524937789371679 0.017458457640693512 0.020227543065119844 0.022392902425137355 0.0235259981328402 0.023372791465213812 0.021968828836109178 0.019622413073507507 0.016778680683432915 0.013859734304427301 0.011181857003711231 0.008976283756107747 0.00722537257901872 0.005859255605338454 0.004805479218503095 0.003999090409989797 0.003386413479843859 0.002925395699159866 0.0025804300914491537 0.0022938782416322087 0.0020632656733072068 0.0018956335598006243 0.001784941330911552 0.0016778118519364487 0.0015747893880125668 0.0014834447821384137 0.001408773831751706 0.0013537905764949658 0.0013201731436766012 0.0013088203705460006 0.001320251255146669 0.0013548257654545266 0.0014127431242858142 0.0014809577627361075 0.0015427425739300191 0.0015872473064958072 0.001602482686347614 0.001602482686347614 0.001602482686347614 0.001602482686347614
0.020283115319100528 0.02515421449624709 0.029946452443372993 0.03382461202821486 0.03589987479548698 0.03561742681992177 0.03305604478081794 0.02888318286756275 0.024006511708923525 0.01920836505809658 0.01497092963174185 0.011488043174056389 0.008803460430740097 0.006813429225729276 0.005348602209408301 0.004273626143201671 0.0034860039271781404 0.002910710214200697 0.00249417938427781 0.002199139169785721 0.001999421586137242 0.0018638702257823003 0.0017893300032413464 0.0017326162409337315 0.0016704026455335117 0.0016106775840143829 0.0015595288171432365 0.0015212971271507199 0.0014989009620337739 0.0014941891257324246 0.0015082275761366456 0.0015389777658635533 0.0015707594286730087 0.001594679429242646 0.001602482686347614 0.001602482686347614 0.001602482686347614 0.001602482686347614 0.001602482686347614 0.001602482686347614
0.028239662765863472 0.03632110900182921 0.04469985423541847 0.051797696469627355 0.05571557871402885 0.05517735472905078 0.05036809055496749 0.04280380885157678 0.03437767876216247 0.026515439795411256 0.019927281118441015 0.014770707479935481 0.010905905886974305 0.008086778186232569 0.006086079381058037 0.004678714579611848 0.0036849072032319697 0.0029812181931379647 0.002483933452448607 0.0021369623679907586 0.0019035517222617644 0.0017609481632613563 0.0016973470165740144 0.0016843921835710813 0.0016654725370291977 0.0016416202774846701 0.0016188037678975928 0.0016017339775796613 0.0015938822331910765 0.001596704829832252 0.001601366692296801 0.001602482686347614 0.001602482686347614 0.001602482686347614 0.001602482686347614 0.001602482686347614 0.001602482686347614 0.001602482686347614 0.001602482686347614 0.001602482686347614
0.038782613995432445 0.052037985386953464 0.06673834104411434 0.08000484999470153 0.08767041262569435 0.08660227111861331 0.07726981757043323 0.06332338089063959 0.04876931861722918 0.03606817080064274 0.026062162989732 0.018642485440234963 0.013332849699602243 0.009608014863382938 0.007020440993397177 0.005229016905578948 0.003990004550439589 0.003137155292384692 0.0025489902679581545 0.002145694497932596 0.0018763079765026268 0.0017094043515857743 0.001627697077396485 0.001614297119468152 0.0016091106816347128 0.0016044702865076613 0.001602482686347614 0.001602482686347614 0.001602482686347614 0.001602482686347614 0.001602482686347614 0.001602482686347614 0.001602482686347614 0.001602482686347614 0.001602482686347614 0.001602482686347614 0.001602482686347614 0.001602482686347614 0.001602482686347614 0.001602482686347614
0.05215493246914497 0.07292623040910166 0.09846722610866177 0.12371115785466405 0.13940158091097168 0.13716190272779993 0.11831830914946047 0.09232052468280412 0.06755731932714518 0.04768128278887076 0.033082412281128064 0.022855593920641126 0.01586590524697962 0.011142276849329183 0.007959744392134782 0.005811185821340475 0.004353837824200711 0.0033603064657692985 0.0026813037400094135 0.002219568230609635 0.0019124610488404083 0.0017207829631737137 0.0016219717680681334 0.001602482686347614 0.001602482686347614 0.001602482686347614 0.001602482686347614 0.001602482686347614 0.001602482686347614 0.001602482686347614 0.001602482686347614 0.001602482686347614 0.001602482686347614 0.001602482686347614 0.001602482686347614 0.001602482686347614 0.001602482686347614 0.001602482686347614 0.001602482686347614 0.001602482686347614
0.06830007201868425 0.09822944361782017 0.14062761928453257 0.18892009087259357 0.22306809669085506 0.21795463959114122 0.1779912969988482 0.12984760198112133 0.08950956234907992 0.06019500358911859 0.040187857570461734 0.02691701700260186 0.01821554623766803 0.012522138006232952 0.008783567175347192 0.006311412540822611 0.004662486462597373 0.0035533116098928385 0.0028029157557920956 0.0022958758845748025 0.001958946744589374 0.0017465659637364577 0.001632174790387559 0.001602482686347614 0.001602482686347614 0.001602482686347614 0.001602482686347614 0.001602482686347614 0.001602482686347614 0.001602482686347614 0.001602482686347614 0.001602482686347614 0.001602482686347614 0.001602482686347614 0.001602482686347614 0.001602482686347614 0.001602482686347614 0.001602482686347614 0.001602482686347614 0.001602482686347614
0.08492385699931017 0.12485207879567006 0.18732407665107398 0.27577560232931386 0.3565596181226973 0.34289902202061656 0.2537967457006758 0.16989499161365473 0.11028170259926857 0.07111019553366124 0.046042666135027326 0.03012771363735569 0.020015765016959616 0.01355388665982794 0.009387720203589963 0.006672563442915847 0.004882534763154424 0.0036895608092190097 0.0028881599898009365 0.0023491731062012778 0.0019914860991955595 0.0017648997527049187 0.0016399988747853073 0.001602482686347614 0.001602482686347614 0.001602482686347614 0.001602482686347614 0.001602482686347614 0.001602482686347614 0.001602482686347614 0.001602482686347614 0.001602482686347614 0.001602482686347614 0.001602482686347614 0.001602482686347614 0.001602482686347614 0.001602482686347614 0.001602482686347614 0.001602482686347614 0.001602482686347614
0.09774371131109026 0.144151877433716 0.22096007785491623 0.350662070648133 0.5450776636507628 0.49701165277266707 0.31446110490122514 0.19593381786501735 0.1224215475669261 0.07710707886920747 0.04913464103986423 0.031777699172527 0.020922679036135896 0.014065853728438646 0.009683973933718597 0.006847989645032298 0.004988613976337169 0.0037548528254902494 0.0029288331694503743 0.002374542926131218 0.0020069863624455494 0.0017737004183342674 0.001643890427430768 0.001602482686347614 0.001602482686347614 0.001602482686347614 0.001602482686347614 0.001602482686347614 0.001602482686347614 0.001602482686347614 0.001602482686347614 0.001602482686347614 0.001602482686347614 0.001602482686347614 0.001602482686347614 0.001602482686347614 0.001602482686347614 0.001602482686347614 0.001602482686347614 0.001602482686347614
0.10240367799177809 0.1469633826323386 0.21850498731454548 0.3331079839460421 0.48213878638232327 0.45084893094412054 0.30034690522214125 0.19034396743634674 0.11990284715742439 0.0758851150655558 0.048511483757657216 0.03144760065356848 0.020742195749739595 0.013964371777717957 0.009625431653260253 0.006813408823470345 0.0049677440843899434 0.003742027106743849 0.002920852481026502 0.002369568149701546 0.0020039465244391097 0.0017719713667282895 0.001643119537672639 0.001602482686347614 0.001602482686347614 0.001602482686347614 0.001602482686347614 0.001602482686347614 0.001602482686347614 0.001602482686347614 0.001602482686347614 0.001602482686347614 0.001602482686347614 0.001602482686347614 0.001602482686347614 0.001602482686347614 0.001602482686347614 0.001602482686347614 0.001602482686347614 0.001602482686347614
0.09754173721428283 0.13253936985299933 0.1829472318583275 0.248575279045394 0.3064677775945295 0.2967864825124526 0.22837171627653605 0.15740277055778557 0.10408213712328337 0.06794118577785806 0.04437376700314921 0.029224291455972374 0.01951405451074011 0.013268453679074867 0.009221549470201993 0.006573691328936929 0.004822517219951406 0.003652508364615966 0.00286502762084162 0.0023347266757067844 0.001982662402494102 0.0017599082906944682 0.0016378289020427526 0.001602482686347614 0.001602482686347614 0.001602482686347614 0.001602482686347614 0.001602482686347614 0.001602482686347614 0.001602482686347614 0.001602482686347614 0.001602482686347614 0.001602482686347614 0.001602482686347614 0.001602482686347614 0.001602482686347614 0.001602482686347614 0.001602482686347614 0.001602482686347614 0.001602482686347614
0.08556398195783438 0.1086635238648781 0.1378769446779263 0.16927645671070898 0.19142806282529992 0.18753798186378678 0.15642077949434002 0.11690033245432255 0.08221950644344618 0.056156402797838435 0.03794281577009158 0.025654180979764248 0.017493979930895076 0.012102535463224552 0.008535028005302554 0.006161468093037931 0.004570449204238234 0.0034959937419267884 0.002766905154412566 0.0022733120930674144 0.00194518554671018 0.0017388781405275144 0.0016290239639339748 0.001602482686347614 0.001602482686347614 0.001602482686347614 0.001602482686347614 0.001602482686347614 0.001602482686347614 0.001602482686347614 0.001602482686347614 0.001602482686347614 0.001602482686347614 0.001602482686347614 0.001602482686347614 0.001602482686347614 0.001602482686347614 0.001602482686347614 0.001602482686347614 0.001602482686347614
0.07042626799641298 0.08359507209962254 0.09840750949766479 0.11211789271344502 0.12020488442565137 0.11804477648691787 0.10312061455474447 0.08189617412013436 0.06099742009290645 0.043727752655038886 0.030741702818819792 0.021474414624696646 0.015046862280318934 0.0106517646512478 0.007662235088607127 0.0056282097177324745 0.004239765955799472 0.0032883969987329014 0.0026357362742585296 0.0021909032689839793 0.0018950474370327869 0.0017112779512789432 0.0016185075256595614 0.001602482686347614 0.001602482686347614 0.001602482686347614 0.001602482686347614 0.001602482686347614 0.001602482686347614 0.001602482686347614 0.001602482686347614 0.001602482686347614 0.001602482686347614 0.001602482686347614 0.001602482686347614 0.001602482686347614 0.001602482686347614 0.001602482686347614 0.001602482686347614 0.001602482686347614
0.05535356827010634 0.061817868580319485 0.06842035343744514 0.0737855515654607 0.076281399078575 0.0747140261087459 0.06721971728403983 0.055805718539265865 0.043610423651334176 0.032715058913578246 0.023948971498961986 0.017330470516985746 0.012521867796288461 0.009105517424073678 0.006706986976980527 0.005031723284278308 0.0038632798003699503 0.0030487718552275017 0.0024828950341549373 0.002094536655331891 0.0018368242296313423 0.001680312428911651 0.0016087808494619025 0.001602482686347614 0.001602482686347614 0.001602482686347614 0.001602482686347614 0.001602482686347614 0.001602482686347614 0.001602482686347614 0.001602482686347614 0.001602482686347614 0.001602482686347614 0.001602482686347614 0.001602482686347614 0.001602482686347614 0.001602482686347614 0.001602482686347614 0.001602482686347614 0.001602482686347614
0.0421235313100808 0.044646986103177154 0.04703098819127058 0.04867178038459458 0.0490107174143787 0.04778628040973159 0.04388035064619262 0.037657831938714276 0.03060645041696766 0.02390350863542137 0.018184481927591784 0.01363367359804528 0.010172658318294607 0.007615258626152942 0.005758693963689033 0.004424824579396112 0.003472470086194788 0.0027961814583034395 0.0023202025373285765 0.001991802827177471 0.0017756540660507248 0.00164975031773788 0.00160294690191699 0.001602482686347614 0.001602482686347614 0.001602482686347614 0.001602482686347614 0.001602482686347614 0.001602482686347614 0.001602482686347614 0.001602482686347614 0.001602482686347614 0.001602482686347614 0.001602482686347614 0.001602482686347614 0.001602482686347614 0.001602482686347614 0.001602482686347614 0.001602482686347614 0.001602482686347614
0.031357440895550724 0.03182177622007084 0.032232121225863095 0.032332428115731664 0.03193502009736709 0.03100070535167939 0.02890014451533361 0.025446589704892053 0.021358228288759443 0.017275765611069423 0.013615127500984018 0.010561938797807365 0.00813815441102822 0.006277478189899336 0.004880844084579063 0.0038482793167639007 0.0030933325239046994 0.002547303278209173 0.0021585593047864925 0.0018900764521041725 0.0017168196969140166 0.0016237244799353768 0.001602482686347614 0.001602482686347614 0.001602482686347614 0.001602482686347614 0.001602482686347614 0.001602482686347614 0.001602482686347614 0.001602482686347614 0.001602482686347614 0.001602482686347614 0.001602482686347614 0.001602482686347614 0.001602482686347614 0.001602482686347614 0.001602482686347614 0.001602482686347614 0.001602482686347614 0.001602482686347614
0.023014262081471528 0.02254586824585908 0.022148145264881625 0.021703538369345663 0.02114327006697954 0.020467378530889393 0.01930485473604125 0.01735038184366853 0.01495795226345401 0.012472844748735435 0.010149582631543735 0.008130251771147134 0.006463423509568826 0.00513726569085722 0.004109591006750014 0.003328587266995614 0.002744535508600196 0.002315137683095953 0.0020071142870792136 0.0017960176529006671 0.0016654814600200185 0.0016066323700292952 0.001602482686347614 0.001602482686347614 0.001602482686347614 0.001602482686347614 0.001602482686347614 0.001602482686347614 0.001602482686347614 0.001602482686347614 0.001602482686347614 0.001602482686347614 0.001602482686347614 0.001602482686347614 0.001602482686347614 0.001602482686347614 0.001602482686347614 0.001602482686347614 0.001602482686347614 0.001602482686347614
0.016760490097227937 0.015969842782821597 0.015327384074681458 0.014767228461703382 0.014255823397851326 0.013794881977179636 0.013134270420760973 0.012005727580361608 0.010587515333216934 0.009066474745536861 0.007593865078017635 0.006267375300091729 0.005133772230997211 0.004202100237312354 0.003458697666680978 0.002879379755595677 0.002437546702725123 0.0021087745416180446 0.001873005861355827 0.001715394230952631 0.0016266073262887913 0.001602482686347614 0.001602482686347614 0.001602482686347614 0.001602482686347614 0.001602482686347614 0.001602482686347614 0.001602482686347614 0.001602482686347614 0.001602482686347614 0.001602482686347614 0.001602482686347614 0.001602482686347614 0.001602482686347614 0.001602482686347614 0.001602482686347614 0.001602482686347614 0.001602482686347614 0.001602482686347614 0.001602482686347614
