_RESULTS/CROSS_VALIDATION_POSTPROCESSED/Berg/GZ/8comp/3/Berg_GZ_z_500_kriged_reverse_8comp_spherical_3.asc
ncols 100
nrows 90
xllcorner  5.6208707817415728
yllcorner 50.959635321741573
cellsize 0.00013419651685393446
nodata_value 1.7014100000000001E+038
[rows 38 to 56 of 90, columns 0 to 40 of 100]
0.055708606662708694 0.06792723765188506 0.08290010973997769 0.10067509375439976 0.12081602552824666 0.14210430442917893 0.16231575075789664 0.1783458001061202 0.1869714870153226 0.18615056058893553 0.17643899998842327 0.16181771090941147 0.14492691609792335 0.12783201708990802 0.11192732954371733 0.09793303749609109 0.08608065507396377 0.07631406722714505 0.06843883216439976 0.06221377978779204 0.05739951721373456 0.0537799561060048 0.05116908654501786 0.049411471275797064 0.04841073219732515 0.048465244998426756 0.04961513779407222 0.05121246433554737 0.05231817499691831 0.052849324799136614 0.0528616857547616 0.052461114250856866 0.05176797500696698 0.050853882558536394 0.0497694619287755 0.04858547101591308 0.04733946403810264 0.046039898055222364 0.04470283844084717 0.04337689899102972 0.04201368175496016
0.053876511761519044 0.06534982268095217 0.07931399487959927 0.09576280863754257 0.1142351850669452 0.13355704245826197 0.15166777825560074 0.1657774231339069 0.1730909727853018 0.1719524358452315 0.16371851259022124 0.15149539954697813 0.1372083580470802 0.1225812222513295 0.10881869189633663 0.09658954780420391 0.08615770097262264 0.07753506617413866 0.07060178421677242 0.06518410110069144 0.061097704807188076 0.05816740908420689 0.056232289285322035 0.055143492276155545 0.05491312058517619 0.05587543275201401 0.057987871458188206 0.060269007313395594 0.06168109998506918 0.062215399907053354 0.06200420650842266 0.0612507544981258 0.060160881875077454 0.05890187027155809 0.057584624575819025 0.05622776088606248 0.05484750707975425 0.05355796211321341 0.052331742551248464 0.05104252819418012 0.04957407859774747
0.051675353190106875 0.06233411669511467 0.0752652491450562 0.09046888835192736 0.10754740230033534 0.12546078346006417 0.14231897375305197 0.15544568397521857 0.1620564760188809 0.16060220016404678 0.1532258776631542 0.1423018117338907 0.12967549508921747 0.11686986767005424 0.10489080580159658 0.09428537028872318 0.08527600940663319 0.07788744959483089 0.07204067573434376 0.06761314217881602 0.0644720343453878 0.06248771851618518 0.06153254668247954 0.06146895317265252 0.0625001851974332 0.06483620529644485 0.06821539672914627 0.07125703718775869 0.0729326632343627 0.07326539940187074 0.07255301903036479 0.07117537503433978 0.06946836236497757 0.06767425920645757 0.0659399479290658 0.06435796376430064 0.06313434539971863 0.06217319988309532 0.06128142830955627 0.06023649617380558 0.05880321233981321
0.049200677229313844 0.0589950138229803 0.07087510388396467 0.08488944720137719 0.10077220535083685 0.11770833812358274 0.13403812607991286 0.14706407555020148 0.15354065640136874 0.15176511901483983 0.144355124125521 0.13379304570222003 0.12209841719087783 0.110626082085477 0.10014316855844367 0.09102364683449687 0.08340386461612641 0.07728851654605436 0.07261920629207037 0.0693162920120173 0.0673012300376432 0.06650322323436232 0.06685030155666419 0.06826284561703577 0.07115886621681745 0.0755571944050417 0.08052103754642087 0.08447372923346584 0.08624268847804763 0.08595445908012163 0.08426940622920615 0.0818706367635047 0.07926355136836337 0.07675961933365905 0.07456873373055695 0.07303921858226445 0.07213260353578062 0.07167923944476559 0.07142006416537552 0.07097885210919812 0.06988338880172645
0.04653640492074044 0.05542124959072862 0.06621216818066553 0.07902131177691563 0.09375227456597814 0.10990937123050955 0.1262508875988033 0.14016838831911407 0.1472959111902113 0.14483540903390035 0.13627652654344405 0.12528834912363876 0.11408161879681307 0.10368326333921357 0.09453567968751815 0.08680675000602296 0.08053181491533187 0.07568600090328981 0.0722258178270648 0.07011445728311771 0.06933619790969052 0.06990061211395193 0.07183191782143789 0.0752093507691447 0.08067725148411437 0.08799170604284277 0.09511649395007622 0.10021631016461255 0.10161609397175214 0.09989952605447792 0.09651957598042035 0.09260596116512872 0.0888074558328236 0.08548283900592753 0.08314452588415293 0.08183864525252328 0.08144693985256257 0.08179315171395146 0.08258528285779405 0.08330726917019883 0.08311005516705594
0.04376230030951956 0.05169450197278428 0.06133350305630314 0.07283673278486594 0.08625609662388245 0.10143801812251159 0.11780671695400594 0.1336317711408268 0.143140425323468 0.13870837169004704 0.127563139406359 0.11586212453375806 0.10518290726110593 0.09589400405214034 0.08806744539230471 0.08168615414777046 0.0767066934218494 0.07308704180764841 0.07080422666301435 0.06986831330440019 0.07033453602959541 0.07231295010493538 0.0759704099504715 0.08165812108073661 0.09039285493529556 0.10133656794660319 0.11205741671059066 0.1187407346262835 0.11857825017764335 0.11400054930557096 0.1080407500059529 0.10219526967713458 0.09705317803770572 0.09322738421369257 0.09089291975263411 0.08993046988995211 0.09022607547111981 0.09164986574841796 0.09398421464560301 0.09673184404945852 0.09864735471256413
0.04096149939509108 0.04790816774028963 0.05632773637028194 0.06637694163770631 0.07816483852393706 0.09172039161009318 0.10695908723437914 0.12364295015883472 0.14054427433040506 0.12919189598709008 0.11604827538650993 0.10500791639300139 0.09573520560118752 0.08798990323010653 0.08161525096593802 0.07651531507278943 0.0726417259388828 0.06998974640916919 0.06860261130992303 0.0685839973269797 0.07011961170774558 0.07339104768983937 0.07866208459392239 0.08661074573142545 0.09834291195261109 0.11356925282958587 0.13065431153131793 0.14007137250129778 0.13507795012028426 0.12576878316190535 0.11678956364758503 0.10907527992611352 0.10303641988046575 0.09903281228343397 0.0968477914409372 0.0963230166481342 0.09736492920083319 0.09992850478235782 0.10398192900933372 0.10939334954291166 0.11537286608116434
0.03822381973001967 0.0441764465993029 0.05133954373192046 0.0598211860529556 0.0696796213029661 0.08087505769103906 0.09315586749058279 0.10568152356849687 0.11438631018959522 0.11090451993552805 0.10257610654492517 0.09451670769017637 0.08747343599190724 0.08150092558379163 0.07656188182695309 0.07262720557618463 0.06969661421266116 0.06780583096234322 0.06703495788156329 0.0675230343698875 0.06949261681456424 0.07328996842292987 0.07945058129292477 0.08869996649982952 0.10173143513910574 0.11969218940971356 0.14423930812265895 0.16001225337994163 0.14417982738506332 0.1310653408888939 0.12037559575148189 0.11183180464052907 0.10578183771743188 0.1019759664818928 0.10013364824458355 0.10008888472866338 0.10176885036938911 0.10518016461413367 0.11039999641875806 0.11756799628032343 0.12685714895489278
0.03564293648529721 0.04062831104765323 0.0465578016004126 0.053468376360332304 0.06132020929399158 0.06995733288491149 0.07925304167973188 0.0879896968099867 0.09333391945020653 0.09326104772733083 0.08976787116640483 0.08513160589783092 0.08051324036699331 0.07634346290796569 0.07278650423869039 0.069925473473833 0.06782976525822547 0.06658313608362564 0.0663008701058553 0.06714733951449066 0.06936015375362398 0.07328637349078906 0.07923584337579657 0.0873206044664824 0.09898746519819918 0.11495837205932016 0.13362898121577663 0.14387146746953136 0.13728832403088914 0.1270045790105119 0.11751743520271017 0.10994319010092828 0.10470872972514292 0.10154071983823659 0.10023347969557546 0.10065826449615302 0.10275100141076637 0.10648740212039846 0.11182542204299865 0.1185236420068135 0.12539012559840576
0.03330920324934569 0.03739013238248722 0.042173914845340554 0.04763447490138879 0.05384093448966413 0.06088876018409583 0.0682529792474909 0.07486910316342874 0.079175072383272 0.08044197099797976 0.07964275669377033 0.07761770848762772 0.07511501609726833 0.07259164246049515 0.07030576069011274 0.06841995002555024 0.06706192512765047 0.0663572742460534 0.06644978207393111 0.06751871114084766 0.06979840252296729 0.07336641897728594 0.07804331130208797 0.08412871509436835 0.09258179131193393 0.10336775110757923 0.11484206925501915 0.12195129196533606 0.12116365729823356 0.11578379880122004 0.10927809008055481 0.10384336929843167 0.10001508010718047 0.09780755952254669 0.09716142178752331 0.0980126985195563 0.10030006680308678 0.10393003136748691 0.10867719760190217 0.1139409540445063 0.1182457903108985
0.03130252185332646 0.034568025909744775 0.038340237262727436 0.042827578764820004 0.04817082430987361 0.05414911852964782 0.06029962559843856 0.06585615607332597 0.06986474471946581 0.07188256831872604 0.07262173887227523 0.07238431052700947 0.0715413201718036 0.07041676748528836 0.06925341654189646 0.06823672931968817 0.06752477356226395 0.06727050175125332 0.06763741308206411 0.06880209049878795 0.07062568152792663 0.07305857056448734 0.0761705021468877 0.0800268406473958 0.08523610549717729 0.09156843203988772 0.0979912374094449 0.10282390247984556 0.10392635978230494 0.10169466261206804 0.09807022178893003 0.09484927014534879 0.09256131375775728 0.0914036414832069 0.09143640973306873 0.09265596344014095 0.09500978699887525 0.09836510847940852 0.10242369621761116 0.1065735527781653 0.10974915096417309
0.02968891980756937 0.03224035194490637 0.03542970852279222 0.039443237908304084 0.04420014850118264 0.04950301998692977 0.05498217079671289 0.060080358917627516 0.0641381224617587 0.06674391711396406 0.06849550206702963 0.06953187083622223 0.06998640726347133 0.07003584702547239 0.06985565976916518 0.06961114454425218 0.06946343641344778 0.06957786573317042 0.06997498099638756 0.07056022182859911 0.07140562782459535 0.0725666499271283 0.07405775814371221 0.07582647463830564 0.07828943954404155 0.08142045674110023 0.08469536496064867 0.0871646070827415 0.08816430565973724 0.08754124825190103 0.08595540457311476 0.08446489365070668 0.08348762479844206 0.08325624606624199 0.08388277083106518 0.08540051205466836 0.08777418030316657 0.09087887418032956 0.09445059881647216 0.09802602967905777 0.10093718054632922
0.028236827346035383 0.03058202405034563 0.03360910849761246 0.03732710818062829 0.041737143895729995 0.046685149059658475 0.05188271046232955 0.056907427202412875 0.06125411033159704 0.06448504048637944 0.06704578838629108 0.06910804380547067 0.07065607309503913 0.07174038714961983 0.07245229303335088 0.07290631142869945 0.07309266085046925 0.07303860101779763 0.07283171681837336 0.07256330150661242 0.0723159109086643 0.07214775227385721 0.07207431798643742 0.0720485700939534 0.07230539051241236 0.07313708786356665 0.07427393247644337 0.07494417213130027 0.07493927910158567 0.07462601672499707 0.0742459936427739 0.07389442509455563 0.07385230095461673 0.07431098322536366 0.0753829688017236 0.07711561436057378 0.07949370717275149 0.0824275240728879 0.08573050751689182 0.08910244677937183 0.09215080906948118
0.026885531442063154 0.029288976159031577 0.0323682306266867 0.0361272808401599 0.040527985850107806 0.04546007354078731 0.0507145638220817 0.055974664014509914 0.06084115638062093 0.06488550688745567 0.06824459221629033 0.07127649146492006 0.0738265405499349 0.0757871983348218 0.07709654215631807 0.0777408237768461 0.07775611409125631 0.07722406898362508 0.07625966032810415 0.0749925834926011 0.07354633388651217 0.07201895291773507 0.07046835776355241 0.06890489662019669 0.06743298195964566 0.06654725012529987 0.06605288710379113 0.06533526677782792 0.06441531869612406 0.06360064465430487 0.06361605593339564 0.0639160225483593 0.0644470589312493 0.06534312025305644 0.06669518883887794 0.06855083983218385 0.07091229379641048 0.07373014261903871 0.0768954758473412 0.08023920804890558 0.08355156734880514
0.02579820033526778 0.028265721355446183 0.031418729572959436 0.03527882179818383 0.03983350273025896 0.04500943493397255 0.05064647542340919 0.05648174995888706 0.062154701703016416 0.06723945929871739 0.07149982327876298 0.07541209193320551 0.07880250867715922 0.0814425595323235 0.08316200704379192 0.08387324412357494 0.08358511141045173 0.08239838341181284 0.08048228505194809 0.07803936211034761 0.07526958870132261 0.0723426588535289 0.06938287119988314 0.06646735034387476 0.06365237165406708 0.06141305255290477 0.05954632764881685 0.057729957375727725 0.0560329097733394 0.054714405045070365 0.054377621138435785 0.054946684806441576 0.05576958096976637 0.05688925878703817 0.058372282077520286 0.06026085389700263 0.06256963844098765 0.06528273788142948 0.06835231652194107 0.07170296468792604 0.07524645632467411
0.024939389189959 0.027477105787227066 0.03072389634918192 0.034723498028426066 0.03949449726531935 0.04500538843495055 0.051147205786216135 0.05770958633254957 0.06436868498903779 0.07069535791252037 0.07620425371433054 0.0811372983053844 0.08549331197737975 0.0888963787864452 0.0910368700403906 0.09173202948965509 0.0909648062168846 0.08888199691958816 0.08575132883760776 0.08189625869616303 0.07763346890682693 0.07323028161054138 0.06888669312826856 0.0647379357370174 0.06087046449998065 0.05743165054427433 0.05438772865962813 0.05168033737631133 0.04934034431004217 0.04757058240729782 0.04680904360814637 0.04715275116031566 0.04807547177705571 0.04926220703559678 0.05075967680335594 0.05260361564824865 0.05481609443558966 0.05740438090541331 0.06036220279271635 0.06367530613630824 0.0673331431871953
0.024276243979513615 0.026888543589718407 0.030244403578578726 0.0344134642962556 0.0394505275381853 0.04537219674761922 0.052127844837021924 0.05956771348021846 0.06741389943011489 0.07524295665934963 0.08249141975031982 0.08876565933483233 0.09432825413241178 0.09867344618841797 0.10129494851532304 0.10187822139075013 0.10038640659385518 0.09706239089588653 0.09234583362105157 0.08675050822502975 0.08075673918542481 0.0747489700094221 0.06899875199658269 0.06367801562648576 0.05888189857870348 0.05435098459092638 0.050300442079374265 0.046854052445634925 0.04398651916891192 0.041827995339077995 0.04069202311073227 0.04060526626231061 0.04145068421768286 0.04260220326336725 0.04403360637950613 0.04577469014965722 0.047850797508571304 0.050282705902274606 0.053088700059902905 0.05628977667479467 0.05991887487173965
0.023779302769117484 0.02646674278920065 0.029939917176412336 0.03429739932078687 0.03963511958198767 0.04602536463350199 0.05348726430151164 0.06194836387598611 0.07119923555380957 0.08084726764920497 0.09028294108644874 0.09868611941850466 0.10586078715023756 0.11147361053722579 0.11471453482142077 0.11506680051345626 0.11248654743012294 0.10740708125111867 0.10056633535505784 0.09277161395070013 0.08472072910807997 0.0769232840956911 0.0697011141210156 0.06322812619733936 0.05741457415584832 0.05197994302291095 0.047075230037587866 0.04300315953091301 0.03970257643933422 0.037215993046701486 0.03576404061466106 0.03531421368226959 0.03587621361099661 0.03693327436862393 0.038250096211153634 0.039851338064610456 0.04176261799056015 0.04401082154555167 0.04662604261162532 0.04964558220193613 0.053120296149842164
0.023422586566075952 0.026180390533542118 0.02977025301513667 0.03432167136016311 0.039975832273233404 0.046868556063905026 0.05510288458836348 0.0647076073701828 0.07557848075569436 0.08740163631215152 0.099567129874475 0.11110041457139666 0.12079002362508386 0.12823815975846942 0.13237528972895193 0.13233626392973968 0.12809593950093534 0.12046635265273295 0.11071062778574492 0.10008272154770415 0.08954988509415891 0.07972862302895964 0.07094266109289452 0.06323371457581836 0.05626737394160662 0.05003836820502264 0.04455315031300028 0.0399426159294747 0.03628462318193184 0.03352531597339523 0.031812336726076765 0.031070736742099134 0.031284233917271205 0.032210542066514504 0.033389265675526435 0.034833007059674216 0.03656576237117256 0.038615652831392 0.0410162924394476 0.0438092407469041 0.04704728422054167
