_RESULTS/CROSS_VALIDATION_POSTPROCESSED/Berg/GZ/8comp/3/Berg_GZ_z_710_kriged_reverse_8comp_spherical_3.asc
ncols 100
nrows 90
xllcorner  5.6208707817415728
yllcorner 50.959635321741573
cellsize 0.00013419651685393446
nodata_value 1.7014100000000001E+038
[rows 0 to 17 of 90, columns 40 to 79 of 100]
0.002183548970048312 0.002830285540229747 0.0037417410400974907 0.005037200663020952 0.006891017288508261 0.009555980845327128 0.013393889082205368 0.018912876380881256 0.026808142910972166 0.02942332458766906 0.02150453647279962 0.015670361898593575 0.011381332888093912 0.008292437207310429 0.006091250692974772 0.004519693001458443 0.003394171224819008 0.0025847969600478657 0.0020000181095722225 0.0015754495117389629 0.0012658653988949302 0.0010395211128688406 0.0008741633304137038 0.0007542512888206864 0.0006690427440315623 0.0006113006379932915 0.0005764555771578346 0.0005621223484645453 0.0005616448816439658 0.0005616448816439658 0.0005616448816439658 0.0005616448816439658 0.0005616448816439658 0.0005616448816439658 0.0005616448816439658 0.0005616448816439658 0.0005616448816439658 0.0005616448816439658 0.0005616448816439658 0.0005616448816439658
0.001945128918621347 0.002503249133025479 0.0032911914800142334 0.004412096338977566 0.006014115770944135 0.00830218395652721 0.011532043751088543 0.015900638079577097 0.020811390704506397 0.02220544423412344 0.018555670787904897 0.014299498616449392 0.01075756525436878 0.008001615885455792 0.005924008639324 0.004418337193255365 0.003331067866080624 0.002544633605520497 0.001973975476546622 0.0015582956980691788 0.0012544224913422714 0.0010318210197672955 0.0008689677321990922 0.00075077167784756 0.0006667739957258597 0.0006099208549868212 0.0005757657911822655 0.0005620111961048443 0.0005616448816439658 0.0005616448816439658 0.0005616448816439658 0.0005616448816439658 0.0005616448816439658 0.0005616448816439658 0.0005616448816439658 0.0005616448816439658 0.0005616448816439658 0.0005616448816439658 0.0005616448816439658 0.0005616448816439658
0.001634175398650232 0.002075708517891571 0.002695157348177145 0.0035671376569892297 0.004791395954128811 0.006485994610553724 0.008742884434556591 0.011468852577665948 0.013991565905823046 0.014906367518884137 0.013700245973069666 0.011463832794521586 0.009148708118335904 0.007119311991816991 0.0054535227605128364 0.004135980966549301 0.0031529993622669786 0.0024302222469581103 0.0018992545057247986 0.0015088039347410367 0.001221265114045165 0.0010094365004032415 0.0008538307338029184 0.0007406245408994463 0.0006601643838625091 0.0006059210289431721 0.0005738026067146449 0.0005617663725911966 0.0005616448816439658 0.0005616448816439658 0.0005616448816439658 0.0005616448816439658 0.0005616448816439658 0.0005616448816439658 0.0005616448816439658 0.0005616448816439658 0.0005616448816439658 0.0005616448816439658 0.0005616448816439658 0.0005616448816439658
0.0013008336844072027 0.0016225109691681554 0.002068970022176806 0.002687039793400107 0.003533168539267857 0.004660361543181875 0.006078052768324404 0.007663818019290748 0.00905500381554847 0.009730942678623313 0.009450036723091124 0.008465414274359588 0.007185049555028741 0.00589079912023835 0.0047183719769885194 0.0037150540565728824 0.002889326282631854 0.0022578136229520532 0.0017851246617223183 0.0014324074346381266 0.0011696605471751362 0.0009743828761522688 0.0008300293253417092 0.0007246444629321458 0.0006497809248851287 0.0005997069219248232 0.000570877769141863 0.0005616448816439658 0.0005616448816439658 0.0005616448816439658 0.0005616448816439658 0.0005616448816439658 0.0005616448816439658 0.0005616448816439658 0.0005616448816439658 0.0005616448816439658 0.0005616448816439658 0.0005616448816439658 0.0005616448816439658 0.0005616448816439658
0.000986944159640933 0.001203972874478186 0.0015018768813396964 0.0019076428128897323 0.002450333795375142 0.00315053766982605 0.003998374337967947 0.004916552429992179 0.005735683349617296 0.006241022132409542 0.006302485522043112 0.005956132907025236 0.005344666269552524 0.004616169472881697 0.003875885456281113 0.0031843422743544677 0.002570336023493429 0.0020489740082463128 0.0016443152895426404 0.0013367714419568488 0.001104320991845235 0.0009296215347086728 0.0007994713834016716 0.0007040980729550529 0.0006364980150188923 0.0005919152335783008 0.0005674901035202924 0.0005616448816439658 0.0005616448816439658 0.0005616448816439658 0.0005616448816439658 0.0005616448816439658 0.0005616448816439658 0.0005616448816439658 0.0005616448816439658 0.0005616448816439658 0.0005616448816439658 0.0005616448816439658 0.0005616448816439658 0.0005616448816439658
0.0007080467147318488 0.0008392572526441577 0.0010201335794412748 0.0012660785584889616 0.0015930584012812505 0.0020116058592755896 0.0025151857648754144 0.003064625722003508 0.0035796046178172623 0.003956398554302164 0.0041257575539591015 0.004074440031683376 0.003839530346890435 0.003482618463348472 0.003063630727914882 0.0026288429529167778 0.0022092905087285164 0.0018234653620695883 0.001490199725529957 0.0012302746164816727 0.00103056832780647 0.00087859197237609 0.0007644293142880091 0.0006805308383334236 0.0006214093555337177 0.0005833642582701175 0.000564300369043667 0.0005616448816439658 0.0005616448816439658 0.0005616448816439658 0.0005616448816439658 0.0005616448816439658 0.0005616448816439658 0.0005616448816439658 0.0005616448816439658 0.0005616448816439658 0.0005616448816439658 0.0005616448816439658 0.0005616448816439658 0.0005616448816439658
0.0004750220474056701 0.0005458054078730249 0.0006457555780471148 0.0007834693251910157 0.0009681178922897232 0.0012066886292085562 0.0014988503298409602 0.0018301983501949834 0.002167650605923415 0.0024629831983497435 0.0026667555618682414 0.0027454976590197064 0.002702285213639056 0.0025644853751685304 0.002358878435117171 0.002112609355726714 0.0018488440447580474 0.0015853265222651196 0.0013345415927396378 0.001120685110258533 0.0009535570429457178 0.0008247539535971851 0.0007272691777403602 0.0006556068702722706 0.0006057345130539748 0.0005750019796929545 0.0005621066421403929 0.0005616448816439658 0.0005616448816439658 0.0005616448816439658 0.0005616448816439658 0.0005616448816439658 0.0005616448816439658 0.0005616448816439658 0.0005616448816439658 0.0005616448816439658 0.0005616448816439658 0.0005616448816439658 0.0005616448816439658 0.0005616448816439658
0.00030077462492167297 0.0003344138740023947 0.0003849523378823864 0.00045717490115808763 0.000556586859856895 0.0006883049055832625 0.0008548795044800462 0.0010531846141242464 0.0012715179224849682 0.0014890098865746248 0.0016789641312849064 0.0018153522234864816 0.001879378579214184 0.0018641875391854717 0.0017884220032943511 0.0016690862928399545 0.0015198072463341687 0.0013534684001761572 0.0011811023047494432 0.001014318879052007 0.0008777229312645752 0.0007712357507375835 0.0006902302161906914 0.0006309735539952348 0.0005907390203684968 0.0005678633819507156 0.0005616448816439658 0.0005616448816439658 0.0005616448816439658 0.0005616448816439658 0.0005616448816439658 0.0005616448816439658 0.0005616448816439658 0.0005616448816439658 0.0005616448816439658 0.0005616448816439658 0.0005616448816439658 0.0005616448816439658 0.0005616448816439658 0.0005616448816439658
0.0001814141098421241 0.00019484920763846301 0.00021819852158019338 0.00025409292856159185 0.00030587695432197215 0.00037723112464280607 0.00047129641857852076 0.0005892294071826058 0.0007284519710092653 0.0008813080727889394 0.0010350207335269779 0.0011733986350459164 0.0012798650529753342 0.0013407566311444642 0.0013478854335565473 0.0013081813211582897 0.0012375144325214886 0.0011434128863219036 0.001033683725148153 0.0009156588564719499 0.0008065130756292408 0.0007206326963807502 0.0006552858331402445 0.0006081718946995601 0.0005776821347091732 0.0005630469764596476 0.0005616448816439658 0.0005616448816439658 0.0005616448816439658 0.0005616448816439658 0.0005616448816439658 0.0005616448816439658 0.0005616448816439658 0.0005616448816439658 0.0005616448816439658 0.0005616448816439658 0.0005616448816439658 0.0005616448816439658 0.0005616448816439658 0.0005616448816439658
0.0001052041306735093 0.00010893490344727889 0.0001186433205280905 0.0001357267236276055 0.00016218651013159412 0.00020054245754454357 0.0002535240959014015 0.0003234377987471374 0.00041120380758353126 0.000515250941006125 0.0006306602145868805 0.0007490017607168133 0.0008591204987287977 0.00094878471465549 0.0010068134943240579 0.0010251681672013332 0.0010059225470042921 0.0009627794267679846 0.0009005834828894305 0.0008244208719125982 0.0007423616472129684 0.0006749519831374605 0.0006240919898633017 0.0005886007509997326 0.0005678002287758792 0.0005616448816439658 0.0005616448816439658 0.0005616448816439658 0.0005616448816439658 0.0005616448816439658 0.0005616448816439658 0.0005616448816439658 0.0005616448816439658 0.0005616448816439658 0.0005616448816439658 0.0005616448816439658 0.0005616448816439658 0.0005616448816439658 0.0005616448816439658 0.0005616448816439658
5.9216958331964624e-05 5.8945511094051554e-05 6.23934558873342e-05 7.025860415193455e-05 8.370778152770856e-05 0.00010439186890884254 0.0001343768196806713 0.00017590954142863906 0.00023094844495850494 0.000300457165933997 0.0003835803399992273 0.0004769431852158115 0.0005743689638543131 0.0006672430487466963 0.0007455831078276725 0.0007996626957630375 0.0008218495644597547 0.0008135071426753062 0.0007860343815435065 0.0007425737547144613 0.0006868321106870259 0.000635670503334858 0.0005980114427344371 0.0005735333020414331 0.0005623288378188353 0.0005616448816439658 0.0005616448816439658 0.0005616448816439658 0.0005616448816439658 0.0005616448816439658 0.0005616448816439658 0.0005616448816439658 0.0005616448816439658 0.0005616448816439658 0.0005616448816439658 0.0005616448816439658 0.0005616448816439658 0.0005616448816439658 0.0005616448816439658 0.0005616448816439658
3.2682957282324566e-05 3.1138700043054184e-05 3.1979889749500036e-05 3.552260457177505e-05 4.243002038098089e-05 5.375149194963867e-05 7.094905709042531e-05 9.585285812866748e-05 0.0001304744930169086 0.0001766233667995569 0.00023532249401469197 0.00030610627071820035 0.0003863790911612238 0.0004710754771887463 0.0005528471991232943 0.0006228940055290107 0.0006723714895164073 0.0006941047414298767 0.0006913650316601622 0.0006728349629133657 0.0006404638566456801 0.000603864614598524 0.0005781951811209644 0.0005641795178030395 0.0005616448816439658 0.0005616448816439658 0.0005616448816439658 0.0005616448816439658 0.0005616448816439658 0.0005616448816439658 0.0005616448816439658 0.0005616448816439658 0.0005616448816439658 0.0005616448816439658 0.0005616448816439658 0.0005616448816439658 0.0005616448816439658 0.0005616448816439658 0.0005616448816439658 0.0005616448816439658
1.789673205899735e-05 1.6206499707737083e-05 1.60931169492338e-05 1.7678838270120086e-05 2.1332729365078182e-05 2.7707809651721296e-05 3.7805303555442896e-05 5.301480612583822e-05 7.50751386470545e-05 0.00010590214967086724 0.0001472379038382097 0.00020011410970619098 0.00026419670328850834 0.0003371689588538669 0.00041437900924263507 0.0004889804980204067 0.0005527035551757215 0.0005972132118955747 0.0006161584723010782 0.0006164412376406734 0.0006029294967253166 0.0005803778256031103 0.0005657043848422406 0.0005616448816439658 0.0005616448816439658 0.0005616448816439658 0.0005616448816439658 0.0005616448816439658 0.0005616448816439658 0.0005616448816439658 0.0005616448816439658 0.0005616448816439658 0.0005616448816439658 0.0005616448816439658 0.0005616448816439658 0.0005616448816439658 0.0005616448816439658 0.0005616448816439658 0.0005616448816439658 0.0005616448816439658
9.874334210808672e-06 8.401843663636662e-06 8.008180854008834e-06 8.733014547675284e-06 1.077565181588816e-05 1.4528767530167082e-05 2.0669184657043753e-05 3.0229162560177672e-05 4.462233058571896e-05 6.559474475204201e-05 9.504782340939137e-05 0.00013468454467131593 0.0001854717030875208 0.0002469870223408772 0.00031681237687953157 0.0003902055712100152 0.00046028616070612773 0.0005188719395485262 0.0005579065712689027 0.0005737725778643766 0.0005754408506082703 0.0005660066694833469 0.0005616448816439658 0.0005616448816439658 0.0005616448816439658 0.0005616448816439658 0.0005616448816439658 0.0005616448816439658 0.0005616448816439658 0.0005616448816439658 0.0005616448816439658 0.0005616448816439658 0.0005616448816439658 0.0005616448816439658 0.0005616448816439658 0.0005616448816439658 0.0005616448816439658 0.0005616448816439658 0.0005616448816439658 0.0005616448816439658
5.62005325819066e-06 4.411787587521027e-06 3.969576983352384e-06 4.328910098522909e-06 5.581455685735149e-06 7.932755004721206e-06 1.1845843170929384e-05 1.809808129825445e-05 2.7823409512488553e-05 4.253176915335147e-05 6.404876524059656e-05 9.43124614939257e-05 0.00013498066444096995 0.00018685152403269102 0.00024918406649439924 0.00031910300243736476 0.000391340937155478 0.00045855901131461703 0.0005123600000739197 0.0005448844914959752 0.0005590681534404149 0.0005616448816439658 0.0005616448816439658 0.0005616448816439658 0.0005616448816439658 0.0005616448816439658 0.0005616448816439658 0.0005616448816439658 0.0005616448816439658 0.0005616448816439658 0.0005616448816439658 0.0005616448816439658 0.0005616448816439658 0.0005616448816439658 0.0005616448816439658 0.0005616448816439658 0.0005616448816439658 0.0005616448816439658 0.0005616448816439658 0.0005617801951762507
3.4331112312144043e-06 2.4357478788324365e-06 1.9787823543648202e-06 2.2057106819776175e-06 3.0879642372708634e-06 4.6706240561566315e-06 7.305943445783879e-06 1.1605077406343926e-05 1.8488750152507975e-05 2.9248952035478764e-05 4.556347402865219e-05 6.940312936305565e-05 0.00010276913516659777 0.00014722180146310777 0.00020322427296250558 0.0002694226649024566 0.00034208747393846414 0.00041499816982554157 0.0004800066450228522 0.0005283384259661685 0.0005544843799207022 0.0005616448816439658 0.0005616448816439658 0.0005616448816439658 0.0005616448816439658 0.0005616448816439658 0.0005616448816439658 0.0005616448816439658 0.0005616448816439658 0.0005616448816439658 0.0005616448816439658 0.0005616448816439658 0.0005616448816439658 0.0005616448816439658 0.0005616448816439658 0.0005616448816439658 0.0005616448816439658 0.0005616448816439658 0.0005619284257212665 0.0005665324940191649
2.3841859106308277e-06 1.568134185775204e-06 1.0767326807814889e-06 1.3031459935431937e-06 1.9732868095889227e-06 3.0949636829413054e-06 4.977206448489252e-06 8.116634496347105e-06 1.327890306232299e-05 2.1584157031841322e-05 3.4566800620503576e-05 5.415908873168642e-05 8.253205616443353e-05 0.00012173094180972591 0.00017308220030195983 0.00023643366565574174 0.0003094050461829708 0.0003869297277654471 0.0004613962179375847 0.0005216481051958235 0.0005540195838267557 0.0005616448816439658 0.0005616448816439658 0.0005616448816439658 0.0005616448816439658 0.0005616448816439658 0.0005616448816439658 0.0005616448816439658 0.0005616448816439658 0.0005616448816439658 0.0005616448816439658 0.0005616448816439658 0.0005616448816439658 0.0005616448816439658 0.0005616448816439658 0.0005616448816439658 0.0005616448816439658 0.0005618303044015464 0.000566677892107865 0.0005775320443283116
1.9459164942877576e-06 1.3078899395279438e-06 1.0218882416096165e-06 1.1106147433311124e-06 1.5446251640145658e-06 2.366949678972826e-06 3.8044395381866954e-06 6.267431603396904e-06 1.0415808664320042e-05 1.725097277989277e-05 2.8202255994641892e-05 4.516282818013117e-05 7.040916034056157e-05 0.00010632804655065728 0.00015489540364267584 0.0002169180978372591 0.00029116435839207275 0.0003728998336823821 0.00045212622740781823 0.0005166716757701842 0.0005541453515841982 0.0005616448816439658 0.0005616448816439658 0.0005616448816439658 0.0005616448816439658 0.0005616448816439658 0.0005616448816439658 0.0005616448816439658 0.0005616448816439658 0.0005616448816439658 0.0005616448816439658 0.0005616448816439658 0.0005616448816439658 0.0005616448816439658 0.0005616448816439658 0.0005616448816439658 0.0005616489102632916 0.0005656494127473221 0.0005766725617069492 0.0005941144588627026
