_RESULTS/CROSS_VALIDATION_POSTPROCESSED_80-20/MHZ/IZ/6comp/5/MHZ_IZ_z_355_kriged_reverse_6comp_spherical_5.asc
ncols 100
nrows 81
xllcorner 5.5967107548124995
yllcorner 50.982328804812504
cellsize 0.00017565037499993607
nodata_value 1.7014100000000001E+038
[rows 20 to 39 of 81, columns 44 to 87 of 100]
7.792795145687344 7.516519388583516 7.263306417082996 7.0430539412552795 6.861563787459052 6.718410150778756 6.5810717721260765 6.400404174382912 6.262874427376151 6.17656476757602 6.13777561119834 6.129711904523137 6.134591636867274 6.131498340847022 6.11076259242654 6.075623701905525 6.056449233391873 6.0647615413615075 6.098557038127725 6.149583694528688 6.209736476694471 6.273287634770858 6.336334012115589 6.397652917977663 6.440791788473577 6.433638954734384 6.378258580129474 6.279737180497897 6.146988248664456 5.987486183083557 5.80781550745864 5.618398121271604 5.435599959290343 5.269637213155417 5.130465688865111 5.022761867398689 4.950591992684332 4.917884332371404 4.928245118837542 4.983490432358091 5.077648179000347 5.206226975731964 5.366561812222643 5.551288579343172
7.380213924096527 7.0948963662414375 6.840189884057597 6.624199288118472 6.449397563383119 6.309981026827209 6.188218174299421 6.077612052639688 5.9977402886012925 5.961687621139041 5.964053822711603 5.9901404699879555 6.032311251033454 6.074744746993241 6.101440808134169 6.109023455234819 6.105738663568901 6.12308802860303 6.16348775093882 6.221715017132727 6.291323283215193 6.36596143973101 6.439996639261982 6.509549229690021 6.539176060539536 6.508328182525562 6.425284612366733 6.299586335805006 6.142897903770547 5.967397842726309 5.788225316553572 5.605390732612507 5.4195706943641815 5.242530809339365 5.084894569122522 4.95606342702213 4.861438200107335 4.806266505371678 4.795476758601912 4.832634776331423 4.9122457195407785 5.027652845675962 5.174414892592662 5.347140856739176
6.924239602972591 6.627642033379928 6.37022196503127 6.158129438289229 5.992224511248597 5.866480097550761 5.766636234718244 5.699655569531635 5.6723901885986425 5.681127586452584 5.722849865789991 5.785860810808432 5.865770667393656 5.952071342301128 6.024190251826498 6.081847629336567 6.123899544009067 6.154635088019952 6.20551736251099 6.275821113782863 6.359832172861892 6.449897354388388 6.527047331049278 6.577673537144152 6.567302562691549 6.497463453738097 6.379814301551538 6.226948213741703 6.067263510421701 5.907048839889163 5.744349381397426 5.577336142952813 5.404786507902922 5.231682180837619 5.073826606629022 4.935249996939459 4.818480681563915 4.736399288706092 4.70156161157819 4.7189859289517395 4.784975964056419 4.889701181556945 5.02510452386683 5.182841863010553
6.439804229112147 6.131990385624098 5.873621207009379 5.667456416793729 5.509262535583299 5.394147155473616 5.318470661225096 5.290679143271042 5.303320734735558 5.3522811080019075 5.431546779129876 5.531380866957815 5.648428771250989 5.7750183448899985 5.891215141516956 5.997010859887787 6.088029461980518 6.158286422325345 6.221868336255374 6.30745852466503 6.397721684783181 6.474865078706918 6.533570161773502 6.551523719898854 6.499782032441695 6.391288305363978 6.24695397533117 6.101073806266717 5.959204171983122 5.818585959419191 5.6758576811066135 5.527889419630908 5.372286087047112 5.210492824717827 5.054288902149974 4.913850405333924 4.793789767303699 4.700289138462886 4.641378523651217 4.637522513313084 4.690797382959536 4.78464153529143 4.905963725278234 5.041850650486744
5.940186045357587 5.61843308446987 5.356004008048307 5.150982494961161 5.002148765739419 4.905409149421691 4.858674754875563 4.863410769715358 4.909917616010643 4.995062644506642 5.107849408497738 5.242443665169677 5.3943440384362065 5.5571662541151365 5.7152205473972915 5.864475862405552 6.000228250824292 6.116903914049003 6.206834071399945 6.2791674613670825 6.346816677549976 6.408753911545317 6.454565742923722 6.438061667799436 6.342763691347758 6.204530541843278 6.068577401380469 5.940759396756141 5.820831518222803 5.704199357258259 5.585933892376285 5.461433264728991 5.326822885690658 5.180818958052133 5.032761196399882 4.889042363354186 4.761247494694196 4.659304767136173 4.596478634431637 4.577751067971054 4.6114977596961895 4.69379409730583 4.803907633811201 4.918843282106917
5.417890338501968 5.083581230192737 4.8221433359073815 4.629496871808928 4.5000964141264745 4.429169943165494 4.412777368302755 4.446428296224907 4.524801863011432 4.639384485694759 4.77982781325008 4.941570606266576 5.120827826646957 5.313970785484404 5.508127131636282 5.694729836505578 5.869142268657728 6.020691398829901 6.113726696623394 6.157059692846336 6.199695109441448 6.248774165358332 6.294364884703309 6.243525314149531 6.10586811880547 5.971393429281261 5.851657770342859 5.745803235533548 5.652228340002738 5.564921115351701 5.476711001515855 5.381590382574578 5.274037574133624 5.150628497476785 5.0163729388768425 4.873902288161296 4.734392140298136 4.6109317774487435 4.523249482888684 4.50024710220285 4.542824594420656 4.622735057850037 4.72711909502221 4.834613455951852
4.890050105819141 4.557426360628809 4.3031196191038 4.125661454845166 4.020131452465327 3.9786000255499347 3.99032521188702 4.053968737957892 4.162330796478196 4.302828515560188 4.468379497950185 4.653714350410411 4.854667910780652 5.069723137568256 5.286381679978528 5.498928389433959 5.698344170971785 5.84249290083059 5.9244476285136445 5.947726574368822 5.965652908600874 6.004014026770164 6.055642639971211 5.9894481937003725 5.86063164075968 5.747921992956654 5.6510471468642836 5.56732537529145 5.493957934328206 5.426088531714592 5.3597486363108615 5.29189989985742 5.21873458342733 5.12868533722491 5.017151408319982 4.885694850431422 4.729354782931384 4.563165182800712 4.426545188329012 4.392913007307381 4.476008232421423 4.589573490616069 4.690383054114301 4.785789292048197
4.38185729578246 4.056474010635137 3.8118875281579334 3.650841449782024 3.5697220861727303 3.558127401043036 3.5996852093403704 3.69441007276972 3.82948403966578 3.9947634012981745 4.183095278770857 4.388797601662012 4.6076646335199225 4.839714932051785 5.071337594854572 5.295400786483344 5.473966344553684 5.5966334466926 5.67543287379408 5.708968710646155 5.714310277983363 5.731557826324087 5.740380294624424 5.694959989854749 5.62163119814612 5.5474692780340735 5.482624047919274 5.427721074784863 5.380238439942766 5.335325260037692 5.289343816612416 5.239873812111355 5.185865668382981 5.124298550599544 5.048751782150799 4.93598869843099 4.771329406561234 4.565198081234378 4.342462234109507 4.276093021370478 4.449396848701597 4.610049613387297 4.71622969351007 4.785311512867954
3.911262729910156 3.5934809480699124 3.358189643809937 3.212409232191788 3.155739339776056 3.1737867884251467 3.2484558847283345 3.3729299360755105 3.5346329532402723 3.723748292249176 3.932642268347612 4.155573263946691 4.388846046887326 4.63226289822052 4.87199997076276 5.077411056169235 5.233329795469607 5.353385675306996 5.4355174132623185 5.474712585878392 5.4691148429106295 5.4623582892001465 5.451101776192132 5.4308165144632765 5.399842146769953 5.366475554597714 5.337678930142859 5.316349662292357 5.299911391481217 5.283086245798326 5.2633481159401 5.241569141567708 5.217677860782356 5.185898176716061 5.130959133240797 5.037872757259577 4.898780860982806 4.700231106607659 4.468268523345395 4.390716152525141 4.568686235917018 4.720212207719771 4.81245123937929 4.844649101303282
3.4948633296519565 3.1798497008021087 2.948946953616552 2.815354941284605 2.7824585908935124 2.83215755422092 2.941600458591117 3.097100801355128 3.286047878836245 3.4978425955660697 3.7249315440230504 3.961932999560587 4.205956396529058 4.4550342556524996 4.686668605945946 4.8791064944161695 5.034778255756016 5.150357715950442 5.224290214423874 5.2561720228324695 5.242548811500328 5.213859585686966 5.204673599588484 5.205051288536593 5.204485925577333 5.203291877809086 5.204979050068704 5.213940475440624 5.229373017834756 5.244158746237122 5.258740837091434 5.279761244150014 5.304744777190384 5.3197586965100605 5.297936383666162 5.23200098833037 5.126010968607219 4.989336233740746 4.8502447516364 4.799123249265784 4.857704157836486 4.932913700015928 4.97247223942482 4.961896022648481
3.147245911930148 2.8263610421141943 2.5896191869938767 2.4619044285208878 2.453270564650214 2.5388216491595585 2.6871503868211533 2.8763651507759733 3.0923185814890943 3.324650734977957 3.566344343198819 3.813251429616455 4.063747360971976 4.313205685578393 4.542821969065839 4.736681976145315 4.888663843978723 4.994649123488334 5.054290332580927 5.069659438181358 5.042220374241733 4.998910634022733 4.997020937020167 5.004497200131142 5.010019412960028 5.016814266722607 5.031557256394111 5.06064198828116 5.104381551511064 5.151584419456042 5.209059811146853 5.289440326090732 5.388414046070598 5.476467628056397 5.529220561485581 5.530411475877692 5.472922479760066 5.380591365601531 5.29928713090359 5.247951190277012 5.231215938523351 5.219106117102397 5.184142344440397 5.113421375212445
2.883310236144956 2.5471934861326573 2.2875410031217474 2.151069311535686 2.1712343275092003 2.305792112906914 2.49853985059801 2.719743473034013 2.9567003342868037 3.202157555143611 3.451887173873918 3.703113632569721 3.954613121424359 4.213800767935197 4.447040910769708 4.641494336802974 4.789938643114243 4.8870645905215895 4.931177660435981 4.925493588161305 4.872822917445967 4.807599717832976 4.793534806927707 4.7957847307403325 4.796502213331466 4.798648756817492 4.810758905553262 4.842779900001211 4.9015549906229205 4.981771996108407 5.093447096802724 5.247475432366225 5.431851567745906 5.613491478438786 5.7694847512497365 5.87492848809423 5.90960615518223 5.871229650550276 5.7941793809853115 5.725734370042105 5.6433691255215646 5.544957672232505 5.425998317265975 5.2829032069253286
2.7273957142516014 2.373756515803333 2.068683032224433 1.8813629505528242 1.9563097960180402 2.158396694966541 2.389751474199299 2.6322005839940106 2.8815029422240546 3.1333014257259926 3.385172896913414 3.6356120933410843 3.89781524671049 4.165373700871056 4.400898154014566 4.5952936379478215 4.739799957209443 4.826994975866717 4.852531942514993 4.807784618738429 4.705498801900509 4.618404847015618 4.5968475361705226 4.594043480609786 4.582308049922841 4.566366290160897 4.558488865687908 4.575160998027063 4.632162841588452 4.7433880368113694 4.9154653793450045 5.150693989316403 5.427294335917001 5.720428903073848 6.003385265720889 6.239886495401081 6.389077074930087 6.4219051175668795 6.352406982635683 6.231512161117056 6.074535637872012 5.884916784955713 5.675861919781625 5.453376133806852
2.699351713907519 2.3465583626784206 2.0230550592469436 1.747963405975798 1.9078886951752718 2.145162508010908 2.386982697802894 2.630718468875018 2.8766697635868206 3.1246958266143605 3.3715369464457434 3.6221368043479107 3.9003615792645356 4.1702206478589865 4.407978027851596 4.603823322121729 4.747425021357935 4.827374415625963 4.81519749588644 4.7026667537716005 4.530028757528962 4.445895293475187 4.433435112676385 4.423833298336125 4.39004291983813 4.342770789807292 4.300684613832849 4.288427562888565 4.3342503395716285 4.464052261754365 4.687896709273747 5.000504758485143 5.373586125429596 5.788081818965812 6.216833279613546 6.613652066207869 6.907162010093434 7.021438750607068 6.946100922975215 6.750295087476118 6.504820470423582 6.216016750925886 5.912544257034154 5.607791012698125
2.7955927517671517 2.476649526894292 2.2099372682109957 2.0606197237653356 2.114569353983419 2.2903075475913797 2.5032229856239336 2.727750130660837 2.954726319120583 3.183586363622495 3.4147887863159183 3.6719448513352555 3.957493991078589 4.228622420974822 4.469671112101457 4.670409624614119 4.81754748984963 4.877394600999913 4.829421015804302 4.671227857721461 4.420253708848207 4.356565489777359 4.336462407955119 4.308399047132085 4.2453606221301765 4.153602087634516 4.060232344412454 3.9998868850159885 4.01674884151024 4.15104844395812 4.419037615326917 4.801847754654823 5.268977230847886 5.804275515722341 6.386925839675451 6.974115582812036 7.462795220092426 7.675493813379743 7.5503776054672125 7.238940106817651 6.877321003979321 6.510827507820753 6.115796592188031 5.7310043909785895
2.9825017756037577 2.7077804714619087 2.4994620156165572 2.396846503996401 2.421284841885183 2.5429031023382938 2.7170511568723335 2.91395371169424 3.1166066368499954 3.3175322854823013 3.529136010978888 3.7826210912714284 4.068806942084753 4.339747076706194 4.584240619954234 4.791145862606809 4.930082991558151 4.9712327526688345 4.911008213753173 4.7571880449854795 4.552323346718266 4.412594005538048 4.334253250256628 4.262944748821615 4.164368910401527 4.020781421392339 3.8576199650436496 3.72362130250428 3.6865799458950335 3.816336713312914 4.128820614349498 4.5780949589703 5.1263241500444705 5.761044322570361 6.476157790528189 7.257030874058193 8.025318198649869 8.38337107325998 8.082838395041685 7.613077056804382 7.144315238732279 6.711203906664694 6.265723867229411 5.81033696031594
3.226797047822752 2.9922777493304635 2.8250581982435925 2.7464331329611658 2.7617809019030535 2.8526736423345325 2.9940168945231873 3.162346042074135 3.3409301455519396 3.5174624306494837 3.7133392295219614 3.9540939655814076 4.229957367493535 4.497194056742688 4.744362261291317 4.950181661353125 5.073461380613054 5.10546035844922 5.045627492564333 4.903152565028006 4.703956374707126 4.537197557212458 4.41416837787913 4.298613252603495 4.159898606639702 3.9670725103745244 3.7279132795783125 3.4897895183333687 3.3532586804181426 3.4763674988848803 3.8528402186474375 4.363982688139059 4.967103769284453 5.657193369142637 6.439232802507627 7.319739334954223 8.301593372651546 8.86167434113601 8.301187274712962 7.753325432190956 7.244080936816647 6.779733672609748 6.330935742210908 5.843593844198371
3.4999069879720035 3.3008874765118033 3.1645729119634556 3.1038982155770842 3.1197850456725855 3.1961897718631254 3.3152679034937744 3.457754985095931 3.6089785614615346 3.757891852632929 3.938822106013758 4.17018450893421 4.4330430768340525 4.689181440837915 4.937066473088275 5.126941937603765 5.2382946081791815 5.265827953402243 5.209256431693216 5.073927778278938 4.875640468289053 4.703301825275677 4.562137233322053 4.42330975433594 4.255737559276895 4.025726810225614 3.7221660591067423 3.3725516258762243 3.044061359815573 3.193097461786308 3.66591892525015 4.208351387000815 4.819357951596214 5.505548726546356 6.266542155761378 7.082807860550082 7.853554518916532 8.22642070681842 8.031471359021147 7.621763474237538 7.1708062221933595 6.7287101207483655 6.302525431785259 5.8290549910657745
3.781059162382515 3.615462612213628 3.5037344772071246 3.4587970347608863 3.481257034249199 3.555335224611579 3.663276571437888 3.7843880084414674 3.901985502656586 4.017257345603978 4.17936958288291 4.39786951844345 4.657366286054808 4.90835634269602 5.136788119295834 5.309666228775349 5.410956603021824 5.435753598345009 5.382853019031161 5.2541777741566795 5.06554727050749 4.905317915939989 4.775553726411019 4.644810882588969 4.4755049788314665 4.227569973279504 3.8934111845590627 3.5094131592388895 3.189415204734437 3.269025661010411 3.6611326094015086 4.148252101056536 4.7072006465505645 5.334138980161642 6.013999574066937 6.698545583966585 7.273362649329042 7.575501761497566 7.554160991586273 7.315040870099297 6.973581469283871 6.595545795327505 6.21125216778795 5.775598967620696
4.0569607609462395 3.921104115278409 3.8318964294556945 3.800800049476347 3.8328672540804707 3.9150386072449654 4.025689905235639 4.12710649500983 4.198659214628718 4.274180189362797 4.410901827431584 4.615142547191137 4.871030900030927 5.126219436118034 5.332528783524157 5.484307549918385 5.576324158299141 5.59863110997036 5.548894315269903 5.42753522593781 5.263862807643159 5.134436341391357 5.043108428503966 4.957248781497432 4.828155809572611 4.59240600598901 4.244025751050529 3.862288999004773 3.589605189153283 3.5689027363453203 3.7931677800374124 4.162866658794244 4.629283965754127 5.16698127963144 5.743011886248259 6.299061440713308 6.752187578418756 7.0170997163020585 7.0729981572398515 6.953315239065532 6.718708156583242 6.4212045518545615 6.095246880087252 5.716558743475358
