_RESULTS/CROSS_VALIDATION_POSTPROCESSED_80-20/MHZ/IZ/6comp/5/MHZ_IZ_z_710_kriged_reverse_6comp_spherical_5.asc
ncols 100
nrows 81
xllcorner 5.5967107548124995
yllcorner 50.982328804812504
cellsize 0.00017565037499993607
nodata_value 1.7014100000000001E+038
[rows 0 to 17 of 81, columns 40 to 79 of 100]
0.001471909687167133 0.001440820448386092 0.001361729842525155 0.0012476028332759918 0.0011138742957942723 0.0009756845271210444 0.0008442053203337675 0.000726146910207522 0.0006245287823333584 0.0005398575762167159 0.0004712068264201301 0.0004170171368098956 0.0003756175255990468 0.0003455377502610007 0.00032569151162847263 0.0003154997528546783 0.0003139973380986683 0.0003139973380986683 0.0003139973380986683 0.0003139973380986683 0.0003139973380986683 0.0003139973380986683 0.0003139973380986683 0.0003139973380986683 0.0003139973380986683 0.0003139973380986683 0.0003139973380986683 0.0003139973380986683 0.0003139973380986683 0.0003139973380986683 0.0003139973380986683 0.0003139973380986683 0.0003139973380986683 0.0003139973380986683 0.0003139973380986683 0.0003139973380986683 0.0003139973380986683 0.0003139973380986683 0.0003139973380986683 0.0003139973380986683
0.001992040023945035 0.0019315300800822994 0.001791972567657658 0.001602350208624154 0.0013942905771620632 0.0011924120990734629 0.001007903083841751 0.0008474082580998008 0.0007131030947272384 0.0006038402534139157 0.0005169159342008796 0.00044918635675332487 0.0003976875545858267 0.00035993941647658806 0.00033407792607824545 0.0003189157818683573 0.0003139973380986683 0.00031424529811102534 0.0003149679083827454 0.0003157437158345303 0.00031625925027120295 0.0003163404636977117 0.0003159615693141046 0.0003152464567414101 0.00031446214148271026 0.00031400679990165216 0.0003139973380986683 0.0003139973380986683 0.0003139973380986683 0.0003139973380986683 0.0003139973380986683 0.0003139973380986683 0.0003139973380986683 0.0003139973380986683 0.0003139973380986683 0.0003139973380986683 0.0003139973380986683 0.0003139973380986683 0.0003144203869134956 0.0003155602037607541
0.00279666618255277 0.0026813173647942594 0.0024322569102537732 0.002109896787260533 0.0017734727894138551 0.0014632979161608968 0.0011989162298530374 0.0009838633143379758 0.0008100863247559018 0.0006723385744509293 0.0005650153710440922 0.0004826700287513969 0.0004206102302291521 0.0003750939728490192 0.0003437199992789167 0.00032594383078992284 0.0003201475806853469 0.0003231746371103404 0.00032659334765808 0.00032928565767207036 0.0003308615482339321 0.0003310995640987304 0.00032996660222123697 0.0003276210145995258 0.0003243981049280373 0.0003207823120588802 0.0003173742768889615 0.00031486264914444036 0.0003139973380986683 0.0003139973380986683 0.0003139973380986683 0.0003139973380986683 0.0003139973380986683 0.0003139973380986683 0.0003139973380986683 0.0003140686176026042 0.00031567884003163064 0.00031884642176754826 0.00032286450122399305 0.00032707846980587185
0.0040567040950105675 0.003834869597419466 0.003380591063593666 0.002826302276941107 0.002283015163641516 0.001810881075465383 0.0014300164984750413 0.0011361901342208317 0.0009149011649292137 0.0007463574969333454 0.0006170126810122707 0.0005187122186189079 0.0004454002892661364 0.0003949729180487197 0.0003626867183566369 0.0003450743702721314 0.00033985114122548276 0.00034526444532760305 0.00035198938052888817 0.00035708000581840014 0.0003599995990151939 0.0003604373174765976 0.000358346333988426 0.00035394980382783074 0.0003477129472513564 0.0003402891923286836 0.00033245508450013015 0.00032505053983616884 0.00031893841754432887 0.0003149925694144 0.0003139973380986683 0.0003139973380986683 0.0003139973380986683 0.0003139973380986683 0.0003154826784945509 0.000319857328694482 0.0003263180560933621 0.0003340684091348456 0.0003423075330920994 0.0003502390842880976
0.006055482607799622 0.005615363847340336 0.004762755263745383 0.0038065326537833864 0.00295245330261973 0.0022624163507539963 0.0017329287779560408 0.001338028410272868 0.0010483648855473592 0.0008383289326031577 0.0006835484363937582 0.0005697245972166611 0.0004906653701236819 0.0004366554752818267 0.0004015634855311272 0.00038176174710462376 0.00037546618809649495 0.0003822483433736578 0.0003932386724276947 0.00040157995806102114 0.0004063409391456832 0.00040705353414110124 0.0004036467379962418 0.00039645778310315097 0.00038618002494869336 0.00037376314645056667 0.00036029374892904663 0.00034688619751426896 0.00033460618314625076 0.0003244380980268008 0.0003172975319019186 0.0003140853543488587 0.0003141737000673835 0.00031758326625848143 0.000324701890031568 0.0003347317090446562 0.00034685461220762933 0.000360182232611657 0.0003737399110709666 0.0003864892712654877
0.009264089072222217 0.00833964554170955 0.006731376869393128 0.005142003230019648 0.003838972324236239 0.00284902114238875 0.0021224370371939576 0.0015979256927036996 0.001222384124378149 0.0009547865347908637 0.0007726481228954462 0.0006502263632276493 0.0005647179127875752 0.0005058679772699276 0.00046726808295546873 0.00044508996090091946 0.00043739515318336723 0.0004438344399180546 0.00045646338300550285 0.00046718389867443427 0.00047455452131731286 0.00047566619044252684 0.0004703528803559618 0.0004591504644964986 0.0004431461409679787 0.00042379391827865895 0.0004026992321581398 0.00038142869532395033 0.0003613822334032824 0.00034374003109179845 0.0003294773575465726 0.00031986055807164027 0.00031961198961864856 0.0003286721336245683 0.0003421423300215648 0.0003588688981887748 0.00037799586257258243 0.0003984835438637235 0.00041908565026222555 0.0004383822757980091
0.014507169689887293 0.012434274789944945 0.009369556259170077 0.0068153169489137645 0.004917880066230937 0.0035567822474791865 0.002593369328982955 0.0019148781354361784 0.0014376372975693059 0.001114629105555046 0.0009038141616837453 0.0007668526080649463 0.000674000976620434 0.000609760668595165 0.0005675107941446209 0.0005432717667144912 0.0005350036278319937 0.0005423008657876565 0.0005571165896504387 0.0005673961123106173 0.0005729400721357774 0.0005736616610505662 0.0005654797112257292 0.0005482876380891169 0.0005238564336525019 0.0004944967694240885 0.00046266913652967946 0.000430657945298807 0.0004003710343546221 0.0003732730749955232 0.00035081554191056263 0.0003385384526010432 0.00033739861016383833 0.00034744618908673375 0.0003679058577828991 0.0003929011958612651 0.0004210209946545856 0.0004510198896392593 0.0004812593316913175 0.0005097399867785597
0.023448317983050936 0.01713541427653313 0.01211416801917746 0.008563627886603892 0.006074464065569085 0.004336903997169938 0.0031260550513030664 0.0022819812759445226 0.0017087528927330706 0.0013357674135437332 0.001090589865049642 0.0009303838375830765 0.0008284056510640852 0.0007595275165921329 0.0007146295919405665 0.0006897284289187145 0.0006827906047736407 0.0006934456882953014 0.0007120475928240393 0.0007219565742670342 0.000722576898941788 0.0007146155352977162 0.0006995419152775809 0.0006731564180367593 0.0006359871238327315 0.0005918120546366425 0.0005444967968722427 0.0004974418041340891 0.0004532871634893675 0.0004139396813333878 0.0003859303507569161 0.0003713539087205876 0.00036909916624810666 0.00037913543466383016 0.00040254186296019643 0.00043777629223971763 0.00047768533261623766 0.0005205705745286397 0.0005642608181044616 0.0006058993787470909
0.0221358802009138 0.01867481343105555 0.013842654760821263 0.009972641134013626 0.007137304616371177 0.005115347510632126 0.003688977992538605 0.002700228478798689 0.0020542892621863724 0.0016286602668415138 0.0013457260822015496 0.00115933163953057 0.0010420510443390507 0.0009713314157307182 0.0009269743256722745 0.0009049947775158266 0.0009035534079753662 0.0009224292237475122 0.0009477837921498365 0.0009573784831254244 0.000950091868545414 0.0009270313760190107 0.0008913709583663106 0.0008472043028274934 0.0007903804987000742 0.0007238798049810285 0.0006538759210817361 0.0005854700895345746 0.0005222989204942885 0.00047063793858735496 0.00043706938369587005 0.0004191086032042028 0.00041537983757044937 0.00042574059093444106 0.0004513049950554014 0.0004945790270363695 0.0005500700656013852 0.0006105725547035125 0.0006732454815332163 0.0007340007793764309
0.019840018243475276 0.017960044383332673 0.014371849150729114 0.010837180200195706 0.007976487562715523 0.005822909996489216 0.004251057012483424 0.0031861152675784427 0.0024799542626519045 0.002005400570033943 0.001685267839580281 0.0014725814118707041 0.0013390859940744246 0.0012674269099738466 0.0012306926589572766 0.0012193206128618924 0.0012319760366799359 0.0012687093009157652 0.0013061768160322037 0.0013158913337813166 0.0012956489355874954 0.0012472547411916785 0.0011765668778365309 0.0010922854823282632 0.0010020208418150618 0.0009015812076430714 0.0007981260725815341 0.0006992554136235301 0.0006113253296941863 0.0005473577933419062 0.0005057238779073592 0.0004829665768510826 0.00047724709384232267 0.00048825593950623414 0.0005171920580069532 0.0005669464429288323 0.0006403008367880796 0.0007248912081585726 0.0008144570531648821 0.0009032229709548962
0.018879835998452874 0.017549689925002634 0.014725296869709132 0.01155214969563145 0.008727480927775458 0.00647719181310365 0.004829740159259027 0.0037336114069430443 0.0029902634059119507 0.002478801915398855 0.002127992589325728 0.0018933871018020343 0.0017481291519454245 0.0016774593522469001 0.0016615051227414277 0.0016756429793344644 0.0017192601612952413 0.0017922783161210612 0.0018518977481299821 0.0018637784531038838 0.001822728738569293 0.0017322961257456044 0.0016033256066342646 0.0014520039665919468 0.0012957508233181968 0.0011423873123833368 0.0009890649377530373 0.0008463481430744796 0.0007296917535313023 0.0006480235197611834 0.0005944684934728475 0.0005644783940345666 0.0005556169144422385 0.0005673957999121646 0.0006011120427940707 0.0006600182601458724 0.000750112622513233 0.0008672769801758155 0.0009958461273134578 0.0011609234991793826
0.019025564903369985 0.017875706274338585 0.015401566713126244 0.01243790146795393 0.00962495279431726 0.007269934972746865 0.005559120735563832 0.004388319509094349 0.0035936247907901796 0.0030611126111998615 0.002694311519408003 0.0024487391331740804 0.0023019986033104576 0.0022434218122875144 0.002265431973964076 0.002331756390998177 0.00243778484408221 0.002579658017460282 0.0026821145351304076 0.002705961999713961 0.0026377756022255704 0.002479107841338928 0.002250178100566161 0.0019838027262649737 0.001714042656856278 0.001466555147166442 0.0012385886139144907 0.0010350891568357806 0.0008822763717160662 0.000775733213773867 0.0007056787779091148 0.0006656710782875128 0.0006521452521143374 0.000664139350741737 0.0007032794498259382 0.0007740699101181722 0.0008840753472341738 0.001050053588037005 0.00130658979962534 0.0016468424545111888
0.020155057323570365 0.018966908520203347 0.01655829580830194 0.013627042157666016 0.010749864017124963 0.008298397754229941 0.006518721505683065 0.005263341678489098 0.004387470809111147 0.0037895865578719875 0.0034043833240026467 0.003167293773640564 0.0030368529932177646 0.0030108375101562147 0.0030962786325116187 0.0032587494325275303 0.003482488979816936 0.0037498543861918913 0.003945440513539467 0.004011509734295142 0.003910444607313749 0.003637644563886223 0.0032329057772680094 0.00276582023441915 0.0023053763180633543 0.0018979871162321377 0.0015566704874107483 0.0012737232967630638 0.001070894985693284 0.0009306572309442054 0.0008386388461378261 0.0007854157694520404 0.0007656913550299005 0.0007777770765495071 0.0008234807415542833 0.0009084561640974658 0.001057775619710504 0.0013384807048081098 0.0017813345120600073 0.0022814511792235803
0.022235574198628674 0.020805346398160306 0.018241020401394668 0.015184664842680164 0.012157961042443283 0.009613654072298656 0.007753457460331792 0.006410411415127335 0.005450172757108361 0.004776794794765723 0.0043291230085579155 0.004076548511347783 0.003986518450993592 0.004021327391417695 0.004206154198879059 0.004529847107468079 0.0049671419568059596 0.005456497476646317 0.005842484980559752 0.006023867296008044 0.005901373208107026 0.00544130870507746 0.00472267834687412 0.003901356425097739 0.003121510867347337 0.002463364203421355 0.0019471752803865963 0.0015615267646906092 0.0012924652360479553 0.0011088508709147923 0.0009890984752889773 0.0009193288195632064 0.000891735540759435 0.0009035744445980166 0.0009546820212535057 0.0010416208900822686 0.0012438025885363423 0.0016289249719012113 0.002254012462855048 0.002919593768209191
0.025212207063028805 0.023311588380376547 0.020411728210299743 0.017109523051339084 0.013869154247720701 0.011237193742355302 0.00929848369282193 0.007880143661802435 0.00684665180161735 0.006100390103342018 0.0055816876346476895 0.005268321455632073 0.005173410936595662 0.005297791927380605 0.005626643140492626 0.0062005650913545965 0.006984980659075297 0.007831261907496048 0.008590780301143307 0.009067538870353145 0.00900392976057578 0.008248457815210827 0.006956736031781222 0.005504727128392167 0.004200022084336027 0.0031658435921675197 0.002402258870990953 0.001886614376188635 0.0015357919509581435 0.001300249329089747 0.001147935774960575 0.0010593411456575566 0.0010233098982177875 0.0010172878729226577 0.0010208029755762878 0.0011212738353119469 0.0013697620961273405 0.0018539995943070717 0.0026050766111157223 0.003435133577500816
0.028814286385637235 0.026257343857107707 0.022924948823184698 0.01932090593207329 0.015860824358674388 0.013145752453189554 0.01115653491859739 0.00970526799000766 0.00864047842371466 0.00784601883444235 0.007251005758389628 0.006843462457004437 0.006669021513287187 0.006817896146692929 0.007336097106126616 0.008253934889182917 0.00948197731557787 0.01086539668251412 0.012297707567945085 0.013472620743960141 0.013774960151394141 0.012592453104611899 0.010210107906808529 0.007637333466775715 0.0055157555696377725 0.003964265009967989 0.0028940471697623893 0.002229160877166662 0.0018149934129128712 0.0015520939867348614 0.0013882190262013137 0.0012943541406164386 0.0012163393998827832 0.0011229425756263782 0.001099569199184065 0.001197789252543247 0.0014565977549819095 0.001974883495737354 0.0027422235332482353 0.0036801418286308437
0.032320770477909044 0.02920658279118368 0.025516427819954793 0.021650347924590314 0.018009910330043406 0.015231621329479908 0.01323407461273139 0.011830904929459473 0.010842894998970209 0.010092693229528422 0.009438438387214473 0.00886564753298668 0.008506962619942736 0.008548111978104398 0.009207070645856233 0.010497424231426213 0.012158982870875221 0.0141990645335471 0.016627155874392986 0.019204586403325324 0.020854168330216825 0.019214338240593792 0.014581891602230595 0.010120803198679397 0.006895833020013442 0.0047931499370532605 0.003510428715070173 0.0027779658469672883 0.0023301171670971907 0.0020437578031020118 0.0018639027933251193 0.001694872147134938 0.0014843180689512127 0.0013041446177491961 0.0012593515761636274 0.0013495684283369393 0.0016140788000409182 0.0021288051125847836 0.0028375454553932864 0.003703851888762336
0.0347580094291408 0.031627223033261105 0.027621920229476658 0.023328017654096755 0.01935187175005868 0.016443871106000856 0.014497961012859738 0.013299663498310117 0.012638741385020616 0.012238455555793011 0.011750733875346165 0.01105917322110465 0.010468829594221006 0.010356632553536645 0.01098356650639046 0.01245320536614945 0.014407973749769836 0.016968595548045123 0.020329379904368634 0.0246883799513741 0.029821101299560143 0.028700559533236837 0.01899429343665686 0.01222284400403303 0.008277704163456814 0.00594712455530462 0.004526853811252477 0.003724320773612429 0.003243004059280755 0.002934752380082098 0.0026563674073517567 0.002274674228161758 0.0018629418160079762 0.0016026383014324402 0.0015140311288738277 0.0015801474791286947 0.001836383075658653 0.0023164731207889156 0.0029358723412109865 0.0036768691910835202
