_RESULTS/CROSS_VALIDATION_POSTPROCESSED_CLR/Berg/GZ/5comp/1/Berg_GZ_z_63_kriged_reverse_5comp_spherical_1.asc
ncols 100
nrows 90
xllcorner 5.6208707817415728
yllcorner 50.959635321741573
cellsize 0.00013419651685393446
nodata_value 1.7014100000000001E+038
[rows 0 to 18 of 90, columns 0 to 42 of 100]
-3.025119089375702 -3.025119089375702 -3.025119089375702 -3.025119089375702 -3.025119089375702 -3.025119089375702 -3.025119089375702 -3.025119089375702 -3.025119089375702 -3.025119089375702 -3.025119089375702 -3.025119089375702 -3.025119089375702 -3.025119089375702 -3.025119089375702 -3.025119089375702 -3.025119089375702 -3.025119089375702 -3.025119089375702 -3.025119089375702 -3.025119089375702 -3.025119089375702 -3.025119089375702 -3.025119089375702 -3.025119089375702 -3.025119089375702 -3.025119089375702 -3.0269769363278125 -3.0395830574690654 -3.0654064223226296 -3.10445750072718 -3.1545425341463025 -3.2135511046100955 -3.278815816404483 -3.339246334293184 -3.3929442970703403 -3.441779004298005 -3.4874383830590747 -3.531278952801491 -3.5741403603691198 -3.6161426145534734 -3.656518276000565 -3.6935917567124283
-3.025119089375702 -3.025119089375702 -3.025119089375702 -3.025119089375702 -3.025119089375702 -3.025119089375702 -3.025119089375702 -3.025119089375702 -3.025119089375702 -3.025119089375702 -3.025119089375702 -3.025119089375702 -3.025119089375702 -3.025119089375702 -3.025119089375702 -3.025119089375702 -3.025119089375702 -3.025119089375702 -3.025119089375702 -3.025119089375702 -3.025119089375702 -3.025119089375702 -3.025119089375702 -3.025119089375702 -3.025119089375702 -3.025119089375702 -3.025119089375702 -3.031707705086768 -3.0554276689369435 -3.094140072215005 -3.1454961635199217 -3.207217533814052 -3.2711391626777657 -3.325046768358732 -3.3707023562902445 -3.4103521756503685 -3.4462437531422543 -3.4805016052797257 -3.5149448183091385 -3.5508355610586255 -3.588555887308001 -3.6272444243278392 -3.6645276023052356
-3.025119089375702 -3.025119089375702 -3.025119089375702 -3.025119089375702 -3.025119089375702 -3.025119089375702 -3.025119089375702 -3.025119089375702 -3.025119089375702 -3.025119089375702 -3.025119089375702 -3.025119089375702 -3.025119089375702 -3.025119089375702 -3.025119089375702 -3.025119089375702 -3.025119089375702 -3.025119089375702 -3.025119089375702 -3.025119089375702 -3.025119089375702 -3.025119089375702 -3.025119089375702 -3.025119089375702 -3.025119089375702 -3.025522406693042 -3.0318835164351214 -3.0516876281791125 -3.0884977463243097 -3.1398164943270888 -3.2031722634733897 -3.2638569917737654 -3.3118684111998657 -3.349412131898955 -3.37889715064657 -3.402908362603478 -3.4241389432980984 -3.4452668536412627 -3.4687559261016823 -3.4965549743679523 -3.529656919744839 -3.567475873061243 -3.6070774480236505
-3.025119089375702 -3.025119089375702 -3.025119089375702 -3.025119089375702 -3.025119089375702 -3.025119089375702 -3.025119089375702 -3.025119089375702 -3.025119089375702 -3.025119089375702 -3.025119089375702 -3.025119089375702 -3.025119089375702 -3.025119089375702 -3.025119089375702 -3.025119089375702 -3.025119089375702 -3.025119089375702 -3.025119089375702 -3.025119089375702 -3.025119089375702 -3.025119089375702 -3.025119089375702 -3.025119089375702 -3.026471741023684 -3.0361968968383954 -3.0540685814808866 -3.0869931961454298 -3.136571632958563 -3.200082276239838 -3.2591621342081685 -3.303024474746404 -3.3337277509801164 -3.3536053218330237 -3.3652898986711715 -3.3717115460431297 -3.3760530399717954 -3.3816434695995854 -3.3917669701832436 -3.4093531175113747 -3.436485323740648 -3.473586406088778 -3.5180012516932817
-3.025119089375702 -3.025119089375702 -3.025119089375702 -3.025119089375702 -3.025119089375702 -3.025119089375702 -3.025119089375702 -3.025119089375702 -3.025119089375702 -3.025119089375702 -3.025119089375702 -3.025119089375702 -3.025119089375702 -3.025119089375702 -3.025119089375702 -3.025119089375702 -3.025119089375702 -3.025119089375702 -3.025119089375702 -3.025119089375702 -3.025119089375702 -3.025119089375702 -3.025119089375702 -3.0268602130710676 -3.0386649976272686 -3.060043088146371 -3.089793345619445 -3.1354586702028624 -3.197465277982808 -3.257677701170019 -3.300090858829774 -3.326474409339928 -3.3388816406848902 -3.339713049383796 -3.3317743142889116 -3.3183107320550125 -3.3029979704396712 -3.289866534687382 -3.283137054971638 -3.2869414353618263 -3.304885412666096 -3.3393170884049974 -3.3898027902700973
-3.025119089375702 -3.025119089375702 -3.025119089375702 -3.025119089375702 -3.025119089375702 -3.025119089375702 -3.025119089375702 -3.025119089375702 -3.025119089375702 -3.025119089375702 -3.025119089375702 -3.025119089375702 -3.025119089375702 -3.025119089375702 -3.025119089375702 -3.025119089375702 -3.025119089375702 -3.025119089375702 -3.025119089375702 -3.025119089375702 -3.025119089375702 -3.025119089375702 -3.026334920590118 -3.0384391645516104 -3.0620292962647375 -3.0952011696164683 -3.1369400548717894 -3.1949415406161514 -3.258470970988608 -3.3027712019840423 -3.32829166166396 -3.336679999048765 -3.3298973639417975 -3.310317767071962 -3.28082904702479 -3.2449160658859184 -3.20669912304196 -3.1708969036442918 -3.142686805123874 -3.1274473749511875 -3.1303840988082254 -3.156044112202882 -3.207638741766803
-3.025119089375702 -3.025119089375702 -3.025119089375702 -3.025119089375702 -3.025119089375702 -3.025119089375702 -3.025119089375702 -3.025119089375702 -3.025119089375702 -3.025119089375702 -3.025119089375702 -3.025119089375702 -3.025119089375702 -3.025119089375702 -3.025119089375702 -3.025119089375702 -3.025119089375702 -3.025119089375702 -3.025119089375702 -3.025119089375702 -3.025119089375702 -3.025384326923377 -3.0355927882618374 -3.0593054350042292 -3.094664668000217 -3.139722610012664 -3.193403566835985 -3.259304027094805 -3.3090809609069702 -3.3376814730543853 -3.346324565167274 -3.336442590520154 -3.3097911224492607 -3.2685866459291706 -3.215661587563723 -3.154612674110171 -3.089903951352742 -3.026875779976463 -2.97161229526268 -2.930635886573855 -2.910425528192031 -2.916780239828906 -2.953996738580358
-3.025119089375702 -3.025119089375702 -3.025119089375702 -3.025119089375702 -3.025119089375702 -3.025119089375702 -3.025119089375702 -3.025119089375702 -3.025119089375702 -3.025119089375702 -3.025119089375702 -3.025119089375702 -3.025119089375702 -3.025119089375702 -3.025119089375702 -3.025119089375702 -3.025119089375702 -3.025119089375702 -3.025119089375702 -3.025119089375702 -3.025119089375702 -3.0311005947623806 -3.0524457863787346 -3.087567750152764 -3.134598126670194 -3.191562377454186 -3.2570423569274576 -3.315784129138195 -3.3514245323712 -3.364827372174838 -3.356938742271836 -3.3288726543978777 -3.2820401800950645 -3.218328159270541 -3.1403214340118693 -3.051541110183737 -2.956643640160466 -2.861500950427987 -2.7730720920369305 -2.6989863629873345 -2.646772467234312 -2.622631799750332 -2.629356083476692
-3.025119089375702 -3.025119089375702 -3.025119089375702 -3.025119089375702 -3.025119089375702 -3.025119089375702 -3.025119089375702 -3.025119089375702 -3.025119089375702 -3.025119089375702 -3.025119089375702 -3.025119089375702 -3.025119089375702 -3.025119089375702 -3.025119089375702 -3.025119089375702 -3.025119089375702 -3.025119089375702 -3.025119089375702 -3.025119089375702 -3.0267770608034046 -3.0429753440442244 -3.0750668553154705 -3.1212903127029277 -3.179785901472358 -3.2485746554700423 -3.318953185166495 -3.365236756011078 -3.3876000627258076 -3.3866493787281264 -3.362993671613557 -3.317322355110667 -3.2505425788160727 -3.1639957228305997 -3.0597602298293065 -2.9410164764155446 -2.8123998484720367 -2.6802164410716154 -2.5523673635821242 -2.4378351622450882 -2.3456123423734248 -2.282961736240434 -2.2528732749754052
-3.025119089375702 -3.025119089375702 -3.025119089375702 -3.025119089375702 -3.025119089375702 -3.025119089375702 -3.025119089375702 -3.025119089375702 -3.025119089375702 -3.025119089375702 -3.025119089375702 -3.025119089375702 -3.025119089375702 -3.025119089375702 -3.025119089375702 -3.025119089375702 -3.025119089375702 -3.025119089375702 -3.025119089375702 -3.025119089375702 -3.033266982756466 -3.059299838352023 -3.1016220266991428 -3.158506008225557 -3.2281224843742082 -3.308515056639357 -3.3744735280350264 -3.40934856776474 -3.4195764524295744 -3.40549327436955 -3.367328030750972 -3.3052522470714627 -3.2195020342860845 -3.1106151629298253 -2.9798205356910135 -2.8295778754528413 -2.6641807942199898 -2.4902319631240744 -2.3167380203430166 -2.1545958759709887 -2.016219838944057 -1.9131719610308566 -1.8502825542448766
-3.025119089375702 -3.025119089375702 -3.025119089375702 -3.025119089375702 -3.025119089375702 -3.025119089375702 -3.025119089375702 -3.025119089375702 -3.025119089375702 -3.025119089375702 -3.025119089375702 -3.025119089375702 -3.025119089375702 -3.025119089375702 -3.025119089375702 -3.025119089375702 -3.025119089375702 -3.025119089375702 -3.025119089375702 -3.026396591434385 -3.0432344181645137 -3.078399526630242 -3.1302929291349093 -3.1972381878402607 -3.277459583126477 -3.365779029898127 -3.424713980591509 -3.4495803781854963 -3.4490749410951147 -3.423454606519128 -3.372566873934614 -3.2960120329837705 -3.1932082397215704 -3.063603447929683 -2.9071306177810743 -2.7249713250919814 -2.5205561039715714 -2.3005098908484367 -2.077047651354189 -1.8662706223051502 -1.682155659879453 -1.5381854055601953 -1.4441613985176798
-3.025119089375702 -3.025119089375702 -3.025119089375702 -3.025119089375702 -3.025119089375702 -3.025119089375702 -3.025119089375702 -3.025119089375702 -3.025119089375702 -3.025119089375702 -3.025119089375702 -3.025119089375702 -3.025119089375702 -3.025119089375702 -3.025119089375702 -3.025119089375702 -3.025119089375702 -3.025119089375702 -3.025119089375702 -3.0304840467641396 -3.055207309744763 -3.098662240535314 -3.159307547387796 -3.235533112603893 -3.325638426825971 -3.4162781614154962 -3.469992856054641 -3.4870811258648873 -3.477439560401695 -3.442190766088453 -3.380863803741128 -3.2925144779203586 -3.1756705212541343 -3.0284231781230164 -2.848857279804307 -2.636050699182817 -2.392453917412078 -2.1294492068259707 -1.8581761791877747 -1.5938319384835953 -1.355691699263146 -1.1644483350060773 -1.0376419741311436
-3.025119089375702 -3.025119089375702 -3.025119089375702 -3.025119089375702 -3.025119089375702 -3.025119089375702 -3.025119089375702 -3.025119089375702 -3.025119089375702 -3.025119089375702 -3.025119089375702 -3.025119089375702 -3.025119089375702 -3.025119089375702 -3.025119089375702 -3.025119089375702 -3.025119089375702 -3.025119089375702 -3.0251213527850775 -3.0361876189475843 -3.067816240317039 -3.1185726117252806 -3.186979756945446 -3.2715045696783838 -3.3705385851111087 -3.4602389743264403 -3.5104818313745185 -3.5226192042064337 -3.5055178541712393 -3.4627230375907816 -3.3935913916124854 -3.2967896865052038 -3.170048584196527 -3.0099736990879835 -2.812208184521298 -2.5752365239609434 -2.303342695702672 -1.9993573004603193 -1.6740800806078446 -1.3467530515784913 -1.0434159339679843 -0.7948767949926627 -0.6309361144817851
-3.025119089375702 -3.025119089375702 -3.025119089375702 -3.025119089375702 -3.025119089375702 -3.025119089375702 -3.025119089375702 -3.025119089375702 -3.025119089375702 -3.025119089375702 -3.025119089375702 -3.025119089375702 -3.025119089375702 -3.025119089375702 -3.025119089375702 -3.025119089375702 -3.025119089375702 -3.025119089375702 -3.02583756484056 -3.0423956403340657 -3.0798274947120703 -3.1367518278036948 -3.2117570572105896 -3.3033908409392336 -3.4098284960636347 -3.4975942097676924 -3.545998613173306 -3.5563647364815263 -3.5335871334894677 -3.485275960675838 -3.411029570338509 -3.3094424506116518 -3.177825384740788 -3.0114845732416464 -2.806496441650037 -2.56018581198159 -2.263677491813904 -1.9163564762677576 -1.5306277925266294 -1.130147082330304 -0.7474540563433107 -0.42563350984329507 -0.21574198894297014
-3.025119089375702 -3.025119089375702 -3.025119089375702 -3.025119089375702 -3.025119089375702 -3.025119089375702 -3.025117568344661 -3.025047778902849 -3.0249702448636553 -3.0249633828034814 -3.0250330249174966 -3.0251122486367814 -3.025119089375702 -3.025119089375702 -3.025119089375702 -3.025119089375702 -3.025119089375702 -3.025119089375702 -3.0272724859413813 -3.048157264030315 -3.0901778334850842 -3.152000769668837 -3.2322743712421973 -3.3296220172254927 -3.441014144609969 -3.5280245793582576 -3.576036750555827 -3.5865034686948407 -3.561372166467203 -3.509232087380627 -3.432166408371536 -3.3289004548572376 -3.1953215971867426 -3.0309994269412757 -2.8354381794156236 -2.5918084260248215 -2.279534828140708 -1.8904007166354475 -1.4407189115354904 -0.9606269543248045 -0.4850992192918553 -0.06474815551260305 0.21363262335606237
-3.025119089375702 -3.025119089375702 -3.025119089375702 -3.02468337833452 -3.02361838842107 -3.0222863286176898 -3.0209920927828056 -3.0199747429965473 -3.0194003265866 -3.0193565829861693 -3.01985004324425 -3.0208058112145446 -3.022070048608065 -3.023414915092843 -3.0245454895627617 -3.02510805652921 -3.025119089375702 -3.025119089375702 -3.028742160751472 -3.052709526925502 -3.0980085885443693 -3.163343440250822 -3.2474099763293633 -3.3488928046206574 -3.4635791636576525 -3.551031259482506 -3.599864698422918 -3.6116751952299437 -3.5879811987279644 -3.5332943336846903 -3.452882106102276 -3.345595043725976 -3.21379318604497 -3.065601868406157 -2.892723294647512 -2.6727388752209342 -2.362186912659561 -1.9324431818417511 -1.4180434419172765 -0.8637350528178205 -0.2975562329164112 0.247041545762281 0.6556261691607705
-3.0250864818368948 -3.0239655481246093 -3.0216253289703925 -3.018556703445818 -3.0152113134268403 -3.0119906529040974 -3.009234901830479 -3.0072122975663684 -3.006109950650465 -3.006026998930559 -3.00697082940627 -3.0088567924550245 -3.011511441191123 -3.0146789298949246 -3.018029882339144 -3.021171851889341 -3.023660459169625 -3.0250103894392835 -3.0297544540341237 -3.0555011449088663 -3.1026961832977236 -3.170066683593999 -3.256338009339809 -3.360233101015538 -3.4770996638706753 -3.566027623732058 -3.616661324037342 -3.6307127657516896 -3.609573617005992 -3.5518121103790325 -3.464564253738689 -3.35340952540431 -3.2311694316991937 -3.1006036307811247 -2.9578742366494484 -2.7890806111473543 -2.5192848219997748 -2.0345322938677928 -1.460408033835218 -0.8617126466726917 -0.2501958387726355 0.37102361234709225 1.000584933977989
-3.021309547382155 -3.0168492118572643 -3.011432625820318 -3.005597633378422 -2.9998438280787765 -2.994619345237684 -2.990306967129291 -2.9872105864935987 -2.9855432897900847 -2.9854183519178457 -2.9868442237262243 -2.989724151678484 -2.9938604792504115 -2.9989630780903087 -3.004660883981039 -3.0105152626802116 -3.0160339249117833 -3.020684301552679 -3.0288099340657184 -3.0562108783402935 -3.103876057332831 -3.171751830665031 -3.258571133972764 -3.3630667584461627 -3.481123533328251 -3.5724318487804068 -3.6256590631974714 -3.64195938655016 -3.6191613425713136 -3.55911515427624 -3.4653430520232025 -3.3542565362465258 -3.238323317961602 -3.1174318042165186 -2.991188713114808 -2.8583788133134007 -2.6760942215091905 -2.1212798137662543 -1.537991633741992 -0.9538248081271581 -0.37771317300709306 0.16432100160490215 0.5615465280201382
-3.0116639473544025 -3.00372719549198 -2.995085821067494 -2.986331580824357 -2.9780203817284003 -2.9706562692831446 -2.964674011153706 -2.960421647503716 -2.9581447801611103 -2.957974501848934 -2.959920607680248 -2.9638710780879296 -2.9695979104152697 -2.9767684436134836 -2.9849606135476496 -2.993680251230271 -3.0023786091045883 -3.0104686682785475 -3.0216982309622042 -3.0520065695611263 -3.1012618918558497 -3.168294350276601 -3.253987382470181 -3.357249147025236 -3.4752173191191504 -3.569737948107562 -3.6256885364779388 -3.6402189734199393 -3.6148166036164255 -3.5521556174960867 -3.4569329405679996 -3.347161300643476 -3.231244097421814 -3.1080194480699035 -2.9722435564543996 -2.8057792697382453 -2.5446350274245098 -2.1235239394462004 -1.6235205447987509 -1.1133913172804806 -0.6284223050731845 -0.21413105389160592 0.04847693163555089
