_RESULTS/CROSS_VALIDATION_POSTPROCESSED/Berg/TZ/6comp/5/Berg_TZ_z_63_kriged_reverse_6comp_spherical_5.asc
ncols 100
nrows 90
xllcorner  5.6208707817415728
yllcorner 50.959635321741573
cellsize 0.00013419651685393446
nodata_value 1.7014100000000001E+038
[rows 0 to 18 of 90, columns 42 to 83 of 100]
0.5193031583006312 0.6313546821055669 0.777460427043512 0.9676080410296335 1.2140584121191862 1.5321284009612763 1.9400357875064347 2.0874216704886286 1.7338215008885833 1.4408544366539078 1.198851548083781 0.999055509679493 0.8342594270215717 0.6982482436432625 0.5839862794266878 0.488635843897153 0.40996269517122746 0.345950627820974 0.2956617866320871 0.2567083089611113 0.22694791716109625 0.20470310136575723 0.18870625069556654 0.17804822342049145 0.17213777919837314 0.17067668356118565 0.17236943134747226 0.17438668771964025 0.17643795730184295 0.17829135694608586 0.17968257835895693 0.1803244690140803 0.18033782907901041 0.18033782907901041 0.18033782907901041 0.18033782907901041 0.18033782907901041 0.18033782907901041 0.18033782907901041 0.18033782907901041 0.18033782907901041 0.18033782907901041
0.48920599170201784 0.591803317680044 0.7248991471419916 0.8968101442582985 1.115919619462612 1.3829469786535937 1.6577310859410392 1.743618651903514 1.5692787672243789 1.3431104366724114 1.1350221542553158 0.9559949135533912 0.8024803796353036 0.6701271439174312 0.5583334693324314 0.46540666724696805 0.3891342467770942 0.3271612962255501 0.27815196486076327 0.24052762550615653 0.2120592397601182 0.19102123187063466 0.17612606583360105 0.16646481571776736 0.1614614620337535 0.16084566838310105 0.16334751792828547 0.16636996211654953 0.16964853815850534 0.1729446537875858 0.17597856390349978 0.1784363433608011 0.17998180860639726 0.18033782907901041 0.18033782907901041 0.18033782907901041 0.18033782907901041 0.18033782907901041 0.18033782907901041 0.18033782907901041 0.18033782907901041 0.18033782907901041
0.44959161987950336 0.538086293924738 0.650897620751885 0.7922101042334783 0.9625777088834919 1.1504616507624486 1.3131130307442365 1.3731796640071783 1.3060779094701849 1.1706449554295184 1.0196210303118374 0.8709965865144468 0.7341848249965534 0.6142403227540639 0.5119036944381268 0.4264267725198991 0.3561986145240891 0.2992262131470468 0.2537395310569418 0.21890493628262966 0.19277523156616366 0.17369166946297077 0.1604272045430811 0.1521293677238497 0.14827655740130924 0.14865349020740737 0.15189617328030994 0.15582050952351345 0.16021832637884323 0.16485441348536017 0.16944490783476213 0.17366104842535887 0.1771382356782197 0.17949147423026834 0.18033782907901041 0.18033782907901041 0.18033782907901041 0.18033782907901041 0.18033782907901041 0.18033782907901041 0.18033782907901041 0.18033782907901041
0.40437433473685086 0.47685471761572784 0.567257207218864 0.6765388687145187 0.8011638520983492 0.928315328770702 1.031706207325445 1.0791254909139287 1.0567931307062146 0.9820957154021479 0.8752716311362405 0.7576149922718165 0.6437487939799914 0.5410064633189213 0.45220971230717566 0.37734592792484695 0.3155014743300577 0.26524121195504863 0.22494296132940778 0.1938982962332864 0.1708503568332163 0.1542552727846353 0.14297144957520994 0.13623553893616483 0.13361468172637486 0.13498427097470242 0.1387953782808378 0.14348800376135104 0.1488576745244947 0.15468126478215527 0.16068153744436667 0.16652685426665467 0.1718367041382148 0.1761942140307902 0.1791666240917058 0.1803337131145119 0.18033782907901041 0.18033782907901041 0.18033782907901041 0.18033782907901041 0.18033782907901041 0.18033782907901041
0.3575405559682442 0.4144992224655051 0.4843331364901832 0.5663637232717935 0.6562075227772944 0.7439655115617114 0.8143127970826188 0.851755106528317 0.8490581673326456 0.803179230436811 0.7268373148120718 0.6369874207992924 0.546085788118637 0.4616155157530143 0.38724186495075374 0.3240753915240078 0.2716196995311595 0.22914920804353606 0.19521012651426722 0.1688261582121072 0.1493313320503906 0.13543766005753496 0.12620737968925436 0.12102367821773619 0.1195596166410967 0.12170357045458631 0.12570628845732854 0.13067532320695766 0.13652314049224626 0.14313971941059273 0.15033630731272277 0.15762972025154218 0.16460989376291835 0.17084079836817276 0.1758522545187765 0.17916717669510623 0.18033782907901041 0.18033782907901041 0.18033782907901041 0.18033782907901041 0.18033782907901041 0.18033782907901041
0.31229787384739865 0.3556866742804087 0.40869778754120306 0.4700103180461398 0.5355705133653315 0.5982848559886346 0.6489221943752743 0.67896566823951 0.6790080018521305 0.6472464186800002 0.5917126569315861 0.5235755956058948 0.45235246275063073 0.38453700476347813 0.3239982705123005 0.27271736915280415 0.2302910669391421 0.19561844194058553 0.16771346107056082 0.1457696152229159 0.12956644066865086 0.11817734927239042 0.11085752164914703 0.10713003300053198 0.10677039851829762 0.10954273890905848 0.11372322497630541 0.11890931437854896 0.12501483092456075 0.13193145454843316 0.13952661857886936 0.14764171581592117 0.1560235971095635 0.16394313524937398 0.17084110063743813 0.17619546544344372 0.1794928790789279 0.18033782907901041 0.18033782907901041 0.18033782907901041 0.18033782907901041 0.18033782907901041
0.27075117612229166 0.30309174214274964 0.34345963952981406 0.3900958142581479 0.43928749775138526 0.48584144311929695 0.5238890773347019 0.5459856738492619 0.543549418127688 0.5187470496697534 0.47698785730409227 0.4247556058458042 0.3690983467728677 0.3161399348328509 0.2688039774405961 0.22804224458534772 0.19392947557226034 0.16587546712414394 0.143139759857223 0.12513289723953624 0.1118405874088522 0.1026746822864668 0.09706239415253153 0.09465326048793556 0.09531721849564365 0.09851093879765076 0.10286596814171442 0.10826268824994772 0.11461408936569593 0.12181155272247939 0.12972279943599963 0.13818998313360265 0.14702838298420026 0.15602615791533603 0.16460899206583948 0.17183756144201767 0.1771404285124283 0.17998331685784769 0.18033782907901041 0.18033782907901041 0.18033782907901041 0.18033782907901041
0.23399259097495773 0.25785045871067325 0.2895943111370614 0.32642864525810283 0.3646647482933464 0.40041498291734967 0.42943584210241986 0.44291908694344434 0.438026562000131 0.4168428202275769 0.38370843457058795 0.3430954787199303 0.30075854456544093 0.2600590108108922 0.22297404783762625 0.19052004956692603 0.1630114644080742 0.14028791931695409 0.1217955043519114 0.10709912759774838 0.0962778730817486 0.08901105920568878 0.08487369992572438 0.08362594833267166 0.08520380286914161 0.08859528237458164 0.09313389643856826 0.09874813867443552 0.10534716226607399 0.1128194656041467 0.12103097986174731 0.12982304836909067 0.13901087307756294 0.14838297545243526 0.1577021358120166 0.16652516373341245 0.17366231213176703 0.1784388644370449 0.1803248711477691 0.18033782907901041 0.18033782907901041 0.18033782907901041
0.20241816198797075 0.2203731414654861 0.24739746242338875 0.27788777310018287 0.30845796606717124 0.33647168353531864 0.3570486934061339 0.36396333397907155 0.35693715545114013 0.3378602462985124 0.3104884323912731 0.27955387911242924 0.24707552371511188 0.2153233422036922 0.18592643068134368 0.15983507943287664 0.1374618170615746 0.11884663573841726 0.10370909392856008 0.09167263612409324 0.08287056978925292 0.07716912231268233 0.07426885288155534 0.07402582808792192 0.07621059960801553 0.07976811384617709 0.08451391909931177 0.09036759491005782 0.09723043300241203 0.10498487633257436 0.11349272672345287 0.12259288844344071 0.13209944264113338 0.14180072561248205 0.1514599294930218 0.1608175956203507 0.169442656625235 0.17597998717584432 0.1796845318867614 0.18033782907901041 0.18033782907901041 0.18033782907901041
0.1770089764525588 0.19278492703109198 0.21778340768194038 0.24317441794933442 0.2675327684686062 0.2891148221457273 0.3021350433587541 0.3040532603875885 0.29523190246658154 0.2777757596219269 0.25566750739093236 0.23121578422175987 0.20566306812493015 0.18036613213789726 0.15663772972733023 0.13531502061394712 0.11683287989341688 0.10132903433685014 0.08872474257088803 0.07873449607359775 0.07151754837315485 0.06705953138135533 0.06517026701962704 0.06578523824550642 0.0682354023568164 0.07199607638878533 0.07699044806733311 0.08312244529213898 0.09028029665477384 0.09833680125678008 0.10714734006854827 0.11654701478938845 0.1263480718505622 0.1363384314140403 0.14628186970108786 0.15592020687254182 0.16497769699164916 0.17294218705829512 0.17829260034724026 0.18033064364730642 0.18033782907901041 0.18033782907901041
0.17271590237356318 0.1829975911005853 0.20109549015090727 0.22036666107786512 0.2388328377610203 0.254030155156808 0.2609790310234905 0.25895931380402254 0.24879670062926282 0.23353605227478735 0.21507513809134376 0.19492232335537063 0.17421151667177964 0.15355497598429219 0.13396683357918804 0.11616401023265677 0.10056683020198602 0.08736554716195874 0.07659293368122357 0.06809982067465814 0.062064532264718544 0.05854889586578159 0.05746554201217587 0.05859270601535501 0.06122839167937515 0.06525183465059928 0.07055830960669161 0.07702642304561196 0.08452510884945713 0.09291409671136697 0.10204073915527478 0.11173577054258282 0.12180961483295573 0.13205013598810073 0.14222231838674892 0.1520701440088716 0.1613207870705344 0.16969111853226942 0.17643573219914502 0.17995666556955026 0.18033782907901041 0.18033782907901041
0.1763053979469261 0.18250485967230579 0.19351432457417103 0.2064688232110595 0.219363901377864 0.22847564921922547 0.2304658196813593 0.22528706408116492 0.21493434295551472 0.20124772489841242 0.18527788361500055 0.16812345426296318 0.1507367126912323 0.13342433145910826 0.11684946377095919 0.10161720507872107 0.08811637883181155 0.07656230307162497 0.06705072606034451 0.05957121766626415 0.05434221504764939 0.05148529401678663 0.050969763235583006 0.05225922910639771 0.05515225139927815 0.05953022844849052 0.06524003324674352 0.0721218853413607 0.08001928650598303 0.0887770187581181 0.09823458039899012 0.10821931041655362 0.11854100589395633 0.12898869274897531 0.13932978419417988 0.1493117058559317 0.15866597900330323 0.16711466409083053 0.1743779891510461 0.17918340832912694 0.18033782907901041 0.18033782907901041
0.1816689606473165 0.1848052899078234 0.1908423071802775 0.1985075962964838 0.20636740194077122 0.21017401009558848 0.20811080243934507 0.2008964832021334 0.19060489909719355 0.17796182260112883 0.16373398720870555 0.14872005221006018 0.13365520463985794 0.11877330758387973 0.10439656773439646 0.0910304051845661 0.07902371435992572 0.06859748628505635 0.059887258669139236 0.05299054965560996 0.0482042164178127 0.04571307256320798 0.045271449014587725 0.04673156779456079 0.05000189555085299 0.054873204415285 0.06111024967346028 0.06850041150008074 0.07685924606836904 0.08601888651802832 0.09581444334297906 0.10607312868947034 0.1166068324430588 0.12720794235856367 0.13764813320307562 0.147679918258921 0.15704078677210037 0.16545972255807792 0.17266582891724713 0.17822576739620566 0.18033706988935283 0.18033782907901041
0.18878283335269558 0.1890997095217447 0.19117626575781352 0.19449668751855712 0.197910884629545 0.19737259227284518 0.19209720530883664 0.18382347990912817 0.17350323936293513 0.16158356315536104 0.14861413993668307 0.13516948435982984 0.12178375629626238 0.1086882122024767 0.09593306176626408 0.08392599315399182 0.07297029486092478 0.06327519847347245 0.0549917986826306 0.048300948902448605 0.04357655660776347 0.04083858957313792 0.04024948310573766 0.041988111372142485 0.04584358920608421 0.051412916469825154 0.05833126318782835 0.06632808555373361 0.07519981468746106 0.084775946214079 0.0948952049446982 0.10539050309267771 0.1160799571577727 0.12676227193902553 0.13721558963551578 0.14719930456520947 0.1564585108166592 0.16473078308669675 0.17175495108640715 0.17728146052583763 0.1802362647162668 0.18033782907901041
0.1977798560637741 0.1952839043261779 0.19372618220496773 0.1932735662531973 0.1928633926066633 0.18882871501399012 0.18141963516228438 0.1723952558702975 0.1620400910521604 0.15066116710649374 0.1386430618811698 0.12639215426678554 0.11428964473736694 0.10253042577787004 0.09100554196778522 0.08001414583294679 0.06980968156619322 0.0605726969452766 0.052439603909455124 0.045641221405106784 0.040287948862157065 0.036723616181917496 0.03583569949250432 0.03809470267620132 0.0429070756348522 0.04944857768203121 0.057201846738487556 0.0658723907955785 0.07526711197491767 0.08523189382310262 0.09562081865349527 0.1062797858969874 0.11703770665566747 0.1277025280089239 0.13806084180597405 0.14788042883522357 0.15691532745753714 0.1649130798253158 0.1716237815500896 0.17681049962887865 0.18005563659404847 0.18033782907901041
0.20879256273134664 0.20324295282779709 0.19790256338307355 0.19406743571291785 0.19048380404710744 0.18372448668751165 0.17505682327861122 0.1655007647943042 0.15515725390328183 0.1442279080580656 0.13297495545694965 0.1216805043529733 0.11061183339668597 0.09991373040900199 0.08937771105024263 0.07920240185069852 0.06959094220800534 0.06068359686866016 0.05254619630369134 0.045142425339757035 0.03865780337383508 0.03362336281820815 0.03197398653281665 0.035433581142802616 0.04180738965864292 0.049563401660391054 0.05820691232289726 0.06751872074227798 0.07735930810674423 0.08761133822847388 0.0981548174661042 0.10885424556464139 0.11955224689562129 0.13006749521482927 0.1401958392588917 0.1497140315238771 0.15838568263876476 0.16596911805156475 0.17222677298630074 0.1769356881120187 0.17989696593445595 0.18033782907901041
0.22101337545846048 0.21167130526242323 0.2028226963733342 0.1962982033352902 0.19032335052607105 0.18174438307554952 0.17231776359812342 0.16245099106098274 0.15219870159275725 0.14169077210927616 0.1311037722073667 0.12063161019474058 0.11045994171504547 0.100684151747833 0.09102457475346043 0.08160134429610469 0.07257502138522957 0.06389007569371087 0.05540072291584864 0.0474572715121539 0.04005377519025883 0.03320036991763673 0.02880922827176855 0.035765498468752446 0.043903293468904314 0.052705488329007316 0.06202135866844343 0.07175216104051645 0.08182220104554834 0.0921550211374342 0.10265767475761635 0.11321253095033906 0.12367433247975011 0.13387074024009435 0.1436053921895257 0.15266300921375778 0.16081629092986707 0.16783436470445254 0.17349247225603012 0.17758247423301826 0.17992368296516065 0.18033782907901041
0.22802858271973822 0.2178041985252591 0.20789217459450438 0.19976412979817157 0.1922447380104273 0.18268031924001665 0.17285260106052688 0.16288801381392287 0.15282664531145962 0.142758172214681 0.1328052764910789 0.12310437559242074 0.11378782035742628 0.10490927315047983 0.0961320514370661 0.08741575628472878 0.07863962785549182 0.06990843173512551 0.061467162360570614 0.05363867859621686 0.046414984144113915 0.04025820133471767 0.037989887759811485 0.043024322111697044 0.05106941530282272 0.06001947614094901 0.06940226187413362 0.07907844878048456 0.08898734668258013 0.09907106503956448 0.10924878953132268 0.11940935438327056 0.1294108983672052 0.1390836333060926 0.14823445671099975 0.1566530649738366 0.16411945944261933 0.170412706405566 0.17532068267291528 0.1786503992944674 0.1802384086786796 0.18033782907901041
0.23547110671796198 0.22451767056148472 0.21400206828412868 0.20487133108136163 0.19644918308253118 0.18652304049036444 0.1765984369822314 0.16673159031050988 0.15697367555000832 0.1474004994801524 0.13810773477276647 0.1292010270998289 0.12074780797924645 0.1125777578051411 0.10423097875700194 0.09574389011667857 0.08725246555259628 0.07891769443230709 0.07122012620551459 0.06438266446394769 0.05857663249473066 0.05456877746763954 0.05400594102902491 0.05781441957399385 0.0644957191978203 0.07243810271718149 0.08097079500573016 0.08987880205323137 0.09906995704273912 0.1084626965499594 0.11795527625771746 0.12741908489646722 0.13669906745430702 0.1456167653706184 0.15397492374727165 0.16156347908038332 0.16816687380659417 0.17357255653553222 0.1775803728285609 0.18001240286912107 0.18072271589456235 0.18033782907901041
