_RESULTS/CROSS_VALIDATION_POSTPROCESSED_80-20/MHZ/TZ/1comp/4/MHZ_TZ_z_1000_kriged_reverse_1comp_spherical_4.asc
ncols 100
nrows 81
xllcorner 5.5967107548124995
yllcorner 50.982328804812504
cellsize 0.00017565037499993607
nodata_value 1.7014100000000001E+038
[rows 38 to 56 of 81, columns 43 to 85 of 100]
1.0125898358578092 1.1102050170456306 1.266497675796016 1.491906545097686 1.7960263123440785 2.1384743785887816 2.206923043302684 1.8994701580814324 1.3348486322880886 0.7660073500506454 0.36931731015079144 0.1607407137224184 0.06533584366889 0.025901348802843418 0.010382132128117665 0.004215942050943519 0.0017468433383856887 0.000770526782036798 0.00037971574563599076 0.00022267568299068298 0.00016747047857736393 0.00017309726297908134 0.0002529155076761589 0.0005047335680905927 0.0012721866803146018 0.0036730236868155837 0.010912784969501566 0.030662133992199987 0.07836815300040174 0.17745067996225108 0.3103532994783788 0.4487895744052728 0.6068924930601016 0.7775767820852096 0.9400756364289969 1.0639945537784945 1.1119565450156343 1.045968261132332 0.8789750197796159 0.731457068469468 0.6292291318153737 0.5604240248853201 0.5179190205824455
0.9370648918764636 1.0081857762782707 1.1251344528419893 1.303297663424839 1.5537124480217348 1.87822841253304 2.050799178313435 1.8860070473323227 1.3870231926363168 0.8040228719301101 0.39426766788913964 0.17854778264752613 0.07702424317248709 0.032605616089504234 0.014205082941827471 0.006368481179965504 0.002968151615376069 0.001496932074306045 0.0008552206073938426 0.0005815682053641437 0.0004958946688394254 0.0005539131504619483 0.0008289839306648768 0.0016310693994495225 0.003961187794800413 0.010841889168870418 0.029246003138401186 0.0707235958320713 0.14985416159239345 0.2752190713031122 0.43288804840512574 0.6009790896717965 0.7746317752621976 0.9460105462482222 1.0944878948873318 1.1838814848155088 1.1705818458606145 1.0439715125056088 0.8491934956380186 0.7028585052586921 0.6015123885112434 0.533176901262709 0.49062102702530747
0.8372623051394033 0.9019931116738936 0.989537671767312 1.1230448933393946 1.3202835137591469 1.599980173408768 1.8948088593308388 1.9629894482910997 1.5543640690322047 0.8820835712260404 0.44003753216386765 0.20939477796094053 0.09712169483083975 0.04495582450372383 0.021417171421064515 0.010574383022525148 0.005536440346071084 0.003152961827914894 0.002039968003736071 0.0015586879492365058 0.0014605468541219653 0.0017373055483097244 0.002658013393977119 0.005175420526273358 0.012337989876733726 0.03261622116713957 0.08094727239631586 0.1655657620556433 0.28354217670698123 0.43097275496655163 0.5963240170888033 0.7721723253064605 0.9493087985325969 1.113959937337463 1.2314741103741467 1.2625470424813867 1.1844476487307056 1.0031432837045278 0.8059501303984378 0.6676151876093823 0.5712775913348898 0.5060348446802149 0.46524949245821806
0.7223704054218094 0.7777853325273427 0.8539000090178778 0.9557094576916959 1.104954804532834 1.3366469490241724 1.6526918705376707 1.8654305922630114 1.5982480626048463 0.9255654149012986 0.4898806513596985 0.2510005959232666 0.12692315878621072 0.06478010244583446 0.03414692129233633 0.018749201215483874 0.010960327199218975 0.006979228994112837 0.005010250326009137 0.0041946160244246845 0.004230425645426436 0.00526092721119445 0.008143385631400034 0.015608289416207288 0.0357535506142618 0.09275331092227662 0.22677167035788287 0.37464687296900684 0.5027621101661828 0.6408427107064338 0.7881745144112486 0.9492813349665539 1.1117132654131423 1.2443760690056023 1.3113344642131304 1.2814832229359392 1.1447147043726094 0.929575102806806 0.7531900298979946 0.6279538512949159 0.539690464793595 0.47949892888237866 0.4418896266051224
0.6036527821481984 0.6469984964436136 0.7079473498639891 0.7968855377416956 0.9273235636771917 1.1040747294978077 1.332242030284363 1.4873159453361844 1.3150187292816085 0.8978041196692748 0.5341116529557451 0.302344991171866 0.16861854150247402 0.0952936038771418 0.055529348088208426 0.034018610715307866 0.022290396017993982 0.01586472129950528 0.01247498108190596 0.011225733184069971 0.011894934302670072 0.015084813488255156 0.02287664167098993 0.04116233474529655 0.08682485097916831 0.2102939654716592 0.5402449272124364 0.6672241144925629 0.7425745791054222 0.8377956087890808 0.9487128565559747 1.075819508245938 1.2067495224920586 1.3014914336645478 1.3183383438983112 1.2341217084843146 1.0522237169716326 0.8464220747358385 0.6959899027473567 0.5867797759309689 0.5082886905675355 0.45431216349537906 0.42084799253237276
0.49107750092750363 0.5219715994943239 0.5717543252279795 0.6521201172242811 0.7660830343265399 0.9118127025133612 1.0737658526106035 1.201045281464226 1.1324439231022794 0.870755073600937 0.5832994277116487 0.3669795057874628 0.2259640881836449 0.14112924657386824 0.09079249681455603 0.06194541719419833 0.045256093966213974 0.03561637637674707 0.030459643473165612 0.029152916026540004 0.03168953108843625 0.03946993850294428 0.05651935745151082 0.09254619044757414 0.17002860423865748 0.3334633324153158 0.5942146042381224 0.7800449717650262 0.8558622301838757 0.9093222228208375 0.9821293051812933 1.0851190504024355 1.1980045734420959 1.2674836210348603 1.2499791614995248 1.1270956197275694 0.9285875488734604 0.7630078816054096 0.6391420378928583 0.547062991760305 0.47847066683270234 0.431213545049762 0.4027136013764785
0.39156498340497287 0.413189089470816 0.45776650956650866 0.5294944350776837 0.6296264858579319 0.7540011361903537 0.887385160705845 0.9990183299976397 1.024842706435909 0.8796618969381321 0.656213750983119 0.4550900132272358 0.3059732508885502 0.20876274449496243 0.14807256853456768 0.11261230140877858 0.09105170076968153 0.0775668129765035 0.07016953783798685 0.06904544059293195 0.07489411096012616 0.0901446158744407 0.12042912283892702 0.1768342234319245 0.2780412851956199 0.44222807862850794 0.6391925164424596 0.7788866424489278 0.820508263479843 0.8243738295318406 0.8706015292413151 0.9806269429839458 1.0976151662474132 1.1552234588510495 1.1146052954596062 0.9726282449646795 0.8152288041749308 0.6861640679689167 0.5855852914047537 0.5090324267157071 0.45083179259752726 0.41110335539610854 0.38993529158527984
0.308783455066895 0.3262020355204363 0.36600823142238237 0.4317571050598294 0.52404075054716 0.6385589983072684 0.762857740322197 0.8733031036233709 0.934544549848993 0.8975320929544209 0.7450519812465205 0.5667548407363427 0.40966495130010877 0.2978622653741405 0.23215991851939385 0.1968959461928362 0.17428505716857973 0.15796428371327575 0.1482926318955085 0.1468994314118197 0.15663878765723208 0.1802718218159004 0.22332758558325222 0.2945214142559413 0.40336130122288083 0.5463907551212551 0.6830928590547145 0.7591121722456892 0.7429945211821917 0.6641019792560517 0.6830414755230931 0.835783124977434 0.9569584383438502 0.9973878254766729 0.9363549431393562 0.8218536866877868 0.7142366896076252 0.618836750067459 0.5379718318785046 0.4741506624282278 0.4269754611267358 0.3968413985345312 0.3833615614446198
0.24515040366687701 0.2581883344247761 0.2943907832192045 0.3580960762802899 0.4487491145161217 0.5627238092151947 0.6909134974095381 0.8119346817131254 0.8957261347530874 0.9180148079144093 0.8499822287246322 0.7085814813524429 0.5439769929794405 0.399931043460523 0.3416594263873032 0.3328736718021289 0.31958638725842275 0.3028151254119191 0.28941150241410607 0.28410227708684893 0.29299279532892153 0.31938173868753805 0.36714475727183415 0.43979407030291845 0.5384907302460438 0.6459070441391801 0.7274610737520256 0.7528877895110263 0.7084049561688671 0.6175171898643435 0.6217961062696998 0.7412178640559162 0.8236446515419186 0.8274837249451849 0.7697337152622145 0.6993087080328337 0.6260115584732739 0.556665173852375 0.4952332823793936 0.44473557250803897 0.40862893596721556 0.3873771144258513 0.3813447059183375
0.19940691348200135 0.20588237501154705 0.24060361906091432 0.30751439142109205 0.40174545349568813 0.5219715480477729 0.6624321004132633 0.8047857768039646 0.9234714763629406 0.9895604058117414 0.9824013597631317 0.912083801489052 0.7715442771810456 0.6060393463713607 0.5573741295856486 0.5814581565375521 0.5752265025191071 0.5513609842326764 0.5237083023544619 0.5013487904733385 0.4951713584271782 0.5082508473961163 0.5419285209999106 0.5961172998369708 0.6660924550306797 0.7279232190246163 0.7609106419100659 0.7536287248080701 0.7103233113032944 0.6574055435677729 0.6491745728817068 0.6833927927933481 0.6994828661253597 0.6837295684780784 0.650652234030063 0.6044353443377118 0.5528375048759552 0.5029857747984297 0.4589820542077743 0.4228882371826104 0.3964256631817323 0.3832417015716838 0.3846910648496432
0.17282717198019276 0.16943307879653619 0.2081219829485702 0.2816005822490912 0.38147481139911676 0.5122793584345438 0.6711725181333539 0.8471664617877868 1.018987986847879 1.1547866864341836 1.219033643709255 1.2118381469665147 1.1671564613319034 1.0888101877760108 1.0486200321903447 1.0453570956419562 1.0123311970239661 0.9485408583320488 0.8748136206324737 0.8047714214714341 0.7553687992800997 0.7290909330714914 0.724584607231094 0.7387816279317085 0.7602427958449265 0.7695525340368795 0.7589003339463947 0.7274312333373947 0.683860526314534 0.6397692936123666 0.6116638342659896 0.5979882145952198 0.5961812990451789 0.589088966487979 0.5674687813856956 0.5343718314438622 0.49714553577478293 0.46154125433688675 0.43089815221020666 0.40700562382128286 0.3909340502560894 0.3854317239415523 0.39471751858634835
0.1653246889663268 0.17326763357219185 0.20894531255479334 0.2785245437970568 0.3815224554172686 0.5224961524735634 0.7054585807425198 0.9293068176440891 1.1819029738042317 1.4336116467485804 1.6332086650222386 1.7332152252195858 1.764802906811793 1.7845909687526438 1.8036040177450918 1.7742577688145107 1.671440903404085 1.5094373912746732 1.330050366227379 1.1633457368026494 1.0325364959387742 0.9373677462262293 0.8726931044604372 0.8311294384008625 0.7934745918367428 0.7516355751805136 0.7035166132891769 0.6510954051613567 0.600137357553474 0.5519519809400394 0.5206173167245667 0.5151310995406879 0.5266358777090473 0.5292964088235907 0.5126572855869259 0.4849454471216808 0.45599376972145206 0.4304982443218452 0.41052759089844654 0.3972388906784383 0.39160799833619986 0.3950453629046614 0.4119883073830019
0.16687504399755493 0.18384204724702483 0.22194678398589346 0.2897907550907589 0.3943331201104583 0.5450332479095317 0.7540075949980044 1.0333699130298597 1.3907627280008499 1.8196271559941726 2.2725882073398505 2.604625623161501 2.7318399604872257 2.7910120852861087 2.7982847462728104 2.695509623171412 2.469966952654805 2.1509829731055934 1.8027553476283094 1.4908074033883876 1.2490445060251003 1.0684219657340228 0.936342548767482 0.832975592994744 0.7427656090241079 0.6622017402022691 0.5893755758530739 0.5253487232297779 0.478998327828147 0.44973080028138607 0.4373068041111976 0.44588337478264933 0.47630066802760596 0.49399638142566815 0.47412182997717456 0.4470547357890172 0.42431285255699475 0.40753647449874897 0.39723576210299577 0.39402831775207975 0.3989129547380339 0.41340794342072845 0.43171032789628616
0.16994280715855484 0.19264106643747853 0.23475804368987696 0.30423700201978376 0.41148959277982533 0.5714693639557988 0.8049202482544294 1.139159106902205 1.6090596992228194 2.256190198886908 3.111762689238946 3.9114853475317077 4.136403807477633 4.252420185068834 4.251202723160155 3.9454494504024336 3.3713580783911854 2.7281952578646544 2.144399095584002 1.6701471175552856 1.318833048426488 1.0659707939095293 0.8803044422359237 0.7340073053328425 0.6184218266281023 0.5284214386144783 0.46037414721836073 0.4119318003940174 0.38186067530877543 0.3664260905618241 0.36376468219681735 0.38034106585822436 0.42221354386820537 0.4615688885511658 0.4330431827868443 0.4119252168568237 0.3981134774165721 0.3910434039297149 0.39082280303168093 0.3981805881345756 0.41423913563052783 0.4363456209455421 0.4508863030507179
0.17228063930292134 0.1985457861144084 0.24309475958311247 0.3144523862768145 0.4249471512852827 0.592369813927832 0.8436145777782695 1.2192560364868965 1.7770040713983863 2.598149611391299 3.7706160772120816 5.0256119631961225 5.637354917112896 6.076752539422795 6.286790298353171 5.715760235231801 4.5260622616303126 3.3567325123754763 2.4407953065024564 1.784558919696818 1.3319381152018646 1.0179234944599145 0.7925805104218173 0.6290094020762932 0.51036014909299 0.4254777350807281 0.3666757783455215 0.3285350254676872 0.3075237341168209 0.29886719676349677 0.3001302141383213 0.31714291639122905 0.34995636806410035 0.37622962771094304 0.38018980744821673 0.37710569341115263 0.3764816656462004 0.3809906203854322 0.39206777390720216 0.41017639093983493 0.4348779670959574 0.4570787898074035 0.4680139502628025
0.1723566240160811 0.19996753376025944 0.24541759435525076 0.31719177339001503 0.4283389145149086 0.5986358846885104 0.8576365700772921 1.2507003969155017 1.8458068030617059 2.7295409198603635 3.94613960693335 5.329615290820546 6.621811487665941 7.835065447132816 8.862131594588336 8.057141964371063 5.7330952154369355 3.909369356371759 2.6697554288549465 1.8613297719285087 1.3329173067845486 0.9721523367247039 0.7219532129050756 0.5481616880092142 0.42917562436268425 0.3491136812119475 0.29726925246433544 0.2662094676616108 0.2508946291277684 0.24578622143139295 0.2492122811288899 0.26507774954408886 0.2920640796249985 0.317755314931989 0.335602335648563 0.34860139225176284 0.36192675310243977 0.378602215920567 0.3996955757441823 0.4266878583563787 0.45483823478766244 0.47398621946159936 0.4812499473199706
0.16932028734688723 0.19679861109605418 0.24140185942721107 0.31128521694127476 0.41930694309542293 0.5853458793682205 0.8394621387533762 1.2254660687280767 1.8073441552603624 2.6652577894082614 3.8305445781327934 5.2435787214718514 6.808484178799895 8.500446905815705 10.290110130488287 9.380538524476922 6.300884721184917 4.149544125908624 2.7570423862639837 1.8737201140401782 1.2959394601944572 0.9123311136241661 0.6551603389879488 0.4821235350821092 0.36654874684622685 0.29137158777072264 0.24517904641380195 0.21976337876500732 0.2088307371204239 0.20625136834431373 0.21228931349887378 0.22840848895365784 0.2542424828568406 0.28190254767782397 0.3074476199121229 0.33107194851421845 0.3548321510811467 0.38104526584839765 0.41181225743562 0.44449501293629573 0.47018849118539335 0.4858899684782846 0.4890965661991343
0.1634920328794473 0.18952278561168726 0.23158826181206765 0.2971938299212766 0.3982826454112377 0.553365340569561 0.7902962393399413 1.1490398298846713 1.682597002436691 2.457610116329032 3.4981042703319782 4.775642546262544 6.205894157731097 7.613124552693057 8.490051463645317 7.7665750698496545 5.820084362372175 3.9883783605481073 2.674631434353905 1.799072477346356 1.22243495943741 0.8422655780383281 0.5905074001454161 0.4234567918434385 0.31357570142543034 0.24397505405004388 0.2039894744249205 0.1847398694835123 0.1783364579061623 0.17909923333350541 0.18802163894796844 0.20547289620480852 0.23192327344214625 0.26135864544112003 0.29131980337765134 0.32185621931608066 0.354098411254694 0.38983142084489447 0.426373786329132 0.45732377445332256 0.4800201262139732 0.49184871131049135 0.4906770714825426
0.15575356963977005 0.1790497395643492 0.21720096220876178 0.27660942410836176 0.3678269099910107 0.5071125940905464 0.7185906160029567 1.0361014384991738 1.5028261425471336 2.165097055059726 3.0357778113334404 4.082793913404291 5.202039176469979 6.169822083721588 6.598756995724625 6.128658543417674 4.937525094160582 3.568142906427485 2.451831723010365 1.6623123738433248 1.1276549430146765 0.7707003848868594 0.5332299377269005 0.3752751681863957 0.27076447592278274 0.20428648123525725 0.16933841254660112 0.15740923448827374 0.15590580395341666 0.1608534423191504 0.17251781357935198 0.19184643664821655 0.21977668133670905 0.25135647132698685 0.2853610360460068 0.32204377198761497 0.36208179070647006 0.4013294365291716 0.43631880592826733 0.4646144338017128 0.4836736572330329 0.49116447965947413 0.48536570861999245
