_RESULTS/CROSS_VALIDATION_POSTPROCESSED/Berg/TZ/4comp/1/Berg_TZ_z_180_kriged_reverse_4comp_spherical_1.asc
ncols 100
nrows 90
xllcorner  5.6208707817415728
yllcorner 50.959635321741573
cellsize 0.00013419651685393446
nodata_value 1.7014100000000001E+038
[rows 19 to 37 of 90, columns 44 to 87 of 100]
53.546928037262774 53.68880375535792 53.81604202293801 53.958003260867535 54.11792352505267 54.293184845039455 54.48011714354124 54.67414582574738 54.870002062100696 55.06194382232581 55.243943629488854 55.41314556077352 55.57949408902899 55.740362473489355 55.90132865795587 56.06396688599708 56.21134470461448 56.33853626114201 56.43907216195829 56.50383251681931 56.522737429863966 56.491848188036485 56.41739499729075 56.309661741290064 56.177103359908344 56.025595693237904 55.859512175301 55.682597286163926 55.4984514846296 55.310771117636406 55.12345314403616 54.94062321693644 54.76661645801746 54.6059253559988 54.46312086350614 54.342747296721825 54.24918855838584 54.186503859882166 54.15823678087012 54.156891896828526 54.156891896828526 54.156891896828526 54.156891896828526 54.156891896828526
53.638103306813534 53.77201217170801 53.88853442117107 54.015219409714554 54.15924002020515 54.31798624799843 54.48782809669809 54.664279396307734 54.842201655209465 55.01600185401463 55.179788751552074 55.33261038314953 55.48345966873508 55.639516250321606 55.80375417360738 55.95799440640176 56.095680476338394 56.21182914984642 56.300585095951206 56.355456241780644 56.3709300727867 56.3452985748221 56.28189481059827 56.18672556477126 56.06588423682257 55.92477575078644 55.76795526182657 55.599485784970405 55.423255145721164 55.24317949929023 55.063310978628344 54.88787715945903 54.72127275494557 54.56801586835518 54.4326746567907 54.31976535530547 54.23361997314247 54.17822315913755 54.15702369340233 54.156891896828526 54.156891896828526 54.156891896828526 54.156891896828526 54.15776703038867
53.716731558796326 53.83863637141669 53.942602809454556 54.0501679954201 54.175068792336376 54.314538916248104 54.464859801515516 54.62153546055437 54.77948287162736 54.9332011817393 55.076894054679514 55.2141595478168 55.36342941293063 55.52464815221978 55.682263762170436 55.82758723280299 55.9561227790707 56.06305894222123 56.143342411213446 56.1921605739765 56.20601152254687 56.18398009427709 56.12820212211731 56.04299409479388 55.93295231468587 55.80241951253044 55.655727828457394 55.49698157019062 55.330195184642896 55.15941642206674 54.98880389962911 54.82265828222575 54.665413975654886 54.52159769428464 54.39575720051499 54.29236031561591 54.21566285850812 54.169546316334724 54.156891896828526 54.156891896828526 54.15696947981565 54.15965631122489 54.16524450282778 54.1725273768886
53.77538709066432 53.88358526625686 53.975389104863794 54.06209566456957 54.16551463654737 54.28348697685733 54.41217699084556 54.54706081740285 54.68309613351402 54.81491426979005 54.94377631387201 55.08290269496881 55.23675790441571 55.39256911796425 55.54081174157698 55.67719198390152 55.797294170136425 55.89661306380768 55.97074436876262 56.015832707645764 56.0292689694117 56.01038012300549 55.96068209080948 55.883475029191075 55.782976334613984 55.662798512068214 55.526644423101736 55.37848829062511 55.222335928331326 55.06227287025624 54.90250137473215 54.74735206384158 54.60126710355353 54.468755232157605 54.354318619833194 54.26235026151731 54.19700071185358 54.16201628866981 54.156891896828526 54.159178685109445 54.16647172747322 54.17737241016921 54.19048246075629 54.2044787423083
53.8094247518313 53.90374650851562 53.98325208221804 54.0513132240557 54.13141153510841 54.22598771817007 54.33112966318716 54.44267566503412 54.56073480403406 54.68360149825913 54.810513756727 54.95244290409016 55.100272630490245 55.245517631767605 55.38399358657385 55.51147453614528 55.623710298015304 55.716508695977396 55.785936682080575 55.8286779304215 55.84251167783876 55.82676355478886 55.782515090930076 55.71243532399617 55.62027277923305 55.51001290390411 55.38459700849692 55.24764612850214 55.10306985419457 54.95491533200938 54.807368233246564 54.66474230428792 54.531449746698314 54.410809236206916 54.303287832728245 54.21632747538264 54.157142625505294 54.13168929059277 54.13754725524376 54.154279122172454 54.17834328615948 54.205638239318375 54.23105838679585 54.2521946390249
53.81604462245511 53.89710841246554 53.96455900334042 54.0186016263531 54.07508760053297 54.14838415707054 54.23620911346615 54.33601372767674 54.44506188600062 54.560476654202375 54.68515187978748 54.81833079006281 54.95403913535056 55.08817193582238 55.21660219433726 55.33520937047752 55.43992831149863 55.52684491652725 55.592370231245035 55.63351115858916 55.648215082796895 55.635708332942436 55.59670957737601 55.533412124675905 55.449192230270384 55.34808707171137 55.23353609495616 55.108269881125004 54.976043628844884 54.84081299328375 54.70555784028001 54.56187806041116 54.41582006112308 54.27800194049841 54.15834430430391 54.065763878745486 54.008555401837896 53.99822248899687 54.01615737687436 54.051494967765244 54.100907297482905 54.159794653372586 54.22243935375355 54.282191491425635
53.811577659335306 53.880791762328236 53.939467525753734 53.987901346132794 54.03009315158638 54.08705714403512 54.16026029363186 54.24713305308407 54.34495283903325 54.44860502945248 54.560268839883854 54.67960685434746 54.80262758903629 54.925271537924544 55.04346920820515 55.15320351388936 55.2505802439391 55.33192180679056 55.39390535036291 55.433760474874475 55.44952145387633 55.44029785176028 55.406496156362515 55.34990619333564 55.27357138197976 55.181405391437124 55.0838269690053 54.983794341089784 54.87654169546 54.74109571761571 54.57699608211763 54.39597513404214 54.21201513579054 54.04115024800723 53.90108754986801 53.803135653929424 53.75592742467792 53.7575490186659 53.78749674425912 53.842661740615014 53.91927134310556 54.01207263165935 54.114544903178576 54.219154169041616
53.827363517221606 53.88545990515017 53.93575212403241 53.97827072743293 54.01332012988871 54.05218836886397 54.1087467818369 54.179391840075084 54.25614254691528 54.33963402309983 54.43564845498974 54.540612280944536 54.65058719217202 54.76153051492605 54.86940161140805 54.970261907169515 55.06036188367139 55.136225867479915 55.194753879828305 55.23335869938274 55.25014719279775 55.244137996094246 55.21548177525582 55.181664735936145 55.15803246682535 55.13505167313675 55.105049197826986 55.049865537421226 54.94012976207882 54.7813138277789 54.58282118723508 54.35664824270494 54.11737224283274 53.881984169877484 53.66982116980642 53.50970902741958 53.424102173923146 53.41062794207119 53.45322583988433 53.529843713157845 53.63612432877679 53.76595306943055 53.91175578962384 54.06484848050691
53.864754789082305 53.912369629019096 53.954389076708296 53.99066609421117 54.02129638440479 54.04530022191463 54.076801851143074 54.11912472649016 54.16968705272927 54.23548272993277 54.31533753177749 54.40563063263792 54.50242518685995 54.60163050644395 54.699182739968 54.79118834008463 54.87401993060491 54.94438357545355 54.99938350091297 55.03660727988412 55.054249298624455 55.07529487892299 55.12669771865715 55.19302978235287 55.2606442938126 55.318391668361585 55.33329263605965 55.27862708763419 55.15729395047062 54.97554330469799 54.74263189623543 54.47072523306853 54.17489561118288 53.872952697114904 53.59125552416667 53.35883158339865 53.18389901092427 53.0726377405366 53.04355496251284 53.11322493900397 53.25246547486352 53.42344972551524 53.617207697151734 53.823557791842155
53.923478980488994 53.96018313347831 53.99181895955141 54.0173263566344 54.03572021948874 54.046167275504885 54.05043436258576 54.06306273958611 54.092161837131194 54.13986115871477 54.203280925961074 54.2788881365521 54.362631127061555 54.45025511150473 54.53760357393428 54.62080266883561 54.69634363946578 54.76111523598315 54.81242689765485 54.855316716156786 54.946708816376244 55.08242076722243 55.242808579383016 55.410307956276874 55.5698989496916 55.67817030035508 55.70446684491686 55.65040220624427 55.518633028794916 55.314592926196326 55.047345237219105 54.72924585450942 54.3759211044158 54.008559828695304 53.65924031875664 53.34436113515112 53.06897480298684 52.853891832670406 52.72076218564734 52.68991618886503 52.77849972561411 52.984913042218594 53.23273079710547 53.498568008382264
53.98259232322692 54.006655182017404 54.02551736231683 54.03810617248964 54.04343160393973 54.0406976971147 54.02941003130596 54.0182209150978 54.02715579434767 54.05630792375107 54.10330075744366 54.16458153516793 54.23573269770073 54.31214369492743 54.38949786298672 54.4639517463716 54.53214839789955 54.59118687518053 54.66232653264387 54.81202981804601 55.02355793062988 55.27420615773061 55.543037707386276 55.81149779541401 56.03444533485684 56.16719290307086 56.20784259791534 56.15665010318149 56.01582089619773 55.79002481793853 55.488102629264624 55.122708899316706 54.71038491682433 54.28058045255874 53.85653964216727 53.44451826509893 53.0653587596713 52.742649067949586 52.50071227795061 52.36330647212406 52.35161170455582 52.481805860340536 52.75865823037855 53.09213708030297
54.03225931900636 54.04457300229415 54.05131304314147 54.05138230730271 54.04375183414829 54.02759956021536 54.00668277888424 53.98848028405894 53.97794832133725 53.98812703151844 54.019092440787645 54.06696538923622 54.126400703920666 54.192156954335346 54.25976034055068 54.3254925012052 54.38623392446318 54.47314536083196 54.662816518719616 54.935237817488435 55.26531106576812 55.62937936315814 56.00590581860826 56.35640539794845 56.61628935962095 56.77693803944762 56.83552103502394 56.79063374243104 56.642636474888505 56.39546868565664 56.05792574605345 55.64307586479631 55.17146798808808 54.672087026058534 54.154752717953905 53.64096213935324 53.15491758164128 52.722143307478945 52.36905018414283 52.12210136935324 52.00607352889715 52.04133547305101 52.2408774548668 52.60541025972147
54.07158434010629 54.073032588387996 54.06837904620324 54.056488100142055 54.036246018528104 54.0109520242412 53.9858438667259 53.962731937069094 53.944964089618786 53.938307562596755 53.95431870772007 53.99062067663534 54.0396462662139 54.09533770599084 54.153318595998435 54.210224030522916 54.29363134773085 54.49964117013425 54.812218733098064 55.20448979954523 55.64682485926994 56.11050808508429 56.57217724165934 56.958513204131144 57.24851282832296 57.43649850908235 57.51737227855471 57.487520654984216 57.345612900367115 57.09274009108917 56.7340815633428 56.27936522888687 55.745445020229276 55.155118495340616 54.53633756115822 53.91475057197729 53.31744570910261 52.77217658142415 52.30706362690455 51.950351806597936 51.729379201539885 51.66810721644875 51.78354685017269 52.08257912754517
54.09962431036327 54.09110632431258 54.075891711323244 54.05302754911221 54.02646914317418 53.99837984777803 53.969329766095065 53.940544453376425 53.9153432808116 53.902946485955304 53.91317524568539 53.94121517747623 53.98109679396341 54.02688107003901 54.07500216161858 54.13833044049512 54.332215211347055 54.6587242857169 55.077025239541875 55.55545196035043 56.0762085016856 56.62202287534116 57.13362896235117 57.55668211445296 57.88335498409497 58.105311914963785 58.214636892286585 58.204980220978 58.07268605429292 57.81719433027127 57.44207113254011 56.949510701376795 56.362287761581555 55.70078537511872 54.98559459944483 54.247733498595686 53.53234360614435 52.870849139911535 52.293178527390005 51.82852535618488 51.505364572880666 51.349879766298244 51.38241220163727 51.61323951197792
54.115342680063314 54.09777081871261 54.07468000925814 54.0491806598771 54.02152653197876 53.99186511131049 53.96036461149944 53.92728865935575 53.89337618573285 53.86692119878907 53.88982076652121 53.92369659715097 53.95692263918469 53.9917899936612 54.030556290728995 54.17963057732567 54.47909755662068 54.88112874283972 55.36619576414661 55.916495819861154 56.514685360977126 57.131745221510855 57.683963431716265 58.15072300781112 58.52176343895138 58.785796691754314 58.93155603227657 58.9491909603972 58.83164609560464 58.57071160257973 58.16420765433029 57.62247363565631 56.97241100860175 56.23578812868296 55.438670106097234 54.6101196616457 53.779341058864325 52.99568225071374 52.30434848359479 51.73493436463546 51.31540846130924 51.07212676768336 51.02714401416556 51.19354543427201
54.11872632548575 54.09814873417721 54.07504668871339 54.04964686295134 54.022128288634654 53.99266486772925 53.9614836514837 53.92901133303638 53.89662769779003 53.874692854615624 53.89337362447114 53.925516504261964 53.958079039728766 53.98942405661423 54.0695712477178 54.29899550200251 54.65152831589545 55.11027281293477 55.65776756191685 56.27702653466159 56.95124809050206 57.62060426983538 58.21953910587369 58.73755869815574 59.161933872452046 59.47810261087479 59.669718477437506 59.719229118299545 59.61295900791739 59.3412941859463 58.90132096250499 58.30581216836386 57.5818604276804 56.75501894232475 55.858408265891015 54.92963297786274 54.00649992468719 53.12248326578807 52.31688864725616 51.647105276530226 51.14010528266132 50.819655180730095 50.706974125255385 50.81648596105344
54.12103326665621 54.10109962711306 54.07877799936327 54.05437166188548 54.02818432844255 54.00061336213954 53.972331741151926 53.94475309914631 53.92139080842028 53.91045036263634 53.9194416131227 53.941971479398596 53.96932745972685 54.00175555174279 54.13982260838445 54.41774520801543 54.82077379115555 55.33319724731226 55.93946392805134 56.62430668559881 57.367126743989196 58.08077867192456 58.73136744833079 59.30671474686361 59.79101986924964 60.16516176336316 60.407613983880424 60.49622913502327 60.41086115907811 60.13581968713601 59.663883686479394 59.00923261703891 58.19863723251226 57.2633371421983 56.24542790527528 55.19383037218578 54.15861808194909 53.1840940590129 52.302605805765644 51.54296698932992 50.9612737345457 50.57897265000753 50.41287402011444 50.47650406368568
54.125229512587794 54.10646001331426 54.08552138646805 54.06282897827327 54.03885085199601 54.014233682887514 53.9900211748994 53.9680476347299 53.95148914135876 53.9446867095637 53.95022541128404 53.96595791062363 53.98602528683292 54.0144186063235 54.18792452462681 54.50557754958566 54.95255895410969 55.513760887477304 56.17469557563349 56.921308636078514 57.71896962335149 58.478946875284876 59.18460253686179 59.82297919160915 60.376368454286464 60.82208150619412 61.13293768115759 61.27901259127477 61.230948358722046 60.96390100401037 60.463998723757996 59.74451294222083 58.83292129953921 57.767649614112756 56.60178885097089 55.398691275656056 54.225537975985674 53.14329938986047 52.19476516247771 51.39797097874548 50.764632489419725 50.341551217162205 50.140635308302336 50.17190141392359
54.13097477715879 54.11379432381097 54.09468922224602 54.07418399719693 54.05288177247125 54.03158064360999 54.011434079321404 53.99413219546613 53.98194388691427 53.97743010184015 53.98203075071476 53.99442695271579 53.97055666110943 54.00902024857503 54.208421015222584 54.555924347468356 55.03710871985036 55.63778235314643 56.344753165064546 57.14542074699932 57.986514852948105 58.79352279150716 59.55775966647372 60.266605374185055 60.90132022831618 61.43584470990275 61.83686402932739 62.06470803196902 62.07706158451439 61.83516378834653 61.31451864971649 60.52493884130368 59.49662754656136 58.27718482923196 56.93234278401873 55.54208806727738 54.1964556028591 52.983608942096915 51.965827715399314 51.15933499562296 50.542576051282914 50.10843040579302 49.89469629885352 49.907687017691586
