_RESULTS/CROSS_VALIDATION_POSTPROCESSED_CLR/MHZ/TZ/2comp/2/MHZ_TZ_z_710_kriged_reverse_2comp_spherical_2.asc
ncols 100
nrows 81
xllcorner 5.5967107548124995
yllcorner 50.982328804812504
cellsize 0.00017565037499993607
nodata_value 1.7014100000000001E+038
[rows 57 to 75 of 81, columns 42 to 83 of 100]
-3.429412169158134 -3.37138063139377 -3.2784126609159885 -3.153733952175139 -2.999086902196887 -2.8156527474109225 -2.6083094938277847 -2.3931668795828402 -2.178113281211153 -1.9695927286269028 -1.774912091707651 -1.6002391670833624 -1.4533191508524559 -1.3450860001638765 -1.2896808119990635 -1.3041921847123952 -1.4019574003809834 -1.5816293002102384 -1.8238156892104873 -2.107875160686855 -2.4108449522361446 -2.7071441341156555 -2.9733243641765927 -3.167968980715615 -3.279901556150302 -3.3461149375681614 -3.3890930475029184 -3.4160599924960944 -3.4288614465125837 -3.4280045731946993 -3.412814660625605 -3.3810264686027316 -3.329905169697241 -3.262375430679352 -3.19556358247047 -3.129751647768408 -3.067657881966325 -3.0138692059531356 -2.9700659389553863 -2.9379489794760345 -2.9185502341075056 -2.9025690713702943
-3.4957137473356448 -3.4518465495988346 -3.369713206826444 -3.254413407162604 -3.1077863107152637 -2.931462424404873 -2.730669012114734 -2.52160788150765 -2.313807685690958 -2.114168425827468 -1.9302444734521558 -1.7695229610504808 -1.638286644690784 -1.546188308646006 -1.504196820344915 -1.5229399932288767 -1.6090106297825726 -1.75950171241753 -1.9610459344491862 -2.1999494754227205 -2.4612591465878713 -2.719668306820289 -2.952093216331669 -3.13514050374682 -3.2626509534811605 -3.346578992666918 -3.400535058357875 -3.432351192059114 -3.443926539641083 -3.4376421669530544 -3.4142003125274325 -3.371960476673072 -3.308732866646659 -3.2326513353807393 -3.1608597297088927 -3.095111886138894 -3.0365877505857526 -2.986671911428149 -2.9468770978266274 -2.9187610474437506 -2.9026768133461966 -2.8887885789336516
-3.568701345778795 -3.5420329590363338 -3.4770714456644427 -3.3740952806830915 -3.2365493547350983 -3.068224718653029 -2.8742714187758094 -2.6702818825103565 -2.4684990265049684 -2.2763045319594917 -2.10135054488624 -1.9514399975523435 -1.8321716978458387 -1.7507694138813348 -1.7153697595685342 -1.7327591749424494 -1.8057612480141159 -1.9291385958612368 -2.0951900005307484 -2.2931646794584934 -2.511895638511243 -2.7309778315798123 -2.930173693455283 -3.096210804916172 -3.2234215973113773 -3.3144557753507953 -3.375291051420438 -3.4093825726869103 -3.418307624911721 -3.4077693055842633 -3.3781078359999377 -3.3289326729955313 -3.259966819153343 -3.187030818479494 -3.119246052046865 -3.0576953413074657 -3.003588825791624 -2.9582608691183054 -2.9231352867876055 -2.899678717286595 -2.8869318350439745 -2.8750403893404726
-3.6440566386687205 -3.6376041870403437 -3.5928127946358117 -3.5074667368762453 -3.3818993797057857 -3.22177040085135 -3.0343934928741763 -2.8336496728539124 -2.6359445369967403 -2.449217085456024 -2.2810380770475005 -2.1387514899596596 -2.0278577493490038 -1.9528520315372855 -1.9196902477384472 -1.9324287593379412 -1.9896887115816622 -2.0886707233035633 -2.2237219126119503 -2.3863934541185285 -2.56694739686963 -2.752282431298928 -2.923288626557943 -3.070238105354373 -3.188048577973774 -3.2762282727382543 -3.3351005472269906 -3.364960662548437 -3.3722110076800047 -3.3594105838560364 -3.3269053161842796 -3.2745385286431983 -3.205406112818507 -3.1376735404911305 -3.074995264028012 -3.018579798312024 -2.9696873192086937 -2.929643357329964 -2.899830109585597 -2.881660641427788 -2.871800060650841 -2.8617947728944158
-3.716268363260862 -3.732688807325729 -3.710547532448851 -3.6463382063992325 -3.5377481750621196 -3.387444744682039 -3.204933116577572 -3.005687585925027 -2.8097609618419126 -2.626483395513274 -2.4630576795654173 -2.326012522844964 -2.2204868612740265 -2.1489115309094897 -2.114993767090215 -2.1188920494366767 -2.160497463915753 -2.237663011330606 -2.345781630246292 -2.478181731981642 -2.6268060964082105 -2.7824109919470854 -2.928676121178348 -3.0569955262549287 -3.1625211872681662 -3.2409614282511026 -3.291141708076457 -3.3162268612803683 -3.3204880157377055 -3.3045964373335117 -3.2687993033028127 -3.2129954609340086 -3.1478566820164118 -3.0862559230456714 -3.0295494492934094 -2.9790468482960866 -2.9360622905783886 -2.9019348428058516 -2.878030130355564 -2.865634936197422 -2.857704331858963 -2.8494737786922015
-3.7802587480485856 -3.8186097471154135 -3.8237468547549343 -3.785622192387781 -3.6957931555006067 -3.555130574534916 -3.3774144868925338 -3.1794119593807686 -2.983229762853196 -2.801971032669581 -2.6419838409759824 -2.5087346656277663 -2.406635158358432 -2.3359160983733305 -2.2970079003445507 -2.291181270825828 -2.3182011666256144 -2.3760390850757247 -2.4608868269703184 -2.567437298488922 -2.6893880515939106 -2.8193919031680257 -2.9434298620725508 -3.0523107302657775 -3.140509460739707 -3.2049055368542954 -3.2451303926332717 -3.2648551302631663 -3.2645964265468925 -3.244549163574793 -3.2047389441892418 -3.147546427451087 -3.0894048688135833 -3.0345698644029495 -2.9844792132567863 -2.9405110347097603 -2.904021281946394 -2.87636481311909 -2.8589029799682324 -2.851413355265153 -2.8450422298658844 -2.8384809161902256
-3.8296846872308583 -3.8851067245656052 -3.9225590674384576 -3.919248419352387 -3.851338215134443 -3.713397100804205 -3.5354582979317373 -3.3415027973015956 -3.1477342426205146 -2.969699102948651 -2.813184287738729 -2.683197577209735 -2.5819334741816435 -2.508622175561276 -2.4640671116078288 -2.4489678453994066 -2.462807441464021 -2.5037293170787014 -2.56857344133285 -2.653091781308767 -2.752022581606535 -2.858988601998133 -2.9601547425816466 -3.0476966705220523 -3.1176251788185296 -3.1673314998695377 -3.1986654823700267 -3.2114419762906374 -3.2052991596448686 -3.180016149393483 -3.135442145081071 -3.0829897122786023 -3.0321384716661752 -2.9844609068307273 -2.9414316198189265 -2.904463841356722 -2.874937524683151 -2.8542175304966086 -2.843662758789006 -2.8390794147029452 -2.8341559455957532 -2.829166511944017
-3.8563179485266565 -3.9238502265737782 -3.988552747793115 -4.0332853776152815 -3.9976622157256427 -3.843281036996583 -3.6620603149687083 -3.4749580328439023 -3.2893952213855777 -3.118196833276419 -2.9675510624447012 -2.840516365258355 -2.7397327561691713 -2.6644537330789486 -2.614886224470741 -2.5914383529862466 -2.5934694814830195 -2.619224772993955 -2.6658847203524965 -2.729740631525969 -2.8064830054046266 -2.8914053539636724 -2.9721138937336193 -3.039805474887763 -3.0920349373758755 -3.129617628319492 -3.1513140151230323 -3.155971052743568 -3.1428257424709747 -3.1113278322526754 -3.0666481415413904 -3.0215597560620058 -2.9780859707350955 -2.937770636407634 -2.902084409983108 -2.8724457968632215 -2.8502396783993595 -2.836830857743124 -2.8323022259194772 -2.828924645285613 -2.82535229961922 -2.82184722612531
-3.856526560731243 -3.925725067419359 -3.996544913915388 -4.062012983627132 -4.050533736477756 -3.9043814421300045 -3.7386645397235285 -3.5683105316980983 -3.398625373959055 -3.236116705107193 -3.091894679733601 -2.9693626326914493 -2.8707125258784862 -2.7947949349256227 -2.741434490019633 -2.7108418312556 -2.702380072862918 -2.714536433321324 -2.74497527051279 -2.79067804413846 -2.848160038733307 -2.91358627331046 -2.975391601059745 -3.026106360097915 -3.0651614666643234 -3.090923648903404 -3.1023401365542664 -3.0980515360174836 -3.0770316776905906 -3.0414001882033688 -3.003243236669793 -2.965326762914579 -2.9291842606055263 -2.8962994353326033 -2.868109519187672 -2.846014287343602 -2.8313861549381167 -2.825539162841937 -2.823497816157335 -2.821221057372039 -2.8189167165974514 -2.8168181867719344
-3.8281996037663673 -3.889723594206375 -3.946592129682093 -3.9850534936904483 -3.970605920189378 -3.8828266899258708 -3.755271470148245 -3.612343211456242 -3.464869079199375 -3.3192044329069796 -3.1839574538992115 -3.067667154052235 -2.972426845883724 -2.8968614829654222 -2.8408067557966175 -2.8044283906269256 -2.7871799741517154 -2.7878030804870075 -2.804382725452217 -2.8344616360612904 -2.8752057795575787 -2.923345846885471 -2.96919842497693 -3.0071279396721886 -3.0346732951990916 -3.0497927605265476 -3.050872983068162 -3.0370764930847183 -3.0096685349820023 -2.9788286516106868 -2.9472017994782234 -2.916207451500354 -2.8872669211524693 -2.8617861195247554 -2.8411494680889158 -2.826720341161194 -2.819844441286882 -2.818671334286901 -2.817472120545435 -2.816226342575175 -2.815118412782473 -2.8143576360000706
-3.7727874236416588 -3.8232075398001606 -3.863313251928237 -3.882060632149785 -3.8658314529350166 -3.810745128958405 -3.720798433702935 -3.6093473521400514 -3.48788158927265 -3.364051846151183 -3.2434558718050615 -3.1349877604916827 -3.044399900784581 -2.9702404278743986 -2.9126447496671255 -2.8718366088339944 -2.8474153945993583 -2.838379164884698 -2.8431825319180564 -2.8598328315372035 -2.8868243358448225 -2.922420839045437 -2.955811459588012 -2.981805255788153 -2.998183866178749 -3.003029586335942 -2.9947392663430055 -2.9747176770815162 -2.951092260896173 -2.925790253911161 -2.900325184123172 -2.875980569918689 -2.8540653034726757 -2.8358996811872554 -2.8228039934679177 -2.816093326769156 -2.8152802441744376 -2.814871233518564 -2.8144615613371484 -2.8141875581543396 -2.814151553857899 -2.814151553857899
-3.698065666890138 -3.73808103650538 -3.7657464178853317 -3.7740498960576425 -3.756655323046145 -3.712473410992641 -3.646942322165831 -3.5648784313062145 -3.469988042129751 -3.369167370362453 -3.2682038925290113 -3.171751721789906 -3.086747798505504 -3.0149293465546747 -2.9568614070287897 -2.9128782686247803 -2.8827501410797822 -2.8658826246218045 -2.8617771011309228 -2.869328725076463 -2.8871695525687175 -2.91233770070272 -2.9340817466135594 -2.948740337883679 -2.9543056197962048 -2.949001223297385 -2.9363157742826105 -2.9204083788774216 -2.902262609977367 -2.8830100482377574 -2.8638818217264377 -2.8461667801652095 -2.8311783192630475 -2.8202300436405725 -2.814619299375333 -2.814151553857899 -2.814151553857899 -2.814151553857899 -2.814151553857899 -2.814151553857899 -2.814151553857899 -2.814151553857899
-3.6112538366525997 -3.6429115175011337 -3.6622228031947834 -3.6649263109923598 -3.647823522637633 -3.610608429720675 -3.556318897128103 -3.489933507811186 -3.416516656999992 -3.3373800908763442 -3.2557686302003574 -3.1760671728595495 -3.100646451781052 -3.0320570172665615 -2.974840914659064 -2.9296190790541967 -2.896559364057704 -2.875435386697444 -2.8656766393530675 -2.86643210571572 -2.8766464725465775 -2.8920166859501024 -2.902805362979579 -2.90666125357883 -2.903675680458544 -2.8971972345092554 -2.887792847901 -2.876132529707719 -2.8630659374159544 -2.849584104216968 -2.8367814656793677 -2.8258214700480124 -2.817907697500908 -2.8142611702794857 -2.814151553857899 -2.814151553857899 -2.814151553857899 -2.814151553857899 -2.814151553857899 -2.814151553857899 -2.814151553857899 -2.814151553857899
-3.517974696037693 -3.5432336568518856 -3.557021481679604 -3.5567316368836543 -3.5406700822541786 -3.508879234162439 -3.463332154456368 -3.407351506552283 -3.344733334779193 -3.279096747095164 -3.213599808822073 -3.1503002048352275 -3.088199674296352 -3.0284308379396254 -2.973766241355562 -2.9286901896255664 -2.8940762868280854 -2.8698678443665626 -2.855703171788888 -2.850971510745015 -2.8548706657926957 -2.8605349978319348 -2.8633539027920683 -2.8637035313982664 -2.8615538179545243 -2.8570904261423284 -2.8507055462859374 -2.8429793038058824 -2.834654298719747 -2.826606384321554 -2.819814728099711 -2.8153336327986107 -2.814151553857899 -2.814151553857899 -2.814151553857899 -2.814151553857899 -2.814151553857899 -2.814151553857899 -2.814151553857899 -2.814151553857899 -2.814151553857899 -2.814151553857899
-3.4223980211593363 -3.4427727334764446 -3.452876366108207 -3.4510825237922393 -3.4364814826368324 -3.4092872420699156 -3.370932743506636 -3.323799805510293 -3.270760356639494 -3.2147604709196798 -3.1585639837981923 -3.104263530495968 -3.0511829291183665 -3.0004345465849314 -2.9534552239887835 -2.9115212808110003 -2.876332576026411 -2.8503394869634238 -2.833789350366802 -2.8268029220616215 -2.8287114857842526 -2.831624073794973 -2.83329079602432 -2.8334992910708765 -2.8322234646912894 -2.8296246036139303 -2.8260445626025397 -2.8219918797516708 -2.8181224754792376 -2.8152170349937173 -2.814151553857899 -2.814151553857899 -2.814151553857899 -2.814151553857899 -2.814151553857899 -2.814151553857899 -2.814151553857899 -2.814151553857899 -2.814151553857899 -2.814151553857899 -2.814151553857899 -2.814151553857899
-3.327649356111669 -3.3442354444960762 -3.351842063847389 -3.3494307093227036 -3.336524326160887 -3.3134222770531725 -3.2812502102842833 -3.2418216185283715 -3.197383133325105 -3.1503513979999407 -3.103115567833938 -3.0565194457042435 -3.0103405656724083 -2.9661459884196177 -2.9253620919048466 -2.8892786701398796 -2.859073693186138 -2.8358353720198384 -2.8205805852822103 -2.814671774955001 -2.815459553860417 -2.8163809713279844 -2.816973667687839 -2.8170507195295045 -2.8165891883048877 -2.815730960642127 -2.8147775983948184 -2.8141797669075173 -2.814151553857899 -2.814151553857899 -2.814151553857899 -2.814151553857899 -2.814151553857899 -2.814151553857899 -2.814151553857899 -2.814151553857899 -2.814151553857899 -2.814151553857899 -2.814151553857899 -2.814151553857899 -2.814151553857899 -2.814151553857899
-3.236158336990654 -3.249736314559522 -3.2556205204360023 -3.2531324044429613 -3.2420422226109467 -3.2226879286192927 -3.196001558336002 -3.1634315908614012 -3.1267931429519913 -3.0880988528733115 -3.0491460830166024 -3.0094326704512153 -2.9700121855476853 -2.9323826330302967 -2.897925483866203 -2.8679143802195295 -2.8435286256241037 -2.8258676636897286 -2.815964642886361 -2.814151553857899 -2.814151553857899 -2.814151553857899 -2.814151553857899 -2.814151553857899 -2.814151553857899 -2.814151553857899 -2.814151553857899 -2.814151553857899 -2.814151553857899 -2.814151553857899 -2.814151553857899 -2.814151553857899 -2.814151553857899 -2.814151553857899 -2.814151553857899 -2.814151553857899 -2.814151553857899 -2.814151553857899 -2.814151553857899 -2.814151553857899 -2.814151553857899 -2.814151553857899
-3.149899313503721 -3.161028395216294 -3.165704152896185 -3.1634734655111068 -3.15425082678985 -3.1383861944378513 -3.1166783324383256 -3.0903274017472167 -3.060841835906678 -3.0299266004407586 -2.997817280983128 -2.964592763628847 -2.9317083681432434 -2.9005561967471536 -2.8724513334063175 -2.848629745073638 -2.8302528158767672 -2.818415039395782 -2.8141527293952464 -2.814151553857899 -2.814151553857899 -2.814151553857899 -2.814151553857899 -2.814151553857899 -2.814151553857899 -2.814151553857899 -2.814151553857899 -2.814151553857899 -2.814151553857899 -2.814151553857899 -2.814151553857899 -2.814151553857899 -2.814151553857899 -2.814151553857899 -2.814151553857899 -2.814151553857899 -2.814151553857899 -2.814151553857899 -2.814151553857899 -2.814151553857899 -2.814151553857899 -2.814151553857899
-3.070547350407173 -3.079634123366682 -3.0834489299143817 -3.0816830545685194 -3.0743357712458583 -3.0617538719043376 -3.0446375501458456 -3.024009085051055 -3.0011518445350047 -2.9768385430912496 -2.9505332565859885 -2.9234234584823393 -2.896816473331697 -2.871994288893529 -2.8501944550577227 -2.832601333156308 -2.8203442246872577 -2.8144996264334208 -2.814151553857899 -2.814151553857899 -2.814151553857899 -2.814151553857899 -2.814151553857899 -2.814151553857899 -2.814151553857899 -2.814151553857899 -2.814151553857899 -2.814151553857899 -2.814151553857899 -2.814151553857899 -2.814151553857899 -2.814151553857899 -2.814151553857899 -2.814151553857899 -2.814151553857899 -2.814151553857899 -2.814151553857899 -2.814151553857899 -2.814151553857899 -2.814151553857899 -2.814151553857899 -2.814151553857899
