_RESULTS/CROSS_VALIDATION_POSTPROCESSED/Berg/TZ/3comp/3/Berg_TZ_z_500_kriged_reverse_3comp_spherical_3.asc
ncols 100
nrows 90
xllcorner  5.6208707817415728
yllcorner 50.959635321741573
cellsize 0.00013419651685393446
nodata_value 1.7014100000000001E+038
[rows 38 to 56 of 90, columns 43 to 85 of 100]
0.4499739176860572 0.45862977793547244 0.4647461681264427 0.4678916942553261 0.466120947480272 0.4581225646659171 0.444474335931211 0.4259863022558462 0.40401901593367173 0.3803359914612967 0.35576914260362646 0.3313107411006787 0.3068037095222926 0.28129570886032973 0.256069438471259 0.23193503431531864 0.20956040904738862 0.18950212831878582 0.1721558178637168 0.1570697082952823 0.1446494014912948 0.13560302078788808 0.13030239414710854 0.12847425897154238 0.1294867934828031 0.13286183599881773 0.13843560018081258 0.14615634905252914 0.1558219184487962 0.16751585145961667 0.18131774159792546 0.19714493805930247 0.21896966029828768 0.25285420304669143 0.3065424506112013 0.3872945863013498 0.5058889789143454 0.677301835084391 0.9206850005780192 1.2480407465831715 1.5611988518819604 1.7900608965515554 1.896593288580354
0.43454306264361564 0.442198507930524 0.44773650429234413 0.45057387735949384 0.4484295116072132 0.44038108242834195 0.4270026322659167 0.41013237328042546 0.3907585939954904 0.3695851493514958 0.34749990241730244 0.3249024553324344 0.3001222071945985 0.2740998720132043 0.24820182384280207 0.2235150884338839 0.2005001379576619 0.17958543476224798 0.1604815520900987 0.143412014073743 0.12916095523128351 0.1188122734884826 0.11320512344368996 0.11165894550591918 0.1128271264459737 0.11601211262653856 0.12109216390124901 0.12823047809944707 0.13768100271240508 0.1492600382866746 0.16288483763084555 0.17859562015689673 0.1998684238757035 0.23016506361357242 0.27614792343907546 0.345199986298443 0.44607460693075623 0.5909151545030326 0.7952956358303117 1.0769942644221964 1.390823967075458 1.6433827414006859 1.7934225654424623
0.4267903825690018 0.4319479399495874 0.43674612077504416 0.4393480693348068 0.4369540814807409 0.4291104397441098 0.4177308165365097 0.4033890548344408 0.3865838427590294 0.36790320899631973 0.34800051009363375 0.3257031619362004 0.30035086248811776 0.2735487651123947 0.24669203438877668 0.22090134449200055 0.19698508820936655 0.1745554574794754 0.15348141989823455 0.13435564477762915 0.11782364882520299 0.10534402500662421 0.09972848599350506 0.09907110202017312 0.10044955408623533 0.10329082350931257 0.10768461091661288 0.11388530284446662 0.12220851725756718 0.13300633818047272 0.14626018423052664 0.1617021452038851 0.18202315172891423 0.21071143469717332 0.25036340152751896 0.30881862348589495 0.39365239732959245 0.5143698105837031 0.6830961132538427 0.913700393639973 1.206205888178036 1.4718484880539193 1.656694091164661
0.4267216060750487 0.429326916984931 0.4317858435112275 0.43384234071321476 0.4317878050974791 0.42629223121558346 0.4176185243666837 0.40595278834267234 0.39166065342017303 0.37524447897359775 0.35682408735362703 0.33404330223402 0.3078971323681164 0.2800357761259877 0.25191474395205815 0.22463510080422164 0.19832859745023973 0.1735989917847744 0.1508217242371599 0.13002346755546665 0.11152917354248137 0.0955175332844435 0.0906655663665204 0.09080570129921588 0.0917237456519275 0.09372505779486094 0.09713392470386709 0.10228167045402153 0.10950252675109746 0.11913568009179384 0.13153434309080353 0.14665692248546053 0.16583277327327145 0.19278065508655526 0.22936163639570656 0.27894059022997103 0.3497935761753236 0.44951280818353895 0.5871484774401636 0.7729097538933578 1.016389768829172 1.283011069888693 1.4917427370578689
0.434391309309376 0.43462982345489387 0.43480573958931107 0.4352229300397692 0.4354752360252197 0.43284939751560375 0.42698318115417877 0.4179933816255088 0.40617461738830596 0.3919625322422796 0.3740834479962775 0.3507179806725362 0.32356939897958675 0.2943589208473989 0.26428969736279506 0.23404567193706904 0.20479178528804137 0.17746086267716557 0.15272850172592556 0.13079778049343777 0.11182846922272612 0.09714767268277953 0.0896859933841872 0.08704771731652373 0.08621298503816596 0.08678605960954838 0.08893819950186668 0.0929491104715642 0.09911447164893417 0.10772527687421998 0.11907553316159517 0.13348167076066778 0.15158933897207197 0.1766714312982152 0.21060786242582205 0.25555215536110737 0.314994502277262 0.3970183098812769 0.5085370106249736 0.6566372296596902 0.8476832364728053 1.0863444968508538 1.3069430364390426
0.4506683743985159 0.4485844303043587 0.4466284448511531 0.44708365313160076 0.44859632942846367 0.4490254799417086 0.4461707852254631 0.4400211448736446 0.4308135516463913 0.41881912661103526 0.40098062759238884 0.3769932143080116 0.3485058190489773 0.3166406561563799 0.28304748749940306 0.24931242523970226 0.21679845138188958 0.18659861502073385 0.15953489920394492 0.13621664874901465 0.11682727187995434 0.10198191624290284 0.09218816128256345 0.086387879367564 0.08314747322907462 0.08188391881328717 0.0825774274057407 0.0854116244599572 0.09060913097553414 0.09837751280823692 0.10891816551027338 0.12245936368909623 0.139507954482934 0.16274528203281624 0.19401512779797092 0.235179743748009 0.2885034346738133 0.35684201670139937 0.4470191748560294 0.5645366802097613 0.7132051697410695 0.8986923363828878 1.1121962551146907
0.47611921224153314 0.47168016736379725 0.4690209695968259 0.47008336612206736 0.4727498481753905 0.47547083477475505 0.47600826618188596 0.47304679599398886 0.46678413818289477 0.4568421061621453 0.4388849271237767 0.41325173364643736 0.3817346113787983 0.3462806323199312 0.3088293066128921 0.27118371442993106 0.23491632902410098 0.20130945227695143 0.17133506526832376 0.14567981438357205 0.12473162303968507 0.10823793775880618 0.09602373376258755 0.08743553559933599 0.08170241566679727 0.07841549687241024 0.0775406173739496 0.07922285323056487 0.08360851396445274 0.09077861407910057 0.10079270229390881 0.1137596923747874 0.12987685190087886 0.15128324141359473 0.18000023087889847 0.21748248608755288 0.2655891196292906 0.32634324767994566 0.40168079837676113 0.4949426799502943 0.6104133241026322 0.7520421392091003 0.9204993912810421
0.5111951162151749 0.5052360804502574 0.5031138839736355 0.5049599051917891 0.5091864265663576 0.5135628522983349 0.5175020834776188 0.5178261121253726 0.5141895424698036 0.5049980688324079 0.4858706571881847 0.4580471521512996 0.42348317956841935 0.3843148969755123 0.34268944583855765 0.30063320256415726 0.2599498420211092 0.22213952823066335 0.18834057050104167 0.15930067489733712 0.13537439636950266 0.11626553736726149 0.10122819121647965 0.0897821733566274 0.08143587845043855 0.07595054506981426 0.07340109788370426 0.07400249058251991 0.07782939214822483 0.08474129950597256 0.09456664360193674 0.1072616718255632 0.12293859577924143 0.14252786190744007 0.16887756369870013 0.2028933109285303 0.24604769334307086 0.2998669283073579 0.36568601518754495 0.44427038513952294 0.5357879087365164 0.6442864794856046 0.7706355481506971
0.5519661227952283 0.5466983852711813 0.5458901554518844 0.5490223451147744 0.5550491626377957 0.561129812993648 0.5672421228782161 0.5707339636998602 0.5697057737714964 0.5613890539920905 0.5416485824405146 0.512069903859809 0.47472454060842717 0.4318876140499477 0.38587119055358104 0.3389034612437987 0.2930312270995055 0.2500194789130329 0.21124392621507626 0.17760044277657883 0.14946585672965257 0.12668800173531203 0.10827414311231218 0.09362820938514516 0.08236064320438027 0.07433657266000555 0.069857607735638 0.06946006346628596 0.07314972535008332 0.08028334827094892 0.09029897553054232 0.10300018529293462 0.1184561282364356 0.13692598997392802 0.16090257570219269 0.19171029733037942 0.23026982133367446 0.27766575776423585 0.3347181208922027 0.40165576178384854 0.47865693039945373 0.5669674033830656 0.6648303120265274
0.5974239963597767 0.5938536647110328 0.5948492726171547 0.599684758560515 0.6076933051492653 0.6159223581568762 0.6238082124449336 0.6306328724950963 0.6326988734182422 0.6258551177498733 0.6063012011829894 0.5757214984536346 0.5362158074506403 0.49009815409772683 0.43974596433736 0.38751475095846966 0.33567846256028855 0.2863325168227065 0.24122951103914317 0.20159127058173848 0.16799288900820478 0.14038948923099168 0.11794763194159052 0.09963925357491656 0.08502327683524315 0.07388819541427623 0.0667931299635653 0.06543150499069117 0.06980074144589192 0.07778146322654622 0.08830556942675212 0.10117939199535417 0.11652565424619063 0.13459412584838176 0.15631711779000607 0.184151921515095 0.2184826517758752 0.2600146418649856 0.3091452390677321 0.36569586740419185 0.430262162622027 0.5031400973729587 0.5824152025593397
0.6469387115640305 0.64577031984058 0.6492926141344303 0.6564213918946943 0.6663880913189116 0.6771337123176708 0.6869187616343687 0.6964262472391168 0.7018940731049624 0.697330746600461 0.6790457490930033 0.6486572407264335 0.6081570009525321 0.559734253990421 0.5056473159678524 0.44820361406297016 0.3898066634170086 0.3329382639997327 0.2799484324850798 0.2326848583167998 0.19218143436219215 0.15860571777705715 0.1313313025169311 0.10893800115108043 0.09070320114327281 0.07603673082102026 0.06484130498127463 0.062258940824300106 0.0690214294431132 0.07817596790873374 0.08916821709790138 0.10213520019649222 0.11731878416382725 0.13500420428746168 0.15550356026912845 0.18041446656608554 0.21082616252848704 0.24701411217734467 0.2890391216004007 0.3366168317819628 0.3906282666097376 0.4505326367016972 0.5144773259550549
0.6986989362019255 0.7009163003256557 0.7080132172833017 0.7182881727643995 0.7303891492601036 0.7433240929791849 0.7547800795320985 0.7660030243260176 0.7748071352531263 0.7733872531760584 0.7577252991348802 0.7292458489833362 0.6896539099566624 0.6407930847899846 0.584516279896435 0.5227333739033656 0.45767405251328064 0.39215931118713954 0.3294601434437237 0.2725766176224554 0.22343585623648132 0.18262497663616026 0.14966096472683393 0.12290476501135923 0.10123813795008033 0.08392865719406017 0.07075890183045412 0.06720595339719286 0.07377899670531442 0.08276169842302374 0.09353502440709653 0.10621046403855838 0.12100397151405613 0.13817101424658176 0.15798920994582258 0.18073021907696454 0.20742768004333206 0.23869036743410085 0.2743156070777248 0.31436104559157474 0.3593960042503692 0.4084730650753184 0.45986472737010836
0.7500755326986823 0.7569425842654437 0.7691010661017137 0.7838064716707517 0.7985201696972585 0.8122927107395579 0.8244790232581434 0.8360819574291893 0.8474344392846174 0.8498381351196231 0.8383109707405113 0.8139442183595729 0.7779781308098732 0.7316969643706457 0.6762123384364599 0.6124548139343372 0.5417148386487208 0.4667101549861453 0.3920741387773229 0.32298631175250614 0.2630529302308865 0.21354110118063319 0.17399592106292203 0.14264833795037085 0.11787444119755718 0.09909784513162428 0.08666276700650498 0.08221693111842474 0.08507589708549548 0.0920977711939791 0.10173168307226531 0.11358514105083155 0.12765722610448407 0.1440884336712497 0.1630792891543875 0.1848493742931304 0.208473084049839 0.23508382098361139 0.2649531121040434 0.2986850740352513 0.33606232876393516 0.3760895564363807 0.4171906584221858
0.7975046877262242 0.8104078330095107 0.829637513584937 0.8508312503013469 0.8688892456910019 0.8816361921524645 0.8917712258604653 0.9019177379391199 0.9142454214263457 0.9207201365924585 0.9147403767040886 0.8968637059904312 0.8677821194639337 0.828168095718969 0.7782455110152238 0.7173213620713442 0.6441350539987653 0.5595228278612911 0.4699231788734287 0.3850458817964784 0.31165208366784536 0.2518321529039416 0.2048412813922288 0.16853105267882226 0.14056383665008249 0.12011116393995107 0.10689703348762782 0.10082844029640423 0.10097210232755063 0.10565731646306506 0.11360293266128424 0.12418865964509264 0.13720566336849319 0.15265208379937964 0.17062730748782537 0.19127790297903646 0.2137503189398417 0.23632674920931315 0.2612554443474838 0.28940188590141774 0.3201588161664995 0.35253922080989514 0.385121076055651
0.83651784988547 0.8564160544165448 0.8850145306615064 0.9162157895758632 0.9391505591226229 0.9479367229400133 0.950800504819087 0.9569933814323478 0.9687486990774701 0.9790400310225943 0.9795725754370121 0.9700750402823746 0.9507944746428808 0.9220507144258988 0.8836604392580492 0.8335657974039102 0.7658440152726071 0.6733667221181525 0.5637154248512424 0.4578832883928401 0.36818505653276257 0.29675008364433736 0.24171689471338761 0.200069670098458 0.16853107240899734 0.1457033972592704 0.13064693394254373 0.12252173227114384 0.12027003665088598 0.12267412250030947 0.12871270178753885 0.1377380314464723 0.14942137949005307 0.1636412664995189 0.18039629314131447 0.19974832287483085 0.22102550560195514 0.24219004706607372 0.2634582133037899 0.286491294625516 0.31137893537850614 0.3371569428723045 0.36254548398588676
0.8621601365866667 0.8883841098954735 0.9272527904245008 0.9739512163548028 1.0066111228168673 1.0037030148777346 0.9941488005200776 0.993873175320047 1.0046609547660605 1.0183300524069914 1.0256626038734218 1.0251753835362487 1.01692196613138 1.0012600822040107 0.9786050677832735 0.9481391168901356 0.9023317055392457 0.8097983109859012 0.6682976411669264 0.5356822957970419 0.4286440368314941 0.34576853160422844 0.28295136333182974 0.2359968337693192 0.20065249092977924 0.1749431447392619 0.15745695217851371 0.14697730190545333 0.1423517784335964 0.1425011930797146 0.14653198652410487 0.1538091093563106 0.16394051565864712 0.17671681278951826 0.19204872976778292 0.20991725877664083 0.22978946271030223 0.2501540897930003 0.2704997174242973 0.29018999764605397 0.3096752393389923 0.3295546977654752 0.34867584578322597
0.8701925408459121 0.8992294833212775 0.9433842107307453 1.002910798810341 1.0613746746270512 1.029084256225226 1.0106085732014063 1.0067949925638189 1.0173707437524235 1.034238745303639 1.0481274961812006 1.0557747412929903 1.0572596252800814 1.052952146407381 1.0437322095828667 1.0309692906355876 1.0163568311560396 0.9512190508018616 0.7578548055045512 0.604688177365806 0.48573672267915324 0.3946398985808135 0.32580057243173555 0.27435915317200327 0.23544359519252536 0.2067494556074786 0.1866155151187575 0.17364239478857676 0.16661952013430828 0.16450857493119855 0.16646771368211766 0.1718681608251925 0.18027829356543323 0.19142405170821936 0.20514328797726125 0.22138235674668472 0.2402367789654844 0.25970524869166095 0.2790500200718989 0.2976290784428898 0.31473703185055285 0.3296998128033114 0.3431111728672741
0.8589608182079292 0.8856274296359209 0.9248392569875308 0.9717417889489642 1.004634997284252 1.0024241644700984 0.9934798082476866 0.993706322201187 1.0061003530266446 1.0251560043512737 1.045203594028475 1.0592835710491098 1.06749188686007 1.0697723177427967 1.0658141550003952 1.0539744266773459 1.0252928919616304 0.9413858153223517 0.7937878984740959 0.6501735712823025 0.531787951469964 0.43860626150332693 0.3669997958628554 0.3127603048958089 0.27108469722498546 0.23975397575900512 0.21709709146157816 0.20168746450576602 0.19231435042893216 0.1879664720913899 0.1878277461704557 0.1912702136883974 0.19783413382810142 0.20719675906942153 0.21917868733604368 0.2342769354778509 0.25218263264418866 0.2705681355382244 0.28870131294755896 0.3059384303115032 0.32158243100878625 0.33490987313518905 0.3452067567218205
0.8304079902272931 0.8511952929489167 0.8805555727812374 0.9124507931427774 0.9361486620083246 0.9458572019065822 0.9496725231263057 0.9576698345503901 0.9738670579776365 0.9941244195138104 1.0176010310665684 1.0366436169773012 1.0487411672355824 1.0532571877590804 1.0483180243899957 1.0293826669080697 0.9863198375379703 0.9053317618064414 0.7911330545599319 0.6707085135566191 0.5631057193976635 0.47413581175650354 0.40357619988051713 0.34875070643838496 0.3055879976642364 0.2723630397134362 0.24761697934609625 0.2300370956348174 0.21848459410668966 0.21199942525046792 0.2097964510869956 0.21125436854984259 0.21589649901705205 0.22346623895527304 0.23428075219576136 0.24846230375460146 0.2652980133362599 0.28240714454832105 0.29911374674928676 0.3147775598189978 0.3287157299573338 0.34023045163429994 0.3486444154115522
