_RESULTS/CROSS_VALIDATION_POSTPROCESSED/MHZ/IZ/8comp/1/MHZ_IZ_z_63_kriged_reverse_8comp_spherical_1.asc
ncols 100
nrows 81
xllcorner 5.5967107548124995
yllcorner 50.982328804812504
cellsize 0.00017565037499993607
nodata_value 1.7014100000000001E+038
[rows 57 to 75 of 81, columns 0 to 41 of 100]
0.08054805257139709 0.08059089485425741 0.08083092426200603 0.08129882057090915 0.08242363024573728 0.08473438847902241 0.08826388204912372 0.09292481388341521 0.09855609683884148 0.10498862945071616 0.11204206195642927 0.11948893151546042 0.12702307963641654 0.13424879461279496 0.14070234674645138 0.14590858514754954 0.1494555074265131 0.15105930869102432 0.15060545765384034 0.14816516222950252 0.14307808690527363 0.13543992997387327 0.12630991416265056 0.115946724602845 0.10547097026050024 0.09564211587082615 0.08684791331336619 0.07920658433532987 0.07266394227623821 0.06706794249512368 0.06236720616860955 0.05919586729407248 0.0581839042401793 0.0598220494526299 0.06430424671031346 0.07166082589834868 0.082492960580048 0.09775837626215175 0.11830291522752874 0.14213657616816133 0.1678094134007392 0.19331162384497724
0.08110028689033771 0.08135047962738884 0.08183245837814848 0.08257184486528765 0.08366453538722518 0.08570615478226122 0.08882722719524384 0.09296370596107964 0.09800456039353592 0.1038054298093967 0.11018541208305652 0.11690451205695067 0.12363723517989135 0.12996398029575304 0.1354071112976735 0.13952204468444432 0.14199933650614704 0.1427084795196105 0.1416775982832875 0.13905693375807107 0.13509020694475005 0.13006579947265812 0.12332104970623076 0.1149631371394061 0.10566436516899032 0.0961128390480618 0.08687727354666015 0.07826075038567043 0.07042006351599524 0.06354326321630689 0.05771385361809905 0.05421277486191529 0.053360363658954094 0.05499850934459345 0.05909475616899747 0.06586803367237702 0.07604163239753396 0.09065039914093045 0.11102618264015598 0.13649973563844806 0.16527961512658293 0.1955529978590752
0.08165536010490418 0.08208398348839155 0.08276433537508386 0.08371398431838914 0.0849540187814435 0.08668922317231638 0.0893963554734288 0.09303923912392884 0.0975281196964607 0.10274123305306063 0.10851383534076779 0.11461494352722065 0.1207144461342779 0.12635933300611502 0.1310113906724245 0.13420191098095915 0.13571325298007528 0.13558807831002137 0.13400136911761143 0.13117011279104204 0.12733065533768728 0.12248130615670821 0.11577006493182947 0.1076821783400807 0.09884631138627176 0.08981093641072128 0.08101356525824822 0.07277393901003626 0.06530477535249239 0.058732515269508 0.05327891615457784 0.04995543537457377 0.04914837624713558 0.05054451030895182 0.05404681788923099 0.06008665965237658 0.06942832934132948 0.08319866488818911 0.10290248231095978 0.1296542057155516 0.1617325967739843 0.1975923117534264
0.0821720880352959 0.08274528540212657 0.08358078647304386 0.08468954518065891 0.08608256964777145 0.08776490445585063 0.09003366872545555 0.09318568065094857 0.09714131589571956 0.10179823277725486 0.1070179039065386 0.11260054879519595 0.11823945585056302 0.12345133282326493 0.12755312692330498 0.12992622147755156 0.13047008015925696 0.12950351144616612 0.12736938710239445 0.12432279059849452 0.12057072496734605 0.11568006871600948 0.10905014953680806 0.10124497829063284 0.09281186892729631 0.08422993398873158 0.0758839026636007 0.0680574330644889 0.06094106917484168 0.054649186909444224 0.04964911633888786 0.04660659133960076 0.04557195777728344 0.04645422579408971 0.0492534843711122 0.054421485390037216 0.06276735049234348 0.07553071527437767 0.09441102444490553 0.12150304447122902 0.1568366681948192 0.19885722491401187
0.08262135484984671 0.08330401279563682 0.0842534989532546 0.08547594668140608 0.08697674178657958 0.08875686176552162 0.0908111496728386 0.09345384944125626 0.09687083376596207 0.10097537758268213 0.1056590456056473 0.11077273525949428 0.11608320956408025 0.12115195408269026 0.12505551650481353 0.12662293269718417 0.12603940887951215 0.12419596152788055 0.12155937766452368 0.11834218229204356 0.1146735804057231 0.10970408043777284 0.10322197191116086 0.09572750464444674 0.08769920390227225 0.07955721987376256 0.07164099119219348 0.06420273629973978 0.057413233800218406 0.051377165685732126 0.046818494213982105 0.0440501724903794 0.04264776129106088 0.04282816010697143 0.04483015177862685 0.04899104221933068 0.056172678067768246 0.06776934003423894 0.08571180489822236 0.11240841135787788 0.15027178076048103 0.19856051872616653
0.08298465961614278 0.08374201125727035 0.08476634821207404 0.08606012853936895 0.08762511213307211 0.08946009279541849 0.09155898027419494 0.09391003681990259 0.09675943668171547 0.10028152192912952 0.10439017448068218 0.10898446998244664 0.1139351977985636 0.1190317334526665 0.12348579051711664 0.12394216057023832 0.1219300599306092 0.11932692810786291 0.11635453833824475 0.11308429541168676 0.10949860869134964 0.10457352159306323 0.09831818602484177 0.09117204206896722 0.08355744917280822 0.07584647525088267 0.06834149398620987 0.061268881791976315 0.05478306735984786 0.049014216327278044 0.044790970764251134 0.04202088886688131 0.04043752282168949 0.0399203863594199 0.04094457084370756 0.04395167279631124 0.049769804181462 0.06005174056104481 0.07703122508290752 0.1032908440988555 0.14198511575164297 0.19577338520645685
0.0832526820707879 0.08405118084782137 0.08511329754169716 0.08643830291817933 0.08802490154998832 0.08986970027198783 0.09196597196936564 0.09430300341705346 0.09686611860301492 0.09976020387340197 0.10320728023517807 0.10712730232377554 0.1114148354854919 0.11592445306869974 0.12012925798885424 0.11988111154631875 0.11739763019441049 0.11460627097150877 0.11161651769546628 0.10846824743041869 0.10504728000114798 0.10030695811807103 0.09436111609406495 0.08760491264919758 0.08041733498143773 0.07313304290437161 0.06602558977713331 0.05930147427272382 0.053102872390876354 0.04755685906028056 0.04338525714830864 0.040539563877356875 0.03878182469681406 0.0379154277126897 0.03799689376482302 0.03960600346836407 0.043725253972766054 0.05255562364764543 0.06881341423428432 0.09473955504703732 0.13346936778484056 0.18960982850882135
0.08342405017546348 0.08423206896739341 0.08529737819964606 0.08661614026614022 0.08818389254763523 0.08999430703406935 0.09203807085888246 0.0943019445968421 0.09676783738477712 0.09941131210276218 0.10220575176644639 0.10529036150620505 0.10859192861132586 0.11177457868563503 0.11401544791789162 0.11411969602070436 0.11246736512079514 0.11007608369681941 0.10736919580839217 0.1045041049297591 0.10136366086889328 0.09693438902868913 0.09137517264331078 0.0850497573049449 0.07830505794008766 0.07144784065766782 0.06473044594410442 0.05834201395321778 0.05229793961087417 0.04674986520840507 0.04257869997495521 0.03968248362968431 0.037800748105150495 0.036699631497494924 0.036310769597670364 0.03668944352271479 0.038559010894929614 0.04565932715225421 0.06210707011989332 0.0877884612785145 0.12576738204176072 0.18119435923294125
0.08350420227839701 0.08429268529976566 0.08532974646906122 0.08660837446342272 0.08812066509040822 0.08985661102919404 0.09180280625252625 0.09394094014098402 0.09624568619123768 0.09868104388542842 0.10119303572178817 0.10369409850690822 0.10603198996056963 0.10802612010911497 0.10923107303221317 0.1092023244927396 0.1080162994470847 0.10609459694128291 0.10378185905418856 0.10128748517067522 0.09851864356753876 0.09450185779042583 0.08939462794824597 0.08353745376483292 0.07725348175430881 0.07082499889087196 0.06439533466150299 0.058104544728252557 0.0520875074877116 0.046560683738999006 0.04240232455113076 0.03950521714253274 0.03759587428380137 0.0364395232485361 0.03594663913106665 0.0360815621658862 0.03694534036263636 0.04290668905825865 0.05931754091668957 0.08377683252894855 0.11961148774990657 0.1717634893665721
0.08350422807894724 0.0842472519110508 0.08522843383954512 0.08643757510206737 0.0878632095559445 0.08949132643526049 0.09130385449330455 0.09327669986007942 0.095376896048976 0.09755802698199928 0.09975248808485561 0.1018586335251707 0.10372236970930009 0.10512365095703328 0.10580867314483897 0.10561506385170591 0.10460644402776442 0.1030154209436561 0.10106996464031566 0.09894928930656592 0.09660053435289426 0.09307079000202095 0.08845689405285176 0.08303531179204504 0.0770828714193421 0.07085152977308704 0.06455882198691923 0.05838347017821494 0.0524646207613437 0.0469961122285154 0.042865399378062746 0.04002188028612755 0.038188485777946896 0.03717963032111787 0.036984456656225344 0.037783707111303466 0.0403832644833016 0.04733075760935893 0.061287227230084014 0.08334447469064481 0.11587575616784261 0.16265585098988014
0.08343964057706893 0.08411480514724982 0.08501675103131344 0.08613223056439495 0.08744637721735488 0.08894138200653894 0.0905948750307628 0.09237782479144085 0.09425164374967894 0.09616406240423146 0.09804337007322493 0.0997913553383405 0.1012780238304312 0.10234745856301036 0.10284997110584816 0.10270157529289926 0.10192952084586261 0.10066217192068969 0.09905985348277978 0.09726569947571348 0.09528400139305822 0.09217984663173248 0.08794115567199934 0.08285494148209678 0.07719806108227205 0.07122380225394585 0.06515290718892268 0.059168874230713986 0.05341704654879689 0.04805245882948749 0.04395390411494977 0.041198947922580866 0.039508478978073185 0.038771931860282854 0.03906638203614298 0.04071909539576127 0.04455323574386914 0.0520919036370202 0.06511015441664066 0.08520734805726626 0.11430496534441975 0.1549488637617269
0.08332909634361323 0.08391769340597731 0.08472148411834879 0.08572447707299405 0.08690883202701645 0.08825356626078189 0.08973299903886761 0.09131482461835068 0.09295768950821638 0.09460822109778316 0.0961977736751559 0.09764002390793287 0.09883225444041377 0.09966512459133402 0.10004469886398264 0.09992286955615023 0.09932093525216355 0.09831294679871869 0.0970023978921042 0.09549569359656963 0.09385290783771408 0.0912431330877793 0.08747361102381895 0.08281961156065139 0.07755197820139127 0.07192238380824172 0.06615342489704688 0.06043325597479207 0.05491423202010653 0.049720289840528474 0.04563864207650583 0.04296670994919503 0.04143211452641522 0.040983549544622376 0.04174024533667393 0.044044394105008156 0.04856561526603894 0.05634625794615812 0.06867985563722839 0.08697874463190171 0.11280079171508028 0.14778791430252927
0.08319311922850081 0.08368007172260102 0.08437107864471527 0.08524783407325072 0.08629011965670304 0.08747461988819644 0.08877355997212158 0.09015314005590204 0.09157178956816185 0.09297840860447046 0.09431108193918264 0.09549731393818582 0.09645751848119374 0.0971137772092031 0.09740782082136691 0.09731130405111961 0.09683424583119325 0.09602352609598183 0.09494974134275282 0.09369167122076724 0.09232469665669303 0.0902741938730722 0.08705077728894943 0.08291158565953324 0.07811646523393195 0.07291195517216047 0.0675203198849902 0.06213327176658259 0.056909869236190874 0.05197796783457418 0.04788880554526394 0.045250946074137315 0.04383235517066159 0.04360782134567811 0.04469642417645803 0.047396599009766845 0.052229000682535866 0.059949438064500545 0.0715050971256485 0.08796074701767327 0.11041002603090436 0.1397780753684631
0.08305289118858653 0.08342649697318955 0.08399398319842492 0.08473521698383318 0.08562825222775822 0.086648306088394 0.0877666545728952 0.08894948027683318 0.09015677435256514 0.09134152695299644 0.09244965455000882 0.09342185200021126 0.09419932906307424 0.09472671341936571 0.09496189113482777 0.0948848167624239 0.09450215001550463 0.09384567322482293 0.09296531349032963 0.0919200568143823 0.0907700354479775 0.08926752974561304 0.08665200128582175 0.08309748116462898 0.07884840220245487 0.07414254035555849 0.06919912084563473 0.06421155126337677 0.05934436211320532 0.05473376569562461 0.050679062323289746 0.04799030081860405 0.04660986909032735 0.046503119730153614 0.047763587833354645 0.05062695711114081 0.055485738635325764 0.06288807006048663 0.07350702713880931 0.08807553374013301 0.10727256364333221 0.13151646255324315
0.08293752690517726 0.08318435511124957 0.08361858929589351 0.0842177493248749 0.08495805437967933 0.08581359653589081 0.08675550507563026 0.08775116085660435 0.0887635860898471 0.0897512318663444 0.0906685024215983 0.09146744062083174 0.0921009409941105 0.09252750385473452 0.0927168412736545 0.09265485168162803 0.09234619819080564 0.09181343732243635 0.09109306388724324 0.0902300032881987 0.08927228386083719 0.08820021299685385 0.08624131570188912 0.08332984555411466 0.07969120155930468 0.07555096365291954 0.07112237888010663 0.06659818397617857 0.06214650530708242 0.05791032488034626 0.05398202658133722 0.051147292252143546 0.04970321577069004 0.04958983464045595 0.05086163382555352 0.053687008447819436 0.05834751343752967 0.06522682976693331 0.07477923123061918 0.0874675117092494 0.1036565553353973 0.12344455418396713
0.08288830528129279 0.08299918470737498 0.08329182502365114 0.08374286042410704 0.08432793182011766 0.08502101790677571 0.08579382448361163 0.08661529912225635 0.08745138526043829 0.08826518525677708 0.08901774832851134 0.08966969817661928 0.09018380899114313 0.09052838032952956 0.09068087977714494 0.09063098207551624 0.09038209020642128 0.08995082505401975 0.08936465978944794 0.08865846302150822 0.08787089596036565 0.08704138871420958 0.08577029203214301 0.08354941093753575 0.08057668257381803 0.07706242801507476 0.07321097180902679 0.06921175074232877 0.06523422086019903 0.06141186372978367 0.05776114787534712 0.0547129958830637 0.053088677503989073 0.05283832258982051 0.05397038562543267 0.05658677993936182 0.06087255255866222 0.0670782491675218 0.07548710653783133 0.08635890597313034 0.09984249060279908 0.1158529603663486
0.08288793551999969 0.08289891457491444 0.0830468679233852 0.08334874498967618 0.08377996260778206 0.08431478606147355 0.08492589737685409 0.08558412401095337 0.08625841737797534 0.08691619651472189 0.08752418053756766 0.0880498015921883 0.08846319350595606 0.08873958356343667 0.08886171285696064 0.08882176600647658 0.08862231242105473 0.08827599216052409 0.08780403716309654 0.08723403219859799 0.08659744993826779 0.08592742277308094 0.08518136874621239 0.08368776476618676 0.08142722808953534 0.07859221571346918 0.07537534233119454 0.07196004304218723 0.06851302247151055 0.06508967209415753 0.061771204935073785 0.0587086565522864 0.05677727116249705 0.05625872645477878 0.057111829613230664 0.05937501827518528 0.06314982692869374 0.06857951353670173 0.07581709195511467 0.0849775390866986 0.09607095067925223 0.10891892235208231
0.08288793551999969 0.08288793551999969 0.08290904545411748 0.08306184634555003 0.08334162225619525 0.0837231684589181 0.08418033863945423 0.08468591193761314 0.08521169215447547 0.08572891060057142 0.08620899549159734 0.08662473396305405 0.08695177983236711 0.08717035678767396 0.08726690080639105 0.08723532570590795 0.08707762859712967 0.08680368862009925 0.0864303084690467 0.085979723848134 0.08547789372517062 0.08495286719337769 0.08443343358238968 0.08367029834178666 0.08215821100636839 0.08004760098710823 0.0775168555155945 0.07474077445929476 0.07181315485861149 0.06880649692605643 0.06585705412847911 0.06308644343558852 0.06081214875184618 0.05989413604278554 0.06033968371691857 0.062127476105794256 0.06528717481481636 0.06987638728723643 0.07595114635618967 0.08352695462201666 0.09252990025685959 0.10274203439344595
0.08288793551999969 0.08288793551999969 0.08288793551999969 0.08290758785762632 0.0830387330217186 0.08327211458485835 0.08358280225930877 0.0839454430809581 0.0843344111491003 0.08472420068695491 0.08509008853496804 0.08540906026144159 0.08566094325307816 0.08582962796892343 0.08590420331749128 0.0858798090586227 0.08575803762276382 0.0855468009422082 0.08525969063801206 0.08491496256326904 0.08453433501803777 0.08414179200903209 0.08376254088093846 0.0834193887161697 0.08268073448083173 0.08133010978866974 0.07952950777130927 0.07738020833553082 0.07496002000000801 0.07241169444864426 0.06986821952099649 0.06744942383226929 0.06526002234397954 0.06381666973385142 0.06373326544375596 0.06493962368078077 0.06740338662916986 0.07111397375555747 0.07605608716954328 0.08217865551574091 0.0893598793031965 0.09737243045189024
