_RESULTS/CROSS_VALIDATION_POSTPROCESSED_80-20/Berg/IZ/3comp/1/Berg_IZ_z_250_kriged_reverse_3comp_spherical_1.asc
ncols 100
nrows 90
xllcorner 5.6208707817415728
yllcorner 50.959635321741573
cellsize 0.00013419651685393446
nodata_value 1.7014100000000001E+038
[rows 40 to 59 of 90, columns 43 to 85 of 100]
17.44360029480929 17.722763789779943 17.982168720902727 18.205371381986907 18.392561904328684 18.54085632466077 18.647340393973693 18.708187891477294 18.71894641169522 18.674013978059286 18.56653065213659 18.415310601138597 18.243703493848525 18.0722047786008 17.951557551184607 17.899879205149023 17.931328563692563 18.048849409398688 18.250791828750565 18.536070686486692 18.89659181943053 19.30204900982556 19.742587199554208 20.200493009730373 20.64750056430836 21.06128800631309 21.422113263287436 21.711175436380415 21.9087358080994 21.990961367076373 21.924170212587228 21.664419462580227 21.22384951053071 20.647682864482924 19.973634749797885 19.23003376115923 18.443694916086518 17.672703813452582 17.028208124587145 16.74115798106518 16.760552516797198 16.91640613721287 17.165476289917265
17.65107547962568 17.93360358996511 18.185355217581396 18.396644885773913 18.56774251975091 18.700127980251317 18.791630794261767 18.83895820216305 18.838016480765862 18.782182435834695 18.666035149027547 18.514932353321225 18.32551743208088 18.13381520472383 17.98943467341294 17.912552579828816 17.918606713078656 18.023714901752584 18.236326445065444 18.550131746022448 18.953902293246564 19.407518802831706 19.919823418007837 20.45740409745337 20.980801618715237 21.467610527802236 21.89707048078242 22.250497838261733 22.51007371990307 22.651651586698947 22.628332747574852 22.364965154771006 21.865296494534732 21.209160392962648 20.45174344385469 19.62982067952227 18.762632843758116 17.875783657382254 17.006480799322595 16.737347659928783 16.796307602662253 16.930744403851907 17.141135732956467
17.853943978738442 18.137548833167585 18.383627928023785 18.58707519454288 18.746914795284468 18.864511311872217 18.940433804301094 18.974240266814522 18.9635389678089 18.903142643575542 18.80099069576481 18.659427698670648 18.451351364334183 18.223008311615597 18.031877497992717 17.90864566489332 17.876901087157357 17.95781622001973 18.170422739691098 18.516211906662967 18.97651088422819 19.50975521094092 20.096539506494217 20.709150453127876 21.30949876763527 21.868683388560278 22.363184366327708 22.775293020985924 23.092620329243143 23.300963210372487 23.354513042592725 23.08750604993021 22.487362105779805 21.742032275762686 20.920600183780717 20.049063689849024 19.149490845317217 18.25829403028608 17.496627104325633 17.088593204247218 16.986962512972347 17.027415703306353 17.164538655759806
18.050996782396616 18.334756068858226 18.576040042540477 18.773052678785422 18.923525747660094 19.027159846860265 19.08710054317052 19.104485085932755 19.081965941006292 19.02045869380005 18.95181886258557 18.850362250164636 18.608070029555506 18.306681969797005 18.053330107691217 17.87707003818151 17.798616139201417 17.84389169512765 18.04508600355308 18.421006364054406 18.951320647297887 19.576621494053203 20.253749113465286 20.950170539177535 21.63070058855959 22.261788819348613 22.814467517579132 23.2680720851012 23.613717028800625 23.856148363243403 24.00666356518916 23.739062792290284 22.99551488307311 22.185798219748456 21.33085216755983 20.446926302588146 19.555886402158198 18.699126269566886 17.984254596401794 17.503956029111823 17.257498291168275 17.180336239400205 17.225633281959997
18.243206541068734 18.52653588128235 18.76365480149877 18.953376052830873 19.093350309087395 19.18206104267617 19.223363842094944 19.221731833716888 19.179685501559746 19.107740065988516 19.05739485601178 19.036722446174487 18.70957843668311 18.340021845138295 18.039158431676665 17.815727615629147 17.68490911610118 17.676954760119777 17.84865262066716 18.253042481420064 18.869940655550728 19.60277338028361 20.38266712537572 21.173262908529598 21.939737686116185 22.644023016539194 23.247003859633704 23.718765870961914 24.047453729527934 24.23512165747189 24.258638708706908 23.947472907693 23.289017837597832 22.49559090911486 21.649346135193042 20.780500955809288 19.916567413921694 19.09275184985417 18.38518658433889 17.85940814096943 17.521611189350782 17.346262277157223 17.303355264059704
18.433530242189946 18.714869889933066 18.947041721705503 19.127854776120483 19.255189134509067 19.327473202722874 19.346810373165592 19.318889725896288 19.245270951560688 19.145008932411987 19.054787142901645 18.920087931382756 18.644855089279236 18.30115196427208 17.990343267572072 17.737688054665167 17.557036356062895 17.47285735817379 17.56812315642617 18.010139467978046 18.74774228358697 19.6026698731282 20.487461313239862 21.373731757845945 22.229666796212094 23.01125099616219 23.66308983503263 24.13529627825347 24.408393911724023 24.489997387901596 24.37490959423943 24.01634746536738 23.42250000227562 22.677165548966105 21.86509641196025 21.027801676220943 20.196517628497794 19.40180073706732 18.699744480437797 18.140813701251755 17.74266110244154 17.494248697061412 17.37761274375141
18.615005543363154 18.89277113732256 19.119247909841285 19.290324612124646 19.403421841926622 19.457451707499988 19.45224440068344 19.392251308595643 19.28449627420185 19.14988935154555 19.003192796159833 18.81105182304047 18.544036998142843 18.230067593544323 17.93124351718072 17.6722591035238 17.46461786897117 17.31386149396183 17.236802915972504 17.75596060243916 18.65455048244302 19.603960350593557 20.570280428219274 21.5382524551521 22.483017684060393 23.355327383247076 24.071428010185446 24.5361583304422 24.72231262465719 24.679593756146573 24.45213118307316 24.041736866298308 23.46427825933837 22.758661670025578 21.983664513517095 21.183146943858848 20.38601152479521 19.618224305157618 18.92675185851334 18.352679876197286 17.912323447807093 17.609532636052027 17.43479373236277
18.779251857600876 19.05395297290195 19.275016785258124 19.43652964812356 19.535944257320377 19.57100189878403 19.543690408186983 19.458011146781526 19.3188175599863 19.145418913047045 18.95524385774338 18.731878250833937 18.464260534114935 18.16654763380837 17.885859456657183 17.64266925227986 17.451600864218623 17.332170378133092 17.36422379344168 17.84310930779139 18.67386942333257 19.620939554446515 20.619716235455847 21.63996146527029 22.66272051273103 23.644687692222362 24.473442373177186 24.93375324339563 24.979743837081873 24.790063285276016 24.46048151330445 24.002161437557522 23.426215977347738 22.753683946609826 22.013584009554013 21.249643409459438 20.486654842906944 19.745833536978317 19.069992779290885 18.496102700965906 18.032606265536604 17.69196342586694 17.47299133775612
18.919113501096245 19.194340411340544 19.412623764277903 19.56755779534213 19.657492762154906 19.680515355273617 19.636466469965544 19.527549633410764 19.356563655171545 19.147156103994483 18.924637094759436 18.681108183476077 18.412644914851068 18.12683549276161 17.865079543475 17.650467376529868 17.504261858585952 17.465020826438014 17.615003831342417 18.052260863904287 18.754731928473902 19.628643112233473 20.60662114590914 21.635183599817932 22.69781245077175 23.776056917910335 24.811056500235974 25.294099372189972 25.08164920610458 24.750068066617594 24.349488386030334 23.865470010888675 23.29873570711665 22.658988348531533 21.961409487782465 21.23360162068209 20.5050169518943 19.792559122884292 19.138244161018434 18.573721547631862 18.105826183116246 17.74196037453073 17.492795125959777
19.030622203605237 19.3135214233211 19.53783473900635 19.696309321355464 19.783088521801382 19.795784858049426 19.73505413648457 19.604675138378965 19.40131591482273 19.160130402467008 18.911935017084712 18.653792277894365 18.385418556129636 18.111713744347067 17.866093594049882 17.67981147603809 17.575700912484162 17.591243039598186 17.779841530983628 18.183009222150336 18.795681133637938 19.579399938428953 20.49418079456165 21.48051735343911 22.510218163082442 23.561693631636523 24.573626925615496 25.036737489482253 24.811029718107672 24.474622815138158 24.076410774508563 23.607814797392876 23.071320189452173 22.473854570440302 21.82667430818451 21.142997510768335 20.45008330371558 19.768634580532893 19.14178835542642 18.594617247512332 18.133685213144833 17.76250670645852 17.495384139543567
19.125751925510084 19.42325140010667 19.661510918006147 19.82890706946173 19.915519411383745 19.91792706020125 19.839865288427134 19.686133756729944 19.453224935782305 19.182863181288074 18.912713759971332 18.642745225077885 18.374652721688516 18.11356696234465 17.879222108313982 17.712065264764448 17.63289546708687 17.67100152333699 17.859385424370444 18.22021137376005 18.75359580484534 19.441759012045605 20.26076097612189 21.16246548453716 22.09120220257176 22.995610874255025 23.75723691394835 24.161228437650568 24.168033802392085 23.962055879881092 23.637843552118955 23.226375759336676 22.74374176732995 22.201325356143226 21.610672637564566 20.984025012063498 20.33262900885616 19.685995694896636 19.0921612907346 18.569168266016984 18.123512215664142 17.758711280921265 17.484346983327832
19.20484221908868 19.51989201682801 19.77980091774929 19.964223854135664 20.055141835388852 20.04591805448718 19.947209542353562 19.76645886474218 19.507375990767198 19.210010585261678 18.920138098312894 18.63967967996394 18.37115968584271 18.119650383232543 17.895124511648135 17.735211719818253 17.663268748776403 17.699488182782684 17.864015844317844 18.170983961478722 18.62255817907918 19.20936714159414 19.914053265420076 20.703301088889717 21.506511224859434 22.260408456375743 22.874805898443856 23.253570974493346 23.374805926478036 23.296742153448346 23.071658757836246 22.740539018419316 22.32815148347331 21.851073898088554 21.322970238614182 20.756648416230128 20.161939007057846 19.558009439737944 19.00188611668646 18.50873369213806 18.085147730211684 17.73541966125936 17.46503440577161
19.26113857924757 19.59361950551571 19.883679629307093 20.098417818620707 20.201256799102975 20.174596261216465 20.0466295561308 19.835938105331408 19.55445701377343 19.23391475990253 18.92640096887344 18.636337332536442 18.366249838573097 18.120717166501844 17.90670454188392 17.744146730704415 17.666170643311617 17.68358973916921 17.807312335063553 18.04913678491121 18.413134588236286 18.89388893053505 19.47836633600603 20.140797340996986 20.82496134738239 21.463454892222703 21.99373218702276 22.36132899183033 22.547483153546093 22.56130065879981 22.428314381664734 22.18133907764891 21.845118002526668 21.438288159449645 20.976036163478252 20.47175856243162 19.936186585939236 19.394953415237058 18.88423559207607 18.425363214106586 18.02925342282257 17.7008323666451 17.44408427813443
19.285720704538786 19.62817297518829 19.952477422099935 20.217944478085855 20.35182066768861 20.286317015718343 20.116738185111185 19.878568303479444 19.58208409475641 19.246163272634206 18.92404803166901 18.625561963917754 18.352831487049574 18.109752274658746 17.902065326415237 17.737656776562535 17.646415878013805 17.63530438603545 17.703857930936113 17.871286915175116 18.143414263554934 18.516109590576622 18.980255421661735 19.51838268376352 20.089903002127418 20.64646643820232 21.129068854907292 21.49693265716021 21.72697752822544 21.80617455061613 21.749850914423806 21.580146866447812 21.317825726500452 20.980754799013418 20.584281578518908 20.14193540378553 19.66652065287374 19.193774036124747 18.74517762591325 18.33142944965529 17.96695270370038 17.66476538451117 17.429031652076652
19.270366935207836 19.607734680460158 19.946951852128908 20.257155820145847 20.479555010097545 20.320131490365345 20.12385911334006 19.8758884465325 19.577911791027272 19.239750859883863 18.90741802768319 18.60229814577446 18.326192772010224 18.0822936855537 17.875151764382448 17.711352071468283 17.603640264473004 17.563861599795594 17.56342353483501 17.65449873331609 17.835385433466328 18.10146271290897 18.447518604882475 18.867046616709167 19.336526740525223 19.829844877885378 20.29219071185652 20.671629408452187 20.93208938179904 21.060905062651873 21.066379823028143 20.963233785615916 20.767877482741824 20.496103760956903 20.162354514593858 19.77968073745602 19.368830835936194 18.964591342650646 18.579364582117684 18.223680407163737 17.906840479973013 17.637297916122087 17.427606716872457
19.212908432191668 19.526414990186957 19.839350556107288 20.11222772101316 20.25605362509384 20.203911262482503 20.045228457189758 19.81728622749183 19.534907185500554 19.21090448311487 18.873953580250767 18.564379783719094 18.284596881527264 18.037149868435566 17.82536825974125 17.654373726247595 17.525389050839525 17.434938266986418 17.39315470870202 17.41798432032276 17.514689685554366 17.680253820894265 17.911515212763625 18.21243924082556 18.591132194449973 19.041888798984434 19.499759325400145 19.894422214114478 20.178326833575213 20.345006932609014 20.399056358261593 20.350877039263015 20.21338889320247 20.000040020251866 19.72380509744313 19.397540116425777 19.055971322398783 18.71887584866067 18.396533010874197 18.099253976717918 17.83628581069521 17.615887444143794 17.44541703744132
19.12050431549907 19.3968368982742 19.66177380861958 19.886216409248178 20.00828979919554 20.005437906739015 19.898621779485577 19.707685203926104 19.45397763913513 19.15480200600399 18.8248423896922 18.51284610941273 18.22947120547101 17.97678015854294 17.758083632882162 17.57547475849303 17.427099505403675 17.30654852772333 17.21926979138739 17.18591615709648 17.210497946938297 17.289983909315566 17.417460208856692 17.589964482329684 17.87222904686388 18.328983527341766 18.7897560344371 19.180665402356937 19.479633024762272 19.672634514989625 19.762797974774276 19.75801982113211 19.668527835336093 19.50551168796556 19.280177347710374 19.013808383177803 18.739804464347124 18.467469285678096 18.206626844250092 17.967257684392674 17.758466421374443 17.58849600515959 17.46477105869686
19.006270415744876 19.24123401426023 19.459876888136375 19.64222965384166 19.758399345327547 19.78135843730629 19.713989330780198 19.561010269272263 19.341342645645224 19.072783259945982 18.76490824293339 18.45168038084965 18.165004730672674 17.90737325028405 17.681384895110185 17.48725043439389 17.32289660143776 17.18337238098454 17.064795144281362 16.981443672118665 16.95201251149404 16.971897964267608 17.03251307252182 17.11703410335069 17.302294936861156 17.773912645414807 18.20387018192874 18.565721739706166 18.850443469047015 19.053300518497885 19.167490971975155 19.194982577276594 19.143554478769374 19.02221808968919 18.843560848928654 18.64145914309365 18.430979991907094 18.22036495127684 18.018979984207668 17.836377431147103 17.681417118652885 17.562210667506925 17.486124441146945
18.883692164063692 19.078283213301976 19.256388705237146 19.403580437912474 19.507042220790694 19.5471818179519 19.50943351713109 19.390055439716505 19.204850935775077 18.96913191905473 18.69228358586796 18.38707700802833 18.098065580856794 17.836747407896336 17.604055767637067 17.39971302007769 17.221202240316384 17.061390769517935 16.9176508728868 16.825926999064013 16.766038910167776 16.755373397128142 16.796585886811027 16.893915683841072 17.094446397185017 17.414905860376802 17.758454305806342 18.066563841109843 18.317986954940576 18.50370889362401 18.620249489205477 18.667562037967205 18.64471731650586 18.557338321049606 18.432619620263928 18.290300719283977 18.1388926941229 17.986607139941775 17.842220753310166 17.714783539966476 17.61280796948335 17.544162679294566 17.51495887682073
18.763467815973605 18.920604457822623 19.06299071989757 19.18023950316435 19.263518481068424 19.307803591907337 19.29368480938041 19.20370376927087 19.05146058825224 18.848657004703607 18.603954729116605 18.325753497616933 18.037082303475405 17.773009781052437 17.53530068495005 17.32344776187856 17.135067620829343 16.965891380313796 16.823082150121376 16.727079830605234 16.668649176602752 16.64892838181927 16.686241767996684 16.78305415973952 16.94629468023304 17.175325073877048 17.432085430591325 17.676705221915736 17.884764500412402 18.043348544178265 18.146223186126303 18.191359624091834 18.179668493809118 18.128905900115846 18.05625390350622 17.968455573758877 17.871732700939425 17.774294228876382 17.684246421702507 17.61008303433294 17.55987896167384 17.53619104778632 17.534520266111095
