_RESULTS/CROSS_VALIDATION_POSTPROCESSED_80-20/Berg/IZ/3comp/1/Berg_IZ_z_125_kriged_reverse_3comp_spherical_1.asc
ncols 100
nrows 90
xllcorner 5.6208707817415728
yllcorner 50.959635321741573
cellsize 0.00013419651685393446
nodata_value 1.7014100000000001E+038
[rows 57 to 75 of 90, columns 43 to 85 of 100]
14.833922317004447 14.328299041082746 13.864420584025993 13.483716782056767 13.242051639613592 13.184375024048045 13.298640133856487 13.568719198177167 13.965179767675343 14.464058166070023 15.054714898726179 15.694094323413522 16.33670808820692 16.966842090935323 17.571542935533465 18.147735589792983 18.69547783625983 19.204513936549695 19.616807889200576 19.86961407905767 19.970455461124477 19.947008067126916 19.816464252487933 19.612415435064246 19.218403823736583 18.336371313673787 17.54020733304376 16.8751193280818 16.350194787038124 15.966192667310974 15.731729110236511 15.640797226051289 15.682705780719647 15.847874401499947 16.11875594873175 16.438222993604313 16.785769858723697 17.151288107454725 17.505894633491746 17.829474432316488 18.103385959706625 18.31029485593744 18.434587355440215
15.100197509956029 14.687522469528222 14.314954048442946 14.01308700845699 13.80781628024349 13.733239839581271 13.809682773403193 14.037064992993356 14.391132009956472 14.850584473331121 15.404030643471078 16.0360346073228 16.683443080041684 17.322251261479142 17.94543857632639 18.54549692098182 19.11949040398298 19.659318600637256 20.08186279885234 20.285418175285006 20.41230643006417 20.424417123073933 20.31338951270202 20.077953244477822 19.64989179933843 19.01785269306521 18.355585131699048 17.76493320949052 17.279570451995852 16.910192179791604 16.660053406006487 16.529849412407003 16.524066484423265 16.635475590041786 16.81674641324727 17.033920769995888 17.279743466796447 17.54235763308447 17.793659571281434 18.014822463394527 18.18864128228021 18.299100101896126 18.33457742311737
15.361784120755859 15.036668767672252 14.746496148547156 14.513776423996278 14.357157751364896 14.286800289549406 14.334188881860166 14.523891348157811 14.835244143326845 15.251696022314166 15.762110683705702 16.354239335772704 16.99300602614592 17.624858751637674 18.240967554071773 18.833892360920277 19.39307728182718 19.89388277567206 20.27059516526358 20.491008008633695 20.607446367410898 20.627853984741463 20.516698260955906 20.28188970894359 19.9269557519316 19.45729450256224 18.942642641802372 18.45439736554854 18.03616680439009 17.70916011724418 17.482584268610278 17.359089622362337 17.337443333328963 17.38560035230645 17.473509897763844 17.59223732465285 17.74027685698417 17.90295855356926 18.053391812035898 18.174236432971608 18.24964589954716 18.27798817828753 18.27609402013357
15.632648653439249 15.360687979405373 15.140194595579807 14.971648578394925 14.863259651362595 14.823947966068646 14.86133497390831 15.015463388094647 15.284344902509922 15.6553932164875 16.114355561476906 16.648394359253306 17.24638002364889 17.861684206221383 18.45681964540777 19.02083198028657 19.537931559009614 19.982379470637277 20.320075309727983 20.53417400401452 20.63186248597827 20.616752272937582 20.504879332402144 20.328165396934594 20.065661153139697 19.723199434266718 19.340152832344852 18.9628719611201 18.627810861961393 18.35838909060653 18.167914539985443 18.062669837070057 18.018597000642345 18.012176162101465 18.033535857617235 18.074913540842285 18.138624063190917 18.209580034695662 18.26399596477391 18.2932210478687 18.304483254415818 18.292533991032 18.27225131495218
15.9192863115264 15.688512456982338 15.504638411529271 15.377434102669158 15.3135928425217 15.309083706617098 15.366033557116845 15.502656377317658 15.727835459034686 16.046161897447195 16.446224277004344 16.916672795094527 17.445806743521533 18.019513900104137 18.585148146269233 19.112035532187342 19.583760392955316 19.979442953505544 20.277359022700455 20.464010954878805 20.54735292529339 20.53226257906772 20.437653933932218 20.2914826892702 20.092296439982405 19.84832997062175 19.578795193064817 19.304966445472623 19.05423662627905 18.84836300572086 18.700343144441558 18.5919355612868 18.512787146815928 18.457358562411645 18.417570977572062 18.393050565956877 18.384192396321723 18.384256188572877 18.37961646118396 18.36385006848526 18.330830559306417 18.286369887384396 18.272068199746943
16.215979529866384 16.023348116010194 15.872042432627396 15.770085334649398 15.723816115012209 15.737243073911515 15.809033531781836 15.944671960310256 16.14682278594489 16.412160681629768 16.75044060317701 17.15342207456886 17.608939486216332 18.103592993331016 18.620437967292126 19.107465756733127 19.534633015338244 19.88989727419114 20.16222774157484 20.343262252963452 20.429365319859013 20.421808197097516 20.357165338514445 20.24781613575104 20.096989210326743 19.913380424756053 19.711912147884565 19.5111244925021 19.329358113116037 19.174378283147668 19.035097990380493 18.912673834028514 18.80636281447697 18.713348958969956 18.631110315346955 18.568710245026356 18.524705829465073 18.486120377933904 18.44098737552161 18.383560397146706 18.317488284727983 18.279042893807414 18.272068199746943
16.550302962774147 16.392946937577975 16.27135864306614 16.190502430815513 16.15501491352227 16.16821835775984 16.226976302579256 16.334304458279583 16.508553377290667 16.744062410332365 17.030176470453398 17.3628358320564 17.74295537367754 18.15804304703932 18.59378009970412 19.03417685826567 19.437164646601218 19.773367038852964 20.03262312240845 20.207284354141578 20.292600293698506 20.30357040461814 20.272023268735264 20.20169470207451 20.097697863079585 19.96843724016203 19.825827681420535 19.681164283006165 19.53225800411433 19.384588285406217 19.243029859849067 19.109933836951964 18.985387943560884 18.86764431419411 18.7614902176749 18.673527556567556 18.599682489048092 18.52557256615916 18.44276456789944 18.35801622403747 18.300385401232823 18.273691237708505 18.272068199746943
16.931012056794632 16.80045529169646 16.704201000977616 16.639692864400697 16.61152334223381 16.621431138221592 16.66410736030278 16.740767425209572 16.872178535112166 17.06091527014711 17.30307180413761 17.59174079420044 17.911995170618983 18.25446184862674 18.61338934238468 18.97728103633176 19.330353743500005 19.6469906418682 19.89251948408543 20.05895822709254 20.145857182470248 20.185598810427095 20.18784999170653 20.156553064256812 20.097308486763467 20.012035832712595 19.903057516142493 19.776850172546183 19.63996338275908 19.498038661566518 19.355159273833788 19.213593725981053 19.073842520471185 18.937217736945815 18.81431821895952 18.704991545128358 18.603951275286196 18.497405594592067 18.400780024777344 18.329314482314786 18.28560571504098 18.272068199746943 18.272068199746943
17.341602782779855 17.2339537616116 17.15770288970218 17.108503537868028 17.08662199790771 17.089076629854066 17.115356852256806 17.166009075212404 17.25300631118532 17.39098488335074 17.576601603833673 17.806031115813624 18.074995480203306 18.36894202063208 18.671489737919565 18.971897505080527 19.2584535561376 19.518717360604214 19.73990717372115 19.897552675962192 20.001306731506954 20.067091685840843 20.096100371279967 20.090027279421538 20.051339839321322 19.983504145669034 19.890954746842702 19.77872923488995 19.65187436391579 19.514828776480325 19.37095449770054 19.22228868249693 19.06984690585127 18.92343368336991 18.787251216889118 18.660003422293496 18.5407114709862 18.43933378669413 18.3594541435048 18.303907350974676 18.27538969808727 18.272068199746943 18.272068199746943
17.775580290138425 17.69149053934719 17.628246739284982 17.59180784113582 17.571190045692354 17.56450048640323 17.573637248887835 17.599789254482317 17.645568892956323 17.73089444313699 17.858263172377367 18.02425567733073 18.22496323684956 18.455921324705404 18.70610005430104 18.95231717243148 19.183032555805017 19.386947307749487 19.552632432636976 19.684389478044533 19.796579664233484 19.88040413229931 19.927030420188636 19.938107623454215 19.916117256165716 19.86420269765118 19.786088715970827 19.68582801558162 19.56742311043762 19.43442326608832 19.289592465365445 19.134702593009703 18.97738576722484 18.825282646654163 18.686207165311163 18.568986500581346 18.4683360197579 18.385334987059046 18.323056070742897 18.284395836756847 18.272068199746943 18.272068199746943 18.272068199746943
18.227712943595396 18.168340615999774 18.11707493854328 18.080954336035678 18.057487803805465 18.040500065805045 18.031402497906118 18.032050811888617 18.043751845633334 18.075080897536424 18.142504043446575 18.24379081797594 18.37549324546882 18.533611666625553 18.71357812198921 18.905161148944007 19.081697231349246 19.231179327226723 19.354087782091188 19.464367187607362 19.55772774114205 19.62987372583257 19.677286527113928 19.6974443284129 19.68900158011299 19.65164532454248 19.586446462685732 19.496633138508944 19.385457634344515 19.255842649744334 19.111757007194726 18.96263025987182 18.820629863724907 18.691102263222223 18.578982952251895 18.48393827323327 18.402723398132192 18.338547321866272 18.294485258302483 18.273465298992697 18.272068199746943 18.272068199746943 18.272068199746943
18.69244655345565 18.657573545898156 18.61631733389476 18.57462545273216 18.538939478599243 18.509257103910674 18.480546210392365 18.45437831753733 18.432914092353897 18.417855695245574 18.423680741578636 18.45914404184097 18.521347256513934 18.606830508558705 18.711598441879133 18.831171597024152 18.953830866938347 19.0612733664138 19.162511383026228 19.25333777365864 19.32960261519804 19.387647712431477 19.42449693775688 19.438024168015346 19.427079727314812 19.39155308988615 19.3323543802839 19.251311954100178 19.15100234249017 19.03454292150428 18.91007885287165 18.787925306482684 18.67319595164453 18.57080282566013 18.484111105601258 18.408924958580965 18.34718275982834 18.302076367223414 18.276654176186806 18.272068199746943 18.272068199746943 18.272068199746943 18.272068199746943
19.163190966490983 19.147703152280823 19.115213355960748 19.068453849543065 19.01685981957477 18.964302622174205 18.912348440508797 18.85780038872574 18.80178511937601 18.74690325097232 18.69589706582671 18.664593546422495 18.65702754968599 18.670317459532924 18.701046045717632 18.74546640059543 18.812973383923442 18.899294003520613 18.981073769216987 19.054092786957963 19.11477060445414 19.15997197125874 19.187156674213448 19.19450768494257 19.1810231868038 19.146558856891904 19.091811491657353 19.018244048994234 18.9281023865726 18.829628740970257 18.729844416118244 18.633391768565133 18.54491105417327 18.468832165769083 18.403000854139478 18.347290557425133 18.30491396102288 18.278971750727187 18.272068199746943 18.272068199746943 18.272068199746943 18.272068199746943 18.272068199746943
19.626130467836397 19.62830476355741 19.604086299715394 19.555372108022386 19.48666653772617 19.40771463257646 19.32216113911193 19.232890291127188 19.140690444787634 19.04487127245745 18.94827256578557 18.854113229147725 18.776765133703087 18.718561235513935 18.67975460522561 18.67098890472036 18.69390916361798 18.748586868672216 18.812376050027694 18.869022757741504 18.915416289991345 18.948848505218773 18.9671307361061 18.96869179610444 18.952646458695508 18.918825592589226 18.86776303649055 18.802108202411823 18.728827040776885 18.65191460845453 18.575369133371 18.50335692908778 18.44011113715083 18.385847670027967 18.338850252903946 18.30221548680821 18.279005879842977 18.272068199746943 18.272068199746943 18.272068199746943 18.272068199746943 18.272068199746943 18.272068199746943
20.071346642918726 20.091460754207457 20.075014661155507 20.02376713810701 19.941117918572232 19.83367711114309 19.711742503687137 19.57992399411814 19.44212620409279 19.30161333820557 19.159505699249987 19.016269030665164 18.876052936684502 18.759817508812624 18.67488835014894 18.622172901455958 18.602364939944373 18.61607052676717 18.65871010914605 18.70022843701867 18.73345820479881 18.756040147820517 18.766070390543387 18.76217571206149 18.7435652953811 18.710764686482072 18.667753173394484 18.617174743853298 18.56188850240654 18.505159097647304 18.450549348468076 18.40182133483194 18.360121135379988 18.32349432005593 18.29472446839306 18.27673755323633 18.272068199746943 18.272068199746943 18.272068199746943 18.272068199746943 18.272068199746943 18.272068199746943 18.272068199746943
20.490639899371956 20.529199782875786 20.51999214506861 20.46469486986981 20.367429137606788 20.23418129772681 20.073480614459825 19.89674492746585 19.709796293354707 19.517480893977346 19.32726629711915 19.145050567780864 18.97537865276129 18.821558445955297 18.69262909029981 18.597444918040665 18.53682162234806 18.511470064601166 18.52214968213991 18.5496029982745 18.57063021687724 18.583147354958772 18.58559979174791 18.578278726331234 18.56174350309742 18.53692400435779 18.505342612810708 18.46905791784104 18.430592043831613 18.392848640974027 18.35902901806547 18.33002240646117 18.304386100511937 18.28465971081232 18.273542062132933 18.272068199746943 18.272068199746943 18.272068199746943 18.272068199746943 18.272068199746943 18.272068199746943 18.272068199746943 18.272068199746943
20.89422566815297 20.944636070606684 20.937962986758528 20.874704200783047 20.75943374867425 20.59986046417684 20.405486572799372 20.186931436385972 19.95755942176248 19.72585047542984 19.498406931644244 19.280860728897377 19.078007972530468 18.893976953093254 18.732400064020744 18.597157851372547 18.497164308486663 18.434965905875178 18.41130534927006 18.42149411738371 18.432925883400188 18.43921302082374 18.439525188754416 18.433578488085182 18.421646585986398 18.40455262791147 18.38364232911223 18.360740538848294 18.338095198883543 18.318302281678314 18.300995981127258 18.28600133216753 18.275571121150364 18.272068199746943 18.272068199746943 18.272068199746943 18.272068199746943 18.272068199746943 18.272068199746943 18.272068199746943 18.272068199746943 18.272068199746943 18.272068199746943
21.31562612639555 21.37644742393511 21.3683805221335 21.29214459931053 21.154250812559834 20.96528835712261 20.737681914231302 20.4838584086316 20.215175638678243 19.943432174320616 19.67822893113426 19.42549696590728 19.19012355805544 18.976209132056184 18.787293466948892 18.626547975462394 18.496936935357688 18.401592721434668 18.346664707202407 18.334392844845652 18.338209038565108 18.33978462352758 18.338384948525192 18.333762367206994 18.32616398324539 18.31632477395771 18.305446428690036 18.2951635798384 18.286897541514193 18.27940044194677 18.273858108428577 18.272068199746943 18.272068199746943 18.272068199746943 18.272068199746943 18.272068199746943 18.272068199746943 18.272068199746943 18.272068199746943 18.272068199746943 18.272068199746943 18.272068199746943 18.272068199746943
21.750145524579647 21.82421425690564 21.814359980675484 21.721685877283107 21.55595164421468 21.332194378975704 21.066845241277708 20.775161105399484 20.470169508812276 20.162558052255562 19.860995535348483 19.57397254190428 19.307425292556665 19.065278774029107 18.850867720516668 18.667153396888946 18.516894545598507 18.402784254195613 18.32756141482999 18.294102994023216 18.29063090141412 18.287791124767974 18.28480507414799 18.2814519055009 18.277955171685566 18.27497700319772 18.273392674986273 18.272323646578094 18.272068199746943 18.272068199746943 18.272068199746943 18.272068199746943 18.272068199746943 18.272068199746943 18.272068199746943 18.272068199746943 18.272068199746943 18.272068199746943 18.272068199746943 18.272068199746943 18.272068199746943 18.272068199746943 18.272068199746943
