_RESULTS/CROSS_VALIDATION_POSTPROCESSED_80-20/Berg/IZ/3comp/1/Berg_IZ_z_0_kriged_reverse_3comp_spherical_1.asc
ncols 100
nrows 90
xllcorner 5.6208707817415728
yllcorner 50.959635321741573
cellsize 0.00013419651685393446
nodata_value 1.7014100000000001E+038
[rows 36 to 53 of 90, columns 0 to 40 of 100]
0.018673128354873617 0.02254246949154662 0.027725256519096284 0.03445409080375999 0.04288872734699849 0.05301148543428229 0.06641346285754259 0.08548903345663991 0.11192511545368672 0.14778688655173042 0.19553497145864268 0.2580647530223032 0.3387759394277082 0.4416997423195548 0.5706227441542886 0.7278239228688568 0.91721737513949 1.1438266681083364 1.4140511028936815 1.7347343609004158 2.108313016593407 2.516480162574234 2.8749822138367938 3.006181917870775 2.6540979022677766 1.9966967694409983 1.4090235921885317 0.9947976130526828 0.7265980586969241 0.5577645129758974 0.453925291052268 0.3933180331791148 0.3516012083373857 0.32096801353974386 0.29783990432589325 0.2792184120235885 0.26241301757771535 0.24499894727890875 0.22235857741610493 0.18621045077617648 0.14337709690950845
0.022569664497159508 0.02722195370034004 0.03341765426314697 0.04139204205928416 0.05125154109673651 0.06284802602185058 0.07809143753074894 0.09919964940926693 0.12744155766318482 0.1642077490398654 0.211080164012123 0.27001360782255224 0.34359641734905066 0.4353763784050048 0.5503106577735869 0.6936044474313673 0.8702874904732458 1.0897011995082475 1.3653449526617767 1.7165100981879666 2.169437235993238 2.75393589833894 3.4720371671485672 4.113146886587684 3.5932876468004533 2.389053310309258 1.5695728983130208 1.068400558107733 0.7661736818153306 0.5830724259854592 0.4725575681662949 0.4022851563670629 0.3531911816184257 0.3169957832694288 0.2893892104192299 0.2670715447350408 0.2473791588099406 0.22814512941358628 0.20046047442339338 0.1625869738039719 0.12163014758144804
0.027746374084823024 0.033512683093115926 0.04108770394661925 0.05079900951623391 0.06271192740878141 0.0765157200833365 0.09433350091938121 0.11823995316165982 0.14883939879822516 0.1865476959568298 0.23185993892075432 0.2857821201703256 0.35022542991860334 0.4283095788410877 0.524711094887012 0.6462427789436518 0.7994449174548194 0.9932234562150983 1.2428138984564752 1.5709158415579454 2.0117583957703307 2.6173630857822134 3.4665858661708944 4.67932319626674 4.011844898271247 2.3857100838865963 1.5234553535708244 1.0346156520306131 0.7458382132416296 0.5723703732584389 0.464514782843365 0.39114062848088804 0.3402273574067405 0.3028072231399286 0.2743049285892325 0.251470010236592 0.23178822769174337 0.21195955672614541 0.18094459258007747 0.14096295193957642 0.10076820862888723
0.03413828984503519 0.041899149383390885 0.05137562293640344 0.06348869745546046 0.07835041874411461 0.09545120057004187 0.11694867646604214 0.1447870397980376 0.17840630514865505 0.216682788828956 0.2587882278390052 0.3050552574198933 0.35725767591676766 0.4184804973429262 0.49307334196204733 0.5869653915308044 0.7079782528096532 0.8624174240406913 1.0612659415792942 1.320612845428879 1.66094191581759 2.1021308350347265 2.63114556346301 3.019656274420095 2.6408129825646682 1.8434941445620172 1.26063531197963 0.8971220089519658 0.6693034500493206 0.5254129434864289 0.4277754424222752 0.360295863030278 0.31313395847031766 0.27964041498999925 0.2537809871898763 0.23315046485590574 0.2157294103316132 0.1931698043341863 0.1579974275091879 0.11816477431316967 0.08125820020415576
0.04171562960108821 0.05220401975269044 0.06498668330416715 0.08041606654656093 0.09945204196358196 0.12151554935113924 0.14844606792812576 0.1820913544050217 0.21965823520167024 0.2573294540281316 0.2928772504427318 0.3270957620638418 0.36292268245137305 0.4041170188888813 0.45476913572989547 0.5195235205848872 0.6041410780671485 0.7142439492213416 0.8534570924562905 1.0282625369427223 1.2427155804030405 1.488478185889885 1.7135005963155066 1.7823967678277843 1.5784535255438257 1.234810770678651 0.9292367340581124 0.7117423480811452 0.558529489308232 0.44875492842807757 0.37075145656021186 0.31542288380954936 0.2761424101395927 0.24824436552946869 0.22828869539400404 0.2120929316924913 0.19400551133654073 0.16805167393158169 0.13303843435556936 0.0965133750068917 0.06438412248089354
0.05031691730361002 0.06407109221204449 0.08127764252649777 0.10229123457051181 0.1272308520437958 0.15666450133082305 0.1919107678285365 0.23485993991606335 0.27809037535832565 0.31227120548452386 0.33465443850429955 0.35001457993887014 0.36472798172682247 0.38366240297765636 0.4103156651980286 0.4476835066145021 0.4989360812131285 0.5675953217768018 0.6534713951473733 0.7561762497099618 0.872743155030645 0.9881379868434726 1.0678585924408104 1.061897703366508 0.9584393456959797 0.7994525455365982 0.6504526275819502 0.5326542493289651 0.43601162445522595 0.36113205538649107 0.30517765909746225 0.2641568048215797 0.23449774439124899 0.21339009145283291 0.19795551078778195 0.1821935477835669 0.16488479696479091 0.13980249529252564 0.10855715721649929 0.0773528972305711 0.050594467889616135
0.059554962937881255 0.0768904794863218 0.0990188702272206 0.12686342427494 0.16113982925716924 0.20162635036368107 0.24969526064745107 0.30903579109077706 0.3624439097015825 0.3860019469607487 0.38216055547072747 0.36940911783579894 0.3591977390705984 0.3559371963911923 0.36121692052650034 0.37588068341370495 0.4007667031540231 0.4368408329268777 0.48354215128246286 0.5375980832159676 0.5940107537675533 0.6423250590223412 0.6660721824905508 0.6495371046727809 0.5983655101194809 0.5246272880516967 0.447351655875474 0.38216526837540804 0.3253526391567991 0.27832097877716544 0.24141554452925318 0.2134681229657174 0.19295496505611634 0.17798742574225662 0.16292645453346788 0.14738656198928055 0.13175149325215996 0.11039907142401546 0.0851611610911841 0.06053872214455834 0.039456816935299344
0.0688122719057225 0.08961956824151548 0.11643040982494204 0.1507791491408875 0.19450951242636802 0.24946712887592334 0.31753869831461606 0.4067764698895644 0.4868033486674926 0.47887978256312264 0.42518736004053154 0.376880213836081 0.34240032547820565 0.3207132147783778 0.30984239046696804 0.30827500371995953 0.3150359052874638 0.3295209433952955 0.35145072635051255 0.3768273738355382 0.4014560010877446 0.4196305637651622 0.42430494958221 0.4112298303627688 0.38445839325625847 0.3468898935079561 0.30539039171118015 0.26920647302755796 0.23689893867586054 0.20881146699039563 0.18589668837526155 0.1681079146988096 0.1549015324072999 0.14182921003306448 0.1276980958747468 0.11371622145238132 0.10014247393646855 0.08286456555233089 0.06388617696945328 0.045920703448791705 0.03042427247456143
0.07732252829727895 0.10092691945533058 0.13114633384301913 0.16981014003795034 0.219454408400126 0.28348599055021656 0.3664465535594722 0.48740592865840393 0.6663617413576955 0.5500839484807573 0.43728226904780515 0.36241786045276647 0.31269709931793827 0.2801344435213518 0.2598134146983351 0.24866041008198048 0.24469478989700413 0.24693019016521173 0.25461105901877346 0.2647620685816743 0.2742092875997547 0.2797836598628459 0.2773495345095408 0.2657190432732877 0.24927805443125273 0.229505289022453 0.20879420421094402 0.18956525771756402 0.17119824033501513 0.15479599187542836 0.1411003383395628 0.13034789652078052 0.12046924860873975 0.10862624651351088 0.09619409628792802 0.08425206517672196 0.07304602074855238 0.059679348504466774 0.04579392473186829 0.03330984098951677 0.022950772531588674
0.08433520874661934 0.1095193523001752 0.14090029986079522 0.18003437232776587 0.22906239588053515 0.29043962999722844 0.3658282500082503 0.4559774121621905 0.5314675566442576 0.4829072564818796 0.3937632627087937 0.32336716350669703 0.27319361829328326 0.23838018947678805 0.21477199683294468 0.19939951044697246 0.19027409886817997 0.18632947265297364 0.18629465956124838 0.18814913124874152 0.18915841856446147 0.18767824393264104 0.1823037435260674 0.17315490361131397 0.16314500630256898 0.15276158073712803 0.1428095397934896 0.1341194496696268 0.12449028827431793 0.11488060368530989 0.10682696421718603 0.10006908986887925 0.09126887205106723 0.08096782162103555 0.07040703180831884 0.06047636871534947 0.05144866900395943 0.041344122786253296 0.03129873947295768 0.022629969894022467 0.015850781559167693
0.0893039848543138 0.11450072656501634 0.14428077849584148 0.17961283946795326 0.22157083796308608 0.2702925599906406 0.32295166284457977 0.368007742873831 0.3885076281314464 0.364328332676951 0.3138526618751172 0.2639500451229201 0.22376336182468623 0.1936100323737384 0.17166991934867898 0.1560293676224496 0.14540707581174012 0.13873814948219076 0.13493151392878736 0.132740445773516 0.1302414666455507 0.12657161089999097 0.12116013488466094 0.11430984874328774 0.10811843523042032 0.10275377116366986 0.09833102872764683 0.09503401250918726 0.09097571486014498 0.08623834650987548 0.0815723896233011 0.07608599724866742 0.06833848909002016 0.059549353693805165 0.050727456225130696 0.04257131531018555 0.03536306033180049 0.027787049942662834 0.020476608474671663 0.014275825134300691 0.009380497707295701
0.09201240344581305 0.11551220495276322 0.14096321878764367 0.16924306699050617 0.20082068646514745 0.234642923749336 0.26623096653700973 0.28625970461720307 0.2859691430833928 0.2672503572761687 0.23622448782133362 0.20310687098507532 0.17394941989181179 0.15046023293249008 0.13231284918312655 0.11862278786722344 0.10873067883794148 0.10175450189945294 0.09692235953695329 0.0934676622282403 0.09009780204127572 0.08631378658184781 0.08187637254556145 0.07697522817572511 0.07303141060351521 0.07019141563476297 0.06853318551206568 0.06785723470684664 0.06664333844376741 0.0649458988275478 0.06282799167112756 0.0581033340835913 0.05133188029814083 0.043866439057591085 0.03652682477545506 0.02985270094361069 0.02409893078992207 0.01845669692870787 0.013152829971023296 0.008758204558302793 0.005402233915936576
0.09258474691964853 0.11235978993634746 0.13120388783170153 0.15139834209670142 0.17303697183602737 0.19433443128693179 0.2115897601469405 0.2193981617234855 0.21293842670169977 0.1962731391074785 0.17463971908261475 0.1519776551058556 0.13126748640687635 0.11379208204111767 0.09967890524301655 0.08865362446118429 0.0803573704186042 0.07417954104337698 0.06961135570135944 0.06617740324752922 0.06301739206846646 0.05982148617829873 0.05648383834362787 0.05307479099639873 0.05053984907466897 0.04905945856565889 0.04866196392939714 0.04908744492209674 0.04924073437922153 0.049124481422029756 0.048055928279124756 0.04442400633876502 0.03903022692519673 0.032855075501727546 0.02672912767463217 0.021237918776566514 0.016600586834567745 0.012412783519075262 0.008581326816929627 0.00550762214803086 0.003225432429252201
0.09139775618984389 0.10329060853062862 0.11551443852337692 0.12906274726380756 0.1430199047237956 0.15569626603872316 0.16458162899737835 0.16679775062707008 0.16032167181663412 0.1459706141870687 0.12944584306485504 0.11305035649576559 0.09806393192488855 0.08515075662691898 0.0744379735941673 0.06591011562282709 0.05931110293701245 0.05425035977362881 0.05039995609676088 0.047456921338848004 0.044839426429025886 0.04235201196894089 0.03994496311787979 0.037625842327831026 0.03597335727720697 0.03524611791752805 0.03546307075636913 0.03620468839502943 0.03690076525406165 0.03755085725735755 0.036839582240220284 0.034031888932965396 0.029785074334263528 0.02486789802459934 0.019960679607589255 0.01552813110621934 0.011795933557235665 0.008650244392158394 0.005856121663136648 0.0036470694941399505 0.002042350374425351
0.0743696446465208 0.08598579061669903 0.0956431337762492 0.1051853236104458 0.1142661481229936 0.12179669531481602 0.12629410185248924 0.1262880977278543 0.12094083684271428 0.11059063821852412 0.09741854657428632 0.08490157680025387 0.07367460740140788 0.06397827163580751 0.05584834638856845 0.04931616028012453 0.044175539995338006 0.04017037203028261 0.03708515489878029 0.034715816026478274 0.03265615978780267 0.030787225062509603 0.029084559407032102 0.027547673469026136 0.02645075565299119 0.026142965181878582 0.026625001415522473 0.02738671992682378 0.028225894831419775 0.029092180980909575 0.028587290152648895 0.02641736241762239 0.02305160265711563 0.01909807806498375 0.015136589077830942 0.01157366643947539 0.008602853001352355 0.0062217966287961505 0.004171984296796252 0.002515842436834877 0.0013639209302487509
0.05815563623439375 0.0675542479782715 0.07564154306562032 0.08283573079830855 0.08906330447356105 0.09376809572347791 0.09616511701272348 0.09553209333532359 0.0915296468555429 0.08442682149170598 0.07507914189887764 0.06512991752428693 0.056375162380476934 0.048880433091294063 0.04260281691714956 0.03754587018426466 0.03353434099707415 0.030387015963637385 0.02795485776268141 0.026087335131171063 0.024491522241802472 0.023100691499870547 0.021902622482148672 0.020899323354346706 0.02018639416870217 0.020112924302942384 0.020631147639641103 0.021320821079442286 0.02216050634069079 0.02298897146751219 0.02265195275298154 0.020995443077443235 0.018307065246863163 0.015068020933530909 0.011806883054673806 0.008897274165900413 0.006501657534633863 0.00462814581293408 0.003050764164900198 0.0017990980421854236 0.0009552553590119153
0.04544267518280491 0.052341251775120154 0.05857079307684166 0.06399241740894125 0.0684417094378201 0.07159755069332129 0.07304993245839539 0.07244822311102528 0.06966051007747531 0.06487482982838004 0.05858479869817591 0.051461299295099475 0.044403331427575105 0.038392081575671734 0.03339592538174159 0.029380739489726856 0.02619067699252903 0.023685892738523763 0.021756010071361232 0.02027529361268961 0.01902967013287102 0.017986442408538736 0.01713970476756928 0.016493614931297272 0.016071501185780775 0.016129235806894623 0.0165505154636134 0.01713708316590225 0.017914513209258773 0.01866122553611526 0.018452117108619697 0.01723359852723661 0.015081345671739665 0.012340747913773589 0.009571616439483406 0.007137491818385889 0.005150508191413006 0.003548265437383834 0.0023020122460311217 0.0013452607528828154 0.0007085960100042484
0.035654213638362214 0.040571178137055526 0.04514068116808496 0.04913986221298896 0.05237375367446938 0.05462128569155509 0.05565044617560444 0.05528198593757013 0.05346337335774468 0.05031518681168607 0.046124149206542404 0.0412832881719987 0.036206473402835726 0.0312992928459364 0.02716049603982574 0.023852628673474097 0.02123183078855137 0.019181231913555738 0.01761298203847853 0.016406190011544423 0.015409729382498719 0.01461016868690183 0.014005018359548756 0.013600381247015963 0.013413386992881785 0.013499469587808285 0.013790193727166073 0.014266104693426925 0.014952244783014509 0.015613829661275627 0.015513378545837609 0.014667193300603006 0.013011369121497323 0.010543919702332332 0.00811179064629518 0.005998748399559089 0.004221792152257121 0.0028266689353916487 0.0018009307690643797 0.0010580213627574065 0.000561152694856585
