_RESULTS/CROSS_VALIDATION_POSTPROCESSED_80-20/MHZ/IZ/9comp/1/MHZ_IZ_z_90_kriged_reverse_9comp_spherical_1.asc
ncols 100
nrows 81
xllcorner 5.5967107548124995
yllcorner 50.982328804812504
cellsize 0.00017565037499993607
nodata_value 1.7014100000000001E+038
[rows 0 to 18 of 81, columns 0 to 42 of 100]
0.5354605349321208 0.5334134524032886 0.5377426366884397 0.5485486241259123 0.5628934568244963 0.5738558649937212 0.5811452189147666 0.5839156556701215 0.5806622122663799 0.5699796926061029 0.5525343034237052 0.528068942252194 0.49644761477380783 0.45828401362198024 0.4146055785592035 0.367536317157914 0.3195213526563153 0.2728213688610683 0.229230243876719 0.18993491003513552 0.15552247641278508 0.15827113822686395 0.18080630034197864 0.20503959671779717 0.23119457119052048 0.2591515808143191 0.28860451840060314 0.3199679659832419 0.3537197529296972 0.3904925280415921 0.4284315995404287 0.46408713616377645 0.49634641044750066 0.5240958674277195 0.5462284854794036 0.5618708632859511 0.5703491832143485 0.5712114990388496 0.565657205216722 0.5620254259926191 0.5614479440805366 0.5621348552969646 0.5679394730284999
0.5318804419160401 0.5323467687210781 0.5391164246273388 0.552463958398059 0.570119695552855 0.5857066910462634 0.5995465477036016 0.6104425306971836 0.6157103110038358 0.6135932893015437 0.6039537291647894 0.58523087431458 0.5559477300583904 0.5167874274470105 0.4697902532582352 0.4178156399498335 0.36409275646472483 0.3117742686533177 0.2636216556333021 0.2223684213320041 0.19375206294397626 0.19070073209524765 0.2068420093622891 0.22921701597219354 0.2547012931267927 0.282053556965139 0.31062789897225557 0.34029257020377857 0.3712142814314051 0.40444286806819035 0.4402862334239038 0.4742037772909813 0.5041817828694305 0.5292569543671147 0.5485548077418092 0.5613415857090098 0.5670754473694604 0.565447188778893 0.5579488344552723 0.5528960845952056 0.5517219553090696 0.5551886435084281 0.5688564294257188
0.530844141557681 0.5336410932365208 0.542579397236473 0.5579020306605368 0.5782825621472493 0.5983085879249761 0.6203265824654726 0.6424105739064182 0.6594370072061888 0.6695003270341333 0.6697848179536133 0.6574663507380656 0.631841575288742 0.5934060417587439 0.5441355080727852 0.4875112509870402 0.42806150026160766 0.3703597811782261 0.3186271296645307 0.27699332024691325 0.2503856724720141 0.24268623349234983 0.2507848622797086 0.26794638991915504 0.29021231893427835 0.3150156260464886 0.34122587062677373 0.36846324041834727 0.39670731253253105 0.42595008789491323 0.45695412568333427 0.48779254737644173 0.514391971298064 0.5358866962257028 0.5515106378894623 0.5606506441874799 0.5629012517761797 0.5581087562371919 0.5484473840698021 0.5420401966399994 0.5404460161542948 0.5503001764445167 0.5717930364242292
0.5322298888403396 0.5374083506061894 0.5486179791912306 0.5658196466376728 0.5880627667407984 0.6104191408979558 0.6432213002347569 0.680930009807225 0.7132111504491983 0.7365592527262155 0.7479956560653154 0.7452473041587878 0.7265916030936084 0.6914953487986085 0.6414535298067361 0.5804618135681396 0.5145266189186736 0.4503640739301851 0.39376755898797283 0.34930413597796045 0.32025598571223596 0.3076538666980573 0.3091027507350243 0.3202933194987065 0.33772478448330695 0.35825544906447504 0.38040632526554724 0.4036250901378363 0.42753001234279375 0.45224293967146106 0.4780485783174568 0.5043037758326778 0.526584072951766 0.5436394144028944 0.5548035608395671 0.5595737204810503 0.557670736698362 0.5490939132485492 0.5372131871070178 0.5294845992790947 0.5303103826638309 0.5464224233275204 0.5757239301318569
0.5358667671535249 0.5437214807181343 0.5578593752998671 0.5781805032582968 0.6041304849026325 0.6276436282730381 0.6750458049635324 0.7292720067722722 0.7752701633427187 0.8124034928770005 0.8380681286300169 0.8490874002149268 0.8420793397829057 0.8143328814921457 0.7655984531052958 0.6999447503628633 0.6255784614450308 0.5520826036417449 0.48753248665614585 0.4369186520142386 0.40251577366360497 0.38415290536377544 0.37942722375697274 0.3846876273137098 0.39643782393216215 0.4112047079418078 0.42739414123845804 0.4442447421597651 0.4619604629436066 0.4808759656574633 0.5012497203402821 0.5229013874338139 0.5401500295501984 0.5519971594365009 0.5580298630486054 0.5578358044901907 0.5512352958882778 0.5383503740420901 0.5244364676210306 0.5157281033375127 0.5207194022433342 0.5425952698409986 0.5797093827284913
0.5413846963028134 0.5522729841565881 0.5702170576059122 0.5956869343975513 0.630129303463202 0.6722567449244221 0.7263275218672781 0.7862256041944576 0.8429718322804945 0.8944468852167893 0.9371362713676971 0.9668666132581362 0.9781019101120614 0.9641832461600112 0.9201675485252728 0.84850735868263 0.7611943849321601 0.6733949697390912 0.5964127510174371 0.5361351751044637 0.4940923968104377 0.4692518124145702 0.45882798690945836 0.45889499856857996 0.46486339542442073 0.47231610555488795 0.47975835524819016 0.4880701420837067 0.4980902323824097 0.5101746906965916 0.5244175053789357 0.5408006842866213 0.5541537078109123 0.560292032795429 0.5607033057815431 0.555151040570368 0.5435189515247587 0.5262969386645864 0.510556896321327 0.5021432742145385 0.5106846233174837 0.538040107080902 0.5830548214550024
0.5481513890719375 0.5622050561246426 0.5843640394781472 0.6157700213215588 0.6588357028951868 0.7152096659380636 0.778257047388473 0.8440176739294677 0.9106294764866457 0.9764571959777609 1.0381450863546862 1.0915076922205822 1.1296584627368997 1.1405357651428594 1.1079545232271268 1.026745702910149 0.9172878613593626 0.8072470144094398 0.7127759691098856 0.6396891186176302 0.5884274563503344 0.5569161383485453 0.5419216082725912 0.5390703817691116 0.5406687352151499 0.5381391641763685 0.5337704401039511 0.5317111189158583 0.5331111702298316 0.5379180216172823 0.5458232128074422 0.5565196369009177 0.5660632516728721 0.5677375184334027 0.5622762213355577 0.5512363249225698 0.5345476135059571 0.5139829867405981 0.4965290498710701 0.48870019641891377 0.4993809184156919 0.5325430550346049 0.5856817210905226
0.5553573888885526 0.5723142640871938 0.5983442251137078 0.634966961927139 0.6847485542634203 0.7498620966012303 0.8207721454640573 0.8937184628897971 0.9696899803267283 1.0487429415631913 1.1290113836912654 1.2081540056988282 1.2813339573116236 1.3347084922430335 1.3302711433365257 1.229682190997979 1.080070789852473 0.9384337487004754 0.8230482912223062 0.7360156364003704 0.6752754381933557 0.6374273293629984 0.6190030606759994 0.6169460380327844 0.6201212114749565 0.6018663470953779 0.5828110947027958 0.5702676047554477 0.5635410151282024 0.5616058493787496 0.5636417120924134 0.5690396202183228 0.5745277165853302 0.5725563467761559 0.5621447448327487 0.5457707933892324 0.5243594643016847 0.5024134983828369 0.48428511375247724 0.4773313880879217 0.4861950306970477 0.528123674862584 0.588563917074631
0.5621865997623011 0.58141411963865 0.6104030422697274 0.6507981062940001 0.7049414318719089 0.7721325973614865 0.8492039414302748 0.9283792495744897 1.011585881932125 1.1003234031475093 1.1943209774729968 1.2937408579051815 1.3989547608764552 1.5081161505197962 1.584175936165013 1.426879759258589 1.2144052213718493 1.041428759868716 0.9087303093502112 0.8109101622538355 0.7425908000254997 0.6991651258598088 0.676467234643307 0.671406257719804 0.6726029297376398 0.6444545060508026 0.617495212740368 0.5984635631400457 0.5860552682809561 0.5789888701815858 0.576284947426249 0.5772237198585642 0.5788523193589891 0.5733464018307245 0.5595218249264814 0.5383167678833535 0.5137834490429218 0.49224711914232083 0.4755051786974798 0.47243438294775314 0.4882245648321413 0.5292447674035133 0.592620804712042
0.5679693201457675 0.5885842162282687 0.61931854074903 0.661795098821273 0.7169041769872588 0.7827122587619612 0.8605632900053469 0.9434496110056976 1.0300347848948477 1.1225100086778441 1.220975908926749 1.3258509667455767 1.4376887069302016 1.5547880754509813 1.6394649813458249 1.4817528464176313 1.2658052675336036 1.0894230568392458 0.9535305816458428 0.8526862042700429 0.7811150272284025 0.733847136236858 0.7058734484916298 0.6910693750636164 0.6781302959304797 0.6569246948487323 0.6332566702133346 0.6134346938039563 0.5986933026715149 0.588668986860222 0.5827331330017385 0.5803152093621727 0.5785411016897846 0.5697306219457877 0.5529369822792025 0.5283123909049089 0.5035099244605153 0.4831294072302954 0.46879237977037974 0.46998759169419324 0.4900617206120811 0.5318588800964166 0.5962011986415561
0.5722720215950138 0.5932668863103805 0.624424474376647 0.6672437537149369 0.7201851984568081 0.7822914441559923 0.8548609306735813 0.937147106582268 1.0225949828427081 1.1121903422891786 1.2050148471373268 1.2991560366756962 1.3899795204908396 1.4627211618988107 1.4743812244278878 1.378935067435017 1.2252717760248262 1.0762374780288666 0.9528347183840694 0.8578991268600171 0.7887024508699726 0.7410910983549026 0.7101161337012418 0.6894855043546982 0.6721230350171967 0.6531589118597487 0.6335536634949118 0.615887191332909 0.6013910232817832 0.590383640820949 0.5827025095650576 0.5780576519820054 0.5733652568252091 0.561411638579205 0.541596378630241 0.5162172972290425 0.49232799481824985 0.4733393101711716 0.4612653730010011 0.4653485862498661 0.487849706280834 0.5308521063526558 0.5956892824820558
0.5749206441247111 0.5951894784553301 0.6253642301814994 0.6663522494398509 0.7151789736422789 0.7718376245958846 0.8369765318786084 0.9107195016970814 0.9909506511747608 1.072525632636416 1.1531661339056234 1.2294103111479986 1.2931860958621963 1.3293989870158804 1.316541403015471 1.2444063036267727 1.1336351996141172 1.016225679174615 0.91222932435215 0.8291597011218436 0.7673847777479614 0.7239386703132168 0.6945032360190669 0.6736672625323057 0.6567317054834116 0.6401839621776934 0.6237410446402272 0.6084690961493575 0.5954237505246177 0.5848192963601017 0.5765826531640095 0.5705869286964854 0.5628350287685564 0.5474291116852661 0.5254340662445779 0.5021536237724672 0.47974750002804273 0.46222277303911735 0.45195511858763465 0.4578075092778035 0.4816726440208592 0.525288387673531 0.5896966475596488
0.5747096664869827 0.5928737180609192 0.6205537948401354 0.6576414595042099 0.7010135451371732 0.751043443651579 0.8077822855920328 0.8705830639097516 0.9387216067067385 1.0109891826286752 1.079049458293421 1.1374916850752756 1.1789610687483623 1.1931762482614323 1.170564253446784 1.1100475876947147 1.0236183312996794 0.9297366604813985 0.8437584711646287 0.7741780321654502 0.7229767593638213 0.687848182270022 0.6642067819676533 0.6473344877737012 0.6337677897242511 0.6207069198685321 0.6075576764188333 0.594795358934433 0.5831471588807795 0.5732205667612557 0.5648803656637658 0.5576384208698915 0.5466369004042217 0.5285025196582211 0.5078808778065421 0.4865936440825959 0.4658599607817276 0.4496879126659619 0.4408068670385364 0.4476280249390921 0.4720940354461107 0.5154606955547114 0.5783223621604361
0.5712207522418898 0.5863496752997099 0.6103653086734473 0.6421085700254389 0.6791797029447869 0.7220804829831996 0.7701541024730002 0.8220061610862689 0.876677937021429 0.9347803280957521 0.9916424940458477 1.036776769578635 1.0634330997144754 1.0651571032580618 1.0384430826064652 0.9846916471718987 0.9120755253750716 0.8329696564091363 0.7598876158504493 0.7021972401931442 0.6630330933053585 0.6394322132973767 0.624717658998534 0.6143721833098637 0.6057397621571174 0.5968777826422691 0.5871576046256074 0.5769825310459552 0.5669508319785325 0.5571809737325779 0.5481004229700474 0.5397017806653512 0.5261670562162117 0.5091504450997255 0.4901449699680629 0.4703080810310223 0.4509604932362592 0.4358844770296043 0.42819413112602095 0.4354825337456574 0.460039235772985 0.5022653270037803 0.562485883054418
0.5652396977454994 0.5766685484255684 0.5961302542990663 0.6215064082882358 0.6518627412680905 0.6880826061923626 0.728148181984084 0.7708104777761073 0.8143818060269373 0.857544086072022 0.899148430765809 0.9339182187679799 0.9522573678685395 0.948870566467601 0.921526927034724 0.8727236880721061 0.808524147247871 0.7376940180234637 0.6711705419701399 0.6215403995470254 0.5957580574532649 0.5860674033636272 0.5819138061234366 0.5789487012990456 0.5754953699863303 0.5707988532559213 0.5643292447730874 0.5565586906427792 0.5475721667676262 0.5378987550227375 0.528225843031259 0.5188665902685643 0.506660348907579 0.4911827009987406 0.4733268732690089 0.4542685905898666 0.43556872165352023 0.4211004885873626 0.41476498985301313 0.42240428903395894 0.4468041151026594 0.48702739408430634 0.5436394315663065
0.5577106669761885 0.5651631867209063 0.5797447737648809 0.5981842446903755 0.6213679739685775 0.6526061670043201 0.686201944963037 0.7210514526363673 0.755343058143332 0.7869256602522687 0.8152495820428513 0.8371423234707681 0.8484111456455263 0.8439240326268762 0.8196449888320362 0.7765963023006422 0.7192455166020757 0.6538285479825283 0.5879345046650793 0.5389666258283161 0.5302521732349278 0.53618116974125 0.5417590082667905 0.5450413937126877 0.5458464975746113 0.5444222945603066 0.5406539497685652 0.5344053179899969 0.5261082348431636 0.5168144850206458 0.5092343239855934 0.5012773003807859 0.4899224159765952 0.47568248068291213 0.45866885062827295 0.4398309798914515 0.4206590040096262 0.4057127575240664 0.4014249052185067 0.409982481246394 0.4338582767573824 0.4713657733819552 0.523496317919022
0.5495571985471814 0.553130636326899 0.5634713034058574 0.5772995560723141 0.5952668667876478 0.6200012551176289 0.6472416429119513 0.6750655592828475 0.701735646739538 0.7250942635877525 0.7437334313828294 0.7565106648372072 0.760350802827152 0.7525254722373637 0.7312819295865461 0.6960495015547129 0.6475665853862655 0.5901155152557833 0.528598107275221 0.4716941582739003 0.48421131808359785 0.498906065016215 0.5092141715298437 0.5156794632639748 0.5188221110601631 0.5192049505177035 0.5169049897413749 0.51172153697524 0.5056593607213026 0.5001107163594235 0.4956764928130911 0.4881867622205197 0.4772695881442272 0.46367354718479215 0.44749147202452966 0.4289477752787406 0.4087923491656419 0.39048035724401164 0.3899522180133779 0.40091527101976016 0.42308235444376535 0.4569484950516516 0.5037310375302514
0.5415130623465302 0.5413556028055688 0.548069712578826 0.558935990511617 0.5728928600738645 0.5911882608480294 0.6122024295823608 0.6339278801500255 0.6545530536969024 0.6721277103713397 0.6845956223330132 0.6914958727124715 0.6912170553462091 0.681815442398858 0.662116790202178 0.6320611789758359 0.5929165221208108 0.5477326048210996 0.5033074190977471 0.47272154855342374 0.46875251558132813 0.4769780784796371 0.4854586067302741 0.49166545600823464 0.4954080410870156 0.49708941741527174 0.49672453276173323 0.49484609739770646 0.4923073164362912 0.49030904192343455 0.4870118506049109 0.47973041471379974 0.4691551607236397 0.4560030969532968 0.4408607702421179 0.423570214100458 0.4048434989253856 0.38878697686873087 0.38857962260613027 0.398210136552793 0.41616027412635415 0.44507397678978167 0.48568622959346147
0.5341287474380754 0.5301903045422914 0.5331995705526138 0.5407785362903648 0.5511189467537106 0.5648734231842274 0.5809474967215152 0.5978378592758498 0.6139314156512421 0.6275173161926393 0.6368043899354096 0.6403700564137031 0.6381998297858664 0.6291073251754781 0.6123155411962661 0.5879567460209596 0.5576835678695388 0.5246200940276825 0.49375941799692147 0.4727145116149449 0.4653638180775346 0.4673668261635893 0.47235963599453823 0.477419913385231 0.48157109393443487 0.4842953368993411 0.4855309528720369 0.48607592159937757 0.48648918588333123 0.48667191205752713 0.48307105683164253 0.4757710585757943 0.4654444846914051 0.45282539683526646 0.43871619285979324 0.4235386895556445 0.4080825969487313 0.39700315262940367 0.39549436105219876 0.4013603307317662 0.41345155787264376 0.43633311250781637 0.4702199026478028
