_RESULTS/CROSS_VALIDATION_POSTPROCESSED_80-20/MHZ/IZ/9comp/1/MHZ_IZ_z_1000_kriged_reverse_9comp_spherical_1.asc
ncols 100
nrows 81
xllcorner 5.5967107548124995
yllcorner 50.982328804812504
cellsize 0.00017565037499993607
nodata_value 1.7014100000000001E+038
[rows 18 to 35 of 81, columns 40 to 79 of 100]
0.004491269173260341 0.003067439618597408 0.0020169496145418385 0.001295996936534619 0.0008230582612053171 0.0005215707399986458 0.00033258095937239497 0.0002150440713231541 0.00014204099201319404 9.655473286564828e-05 6.806538471282084e-05 5.015452468452203e-05 3.782586397670087e-05 2.8261721320774553e-05 2.1445636395833308e-05 1.6990356619544752e-05 1.3526638630728755e-05 1.0740721824084754e-05 8.512679927265256e-06 6.762550770343701e-06 5.427970900633737e-06 4.443416489260228e-06 3.8116671583560325e-06 3.6234646929194224e-06 3.8171951985161465e-06 4.430756505862731e-06 5.567549749874122e-06 7.063126411648405e-06 8.808307400152092e-06 1.0591676647405071e-05 1.2069253821930924e-05 1.296576957176399e-05 1.333893241373444e-05 1.3561185277081947e-05 1.346208306484386e-05 1.2888283653061562e-05 1.1800026740578355e-05 1.0280546585805642e-05 8.505741969040672e-06 6.6875408915182615e-06
0.006338108735044953 0.004564467818789305 0.0030910770240531876 0.002010927716804975 0.0012779378241555162 0.0008041927509308377 0.000506838545462434 0.00032303423571756166 0.0002100077546756409 0.00014037422293690315 9.720855437712685e-05 6.990134273776569e-05 4.968516938442776e-05 3.503950251879439e-05 2.543853555583525e-05 1.906236751677211e-05 1.4378166934041624e-05 1.070626946877989e-05 7.912575971944035e-06 5.848836041700361e-06 4.3596067269601286e-06 3.3872890542829866e-06 2.9266329605782078e-06 2.817553438808675e-06 3.0202694609527197e-06 3.596568473989141e-06 4.699825306321668e-06 6.297666302345994e-06 8.39134992056842e-06 1.0945815669145363e-05 1.3693967541772972e-05 1.6344156611973686e-05 1.8834440640203168e-05 2.1212185375202093e-05 2.3010714088843017e-05 2.3791285518722122e-05 2.3295412099421004e-05 2.156769514580013e-05 1.8937258183095053e-05 1.589385265240486e-05
0.008236458706191347 0.006219450204283423 0.004344631929120822 0.0028709901268135973 0.0018332792057335278 0.0011509581187311392 0.0007203941977812782 0.0004546606183608921 0.0002921136150309506 0.00019265400531461415 0.00013140796222475327 9.119123770148445e-05 6.184282712257084e-05 4.223219866636433e-05 2.9525544921654003e-05 2.09231375037346e-05 1.4807979658925868e-05 1.032294627342128e-05 7.09312442621966e-06 4.845694380528264e-06 3.395896096885229e-06 2.640100508258693e-06 2.2888669946527894e-06 2.215613177407323e-06 2.4023832292961398e-06 2.9273599966374608e-06 3.995843200506224e-06 5.752220024253307e-06 8.416718536443446e-06 1.2241513442584395e-05 1.7378755525972668e-05 2.352429414459661e-05 3.094023713320175e-05 3.921101630546789e-05 4.6950902003411066e-05 5.252711223022389e-05 5.47288804567234e-05 5.343358604314197e-05 4.9479822305006604e-05 4.4255688113142485e-05
0.010249635264925052 0.00783800481762384 0.005613525972620038 0.0037589913850431794 0.0024127316591598938 0.0015147126058872274 0.0009448188891238671 0.000592802277812602 0.0003778723300277807 0.00024677315039713603 0.0001662795692605222 0.00011208014494913124 7.45414479278984e-05 4.967634541046042e-05 3.342685268713095e-05 2.2348284944006656e-05 1.484665816547843e-05 9.730825938433166e-06 6.240556430913943e-06 3.993599369270927e-06 2.7931646397057393e-06 2.171844445943186e-06 1.8777388917125296e-06 1.8124051137584316e-06 1.9697168501308207e-06 2.4386192191166553e-06 3.469347037574133e-06 5.429763143233834e-06 8.899176678042738e-06 1.4813838180111723e-05 2.426968763303512e-05 3.782873659879084e-05 5.71390765562565e-05 8.164637959940647e-05 0.0001072936157875438 0.0001288209144257023 0.0001416906930095101 0.00014497363693398647 0.0001403555192640215 0.00013229076879630577
0.012554536868993984 0.00934141068227616 0.00665158126188747 0.00448509344648642 0.002888113113288024 0.0018152602553651552 0.0011317728387202043 0.0007086288793267404 0.0004499547162870717 0.00029287782271110495 0.00019840259579040115 0.0001327954445945715 8.730009119129592e-05 5.678223231230063e-05 3.678695943357438e-05 2.335873766663612e-05 1.4644869389967069e-05 9.065309349275946e-06 5.458448735321196e-06 3.4638788371183447e-06 2.4357476202399346e-06 1.8926436238271794e-06 1.6252903850253505e-06 1.550835147205219e-06 1.6669190195311222e-06 2.0653671502554645e-06 2.995856167070809e-06 5.034724292161962e-06 9.303479028139621e-06 1.81273960871375e-05 3.4867693463593105e-05 6.348098732621197e-05 0.00010888223668949704 0.00017115773453781123 0.00024347481193795926 0.0003128533852631477 0.00036560026152883244 0.0003942149763737567 0.0004029337845530758 0.0003998369884310607
0.015350290820794836 0.010874093342475478 0.007322449818940231 0.0048310024837267184 0.003108861911001677 0.0019599036567431 0.0012258432312542062 0.0007709020829531923 0.0004958438613722433 0.00033001818545149087 0.0002268298051714424 0.00015199838355459483 9.888841855150181e-05 6.3156015938471e-05 3.953604799498756e-05 2.4034889971934456e-05 1.4343165690568965e-05 8.434656349835021e-06 4.944438361429031e-06 3.183936676670702e-06 2.258635473060866e-06 1.7577496785133396e-06 1.4980503360244102e-06 1.4033366712647314e-06 1.4473153372646253e-06 1.6881280585191727e-06 2.3836760048340584e-06 4.317152366609084e-06 9.454537959422348e-06 2.2425778213662046e-05 5.1836727853004494e-05 0.00010888619951483623 0.00020912794622098208 0.0003590082487686394 0.0005458337936840102 0.0007378007469255741 0.0008988272934157777 0.0010068511401853614 0.0010638643297765681 0.0010975174405747645
0.018533477676118598 0.012132307093154925 0.007557500202473959 0.004752517854929609 0.002994176204121861 0.0019002210519469642 0.001213953565948847 0.0007848336444529844 0.0005195755799604476 0.0003558281766428799 0.00024935041290495357 0.00016788189189525707 0.00010872044889688561 6.859819579840778e-05 4.1659630489172226e-05 2.4471480164370616e-05 1.4039949140020626e-05 7.925163321930632e-06 4.721448804557329e-06 3.1022662892763737e-06 2.2348983504771478e-06 1.7547480492075223e-06 1.4897223444985679e-06 1.329119909468454e-06 1.2560655902595572e-06 1.3157423148414185e-06 1.7341201093633666e-06 3.4549848791780877e-06 9.591526887144425e-06 2.8863659695352908e-05 7.975369161710882e-05 0.00019280548656979357 0.000411693979515281 0.000760564092717362 0.001210195021854812 0.0016771812028478206 0.002070619138807053 0.002343140619541573 0.00250340188189368 0.002608315784494278
0.021670663950485437 0.01249071992937402 0.0072408139573557125 0.004375370408624271 0.00272993510009933 0.001737070665740865 0.0011393900373335357 0.0007675306834095248 0.0005287920994279434 0.00037560917516464034 0.0002698952113989716 0.0001835923626158622 0.00011942333231021262 7.432967750609333e-05 4.398577912198251e-05 2.5038280522893363e-05 1.3871255423106294e-05 7.724277174804822e-06 4.735844386897275e-06 3.198179011542526e-06 2.3630322275828224e-06 1.8846524443573355e-06 1.5575259919131956e-06 1.3260748947606516e-06 1.1664311750927326e-06 1.0844631829429093e-06 1.1899811312313256e-06 2.6820985944112645e-06 1.0512585908227284e-05 4.005969402099304e-05 0.00013148211982792223 0.0003617364581219737 0.0008447671350209029 0.0016407075578020367 0.0026515334153829726 0.003639403754056604 0.004391731379914828 0.00484696420901986 0.005078407358104931 0.005211300869135675
0.019755017439286166 0.011232383842591129 0.006416506894781952 0.003845153663821155 0.002435863645960736 0.0015809934659995989 0.0010564034301123717 0.0007325375760008629 0.0005273728363162707 0.0003904287366447323 0.00028849646506329306 0.00020034248236599938 0.0001316458941046869 8.10822946632301e-05 4.722048995052564e-05 2.631170455083093e-05 1.4195122690545724e-05 7.971362261975841e-06 4.997237030073558e-06 3.470684299815055e-06 2.6411210510926614e-06 2.0921307879036523e-06 1.7139559928137618e-06 1.4609077133001315e-06 1.2876913364295167e-06 1.1770362362616248e-06 1.1544011200154098e-06 2.903343536070263e-06 1.36882099889934e-05 5.991617183130892e-05 0.00022320602901732196 0.0006847564693949817 0.0017328535810474384 0.0035019959753604495 0.005630948571103014 0.007412830185277686 0.008385083941369009 0.008674988255272919 0.008611361425178987 0.008489114220374846
0.014279716749307557 0.008861386783074136 0.00533155872839376 0.0033014449415465852 0.0021561064217370586 0.0014451535302317448 0.00099266955255914 0.0007049746673219177 0.0005218531985446323 0.00039979991494570004 0.0003049640802070647 0.0002181122985076399 0.00014438631084635035 8.88591633464803e-05 5.144620671332109e-05 2.836189658645738e-05 1.5108128310864378e-05 8.701449346805853e-06 5.593216070384274e-06 3.979020609875482e-06 3.004086465680812e-06 2.3898634385154754e-06 1.9781034558859496e-06 1.718527663141129e-06 1.6083294147112812e-06 1.70560009190449e-06 2.376285482243578e-06 5.734950313306905e-06 2.1751597427779267e-05 9.377268875387888e-05 0.00037481655691369386 0.0012543131150265611 0.0033814305389184467 0.006912958269909297 0.010640215290098102 0.01299124797981219 0.013564450779944507 0.012936475890997615 0.011825672971091257 0.010856139847425459
0.010383184405551287 0.006804311520805414 0.004338266676407296 0.00281189252770839 0.0019090214339058107 0.0013330241668195217 0.0009484869942551888 0.0006945378692338838 0.0005279579014695951 0.00041546690301725924 0.00032715713617219647 0.00023795506683740766 0.00015880194104679198 9.82744231084855e-05 5.7040760294793705e-05 3.143201160205119e-05 1.68568288817387e-05 1.0008101937168496e-05 6.641353157478269e-06 4.750830225569504e-06 3.5220894775107134e-06 2.7079326757877982e-06 2.2198956215391604e-06 1.994947187782575e-06 2.0333258211010075e-06 2.5155362570140574e-06 4.18171070110242e-06 1.0047846614277829e-05 3.379570606553391e-05 0.00013779088321485045 0.0005821054100732531 0.0021499624744409002 0.006230117297263664 0.012551076320331369 0.017347294417100746 0.018334405321453643 0.016771784761084225 0.01445674804715454 0.012280384970174037 0.01041458406841549
0.00789219391288694 0.005340236837453338 0.0035642578779354725 0.002417955405842989 0.0017114278101430253 0.001250362387640286 0.0009262363431668628 0.0007029743975639594 0.0005509382391544836 0.00044318998392421573 0.0003573234772218157 0.00026510004469453826 0.00017983294030223925 0.0001127821125968011 6.61777063927479e-05 3.6802298466783905e-05 2.012707688528456e-05 1.2319323538446338e-05 8.308514092963038e-06 5.708045513310995e-06 4.003586467055659e-06 2.950927935779983e-06 2.3663929231322707e-06 2.154719959287649e-06 2.333420175963553e-06 3.16436470702033e-06 5.599010419755688e-06 1.3326933997801417e-05 4.231585481737138e-05 0.00016812486546709493 0.000756403692103188 0.003292176041515735 0.011028924722614495 0.021516662037746957 0.023882663103276285 0.01972259470999031 0.014884722042899373 0.011271321827191058 0.008810400014894419 0.007034138247703316
0.006276262140697573 0.004343972078513563 0.003007721157012644 0.002128308129040004 0.0015717933704150196 0.0012023656804177987 0.0009298947715170467 0.0007342092719110409 0.000594260893621505 0.00048336828121403857 0.0003944594319364537 0.0003012507142505997 0.00020958553739023106 0.00013443308427991258 8.057503317964587e-05 4.570106339442852e-05 2.5670812961734305e-05 1.6081871503472135e-05 1.032223614305598e-05 6.616175666746516e-06 4.354991158441676e-06 3.042889037348158e-06 2.3447490567889517e-06 2.090022165453396e-06 2.2792229356622273e-06 3.1726582200347823e-06 5.640298786748787e-06 1.3441385605104497e-05 4.2549166356576296e-05 0.00017169646973264554 0.0008328181897556568 0.004445307609325939 0.020693501064298785 0.03868643242465863 0.02788288931240264 0.016626686042428653 0.010124796733658702 0.006536114229875687 0.004521972836441312 0.0033018584000291513
0.005206522876555559 0.0036739862842540866 0.0026266838925586627 0.0019338102714346746 0.0014908754984089695 0.0011935508647526775 0.0009651153042451287 0.0007914632235486222 0.0006524857152965617 0.0005356673378669123 0.00044052177300737396 0.00035088882628399765 0.0002546366521642194 0.00016987776499027116 0.000105406300725221 6.16391309041755e-05 3.559550990544544e-05 2.1589269127693048e-05 1.2835114461756523e-05 7.606281813715176e-06 4.624841752331062e-06 2.986306715029009e-06 2.136693052722344e-06 1.7868762131814918e-06 1.8740893854027793e-06 2.651493494571252e-06 4.881001698512382e-06 1.1664923066606819e-05 3.5874295874507765e-05 0.00013883181204140567 0.0006584625496505194 0.0037195870968706043 0.024294613213004267 0.04353865389438987 0.019232339046956412 0.00947770385011784 0.005138693402694261 0.0030125328308523076 0.0019014870999575389 0.0012584794213945489
0.004489196263950962 0.0032288457192995402 0.002380140782961775 0.0018217816425281114 0.0014676416979900624 0.0012266392168887087 0.0010263450213629601 0.0008629132376288648 0.0007258567555006299 0.000610083131067325 0.0005139954395138941 0.00042886392994806303 0.0003280488725233037 0.00022933576099767246 0.0001483448923271334 9.00478331120742e-05 5.178128630770044e-05 2.9355928539678946e-05 1.6110923560513246e-05 8.773772548549064e-06 4.877098721549119e-06 2.8597692148614237e-06 1.8413108850139278e-06 1.4252856661759821e-06 1.4732912147916635e-06 2.0785068846789245e-06 3.8404175992000816e-06 8.848719528387898e-06 2.5037223059069927e-05 8.520930982714588e-05 0.000337379639347685 0.0014423985418556033 0.005255160613159815 0.008428621256739044 0.005885351646185533 0.003374085480839446 0.0019122305307546304 0.001111836740177393 0.0006718101131669349 0.00041493417849920017
0.003995162675879356 0.002942443003560976 0.002236824217667881 0.0017743472107272064 0.0014816527305573316 0.0012744529865867217 0.001097352499703948 0.0009544612884252101 0.0008360983103948244 0.0007292305778804236 0.0006333571976246429 0.0005482044956597844 0.00044500189053558515 0.0003280072636091399 0.00022245825579935823 0.00013919645083573716 7.716471155564457e-05 4.05297976476264e-05 2.048319227765171e-05 1.0205924596220587e-05 5.1493954322547466e-06 2.7132277440152576e-06 1.6412395796286318e-06 1.2144588675247386e-06 1.1710006652424575e-06 1.6130867840303595e-06 2.875071577062755e-06 6.1246430522068875e-06 1.5137448611167622e-05 4.2173241779422164e-05 0.00012590395767007607 0.0003673138028365265 0.0008655123890827067 0.0012831407944354665 0.0012025942068763845 0.0008751341406206422 0.0005692469117235578 0.00035120540038629074 0.0002108901104991682 0.00012370213058832566
0.003631553874762839 0.0027262450254228942 0.0021200797752033837 0.0017329268640757225 0.001497612228484683 0.0013266083523447755 0.00119165876897957 0.0010906579383481707 0.0010024098671422487 0.0009129040634707764 0.0008222102986445486 0.0007323280485677327 0.0006304128882519326 0.0004922967943068393 0.0003513957144372885 0.0002200114599692424 0.00011710117001312706 5.696877288233326e-05 2.649094761921765e-05 1.2056556570410864e-05 5.514901177029952e-06 2.799437625833762e-06 1.6722241411224173e-06 1.1890281760382883e-06 1.0295305213981465e-06 1.3820021184962649e-06 2.2541121161206087e-06 4.1856057610968364e-06 8.624495013702377e-06 1.8940259694824908e-05 4.1934116763633046e-05 8.765326964777825e-05 0.00015813133157327615 0.00022490036118295823 0.00024548502545927405 0.0002175780987308079 0.00016342225201342357 0.0001080867342289352 6.495514821132565e-05 3.5899948245966025e-05
0.003386426105752089 0.0025813602231283617 0.0020001633662308977 0.0016835049799471145 0.001509397653919585 0.0013979268279645017 0.0013261146480514107 0.0012828319294783013 0.0012453964894188368 0.0011927721514514694 0.0011213299154457005 0.0010322248119184621 0.0009239014585581574 0.0007667920805004314 0.0005682412867799957 0.0003521014835079217 0.00018107935878061506 8.169455822937892e-05 3.4989433299885236e-05 1.4559237123081486e-05 6.434193878719414e-06 3.288669557273592e-06 1.9664449024957277e-06 1.4041061145569589e-06 1.2544967772253754e-06 1.4313654497766537e-06 1.970304865472334e-06 3.068395732441554e-06 5.1182238172071214e-06 8.764979619879515e-06 1.4627772354371821e-05 2.2512620696261086e-05 3.223706180341955e-05 4.41071983821239e-05 5.4865872944891635e-05 5.737438493143088e-05 4.952993609145598e-05 3.551444427099737e-05 2.1633273407855337e-05 1.1284651009701968e-05
