_RESULTS/CROSS_VALIDATION_POSTPROCESSED/MHZ/GZ/6comp/5/MHZ_GZ_z_1000_kriged_reverse_6comp_spherical_5.asc
ncols 100
nrows 74
xllcorner 5.5967023332191781
yllcorner 50.982320383219182
cellsize 0.00019249356164376555
nodata_value 1.7014100000000001E+038
[rows 0 to 17 of 74, columns 40 to 79 of 100]
0.0018439601023254929 0.0014001835589752794 0.0010281861813885161 0.0007234776061888796 0.0004793481498037467 0.00030501852057810135 0.00018998873771645242 0.00011793311791716358 7.416237575935316e-05 4.7938104512317455e-05 3.22455396388269e-05 2.2618837411226312e-05 1.6121278809839403e-05 1.167821837362033e-05 8.646847719951591e-06 6.62736748221933e-06 5.4194429067592614e-06 5.036934566080242e-06 5.742145732314235e-06 7.960817416362057e-06 1.2243296435406239e-05 1.932359265307361e-05 2.993761324404067e-05 4.5557416655775865e-05 6.842394015805238e-05 0.00010058062942754782 0.00014375881701016467 0.0001986812279833221 0.000264189363168724 0.0003364256903488841 0.0004084545933282743 0.00047075302518976203 0.0005128293052843998 0.0005259856772654263 0.0005259856772654263 0.0005259856772654263 0.0005259856772654263 0.0005259856772654263 0.0005259856772654263 0.0005259856772654263
0.002178543566313339 0.0015422841765024063 0.0010578690306427324 0.0006915234608534753 0.0004264719887494528 0.00025342435736946565 0.00014806887720801584 8.67075900986314e-05 5.179300221235124e-05 3.204489063490513e-05 2.0790801976209504e-05 1.4260833870374e-05 1.0085641916071212e-05 7.2424422798668536e-06 5.275910289423687e-06 3.907918276933802e-06 2.9922788813856415e-06 2.557728473403181e-06 3.0289552095162765e-06 4.910943672896052e-06 8.650493304926515e-06 1.5105345257685775e-05 2.531372398522685e-05 4.014560425572583e-05 6.179816973855993e-05 9.262229431917463e-05 0.00013450252912175918 0.0001883890531445456 0.00025340590647742877 0.0003259798191130477 0.000399376094993784 0.00046409335766639255 0.0005094143818804158 0.0005259856737431009 0.0005259856772654263 0.0005259856772654263 0.0005259856772654263 0.0005259856772654263 0.0005259856772654263 0.0005259856772654263
0.002618619271264638 0.0016861074729516792 0.0010619084730382458 0.0006451036126075217 0.00037127037299007057 0.00020664297224046583 0.00011364353496431687 6.305299621113417e-05 3.598866163150795e-05 2.149279713934272e-05 1.3607684970457321e-05 9.210158228550466e-06 6.572323146137031e-06 4.783176195537545e-06 3.5259278325934806e-06 2.6138293662333723e-06 1.935500328640935e-06 1.4281621723245036e-06 1.7651314617818624e-06 3.5607420363032006e-06 6.9705742499615254e-06 1.3039658241477355e-05 2.3049101906648446e-05 3.809662783865646e-05 5.931797397787669e-05 8.961778643334965e-05 0.00013097926445619323 0.00018443992093120703 0.0002492342152227013 0.00032190231776334444 0.00039579298703461144 0.0004614201355409636 0.0005079853804430926 0.0005259566395394834 0.0005259856772654263 0.0005259856772654263 0.0005259856772654263 0.0005259856772654263 0.0005259856772654263 0.0005259856772654263
0.0032106292088396513 0.001870745091586615 0.001067327613431142 0.0005912722225427217 0.0003168662553032574 0.00016582809200604818 8.616199454077342e-05 4.548394010291855e-05 2.4948075681878877e-05 1.4505723838370011e-05 9.077313448428655e-06 6.166326235920436e-06 4.5182019198747945e-06 3.4258393502908526e-06 2.655798771555e-06 2.0939857889191073e-06 1.6896561444098657e-06 1.4885015769673013e-06 1.9034556676231595e-06 3.4814516691113488e-06 6.745740277105652e-06 1.2760396347559934e-05 2.2967665829411797e-05 3.8756668740298285e-05 6.075255984791292e-05 9.13574073048203e-05 0.0001330212294025365 0.00018673087376508085 0.00025165660899025715 0.00032427249899646076 0.00039787845169690606 0.0004629790275904857 0.0005088225484817063 0.0005259804230538314 0.0005259856772654263 0.0005259856772654263 0.0005259856772654263 0.0005259856772654263 0.0005259856772654263 0.0005259856772654263
0.003958816591626847 0.0020847055962027773 0.0010786275816724413 0.000546220793746639 0.0002683398048241111 0.00013143827528642885 6.477219953419678e-05 3.263970360003923e-05 1.7278458714513398e-05 9.854451786181488e-06 6.172731108591562e-06 4.287593452295995e-06 3.290386072268135e-06 2.6695778079144863e-06 2.2508322974610886e-06 1.9739727389670356e-06 1.8407645628680821e-06 1.949857773858373e-06 2.584557841771577e-06 4.2421750301614945e-06 7.678578537005966e-06 1.407745037503873e-05 2.5038077152364416e-05 4.2177824796891335e-05 6.620855493451696e-05 9.796348264454161e-05 0.0001407266852282352 0.0001953227337398518 0.00026068448980389293 0.0003330453872434319 0.00040553278083362644 0.0004686278703331001 0.0005117632144442422 0.0005259856772654263 0.0005259856772654263 0.0005259856772654263 0.0005259856772654263 0.0005259856772654263 0.0005259856772654263 0.0005259856772654263
0.004811656288475551 0.0023026688560498446 0.0010876785274523194 0.0005080731149063297 0.0002306289863072406 0.00010442871193241968 4.856126425126068e-05 2.3397627556181727e-05 1.1968953687764802e-05 6.7264197737682726e-06 4.265802120203838e-06 3.087109946653225e-06 2.5334381542348647e-06 2.247048177166182e-06 2.101206510201684e-06 2.0741332518053943e-06 2.2032603046647503e-06 2.6156632490833245e-06 3.5934250479384148e-06 5.660229553360681e-06 9.69143621882267e-06 1.7029642044227865e-05 2.9453900610132105e-05 4.876146093996229e-05 7.57660030550468e-05 0.00010987791430386368 0.0001544413913519119 0.0002104167464466929 0.0002763326700383591 0.00034802718941008017 0.00041836378343731247 0.00047782516357849046 0.0005161998708584618 0.0005259856772654263 0.0005259856772654263 0.0005259856772654263 0.0005259856772654263 0.0005259856772654263 0.0005259856772654263 0.0005259856772654263
0.005629948286036745 0.0024885516951501673 0.0010881065495081312 0.00047459680312655396 0.00020160164176575665 8.51478463265236e-05 3.686109979140286e-05 1.6891443647572467e-05 8.316901208691186e-06 4.599864582267273e-06 2.980923498347876e-06 2.2937080835209303e-06 2.0582709926779754e-06 2.02835671646947e-06 2.1193305585594965e-06 2.3410217777322293e-06 2.7644479050460623e-06 3.5565500787314014e-06 5.049879393489036e-06 7.849469965835449e-06 1.2966755707948485e-05 2.1926317522852632e-05 3.669404808146229e-05 5.918150600705357e-05 9.012383236007186e-05 0.00012780963851696299 0.00017468480702461373 0.00023226497703924198 0.00029852360056322976 0.0003687862275590454 0.0004356180329602054 0.0004895923870983153 0.0005210779384687758 0.0005259856772654263 0.0005259856772654263 0.0005259856772654263 0.0005259856772654263 0.0005259856772654263 0.0005259856772654263 0.0005259856772654263
0.0062285649216464335 0.002610347812339165 0.0010779362160181884 0.0004453727324873141 0.00018010833214783872 7.193946159548477e-05 2.9202966681173012e-05 1.249821429304155e-05 5.852992777889659e-06 3.14504419796818e-06 2.0960201585884922e-06 1.7624429499198355e-06 1.7757387218643511e-06 1.9673921138999463e-06 2.294530846717301e-06 2.8009440413734964e-06 3.6002930700139533e-06 4.920236992217913e-06 7.183247888337053e-06 1.1127284704823485e-05 1.7947421777388175e-05 2.9382045208169813e-05 4.7570628079217345e-05 7.442974481911467e-05 0.00011037068637260518 0.00015262203929587348 0.000202006650127091 0.00026100742574120846 0.00032692287719635873 0.0003945087591332386 0.0004560783690666982 0.0005024680526912953 0.0005249095673985179 0.0005259856772654263 0.0005259856772654263 0.0005259856772654263 0.0005259856772654263 0.0005259856772654263 0.0005259856772654263 0.0005259856772654263
0.006509931004892038 0.002659923767662812 0.0010610343635089421 0.00042137996708705003 0.0001657543693723267 6.388308411030044e-05 2.47215197818719e-05 9.90170890010767e-06 4.296325630523552e-06 2.1585536091043626e-06 1.4818105751667237e-06 1.4315854094726053e-06 1.6686111463527886e-06 2.083261390152864e-06 2.682217301065695e-06 3.5545592171437114e-06 4.875138828347099e-06 6.96218796356546e-06 1.0372322941827e-05 1.603290388458922e-05 2.5376735614545893e-05 4.036958711699801e-05 6.326560282980059e-05 9.581634828532164e-05 0.0001377677116212968 0.0001851209523337488 0.00023675652919813033 0.0002964319011879576 0.00036071600498534674 0.00042382173876548385 0.0004779573040665128 0.0005144844354086432 0.0005259856772654263 0.0005259856772654263 0.0005259856772654263 0.0005259856772654263 0.0005259856772654263 0.0005259856772654263 0.0005259856772654263 0.0005259856772654263
0.006528950428129396 0.0026565356246240194 0.0010452798975160514 0.0004066464145333441 0.00015843712534913164 6.056266215731947e-05 2.3024629880682272e-05 8.896399590756777e-06 3.582824200717612e-06 1.5606577088355936e-06 1.0877415341098874e-06 1.334566232559282e-06 1.8010031853114174e-06 2.473469308792739e-06 3.4249687064001515e-06 4.8117138948446975e-06 6.919598251355722e-06 1.0216451434219787e-05 1.546848622205124e-05 2.3872188469235452e-05 3.714454753454241e-05 5.743826045983332e-05 8.687379461088845e-05 0.00012650681680866045 0.00017480302548480547 0.00022620322073532367 0.0002787600823932877 0.0003376686323274163 0.0003983555908414805 0.000454623933688017 0.0004988322470501384 0.0005232085307252982 0.0005259856772654263 0.0005259856772654263 0.0005259856772654263 0.0005259856772654263 0.0005259856772654263 0.0005259856772654263 0.0005259856772654263 0.0005259856772654263
0.006405530042805575 0.0026297674704739166 0.0010385800999066729 0.0004040375816403895 0.00015793817918967288 6.184331702562813e-05 2.4094033059994897e-05 9.550183367888084e-06 3.953669727655864e-06 1.8014746876788073e-06 1.3171675644106652e-06 1.6823635381930181e-06 2.3625951427780874e-06 3.3650916834255186e-06 4.854739492772505e-06 7.102493676365552e-06 1.0546790578076942e-05 1.5889797689414244e-05 2.4216644760072762e-05 3.710150135929185e-05 5.660186484989989e-05 8.496588061011938e-05 0.00012384883179312144 0.00017297196593930598 0.00022854835402803857 0.00028234560866655063 0.0003319491896183973 0.0003846245985245473 0.0004373461126858726 0.0004839899958802501 0.00051568207862726 0.0005259856772654263 0.0005264027602323156 0.0005276936322149758 0.0005288915060700036 0.0005293515512478221 0.000528859453430233 0.0005276449984473048 0.000526367550113084 0.0005259856772654263
0.006225706902526716 0.0026008275007404014 0.001045541744932967 0.00041432264442991715 0.0001653259728464358 6.764260879384743e-05 2.813490871647634e-05 1.2146715809463242e-05 5.7189878151232706e-06 3.2482406541193075e-06 2.5623091248293254e-06 2.8355782637379504e-06 3.753151449479125e-06 5.296524926119859e-06 7.711030393200092e-06 1.1439935430563887e-05 1.7190001756225292e-05 2.603689648323158e-05 3.953128892180229e-05 5.972613383000627e-05 8.897598010583763e-05 0.00012930755223491323 0.00018122676810605035 0.00024212404248806236 0.0003049515425510864 0.0003582861622312803 0.00040172001365417723 0.00044368289124828593 0.0004807523313793234 0.000510116357725715 0.0005309285489362671 0.0005393405714358842 0.0005474870268829948 0.0005546259900998372 0.000559449813781769 0.0005611136248532958 0.0005593308225836325 0.0005544085866122031 0.0005472098788821428 0.0005390564015378523
0.0060148618565857735 0.002575119248112763 0.0010661658581789346 0.0004370651166223229 0.0001814096120823596 7.798596482253266e-05 3.5418556037288985e-05 1.7108653570159275e-05 9.246200625295722e-06 6.0460201618638855e-06 5.063191257952074e-06 5.4076855366460125e-06 6.794603916364383e-06 9.303716617207932e-06 1.3365964154690282e-05 1.972710435905877e-05 2.9533921642133457e-05 4.443331593893946e-05 6.660871354038366e-05 9.861612181589005e-05 0.0001428237795909599 0.0002002877633184367 0.0002691298129859893 0.0003429627066242235 0.0004104197989865557 0.00045704428414184334 0.0004889334647700755 0.0005152192694886845 0.0005390794316254272 0.0005574826943034121 0.0005679507404182183 0.0005842475720570621 0.000602236772574812 0.0006170168104068836 0.0006266885908952444 0.0006299801007046412 0.0006264523930800413 0.0006165757910531845 0.0006016483353259828 0.0005835863916549502
0.005753753456025231 0.002544204604491519 0.001096145501658351 0.0004706183396529867 0.00020596879780064144 9.413090783643158e-05 4.61739970252982e-05 2.496712702091752e-05 1.5204659083706132e-05 1.1002678024063863e-05 9.86421194035533e-06 1.0631291590335835e-05 1.3003944347302067e-05 1.7338681147693888e-05 2.4420843198956732e-05 3.551817427209116e-05 5.248055467350861e-05 7.778080076658457e-05 0.00011435693722497382 0.00016505126191620933 0.00023145275085275662 0.00031215653954579526 0.00040092749695439927 0.0004858300439951346 0.0005505842582778035 0.0005803424760590823 0.0005967106670043196 0.0006146143596106091 0.0006292686393921198 0.0006366518441596547 0.0006488068262834035 0.0006692871028599655 0.0006975571717566819 0.0007234873970566939 0.0007403708835894534 0.0007461067126129275 0.0007399591167348856 0.0007227162515774616 0.0006965203099446294 0.0006644356742492542
0.005406526873393919 0.002492193404216263 0.001128106366814803 0.0005121994770766714 0.00023852875674004368 0.00011671631240997643 6.164872872219452e-05 3.624840882084873e-05 2.444584400371287e-05 1.948388442141863e-05 1.8757728880434118e-05 2.061096095735058e-05 2.5031164163317205e-05 3.2842092277485e-05 4.545722486950175e-05 6.500886518513474e-05 9.441644500804616e-05 0.0001372405889290346 0.00019708518470705158 0.0002763029526925607 0.00037397062715166095 0.00048362785110985185 0.0005919661394303337 0.0006799711895479282 0.0007273366996182082 0.0007351698288544021 0.0007437628558155315 0.000752078222250474 0.0007560377237288752 0.0007670827880947653 0.0007871513768971839 0.0008151429778079045 0.0008502197026670391 0.0008902965155446158 0.000918662975808254 0.0009283247713607314 0.000917969870370253 0.0008890033687654613 0.0008451881975140589 0.0007917477173798498
0.004949819475953213 0.002403795869929116 0.0011535326967036775 0.0005581438227616445 0.00027823676783831914 0.00014625914424682074 8.314036708559222e-05 5.251111867577135e-05 3.819909307504456e-05 3.328714270753063e-05 3.412387454034553e-05 3.8426284427372735e-05 4.691631025239025e-05 6.117803560077191e-05 8.367665902372358e-05 0.00011790158536802747 0.0001682874961951417 0.00023961546707288342 0.00033553668947296027 0.0004560623701346817 0.0005945181776246798 0.0007354435234039269 0.0008554922072750492 0.000928588529999396 0.0009457302910470352 0.0009389497443700366 0.0009356017995806225 0.0009349770453127016 0.000947218171986349 0.0009712491925727905 0.001005217863794999 0.0010470725774689629 0.0010946490468199171 0.0011459947240523751 0.001192239634938684 0.001208505862219553 0.0011910744006558142 0.0011425729194308983 0.001069926361617359 0.0009824428819426782
0.004393084332872883 0.002271593287504557 0.001165083772158951 0.0006044448939581511 0.0003238544082637239 0.00018318089436221872 0.00011193737821700387 7.584282768090497e-05 5.945063413191506e-05 5.499794468166181e-05 5.840191816457212e-05 6.761391169077002e-05 8.363529047786767e-05 0.00010923059418103994 0.0001485159457989977 0.00020697480247472517 0.00029099653096793896 0.00040634265236920653 0.0005550858754128201 0.0007312940415488885 0.0009172493146317217 0.0010833935888248498 0.0011945379483174472 0.001230806608353593 0.0012150547141412662 0.001192618719258939 0.0011877802889654525 0.001201738804791352 0.0012329617978842132 0.0012794482031664146 0.001338385774507504 0.0014059366861164993 0.0014773209789501398 0.0015473969372244254 0.0016115582801310047 0.0016393456953894777 0.0016095717539566018 0.001527363318092115 0.001405978515156538 0.0012625912582996056
0.0037788876655493672 0.002099469269295586 0.0011585910688362215 0.0006475155057949346 0.00037392520354715927 0.00022778803946242506 0.0001495096700501382 0.00010926089701829586 9.201254275563122e-05 8.87353026914599e-05 9.603835895329546e-05 0.00011200623729048807 0.00013943012475273983 0.00018298098340305147 0.000248626651710774 0.00034422915908383783 0.00047843200861773683 0.0006571014343541873 0.000877636484695672 0.0011222151002346164 0.0013544835423596232 0.0015255193975038013 0.0015930890829649303 0.0015862081529276861 0.0015488457646257328 0.0015353996491045021 0.0015477013414218691 0.00158577447227911 0.001648806189238325 0.001734598291036838 0.0018388761884169794 0.001954630496340213 0.002071944161722651 0.0021789375602658963 0.002264263389816837 0.002307738016263657 0.0022557293031434658 0.0021135956084390997 0.0019166160417476686 0.0017147496405343643
