_RESULTS/CROSS_VALIDATION_POSTPROCESSED/MHZ/GZ/6comp/5/MHZ_GZ_z_125_kriged_reverse_6comp_spherical_5.asc
ncols 100
nrows 74
xllcorner 5.5967023332191781
yllcorner 50.982320383219182
cellsize 0.00019249356164376555
nodata_value 1.7014100000000001E+038
[rows 0 to 18 of 74, columns 0 to 43 of 100]
18.254154665350534 18.193868639839287 18.08730215300886 17.941916751178404 17.765734613397264 17.567379998000867 17.356115385165563 17.141849947432412 16.935078723722146 16.746684180213784 16.587509699236758 16.467626378139865 16.39501535576902 16.373886456407224 16.40635781040951 16.490530458764574 16.62070503186127 16.788375526202145 16.983352852640962 17.194701384281835 17.411366520914108 17.622523795183373 17.81773989555208 17.98574681805886 18.116228919399415 18.202631145866615 18.23803374986826 18.228813826735095 18.214453713572404 18.198761576792226 18.180404938439747 18.15168444698763 18.12060866820575 18.09533074804305 18.08100004433699 18.079517496415075 18.089353022127096 18.105463221450492 18.11584885340601 18.11045996462933 18.0951409494989 18.068199808108172 18.029583270569823 17.91295923303284
18.225559051298482 18.132104317843307 17.991051442715317 17.809872042267948 17.596648624114938 17.360157847965656 17.10997231762363 16.85656655831101 16.611385384440926 16.386782727686995 16.195056362966213 16.046619264862336 15.9532022232207 15.923153727409472 15.959467339209654 16.059275439099014 16.214727655528293 16.414734497504437 16.646733333161205 16.897939683836945 17.156006705251812 17.40926476352442 17.646601440896603 17.855171634024867 18.024406758401746 18.14530896971478 18.211476668556145 18.21927219553183 18.178967521925976 18.107925591999095 18.022911104332053 17.938605215099805 17.867115259656728 17.817576228831566 17.795837839542042 17.804200708004384 17.841160750381192 17.899761680490307 17.960882976552103 18.00784865864221 18.022352915953054 17.98873002127866 17.931161858295653 17.777088078611587
18.18576819662589 18.06170081875767 17.888498598274776 17.673533040644323 17.424801566633448 17.151045992190912 16.86192145922898 16.568221874728636 16.28212376886464 16.014535827343003 15.779736107964032 15.595214940263075 15.47709346667049 15.436981686470183 15.478911217774707 15.598313297330208 15.78381652075831 16.020509525939705 16.292753259330187 16.5857188166662 16.885874341894073 17.18093100281499 17.458909231666333 17.70662136764232 17.91404694630574 18.07207981887064 18.149757179824476 18.105129047252188 17.971835163795433 17.815785968519034 17.658585509202073 17.51648993133798 17.402906382739502 17.327980102927107 17.298310044703832 17.316718759418592 17.3818796748331 17.480589603454227 17.59489953512511 17.70581993059339 17.7922319132621 17.834030954783287 17.812910033783925 17.635804650601443
18.14082069941923 17.98938288953731 17.787145988969502 17.54127623030216 17.25953375063996 16.95040751051124 16.62333219358358 16.28875386025701 15.954721029578515 15.635856729196085 15.351616238556934 15.124065395948309 14.975595562128671 14.923601599940442 14.974043864089765 15.119095081204096 15.34125331910391 15.619885254565952 15.935583550892506 16.271585756356345 16.613590888899182 16.949126234030746 17.26549957042861 17.550063113840693 17.79207931717109 17.925468778349398 17.92461006234763 17.80488558601901 17.586989948540026 17.343575275238727 17.112125541724804 16.91053834866905 16.753545098568292 16.652277078354953 16.614059905676275 16.642368283867732 16.73446169007363 16.87436605547775 17.044473838094994 17.221725217416363 17.38231208397477 17.504464507518907 17.568689081027912 17.471047165185823
18.09628449212882 17.921434665298047 17.694122641757147 17.42122943959388 17.11014855759555 16.76890706586095 16.406080681794773 16.026392300019847 15.641297390947514 15.267658707904522 14.926860686202625 14.646279275775232 14.458144073609608 14.391082365709625 14.45518305924303 14.635604569928876 14.903457077091229 15.229790427475907 15.59132711621328 15.970224030041855 16.3523044477159 16.7255582339984 17.07705317597342 17.391871098434926 17.58420767272093 17.629252212637763 17.54262184842108 17.342397892020024 17.048234197132377 16.71859899674369 16.41158595903875 16.149434328836993 15.948220170806692 15.819975867667333 15.772553304903617 15.810026028965268 15.927207939357446 16.110854158254227 16.33994414657174 16.58656146875789 16.824125331158463 17.02913255262998 17.18041588571645 17.187641780579852
18.057053713174902 17.86345222260694 17.615883400615235 17.32091085741521 16.985493325806623 16.617010841962827 16.218059786738344 15.795309679569455 15.36135509182531 14.931724763190099 14.527511657685723 14.180063032313623 13.935778737649235 13.847271456187904 13.93532071605327 14.167349276514946 14.49227059491923 14.870901361039932 15.278113122912677 15.697110582967788 16.115208683504576 16.521539825607825 16.902240672812198 17.163898810302726 17.263431172333615 17.21537617547428 17.037879504085527 16.751817899183347 16.379797490158612 15.969346823280633 15.588060378615905 15.264933155874742 15.019288151172974 14.864021163793192 14.807100983916666 14.85173593016276 14.992537495678352 15.223078207480558 15.515721724429094 15.83500547097827 16.152202484465796 16.442382555867184 16.682274881523 16.801937371803138
18.02713872377761 17.820075436637193 17.55786279778661 17.24677936085142 16.893376393375544 16.50104646734134 16.07096866337728 15.612616395879591 15.136601126755078 14.655399647469922 14.185891334769657 13.756445602609709 13.425562074952275 13.299886232519267 13.43636193937866 13.746363613340606 14.138113189669287 14.567999149288719 15.015340613876631 15.467538244053273 15.914671306555938 16.3474503110651 16.69177114471001 16.8598044647395 16.862996404370183 16.718065526667388 16.44561429228906 16.069317300194243 15.614905532806247 15.125200445739928 14.674366101107164 14.290831317298808 14.001030651867133 13.819533483568506 13.754365928634213 13.80551784443769 13.965007943451699 14.248963852801644 14.610665850147436 15.004430124952847 15.40287330851421 15.779884937284159 16.109678721692553 16.343534503904912
18.009469543876257 17.794727000925885 17.524120959722943 17.203743377924376 16.838926608182078 16.427766171308477 15.976469689095754 15.493734251848974 14.988408959367533 14.469676197233596 13.947801252656072 13.437285588884611 12.975346471700533 12.75795145976435 13.016289252186528 13.429750628614379 13.88075671908543 14.347545722100941 14.821213334169622 15.294768580103884 15.760966914551105 16.18586242393889 16.43901224671989 16.510973133488754 16.41553426001207 16.171325030729744 15.80121122861321 15.33153100762344 14.79108239999746 14.22213010432124 13.702139513192318 13.261562547874734 12.92783205456123 12.721365377938938 12.651481945635268 12.717116957262231 12.909857471759768 13.24268428791976 13.665945763789706 14.13246943714335 14.612600994864358 15.077433081153849 15.498042021723556 15.84090215556866
18.005737065269912 17.789395216068453 17.517037392732302 17.194714352882436 16.823518027973876 16.403316895428947 15.942461078977946 15.44942174460594 14.932620522847213 14.400361386152596 13.860837924219943 13.322457781540898 12.796844217626418 12.460672852224967 12.847745642426519 13.293884030766739 13.754824446476086 14.226584119082327 14.705455132763085 15.185978723096216 15.659648890674266 16.012242852361183 16.171787131213737 16.146742550921605 15.952075183800984 15.607951654188842 15.139185576388886 14.574494619620113 13.945516594993219 13.296690097436581 12.706937291306192 12.21004193301522 11.832470918693295 11.601340826877793 11.529713972882627 11.617894550178677 11.858068880876155 12.236089771695681 12.715347392712276 13.25395636711186 13.816395985238556 14.369729530575853 14.881730601935306 15.321172222086279
18.016295237896312 17.80449752779439 17.53711367918011 17.219644495628625 16.848947964752835 16.430019916210835 15.9716926548332 15.48311171130522 14.973905810512434 14.454747211909794 13.939078482604428 13.447811678535901 13.03252602412023 12.847226716980037 13.004167518786808 13.340455957025165 13.744741151696314 14.18379923667003 14.64471425957337 15.118147569418575 15.564393345747856 15.834561480802837 15.908978013333588 15.793092094238547 15.501234032166888 15.058672670341272 14.49229564158791 13.832775065350889 13.114155999013628 12.38502629038426 11.724272586704013 11.16788944796864 10.745285873500427 10.48734420508322 10.413806615286884 10.525489827139177 10.809774040482374 11.242584004011388 11.786592143974277 12.400921895080002 13.047208315528868 13.689434928105108 14.292824404939902 14.823798382735804
18.040107769064562 17.8382676574178 17.581675141070065 17.274194414140965 16.912835582175166 16.505506325986826 16.061365389587657 15.590285639628892 15.10431602714041 14.616446294937749 14.139802829174991 13.70731388316645 13.37544437986713 13.220675713549277 13.278064872561005 13.498630532226944 13.818756778873647 14.20129148835956 14.626498665710944 15.0799815215437 15.461408223959452 15.651415842109873 15.647387668987198 15.453165475074213 15.081421857210028 14.551229835272455 13.890885613588628 13.138894463654193 12.331303027366042 11.522601159594133 10.788857644387297 10.167619640581957 9.694200735552208 9.404002754682885 9.326152749730324 9.46295089244823 9.795928932622104 10.292465700476479 10.909894554040587 11.604624592311906 12.33610153841385 13.066583576886078 13.7600436044137 14.381864041872674
18.06233274371887 17.872490199200016 17.63088253259777 17.338540252575815 16.994962397796623 16.60944093346043 16.191799346328946 15.752698771910136 15.298971551967261 14.839685665070784 14.399441344366428 14.013259745574807 13.722780079625844 13.568229112914926 13.566102308048983 13.699364988390302 13.937453182100132 14.255863533029633 14.637225080509422 15.058789743145857 15.36344183269916 15.480006836746346 15.404634791496042 15.139536880499238 14.696690213832195 14.095102590244672 13.359960747916439 12.522961723963629 11.629530818079955 10.744462773827207 9.935526957179285 9.241675906167556 8.705563095190284 8.373077305746378 8.286902143133796 8.45430686221809 8.84704010174678 9.418857402293114 10.117836702344247 10.896308348759257 11.71241863843732 12.528267338130334 13.308082802815328 14.017612160159521
18.07039256532402 17.897336972162638 17.675807864423273 17.404261200745076 17.08533340084214 16.728768533988266 16.34483924686748 15.935694241809376 15.508156452503668 15.081877224320309 14.679661693974804 14.327771946175194 14.055253628327815 13.889793308575534 13.841927981396571 13.906057603612673 14.06958705017661 14.323579611810866 14.660834678537768 15.040382420247184 15.28023570304702 15.334491080515253 15.197942974565557 14.872275025472009 14.368602701448193 13.705781598479389 12.908828260133681 12.008209068097512 11.040402836132923 10.085836921034886 9.201218429792258 8.425721723621962 7.808574152786729 7.414042136995304 7.312508940931329 7.5232247318577725 7.995860369804555 8.65794014756526 9.445095580556488 10.307230977214319 11.203681074735597 12.09841516181673 12.957385648287964 13.747821756774892
18.061495486874836 17.90921096382568 17.711711097423315 17.46629574039617 17.177543465682472 16.855384326159793 16.50051814353374 16.114692602211285 15.714951388962392 15.319879768058403 14.949615805561397 14.625155384692551 14.366164147970412 14.187392241815994 14.100467611090995 14.105635605791948 14.198052882118137 14.384253737615987 14.683158446891175 15.02859478365622 15.221156306408698 15.226756040240572 15.040988592764226 14.668072525436784 14.117305794063592 13.406078231741711 12.559160415603523 11.607649445309697 10.591932347692804 9.582226195450732 8.627413125875034 7.765147301279065 7.043413024219404 6.547982220920458 6.415279678530289 6.699569686278746 7.286275326342986 8.053579337672236 8.929351998784199 9.868266774540983 10.834989107264189 11.79737406475346 12.72408555272017 13.584346623847699
18.03216820496452 17.903764269228052 17.733570209144034 17.518599609100104 17.264290322827307 16.973711458423058 16.641065129672622 16.280714610299942 15.908830441430895 15.542331013089694 15.198583543207958 14.89451786171109 14.64493554870579 14.46021287230568 14.344341453612316 14.30067112708425 14.326177338350238 14.422319590819974 14.702724207215445 15.038776231123133 15.2118330514313 15.199760879556944 14.995995736160802 14.601026848544826 14.021517627951777 13.274290690011851 12.384539417458615 11.384034423202284 10.327159202439699 9.275175948577754 8.261078958722884 7.322901830891731 6.4855575583553735 5.820254681282548 5.605718172693697 6.0489390294536065 6.790796716361257 7.661063970660524 8.609996546188194 9.607831316929023 10.627405803970486 11.640950338601854 12.619711171710124 13.534609838439552
17.978511558533974 17.876204404428506 17.735814184838755 17.554579293574008 17.33564254624177 17.068054255554955 16.7602029965951 16.426638329466535 16.082233188718785 15.742084686166468 15.421156223877144 15.133534049579595 14.8912767455718 14.70305577778959 14.57300823611291 14.500380920967423 14.488118136155762 14.55031466125396 14.817012562840413 15.156172566648033 15.332851518480755 15.321853189056739 15.114624307196653 14.71014948169925 14.11511647994522 13.344657061924522 12.424511870896264 11.390827100751087 10.31256586472392 9.232280389705155 8.180054644318117 7.186595460838389 6.277709637741063 5.4600117867781846 5.012949445646771 5.772555465603579 6.617534123802861 7.537649382449555 8.520270013237772 9.5470162233562 10.595136398220628 11.638846891148551 12.650464712173044 13.601575154041592
17.896450767078967 17.82157389749738 17.712553580259684 17.567426384900198 17.376251369001515 17.133555361361054 16.852704679498142 16.54706251148934 16.229990627371148 15.914789949866778 15.614445087589912 15.341134291446078 15.10555764650246 14.91625533978606 14.779214243642148 14.69831152052021 14.695984712800737 14.81389122285166 15.0768340920237 15.402654894852802 15.585994271540326 15.587375775750475 15.391035524952354 14.991902208035404 14.395240153061001 13.61565292732683 12.678622269974587 11.638178938435079 10.556090644433217 9.469830174004539 8.414638321268555 7.424527084985036 6.548083258059522 5.865228140287213 5.64902191235718 6.086604568119728 6.830957578237015 7.70982539341497 8.673564748955991 9.693352044257768 10.742404343364822 11.792967704441516 12.816272229244241 13.783237260266546
17.784739066768125 17.734996118388707 17.657826618532095 17.547243184071988 17.381072033570625 17.16602867991503 16.914401199966626 16.638090679341953 16.348778487904397 16.058000657441106 15.77706039699717 15.516795599617438 15.287294550711483 15.097709390030909 14.95680577941716 14.901422487305094 14.950817689225705 15.111067758933592 15.393523008149836 15.738001712076215 15.949673270695474 15.982392961782319 15.81540114176439 15.439257351429344 14.856583613851203 14.082306234936429 13.150053874052462 12.126621291080507 11.056776053824304 9.983762268815259 8.951090552432065 8.004535911843723 7.207591740687757 6.660851282381815 6.497075621637324 6.768280141898197 7.364036568233165 8.150315549139656 9.055662618873766 10.037562848252636 11.061801545730473 12.096413662026803 13.110068085698067 14.072012767778283
17.660294402402403 17.61228170488943 17.56590089742852 17.484817523529262 17.346442777478174 17.161917733215464 16.942100215945533 16.697113653385145 16.436751596484036 16.17074483056649 15.908837656929148 15.660750317754657 15.436393366462003 15.25183946790601 15.149717032487494 15.151315921079329 15.255082657311483 15.459648637296366 15.768621590743562 16.148032443563434 16.407625017998036 16.48967131575997 16.374025922003725 16.041318151344345 15.490497501244496 14.739111102365515 13.84426780135978 12.851301312972952 11.806112459081968 10.758163548610531 9.758455985141925 8.86045039043617 8.12597818024343 7.639668773334813 7.472314100305261 7.642336775402307 8.110218289263027 8.801115687433489 9.631944824191793 10.556133127132872 11.535230921433142 12.533756398814175 13.51773276930376 14.4544442741893
