_RESULTS/CROSS_VALIDATION_POSTPROCESSED_80-20/Berg/TZ/2comp/2/Berg_TZ_z_90_kriged_reverse_2comp_spherical_2.asc
ncols 100
nrows 90
xllcorner 5.6208707817415728
yllcorner 50.959635321741573
cellsize 0.00013419651685393446
nodata_value 1.7014100000000001E+038
[rows 57 to 75 of 90, columns 43 to 85 of 100]
1.82745197178956 1.832199426087924 1.8440226056058033 1.8657875950462273 1.899339745231026 1.942952286681899 1.9912467208695495 2.033422890326583 2.069696611613521 2.102590735964742 2.1331408928998457 2.1563977507307777 2.1665557084383575 2.1596424781454826 2.1324252599916584 2.0794013118467496 1.991057514429899 1.8577876879986477 1.679578526069895 1.4773060862577256 1.2813761435306135 1.1033977229400564 0.9462485913293843 0.8103051742814702 0.7316661764765053 0.7699292896727441 0.8157927829530484 0.865874240140993 0.9204098751918155 0.9793573800111931 1.0414685698762536 1.1054420248813912 1.1715457182644868 1.240301278890458 1.3116020531364336 1.3892271757136638 1.469703849544855 1.5444349422989438 1.6111316466780075 1.668191322431132 1.7141790805049906 1.7478158458553248 1.768004182665817
1.8412539016555762 1.8552099851515564 1.8764520569072438 1.906950260125653 1.9490580727575133 2.0009720151492165 2.055486639005313 2.102755079353403 2.1430268683600517 2.177050616892702 2.2054388285124125 2.227361075789659 2.235202863486348 2.226246045358117 2.1973292687030894 2.14170952973211 2.053529380583221 1.9296185407726338 1.7678970694502159 1.5715536135136408 1.374324077319595 1.1924053144419637 1.0329780240333417 0.9059409447535006 0.8367190352456649 0.8347473940010748 0.8634379438706404 0.9037485735644273 0.9505083218640393 1.0018788654981297 1.057445231037526 1.1174913334359513 1.1809458727518338 1.247190108867938 1.3190494742029772 1.3984750459900348 1.4790316050987817 1.5540814733529233 1.621358810383474 1.6791969341949482 1.7260977381545128 1.7607172521114076 1.7815016696848887
1.84210374932804 1.8636105265012366 1.8924014728960818 1.929548068809566 1.9764321845973722 2.0340178579044697 2.095259949170792 2.147833321268692 2.1917803770122655 2.2276937011239166 2.2558647669633194 2.276042868942657 2.2843848683114247 2.273547125096298 2.2409838358371554 2.183093843062265 2.0960904689571493 1.9775276171493112 1.8258508323233527 1.648374955750163 1.4647375268818148 1.2889726681476663 1.1346932073029607 1.015959584676912 0.9454978884916284 0.921748699828543 0.9294199839445938 0.954657358440004 0.9907197780344055 1.0344177140002526 1.0841496387178513 1.1389273562360491 1.1979794669869048 1.2631051288276103 1.3361552946845052 1.416824993394914 1.4966258808300552 1.571134262133516 1.6380469422896837 1.6956652737966524 1.742446402016224 1.7751885667186935 1.78850619096722
1.837224919723663 1.857277077272218 1.890064482878872 1.9319620056319171 1.9821092252445167 2.041070473304541 2.1067259509795635 2.164944154525142 2.212788149951912 2.2507452531970813 2.2789800011617882 2.2971626858610428 2.3042827352371122 2.2939147098868853 2.2605165892523282 2.2017453085612084 2.115451559370764 2.0009579169245284 1.8603982559531367 1.7012133575372081 1.5356215919586482 1.3759917625214768 1.2358871341787263 1.1255129099003292 1.0524331307465333 1.0158271255622677 1.0079235961252755 1.0199811598173043 1.0456326401969962 1.0809957617087522 1.1237626426137692 1.1724775428627794 1.2283086230003328 1.2925818483806628 1.3655785129124718 1.4454919775554904 1.5232410231539906 1.596041365414332 1.6615143718562444 1.7170616020931204 1.7580920410949556 1.7818967477642444 1.7890142490955712
1.831663226986695 1.846959634483499 1.8748848526212472 1.9147182713709794 1.9656050008289734 2.0246902993039755 2.090094533846027 2.151358295675436 2.203360084792391 2.243812003792801 2.272778894081374 2.2899381747127427 2.2944456347900175 2.284666801835424 2.253484656399709 2.197218046248351 2.1151712487731538 2.0081841488963312 1.8797051422837139 1.736618793548873 1.5905892449033687 1.4522749608440375 1.3304384654848618 1.2321343239616926 1.1613253532622614 1.117960243925811 1.0986529503709406 1.099064019849715 1.114367579400344 1.1408765807081538 1.1761756800824792 1.220785387782102 1.274865054224935 1.3383256459484265 1.411386173152446 1.4887102616976975 1.5632950252865812 1.6317132639533791 1.6905475048709897 1.7370682660523187 1.7686675799848701 1.78453707736307 1.7890723568582962
1.8268175782378924 1.8363523663896233 1.8580940664353087 1.891171198841202 1.9347398402994451 1.987884055473058 2.049338685230466 2.1100222989005757 2.1624289333378917 2.2052727552618343 2.2356464100075244 2.252803652472452 2.256077486948661 2.244420028779483 2.216275095530671 2.165673463477998 2.090992349716391 1.9951974879805046 1.8831703854471151 1.7613801048780944 1.6375164395100825 1.5193611496275905 1.413895344670096 1.3266262338304449 1.2607228023328345 1.216685440706149 1.1927625909236308 1.1859922723728438 1.1932463093794987 1.2124665106440167 1.2434704267683239 1.285319916272112 1.337416350156099 1.3994395204373111 1.4702191941803748 1.5408164000784712 1.6072421023962133 1.666514097381494 1.7156565249668163 1.7521067926307836 1.7746903841012713 1.7868598022716933 1.7890723568582962
1.8256638890344092 1.8301124150553743 1.8449147563829773 1.8703194706910544 1.905362442596832 1.949053654281637 2.000309452411114 2.054347483129475 2.101637402340874 2.1406543534195586 2.1698221955321113 2.1873735400012757 2.190869862358928 2.1795753894314713 2.15297149076688 2.110824843129414 2.0502224363264334 1.9714589874240285 1.8787399819799784 1.7774876548876126 1.6738547416848326 1.5739617979574985 1.4833751806620028 1.4065770583656427 1.3463117616050344 1.3034565431777758 1.2772919014714625 1.2663276747474785 1.2698641915683342 1.2864765190414926 1.3149020577733044 1.3542322520681516 1.4038629707937762 1.4634180716165603 1.5278854290157078 1.589855600976075 1.6469459945730494 1.6961242857889531 1.734716775234154 1.76191022144708 1.780098562495485 1.788557355290592 1.7890723568582962
1.82797639748902 1.8305850318618484 1.8379713235041335 1.8553035340804187 1.8815318028488843 1.9156049629436671 1.9564265882366192 2.002008832033254 2.042766334352891 2.075614071821195 2.0997869403299108 2.114273883533522 2.1173940836280982 2.1081851799099725 2.0854877074561076 2.0491295474268982 1.9999173839456776 1.9381782298694534 1.8640519265004047 1.7819524925707024 1.6968533359206888 1.6135571453899342 1.5366979417626632 1.470001420995411 1.4159209843176357 1.3760965500311488 1.351105845671249 1.3404257441306677 1.343122272532732 1.3581715054931318 1.3846546280904428 1.4218394532718435 1.4691874413692128 1.524910744742027 1.5806156657794654 1.6331183512953336 1.6799985231732681 1.718333157781318 1.748478834591023 1.770955950621152 1.784779251074804 1.7890723568582962 1.7890723568582962
1.833708395869496 1.8362253359005125 1.8385810545724746 1.8475914297482836 1.8648918823748941 1.8893868493906156 1.9199785762665666 1.9555266811528953 1.9903899913496423 2.0176346270648633 2.036664649352383 2.046982650741806 2.048186407603052 2.0391495867230502 2.0189487740310015 1.9876775427461655 1.945963704956648 1.8950780984236197 1.8369666101701414 1.7726711543469775 1.7045608495453521 1.6367822821174702 1.5733654419860121 1.5176732811724027 1.4721806636515171 1.438409866510896 1.4170228089036982 1.4080273685437323 1.4110263332636916 1.425440817903041 1.4506694350463012 1.4861775327046711 1.5313227564564393 1.579343991750742 1.6256090979038689 1.667996158080667 1.7049131523455667 1.736417021894042 1.7614576977258822 1.7789841466945737 1.7880185071633221 1.7890723568582962 1.7890723568582962
1.8428500756154729 1.8453600795944127 1.8468080856945346 1.8485197051295432 1.8568414767775148 1.871866062342603 1.8925048688238373 1.9176712744710274 1.9455238498751148 1.9679488907547498 1.9827007739441354 1.989511432804261 1.9882348136715102 1.978898988247952 1.9612558576603107 1.9344195532526598 1.899043434088946 1.8563323015914974 1.8079825524843003 1.755908057222109 1.70231369385192 1.6494196072286378 1.5993044019600147 1.5548108994126186 1.5181704636830384 1.4909173240273597 1.4739335368011803 1.4675711476959776 1.471810703522409 1.4864155072644105 1.5110542907111169 1.5453822228852676 1.5848178234447385 1.6237020760549528 1.6610432039936285 1.6961811690486148 1.7273729333757002 1.753323490083769 1.7729316814383758 1.7851627095672153 1.7890723568582962 1.7890723568582962 1.7890723568582962
1.8554174416845495 1.8580224626281179 1.858955489707787 1.858697041496633 1.858672618374179 1.864315545472644 1.8752544464286758 1.8904603470589074 1.9089198903312912 1.9269915888844464 1.9382003637634255 1.9422486988889442 1.939198336635169 1.9292793732216922 1.9129387206866724 1.890459134140219 1.8611285464353589 1.8259045883996687 1.786074884045805 1.7430997954962082 1.6990411749743257 1.6560634497785425 1.616258659316726 1.5814953603067643 1.553307918166278 1.5328162959945304 1.5207771701806378 1.5177474783676073 1.523968623635926 1.5394629868613094 1.5643142071641165 1.595648234945996 1.628369030584233 1.6612524218041311 1.6931193114107765 1.722517949082571 1.747869765010746 1.7680433812685161 1.7819663287276497 1.7886290424782247 1.7890723568582962 1.7890723568582962 1.7890723568582962
1.8714303681218583 1.8741387096620858 1.8747390324782165 1.8735542169344694 1.8709250148202838 1.8679451359303971 1.8693477152713263 1.874915383299104 1.8837294250527732 1.8948834523147158 1.9031423520269657 1.9050017451584391 1.900690247764826 1.8905873845812782 1.8752571653284371 1.8554802031844422 1.8317147652699328 1.8031415078316209 1.7705963100964381 1.7356093557018535 1.69989244556241 1.665225818709469 1.633341966859042 1.6058202594678768 1.5840090489066632 1.5689862432176616 1.5615612090516673 1.562312536738208 1.5716501269344718 1.5898878825548226 1.614367486852251 1.6409563193486854 1.6685803493885918 1.6961436368544054 1.7224642093324625 1.7459269051437725 1.765321601368675 1.7795634599100112 1.7876173996606934 1.7890723568582962 1.7890723568582962 1.7890723568582962 1.7890723568582962
1.891459095780637 1.8937448362747071 1.8941312209249157 1.8920840056673267 1.8881366869419651 1.8825722189770786 1.8758960652721053 1.8720029548882828 1.8714953122847064 1.8736002455437162 1.8773531179819218 1.8774520245938342 1.8722409084531524 1.8622089214737891 1.8479959670107557 1.830411024450458 1.8101787547729078 1.7872945151369324 1.7612719673478445 1.7333857508270958 1.7050727174149258 1.6778244797851407 1.653104698311976 1.6322744660862425 1.6165365735670492 1.6069057833588456 1.6042072018033697 1.6090997373416436 1.6220297617769122 1.6398563881397445 1.6602179202949845 1.6822172899337775 1.704888882283491 1.7272184343050108 1.7477828172505439 1.7652876391975516 1.778665704066725 1.78688236326498 1.7890723568582962 1.7890723568582962 1.7890723568582962 1.7890723568582962 1.7890723568582962
1.9161309027444402 1.9169146146086693 1.9170401414537181 1.9143303361105979 1.9089928144793429 1.9016834425461988 1.8927730731042733 1.8826606604842966 1.87305462957486 1.8663653257455848 1.8620571640826815 1.85925260313599 1.8533935107301724 1.8435919302784962 1.830467767623205 1.8145531889067343 1.7967411234256567 1.7780850715850296 1.7579738536970375 1.7364841742595716 1.7148417981920547 1.6943196267415301 1.6761782089273596 1.6616122721590416 1.6517103943605123 1.647432590923663 1.6496074112627461 1.6579998711330466 1.6698163866309266 1.6842938323338779 1.7007280871266783 1.7183161059485788 1.7361827835530408 1.7531625609622232 1.7679478630834502 1.7795194396708416 1.7868715401728135 1.7890723568582962 1.7890723568582962 1.7890723568582962 1.7890723568582962 1.7890723568582962 1.7890723568582962
1.945204233418105 1.9443047284662556 1.9435136305100298 1.9400876159729932 1.9335214507471221 1.9242975277109886 1.9132062051247887 1.90076558705206 1.8875025773933531 1.8739413963063338 1.8615457745350272 1.8516565952884034 1.8437068236085041 1.833963083869149 1.8214679896999313 1.8069862679552136 1.7914058948168974 1.7757385554254441 1.7606927888494832 1.745047779525653 1.7295087191157479 1.7151818093970146 1.7031731207547889 1.6945499728848574 1.6903115958219619 1.6909037262873718 1.694794318881721 1.7015723469740354 1.7108673464359154 1.7221705426902236 1.7348555732545001 1.7482010870542712 1.7612478117498622 1.7727932909993187 1.781890583175341 1.7875909531716625 1.7890723568582962 1.7890723568582962 1.7890723568582962 1.7890723568582962 1.7890723568582962 1.7890723568582962 1.7890723568582962
1.9784153217643552 1.9760190346000177 1.9735975144157984 1.9693299207064956 1.961423114637393 1.9503574551436635 1.9368477080750968 1.9218394444366187 1.9059858788336812 1.8898821392299492 1.8739928154217127 1.8587461867311632 1.8445396717891052 1.8322205343547857 1.8203589488682719 1.807261231004208 1.7937744141292074 1.7808479525575671 1.7695214820231615 1.7592966542857864 1.7494305983720866 1.7409013620650047 1.7346178260137124 1.7305367480348106 1.728735010529861 1.729318777990314 1.7322455334371263 1.7373265194076128 1.7442349993991455 1.7525193499389493 1.7616196410039024 1.7707325392410194 1.7788326897182696 1.7850790736130988 1.788604686436207 1.7890723568582962 1.7890723568582962 1.7890723568582962 1.7890723568582962 1.7890723568582962 1.7890723568582962 1.7890723568582962 1.7890723568582962
2.0150082315670375 2.0115668060088616 2.007410773692596 2.0019234009124203 1.9924073355416034 1.9792633723396946 1.963292310473411 1.9453631905924098 1.9264891898451184 1.9073687811999833 1.8885617299263409 1.8705453567185195 1.8537268764013082 1.8384578522950765 1.8250483709932996 1.8135967648697477 1.8025403436137317 1.792294449133625 1.7838628927381301 1.7777198703791475 1.7719856878124736 1.7667992809284332 1.7626138835046927 1.7597734872170205 1.75850119232826 1.7588915254630422 1.7609074036960617 1.76438197905253 1.7690251225952698 1.774433207403968 1.7799053357949395 1.7846538739169175 1.7879609546301232 1.7890723568582962 1.7890723568582962 1.7890723568582962 1.7890723568582962 1.7890723568582962 1.7890723568582962 1.7890723568582962 1.7890723568582962 1.7890723568582962 1.7890723568582962
2.053523542192016 2.049478974994021 2.043815924532341 2.0365730567025335 2.0250903080011486 2.0094156480969674 1.9906137257716086 1.9697271533852578 1.947689503257451 1.9254125470630687 1.9036385764053925 1.8828618608316452 1.8634914401256624 1.8458726463346398 1.8303054083678536 1.8170593633064707 1.8063862364144474 1.798454015354417 1.792490319624022 1.7888790248285147 1.7861509530877204 1.7834029693398372 1.781041937070146 1.77937574001337 1.778603772916219 1.7788107139296465 1.7799640556435612 1.7819155691090833 1.784369868923486 1.7867464184279562 1.788504410543675 1.7890723568582962 1.7890723568582962 1.7890723568582962 1.7890723568582962 1.7890723568582962 1.7890723568582962 1.7890723568582962 1.7890723568582962 1.7890723568582962 1.7890723568582962 1.7890723568582962 1.7890723568582962
2.0933272924784174 2.089177103938097 2.0821640210490053 2.07264556977235 2.058665987059491 2.0399159354141188 2.017831791525786 1.9937045807418574 1.9686027673010582 1.9433806626138976 1.9187187131620007 1.8952509581143802 1.873437368370108 1.8536032069916868 1.8360282427100527 1.8209631442914018 1.8086421481048314 1.7992930483740597 1.793145246507968 1.7904363687020652 1.7902024874253593 1.7897733828003197 1.789144144398075 1.788591265293629 1.7882936947506138 1.7883276915730413 1.7886520853861876 1.788991296454017 1.7890723568582962 1.7890723568582962 1.7890723568582962 1.7890723568582962 1.7890723568582962 1.7890723568582962 1.7890723568582962 1.7890723568582962 1.7890723568582962 1.7890723568582962 1.7890723568582962 1.7890723568582962 1.7890723568582962 1.7890723568582962 1.7890723568582962
