_RESULTS/CROSS_VALIDATION_POSTPROCESSED_80-20/Berg/TZ/2comp/2/Berg_TZ_z_1000_kriged_reverse_2comp_spherical_2.asc
ncols 100
nrows 90
xllcorner 5.6208707817415728
yllcorner 50.959635321741573
cellsize 0.00013419651685393446
nodata_value 1.7014100000000001E+038
[rows 0 to 18 of 90, columns 42 to 83 of 100]
0.1141230387964817 0.12997184332327402 0.14914031854210827 0.17198344869201002 0.1986582515635599 0.22984289845630915 0.2663737738392762 0.272839159247907 0.22993779485669022 0.19490760277267452 0.16661174206618984 0.14324335325716628 0.12367833026791625 0.10736987626098506 0.09401486185650142 0.08308969933586907 0.07412678713513171 0.06675008899914164 0.06061144759980272 0.055500672163495246 0.05126494976943803 0.047830632952731156 0.04514681688498636 0.04314866191327094 0.041800305669789685 0.041094490666888535 0.040832684903980634 0.040561217374819616 0.04028987261751437 0.0400486690369775 0.03987002934584987 0.039788293641852455 0.0397865969875436 0.0397865969875436 0.0397865969875436 0.0397865969875436 0.0397865969875436 0.0397865969875436 0.0397865969875436 0.0397865969875436 0.0397865969875436 0.0397865969875436
0.1287490428940225 0.14387767533502527 0.16135235656598484 0.18197613169702306 0.20657979740521457 0.23343565259364585 0.2565147726142764 0.25497757685401623 0.225407210284427 0.1925953441863872 0.16409256390827243 0.14076283069704248 0.12213744546424976 0.10686956622476859 0.0942857733334596 0.08389001052859688 0.07528502059470048 0.06815659597598359 0.062205930711440836 0.057201893525860636 0.05301093494941511 0.04955544693337436 0.046818669019601356 0.04474671784441031 0.043309123353464415 0.04250212691726075 0.04210643901781339 0.04166843913467549 0.04120633495169092 0.04075480099879772 0.04035023674471054 0.04002995624886112 0.039831873094414674 0.0397865969875436 0.0397865969875436 0.0397865969875436 0.0397865969875436 0.0397865969875436 0.0397865969875436 0.0397865969875436 0.0397865969875436 0.0397865969875436
0.1508297831644974 0.16448549382854677 0.17905206811669386 0.1948399877607274 0.2117028877329793 0.22816689601927903 0.2385646601433671 0.23296498006671984 0.21176501513725438 0.18460324832813096 0.158478599062683 0.13644408462164487 0.11889758741593641 0.10521180096916279 0.09386964626164349 0.08433604949455048 0.07632952896694306 0.06961138198206916 0.06396928419291288 0.05917069877635404 0.05509722750319497 0.05168058812923982 0.048931083775133964 0.04681554418176193 0.045312814899182575 0.0444262382421407 0.04387990493588721 0.04325074237497746 0.04257259995597759 0.041886594113521795 0.04123465289106021 0.04065833398256629 0.040198300491795326 0.039894447011775594 0.0397865969875436 0.0397865969875436 0.0397865969875436 0.0397865969875436 0.0397865969875436 0.0397865969875436 0.0397865969875436 0.0397865969875436
0.18320566727383364 0.19406449992201458 0.20402113312183479 0.21326787642881703 0.22119665642156747 0.22609665838661674 0.2254539616742446 0.2167625004033017 0.19843160516690309 0.1751354831988498 0.15229569670727983 0.1323461841106275 0.11590266053017297 0.10288162181842947 0.09284412499465182 0.08444196430895634 0.07724858309473694 0.07111111913394547 0.06589211559960242 0.06140499424541463 0.057530547570684785 0.054218741939170256 0.05150380955135745 0.049379757504004446 0.04783865673858965 0.046894509283207535 0.04616409158767456 0.045311169364590766 0.0443835477732286 0.0434309890672415 0.04250275752459128 0.0416460219023998 0.04090515683375863 0.040321871520798316 0.03993604172337666 0.039787119672489796 0.0397865969875436 0.0397865969875436 0.0397865969875436 0.0397865969875436 0.0397865969875436 0.0397865969875436
0.23062388229855785 0.2363997591993985 0.2391604314188686 0.2399275545930166 0.23809131664286245 0.23216563604072765 0.22140360413511928 0.20624052622822725 0.1880043159686613 0.16740042190649249 0.14715908020700996 0.12898690441389826 0.11362353974756197 0.10119960265030659 0.09155827402275818 0.08427502196255608 0.07806667117985243 0.07266314779602732 0.06798552317771756 0.06391822371621278 0.06033182499654296 0.05719703951775003 0.05457157204718441 0.05247960727682313 0.050930164623474744 0.04993290274425711 0.04897573768246606 0.04785716091488368 0.04663743372762023 0.04537768632478572 0.04413660808137926 0.042968415971090246 0.041922067085765645 0.041041529579374576 0.04036687445541692 0.0399359708720763 0.0397865969875436 0.0397865969875436 0.0397865969875436 0.0397865969875436 0.0397865969875436 0.0397865969875436
0.2856108437323498 0.2827513194885247 0.27530018612268076 0.2683535283954855 0.2589568797218617 0.24477477056085187 0.2259563971674385 0.20354999131535845 0.1817163069043408 0.16230693065305907 0.14361726109950465 0.12669156727094238 0.11219000821121586 0.10030403997712141 0.0909635517792409 0.08399570412373782 0.07883207910526051 0.07429386715130748 0.07028214517183727 0.06673800380212033 0.06353585147031589 0.06065735844821361 0.05818468344272118 0.056171640570217736 0.05464759736045347 0.05356606672532961 0.05233367196679663 0.05089667565054691 0.049331931659430645 0.047715265927530524 0.04611714425269245 0.04460025561693159 0.043218812622700886 0.04201918890518123 0.04104148801137993 0.04032170706733838 0.039894267372222424 0.0397865969875436 0.0397865969875436 0.0397865969875436 0.0397865969875436 0.0397865969875436
0.3363387042986279 0.32241764562394754 0.30369158339269203 0.28684538521047453 0.2689825392648607 0.24830495647804865 0.2254910804794789 0.20201113370488144 0.17994959484333678 0.15980271024165826 0.1417836597361989 0.12556886296953687 0.11164582703752414 0.10017519057129866 0.09110693075460465 0.08429941712957166 0.0796029861251013 0.07604068488904256 0.07281541435047592 0.06990368731401636 0.0671903282075737 0.06465649887321458 0.06240977583051859 0.060529583603131945 0.05906864920277665 0.05782284767825546 0.05625402475508744 0.05443325443218736 0.052459309584999586 0.05042668255963391 0.04842012481758386 0.04651203764434116 0.04476218933764769 0.04321906334543139 0.04192219803975782 0.04090503994119549 0.04019801458326457 0.03983168100727092 0.0397865969875436 0.0397865969875436 0.0397865969875436 0.0397865969875436
0.377793974657901 0.3516646668199722 0.3223070842285927 0.2937310391723852 0.266505514418121 0.24005852827731483 0.21463248611563834 0.19195953525730677 0.17223632445629844 0.15521915468173042 0.14059333651662073 0.12556231004115276 0.11194368639026958 0.10075212244038334 0.09191123618861852 0.08527840417921487 0.08071162965161552 0.07794347412696558 0.07562268803414031 0.0734628208956933 0.07135409558224842 0.06926600192855874 0.06733040880093508 0.06564512302638863 0.06427867910908298 0.0627253907218924 0.06074367216833469 0.05845952833788413 0.05600038503105873 0.05348392578553001 0.051011597253963 0.04866627204380846 0.04651294457134519 0.044601287343061805 0.04296913315195624 0.04164626328578894 0.040658164334232985 0.04002963106243887 0.03978824257039223 0.0397865969875436 0.0397865969875436 0.0397865969875436
0.4045124778030669 0.3648453608140249 0.3233811368579869 0.2849940741767524 0.2508672070280311 0.2207682655245439 0.19508431766990383 0.17433130932221902 0.15757486110184668 0.14410027479636547 0.13336703816944137 0.12403173572126018 0.11294648747465566 0.10192577556455484 0.09327415783190705 0.0868341012637908 0.0824551312596588 0.08004071093005347 0.07874020384128258 0.07746622466950843 0.07609414456951871 0.07457125758505674 0.07304718355532297 0.0716280911008577 0.07024734151306067 0.06828024588103503 0.06579115764379777 0.06294863611735367 0.05991697262407856 0.056841763952657526 0.0538429534296675 0.05101369795850717 0.04842292371787921 0.04611975033178385 0.044138537401894384 0.04250384138146746 0.041234966235924334 0.04035004936882244 0.039869779938434276 0.0397865969875436 0.0397865969875436 0.0397865969875436
0.41167098403878655 0.3579446077715965 0.3057668217927761 0.26094546425604775 0.2234779168210297 0.1926965617865429 0.16893453062036504 0.15104862089780605 0.13770083582195006 0.12791346161649184 0.12097927784679977 0.11633389341060212 0.11100911145332483 0.10343100968998992 0.09505817297902411 0.08877033229748843 0.08455302564318781 0.08236959258070546 0.08197542577802189 0.08181856370721775 0.08143743140165681 0.08066929573490124 0.07967677436469223 0.07860024412923441 0.07695134724562584 0.07446564453608752 0.07135420549904732 0.06784307340250435 0.06414273394886502 0.06043074937901075 0.05684587880670885 0.05348979060615509 0.05043271790546876 0.04772051618200896 0.045381668754771 0.04343356946915494 0.04188789376423294 0.04075513417479798 0.04004850846103528 0.0397875094745546 0.0397865969875436 0.0397865969875436
0.38851923028828717 0.327298385214541 0.2712923921829707 0.22485846427221032 0.18784650281055243 0.15941626949641036 0.1389950319246854 0.1246379760898492 0.11485367995650801 0.10859935226742086 0.10516470908988852 0.10397009032635109 0.10324609695302316 0.10014136346589166 0.09450786587726724 0.08803283195249816 0.0838493620387071 0.08194864814780531 0.08229245177657905 0.0835955646723629 0.08479466655909146 0.08567603856323205 0.08620898573757486 0.086039955960595 0.08432871248353067 0.0812134408857557 0.0773429028343898 0.07304078308290239 0.06857280087837117 0.06415013615793978 0.059927893659468004 0.056012170551616405 0.05247028600650506 0.04934116174530655 0.046644509626162504 0.044388431242970997 0.04257550816303153 0.041207665996457775 0.040290164437013734 0.03983507559868657 0.0397865969875436 0.0397865969875436
0.34504422846699223 0.2808685686022799 0.22592878883995218 0.18204310671466084 0.14860547669018526 0.12461067783330909 0.10837602057373573 0.09778598161168063 0.09138855511919383 0.08801325111274538 0.08648315930352597 0.08664516218905746 0.08825741354328386 0.08872848393873438 0.08712792731239281 0.08330176805646815 0.07941261610860156 0.07797154945322796 0.07894480345543457 0.08167889129749127 0.0845432925947477 0.08726257189029546 0.08961169172165503 0.09061823117398084 0.08991488005767732 0.08750772420575056 0.0835292876513715 0.07837910424047512 0.0730534734982596 0.06786213632864857 0.0629697160883739 0.05847984156454845 0.05445118666611323 0.05091143882067176 0.04786852705507278 0.045319277847425614 0.043255968735462 0.04167131286860712 0.04056237803154885 0.03993388989874613 0.0397865969875436 0.0397865969875436
0.2902751911683421 0.2275571518107275 0.17675416134887015 0.1381567464787045 0.1103372715766422 0.09170955993854252 0.07988076696645627 0.07281588520144003 0.06852230287968913 0.06622011241250471 0.06567250942248354 0.06678191859681656 0.06956883729517628 0.07247915350939414 0.07402489793716711 0.07387132511120005 0.07187567553108959 0.07099519178278314 0.07260916394221249 0.07649184835633199 0.08094180119559222 0.08549744559110087 0.08922490794109723 0.09136739182492797 0.09172817608507428 0.09034932296482463 0.08738075153318532 0.08299592132554905 0.0773749392616148 0.07139002314964626 0.06582625416136197 0.06077542645587463 0.056281116736353456 0.05235564184523523 0.04899267047536142 0.04617640204115914 0.04388819856656629 0.04211142939261005 0.04083515234772519 0.040057141777220126 0.03978669339545906 0.0397865969875436
0.2377817936257528 0.1777412069514853 0.13120694731766336 0.09827492715352623 0.0765287012599904 0.06328330024670796 0.0553438510201668 0.05030198504806119 0.04736077412356919 0.04610386987061596 0.04631377726343459 0.047932382353977315 0.05104069126417581 0.0550509667684278 0.058434167291104455 0.06081021494861029 0.061822934521461384 0.06187487260634929 0.06405045340456732 0.06875705552853253 0.07458372675226385 0.08043805812447663 0.08524147073460936 0.08835360043777114 0.08963535365493676 0.0892688835994736 0.08745652908258436 0.08432658631647161 0.07996360909469294 0.07445887501718063 0.06833336872410573 0.06277153498988487 0.057861290027847866 0.053596887126636836 0.04995664664423444 0.04691197002063017 0.04443363718217415 0.042496272208651244 0.04108165508610085 0.040181409545508674 0.03979949975556749 0.0397865969875436
0.1918308401019759 0.13630263629634373 0.09438027727360195 0.06708687611508402 0.05056661026702216 0.04099944091444843 0.03522758126624093 0.03198996811854596 0.030349090145830596 0.02992617255621849 0.030577382591200238 0.03230023395507973 0.03521845046050133 0.03923300369118461 0.04321946865129375 0.04682681679075656 0.04973984956139969 0.0516037742638991 0.05414996420753264 0.059315561901400526 0.06587220589312598 0.07261168395336035 0.07832833087343495 0.08204136689951429 0.083891493648096 0.08438531433630721 0.08376927878099515 0.08207857021307567 0.07926915698735328 0.07530098532326678 0.07018806687800151 0.06434180513544814 0.05909668674796111 0.05456314004114311 0.050705259344877525 0.04748310887048771 0.04485840757206663 0.042798490718170094 0.04127920855125571 0.04028727375362459 0.03982247333189995 0.0397865969875436
0.15072759992702447 0.1005949770747848 0.06393518945330248 0.043254423899393143 0.031783506764056384 0.025092955862645656 0.021185924230485112 0.019053558413009517 0.018197631581236624 0.018290413775321635 0.019091130831622043 0.020638783654844593 0.023073605826305094 0.026494474776028117 0.030220294811510444 0.0339992919352249 0.037629022315946656 0.040838080552520625 0.04378132221759263 0.04871251293076867 0.05533829137098033 0.0628307095199045 0.06940946607208695 0.07303085076781135 0.07497091076342746 0.0761817875423658 0.07676925465989322 0.07660486059345112 0.07550665124834856 0.07330800099774015 0.06990105767320884 0.06526912050826739 0.05990634574454137 0.055194300973797905 0.05119328748487577 0.0478552629882467 0.04513561800893991 0.0429966911460391 0.041410330623593984 0.04035998021223072 0.03984268227093927 0.0397865969875436
0.10791241721899 0.0650501326338272 0.03849401826366983 0.02556461433791033 0.018502029195690793 0.014523372944184106 0.012255207713455464 0.01103392198685125 0.010548171253979539 0.010682150780551389 0.011414542771514775 0.012654525017728542 0.014513536791711763 0.017140284957118435 0.020172610386592116 0.023474666557818893 0.026959541480161185 0.030422873028929487 0.033516057345188914 0.03771374921139956 0.043711417493723786 0.05131057889747264 0.059360980750614634 0.06143729902602957 0.06346724463467199 0.06549570410588211 0.06731010112915548 0.06865770866262358 0.06927086708248892 0.06889537980448532 0.0673243071083678 0.06443324100650218 0.06021052137517634 0.05544913264011966 0.051390097018774936 0.048005287352908294 0.04524744423729203 0.0430768349495251 0.041463662598065484 0.04039003714056684 0.039851888771816335 0.0397865969875436
0.048905231757636995 0.031152961749536464 0.019782227749277424 0.01353470812467637 0.01001937563141681 0.008036013970433797 0.006907777628824373 0.006308196420280796 0.006088087829130591 0.0061977056234081476 0.006659848337216618 0.0075516471275681295 0.008879088723658524 0.01075274196835996 0.012994879393921795 0.01554492083603252 0.018339223929360604 0.0212723230060771 0.02415954372260148 0.02741022724566787 0.03206277779070475 0.03790408691310251 0.043727009801533184 0.04747544018709894 0.0505414378985031 0.05358588357305442 0.05656169750338373 0.05926103533290104 0.061414572457024544 0.06273226461709969 0.06294109268509107 0.06182622536995936 0.05927159659934028 0.05531053063205694 0.05128307000625939 0.04792370702428557 0.04518663042305807 0.04303323794378003 0.04143462957057392 0.04037364172345289 0.03984680979569607 0.0397865969875436
0.020258947587387267 0.013151049917743279 0.009030940927584908 0.006602815948185909 0.005177232504293308 0.0043516951872061334 0.0038771249661019207 0.003631219305841384 0.003561265361258249 0.003656340591089231 0.003939386693084811 0.004473463950264741 0.005360877257547778 0.006616686528944615 0.00812625203628091 0.009873261920510098 0.011858762945025409 0.014056866643683339 0.01636405735224719 0.01876921707769928 0.02199888969886255 0.026005432243349003 0.03030692721442673 0.03433584424860468 0.03814172245610169 0.041949743288039916 0.0457825519235916 0.04950157019978374 0.05287064626428674 0.055597175231204325 0.05737061573830459 0.05790646044312582 0.05699414908554363 0.05454171477951766 0.050879087209892024 0.04761568471751012 0.044957127251615416 0.042868992930190926 0.041325719078738145 0.04031286027497946 0.03982922801105003 0.0397865969875436
