_RESULTS/CROSS_VALIDATION_POSTPROCESSED_80-20/Berg/GZ/9comp/3/Berg_GZ_z_180_kriged_reverse_9comp_spherical_3.asc
ncols 100
nrows 90
xllcorner 5.6208707817415728
yllcorner 50.959635321741573
cellsize 0.00013419651685393446
nodata_value 1.7014100000000001E+038
[rows 19 to 37 of 90, columns 44 to 87 of 100]
57.895541725994526 57.87567730019397 57.76401667660197 57.60917276791786 57.45158273555744 57.31568191035454 57.2140734280474 57.14736874983056 57.10679413256039 57.077371548062075 57.04057868907695 56.98299765880699 56.90339914048388 56.78236165418045 56.62421381606324 56.45048629651104 56.26303246122982 56.066377551525484 55.76185071901543 55.333299742062515 54.871030694142085 54.557684548961625 54.409975718661954 54.361272854974985 54.35919101541864 54.37840637858065 54.409417772303655 54.44982599707016 54.50027964971027 54.56273103961868 54.63968539511186 54.73220282136608 54.82252851665803 54.88385220053695 54.89524798201738 54.86478608712206 54.80020175004231 54.70864019934669 54.59636576484389 54.46845012525989 54.33508205040464 54.20514364843088 54.083538792850426 53.975341474593506
58.91018110753008 58.75947933263153 58.51203751955944 58.24504507381126 58.00655364028429 57.82082088468904 57.69499306596112 57.62228505834349 57.586821851508574 57.567763678875664 57.541958892836185 57.48535536454662 57.38804580241145 57.26591726904484 57.12214868772182 56.94711210789626 56.737018530426006 56.49813830474045 56.1408835907511 55.61208954350941 54.998658057331916 54.60905004349365 54.501650414893035 54.49302571603356 54.502431353575496 54.515133094997026 54.529980982382206 54.54943823103776 54.57689005673861 54.61584578972302 54.669710455118214 54.73007798895393 54.782622785271094 54.82618654365956 54.824692590230775 54.77968276410161 54.69900703970584 54.58990804210758 54.45877011539603 54.31080350630041 54.155751947783756 54.00411844356196 53.86144216412988 53.73367916107057
59.75864594262607 59.437692536687926 59.03747197409292 58.65780705359958 58.351289440713394 58.137498673695454 58.01300370036871 57.959734378063075 57.952798141664005 57.965158297307276 57.969584561014166 57.942391719664855 57.88483261584227 57.805865927600365 57.694511900111515 57.53660754682093 57.32413023021281 57.063216562256336 56.673338243460755 56.05826216066709 55.223802196456575 54.77512388939149 54.75301192299159 54.746494372643774 54.73873654442071 54.72294957843046 54.705831489498834 54.6930415216418 54.68937115424104 54.69896086438204 54.72386479270127 54.743957245320175 54.757729511637855 54.7716380401493 54.75571817234477 54.695086492518996 54.59751361269871 54.470147439396555 54.31929271140628 54.150134401344104 53.97225485013316 53.7971804064763 53.63109725222381 53.48096240987347
60.298961199187296 59.78200311449806 59.2374527525302 58.76924912349203 58.431022477797946 58.23071670522714 58.14685812552723 58.148451528021106 58.20340675080436 58.27738234396394 58.35288056078809 58.41495985173929 58.441722561033316 58.42273639902486 58.35851820511708 58.230965999282944 58.029277154628765 57.76739999479603 57.37964928951676 56.77758985541179 56.02091469323162 55.483682250905716 55.28290427503077 55.15880953602302 55.071980749032235 54.99852568215461 54.93146398735115 54.874759551410904 54.832151128785824 54.80704736437968 54.794136277763386 54.7726596000516 54.74746292643683 54.72511088737306 54.69212850523182 54.61497219107142 54.4999212173995 54.35382333351949 54.18268346930423 53.991416245089205 53.78980132122918 53.58963182417386 53.39762563220481 53.221781567054435
60.25345503526924 59.633406308737925 59.00038549093261 58.50111929053317 58.19951965146033 58.08491128723657 58.10931660284777 58.21970514904292 58.38268513103097 58.570710396955036 58.75958482228004 58.92763299114727 59.052947337517345 59.11359421573961 59.110167970573436 59.02511216180617 58.846192465748224 58.595549421739236 58.22194439277786 57.668905295144214 57.016662499343255 56.40999439364758 55.986913896632586 55.692633619837586 55.47787057113679 55.321680819039145 55.191772885895475 55.08287285571404 54.9959333642491 54.93262219495273 54.87640132769413 54.813740291390424 54.75052466195294 54.69271021202151 54.63716719155535 54.54296714043787 54.410276076346506 54.24544188260359 54.05394490145788 53.840168089373265 53.61445969686635 53.38792177310172 53.16753647906547 52.96218893983213
59.51761463377567 58.905237172296786 58.240158954059275 57.79785947997196 57.66244699406864 57.747455531637115 57.96024047594156 58.24203523289301 58.55626406427377 58.877763604710466 59.1869843377109 59.46633462427921 59.696741703738596 59.853578643806294 59.923028966761784 59.88914104385494 59.73625181559705 59.4881391607373 59.10635726159526 58.563471907970374 57.9236958284158 57.25905064138309 56.69317752961528 56.251715702991014 55.91404734371724 55.65904025239924 55.463968249803294 55.30120923799181 55.16867382195968 55.06509177698204 54.96548479748571 54.863735014231196 54.76484962898729 54.67408629152932 54.593399212181424 54.48221687068039 54.33232630530939 54.149405124771775 53.93820495469064 53.7024520302228 53.45320548339612 53.19988723957702 52.94925123979295 52.710532349907446
58.33791631666227 57.694092523993234 56.96885403015263 56.72858733412791 56.95029141509826 57.34472406739184 57.79923740969729 58.27307712674615 58.74486231214192 59.19972565697509 59.62567943554984 60.011576541991005 60.34448417981433 60.60402105128902 60.76193729795815 60.79296722910827 60.66017723640488 60.38498730149411 59.95606723446725 59.38193492396904 58.714766018215926 57.99804264882149 57.336359823437455 56.780382637994094 56.33116727089175 55.984435921952226 55.71977627865776 55.501457604095805 55.3213016162121 55.17590450822709 55.03784425063959 54.904867499427986 54.77984776534181 54.66528780384875 54.562626707693454 54.43526864962623 54.269361400981545 54.069812193698084 53.84049266231228 53.58466732584276 53.313788226278604 53.03483393907674 52.75362358883571 52.47865844807582
57.04655272443053 56.35791083633899 55.294423443424 55.551400578902864 56.29879657800002 57.01425221292088 57.697437198310176 58.34863137808337 58.96386341901299 59.537510495512535 60.06426582243722 60.53991543256825 60.95916433801732 61.31144295966651 61.57165124558709 61.70626175687115 61.576793727096 61.22185348817026 60.71231773254498 60.086414777903606 59.379782737876226 58.618128832314575 57.88977986129766 57.243487613613084 56.68320569915479 56.21949031698662 55.860339125308776 55.582283810215294 55.35597771416377 55.17400700612735 55.008026476395685 54.85669497644658 54.721426416349296 54.6032232456656 54.50253101529221 54.38275514437314 54.21819415743244 54.01020535865369 53.765396075701055 53.493105045285006 53.2042680842064 52.90317817505482 52.594051221798686 52.28320527675018
55.923323913382696 55.4537144787733 54.852432890882916 55.16149992245097 56.010723752592206 56.88149431099866 57.71374343237613 58.496927667092116 59.22446674176632 59.89086061312342 60.49295784523399 61.0296454202591 61.501194730565935 61.90680642909865 62.24861087754554 62.55789488659762 62.39067712840865 61.905670740354246 61.323521043981856 60.65506299279403 59.91557936480672 59.11042388895959 58.304486206121396 57.55620747177929 56.88874503761505 56.31976238821307 55.8631164122305 55.524140584928595 55.25978208942296 55.04948746488621 54.86539020006225 54.70628153275258 54.57195757968479 54.461709385549554 54.37454073798559 54.273561669456285 54.12840222876246 53.93993827451109 53.70778117451639 53.43329238515233 53.13210538748224 52.81528759437628 52.48532726770101 52.14554865200789
55.05440112873304 54.98145481608091 54.950755919831074 55.3245986737576 56.07490605928417 56.95999199807812 57.85968486644107 58.72487051875236 59.52993272793925 60.259960146656155 60.90698313711079 61.469264707873364 61.947981633566016 62.3450759195096 62.66909611390443 62.8977174618349 62.77837959006553 62.346790777533265 61.764327956299894 61.082480456242294 60.30263682494412 59.43212294162515 58.550034786937765 57.713259740232225 56.95097206948325 56.28712864923031 55.74099811106702 55.327403846960785 55.026231363950615 54.79426964190077 54.60061488744073 54.443826023810956 54.322250533487136 54.23308581706379 54.17306476479804 54.10161171308572 53.98621918944803 53.826619979573074 53.622517075880495 53.38017297037919 53.09950412178965 52.779395374129244 52.44033106224111 52.0872242732869
54.38826359991208 54.6607458254736 54.975601901819836 55.50001069815293 56.2607543824734 57.15881690423783 58.09950114073688 59.01852562933154 59.8766149680844 60.64549922299509 61.30898314126495 61.86348369300592 62.31351039073472 62.67301338572453 62.92805123383979 63.042729068303984 62.95791272755545 62.61321252526222 62.06315248804704 61.3590928284911 60.527766267097526 59.59015971119984 58.634889878478624 57.71549312437042 56.86465588719771 56.1102044771713 55.47852880561065 54.9898607648762 54.64060927696121 54.39079880821902 54.195009531780016 54.05046690068532 53.9541375347459 53.9008936063625 53.8841110321871 53.85499800742426 53.7823591713895 53.66415861640505 53.50192995653169 53.30393038325554 53.06762262418132 52.789221194540126 52.4652331958237 52.11961149774592
53.885289691934105 54.41214318201866 54.95956795041997 55.62675789525869 56.448750916151205 57.386715806647516 58.37344987646809 59.34861560729245 60.25558327133126 61.04956279571703 61.70911889176117 62.23472081293896 62.64984817622096 62.96298685120515 63.16003605023144 63.223751805964255 63.133681076511564 62.79877763202543 62.2364962443362 61.49182104672892 60.59391224714569 59.57626897249987 58.53887573579454 57.53260750776843 56.59532953468817 55.75947209072385 55.04982894535774 54.48787678091198 54.08747146237944 53.81415848435947 53.622825540365994 53.500594264157286 53.44301483518051 53.44226770835111 53.4865692844287 53.51553100156734 53.50108882632868 53.43975894104652 53.339073272398174 53.201626842250185 53.02422692899107 52.804897757637406 52.542279974259756 52.236200987797346
53.53072518291605 54.22374280546364 54.92702442498476 55.70899840074961 56.60189811502776 57.59375340098951 58.6378141743583 59.67777474563392 60.64816574064269 61.476853821812206 62.121428491977845 62.608615645570296 62.974873937236396 63.237176685369 63.38783114413101 63.42234774373371 63.286041973290565 62.89667462605458 62.2788653828338 61.462060423063114 60.475614410751355 59.3804382162175 58.27667092624465 57.20620399221381 56.20425997238356 55.30172165528273 54.525494940889295 53.89878837832469 53.43425722772478 53.10493599157653 52.889661989084736 52.77462459304777 52.760908090322786 52.83119996558234 52.955135626639304 53.06043269141457 53.12275225663262 53.140862426753465 53.12369574114091 53.06595130231214 52.96437351846095 52.8185274583228 52.630359417871134 52.403967405936626
53.30341508598977 54.0870664078503 54.88694866315529 55.75098278151685 56.7051269409327 57.74841827774871 58.85317223800206 59.96983346659929 61.032014480411526 61.92855034432986 62.5510042400509 62.967348455486004 63.26824481147384 63.47762784567836 63.58887853893257 63.582663158838905 63.34567585165246 62.86228915563359 62.163312534933326 61.27916492910395 60.226788351466496 59.085057015014854 57.934472880459595 56.81313839819159 55.756036484247815 54.795171522494655 53.959709780250265 53.27586571635812 52.76183605389186 52.388809921803855 52.13092880239484 51.99309958498789 51.97409893948871 52.072594824908606 52.26475309451393 52.465683040563164 52.62771571908562 52.75576764354328 52.84526648989317 52.888085388229214 52.88026838760719 52.82229532361157 52.718553662172305 52.57676076629827
53.16482099103869 53.9839224927965 54.83493189160835 55.74887592433427 56.744471846269995 57.82630693394073 58.97753865809619 60.16615931565198 61.3491112930445 62.411044265795304 62.92161053471654 63.24171851657394 63.479551828812845 63.64414561581677 63.72347178064637 63.60902019101133 63.255452049833174 62.69389531528133 61.9333943030861 60.985641531018416 59.872535281338756 58.6962490586291 57.50966659593831 56.348080330214515 55.24536741163365 54.234203322730146 53.34607063922494 52.610742672765035 52.05142720548687 51.6439821766671 51.36474298434405 51.20557178151769 51.18137971129413 51.29387746613633 51.4984537988599 51.73541768348151 52.00865757619905 52.275453143394024 52.495796351560564 52.6605388231776 52.76435253037 52.80791480308798 52.79711714188916 52.74193301048615
53.068650858814024 53.888685495601116 54.757402287086855 55.69194766586796 56.7088040555777 57.81487987557583 58.9901716147271 60.20354272514942 61.40435915606125 62.44959912982516 63.00035007243565 63.32364754369245 63.54861305735767 63.69149122940666 63.691763114569355 63.46694444697047 63.03851951591879 62.407578406344285 61.580914853530544 60.566418722632676 59.41359498953469 58.21603423100278 57.006369620312526 55.81609408386282 54.67714655604726 53.62248450805226 52.68617445357579 51.90252095429457 51.30006592118944 50.8582894566488 50.56845222138846 50.41313106972831 50.39023225947683 50.517875588335045 50.72866066789938 50.99927410858782 51.32852866118268 51.69930334936234 52.07237162139179 52.37963651335284 52.611865354881694 52.769374641860146 52.858913160082984 52.89199371637544
52.97732047681109 53.78209349032759 54.65018314403582 55.590809585557075 56.62216484925043 57.73276063831809 58.894367444563144 60.06610847827664 61.18229780548062 62.11918810563291 62.76459401706978 63.17326271334074 63.434469338039435 63.55828070941979 63.47302267479815 63.17938971604523 62.68041568099053 61.982303689198545 61.09181688419002 60.020360579310164 58.85986894549961 57.65814724470877 56.44082284582343 55.23454033520072 54.068307866877085 52.97489749208447 51.99141283977511 51.1582314621342 50.51027825309193 50.03251696691707 49.73315786392669 49.59452943535977 49.60531974820436 49.74382633357007 49.97835837245271 50.300668557888464 50.689278604749596 51.12398460094559 51.58702328996097 52.04742956538625 52.42265047887453 52.704565459795774 52.90052057826935 53.02338755707281
52.9036154274381 53.683806818178326 54.53649741122418 55.474928372186625 56.50252576862997 57.59327254899613 58.71142218492593 59.81123212480753 60.83198543960372 61.70213458131399 62.36680462445968 62.829716845539515 63.1119823017524 63.21269520873902 63.072302145705365 62.714071556777796 62.151653583240204 61.396356405382114 60.45398072057563 59.373812444722105 58.23281441728862 57.04861945424447 55.84219787036289 54.63431377302269 53.44949267506996 52.319462116519674 51.28483732469389 50.39428762970884 49.69082371785023 49.16999453668555 48.85657773348206 48.745771603230295 48.81151838834094 48.99453059500477 49.279769903622444 49.66237201474814 50.115007772199384 50.61411095586369 51.140519182946505 51.6807608215031 52.20215610794333 52.61600477688179 52.92245314023175 53.13587761367037
52.8557506639572 53.60213766421591 54.433242525533565 55.35725696799783 56.35950725008796 57.406220542659305 58.4596137191586 59.47731082529323 60.411665507538515 61.21171306595714 61.841618225096816 62.27470212666972 62.541826046043006 62.61540787128696 62.42698064552496 62.009959510227205 61.39583940900063 60.59833127396317 59.63944679058222 58.60701965525206 57.523741814434025 56.39994283871732 55.242956588226534 54.059895123222226 52.86651571988439 51.699384399386695 50.60337173602479 49.63823016464152 48.85742458505501 48.27796953087382 47.94404744470261 47.873444123983774 48.020969796615894 48.294521026480325 48.655360968691504 49.10881618467376 49.63015279251851 50.192844754603726 50.777269640364366 51.370115069463765 51.9644682284801 52.51085337233632 52.92890377058935 53.23196778488251
