_RESULTS/CROSS_VALIDATION_POSTPROCESSED_80-20/Berg/GZ/9comp/3/Berg_GZ_z_63_kriged_reverse_9comp_spherical_3.asc
ncols 100
nrows 90
xllcorner 5.6208707817415728
yllcorner 50.959635321741573
cellsize 0.00013419651685393446
nodata_value 1.7014100000000001E+038
[rows 0 to 17 of 90, columns 41 to 81 of 100]
0.016101465198514065 0.01801356803358188 0.020526076355271053 0.02393000589153089 0.028626491204422833 0.03514459276767931 0.0441836735037123 0.05670557406838516 0.06290309749838292 0.05483724476378967 0.04879818535845921 0.0444755805604837 0.04093039769966702 0.03767072822122024 0.034638604373126526 0.031798777129973185 0.029130247980938613 0.02662073528418322 0.02426303443680396 0.022052629465796603 0.01998615019230683 0.01806042309611978 0.016436576294723493 0.015225328962621194 0.014372616114769903 0.01384393479555129 0.013623128808535454 0.013615738540758026 0.013615738540758026 0.013615738540758026 0.013615738540758026 0.013615738540758026 0.013615738540758026 0.013615738540758026 0.013615738540758026 0.013615738540758026 0.013615738540758026 0.013615738540758026 0.013615738540758026 0.013615738540758026 0.013615738540758026
0.01806248207818782 0.019918840742194275 0.022294417718136075 0.025512681982903365 0.02997320082045226 0.03606277392123516 0.04394427065317994 0.05253067658401824 0.05579404121049351 0.05137602226352088 0.04569172518512715 0.04090351097931125 0.037379243082627286 0.034874102141248475 0.032484889421512037 0.0301590001257235 0.027905122978660706 0.02573143700273475 0.023645693524230692 0.021654802804430048 0.01976442048214565 0.017978668978827776 0.016388115754024223 0.015192340235829792 0.014351892258611436 0.013833354317115661 0.013621408586584827 0.013615738540758026 0.013615738540758026 0.013615738540758026 0.013615738540758026 0.013615738540758026 0.013615738540758026 0.013615738540758026 0.013615738540758026 0.013615738540758026 0.013615738540758026 0.013615738540758026 0.013615738540758026 0.013615738540758026 0.013615738540758026
0.0215967369993388 0.02327232002923208 0.02530411819634285 0.028107825333337423 0.032116217677454394 0.03747269924182671 0.04365947304023356 0.048973050414350856 0.05064503185382607 0.047972698700654834 0.04326827403220106 0.038511899585435605 0.03455070061810711 0.03166917118087823 0.02983134203661085 0.02810448415138152 0.02633222769404597 0.024548682077873175 0.0227800068096279 0.021046759041208573 0.019365089496131287 0.01774743606979815 0.016246330766475314 0.015096001081153944 0.01429172027377875 0.013803216341966391 0.013617619202258109 0.013615738540758026 0.013615738540758026 0.013615738540758026 0.013615738540758026 0.013615738540758026 0.013615738540758026 0.013615738540758026 0.013615738540758026 0.013615738540758026 0.013615738540758026 0.013615738540758026 0.013615738540758026 0.013615738540758026 0.013615738540758026
0.027669615795226823 0.028886260127086446 0.03011869203894605 0.03209457963174811 0.035558819063126135 0.040421442580909746 0.045538240773789734 0.049161004955092354 0.04972685225458455 0.047072498076560644 0.04251377557223417 0.03755268736463944 0.03311875596801604 0.029625354964293492 0.02721519178606539 0.02583769276766625 0.024554533553808593 0.023174959262079024 0.021740175656775915 0.020282530363092757 0.018825780336797382 0.017358169656377997 0.015942074245384567 0.01484304239178963 0.014103817240616523 0.013694216062000098 0.01359104494413888 0.013615446655142253 0.013615738540758026 0.013615738540758026 0.013615738540758026 0.013615738540758026 0.013615738540758026 0.013615738540758026 0.013615738540758026 0.013615738540758026 0.013615738540758026 0.013615738540758026 0.013615738540758026 0.013615738540758026 0.013615738540758026
0.03839186678071538 0.03859691435044738 0.03799777207810796 0.038154121668118386 0.041224479153035024 0.04647304516393946 0.051316512100924645 0.053834889089400526 0.05310885792470193 0.04944277920862749 0.0440588994837517 0.038296053017009536 0.03307068593472642 0.028826803154865823 0.02570557034926938 0.023720053738054678 0.022711880408738897 0.021668636500454794 0.020307862614691252 0.01878153994864522 0.017232050023094327 0.015753854169848182 0.014408212151684379 0.013409432130767656 0.012808006813004341 0.012571707216735853 0.012677205764546876 0.01292690363051089 0.013200530631569599 0.013446142938705339 0.01359796518860127 0.013615738540758026 0.013615738540758026 0.013615738540758026 0.013615738540758026 0.013615738540758026 0.013615738540758026 0.013615738540758026 0.013615738540758026 0.013615738540758026 0.013615738540758026
0.05274092934861591 0.0508784195542613 0.047001492629003605 0.042952040309380476 0.04764413287248709 0.056030727887389754 0.06231763506562121 0.06451366430577644 0.06182313245973977 0.055855380434595446 0.04846311834431951 0.041039506967024186 0.03447997863450795 0.029180522096363223 0.02521297458136435 0.022399926896914193 0.020384941931090975 0.018954435701331967 0.01737878674221581 0.015779509560190683 0.014273702239639679 0.012927496137298135 0.011772373691301966 0.010961530033530361 0.010537258600961172 0.010471881361453236 0.010735175374094371 0.011154050627374772 0.011670120287587306 0.012241051082933305 0.012805573397248545 0.013282254896876197 0.013572951853420208 0.013615738540758026 0.013615738540758026 0.013615738540758026 0.013615738540758026 0.013615738540758026 0.013615738540758026 0.013615738540758026 0.013615738540758026
0.06667562650482982 0.06324793802896501 0.0574086474282518 0.05139226050467668 0.056255009027926996 0.06541039421134573 0.07230667188559153 0.07511906426632425 0.0730600044686743 0.06644336654575658 0.056544372271339974 0.046200576091031245 0.037503067150278416 0.030649607483643843 0.025011948151922415 0.020552061533165158 0.01731509576711284 0.015212231461122385 0.013614870545118694 0.012112825142141041 0.01078466842661662 0.009663776726608035 0.00875663636698797 0.008162799631083698 0.007905991145225697 0.00796708197777858 0.008301347315081333 0.008799768279698248 0.009447613436598883 0.01022203774234461 0.01108117645185853 0.011957724524455298 0.012755440223315097 0.013352188244970906 0.01361311172040083 0.013615738540758026 0.013615738540758026 0.013615738540758026 0.013615738540758026 0.013615738540758026 0.013615738540758026
0.0782416576786235 0.0748443138916055 0.06999153350174568 0.06670770003393037 0.06863892305919779 0.07403741571758558 0.07886013278410708 0.08081622084173933 0.07893848282023783 0.0732127077052858 0.06437275491283251 0.053614567134058495 0.042134302768589205 0.03184756576819767 0.023848983664932592 0.018041020774255432 0.014043011350025565 0.011445611129302155 0.00985435210264941 0.008568406164524265 0.007492373566822268 0.006630575359121132 0.005972209165827393 0.0055758494320452675 0.005446391077062418 0.005572674418187107 0.005896564775115277 0.006386672391618124 0.007048841222148131 0.007882505412091605 0.008872799797725041 0.009980791906724337 0.01113369591275545 0.012218798560046751 0.013086469713478625 0.013567618546299835 0.013615738540758026 0.013615738540758026 0.013615738540758026 0.013615738540758026 0.013615738540758026
0.08471061533444721 0.08239161171662504 0.0789827927340641 0.07656659314487796 0.07655518666617134 0.0783265939520895 0.08001756292185051 0.08010730610664457 0.07784253070073537 0.0731163115895041 0.06609328880418834 0.056692915143386584 0.04447373076273618 0.031936504053759314 0.021875094860822914 0.015195022716305576 0.010906533141811888 0.00823452407859205 0.006651585318325066 0.005633495880566914 0.0048244769415115496 0.004207141676798895 0.003762032385086464 0.003518303498835338 0.0034687760145133153 0.0035989799261989773 0.0038703432903834352 0.004291079488695662 0.004879058821811865 0.00565225802874074 0.006621866407027636 0.007781933774886026 0.009096025303919173 0.010483444451518891 0.011810459526791784 0.012894389984883495 0.013528051769455486 0.013615738540758026 0.013615738540758026 0.013615738540758026 0.013615738540758026
0.08511859447117379 0.08549689888975817 0.08439135856072351 0.08271614774065501 0.08133636584584641 0.08033199244434003 0.07911796188788481 0.07702659547688881 0.07363702003127424 0.06882311513809924 0.06212305304579527 0.05191254609532522 0.04020906700870026 0.02894942124000104 0.01929316726306012 0.012310042601720158 0.00814292750269072 0.005696067831063864 0.004283650011674432 0.0034832913685130173 0.0029085417991363796 0.002488717288751173 0.0022050304014566884 0.002065329615282315 0.002056619362391866 0.002157359899622177 0.0023617701791255313 0.0026863162806627016 0.0031548172266267246 0.0037965308995699153 0.004641682920803349 0.005713001469828937 0.007012249198761559 0.008502368798179413 0.010089051120353978 0.011609776376819467 0.012841527369597833 0.013536744945105025 0.013615738540758026 0.013615738540758026 0.013615738540758026
0.08374852726204855 0.08728340929130053 0.08806843123190695 0.08649439206605485 0.08354906618758123 0.08006855829009073 0.07640463574884512 0.07254300169348665 0.0683215131286704 0.06327482432347904 0.054801329521172136 0.043995327513933404 0.032955105351113075 0.02328397455703371 0.015595594047750468 0.00989347931098714 0.00609091768580478 0.003963139939392361 0.0027780077818962876 0.0021325408965233604 0.0017243819827343363 0.001434397066323147 0.001245276730811983 0.0011539956178639563 0.0011454845575919364 0.001207694573591947 0.0013482614408237945 0.0015775401155118062 0.0019195566401009015 0.002407373381164003 0.0030810925898522366 0.003982688910669082 0.005145223446883589 0.006575058441518237 0.008228258379716013 0.009987212232498282 0.011649456522165222 0.01294397337040924 0.01358537651435489 0.013615738540758026 0.013615738540758026
0.08056130677693035 0.08728395553571817 0.0895632992294694 0.08739212119777993 0.08243427710009407 0.07658141291395149 0.07097957490198796 0.06598203695669401 0.06146024262339777 0.05483075257235621 0.04562790113624239 0.03579670252898121 0.02649265497433772 0.01851865488449171 0.01226151090917825 0.007725272861532236 0.0046591286769227256 0.0028199004200598968 0.00184128966958644 0.0013208935883357357 0.001027556170091237 0.0008271523300110199 0.0007023232202039713 0.0006409869928420235 0.0006262942731473117 0.0006551122446380006 0.0007334191419413924 0.0008761408049298925 0.0011077074726380492 0.0014533086998410898 0.0019540117548860728 0.0026607257004521126 0.003626714640772352 0.004893115516288877 0.0064650707793995005 0.008281143357847576 0.010185921305849631 0.011923330813089095 0.013169842371768898 0.013615738540758026 0.013615738540758026
0.07532749784411019 0.08535665828389813 0.08863047099404127 0.0848527193215175 0.07726470938307786 0.06924089815851403 0.062441115606340164 0.05715946587344729 0.05210024426289568 0.045200729792933096 0.037244971001813794 0.029034937028909774 0.02136240507536166 0.014826624946740695 0.009723243844323827 0.006048133954165817 0.0035898990809989334 0.0020568149230463214 0.001249855886583903 0.0008363736795900138 0.0006187559405771677 0.000479830672870736 0.0003972314682693185 0.000353700202566058 0.00033961399579991833 0.0003527460216519973 0.00039596359290946793 0.000478206812959105 0.0006169781997038399 0.0008431032440191871 0.0011956241561549793 0.0017206142934707285 0.0024804770980513635 0.003538961541839237 0.004940817631739818 0.0066796426175631165 0.008659859554265337 0.010669027031478272 0.01238474044404349 0.013436535752756431 0.013615738540758026
0.07037106199452356 0.08439619309589205 0.08731865394955823 0.07931583104854564 0.06778332504940093 0.057932298552954516 0.051046897273182436 0.046568610341135436 0.04206176681450573 0.03649148882504645 0.030166180984520993 0.02360060297392822 0.017393616958610345 0.012050626372962345 0.007852646220432498 0.004828319414632276 0.0028176842671172294 0.001573994582945622 0.000873435100282731 0.000543521054948447 0.00037877103365182516 0.00028183555048763494 0.0002248642615268784 0.00019413049068333878 0.00018298972634604754 0.00018898878277473654 0.0002134090212654392 0.00026172333233827805 0.0003452131833784111 0.00048427145735054024 0.000714365068893884 0.001089019814203456 0.0016642109056231816 0.002513951016173132 0.003709934198935089 0.005291545313723972 0.007223443966903177 0.009352239100308784 0.011387424119839637 0.01293648020183924 0.013620962112607953
0.06490076652753966 0.08579682836204112 0.08707280784396974 0.07150129542494023 0.05561119297466932 0.04480108470903977 0.03867630086273868 0.035686694177755704 0.0326654450639519 0.0288881212646565 0.024341387683240814 0.019353361679668404 0.01442477875349017 0.010044598730413443 0.006532606429737202 0.003978663577679391 0.0022823133987967107 0.001244141268932846 0.0006524530729409756 0.000364895962680178 0.0002374652564744746 0.00016761105557833126 0.00012741772497557093 0.00010618253692115856 9.814620321738897e-05 0.00010101192967232752 0.00011528930119297726 0.00014444343971111256 0.00019596398217521503 0.0002837110800522107 0.0004322641477985262 0.0006845515843392097 0.0011084419058097342 0.0017739459811930388 0.002766176203899526 0.004157798748070609 0.005965861622603157 0.008099278253052516 0.010318818624443858 0.012263135647920854 0.01349943414079146
0.05440221488358463 0.0886738654960266 0.08369407305565976 0.0568912130586256 0.0400225787094066 0.031424073137768856 0.028035320825032965 0.02638222850605846 0.024665344652982837 0.02253692662425946 0.019713321817477675 0.016147914335762834 0.012300552552902631 0.00868040888638728 0.00566909612363346 0.0034319072200191076 0.0019360483089644717 0.001027634022920564 0.0005200037893128182 0.0002619036380806838 0.00015319684474879194 0.0001010771739175329 7.252585245539406e-05 5.798233333316509e-05 5.2486914079976565e-05 5.402696735476152e-05 6.276181477940469e-05 8.099152423343985e-05 0.00011388298631730285 0.0001711899927067869 0.00027051606540841647 0.00044312166202954624 0.0007439446338690784 0.0012585062845230713 0.002070773412090592 0.003273178643132882 0.00492359989562696 0.006989020123125925 0.009307976007645668 0.011547618077021203 0.013243899645608683
0.03209805098816867 0.07614795374371118 0.05730934998881521 0.0331152220178813 0.023207104186399742 0.019575003231113716 0.01898035403021807 0.01888471322827439 0.018469190082978724 0.01743887197327592 0.015716713757222476 0.013380401440992996 0.010520256316842473 0.007596310593323761 0.005031994840901291 0.0030618884066628414 0.001717972526952514 0.0008951055972908493 0.0004369083591317438 0.00020276500269569598 0.0001042282882004465 6.233325098558621e-05 4.165393088396967e-05 3.1663359040286324e-05 2.8031705698944122e-05 2.9035300481792072e-05 3.469383029332958e-05 4.663088065679673e-05 6.858590081648648e-05 0.00010772554907789668 0.00017717672353853895 0.0003005818098264231 0.0005200261912060851 0.0009094721169477744 0.0015740926478156768 0.002607849209775621 0.004097657203117504 0.006071672771805148 0.008425848153062078 0.010867783570884424 0.012933056572213069
0.010289381848662004 0.016058852538881067 0.015947586209342494 0.012335136675506678 0.010584242134702795 0.010572075899219201 0.011665356595292666 0.012783626347050348 0.013487345259186474 0.013472974757185608 0.01262812786690206 0.011066837452393128 0.009038816873536783 0.006733957921623753 0.004555821196733274 0.002801757360986223 0.0015688958831037323 0.0008017851725709119 0.0003772526525114801 0.00016732658468472577 7.649905692264276e-05 3.999177368431018e-05 2.429873068203368e-05 1.7320063820498633e-05 1.4975533363230306e-05 1.577906708127492e-05 1.9711060656683762e-05 2.8006448256626417e-05 4.353275777058108e-05 7.183618101774832e-05 0.00012318660253725266 0.00021627570303927435 0.00038467995356791714 0.0006878481419509767 0.0012287442011021052 0.0021235890519934407 0.0034751482533613067 0.005352816113790446 0.0077023640169040595 0.010279079434563021 0.012633283166725785
