_RESULTS/CROSS_VALIDATION_POSTPROCESSED_80-20/Berg/GZ/9comp/3/Berg_GZ_z_0_kriged_reverse_9comp_spherical_3.asc
ncols 100
nrows 90
xllcorner 5.6208707817415728
yllcorner 50.959635321741573
cellsize 0.00013419651685393446
nodata_value 1.7014100000000001E+038
[rows 54 to 71 of 90, columns 0 to 39 of 100]
0.03251992594195308 0.038857112679583014 0.0450670383197025 0.050845699277250085 0.056022491077273 0.060456812854507304 0.06395898985450063 0.0662753028676895 0.06712658453517048 0.06627704555926874 0.06360961902621337 0.059186916801377526 0.05328124372263116 0.04636059530441704 0.03926140613267069 0.03310006644594808 0.02795818563846079 0.023841182282215052 0.02072750378556428 0.01826521309890897 0.01623762779298735 0.014696916950853386 0.013659974912480605 0.013139352011761463 0.013169233487584716 0.013636532395434692 0.014809965905590425 0.017030495107066095 0.0207196389547223 0.026021174773080694 0.03179605857579348 0.037637277543458664 0.03967670090378415 0.0272795599952585 0.016710730459147748 0.009590291309115602 0.005176566654182974 0.0026314804695923293 0.001261040599089247 0.0005704194567435862
0.022662987888770428 0.027287324362742286 0.032257807383018124 0.03740775793124994 0.042594285704593 0.047671803274355676 0.05245415933480118 0.05668893943135249 0.06005428144645943 0.062180641648800515 0.06269824779190197 0.06131148575094094 0.05789733181557369 0.052606694059983125 0.04615878502479274 0.039948379017594196 0.03432378493049333 0.029532857369783914 0.0257023245262063 0.022416226446209907 0.019682056625375265 0.017579270344379 0.016120653137181622 0.015301920718282605 0.015029613371534016 0.015111032878840035 0.015680061433257553 0.01716881774375263 0.01983286144770545 0.02355144671133416 0.02687296949264406 0.02871672803961093 0.026809232890455795 0.020055697188320065 0.012786300686896823 0.007415680695362352 0.00400245660335214 0.002027923706393429 0.00096912355814663 0.0004384939495749385
0.016166269905652748 0.01957193315799847 0.023485777899367177 0.027867576426242633 0.03267197556867091 0.03783754039997516 0.04326376372473367 0.048782190949635915 0.05412704884175984 0.05891069417206686 0.06261424321848108 0.06461637996933257 0.06429870533146052 0.06125834137103313 0.055786285492996884 0.04949043347811113 0.04308797059128014 0.03720815798563204 0.032114198389371455 0.027545675014154603 0.023760847862158117 0.02085187634344212 0.018799665418883796 0.017497101121590242 0.01664410213972401 0.016200619627421732 0.01616774209905919 0.01674793283450981 0.018220088155774732 0.020316403142214983 0.02156359418923461 0.021200681613541952 0.0186886588724339 0.014314222524299473 0.009512437804438873 0.005686804574617027 0.0031344103422201526 0.0016152164223371345 0.0007851585346818884 0.000362587368211701
0.011825784505489389 0.014366460202587649 0.017440219657917155 0.02109146678327951 0.025366542786282573 0.03030775356255725 0.03593826999568442 0.042235500015220855 0.049089299778015495 0.05624005945279051 0.0631952022051272 0.06914244815986188 0.07293257770656301 0.07328890383162145 0.0695131856346313 0.06311261770632151 0.05537646308793066 0.04762975494518727 0.04027333969473654 0.03374044833622208 0.028446059507971425 0.024437983583564058 0.02156470757363219 0.019410141865609694 0.017837208993470684 0.01677375264367983 0.01615785589038128 0.015940028223779962 0.016296696639613244 0.017102559139431376 0.017104254917075633 0.015901885497257094 0.013543565334932988 0.010452418582309312 0.0071616384876806195 0.004428729633981211 0.002520164137817085 0.0013393586380521945 0.0006724141957426926 0.00032206802489634595
0.008887704569282057 0.010810870570989456 0.01323463874375173 0.016251356350991203 0.019972562303380622 0.024529931417153684 0.03007122288541198 0.036746362732522866 0.044680714619934954 0.053914474228036885 0.06420838884066883 0.0748377994340518 0.08428287989045763 0.09007987607136089 0.08955989683432283 0.08307070397628215 0.07284820907750923 0.06146854922271244 0.05035418218067923 0.04092311987651345 0.033580947050844245 0.028126476532510856 0.023959158800271024 0.020805178764707128 0.018466614223277337 0.016777293472311085 0.015603943772450954 0.014837754349939208 0.014387943265223422 0.014288116391550707 0.013669720150182092 0.012249552612364151 0.010218620815841007 0.007920048440948067 0.005567759324171922 0.003561043756361025 0.002102998385851122 0.001162618367382464 0.000609165262044439 0.0003060769431615131
0.00687659188980727 0.008354865972489009 0.01028071477340584 0.012768461183874933 0.015967864445524216 0.02012049462192841 0.02552228118643963 0.03250256628286157 0.04144284212513145 0.05273577884379316 0.06666111155276526 0.08306528024238141 0.10063692708071617 0.11566497781130879 0.12153342875170522 0.11421410768083352 0.09807260259560473 0.07908290085400002 0.06207055232304377 0.048678932588755615 0.038687218949957324 0.031180417819667215 0.025602300862349138 0.021482155188608645 0.018449497581256854 0.01622634676496215 0.014606562900649388 0.013434675506033666 0.012587729607550939 0.011962228379260888 0.011096602866144372 0.009718942284174224 0.008023211358708864 0.006255736004416475 0.004508364579996897 0.002982571842936438 0.001832871009055032 0.0010593400464963844 0.0005830326929256876 0.0003094557687235343
0.00549032298185549 0.006644777815248034 0.00819204236609687 0.010302039762092248 0.013185969413440508 0.017111584555642375 0.02244377785065745 0.02967575879493657 0.03946630269191291 0.052674200382384455 0.07035390938787502 0.09358529436890253 0.12270597942087785 0.15460916117844775 0.17618587356807192 0.16739687000422718 0.13535163237290648 0.10128695378234286 0.07477454936755219 0.05576444268514506 0.042427249783183005 0.03296466846055196 0.026193698075504396 0.02131801528558127 0.01778064201077063 0.015195274999727984 0.01329250126754026 0.011881324041354193 0.010822805259593057 0.010013070586685009 0.00917860725398305 0.00794586542050957 0.006547922771266384 0.005156694216022703 0.003813388855049439 0.002611252802150444 0.0016724613484608883 0.0010133103182342767 0.0005878306246616526 0.000330729725644917
0.004535310472141186 0.005473434902068011 0.006819782220244463 0.008723974543913196 0.01140102618123116 0.015159066507033268 0.0204383315888562 0.02786835934170479 0.03835236380244756 0.05319165735561431 0.07426429762054655 0.10425185040021255 0.1467569775496643 0.20508991796257978 0.26890423028250976 0.25618267165026914 0.18268512485495975 0.12495157270185715 0.08620943210464993 0.06080174390992079 0.04410750272487647 0.033048617079613915 0.025575662184458798 0.020308117575326804 0.016537388229546136 0.013802301252961764 0.011793511092915644 0.010300053296586092 0.009175582565425522 0.0083173798245776 0.00761513601666074 0.0066728689414253094 0.005546004351692486 0.004434167482239551 0.003369834429849816 0.0023905805300578884 0.0015972896333276744 0.001015740711981726 0.0006218987619121332 0.00037125553399153217
0.0038584554974582844 0.004736340541783432 0.005990280087947976 0.0077727760170756485 0.010323381269372147 0.013987039208107314 0.019259945611481477 0.02687142616842376 0.03789865219248439 0.053945377294199306 0.0774262496942436 0.11202718771854248 0.16345442273951577 0.24057401067372838 0.35390205227250743 0.3321733097681163 0.21314033479740022 0.1383646804396251 0.0918211602567372 0.06254028747361372 0.04386752981549844 0.03178643522507074 0.023861593755329095 0.01858035233972295 0.014867000814665568 0.012189611906663388 0.01023178384532991 0.008781544457279975 0.007695044575516139 0.006874016604537233 0.00625190751783719 0.0056155627520575995 0.004812114759904096 0.003964859964911297 0.003106743575884763 0.0022851981353636023 0.0015935752440132936 0.0010638549439542274 0.0006874017825649563 0.0004351130271220806
0.0033878432247721447 0.004223974742459068 0.0054361290723163236 0.0071876269115418116 0.009722232584720662 0.013402170755336644 0.01876402466814623 0.026599920110383396 0.03807325960786089 0.05487724996751809 0.07942906416416656 0.11501395707525486 0.1654245787410479 0.23123341635463363 0.28966087665151713 0.27468805262254387 0.20031746777335657 0.13456144286413368 0.08960741536122115 0.06042581101829286 0.04166170768542209 0.029542645635810022 0.021639296408842955 0.016429839074311843 0.012956850146500856 0.010501101339549998 0.008709776537585662 0.0073878084824278815 0.006403401345195055 0.005667187839179448 0.00511906475123387 0.004692947457379232 0.004171944210859925 0.0035852911557347246 0.0029399806618324274 0.0022646726924659957 0.001654997845174999 0.0011601819548124404 0.00079083990610788 0.0005327266820352102
0.003069036118511489 0.0038741281424262714 0.005055132499096524 0.0067831769290671974 0.009314617579398067 0.013029704022150451 0.01848594400156391 0.026487692627438872 0.03816751926138466 0.0550560993221621 0.07906143208210929 0.11211467592932806 0.1542225334569426 0.19813398571006113 0.22496861982005562 0.21250461337406634 0.168003915221213 0.11919700987171106 0.08141214593242517 0.05529490027676089 0.03796741598792485 0.026619150325654206 0.019185682005704256 0.014287363719732066 0.011037057615526083 0.00886183625058828 0.007303818797559099 0.006155794630157576 0.005304812541570339 0.004673987819338432 0.004211520269081924 0.0038836584248461586 0.0035962984440706144 0.0032361692280921724 0.0027794317088154826 0.0022517899697845766 0.0017401382305313828 0.0013055017444956938 0.0009594618425879197 0.0006967551027838624
0.0028688588782493536 0.003655398167656494 0.004819900278378464 0.006539728764683413 0.009080311116414575 0.012832115662445954 0.018356616902915235 0.026434887738338634 0.0380990047793086 0.05459651597848747 0.07715742682034465 0.10565833099126998 0.13730474803110834 0.16493916086583707 0.17720781840857264 0.16602394944522125 0.13620784709700404 0.101051436738829 0.07079109043921779 0.048707133667420105 0.033543127853453716 0.023414224189494546 0.016714001691120674 0.01228233406419362 0.009339674549023161 0.007380226800872226 0.006061971663771169 0.005101506363589679 0.004391345332482796 0.00386871681736902 0.0034910986211649686 0.0032308125765859014 0.003069947797470756 0.0029005859937938565 0.0026107717653357414 0.0022474726677972237 0.0018712357724195799 0.0015157726613077448 0.0012026054016547032 0.0009415114990337245
0.0027689684389928535 0.003551226993249527 0.0047178598516750495 0.006452739942895832 0.009029997975746544 0.012848121798820587 0.01846614924377949 0.026627722332222343 0.03824082680727515 0.05404884134553023 0.07414652319347724 0.09739740233960373 0.12049647832995915 0.13769403517258985 0.14255481732789155 0.13218111454388304 0.11020385790788689 0.08418224361520155 0.060416652239465504 0.042032487687521984 0.02908450065823648 0.02028409361428155 0.014402258465202713 0.010491967069399791 0.00789074330356328 0.006157756024931467 0.0050078825301155235 0.004224745788815951 0.003647491370990362 0.0032254361676710003 0.0029252080534770773 0.002725247546370749 0.002613517610989605 0.002574954522678812 0.002475662053755922 0.0022952396126478445 0.0020608728941494234 0.0018010934236709216 0.0015407755391604605 0.0012982924692960425
0.002762334140933702 0.0035568553842740065 0.004748884788241303 0.006531045781332103 0.009189303300260434 0.01313423421597778 0.018914299743562516 0.02714422109913252 0.03841957706199796 0.053040640938522905 0.07057369606194641 0.08933444548733649 0.10610368911796611 0.11662876836077453 0.11731842457276088 0.10746513904676923 0.09003060984562139 0.06989229034541888 0.05119975406304306 0.036071978896614516 0.0250439148623108 0.017466640415855224 0.012364302400863319 0.00895784524439773 0.006687748122011408 0.005174746839351815 0.0041704300975112475 0.003514202604565789 0.0030538109390792077 0.0027196515171211836 0.002486563443571537 0.002338614070203067 0.002278200160822552 0.002320560480151276 0.002382653195232905 0.0023791705045289515 0.002302979271156592 0.0021699476406465946 0.0019994393348616107 0.0018107700778263762
0.0028497856261947754 0.0036748674931697837 0.00491647325304694 0.006773832862998189 0.009534541895863393 0.013590952390798189 0.01943262488431483 0.02758168412351181 0.038427595873806515 0.05193323766765891 0.06725556403884503 0.08246057934518032 0.0946454522707589 0.10073540625553595 0.09881903595967786 0.08925316959455652 0.07459924984859402 0.058318954358363886 0.0432582942561812 0.03092372631164081 0.02162918787648692 0.01507659887525653 0.010650407035294797 0.007689514410299919 0.00571479901985033 0.004398801872796296 0.0035256186505942338 0.002956714406760757 0.0025898473100036856 0.00232946924771725 0.0021529054709178925 0.002058378006155549 0.002082525899646994 0.00218598914077952 0.0023222440394769354 0.00247987648535618 0.002586982216924328 0.002626473539862062 0.002604522435162985 0.0025324574592303153
0.0029753748323903422 0.0038317676154660772 0.005117847984793954 0.0070356125574520525 0.009872347315668733 0.014010051689897213 0.019903159936137525 0.027988201809656364 0.038486117244605676 0.05109522514232155 0.06467662099466057 0.07716873661983502 0.08598912564259661 0.08893636580748654 0.08517820141367795 0.07568656994519903 0.06278144411910622 0.049093955362554786 0.03663816122538942 0.02644447496352968 0.018705981212989106 0.013130140301787793 0.009264443721946935 0.006674479304894155 0.0049483700190233095 0.0037991151551526213 0.003037515341412423 0.002542133681530841 0.002236328153226549 0.002036376203009258 0.001911307817436957 0.001896914149081584 0.001995189918983416 0.00215340804150202 0.00235671593828949 0.0026045445973135475 0.0028940345757515825 0.003164564971691249 0.0033753783374888056 0.0035212820058966665
0.003111473409851279 0.003993682269991174 0.0053166288802128404 0.0072848990240830976 0.010187115407886554 0.01440109068118242 0.02036128916219525 0.028447940638006736 0.03875857000954911 0.05077983489337666 0.06311764816791361 0.07358274256568174 0.0798324261713064 0.08033805130425867 0.07506964104951717 0.06544541320930032 0.053641257956250445 0.04174306726016425 0.031187911217952047 0.022636697029633415 0.016149020553024047 0.011450955602630167 0.008154989948358091 0.005889101951831436 0.004362862368036934 0.0033485752314872273 0.0026778456401526838 0.0022430433301476424 0.0019777802412289545 0.0018260593356056178 0.0017725872179811836 0.0018342037622525783 0.0019932191000810893 0.002211800882243445 0.00249384478428857 0.0028446236687766336 0.0032682894252652472 0.0037658420861386172 0.0043130892537514495 0.004826346308620394
0.003258656133426434 0.004159946641222942 0.005510596167784487 0.007517772301672642 0.010473974329048334 0.014761669907242 0.020816622577303677 0.029002229811452923 0.039345635551854975 0.05115868700283155 0.06276490880569105 0.0717455388199874 0.07588223555832879 0.07423893413222334 0.06752443038998751 0.057566233314050475 0.04644327593616617 0.03582396131216047 0.026698639329428155 0.01942922663762861 0.013950067958623746 0.009981263520029848 0.007185541729504785 0.0052598316470102695 0.003944137317955293 0.003049181525903855 0.002448673341967518 0.0020581732745691378 0.0018199306644021234 0.001712815323835402 0.001727093954725632 0.0018569895162148208 0.0020702207373737395 0.0023612222824732636 0.0027425965104460803 0.0032293272467329146 0.003836772804903657 0.004577616759456714 0.005457219918383122 0.0064665140370645125
