_RESULTS/CROSS_VALIDATION_POSTPROCESSED_80-20/MHZ/TZ/8comp/2/MHZ_TZ_z_250_kriged_reverse_8comp_spherical_2.asc
ncols 100
nrows 81
xllcorner 5.5967107548124995
yllcorner 50.982328804812504
cellsize 0.00017565037499993607
nodata_value 1.7014100000000001E+038
[rows 0 to 18 of 81, columns 43 to 85 of 100]
28.759739667110185 28.578950674035376 28.366330549730005 28.13233979219926 27.887071384061592 27.63994317799407 27.399611505370558 27.173998738654376 26.97036670304801 26.795399941411418 26.655282441950035 26.555761361273845 26.502195351629048 26.494148440340137 26.494148440340137 26.494148440340137 26.494148440340137 26.494148440340137 26.494148440340137 26.494148440340137 26.494148440340137 26.494148440340137 26.494148440340137 26.494148440340137 26.494148440340137 26.494148440340137 26.494148440340137 26.494148440340137 26.494148440340137 26.494148440340137 26.494148440340137 26.494148440340137 26.494148440340137 26.494148440340137 26.494148440340137 26.494148440340137 26.494148440340137 26.494148440340137 26.494148440340137 26.494148440340137 26.494148440340137 26.494148440340137 26.494148440340137
29.144085168436106 28.934113429593257 28.68772956074805 28.418615784911154 28.138482843949 27.857444223463467 27.584500343602368 27.32770541818293 27.094334053882 26.891021923296016 26.723876213737647 26.598558741245842 26.52034558101038 26.494148440340137 26.494078178962415 26.49387309874133 26.493652389331068 26.49350542308341 26.493482249271473 26.49359031392397 26.493793917612248 26.494016688203143 26.494145760309006 26.494148440340137 26.494148440340137 26.494148440340137 26.494148440340137 26.494148440340137 26.494148440340137 26.494148440340137 26.494148440340137 26.494148440340137 26.494148440340137 26.494148440340137 26.494148440340137 26.494561707214693 26.495670554513644 26.496988738798873 26.498128321165243 26.49881868955096 26.498913348304104 26.498393017555493 26.497366010311175
29.517206127871138 29.276978176885105 28.998281194483365 28.695005455660695 28.379773416500488 28.06534339444567 27.761066935554318 27.47489950008552 27.213955249554502 26.984695593472242 26.79306164303072 26.644463690878528 26.543670836371575 26.495668166789937 26.491511487850705 26.490510952003294 26.489716476229695 26.48924885927355 26.48917806946428 26.48951464932342 26.490208363652634 26.491154510052965 26.492205919679947 26.49318674001215 26.493903001635605 26.494148440340137 26.494148440340137 26.494148440340137 26.494148440340137 26.494148440340137 26.494148440340137 26.494148440340137 26.494218136871815 26.495785582254292 26.498830257108956 26.50262006522352 26.506510064991133 26.50996522235926 26.512573591413318 26.514052516552095 26.514250635895376 26.513148117273065 26.510856643114934
29.86392982465767 29.590393690101692 29.278695242043 28.949644360953563 28.617218294651497 28.285202565542495 27.960496925199564 27.649824960713847 27.359616531726612 27.097319572968487 26.870845523297408 26.690039136178267 26.56558664023946 26.498363359992567 26.484893110098522 26.48281330186285 26.481221493284725 26.48030218390313 26.480163970850455 26.480823312061595 26.482202003623467 26.48413902379017 26.486413683424097 26.488774111108516 26.490963646626533 26.492737840037574 26.493866091370432 26.494148440340137 26.494148440340137 26.494148440340137 26.494148440340137 26.49559534819039 26.499791274809564 26.505814399193234 26.512778532209786 26.519885502210954 26.526454195120387 26.5319362291621 26.535920842143195 26.538132665276237 26.538426623251492 26.536783838066846 26.533311016154006
30.171100992225963 29.894435037527085 29.598836837138958 29.287139195888717 28.962282719528083 28.62831907473004 28.290554810615546 27.95712280630115 27.636369759747588 27.33545046105738 27.063225631005444 26.829490344057255 26.645248541067968 26.52289179418556 26.47526714648114 26.469560421441845 26.466799329478004 26.46521389826672 26.464976045704198 26.466111885991218 26.468497468463138 26.471878811607365 26.475911335974278 26.480209314693887 26.484394058062428 26.488130296870093 26.49114282039809 26.493208709857118 26.494123506766247 26.494320837459313 26.49762222122744 26.50432669148352 26.513361768336708 26.523683072245337 26.53433227722577 26.544477694415864 26.553437231283944 26.56068488071343 26.565843940910018 26.568672290485708 26.569046384941846 26.566950373823637 26.56247454402679
30.537015246240706 30.294738326258102 30.024423241673265 29.728221233090117 29.409375863117425 29.07273375526062 28.72447387409268 28.371416507652675 28.022965942257983 27.688469333775057 27.375876076276008 27.094157228509662 26.853751914596597 26.666900476190207 26.54779105447694 26.479144448866666 26.44521487288365 26.44198214234159 26.441598290198105 26.443431997956708 26.44728930829458 26.452773919352225 26.459351009045516 26.46642719727016 26.473429118975535 26.47986526921536 26.48536070670732 26.489659693573557 26.493006764563727 26.49904458027388 26.507959173159673 26.51974589144382 26.533313615935178 26.54752882243505 26.561391473337114 26.57407339831408 26.58493458509927 26.593517705697238 26.599524650311267 26.602782826931687 26.603211941983506 26.60080214918727 26.59561095368894
30.969270743834848 30.757932940250228 30.5103856220293 30.227830212848218 29.914142523321885 29.575202373961005 29.218498390206786 28.8527018949355 28.485634311145507 28.126074969813118 27.78173297985136 27.46030366751001 27.171201102706405 26.926045639199607 26.738963820085747 26.598961626616745 26.486288023862425 26.41886052948633 26.407622035419575 26.410454860018817 26.41641533256974 26.42489635050273 26.435083257940946 26.446079145451908 26.457026219057827 26.46720084774452 26.476069185367994 26.483635793429634 26.494098278834354 26.507876079264054 26.523615588737165 26.54019314392968 26.557744458118126 26.575205208746333 26.591564680850492 26.606040387285983 26.618087846591855 26.62737985859526 26.63375905491031 26.6371748589295 26.6376223538 26.63510213872839 26.62961463786413
31.398655624532758 31.223983694395617 31.002233313619314 30.735506877122436 30.429326241665628 30.09200911464283 29.73431733503393 29.36490539769031 28.990658573301182 28.61751790201635 28.252522455420458 27.9020930191459 27.57424147642488 27.279611074745453 27.03191049254548 26.822290266242504 26.630170197824672 26.47623218525741 26.38223992433974 26.364629168599844 26.37352607389531 26.38617235928266 26.401349546528962 26.41773073443468 26.434062560757766 26.449302610803578 26.462754285199097 26.478186405463187 26.497329240398926 26.518937918192602 26.541616696168735 26.56379638992811 26.58460738932005 26.60442479231961 26.622309520705606 26.637571619013144 26.649828446160402 26.658965639086098 26.665055454121216 26.66824770372352 26.66866212111905 26.666316635334493 26.661117137209544
31.75726051797117 31.636750399099334 31.450514674502696 31.206250289078536 30.91381471436076 30.58773893934036 30.239563305716615 29.877652505457338 29.507949220068852 29.134689058090512 28.76194822553207 28.394925917820874 28.03987653699008 27.70616410905205 27.406872825928797 27.13172411306643 26.862116164141618 26.62137937161043 26.43508821017342 26.328095526173467 26.316257990137302 26.334574209781046 26.356486834989557 26.380070301775145 26.403539209876637 26.425437136222158 26.447245869321556 26.47285560158027 26.501094258903112 26.5305961411894 26.559933088367732 26.587577841524034 26.611852547788363 26.632906458322182 26.651081736965587 26.66582963016846 26.67700987533264 26.684832683667594 26.689729605896517 26.692171564135126 26.69248144485686 26.69070562271534 26.686595415156688
32.01517247256231 31.962256760711732 31.821405557120602 31.60706903936826 31.3388010447391 31.03474784759479 30.707277443143465 30.36481663284597 30.012402361311807 29.6525564067588 29.286537792298645 28.916671242241154 28.547158518088285 28.18571168387134 27.844627039403903 27.508519937752524 27.164619944254998 26.83888690273483 26.56031517206096 26.35832975688644 26.259233607671074 26.267708901365726 26.297589195646953 26.329997491989467 26.36275996838729 26.394502348337085 26.429233438530847 26.466151411571516 26.50383176543656 26.541227698079922 26.576895367827714 26.609354275840868 26.637016160110072 26.658533885167092 26.67550286179078 26.688114245406204 26.696562607836643 26.70153199866342 26.704005244186746 26.704966343642706 26.705071828929526 26.704415325236937 26.70249295954673
32.19672243778508 32.206213837201844 32.10594893682354 31.921483749066187 31.68445354999248 31.41152679085508 31.11498446415219 30.803622845345586 30.481567878042178 30.14927837268853 29.80508779424814 29.44713093842053 29.0760887067177 28.698744927228283 28.326243846129888 27.934258814102613 27.519456779896867 27.111099563450086 26.738756026590337 26.4360796123765 26.236057363014893 26.16541863548691 26.199016337513314 26.24192352615774 26.28697310933625 26.334765479423844 26.387447790595093 26.4422829447982 26.496421480930476 26.546982595191217 26.591036488934243 26.627630452521707 26.657667885684873 26.6795162831521 26.69355767037278 26.70207152899623 26.705693715132433 26.705774047101382 26.70413266820928 26.7025822455504 26.702340883005665 26.70358310141705 26.705372126822134
32.32849017437099 32.390453904783314 32.32474519370353 32.16640614361248 31.950402039696762 31.70318859209794 31.44373248189092 31.172784692410126 30.883837302116362 30.577229956256964 30.25185701036494 29.905358143340933 29.537405167628656 29.15280699341351 28.75900616039556 28.32542537176421 27.856133860098094 27.378424467078272 26.924292579345423 26.525818179058696 26.22368137303086 26.0585298198784 26.050694307854773 26.10763756037159 26.1689276901738 26.236843453312225 26.30987036379264 26.384670707166354 26.457958851644403 26.526540513394142 26.587295881038337 26.637099152288656 26.672674122450303 26.69390582365309 26.703831729896084 26.70596802463152 26.701929021874772 26.69339353333377 26.684091634663282 26.677739358160107 26.6768300043497 26.681721364558946 26.69049272643047
32.42478926397108 32.524110178710025 32.484417159836276 32.34798329161092 32.15055703392804 31.918725483434425 31.662346638714755 31.400682605935266 31.13516111695412 30.8567774536093 30.559771356524625 30.236915427258857 29.88305481469965 29.49990230021966 29.083667810621407 28.599439887477946 28.068258640341288 27.5242017589384 27.00532248691163 26.549207923813746 26.188968856399512 25.950174176541275 25.86342484201684 25.9261596945143 26.00859063813884 26.09961368748568 26.195622713882756 26.29272185859656 26.38716205133438 26.475379520456983 26.553988599229783 26.619707859428836 26.669216177463202 26.69854676259822 26.702182129560303 26.69026471397119 26.670052218469912 26.645937662876868 26.623687414700974 26.60937803630201 26.60736585705561 26.61829472983184 26.638764833372758
32.4942563659097 32.61471189259632 32.59025343635775 32.4661918817797 32.261922436380516 32.007135305110104 31.736071874220485 31.471797842302724 31.22493902275496 30.98600948398093 30.72927267852565 30.441182023272688 30.111269518191243 29.7331793484328 29.283856198439977 28.745436094726077 28.1479808169276 27.5323348513216 26.94501834445643 26.430963073655583 26.027533580165702 25.762238884827443 25.65158640013539 25.697267375159072 25.80521196440091 25.92230506902825 26.04401619843042 26.165939699708296 26.283836555372442 26.39370380206214 26.491800285652772 26.57420299515656 26.63321242026812 26.66565800669681 26.669247078438207 26.64372286765635 26.603476455075814 26.55896752581287 26.518597985070556 26.492517566958334 26.488829783350166 26.508792626920197 26.545941337682667
32.542489564359286 32.668951540495414 32.64421326952352 32.48833972919841 32.24475563741546 31.96010137759413 31.672723358592965 31.408047682903877 31.175383385849337 30.9688475756426 30.76215575905928 30.517783700702328 30.215089842415082 29.839544545381646 29.351849037739537 28.756341760543958 28.086747831619675 27.392188458498453 26.731606884727803 26.160435666653147 25.719471615741128 25.43567003201562 25.325640835348484 25.393312092026125 25.55898534565716 25.704746110640116 25.854740606055394 26.004099541918123 26.147689477977877 26.28092722635828 26.39771641158495 26.48954481457449 26.554023395345716 26.589416055651128 26.59348321665543 26.56411285607666 26.506510856802905 26.43571182601247 26.369491461564376 26.324931174879424 26.318480348726762 26.352931803560182 26.41462609474226
32.57431428202149 32.689001633355545 32.616350398976955 32.40740327825921 32.11562270345819 31.792539446142047 31.482849987679245 31.21673196374192 31.002381179829015 30.826096788402136 30.662000214765705 30.463626245085628 30.188693657858227 29.80539393265173 29.27779535515011 28.622180667768397 27.873723009061735 27.089932381129124 26.349797240313784 25.726017628533267 25.25788961556253 24.96604534108228 24.866712074367836 24.96654871332443 25.22307279322425 25.433075240269453 25.597282276835244 25.759923693771153 25.919305859743563 26.066861212777876 26.195160718543136 26.303013075990716 26.387577364711213 26.444125134091003 26.4658685843075 26.44474287820373 26.38104895180423 26.284143511702553 26.181208890871734 26.105229991310203 26.093553955178095 26.153787431126997 26.25229708471069
32.590613574984935 32.65061771998074 32.517172124056934 32.24749084511885 31.89709243067751 31.522869246332185 31.17929723513197 30.906858747127274 30.71399179209642 30.573686393635253 30.442825980937734 30.27868818442798 30.02536885675277 29.618448224875326 29.048438937038316 28.331444606019385 27.499122460424 26.61046493994438 25.781141134925473 25.12076101988986 24.642678417485246 24.352963433499525 24.265805893203396 24.384342218587797 24.695480344983565 24.996232938031763 25.210615523705815 25.384992102056707 25.554372019661315 25.71042252286767 25.853050308792984 25.980621815329886 26.08964988781799 26.174457029912425 26.226860594730205 26.23632497896729 26.199418604429436 26.110830336766057 25.970978461610493 25.83737027531851 25.812895404350026 25.92632958927653 26.07655435623173
32.56921962061873 32.56732982531514 32.37098352033065 32.03599617920126 31.6177220982668 31.176281000405247 30.778926745600092 30.489574734667862 30.323012376221097 30.224284646338955 30.12184568301255 29.969280958323058 29.705320771173238 29.264605083199452 28.648844815062613 27.874081858645912 26.964105862803628 25.95270829350621 25.01113704418122 24.368824863495096 23.896358653328246 23.58649878107741 23.478612873233068 23.604410276073104 23.964555003425854 24.36342951518488 24.672174217591255 24.881998336589838 25.055179716372777 25.22215877318436 25.38237360350352 25.533730456359955 25.672179580387393 25.79126266193526 25.881686502218066 25.931163905881654 25.933761023487357 25.880858216401688 25.759505672649773 25.57060948331271 25.506122335747968 25.72421194693819 25.91855182786997
32.518209162057815 32.45791948233076 32.201548234882786 31.803122569675494 31.314711702968832 30.792483599939096 30.309110101744935 29.97867294254145 29.85364209018011 29.800429372033975 29.712644321978544 29.535127641315782 29.218915374268704 28.731015802448223 28.06628997054132 27.246555181479465 26.312881865882375 25.29615944939106 24.362002974965183 23.721859961777028 23.2202207545758 22.878485111538645 22.746142213102168 22.85899398422684 23.220970420321756 23.65560968933632 24.002144572019965 24.251645390542542 24.43229287919168 24.612756928126462 24.79379280271306 24.972912585772228 25.145704636036914 25.305249996996643 25.441679634356714 25.54213805731358 25.60050747770046 25.60901522559024 25.559492126405686 25.46509595455327 25.467970362104236 25.62494414462966 25.797886641034314
