_RESULTS/CROSS_VALIDATION_POSTPROCESSED/Berg/TZ/8comp/2/Berg_TZ_z_125_kriged_reverse_8comp_spherical_2.asc
ncols 100
nrows 90
xllcorner  5.6208707817415728
yllcorner 50.959635321741573
cellsize 0.00013419651685393446
nodata_value 1.7014100000000001E+038
[rows 57 to 75 of 90, columns 44 to 87 of 100]
15.849320688600407 15.558434515020389 15.159632281455565 14.661608392868697 14.072977965131614 13.412428253170743 12.69795960690408 11.950613619154957 11.196018725708386 10.45071378215571 9.730712743146505 9.052515198614937 8.435842043641902 7.902902006886256 7.484127468872824 7.221980650981869 7.159376547744574 7.3071485338938205 7.630314384462099 8.078316856631615 8.615283299010468 9.217292071805339 9.86729727001785 10.551270655538136 11.256106830011339 11.968623324106566 12.675139118636825 13.361351451393725 14.012371648679354 14.612852771014563 15.147174150003936 15.597530287576738 15.94609568272665 16.178714639539145 16.294018483743468 16.335103272132745 16.377681618025118 16.420166766923984 16.459970157822568 16.494573381495933 16.52159529153017 16.538788748219655 16.54403974592947 16.54403974592947
15.940716611291164 15.67261385493216 15.298172041986804 14.829651566023259 14.275442500760827 13.649121884086002 12.969747028564097 12.261426405492927 11.548077404493055 10.846287979604245 10.172686037081945 9.544587284588909 8.981040972596945 8.50446527660718 8.142494240994068 7.924178029533458 7.872543674679802 7.992493673646495 8.267504144179853 8.668822336298224 9.164362444314989 9.731093572297791 10.350792396604003 11.007758838240669 11.687378460340419 12.375238074720054 13.056677341022157 13.716625582727268 14.33961471512719 14.908829252587404 15.406572513241187 15.816405589912083 16.12235934003829 16.319253628131257 16.39980677411154 16.428209115992605 16.457606166397007 16.485847946563386 16.510730671313617 16.530060812938405 16.541669476731645 16.54403974592947 16.54403974592947 16.54403974592947
16.046531553581993 15.807477149658594 15.46385966171343 15.027874023363049 14.512491118080959 13.92745459902351 13.289242317732297 12.625541360513578 11.957893853334351 11.30349159965118 10.67937708764694 10.103040663282316 9.593083339456445 9.169718174134193 8.854420670637664 8.66755041726653 8.623543201432422 8.725634385629624 8.964135064207312 9.321099115848781 9.775935679658383 10.305654470161103 10.890355750253079 11.513863500813468 12.160744079091078 12.815757059445513 13.46332532111785 14.086850659358618 14.669878816784726 15.195856437683252 15.648166862780855 16.01023692745587 16.273626650728826 16.43073131983871 16.476459511557774 16.49438246117013 16.511965425567908 16.527377537159918 16.53869241399161 16.54390844758088 16.54403974592947 16.54403974592947 16.54403974592947 16.54403974592947
16.159079889129284 15.954965704851862 15.648150570438176 15.25068634144886 14.77560083926904 14.236592412083404 13.647256768659469 13.033541070449994 12.41536337271717 11.81063472931526 11.23673838990642 10.710944140817618 10.25074996940903 9.873882348279999 9.597544654450342 9.436532489419225 9.400417785813962 9.491081867708429 9.70227217137469 10.021533662176939 10.433103191239338 10.92015119382103 11.465730883407225 12.050634019472813 12.657749468468504 13.271222349232598 13.8749868078551 14.452724558218161 14.987887987253343 15.463748861793059 15.863512291531062 16.17724983031824 16.39583492209005 16.507165765199883 16.524514542439412 16.5331056917399 16.54007804848844 16.543812030688752 16.54403974592947 16.54403974592947 16.54403974592947 16.54403974592947 16.54403974592947 16.54403974592947
16.269529625530975 16.10578065569182 15.841185449854986 15.487560415360571 15.05777055356351 14.565479143545701 14.03069492563348 13.473251926588741 12.908862811542848 12.356042509274024 11.832480925987605 11.355176738334798 10.940524537736085 10.604117873272225 10.36004585488769 10.219602580686407 10.189680909798229 10.271526856034201 10.460552067232854 10.747324549704603 11.119161088855439 11.561574992201852 12.059189047628635 12.59613875492161 13.156176841191524 13.722449577235055 14.27692837611397 14.802934535966173 15.283764085802904 15.702849672038868 16.050040005953043 16.31387852074474 16.481755472821515 16.541953567588994 16.54369792496575 16.54403974592947 16.54403974592947 16.54403974592947 16.54403974592947 16.54403974592947 16.54403974592947 16.54403974592947 16.54403974592947 16.54403974592947
16.368872111162176 16.250321149019385 16.032472434443036 15.726982352736114 15.346694366199495 14.905973402005083 14.427780352286995 13.928686300856205 13.423191513013313 12.92572195793055 12.453639239168792 12.023701543860911 11.651467538865624 11.351007023945854 11.134338802055405 11.010594514418399 10.985101028311435 11.058732393847603 11.22784519888782 11.484843846657801 11.819118328707939 12.217991867625898 12.667436667906696 13.152507163970808 13.657563519050145 14.166387454222527 14.662268206522802 15.12810220033009 15.548256795456744 15.911390052350146 16.20395774784106 16.412954111683366 16.52635634865388 16.54403974592947 16.54403974592947 16.54403974592947 16.54403974592947 16.54403974592947 16.54403974592947 16.54403974592947 16.54403974592947 16.54403974592947 16.54403974592947 16.54403974592947
16.45874407866985 16.389480397718476 16.221558347366535 15.96625563267624 15.636119103513732 15.250098052078423 14.828889578209143 14.387539702033306 13.94046504439399 13.500986644011558 13.08324461439168 12.701567170933071 12.3707855740991 12.103970465721767 11.911875717112242 11.802381761408425 11.779960906577854 11.84534008311965 11.995505232244355 12.22406381512797 12.521840516627925 12.87752078724475 13.278198052708145 13.7097691724248 14.1571962857838 14.604686334572909 15.036401897061308 15.43934122911945 15.799541043943732 16.103074313688882 16.336550218071466 16.48734775579303 16.543876820986007 16.54403974592947 16.54403974592947 16.54403974592947 16.54403974592947 16.54403974592947 16.54403974592947 16.54403974592947 16.54403974592947 16.54403974592947 16.54403974592947 16.54403974592947
16.5319946286636 16.515477608508643 16.4007782913527 16.198582965194312 15.922871976717065 15.59511728299138 15.230686351119596 14.844354366383126 14.450960970583509 14.065203935511574 13.700618635160367 13.368091429723611 13.079787336224419 12.846729019571596 12.678590458774588 12.582567945392212 12.562737366035112 12.619868083650804 12.751457843698432 12.951988588785213 13.213335250366756 13.52522689181274 13.875674428814886 14.251326711061319 14.638753409307103 15.024578111320045 15.39485935392878 15.73562983391705 16.03306938244402 16.27369876680609 16.4445981365657 16.533649502370793 16.54403974592947 16.54403974592947 16.54403974592947 16.54403974592947 16.54403974592947 16.54403974592947 16.54403974592947 16.54403974592947 16.54403974592947 16.54403974592947 16.54403974592947 16.54403974592947
16.600412475746676 16.615540994701693 16.556758713528534 16.410477130868166 16.19557123253684 15.927825672684918 15.621308258435034 15.290390150248223 14.94947132707926 14.612724707633603 14.2938514995214 14.005824888000253 13.757778990073083 13.557511693181986 13.413180405030833 13.330806786201238 13.31389083850911 13.36315752680173 13.476501438820879 13.649144754096746 13.873965829883513 14.141918928769407 14.442464108850922 14.763952486829652 15.093946786163839 15.419484085903242 15.727300817152996 16.0040414696604 16.23646758163441 16.411677198725176 16.517339840206148 16.54403974592947 16.54403974592947 16.54403974592947 16.54403974592947 16.54403974592947 16.54403974592947 16.54403974592947 16.54403974592947 16.54403974592947 16.54403974592947 16.54403974592947 16.54403974592947 16.54403974592947
16.676888452497458 16.68728051328272 16.675877485053526 16.592122507111185 16.440537000778892 16.23404511525498 15.986202921080848 15.710879298362517 15.421951505664785 15.133017224447231 14.857120436554197 14.606484265909438 14.392242150754047 14.222390452362 14.100034537172023 14.030181026286634 14.015835002421637 14.057615994123829 14.153722004497043 14.300032715693122 14.490329802423574 14.716591900170448 14.96931799870107 15.237843779745836 15.510632651865834 15.775538846318634 16.02004958019738 16.231516705839145 16.39738749868689 16.505441722138688 16.544039529443275 16.54403974592947 16.54403974592947 16.54403974592947 16.54403974592947 16.54403974592947 16.54403974592947 16.54403974592947 16.54403974592947 16.54403974592947 16.54403974592947 16.54403974592947 16.54403974592947 16.54403974592947
16.75892088034953 16.76132425814242 16.75495532020799 16.731163967137547 16.643925387853002 16.499426761996304 16.310635791004902 16.090851985098993 15.853379748371632 15.611220087288888 15.37678169995731 15.161609518929572 14.976127910053066 14.829397687593957 14.72732690616031 14.66927169362893 14.65734163490783 14.692079844265727 14.77190499208367 14.89318343231816 15.050386561807722 15.236309817293384 15.442326159784567 15.65865105163373 15.874604403025893 16.078863760492183 16.259709476498415 16.405265978713132 16.503744151669103 16.543689321916563 16.54403974592947 16.54403974592947 16.54403974592947 16.54403974592947 16.54403974592947 16.54403974592947 16.54403974592947 16.54403974592947 16.54403974592947 16.54403974592947 16.54403974592947 16.54403974592947 16.54403974592947 16.54403974592947
16.84412946074825 16.843308333586652 16.83547870226821 16.821005925191976 16.791956022354036 16.709655558640097 16.579873875298432 16.415297688155672 16.228630157546128 16.032269445429733 15.838013564317516 15.656791729905024 15.498421546087284 15.371392246361395 15.28267657344432 15.235421149496492 15.225797016344453 15.253809814999833 15.318048917407435 15.415262668779928 15.540477791235272 15.687170750980734 15.847474604982573 16.01240620331347 16.172102726860743 16.31606143618586 16.43338067086718 16.513002882398208 16.543961833674597 16.54403974592947 16.54403974592947 16.54403974592947 16.54403974592947 16.54403974592947 16.54403974592947 16.54403974592947 16.54403974592947 16.54403974592947 16.54403974592947 16.54403974592947 16.54403974592947 16.54403974592947 16.54403974592947 16.54403974592947
16.93606405899022 16.935077184270046 16.925665945185408 16.908262392477567 16.883652400110112 16.85069141457095 16.779417203237866 16.66938878718498 16.532694138127344 16.38112961362343 16.225903627108213 16.077374644760763 15.944822592088014 15.83625312621134 15.758235425890401 15.715775408457652 15.708255660770659 15.729794899359991 15.77900792993476 15.852959828286503 15.94714708203597 16.0556380882686 16.17124814698658 16.285738778957967 16.390033134348688 16.47444197238491 16.528897323792656 16.54403974592947 16.54403974592947 16.54403974592947 16.54403974592947 16.54403974592947 16.54403974592947 16.54403974592947 16.54403974592947 16.54403974592947 16.54403974592947 16.54403974592947 16.54403974592947 16.54403974592947 16.54403974592947 16.54403974592947 16.54403974592947 16.54403974592947
17.03655093631537 17.035256552469548 17.024108778321175 17.003505029831878 16.97438612620508 16.938031663966115 16.89596821843657 16.838752093064503 16.750960016998974 16.64308960843953 16.525774190703025 16.408830021164817 16.301042185790372 16.209986632668233 16.141887097025695 16.101506520490783 16.091959837716917 16.107250988515386 16.14194726259685 16.19338911146396 16.25748767553532 16.328844544933403 16.40090439017261 16.466133447307772 16.516217711318262 16.542276188086174 16.54403974592947 16.54403974592947 16.54403974592947 16.54403974592947 16.54403974592947 16.54403974592947 16.54403974592947 16.54403974592947 16.54403974592947 16.54403974592947 16.54403974592947 16.54403974592947 16.54403974592947 16.54403974592947 16.54403974592947 16.54403974592947 16.54403974592947 16.54403974592947
17.146903546135047 17.14247253969638 17.129384231811287 17.105231004626035 17.071166520495833 17.02872818801799 16.97970581499387 16.92602545315979 16.869661623839715 16.804104748290136 16.723551285147604 16.63716098232209 16.553245811714458 16.478980629918667 16.420275305985566 16.38167896146204 16.36631490557981 16.37408007172833 16.394774444918646 16.42448444056092 16.459500012186314 16.494917136360833 16.52477429218346 16.542215135410448 16.54403974592947 16.54403974592947 16.54403974592947 16.54403974592947 16.54403974592947 16.54403974592947 16.54403974592947 16.54403974592947 16.54403974592947 16.54403974592947 16.54403974592947 16.54403974592947 16.54403974592947 16.54403974592947 16.54403974592947 16.54403974592947 16.54403974592947 16.54403974592947 16.54403974592947 16.54403974592947
17.26604713627077 17.25535610390555 17.2400510781026 17.211885038994435 17.172313528842125 17.12322331323353 17.06674050337044 17.005077264575668 16.940430656143654 16.874927430757186 16.810600784326265 16.74932880051702 16.68850815470913 16.63048550738703 16.580869397192807 16.5440073254438 16.52292648732648 16.519299682636582 16.526547234198013 16.535383559141824 16.54245053140235 16.54403974592947 16.54403974592947 16.54403974592947 16.54403974592947 16.54403974592947 16.54403974592947 16.54403974592947 16.54403974592947 16.54403974592947 16.54403974592947 16.54403974592947 16.54403974592947 16.54403974592947 16.54403974592947 16.54403974592947 16.54403974592947 16.54403974592947 16.54403974592947 16.54403974592947 16.54403974592947 16.54403974592947 16.54403974592947 16.54403974592947
17.391533165231124 17.373679876990387 17.354633845194414 17.321826004352005 17.276016383344032 17.21957423491868 17.155055008001597 17.085004005949344 17.011851483020873 16.93787420238131 16.86519469086098 16.795796720951135 16.731544147922424 16.67419657353697 16.625419143137638 16.586785840097956 16.559776651770537 16.545769437580184 16.54403974592947 16.54403974592947 16.54403974592947 16.54403974592947 16.54403974592947 16.54403974592947 16.54403974592947 16.54403974592947 16.54403974592947 16.54403974592947 16.54403974592947 16.54403974592947 16.54403974592947 16.54403974592947 16.54403974592947 16.54403974592947 16.54403974592947 16.54403974592947 16.54403974592947 16.54403974592947 16.54403974592947 16.54403974592947 16.54403974592947 16.54403974592947 16.54403974592947 16.54403974592947
17.52090007489754 17.4965510066661 17.471586535898677 17.433261795532257 17.38025443420498 17.315608749225614 17.242418663275348 17.16359675337939 17.081793442203836 16.999400746387906 16.91859023639507 16.841357119534365 16.769557972135168 16.70493802913003 16.64914773312477 16.603749695225837 16.570217632162997 16.549928858626554 16.54403974592947 16.54403974592947 16.54403974592947 16.54403974592947 16.54403974592947 16.54403974592947 16.54403974592947 16.54403974592947 16.54403974592947 16.54403974592947 16.54403974592947 16.54403974592947 16.54403974592947 16.54403974592947 16.54403974592947 16.54403974592947 16.54403974592947 16.54403974592947 16.54403974592947 16.54403974592947 16.54403974592947 16.54403974592947 16.54403974592947 16.54403974592947 16.54403974592947 16.54403974592947
17.651696524468715 17.62167953698392 17.589218587013267 17.54412713243395 17.482663565685172 17.40881509855339 17.326316046333524 17.23843706939249 17.147990725069604 17.05741629449364 16.968873735509778 16.884321262527315 16.805571437697548 16.734327812062276 16.672205803612826 16.62074129515511 16.581389806362974 16.5555185097579 16.544392925068856 16.54403974592947 16.54403974592947 16.54403974592947 16.54403974592947 16.54403974592947 16.54403974592947 16.54403974592947 16.54403974592947 16.54403974592947 16.54403974592947 16.54403974592947 16.54403974592947 16.54403974592947 16.54403974592947 16.54403974592947 16.54403974592947 16.54403974592947 16.54403974592947 16.54403974592947 16.54403974592947 16.54403974592947 16.54403974592947 16.54403974592947 16.54403974592947 16.54403974592947
