_RESULTS/CROSS_VALIDATION_POSTPROCESSED/Berg/TZ/8comp/2/Berg_TZ_z_355_kriged_reverse_8comp_spherical_2.asc
ncols 100
nrows 90
xllcorner  5.6208707817415728
yllcorner 50.959635321741573
cellsize 0.00013419651685393446
nodata_value 1.7014100000000001E+038
[rows 19 to 37 of 90, columns 0 to 43 of 100]
2.945244617522685 2.941956482762463 2.9376245197488062 2.932302708364394 2.9260539974613886 2.918959822535597 2.911130693801031 2.9027179528691627 2.893926400798976 2.8850266274259644 2.8763642123053703 2.8683603403645432 2.861495372539378 2.8562660323276066 2.853112910115914 2.8523313162961106 2.8539981884268273 2.857951273680232 2.8638321713921893 2.8711698748289205 2.8794667198293618 2.888260507194149 2.89715679532184 2.905837994037323 2.914058791757358 2.911492585505044 2.880073218819638 2.821788956361309 2.7396204028147237 2.63694314586975 2.529288895013311 2.4335266658265535 2.349213574105188 2.2789688041473832 2.2216672314132744 2.1755689045800994 2.1394056003307456 2.1125529982798312 2.095392142798017 2.089977107140465 2.10109143586358 2.1373422145237915 2.2096907331859765 2.3256626647341863
2.943871396099208 2.9399507298726517 2.9349107805198495 2.92878881211112 2.9216306050765564 2.9135005743969247 2.9044936588776804 2.8947495838296193 2.884469956664894 2.8739379803843343 2.8635386789720307 2.8537733643627075 2.845254932899722 2.8386629112832416 2.834639423882181 2.833635970461619 2.8357730030403627 2.840797871073138 2.8481708038988582 2.857318688254858 2.8677035264009936 2.878605002377395 2.8894373508957463 2.899760387689383 2.909268865368902 2.9029394913856463 2.8667855177652903 2.803445017368173 2.716140088137876 2.609926838069106 2.508940803122297 2.41937299595192 2.339672927676465 2.2692136811236 2.2105908050186973 2.162538552881461 2.1234382980145563 2.092137207842873 2.0682737859950016 2.053047809057736 2.0509378639540237 2.071835862010344 2.135098449505516 2.2636821225672668
2.9424825132359147 2.9379794526469354 2.932278470734025 2.9253983747917003 2.9173646065699037 2.9082193660042277 2.898034024137969 2.8869250110709057 2.875074729665762 2.8627591535352863 2.850382722496401 2.838516705083643 2.8279251720228804 2.819540009120764 2.8143262158869096 2.8130132929131353 2.8158704462330477 2.8229567077790185 2.8333352198638377 2.8458225978324 2.859344774039548 2.873027998316446 2.886207920984794 2.8984071844702686 2.9091470867846736 2.9001870381467274 2.8607430390059903 2.7935569209147504 2.701985489683038 2.5961584931795545 2.50103431154334 2.4174683112419766 2.3439457949607534 2.2786256831306813 2.2212593052619347 2.1728773087982103 2.132905466818276 2.099613740960637 2.071618362862676 2.048356524087886 2.030360662608253 2.02494697535552 2.064561935407339 2.2103107358262712
2.9411739178071725 2.936155321063052 2.9298619638787775 2.922293470544388 2.913452898525859 2.9033561132383405 2.8920435535224653 2.8795960098574263 2.866157032872108 2.851966044235665 2.8374077523984864 2.82308277441734 2.8098931331785284 2.7990943304183244 2.792220498685636 2.7912437854783105 2.796585923508431 2.8072584203522055 2.821626378223574 2.838032809014426 2.8551233721721063 2.8718926271894234 2.887625965301337 2.9018337880997245 2.9138128955370184 2.9039164403877504 2.8628583988541076 2.793468289891122 2.699227977757964 2.5972032104820686 2.5076551611230022 2.4294478485209803 2.361354087361956 2.302212654122095 2.2513866895077816 2.2077006624722917 2.170176441734329 2.1389258630689625 2.1122053142065207 2.086871975361275 2.058094769834782 2.0257347267472983 2.007237487697541 2.181139704255614
2.940033444788702 2.9345836775003247 2.9277897180239285 2.919632828590755 2.910093640373049 2.899160075268999 2.886837199159363 2.8731606441349484 2.858216626283192 2.8421742768725795 2.825341060781248 2.8082604213679594 2.79187814609263 2.778164278986134 2.770225554805051 2.7702061029970277 2.7786905457352153 2.7939345622791847 2.8132031591824265 2.8341690867733775 2.855225504961229 2.8753133876530503 2.8937297497159666 2.910010098026883 2.9234629749414753 2.9143204350915854 2.873330709043692 2.8033900062559214 2.7082766763369923 2.61190694374512 2.5280490097961734 2.4555495062853243 2.3933557844715923 2.3404877604092036 2.296592250048313 2.2617588150199044 2.2341019918267158 2.2122896220032615 2.1948413640300073 2.1777692062974436 2.1593159272268894 2.139220657233187 2.131756318073039 2.342450214978577
2.939136785051619 2.9333568811732946 2.9261764562014694 2.917561140261694 2.907471797876083 2.8958706351116437 2.882728319273354 2.8680332417379337 2.8518052387191046 2.8341187826539977 2.815147093676357 2.7952546576934534 2.7759918776902546 2.759620210337532 2.749107642623252 2.749250508095304 2.7620663280337947 2.783566132771776 2.8088316736263685 2.8348829742323405 2.860111448013605 2.8835741946501594 2.9046629986604415 2.922972796541847 2.938066496781464 2.9313325717765006 2.892076871370727 2.8232328471272083 2.7296408319311647 2.6390156452924187 2.560927826200237 2.4944389039856154 2.4387324457155453 2.393104074856773 2.3573632519867194 2.332264338006404 2.3176941780776965 2.3125903829157255 2.313836265823908 2.32056640094143 2.3374592824507414 2.377849624399581 2.4836281592433895 2.7400108276415707
2.938543319236238 2.932548362157523 2.925114716502918 2.9161970414301375 2.9057419917509333 2.89369272936211 2.879993466260781 2.8645944141804467 2.84745800107482 2.828568469794983 2.8079504480333806 2.7867225052117264 2.7658794771438577 2.745820115770664 2.7294505138075484 2.7275984533013506 2.7480682348321497 2.7782921681652843 2.8102219661212855 2.8413136101242515 2.8704858722232363 2.897084465372712 2.920637140975217 2.940796920715301 2.9573367645919264 2.9546012592080926 2.9187051991251662 2.8525802468483175 2.7622126051395934 2.677151158369185 2.604804839369519 2.544484017850548 2.4956557355326576 2.4579603329089665 2.4315569278295306 2.4178597516541926 2.417680185967532 2.431467342226521 2.456140587399673 2.4953810151935563 2.559124758712972 2.667218091035095 2.8560961673013536 3.1708325655927605
2.9382924081945037 2.932207247954214 2.924667043832211 2.915621659540551 2.905030277037714 2.8933556973324617 2.880308386408014 2.865338794655763 2.8480921799817365 2.8284126137034136 2.8072823622532987 2.7860429855234132 2.764448890297586 2.742150839859536 2.718184658130484 2.705939861074968 2.744007956175665 2.782793775359063 2.8199141022480103 2.8548449856837124 2.887114013624252 2.9162596818018027 2.941856005569881 2.9635478880340194 2.981086160120132 2.9834605954431317 2.95248666699173 2.8906585624815437 2.8046015986432216 2.724789088753736 2.657980116569893 2.603752004682857 2.5618768736613973 2.5323669731068015 2.5158263350358783 2.5143317867661055 2.52960226408528 2.5608133255549252 2.609471018893592 2.6814478934172348 2.7881496204263128 2.949354140432342 3.1935360287153074 3.5520113067968526
2.9384007231863967 2.9324318095155624 2.9269564581164684 2.9218530646400365 2.916000482251136 2.908426867857652 2.8983413346818643 2.8851619646800972 2.868536777969465 2.84896020587632 2.8283750026407906 2.8067000864514546 2.783936257131448 2.7606034278445746 2.739290974878536 2.735136989327499 2.763916972945734 2.8017325380231615 2.8398746080509065 2.8764345238955475 2.910490094992119 2.9413471772470126 2.968418332032085 2.991221557956191 3.009421076931695 3.0169204454287875 2.9923682110059326 2.9363648465342225 2.855366820293931 2.780296688602867 2.7185710922440576 2.6700497258891294 2.634807504247646 2.6131918308073354 2.6062602556594676 2.6166451840517886 2.6460998451325843 2.692829166619427 2.761351287008999 2.8598653412434873 2.9980631982810975 3.1919619024252137 3.462033056368859 3.8283153819994142
2.9424158820158794 2.9436187005812053 2.945655354257042 2.947178301642987 2.9469570228768354 2.9439222719269806 2.9372118181308973 2.926213337954013 2.9107692043342412 2.8930706231686294 2.87361866442396 2.8524776441325823 2.830292774259199 2.808847062504414 2.7925377356620866 2.789709456292312 2.8052890814983673 2.834041561575505 2.8697078372389355 2.905948676764656 2.9405141094876077 2.972169568168693 3.0000687885764625 3.0235414177492625 3.0420937349597166 3.0536171604528306 3.0369727669039976 2.9883232578908943 2.913176519216783 2.842198023178131 2.784864643896821 2.7412843699933633 2.711810642576118 2.697127329748563 2.6987391120788025 2.7196183261144196 2.7602266020713495 2.8192276913899765 2.9021423762835954 3.0168156117326603 3.1724155417836264 3.37822907528144 3.6460253776337166 3.982892224430378
2.9622272342127616 2.9722352277262973 2.9823605899454018 2.9911146913674633 2.9971242469036725 2.9991918009304763 2.9963601129170363 2.9879747294178345 2.9751905529763216 2.959837679072572 2.941827763686676 2.9215902043266673 2.900297311690846 2.880236413523588 2.865199423362348 2.8597981080842185 2.8665247349723035 2.884072498672235 2.9097860342974484 2.9419000831081377 2.9760229322377647 3.00782200938794 3.0360989540792143 3.059899119187771 3.078511593713718 3.09149791655627 3.0841277400190523 3.0442840302934435 2.9761470675517114 2.9084937884664366 2.854725731527093 2.8151672670280408 2.7903740991801214 2.7812285275764967 2.7895898263076213 2.8185456729375895 2.8665289648895786 2.933468381286163 3.0243354819216526 3.145443313394662 3.3041544647205265 3.504819755959633 3.7501626710580585 4.037120118021615
2.9976798385722465 3.017180584560928 3.0361478619748272 3.052912211337759 3.0659136107993854 3.0737821373786742 3.075425876419766 3.070446834874307 3.0613551379929786 3.0484680091328342 3.031875368451738 3.012295681117814 2.9911932368884675 2.970879541835424 2.9543971596754126 2.944800457590264 2.9438932444305124 2.951435005767715 2.966420558652664 2.988022086366492 3.0158673991393767 3.047309735938332 3.075658036782888 3.099486572918643 3.117864093907678 3.1301989508849095 3.13113129364758 3.101408990325961 3.0421385801414496 2.9769194275583293 2.9257271120068715 2.8890655812993455 2.8676233013995103 2.8623754658961347 2.8755079873719827 2.9095698738397813 2.961171062991506 3.0312225517644955 3.1237869834532144 3.2431625539940168 3.393774706358802 3.577730742489372 3.7904721206286727 4.023462228649132
3.0475706646421576 3.0774240971841613 3.1061714991515195 3.1319142292554414 3.152848446055713 3.167370366903674 3.174193694466642 3.173970263858783 3.1687865977866156 3.1583197131092 3.142817961913301 3.1232167135490525 3.1011506679292413 3.0788779612505137 3.0590153291118245 3.043950963012339 3.0350033774728673 3.03282225419859 3.0374192963548867 3.0485535904074155 3.0660430447489917 3.0898892347416553 3.117664686451674 3.1412690293719194 3.1591156214041445 3.1704694975515464 3.1748075871630967 3.1563149386003078 3.1078914474589334 3.045055317639885 2.995352536146774 2.960343393039916 2.9407801926074426 2.9376693528445577 2.9534640412522735 2.989643583996333 3.0416804879267185 3.110617463076986 3.1993577687485097 3.310745393804674 3.446655527908741 3.607091880314148 3.7847075495278113 3.968203133864727
3.1106761233089313 3.1519127357043755 3.191571801619713 3.227468001633334 3.2574811516136775 3.279691167474444 3.2926268285662847 3.2982518691881832 3.2971268952214485 3.2888812054217826 3.2738929472732554 3.2532927724040173 3.2288859972778376 3.2029732979479233 3.1779657099704375 3.155743078694648 3.1380216762319995 3.1259428205040707 3.12008274942134 3.120651319037991 3.1276808867218895 3.1411512627779943 3.161095038003108 3.183961133205529 3.2009624698816026 3.210962695325417 3.2136867428488474 3.2051048274386935 3.1686196972361977 3.1103353579107664 3.0610344373669807 3.026424749163641 3.007261228149723 3.004654665437345 3.0210349693169642 3.056753319311339 3.1065142257968787 3.1710592130767545 3.252197564101928 3.3513377308376744 3.4689655777139006 3.6034235483819996 3.7476628834582173 3.8889424627238878
3.18565659148113 3.239468957494074 3.2913694546478722 3.33882010058325 3.3792945300657844 3.410448323098493 3.4309531422688466 3.443019079639933 3.4460681703322567 3.439699817559759 3.424417793167404 3.4015836324941393 3.373256860417273 3.3418702741426607 3.3095572071627064 3.2786105378645862 3.2510420291167104 3.2283612341310333 3.2115674823675127 3.201230508876866 3.1975856330624137 3.20061019259269 3.2101205755677245 3.225984355030362 3.241767496501778 3.249963554275438 3.2503867339153767 3.243471473759949 3.2197339508587977 3.170067120023566 3.120201014261463 3.084857373334062 3.0647450204573925 3.061291334448324 3.07642590075806 3.1096499861414904 3.1550777309420837 3.2129386798148536 3.284151246839261 3.369080573290212 3.4671252664992527 3.576165325145928 3.690275214988808 3.796803647379314
3.27095320236488 3.338674913826757 3.404340675734532 3.4649881803677265 3.5175770108396813 3.5591994963453555 3.58880394802717 3.6079407668923493 3.6152549593444765 3.6102695403994933 3.593640593924795 3.567053482047644 3.5329442716701367 3.49368916703492 3.4519696194345917 3.4104981951920568 3.3716282548230385 3.3372288386280973 3.308658207603242 3.286795778413377 3.272078502966041 3.2645091260995547 3.2636740539078883 3.268941494571102 3.2794598124559435 3.2852674073828156 3.282900526347772 3.2731117698711203 3.256334460553853 3.220080021015003 3.1703511311867327 3.1333913415455426 3.1113203567173913 3.106034016578313 3.1184605347682353 3.14773485721556 3.187479204951807 3.2373136737052914 3.297501674772822 3.367736014906581 3.446841370785246 3.5324364961416084 3.620180458604331 3.69866833336506
3.3646768834842065 3.4477402041493312 3.528866681558307 3.604598924800234 3.6712586596272385 3.725199881305329 3.765517871039639 3.79249553503769 3.8041520169049345 3.7998830023613697 3.780562337458425 3.7483589023296267 3.7059514325224954 3.6562881333191743 3.6028054915719103 3.548714006937103 3.4967793979007338 3.449223172752127 3.40771291475953 3.373396235593431 3.346923371512615 3.32840192596668 3.3172610244718883 3.312226537755537 3.312134172847639 3.313994420731006 3.3083365905452284 3.2956431665045693 3.2769891753209017 3.251854511617669 3.209176142906875 3.1700841219781175 3.145778292853728 3.137871596706545 3.1465584660439867 3.170947400009484 3.2043184430621645 3.245594005572877 3.294604106508462 3.350669187456876 3.4124001649159306 3.477503938997564 3.542574239818619 3.5986743452981327
3.4644931689826306 3.5643532910804603 3.6627523431064346 3.7556807624223114 3.8386908985833177 3.907192517484829 3.9600069121740376 3.9957904801799526 4.011865748330027 4.007439570046008 3.9837242194403073 3.9434591718298733 3.889773229673485 3.82685830144463 3.758971444642852 3.689947712387693 3.6229980479119543 3.5606562888189086 3.504818516934994 3.4568205141219437 3.417501125784894 3.3871821016676913 3.3654258494385907 3.3504204896485414 3.339336430528128 3.3323294408429174 3.323084460930331 3.308066713945898 3.2880683572664875 3.2635023785114505 3.233420712701604 3.194106357440707 3.167786168686056 3.156747098036173 3.16097300073583 3.179822606983023 3.206590947349163 3.239344992853023 3.277670478958038 3.320713281174376 3.3670872780510424 3.4147770172798735 3.461086762852565 3.499161868717996
3.5675124518300154 3.6855229287741267 3.8030134284661044 3.915400601758872 4.017348295387553 4.1031071039535485 4.17047444505174 4.216303067508425 4.2368952647975116 4.231186440272163 4.200931404801543 4.149349015624215 4.08107790035128 4.001745765713433 3.9166562094299224 3.8303508548051166 3.746460335058303 3.667734814920448 3.59616154119992 3.5331086777871223 3.4794582158078633 3.43569482792834 3.401856817922174 3.376724772185287 3.354819535201363 3.3364154825835732 3.3242268801288852 3.308849998661867 3.289358185050194 3.2655246377269553 3.237444361833103 3.2061439118648365 3.1778429784670617 3.1633962462103997 3.162737480325932 3.175562148638792 3.195829376009433 3.220424025331572 3.248831055278375 3.2802162435381845 3.3133524851819947 3.3465613896069653 3.377719204210857 3.40140274862149
