_RESULTS/CROSS_VALIDATION_POSTPROCESSED_CLR/Berg/TZ/4comp/4/Berg_TZ_z_90_kriged_reverse_4comp_spherical_4.asc
ncols 100
nrows 90
xllcorner 5.6208707817415728
yllcorner 50.959635321741573
cellsize 0.00013419651685393446
nodata_value 1.7014100000000001E+038
[rows 57 to 75 of 90, columns 0 to 42 of 100]
0.11420195577925663 0.12137137469960368 0.14239323155602235 0.17590527241365883 0.21991513237035654 0.2720941289534553 0.3300290786485922 0.39139077134526146 0.45402137088348393 0.5159633219243631 0.5754540600512514 0.6309046003524708 0.6808729935022872 0.7230451041625858 0.7526368248198168 0.7674664532026838 0.7668965734862229 0.7508547313879297 0.7268815384952085 0.7004281343521821 0.6724306811657734 0.6438334830644679 0.6155719449849475 0.5885497774233417 0.5636119621815543 0.5415174847333499 0.5229191197546715 0.5083334550381503 0.49644867590342556 0.4859617361148435 0.47191578363755626 0.4549360565976983 0.4366475502173943 0.417829700013579 0.39797272884975066 0.37589329506610536 0.35052525864648276 0.32117937958757914 0.2874887777858506 0.2493105212935527 0.20666988038008371 0.15976589736983382 0.11184845979100755
0.22385983346577165 0.229851515467958 0.24747037276432193 0.2757033988169221 0.31302650023654266 0.35759083720190543 0.4073993540313563 0.46044254748923974 0.5147555147412759 0.5684521177284421 0.6199666845719574 0.6678270847021386 0.7106161921438094 0.7469560581941017 0.7742857329044374 0.7875394479675477 0.7856574783511263 0.7707094625952784 0.7515289431889904 0.7297743695438152 0.7063238516591966 0.6820532217610211 0.657821537107978 0.6344533649386236 0.6127195838391808 0.5933200390446036 0.5768731237421875 0.5639185482575705 0.5548791816568878 0.548195668528843 0.5383090610420327 0.5245731896866764 0.5081181756684913 0.4895374581363804 0.46875213113372083 0.4452372211153458 0.4183817838793201 0.38771154929573626 0.35295205124106044 0.3140236031261532 0.2710366702898117 0.22628997860069444 0.18361846102436985
0.3265197849125383 0.33153094672366645 0.34629317698772055 0.37002645429194914 0.4015276074334718 0.4388079878578356 0.4801308704067371 0.5240928466884353 0.5692504413515632 0.6141608103151367 0.6574004091055382 0.6975690149972038 0.7332856822659706 0.7631815153989848 0.7858923886221937 0.7984477695121448 0.796361002839384 0.7862297030274087 0.7719155291032929 0.7547906400896573 0.7357905854422828 0.7157312823709061 0.6954072439723071 0.6755778089888486 0.6569531583421541 0.6401824502991182 0.6258469778582074 0.6144608520353478 0.6064790617762402 0.6022735478502601 0.5966592425087628 0.5862950993109026 0.5720912625758015 0.5545972772751435 0.5339581271110535 0.5100175756019313 0.4824980661122835 0.4511515562925821 0.4158430593601561 0.37658832816446464 0.3354132484038451 0.29541451269991514 0.2579293906197332
0.42139087674280595 0.4255647352209593 0.4378257536670751 0.4565495594488971 0.4807130667899101 0.5095296189608887 0.5420032692973877 0.5769995305239201 0.6132997069710833 0.6496370902133719 0.6847174238328013 0.7172279675045005 0.7458397159045161 0.7692065693214596 0.7859641041409617 0.7944617030977615 0.7955656664024809 0.79251654481651 0.7853236941788849 0.7743398659553025 0.760006012318007 0.7440453559415853 0.7275089691147679 0.7110999485947376 0.6954752070436803 0.6812361972071285 0.6688831019260234 0.6588913140973713 0.6517796313121182 0.6478893065169018 0.6452853243870778 0.6385111750382134 0.626978389689985 0.6112227533914554 0.5915264801302662 0.5679585570507154 0.5404745683533859 0.5090160603786603 0.473628151617137 0.4366145197922138 0.39991320417927756 0.36459026375783776 0.3319146932327307
0.5076821755798281 0.510307153428785 0.5177614170538609 0.5300385825859414 0.546851451490787 0.567657089618755 0.5917102726445002 0.6181131632826891 0.6458554516688704 0.6738429016384602 0.7009152426430734 0.725856112589602 0.7473983145684615 0.764227309475949 0.7749850180725313 0.7801129312182558 0.7842352510075055 0.7870538337867807 0.7871822005880654 0.7835864346461714 0.776500852461004 0.7661253833141572 0.752835998607937 0.7382651112098022 0.7236284505032704 0.7099442849159829 0.6980703438667788 0.6886868584598032 0.682281344915783 0.6791320731431734 0.6787866630106494 0.675904053179276 0.6690100048820424 0.6570492788259843 0.6395300214454659 0.6169484297739392 0.5900522847729344 0.5594459263266705 0.5273545136731901 0.4947220468911645 0.4624471582813702 0.43155228717044714 0.40319492112324473
0.5826704536682286 0.5812486247032085 0.5835017266796297 0.5895706948481124 0.5993410161537387 0.6124735224826279 0.6284392137666526 0.6465521557128415 0.6659964045275331 0.6858453748903903 0.7050743048329084 0.7225679683060959 0.7371263503928818 0.7474707140131873 0.7533535343557174 0.7597453667152123 0.76674546570101 0.7728811503806897 0.7777332632557877 0.7808996078054007 0.7797100902355617 0.7732202354037778 0.7622618417675537 0.7478580504869712 0.7331046794030429 0.719495147734062 0.7078872104896384 0.6989475394819742 0.6931320331195985 0.6906671712024441 0.6915314219869604 0.692507803549186 0.6895880188646382 0.6825069711839897 0.6707437214993813 0.6533721779570278 0.6311148127927142 0.6049795840776875 0.5773465332752412 0.5490952741370454 0.5211028665219164 0.49432432360630096 0.4697902612927193
0.6431120685169354 0.6375969356857423 0.634723781617472 0.6347397576632163 0.6376778278575529 0.6433757619630734 0.6514973207903934 0.6615515423232806 0.672907389786439 0.6848029379555021 0.6963501782078536 0.7065378861657845 0.7142354656831065 0.7192464547069445 0.7257646226636008 0.7340948281385491 0.7437918026569952 0.753456025445352 0.7610136836517433 0.7640413565265581 0.7628938952828228 0.7579982761499051 0.7496965278853258 0.7380121870083247 0.7236416738011275 0.7098433395852753 0.6982823384976768 0.6896223159047113 0.6842976291641205 0.6824940696807151 0.6841341483898418 0.6883043751046383 0.6898196928394209 0.6878391548875089 0.6824671135032805 0.6735033363032283 0.6606683056680573 0.6436402085035073 0.6220024448076076 0.5980743662392454 0.5741907512480249 0.5512247776872791 0.5300774099481115
0.6887600760451031 0.679116590678277 0.6711509387105565 0.6652040524048005 0.6614394711468642 0.6598544145774647 0.6602908651621023 0.6624435285534848 0.665862760592511 0.6699524274290407 0.6739647035217721 0.6769953552899848 0.679630883856095 0.6850795188462158 0.6932206462810324 0.7036579010467576 0.7158454104759041 0.7261391373244548 0.7319677040532286 0.7336461422823586 0.7316330555426633 0.7263821857683379 0.7183346370390193 0.7079035296754399 0.6954523101107586 0.6815536314412516 0.669628354953542 0.661060473566231 0.6562614045113377 0.6554461657248228 0.658620271908067 0.6655746329872683 0.6738862842501023 0.679503729136196 0.6821878322949497 0.6816807846217968 0.6776573139298625 0.6697718409527721 0.6576666392557495 0.6410160779577708 0.6209784934714203 0.6014543972799047 0.5833791811759723
0.7194180188089052 0.7056069161698394 0.69255357141215 0.6806831704725504 0.670278021005594 0.6614837872719479 0.6543133106075377 0.6486450293332073 0.6442143069110591 0.6405982419855042 0.6372972883721415 0.6365638599988523 0.6395981143308073 0.6462477511208482 0.6561849639988613 0.6687066701903478 0.679321903628241 0.6867078428258547 0.6907573225406607 0.691075568340449 0.6881100937293089 0.6823463048905155 0.6742765321281976 0.6643790832373107 0.6530888302106705 0.6407615169787602 0.6283378553271376 0.6196397207303034 0.6155511761362833 0.6162579241624049 0.6217044219707768 0.6315962533792008 0.6453582984627957 0.6589864119024127 0.6701438317104291 0.6785036748502029 0.6836621038796945 0.6851782330517946 0.6826166958541726 0.6755703119383762 0.6636727614208486 0.6477269893919367 0.6324584257247725
0.7349199998149218 0.7169062519671291 0.6987527516140588 0.6809601898488937 0.6639202873757809 0.647920143771202 0.6331416344551305 0.6196521155970258 0.6073888651807923 0.5977941122634439 0.592415510909843 0.5915314065003316 0.595188210617438 0.6031951727566333 0.6149320471322701 0.6253233008167044 0.632608403702401 0.6370302661000753 0.6388354507142036 0.6377746140999415 0.633741315155917 0.6272599105419534 0.6188886440423407 0.6091921570574577 0.5987029083628501 0.5878739252926144 0.5770268479317522 0.5681024861119784 0.5646487710272783 0.5669015624133134 0.5747421608756396 0.5877800527545691 0.6053796879869378 0.6263902729595996 0.6464652934942036 0.6640883340921973 0.6787370211343483 0.6898731590413737 0.6969699132931759 0.6995294433996444 0.6970905771114138 0.6892263688077989 0.6769553720835001
0.7351332602045701 0.7128964551423782 0.6896259737702419 0.6658880723712615 0.6421744049064383 0.6189078403889667 0.5967435250107227 0.5772532099656893 0.5613885699478283 0.5499352246747126 0.5435004431633903 0.5424416857476229 0.5468189535947838 0.5563556185039713 0.5661691913840989 0.5731152528966049 0.577344949352308 0.5789922279629183 0.5782300411957373 0.5753042848073855 0.5700553127912917 0.5625965364361969 0.5535711536853318 0.5436574839823631 0.5335198834156902 0.5237472899516159 0.5147839856588039 0.5069809415079389 0.5040967245925324 0.5079550362682301 0.5183657683740267 0.5348220836643551 0.5565522408916728 0.5825904349872826 0.6113433378523938 0.63859615845191 0.6630248452997517 0.6839763936183225 0.7008220012950155 0.7129697257908864 0.7198672022467587 0.7209954613947189 0.7158548204273307
0.7203117725600304 0.693950503738948 0.6658936131980564 0.6369448714542105 0.6079862227326485 0.5799813293416098 0.5539683504829402 0.5310339453029492 0.5122598348448638 0.4986372182024903 0.4909556271651554 0.48968967785968043 0.49491976770831236 0.5034991585670379 0.5098085282192575 0.5137520032451233 0.5152941041554875 0.5144191647202604 0.5112028308840718 0.5058515883600431 0.49871626119540235 0.4899535803116418 0.47983329053415125 0.4691793014716914 0.45883143618268185 0.4495653308506906 0.4420001406081775 0.4365029042095363 0.43444688350648186 0.4400113130890084 0.45323499081120233 0.4734702050869727 0.49978766223132864 0.5309903952355614 0.565730116410849 0.6022957343209044 0.6367842323386799 0.6677260035900654 0.6943858112031244 0.7160799225469403 0.7321730232287653 0.7420676868618388 0.7451880653261997
0.7005058560802999 0.6703621369744974 0.6383479219618757 0.6052838496759771 0.5720925333610278 0.539814174257852 0.5096131450969925 0.482763248835137 0.46059427569526445 0.44438333913880046 0.43519036043317827 0.4336715035843368 0.43898950751176924 0.4440775200195678 0.447507423803416 0.4490385582772106 0.44837358579077546 0.445299862877916 0.4397728429785942 0.43195304298974324 0.4222127622361075 0.4111236746630237 0.39931461692728354 0.38726932359743826 0.37600767596054296 0.3665581842291872 0.3597864203734027 0.35625984391823307 0.3562584706424352 0.36368155595181917 0.3800526941884833 0.4045573009397694 0.43598473256771775 0.47287723248165714 0.5136552335382383 0.5567046725895475 0.6003991264625033 0.6414799216258549 0.6779856707042844 0.7091495395524213 0.7342662787659526 0.7526762950844574 0.7637463627881971
0.6809073552110412 0.6470795096372581 0.6111395317997229 0.5739034824755063 0.5363109051486766 0.49945705598457923 0.4646228155252914 0.4332867337665668 0.4070895657498049 0.38771006362979377 0.37662417338908416 0.37478527824330354 0.3774468972211412 0.379673816722763 0.3810695523705445 0.38096252349646276 0.378698092192604 0.3738198178053519 0.36614917369738365 0.3558038380191697 0.3431881497233328 0.3289727853481371 0.3140665538638061 0.29957332461095876 0.28651807199195556 0.2760132998161158 0.2692708861795261 0.2671526977466212 0.2699827756677484 0.27960249994594333 0.29960151564892645 0.3289736034956614 0.36615566779124287 0.40935705127137945 0.456713744157457 0.5063930136399667 0.5566512606766977 0.6058575044944715 0.6520515143259996 0.6925570325169941 0.7264773475542875 0.7531139951032626 0.7721087007120032
0.6622847898428501 0.6249604486513343 0.585221747944505 0.5438523856603839 0.5017729181851973 0.4600920346543642 0.4201695691501508 0.383678464459577 0.3526260745073776 0.3292519263325401 0.31569623577082295 0.31223763289125106 0.3115691239816537 0.3120174394445103 0.312520118505213 0.3117637618037291 0.30863039708739304 0.30239321384588724 0.2927504275674898 0.279795972023415 0.2639814801670415 0.24608784681654627 0.2272023563127975 0.20867510362344022 0.19210762919547753 0.17920872696180223 0.17149279501684578 0.17007485154521995 0.17555045247184464 0.18840864685375325 0.2127031932045872 0.2477449808312212 0.29148562852511417 0.34171834147340585 0.3962380134614095 0.452973223536962 0.5100316023910305 0.5657013241065894 0.6184322660698456 0.6668208017352093 0.7094428398821861 0.7445913086652871 0.7716404397593057
0.6454025338258774 0.6048810334512185 0.5615996896298476 0.5162791714865539 0.4697751491104878 0.42314516494757337 0.37774793026988085 0.33537878676209887 0.2984135651980864 0.26983876501812465 0.252887395180623 0.2457876548490341 0.24288011330800263 0.24310521635470395 0.24423944409889686 0.24403446478207325 0.24083578834986086 0.23368186929085122 0.2222050804430612 0.20651592993564838 0.18707797198718634 0.1647733819871775 0.14089368932512114 0.11710840212342111 0.09544672176818658 0.07819786386002114 0.06766400149566143 0.06573537520099537 0.07337485239642294 0.09043510168449698 0.11996381954918978 0.16181912177495683 0.21325406629175636 0.2714510199301955 0.33378067530657307 0.3979484856009152 0.4620161151985609 0.5243122741503813 0.5833615588775622 0.6378602414899471 0.6866372968803727 0.7286233476767312 0.7628274083304534
0.6309914116099438 0.5877020368752328 0.5412949562170458 0.4924016632744742 0.44176649453560113 0.390316502583977 0.33928253195316593 0.29040759428081575 0.2462798399033691 0.21072843034884647 0.18850094979176613 0.1766010379960895 0.1731609269224449 0.175471344478767 0.1791955906798045 0.1808462169150724 0.17831766255730408 0.17057717154183882 0.15723497558401955 0.13844668172924757 0.11483905336618694 0.08741707287096667 0.0575995215735462 0.027289142743630368 -0.0010593796624360774 -0.024453404172899207 -0.0396005418569676 -0.04352023562743379 -0.0344531268931183 -0.01263640401630095 0.02318461574347941 0.07313851785169356 0.13346267581325322 0.200625694808515 0.27159760087327434 0.3438712766588413 0.41538135205820215 0.4844865541875487 0.5498234194917302 0.6101427764676597 0.664328422237956 0.711361063612463 0.7502932828526644
0.6197100138972985 0.5742198546667079 0.5252851243961639 0.4734370707154264 0.4192797663397827 0.36354368302342244 0.30719123361980794 0.2516368579835926 0.1992247712226496 0.15422699148115615 0.12279597881001847 0.1058470784193194 0.1049351223314301 0.11279679208728965 0.12130193785831433 0.12585222291776654 0.1243468343224875 0.11588438645944577 0.10039164686185209 0.07822951212180174 0.0500857469208319 0.016984409095031516 -0.019632646056051417 -0.05775620723022157 -0.09460324438049827 -0.12642604489579545 -0.14857336938641175 -0.15625528417557932 -0.14622036710290165 -0.11862135235586435 -0.07452398896013945 -0.014631105265333177 0.0559681825359617 0.13295197366672362 0.21296449658223848 0.29343186447196645 0.3723400408466667 0.4480577300178411 0.5192383803167652 0.5848586023351184 0.6439069440068892 0.6954297383187382 0.7385319919411079
0.6120997960643639 0.5651047141860107 0.5144184767505685 0.46048563846708235 0.4037795826150954 0.3448263714959392 0.28425639275842807 0.22292915039653616 0.16227996759258256 0.10545866062808196 0.05837259053727928 0.03491691747051218 0.043227303931061 0.06114092093265666 0.07574239666512361 0.08310954265061243 0.08203569500344865 0.07239071539802588 0.054432323970916574 0.02864832455813371 -0.004268407762976878 -0.04337476484605163 -0.08736310558695504 -0.1343484737324223 -0.18150586099795074 -0.22452671913758948 -0.25709386198122464 -0.2713348486753604 -0.2609027646279951 -0.2257357248407874 -0.1703269466375288 -0.09810947652550106 -0.01584975073732542 0.07149260515631284 0.16051361433849176 0.24880113188984354 0.33454522215705085 0.41630164672915837 0.49285228752609167 0.5631305478363811 0.6263426269283076 0.6816757971775546 0.7282903658259412
