_RESULTS/CROSS_VALIDATION_POSTPROCESSED_CLR/Berg/TZ/4comp/4/Berg_TZ_z_1000_kriged_reverse_4comp_spherical_4.asc
ncols 100
nrows 90
xllcorner 5.6208707817415728
yllcorner 50.959635321741573
cellsize 0.00013419651685393446
nodata_value 1.7014100000000001E+038
[rows 19 to 37 of 90, columns 0 to 41 of 100]
-2.3575436968850134 -2.327544921432553 -2.2984323490446616 -2.2720763564443622 -2.250220894440064 -2.234412920934283 -2.225921726406823 -2.2256540300980703 -2.2340736553319127 -2.251136790511367 -2.276254827933 -2.308296533811457 -2.3456398274158285 -2.3862792347604227 -2.4279841281974726 -2.4684823392720325 -2.505621842987175 -2.5374617587599912 -2.5536479140068424 -2.5066501540785944 -2.3912149789227377 -2.209463909322367 -1.9654211499594516 -1.6722429246865915 -1.3353682433042682 -1.0057852699667253 -0.7933385810922826 -0.69238365935577 -0.7036031357902557 -0.8239474930819557 -0.9956972103410489 -1.1478991901365108 -1.2913429929580489 -1.441553023663598 -1.6274996146773508 -1.907702324186064 -2.37242419536728 -3.066865541221854 -3.9111257632634904 -4.782606418617276 -5.576080217513544 -6.191885265647651
-2.2960649245903997 -2.254989473335068 -2.215591425675888 -2.1799874737313107 -2.1501942630320254 -2.128043951303521 -2.1150824491044293 -2.1124571139690222 -2.12080533744372 -2.1401590013857716 -2.16988121543986 -2.208651602807593 -2.2545165776983573 -2.3050213005403997 -2.357431102448499 -2.4090149482875987 -2.4573057289612543 -2.5002299661403833 -2.531620317128714 -2.5053150858199342 -2.4112487126416213 -2.2516885970351264 -2.028925082899394 -1.7477650015827924 -1.423157361663347 -1.1428685964521854 -0.9817317240196157 -0.9370106960894335 -1.0087564301998735 -1.1922582590822586 -1.391215257025603 -1.583219375470927 -1.7843070285911906 -2.0167171321510695 -2.311646433211882 -2.7158061862571845 -3.2788805362603535 -4.021044875563034 -4.909922293461311 -5.876455361660685 -6.8284331739812885 -7.640990361579897
-2.221407157948116 -2.168518317144719 -2.117991840312038 -2.072225131503905 -2.033559115347582 -2.0041793698090173 -1.9859890521035028 -1.980460914304374 -1.9884834390644206 -2.0102220651741023 -2.0450178966045707 -2.091343805272807 -2.1468380378168677 -2.2084469258294774 -2.2727212531404635 -2.336268497623343 -2.3962139131084346 -2.4504061627470226 -2.4963085642918865 -2.4939607366124656 -2.4246787231755196 -2.2909131671228495 -2.09511889615485 -1.8398149232103238 -1.5295358573186528 -1.288838902535883 -1.1742344277318262 -1.1813868984195937 -1.3096431479781416 -1.5339182915834366 -1.7573722180822888 -1.984175658138497 -2.2326934136222203 -2.526953178895668 -2.895469875842243 -3.3736688960741112 -3.9949972616797056 -4.776594410586923 -5.710992152595729 -6.768528714895741 -7.90832064895023 -9.027086749195664
-2.1357152694688253 -2.0702194793271884 -2.0076176019752356 -1.9506201840023711 -1.9019487975778253 -1.8642242115081904 -1.8398099744673793 -1.830617950378831 -1.8378958558835994 -1.862028240425389 -1.9023839513571974 -1.9572321266373411 -2.0237374999419737 -2.0980681019508447 -2.175733109466936 -2.2523063376320653 -2.324347951221516 -2.3897952318235314 -2.4474889304861582 -2.4718236558315256 -2.4304196772767543 -2.3257015744717324 -2.1602647022111996 -1.9366300209403096 -1.6451305226713642 -1.433655121821281 -1.3590766339511857 -1.4106248965903547 -1.5884897815092007 -1.8356051567289198 -2.076759034054203 -2.3273335290619386 -2.6058361700681494 -2.935050047998124 -3.339776578716731 -3.8470968141543267 -4.483048865496177 -5.265290501780496 -6.2004635860941075 -7.296767303628014 -8.576644507598234 -10.009843680275388
-2.041349914221305 -1.9624198829103936 -1.8867019927280984 -1.8172446871447316 -1.7572073016717278 -1.7097409936743533 -1.6778006573846571 -1.6638897017809517 -1.6697638438971194 -1.6961449779348363 -1.7425028793037378 -1.806934635487426 -1.8861179063628617 -1.9752990885327106 -2.068472930440884 -2.1594090373270207 -2.243765106540513 -2.3200641957382055 -2.3881623927035314 -2.4374935246966962 -2.4267657340067075 -2.3540073490774374 -2.221880650635126 -2.028611079649003 -1.760429788131883 -1.568466252648183 -1.5259905687725253 -1.6126549851505871 -1.8282248178264788 -2.086222384883494 -2.3367455554789283 -2.597067969051057 -2.885455592667045 -3.221835434114529 -3.626963619921561 -4.120996597568604 -4.724149003632402 -5.451519078269161 -6.315388881735869 -7.354047309763171 -8.56752542325063 -9.929522096096715
-1.9409286591820505 -1.8477455600062838 -1.7578068087024503 -1.6745062682441687 -1.6014903752848102 -1.542546107868746 -1.501384816698598 -1.4813085757911515 -1.4847880481072022 -1.5130376388744082 -1.5657047372182702 -1.6407447510101723 -1.734416149487959 -1.8411406564956174 -1.9529813375317102 -2.0601329537289184 -2.156343742912907 -2.242389158286779 -2.320298960903961 -2.3889195808597687 -2.4114912294150925 -2.3733234739084255 -2.2770456239624406 -2.1120002083751075 -1.8687185750521143 -1.690276863807706 -1.666791516082201 -1.778131621773992 -2.015562613915759 -2.2765331983934995 -2.5288482181764587 -2.7859909073416795 -3.06470962220898 -3.3827988531671043 -3.756404864119087 -4.199217940349284 -4.724788649352114 -5.341548831143639 -6.0774342239549455 -6.940436575932907 -7.879539277127053 -8.762406594314008
-1.8373646142560265 -1.7291875770060896 -1.6239189161600471 -1.525273221198482 -1.43740895939648 -1.3648538007930213 -1.3122804451622159 -1.284079338326082 -1.2837401954333938 -1.3131792180610882 -1.3722569936561948 -1.4586900796819502 -1.5683149422165383 -1.6952599917256104 -1.830624369513639 -1.9573359509579622 -2.062725417759884 -2.156680623941579 -2.2442974858510265 -2.3250034345921784 -2.3820426255893876 -2.380881472715996 -2.321263592838207 -2.1850216393357647 -1.9697264044447724 -1.795824280353617 -1.7757263544279736 -1.900821608819895 -2.1467976191922156 -2.4037125528786514 -2.648187394605146 -2.8915934193263553 -3.146199430817588 -3.425158072977991 -3.741618216283799 -4.1031737139902145 -4.516273494392849 -4.990481857773455 -5.556913964233978 -6.183247517424936 -6.789062138844452 -7.216818635213559
-1.733893466873635 -1.6101656115825047 -1.488560539954071 -1.3730354278794787 -1.268231191952625 -1.1794919143645743 -1.1126922205604677 -1.0737281601288813 -1.0675980813072647 -1.0972543616073298 -1.162730752312584 -1.2610663867261005 -1.3870727970244796 -1.5344550397635377 -1.6966026328204178 -1.8527432598451148 -1.9579523731821813 -2.060896731166694 -2.1602757044128067 -2.2532437607854128 -2.33586516868198 -2.3738936054103896 -2.3503612340009443 -2.2456931205132795 -2.062176258761129 -1.885245055396949 -1.8556826832759536 -1.9776609120041932 -2.221724040508188 -2.4686469169273906 -2.697355472448364 -2.9168172743073337 -3.13608888071065 -3.3638172533590556 -3.606792373150976 -3.8675122907133255 -4.14731035193123 -4.472861332134477 -4.853074049040371 -5.244733115200789 -5.568090988165881 -5.693265964833667
-1.634073787481768 -1.4945723546389154 -1.3558998467112233 -1.2220999235141985 -1.0981635529406124 -0.9902323700446352 -0.9056165511129248 -0.8523153476224379 -0.8376936386500162 -0.8664052838881369 -0.9385866097906952 -1.0496704577281113 -1.1919234789737105 -1.3562786624257717 -1.5321706453832304 -1.6975250035961265 -1.8317482693846048 -1.9541233443098731 -2.0696479697882824 -2.1769358916327652 -2.273928994940276 -2.3497813997232186 -2.3626224662787023 -2.2917316195650974 -2.141446111833692 -1.960843283188393 -1.9118187628254797 -2.0078131180855694 -2.2408142803256537 -2.474071896119197 -2.682203280157337 -2.871444074310527 -3.0476710136317022 -3.216033781105472 -3.37873543582835 -3.5328019068254233 -3.6797930847155835 -3.8580127948024603 -4.058706077577616 -4.249304817278418 -4.3721414643118255 -4.334100740262957
-1.5417383321828972 -1.3867683983637908 -1.2308283538960936 -1.0777993452163153 -0.9327268148029568 -0.802310714144451 -0.6953710348704054 -0.6227799028457586 -0.59583381194328 -0.6223965300743561 -0.702747880620906 -0.8290999937431569 -0.9891513804090493 -1.1696148320170772 -1.3567391903223336 -1.5354402758919932 -1.6965283204069115 -1.8425025165707773 -1.976699604858354 -2.099484457684429 -2.2093619224560426 -2.3039609966610666 -2.3510931815041696 -2.313221067280198 -2.1961046523304795 -2.018946706736004 -1.939695365159296 -1.9983126404572724 -2.1984595658105692 -2.4165529797189222 -2.6028651403479803 -2.761387669379632 -2.894918875179225 -3.0044610867663093 -3.0868425646684776 -3.134653274250803 -3.1609697672466144 -3.1998857918717087 -3.238335591529374 -3.2657315861113614 -3.265194741580477 -3.1764823733868703
-1.4608688354234531 -1.291480963130347 -1.1189376153427362 -0.9466396088614175 -0.7791974287206362 -0.6232346517632945 -0.48860974611455843 -0.3896692551531524 -0.34441711879855585 -0.3676323453327224 -0.4601104637775326 -0.6073818520077112 -0.7896525680064062 -0.989401496733878 -1.1925558127437825 -1.3880967858425413 -1.5696166961273492 -1.7358692796695585 -1.8868983565038264 -2.0212871668583166 -2.1392878590788325 -2.2407738268145945 -2.3078624637225236 -2.30424850867307 -2.221394553120707 -2.065449787125115 -1.9465360133044676 -1.9600119779991678 -2.1105331177686377 -2.30092733067971 -2.465634937361789 -2.5943948623424666 -2.686981500206154 -2.7403632544626197 -2.7497883169648922 -2.705618439778828 -2.6337340316061857 -2.5517881750458002 -2.446463806466459 -2.328925641941237 -2.2643900937696584 -2.221156907161985
-1.395370140663092 -1.2135504475735512 -1.0262862238364168 -0.8362131718164618 -0.6469265071298049 -0.4638872444414561 -0.2963447802474022 -0.16111051928486475 -0.0868147327021016 -0.10521381332932744 -0.2189467576739279 -0.3970617592820971 -0.6074260956077246 -0.8293924246931783 -1.0503075302645177 -1.2620498201115273 -1.4598351065062078 -1.6391376453835833 -1.7992344919854422 -1.9410414191754792 -2.065177955012439 -2.171808905977673 -2.242320200628364 -2.2629281374479957 -2.215019263687076 -2.0939802082008754 -1.942237679796594 -1.9032624384458647 -1.9952635341869813 -2.1462884382476304 -2.2799104885815185 -2.3800837899483147 -2.433690170619717 -2.4387115408368345 -2.3886240721626493 -2.275355948836979 -2.1357272065307216 -1.9709769926376528 -1.7584772567094937 -1.4865832987737262 -1.3926253715587409 -1.486265970745826
-1.3464928210316556 -1.1554914561289258 -0.9575043691309735 -0.7540612982204635 -0.5469762947874637 -0.3393259365281578 -0.1374488219007528 0.04511609197964095 0.1704449211443806 0.15995581741422038 0.003379931168314254 -0.2186522747520523 -0.45993975974142387 -0.7028763322458262 -0.9390755775180968 -1.1629247545216237 -1.3678152387139342 -1.5525210395602245 -1.7174662207072295 -1.863386497437896 -1.9909411944874509 -2.1004978567391364 -2.173946418244291 -2.1981061949352783 -2.174314459349235 -2.0885521044251556 -1.9374821917396652 -1.8391533520762224 -1.8647946875286754 -1.9755931881979822 -2.0646118249538308 -2.1249156776681115 -2.1474193567794098 -2.1160836711604682 -2.0233427846183205 -1.8668113121819998 -1.6905152831054746 -1.4929731807349151 -1.2612191979728924 -1.0081144150302346 -0.9235605720457509 -1.0230153560030533
-1.3025209251032241 -1.106535708061274 -0.9035477422574889 -0.6945070712530441 -0.4802039525779431 -0.2613478663940185 -0.038807039220285944 0.18533068854697587 0.39727665997746886 0.40689013489839754 0.16112259646488392 -0.10419931985910624 -0.3669810457535343 -0.6221676439517356 -0.8656149683377605 -1.0905664454343662 -1.2955920300070134 -1.4805700787951293 -1.6458693642550537 -1.792089648504186 -1.919839958433523 -2.02960794072191 -2.105431309170855 -2.1323340620131583 -2.112033872296233 -2.0460262831723846 -1.92837068339227 -1.77968007121841 -1.7344381508260467 -1.793130723889288 -1.8419439155962511 -1.8594775556876058 -1.8417601286362273 -1.7826176253540256 -1.664467445894628 -1.4877190408110477 -1.3025182267026363 -1.112490945470403 -0.9220168312778378 -0.7643555725061804 -0.7066208611310341 -0.7656052527581161
-1.2633110696845713 -1.0667802269858524 -0.8644304037728472 -0.657202563827842 -0.4458907744253695 -0.23127664529911574 -0.014534389036696016 0.20102833723099955 0.39622073749495934 0.40095998361729723 0.1731404889806809 -0.08488706713937111 -0.3431264626361701 -0.5942883379628929 -0.8299165011346981 -1.0475650734061301 -1.2464601857438464 -1.426344506175814 -1.5873557298481915 -1.7298709823910168 -1.8543580012369973 -1.9612629761375766 -2.0383922138088995 -2.0676040774369553 -2.0505581838207165 -1.9889314771289344 -1.8841608864214925 -1.7363740736523376 -1.61329883274511 -1.605716976339847 -1.620581289714267 -1.6033365019813695 -1.5506811345545353 -1.457243217463212 -1.316186371772344 -1.1338757390808323 -0.9570841449690848 -0.7920610348052057 -0.6486195239926036 -0.5497532482715606 -0.525720004383297 -0.5913234339178595
-1.2300891757993164 -1.037448790614544 -0.8413673700529753 -0.6433208128803893 -0.4450704069698883 -0.24932700644181827 -0.0615014450710607 0.1050686118323263 0.21417144371344055 0.19836515728619286 0.05057872981526401 -0.15848364325712838 -0.38745688238345366 -0.615162186954918 -0.8321688967888243 -1.034949387919999 -1.2216322333829992 -1.3912772033799192 -1.5435330918898742 -1.6784221784468412 -1.7961815555258571 -1.897143194431458 -1.9736502207449655 -2.004525261767668 -1.9904576516634955 -1.9333142717132161 -1.83465708575765 -1.6913687269466509 -1.5171001804800535 -1.4251303190927365 -1.4070638328667457 -1.3627373481227214 -1.2842556907759772 -1.1665062802506312 -1.0058988371013484 -0.8117456979417135 -0.6392221035736285 -0.4969695110898438 -0.39123041527737135 -0.33230274726611553 -0.3420162560593156 -0.4318198448982482
-1.2027109865931065 -1.0178814423435742 -0.8328602758289936 -0.6498846817907284 -0.4719221605171091 -0.3036244572043083 -0.15323707899566585 -0.03604095325059653 0.02249360143306589 -0.004440805732537356 -0.11767477609090538 -0.2885201932853332 -0.48210062056733216 -0.6773473637168999 -0.8688075156984634 -1.0508794580494043 -1.2203272676254242 -1.3753064586081827 -1.51483837071806 -1.6385069895468432 -1.746262490750743 -1.8382811374397012 -1.9112687012320306 -1.9429971190109254 -1.931418571617422 -1.8786148166420626 -1.7838340087372413 -1.6437811930500872 -1.4739281914041045 -1.301031993518499 -1.2141698977250024 -1.143152394742367 -1.044693832185985 -0.9111929605651845 -0.7399550340107841 -0.5398164257662228 -0.3676218539416203 -0.23483562904994537 -0.1461808393154418 -0.10926937142855797 -0.14397946883839863 -0.2577990361672171
-1.17989292353148 -1.0059420350597974 -0.8354661997376218 -0.6713377561007543 -0.5173187464227595 -0.37887658168767624 -0.2643488497538291 -0.18600130260640313 -0.15900443758250526 -0.19511447753129252 -0.2934357484763135 -0.4379590702781222 -0.6025665700290608 -0.7704369625990508 -0.9335707921031111 -1.0915088467701417 -1.2402505635058967 -1.3771919246306235 -1.500768459624667 -1.6101330399260172 -1.7049445008196191 -1.7852181645301843 -1.850647424645384 -1.882290702272631 -1.8725086892464116 -1.8229979207964433 -1.7296520525320198 -1.5922811543520246 -1.4298505334790135 -1.256235357271747 -1.085651970932381 -0.9739447316855578 -0.8474720372581723 -0.6957457827561737 -0.5167144840108016 -0.31490276840691944 -0.1447944846604874 -0.021232274630862857 0.05356982872977101 0.0712884742967983 0.010654206230615415 -0.13290571490559255
-1.1595745086091882 -0.9986195499991286 -0.8448393378982657 -0.7014236640456573 -0.5723177119810909 -0.46273661492658613 -0.3796290341644464 -0.3315929022618036 -0.32733941455211246 -0.3722300385477464 -0.4646543553176734 -0.5899976024087144 -0.7318949408761624 -0.878419440441669 -1.0195081153840904 -1.1521242301066081 -1.2782627368058441 -1.3949431155664085 -1.500178803122676 -1.5927730284290165 -1.6721336749446505 -1.7381393525849886 -1.7910294035204979 -1.821171912476922 -1.811792872771511 -1.7576512944981755 -1.6568167476154092 -1.5157489326517726 -1.358053704067554 -1.1933370628454756 -1.0257309075498715 -0.861590980318593 -0.7129690547926892 -0.5472771007203234 -0.3632147886052417 -0.16235638400798447 0.006379726214548853 0.11985300298404011 0.1770907027266979 0.1719193458210002 0.08856565213757417 -0.073692709775659
