_RESULTS/CROSS_VALIDATION_POSTPROCESSED/Berg/IZ/2comp/5/Berg_IZ_z_250_kriged_reverse_2comp_spherical_5.asc
ncols 100
nrows 90
xllcorner  5.6208707817415728
yllcorner 50.959635321741573
cellsize 0.00013419651685393446
nodata_value 1.7014100000000001E+038
[rows 0 to 18 of 90, columns 0 to 42 of 100]
15.633362367983885 15.633362367983885 15.633362367983885 15.633362367983885 15.633362367983885 15.633362367983885 15.633362367983885 15.633362367983885 15.633362367983885 15.633362367983885 15.633362367983885 15.633362367983885 15.633362367983885 15.633362367983885 15.633362367983885 15.633362367983885 15.633362367983885 15.633362367983885 15.633362367983885 15.633362367983885 15.633362367983885 15.633362367983885 15.633362367983885 15.633362367983885 15.633362367983885 15.633362367983885 15.633362367983885 15.630118160492287 15.618936059382508 15.601117118457946 15.577755264672167 15.549406629100057 15.516723146413494 15.480477153262335 15.441586424827694 15.401136900904621 15.36039833049484 15.320825407371682 15.284034239449461 15.251742797786186 15.225667202139409 15.207376388415717 15.198125848269045
15.633362367983885 15.633362367983885 15.633362367983885 15.633362367983885 15.633362367983885 15.633362367983885 15.633362367983885 15.633362367983885 15.633362367983885 15.633362367983885 15.633362367983885 15.633362367983885 15.633362367983885 15.633362367983885 15.633362367983885 15.633362367983885 15.633362367983885 15.633362367983885 15.633362367983885 15.633362367983885 15.633362367983885 15.633362367983885 15.633362367983885 15.633362367983885 15.633362367983885 15.633362367983885 15.632613557231096 15.625167688694072 15.610894911418804 15.590188213333855 15.563473502399916 15.531251024391802 15.494123010990274 15.452825595251399 15.408264309471795 15.361551001320567 15.314037377749026 15.26733613035805 15.223314726262524 15.184041185511882 15.15166056521308 15.128193792830924 15.115282706307626
15.633362367983885 15.633362367983885 15.633362367983885 15.633362367983885 15.633362367983885 15.633362367983885 15.633362367983885 15.633362367983885 15.633362367983885 15.633362367983885 15.633362367983885 15.633362367983885 15.633362367983885 15.633362367983885 15.633362367983885 15.633362367983885 15.633362367983885 15.633362367983885 15.633362367983885 15.633362367983885 15.633362367983885 15.633362367983885 15.633362367983885 15.633362367983885 15.633362367983885 15.63347083915439 15.631643965233321 15.622460927651888 15.606106940638941 15.582889972700128 15.553162848994557 15.51734903741516 15.475974570406454 15.429707121343586 15.379402806411404 15.32616013399391 15.271377870106845 15.216808069470957 15.164585544640207 15.117200633895298 15.077369536166865 15.047763730892905 15.030611758657802
15.633362367983885 15.633362367983885 15.633362367983885 15.633362367983885 15.633362367983885 15.633362367983885 15.633362367983885 15.633362367983885 15.633362367983885 15.633362367983885 15.633362367983885 15.633362367983885 15.633362367983885 15.633362367983885 15.633362367983885 15.633362367983885 15.633362367983885 15.633362367983885 15.633362367983885 15.633362367983885 15.633362367983885 15.633362367983885 15.633362367983885 15.633362367983885 15.633726157744102 15.63603699939258 15.633359657217635 15.622936766381573 15.604985430494805 15.579735962362811 15.547452556114752 15.508460082586751 15.463178874060226 15.412169595305988 15.356190476835954 15.296269022161999 15.233788882021429 15.170587645160774 15.10904838937343 15.052141213232387 15.003331170920879 14.966243506631033 14.944038256077757
15.633362367983885 15.633362367983885 15.633362367983885 15.633362367983885 15.633362367983885 15.633362367983885 15.633362367983885 15.633362367983885 15.633362367983885 15.633362367983885 15.633362367983885 15.633362367983885 15.633362367983885 15.633362367983885 15.633362367983885 15.633362367983885 15.633362367983885 15.633362367983885 15.633362367983885 15.633362367983885 15.633362367983885 15.633362367983885 15.633362367983885 15.633830634304276 15.63700516322179 15.641069035457662 15.637968881048058 15.626858579914657 15.607884240255935 15.581190440305653 15.546939345737943 15.505336746839655 15.456667507572309 15.401343508098142 15.339968074693546 15.273422264884864 15.202979887672788 15.130457674695174 15.058397677941244 14.990244573979744 14.930397306281481 14.883886728846422 14.855416296451796
15.633362367983885 15.633362367983885 15.633362367983885 15.633362367983885 15.633362367983885 15.633362367983885 15.633362367983885 15.633362367983885 15.633362367983885 15.633362367983885 15.633362367983885 15.633362367983885 15.633362367983885 15.633362367983885 15.633362367983885 15.633362367983885 15.633362367983885 15.633362367983885 15.633362367983885 15.633362367983885 15.633362367983885 15.633362367983885 15.633689360805663 15.636944437477467 15.643286688029374 15.64851905081461 15.645576392016386 15.634401713732316 15.615069661627484 15.587635086251487 15.552149028354798 15.508681960256446 15.457357228891484 15.398398387478215 15.332195428886678 15.25939766304055 15.18104632838212 15.098579642023251 15.014261895041663 14.93205883696711 14.857583639718921 14.798076212984078 14.761125023514937
15.633362367983885 15.633362367983885 15.633362367983885 15.633362367983885 15.633362367983885 15.633362367983885 15.633362367983885 15.633362367983885 15.633362367983885 15.633362367983885 15.633362367983885 15.633362367983885 15.633362367983885 15.633362367983885 15.633362367983885 15.633362367983885 15.633362367983885 15.633362367983885 15.633362367983885 15.633362367983885 15.633362367983885 15.633433703020765 15.63617903980892 15.642554481527316 15.65205184595389 15.658340949316177 15.656181219748783 15.645627757237367 15.626688085949475 15.599328985422368 15.563487757103529 15.519090644780558 15.466081700144436 15.404465956240157 15.334364143615002 15.255503001404799 15.168374419590133 15.074476458539582 14.976183604899033 14.877356863414645 14.784341219020277 14.707052856555702 14.65819467157781
15.633362367983885 15.633362367983885 15.633362367983885 15.633362367983885 15.633362367983885 15.633362367983885 15.633362367983885 15.633362367983885 15.633362367983885 15.633362367983885 15.633362367983885 15.633362367983885 15.633362367983885 15.633362367983885 15.633362367983885 15.633362367983885 15.633362367983885 15.633362367983885 15.633362367983885 15.633362367983885 15.633362367983885 15.634971014472601 15.64071040039638 15.650150356561502 15.662603899277569 15.670377052211576 15.669656775673385 15.66045803721201 15.642731261240392 15.616363772200886 15.581184838993249 15.536977440487195 15.483500599106339 15.420025055704157 15.3455892167414 15.260459021416505 15.165167645702802 15.060647703642175 14.948523024109459 14.831747299949308 14.716117628111075 14.613585015471248 14.545965789999265
15.633362367983885 15.633362367983885 15.633362367983885 15.633362367983885 15.633362367983885 15.633362367983885 15.633362367983885 15.633362367983885 15.633362367983885 15.633362367983885 15.633362367983885 15.633362367983885 15.633362367983885 15.633362367983885 15.633362367983885 15.633362367983885 15.633362367983885 15.633362367983885 15.633362367983885 15.633362367983885 15.633808271192265 15.638164163175027 15.64679094844476 15.659209789569603 15.674496962209277 15.684345856605303 15.685733113178765 15.678648601429243 15.663001851907337 15.63861720023586 15.605231152314941 15.562460371250738 15.508666268916757 15.443030227147014 15.36543048722597 15.275819099557514 15.174302564256687 15.06123003172328 14.937316126235983 14.803939540315811 14.664173870772304 14.526973990870992 14.424169013363011
15.633362367983885 15.633362367983885 15.633362367983885 15.633362367983885 15.633362367983885 15.633362367983885 15.633362367983885 15.633362367983885 15.633362367983885 15.633362367983885 15.633362367983885 15.633362367983885 15.633362367983885 15.633362367983885 15.633362367983885 15.633362367983885 15.633362367983885 15.633362367983885 15.633362367983885 15.633362367983885 15.635553601817415 15.642552977051086 15.653926503580545 15.669202686077838 15.68733649509704 15.699834003170206 15.703983625194972 15.699769552165726 15.687082821454446 15.665709511947416 15.635185314346293 15.593448666902876 15.539719145620884 15.473662501819149 15.394899774814855 15.303091356633999 15.198032488941173 15.079721688648206 14.948360507317368 14.804272984469801 14.647797893863782 14.47941447804798 14.305021089012998
15.633362367983885 15.633362367983885 15.633362367983885 15.633362367983885 15.633362367983885 15.633362367983885 15.633362367983885 15.633362367983885 15.633362367983885 15.633362367983885 15.633362367983885 15.633362367983885 15.633362367983885 15.633362367983885 15.633362367983885 15.633362367983885 15.633362367983885 15.633362367983885 15.633362367983885 15.633705946774743 15.638233822798703 15.647686606551492 15.661627583431745 15.67959731309376 15.700617512472686 15.716294371609616 15.723818761781994 15.723192066157301 15.714314773867494 15.69683077190273 15.66852642688529 15.628558890551309 15.576569771202022 15.51203837314841 15.434347000274226 15.342912885204138 15.2373731683716 15.117761765923381 14.984606850745635 14.838980975716035 14.682870263529935 14.52177994010076 14.385055980607106
15.633362367983885 15.633362367983885 15.633362367983885 15.633362367983885 15.633362367983885 15.633362367983885 15.633362367983885 15.633362367983885 15.633362367983885 15.633362367983885 15.633362367983885 15.633362367983885 15.633362367983885 15.633362367983885 15.633362367983885 15.633362367983885 15.633362367983885 15.633362367983885 15.633362367983885 15.634805208435548 15.641452803060998 15.653131321012845 15.669417852926124 15.689869168012368 15.71373177979849 15.733052188777979 15.744489496093433 15.748086817365145 15.74374459040058 15.729397693962216 15.703933729391807 15.667153140143686 15.618617580709124 15.55763979478328 15.483347829618157 15.39488702291781 15.291784445326929 15.174388798871272 15.044241361742989 14.904472207269054 14.760982268344877 14.626438913209475 14.528820122992203
15.633362367983885 15.633362367983885 15.633362367983885 15.633362367983885 15.633362367983885 15.633362367983885 15.633362367983885 15.633362367983885 15.633362367983885 15.633362367983885 15.633362367983885 15.633362367983885 15.633362367983885 15.633362367983885 15.633362367983885 15.633362367983885 15.633362367983885 15.633362367983885 15.633362976723847 15.636338993832185 15.64484219395174 15.658479848599407 15.676844778455065 15.69951293378929 15.72598228817471 15.74932073198689 15.76510316497955 15.773437798070923 15.773006347476104 15.7619668006386 15.740378196420462 15.708091777636737 15.664657977195867 15.609254327254293 15.540692560726676 15.457660851684846 15.359358976458473 15.246315889984514 15.121222860047581 14.989509481252655 14.859604021215608 14.744447696762625 14.661818592858655
15.633362367983885 15.633362367983885 15.633362367983885 15.633362367983885 15.633362367983885 15.633362367983885 15.633362367983885 15.633362367983885 15.633362367983885 15.633362367983885 15.633362367983885 15.633362367983885 15.633362367983885 15.633362367983885 15.633362367983885 15.633362367983885 15.633362367983885 15.633362367983885 15.633555599703474 15.638008292014662 15.648070361218789 15.66336203498675 15.683492344101532 15.708057577809576 15.73663846495992 15.764227489960197 15.784653729633522 15.797549266976475 15.80045999513047 15.793349856242997 15.776432021450987 15.749701227751112 15.71281242713178 15.664838253124705 15.603311126137282 15.526178906238023 15.432111367253185 15.321963543338295 15.200110575501178 15.07399072190005 14.9531623842408 14.848921634616882 14.773017808511732
15.633362367983885 15.633362367983885 15.633362367983885 15.633362367983885 15.633362367983885 15.633362367983885 15.633362367983885 15.633362367983885 15.633362367983885 15.633362367983885 15.633362367983885 15.633362367983885 15.633362367983885 15.633362367983885 15.633362367983885 15.633362367983885 15.633362367983885 15.633362367983885 15.633941511276618 15.63955742443345 15.65085169840333 15.667456317877198 15.688995283832313 15.715084083451947 15.745328262221495 15.776850331531364 15.802049647341557 15.81845211963427 15.82497738204977 15.822130813178969 15.810317475352859 15.78955528151347 15.758129643089866 15.715577158708571 15.660739002901547 15.590708501109384 15.501647609392851 15.393095201973125 15.271468587371478 15.14705706143877 15.03033203549317 14.93107583277212 14.857735886672838
15.633362367983885 15.633362367983885 15.633362367983885 15.633362367983885 15.633362367983885 15.633362367983885 15.633362367983885 15.633362367983885 15.633362367983885 15.633362367983885 15.633362367983885 15.633362367983885 15.633362367983885 15.633362367983885 15.633362367983885 15.633362367983885 15.633362367983885 15.633362367983885 15.634336761389411 15.640781305160068 15.652955704993246 15.670501220185324 15.693053813985905 15.72024456129156 15.751699566849798 15.786261256766174 15.81558747862627 15.835192557178162 15.845374554394537 15.846782823131472 15.838237549680098 15.819253780098382 15.790951689248555 15.753992238798956 15.707791797589223 15.648446075546316 15.566360837180634 15.455956953399259 15.329423389538094 15.202522949962402 15.086223323985948 14.988710052572118 14.916300135980073
15.633362367983885 15.633362367983885 15.633362367983885 15.633362367983885 15.633362367983885 15.633362367983885 15.633362367983885 15.633362367983885 15.633362367983885 15.633362367983885 15.633362367983885 15.633362367983885 15.633362367983885 15.633362367983885 15.633362367983885 15.633362367983885 15.633362367983885 15.633362367983885 15.634608999796201 15.641531795429556 15.654215080645125 15.672305827080516 15.695447427305478 15.7232807378403 15.755444933806247 15.79157292868901 15.824154115548787 15.846888349535302 15.86025596626037 15.862019628354515 15.852780504466738 15.83413951735539 15.80771513470739 15.775076415064305 15.737386067661694 15.69332807825938 15.62501561130907 15.50334101544795 15.36565722213451 15.234074868446932 15.11684255971127 15.020027018048424 14.948458346984959
15.633362367983885 15.633362367983885 15.633362367983885 15.633362367983885 15.633362367983885 15.633362367983885 15.633362367983885 15.633362367983885 15.633362367983885 15.633362367983885 15.633362367983885 15.633362367983885 15.633362367983885 15.633362367983885 15.633362367983885 15.633362367983885 15.633362367983885 15.633362367983885 15.634681335083513 15.641722603253921 15.654532054164955 15.67275811644805 15.696046084778438 15.724039331831136 15.756380414796734 15.79247674559768 15.827126973693357 15.852224937297512 15.864165399393107 15.863787612375669 15.852753481236133 15.832783780582558 15.805696746141654 15.773444156107482 15.738133022367364 15.701909864815642 15.655714814952166 15.512267923005746 15.368642801823626 15.235885218792907 15.11918286871999 15.023690923159336 14.953848206884823
15.633362367983885 15.633362367983885 15.633362367983885 15.633362367983885 15.633362367983885 15.633362367983885 15.633362367983885 15.633362367983885 15.633362367983885 15.633362367983885 15.633362367983885 15.633362367983885 15.633362367983885 15.633362367983885 15.633362367983885 15.633362367983885 15.633362367983885 15.633362367983885 15.63453466218597 15.641332261548 15.65388226601849 15.671830125785776 15.694817250246976 15.722481877589441 15.754459672072537 15.789539534809208 15.823489386472566 15.84650929059372 15.855547817131391 15.852217049598014 15.838126815848725 15.81489582711924 15.78411967363292 15.747214226166092 15.704806920862177 15.654114126588253 15.579616779190694 15.464745705061913 15.333330258429239 15.205994049734375 15.092381716899403 14.999342179139171 14.932377991630267
