_RESULTS/REVERSE_NEW/Berg/GZ/2comp/Berg_GZ_z_0_kriged_reverse_2comp_test_linear.asc
ncols 100
nrows 90
xllcorner  5.6208707817415728
yllcorner 50.959635321741573
cellsize 0.00013419651685393446
nodata_value 1.7014100000000001E+038
[rows 0 to 17 of 90, columns 0 to 40 of 100]
0.11329040736412727 0.11316886753607212 0.1129730042131216 0.11269422346018966 0.11232314923999696 0.1118496119825911 0.11126265680905469 0.11055057699667192 0.10970097894184588 0.10870088544937737 0.10753688458035957 0.10619533143650912 0.10466261003872182 0.10292546174791557 0.10097138533507528 0.09878911167849945 0.09636915297328161 0.09370442208877011 0.09079091209230258 0.0876284187513885 0.0842212798321704 0.08057909411078051 0.07671737030027363 0.07265804206729748 0.0684297711683743 0.06406794870369452 0.059614298107631275 0.05511598762772964 0.05062418028211541 0.04619199047479545 0.0418718801906715 0.03771260941712653 0.03375594257507866 0.030033386638555034 0.026563281164903012 0.023348579083750064 0.020375696473645667 0.017614981095219917 0.015023820512891509 0.012554278978455085 0.010167987291822458
0.11662701527038573 0.11664658836540659 0.11659725531192489 0.11647015116141374 0.11625548627633216 0.11594250919695287 0.1155194876665578 0.11497371407499779 0.114291542515597 0.11345846553409568 0.112459239405199 0.11127806730787655 0.10989884996763012 0.10830551305786017 0.10648241974723445 0.10441487507424667 0.10208972612670206 0.09949605807575897 0.0966259806871739 0.09347549266936699 0.09004540171762868 0.08634226593408205 0.08237930707106936 0.07817722766695616 0.07376484320303682 0.06917941874729565 0.06446658096375178 0.059679667191269346 0.054878382338032924 0.05012667141849193 0.04548978786815436 0.04103064399118646 0.036805653607654955 0.03286038337755529 0.02922537123778631 0.025912409502582317 0.02291143653025068 0.02018805518121926 0.017681927935488367 0.015307569949463496 0.012962438909246591
0.11988876383753282 0.12005334328266588 0.1201554137505556 0.12018594990988096 0.1201348578657656 0.11999090831731989 0.11974168539339457 0.11937355800521153 0.11887168177801331 0.1182200408521281 0.11740154000036908 0.11639815849268985 0.11519117782514418 0.11376149567146017 0.11209003804837084 0.11015828053293787 0.10794888723633844 0.10544647289876918 0.1026384886371599 0.09951622515798021 0.09607591808441564 0.09231992767965394 0.08825794873210516 0.08390818473148967 0.07929839312630498 0.07446667601439888 0.06946185611103797 0.0643432482863722 0.05917962465498977 0.054047193426323 0.049026487011995634 0.044198193984544214 0.03963816128032342 0.03541199014054813 0.031569763130642935 0.028141356101335474 0.025132407981467854 0.02252031276885641 0.020248689211729794 0.01821822022597316 0.016273441492066287
0.12305255272853724 0.12336448341811158 0.12362124001771002 0.12381376146770841 0.12393177594287477 0.1239637003664141 0.1238965520274029 0.12371587959124955 0.12340572232316224 0.12294860794880651 0.12232560117743385 0.12151641640218194 0.12049960933122206 0.11925286312958013 0.1177533848886708 0.11597842771184776 0.11390595223580327 0.11151543881963144 0.10878885770126567 0.10571179880093837 0.10227475496185037 0.09847454129625374 0.09431581747048567 0.08981265718708928 0.08499007748581407 0.07988539797425215 0.074549247104059 0.0690459745409399 0.06345317961888282 0.05786005161113416 0.05236427461873655 0.04706741564268632 0.042069004256756914 0.03745988684986741 0.03331577651490017 0.029692022584092707 0.026620262398740074 0.02410658377208338 0.022128880837601506 0.020627693138195735 0.019478855664940262
0.12609469347109292 0.1265545869879799 0.12696751141283144 0.12732450733115816 0.127615267329802 0.12782799811643691 0.12794928998128682 0.12796400118197482 0.12785516668575198 0.12760394271682204 0.12718960065268575 0.12658958587285152 0.12577965902585408 0.12473413865271604 0.12342626498427056 0.12182870482787653 0.11991421662953157 0.11765649294394404 0.11503119458922413 0.11201718655967707 0.10859797993427162 0.10476337565984424 0.10051129346951282 0.09584974935830934 0.09079891360988968 0.08539313292545558 0.07968272986767469 0.07373530002717532 0.06763612245793295 0.06148721242416499 0.05540453510081651 0.04951304595708959 0.04393960499578811 0.038804440341347314 0.03421258717061566 0.03024731091262487 0.026967569602739695 0.02441081336713544 0.022600770615006024 0.021556924776530866 0.021295352958929283
0.12899126099628555 0.12959783202238864 0.13016641533464635 0.13068830156007114 0.13115330463788297 0.13154958308395084 0.13186346257815534 0.1320792675557963 0.13217917167587243 0.1321430795011254 0.13194855438165506 0.13157081025411052 0.13098278765519808 0.1301553364545529 0.1290575293711841 0.12765713101679366 0.12592124686420333 0.12381717516539197 0.12131348258102474 0.11838132134310772 0.1149960022542436 0.11113883335619187 0.10679922727478766 0.10197706782727999 0.09668530244982043 0.09095268183394788 0.0848264891641937 0.07837497591045442 0.07168904545403311 0.0648825216614761 0.05809017738362981 0.05146271476600662 0.04515827193644276 0.039330926479221484 0.03411801681701605 0.02962949656809053 0.025943288776845038 0.023110215286893186 0.021170860134919096 0.020186072233499566 0.020284583436013113
0.1317184883611234 0.13246841941773346 0.1331900008945684 0.13387493085792931 0.13451331432767438 0.13509344061517298 0.13560155465396553 0.1360216298799659 0.13633515276198194 0.13652093203977292 0.13655494903713253 0.13641026893579833 0.136057036376684 0.13546258186044 0.13459166776222906 0.13340690400265562 0.13186936331711174 0.12993942468353828 0.12757787117509475 0.12474726599440303 0.12141362858392643 0.11754843217099988 0.11313094470268403 0.10815093461893541 0.1026117552209542 0.09653379414134121 0.08995820652888956 0.08295071194914075 0.07560499327419336 0.06804487791680415 0.060424058527955675 0.052921799844627714 0.04573322649227009 0.0390538258387659 0.033059939548239346 0.027889765860563142 0.023631364740116963 0.02032379195565108 0.01797463364761445 0.016594150607758564 0.0162466923309667
0.13425319832834284 0.13514103977343095 0.1360106821812899 0.13685439520793757 0.13766275536477585 0.13842437683340883 0.1391256275976025 0.13975033806229117 0.14027951222751145 0.1406910549880658 0.1409595332139307 0.1410559927906824 0.14094785845874377 0.14059894761315134 0.1399696326190629 0.13901718806981947 0.13769635934975086 0.13596018683361258 0.13376111659491444 0.13105242479986173 0.12778998084908239 0.12393437597101471 0.11945345132235348 0.11432527319015168 0.10854161927475273 0.10211204793579595 0.09506859604987529 0.08747104325645921 0.07941241801844692 0.07102392032475739 0.06247766028317646 0.05398470093615695 0.04578534600336211 0.03812936035749897 0.031246821561373615 0.025315445955199224 0.020435056576667627 0.016620200793231215 0.013815523485159924 0.01192838047218491 0.010864939029596928
0.1365732634883721 0.13759137514060735 0.13860178377727134 0.13959749919999537 0.14056975823894857 0.14150770699322884 0.14239805835598154 0.1432247312964363 0.1439684815997137 0.14460653785002947 0.1451122614449853 0.14545485524765497 0.14559915176891097 0.1455055178757527 0.14512991803246722 0.14442418099047488 0.1433365148142082 0.14181231184655943 0.1397952791977294 0.1372289231708113 0.13405841045215675 0.13023282872635608 0.12570787927637775 0.12044905877800563 0.11443542954937881 0.10766413285403784 0.10015584796801756 0.09196138701928429 0.08316943261757682 0.07391489071483762 0.0643862250531816 0.05482837451742147 0.04553588446090336 0.036830253080034944 0.02901881973245285 0.022341527070878744 0.016923379753281273 0.012754765803427593 0.009710611901802684 0.007597665138980008 0.006203667928501894
0.13865808477111582 0.1397966246123933 0.14093811650930352 0.14207648107894624 0.14320381045094183 0.144310000479911 0.14538234687796955 0.14640511067689366 0.14735906190882503 0.14822101504488233 0.14896337577740099 0.14955372620523166 0.14995448403868833 0.15012268023372366 0.15000990712888923 0.14956249401211152 0.14872196750656227 0.14742584930037006 0.14560883378957934 0.14320437490873864 0.14014669821768017 0.13637324637512843 0.13182757054648256 0.1264627061871243 0.12024512962000723 0.11315949088594895 0.10521445650997188 0.09645013792326958 0.08694761506397822 0.07684073222959356 0.06632917949384481 0.05568928904810288 0.04527481566423833 0.035495911916245 0.026765704777351657 0.019417377267691615 0.013619838933121964 0.00933732723178026 0.006360908679469663 0.00439304198224699 0.00313457517925867
0.14048907663430632 0.14173604077078822 0.1429965690779852 0.1442656637118932 0.14553647116155316 0.14679986360482483 0.1480439715722256 0.14925367185826285 0.1504100381689169 0.15148976706783973 0.15246459890627703 0.15330076291669253 0.153958487327341 0.15439162819616759 0.1545474826889339 0.15436686101918215 0.15378449340222003 0.15272984213139615 0.15112837388929753 0.14890332539429163 0.1459779703150557 0.1422783729428489 0.13773660263937862 0.13229439435703325 0.12590729167643577 0.11854942324599282 0.1102192672780842 0.10094706326782597 0.0908048827575613 0.07992054181802712 0.06849591306958926 0.0568275479703422 0.0453212304842855 0.03448211391350533 0.02485512230302942 0.01690389093110472 0.010864855503212038 0.006665807231916739 0.003978482377549117 0.0023705917816359144 0.001449834436524443
0.1420501460683926 0.14339146253317486 0.1447566993435138 0.1461421093356939 0.14754209481642863 0.14894873783063411 0.1503512680636936 0.15173547044907493 0.15308303783381608 0.1543708791744446 0.15557040171210978 0.15664679732220582 0.15755837901852018 0.15825603238610322 0.15868286576328133 0.1587741579749414 0.15845770845782806 0.1576546878696506 0.1562810664267072 0.1542496641002957 0.15147282587730926 0.14786568264606417 0.14334992143684747 0.13785796844688422 0.1313375025084864 0.1237562965833204 0.1151075804202224 0.10541649660770226 0.09474884555990334 0.0832241381204327 0.07103556941999803 0.05847846113534867 0.045982668631058064 0.03412869093064596 0.023603171121562752 0.015044655927667216 0.008801902020734107 0.004764804048307529 0.002441395065078885 0.0012264902435496629 0.0006300910640374119
0.1433281519416882 0.14474782905481534 0.14620130781217872 0.1476862583024074 0.14919854145266895 0.15073168843845028 0.1522763033164664 0.15381938883315976 0.1553435978253085 0.15682641702274733 0.15823929815521276 0.1595467650542012 0.1607055462649551 0.1616638099535045 0.16236060797197482 0.1627256620310568 0.16267963861901857 0.16213505359831992 0.1609979196603539 0.15917020277515342 0.1565530938317375 0.15305103566552344 0.1485763788905993 0.14305447759411574 0.13642898881041202 0.12866713365043797 0.11976476697461488 0.10975138511760345 0.09869583660406969 0.08671469926328693 0.07398717178305869 0.06078233873785461 0.04750372813744955 0.0347428723653535 0.023292306162181038 0.01400787891718237 0.007448801643922791 0.0035152434074671233 0.0015137628655850718 0.0006244729433064462 0.0002624593139748447
0.14431333125654608 0.1457936591937331 0.14731697543954178 0.14888253127240683 0.15048785027177927 0.15212815720675987 0.15379571547287627 0.1554790710896711 0.15716220214629387 0.1588235748862886 0.16043511415764114 0.16196111056446055 0.16335711291925453 0.164568893459172 0.16553162043826233 0.1661694174516363 0.16639551642785397 0.16611320868613233 0.1652177610686512 0.16359939775070623 0.16114736502331972 0.15775500645069068 0.1533256819441609 0.1477792621714615 0.14105881567635611 0.13313698875171148 0.12402149290853748 0.11375914437799954 0.10243821009952678 0.09018972089254329 0.07719048986939973 0.06367470927478328 0.04996765943218401 0.036559545952838675 0.024212902131148756 0.013976011885021027 0.006796795702309747 0.002768096566338549 0.0009789134617357493 0.0003217219808613056 0.00010686237241810693
0.1449996796885763 0.14652148174121826 0.14809454835158545 0.14971987450882318 0.15139685300007438 0.15312265248501955 0.1548914897140538 0.15669379306708017 0.15851525299760819 0.16033575306376702 0.1621281769846274 0.16385709931709488 0.16547739783263793 0.16693287948405214 0.16815508522555409 0.1690625152673961 0.16956056888442228 0.16954249645423522 0.16889160710370463 0.16748487684976862 0.16519798601450258 0.16191170131669624 0.15751940775275675 0.15193546984744122 0.14510393746830164 0.13700689545670697 0.12767150005799943 0.11717449469197491 0.10564285113666756 0.09324933370365023 0.08020265659111865 0.06673456598777094 0.05309353999523962 0.03957406507665563 0.02664940515995654 0.01526733106341547 0.006917654535944621 0.0024072594318209294 0.0006811648376042566 0.0001733310475453254 4.390578241214683e-05
0.14538527544083002 0.14692820329608144 0.14852955360918624 0.15019222916717373 0.15191770451723835 0.15370535097118113 0.15555164189871062 0.15744923744787925 0.15938594320257243 0.161343528349753 0.16329638038213978 0.1652099759410877 0.1670391769014128 0.1687264317159591 0.17020007539644127 0.17137305266545147 0.17214248795269585 0.17239054084747443 0.17198689724244093 0.17079308649422395 0.16866864436956505 0.16547900427043416 0.16110489191574148 0.15545287802438607 0.14846655743158613 0.14013753921223782 0.13051505255293405 0.11971253548810705 0.10790914771426781 0.0953438188325465 0.08229926955508983 0.0690734128963204 0.05593575529556889 0.04306940172244339 0.030527572732694297 0.0184274890728483 0.008121777149483103 0.0023650735246572236 0.0005187272952074848 0.00010132103160751638 1.9470519658497387e-05
0.14547253805452295 0.14701540345305905 0.14862253284396604 0.1502989078041551 0.1520483100594687 0.15387258707655002 0.15577078392096808 0.15773814796993824 0.15976500613717604 0.16183549543728754 0.16392610046661524 0.16600393061067437 0.16802468416140998 0.1699303310387631 0.17164671857426392 0.17308153431268802 0.17412325179246543 0.1746417250048328 0.1744909370061424 0.17351412110219816 0.1715512017975887 0.16844834297170225 0.16406932432981336 0.1583083951471657 0.15110407491813002 0.14245303186568714 0.1324226830396614 0.12116059308041716 0.10889822692252839 0.09594630397935609 0.08267906804920969 0.06950519082289944 0.05682290393299833 0.04495210145589375 0.03400560870664747 0.02348220428056146 0.011326484859482986 0.002530581785522185 0.0004183233676792915 6.574283602151403e-05 1.042738956608521e-05
0.1452684174682282 0.1467895510913285 0.14837928473882292 0.1500448649292249 0.15179263086619835 0.1536272072809171 0.15555054619781042 0.157560840782768 0.15965132919606242 0.16180897688563473 0.16401296920483505 0.1662328782841696 0.16842633482727537 0.1705361121422045 0.1724867834617983 0.17418152347820545 0.175500015342588 0.17629852921183067 0.17641292431355016 0.17566476312686466 0.17387026012737866 0.17085162616565938 0.16645043356281508 0.16054268195498667 0.1530550993740054 0.14398179942334471 0.13339976979957782 0.12148089889824609 0.10849753841747707 0.09481822425976388 0.08089049487544982 0.06720912441681155 0.05427070493226741 0.04251892089886003 0.032286491452690455 0.023717525912380206 0.014484808022547405 0.0022623538378345335 0.00032115602655917593 4.6439345656494144e-05 7.153329003443622e-06
