_RESULTS/REVERSE_NEW/Berg/GZ/2comp/Berg_GZ_z_180_kriged_reverse_2comp_test_spherical.asc
ncols 100
nrows 90
xllcorner  5.6208707817415728
yllcorner 50.959635321741573
cellsize 0.00013419651685393446
nodata_value 1.7014100000000001E+038
[rows 0 to 18 of 90, columns 44 to 87 of 100]
52.184567552002584 51.92410929536075 51.59264924720526 51.12232199469453 50.417967182415445 50.43516020497301 51.649245247810505 52.472141346142855 53.042685005632826 53.45020845610713 53.74846496259742 53.968385391080865 54.127106816141456 54.23364510650707 54.292219759572106 54.32100491491878 54.34174349153251 54.356137364290916 54.365263585139665 54.36973033908396 54.37028636878015 54.37028636878015 54.37028636878015 54.37028636878015 54.37028636878015 54.37028636878015 54.37028636878015 54.37028636878015 54.37028636878015 54.37028636878015 54.37028636878015 54.37028636878015 54.37028636878015 54.37028636878015 54.37028636878015 54.37028636878015 54.37028636878015 54.37028636878015 54.37028636878015 54.37028636878015 54.37028636878015 54.37028636878015 54.37028636878015 54.37028636878015
51.83184375786327 51.58037038523726 51.296527451649474 50.950721703188066 50.62315908814048 50.83795063053235 51.64597599348437 52.393193229609814 52.95789807244623 53.376601217406595 53.68999610572198 53.92536253333889 54.09883531652082 54.219252474168066 54.29092624326424 54.322164951605124 54.34249561618657 54.35660028765156 54.36551081400243 54.36980488816564 54.37028636878015 54.37028636878015 54.37028636878015 54.37028636878015 54.37028636878015 54.37028636878015 54.37028636878015 54.37028636878015 54.37028636878015 54.37028636878015 54.37028636878015 54.37028636878015 54.37028636878015 54.37028636878015 54.37028636878015 54.37028636878015 54.37028636878015 54.37028636878015 54.37028636878015 54.37028636878015 54.37028636878015 54.37028636878015 54.37028636878015 54.37028636878015
51.50314625189113 51.29271389415598 51.12622024704992 51.00813076798 51.02097261327043 51.317421955766605 51.86727564363055 52.45163658350119 52.95049161499249 53.34779461586754 53.6583497946856 53.89848839727244 54.079756658359756 54.209063348449625 54.289930328905854 54.32550807247177 54.342994034440316 54.35130871823066 54.35412164784845 54.353969137661004 54.353064086076955 54.35499405041202 54.35948077560664 54.36505773869541 54.369442264243304 54.37028636878015 54.37028636878015 54.37028636878015 54.37028636878015 54.37028636878015 54.37028636878015 54.37028636878015 54.37028636878015 54.37028636878015 54.37028636878015 54.37028636878015 54.37028636878015 54.37028636878015 54.37028636878015 54.37028636878015 54.37028636878015 54.37028636878015 54.37028636878015 54.37028636878015
51.22026064298152 51.067085380699815 51.03840959975976 51.11020127146871 51.297764644912455 51.63193607958112 52.08260844193897 52.5575949156533 52.98910984769278 53.35357810258301 53.650990813804555 53.88805235372768 54.07117784723946 54.20459230302789 54.282984810980004 54.30665886764863 54.304431730519475 54.29716813460603 54.28866582665221 54.281527805138786 54.27864662516142 54.283449418126615 54.295330869925884 54.31253423721116 54.332365391851525 54.35136303940665 54.36547413916523 54.37028636878015 54.37028636878015 54.37028636878015 54.37028636878015 54.37028636878015 54.37028636878015 54.37028636878015 54.37028636878015 54.37028636878015 54.37028636878015 54.37028636878015 54.37028636878015 54.37028636878015 54.37028636878015 54.37028636878015 54.37028636878015 54.37028636878015
50.97382190712998 50.89197722755514 51.01969426765447 51.24000247427104 51.52339635389269 51.869764155818174 52.26245580342063 52.66760937836885 53.04951174271753 53.38295710216783 53.66360840304496 53.892828113402715 54.06724674275899 54.17820603377361 54.23293677203348 54.23672065023467 54.213071460699794 54.188563904915355 54.167226245254355 54.15189015828524 54.14688962975354 54.154993375657604 54.1753261715869 54.20568730261775 54.24276035263959 54.28238747801083 54.31984477146889 54.350067321336006 54.36779328308189 54.37028636878015 54.37028636878015 54.37028636878015 54.37028636878015 54.37028636878015 54.37028636878015 54.37028636878015 54.37028636878015 54.37028636878015 54.37028636878015 54.37028636878015 54.37028636878015 54.37028636878015 54.37028636878015 54.37028636878015
50.744095809469414 50.81968894987523 51.128094272649264 51.443503301334445 51.76526405619511 52.10110430138146 52.4474902240328 52.792250920123294 53.12335099421793 53.429397490630095 53.69264820567733 53.89657013247847 54.03370803983899 54.11261801218986 54.13947051318387 54.1186815732546 54.0711474425529 54.026723349569686 53.99012361042661 53.96500994297614 53.95757038822634 53.96963213901094 54.000031062419815 54.04587556213782 54.1029032364062 54.16592922290494 54.22927260704679 54.2870830584363 54.333536076004364 54.362898852262354 54.37028636878015 54.37028636878015 54.37028636878015 54.37028636878015 54.37028636878015 54.37028636878015 54.37028636878015 54.37028636878015 54.37028636878015 54.37028636878015 54.37028636878015 54.37028636878015 54.37028636878015 54.37028636878015
50.9657930415362 51.1171143040847 51.46046362083745 51.76682390521902 52.066086487097905 52.363655984847426 52.659236764760344 52.94857693506017 53.22692410437233 53.49148092016286 53.71652094189584 53.873866864129596 53.97066816245919 54.013323497493346 54.00685722849655 53.9552064118904 53.879602022561535 53.81112465571681 53.755409574172795 53.71853759278225 53.7080247562772 53.72506891246849 53.76802666164087 53.83288334654057 53.91389420246473 54.00434352873912 54.0972060694619 54.18559650087423 54.262994089397864 54.3232843073571 54.36066919593755 54.37028636878015 54.37028636878015 54.37028636878015 54.37028636878015 54.37028636878015 54.37028636878015 54.37028636878015 54.37028636878015 54.37028636878015 54.37028636878015 54.37028636878015 54.37028636878015 54.37028636878015
51.62482290583953 51.71745112909346 51.952997560564185 52.20149241997143 52.43330203594808 52.6696836193803 52.90596946534683 53.138482527488094 53.364432327847034 53.56545729630626 53.721103896869494 53.83079379262375 53.88380924445697 53.8849079456725 53.83834260587091 53.747778714068204 53.63784980442639 53.54174430471254 53.468375228447165 53.424702020847356 53.41459518540541 53.43790687534504 53.49231538531261 53.57383676509634 53.677755670474994 53.79927788088147 53.92673656418262 54.04975226639594 54.16104423538681 54.25415671056665 54.32325973841666 54.362885451602104 54.37028636878015 54.37028636878015 54.37028636878015 54.37028636878015 54.37028636878015 54.37028636878015 54.37028636878015 54.37028636878015 54.37028636878015 54.37028636878015 54.37028636878015 54.37028636878015
52.205789708077745 52.30104352252513 52.47555748898276 52.671848626604344 52.84720551369484 53.0122577646274 53.18411085589907 53.35788762818544 53.522097209388086 53.64226637677182 53.7232540107991 53.77310036119037 53.778074971491726 53.73132663492412 53.637637714715424 53.51445710004402 53.39080519602153 53.286157900885364 53.20623667079955 53.16103239414917 53.15410975122848 53.185561361991894 53.25180077389287 53.346578243873374 53.46275343972394 53.59392954987741 53.73540349654851 53.88440677251579 54.03273297943299 54.16095467140217 54.262894776219284 54.333471443217064 54.367777855436664 54.37028636878015 54.37028636878015 54.37028636878015 54.37028636878015 54.37028636878015 54.37028636878015 54.37028636878015 54.37028636878015 54.37028636878015 54.37028636878015 54.37028636878015
52.83398569609283 52.92185756974687 53.035857730234234 53.15871272949133 53.27401404027869 53.375161982441966 53.48265593928912 53.59697560355805 53.68130745756547 53.7234385701254 53.730353653740806 53.708550912957556 53.65795636112216 53.57328310678944 53.46431248448575 53.32773963392782 53.19276942826997 53.0738384197336 52.98435214430791 52.934421041645464 52.930459731111426 52.973118255989405 53.05652746428658 53.1704512261178 53.30381597242019 53.44752945253126 53.59567875227086 53.74543459687844 53.89636474237369 54.04947581276019 54.185347215300574 54.286910771159526 54.34998866754069 54.37028636878015 54.37028636878015 54.37028636878015 54.37028636878015 54.37028636878015 54.37028636878015 54.37028636878015 54.37028636878015 54.37028636878015 54.37028636878015 54.37028636878015
53.529635062339906 53.60900191504439 53.6765881095903 53.72991350594097 53.764807956429316 53.77858636825765 53.792280767776745 53.83406022663676 53.840074623343995 53.80787793538959 53.74219373379761 53.64964819004761 53.56516221532964 53.47277273694419 53.34995507928289 53.19706316640682 53.04431234268713 52.907091891955616 52.800365727662715 52.739988067848984 52.73819609637209 52.79691596510986 52.90591723215362 53.04770200103599 53.204841078336585 53.36470427549972 53.52045433354223 53.669919362657126 53.813996005970786 53.95533806464158 54.097464447077215 54.228918055507606 54.319648160277744 54.365421492133414 54.37028636878015 54.37028636878015 54.37028636878015 54.37028636878015 54.37028636878015 54.37028636878015 54.37028636878015 54.37028636878015 54.37028636878015 54.37028636878015
54.27042854370787 54.336121061979185 54.36193507243841 54.354106536155996 54.31636456351888 54.251377083702494 54.165486538424176 54.07841628927428 53.994526440222366 53.89293930608802 53.7610543539911 53.639868172006345 53.536364958418524 53.433831944761465 53.29447073930336 53.12544519298746 52.9533120200452 52.789203064512414 52.65286083315232 52.571832826230406 52.5702343652235 52.65303195987693 52.801104271975795 52.98326772330726 53.17212643273375 53.351231014286135 53.5141138874461 53.66070997995331 53.79431608027766 53.91970842606813 54.04212269640666 54.16672895709671 54.28200785947038 54.35120692043927 54.37028636878015 54.37028636878015 54.37028636878015 54.37028636878015 54.37028636878015 54.37028636878015 54.37028636878015 54.37028636878015 54.37028636878015 54.37028636878015
55.028211333492585 55.067582628227676 55.04882709048125 54.985309339238455 54.88544959852978 54.75396706261545 54.58821940673955 54.37930125456337 54.169102274905775 53.97673252119236 53.821277496518974 53.68788908904902 53.569481653094705 53.45388501579812 53.30118578120023 53.12500626976452 52.93161097934623 52.72941597690034 52.54468207529494 52.424530482032594 52.4184820422886 52.539337835226874 52.7483316826859 52.98772717382244 53.21593483715373 53.414719506492695 53.58122854614141 53.719839356546586 53.83752961954642 53.941785783954344 54.039773000685656 54.1380408616821 54.24243309377087 54.332056202099736 54.36940194321761 54.37028636878015 54.37028636878015 54.37028636878015 54.37028636878015 54.37028636878015 54.37028636878015 54.37028636878015 54.37028636878015 54.37028636878015
55.73208459839082 55.731648667768575 55.66410676344733 55.547438810290174 55.39281471451601 55.20690026061994 54.98099484082907 54.69094528421916 54.38641272620154 54.11129562752607 53.921300017516515 53.78200359052592 53.65567351357249 53.53227782622386 53.386593198648015 53.2118356976883 52.99938586808732 52.749934964534106 52.49057613986437 52.296828866355725 52.27497271192079 52.4602933495637 52.76562983889601 53.08135830057699 53.351450511009766 53.563960838702364 53.72548263432895 53.847551708666096 53.941782648114156 54.01855712377428 54.08686414968332 54.15444067617196 54.227943768786865 54.312025495142755 54.36492211033354 54.37028636878015 54.37028636878015 54.37028636878015 54.37028636878015 54.37028636878015 54.37028636878015 54.37028636878015 54.37028636878015 54.37028636878015
56.36800430080287 56.31720696217675 56.198010590588964 56.029658896071545 55.82365277246608 55.587270848525684 55.30540085801676 54.951082731518476 54.586243610909946 54.284569754106 54.061584653820084 53.91614063956831 53.797015716592156 53.683976311696156 53.565220425148944 53.406193782108346 53.18820871172506 52.89481522119361 52.533688922719165 52.20109011464713 52.132720053904016 52.439922008901874 52.89524361545299 53.2972452346835 53.59683402560499 53.80609193019718 53.947424773385364 54.04081479720574 54.10226122445319 54.1444682606666 54.17769957283578 54.21042901378146 54.24977707701205 54.30178016539985 54.3592274572119 54.37028636878015 54.37028636878015 54.37028636878015 54.37028636878015 54.37028636878015 54.37028636878015 54.37028636878015 54.37028636878015 54.36983716616408
56.92293595210322 56.81404489351776 56.643702110034134 56.4265347833829 56.17263925145958 55.88938767115194 55.55723909372073 55.15065499940367 54.76072509424852 54.44810759289928 54.218974661241546 54.075392843908766 53.98841094610217 53.91192516308091 53.835241700729554 53.714185682491454 53.522026701833724 53.221878525116 52.77147483652561 52.199859885091456 51.98073608342939 52.56417118878307 53.22134551036422 53.67584766046624 53.96483363993647 54.140994984734505 54.24132737146915 54.29168088165459 54.31039009529495 54.31107836226295 54.304335677903346 54.29872298198924 54.30137158385323 54.318328359674894 54.35461522442095 54.37028636878015 54.37028636878015 54.37028636878015 54.37028636878015 54.37028636878015 54.37025287813445 54.36825870868223 54.36408266518976 54.35890150354658
57.36607999613533 57.211567996810494 56.99755666947185 56.73588242357064 56.437225048170326 56.1100795909846 55.73432932239258 55.29803504782534 54.90325099896636 54.59104668590634 54.36762944812946 54.235162943365445 54.20428276805257 54.20265177165216 54.183682066300186 54.12621628956177 54.00392583683593 53.77566870487639 53.36975182354996 52.65139199130432 51.85887843211335 53.12861927479927 53.84513384770795 54.23808010360064 54.4502099087027 54.554942536188854 54.59256242751647 54.58627130799606 54.55353344640961 54.5070859439978 54.4567505556395 54.41047812383323 54.374950281154085 54.35591204794116 54.35833186446229 54.37028636878015 54.37028636878015 54.37028636878015 54.37028636878015 54.368845717084554 54.36319347706402 54.35461000201502 54.34450560440559 54.33420829921333
57.66836644644761 57.50235778860957 57.25788877586011 56.95528241029937 56.61379147432164 56.24515881090241 55.83619856720592 55.38907144680688 54.9979207747504 54.696119326884954 54.49043618716419 54.395601642911664 54.416563423447805 54.51660417107149 54.58609466276523 54.611507366822444 54.594577762750454 54.510748308029214 54.3270986031886 54.03207919937707 53.91516295178202 54.34804627781319 54.731181850975766 54.9378440608651 55.019368751724464 55.02196633155402 54.9774814762666 54.90516416132506 54.815526062840114 54.718865917883384 54.62333807468266 54.53572435611157 54.46189664000133 54.40705809973384 54.37583899902212 54.37028636878015 54.37028636878015 54.37028627442416 54.3669074707183 54.35788578593289 54.34479783710161 54.32923111729383 54.31275896279655 54.296897242817074
57.85679194492332 57.6799265517568 57.41082196464063 57.07706252400382 56.696226199695275 56.29075751479422 55.8552399051962 55.40816887978334 55.02912164667144 54.75010104435209 54.58780416183121 54.54772645890576 54.629353723872775 54.818563565326606 54.99991508387947 55.1236403525232 55.22114955109731 55.29444297802204 55.33933938373281 55.372079872114746 55.44955986445398 55.58142902454336 55.6724164536822 55.677894822115015 55.61328702203158 55.50383071488862 55.3696095138402 55.22535040936872 55.078066388563116 54.931504456109096 54.7916982492614 54.66398277759568 54.553244555976256 54.46402799499383 54.400542950037256 54.37028636878015 54.37028321175007 54.365940932968904 54.35443928713506 54.33740023670496 54.3165040742476 54.29348514451121 54.27010847214271 54.24812142598914
