_RESULTS/CROSS_VALIDATION_POSTPROCESSED/MHZ/IZ/3comp/5/MHZ_IZ_z_500_kriged_reverse_3comp_spherical_5.asc
ncols 100
nrows 81
xllcorner 5.5967107548124995
yllcorner 50.982328804812504
cellsize 0.00017565037499993607
nodata_value 1.7014100000000001E+038
[rows 0 to 18 of 81, columns 0 to 41 of 100]
0.29303669899346446 0.30177744672113327 0.30934408297206417 0.31511281307454403 0.3182829914530474 0.3180563181383373 0.3140579247319342 0.3066832115744407 0.296926311449976 0.28588161693668346 0.2742889087457927 0.26279380559546606 0.25188763324781865 0.2419090823548003 0.23316122751119045 0.22572225019391107 0.21958263526372668 0.21470627682850227 0.21104902068563186 0.20857442648245747 0.20726553961720912 0.2071322149565032 0.20821345679712333 0.2099260817558532 0.21172474560638674 0.21359535116334594 0.2154901826459445 0.2172256527481458 0.2186864850293734 0.2197661435825623 0.22063373749094767 0.22154362901644378 0.22246022161554282 0.2233504329809088 0.2241839865261732 0.22493311572765942 0.2255722144898753 0.22607751562497175 0.22642682976994627 0.2265993517639924 0.2266144553985574 0.2266144553985574
0.29925342351205597 0.30898546803368404 0.31777567330124007 0.3249288212902977 0.3293238094891439 0.32949193052449416 0.3244897583535224 0.31499428528976786 0.3027864835430484 0.2894151522087854 0.27581356476886365 0.26272967615857235 0.25081263482067534 0.24028310522890592 0.23120852397798064 0.22358669789887142 0.21736632963375463 0.2124686271267631 0.20880995402069785 0.20632185534372924 0.20496535275047115 0.20473865436899547 0.20567896395174576 0.2074310506921681 0.20925547470693498 0.21113056883907774 0.21304243980353088 0.21496852296225866 0.21684241648101954 0.21837665142203055 0.21948193308094754 0.2205330052278992 0.22158733455101987 0.2226102107642698 0.2235707026871951 0.22444095341611492 0.22519556280069333 0.22581110210191432 0.2262657580445397 0.2265390871780127 0.2266144553985574 0.2266144553985574
0.3039008539560121 0.31451832842485283 0.3245724341717706 0.3334794859012628 0.33995955302119024 0.341368789118984 0.33500590281301923 0.3223812768466784 0.3071118610383826 0.29120885049859196 0.27589294008628434 0.2618706204204827 0.24935729677945492 0.2384600294550229 0.22920789137615924 0.22156075577112366 0.21542098639192128 0.21065738833894748 0.2071366065895606 0.20475127592818518 0.20343827114048113 0.20318669362436348 0.20403774202219827 0.20577973088386808 0.20760489733997542 0.20946663635487173 0.21135409636749 0.2132386008015289 0.21508422514853873 0.21685859056538012 0.2183427954448283 0.21954071323288532 0.22073381736934078 0.22188695623093793 0.22296947386383917 0.2239541615493354 0.22481638199918202 0.2255334538926127 0.2260842370209703 0.2264488651997866 0.22660858661147534 0.2266144553985574
0.30650695357347446 0.31765001123374137 0.3286127630016391 0.3391515832566033 0.34856968796962917 0.3535484262620008 0.3446936350475133 0.3272149874265026 0.30870120670402873 0.29104887254851775 0.27482461043022716 0.2602144791137859 0.24733597159597942 0.23626542196327976 0.2270227921017761 0.21954655019700967 0.21368987089271868 0.20925340195819647 0.20603765179914335 0.2038866652116065 0.2027109906196492 0.20249441273053978 0.2032914661919317 0.20498311295517818 0.2067686446554106 0.20859293357396416 0.2104460828870406 0.2122835740938982 0.21405228818879382 0.2157101017656977 0.21723211172001602 0.21860664617180778 0.21993556170874737 0.2212126289788081 0.222408659129915 0.22349791772122737 0.2244570870346295 0.22526460369272314 0.22590024652248256 0.2263448907712974 0.2265803742875239 0.2266144553985574
0.3067373068016087 0.3177901807696992 0.3287693781118731 0.33960694095966054 0.35022214931052764 0.3602271908174415 0.34724691193530133 0.32629331068083517 0.30677501540777835 0.288763768237621 0.27233399627545885 0.2575829601174206 0.24462877701905372 0.23359645739635024 0.22456495918442873 0.21748929771098932 0.21216644695011044 0.2082957685761969 0.20558329490030458 0.2038125257791068 0.20286728410759403 0.20273103830088096 0.20348201576981295 0.20506685584332218 0.20674792014954393 0.2085058191785314 0.21032159312352 0.21211106721421452 0.21379061003545038 0.21530749782966754 0.21663911423527699 0.2178142206431791 0.21922992005380426 0.22061928077139684 0.22191586589671095 0.22309615457281243 0.2241385807394562 0.22502294775150325 0.22573009444476788 0.2262417158879284 0.22654028239249185 0.2266144553985574
0.3045424379703937 0.3148143932851337 0.32472092709372585 0.33390609713870056 0.3414142894734865 0.3438661543642 0.3348801491347848 0.31859204952393705 0.3011649923231142 0.2842551253883767 0.2684491302305365 0.25404096059411013 0.24128145900367526 0.2304498369604838 0.22180187265843357 0.21538588143522344 0.21091380199897022 0.2079046452156127 0.20592367788688026 0.20468722277446105 0.20405996251952035 0.20403111618164027 0.20470674203710276 0.206076757588439 0.207545845316566 0.20921260130489244 0.2110098168629104 0.2127555709685908 0.21432257345550312 0.21565705061086154 0.21674941695722358 0.21761315118930388 0.2186772467057784 0.22013744908041255 0.22151660913030682 0.22277047245912573 0.22387938124928414 0.22482454612376013 0.22558785286690805 0.22615178146954631 0.22649939395844831 0.22661579139602572
0.3002041992126564 0.3091865961414672 0.31733354870181246 0.32400086768775094 0.32792473232709163 0.3268983638287173 0.31953968384734277 0.3074463939284058 0.2930971850725813 0.27817663480849275 0.2636226612970107 0.2499495170565599 0.23756216845388145 0.22695462044276077 0.21875482522681852 0.21330040573819828 0.2101094425901704 0.2083216396765015 0.20731080850429653 0.20675200119404727 0.20651806909614676 0.20661255571250356 0.2071542091012346 0.2081057138643985 0.20916179227509923 0.21075663848842083 0.21260250726635846 0.21429562369388833 0.21569221556089058 0.21677080147576333 0.21755098110805235 0.2180658095166602 0.2186384523326178 0.21979412670037166 0.22123262544016883 0.22253887780132028 0.22369466977907237 0.22468239502822185 0.22548479401687188 0.22608497346677353 0.2264749511903954 0.22665691142369415
0.2942356426921176 0.30172028687609614 0.3079852266650972 0.3123494006009314 0.31381050992049925 0.31142473435532875 0.30529183374092617 0.2958893130201745 0.28427017100902485 0.2715469115284834 0.25858710008280783 0.2459439872673446 0.2340451434991632 0.22347548368692274 0.2154901351652919 0.2114361776282073 0.21016923129563114 0.20997417070533284 0.2101121107588141 0.21032199989587377 0.2105333852918729 0.2107802707935972 0.21117441677152038 0.2114474793360131 0.21158368971596325 0.21337212632598518 0.21533157580294454 0.21686001914880804 0.21795098999513424 0.21865266323931565 0.21901939831781916 0.2191033661850323 0.2191693872998152 0.21980611915382633 0.22108004904647158 0.22241450171435173 0.22359536971507057 0.2246057499034588 0.22542888170748007 0.2260634892366921 0.22651193540600473 0.22675136660925138
0.28721681507526764 0.29324086025812457 0.2978364580107615 0.30042849651954523 0.3003574683777573 0.29776479427909586 0.2926522631367736 0.28519891307901396 0.2758530547939616 0.2652676311074999 0.2541007404641717 0.2428164580798595 0.23172667460284557 0.2211108516206635 0.2121595268882676 0.21064262947336054 0.2120295780483146 0.2135110335856096 0.21477702440476465 0.21574081499898629 0.216406672619893 0.21685798527015074 0.21724317633404888 0.217069423548218 0.21652735057893147 0.21802624522401812 0.21954577122600483 0.2205607935614009 0.22111396664512778 0.2212731691891448 0.22110330181718388 0.22066259401332086 0.2201884775094658 0.2202929292130397 0.22109566100341904 0.22240452164547886 0.22358739916153314 0.22459959152186892 0.22544133678675166 0.22611990851222155 0.22661216594894382 0.22689460034660816
0.27967128643705275 0.2844047786040112 0.28765018105712575 0.28896773785394214 0.28819505025962916 0.28581225385081616 0.28165168781667876 0.2757958691590867 0.2684271741024094 0.25990219710665174 0.250702237825522 0.24121451261102209 0.23173037463514382 0.22253006398527236 0.21481202693067655 0.21452654385908393 0.2170799137997822 0.219591982143778 0.22170578932639975 0.22329748180660058 0.22436575861275618 0.22503615570168534 0.2254787928383743 0.22523086059740854 0.22480504017161484 0.22492312581680265 0.22524666282546296 0.22534048056069883 0.22510095893033397 0.22454326006331862 0.22371137047316786 0.2226533634229901 0.22160156328191938 0.22116452290790903 0.2214540176620796 0.2225095175391195 0.2236712346844443 0.22467690617469013 0.22554307178091204 0.22624821412290108 0.22676822479224787 0.22707902683557585
0.2720147526749048 0.2756733511873035 0.2778809311439052 0.2783208912532328 0.2774198668650983 0.27542669722599467 0.27218917675225335 0.2677464228531328 0.26217952120859717 0.25565902472865154 0.2485606281725341 0.241254787198508 0.2341421543487139 0.22785032330366406 0.22374082161996145 0.22333483804942542 0.2255075780566409 0.22839209480045958 0.23107239135171337 0.23314925784861987 0.2345152848336119 0.23530909168535996 0.23555488282127288 0.23490741723114317 0.23388327132311554 0.2328923529753584 0.23195805315482043 0.23093051782709598 0.22971914963612347 0.22830595865721767 0.22670816575391978 0.22495561578881185 0.22330116863346633 0.22232340648282273 0.22211054411820277 0.2227316609245381 0.22384673674878644 0.2248514216000194 0.22572326801499784 0.22643748064169658 0.22696926933297884 0.22729389408527095
0.2645559977620826 0.26737334524691536 0.26883447199881344 0.2688074498672988 0.2680219069664788 0.26649441461744994 0.26412833282219694 0.26096074238876205 0.2570621373149521 0.25247513261871857 0.24750987400608795 0.24253232515090403 0.2379897740916136 0.2344980820061239 0.23285271140487063 0.2335504443853136 0.23612288603726359 0.23951551705560128 0.24278514318354338 0.24531061438664298 0.2468495221125138 0.24754023547731976 0.2470751610549794 0.24557397735987346 0.24355411254271378 0.24137836074358057 0.23918652687320605 0.2369734212087058 0.23470178936056638 0.23235116626463873 0.229921089412406 0.22742339013055896 0.22516931346887517 0.22366654531502878 0.22297346534375712 0.22314830804658348 0.2241215635335367 0.22510780980395645 0.2259669049567942 0.22667318586981058 0.2272011307217216 0.22752906751934898
0.25786082593393095 0.2601193994930313 0.26110067808003085 0.2609252774072029 0.2603514403954162 0.25929809527759456 0.25770284314754965 0.2556028270863505 0.25309508976511863 0.250208134304954 0.2472246024962288 0.24449550868255862 0.24237733424008162 0.2413501210979453 0.24188173698473364 0.2441757746501556 0.2479312096321543 0.252393917042802 0.25660814893258616 0.25971032342631156 0.261287691368228 0.26132373809769405 0.25962433317804834 0.25682343586156253 0.2534922118899832 0.24999896045529543 0.2465210930391156 0.24310825025312088 0.23975377655364974 0.23643975418316457 0.2331541246021003 0.2298943996971245 0.22708319440972452 0.22508919815033007 0.22395161640045352 0.22372775863690975 0.22447698932667698 0.22542641205352976 0.2262554221940617 0.2269375286372681 0.22744653783882562 0.22777668093551806
0.2522632358623674 0.25412778602148206 0.2548002490519562 0.25465106136931964 0.2543329816505615 0.253747593296404 0.2528577706930018 0.2517059132865757 0.25040786180594427 0.24899425903111022 0.24767330618723185 0.24679207134089232 0.2467493422852139 0.24791850890113135 0.2505260790317224 0.25469527812799675 0.2602146554273615 0.2664399965387196 0.2722515289934557 0.27625967760013115 0.2776376177549924 0.27613603746239873 0.272622186423853 0.26810874523827083 0.2632301539472146 0.25833007444777345 0.25356512095411493 0.2489825414890713 0.24457663898282714 0.24032435980404585 0.23620286337369695 0.23222768538961933 0.22892240755896287 0.22648994829162322 0.22495797489769645 0.22439848152945507 0.22488839871486482 0.2257844277605789 0.22656730939039524 0.22720988926367638 0.22768546605749537 0.2280267155689515
0.24779408136303369 0.24940118845420844 0.2498986117399544 0.2498604755830005 0.24980471782935176 0.24965224452863113 0.24938464236653185 0.24905079507764016 0.24878183933218778 0.24866604779509674 0.2487956498056746 0.24947577448755182 0.25105984363079625 0.2539201133701636 0.258388559877265 0.26451076907086557 0.2721451502913269 0.28082061902046623 0.28926575435251567 0.2948888822803496 0.2951614643004372 0.2910830804544207 0.28514716769234266 0.27865623989268057 0.27215938950806967 0.265884392605873 0.2599127624490107 0.2542536685310377 0.24888290959092377 0.24376563411196991 0.23886841593076996 0.23429582247203334 0.2305764423317889 0.22777611919680033 0.22591830455040066 0.22508620862223194 0.22533108031994376 0.22615677737203155 0.22687881059147397 0.22746741087608258 0.22789637341458685 0.2282686572188871
0.2444613227524014 0.24592424871885415 0.24635752193038868 0.24644764947862877 0.24663629135971832 0.2469211565566043 0.2472952690263181 0.24777786938699808 0.24845243934673877 0.24944675627269602 0.25080553579871767 0.2527657743903835 0.25564525333515825 0.25978305505283966 0.26551234531795653 0.2731271375142128 0.2826567744674427 0.2939400727756179 0.306318611852361 0.3152584000948951 0.3123198965461673 0.3043492942876453 0.2958284593001124 0.287603824871431 0.2798193879050274 0.27248310498263006 0.2655623903197111 0.25901141245586395 0.25278451586293427 0.24684452718257738 0.24116722070752902 0.23608097408168985 0.23197096618166457 0.22886886329932785 0.22676795958468837 0.2257273664923634 0.22578220021037743 0.22651699124312802 0.22716469472491801 0.22768567870456347 0.2280821858910482 0.22849169241669479
0.24226069013366247 0.24367475350131473 0.2441267187058283 0.24442933524253352 0.245031646498814 0.2458439271367817 0.24682836442616937 0.24800301839341438 0.24944325304312615 0.2512805894965859 0.25361674698457093 0.2565653864141094 0.2604080920770827 0.26545045947105567 0.2720055707567003 0.28038074008606495 0.2908704949978918 0.30352581753408137 0.31811478113941605 0.3324477084325982 0.32353895961768764 0.313267838493603 0.30366282736656564 0.2946707778099909 0.2862175631391552 0.27823349926124735 0.2706556133118298 0.26342905309597164 0.25650940857185656 0.24986502335302294 0.2435404296408077 0.23804328893957463 0.23350865518881464 0.22997465192241576 0.22752526519028674 0.2262715786304265 0.2261998214624463 0.22683806433528653 0.22739904928330482 0.22783974602694823 0.22824304740163842 0.22868508121291126
0.24118272152845238 0.24267433201741462 0.243429240493231 0.2440981129858591 0.2451123641539581 0.2463859176383302 0.2478814270011943 0.2496128811170361 0.25164579739270004 0.25409506113105507 0.2571132788366363 0.260763807695547 0.2652353573651328 0.27078693802912085 0.277676782937981 0.28613894612781154 0.29633713469131506 0.30799155055677657 0.31940133241362856 0.32648408591092953 0.3240329294392521 0.316553517836197 0.3080293070037451 0.29942233695252024 0.2910076398571606 0.28285071060487676 0.2749539051996988 0.2673014517165329 0.25987676010084915 0.252670107159435 0.2459820433699628 0.2401848236087539 0.23531581002269225 0.23142224873933712 0.2286083538722506 0.22697546483789952 0.22660231688117705 0.22709323521201066 0.22755605847474591 0.2279439759274208 0.2283705733551688 0.2288387472757697
0.24131376227525927 0.2432077380575888 0.24440765579614643 0.2454253517069049 0.24681213016674877 0.24848035342073144 0.2503894544637093 0.25254721098079513 0.2550081418695991 0.2578696573318092 0.26126631609498924 0.2653338998603705 0.270124869949864 0.27582252219509834 0.28260787599138437 0.2905961347572002 0.2994094983142335 0.30852606392535337 0.31678508204713224 0.32146420033805834 0.32082135895355957 0.3160643198650862 0.3093556890106911 0.30191639263213393 0.2941239011188054 0.28622527756128185 0.2783331820634065 0.2705009506003026 0.2627596170330586 0.25523909253961374 0.2484318978554399 0.24244277001609413 0.23732772713795147 0.23314983448756224 0.23003217427735334 0.2280749029827946 0.2273608740307443 0.22740166918616897 0.2276226707018964 0.22801523222248876 0.22845778360369756 0.22894407227875713
