_RESULTS/CROSS_VALIDATION_POSTPROCESSED/MHZ/IZ/3comp/5/MHZ_IZ_z_250_kriged_reverse_3comp_spherical_5.asc
ncols 100
nrows 81
xllcorner 5.5967107548124995
yllcorner 50.982328804812504
cellsize 0.00017565037499993607
nodata_value 1.7014100000000001E+038
[rows 38 to 56 of 81, columns 0 to 43 of 100]
32.75669671707925 32.97329315424278 33.236966635045135 33.497588377913075 33.743321196094506 33.967761392888384 34.16648423596397 34.336963807712216 34.47472601099263 34.575736582786874 34.636909890379 34.65647646696071 34.644868831254186 34.63361242417287 34.62701913198802 34.62787473240053 34.63885693090167 34.6622118162001 34.7127453875648 34.82292102392125 34.986465352893134 35.19479863472035 35.43855813235157 35.70753044224503 35.99074747438774 36.27692803342236 36.5554221905206 36.806976452725806 37.00630714391255 37.14905991394682 37.2350082636692 37.27037907559659 37.275813661315816 37.25067552380473 37.1740157017481 36.98807178381877 36.75711042604904 36.54971752745509 36.38106260584368 36.25714013110733 36.181630290336635 36.15975017402951 36.19519852142109 36.28943365640318
32.40628637107846 32.62277462525532 32.8654732647419 33.102616693575484 33.32914326299171 33.541180564389265 33.737183577864904 33.91312685006858 34.064695570838445 34.18802827613598 34.279967753906995 34.338306821765826 34.36259626131636 34.37334734702684 34.38212468265183 34.39856186955073 34.424876625446366 34.45998971889 34.534172377508796 34.66854270860363 34.85567234238434 35.08717187678492 35.354084723568015 35.646839917072164 35.955324279064385 36.26917474574772 36.57652250347208 36.84800939259179 37.06904583148987 37.23322146567386 37.33608879374104 37.38919492130138 37.400446427246415 37.364131119101735 37.265761427936894 37.116448613532214 36.94129963546053 36.77637275484243 36.643365090342286 36.55287227606733 36.509994242140706 36.51677505634669 36.57343406210741 36.65885670297173
32.25267769299806 32.36585276783161 32.54015862439666 32.73322182014359 32.92961022298181 33.12455220286089 33.313875816344655 33.49258691963283 33.65610096352941 33.80024808886251 33.92141286300546 34.01669982527885 34.084046574734046 34.128125018303145 34.16826419767132 34.20317324034093 34.23676999260566 34.28648919804953 34.38293658963809 34.5393025870914 34.74875633020864 35.00320965162812 35.2941799921731 35.61270346820083 35.94931293124708 36.294138110402216 36.62509488028536 36.91758787172134 37.15694342083864 37.32323346162371 37.42378924627274 37.47706027099199 37.481312923150185 37.432841799848525 37.328449920993215 37.197043273198524 37.05661363250096 36.92838621865051 36.83061862992348 36.774858830589814 36.767097101082555 36.80945750028785 36.88681751038148 36.957841656807325
32.088248709806614 32.139992031018565 32.24814825968645 32.38992751854313 32.55095814483477 32.72464900300305 32.9040409554508 33.08328963874108 33.25715012827498 33.420802574992614 33.569893979648455 33.700653076133854 33.809992767913066 33.89555270226703 33.96794246791894 34.03122990415497 34.07657361737586 34.145525584382916 34.26190008597925 34.43783605598903 34.66794598238108 34.944552537192024 35.259728449014226 35.6051326792372 35.97186074576882 36.34499704680413 36.69662046104807 36.996991314266296 37.22835829106436 37.38635954002725 37.489285442305075 37.53989410391929 37.53517316563595 37.4743935126683 37.3638211919187 37.23849458306996 37.11642380197105 37.0141037614892 36.94652076968467 36.92403974600322 36.951965035572634 37.021290333035466 37.09056130377103 37.14639050910798
31.921945111389547 31.922887041556997 31.97564777469613 32.06883868910421 32.194656000844944 32.345206976657394 32.51298605599103 32.691495163283385 32.874746144259134 33.057092947111144 33.23326274592625 33.39847166990453 33.5485438704749 33.67946093812115 33.78043740479452 33.859277862494366 33.936911135200866 34.03876649834791 34.173579668191415 34.366311461933975 34.61484700540277 34.912044470779094 35.250654263353724 35.62305399669275 36.018338209817365 36.40919146612546 36.75770460103934 37.04887615813004 37.27383026688926 37.43251580013087 37.539172025639076 37.58657709262479 37.571073480501035 37.49501795787124 37.37081348248934 37.239804841547766 37.1227651062496 37.03574635634711 36.99206811534927 37.00041326076885 37.05999247411352 37.13031893282872 37.1881198854848 37.22936986838462
31.76246254146117 31.715834052032783 31.719458543150065 31.769038676111983 31.861215377290826 31.9888145983227 32.14479360551813 32.32237576316833 32.51489890573789 32.7158112110745 32.91879546088697 33.117918526508184 33.30329366521586 33.46544531072426 33.59817999048654 33.69799519196658 33.811326239164586 33.95229317502754 34.12013920645024 34.32661435717276 34.59064007436468 34.90593629939745 35.26610515755327 35.662438953760365 36.070698213614186 36.449967420246175 36.786386638194806 37.07163604898675 37.29512824192941 37.46423147026074 37.578280771936505 37.6234106160608 37.59391074003025 37.49548048404361 37.34637677358513 37.196107985209515 37.07159297395151 36.99028345878548 36.964786109087285 37.00189302032762 37.07070591280662 37.1340645112451 37.18511014087411 37.21512442691982
31.618469684892336 31.524952290587972 31.48235989298489 31.491936259887403 31.552308273939595 31.658109097449522 31.803149467133302 31.98060198528316 32.183160888316706 32.40251142517209 32.627867787805776 32.85007309287344 33.06064440191477 33.25181548366204 33.41660245046364 33.55502583516344 33.706054496065775 33.88345948176627 34.09077569146362 34.32056458836113 34.59630728265923 34.926116474936514 35.30190300154653 35.70496783737305 36.094614246010245 36.45464583619378 36.779742551031816 37.06206962372829 37.292325076306916 37.48033188124665 37.60937716785785 37.655295132679626 37.60643566537104 37.473123640582564 37.284296626528544 37.09850540032177 36.95430370617047 36.87050387578192 36.858950718236436 36.90990446117574 36.97181833494073 37.03466163509683 37.08741272097104 37.11411364104626
31.481816524039697 31.353223072902246 31.267868899581053 31.23949534680043 31.2692968112659 31.353890586605964 31.48763282342461 31.662920351121286 31.870646406844312 32.10077581606133 32.342960891013135 32.587097400097484 32.823734239389275 33.04429283898675 33.24109704577283 33.42057880753352 33.61955684944867 33.83895222580201 34.08181041723854 34.345476108558074 34.63285641728608 34.9666582487857 35.340761417068265 35.72138206261018 36.0818655800632 36.41999064747316 36.732203257639824 37.012533063249336 37.25671225586868 37.4735149940109 37.63174103266468 37.686614051418715 37.60957563780946 37.419961152170586 37.171353360115525 36.93256335216509 36.757949390619196 36.665903263705665 36.65866676842879 36.69947317037131 36.75989042774512 36.83168322484318 36.89912779931442 36.9385119042824
31.32264318649932 31.16485117112106 31.04973243781429 30.98879312258504 30.988408970383684 31.05154432434259 31.17360556605835 31.346813935680768 31.561055096259615 31.804865158601547 32.06641358043714 32.333856063785255 32.596274123948824 32.84528633611102 33.07333829764327 33.29329510668921 33.539076161934936 33.810274173209976 34.09780178743667 34.39141561589063 34.68874293472267 35.010874664317534 35.363851936894186 35.70508160939714 36.031441089670565 36.34222343933956 36.63607377569167 36.91025624650765 37.16892025995996 37.423382862905434 37.635074632808994 37.72152570219805 37.599691268167355 37.31517213857065 36.98057825052716 36.676746650065446 36.46401461792414 36.35018558153645 36.33219264406936 36.36333708614325 36.42926684293682 36.520158379855474 36.618447721033114 36.709021483850144
31.143793776237832 30.953232598566366 30.806584914967594 30.71843521517115 30.696404402922255 30.743511754801194 30.857599976799214 31.032803483010873 31.256668196700716 31.512905691414662 31.78949744140112 32.07529126560302 32.36026243867466 32.63561703536591 32.89361531846429 33.151532256221955 33.4441878603082 33.76376456356129 34.09466950151305 34.42263036166946 34.74094659754084 35.05390355919118 35.361694707112896 35.65814614727923 35.94377366328988 36.218867272562605 36.48389390030392 36.739438660184604 36.9988818312497 37.28368738699379 37.573609904411974 37.76117437251793 37.54895247588196 37.10405859454216 36.6658515099592 36.293813705619506 36.033361993800476 35.897569455042 35.867721935781425 35.895957103124935 35.97325448244046 36.08944244209045 36.23190175064818 36.41548912532559
30.95194698527487 30.7241142346163 30.54073575619933 30.420343816281743 30.375175269912425 30.41182471144092 30.527077726422398 30.706390310400323 30.9375494618847 31.206846442709562 31.50067849610778 31.806726682842147 32.11428204741632 32.41409109580115 32.69799291205901 32.98605478240043 33.314574851821824 33.67247938167882 34.041746523062315 34.39721393060884 34.737400517158804 35.05283919859467 35.32768226326086 35.58321146274598 35.82225361244073 36.05146024175164 36.27304737086041 36.48890981053571 36.71637837458987 36.9830630447034 37.29056101770394 37.627925816596445 37.247744894247255 36.661200767153 36.15131402581313 35.739214525481444 35.448844265362915 35.3028750721825 35.2659867818224 35.297857126477595 35.38912536796636 35.52814247344668 35.71486553504683 35.98116524704981
30.755708637087835 30.48533029881376 30.25781473554346 30.09710719770706 30.022859123921968 30.040673756779217 30.1478393241558 30.33415953763643 30.5818883935575 30.872061943431156 31.187904909439485 31.515674148200688 31.844317706566965 32.16479919620149 32.469860432769444 32.783558060824056 33.13974378494527 33.52902084402412 33.940323580243934 34.310130769639336 34.66208584767533 34.97252863074624 35.22205304977508 35.44714838590043 35.65044673411445 35.83093053670402 35.99663331936717 36.150105785863374 36.30421928651084 36.47799491397718 36.64409239407182 36.695271667862734 36.41725666963087 35.928650385030664 35.44193929542456 35.03670519056689 34.74719518279357 34.6049969022437 34.5713076960676 34.61165388151486 34.70194740570173 34.82665616737346 35.005035571298706 35.24992847996282
30.56637822951996 30.24808939687853 29.96671459715704 29.75210797024421 29.625281266178664 29.6112984859707 29.716702055603918 29.921984378882584 30.196935572001248 30.514670379049846 30.855329093534746 31.20474190254376 31.552475039687433 31.890404059353095 32.217159627108394 32.54926347447782 32.92184179527022 33.325407317096776 33.742195516976324 34.13716615452541 34.507568908505895 34.81320379093433 35.046414630668984 35.24136013312349 35.40765558165508 35.544354712243056 35.647373737710495 35.72121045686008 35.77471936104659 35.82573375120831 35.83847001741626 35.73694941240673 35.45600964827736 35.0394524702048 34.59724141199108 34.21691681766734 33.95131994018418 33.825809984151036 33.796595093820116 33.827705874535845 33.901172733040525 33.9992415202364 34.14816884439578 34.332781281014654
30.39865949987051 30.02890674159851 29.681760786877526 29.379207375140222 29.17054742936841 29.11690729945018 29.235632660127774 29.482021000241183 29.799579385152384 30.151633232908804 30.5179358270783 30.886489965417894 31.24912362509184 31.603913779834336 31.949473387297196 32.292359467414535 32.67076395850783 33.07688143146292 33.49405386796434 33.905012791028554 34.286662853466666 34.588380472444214 34.80796964491354 34.97736153383637 35.10783258277912 35.19783910879904 35.24410186209128 35.240729312915484 35.20433068035648 35.14847038379634 35.04040031280618 34.83810229303083 34.51934295645109 34.11146429569445 33.6836439041954 33.31613278801692 33.06866873385731 32.94875306014317 32.91954197837641 32.95472171237714 33.02317458225888 33.10422862545836 33.22797001269942 33.37447351915641
30.270590824200223 29.851216565994875 29.41832371560776 28.995159012317746 28.65386942498652 28.537120188060417 28.7080496858512 29.03772711773474 29.416358313179447 29.80564281782238 30.193633855773367 30.574962739972467 30.95010361124334 31.318313174807695 31.67631712213962 32.024482411768126 32.40072584801567 32.804440242754985 33.221692930126444 33.63949488569522 34.020279007167034 34.31512860182127 34.52142931173135 34.666107527650865 34.765436076669445 34.81298796652243 34.80964603557341 34.76057938258765 34.65198863452483 34.504424042179416 34.302664475816734 34.02152050955875 33.651702418134974 33.213126189113694 32.7584440871802 32.35424231765491 32.073865923106155 31.973417416686083 31.98360589602316 32.04793634899184 32.126749031855496 32.20225547833112 32.31066386763163 32.43770989329666
30.20127584959062 29.735879791392517 29.22227897690057 28.663042722428898 28.091278455671127 27.8159393959275 28.167562183390622 28.6421498240736 29.08710647133768 29.50388253446599 29.90207445845205 30.2902242938703 30.670737986554926 31.043479515658888 31.40666725309159 31.75720222010575 32.124329448315606 32.520900985616066 32.93419834368986 33.352003921091885 33.72513426798175 34.010243983941194 34.202733862185895 34.32352546742287 34.39057790969002 34.40872254830926 34.384801034517544 34.30481893432784 34.151869958328916 33.93423656320771 33.66208041425185 33.31933873337174 32.89861497843399 32.41067841876084 31.873982095269106 31.34598318817698 30.989327955627253 30.93552111004389 31.047262152170724 31.176298643118038 31.278328692917206 31.352703131052866 31.446935734431296 31.55569969915948
30.20129319218582 29.70838136493092 29.155043413782078 28.52243655344643 27.764716401529533 27.12622763964223 27.836455697773705 28.39554048689592 28.858794572823225 29.275000410702233 29.667753608259762 30.047934691809246 30.42056508154061 30.787375087327195 31.147723748310536 31.498826340512938 31.85177385206813 32.235936395698786 32.64038236978475 33.05215402841654 33.41507066059485 33.68879278158814 33.86398611874707 33.960568910544865 34.00777836727681 34.01932718376582 33.98454917700966 33.88960633840043 33.718487137387356 33.46504542139529 33.14696111081063 32.7641737088523 32.30846585348687 31.76518618261212 31.11220329732376 30.397484334326542 29.84617632420471 29.935517811083074 30.211018585551543 30.420027409118816 30.540028892086426 30.59999210346998 30.66868337446243 30.752670821379795
30.269481124351998 29.779858850842484 29.24238482662944 28.657845635940642 28.072264100874538 27.757145635286378 27.97420505260369 28.371875192849927 28.76752458610313 29.14209086256216 29.502324189858854 29.855258002812274 30.205438051441885 30.555098866808063 30.904221764477064 31.250359817160533 31.5915315769135 31.958117770357248 32.349076432692996 32.75013831667353 33.1019110865024 33.359849839750346 33.51634259246028 33.597818245285836 33.6476190831689 33.66053271490828 33.62530096901107 33.52920886523908 33.35815204233739 33.09971025284161 32.767172596751024 32.37413209349282 31.90986912216891 31.326261956375422 30.6234173645728 29.81738495490888 29.034495467400866 29.294828866497813 29.629004463543808 29.842695798795727 29.94843430963258 29.975869087502797 30.00175347352738 30.050330882347026
30.39903998678281 29.93574389447804 29.447126046357052 28.9549286670864 28.525352152148404 28.286255446852405 28.3162418156654 28.525886526510046 28.804207316547366 29.102021925685257 29.405617316042903 29.713403977066715 30.027094926050285 30.348577020957062 30.678263707713505 31.013904106640773 31.350049667473872 31.695468490152134 32.069183076269184 32.45557863171935 32.792732742785816 33.034817016336085 33.17505419675542 33.26247070687877 33.32199897601644 33.344207550821444 33.31887961769139 33.23492810144014 33.08053480497355 32.84360877146231 32.52617262647868 32.15042382399622 31.687543844306234 31.117521647498407 30.463963073101358 29.790499281287353 29.297111173864142 29.226949156140154 29.36921164194888 29.48142185369659 29.51671939075336 29.484930620974957 29.458126511319456 29.45906874961068
