_RESULTS/CROSS_VALIDATION_POSTPROCESSED/MHZ/IZ/3comp/5/MHZ_IZ_z_0_kriged_reverse_3comp_spherical_5.asc
ncols 100
nrows 81
xllcorner 5.5967107548124995
yllcorner 50.982328804812504
cellsize 0.00017565037499993607
nodata_value 1.7014100000000001E+038
[rows 36 to 53 of 81, columns 40 to 79 of 100]
8.672852107917747e-06 9.215284789260607e-06 9.13518544943095e-06 8.43931188080021e-06 7.338466648900072e-06 6.397510732030537e-06 5.6895679240239e-06 5.224099901600707e-06 5.093956552120431e-06 5.312407679412498e-06 5.930769101868819e-06 7.063684753727986e-06 8.911140937549986e-06 1.1882007586963878e-05 1.5559052574763243e-05 1.8606981599408182e-05 2.068566129690115e-05 2.3133030326524675e-05 2.6797755584542143e-05 3.2301953941825104e-05 4.0714452427289436e-05 5.410398866756907e-05 7.515460127466616e-05 0.00010826050214382023 0.0001629487668112151 0.000261334615525489 0.00045284678195724464 0.0008591914891593087 0.0018341232320142557 0.004515211488503685 0.012597660349514685 0.037045705907916636 0.09199190150135957 0.13134165138984324 0.11684542431439435 0.09422896278416688 0.07894489727629304 0.07062484313286238 0.06758053550296612 0.06704601443813314
5.0412633348193795e-06 5.215042821462712e-06 5.051917867534609e-06 4.579260093293469e-06 3.952978516021169e-06 3.358713429629675e-06 2.994359685823405e-06 2.8460454094026513e-06 2.8827830500375764e-06 3.1293255344453063e-06 3.6786959141811704e-06 4.709856127221934e-06 6.512623668852884e-06 9.54501867198148e-06 1.3263597707433721e-05 1.6540345461731193e-05 1.887970289612275e-05 2.1174539924054136e-05 2.3468010175393083e-05 2.6637769607475116e-05 3.118842740380969e-05 3.7895912062037795e-05 4.840274303048205e-05 6.612697256485376e-05 9.522130729718319e-05 0.00014571674194113545 0.00024162273513445723 0.00043837150943702686 0.0008997976394019917 0.0022330153340072976 0.006794329011844626 0.024830887892630476 0.09812659928029221 0.12703252876861032 0.08677560076569896 0.06482945746797074 0.05397788821907927 0.049431973395696334 0.0490705487830745 0.05131891613710376
2.8681017890179157e-06 2.867547701690751e-06 2.6990742815678766e-06 2.3952492652486586e-06 2.0933447157045116e-06 1.8907584367882185e-06 1.770614672705438e-06 1.7567634348553146e-06 1.8437369602478766e-06 2.0635827434982534e-06 2.524875065598283e-06 3.472738723662636e-06 5.2671436412670044e-06 8.324738169568866e-06 1.2055870553425799e-05 1.538103847880454e-05 1.7699585847857058e-05 1.9771109846584998e-05 2.1368282698391222e-05 2.2776348774331898e-05 2.4881796496775007e-05 2.805685644153541e-05 3.29036337277698e-05 4.0496651590784014e-05 5.295699719843202e-05 7.454763328833778e-05 0.00011046103793750597 0.000177724136591447 0.0003273329751587401 0.0007531164874676271 0.002222943732898359 0.008033459437206271 0.0286552551615588 0.04320463141484483 0.03555362912697637 0.029638848033343965 0.026865732324526822 0.02644643500337926 0.027954776322090303 0.03112924424265287
1.6722454824806318e-06 1.577954913957134e-06 1.4187530877965145e-06 1.2716592056516427e-06 1.2055553355362708e-06 1.188755557289278e-06 1.198188979325311e-06 1.249494828929907e-06 1.3597889872145338e-06 1.5468138944684716e-06 1.8666579061540887e-06 2.601972970206379e-06 4.287890348526629e-06 7.3310226709684425e-06 1.1145411731743672e-05 1.4579511832707386e-05 1.6783383072294034e-05 1.8458673839339187e-05 1.9441017397794616e-05 1.961756339471528e-05 1.9791347473233086e-05 2.0500572994648474e-05 2.1951069730312216e-05 2.4469465548013428e-05 2.8519792987500936e-05 3.465480697798698e-05 4.445053651735264e-05 5.957433712440381e-05 9.085814760227992e-05 0.00017766723730516576 0.0004641085995381632 0.0014440271005755252 0.004050869957030887 0.007381207750494606 0.008936175988122555 0.009512407585084624 0.010117800739409717 0.011178030572031126 0.012922594119891292 0.015532816110501267
1.0592227051791122e-06 9.319261154622929e-07 8.132355882705383e-07 7.643188532534116e-07 7.745978691901601e-07 8.370043173337038e-07 9.326527181314019e-07 1.0477950661409933e-06 1.1894980238640066e-06 1.2992452007394234e-06 1.3963140242430984e-06 1.9011190081348775e-06 3.6911767891886142e-06 6.939802588192185e-06 1.1012776009368145e-05 1.4612684039929385e-05 1.65900932810775e-05 1.7675945528469407e-05 1.7879404247889804e-05 1.7200757796690383e-05 1.5962149208000048e-05 1.5077528626382676e-05 1.4650891635219785e-05 1.4659260129780307e-05 1.4743736446630747e-05 1.5039460623729461e-05 1.5916989440299486e-05 1.7739704394747345e-05 2.080317069628633e-05 3.190404142526418e-05 7.406726971062334e-05 0.00021670605651210795 0.000588286825209566 0.0012145146349046086 0.001874605270548391 0.0024937768707432805 0.0031488850090638353 0.0039644576907939075 0.0050823348655812855 0.006662041694382583
7.310116585933796e-07 6.125592667802503e-07 5.516953350005049e-07 5.435479638364967e-07 5.834601048061706e-07 6.76144826077499e-07 8.325406241803085e-07 1.0229341401918914e-06 1.1877236565239673e-06 1.313173773314555e-06 1.3753645019998672e-06 1.8484555456419713e-06 3.966912709688194e-06 7.654987359048357e-06 1.2172524407883132e-05 1.5958893329757795e-05 1.7529609565527046e-05 1.772955407911404e-05 1.6940345528397632e-05 1.5351817342424986e-05 1.3237164275963077e-05 1.1358614555037475e-05 1.0006580490727412e-05 8.814002077159341e-06 7.680284495712874e-06 6.686406831830088e-06 5.857347957152127e-06 5.171456360511827e-06 4.609437957549232e-06 4.96646816118465e-06 1.1498806348054768e-05 3.6181680441464266e-05 0.00010105121059824614 0.00022466770992178323 0.000397385833231909 0.0006154513006155996 0.0008927397017629483 0.0012647666892679455 0.0017923918838032215 0.002565137096666316
5.573127374643208e-07 4.714262475894803e-07 4.3889087045360114e-07 4.5181031130202986e-07 5.150705966870412e-07 6.465812659303353e-07 8.466723573826606e-07 1.0855591582714164e-06 1.3563137948906353e-06 1.6693769439086431e-06 2.1050950496154314e-06 3.1184474634000846e-06 5.678437113765377e-06 1.0133798812522173e-05 1.5343918411750383e-05 1.9270883097071665e-05 2.0111660560538235e-05 1.8886900471799717e-05 1.6751478272387134e-05 1.4115713532639352e-05 1.1348124016861757e-05 8.875220331837196e-06 7.081386110039802e-06 5.650603106343852e-06 4.483004871537913e-06 3.5106825392817913e-06 2.708195978675138e-06 2.0350942458627894e-06 1.4683717877379074e-06 1.0303127032119233e-06 2.9456849659793852e-06 9.306443706256975e-06 2.4753863357364863e-05 5.413096937830811e-05 9.824019692770073e-05 0.00016006748443726847 0.00024999527751573303 0.0003866216894517597 0.0005962112998271937 0.0009237869974942951
4.928292160119913e-07 4.245642129865311e-07 4.043151572226826e-07 4.3140360455235226e-07 5.216270866185407e-07 6.915992122381248e-07 9.353994415541594e-07 1.2723941556845478e-06 1.7218917490384507e-06 2.409679852986325e-06 3.500443402594818e-06 5.482888240591624e-06 9.365449844509898e-06 1.5431694518331248e-05 2.178483736129725e-05 2.565316663532502e-05 2.5132996831160967e-05 2.1484939768903236e-05 1.7384729957054032e-05 1.3454140720891086e-05 1.0099475881677786e-05 7.498243155974084e-06 5.574580283672876e-06 4.162951077877395e-06 3.103305405090482e-06 2.292574663974506e-06 1.6770295038062676e-06 1.2286517467607197e-06 9.492396600308344e-07 9.96661037326748e-07 1.8250304009765594e-06 4.188458489394484e-06 9.165975111912622e-06 1.7971563169790835e-05 3.1043821477299874e-05 4.9385428559514084e-05 7.711498136080322e-05 0.00012118301901771294 0.00019544908724278195 0.00032335084552735893
5.135086959446742e-07 4.4481113687216237e-07 4.260682821974779e-07 4.6365605168681855e-07 5.786746735185972e-07 7.750431459647912e-07 1.101043189283053e-06 1.6210172623362263e-06 2.4078657237971996e-06 3.687097051269364e-06 5.940226397641708e-06 9.812236290706892e-06 1.645440423921417e-05 2.576172265071738e-05 3.3989882905664265e-05 3.7133565455316866e-05 3.36787941615336e-05 2.6030921140884953e-05 1.8895840245762136e-05 1.3583112171199468e-05 9.850937487771755e-06 7.017745795350648e-06 4.933018365274836e-06 3.5252781472964496e-06 2.5452502695776095e-06 1.8483605483522137e-06 1.3553372147512501e-06 1.034034063467278e-06 8.83672679421634e-07 9.981241489806316e-07 1.5632392714266632e-06 2.8041139476238002e-06 4.875328970135897e-06 8.072138280472232e-06 1.254491743475254e-05 1.85309799963464e-05 2.7666818656419086e-05 4.254672272656619e-05 6.815193212800459e-05 0.00011439395234521151
6.327841906771437e-07 5.421325448219923e-07 5.097894822597249e-07 5.482184587027904e-07 6.57971797117129e-07 8.919290613987891e-07 1.3573942930295795e-06 2.204300884887638e-06 3.629825316492e-06 6.0171078353597325e-06 1.0333340621096891e-05 1.8060008739644943e-05 3.0330890323078777e-05 4.6030328536056546e-05 5.7144140175066325e-05 5.750236286886483e-05 4.756617712647282e-05 3.3310640496250504e-05 2.2055243991812124e-05 1.4981293747050253e-05 1.04561302945649e-05 7.1612781282178906e-06 4.8461380465954026e-06 3.3874977262467553e-06 2.430132612799063e-06 1.7824641925887732e-06 1.3442034286336977e-06 1.0691707534949658e-06 9.59012394850767e-07 1.0672924114865781e-06 1.5049546716256742e-06 2.305118233714081e-06 3.4093294119509975e-06 4.693131320871352e-06 6.346233393841007e-06 8.445620357589162e-06 1.164582836967802e-05 1.7059250890225574e-05 2.6619385523150452e-05 4.4141736453097524e-05
9.306266447314761e-07 7.767313503937078e-07 6.969020444100602e-07 6.837754978000966e-07 7.509140968622473e-07 1.0360953123871574e-06 1.7481049675472408e-06 3.2015065822347816e-06 5.8617592691858135e-06 1.0484278087960215e-05 1.899869623159928e-05 3.459671285555411e-05 5.88524043969983e-05 8.739029980857277e-05 0.00010236710700372278 9.382171850326823e-05 6.94552388304915e-05 4.5171932126911707e-05 2.7683217716297914e-05 1.7595421844163852e-05 1.1728340368548455e-05 7.794190239430852e-06 5.1860642333122015e-06 3.622638325531905e-06 2.637144416242863e-06 1.9870104016188115e-06 1.5522439896661196e-06 1.2743909669816761e-06 1.1655169836029634e-06 1.2525716068623674e-06 1.5985643751698922e-06 2.1933591465098057e-06 2.855007725581658e-06 3.3833473884795263e-06 3.911286183513946e-06 4.617962258341646e-06 5.742421168448961e-06 7.86332882707663e-06 1.1803539721329892e-05 1.91701201365374e-05
1.6541897860426782e-06 1.3396221567928658e-06 1.1238303611990846e-06 9.254607779917026e-07 8.466424702962925e-07 1.2198976826184662e-06 2.4421212559033865e-06 5.103793599869477e-06 1.0245307687433301e-05 1.9583657517706964e-05 3.733375880950034e-05 6.971976654319291e-05 0.00012096384461793266 0.00017635069022684376 0.00019448410273909143 0.00015901593221440054 0.00010523923171608226 6.269520237312605e-05 3.593242552295116e-05 2.1238170357633696e-05 1.3516556479703972e-05 8.841661565352205e-06 5.91654949629645e-06 4.224432713374113e-06 3.1819015903414674e-06 2.4955207570845566e-06 2.026651419668475e-06 1.7162471295349766e-06 1.5872297080093718e-06 1.6442579763143292e-06 1.916643078635441e-06 2.393254002726773e-06 2.783256849606471e-06 2.9247300485911658e-06 2.8690738977669475e-06 2.953999530409921e-06 3.2943073828527647e-06 4.1761385650907695e-06 6.0090539776344675e-06 9.536543572784763e-06
3.57790043307335e-06 2.85738535160694e-06 2.2584378952513606e-06 1.6040125396990496e-06 1.0360683320225802e-06 1.741313548946749e-06 4.190556898867519e-06 9.393480598734616e-06 1.96306866984117e-05 3.908936770298416e-05 7.73634227328585e-05 0.00014874959103160438 0.00026346330196872294 0.0003795405321329478 0.00039189998479218684 0.00028045636557806294 0.00016083116978862135 8.414222954359468e-05 4.4519558382387574e-05 2.5199630789164148e-05 1.5490147134198928e-05 1.0199831910550208e-05 7.052014790802687e-06 5.280677745842454e-06 4.2009819159653506e-06 3.477543052810041e-06 2.9549161381225603e-06 2.6036042547571533e-06 2.447224474886399e-06 2.4618654499152407e-06 2.6622647880726814e-06 3.031359055413457e-06 3.172039872834079e-06 2.9471780558514744e-06 2.47271350985055e-06 2.170600626633695e-06 2.172725710762276e-06 2.5616099236749123e-06 3.5632021559040594e-06 5.549897349877079e-06
9.580440900411917e-06 7.722549661661203e-06 6.058928038048077e-06 4.4706561886942444e-06 3.663925971774894e-06 5.069694512270547e-06 1.0062369588189457e-05 2.0769585548644688e-05 4.1921137761261546e-05 8.269234099028322e-05 0.00016513937302517303 0.00032611738387179677 0.0005983866891149906 0.0008815847098182646 0.0008447236621950833 0.0005083655169445283 0.00023220233504765781 0.0001009361637042215 4.8460409317815644e-05 2.7241500079846628e-05 1.7067740676961937e-05 1.1710958085645756e-05 8.655138424541443e-06 7.001366767271293e-06 6.017227641158502e-06 5.342044540200544e-06 4.813198639697966e-06 4.480150758642524e-06 4.314174890287664e-06 4.2808377994154605e-06 4.3661540144522276e-06 4.558078752484707e-06 4.3129158541618374e-06 3.5221277265064792e-06 2.5192624697616472e-06 1.8165414360028162e-06 1.6034403579689745e-06 1.8350651982139465e-06 2.5285789224849672e-06 3.891673564753675e-06
3.1745603014521206e-05 2.615692799061035e-05 2.0945067764875244e-05 1.6773566117577167e-05 1.5423586261808185e-05 1.8822030406617718e-05 2.9531057577693687e-05 5.2061461880631915e-05 9.510074554961003e-05 0.00017689548456405367 0.00034479607391163964 0.0006919389119756282 0.0013585821345440455 0.0022106011441934002 0.002006512383057495 0.0008859961796053275 0.0002836667032379225 9.695722058212043e-05 4.236691361838908e-05 2.461230878579643e-05 1.724588432100854e-05 1.3234873059386077e-05 1.0896309642081185e-05 9.828310459478387e-06 9.338347260473045e-06 9.04414132539152e-06 8.871015704011227e-06 8.833735153966582e-06 8.81786301253914e-06 8.748765590806876e-06 8.593206963984542e-06 8.343257464220055e-06 7.207967545950196e-06 5.20494918135295e-06 3.161763863141901e-06 1.7719950987159433e-06 1.3056921957572341e-06 1.586534809637934e-06 2.27076009047867e-06 3.425314100694286e-06
0.00012096876439994586 0.00010021286045151497 8.117528372847253e-05 6.712359604477685e-05 6.177403832244166e-05 6.76781564524449e-05 8.883755866631032e-05 0.0001327881979070492 0.00021178679808259756 0.0003555489714752148 0.0006426473650837137 0.0012427355470797927 0.002550817467771264 0.005265853288836633 0.005431695276023528 0.0012123597339869674 0.00024387755748568713 6.504037310869185e-05 2.7112065892825993e-05 1.7767934108064483e-05 1.5216242816444695e-05 1.4469998289458295e-05 1.4237474685619614e-05 1.4727710708924383e-05 1.5776128733658586e-05 1.7074042128413682e-05 1.8652663688151078e-05 2.0157365831271154e-05 2.1152386600596795e-05 2.1284099623483167e-05 2.0452692272228735e-05 1.8846660344892196e-05 1.5185839903400824e-05 9.995795362151677e-06 5.409366801058681e-06 2.4873932708547516e-06 1.3944426362071474e-06 1.9511435463418892e-06 2.7719579533160116e-06 3.9440280208481005e-06
0.00048475595586903954 0.0003941106195500965 0.00031501049307618585 0.0002570343804878321 0.00022701862730884056 0.00022614839024655297 0.00025551647355257434 0.00032036507074625296 0.00043279907136500905 0.0006321016011615053 0.000992504092962016 0.00165701416454527 0.0029063383116503002 0.005180100292355595 0.00465832657223778 0.000790561331980951 0.00012471695915645465 2.7327377966654547e-05 1.1925492250247445e-05 1.0356393460565936e-05 1.2174438740659952e-05 1.517967076250944e-05 1.9009725324253052e-05 2.3817889114770804e-05 2.9344370379380793e-05 3.647395371655235e-05 4.4990724461990765e-05 5.3584791048034165e-05 6.002274343870166e-05 6.208199072532409e-05 5.909010861152311e-05 5.2417609058564626e-05 4.0086350754219854e-05 2.5110084386450344e-05 1.3272828632248071e-05 6.441979322565985e-06 4.0370699388218946e-06 3.91518871502914e-06 4.647659067776614e-06 5.9060893148027484e-06
0.0018501335465126944 0.0014610190239455305 0.0011353263191310843 0.0008995125041381393 0.0007529752072607112 0.000681734774509833 0.0006711527522493753 0.000710494714571588 0.0007968384717368496 0.0009706949971196011 0.0012551026076694169 0.0016387514326848497 0.0020203320240939388 0.0020466049187066694 0.0011483387399192013 0.0002768422553034671 4.4597950844851396e-05 7.61657941892991e-06 3.7592015154734343e-06 5.710980216871564e-06 9.969129459043346e-06 1.6378087396198227e-05 2.5860808396819784e-05 3.966501370030162e-05 5.978595910304554e-05 8.795542950583057e-05 0.00012428391357992313 0.00016595374891803313 0.00020187468848340565 0.00021706761531560065 0.00020558604838991323 0.00017605291733971014 0.0001279449570462688 7.737051865537285e-05 4.098872717949704e-05 2.0744428389739253e-05 1.2637157229620104e-05 1.0079559187498124e-05 9.832975886467134e-06 1.0794079057502302e-05
