_RESULTS/CROSS_VALIDATION_POSTPROCESSED_80-20/Berg/GZ/4comp/1/Berg_GZ_z_710_kriged_reverse_4comp_spherical_1.asc
ncols 100
nrows 90
xllcorner 5.6208707817415728
yllcorner 50.959635321741573
cellsize 0.00013419651685393446
nodata_value 1.7014100000000001E+038
[rows 0 to 17 of 90, columns 0 to 39 of 100]
0.0007995130786035745 0.0007995130786035745 0.0007995130786035745 0.0007995130786035745 0.0007995130786035745 0.0007995130786035745 0.0007995130786035745 0.0007995130786035745 0.0007995130786035745 0.0007995130786035745 0.0007995130786035745 0.0007995130786035745 0.0007995130786035745 0.0007995130786035745 0.0007995130786035745 0.0007995130786035745 0.0007995130786035745 0.0007995130786035745 0.0007995130786035745 0.0007995130786035745 0.0007995130786035745 0.0007995130786035745 0.0007995130786035745 0.0007995130786035745 0.0007995130786035745 0.0007995130786035745 0.0007995130786035745 0.0008063168165484302 0.0008540344210292231 0.0009595374773004873 0.0011429650883894922 0.001430152097875611 0.0018630796153455268 0.0025012629817447534 0.003356572281810508 0.0044660639814227895 0.005898171649673536 0.007735956925528171 0.010071589519289794 0.0129869665786455
0.0007995130786035745 0.0007995130786035745 0.0007995130786035745 0.0007995130786035745 0.0007995130786035745 0.0007995130786035745 0.0007995130786035745 0.0007995130786035745 0.0007995130786035745 0.0007995130786035745 0.0007995130786035745 0.0007995130786035745 0.0007995130786035745 0.0007995130786035745 0.0007995130786035745 0.0007995130786035745 0.0007995130786035745 0.0007995130786035745 0.0007995130786035745 0.0007995130786035745 0.0007995130786035745 0.0007995130786035745 0.0007995130786035745 0.0007995130786035745 0.0007995130786035745 0.0007995130786035745 0.0007995130786035745 0.0008227359888843056 0.0009124838783687842 0.0010811548775964141 0.0013551782004595928 0.0017799525484213034 0.002392283621562424 0.0031819448576815897 0.004191529478218621 0.005479581826701937 0.007124422454066489 0.009229287905228097 0.011922562188456269 0.015342541062969676
0.0007995130786035745 0.0007995130786035745 0.0007995130786035745 0.0007995130786035745 0.0007995130786035745 0.0007995130786035745 0.0007995130786035745 0.0007995130786035745 0.0007995130786035745 0.0007995130786035745 0.0007995130786035745 0.0007995130786035745 0.0007995130786035745 0.0007995130786035745 0.0007995130786035745 0.0007995130786035745 0.0007995130786035745 0.0007995130786035745 0.0007995130786035745 0.0007995130786035745 0.0007995130786035745 0.0007995130786035745 0.0007995130786035745 0.0007995130786035745 0.0007995130786035745 0.0008007809709239678 0.000821054165503144 0.0008914777078668232 0.0010429314698563465 0.0013011132063304506 0.001713337034342118 0.002288255972456147 0.0030131133345433136 0.003918095953356525 0.005043031066664896 0.006444033806019671 0.00820287650178292 0.010438467972292241 0.013317378534482623 0.017053443841635894
0.0007995130786035745 0.0007995130786035745 0.0007995130786035745 0.0007995130786035745 0.0007995130786035745 0.0007995130786035745 0.0007995130786035745 0.0007995130786035745 0.0007995130786035745 0.0007995130786035745 0.0007995130786035745 0.0007995130786035745 0.0007995130786035745 0.0007995130786035745 0.0007995130786035745 0.0007995130786035745 0.0007995130786035745 0.0007995130786035745 0.0007995130786035745 0.0007995130786035745 0.0007995130786035745 0.0007995130786035745 0.0007995130786035745 0.0007995130786035745 0.0008037732888330991 0.0008350779302361075 0.0008959882449807021 0.0010257486161755406 0.0012636030949056652 0.001656559105732409 0.002200462240327365 0.002872638544137715 0.00368896448997561 0.004668399250589584 0.005838436041464765 0.007243952058579308 0.008960033995606291 0.011109345804320181 0.013884108712951116 0.01756908695078101
0.0007995130786035745 0.0007995130786035745 0.0007995130786035745 0.0007995130786035745 0.0007995130786035745 0.0007995130786035745 0.0007995130786035745 0.0007995130786035745 0.0007995130786035745 0.0007995130786035745 0.0007995130786035745 0.0007995130786035745 0.0007995130786035745 0.0007995130786035745 0.0007995130786035745 0.0007995130786035745 0.0007995130786035745 0.0007995130786035745 0.0007995130786035745 0.0007995130786035745 0.0007995130786035745 0.0007995130786035745 0.0007995130786035745 0.0008050009776319167 0.000843214513866374 0.000917089207672161 0.0010312323253334312 0.0012423341022258976 0.0016085274216425557 0.002131798710500431 0.002768774773637365 0.0035234936385866275 0.0043963499442456816 0.0053877693587571305 0.006505359891841195 0.007774767660327215 0.009254359674304147 0.0110546857621822 0.013365736951528859 0.016497499576932622
0.0007995130786035745 0.0007995130786035745 0.0007995130786035745 0.0007995130786035745 0.0007995130786035745 0.0007995130786035745 0.0007995130786035745 0.0007995130786035745 0.0007995130786035745 0.0007995130786035745 0.0007995130786035745 0.0007995130786035745 0.0007995130786035745 0.0007995130786035745 0.0007995130786035745 0.0007995130786035745 0.0007995130786035745 0.0007995130786035745 0.0007995130786035745 0.0007995130786035745 0.0007995130786035745 0.0007995130786035745 0.0008033413405523082 0.0008424667301455079 0.0009242727019485541 0.0010529034443229166 0.0012412114894401864 0.0015702232244195944 0.002078672948527238 0.002698091870085167 0.0034209415060976246 0.004233578514794979 0.005114307593424856 0.006039156991067478 0.006991774851239413 0.007976319897876269 0.009031752424078587 0.010247350882419664 0.011783164903948875 0.01390550442187568
0.0007995130786035745 0.0007995130786035745 0.0007995130786035745 0.0007995130786035745 0.0007995130786035745 0.0007995130786035745 0.0007995130786035745 0.0007995130786035745 0.0007995130786035745 0.0007995130786035745 0.0007995130786035745 0.0007995130786035745 0.0007995130786035745 0.0007995130786035745 0.0007995130786035745 0.0007995130786035745 0.0007995130786035745 0.0007995130786035745 0.0007995130786035745 0.0007995130786035745 0.0007995130786035745 0.0008003466691808818 0.000833098344335999 0.0009144355731422752 0.0010506870521393217 0.0012540831324723597 0.0015492973990417728 0.0020337182257395953 0.0026494284327942077 0.0033664862462528516 0.004162998437157659 0.00500140766554998 0.005832582721187628 0.0066057876581468635 0.007283312494398549 0.007855973484558389 0.008354808068998455 0.00885679655166958 0.009487993995702583 0.010433779566988353
0.0007995130786035745 0.0007995130786035745 0.0007995130786035745 0.0007995130786035745 0.0007995130786035745 0.0007995130786035745 0.0007995130786035745 0.0007995130786035745 0.0007995130786035745 0.0007995130786035745 0.0007995130786035745 0.0007995130786035745 0.0007995130786035745 0.0007995130786035745 0.0007995130786035745 0.0007995130786035745 0.0007995130786035745 0.0007995130786035745 0.0007995130786035745 0.0007995130786035745 0.0007995130786035745 0.0008185243023800103 0.0008901230732341612 0.0010218031788839378 0.001229097930741211 0.0015371944296817019 0.0019887714224136885 0.002608255253382834 0.0033372834752520082 0.004152438263382993 0.005008035677630324 0.005836960794714846 0.006559363833790268 0.007100006291496804 0.007410561333587663 0.007488484157189313 0.007383306180869794 0.007187119484483136 0.0070157221044211595 0.0069929030483452375
0.0007995130786035745 0.0007995130786035745 0.0007995130786035745 0.0007995130786035745 0.0007995130786035745 0.0007995130786035745 0.0007995130786035745 0.0007995130786035745 0.0007995130786035745 0.0007995130786035745 0.0007995130786035745 0.0007995130786035745 0.0007995130786035745 0.0007995130786035745 0.0007995130786035745 0.0007995130786035745 0.0007995130786035745 0.0007995130786035745 0.0007995130786035745 0.0007995130786035745 0.0008047380339178151 0.0008576148174872268 0.0009728413196354276 0.0011665115893246022 0.0014677363648507018 0.0019227784673255097 0.0025611930613153554 0.0033088567374714613 0.004162533816852212 0.005077814822135715 0.005979801963848015 0.0067669230120491475 0.0073271311577621095 0.007566808503612127 0.007444444790998347 0.0069929501147606606 0.0063149856963745695 0.005549973391787507 0.004830503214514551 0.0042517882430653945
0.0007995130786035745 0.0007995130786035745 0.0007995130786035745 0.0007995130786035745 0.0007995130786035745 0.0007995130786035745 0.0007995130786035745 0.0007995130786035745 0.0007995130786035745 0.0007995130786035745 0.0007995130786035745 0.0007995130786035745 0.0007995130786035745 0.0007995130786035745 0.0007995130786035745 0.0007995130786035745 0.0007995130786035745 0.0007995130786035745 0.0007995130786035745 0.0007995130786035745 0.0008255206489154307 0.0009144154690847532 0.0010797944911623129 0.0013500813346858753 0.0017744470849886341 0.0024327375874329082 0.0032618276862880183 0.004156155266054143 0.005149231163561919 0.0061718481261049925 0.0071151471785532204 0.007838548327918174 0.008196418470757291 0.00808354572145161 0.007485047950852142 0.006501500754803532 0.0053231269514043035 0.004158732078828478 0.0031623416973162338 0.0024011946534140028
0.0007995130786035745 0.0007995130786035745 0.0007995130786035745 0.0007995130786035745 0.0007995130786035745 0.0007995130786035745 0.0007995130786035745 0.0007995130786035745 0.0007995130786035745 0.0007995130786035745 0.0007995130786035745 0.0007995130786035745 0.0007995130786035745 0.0007995130786035745 0.0007995130786035745 0.0007995130786035745 0.0007995130786035745 0.0007995130786035745 0.0007995130786035745 0.0008035360094765477 0.0008584881356655125 0.0009856603990944545 0.0012084920610896412 0.0015718336846869832 0.002153604374126209 0.0030605070368041557 0.004105387316228024 0.005170738977271217 0.006323109168357019 0.00746947614125329 0.008463565663164993 0.009120988641108052 0.009258206464475581 0.00876005553616931 0.007653700071047841 0.006138384752135658 0.004524290829971153 0.0030996620312889827 0.00202940014174251 0.0013203424050843321
0.0007995130786035745 0.0007995130786035745 0.0007995130786035745 0.0007995130786035745 0.0007995130786035745 0.0007995130786035745 0.0007995130786035745 0.0007995130786035745 0.0007995130786035745 0.0007995130786035745 0.0007995130786035745 0.0007995130786035745 0.0007995130786035745 0.0007995130786035745 0.0007995130786035745 0.0007995130786035745 0.0007995130786035745 0.0007995130786035745 0.0007995130786035745 0.0008165440115221681 0.0008998320439549392 0.0010673144838671807 0.0013543372975663341 0.0018268244471259687 0.002601813702498004 0.003777131186075178 0.005087674941006576 0.006368914765535056 0.007705951096570858 0.009004649098366853 0.010080666393707497 0.010701184938199196 0.010634480200121829 0.009743554641081585 0.008097892424271832 0.006021470958499159 0.00399136050604495 0.002410429359484697 0.0013609445729088206 0.0007470153800567792
0.0007995130786035745 0.0007995130786035745 0.0007995130786035745 0.0007995130786035745 0.0007995130786035745 0.0007995130786035745 0.0007995130786035745 0.0007995130786035745 0.0007995130786035745 0.0007995130786035745 0.0007995130786035745 0.0007995130786035745 0.0007995130786035745 0.0007995130786035745 0.0007995130786035745 0.0007995130786035745 0.0007995130786035745 0.0007995130786035745 0.0007995201883932831 0.0008350474922828906 0.0009455243353909821 0.0011541271848187213 0.0015097840465466336 0.002103854254374841 0.0031030009391657025 0.004559286435129084 0.0061854511321535206 0.007755602772528196 0.00930493369536356 0.01079548526986937 0.012010069990932197 0.012666809391533182 0.012470431722892689 0.011227783373030232 0.00901570844477812 0.0063328017356857206 0.003878509327955811 0.002070824016466087 0.0009902747829429372 0.00044678992594359676
0.0007995130786035745 0.0007995130786035745 0.0007995130786035745 0.0007995130786035745 0.0007995130786035745 0.0007995130786035745 0.0007995130786035745 0.0007995130786035745 0.0007995130786035745 0.0007995130786035745 0.0007995130786035745 0.0007995130786035745 0.0007995130786035745 0.0007995130786035745 0.0007995130786035745 0.0007995130786035745 0.0007995130786035745 0.0007995130786035745 0.000801773118705821 0.0008556638959501266 0.0009912045723112107 0.0012395374747209132 0.0016640315231534794 0.0023843079047467775 0.0036217582481213014 0.005363277109669488 0.007344808436576781 0.009306889630217537 0.011096939245976043 0.012819218124888364 0.014246812167630782 0.015061340650196086 0.014896502063790134 0.01345062810997435 0.010832485243758391 0.007558047432515952 0.004368264543354258 0.0020616715592222637 0.0008212498364975519 0.0002961971974385261
0.0007995130786035745 0.0007995130786035745 0.0007995130786035745 0.0007995130786035745 0.0007995130786035745 0.0007995130786035745 0.0007995179181236357 0.0007997400012178136 0.0007999868013335221 0.000800008647755771 0.0007997869590567829 0.0007995348442627249 0.0007995130786035745 0.0007995130786035745 0.0007995130786035745 0.0007995130786035745 0.0007995130786035745 0.0007995130786035745 0.000806305933235511 0.0008752525165284391 0.0010323326113142524 0.0013160307781272947 0.0018036044960585015 0.0026428014020323343 0.004100899534000728 0.006124110310187165 0.008475527573545596 0.010883370012663226 0.013011884346106596 0.014980956428930424 0.016681397462045982 0.017802779610480414 0.01800237757956725 0.016984921162463563 0.014587768833622868 0.010590776834013963 0.005947570105403032 0.002478491666883561 0.000807463754603665 0.00022752331595246526
0.0007995130786035745 0.0007995130786035745 0.0007995130786035745 0.0008009005934607724 0.0008043021703360702 0.0008085770893881451 0.0008127523600568546 0.0008160494950084109 0.0008179170228725723 0.0008180594157560293 0.0008164545533252217 0.0008133550842666407 0.0008092733256175386 0.0008049537041254573 0.0008013401989229948 0.0007995481828781241 0.0007995130786035745 0.0007995130786035745 0.0008109750713201145 0.0008910457948934329 0.0010645778284067136 0.0013759713251787376 0.0019140083473985843 0.0028503721142739214 0.0044887471678650296 0.006761177582166388 0.009456115750938415 0.012302404708944696 0.01491094751483761 0.01709381549736987 0.019123351335528477 0.02080960738138439 0.02191013341133538 0.022443042766427095 0.02145258787825467 0.01740689594891224 0.010045824367666045 0.003660262046917595 0.0009565881236335795 0.00021183240571243927
0.0007996168336122366 0.0008031917600768638 0.00081070682389588 0.0008206675308327359 0.0008316659465128415 0.0008423933799356427 0.0008516819477454928 0.0008585643996641752 0.0008623387920805984 0.0008626234851526167 0.0008593897631157111 0.000852964364329802 0.0008440013170174249 0.0008334297578580703 0.0008223898373173519 0.0008121711626345383 0.0008041675230131941 0.0007998590068534706 0.0008142068142774948 0.0009008713173937607 0.0010843596603432122 0.001412779867098474 0.001982271493841955 0.0029800515684123793 0.004736589000901083 0.007191914552894615 0.01015380180507879 0.013360494065452463 0.01643081703363303 0.019060274974426465 0.021446233318710043 0.023691635008835032 0.026263400231608502 0.02911689966958069 0.03156654217579587 0.03147455917295984 0.021395786008914678 0.006307770463235947 0.0013097376860464968 0.00024586984068645254
0.0008117262461796362 0.0008262628614379924 0.0008442660659142637 0.0008640985834362835 0.0008841108030532 0.0009026827454236615 0.0009183055717391015 0.0009296894141968249 0.0009358775073042155 0.000936342861960413 0.0009310456391785102 0.0009204376029726271 0.0009054125761247388 0.0008872147190847803 0.0008673255653766221 0.0008473536915110611 0.000828947925666667 0.000813748476015676 0.0008190132718192631 0.0009033868056543677 0.0010893963522919628 0.0014221588861203234 0.001999722673899237 0.0030133651050287843 0.0048081525805237545 0.007351043345002976 0.01045723536225995 0.013893630413205177 0.01742347414819388 0.02067220687390444 0.0232983994216907 0.026111618571316744 0.029821153557651515 0.034396716128377434 0.03967918843049929 0.04520039471286248 0.04267741890861361 0.009372403507227678 0.0018198431934307747 0.0003453480218012853
