_RESULTS/CROSS_VALIDATION_POSTPROCESSED_80-20/Berg/GZ/4comp/1/Berg_GZ_z_500_kriged_reverse_4comp_spherical_1.asc
ncols 100
nrows 90
xllcorner 5.6208707817415728
yllcorner 50.959635321741573
cellsize 0.00013419651685393446
nodata_value 1.7014100000000001E+038
[rows 0 to 17 of 90, columns 0 to 41 of 100]
0.04131728702865293 0.04131728702865293 0.04131728702865293 0.04131728702865293 0.04131728702865293 0.04131728702865293 0.04131728702865293 0.04131728702865293 0.04131728702865293 0.04131728702865293 0.04131728702865293 0.04131728702865293 0.04131728702865293 0.04131728702865293 0.04131728702865293 0.04131728702865293 0.04131728702865293 0.04131728702865293 0.04131728702865293 0.04131728702865293 0.04131728702865293 0.04131728702865293 0.04131728702865293 0.04131728702865293 0.04131728702865293 0.04131728702865293 0.04131728702865293 0.04143458128182645 0.042239150641275036 0.043853010154419676 0.04632925266543674 0.049697390803842695 0.05401151573134736 0.05934453253405731 0.06580851993656207 0.0734906173822182 0.08244070880213748 0.09265081818188764 0.10400888799540237 0.1162352226639772 0.12880531313959767 0.1408803915083809
0.04131728702865293 0.04131728702865293 0.04131728702865293 0.04131728702865293 0.04131728702865293 0.04131728702865293 0.04131728702865293 0.04131728702865293 0.04131728702865293 0.04131728702865293 0.04131728702865293 0.04131728702865293 0.04131728702865293 0.04131728702865293 0.04131728702865293 0.04131728702865293 0.04131728702865293 0.04131728702865293 0.04131728702865293 0.04131728702865293 0.04131728702865293 0.04131728702865293 0.04131728702865293 0.04131728702865293 0.04131728702865293 0.04131728702865293 0.04131728702865293 0.04164786797743367 0.042888804408404015 0.04503680027723773 0.04811735484883875 0.05219025352175659 0.057361690317772336 0.06378360592462348 0.07158957671886716 0.08091485034464144 0.09187601654725243 0.10453601119526157 0.11884745788046111 0.13456373200145702 0.15110867595624164 0.16741363742069115
0.04131728702865293 0.04131728702865293 0.04131728702865293 0.04131728702865293 0.04131728702865293 0.04131728702865293 0.04131728702865293 0.04131728702865293 0.04131728702865293 0.04131728702865293 0.04131728702865293 0.04131728702865293 0.04131728702865293 0.04131728702865293 0.04131728702865293 0.04131728702865293 0.04131728702865293 0.04131728702865293 0.04131728702865293 0.04131728702865293 0.04131728702865293 0.04131728702865293 0.04131728702865293 0.04131728702865293 0.04131728702865293 0.041327238506221664 0.041485111063038 0.04225611818685145 0.04398263345488139 0.04667522764378468 0.050387916143348005 0.055248355544043344 0.06141988929668758 0.06906918942981667 0.07838887765420882 0.08958683246319735 0.10286772320893665 0.11840021793595815 0.1362582748744952 0.15631631565385068 0.17806590011593398 0.2003153978633492
0.04131728702865293 0.04131728702865293 0.04131728702865293 0.04131728702865293 0.04131728702865293 0.04131728702865293 0.04131728702865293 0.04131728702865293 0.04131728702865293 0.04131728702865293 0.04131728702865293 0.04131728702865293 0.04131728702865293 0.04131728702865293 0.04131728702865293 0.04131728702865293 0.04131728702865293 0.04131728702865293 0.04131728702865293 0.04131728702865293 0.04131728702865293 0.04131728702865293 0.04131728702865293 0.04131728702865293 0.041350671492345885 0.041591456317428534 0.04204933229848751 0.0432576459425823 0.045468693535100885 0.048719650764036344 0.05313765507333121 0.0588882684663764 0.06615113844772694 0.0751468564601288 0.08613299963454892 0.09939756903959958 0.1152468736485911 0.133982207829075 0.15585373258414373 0.18096702518253427 0.20908950141219498 0.23924513607524572
0.04131728702865293 0.04131728702865293 0.04131728702865293 0.04131728702865293 0.04131728702865293 0.04131728702865293 0.04131728702865293 0.04131728702865293 0.04131728702865293 0.04131728702865293 0.04131728702865293 0.04131728702865293 0.04131728702865293 0.04131728702865293 0.04131728702865293 0.04131728702865293 0.04131728702865293 0.04131728702865293 0.04131728702865293 0.04131728702865293 0.04131728702865293 0.04131728702865293 0.04131728702865293 0.041360264043401 0.041652776926470125 0.0421875501758139 0.042970690465338475 0.044604850377935115 0.04730197764141019 0.05116625022317876 0.056361977907248256 0.06306487878018316 0.07150046670307295 0.0819422583753551 0.09470992060082693 0.11016663686471272 0.12871454969952056 0.15078561207671773 0.1768211896269495 0.2072237018358485 0.2422365991048035 0.2816281903144163
0.04131728702865293 0.04131728702865293 0.04131728702865293 0.04131728702865293 0.04131728702865293 0.04131728702865293 0.04131728702865293 0.04131728702865293 0.04131728702865293 0.04131728702865293 0.04131728702865293 0.04131728702865293 0.04131728702865293 0.04131728702865293 0.04131728702865293 0.04131728702865293 0.04131728702865293 0.04131728702865293 0.04131728702865293 0.04131728702865293 0.04131728702865293 0.04131728702865293 0.04134729348829493 0.04164716245351017 0.04223756704237532 0.04308132602245096 0.044205503454287476 0.0462562983221303 0.049468905983568165 0.05400177440559735 0.06001613110486081 0.06772689810228799 0.07740234167288568 0.08936173095962086 0.1039731282092555 0.12165171579073207 0.14285947929125237 0.16810691985368834 0.1979563730719177 0.23302375206255693 0.2739686153205522 0.3214404840177738
0.04131728702865293 0.04131728702865293 0.04131728702865293 0.04131728702865293 0.04131728702865293 0.04131728702865293 0.04131728702865293 0.04131728702865293 0.04131728702865293 0.04131728702865293 0.04131728702865293 0.04131728702865293 0.04131728702865293 0.04131728702865293 0.04131728702865293 0.04131728702865293 0.04131728702865293 0.04131728702865293 0.04131728702865293 0.04131728702865293 0.04131728702865293 0.041323831259008174 0.041576460237642415 0.0421689889492782 0.04306755238188166 0.04423909793695559 0.045715747984949685 0.048183963745058934 0.05195769662016919 0.057182351125392814 0.06405148975901835 0.07281659400165513 0.08378194429346571 0.09729846002454953 0.11375661609036974 0.13357973456851335 0.15721974356627116 0.18515728702607298 0.21790643012809513 0.2560208963869948 0.300092281152058 0.3507116554384736
0.04131728702865293 0.04131728702865293 0.04131728702865293 0.04131728702865293 0.04131728702865293 0.04131728702865293 0.04131728702865293 0.04131728702865293 0.04131728702865293 0.04131728702865293 0.04131728702865293 0.04131728702865293 0.04131728702865293 0.04131728702865293 0.04131728702865293 0.04131728702865293 0.04131728702865293 0.04131728702865293 0.04131728702865293 0.04131728702865293 0.04131728702865293 0.041465110406867844 0.041996756145426646 0.042885748050935854 0.0441043399875458 0.04562457785817551 0.047466432924831166 0.050380967568167546 0.05472470079260672 0.06065971644161755 0.06841312671002499 0.07826906402313494 0.09055803787286429 0.10564228501715904 0.12389749085811473 0.14569315200172453 0.17137458295890295 0.201247240373064 0.23555681742396267 0.2744438306445303 0.31781879272234503 0.3650097034032723
0.04131728702865293 0.04131728702865293 0.04131728702865293 0.04131728702865293 0.04131728702865293 0.04131728702865293 0.04131728702865293 0.04131728702865293 0.04131728702865293 0.04131728702865293 0.04131728702865293 0.04131728702865293 0.04131728702865293 0.04131728702865293 0.04131728702865293 0.04131728702865293 0.04131728702865293 0.04131728702865293 0.04131728702865293 0.04131728702865293 0.04135821058313764 0.041760075980822146 0.042567289525515306 0.04375621254345027 0.04530625426544289 0.04719598246016805 0.049441484216202175 0.05280688624065038 0.05772116449602219 0.06437789263473546 0.07303683974931241 0.08401073784706337 0.09764515491647507 0.11428935811570262 0.13425917445955757 0.1577965742338659 0.185031963115543 0.21594954004507425 0.2503407130306064 0.2877052961151364 0.327020829400751 0.36622773842680967
0.04131728702865293 0.04131728702865293 0.04131728702865293 0.04131728702865293 0.04131728702865293 0.04131728702865293 0.04131728702865293 0.04131728702865293 0.04131728702865293 0.04131728702865293 0.04131728702865293 0.04131728702865293 0.04131728702865293 0.04131728702865293 0.04131728702865293 0.04131728702865293 0.04131728702865293 0.04131728702865293 0.04131728702865293 0.04131728702865293 0.04151877389873812 0.04216884815313248 0.043246495858509836 0.044736408205418216 0.046626437278011724 0.04890349568277436 0.05161607480686709 0.05541414274104732 0.06088992260660297 0.06826914517083629 0.07784459339424325 0.0899552494111358 0.10495203898278371 0.12314675239556386 0.14474687181837678 0.16978766979029472 0.19807743429046137 0.2291618433944165 0.26228648947971306 0.2963059604853436 0.32936031361501955 0.3584948083328163
0.04131728702865293 0.04131728702865293 0.04131728702865293 0.04131728702865293 0.04131728702865293 0.04131728702865293 0.04131728702865293 0.04131728702865293 0.04131728702865293 0.04131728702865293 0.04131728702865293 0.04131728702865293 0.04131728702865293 0.04131728702865293 0.04131728702865293 0.04131728702865293 0.04131728702865293 0.04131728702865293 0.04131728702865293 0.041348816067094514 0.041766533621612416 0.04265196730041939 0.04399142947663914 0.04577875727096493 0.04801163293541111 0.050696472918610826 0.05393379117415388 0.058148079577935205 0.06416197784999973 0.07224890376272153 0.08273740856401794 0.09599459728804836 0.11237275096832994 0.13212681182550723 0.15530851547078983 0.18166340383898938 0.21057178632362716 0.2410568872890865 0.2716238434161183 0.300305057642898 0.3251383677882178 0.3437046828797815
0.04131728702865293 0.04131728702865293 0.04131728702865293 0.04131728702865293 0.04131728702865293 0.04131728702865293 0.04131728702865293 0.04131728702865293 0.04131728702865293 0.04131728702865293 0.04131728702865293 0.04131728702865293 0.04131728702865293 0.04131728702865293 0.04131728702865293 0.04131728702865293 0.04131728702865293 0.04131728702865293 0.04131728702865293 0.041449850055571426 0.04206601176129713 0.04317028347118333 0.04475774793998214 0.04683204677232953 0.04940194714333913 0.05251075766672438 0.056286132703242925 0.06094543722956168 0.06745340405356143 0.0762098969746523 0.08758524848264009 0.10198364880119865 0.11976635497177636 0.14112553314779966 0.16591647237426024 0.1935022447660591 0.2226444451279562 0.25122897451217985 0.27737864197143697 0.29940677183775416 0.3156897365343982 0.3245912484962837
0.04131728702865293 0.04131728702865293 0.04131728702865293 0.04131728702865293 0.04131728702865293 0.04131728702865293 0.04131728702865293 0.04131728702865293 0.04131728702865293 0.04131728702865293 0.04131728702865293 0.04131728702865293 0.04131728702865293 0.04131728702865293 0.04131728702865293 0.04131728702865293 0.04131728702865293 0.04131728702865293 0.04131734286976665 0.041591225968749104 0.04238361766857074 0.04368544164753398 0.04550045513058769 0.04784238783746223 0.05073190953134039 0.054260125322599405 0.05856447663693179 0.06373440553143697 0.07066372314459045 0.08001687079063091 0.09221485559557084 0.10771707422066151 0.1269205193988786 0.1499765897993585 0.1765234142123221 0.20521028372142047 0.23349653687236038 0.2590443540223338 0.27993485248014066 0.294785553826662 0.3027085214121832 0.30307646086805673
0.04131728702865293 0.04131728702865293 0.04131728702865293 0.04131728702865293 0.04131728702865293 0.04131728702865293 0.04131728702865293 0.04131728702865293 0.04131728702865293 0.04131728702865293 0.04131728702865293 0.04131728702865293 0.04131728702865293 0.04131728702865293 0.04131728702865293 0.04131728702865293 0.04131728702865293 0.04131728702865293 0.04133501633428151 0.04174562983488391 0.042688298881437124 0.0441609278477264 0.04617541282229814 0.048755261902477455 0.05193400208205397 0.05585122941304066 0.06064791791613774 0.06641839383823996 0.07367781242269059 0.08350509769331624 0.09639955473586743 0.11290133427188942 0.13349511702941383 0.1583841213023164 0.18704096203846235 0.2171168019542177 0.24529566997211083 0.2681291466408079 0.28354643818322306 0.2910997301989582 0.29110497267450053 0.28396208586601973
0.04131728702865293 0.04131728702865293 0.04131728702865293 0.04131728702865293 0.04131728702865293 0.04131728702865293 0.041317417617688354 0.04132340987441066 0.04133006811235263 0.04133065744344672 0.04132467679102834 0.04131787434764124 0.04131728702865293 0.04131728702865293 0.04131728702865293 0.04131728702865293 0.04131728702865293 0.04131728702865293 0.04137044663672295 0.04188942128229624 0.04295252612737055 0.044563574803713465 0.046741526288890944 0.04951859539379909 0.05294310696268941 0.0571897077505753 0.062409618451343324 0.06873155625659061 0.07637409485116578 0.0864881042166461 0.09986037777099423 0.11718282974739441 0.13955379728553158 0.16728142907963506 0.1991433125825981 0.2322747835247715 0.26127550164339564 0.2808104028193666 0.28948025582443465 0.28901548475396677 0.28142392258004967 0.2679616844202945
0.04131728702865293 0.04131728702865293 0.04131728702865293 0.04135471207646685 0.04144633072022433 0.041561209412414875 0.041673129885158304 0.04176131702752156 0.04181119136525363 0.04181499188174638 0.04177213918264895 0.041689263484634205 0.04157989160718051 0.04146385805481424 0.041366562953575756 0.041318234269649486 0.04131728702865293 0.04131728702865293 0.041406765167285954 0.04200336572419165 0.04315346969441498 0.04486534483523041 0.04716337205839278 0.05008657809072463 0.053695911638852 0.05818879316569081 0.06372930908492158 0.07047572907798966 0.07861594536280962 0.08878140279388919 0.10264569801246533 0.12138953742602016 0.1459117856506501 0.1763692774381222 0.2124121701712828 0.2508332785403383 0.28230461785779704 0.29673912358150784 0.29605288283328257 0.28656273944454685 0.2718196823092406 0.2534117015208673
0.041320086658579155 0.041416443176623075 0.04161833262808451 0.04188454744600064 0.04217670547049291 0.04245988819865188 0.04270369583954029 0.04288352712404818 0.042981854995774435 0.042989263256763326 0.04290504657992307 0.04273725665326766 0.04250218535246336 0.04222338618949426 0.041930421452967145 0.04165756708376175 0.041442707637371554 0.04132662056231998 0.041431798641163205 0.042073387208933444 0.04327418638403826 0.045045134140775114 0.04741390036991898 0.050423694982543135 0.05414249333873 0.05877925081729767 0.06450872692191358 0.07150819202282493 0.0800373352480025 0.09090863261587227 0.10560672115195138 0.12553732088366656 0.15131470393783322 0.18385027451126604 0.2239627414911459 0.2705385856991966 0.3094740108991847 0.3127348411917689 0.29915645053559736 0.28077266459647754 0.26003543901933757 0.23794039168564732
0.04164564989212801 0.04203341254870596 0.042509145931918346 0.0430276294141318 0.043545066078499395 0.04402026748824575 0.044416395427102254 0.044703011717200036 0.04485810715589574 0.04486975069995101 0.0447370457026788 0.044470203520375985 0.04408971965210104 0.04362481655821489 0.04311145149747736 0.042590246423957534 0.04210467789746293 0.041699790627769726 0.04154307276063446 0.04209121122959497 0.04330462169288672 0.04509030492631582 0.047476761194077906 0.050508266571077515 0.05425262359677941 0.0589186310074949 0.06468669072741304 0.07181719079168768 0.08113205846759278 0.09316917019640475 0.10860234590529927 0.12888993360846587 0.15482682589150332 0.18755091254611383 0.22825547023274567 0.27796161145646536 0.32941342832112985 0.3141024233087885 0.2923318011454632 0.2690506398670864 0.24478288158047645 0.21994310428287578
