_KRIGING/CROSS_VALIDATION_CLASSIC/Berg/GZ/train_4/Berg_GZ_4_train_z_500.asc
ncols 100
nrows 90
xllcorner  5.6208707817415728
yllcorner 50.959635321741573
cellsize 0.00013419651685393446
nodata_value 1.7014100000000001E+038
[rows 40 to 59 of 90, columns 44 to 87 of 100]
0.319081477190442 0.297370555000448 0.27447483120733 0.251121415904224 0.227959487834705 0.205525742435267 0.18422558676295 0.164330049144363 0.145986334416121 0.129238424028595 0.114053291698263 0.100348245863561 0.0880155513444518 0.0769416422721592 0.067019661437263 0.0581554704238927 0.0502684223201234 0.043288898348501 0.0371548036437834 0.031808922446177 0.027198367015364 0.0232764966231251 0.0200068337764161 0.0173678458674821 0.0153571196143835 0.0139934856864124 0.0133160243168129 0.0133795030796177 0.014246524387082 0.0159773387044706 0.0186187748521723 0.0221939602297084 0.0266944192529808 0.0320757758590233 0.0382577233996315 0.0451282709631838 0.0525516451420177 0.0603787224942982 0.06845856202729 0.0766495313805033 0.0848286675751107 0.0928982420774907 0.10078894635188 0.108459603578492
0.300256187238128 0.281927774079221 0.262206046359878 0.241687224406257 0.220914837938703 0.20035127486138 0.180362294766903 0.161214355777799 0.143082860771313 0.12606814628405 0.11021538696277 0.0955346242720162 0.0820177823082213 0.0696506349394732 0.0584189996330422 0.0483096972473673 0.0393078053040511 0.0313922851906659 0.0245321160168868 0.0186846548192771 0.0137971876364333 0.0098117205530487 0.00667218581927759 0.00433258625741603 0.00276429642996265 0.00196082921093296 0.0019388268526272 0.00273474116965974 0.00439747762194354 0.00697803002909286 0.0105176842797397 0.0150366258193647 0.0205247141464666 0.0269358186185621 0.03418652613904 0.0421593469146212 0.0507098809654833 0.0596768715956026 0.0688937364574575 0.0782000650434599 0.087451695167967 0.0965282879737809 0.10533774645571 0.113817292549681
0.280517668064919 0.265386749149662 0.248688298252623 0.230898445601287 0.212463212068369 0.193775562024448 0.175162961895567 0.156885181169718 0.139140588136374 0.122078128764909 0.10581168434687 0.0904336251020258 0.0760250453361513 0.0626612193436482 0.0504120338452265 0.0393382928130693 0.0294856423559172 0.0208782813428219 0.0135145528458153 0.00736599485133449 0.00238059367414481 -0.00150998548973746 -0.00438031673014314 -0.00630005748075799 -0.00732377485228969 -0.00748367372766403 -0.00678663329734339 -0.00521618228132384 -0.00273916132902635 0.000683995585227803 0.0050870322612708 0.0104856565247294 0.0168672494099682 0.0241840362060229 0.0323506615228707 0.0412464044534672 0.0507215804448027 0.0606071132654899 0.0707258993702627 0.0809044615011861 0.0909834899324321 0.100826155426529 0.110323482775107 0.119396524602839
0.260659586960844 0.248513484788694 0.234656505643844 0.219457359115674 0.203274540617242 0.186438169876137 0.169240210335149 0.151932710464094 0.134732443807827 0.117829447441167 0.101396600216696 0.0855975770150651 0.070591196101277 0.0565311902778828 0.0435615696957654 0.0318087803673482 0.0213726001385462 0.0123180193310373 0.00467018034254388 -0.00158615254723216 -0.00650202409396014 -0.01015506587217 -0.0126369920635875 -0.0140398392426559 -0.0144432391302274 -0.0139048429888384 -0.0124554569067313 -0.010099616080802 -0.00682138749470004 -0.00259432030964085 0.00260618491488848 0.00879014119212872 0.015941892000784 0.0240123356685574 0.0329155118531138 0.0425298864835731 0.0527039649464801 0.0632652804928265 0.074031423306848 0.0848216295837788 0.0954675307781965 0.105821927910181 0.115764839820243 0.125206505451607
0.241359106492083 0.231970903609654 0.220756329800311 0.207990400245557 0.19395517728637 0.178925602527349 0.163161915193825 0.146908225176331 0.130395727897575 0.113848325127964 0.0974881675977851 0.0815388886844557 0.0662249873402762 0.0517667966946563 0.0383715447017415 0.0262219631017116 0.015464545393392 0.00619976945162942 -0.00152365342039487 -0.00770911151778578 -0.0124065702540174 -0.0157018075188802 -0.017701965247415 -0.0185196355487497 -0.018257954094337 -0.0169989824580494 -0.0147970712074739 -0.011678027190857 -0.0076439293055163 -0.00268252696758015 0.00322052884170293 0.010068725875735 0.0178430924770924 0.0264937020639632 0.0359354253591114 0.0460483553567859 0.0566826161203991 0.0676666722250277 0.0788178594817972 0.0899536943098063 0.100902580673663 0.111512777433872 0.121658851556526 0.131245253277672
0.223163162482034 0.216301626051463 0.207523685907322 0.197024706901425 0.185021834893799 0.171743003892222 0.157421048659434 0.142292446697804 0.126599279778444 0.110592404840443 0.0945336612362784 0.078695237398772 0.0633550100505408 0.0487876137233426 0.0352520100284715 0.0229772043615213 0.0121483274460775 0.00289544434432651 -0.00471285983944911 -0.0106697856631805 -0.0150241727252961 -0.0178686305247599 -0.0193236342360344 -0.0195199369886311 -0.0185819016362361 -0.0166141548493721 -0.0136933619121012 -0.0098660330831952 -0.00515227047526762 0.000445570695343955 0.00693104277592563 0.0143007032867114 0.0225322733197213 0.0315756502563344 0.0413479864532102 0.0517333341359289 0.0625866458301394 0.0737413226140179 0.0850190979773976 0.0962408683957358 0.107237125574062 0.117856868408295 0.127974212938008 0.137492307300677
0.206487803887022 0.201923640159617 0.195376811381461 0.186976764325364 0.176887072355064 0.165296815748247 0.152415875240979 0.138473648691815 0.123719882626673 0.108425803639819 0.0928836336587421 0.0774028955088523 0.062302597876739 0.0478992988086736 0.034492006060203 0.0223456906210871 0.0116757005803046 0.00263545689751296 -0.00469053982635603 -0.0102871063858445 -0.0142018964237514 -0.0165328420789373 -0.0174112781318345 -0.016983174046589 -0.0153911513978909 -0.0127597649293888 -0.00918592151977121 -0.0047354225108481 0.0005543916936529 0.00666686016542348 0.0135947729905536 0.0213277834388499 0.0298405796337004 0.0390836280379804 0.0489777418466193 0.0594130350348544 0.0702521252523285 0.0813368578442165 0.092497417028609 0.103562504143601 0.114369290646245 0.12477205567902 0.134648734691561 0.143904970767714
0.191627151788279 0.189135919024704 0.184618474860494 0.178151268385268 0.169854988108478 0.159887567727874 0.148440170055738 0.13573567555399 0.122028471705724 0.107603900433885 0.0927756601250925 0.0778797916943212 0.0632645438797741 0.049276285248483 0.0362425399474818 0.0244539902641836 0.0141477538704728 0.00549430368732318 -0.0014099743400296 -0.00654334094437492 -0.0099521366626128 -0.011737917119423 -0.0120400713328904 -0.0110163647962423 -0.00882410356246408 -0.00560442550217225 -0.00147163504788705 0.00349137544352918 0.00923156803228625 0.0157189531292132 0.0229361496227226 0.0308663357806807 0.0394816679971702 0.0487339655585093 0.0585489306761999 0.0688245094206163 0.0794333248894398 0.0902285378658642 0.10105208875182 0.111744083039228 0.122152095981198 0.132139353215665 0.141591036000124 0.150418299563879
0.178768207979494 0.178130605137181 0.175445371213478 0.170747702574541 0.16412507543338 0.155711213414729 0.145682320776267 0.134255152651765 0.121685828444154 0.108267901432218 0.0943281584671648 0.0802189523236766 0.0663065083628424 0.0529554770909424 0.0405108646098776 0.0292791923752076 0.0195111663403076 0.0113881750691332 0.00501456031688985 0.000416864464971051 -0.00244971989667309 -0.00368852121750982 -0.00344393566562004 -0.00188175399271442 0.000830069873373362 0.00453772148355241 0.00911297671411031 0.0144587199320718 0.0205084123761599 0.0272203090864416 0.0345679396154742 0.0425287825995561 0.0510731358742842 0.0601549352741154 0.0697057830098583 0.0796328201439057 0.0898204356421677 0.100135251317654 0.110433431517782 0.120569173441498 0.130403234796662 0.139810515628033 0.148685977235479 0.156948494030226
0.168008028004173 0.169008513932568 0.167961734214968 0.164871970348795 0.15980191029982 0.152867019952182 0.1442316547397 0.13410655197444 0.122746726128812 0.110448424707678 0.0975437690031092 0.084392015774319 0.0713669790818123 0.0588409337024693 0.0471661315601028 0.0366557383649447 0.0275663972799159 0.0200846563497295 0.0143191310693266 0.0102995621404641 0.00798298755614299 0.00726623976566293 0.0080030796925292 0.0100236472762019 0.0131536506275551 0.0172308704451777 0.0221170848222248 0.0277043175310716 0.0339152321792879 0.040698373818573 0.0480196551777069 0.0558518968968343 0.0641643189359819 0.0729136635630946 0.082038179639553 0.0914551157942837 0.101061767995681 0.110739603906474 0.120360612607125 0.129794837623359 0.138918041318426 0.147618588187488 0.155802874142734 0.163398913615253
0.159370499986806 0.16179526904251 0.162194591093655 0.160550650769436 0.156908406296934 0.151369925656946 0.144090089894593 0.135273391898596 0.125170974446902 0.114076701997133 0.102321021083385 0.0902616486173426 0.0782706865748522 0.0667184906268296 0.0559553775666944 0.0462928895724456 0.0379867086077688 0.031223342818953 0.0261123634849884 0.0226853011128694 0.0209014210474696 0.0206596442622836 0.0218150240501076 0.024197582772387 0.0276310570449184 0.0319492317547439 0.0370080290521286 0.0426922615026046 0.0489168210018565 0.0556229057235452 0.0627705512482069 0.0703291343204687 0.0782676181556238 0.0865461234108374 0.095110003043956 0.103887066659494 0.112788043923456 0.121709889427784 0.130541179118495 0.139168663499212 0.1474840241789 0.155389999815132 0.162805260255006 0.16966766344268
0.152820932299997 0.156456186926358 0.158108725847222 0.157745922683427 0.15540068275997 0.151165428073076 0.145187196604342 0.13766368423349 0.128839497880277 0.119001545518217 0.10847243425232 0.0976009970731006 0.0867495776357373 0.0762783735929822 0.066527840903562 0.0578007519808631 0.0503458541353144 0.0443451076079411 0.0399061696847966 0.0370611733744612 0.0357720253395538 0.0359415583311512 0.0374290724404785 0.040068225545076 0.0436849826046858 0.0481134420058216 0.0532077953122357 0.0588493569829039 0.0649483964573148 0.0714412771739119 0.078284030387031 0.0854438773729444 0.0928903229153991 0.100587289168199 0.108487399468331 0.116529041935471 0.124636337069147 0.132721686725583 0.140690255039649 0.148445555696686 0.155895294495707 0.162956716629692 0.169560894331716 0.175655617146474
0.148277646357404 0.152908895819841 0.155620150823073 0.15636979470246 0.155183040390155 0.152145368390999 0.147396917572316 0.141127762244613 0.133573469257118 0.12500998698989 0.115746843683932 0.106117842027235 0.0964688907536876 0.0871432236375218 0.0784649002915456 0.0707220300273464 0.0641514930979627 0.0589269741655742 0.055151846120241 0.0528578837915359 0.0520100363853408 0.052516672184635 0.0542439701788263 0.057032598152964 0.0607145746273267 0.0651282975626009 0.0701301107502586 0.0756013910912399 0.0814508624645229 0.0876125481488053 0.0940403494697328 0.100700601738459 0.10756407273361 0.114598744289344 0.12176440439045 0.129009651834278 0.136271462781967 0.143477064981971 0.150547566944693 0.157402624398801 0.163965395986239 0.170167122967427 0.175950828230619 0.181273827804823
0.145620627628775 0.151033449765994 0.154607571184422 0.156296865196236 0.156122022315831 0.15416335569797 0.150554464013667 0.145476789114847 0.139154584065539 0.131849464479394 0.123853619593588 0.115480926810763 0.107055610079796 0.0988986283727633 0.0913125648939357 0.0845662898915266 0.0788809825678264 0.0744191472576815 0.0712780213948596 0.0694882779980852 0.0690182532121539 0.0697831942366236 0.0716583519332813 0.0744942509751326 0.0781322402633391 0.0824184903856895 0.0872149422641184 0.0924062531561039 0.097902431518777 0.103637487889198 0.109564952084153 0.115651443464967 0.121869596298815 0.128191544010677 0.134583897909776 0.141004784785467 0.147403108631348 0.153719842897215 0.159890891247654 0.165850902960639 0.171537395628389 0.176894604578282 0.181876614602111 0.186449499851092
0.144697896544729 0.150680277652475 0.154921867168219 0.157375330166384 0.158058979683269 0.157048959261211 0.154472232635337 0.150500514499313 0.145344773007405 0.139249591900796 0.132486562103595 0.125345997982896 0.118126612733325 0.111123268956579 0.104613444468918 0.098843510203244 0.094016208715763 0.0902807805899352 0.0877269881105385 0.0863838560746326 0.0862233582162726 0.0871686255623514 0.0891056531719239 0.0918970373672183 0.0953960604610092 0.0994594848687022 0.103957706553251 0.108781389657823 0.113844271347327 0.119082388831407 0.124450448254543 0.129916361288993 0.135455088224049 0.14104285140737 0.146652557060577 0.152250944664873 0.157797636667881 0.163245947038196 0.168545069564667 0.17364312934049 0.178490545959352 0.183043209464519 0.187265083702694 0.191129995986891
0.145330573054935 0.151676639878008 0.15639396406904 0.159436307077889 0.160820910513485 0.160620141950445 0.158953925589145 0.155983176152772 0.151903971796589 0.146941861490966 0.14134556536713 0.135379412215592 0.12931414200227 0.123416119722922 0.11793547087589 0.113094060006365 0.109074503627094 0.106011475549157 0.103986403210565 0.103026288304923 0.10310687384323 0.104159810781108 0.106082949596123 0.108752486697971 0.112035497901177 0.115801419693938 0.119931280541946 0.124323888572058 0.12889867244182 0.133595362817995 0.138371113295628 0.143195933429814 0.148047414270979 0.152905671743224 0.157749246290175 0.162552427690277 0.167284177891181 0.171908553806003 0.176386324905823 0.180677358064576 0.184743307204893 0.188550185497558 0.192070491047561 0.19528467729945
0.147317635181417 0.153832353814205 0.158841603819441 0.162301736113984 0.164229578405505 0.164693686337048 0.163806371900119 0.161716796301562 0.158604955673739 0.154676053988554 0.150154605709122 0.145277660696237 0.140286775410804 0.135418712406632 0.130895255688931 0.126912895466888 0.123633383104333 0.121176229846087 0.119614099179579 0.118971738457832 0.119228661396955 0.120325304809757 0.122171926031292 0.124659161000394 0.127668984436568 0.131084828657753 0.134799816363813 0.138722403060196 0.142779142121484 0.146914706251508 0.151089655149293 0.155276679983201 0.159456155463081 0.163611791681217 0.167727025847578 0.171782569812751 0.175755280208269 0.179618288075523 0.18334214714961 0.186896652799185 0.190252949920986 0.193385577935954 0.196274176125846 0.198904671276095
0.15044117001443 0.156945436896111 0.16207550459346 0.165791173336746 0.168109047260569 0.169093568018621 0.168848822901769 0.16751146575098 0.165244657460822 0.162232609561427 0.158675152644897 0.154781770724014 0.150764726703678 0.146831205539901 0.14317475161185 0.139966598769261 0.137347715669245 0.135422465535662 0.134254687688378 0.133866760227772 0.134241841353499 0.135329074791057 0.137051155552439 0.139313353495642 0.142012933644418 0.145047916891402 0.148324285289018 0.151761018051132 0.155292693780018 0.158869749519563 0.1624567904201 0.16602955196725 0.169571207753266 0.173068690271899 0.176509570684781 0.179879859919702 0.183162887186641 0.186339219814349 0.189387438205744 0.192285487402123 0.195012295180541 0.197549367989492 0.199882135462405 0.202000893962363
0.154472570254041 0.160808071691242 0.165905248454595 0.169727739087837 0.172291809715088 0.173657362660122 0.173919714723283 0.17320251620206 0.17165178086475 0.169430688988335 0.166714659249965 0.163686179605389 0.160529029530497 0.157421775764407 0.154530721707804 0.152002770492563 0.14995886258788 0.148488726662887 0.147647618146344 0.147455522350294 0.147899002729845 0.148935532994755 0.15049982549975 0.152511414806682 0.154882616963747 0.157525982016285 0.160360484531665 0.163315926563291 0.166335315286134 0.169375272415365 0.172404786531656 0.175402796380955 0.178355174103056 0.181251661940372 0.184083220541422 0.186840099059162 0.189510769069673 0.192081706210901 0.194537878625558 0.196863723079678 0.199044360859444 0.201066820213486 0.202921078289541 0.204600798824913
0.159179734279902 0.165212998246457 0.170145033065358 0.173943374754848 0.176623669274844 0.178240846842749 0.178881054594579 0.178654733836169 0.177690860628544 0.176132079652921 0.174130295539774 0.171842261063483 0.169424808025621 0.167029570349536 0.164797299399406 0.162852111909403 0.161296188709606 0.160205519331647 0.159627246123591 0.159579007818112 0.160050444413963 0.16100674635346 0.162393861861584 0.164144764557354 0.166186064714339 0.168444239255784 0.170850854470733 0.173346339369072 0.17588210084256 0.178421012762336 0.180936520534111 0.183410750526098 0.185832084150136 0.188192648417983 0.190486101185836 0.192705972033262 0.194844684751756 0.196893259333074 0.198841589180591 0.20067912407865 0.20239576388524 0.20398277742359 0.205433596260767 0.206744382513968
