_KRIGING/CROSS_VALIDATION_CLASSIC/Berg/GZ/train_4/Berg_GZ_4_train_z_250.asc
ncols 100
nrows 90
xllcorner  5.6208707817415728
yllcorner 50.959635321741573
cellsize 0.00013419651685393446
nodata_value 1.7014100000000001E+038
[rows 40 to 59 of 90, columns 46 to 91 of 100]
26.2310869276186 26.738970198531 27.2151031786724 27.6460139294305 28.0309684947845 28.3823075679803 28.724775525848 29.093884655967 29.5333958513475 30.092024172648 30.819499051722 31.7621319441843 32.9580760716932 34.4325080192096 36.1930190641647 38.2255687200221 40.4914112308728 42.9254398296757 45.4363836021829 47.9092200567227 50.2100221817739 52.1932423766655 53.7111618940917 54.6249327690212 54.8163511803948 54.1992748117995 52.7294784580631 50.4117675969983 47.3033556359853 43.5128491172909 39.1946422465818 34.5390409404979 29.7589458806083 25.074349519882 20.6961790804338 16.8111030537944 13.5687984888265 11.07286819121 9.3761473336944 8.48061478614866 8.34160133145041 8.87553635400721 9.97015260036638 11.4959078066662 13.3173882733926 15.3036137118406
26.8341485865398 27.2962989836336 27.7426961735812 28.1621500473958 28.5550994325761 28.9339055944201 29.322252141747 29.7536806787065 30.2693184714726 30.9148733990286 31.7369889128873 32.7790753793404 34.0767710090694 35.6532394906863 37.514581139951 39.6457120391082 42.0071368726351 44.5330864988342 47.1314893194668 49.6861772662671 52.0615812025985 54.1099472248899 55.6808202267037 56.6322250724489 56.8426723977711 56.2228756952904 54.7259375226018 52.3547827722836 49.1658035582153 45.2680253612183 40.8175725036925 36.007744203945 31.0555368380223 26.1858870186662 21.6151972270523 17.535796512449 14.1028687547152 11.4250684146308 9.55958623286838 8.51189347778458 8.23986038112547 8.66148531119514 9.66514304261691 11.1210962154489 12.8930195289641 14.8484417179198
27.4599642458551 27.881619798267 28.2989748905185 28.7030672384384 29.0956084716293 29.489214157022 29.9068435188265 30.3804686570289 30.9490097389429 31.6555841957391 32.5441314362184 33.6554979748486 35.0231080057028 36.668404749617 38.5963262862237 40.7911672399572 43.2132590771219 45.7969562353478 48.4504203323681 51.0576304519047 53.4829019457989 55.5779697412079 57.1914007163241 58.17977511308 58.4197640003246 57.8199801513418 56.3313432254955 53.9547152477985 50.744747208311 46.8092241423658 42.3036686794462 37.4215022999664 32.3805947718037 27.4074777834582 22.7207913112431 18.515625721387 14.9503044045839 12.136839313453 10.135833216571 8.95606683654932 8.55847410569806 8.86374788390277 9.76248883068705 11.1266447058352 12.8209918269445 14.7135648638785
28.0820762451526 28.4702515876566 28.86106334023 29.2476647355886 29.6330765293085 30.0303359859451 30.4619478816284 30.9586516114197 31.5575262739562 32.2994604912474 33.2260232355166 34.3757942101724 35.7802540692142 37.4593989890367 39.4173282020884 41.6381475810041 44.0826209626966 46.6860622585733 49.3579723538329 51.9838650102747 54.4295830918621 56.5481807344572 58.1891545971507 59.2094801492893 59.4855922773468 58.9251954540742 57.4776475920734 55.1416722509287 51.969334469061 48.065558287999 43.5829335065159 38.7120959814916 33.6684953737398 28.6768091349442 23.9545546165257 19.6965475949482 16.0617407095275 13.1636676340382 11.0652660212783 9.7783228710086 9.26725707958583 9.45649811002606 10.2403934767073 11.4944135730095 13.0864257143353 14.8869603801525
28.6783638521709 29.041166594524 29.4092358615807 29.7776866553838 30.1508314093062 30.5422335268049 30.9741445963741 31.4763372002215 32.0843455312257 32.8371250690092 33.7741481870687 34.9319729536036 36.3403640979067 38.0181108908138 39.9687735658076 42.1766880661695 44.6036517831169 47.186778946756 49.8380301131687 52.445865277403 54.8793320483743 56.994679197635 58.6442975318894 59.687466205317 60.0020680787482 59.4961841893132 58.1183346552092 55.8651398259454 52.7853495102777 48.9795220871611 44.5950943892417 39.8171091445701 34.8553863015327 29.9293616841222 25.2521052736395 21.0151280107132 17.3754761074735 14.4463133889621 12.2917518427406 10.9261752506919 10.3177857376294 10.395659027841 11.0592761376817 12.1893387021106 13.658677316009 15.3422078798624
29.2314985305236 29.5774143725555 29.9272928658436 30.2780313170306 30.6351734022906 31.0128563538529 31.4332135224502 31.9252451837637 32.5231646458355 33.2642207444284 34.1859996781779 35.3232269715155 36.7041305441022 38.3464909666174 40.253591888385 42.4103824820151 44.7802581061832 47.3029338515442 49.8939051420667 52.4459398634493 54.8329151724941 56.9160991707841 58.5526982688979 59.6061762022192 59.9575438912669 59.5165709594005 58.2317282800376 56.0976738824919 53.1592598305774 49.5113581044192 45.2942454473596 40.6847942584444 35.884218217401 31.1035439543027 26.5482601390181 22.403690428757 18.8225330238156 15.9157244032406 13.747363074163 12.3339351962453 11.647590002866 11.6227869083198 12.1653307641204 13.1626570867481 14.4942301103497 16.0410546879073
29.7289330330029 30.066138080806 30.4025822027093 30.7367531646844 31.0753327880958 31.4330306880028 31.831936070944 32.3004040021315 32.8714819442232 33.5808722292395 34.4644244324888 35.5551663622882 36.8799197607011 38.455609265357 40.2854576415445 42.3553571546457 44.6308002227552 47.0548214075183 49.5474249799807 52.0069280495554 54.3135264230571 56.3351887248832 57.9357183319169 58.9845218398022 59.3673287964291 58.9968684644105 57.8223719175814 55.8367677568908 53.0805944195917 49.6419547401877 45.6522571933913 41.2779695603651 36.7090873887962 32.1454217272082 27.7820777894143 23.7955881378322 20.332067597537 17.4984887727877 15.3577792845463 13.9279755608691 13.1852015354784 13.0698380764198 13.4949601162826 14.3559717254325 15.5403693152534 16.9366922607576
30.1625345764289 30.4982862691006 30.8257623143916 31.1448469467169 31.463243314273 31.7961907110689 32.1657545951427 32.5997113328865 33.13003541416 33.7909833788327 34.6167637034815 35.6387931683441 36.8825737508665 38.3642822498876 40.0872447491999 42.0385605632375 44.1862302555193 46.4772099074666 48.8368376863989 51.1700400870081 53.3646122892578 55.2966794282397 56.8381966662424 57.86606344989 58.2721504576371 57.9733118310207 56.9203241628105 55.104691273673 52.562396416984 49.3739650583872 45.660591985232 41.5765361220646 37.2984321662618 33.0125446784645 28.9012410639509 25.1300472762788 21.8365618370369 19.1222551275242 17.0478115316734 15.6322386130616 14.8555337219059 14.6643239133102 14.9796260454501 15.7057368103854 16.7392614247214 17.9774084796412
30.5279887349576 30.8681363146784 31.1904131134873 31.4959106471007 31.793219949893 32.0980334024189 32.4323671872328 32.8234331915842 33.3021724760057 33.9014463227877 34.6538729012963 35.589305168516 36.7319745223033 38.097377299983 39.6890548820484 41.495504476733 43.4875424408818 45.6165067388607 47.8137098249622 49.9915201291945 52.0463482992843 53.8636427277847 55.3247699459268 56.3153946868196 56.7347180878925 56.5047226011885 55.5784493386733 53.9463292572599 51.6397190596504 48.7310504179072 45.3303597422919 41.5783791145083 37.63677926834 33.6765024765002 29.8653548788571 26.3561094777769 23.2762914658577 20.7205907066489 18.7465084484344 17.3734487307725 16.585067762777 16.3343514570113 16.5506446015905 17.1477289741484 18.0320458563762 19.1102659874521
30.8240969435025 31.1727396823731 31.4925928031305 31.7857746593694 32.0616193389444 32.3361683282223 32.6313247735639 32.9737067467274 33.3932176604334 33.9213339805297 34.5890997825619 35.4248215432827 36.4514803431136 37.6839247497138 39.1259738543695 40.7676386123445 42.5827478289247 44.5273258348615 46.5390936272649 48.5384375802248 50.4310993171109 52.112686103121 53.4748941371193 54.4131004857085 54.8347460985885 54.6677406222218 53.8680066497692 52.4252753536377 50.3663611762362 47.7553755174823 44.6906634139082 41.298621296502 37.7249255621228 34.1240163830771 30.6478917845456 27.4353421132017 24.6026843810936 22.236852198254 20.3913929653396 19.085566641244 18.3063823507561 18.0130996295191 18.143498341219 18.6211069671169 19.3625764787595 20.2844829353059
31.0520712537806 31.4113788436655 31.7304180950494 32.0121640407025 32.2665412801902 32.5098146691549 32.7636796063336 33.054096017737 33.4098911148111 33.8611367510384 34.4372943853823 35.1651208758849 36.0663467918002 37.1551780323392 38.435729505407 39.8995697230175 41.5236257856341 43.2687539983562 45.0793055046691 46.8839938268861 48.5982924120759 50.128454132898 51.3770608021312 52.2497996789542 52.6629551751834 52.5509317943324 51.8730220258454 50.6186263251735 48.810234135742 46.5036809194366 43.7854843627982 40.7673961006163 37.5786366434844 34.3565620887378 31.2366996033743 28.3431565626786 25.7803464758929 23.6267946180561 21.9315168214573 20.7131478884621 19.9616783086863 19.642383141126 19.7013288783328 20.0717421021254 20.680520791683 21.454253358037
31.214901219895 31.5850969159466 31.903717153932 32.174433705194 32.4076040994629 32.6195740925545 32.8317125403535 33.0692300351041 33.3598135314896 33.7320892586089 34.2139116141156 34.8304725774301 35.6022393753733 36.5427600868313 37.6564262654304 38.9363427052414 40.3625169490633 41.9006314009895 43.5016839490103 45.102765314264 46.6291741047238 47.9979525402886 49.1227652879803 49.9198587729381 50.3146546589988 50.2483791567825 49.6840388137885 48.6110463647154 47.0478883904232 45.0424063609137 42.6695148868531 40.0264730376427 37.2261153225046 34.388695689022 31.6331637704461 29.0687529963751 26.7877070337217 24.8598141191201 23.3291837305212 22.2134232241416 21.5050944002714 21.1750896868278 21.1773942855271 21.4546110223354 21.9436214177322 22.58082926783
31.3168356802359 31.6963299526455 32.0137749344339 32.2733885573471 32.4858009145832 32.6672842542247 32.8387446407113 33.0245330079272 33.2511146142219 33.5456158019133 33.9342510300828 34.4406269879566 35.0839288003126 35.8770183113596 36.8245153053897 37.9209844452457 39.1494048611986 40.4801437868981 41.8706772013908 43.2662870985246 44.6019088154009 45.8052014639163 46.8007768553167 47.5153628279255 47.8835180244699 47.8533831550102 47.391874191052 46.4887157294576 45.1587878841231 43.4424145297727 41.4034379923468 39.1251771903537 36.7046172973484 34.245392333605 31.8502658157908 29.6138674212378 27.6163985922493 25.9188855155043 24.5603559618495 23.5570784888473 22.9037636675305 22.576420185961 22.5364093098499 22.7351636932833 23.1190331967325 23.633782279865
31.3629921503621 31.7486436238619 32.0631644406964 32.3111765474741 32.5034218187798 32.6559375780468 32.7890200248566 32.9260384222138 33.0921449969844 33.3129056536751 33.6128597857821 34.014008766646 34.5342363712727 35.1856828111484 35.9731267960016 36.8924731243585 37.929489283564 39.0589731698946 40.2445538555818 41.4393178242969 42.5874071829333 43.6266526023932 44.4921878303837 45.1208575835072 45.456095552892 45.4528365516503 45.0819583830495 44.3337419587312 43.2199011549521 41.7738644464679 40.0491745100497 38.1160858300347 36.0566537024349 33.9587895527776 31.9098800283361 29.9906127914556 28.2696143808607 26.7993920250828 25.6139005302091 24.727853956873 24.137699551697 23.8239961621829 23.7548126482426 23.8896958355612 24.1837542556611 24.5914557625017
31.3590825333704 31.7465546251981 32.0556384668301 32.2912258223937 32.4640119951751 32.5896362647643 32.6876338637579 32.7802660045994 32.8912776673529 33.0446136215131 33.2631058954266 33.5671351825512 33.9732683990355 34.492887130198 35.1308469332151 35.8842422876673 36.7413902117071 37.6811785327289 38.672942713971 39.677028910663 40.6461643172667 41.5276873888627 42.2665947247421 42.8092490833877 43.107480121245 43.1227148390201 42.8297168295208 42.2195067503688 41.3010883412038 40.1017128601839 38.6655683925159 37.0509591089137 35.3262179893848 33.5647485184508 31.839693685353 30.2187691166998 28.7597663294582 27.5071378281853 26.4899336318962 25.7211910209177 25.1987106987378 24.9070063926894 24.8201090947074 24.9048518571273 25.1242579112346 25.440697613918
31.3112281549566 31.6954046172567 31.9960464576187 32.2181892487689 32.372329255015 32.4735486233425 32.5404734734993 32.5941334605107 32.6567758763565 32.7506690270606 32.8969123297114 33.1142583713051 33.4179486252791 33.818571912065 34.3209732374636 34.9232679811527 35.6160475034773 36.3818898910006 37.1953055052786 38.0232434849332 38.8262569376713 39.5603697519752 40.1796102980382 40.6390855473076 40.8983764493561 40.9249573305701 40.6972939338857 40.2072685844248 39.4616230277887 38.4821982815977 37.3048768541373 35.9772795006314 34.5554155327924 33.099610935629 31.6701234516733 30.3228858530834 29.1057936951796 28.0558767665854 27.1975769855389 26.5422178820219 26.0886124572484 25.8246361866035 25.7295049355222 25.7764519470577 25.9354951530873 26.1760207405974
31.2258302900818 31.6012511303484 31.8902403790259 32.0978606021944 32.2342664161503 32.3138337761159 32.3541415126644 32.374874144499 32.3967008948555 32.4401686415837 32.5246295784773 32.6672112231148 32.8818302967979 33.1782551094988 33.5612338767854 34.0297271571509 34.5763073215389 35.1868107580556 35.8403425020808 36.5097316323781 37.1625143966256 37.7624791525935 38.2717455022597 38.6532764492069 38.8736476385195 38.9058344094773 38.7317380178918 38.344166885699 37.7480222468864 36.9605089943855 36.010294249824 34.9356549062034 33.7817743024603 32.5974497340019 31.4315414903586 30.3295203771158 29.3304508451121 28.4646848079852 27.7524472909383 27.2033839624149 26.8170288463911 26.5840534954874 26.4880885019405 26.5078711836144 26.6194706735686 26.7983693425023
31.1094634542957 31.4707444505828 31.7449405066113 31.9370351714575 32.0567128722879 32.1175102714055 32.1358374188539 32.1299366584425 32.1188345953447 32.1213265334285 32.1550164984472 32.2354223882205 32.3751478170613 32.5831219128256 32.863916336386 33.2171639481782 33.6371227281038 34.1124470158089 34.6262402410306 35.1564636161119 35.6767597618198 36.1577175130207 36.5685561387645 36.8791493747265 37.0622504372683 37.0957287091555 36.9645971270239 36.6626044844978 36.1931931015844 35.5696788267224 34.8145911004875 33.9582052675434 33.036394059932 32.0880061877045 31.1520351256757 30.2648623512887 29.4578437515942 28.755458758674 28.1741671899124 27.7220304896279 27.3990652083662 27.1982193621216 27.10680622983 27.1082005393577 27.1835997121608 27.3136746174275
30.968765824574 31.3109697407966 31.5675443524648 31.7433009097107 31.8473432201178 31.8922569194353 31.8931844537299 31.8668512935971 31.8305976966318 31.8014558379578 31.7952967606689 31.826058044522 31.9050539088932 32.0403665770501 32.2363219131638 32.4930628639884 32.8062487263092 33.1669229555348 33.5616025657944 33.9726436650935 34.3789269375815 34.7568825859838 35.0818377199768 35.3296245972033 35.4783420750294 35.5101231028853 35.4127360578753 35.1808435990741 34.8167628935856 34.3306150274355 33.7398144809551 33.0679234705616 32.3429702142831 31.5953937682388 30.8558214628998 30.1529017433638 29.5114032350993 28.9507525144865 28.4841247748981 28.1181325249629 27.8530879053855 27.6837537510004 27.6004545471489 27.5903951336346 27.6390330653576 27.731367396924
30.8103117139043 31.1292467075858 31.3658765607886 31.5247615543432 31.6143359950337 31.6461485435378 31.6340026751086 31.5930592068311 31.5389530190667 31.4869630599608 31.4512604800502 31.4442465981294 31.4759825939067 31.553708121722 31.6814472921434 31.8597072804905 32.0852854415971 32.3512123020965 32.6468665159036 32.9583001530754 33.268805715266 33.5597387866271 33.8115831047286 34.005211192538 34.1232585759239 34.1514992150709 34.0800903324709 33.9045513552494 33.6263569256809 33.2530575438325 32.7978898328883 32.2788953172635 31.7176238566421 31.1375469831577 30.5623399581886 30.0142044399403 29.5123945531904 29.0720797142339 28.703632723694 28.412378471194 28.1987850125552 28.0590321691972 27.9858588555428 27.9695722993419 27.9991007005366 28.0629837188539
