_RESULTS/CROSS_VALIDATION_POSTPROCESSED/MHZ/IZ/2comp/2/MHZ_IZ_z_0_kriged_reverse_2comp_spherical_2.asc
ncols 100
nrows 81
xllcorner 5.5967107548124995
yllcorner 50.982328804812504
cellsize 0.00017565037499993607
nodata_value 1.7014100000000001E+038
[rows 36 to 53 of 81, columns 40 to 79 of 100]
0.00010173605022598658 0.00023845975986239049 0.0005622577938918757 0.0013088046744263602 0.003033667409329848 0.007059261872768468 0.015454512191185618 0.029421645621528422 0.04613054939700653 0.059463704217662304 0.0649745529042104 0.061835018065180346 0.05221570787783707 0.040096902445547276 0.02690861528741011 0.015235077415481092 0.0074740281664919285 0.0032297887734052872 0.0012528097394948227 0.00046128305941204657 0.00018092208904164586 7.715306257176042e-05 3.638491908292389e-05 1.9352965046176506e-05 1.187289528297214e-05 8.23790171791318e-06 6.389799461312204e-06 5.681770456110217e-06 5.88928431687166e-06 7.075848822833429e-06 9.928665959865423e-06 1.537966884110523e-05 2.4783924379103664e-05 4.013781227866494e-05 6.336079120283734e-05 9.536348600236516e-05 0.00013509726499949824 0.00017918567913436214 0.00022244770494926793 0.000252780580625459
8.415070574355069e-05 0.00018939887462872688 0.00042337579328761667 0.000944010246808943 0.0021496154155534247 0.004789042654453259 0.010146857382891339 0.019459904600350887 0.032511003587909884 0.0466721380465482 0.05782998315969352 0.06234586938391429 0.05899999853386336 0.05059921194914141 0.0366543639907069 0.021843157252204738 0.010779991698565103 0.004547668678324409 0.0016995802290177132 0.0006388200451271167 0.0002533546765086681 0.00010761478884579918 4.9880143275932714e-05 2.578811523763886e-05 1.5191082710393324e-05 9.913626586843085e-06 7.219382367920362e-06 5.885636946538974e-06 5.529198624395072e-06 6.219125074442922e-06 8.501150024720937e-06 1.38129574177665e-05 2.4006329637849667e-05 4.17139909333219e-05 6.955704890613646e-05 0.00010851391255341167 0.00015664500989755949 0.00020904701524914298 0.00025913885799559434 0.0002968500838360048
6.11594621930301e-05 0.00013061927008806994 0.00027686772227868687 0.0006099762148081899 0.0013755984153551925 0.0030396053791162665 0.00635752384305654 0.01241749085429648 0.021969363343055704 0.03454216417395274 0.0478312001117475 0.05801566788269316 0.06228760391091735 0.060171706507848546 0.047353775043893376 0.030115322304229124 0.015553218698457046 0.006576919112844375 0.0024941067031781458 0.000968104836313797 0.0003908882809919391 0.00016700965589213309 7.695008024348303e-05 3.901987122778258e-05 2.2001021483059338e-05 1.3299951178193103e-05 8.492360205577784e-06 5.994058843172492e-06 4.999622835252532e-06 5.248098703298143e-06 7.117281501168069e-06 1.2074505957976492e-05 2.323745333643918e-05 4.409702162705742e-05 7.800053368096952e-05 0.000125332163860406 0.00018204639793363475 0.0002408121279710476 0.0002937609059462248 0.0003338845948801555
4.1359531425988896e-05 8.14863202124143e-05 0.00016545926971397087 0.00035921058792498615 0.0008048706149725518 0.0017874482313845776 0.0037845237653015553 0.00756689904638887 0.014134960529485792 0.024125711964246333 0.0367420778324332 0.04999792602175515 0.0615717219070479 0.0667758237857414 0.05787910577760588 0.0399071426306538 0.021900862838213186 0.009694337103047878 0.00394108807602436 0.0015825021105589367 0.0006515033314731816 0.0002801987545418577 0.00012809689462028238 6.384652994119132e-05 3.414721534791258e-05 1.822447549116293e-05 9.997069003339603e-06 5.993104751245924e-06 4.326705504564213e-06 4.199350872646367e-06 5.8290182783394155e-06 1.0839364259306341e-05 2.348099352714174e-05 4.951690727151363e-05 9.257400685622553e-05 0.00015065135256822471 0.0002152950114728264 0.0002759809429835834 0.00032484683305500166 0.00035821046483103285
2.790854935300789e-05 5.0364600197538894e-05 9.719810655479068e-05 0.00020080663415041722 0.0004362758772906929 0.0009709521169537883 0.0021124876230663924 0.004354223694632328 0.008538987059297655 0.015526580816984688 0.02616257627416987 0.04044846867568366 0.05726442698910125 0.07029159869179305 0.06822824259409353 0.051879039921777885 0.030716895906740982 0.014767009947547278 0.006569087229959073 0.0027134653185544116 0.0010996778265686634 0.0004599836538122199 0.00020501581569342233 9.897106842801339e-05 4.7290451371649566e-05 2.2282979144101886e-05 1.0672354142369363e-05 5.448007241282169e-06 3.284093499364342e-06 2.9199809980563682e-06 4.575088440038831e-06 1.0539570458236999e-05 2.6685173844840917e-05 6.267577366280379e-05 0.00012117676897618242 0.00019296934534029364 0.0002616681720104204 0.0003149070751078867 0.00034898420871469553 0.00036601596725430033
1.8953734832848284e-05 3.165992574124111e-05 5.752764860144887e-05 0.00011220787404486955 0.00023192960138647777 0.0004980857161508186 0.0010878500548012796 0.0023202448778934445 0.004744048617600428 0.009367925628855914 0.017581178370053813 0.030829876499904114 0.050401991794079455 0.07100022432252732 0.07869011140676299 0.06731156340103119 0.04361877536144409 0.022626224383150883 0.010386848710363274 0.004335477088145311 0.001714661039821006 0.0006966338553664927 0.0003041837555843302 0.00013511716601022925 5.843946366039417e-05 2.5352965824939587e-05 1.1148048055822855e-05 5.0240338973340445e-06 2.431393442028121e-06 1.7132935688111733e-06 3.577562763540273e-06 1.1961731703424566e-05 3.747419362990997e-05 9.593117737276108e-05 0.00018198856167673985 0.00026717361768697915 0.0003260531801969889 0.0003538397120242785 0.00035924781283171517 0.0003524600883187152
1.3048368707543043e-05 2.0246789489370633e-05 3.425936529898315e-05 6.248352804954709e-05 0.00012190071798321529 0.0002517787677006516 0.0005379418943872625 0.0011581489651883757 0.002495190508000143 0.00533794269379834 0.011117275775110166 0.02211240311099867 0.04195771503109514 0.06906881994239536 0.08947986355157732 0.08668919910247945 0.05927344547274103 0.03227406585488881 0.015046885980803039 0.0062556727347938285 0.0024451347598512035 0.0009637136461821316 0.00040606292818381166 0.00017157290324420764 7.318512065423083e-05 3.1823914259510014e-05 1.4149846487685129e-05 6.409200028764425e-06 2.926946197700771e-06 1.4184842512387705e-06 5.043162032949787e-06 2.231297814707825e-05 7.794973835485635e-05 0.0001966464713894135 0.00033705193071697766 0.0004090593297099667 0.0004074646424706985 0.00038040121249890025 0.00034516675241148923 0.0003131948389507948
9.29555735986658e-06 1.3307333606813244e-05 2.080109181729314e-05 3.536379427167008e-05 6.538761753031389e-05 0.00012939768914529056 0.0002671398732052897 0.0005702265981543757 0.001247570770084941 0.002858512852501606 0.006574323342620923 0.014835483265691217 0.032775551217799834 0.06425557644437527 0.09666486621001329 0.10333626218189959 0.07613094468448528 0.043308013278572734 0.02005063432999105 0.008087473685469974 0.0031289996642080583 0.0012730131948085358 0.0005257706372215514 0.0002214393504137593 9.697041299929812e-05 4.478091949010114e-05 2.2113511544286473e-05 1.1970804631888186e-05 7.677407895521675e-06 7.839926950592651e-06 1.948543648450886e-05 7.497785872183622e-05 0.00025412410816027956 0.0005638843978740013 0.0007610433985008583 0.0006990839274530364 0.0005316081288742411 0.00038453707275265563 0.00029764258168535427 0.0002497067087294885
7.316434281156745e-06 9.544303396690987e-06 1.3607744622613845e-05 2.128539683416197e-05 3.655352468153083e-05 6.736828813450586e-05 0.00013279095811845793 0.0002781611717906808 0.0006117467203988229 0.0014377460606080899 0.003608284477569762 0.009211593170248222 0.02362529237146253 0.05365238568882442 0.09215225088172574 0.11352618591947566 0.09387488103959067 0.05530318116759796 0.024353145558868205 0.009541154862132448 0.003845332524329196 0.0015915169994268265 0.000648103410417219 0.00027874810780170533 0.00012945230556033152 6.622946733458254e-05 3.8378107596306746e-05 2.6506082296736215e-05 2.4208589078640582e-05 3.486203932668821e-05 8.860773068250368e-05 0.00033097446982818845 0.0011667817532594578 0.0021507091179205676 0.0018595633762747746 0.0011317530510918843 0.0006413935399606425 0.00037410157400943206 0.0002369680875779343 0.00017483483203645727
6.5012492627807135e-06 7.593682329392064e-06 9.681541887209147e-06 1.3638195712855008e-05 2.1011228629757354e-05 3.54355709334365e-05 6.578820042063388e-05 0.00013379335059608173 0.00029367749175327737 0.0006975524565544644 0.0018338232643919327 0.005230709851483768 0.014819763903255968 0.037275852754198216 0.07437355804349578 0.11177673662510408 0.11219582423712215 0.06748056063442345 0.027558034027668665 0.010471076008129764 0.004254872365923309 0.001744634812363525 0.0007221682477204888 0.00032471780915215915 0.00016362286681151787 9.446600777869326e-05 6.453238206798723e-05 5.495262378970811e-05 6.323333699506645e-05 0.00010824995249503593 0.0002904993222102841 0.0011607623854816087 0.005676062210117083 0.009044889639113454 0.003570847817848514 0.0013867947806689225 0.0006066512703551104 0.0003045380465892438 0.00017372766470337162 0.00011434353170525593
6.607844406768223e-06 6.773696222700401e-06 7.54947607016717e-06 9.248319367524863e-06 1.2436704616981689e-05 1.8799832449569198e-05 3.2403819185291786e-05 6.339233781535913e-05 0.00013772079285214654 0.0003280385293549639 0.000885078873478296 0.0026502614001243036 0.007687512142709 0.0206066330204055 0.04638287163393522 0.08647414157203268 0.12565585336193993 0.07888963420981367 0.02619204639234489 0.009358755659483166 0.0037757291276963923 0.0015833330461084369 0.0006917730584118796 0.0003330869543825197 0.00018490667582821146 0.00012067917215336077 9.509756303599756e-05 9.393617578487861e-05 0.00012200443220894514 0.00021808005727934 0.000545933418818087 0.0018462235120238993 0.007159300879791856 0.009119687374890625 0.0030432598525405837 0.0010168855216892056 0.0004006679938252818 0.00019094057287195526 0.00010805416501553683 6.977538421398412e-05
7.800064190474984e-06 6.870916500060233e-06 6.525067621784977e-06 6.693774948372611e-06 7.618686502181519e-06 1.005809844582273e-05 1.5873514287674867e-05 2.975664209327357e-05 6.375195600623489e-05 0.00015185871214683363 0.0004134865060292772 0.0011769159521848877 0.003317639485247297 0.008784253238154327 0.02009651275061498 0.038707207573434696 0.06522959534602432 0.04467550078142678 0.015202691558216002 0.005829608966256066 0.002520666509237499 0.0011431561124031365 0.0005490907559139465 0.0002903859721141273 0.00017968971015652188 0.00013211769178099976 0.00011723697944373594 0.000127653722557584 0.00017302181062434763 0.0002924972258947802 0.000598222739229396 0.0013371521166243505 0.002494065995553182 0.0023923793943724783 0.001148865110844353 0.0004379375558177381 0.00018126850151913365 9.132718668667994e-05 5.582549215095828e-05 3.919075090809901e-05
1.0866783729590332e-05 8.071594537217814e-06 6.34706690777357e-06 5.2949788079846385e-06 4.915167646108785e-06 5.477032536500769e-06 7.831348281680832e-06 1.4176701590941425e-05 3.0084433837668916e-05 7.166139267326812e-05 0.0001870669061749223 0.00048475669982411747 0.0012402878618493207 0.0029721691526952646 0.006143074746783977 0.010106933674285053 0.012494433931362821 0.009637236016735655 0.005021536262581143 0.0024818344411221853 0.0012578802304564587 0.0006524314494737001 0.00035619837321692796 0.0002120887323538842 0.0001478517063158445 0.00012240813108073701 0.00012073380489332865 0.00014111212646234023 0.00019225368445617113 0.00029506272213584273 0.00047777943504667626 0.0007246800741212833 0.0008532511383450848 0.0006501356431226955 0.00032711467205215713 0.0001345810878367792 6.071887563742491e-05 3.498415411198098e-05 2.5118032111575323e-05 2.0449243414447917e-05
1.8008469654100093e-05 1.1447331816362571e-05 7.446148144827909e-06 4.989533022405804e-06 3.6204649830931847e-06 3.2079049145826435e-06 4.147669942025322e-06 7.529060118036489e-06 1.614709609918826e-05 3.76666131450435e-05 8.839207213761588e-05 0.00019954608700772973 0.00043495186186212197 0.0008888079395903366 0.0015474066560295823 0.0021935827686392607 0.0023275811600421098 0.0018863429204110113 0.0012669355755540478 0.0008067110262855023 0.0004966456190964498 0.00030354849400094 0.0001919969308735771 0.00013070522619310285 0.0001036019701418171 9.71445507335206e-05 0.00010685092403830091 0.00013427291364033874 0.00018455405081978197 0.0002611045097806747 0.00035063675904007324 0.0004024226752820561 0.00035109945855308863 0.00021573535493900136 9.589596323971735e-05 3.60416405860511e-05 1.672830922124572e-05 1.1818340245583162e-05 1.0861688719691534e-05 1.0757984905097016e-05
3.536587471138622e-05 1.9697649271447242e-05 1.0926487009734913e-05 6.029745030870905e-06 3.3739201353067126e-06 2.0932289109225584e-06 2.5304956950391654e-06 5.063546888527211e-06 1.0877077562034314e-05 2.3593293449249678e-05 4.8030937351339545e-05 9.096833620041855e-05 0.0001604210028660774 0.00025924369807901157 0.00037103153611975684 0.0004695767540230475 0.00046528476395321075 0.0003827445933980116 0.00029606885489226676 0.00022846510062745178 0.0001689213031002069 0.00012174328413195279 8.924360495686074e-05 6.961621297435234e-05 6.309468658773654e-05 6.781172402828434e-05 8.486651289071767e-05 0.00011789946240613009 0.00016953673619572704 0.00023253958804228336 0.0002790598658319052 0.0002688442587667232 0.0001929165666947705 9.907728220295869e-05 3.611263505985393e-05 1.0164601846264904e-05 4.139838085258377e-06 4.2238930605091584e-06 5.348797691937897e-06 6.417904752592413e-06
8.120651833211693e-05 4.001207657006204e-05 1.9562169422343376e-05 9.511584552915884e-06 4.651851583048342e-06 2.4349405694672885e-06 2.682174354629667e-06 4.963553110936715e-06 9.538398030648445e-06 1.772054869128195e-05 2.9995020369746193e-05 4.6256397733031466e-05 6.487671228870956e-05 8.24686432384473e-05 9.855733000349445e-05 0.00010905883217079824 0.00010203769292259703 8.322353970917092e-05 6.96504398743206e-05 6.21423280449373e-05 5.3937096108071577e-05 4.5055064212036284e-05 3.7606001016066204e-05 3.315917184284519e-05 3.429399673437247e-05 4.292920871325747e-05 6.338826116828033e-05 0.00010245368563453556 0.0001635714371346812 0.00023246590594073845 0.0002692484329593012 0.0002379517065847603 0.00015400393805760154 7.207678754214268e-05 2.3395824444013136e-05 5.234538352195068e-06 1.4662749369709327e-06 2.5277073400632716e-06 3.787839426950624e-06 4.897602711259569e-06
0.0002092918123736262 9.303396010373274e-05 4.176882945105492e-05 1.926062093787409e-05 9.5679713787052e-06 5.8156578303071415e-06 5.340099881113218e-06 7.04291949782222e-06 1.0715749760662482e-05 1.600577234285814e-05 2.193327423259118e-05 2.7250525684576593e-05 3.0459490432915732e-05 3.138195959951006e-05 3.1749835570229974e-05 2.9927798044710796e-05 2.5670639654466645e-05 1.9895054102157445e-05 1.7302806889624437e-05 1.757358782667873e-05 1.7631062285103132e-05 1.661557328571222e-05 1.5249905635440498e-05 1.4696575176230865e-05 1.704985375179061e-05 2.527854560969311e-05 4.649684951844979e-05 9.420154334040972e-05 0.00018011155151772965 0.00028413726743310117 0.00033866981296170354 0.0002932925039139944 0.0001846704658797008 8.689660103689558e-05 3.023853438517737e-05 9.026759560815418e-06 3.935811851380946e-06 3.6317517353597684e-06 4.322798779917456e-06 5.030116167313323e-06
0.0005621872601215627 0.00023362013220885397 9.985979615122721e-05 4.5693124643274276e-05 2.34379868941362e-05 1.45649214198915e-05 1.178428956330301e-05 1.2160340474646725e-05 1.4508645478242529e-05 1.7226741725163915e-05 1.9018279534591244e-05 1.9118974062140387e-05 1.7278551440601325e-05 1.4956667604987782e-05 1.3047773093421032e-05 1.0610538319055329e-05 7.954347283934542e-06 5.5540573455094705e-06 4.784080001958911e-06 5.70808459804671e-06 6.517986396364009e-06 6.6717305626058925e-06 6.401934279810426e-06 6.357162117045025e-06 7.887132197326929e-06 1.4014453713185471e-05 3.4870551704396045e-05 9.823414093441635e-05 0.0002452767272637309 0.000455457943904044 0.0005791358495326723 0.0005052761051967553 0.0003200557576605741 0.00015648856786116473 6.133769625269992e-05 2.3040403050416575e-05 1.104143124438874e-05 7.715916959466182e-06 6.87046887926312e-06 6.575849787868269e-06
