_RESULTS/CROSS_VALIDATION_POSTPROCESSED_CLR/Berg/IZ/1comp/2/Berg_IZ_z_0_kriged_reverse_1comp_spherical_2.asc
ncols 100
nrows 90
xllcorner 5.6208707817415728
yllcorner 50.959635321741573
cellsize 0.00013419651685393446
nodata_value 1.7014100000000001E+038
[rows 38 to 56 of 90, columns 43 to 85 of 100]
-3.7167119267279114 -3.9281776895636797 -4.177442082889655 -4.4619870861480315 -4.785501560982612 -5.148101583385169 -5.533198241312831 -5.922586547375447 -6.297851837814093 -6.640950094735859 -6.9304467840575885 -7.150169735835922 -7.286730668603355 -7.347524358085485 -7.449178378855691 -7.660260658244689 -7.923481633280524 -8.194917376670796 -8.459065462617229 -8.70561515467498 -8.919757275530939 -9.058517314991178 -9.091936245080023 -9.032694318887074 -8.911327351468321 -8.756556654561098 -8.585907238594057 -8.403839242335323 -8.202209723539793 -7.969068763973945 -7.660100699792003 -7.249956123263985 -6.758612960333253 -6.192070766553453 -5.588385399697532 -4.9816118346388505 -4.409781011019141 -3.91802046126828 -3.5547661011682963 -3.3586238164582483 -3.3518631120571527 -3.485390035398493 -3.717016544591991
-3.9974606774357815 -4.209154182701225 -4.455675929793109 -4.727129732909765 -5.0436920950038076 -5.402027126935672 -5.78586997437325 -6.181074968275716 -6.566422763179352 -6.91578249896747 -7.2019420205245055 -7.397361872730851 -7.466702294279052 -7.422989145466916 -7.433340882986505 -7.699370893328414 -7.985195293840259 -8.268507573941488 -8.550833617512446 -8.8291515130345 -9.086888995965525 -9.258427493756107 -9.291368273011535 -9.206971275155695 -9.065206188485195 -8.907664331509919 -8.752817116540562 -8.6036197420412 -8.450355874866851 -8.266943005944773 -8.00500611255959 -7.6111336096616995 -7.083153053557733 -6.448752827731411 -5.762336844651532 -5.0641199808575905 -4.392512220316284 -3.79825901540963 -3.3560756688425304 -3.1409800356566286 -3.15344222215187 -3.315800243305463 -3.5658013500514936
-4.26022060352866 -4.473710561471576 -4.727112906003921 -4.994593606879999 -5.304319821425899 -5.661027975634073 -6.055380853215702 -6.468847890438077 -6.877488490284151 -7.251432928959478 -7.555343624134338 -7.7403276499760345 -7.772142096608587 -7.690473384128925 -7.6715780345018985 -7.8652473885732 -8.104663813016032 -8.360029539026367 -8.63482684908083 -8.930769161588401 -9.237300539957033 -9.470426207765964 -9.484126290974029 -9.336450537083813 -9.161583953083808 -9.002738330939916 -8.872560968959618 -8.770302805022556 -8.681539423641524 -8.573741404890786 -8.38201876679231 -8.000224678120164 -7.421803673977568 -6.709097592348171 -5.936143125753558 -5.148816901232255 -4.379020257038662 -3.663492702098942 -3.0942392440128974 -2.8853829608346526 -2.9656776891196963 -3.1653751542062682 -3.4269289412053574
-4.496410775963251 -4.712110511040909 -4.970595216788218 -5.2502294474770865 -5.560448896161783 -5.924044615207649 -6.333910020213496 -6.772069561351994 -7.215694186683796 -7.6334693400668945 -7.9782782743559455 -8.174714989144707 -8.188410705713034 -8.099179784820734 -8.047696625270975 -8.101997179436323 -8.237593067209444 -8.42602299887613 -8.659891050217276 -8.940214939049868 -9.267627704940665 -9.614292230242661 -9.563968593482908 -9.340493817111135 -9.151458756812351 -9.005923759141435 -8.911460045344272 -8.870699262155163 -8.871492832611949 -8.87591015420779 -8.780762299686957 -8.41428086318928 -7.761570875734986 -6.953291319437614 -6.0982158087190115 -5.24313434568091 -4.409974395099004 -3.6118997026805295 -2.8594688047678414 -2.716283885742468 -2.8755950772220227 -3.0804352507970236 -3.328051327351175
-4.699782916183478 -4.917394004179352 -5.179361446538385 -5.471461198963013 -5.804795485117872 -6.1823230734216 -6.605141468403007 -7.067670532196263 -7.55163746280302 -8.028830747039176 -8.434531861989704 -8.663818090455067 -8.649234794623254 -8.495989280877843 -8.35800543950545 -8.300044450872537 -8.328795224862393 -8.430967311868294 -8.595615534870285 -8.815549280389549 -9.076677174431609 -9.292470256495518 -9.289437664217395 -9.136950976219335 -8.984883034245918 -8.877762022268957 -8.83371188315646 -8.861323448118453 -8.961857283655391 -9.1038451907561 -9.178616706319062 -8.841180002699172 -8.049357413437736 -7.132437159030877 -6.217504985188569 -5.335673949501789 -4.502486051362402 -3.7415392542062413 -3.139468125027205 -2.8985650499938074 -2.944357633194705 -3.087948286829747 -3.2854275303672047
-4.866546236700269 -5.084803733422561 -5.348697990410541 -5.656018588973548 -6.007632019158876 -6.407506034663027 -6.848783669406134 -7.327125861428199 -7.837581502710787 -8.363269109435835 -8.852876261517675 -9.183835629061278 -9.099264189400044 -8.810777079483522 -8.564115996827148 -8.40653747048069 -8.340004175641184 -8.35377579243783 -8.435479141472374 -8.570687185334286 -8.73389087930435 -8.84924386228682 -8.852948077929309 -8.768527289427972 -8.66721018190579 -8.601475499719063 -8.602813933205134 -8.68704477411889 -8.850464793203102 -9.09077326998849 -9.406746359117424 -9.126101978099227 -8.127896071451483 -7.162775081908228 -6.248804898900261 -5.3932534971690025 -4.611234494250176 -3.934631507999904 -3.4273361536310327 -3.1558798951371765 -3.1007069325388157 -3.1671487529316966 -3.295856449916922
-4.99143763263567 -5.208466142518831 -5.477326143502063 -5.796116174678806 -6.1572105215542665 -6.56840893614797 -7.022933821888888 -7.507265380608374 -8.016038892984866 -8.546329001039283 -9.078465678300637 -9.612747589036859 -9.35546680177275 -8.942062420309794 -8.622735370145868 -8.396475295448848 -8.256195621532656 -8.1915264681471 -8.191979216963905 -8.244688040068318 -8.325601056338773 -8.379917288215918 -8.3692359578625 -8.30719301973988 -8.233723423100018 -8.191378874135681 -8.206637729627516 -8.297188883885685 -8.464550412037426 -8.683589794810239 -8.851281109319544 -8.584270006125884 -7.834921004119885 -6.987765806149124 -6.1596801126914595 -5.3823622793635915 -4.68077345469481 -4.086181376493362 -3.6390756965825135 -3.3673396063532266 -3.2630946184377585 -3.2696329155159107 -3.3433392533559543
-5.070668612043637 -5.28654366772429 -5.56088152324263 -5.885471024160728 -6.246478744417067 -6.6549104985019465 -7.095105484289276 -7.560091034027932 -8.043436347948138 -8.529670356941642 -8.970201086896562 -9.251882102784556 -9.148892364464038 -8.829511209965254 -8.521223865996404 -8.2707092069225 -8.084350250974602 -7.957655558718547 -7.886069590665579 -7.8702698623323535 -7.889878995072978 -7.899986675012325 -7.865812297532704 -7.7957040922191325 -7.712262049698886 -7.649384321992326 -7.641506381972386 -7.7107321135270634 -7.848432297977006 -8.001194711063157 -8.05671193624846 -7.834605753967306 -7.313402103219718 -6.6488523702963835 -5.958925176807482 -5.292750972377105 -4.686681414079607 -4.171643011250622 -3.7773209198857125 -3.521769347905125 -3.39848537895786 -3.3668899913807735 -3.4000272275124983
-5.102202544598733 -5.31941738501807 -5.595597909509181 -5.920002798070093 -6.271786997939402 -6.6552650116609735 -7.063607797848663 -7.489360707679807 -7.925852592026477 -8.340674780820137 -8.672280182115028 -8.844024531018263 -8.78641709366509 -8.561411285313254 -8.301016229512207 -8.057696008522104 -7.850313319226747 -7.681121698822793 -7.54523867615793 -7.47819319243438 -7.45166599396155 -7.417921848325515 -7.344708711572812 -7.236508089042009 -7.111433113508053 -6.999377699792344 -6.942457308479557 -6.978683878253991 -7.096638213522527 -7.224265459332198 -7.265996828286986 -7.109974925385698 -6.740134467699216 -6.235817312002251 -5.685733918052835 -5.138935579389546 -4.632032530970357 -4.195378184995424 -3.854240655682032 -3.6246421551770087 -3.4991802955945763 -3.446676288120811 -3.4517557687528573
-5.087686018229363 -5.305456217508545 -5.580099714508631 -5.898498602325607 -6.226354263895859 -6.573567425095479 -6.942620462635187 -7.325713911056619 -7.708622843262397 -8.052941349164406 -8.306214095362943 -8.425838268930827 -8.384251273892339 -8.209733743726435 -7.992107732724742 -7.769144148525284 -7.55946089360002 -7.370269871025578 -7.206487199855635 -7.0884284633488415 -7.002509136224302 -6.919053219176034 -6.804437932508824 -6.65301783163904 -6.474586216145064 -6.290353976465984 -6.151858952878367 -6.153948658657824 -6.294847231686544 -6.449441913784557 -6.523474516512221 -6.435064769838917 -6.185845293518888 -5.814230792419777 -5.3831089443070494 -4.946845717802805 -4.533814143038068 -4.172122247694521 -3.8848678785666317 -3.687209028945878 -3.567633616498166 -3.5063806703845994 -3.4941583750033565
-5.028781952699562 -5.24473600538267 -5.5150297786651965 -5.816198476942979 -6.118260046118692 -6.430035567819926 -6.759845716668485 -7.097079847185027 -7.427562832014746 -7.7138479455093965 -7.913774326295455 -8.003067941535667 -7.968208739475615 -7.820386602968455 -7.628679628971344 -7.423797801786755 -7.219160087631714 -7.023145309524216 -6.8431478491914675 -6.686078159805241 -6.547699504943079 -6.416160801382054 -6.267947679073666 -6.081570822146856 -5.858385409629731 -5.602170391675833 -5.333978983910488 -5.295880673847762 -5.538227758629391 -5.746305673291978 -5.860211990280495 -5.831913052926352 -5.6758614697640795 -5.415149541169579 -5.0860225377312585 -4.742641159454246 -4.412795501336635 -4.119837316350094 -3.8850338275620024 -3.7204056177310316 -3.6105441062785344 -3.548543946611141 -3.527238585135974
-4.928041245076031 -5.142389248109495 -5.4075487807383995 -5.688029146984142 -5.96716715957579 -6.244343839470263 -6.532540615194712 -6.8241610046439085 -7.107621763154162 -7.347907344649071 -7.510078497347973 -7.5795183431302355 -7.548601531374484 -7.4200099988307056 -7.24196949497251 -7.050180558776271 -6.851614172091321 -6.651684030488545 -6.455949706131378 -6.26947010049816 -6.093222082729104 -5.923835302604602 -5.752596861898244 -5.551623962197341 -5.316555995154916 -5.049318868152737 -4.769400101930916 -4.7210772101509875 -4.9588895995105515 -5.171746681654942 -5.299144332190365 -5.314136177064838 -5.226348776429356 -5.05164425340994 -4.81312582456335 -4.5477933501032926 -4.288267382115496 -4.0559644433887865 -3.870164897564769 -3.7342337148594043 -3.6367542898524503 -3.5782058777624757 -3.5536224349549235
-4.803998703633779 -5.017382186982566 -5.269431566597488 -5.526751685228012 -5.78114876412398 -6.028500107391826 -6.275019228963818 -6.523696222195344 -6.76507907518692 -6.968559512462699 -7.102493312586555 -7.157822253965474 -7.1301277096526485 -7.020551423086424 -6.85093533297019 -6.668389173767608 -6.475309747358578 -6.271684712039236 -6.060906050924559 -5.850141112329201 -5.646038256023621 -5.451402543378085 -5.265760454702983 -5.073606983936308 -4.862773023535542 -4.648560917514443 -4.478873127076442 -4.450705727257023 -4.571595176226113 -4.733580431778976 -4.847035811864198 -4.884220619647593 -4.843246991681187 -4.733171549527875 -4.569797382773315 -4.375234288670547 -4.176035978881219 -3.9957057643602916 -3.852613968253632 -3.738943356629509 -3.6545517673722623 -3.6014086323509034 -3.577309081877329
-4.665521351612706 -4.873932876877468 -5.106683394414353 -5.3390680124626275 -5.5678772263763765 -5.7894942965578755 -5.999623858853008 -6.208467280534401 -6.411463515621511 -6.584200804924537 -6.695505594739689 -6.7396395032877905 -6.71453718864222 -6.621531945792833 -6.4663907853527505 -6.291824331003352 -6.1054888340630935 -5.898282375506894 -5.6706676594816585 -5.436300674432224 -5.21035817027137 -5.001081058805529 -4.810843917442078 -4.639137786263245 -4.47095143301501 -4.318594324930222 -4.216255443176214 -4.201851631463556 -4.276174191256469 -4.393411411382623 -4.48814786239439 -4.534309338239096 -4.524847330085369 -4.463157852970979 -4.359211404929749 -4.226682041760691 -4.085869494317337 -3.9515008190705045 -3.8383715198174513 -3.7434578242337295 -3.6714306456018835 -3.624651063110365 -3.602850850970756
-4.518051009442387 -4.716489275667137 -4.925748687558299 -5.131618478676969 -5.334383530522679 -5.531909338420991 -5.716780167878875 -5.889042203446389 -6.05598961667012 -6.201007871769443 -6.29248917435703 -6.326026558740315 -6.301618382173634 -6.22193329097353 -6.09083295843474 -5.926521128937859 -5.753230000200849 -5.5439961422222 -5.2917655397359376 -5.029086425556327 -4.785041837096157 -4.570503946667457 -4.387016378792751 -4.2350573894927095 -4.113306268499677 -4.014616875759965 -3.9579412873752005 -3.960607336856522 -4.024559539997295 -4.1188676504653365 -4.2003131203497555 -4.251648318187506 -4.265050747708255 -4.24067732248257 -4.1843907470164785 -4.105616425356445 -4.015416181260815 -3.926071772482469 -3.8348981532293243 -3.7551993482843438 -3.6939902988871722 -3.653643199178463 -3.6348443315773826
-4.3741469261661585 -4.5503370546070006 -4.734038061067099 -4.911582340327332 -5.087087084268277 -5.2640154845246805 -5.428813313709186 -5.575152911353914 -5.706932123958687 -5.824390018931325 -5.896759299521648 -5.918241248526332 -5.890452249783403 -5.817809653679122 -5.707042421668794 -5.565600499148244 -5.420322515432763 -5.217881050827973 -4.916914332132802 -4.618471689300602 -4.363449742111711 -4.155293918143835 -3.989642471418272 -3.8627464561578626 -3.7760349956505026 -3.7249501790559805 -3.7063808100011304 -3.7316103293445737 -3.805195520757508 -3.889377270548126 -3.9661449273995792 -4.024023492784409 -4.056578650461799 -4.06274175389364 -4.045872926455621 -4.012443556985498 -3.9663177258250344 -3.9069907476833077 -3.8427859826298354 -3.780122254944769 -3.7278297769680453 -3.693330348567968 -3.6776373544451415
-4.244307048386676 -4.388767574897714 -4.540899810840338 -4.691043359830891 -4.834366690523802 -4.9977658581469875 -5.142588158867785 -5.268444138872928 -5.37226522364005 -5.459773186602205 -5.512432837721805 -5.519000447173724 -5.481738060225271 -5.405756045888916 -5.299526233396149 -5.1753240497545825 -5.055776633370205 -4.893473539818863 -4.49946481119003 -4.182697942091825 -3.937678622528891 -3.7532906225856992 -3.6183010324967766 -3.5242168566794376 -3.467686911836414 -3.4500287590551597 -3.4688894088056847 -3.5288421051219343 -3.6105436126446238 -3.6950471903703788 -3.7746798254334264 -3.8422037469924213 -3.8930199551406726 -3.9259485345955802 -3.9430175708675383 -3.948052816448711 -3.930976434513013 -3.8946022868086505 -3.8532743004038057 -3.8121637262195076 -3.7757847456447324 -3.748009543091678 -3.7352495622379185
-4.133077670788968 -4.244267853336218 -4.3638132765087025 -4.4871954180597164 -4.615220644213404 -4.745685551107174 -4.865380483195823 -4.968962723476653 -5.052458804387434 -5.11325325889873 -5.145021946607441 -5.133721161516959 -5.080688193658062 -4.989670021073553 -4.866661282846113 -4.718850915251303 -4.544875344419162 -4.300050741845788 -3.9851331132944843 -3.7114366568421513 -3.509683903309364 -3.3698215805455223 -3.2787898631999655 -3.226006002159909 -3.2024225518929863 -3.2094851878512447 -3.2619005637411798 -3.3488988756195095 -3.4397294959653326 -3.531480821203133 -3.6197598620653606 -3.7001391959447103 -3.7696294820054783 -3.8274054359859973 -3.8740974728326387 -3.9017382167309203 -3.9069128883689808 -3.889333669778396 -3.8671660806997896 -3.844616376866244 -3.825433601259591 -3.8128143793877642 -3.80932070798106
-4.042380217081111 -4.121982470710323 -4.210852440501989 -4.306470417940715 -4.405789510296947 -4.505848292717725 -4.600062893107665 -4.6809446369471495 -4.743782606615197 -4.785608274669557 -4.801259467021051 -4.770855815815762 -4.69830129921608 -4.584872029166177 -4.431873021586852 -4.2392491162905275 -4.0026552270338565 -3.719778647873929 -3.439595315492602 -3.234082719990836 -3.1012955407604874 -3.021202556759955 -2.982225609292848 -2.9796412689028493 -3.00054922249032 -3.0321490674810825 -3.1001363097573975 -3.189776730830081 -3.293196909789939 -3.3971286549926933 -3.4983701787457626 -3.5943578093965227 -3.6833764805321847 -3.7632249487580647 -3.82501813957061 -3.868848608047004 -3.8923661225538893 -3.890894819810591 -3.8849436793467254 -3.8784545497669343 -3.8745119729207556 -3.875850552017371 -3.884759827287025
