_RESULTS/CROSS_VALIDATION_POSTPROCESSED_CLR/Berg/IZ/7comp/3/Berg_IZ_z_500_kriged_reverse_7comp_spherical_3.asc
ncols 100
nrows 90
xllcorner 5.6208707817415728
yllcorner 50.959635321741573
cellsize 0.00013419651685393446
nodata_value 1.7014100000000001E+038
[rows 0 to 18 of 90, columns 42 to 83 of 100]
-2.313192252868586 -2.355217601730636 -2.3920003852054585 -2.4228015683391404 -2.4476375823522485 -2.467195548925354 -2.482529514896577 -2.4680701683493 -2.4094883037207304 -2.3501325319144937 -2.2910228796956105 -2.2330340620737568 -2.176930202785571 -2.1233387372581265 -2.0724268192747806 -2.0248249822161126 -1.9812628047078022 -1.9424337675462284 -1.9089972113621245 -1.8815784427096032 -1.8607676075348565 -1.8449673142101748 -1.8324324840322752 -1.8233749135906634 -1.8179725266723894 -1.816370215850913 -1.8175349107677201 -1.8189314332194846 -1.8203354036965205 -1.821590288766482 -1.8225238933882233 -1.8229522652492718 -1.8229611653657343 -1.8229611653657343 -1.8229611653657343 -1.8229611653657343 -1.8229611653657343 -1.8229611653657343 -1.8229611653657343 -1.8229611653657343 -1.8229611653657343 -1.8229611653657343
-2.346105867324653 -2.390257894376151 -2.427601147629516 -2.4568713320352247 -2.47788398312784 -2.490833886806426 -2.4931176852840338 -2.4708170790049584 -2.4213969815353007 -2.363242855925862 -2.3033926897329278 -2.2441021210956373 -2.1861279546619254 -2.129923987507603 -2.076376226071736 -2.0262890338223407 -1.980412572053651 -1.939455436476972 -1.9040895641000872 -1.8749510476444704 -1.8526388207528 -1.8365608670421816 -1.8240806592025116 -1.8152579243042433 -1.810269108168119 -1.8092525577423286 -1.8110871508595834 -1.813285150880421 -1.8156257546860124 -1.8179347515536917 -1.8200223683223935 -1.8216879164422677 -1.8227237734435358 -1.8229611653657343 -1.8229611653657343 -1.8229611653657343 -1.8229611653657343 -1.8229611653657343 -1.8229611653657343 -1.8229611653657343 -1.8229611653657343 -1.8229611653657343
-2.374129254202216 -2.4205420733417613 -2.457880063813004 -2.483750534936002 -2.4977624272216907 -2.500305545342033 -2.489715283645869 -2.461901573251485 -2.417405200852391 -2.3631945119397866 -2.3051443154496645 -2.2456752203347734 -2.186372317129702 -2.12857997223039 -2.0733488326927567 -2.0215782607391217 -1.9740796821590754 -1.9316055069194311 -1.8948616081516911 -1.8645113526366093 -1.841175250817919 -1.8248581616882964 -1.8126765193731185 -1.8043301860314525 -1.7999963263991552 -1.799807082231602 -1.8023831460049207 -1.8054359653273082 -1.8087692933483221 -1.812187922513793 -1.8154816734442012 -1.8184309086557169 -1.8208110507952293 -1.8223960691033556 -1.8229611653657343 -1.8229611653657343 -1.8229611653657343 -1.8229611653657343 -1.8229611653657343 -1.8229611653657343 -1.8229611653657343 -1.8229611653657343
-2.3962258078619394 -2.445944586866842 -2.483803779270447 -2.5050210738561534 -2.5099567751423275 -2.5016792752421066 -2.4814404418446494 -2.4489372727903116 -2.4052433782692875 -2.3536459953130913 -2.2969089362578554 -2.2376902055324264 -2.178103075289172 -2.1196760117993714 -2.0636036249368592 -2.01088991807912 -1.962424186102333 -1.9190197436779848 -1.8814322154518583 -1.8503457346217167 -1.8260169913359534 -1.8090329653126402 -1.7969966633944665 -1.789388096257999 -1.7863742933522166 -1.7878647823141127 -1.7915998989784623 -1.7955750930009229 -1.799966193437375 -1.8045575138976608 -1.8091151746009548 -1.8133981798023195 -1.8171634439647666 -1.820169413893391 -1.8221784801027419 -1.8229584234894503 -1.8229611653657343 -1.8229611653657343 -1.8229611653657343 -1.8229611653657343 -1.8229611653657343 -1.8229611653657343
-2.410171070427511 -2.465362603245977 -2.5064907961234226 -2.5215796860825095 -2.5147219874448643 -2.495600458353472 -2.467520146748858 -2.431053507575691 -2.38694594390568 -2.3359249820954884 -2.279975556408269 -2.2214346677555685 -2.162220906312887 -2.103870603294312 -2.0476462480469193 -1.994629266111072 -1.9453326533764421 -1.8988890025283114 -1.8568938534584183 -1.8210915374321364 -1.793005907823909 -1.7737873645721474 -1.7612977587738392 -1.7547014114900044 -1.754165903090713 -1.7594838231857424 -1.7678299597134461 -1.7772756131138119 -1.7867453027950684 -1.7949836274881068 -1.8011483026166806 -1.8068182297598576 -1.8120099727261418 -1.8164659778958068 -1.8199361597878505 -1.822178850571415 -1.8229611653657343 -1.8229611653657343 -1.8229611653657343 -1.8229611653657343 -1.8229611653657343 -1.8229611653657343
-2.410895318072556 -2.472623997149963 -2.525747797155332 -2.529385687492547 -2.507356955736074 -2.479246422059365 -2.445870566457013 -2.406959668891067 -2.361874993403231 -2.310914887616451 -2.2557469101532153 -2.198140998708324 -2.139740493831316 -2.0819919526688158 -2.0251478176222633 -1.9672686111957258 -1.9104300104921037 -1.8569245388304079 -1.8088693162296554 -1.7681787036083207 -1.7365288558897412 -1.715245845627277 -1.7024156346825385 -1.697047364259954 -1.699307141626285 -1.7086496621571863 -1.7219154068037843 -1.7376378188770139 -1.7546037949228004 -1.7714116858296163 -1.7865146290053813 -1.7982598468642257 -1.8055919047876205 -1.811523423253499 -1.8164661901871746 -1.820170266681845 -1.8223970092533888 -1.8229611653657343 -1.8229611653657343 -1.8229611653657343 -1.8229611653657343 -1.8229611653657343
-2.3926314711399352 -2.4521523618999272 -2.5035858843136234 -2.5039780963728275 -2.4790561302120437 -2.448846941345537 -2.414344369366149 -2.3750074522664715 -2.329770576652751 -2.2794333691650372 -2.2253174833187153 -2.1689326498733457 -2.1115150062203587 -2.0498747761648266 -1.9845158628843105 -1.9181845572357072 -1.853502601571653 -1.7929531943327364 -1.738854446478692 -1.6933200837726765 -1.6582103678707876 -1.6350061060328802 -1.6219054963569413 -1.6179676113653536 -1.6233528269844626 -1.6368184765995892 -1.6553729286421612 -1.677802276830764 -1.7027252893822942 -1.7285659275463257 -1.7536067079819049 -1.7760350654252963 -1.7939814814912327 -1.8055493882406868 -1.812009316036557 -1.8171640426600297 -1.8208125373354092 -1.8227247801031614 -1.8229611653657343 -1.8229611653657343 -1.8229611653657343 -1.8229611653657343
-2.355948282667143 -2.404157550559938 -2.437920325617558 -2.4449731043570244 -2.430238788216852 -2.404712292801101 -2.372833160779867 -2.334650930324726 -2.290703493006348 -2.241999661896632 -2.1896583194405874 -2.1336381005366256 -2.0692509398998125 -1.9984636763157742 -1.924216727457462 -1.849387417177299 -1.7767719864299372 -1.7090607007913292 -1.6488000301685208 -1.598339431513359 -1.5597642494656179 -1.5346994854134413 -1.5213495420868748 -1.5190321509909674 -1.5278610442322194 -1.5454741570304609 -1.5697631061539057 -1.5994096034796836 -1.6328252445200957 -1.6682253649002703 -1.7036943670424702 -1.7372395950815118 -1.7668333205211781 -1.7904438023453064 -1.8060570327345946 -1.8133969624553619 -1.818431782098662 -1.8216896133414455 -1.8229525331493492 -1.8229611653657343 -1.8229611653657343 -1.8229611653657343
-2.307592348142605 -2.345671700863169 -2.3714270165104407 -2.3798892377514713 -2.3719208640228424 -2.352171711116103 -2.3236949192379144 -2.287596975936273 -2.2457898802459857 -2.199412330502142 -2.1473156773117816 -2.083483195764626 -2.010038057584817 -1.9300983537647496 -1.8468786434861875 -1.7633938808505856 -1.6826248395555723 -1.60748913720436 -1.540795079480725 -1.4851742931641692 -1.442992265627344 -1.415985985041795 -1.402351021083486 -1.4018360453692909 -1.4140395844523368 -1.4361405381338392 -1.4667078460898466 -1.5041798877916404 -1.5467112384903594 -1.5922676164720821 -1.6387046361010122 -1.683828760670643 -1.7254417715159214 -1.7613712761117701 -1.7894900806308414 -1.807727113231601 -1.8154800796269128 -1.8200233393878995 -1.8225251993625684 -1.8229611653657343 -1.8229611653657343 -1.8229611653657343
-2.2606617285609656 -2.2951169401437035 -2.3187807869569355 -2.3288232392918538 -2.325143206348721 -2.3096872231930385 -2.2833202826998327 -2.247860339911597 -2.205412952125114 -2.155957589953185 -2.092859801036432 -2.018719467606283 -1.9364843725184344 -1.847627042137988 -1.7552910489106117 -1.6629547253479058 -1.5737720570846492 -1.4908501117757087 -1.4172700689041902 -1.3560090345080495 -1.3098248157454733 -1.2805516641763006 -1.266528849490102 -1.267984243404436 -1.2832736872493422 -1.3104007248035023 -1.347916445566902 -1.3939420664895639 -1.4463123492020538 -1.5026958323518849 -1.5606868603740371 -1.6178715197516884 -1.6718719041966617 -1.7203734152516736 -1.7611394114517445 -1.7920168916228083 -1.8109361880665347 -1.8179330396907585 -1.821591126349819 -1.8229563787042466 -1.8229611653657343 -1.8229611653657343
-2.2294059499845518 -2.2624990149899435 -2.285733866691449 -2.297142398944009 -2.2962900010134084 -2.283508207039599 -2.258685849997458 -2.22370828287024 -2.1795791891882748 -2.1184484470870175 -2.0412807189138866 -1.9521030599462401 -1.8553045482993653 -1.7550362212575243 -1.6542122231720895 -1.5532128140729644 -1.4554499395498857 -1.3642991398020576 -1.2831790235195055 -1.215479026779617 -1.164419851751215 -1.131725331342773 -1.1164384173245514 -1.1188580618703403 -1.1370996534699227 -1.1699286698076934 -1.2152251657893172 -1.2706754553289432 -1.3337180195190443 -1.4016721596493498 -1.4718395394552237 -1.5415704583322314 -1.6083036018827463 -1.6695864443307484 -1.7230821740901003 -1.7665678345992597 -1.7979272428121196 -1.8151412255821016 -1.820333889409929 -1.8227069908886027 -1.8229611653657343 -1.8229611653657343
-2.214838839096998 -2.248035298050585 -2.271858351863654 -2.28470068672389 -2.2859700514670687 -2.2747207142056434 -2.2508191478215056 -2.21585125364022 -2.1628943973602945 -2.0890001573208847 -1.9984984093838807 -1.8952591704839834 -1.783302154362589 -1.666848377621189 -1.5503197707845613 -1.4382797779197585 -1.331418082288444 -1.2313429532584625 -1.141842873245805 -1.0667966395908248 -1.0100248774068625 -0.9729154629385657 -0.9557437724598421 -0.9579846141389468 -0.9789443500537244 -1.0172446624888547 -1.0707154498789655 -1.1365676927468584 -1.211228068954129 -1.2915577611726436 -1.374540129868151 -1.4572821026244673 -1.5370435960676245 -1.6112463952289169 -1.677469784453519 -1.7334385749753396 -1.7770075573786404 -1.8061450022920882 -1.818925445267674 -1.8221897318589655 -1.8229611653657343 -1.8229611653657343
-2.2170805128041957 -2.2514877301589595 -2.2766575719785465 -2.291122132172682 -2.2940880778035084 -2.2837573024311757 -2.260243286793891 -2.2208571161785153 -2.156996059766128 -2.0715929178526142 -1.9682755905591005 -1.8509136168824007 -1.72360535999278 -1.5906742880636118 -1.4566737586665295 -1.3263991960104067 -1.204919464637987 -1.0950017448210208 -0.996084494586757 -0.9124805169851209 -0.8485476697118466 -0.8056954884559244 -0.784971852430919 -0.7871129162605923 -0.8116162875514841 -0.8563949511794731 -0.9184940869459642 -0.9946182587330825 -1.0814137531301484 -1.174957713351359 -1.271375542530106 -1.3675351255293677 -1.4605336348133566 -1.5476894796011422 -1.6265225753154149 -1.694729561165108 -1.7501582469869925 -1.790783677981707 -1.8146869135579922 -1.8215460980528466 -1.8229606596312529 -1.8229611653657343
-2.2358688346328277 -2.2724136865173588 -2.2995879312850835 -2.315938415006516 -2.3203614641801718 -2.3106763581242267 -2.2868658717604036 -2.239200188377594 -2.1652887178451685 -2.0684399873959256 -1.9522871892386042 -1.8207410509956607 -1.6779618676150954 -1.5283503651400958 -1.3765569484464326 -1.2275075890467155 -1.0864424520858056 -0.9590766684208928 -0.8492112154616067 -0.7555272051320818 -0.6820907355684842 -0.6307335543877235 -0.6051612154203214 -0.6076143156502092 -0.6369302019415553 -0.6897295821021898 -0.7619429641867215 -0.8494603093610817 -0.948324868854214 -1.054827270336494 -1.1651692803218165 -1.2750427504294772 -1.3813515153661204 -1.4813448862413814 -1.5725170833469007 -1.6525670309416653 -1.719361702975325 -1.7709046011215572 -1.8053095649433213 -1.8207794545023226 -1.822893489727212 -1.8229611653657343
-2.2707112977545174 -2.3102488010477766 -2.340066863090539 -2.35863536878134 -2.364498834325395 -2.3557140986203895 -2.329149899897553 -2.272986592774211 -2.189151389377507 -2.0809385577554638 -1.9520080763889374 -1.8063175845817603 -1.6480790379353774 -1.481743636097362 -1.3120159141905794 -1.1438954031419377 -0.9827414571042482 -0.8343539434763274 -0.7054503007944808 -0.5996308534792558 -0.5125810100508403 -0.44929898759971443 -0.4174813118198728 -0.4211893134253335 -0.45732977993133983 -0.5200970137861802 -0.6040798637758402 -0.7043408218076412 -0.8163029219218365 -0.9358015486360808 -1.0591324763016714 -1.1827043509290012 -1.3022007504870399 -1.4147166213632085 -1.5177634369829534 -1.609078459177759 -1.6865768220337847 -1.7483131637530804 -1.79245151663819 -1.8172419175073178 -1.822773039138947 -1.8229611653657343
-2.3209454716438866 -2.3643331406758468 -2.3974738612850497 -2.4186727060949416 -2.4265100370059005 -2.41983736742728 -2.3875432895821707 -2.323204240222155 -2.229658906025805 -2.1098249495422525 -1.9674899190582 -1.8074576870392587 -1.6342727607983787 -1.4521826764989463 -1.265164609683842 -1.0779817604567512 -0.8965360259264605 -0.7267387444284545 -0.5751857925709076 -0.44776202671289833 -0.34357808057755657 -0.2641986756808872 -0.22313300383139567 -0.23074511479165172 -0.2766008297314637 -0.3512880835684946 -0.4486038767655587 -0.5628726496531933 -0.6888330533884046 -0.8218385086934905 -0.9579155577876888 -1.093703642206505 -1.2258836793668564 -1.350350492337029 -1.4645701687280601 -1.5663578039970067 -1.6537062137218523 -1.7247427390378278 -1.7776971071220915 -1.8108775316197043 -1.8226671331966546 -1.8229611653657343
-2.3857527823577622 -2.433910888420995 -2.4711459370645725 -2.4957093089846905 -2.507064147324864 -2.4997641376360997 -2.455136988530242 -2.3738068277614093 -2.2610299217924537 -2.1221803910337464 -1.9625393929002772 -1.7871221952206926 -1.600566537554124 -1.4070932190044458 -1.2105417220448749 -1.0144799212780773 -0.822385432276129 -0.6375091892823339 -0.46320794835199197 -0.30837209535010524 -0.18230910490960528 -0.08389330889739766 -0.024143957694281903 -0.04410968055285758 -0.1005793703380915 -0.18799982743640187 -0.2998627656781754 -0.4292326877108352 -0.5698653296895042 -0.7165791747399257 -0.8651990867665766 -1.012355673220792 -1.1552787435740628 -1.2907820591849946 -1.415193991290707 -1.5264193317435375 -1.6225549762745626 -1.7018185313958953 -1.7625168429059421 -1.8030235287530518 -1.8217627697373466 -1.8229611653657343
-2.464141185635115 -2.518110693708592 -2.5603942348217186 -2.586417285011292 -2.5882920881791787 -2.561387413919434 -2.494256466679964 -2.3910354645699714 -2.257457672098704 -2.0993860957451664 -1.9225198157586352 -1.7321603404644612 -1.5330662947875024 -1.3294049396420249 -1.124799264614445 -0.922263993397487 -0.724278883649297 -0.5338090291788968 -0.3527119715438185 -0.1848203708202245 -0.03745180180935659 0.0741050048957963 0.13477305751705715 0.12645343529407227 0.06515926818965911 -0.03500265396266 -0.1627158888155662 -0.30820033157805926 -0.4638405802808241 -0.623985894355074 -0.7844361762681078 -0.9419758521582521 -1.0940385671808062 -1.238461696085177 -1.3717729402429963 -1.4911397824908252 -1.5947815262557903 -1.6810161515759625 -1.7482326365786187 -1.7948719129206507 -1.8194135333825723 -1.8229611653657343
-2.5543354845786226 -2.6141997251484455 -2.6485072251021147 -2.6571499417609905 -2.641180418367358 -2.5926806429677915 -2.502753043587859 -2.3771074238796164 -2.222196204311573 -2.0446017494194373 -1.8506193285220724 -1.6459455311790898 -1.4354502149431168 -1.2229498828023768 -1.0115769851582108 -0.8038690672412618 -0.6020369778750969 -0.40717944613898127 -0.22075881652942098 -0.04743463515489421 0.10406997853612965 0.21983612557960908 0.2880743266965895 0.28707032105712815 0.21928405914693072 0.10316470339111805 -0.0428377633205852 -0.20536299408244751 -0.3757230790861945 -0.5482674044271469 -0.7191271235671668 -0.8854615088288882 -1.0450327489239863 -1.1959664256209885 -1.336243225379071 -1.462190323116064 -1.5718422793048907 -1.6636166932422698 -1.735981243490398 -1.7874395744742047 -1.816521658355124 -1.8229611653657343
