_RESULTS/CROSS_VALIDATION_POSTPROCESSED_CLR/Berg/IZ/7comp/3/Berg_IZ_z_1000_kriged_reverse_7comp_spherical_3.asc
ncols 100
nrows 90
xllcorner 5.6208707817415728
yllcorner 50.959635321741573
cellsize 0.00013419651685393446
nodata_value 1.7014100000000001E+038
[rows 19 to 37 of 90, columns 42 to 83 of 100]
-1.3499255220107291 -1.234528453845268 -1.1870549644721375 -1.2124805080833223 -1.2986846016130613 -1.4244372565896444 -1.6128561413469082 -1.8514126839164295 -2.125337567561145 -2.4191526869049174 -2.717972570443437 -3.008388944946854 -3.2789691651306754 -3.5205003415674665 -3.726129592369134 -3.8915390713538107 -4.018218028785809 -4.112551852027042 -4.181945260228915 -4.239232571226846 -4.300392784577995 -4.380562220947077 -4.468749324242029 -4.519906181019823 -4.479433911934226 -4.374243514486893 -4.245340980379188 -4.111790477018191 -3.981478639127406 -3.85820297707897 -3.7443352279998487 -3.64173120668286 -3.5520444810145055 -3.476838605147467 -3.4176293610588058 -3.366812056268354 -3.315125268270861 -3.262542402948735 -3.2090611042087835 -3.1546959289033927 -3.099474778491984 -3.0665829693016677
-1.2156800696607264 -1.1284616969961867 -1.1116779208634067 -1.170658733916087 -1.3038089068078933 -1.501691972381093 -1.769756741201988 -2.09291740230325 -2.453283453158071 -2.8326028066680027 -3.2140689820220434 -3.5833328782871368 -3.928935336824215 -4.242451450810644 -4.518609809689297 -4.758758962526884 -4.968222017933587 -5.155296434877329 -5.334831594348065 -5.529102768243041 -5.762207992248169 -6.041933788218523 -6.275764159463495 -6.205179548555813 -5.863163965638415 -5.4935461325985955 -5.158199850493938 -4.8652033486936945 -4.608900456420914 -4.383272827754144 -4.184058155269603 -4.008627837187016 -3.855549255965374 -3.7242137727807494 -3.6145731484029704 -3.5242883654422856 -3.43869213994043 -3.35494849254043 -3.2725714792395664 -3.191197735908024 -3.1105559001110117 -3.0665833700334515
-1.1265178608812763 -1.0660986740534524 -1.0723837313013975 -1.1597478774922192 -1.336234465182566 -1.608912200287782 -1.9625020288388018 -2.3775224442766 -2.831149848898616 -3.3011913600037714 -3.7684167374707247 -4.217431647819803 -4.636751273748175 -5.017807993227035 -5.360980167631656 -5.669034374307554 -5.947346905627503 -6.205807531984311 -6.460599116302915 -6.738503310450331 -7.071892962970066 -7.493438243076639 -8.006360621857366 -7.791979248204683 -7.039845795487836 -6.433548432733405 -5.944141720510929 -5.52861133971012 -5.171000737524276 -4.859705558986763 -4.586761175213781 -4.346883663629941 -4.136676857450559 -3.9540566081823756 -3.7978520970726857 -3.66736059773341 -3.549741110139916 -3.4363491368716415 -3.326308857152029 -3.2189455993834803 -3.1147400999128316 -3.0666702067518643
-1.0821549809539976 -1.0423998241999195 -1.0595248490531834 -1.1692055830626233 -1.383446480953427 -1.7329549128548463 -2.180434786346109 -2.69677736867199 -3.2513817234825995 -3.8116437528930067 -4.350057086506768 -4.856039166859894 -5.325246305028893 -5.756646870308784 -6.150723157857362 -6.510108827145986 -6.83977019831627 -7.148079056682988 -7.448364045253994 -7.759173235182422 -8.098316076532674 -8.468765875167723 -8.779813293354563 -8.514200600987948 -7.788581926146771 -7.10271397545188 -6.5370957249488 -6.056365641555033 -5.634055840028118 -5.261605563300923 -4.932003215471794 -4.639995927240388 -4.381842118867732 -4.154989644578907 -3.95779070377633 -3.7892765020281085 -3.6420828203188527 -3.5013294020572814 -3.3654867912650097 -3.2336693517753323 -3.113526935564016 -3.0734952192819778
-1.0561891058155113 -1.0326087882660775 -1.0621405564396262 -1.1896383947969542 -1.4387109475848607 -1.861770881238877 -2.416103395234103 -3.032961555773844 -3.6626291118454315 -4.27973279440664 -4.8691464791626355 -5.42206696523961 -5.934309327304714 -6.4051937659609886 -6.836209518042432 -7.229721554482291 -7.588181515968218 -7.91475175034372 -8.215387582414694 -8.49980574575673 -8.767520295477137 -8.984695841532114 -9.037287417059217 -8.749344899401017 -8.17347630130631 -7.527067156589837 -6.934076183547517 -6.431894584588441 -5.981301175723643 -5.573519561299163 -5.206056159190139 -4.87594176748098 -4.58055214895283 -4.317836939330844 -4.086326143063368 -3.8845650823577347 -3.707148735390483 -3.5383698928309646 -3.3760984240761207 -3.220973840674417 -3.11379123280874 -3.1154344278360195
-1.050384833669992 -1.0412277172185571 -1.0860105750928128 -1.2198220912300592 -1.4942121251899585 -1.9781128524302085 -2.620760732528758 -3.3162698994661577 -4.015514573484338 -4.690949244514703 -5.327730205803078 -5.9185049968244225 -6.461054291501106 -6.956742683377946 -7.408685762282349 -7.81929070752456 -8.191037752069683 -8.518955192179169 -8.796047461994632 -9.021300715568378 -9.188052386571554 -9.264283125060828 -9.183354565642302 -8.87991912687505 -8.392563913144633 -7.8084857202043825 -7.212543293787233 -6.682817806231349 -6.2205978219681874 -5.792319435209256 -5.4022267179431465 -5.047587047809934 -4.725297272513201 -4.4289263186869245 -4.158508825559238 -3.9162419871941694 -3.703016435400576 -3.5043099235139534 -3.3177377487245026 -3.1651115174853954 -3.0987920332830754 -3.1551173645042088
-1.1130915843415767 -1.1192121408904776 -1.168510874367303 -1.2835536984344174 -1.5249258031331951 -2.035615461738775 -2.780983055945881 -3.5686474303218856 -4.335707938655963 -5.060684591381623 -5.7327096600316985 -6.34682339959902 -6.902994530624622 -7.405321877692593 -7.8658011652589614 -8.290904669717253 -8.674335073898805 -8.995480692121783 -9.228987481894842 -9.373099546657375 -9.435370744982835 -9.402458813259287 -9.24085509315589 -8.921908661472093 -8.478223526429966 -7.959089887947666 -7.408620437568366 -6.865081169644958 -6.390078726185642 -5.954300688434165 -5.546147209143028 -5.160713285062448 -4.800089484079747 -4.462569328917334 -4.149727795117808 -3.8665059358843377 -3.618028372339053 -3.3943843164521685 -3.2088955960252696 -3.0836629673797504 -3.0683866046266126 -3.183313020532411
-1.2634189813612289 -1.300855014520942 -1.370696088755527 -1.4327368497847717 -1.4968374168437486 -2.115000140303633 -2.968823477376707 -3.8297400498307135 -4.643848648787424 -5.40006756189575 -6.0898995035545465 -6.708830087018642 -7.260701176212141 -7.761605989700367 -8.220467631227573 -8.644821940665388 -9.033248253593888 -9.352789525507086 -9.528239079584477 -9.571097035776942 -9.533876831332643 -9.418221898046896 -9.204140791322475 -8.874784026234387 -8.458312229241837 -7.993632396657382 -7.5114934273679275 -7.0310205122398255 -6.568218246930767 -6.139836628857678 -5.709118641092083 -5.284634733454344 -4.875346453998671 -4.490007145351958 -4.133332557863507 -3.8021982936274417 -3.503473779497281 -3.254726393133821 -3.0634699456668355 -2.978942970513323 -3.0233912481976484 -3.195858659817665
-1.5041504084225332 -1.5990621853894749 -1.6989392272311754 -1.787316316108263 -1.9520838851766928 -2.492454285790231 -3.2785668123701046 -4.12657284931843 -4.951103448478245 -5.7147717645305764 -6.402654278519787 -7.012539066868001 -7.553007204679243 -8.030419408092289 -8.45834708336051 -8.852888464183433 -9.227091169274786 -9.578020459148977 -9.67087243753926 -9.59393654911882 -9.477788522524227 -9.307626195669268 -9.064154974700816 -8.743356226571823 -8.381713858118085 -7.995507223784722 -7.593355155338809 -7.185867573196008 -6.771442093281074 -6.34135580637586 -5.88927797338617 -5.431329523616631 -4.978045295783694 -4.53979940222753 -4.127151529337324 -3.748794581240248 -3.4183830578638212 -3.148786810436097 -2.962039015495435 -2.8949069344086373 -2.9742268521401125 -3.1884760198408477
-1.8245375118403016 -1.96715486346648 -2.1077946604248603 -2.2807634725147814 -2.5629731103457294 -3.0370993902341517 -3.6871640583204632 -4.449756166996079 -5.248314960244944 -6.000570475747768 -6.6794689387888555 -7.275421021472507 -7.78044448035404 -8.203160170913845 -8.564073839272622 -8.886093590319222 -9.184498632182883 -9.440628180187867 -9.502289942483632 -9.409535445900906 -9.265296333462517 -9.074761820502333 -8.849982428273714 -8.582618446371445 -8.293110401635241 -7.986994022483211 -7.665683151032292 -7.3193784047260655 -6.943673664395371 -6.546905131831496 -6.08790247495017 -5.600026717845305 -5.106100754576618 -4.617859260413862 -4.14736894742571 -3.714572513104846 -3.361643721986204 -3.08648585139996 -2.919282105830229 -2.872442133892804 -2.9767240242358457 -3.1920681790510725
-2.1814470048668113 -2.3477355549863645 -2.530928691107678 -2.763692019899751 -3.090231046990885 -3.5402483275511516 -4.103001298345187 -4.777394572393499 -5.511890202329112 -6.251910989403584 -6.927545914526226 -7.495645197527695 -7.939811094990528 -8.27832830957971 -8.552957193866304 -8.789840863561983 -8.996567424393655 -9.147228878461217 -9.19228676432354 -9.131251586665945 -9.007845214090308 -8.861935740873532 -8.685188033726146 -8.46758245590618 -8.232820686758245 -7.987508101673834 -7.721423541125835 -7.424293295730784 -7.091225415157204 -6.727170069973471 -6.303474317959049 -5.790514079629215 -5.257871125994885 -4.721236121241679 -4.194521613153949 -3.7206983052691482 -3.338754144740472 -3.079487344193665 -2.931488081539906 -2.906117449294021 -3.023351944162492 -3.23630324661846
-2.523383008126208 -2.7077319504211923 -2.9184692884036103 -3.1808194985286184 -3.5209044089842316 -3.95289467805542 -4.467225407285368 -5.066631729163283 -5.744321902781971 -6.459962624537211 -7.135724157959757 -7.680159902358485 -8.071110010272102 -8.327978038170928 -8.503559761406764 -8.6418114400115 -8.758387890290413 -8.841313412193855 -8.867201958040496 -8.837289996656661 -8.7867036064025 -8.711450529678073 -8.600055947054337 -8.446600087777771 -8.274569861056415 -8.07590011119975 -7.828978031667537 -7.541252117997454 -7.225857006228766 -6.893519167246222 -6.509290357735091 -6.002742985542536 -5.4321898954053855 -4.847606461163421 -4.273235740247279 -3.769971975873542 -3.386051510371321 -3.1266895730897057 -2.994941834032787 -2.9894959700596164 -3.1014592962539327 -3.3089256083231158
-2.8326332010221016 -3.023846581316267 -3.243933798396219 -3.512038325408045 -3.845659574291375 -4.254409246788616 -4.735016875473048 -5.278239824075453 -5.921391028827349 -6.627493108201314 -7.3324962197253925 -7.903720186690057 -8.22684079349042 -8.352055186147444 -8.394437892860022 -8.42492777459663 -8.464813146493208 -8.505442382975806 -8.536798937710351 -8.577865259565462 -8.61194782764226 -8.621221011346194 -8.584337317299896 -8.493670300596245 -8.370403781187719 -8.188860905483804 -7.949863903059757 -7.664119208242559 -7.344099610492703 -7.003345243921405 -6.64376364887908 -6.184466003224085 -5.605536904307104 -4.988795747724737 -4.394211155862564 -3.890431621844693 -3.503125141964636 -3.2365075914224537 -3.105785357206055 -3.1021707811203267 -3.198855521746034 -3.39724899430412
-3.0975997759661507 -3.282700984954478 -3.494702140365882 -3.7485542393919613 -4.057521207388651 -4.43017856062925 -4.868300493219431 -5.380361285017344 -5.997663951074412 -6.759681703841848 -7.573281302691025 -8.194606166593056 -8.366676225695517 -8.28194809075919 -8.166341508163248 -8.098175708509718 -8.086983474246372 -8.121023939628532 -8.216583817247919 -8.347568246511965 -8.466123468470077 -8.538175917015089 -8.54890145988216 -8.511677892294735 -8.419815082534965 -8.255702947670565 -8.027503059734627 -7.745894016666625 -7.423120112541586 -7.072340481358308 -6.699547254379787 -6.242779431523619 -5.685906062716182 -5.0832230811497325 -4.53385094522776 -4.0643367504281445 -3.6856092654105153 -3.406664353087564 -3.2614526311899543 -3.2274626040193195 -3.303005004712452 -3.488224860439846
-3.312413620171485 -3.478645768645958 -3.666671627366591 -3.8883138423763666 -4.154134572199374 -4.472051391207844 -4.85016345750909 -5.332405315521142 -5.96111820251458 -6.750990842158793 -7.699543267981484 -8.590121851561712 -8.36407596912369 -7.98296808797101 -7.732244699455597 -7.609483012390748 -7.592355254248895 -7.691691103527397 -7.878218077660106 -8.080631104686443 -8.263079615638297 -8.397990525767021 -8.469042924967445 -8.48823664539074 -8.426240588025884 -8.28285281874128 -8.067374518512056 -7.791364312057805 -7.467405469971347 -7.108441308241801 -6.7219522794341575 -6.258465645322872 -5.716856968003393 -5.146788122103841 -4.6385497056113465 -4.208847812256707 -3.8661745079072407 -3.6153667999209853 -3.4382350117520586 -3.353532750198524 -3.401090025501146 -3.56857820545205
-3.476174762072381 -3.6120503359173135 -3.762191629142219 -3.9356344878940313 -4.140329895620827 -4.382396947718673 -4.696702439301668 -5.154133108066166 -5.746377526667203 -6.457442085622912 -7.278387811953425 -7.963000578715686 -7.75398939536359 -7.340010849535104 -7.054034294146054 -6.931275167381068 -6.976869346050287 -7.170898140675937 -7.43875580252426 -7.729204935891017 -7.99792408353021 -8.210388828807128 -8.35667904710826 -8.427923689997932 -8.398683137653515 -8.276734534114304 -8.073975071483822 -7.803925992155019 -7.482681511479314 -7.130651506590427 -6.758381156819407 -6.307825725595507 -5.772148345254492 -5.198419758739791 -4.71898340086843 -4.321721027855706 -4.00568356811782 -3.7619293107404568 -3.579450964058166 -3.4712617825799437 -3.4801433028830426 -3.625099810137357
-3.5946492281639264 -3.6881013838611736 -3.7890535964108443 -3.9012011229195127 -4.029516172981968 -4.187813185179679 -4.4617220046767265 -4.857206362852309 -5.350411601204834 -5.900489313497232 -6.4180831460550465 -6.7257021822001155 -6.658627732949266 -6.395739364367148 -6.179474812394894 -6.12028782202517 -6.24837875000766 -6.533902922561753 -6.912785871427363 -7.317481186783224 -7.691382094115818 -7.995028414615785 -8.225883662335496 -8.34695924825614 -8.351313926507663 -8.252702023485625 -8.069579876541262 -7.821340288779556 -7.525894653454605 -7.1989467510360665 -6.846262839769363 -6.405731540723231 -5.871963183479367 -5.292703191228768 -4.789650932109134 -4.410986748115539 -4.089998260668758 -3.8218871538653683 -3.6247594946797093 -3.5144581503074583 -3.5222866778220228 -3.645183372635849
-3.6958721411410305 -3.7151963266022374 -3.757728438265663 -3.7982541118016053 -3.8405031056236356 -3.948686564391376 -4.169325292070575 -4.482328035106834 -4.853432181166908 -5.229631168957182 -5.527890579154947 -5.644522554861412 -5.547076997688031 -5.341055340763342 -5.1848278041935805 -5.1813593660379045 -5.41986968248625 -5.853239457731993 -6.387121208768335 -6.933804231200805 -7.428078764389211 -7.839478032889277 -8.151991956160789 -8.321626702647421 -8.356833992141587 -8.27961892792312 -8.115898833170839 -7.889874729829964 -7.620817653235678 -7.322609547156918 -6.991716808739263 -6.560817213117945 -6.0270709281171 -5.441566485006452 -4.896512229289234 -4.462350109805705 -4.100235679531451 -3.794377809801329 -3.570360956708764 -3.4502090976042132 -3.463919704682038 -3.612660051522666
-3.7748012133609494 -3.699076416943945 -3.6689444887218112 -3.6320287437317553 -3.6113107093216477 -3.6780176350573734 -3.840387269282205 -4.070781190346085 -4.33081973432393 -4.568811462569217 -4.720837828726689 -4.7253663689707786 -4.564188911638012 -4.309172545745328 -4.088352228101102 -4.115355979769909 -4.511460196633045 -5.158528693138073 -5.8940782782572825 -6.608270537929995 -7.240201213018064 -7.771991779877775 -8.163760802948426 -8.379744798601616 -8.437489816990885 -8.369878745606634 -8.214084533674194 -8.00531029339781 -7.7644753333253025 -7.502066391083888 -7.1977957223360685 -6.780302905932778 -6.246980676511295 -5.643487520316137 -5.01814017752073 -4.473674581870575 -4.040683842539786 -3.6806625385090515 -3.4138171039264535 -3.2738137194631203 -3.2898942014194352 -3.4747319802539525
