_RESULTS/CROSS_VALIDATION_POSTPROCESSED/Berg/TZ/7comp/2/Berg_TZ_z_1000_kriged_reverse_7comp_spherical_2.asc
ncols 100
nrows 90
xllcorner  5.6208707817415728
yllcorner 50.959635321741573
cellsize 0.00013419651685393446
nodata_value 1.7014100000000001E+038
[rows 72 to 89 of 90, columns 0 to 41 of 100]
0.055937446509336006 0.06742861707774427 0.0823052376165899 0.10138961386374794 0.12555032682941294 0.15551763782811587 0.19149933270403074 0.23249545969033217 0.27530983859698555 0.3136907924726464 0.33892017777246686 0.34779912559651943 0.344602301061982 0.3316157957259643 0.31347896032939937 0.29447260540275516 0.2773474498366434 0.26346056107163773 0.2532737414471621 0.24676478300334775 0.24406410665708053 0.24475473146247673 0.24795579943602655 0.25256390463805534 0.2571821221498807 0.2601539548914738 0.2598024098736555 0.25490498840778225 0.24531542233822706 0.23345609041263643 0.2167352634367704 0.19548304149515539 0.17253836004133188 0.1501980773136506 0.12994966998967225 0.11237030505286175 0.09743548536737998 0.08498838555504823 0.07479006761179106 0.06655327074219758 0.05999548691700825 0.05486801643442515
0.059781752610226564 0.07298287958403937 0.09036822044174118 0.11315349836431554 0.1427809198435439 0.18078181272757665 0.22837941408460666 0.28556700619764713 0.3492905544755522 0.4107265314084959 0.45426205763340144 0.4736083814206229 0.4674476265267064 0.44267238532289716 0.4106878608439108 0.3796873970638199 0.35363400060891387 0.33386312077912816 0.32129825520166666 0.31585818090195444 0.31662965116836495 0.3226803602053787 0.3328894135323368 0.34569100155746213 0.35879503584807415 0.36904915794115617 0.37275863720548735 0.3667695627020312 0.35102507821736073 0.3297010377940563 0.3010813033233457 0.26549568050844785 0.22848694742830813 0.193863637861916 0.16359942383480638 0.13832400251083724 0.1178837946338779 0.10147919046171985 0.08827613583844605 0.0777544727250362 0.06944451168594903 0.0629506367073934
0.06297367198950145 0.0776587380350049 0.09727573078665154 0.12345608575584435 0.15829981071486035 0.20437300061566627 0.2644837561916075 0.34085916275587863 0.4328114147070222 0.5310738079825992 0.6111293856005316 0.6484608058441126 0.6293439901968312 0.5779220853603767 0.5215028461687605 0.4727074718867377 0.43545847449625585 0.4114267794546611 0.3991694365403693 0.3972366293365815 0.4045384664113744 0.4201586643438662 0.44300380644642506 0.47126002926362986 0.5016338087395509 0.5285549379340699 0.5440872575928508 0.5400179379666377 0.5158646076309603 0.4767911655609145 0.4257892546525056 0.3651566179894825 0.30509115013558186 0.25147803262441354 0.20653689251023732 0.17032028357373705 0.1418805556787782 0.11996129223573904 0.10325051961341683 0.09021119362944713 0.08002091083296904 0.07209254770942294
0.06522209253374864 0.08098770139264226 0.10226090125675376 0.13102277088829342 0.16996198172357424 0.22265812940943258 0.29370463563944377 0.38852236924770817 0.5119967021017982 0.6625576368818203 0.8159799995145002 0.8876697002342125 0.8228146786588958 0.7187668691820258 0.6278168927292634 0.560012944809669 0.5155187935861162 0.4901208912512249 0.48073400801927574 0.48548639906991686 0.503428537348647 0.5341646440120942 0.5773415958968517 0.6317922433945908 0.6940091676161266 0.7556867899333376 0.8011393318535518 0.8098934508450496 0.7739950369160493 0.7005440807029261 0.6061419901663928 0.5018269563916433 0.4051747626059523 0.3237296307108503 0.25861441663897144 0.2081152254819198 0.16966580617474053 0.14074852695855805 0.11922476026682036 0.10337255472117154 0.09134190151331809 0.08205402282230868
0.06630097334504967 0.08259546979117675 0.10468879838275683 0.13474841664724307 0.17578888343540355 0.231982942080076 0.3090634589650973 0.4148104960166343 0.5595373418546673 0.756029998180296 1.0274320945824442 1.1886394780541465 0.9826873931714596 0.8165306578991428 0.7007901875778225 0.6256428664012484 0.580328390929951 0.5582463814170586 0.555700468316902 0.5710268880335863 0.6040508194692787 0.6556924111478394 0.7275129727308137 0.8208449732860514 0.9347498220634256 1.0612073965560436 1.175330634919659 1.229059526586849 1.1778776315866977 1.0330465678347664 0.8547686991755457 0.6777774334274723 0.5272116541767428 0.4082377484255353 0.31761826559258316 0.24991081293602332 0.19984626671680797 0.1630599571560706 0.13618026231237002 0.11669694228563864 0.10275597702241628 0.09239103263130334
0.06609562402605312 0.08228893327710209 0.10422487487446147 0.1340344522171981 0.17466784627720305 0.23017888972261513 0.30606667286158923 0.4096077589265609 0.5498665322996936 0.7357148987607162 0.9752502012948265 1.1044480629614377 0.961820274919002 0.8171573758894842 0.7162267363831551 0.6516928245467937 0.6157339849955116 0.6033636383697395 0.6121049539748527 0.6415237468508149 0.692953684455641 0.7693878076835825 0.8754258421773992 1.0170238441469968 1.2003151779419594 1.427063618638669 1.6779178944218578 1.8674190476537105 1.8018494786295296 1.4937426718608475 1.1629573038085772 0.8797796291186658 0.6604951292032077 0.4974554983903294 0.37840788481751525 0.29219290083965205 0.22996907633309155 0.18513207841933751 0.1528976988837387 0.12985947563546743 0.11361063055731324 0.10238750229378825
0.06462818705113005 0.08010553479670458 0.10093435216711147 0.12899841273630488 0.16681952305919373 0.21768221735885243 0.2856384757764875 0.3750734622012898 0.4888326358018536 0.6216732049171895 0.7556254671305449 0.8269312941074426 0.796129019611719 0.7293928606712294 0.6709242309098998 0.6321843801167216 0.6143712518842487 0.6169522439388958 0.640064794115775 0.6852174022968636 0.7556136962650711 0.8564838569896496 0.9955483332450691 1.1836536826149193 1.4355216005767861 1.7701209825876818 2.2073962633584556 2.7410461306274034 2.6947357794926683 2.0009785040794412 1.4652422772547333 1.0691143811654145 0.7829484014416093 0.5785012468142767 0.4331629171911663 0.32999331431703366 0.25671941576764273 0.20463283987492534 0.16764024446974107 0.14151915896539735 0.12335994837110877 0.11114598662162202
0.06205261721205508 0.07630347106839017 0.09526229786015254 0.12043138191921578 0.15370122080832974 0.1972964237960204 0.2534732332265349 0.32360830273938973 0.40592337765312964 0.4907691068705181 0.5660139557044159 0.6121007563815447 0.6201146596588046 0.6052509963460521 0.5867052571269973 0.5760973158501669 0.5788071602382383 0.5976899219056725 0.6352717584602162 0.6948565885930044 0.7811887815678662 0.901010339204054 1.0636639724249684 1.2817899780042377 1.5720246044800004 1.9550554626777696 2.451312680022777 3.047873300373589 3.0037717008361544 2.2449151498413795 1.6410419332428385 1.191836394216018 0.8675765326373855 0.6366623897538481 0.47328864267959225 0.3579704252486547 0.2765685312878448 0.21907314427332397 0.17851641401632512 0.15011091908067084 0.13060824664477352 0.11783127697338257
0.05862111825447969 0.07129712998632397 0.0879048200371697 0.10952969985100758 0.13741838685549024 0.17281720462699973 0.216563126613785 0.26821724884097564 0.32452044723448664 0.37741556585914826 0.42120077321435084 0.4538072992301885 0.4734674568374585 0.48288674389224406 0.48929310415398886 0.4996148923659565 0.5189618360982816 0.5512544976034911 0.600210979613204 0.6701294777366034 0.7664549155742596 0.896176922519172 1.0679912168706343 1.291886995732508 1.5770973603764356 1.9249526385129758 2.3051859560930534 2.600844005418829 2.534330525882826 2.1158518295693325 1.6331926357781634 1.2171466773840516 0.8969361835306481 0.6616087081098067 0.49240111642266315 0.3719991547097368 0.2867113972069921 0.22642204848806816 0.18393196568891088 0.15424430134405945 0.13397033036770956 0.12088946561048007
0.05463452489211684 0.06556515498222203 0.07963438414802447 0.09755416214852407 0.12004224125450892 0.14763774964669235 0.18034397429158217 0.21703597263998498 0.2546860286735986 0.2878297472540897 0.3139712910513042 0.3381849532825152 0.35918602872652566 0.3774179725152652 0.395653610725478 0.4175843312220039 0.4469281869675468 0.4873239008128762 0.5426263020589631 0.6172750206782931 0.7165625363619726 0.8466442269303596 1.0139913566023089 1.2236388213721776 1.4748510751809802 1.7515048642472293 2.004513626488829 2.151277365069262 2.09524433270471 1.8481053253358999 1.500663568861558 1.1580636216964348 0.8721376160283382 0.6517040181826343 0.48858454217334213 0.3704637459289757 0.2858837111116658 0.22568713705187676 0.18306648489926772 0.15317007413662043 0.1326467878782119 0.11925926043474468
0.05039279796893645 0.059564427406856774 0.07114971139348583 0.085569586571009 0.10317048607950735 0.1240679919157771 0.14789687929297027 0.1734780910946855 0.19850876614111299 0.2195482200330642 0.23597886658287293 0.25379068659635257 0.2724136117957687 0.29198517300859855 0.3137916268610877 0.33993421778852423 0.3730149102366651 0.41603362448952885 0.47246078309801237 0.5463545689117683 0.6423601393359529 0.7653565928803421 0.9193583352413779 1.1050380373055424 1.3150678474543986 1.5270202887397728 1.6970738160527312 1.778612092670924 1.7363146614690392 1.5734506966272637 1.3200791169438832 1.0491165843419032 0.8078515685901168 0.6131473136473377 0.4645020253615878 0.3545515741515667 0.27465484328440254 0.21718123021727714 0.17613360067820866 0.14707872272506128 0.12685654665055493 0.11325698645029329
0.04615800989464501 0.05367227034446712 0.06298916575690054 0.0743264334828925 0.08780134041206081 0.10331825767142745 0.12041659791556925 0.13810846918415567 0.15478700141270466 0.16837184065148197 0.17932346062230536 0.19218343808071858 0.2073701291069473 0.22506772305070427 0.246084985054081 0.2718138434045446 0.3041681198874126 0.3455685766973673 0.39897415250080975 0.4678916525806349 0.5562257597538418 0.6677293692920494 0.8046753445631203 0.9652853478397031 1.1397451680003026 1.305988811514955 1.4293726131825895 1.4817867078429279 1.451004098109242 1.3293962548988798 1.1354872943955288 0.9206474050035435 0.7217300521969638 0.5557516583528308 0.4256768869859837 0.32752159226534855 0.2550937982862115 0.2023506788528519 0.1642720778802187 0.13700394480832065 0.11770841414539862 0.10432436056042065
0.04213477956757543 0.048162329511707125 0.05550834966523331 0.06426122343877431 0.07441329628712319 0.08578824037985888 0.097957439239278 0.1101711284921159 0.12135205859619645 0.13045059769855544 0.13812858210999962 0.14719272551554702 0.15897609834127427 0.17371267817021094 0.19203269743569326 0.21498774763322345 0.24407392772784067 0.28126625193587507 0.32905442277666164 0.3904277750987075 0.46869190128756627 0.5669007106226396 0.6865693490208611 0.8253121913211368 0.9734822280359845 1.1113588762474407 1.2107817672922023 1.250349566121124 1.225585073059219 1.122493765324121 0.9653589878362975 0.7912813974536513 0.6278469756523034 0.4890370416856125 0.37834608095544875 0.2935063078998138 0.23004929584184947 0.18328428745907996 0.14914396788034143 0.12440785653729193 0.10664452486851422 0.09405414848573308
0.03846657245041617 0.04320725683752696 0.04890096344758865 0.0555605464360187 0.06311996248152253 0.07139076925927461 0.08001991381077198 0.08846608820476955 0.09601946407910227 0.10234917886350067 0.10811206985124162 0.11432535469518468 0.12314362830701617 0.13483009809091104 0.14990686948784032 0.1692184996912303 0.19397564545442894 0.22580767820267145 0.2668104261223402 0.3195474569732634 0.38691196735139444 0.47167115802242143 0.5754000545887171 0.6964442019771057 0.8268254045642245 0.9493010371372265 1.0385083820083396 1.07328754431373 1.0449984253884497 0.9495978680258668 0.8149861295867096 0.6701067376516221 0.5351898251159594 0.42029954881958664 0.32795484525049545 0.2564588607619619 0.2024106703059465 0.16215979466219776 0.13247248623765662 0.11073858845355293 0.09495651242426684 0.0836341577674749
0.035242894313026706 0.03889688728348399 0.0432389587385412 0.048241779621724275 0.05381881873073042 0.059799726284022775 0.06591084741595322 0.0717710581236885 0.07691479886397146 0.0814547440315908 0.0859105942199008 0.09032049451285454 0.09670976637896621 0.10567341634796479 0.11763528946871948 0.13327830436602917 0.15358773348464677 0.17990721723795403 0.21399671213957386 0.2580644447215212 0.3147099040009576 0.3866501708124697 0.4759926864887676 0.5826622678460448 0.7014887704941636 0.8180315682145735 0.906602141466724 0.9391163530182283 0.8991312678580489 0.8042224189952131 0.6835391011318548 0.5603753960599709 0.44860668315359664 0.35432200679328435 0.2785320805341738 0.21954353182259295 0.17460199806919816 0.14083826902029178 0.11571280277444358 0.0971608404770159 0.08358692999090482 0.07380003132337454
0.03251201836882291 0.03526194302220607 0.03851485032161563 0.04222445534381067 0.04630290687331377 0.050607429813170346 0.054932353024237705 0.059012069255342484 0.06254081175506769 0.06586352278143844 0.06934379839370998 0.072821853825446 0.07728363554198818 0.08397834759687658 0.09323291319231714 0.10558824432958015 0.12183584134681491 0.14307014590817016 0.17075101655557035 0.20676204511114005 0.25343162041246436 0.31344589718691024 0.38950682464669084 0.4834215108641471 0.5938950677659548 0.7113520102245333 0.8086013512746135 0.8344653020795187 0.7776775622280834 0.6782924035189766 0.5676049366422342 0.4623877459628337 0.3703106601632057 0.2938732987373035 0.23268977154415632 0.18495371774796598 0.1483683767601894 0.12067647015177307 0.0999107679943419 0.08447378152169475 0.07312840409544161 0.06495256068892712
0.030295194458071505 0.03229691582024389 0.03467749631643386 0.03738328038032014 0.04033320838077623 0.043411720643814 0.04646613235640804 0.04931130854057363 0.05175008241916995 0.05419872550248599 0.056932971498035 0.05986195778394864 0.06308971592127666 0.06796029687757388 0.07498486273003879 0.0845774559971364 0.09735945256592385 0.11420402684415976 0.13629557737800782 0.16519941087144566 0.20293040738522705 0.2519962257068097 0.31536415821915803 0.39623438986537607 0.49725733184422655 0.6175221446934762 0.7322062221166677 0.7497345858486306 0.6666520240141424 0.5628407529656232 0.46345828045998233 0.3755207389564905 0.30117677446679614 0.24037759695399089 0.19190370723625652 0.15399729645742474 0.12478264466531412 0.10251601774612644 0.08570526764913018 0.07314384353675053 0.06389794048315614 0.05727456987149604
0.028600052836489795 0.029979257072418483 0.03165885095581426 0.033583283625724276 0.03568040215704646 0.03785757903531477 0.040001248429460526 0.041981188776343055 0.04366847159528342 0.04546852876645294 0.047621238937380204 0.05007567628462985 0.05280376657002293 0.056258339209101206 0.06149923826932748 0.06885781709923479 0.07880803186584219 0.09202905222447935 0.1094548796106107 0.13233887315254822 0.16233134724961254 0.2015663226382846 0.25275161018680475 0.31925751104919686 0.40520857600434834 0.5135621490261578 0.6394464907423103 0.6475881789069502 0.5451920580718164 0.451308622681997 0.3693413083756106 0.2995604394915957 0.24157846642670877 0.19444286447089879 0.15683534184715353 0.12728919893085222 0.10436614002610359 0.08677042872799162 0.07340462084292375 0.06338315587158089 0.05602169781044587 0.050816788286869745
