_RESULTS/CROSS_VALIDATION_POSTPROCESSED/Berg/IZ/1comp/3/Berg_IZ_z_1000_kriged_reverse_1comp_spherical_3.asc
ncols 100
nrows 90
xllcorner  5.6208707817415728
yllcorner 50.959635321741573
cellsize 0.00013419651685393446
nodata_value 1.7014100000000001E+038
[rows 0 to 17 of 90, columns 41 to 81 of 100]
0.02940174756383875 0.03007474590772775 0.029973570615315703 0.02910972567566094 0.027593745617311857 0.025605798792447742 0.02335211172741532 0.021024658575938777 0.018775861621715753 0.016710274689671716 0.014888590827666484 0.013337195615379438 0.012039500282903957 0.010978199747004825 0.010140910036563047 0.009509352256078935 0.009076265574417304 0.008841422864973456 0.008782564235551163 0.008751436267614463 0.00872774158186717 0.008713180396814336 0.008706023708475933 0.008704003775100323 0.00870728106636005 0.00871559473439411 0.008728271029423196 0.008744244646269028 0.008762091394145945 0.008780069995164725 0.008796170658083193 0.008808168295536958 0.008813678718115768 0.008813793242538061 0.008813793242538061 0.008813793242538061 0.008813793242538061 0.008813793242538061 0.008813793242538061 0.008813793242538061 0.008813793242538061
0.03792773260615399 0.03897775184412221 0.03882055442106433 0.03747540366349502 0.035139180343473776 0.0321261595481983 0.028781092607727488 0.02540538276109029 0.02221897283396229 0.019355830561970377 0.016878990467156615 0.014802014844088343 0.013109087006430499 0.011753986777474303 0.01067307792117572 0.009843207567873657 0.009246255956860553 0.008870510955351714 0.008713577960547952 0.00867105462635516 0.008638057711325104 0.008616384765939627 0.008605821135663215 0.008602917421927576 0.008607632003408354 0.008619674567934438 0.008638296235763582 0.008662315636348762 0.008690158215499044 0.00871990546595382 0.008749350667290238 0.008776058218951735 0.008797424494718133 0.008810739052826148 0.008813793242538061 0.008813793242538061 0.008813793242538061 0.008813793242538061 0.008813793242538061 0.008813793242538061 0.008813793242538061
0.04991259854537376 0.05158614264073591 0.05134065299340717 0.049208014285347115 0.04554983337551941 0.04093026268576765 0.03593547736449366 0.03103700540856747 0.02654218845996186 0.02260865968530042 0.01928480652345266 0.01655094196908388 0.014338106272481894 0.012584332382284789 0.011229944863742448 0.010192557152677384 0.009429936497183721 0.008916836113204317 0.008639497926557951 0.008562695874630594 0.008520468309447655 0.008491803199858552 0.00847740189598061 0.008473574297774381 0.008479791228565136 0.008495727611850122 0.008520546515334534 0.008552932209936201 0.008591139083038537 0.008633051305774027 0.0086762482128383 0.008718071371606195 0.008755690801222321 0.008786169265286133 0.008806524676276862 0.008813793242538061 0.008813793242538061 0.008813793242538061 0.008813793242538061 0.008813793242538061 0.008813793242538061
0.06681401128658557 0.06954460641487442 0.06915935062104285 0.06570966180074639 0.05987942208274009 0.05271456533161879 0.04522590388041545 0.03813497621768429 0.03184168718362818 0.02649850714871158 0.02210001627820987 0.018536344073488205 0.015700237676615922 0.013485956743306753 0.011793756160607877 0.010535134398742332 0.009608965911383063 0.008964551356683434 0.008575856381523791 0.008429362012798688 0.008377980140356926 0.008342441443780177 0.008323987420581077 0.008319190544341333 0.008326983391125541 0.008346998339890619 0.00837829156606445 0.008419386651861779 0.008468337682816712 0.008522803788994487 0.008580127586767091 0.008637411986182186 0.00869159239314204 0.008739503631759593 0.008777942486930878 0.008803727528461138 0.00881375796061691 0.008813793242538061 0.008813793242538061 0.008813793242538061 0.008813793242538061
0.09067215504469774 0.09524151021656972 0.09462956217840464 0.08892836298046115 0.07945567783318515 0.068232490522352 0.057014113858793694 0.0468342792756852 0.038137063427952 0.03099270252798962 0.02523970358144364 0.02068856667968918 0.01714661301337251 0.014428476962931647 0.012374035355435428 0.01085431884708523 0.009764909167886776 0.008998783745605109 0.008509719571199748 0.008277246920326373 0.008213805250877662 0.008171475552205817 0.008148894963732587 0.00814307395545664 0.00815253152760075 0.008176845959599544 0.008214938808034093 0.008265134868200455 0.008325246634768831 0.00839267029702695 0.008464481879872667 0.008537526054450179 0.00860849452253917 0.008673994368930371 0.008730608837555345 0.008774953715381414 0.008803732290151902 0.008813793242538061 0.008813793242538061 0.008813793242538061 0.008813793242538061
0.12497028517460433 0.13292791506161228 0.13186326045272634 0.12213358474165197 0.10617179100883035 0.08831248423480485 0.07152946607823112 0.05708653100966373 0.04530171011680091 0.03591811871173128 0.02857118666126105 0.022913546836785814 0.018607441629587863 0.015360961828443613 0.012938162882532465 0.011156981581940076 0.00988264694198098 0.009006217882753706 0.008430152006803379 0.00812191914697591 0.0080313062663632 0.007982189836948166 0.007955465082314879 0.007948549872067818 0.00795978550029028 0.007988678684901397 0.008033974966212191 0.008093744737847814 0.00816550057140109 0.008246324447721705 0.00833298765699082 0.008422053722092494 0.008509962076099803 0.008593095277932132 0.008667834904323508 0.00873061154353392 0.008777953415891505 0.008806536764009314 0.008813793242538061 0.008813793242538061 0.008813793242538061
0.1748132265434801 0.1892215740993942 0.1868366037422411 0.16890084525779206 0.14187067376140544 0.11383363921762778 0.08912056446531462 0.06895050197315195 0.053152365052345996 0.041029535627203566 0.03190036838736181 0.025078519164862156 0.019993293863452284 0.016223377458180893 0.013445444395324352 0.011418851599232959 0.009969483136116066 0.00897591664215981 0.008328639772494675 0.007959064665317515 0.007833951409258818 0.007777921921611509 0.007746998651812999 0.0077388957300974885 0.007752060496846451 0.0077859010731273276 0.007838923912331108 0.007908862783854654 0.007992847798603831 0.008087578361405705 0.0081894741823017 0.008294793184281918 0.008399717243074029 0.008500413379541178 0.008593079910708146 0.008673986052634456 0.008739511270814994 0.008786188333970883 0.00881075200187509 0.008813793242538061 0.008813793242538061
0.24582646156362167 0.2737628792924284 0.26769105335239746 0.23226480851976108 0.18673327728924022 0.14412795481720503 0.10909158487791874 0.08195033733273699 0.06144801533583442 0.04624579553594965 0.035120134596431485 0.027041834493960068 0.021201869685470026 0.016951487628588894 0.013855103363139212 0.01161336796698688 0.010013906497570944 0.008910005764303355 0.008199571512849444 0.007783824616456469 0.007625285350267342 0.007562019183104888 0.0075267050130440796 0.00751728516759402 0.007532587584700618 0.007571878562356418 0.007633326778778406 0.007714205820304282 0.00781114646869482 0.007920376409021952 0.008037909771609165 0.00815967719515902 0.00828160587034739 0.008399666197170173 0.008509901111288052 0.008608450267322576 0.00869157694546641 0.008755701966541253 0.008797446289648892 0.008813682165363745 0.008813793242538061
0.3399959830818689 0.400926571040969 0.384129038269809 0.3116817882997317 0.2373702164146114 0.17627070193409153 0.12952584436160045 0.09484503460604088 0.06948539643901341 0.051197295437763995 0.03811740661603899 0.028803121188709636 0.022183333803330294 0.01748465759182092 0.01413082663007918 0.01171842650970455 0.010001821593933504 0.008812837233368552 0.008040809797819981 0.0075941558942826184 0.007408925790403593 0.0073378129587216255 0.007297663028971467 0.007286742122715023 0.007304478870765389 0.00734992569739092 0.007420753782207689 0.0075135873013238985 0.0076243928744662 0.007748814872121357 0.007882406750709295 0.008020761622962167 0.008159570886915674 0.008294642799624535 0.008421905588783758 0.008537410659944832 0.008637344250779532 0.008718051085129094 0.008776070661031827 0.00880818508989402 0.008813793242538061
0.4335724706114287 0.577920532044028 0.5195040749604144 0.386125538326844 0.2823186291689431 0.20446796429027594 0.1473995806194609 0.10602138397474883 0.07639562862807442 0.05540632092264358 0.04062632078264994 0.030246451330431273 0.022959262896905655 0.017840525531337928 0.014247504107533428 0.0117188225471989 0.009914930359145516 0.008658389586498432 0.007835837059611456 0.0073681348325133605 0.0071741633480947135 0.007104261185162034 0.0070627979056085 0.007050104959409064 0.007070711698728873 0.007123330024151134 0.007204864160411479 0.007310993425212307 0.007436791578205265 0.00757719116020438 0.007727244076165243 0.007882222616335111 0.008037628600652963 0.008189164707086694 0.008332700758459407 0.008464251237450432 0.008579970332973455 0.008676165597753608 0.008749328800222396 0.00879618141444461 0.008813731648817583
0.46213004265311414 0.5705992320931605 0.53571478109861 0.4153636494876677 0.30683133271710444 0.2223463439805627 0.15957777769203535 0.11392172700096746 0.08136069847815541 0.05843519584155034 0.04241034882847132 0.031243245230499733 0.023435087817792043 0.01789121526668747 0.013986376293119603 0.01126893409469671 0.0093947193752108 0.00811070899945315 0.007280925104823043 0.006821182220966424 0.006654526149875964 0.006624252676906901 0.006645004414591714 0.006706600933204389 0.0067959715424238225 0.006893409394294922 0.006989544502485478 0.007110732431549801 0.007252878393400354 0.007410082793160392 0.007576901572150623 0.007748354215353381 0.00791984011821255 0.008087040432212096 0.008245839090348324 0.008392273302711348 0.008522513602129998 0.00863286990975804 0.008719819224003942 0.008780050584071523 0.008810523175183688
0.43280069439702273 0.4942214794829143 0.47787227539290356 0.39903064772960395 0.30724715956462223 0.22722806090272443 0.16442785213347602 0.11760769148111813 0.08385251911015797 0.05999195916603194 0.043187297466833065 0.031194249901400444 0.022776320106454487 0.01694240700216789 0.012934100623890459 0.010203336570679832 0.008370379938544609 0.007158256271837331 0.006386296393617164 0.00596710260872707 0.005838901393249085 0.005842526209727973 0.0059148075665089546 0.006050471461840792 0.006240099245760491 0.006465838525000709 0.006700930993976978 0.006911094212904725 0.007077703520230111 0.007252446466712063 0.007436089934830294 0.0076235510931025015 0.007810265822663866 0.007992005215791976 0.008164751640352607 0.008324627705717786 0.008467867305495856 0.008590819047048271 0.00868997442892239 0.008762014793983792 0.008803872150159698
0.3901993193799649 0.4308917683843476 0.42046178918391885 0.3652269196158842 0.2916542239145693 0.22108959763761432 0.16230310812651838 0.11702386076423171 0.08370439154149577 0.0591525022690188 0.04151277649615812 0.029214194564217397 0.02080255541916283 0.015114671999702324 0.011293998520166743 0.008742336077420478 0.0070574165936913656 0.005976675670045678 0.005309528117792129 0.004956747518325209 0.00486608870587812 0.004893252535108175 0.004999606702041054 0.005186878050660468 0.005451652787915743 0.005780294975748495 0.006148126617391094 0.006521012893245965 0.006857201529661261 0.007109704583676932 0.00730974428611067 0.0075122520628221855 0.00771288691765748 0.007907636445719136 0.008092665223604956 0.008264237096745862 0.008418687816714206 0.008552432828046746 0.00866200035827135 0.008744083068007951 0.008795603173439066
0.3594640162223188 0.38971190999872524 0.3790075751080943 0.33265780443458387 0.2698482594497105 0.20781273026169444 0.15478492284456782 0.11237179941043615 0.07914469400488873 0.054674540498337955 0.037479808823838535 0.025764855445001365 0.017934648892942145 0.012756151613820137 0.009349013971621021 0.00711564893674419 0.005664417575117398 0.0047463862626674425 0.004203969300805389 0.003928875629963938 0.0038691463693044078 0.003908072433151658 0.0040288991205492015 0.004241700659412036 0.004551448883761493 0.004949473591894976 0.005414211283495325 0.005914888978847204 0.0064120481897478225 0.006857353144771699 0.007195684806809615 0.007418812476968047 0.007631477294150748 0.007837237016013581 0.008032500344380534 0.008213707710980026 0.00837731826056992 0.008519829121506041 0.008637817326649574 0.008727998252176202 0.008787296079732164
0.34465181921381416 0.37109734943023176 0.3582126470129964 0.312543800958683 0.2530876207358747 0.19482065899402204 0.14406362891965863 0.10211486433905287 0.07044905920243338 0.0476661266792443 0.031982611975383025 0.021519619282145668 0.014671527570112097 0.010234047889896982 0.007370256983804332 0.00552607508792456 0.0043466550053829975 0.0036110378243723496 0.003186987739163833 0.002988220734086348 0.002950603409941989 0.0029915958601933667 0.0031087081260825593 0.0033222624471163833 0.003649365309839716 0.004083469839008155 0.004604662324025679 0.0051886755664066996 0.005803266447077076 0.006404279209334874 0.006935221204124903 0.007331130173306944 0.007569415842399324 0.007783685404727782 0.007986751965607065 0.00817523366053986 0.00834571036634753 0.00849475867851498 0.008619004439693042 0.008715188566817151 0.008780242872245108
0.3421087351462078 0.3712630767321161 0.3533255835999847 0.3018533826417927 0.2417541652937279 0.18391793509692395 0.1316439041571014 0.0900827190380246 0.05997461932919653 0.0394944344298027 0.02596029538544756 0.01710661574930729 0.011434571547391735 0.007836398622521234 0.005558679361406039 0.004114810939915334 0.003204078177005895 0.002645010968729135 0.0023289977741298555 0.0021948491247031875 0.0021716744536629247 0.0022104998524978283 0.0023102509970251675 0.0025027647978827813 0.002829706725038841 0.0032719318616443696 0.0038099965910010107 0.004431172511692925 0.005114474102170318 0.005824225470038664 0.006507713331162856 0.007096913475275196 0.007515312369890126 0.007749263211019794 0.007957362523347354 0.008150501069890806 0.008325350000532425 0.008478545509724515 0.008606750391879664 0.00870672582704965 0.0087754113289818
0.3433153088817757 0.38245740609608386 0.3532287981340043 0.2946333126655347 0.23286437995427028 0.17148823633586774 0.11839684394635794 0.0776226034671812 0.04927819993343314 0.030880757473387872 0.019450903731586727 0.012486211607471348 0.00817756929169939 0.005518646036588685 0.0038769861949457694 0.002860779594972886 0.002233773302040554 0.0018563779396071278 0.0016483951556870722 0.0015642056035305902 0.001553837724492039 0.0015935600948075298 0.0016768052668318734 0.0018236701140287583 0.0021525847920594674 0.002573912674926673 0.0030922463242720436 0.0037093470886858707 0.004415985217724518 0.005186916031658085 0.005977005767549265 0.006720391939172373 0.007334757726462014 0.007732043799363616 0.007945604217542306 0.008140603332396685 0.008317193860130759 0.008472037812046702 0.008601814033476507 0.00870329267040418 0.008773416932814594
0.3396607285329409 0.36158238982925106 0.33919346176627924 0.28658851629720855 0.2208180019897021 0.1551368695094591 0.10132351645872782 0.0628574118187813 0.037817390555767036 0.022506788743463693 0.01350044400123957 0.008307010166801567 0.005317975935531719 0.003536123586081113 0.002462478574785413 0.0018135628598968641 0.0014243133930017932 0.0012006146186486558 0.0010909903388396321 0.001061511840500842 0.001081245789575646 0.0011323136277973222 0.001220843489027792 0.0013762356956211381 0.0016407791497076965 0.002008026297921367 0.002479595738185616 0.0030626788835429217 0.003757152204941525 0.004548379764728064 0.005401175315872803 0.006256107553248788 0.007030595651367005 0.007627075260517516 0.007951991911893804 0.008145980428990954 0.008321625356847093 0.008475574538969301 0.008604498009971059 0.008705160983761716 0.008774504618672628
