_RESULTS/CROSS_VALIDATION_POSTPROCESSED/Berg/IZ/1comp/4/Berg_IZ_z_250_kriged_reverse_1comp_spherical_4.asc
ncols 100
nrows 90
xllcorner  5.6208707817415728
yllcorner 50.959635321741573
cellsize 0.00013419651685393446
nodata_value 1.7014100000000001E+038
[rows 38 to 56 of 90, columns 44 to 87 of 100]
17.94560116510998 17.978601893973334 18.007509879087948 18.030697034798123 18.04681783275267 18.055384433303132 18.05697522764452 18.053355197975254 18.047318649753183 18.0420021750893 18.039729429232594 18.041130130829647 18.045186806072135 18.04959577030977 18.05324679824487 18.055783553586423 18.057034986601987 18.056918189066113 18.05552437952215 18.053162436759663 18.050196966522687 18.047031940949193 18.044089141211476 18.04176657993045 18.040381962061947 18.040113644934095 18.040958228175136 18.042729562190296 18.044327777192724 18.044494583962788 18.042792289780856 18.038815282438364 18.032180120776975 18.022641084761613 18.01023662566145 17.99486965695727 17.97622138588387 17.95460300931873 17.930812553260402 17.908771515407743 17.89067413315971 17.877722365941867 17.870740059683254 17.870128890250808
17.944799540224928 17.976106362107114 18.003841422626856 18.026406826472172 18.042788612982825 18.052735552806844 18.05684799862427 18.056555223422567 18.0538873026603 18.050983505531196 18.049454454350826 18.049925061922316 18.051881130941 18.05403082160368 18.055808820720838 18.05691197971057 18.05711165181406 18.05635945692113 18.054827549211097 18.052766376793514 18.050489491802246 18.048361544171303 18.04675879947577 18.046004551021245 18.0462923562237 18.047616184186438 18.04973307161804 18.052116552256564 18.05358492476611 18.053858804642815 18.05283391196657 18.049988249711916 18.044564703010998 18.035972034258265 18.024046800117798 18.008980550252357 17.99046945613442 17.96870494342389 17.94418384363713 17.919473875114296 17.897971303086525 17.881072036370103 17.86980421339507 17.864783376597977
17.942360126691465 17.972282491595443 17.99890127583446 18.02091473997441 18.0375398158139 18.048645816724395 18.054765826148746 18.057013442744392 18.056869757303957 18.055844781187638 18.05510011897921 18.055184853243944 18.05587094886103 18.056578104539824 18.05705734023345 18.05712345242975 18.056703004222502 18.055810339988636 18.054528487201637 18.053025264380075 18.05155315703906 18.05041678528099 18.049917414699703 18.050266091984955 18.051471561326036 18.05329230347642 18.055241122194303 18.056642772103277 18.057103813742692 18.057150388153552 18.05702588387628 18.055948547792795 18.05244875951847 18.04539033811425 18.034400903824736 18.019761766498803 18.001553231759484 17.97981097647796 17.95505768702158 17.928423943591042 17.90379144255668 17.88316029148796 17.86775325673073 17.858392580722356
17.938587348510655 17.9674545945871 17.99301519517613 18.014442610070542 18.03117660008416 18.043140728671066 18.05077358889363 18.054926399248938 18.056685274061742 18.05713715528607 18.057135077735385 18.057136182857043 18.057152552192708 18.057055011549537 18.056754420270238 18.056248010206964 18.05559590800221 18.05483837706412 18.053948867039033 18.05302914236738 18.052271633382148 18.051919372543367 18.052178649214728 18.053116097126843 18.054573758994565 18.056137610029623 18.057109280454792 18.056748976697648 18.055392026065174 18.054427937223565 18.055351511247135 18.05700402864877 18.056258554069807 18.051205284276335 18.041421626364542 18.027317094312238 18.009449493567427 17.98781981832235 17.962964335482706 17.935595118909273 17.908147659363394 17.88404900558282 17.864710482693415 17.85115041988324
17.933893614630826 17.96174183522051 17.98645976720455 18.007230080526664 18.023865836508502 18.036349968629988 18.04502933008512 18.05054875032251 18.05369475968804 18.055232500991796 18.055816552631615 18.055794943937325 18.05544471271973 18.054970729614556 18.05446193620234 18.053968165855107 18.053518466052626 18.053127510872226 18.052745446692718 18.052339125353857 18.052113860058626 18.052315190977957 18.053103490703542 18.054435381036445 18.055977728766027 18.057061077382695 18.05670977976393 18.054362919098686 18.050281991320276 18.046324661324768 18.048264943661703 18.05448003310095 18.057154587280124 18.054133728230582 18.045464160225226 18.03185392465993 18.014214175382477 17.992702280287574 17.967815990380164 17.940291975172105 17.91113136008913 17.88387501161833 17.860874700964562 17.84333044559898
17.928687007879645 17.955493505822442 17.979357805501685 17.999530289719363 18.015820318610977 18.02846350647259 18.037736206522798 18.04400985649179 18.047903237519694 18.050057758389393 18.050934755915822 18.050801489662323 18.05033361850152 18.05000956802109 18.049902313835624 18.05002835043488 18.050306961038203 18.05058286269337 18.05077404455349 18.050850481999618 18.051040344412296 18.05168927816003 18.05295104005367 18.054681449447948 18.0563790231085 18.05715368358181 18.05595291598578 18.052383836848247 18.046291615584412 18.037429354211113 18.03969338940784 18.05201740909524 18.057005427294058 18.055083264546816 18.04694800029285 18.033529061754994 18.015922467474745 17.994463637797892 17.96957277233407 17.941997126806747 17.9126056548607 17.882870861548277 17.856540964688513 17.835305424053303
17.923365779251217 17.949083933718875 17.972012475034777 17.991491740975118 18.007285932994456 18.019670600523007 18.028769872175882 18.03506644724543 18.03910885489654 18.041405111371382 18.042342392316336 18.042155994149184 18.041758723382863 18.041915733781813 18.042705735957064 18.04407843283223 18.04575412650219 18.047189122977304 18.047934579574342 18.04828129168724 18.04873429850482 18.04980002476815 18.051629658665643 18.05396546682451 18.056153170575993 18.057154504183906 18.056174760191073 18.053090299294958 18.04820925713765 18.043504741054665 18.045927841935143 18.053551447132193 18.05712838652147 18.054593894251582 18.04610203709664 18.032418121200816 18.014610970983632 17.993110856995006 17.968223183539305 17.940686986508986 17.911365679038504 17.881233677005913 17.8521198283989 17.827564625293626
17.918393083759867 17.94291385050868 17.964782656456176 17.983385135271163 17.998453002002737 18.009787481715144 18.01810810874741 18.02393394172838 18.027705950352377 18.029794754834395 18.030497716880557 18.030056839347843 18.029574890415088 18.030252782731658 18.032208040786607 18.03537869621 18.039347199225926 18.042914333889275 18.044149589110354 18.04398614863154 18.044465564697425 18.046021218605464 18.048665064244677 18.051968176714823 18.055090742858315 18.0568765735303 18.057006384002076 18.055595063356968 18.053341845977165 18.051986969520257 18.05353020772427 18.056444723588175 18.056798933631146 18.052400783761936 18.042801721366114 18.028445929650104 18.010251089163678 17.98863833296062 17.963775911342363 17.93637958581192 17.907296425710705 17.877488184927184 17.848012484852717 17.820723155561783
17.916133336758342 17.939018122216773 17.959459897472897 17.976786451598805 17.990259268561115 18.000116259959366 18.007103168277595 18.01182032988648 18.01463338504027 18.015858463757557 18.01577364693216 18.014645483358947 18.013589090122302 18.01440473032328 18.017315649343875 18.022325639377158 18.029155779178723 18.03702003129939 18.0381620961401 18.036332948420938 18.036846547201748 18.03931496764204 18.043262789128928 18.04802329279407 18.05220918399695 18.05517298937319 18.056771301080442 18.057150065675227 18.056839952274355 18.056665396928786 18.05703189029394 18.056908399679298 18.054283165836456 18.047695891438913 18.036651658289387 18.02141739396001 18.002769774955663 17.981038971474643 17.956266182447205 17.929138397046763 17.90048062499788 17.871236299483662 17.84244638382019 17.81522442115294
17.91794444900061 17.938934800973765 17.957593317859693 17.97266458995034 17.983924545856546 17.991757314055363 17.99671342948919 17.999544429821572 18.000608925726166 18.000204970524646 17.998616240716192 17.996142214157736 17.993722994686077 17.993794853772393 17.996772898567272 18.002610856112973 18.01076028223217 18.01923188612178 18.02218195743606 18.022012598310777 18.023954935317814 18.02842739872698 18.034488191528762 18.04065216010673 18.046067886659202 18.050391150837132 18.05344963890527 18.05528268493161 18.056123016696844 18.056229994625014 18.05552419965589 18.053274451106375 18.04827299000549 18.039678064866123 18.02721276548103 18.011121391978378 17.99210493249322 17.970335261553085 17.94577416372888 17.91908363474878 17.891066468898178 17.86264548692188 17.83484126047891 17.80874569943568
17.924113121665954 17.943059094031124 17.95926402752704 17.9715983893472 17.980204534302473 17.985438479072442 17.987746462272515 17.98791671028162 17.986413177428233 17.983546136371878 17.97962282340666 17.974977769983393 17.970258422428483 17.968308520987694 17.96995872691841 17.974998884038804 17.98243519421508 17.990044679201326 17.995340655977166 17.999239595472076 18.004572945381685 18.012330895235717 18.020430742463848 18.02813483435612 18.035050153687266 18.040834576910182 18.045265115455255 18.048256351818225 18.049818958593104 18.049939135022296 18.048404345267812 18.044692782944853 18.03804737081925 18.027830712854318 18.014184098127103 17.997437796282902 17.97826651006877 17.95661704950634 17.932448801520746 17.9064075013862 17.879277334621445 17.851960829671093 17.8254561295278 17.800829493648713
17.934577266763544 17.951300327449935 17.964666888012584 17.97412281145672 17.97973516508298 17.981857485287396 17.98093888104194 17.977722428900133 17.972861986616238 17.966704081361808 17.959591607501107 17.95189602950759 17.94404519816756 17.938645505488637 17.937485999397687 17.940335153024254 17.946229353299493 17.953575163939128 17.96110320009742 17.969123978684237 17.978465037072834 17.988843584268476 17.9992377438143 18.00895466378434 18.017674865807823 18.025070408105023 18.030882329689945 18.03494029091302 18.03713282042675 18.037335922240512 18.03532808332256 18.030744740570775 18.02311384681061 18.01195814907733 17.997483879228408 17.980407788855285 17.961381787788586 17.940073839322398 17.916530126495438 17.89138924719858 17.865421619031927 17.839511005213502 17.81463196300833 17.79182157898145
17.948580957540926 17.963112912086363 17.97388419653833 17.980515010730517 17.98292199769121 17.98150516287071 17.976838045978365 17.969634540500344 17.960749377812263 17.950587415197607 17.93953090177468 17.927992272152952 17.916425159688977 17.90638507312157 17.901115147355824 17.900752113081243 17.904685908917486 17.911920154530346 17.921456206653254 17.9319874662228 17.943602495806868 17.95654116390889 17.96976756408811 17.981971189181753 17.9928594904521 18.00211708171139 18.00947204603999 18.014717352519035 18.017695494334813 18.018258829037993 18.016225682474325 18.011358018441705 18.00337819585913 17.99202009572655 17.977268548507077 17.960267420425065 17.94171940083827 17.92101575040212 17.89836547568538 17.874406786434204 17.84990036776107 17.825712553143635 17.80279308767675 17.782146210639382
17.96176671691264 17.97642466291798 17.98628302481727 17.990682961730837 17.989798040843617 17.984497335389136 17.97566856502301 17.964103158696318 17.950773031515986 17.93614575135346 17.92063232599627 17.904688671307696 17.888838452038573 17.87384848406654 17.863422008853913 17.859050380749007 17.86024857672538 17.865658389493998 17.87436247241065 17.885728366996503 17.899395451550276 17.915041890581055 17.931480159844785 17.94663069612469 17.960097229880514 17.97156150055707 17.9807548575711 17.987471026834672 17.991556333658362 17.99288611459179 17.99133958580209 17.986786553743535 17.97909467505993 17.968156259646157 17.953928880689876 17.937458140392035 17.91969637396337 17.899882846842658 17.878417980283835 17.85594303162702 17.83321102817791 17.811070986269133 17.790445721617562 17.772302197094714
17.97231133928694 17.987659456195555 17.998179650662287 18.002154403798716 17.998869036626473 17.989930375600018 17.97706626787049 17.96124014881832 17.943480507641553 17.924331530718042 17.90423278154821 17.88365654340498 17.863106220035327 17.843121271011977 17.825699366010756 17.81447820957146 17.809770460378928 17.81130296534634 17.818424202032368 17.83027984442364 17.845957912719356 17.864543974188503 17.88453630782887 17.903083167054863 17.919559590947845 17.933628877956547 17.945036164021815 17.953601550695115 17.959206240939864 17.961774242574638 17.961255176197316 17.95761465926126 17.950836696372715 17.940938102043432 17.92799067423378 17.912624835146413 17.89587425299818 17.877245035085778 17.85726751885378 17.836586248947583 17.81594627915693 17.796177599988248 17.778172522803068 17.76285512010996
17.979330304402964 17.995635768953044 18.008024488151694 18.012685038920868 18.00598609134366 17.99313737538524 17.97677617264963 17.957468416923565 17.935950497857483 17.912612888982533 17.887787409714164 17.86187873869774 17.83539981319735 17.80901498193967 17.7836835334751 17.76372775622754 17.751841497830604 17.748596517691084 17.753693065845937 17.766004980558744 17.783949579195795 17.805896939653522 17.829865395111195 17.852245369790726 17.872146550763773 17.889214935894255 17.90322308408732 17.914037104758055 17.921592965332387 17.92587769961441 17.926915135673603 17.924757909085802 17.919487458189593 17.911221972579767 17.900130136215758 17.88651947370565 17.870948611304264 17.853794812842885 17.835604910192945 17.817024267413935 17.798787247761886 17.78170104079849 17.766622140049712 17.754424746138277
17.98159776553687 17.99815547087013 18.012177694223272 18.02088815702419 18.007469911422966 17.991280460695457 17.97209125449724 17.949759826578557 17.924779104849936 17.897402012876164 17.86785043842439 17.83644505184708 17.803664668229132 17.77025198784493 17.73737390026558 17.707493996406967 17.686763630237255 17.677705615533288 17.680613953278666 17.693854909672453 17.714777567416267 17.7407836728301 17.76924548634341 17.79584230277303 17.819502125731915 17.839884976521336 17.85681516607369 17.87022350766033 17.880114244522094 17.886544794568675 17.88961302143626 17.889450510402877 17.88622170004882 17.880128489855696 17.87141902528045 17.859865534755652 17.845733928074424 17.83033419906654 17.814219843793015 17.798032363544582 17.782490491407025 17.768372788693892 17.756492879121723 17.747666840932688
17.978476317824967 17.993629607375798 18.004545069745962 18.007664858121604 17.998719946305254 17.98268521018814 17.962173962311063 17.9376553788171 17.90976873050948 17.878736332780246 17.844705559595575 17.807893337034656 17.76866994837096 17.727722227660372 17.686366574545453 17.647051792202614 17.615251515251273 17.59909679850772 17.60024118680047 17.615753440183497 17.64096299845476 17.671963629703537 17.70540856541622 17.73643472130076 17.76399929442532 17.787839165329245 17.807863703751664 17.82408518996409 17.836583502424418 17.84548737287063 17.850964130409835 17.85321476372699 17.85247323336421 17.849009451293945 17.843088413142333 17.833584003016494 17.82114407835019 17.807756033507633 17.79398241117321 17.78045434425277 17.767868042590756 17.756965782809743 17.748509797594632 17.7432489032306
17.970595202683924 17.983538042741497 17.99085113332101 17.991234461479657 17.98334169029744 17.968216765467865 17.94729977524926 17.92134085075828 17.89118266530481 17.857052665021232 17.819045972149 17.777256943176365 17.731860245831648 17.68327365890799 17.63254908370955 17.58232778760803 17.538729440234036 17.513642299963852 17.514922814766354 17.53550556783251 17.566784277075705 17.603595913783288 17.642132057036967 17.67740454004843 17.708678684946513 17.73583551628884 17.75889411797546 17.77795355316845 17.793165946979215 17.8047235662395 17.812852511562244 17.817810081710526 17.819884763733278 17.819398368187986 17.816048771971666 17.808643292932896 17.798167474515523 17.7870188787048 17.7758174886809 17.765176065088333 17.75575980592944 17.74826563868462 17.743394933950913 17.74180964566876
