_RESULTS/CROSS_VALIDATION_POSTPROCESSED/Berg/IZ/1comp/4/Berg_IZ_z_1000_kriged_reverse_1comp_spherical_4.asc
ncols 100
nrows 90
xllcorner  5.6208707817415728
yllcorner 50.959635321741573
cellsize 0.00013419651685393446
nodata_value 1.7014100000000001E+038
[rows 0 to 17 of 90, columns 41 to 81 of 100]
0.03391575884133538 0.03459731016137643 0.034417819884110495 0.03340074432659439 0.031674019217647065 0.02943616215567722 0.026910223366729772 0.024302861349055613 0.02177894377822067 0.01945300872221853 0.017393091837635093 0.015630417792177106 0.014152342391635816 0.012943083646497879 0.011996525078434933 0.01134195039255207 0.010961293573742266 0.010838725472671427 0.01093763672797975 0.011061888295671006 0.011171606834486068 0.011256480771040493 0.011308694909977362 0.01132348352316332 0.011299500832694398 0.011238930079342912 0.011147307564502029 0.011033099666449529 0.010907122181568888 0.01078191998077746 0.010671227350303245 0.01058961115195645 0.010552371468372795 0.010551599141500256 0.010551599141500256 0.010551599141500256 0.010551599141500256 0.010551599141500256 0.010551599141500256 0.010551599141500256 0.010551599141500256
0.04339240715804872 0.04444467697360709 0.044166437931275754 0.042599714047050076 0.03997080552204776 0.03662058526891771 0.0329150323159763 0.02917324454005066 0.02563043510019247 0.022432928310078027 0.01965255059028151 0.017308096662005716 0.015386027240387493 0.013895489583673449 0.012804334428873198 0.01204890346385477 0.011587930689055705 0.011398745785296394 0.011476697960768464 0.011680457842026414 0.011855698177813664 0.011989138588645512 0.0120705101912473 0.012093470333753256 0.012056217301593546 0.011961671658532808 0.011817183780149782 0.011633832561456597 0.011425465693518363 0.011207673730519375 0.010996883190964868 0.010809710766191086 0.010662663378337142 0.010572218669162494 0.010551599141500256 0.010551599141500256 0.010551599141500256 0.010551599141500256 0.010551599141500256 0.010551599141500256 0.010551599141500256
0.05656887083058062 0.05822571496421413 0.057785849698986015 0.055327534597298215 0.051265198121281656 0.04619911371304095 0.04073682447778102 0.03536828089312882 0.030419291892963725 0.026063192701893247 0.02235911532143842 0.019298550540624987 0.01693451371009171 0.015185710777215523 0.013933720577443558 0.013064401991571349 0.0125188910502263 0.012266649943029478 0.012296665367866083 0.012565686897047065 0.012823134129950613 0.013018206268801388 0.013136856788415613 0.01317030130113047 0.01311603005473867 0.012978108162634883 0.012766691734363343 0.01249687512442541 0.012187131579735973 0.011857671315874257 0.011529011387145538 0.011220959918833873 0.010952107573058182 0.010739829219681283 0.010600748698748993 0.010551599141500256 0.010551599141500256 0.010551599141500256 0.010551599141500256 0.010551599141500256 0.010551599141500256
0.07495052221781878 0.07762039464497412 0.07690839710342312 0.07296724401467693 0.0665870859063277 0.058852270470831955 0.050776193731658925 0.04309515070903082 0.036233598333631614 0.03036561834905125 0.025515127506101354 0.02176854083071796 0.01895820523072682 0.016884492964541843 0.015400216660773933 0.014397272183750313 0.013766469213445279 0.013457865195086011 0.013453645186833982 0.013751963998343981 0.014114581230284973 0.014364064494993525 0.014495008503600859 0.014518864509424903 0.014444123317177945 0.01427545784356296 0.014013377579749145 0.013654423903800193 0.013216219678478166 0.012747665054566173 0.012275466920547613 0.011823998225006387 0.01141485200155571 0.011066852766126841 0.01079664740022655 0.010619734493588924 0.010551837067736885 0.010551599141500256 0.010551599141500256 0.010551599141500256 0.010551599141500256
0.1006359362203511 0.1050596342839023 0.10387317716515246 0.09739292855536302 0.08720054964835906 0.07530298199446478 0.0633762111655338 0.052472000810696355 0.0430768305255522 0.035307085185130815 0.02930574805932636 0.024807886938750936 0.021463075878031312 0.01900878728055774 0.017254389566059656 0.016066364673250948 0.015348348560547518 0.014969307156742275 0.014787975787285862 0.014844643611240538 0.015045970976370962 0.015151929216967421 0.015177539625486574 0.015138854799717433 0.015046685929622015 0.014906035672212554 0.01471577961643334 0.014468635371952112 0.014151589908735655 0.013747024118661695 0.013234758408574448 0.012624384636826294 0.012049416570389427 0.011545892590330328 0.01113050624565416 0.01081737677133302 0.01061970213940644 0.010551599141500256 0.010551599141500256 0.010551599141500256 0.010551599141500256
0.13645457065465924 0.14404591966661448 0.1419926653326118 0.13100569604998885 0.11444948329876682 0.09610549290333058 0.07864395516587817 0.06340683353344322 0.050795856441177165 0.04101699832755312 0.033755392052529885 0.028383128557990002 0.02442920504875502 0.02155069014300724 0.019503581481576496 0.018042818044072404 0.01685229181965823 0.01594449401210273 0.01531063689162446 0.014988952009048224 0.014947421230793121 0.014889764437919626 0.014800713619424408 0.014697891782779667 0.014592639687741781 0.014489909178755674 0.014387963320378169 0.014277953831232449 0.01414363603594927 0.013961592618124102 0.013702371666679713 0.013332901364365733 0.012820396397201202 0.012171517051624281 0.011592175141169577 0.011130486815627446 0.01079657168541605 0.010600666739217947 0.010551599141500256 0.010551599141500256 0.010551599141500256
0.18592059501612396 0.19958171144637618 0.19583179304539428 0.1764687068244801 0.14921954067173865 0.12117046251582062 0.09614485940817609 0.07543190644697839 0.059252939214984285 0.0473856769670978 0.03872040837312395 0.03239572095687352 0.027791980565860363 0.024452753007837693 0.02166738838805061 0.01928229112070788 0.01734972923307491 0.015883495799177735 0.014838578077611839 0.014180507022804089 0.013892339986357544 0.013683372335871066 0.013492909532752994 0.013336640460818495 0.013224520842699266 0.013161158277342095 0.01314548330901886 0.013169842044264359 0.013218853766722773 0.013268478634392757 0.013285788286879959 0.013229965719905085 0.013055049441404197 0.01271478494582992 0.012169549691530782 0.01154595493284032 0.011066798283222778 0.010739697930806832 0.010572131147274783 0.010551599141500256 0.010551599141500256
0.25230249911499786 0.2786708094694209 0.2711970784137199 0.23534554986584566 0.19052929961967494 0.14891669595535453 0.11450784147711213 0.08763334885384201 0.0680486810281032 0.0540175355614555 0.043931364295423214 0.03666105345049648 0.031261754970192256 0.026572375218400213 0.022581317717413056 0.019324275673714378 0.016768537084854873 0.014851283110881236 0.013498970680029875 0.012605179226706596 0.012125535188259767 0.011803988752569527 0.01154264477514231 0.011352318852951782 0.011240109816556869 0.011210163635524295 0.011263225567072353 0.011395232645351498 0.011595382031398578 0.011844122691439437 0.01211150658465745 0.012356419238016282 0.012527368580339548 0.012565602466718022 0.012411157252459969 0.012011856115929295 0.011414966260972857 0.01095202891000142 0.01066251458575239 0.010552348219940076 0.010551599141500256
0.33370323833842924 0.39041474323818204 0.37281443556683996 0.30335036585544256 0.23317282255893987 0.17569207102008588 0.13146074328869228 0.09902557667236327 0.07630270880794571 0.0603210725954371 0.048989618482677834 0.0405474058224745 0.03322272174808833 0.027066417039484363 0.022093556112672327 0.01820482900804725 0.015252227376619276 0.013082402404123202 0.011561563950801105 0.01055950163836404 0.009976387077244225 0.009594599680312805 0.009300619631453679 0.009098715175704881 0.008992439816555366 0.008985572328076268 0.009081414996831627 0.00928090644015827 0.009580131819184837 0.00996762109466117 0.010421652856079789 0.010907868701164095 0.011377831020560327 0.011769535248020088 0.012011065949809012 0.012028309382734635 0.011756718002979883 0.011221106977652993 0.01080962444608078 0.010589497420488939 0.010551599141500256
0.40566563751637186 0.5402552744972644 0.4877141163596206 0.3659814600009966 0.2715548940128407 0.20034611697893595 0.1476171049759696 0.11053600157811902 0.08472714160796563 0.06662933891148537 0.053436479890408464 0.04226778011830716 0.03312116343719303 0.025915905476226814 0.020353291658997772 0.016169168661619715 0.01309357834235111 0.010887596040697438 0.009359731549448306 0.00836273262167999 0.00776574406887806 0.007375626785948247 0.007085202314951017 0.006891923450743449 0.006795914584508284 0.006800882400635229 0.0069129614483925215 0.007138327464408409 0.007480449957045777 0.007937267753807096 0.008498115000413297 0.009140296799659135 0.009825699246908017 0.010498455340320342 0.011085228843432807 0.011499844633438505 0.011653465902395322 0.011470071550765902 0.010997037993601359 0.010671153847684361 0.010552014507400611
0.4203455048429069 0.5229285860360463 0.49727041611531225 0.3922975020602072 0.2959827816594684 0.21957416061753218 0.16237386617463126 0.12209099586629357 0.09374186436417627 0.07339680000605721 0.056407147249877575 0.04246500789124258 0.03163231798677083 0.02355723737670016 0.01772578663090952 0.013588309727983945 0.010644834839432696 0.008587418984888724 0.007187301004640601 0.006281714343115413 0.005739082408916477 0.005381630195641416 0.0051221061393820905 0.004951918083787346 0.0048684389279939995 0.004875774877859885 0.0049828331489959205 0.005200283098953953 0.00553785471569942 0.00600203596207692 0.006593390009324192 0.007302868058873445 0.00810715185414252 0.008963856151734862 0.009808222355315225 0.01055355244413927 0.01109768815454699 0.011336867888499058 0.01118604743111567 0.010782054244954 0.010573677899363984
0.39071151179594255 0.4533976987975814 0.4479815523792844 0.3838661986030274 0.3041187035675457 0.23160722082081012 0.1746177041282953 0.1330031039427839 0.10291280494415099 0.07834502402653233 0.057654378673673144 0.041445772095567525 0.029417660325554047 0.0208449266112079 0.014913192733237652 0.010897680063684878 0.008228135934310168 0.006441809248583115 0.005251294998863062 0.004490292810913523 0.004039272908446502 0.0037397424907589746 0.003527008705433668 0.0033875817036425355 0.003316943168452589 0.003320265025562008 0.0034090748483927976 0.0035971808302214495 0.0038983723299831374 0.004325309927497052 0.004887896409895144 0.005590025850981848 0.0064244674927462055 0.007366413894570652 0.008367087172393518 0.009349754900512371 0.01021120153010014 0.010831492847444788 0.011093127463949904 0.01090765926621563 0.010618751886570337
0.35612987374107496 0.4035965495708441 0.40634780478369786 0.3655561704920065 0.30286471728430514 0.23823668618965224 0.18438842517431453 0.14302028063493527 0.11017914674086317 0.08100262333704931 0.05730506745679711 0.039454144063099085 0.026740879395231103 0.018052950122675333 0.012287701855798853 0.008538022542345106 0.006133957978081372 0.004615120419214053 0.003662168263364798 0.0030641972703742875 0.002713846030670251 0.002482069325003736 0.0023215397052026923 0.002214650086593376 0.002155612119276229 0.0021516763435392213 0.0022169907255583923 0.002366804909425935 0.002616282232391999 0.002981281028386363 0.003478120779538311 0.004121156945106357 0.0049179014212979875 0.00586188506034913 0.0069241660514231225 0.008045514711637005 0.009132559014255628 0.010061852774834925 0.010694992327950228 0.01090487739403898 0.010675106049096921
0.32823142810104633 0.37028109997292935 0.3778683017695718 0.34973662442060893 0.29915385811225254 0.24233511057280893 0.1924919207945254 0.15197110435779196 0.11453971479629561 0.0816379959026064 0.05570347101557195 0.03682608859700871 0.023877771018272896 0.015374785828972271 0.009958547905851064 0.006576043273828976 0.004488991676826116 0.0032133934327524608 0.0024471600376114464 0.002000019197451793 0.0017419303854081989 0.0015756507207719292 0.001465281563638148 0.0013888033305697548 0.001338987002734605 0.0013270321288090011 0.0013699417923388347 0.0014822818851355387 0.0016779331999758984 0.001973287246210383 0.0023881623701455627 0.002944195453143896 0.0036606740217452506 0.004547621017753163 0.005596376472359585 0.006769061219975921 0.007989950738723746 0.009143296704362308 0.010082418281867046 0.010652768838512969 0.01072674377507758
0.30810971413937066 0.35005422126391034 0.3611325080591412 0.33951378093803974 0.2964704497789712 0.2459028980367856 0.19985911223253192 0.1581581597121733 0.11658018373347581 0.08079202911741132 0.0533106271197818 0.0339171185370759 0.021072149923686976 0.012952309761553435 0.007983681288194745 0.005005186292425978 0.0032395438654673867 0.0021992083231700257 0.0015921885966595057 0.0012503049863202135 0.0010658233275939043 0.0009545931840706892 0.0008882197988392939 0.0008385262589634074 0.0007945067750500137 0.000775673308983779 0.0008016384522675312 0.0008832261761324609 0.0010310787297424713 0.0012605204713829054 0.0015926559912903303 0.002053361670513532 0.002670136028358014 0.003466122153478077 0.004450841391523999 0.005608219043213987 0.006884299308868574 0.008179199172492636 0.009349263042469712 0.01022452407353982 0.01064228862836605
0.2935876175032234 0.34052697967141127 0.353657576064479 0.3338360107914515 0.29548324076692795 0.24989209849775865 0.2071553612403064 0.16214312043165224 0.11714378081408676 0.07912206869627708 0.05057078122020447 0.030986130115461995 0.018463713772962617 0.010848773764273624 0.006371488968259692 0.0037909931103843404 0.002320252723937813 0.0014869648909673872 0.0010166256250972161 0.0007568739217005817 0.0006175043123096424 0.0005454575750926227 0.0005141406327810421 0.0004891946950970412 0.000445675657949973 0.00042393306322742225 0.0004409706900256171 0.0005004038824927534 0.0006096447976896741 0.0007827047805338278 0.0010406032546230062 0.0014109622772414585 0.0019260908166499559 0.0026183937682707436 0.0035120573547662726 0.004610796352040029 0.005883220917060716 0.007249921577128163 0.0085787571123992 0.009695359261456732 0.010412731916849364
0.2787309481955272 0.3354854121976083 0.3469104217800138 0.32847825462107166 0.29532350750004854 0.25462061076742687 0.21318477728570845 0.1631795759032204 0.11416361719323788 0.07418020471278224 0.045478446327968804 0.026714673116020406 0.015259234322289315 0.008595965033353255 0.004841201371969879 0.0027626137137278127 0.001619176055175278 0.0009888635285063585 0.0006394965816287353 0.0004455577978686143 0.00033813505702222596 0.0002854196084558342 0.0002704524553991648 0.00027492492905615103 0.0002246514787588126 0.00021082706848360571 0.00022620535311847388 0.0002703468618595076 0.00034981713115947693 0.0004776953550005558 0.0006740423473887911 0.0009663673839672545 0.0013890045253738441 0.001980054565097514 0.0027744687605074344 0.0037923775043666834 0.005023324711676236 0.00640974962045717 0.00783617748621361 0.009132430119040257 0.010097461000228876
0.2584019113280734 0.3053700782673206 0.3266962121112102 0.32032162022622446 0.29393271107138913 0.25376381239611073 0.20759593213822056 0.15321286733642436 0.10316330159908038 0.06442367508764647 0.0379304425596099 0.021393543623196374 0.011735923312928616 0.006351495499955775 0.003436901111599118 0.0018833679751582093 0.0010584448790875456 0.0006181816027723962 0.0003808500510970946 0.00024984298625566433 0.00017519796296122593 0.00013404366416741448 0.00011483903856635127 0.0001042877112106786 9.331059670974208e-05 9.367619475554354e-05 0.00010863279317543039 0.00014111565629331622 0.00019804121840220895 0.000291436585820966 0.00043975000079101204 0.0006691609104544649 0.001014065068746984 0.00151543860596596 0.0022154489179314193 0.003146876170660965 0.004317161134808215 0.005689523251562598 0.0071671900641635715 0.008589759703431643 0.009750502613661451
