_RESULTS/CROSS_VALIDATION_POSTPROCESSED/Berg/IZ/1comp/4/Berg_IZ_z_500_kriged_reverse_1comp_spherical_4.asc
ncols 100
nrows 90
xllcorner  5.6208707817415728
yllcorner 50.959635321741573
cellsize 0.00013419651685393446
nodata_value 1.7014100000000001E+038
[rows 36 to 53 of 90, columns 0 to 41 of 100]
0.09928941520464568 0.10934026365482534 0.12107422978892866 0.13447491014192667 0.14937154674092987 0.16530812748552554 0.1832052419843444 0.20342304989173604 0.2241341225317503 0.2431408259701255 0.25920853660268545 0.2727643383556361 0.2851629989871407 0.297773634567826 0.3111765230957668 0.325055878744999 0.3397040295440017 0.355350872167928 0.3721493206267706 0.3900897082032281 0.4087521000624759 0.42668744341292086 0.43987489205849806 0.43884955737602477 0.41152958154286134 0.3622008493749618 0.30830135590897334 0.260394485157721 0.21975119769684165 0.18592639417417345 0.15848106404245457 0.1368022655038118 0.12001397745820633 0.10697161163467195 0.09691572143297063 0.08906763241864347 0.08104881596095663 0.07265976636609912 0.06428922874844054 0.056220398233656016 0.048656363299079096 0.0417358373532198
0.09991668840735343 0.10867517769238451 0.1186327029621949 0.12963879837926734 0.14139286973646892 0.15338485252499326 0.1666795494600231 0.1816344638111018 0.1972052191796643 0.2122968382319753 0.22626254290151704 0.23919217974045906 0.25174845614927344 0.26482094932271555 0.279308443764702 0.2954271283439794 0.3128218007261599 0.33189475794143763 0.35305399268326365 0.3766868372288338 0.40306422339894077 0.4320334833947552 0.46184498932880563 0.4825747827438933 0.45624305097959617 0.3902495208231198 0.32591319616692016 0.27259776516195044 0.22867963247946632 0.19295035012754372 0.16432232088567136 0.1410824881904541 0.1224469194289768 0.1079976075314403 0.09682646518532044 0.08820079672166324 0.07989108761653523 0.07131299436315779 0.06285024211511762 0.05479546485907287 0.04732449103451638 0.040520805331321116
0.10092732480072913 0.1084039375228606 0.11658528317895307 0.12530311656016493 0.13421241144928586 0.142844182408056 0.15233269600696536 0.1631490795941805 0.17468816250080804 0.186381943906841 0.1979033179942144 0.20929369736350087 0.2209339273595997 0.2334217834740227 0.2474656307070518 0.26383568956960973 0.28237576516030255 0.3029732833183388 0.3261390485949026 0.35243232723076867 0.38244412145779294 0.4167379816448181 0.4557017910708179 0.4991295032417094 0.4741380007478201 0.39510042564921133 0.3288378375892462 0.27545908799217506 0.23165895444355444 0.19616887315816525 0.16739294443947603 0.1435688341022372 0.12394590815634257 0.10844314172813399 0.0964198394671167 0.0871375616341085 0.07884052962602416 0.07031768638956606 0.0619053244580606 0.05380798399309579 0.046309035308721665 0.03958737707166952
0.10220022637430419 0.10876975782813002 0.11524874138653936 0.1218289052036829 0.12820791287410038 0.133990270410955 0.14028768832646069 0.14774383206391295 0.15599427509067504 0.16473529705126222 0.17381112781286434 0.1832722538756635 0.19337603931491315 0.20454579243518495 0.21732665286835648 0.23236438608244034 0.25027847529975794 0.2705465799649882 0.2933169422467651 0.3189769632485752 0.3477467623814598 0.3793438358152186 0.4117179226372746 0.4339749076293412 0.417375625387016 0.3670826761681422 0.3143548537137972 0.2678498283085825 0.2281486700076408 0.19502336139052018 0.1671045249592463 0.14374909137144773 0.12434353997990476 0.10836514623084685 0.09576704001519028 0.08597875435026828 0.07785018207089796 0.06941982430147531 0.06096470785958852 0.05290157334775657 0.04551259496459698 0.03895951706728857
0.1038353702576908 0.10961136915059841 0.11486350502954716 0.11947438826149337 0.12358755146256953 0.12692887481673754 0.13047325545478666 0.13510741163367895 0.14059472196625356 0.14676260480771505 0.15353944141291945 0.1609807993562654 0.1692739052635116 0.17872461094402214 0.1897402464486098 0.20281935645046767 0.21855030012892473 0.2370674675814679 0.25765988430371073 0.2803333093863025 0.30483916701336505 0.33012889713531757 0.35232703955917904 0.3631153163491761 0.3529782737993797 0.32414413656047436 0.2883753271873847 0.2522344190192341 0.21900538766661035 0.1893646147888225 0.1636418879677746 0.14170562514515495 0.12321465171908003 0.10776395117754896 0.09499308958780144 0.08484909545255918 0.07651209117083059 0.06820642403123145 0.05991584063563125 0.05205304826232623 0.04489241293135884 0.03858666910555466
0.10597490929051495 0.11096390014869266 0.11516413777982676 0.11836682032073448 0.12046392449501 0.12166346562261393 0.12275686042382562 0.12493613307911913 0.12804066392755875 0.13195481229561656 0.13663759456193306 0.14213330448644318 0.1485740495353844 0.1561749863921431 0.16522651000626337 0.17608676879173782 0.18917326305965082 0.20488714702172947 0.22243974512993706 0.24134259455562343 0.2612404170351195 0.2804873983900422 0.29590312184808387 0.3028945560597413 0.2978551926776076 0.28182053146448766 0.2588260262508226 0.23233993742288128 0.20548583162825645 0.18027886948327693 0.15762054494582045 0.1377861627172724 0.12072864808353964 0.10624970017422326 0.09402809092766767 0.08345722520258984 0.07465310085926073 0.06670552830961991 0.058766272079877134 0.05124249082827262 0.04440751477027645 0.03841338699872937
0.10876285934937864 0.11296910188686209 0.11611313476708916 0.11805079662422832 0.11872105327431882 0.11812783796988281 0.11700492256616307 0.1169676184473071 0.1179637608120592 0.11988801146727117 0.12269500414871781 0.12640214317608223 0.1310894676624473 0.13689630741942393 0.1440156227150884 0.15268616878201344 0.16317984953138662 0.17577681497020012 0.19026657837685068 0.20582919906954392 0.22173376649216653 0.23659348595020474 0.24829003059850685 0.2543744649268107 0.2532451699520057 0.2450844499304182 0.2300188356090801 0.21066799449828444 0.18975353325156957 0.16913016024485578 0.1498705854459928 0.13249930070835808 0.11720052195328944 0.10391227775002712 0.09207339264961276 0.08164360130058315 0.07265461121889762 0.06496623390492824 0.057527743636556966 0.05045366481874646 0.04402205113215142 0.038391524457139455
0.1123504329873075 0.11576346404573792 0.11780808498490303 0.11843855691487926 0.11772661088662567 0.11580831723257527 0.1130325796663847 0.11099161743040975 0.11007105552209615 0.11021783115788837 0.11135646367940409 0.11346456175789621 0.11657005515615462 0.12074690243076196 0.12610913195957613 0.13280238438909622 0.1409904897536126 0.1508553934371518 0.1627048704450329 0.1754890105694263 0.18837775601932324 0.20037173851946893 0.2101469403253409 0.21634986792351038 0.2178425411649581 0.2133969896852786 0.2033359081627912 0.1894468424384129 0.17356048445603162 0.15714801940748233 0.14122159243512128 0.1263958279017894 0.11298362676111014 0.10061969412637191 0.08928697241656121 0.07918887607355735 0.07040997193188867 0.06295386276363958 0.056217696915087975 0.049676593911804484 0.04370758783807308 0.0384814489761193
0.11690349404443082 0.11948318948499101 0.12032102362335031 0.11953024520652729 0.11736496591675835 0.11411025658242507 0.11003819499241896 0.10645343326137449 0.10402974823918079 0.10266831234078161 0.102339945852479 0.10306707929400162 0.1048197087705895 0.10760625334940846 0.11147174641401111 0.11648903703884778 0.12274696939668736 0.13052654974790398 0.14011732857644285 0.15072920756366812 0.16147212850336856 0.1716258567803171 0.1801730699458565 0.18620824520437443 0.18860535333951942 0.18626490099468151 0.17968017874336353 0.16987561181917205 0.15803954275952317 0.1452543487913197 0.13236856435367697 0.11997892697724764 0.10813773055731507 0.09666889941993037 0.08597990066567995 0.07633260681595465 0.06786253645293545 0.060613300349616615 0.05453077160574177 0.04881686207384025 0.043436973483859255 0.038653051634408124
0.1226116987686131 0.12426379086905497 0.12368135463383988 0.12125915677310614 0.11751182163304878 0.11288425518455064 0.10770696638113465 0.1026798832356725 0.09901281781756316 0.09659222406874668 0.09528395649728445 0.09500079786897053 0.09569660029430697 0.09735962633822984 0.1000052621536833 0.10366759885814614 0.10844278278508516 0.11465473865786778 0.12238794481723309 0.13119949602317885 0.1400868591481317 0.1485494776451686 0.15603002879240557 0.1617216915370936 0.16425307359645827 0.16334093466219723 0.15921584919855925 0.15245717928949545 0.143816423074862 0.13405216070098255 0.1238253932715089 0.11355918388587165 0.10295657568993338 0.09243426861051797 0.08245014483298495 0.07331322277100583 0.0652050721809786 0.05820782408588214 0.05233418573585205 0.047430567978222815 0.042842506887217184 0.038661226509997135
0.129699344020141 0.13022191397962601 0.12782067219467752 0.12343877744880033 0.11794974397359895 0.11193564143182251 0.105796057777512 0.09978147730193071 0.09499825784323501 0.09161968976621253 0.08944783371599055 0.08834335158036363 0.08821460272040016 0.0890078075352354 0.09069816914305771 0.09328151714800947 0.09694803053471358 0.10188557888092173 0.10812662865546582 0.11545708676087219 0.12295832301211965 0.13025225096897383 0.1367949788864909 0.14153974623754575 0.14404528710689227 0.14412260159267054 0.14177220400846643 0.1373020948061891 0.13117113541725814 0.12388718188581423 0.11593506948237547 0.10726275405135406 0.09783223410779551 0.08823919005660918 0.07896099217125778 0.07034440466824893 0.06261197671217253 0.055881495779111584 0.05019300535338034 0.04553753106410796 0.04172224488524527 0.03807416911767387
0.13843827657077845 0.1373696568032103 0.13242077172117406 0.12566521344829043 0.11838193208681923 0.11118209130143242 0.10426537641991633 0.09770753332995408 0.09192808666887904 0.08768253001826531 0.08474636130576904 0.08292913109655783 0.08209839075529082 0.08216588351474387 0.0830767059961756 0.08483224659684965 0.08766445255513268 0.09163485891710975 0.09677444985288994 0.10299506377958532 0.10951048510258023 0.11579911853844321 0.12113414042288723 0.12512804310136277 0.1275028680608834 0.12813082822133892 0.12704532794754508 0.1243180191560583 0.12017102826783073 0.11492294617322088 0.10882086475812516 0.10141785222715503 0.09307088331259812 0.08434598241816903 0.07573123970308551 0.06760661305605328 0.06023261585322389 0.053759671992317695 0.04825209105069772 0.043717607247669654 0.04010428118086045 0.03684523038401407
0.14916343488235392 0.1451984718384889 0.13654359256964474 0.1272997007199889 0.11852263103576531 0.11039463612271987 0.10291763289063713 0.09605212590162616 0.08977151155271346 0.0847513788644167 0.08114523788844535 0.0787155307491333 0.07729423849716359 0.07676498358488375 0.0770501492405376 0.07819875270173567 0.08039247014126012 0.08364227265172208 0.08798275087653083 0.09338537011149874 0.098898004383805 0.10399468344204452 0.10838395119776394 0.1118034950872178 0.1140575269930693 0.1150446144658249 0.11476684441193477 0.11331765189172052 0.11076149184675824 0.10720352382424699 0.10251978140127 0.09626387222007933 0.08890119504165375 0.08095844816037276 0.07293425829802935 0.06524474615569115 0.058189109556279366 0.051947690758409736 0.04660467856500924 0.04218029668131783 0.038424049515384695 0.035047545701582174
0.1622903773741929 0.1504914491938665 0.13831161013617674 0.12751378391714213 0.11790924548795137 0.10932223138817128 0.10161006332856726 0.0946608429357275 0.08838910156382244 0.08284305275956114 0.0786480625032077 0.07569012186354111 0.07377125705387974 0.07275227982747956 0.07253913373246965 0.07324235699947262 0.07495414541409072 0.07767651396107868 0.08134614795421782 0.0857640013128464 0.09022803784404176 0.09438920464247784 0.09804289349830148 0.10100745776477699 0.10314605145781194 0.10438223701972757 0.10470435613221721 0.10415687171853667 0.10282103937785023 0.1006947074226792 0.09715845543166127 0.09196065992697053 0.08549123650628399 0.07823141108131636 0.0707015884826806 0.06336886439967161 0.05657669613094714 0.050531976915643206 0.04533217124583271 0.04090158891200939 0.03687583807931825 0.03327227399221418
0.15255632703859484 0.1465061650060681 0.13606469593214898 0.12573901575568455 0.11633263631390628 0.10788193387253002 0.1003065070103633 0.09351520086583824 0.08742734116996527 0.08197750590055078 0.07730517595254408 0.073880748237658 0.07153411885227992 0.0701073873869302 0.06950583919961337 0.06986385864582123 0.07112370098342899 0.0731996868446909 0.07605630236619253 0.07961055142157965 0.08323134401966356 0.0866448268849 0.089708226215625 0.09229738963612939 0.09431961781561132 0.09572233053154242 0.09649449660444205 0.09665903759619626 0.09625603226167781 0.09526315200269335 0.09278794639869624 0.08861098382045586 0.08296841870243939 0.07628158671782863 0.06912534070691774 0.062053971474077194 0.05546456949748718 0.04958256493967768 0.04446304362990745 0.03977709313199763 0.03550671828884428 0.03169676158112582
0.13966379141016874 0.13688703021163595 0.13010919992043601 0.12200026312610826 0.11385512661602568 0.10616191359538345 0.0990885856966429 0.09267635354305871 0.08691542289583873 0.08177028962306471 0.07720043465499614 0.07336382328692906 0.07060736540867732 0.06876134465900133 0.06771146438116615 0.06755759768211626 0.06824290055041252 0.06970524533539946 0.07191150361197823 0.07476763238431568 0.07769288559372134 0.08049076717871974 0.08306319027264028 0.08532778330427558 0.08722558231683575 0.08872607183799462 0.08982757926375169 0.09055122555455747 0.0909262615838837 0.09082597653157036 0.08938402272589761 0.08627308580677102 0.08143951152991467 0.07519149739906476 0.06824981554037544 0.061334053249716254 0.054895865052143944 0.04912835221587862 0.04378199986023209 0.038841716438613436 0.03436386353225874 0.030376018628088787
0.12808213576770872 0.12667713441127357 0.12237064738846017 0.11646664737960284 0.10999037163054332 0.10352697809638198 0.09736957681952974 0.09165196946512884 0.08642503056746378 0.08169705939457254 0.07745530605719779 0.0736780167427285 0.07047005790111664 0.06814367229580003 0.0666277230023125 0.06600927678015042 0.06620910815100109 0.06716315549016671 0.06884059801171627 0.07111109094473206 0.07344443793948222 0.075717627763796 0.07786507415439757 0.07983479327990117 0.08159321936914606 0.08312860782370603 0.08445184909169905 0.08559345040105303 0.08659449210714186 0.08726953904034619 0.0868139642053489 0.08493740028756351 0.08100950842911063 0.07497949431630742 0.0680327567031989 0.061187867366832766 0.05484901974765219 0.04885923310352148 0.04326159433566268 0.03812782437918384 0.03349278805269657 0.029366911023674724
0.117702835962333 0.11704667289585306 0.11430741348541086 0.11013881076380404 0.10521226218194615 0.1000254352474871 0.09489245483484791 0.08999356419136983 0.08542332949297399 0.08122445243904179 0.07740947078355197 0.07397463865306735 0.07090920952981448 0.0682383765940271 0.06630478561209975 0.06527190356847182 0.06504822545125079 0.06556839452976099 0.06680399171881711 0.06855285175451649 0.07036328191985228 0.07217148831616708 0.07393538873843652 0.07562456079949569 0.07722341605543964 0.07873387618344375 0.0801769759957451 0.08159299320048759 0.08303965259343818 0.08431974039488353 0.08476204146557235 0.0843091332444577 0.08179714031295762 0.0753950487904735 0.0682580105783428 0.061432722561110424 0.05486097445610018 0.04865875098646026 0.04291006521097609 0.03766191493194673 0.03293335815867445 0.028722528694351556
