_RESULTS/CROSS_VALIDATION_POSTPROCESSED/MHZ/GZ/6comp/2/MHZ_GZ_z_90_kriged_reverse_6comp_spherical_2.asc
ncols 100
nrows 74
xllcorner 5.5967023332191781
yllcorner 50.982320383219182
cellsize 0.00019249356164376555
nodata_value 1.7014100000000001E+038
[rows 38 to 56 of 74, columns 44 to 87 of 100]
2.5308506756780353 2.4650400793319247 2.3694362528907082 2.249930807851432 2.115765491300264 1.9789663800729507 1.8531118509346252 1.7535560206863687 1.6937960710985092 1.6746904569174321 1.6915692109365954 1.741071336188386 1.827557259250713 1.9427993928476914 2.078466629051573 2.233608085588794 2.4074609666842055 2.5990672084690365 2.7999462179733854 2.964958977254981 3.079142242225152 3.1416110611295816 3.1416768387702367 3.092726586441546 3.0593561638079967 3.0699336132087467 3.1281774871820502 3.2383227909111736 3.4037019133304516 3.6272057092048273 3.9016729469158475 4.219096630832739 4.578410406832852 4.975356668690086 5.400068982291138 5.832597317356044 6.235073741752236 6.541730781744048 6.648460058444475 6.490037207416956 6.110887116183163 5.60233571326107 5.031955669272993 4.460779602889215
2.451052870021902 2.3907416245914246 2.29801856825921 2.1765975564687623 2.0349494568459976 1.8880904498934334 1.7572559238654164 1.6591322943193525 1.6097973893818742 1.607994554995376 1.645780439247445 1.715644383966335 1.8144440772324193 1.9347435270817144 2.0745166321334696 2.233182934397424 2.4104656892511787 2.6060262957368105 2.819000084859758 3.024728662119944 3.1733513041930355 3.251465274127098 3.2521593674745914 3.177963844837943 3.097926690955219 3.0697398924274624 3.0966818534788976 3.177288932746659 3.3128295174405284 3.503918767490629 3.7496393081987685 4.036687458693915 4.357940878947769 4.706217247868193 5.068507513697822 5.422878815432071 5.735078396650399 5.958189074808027 6.03375678651875 5.919493492572079 5.644445928474946 5.2621869679176445 4.808765904022158 4.3300285389415425
2.4002360153654405 2.347090079637092 2.2608206018398285 2.138453794561588 1.9885044643540073 1.8302334318136153 1.6840607583610778 1.5781626665080932 1.5372135156637166 1.5558238495811643 1.617513125032313 1.7097878400890203 1.8176866164919574 1.943469766389842 2.08733109652132 2.2489429390059357 2.4283153565360562 2.6256957248051083 2.841345040633961 3.0715138129245227 3.263346399822489 3.375090693131254 3.3783868760645506 3.267236357095945 3.129277990559228 3.0476514725802724 3.0349307795782705 3.084839130210055 3.189576426794278 3.347000378021766 3.5547115768095487 3.807139736278768 4.087903949643592 4.386784337522053 4.690144282160503 4.977891613015711 5.222914812437708 5.393617223188371 5.455463001615437 5.376166947139794 5.172663780641641 4.882703131047247 4.532371110821788 4.144037613542193
2.388131028954956 2.3414519501697892 2.2671423340568144 2.150089350318012 1.997879476846516 1.8205499772003784 1.6416396647669023 1.5097342650552423 1.4783612693196093 1.5263473639393927 1.6151208716595251 1.7234894433407266 1.8401642814733068 1.9696731166238661 2.1156300653331455 2.277753400221622 2.4560031232012562 2.650806915658305 2.8632256960546165 3.094947676210922 3.3212260579948882 3.487277482102923 3.518277903509284 3.333537478886305 3.1356632386537977 3.0020746402971428 2.946730426636423 2.9642612421699623 3.0408370249790426 3.1667286280725433 3.337404839809541 3.5478026013038066 3.7889849607241315 4.042609081337797 4.295091756575584 4.529698016206778 4.726171921122969 4.863402174274463 4.919459348926526 4.868270277250606 4.717368139377717 4.495822210714586 4.2283318287595755 3.922959189987127
2.414744625457723 2.38483552773037 2.327231632120807 2.232495465889729 2.0853327426180583 1.8881352496584303 1.6594695774424313 1.4547188613388689 1.4516145406686882 1.5412405003503225 1.6479096626487686 1.7637395618948473 1.8853689799342221 2.015257781465446 2.1603088225400313 2.31968450286829 2.492564277785731 2.6787470470999475 2.8788884213496404 3.094483421843531 3.3185826551143216 3.4881525873680626 3.5155346677289616 3.3113981221588333 3.0946366786608692 2.9260869723226137 2.8382207536344346 2.8242298665015877 2.875694325417525 2.9746574972598148 3.1126788274453356 3.2837886925645536 3.480993953892195 3.69423509641749 3.904937047659273 4.09846780173157 4.260082599655663 4.375578652256305 4.429653097630891 4.4002285792555105 4.290357650711425 4.121627702425811 3.9147145078377585 3.682072571289505
2.478280452261975 2.4793149084852057 2.457507664191582 2.401845867405579 2.2783037298490725 2.077275100915569 1.8205536426944926 1.5779100938106168 1.5558428135641844 1.6309369352896481 1.726725474198988 1.8356671763956385 1.9543916565933 2.0810643601046865 2.222012384353682 2.3752908182239163 2.5383717470222558 2.70961536540707 2.888172294581698 3.07312101915961 3.259560853005118 3.380840017897853 3.3651694237499212 3.1997397910038985 2.9988302685079713 2.823142153195832 2.7144116209173443 2.678397083226615 2.705507048375882 2.78297088753872 2.893699502126249 3.0314264742616155 3.189636092222101 3.360506634535771 3.534464812816799 3.6966617901657006 3.8331718502022936 3.934360052353215 3.988073974591115 3.9754359959481094 3.897931366916623 3.7705127207567726 3.610970373601304 3.432751129155679
2.5750498060850022 2.623364943969954 2.6620566073925276 2.669236474969704 2.600766209366704 2.4197064256630254 2.158191694330627 1.9170518456826158 1.8007568014812347 1.793740319811492 1.8476781596755487 1.9357216944218467 2.0449723180121278 2.165967130455457 2.30085979543667 2.445577453364682 2.595162029087147 2.7462681833785814 2.8965983972832308 3.043424115138212 3.1810076483333205 3.261273085347924 3.2211141191053145 3.0621249601421963 2.8691849951620694 2.7028906252072455 2.5856392353407944 2.5372013781080143 2.5462884710984968 2.6038012452030213 2.6921599506075653 2.8020387919337737 2.9279616290552166 3.0635678092452356 3.201399431356404 3.3330805779865518 3.4498603573922946 3.541489931310494 3.5951004813851153 3.5952292343307364 3.5430323953316427 3.448383883030892 3.3271646665601255 3.1894209744461612
2.700049000826902 2.808660553973223 2.9268285813235653 3.031842823199139 3.0637370653679743 2.917900326480389 2.604698611043238 2.2797363586021446 2.0661034069882582 1.9783952889578613 1.984938422628044 2.0501814215721352 2.1503501936775264 2.267095724070093 2.3966996073782405 2.5320563734888624 2.6656252651744965 2.7929330029795705 2.911498589610428 3.018908880240695 3.1108729461243776 3.1559185338971387 3.0926049147258206 2.9267905891251917 2.7261327289443784 2.5653284723590355 2.4658946521270155 2.414328241671639 2.4108929925845226 2.448622025272446 2.5177933749005303 2.6041032281576415 2.7032205686455613 2.810226147765775 2.9194690225762274 3.024798954366744 3.12005306488012 3.1997584600776965 3.250193090140104 3.259381606243028 3.226631125075995 3.158264482250286 3.0681203937959745 2.9639861292272873
2.8452509142862943 3.007636026794523 3.2033847353845624 3.4277694663186367 3.63237635925557 3.56123110233124 3.084706518527988 2.6000474925619814 2.2782618235058765 2.127322080988595 2.1047925145904616 2.161355613912728 2.2622513681847845 2.381484624237937 2.509960892921863 2.636950247070402 2.7527885189513377 2.8534227581318405 2.938368906664473 3.0077064086930423 3.0601263458685057 3.074042573342849 2.989299944737298 2.812936530872782 2.592730717488924 2.4190701813092588 2.3651725023080425 2.327565120913212 2.310850350009837 2.328707526916522 2.3780369984032363 2.4434666014357806 2.519815519843871 2.6033223480184344 2.689735329456867 2.7745525794367456 2.8533952217360605 2.9218290161137856 2.965065000063113 2.9763036909639218 2.9552069794089837 2.906120340295668 2.8405715065454853 2.7644756876698726
2.985085258189607 3.169962602680286 3.405540716422048 3.7040721478305527 4.08448878724448 4.2522989821586075 3.404443529507781 2.7699936753833603 2.3687915026080097 2.1952723163009606 2.1829247439748705 2.2575490835157233 2.3756317952371897 2.508155423970139 2.6426134874550224 2.7633865416452976 2.8592443743094274 2.92952072428213 2.9789954091485247 3.012116825050085 3.0309360036994257 3.018822240039783 2.9182501761442183 2.744164082015488 2.5344874799431043 2.372611312641343 2.315490282102874 2.2803802163398124 2.255106879446566 2.2503870084350917 2.277946471701415 2.3238160179645293 2.3801446125601062 2.4438814110472338 2.511732234199635 2.580344732983169 2.646573937531458 2.7049006720891633 2.741722503090166 2.7538600038977665 2.7409075167029235 2.7064356131046408 2.6604498047148963 2.6075290941578344
3.096454820070768 3.264852496934608 3.4788139747647233 3.7292310506899087 3.9612147285719934 3.892260252156974 3.3360556176110645 2.729216627378884 2.300229917211328 2.1700933594652376 2.2228394543522585 2.3419037308050683 2.49134828428603 2.6483477633624735 2.7982536206260766 2.915207081703445 2.985667696021673 3.018984988438632 3.0302366612529505 3.0290522182284527 3.0198978094473787 2.9865707547271145 2.8764426446456897 2.7173461998906174 2.538384784158496 2.3964905428397234 2.311441863643701 2.260941131223585 2.2299672970764615 2.215253708324165 2.220636046786238 2.247443358715393 2.285538215990756 2.3321448782081107 2.384530902566229 2.440089768818021 2.4964921603573664 2.54452078327633 2.575498952824134 2.5876920944022506 2.580662476987034 2.5578684561463434 2.5279510607734856 2.4943902010899017
3.162626737504352 3.2880897119546693 3.4399434921131915 3.5864365245668295 3.654569490620881 3.514669216389796 3.1184139667237996 2.611706324156925 2.1257522234658572 2.1361553393264168 2.2715035650383233 2.4318920278305844 2.611912780374931 2.800392051153131 2.9797604606382846 3.095819420715267 3.1265857927817122 3.1119815152773818 3.0828100101799256 3.0505828908522794 3.0192825657968414 2.9676116141218793 2.85414491105165 2.7089738149619342 2.5482972143934144 2.4137973747439534 2.319263783772772 2.257053067954566 2.2188476424303096 2.200710401818515 2.202068968641433 2.216270518146867 2.237250126330392 2.268529565770074 2.307647096040946 2.352438597975182 2.399349515203883 2.4373504438234455 2.4628843594788385 2.4745015478395236 2.4717468345620315 2.458626521834742 2.4422732522861765 2.4253359600636486
3.180907930972929 3.256775030365523 3.3430680335114786 3.406412584040208 3.397069651066297 3.2573660756349923 2.9683663578464707 2.6092160821541115 2.320152550100882 2.2706223158573207 2.3777281103278973 2.538664457920863 2.7292612800075644 2.944648239714922 3.1770601592733323 3.302574541529006 3.2561984164028677 3.186107611165988 3.1214738842457472 3.0657016950701697 3.0194031956884775 2.95050787942473 2.8396281202259166 2.7038755201259974 2.5534544075377323 2.4242259350943636 2.3272821175159537 2.2594489268053763 2.216486709403167 2.19563142932656 2.196081988414943 2.211930070690481 2.2312071801599958 2.254058648424529 2.2818492256419085 2.3173999607116667 2.352771669896139 2.381616543868083 2.401946449440829 2.4125000244942973 2.412834216251958 2.4082290819494765 2.403772531566201 2.4016721536015004
3.15877805858925 3.1921774035553145 3.228761006284376 3.2433122423674536 3.207858848329877 3.095129202644898 2.897536737490213 2.6705737214609346 2.499815699177257 2.451392151156894 2.5142804596841133 2.646821454651854 2.8197209025048173 3.029694608663206 3.274768059617572 3.402802719701787 3.304848981462942 3.2106095623687145 3.1304457468835194 3.064200245349479 3.0106775072709397 2.9319065654166376 2.8249579884796505 2.6953821335263415 2.551948964138412 2.428510212428179 2.3330136362842926 2.2640454766429468 2.2194946750526694 2.1977894943669427 2.1984672093126476 2.215734067988251 2.2372715797809057 2.263000964958088 2.293411039650142 2.3256201633264744 2.3532355953148962 2.3753366409671157 2.39116432522203 2.400000887530003 2.4016718800906256 2.4016718800906256 2.4016718800906256 2.4016718800906256
3.1062483485040464 3.109546879422161 3.1151787991169333 3.1068613309956907 3.0706416983755176 2.9905758435922434 2.862818409102975 2.723971620346495 2.621601164615589 2.5899262313928797 2.6321445594664095 2.7303693148472488 2.8656802122040372 3.0304731386516974 3.1926483004350406 3.273316914782805 3.244227429985161 3.1751653468868635 3.103820376087681 3.0412656026754115 2.986523455448597 2.9090935947545202 2.805895921439238 2.6807657802414426 2.543988765252983 2.427751274635252 2.3364710916986637 2.269644505963811 2.2263585901148515 2.205948787066198 2.2084347932454023 2.2273456964465534 2.2510127534564073 2.279446492522383 2.311077368896509 2.339618635892391 2.3637381287773556 2.3825828517940155 2.395358255865622 2.4013186644438353 2.4016718800906256 2.4016718800906256 2.4016718800906256 2.4016718800906256
3.031767717239179 3.017155205763582 3.006996076828127 2.991846565933817 2.96570876357939 2.9138307777054795 2.834809637150757 2.7517515628890297 2.6917762037914956 2.674686452051244 2.7054705815327798 2.775613170811027 2.870975096558853 2.9848088771545314 3.087722405774866 3.1436255530119515 3.1406992638523907 3.100951777287588 3.0490092798625152 3.000020927281134 2.954358792214461 2.880421995300993 2.780877531014337 2.659278111751601 2.530911740884921 2.4234959772304734 2.3386497362008387 2.2764846853548133 2.236864134600749 2.219806859741621 2.2258131614817387 2.2466085839502883 2.2724863532729893 2.3019964108568596 2.3296697437660265 2.3541177237147917 2.3743865706261884 2.3895967057016456 2.3989296985360764 2.4016718800906256 2.4016718800906256 2.4016718800906256 2.4016718800906256 2.4016718800906256
2.941430804933001 2.9187283636340435 2.9033050068928143 2.890282943684746 2.8768136717943626 2.84605669485807 2.7993730196015356 2.7510833879120806 2.717045802266984 2.708957729886572 2.730390179349429 2.7774863302949893 2.8472422030064872 2.9225333654737367 2.9885659884715987 3.0276227535114635 3.0328788022989683 3.0121230525431812 2.9794952743656684 2.9577267486038052 2.91686859240966 2.84641921252818 2.7500752422559827 2.631427242332166 2.5148547827971846 2.4177326022225945 2.3411134314576922 2.2856049626972124 2.251647202267722 2.2398036681682267 2.250772315905661 2.2735903909015995 2.299633829381939 2.3248303387768976 2.3480242058844984 2.3681819297984195 2.3843480190119957 2.3956344437087003 2.4012120710886817 2.4016718800906256 2.4016718800906256 2.4016718800906256 2.4016718800906256 2.4016718800906256
2.8395368315585454 2.8158214546262514 2.80183331038799 2.795541651407054 2.7927425502806824 2.7765104457337126 2.7503531557036434 2.723056721715274 2.703931946564998 2.699722418939958 2.7122935157014734 2.74498782043448 2.796659030851817 2.852096147860359 2.897205677683873 2.9242790758426054 2.931679166807525 2.9241519431050427 2.9213469531927663 2.915420865298307 2.8768054699249817 2.808685367350445 2.714581451202259 2.6014712593631617 2.4984912724258455 2.4128097804771595 2.3458208333692205 2.298557137199703 2.271927749537738 2.2669565284153914 2.2830832472824065 2.3043215859519477 2.3258065560191996 2.3464227618763855 2.365110462912392 2.3808714453936166 2.392768166652774 2.3999202404790156 2.4016718800906256 2.4016718800906256 2.4016718800906256 2.4016718800906256 2.4016718800906256 2.4016718800906256
2.7293182159977607 2.709293052764571 2.700712092053427 2.7032597614755067 2.706585431613553 2.6994624965562193 2.68555157533326 2.6701312872058303 2.6585629356850675 2.6545194105497014 2.662096477791572 2.6870288021848223 2.7251425441826482 2.7688893980215497 2.8060936366837845 2.830414927147019 2.845527789029439 2.862038250500652 2.8827862817326038 2.875528773040826 2.8365953253202214 2.768987902610632 2.6757683242358037 2.5737170573532406 2.484791543864747 2.4113267026529774 2.355017986571621 2.317260832184466 2.299115811410135 2.3000270234760967 2.3154031549233154 2.3324555748440527 2.349566071241805 2.3657223702080112 2.379937499242414 2.3912623800176327 2.3987915725730606 2.4016652035035206 2.4016718800906256 2.4016718800906256 2.4016718800906256 2.4016718800906256 2.4016718800906256 2.4016718800906256
