_RESULTS/CROSS_VALIDATION_POSTPROCESSED_CLR/Berg/GZ/2comp/2/Berg_GZ_z_180_kriged_reverse_2comp_spherical_2.asc
ncols 100
nrows 90
xllcorner 5.6208707817415728
yllcorner 50.959635321741573
cellsize 0.00013419651685393446
nodata_value 1.7014100000000001E+038
[rows 40 to 59 of 90, columns 44 to 87 of 100]
6.280252102977971 6.530175431139278 6.8071785216441825 7.116594481004094 7.448996541195663 7.7764774731381525 8.081654079635387 8.345891354567197 8.5462409441729 8.656392214348289 8.658965421140426 8.549767321625277 8.359845760516082 8.268935640935574 8.465630073485158 8.708829899294631 8.948166650124634 9.176769993050488 9.392240546102574 9.59034282892465 9.736300127275962 9.785204879918536 9.757589238517495 9.695558042521188 9.613036406176164 9.513784824715383 9.396769555424012 9.25269703094811 9.052090527537313 8.773215513922473 8.372626659162446 7.84710558458935 7.231626735605229 6.585162340702466 5.939699684433629 5.3189465560073135 4.734346549889915 4.2383350564189985 3.978500937635024 3.906043094163246 3.895416140822529 3.9151172271147554 3.9607022953889737 4.026644920612814
6.496207596306405 6.765987746831941 7.057531429081996 7.370658704660164 7.690217526873798 8.006988077755732 8.3089434340175 8.580405645761056 8.799643989785432 8.937916412948223 8.972054415851458 8.890570968874897 8.757771316933692 8.700174409578967 8.783424803951963 8.959180639594507 9.174019153183968 9.40110620049996 9.62494343930345 9.8412073239182 10.031932568107385 10.072014632082539 10.033652211312805 9.982497480674173 9.922533221639148 9.854858409287482 9.777608822438552 9.676166085038314 9.523283505438462 9.272162716350767 8.846260158783846 8.253648358510782 7.561441067549355 6.844886322825895 6.136244936168057 5.453813897367624 4.802467126169432 4.172374105022795 3.9470913394111338 3.9225567261257437 3.9236476626880554 3.9442870601209448 3.987168547952054 4.05365428605092
6.684759977902435 6.973156536366875 7.279737695956798 7.586818765527606 7.893758937223171 8.200000024831041 8.501181845027343 8.786972889907396 9.041570595672177 9.2411633250619 9.335266630271239 9.27715574799371 9.146181753841 9.066048754816949 9.093242707567322 9.215866015462739 9.397884762073586 9.607642659278635 9.82143131895792 10.023194989285283 10.179275943750662 10.240579193412842 10.23399695367796 10.207330587645288 10.173819159726802 10.137671139389177 10.099011249875 10.042136360422466 9.948648586431984 9.770935647079908 9.338546298579423 8.647322319373894 7.874704038148288 7.10373360534861 6.358754392914553 5.6563182118745505 5.015262303645597 4.475665935518016 4.174125589553385 4.063965585503577 4.027329087822671 4.026614338311808 4.0545646165979035 4.110919113933131
6.8409791133464655 7.144366423305046 7.4485303859658245 7.74779194824457 8.044233525153986 8.34029284944275 8.634973525919666 8.93165286070764 9.226518543560312 9.513766774557164 9.716505694562942 9.640568256074491 9.449054436252489 9.33207553639823 9.326590893025095 9.421835853497644 9.585915625067306 9.7801448415749 9.972654336448333 10.143772497730488 10.268050156338454 10.335078997418599 10.359614879245793 10.364049438685662 10.360819449847448 10.354747311329726 10.338462754830175 10.301088655120175 10.245527840309844 10.172555031919092 9.757190735648082 8.943974375188088 8.122466869421263 7.330262075506184 6.580738924881429 5.891390244840106 5.2892032626548815 4.801146842155636 4.468180753736766 4.280930146551403 4.187006035374195 4.151389581267564 4.15594701438657 4.195374414255954
6.960688986609415 7.264098688935705 7.558080211638024 7.844788920174411 8.125859967444093 8.405499226476262 8.690056782506804 8.981035935764595 9.284361141129615 9.622632073418202 10.007883551860877 9.830179827564626 9.580137677365693 9.449561386652583 9.439437769892184 9.536276081128735 9.709260881573986 9.907631659022657 10.078057581846803 10.210331791188707 10.306565605656623 10.371532507978973 10.416917961777745 10.451587214766182 10.479291004424251 10.492758234120128 10.476252369993627 10.426470849115884 10.339016787536746 10.177787098967384 9.756061954389128 9.051390235506451 8.266938009393822 7.497643058268101 6.772466443851571 6.113709022747982 5.547631360063121 5.086542682925944 4.742105578319897 4.513038212005742 4.373214772050242 4.300244133424888 4.279571562581097 4.300164775320191
7.036796122673264 7.328296315112976 7.607459162914459 7.874756866763297 8.134170262155735 8.389778892301685 8.648523329263796 8.91084053361162 9.181188311077907 9.45941581926471 9.664458198320627 9.627462184407124 9.477783133269503 9.389312715962582 9.40396230499468 9.526195648260188 9.738562717971083 9.981191365563287 10.132602279402947 10.20321761667627 10.269510535301439 10.334551304180884 10.400790936150603 10.464676057766479 10.518630184054537 10.540781792578818 10.51574282932263 10.434717555411257 10.287425538796159 10.04221013262308 9.620911486603008 9.015858931476656 8.315713682130779 7.597973465807878 6.916240503886534 6.29732530490578 5.765659476794508 5.327038838188917 4.982244747913819 4.7323681920482965 4.562237605163226 4.459075246378256 4.413026276640278 4.416095150018581
7.076965235684373 7.351574814472929 7.610599585119063 7.852832516392708 8.086666159084704 8.310789599445155 8.5285155295922 8.742978226389608 8.95250411714432 9.143114016987646 9.262369152402464 9.264549699969148 9.199363509881618 9.165404737267908 9.211990562749516 9.360347424008571 9.615414945563186 9.965794207546326 10.082527790776542 10.069470312352175 10.119151757362129 10.197014817720596 10.29000723277337 10.388589402662578 10.470199538019777 10.508211905393413 10.475750006509596 10.360181960325276 10.162618364714895 9.874886734243145 9.45573621619188 8.91195266314221 8.29266141591747 7.638427002887577 7.008079113745949 6.433673703423846 5.937652621268265 5.522788387998492 5.185794936284208 4.928049821060678 4.740416540616292 4.616470583384205 4.549771064880236 4.535044426383375
7.0906573598540295 7.345681758674096 7.580846038222814 7.7968333688686835 7.998053743682881 8.184154471237541 8.354673890670488 8.5116906129937 8.653812950449783 8.771105073866188 8.83778477786151 8.840920110281461 8.807519404651465 8.802494445112426 8.863874337051493 9.012743680819225 9.2517065781694 9.537773925076866 9.68579102133117 9.73309306942198 9.818721989068791 9.937845919729469 10.073844383022223 10.211424415777941 10.332957320582922 10.406896180194376 10.375650620117199 10.222899826785259 9.985818677731828 9.675798556763642 9.263317396232111 8.766954351700791 8.215434128051205 7.629457357348057 7.051592953992184 6.523446866422871 6.065035714278647 5.676371537681222 5.353433871082107 5.096263750491115 4.900903217069378 4.7646900757924175 4.683915905280047 4.655005703401251
7.082055676456877 7.315800882361226 7.527537174339864 7.717257287994209 7.884311803382142 8.029351501378539 8.148820405158661 8.245224808312928 8.322367997070936 8.376841014952422 8.396829215157002 8.380001081996607 8.342694738529875 8.333803990697204 8.383351156154879 8.505642864270246 8.694781401296156 8.909822790024528 9.087466452189673 9.228663623334244 9.382805449008604 9.563017565271762 9.745210192761663 9.923912780992907 10.093096736026911 10.23593559011669 10.222126785261135 10.013260405831206 9.750274429488453 9.434509137819223 9.040810520125964 8.589747573453062 8.096176532988174 7.576772319334637 7.052761039581554 6.57121795478264 6.152039137561334 5.7917485848796675 5.4868983747773346 5.2364689056201925 5.040801618513734 4.8994524833376545 4.810746953437262 4.7726311203952765
7.05775708597426 7.273227294951597 7.466285713215265 7.6305634524454975 7.761527698370411 7.861545825733612 7.928463909281221 7.964706503782741 7.979966983703379 7.976234803798357 7.948347765243163 7.897585235627305 7.834617927330695 7.795660541769433 7.8116240755106805 7.894440363139499 8.041343006982629 8.230017562290572 8.431309250899341 8.635846092224979 8.852698098388716 9.085242717974298 9.311499630190239 9.524194297808902 9.719412220387603 9.882429502138336 9.884243872095313 9.688813452495108 9.442235370324404 9.143049519273433 8.785618306349646 8.382444272221019 7.944251040899763 7.485105809934478 7.017786278180897 6.582843767652575 6.203864985490082 5.873552173591612 5.588775152710072 5.349836813782304 5.159517479029789 5.018829070570044 4.92757429489352 4.884948194535342
7.030319654392033 7.233105429068722 7.408336788309624 7.5466349021940715 7.641162851842917 7.693570901510747 7.70733200773364 7.68531164981436 7.641393499716 7.581847046695158 7.504249780665288 7.410544521903029 7.308938553941405 7.221924993595854 7.187963453492324 7.224409417890401 7.338574811527015 7.520906583500817 7.748628522555607 7.99828668038947 8.260104065860256 8.532018886381904 8.796442796037953 9.03166048764018 9.228308415357215 9.35942712688865 9.372402647659895 9.258687065761327 9.066767622088957 8.80945296465179 8.500179365943417 8.148693076277596 7.765584068022481 7.362988748317494 6.952723077584531 6.564507252721504 6.225900024050563 5.9261733202786075 5.662434172900399 5.438481858387261 5.257829260170546 5.122450366555912 5.033209399854494 4.990284563098697
6.991703251962994 7.19367749123134 7.359449109425766 7.474505153775933 7.531917671442333 7.5352776903861205 7.495242744598262 7.417913706684068 7.318228469912222 7.205827829500347 7.0788673945018825 6.938238430960494 6.789507092240388 6.645837049664587 6.5470464037891976 6.52717971444119 6.6108521026526725 6.796253824744885 7.051754055091397 7.340818159745109 7.640804916061274 7.941632759643904 8.232903845762422 8.484827359223498 8.68326865137728 8.810116657306786 8.844960794520802 8.78594229015123 8.650824013757763 8.448551354237463 8.192600243533434 7.894889244404759 7.566531253696259 7.218851834928808 6.8633311884100525 6.522448228262693 6.223429262797384 5.95268361795665 5.7114405488639 5.505035893208523 5.337344676434915 5.210973198553997 5.12754191502313 5.087984182282568
6.937511434456669 7.1426587882458445 7.309588254240013 7.411775744069255 7.433825395128197 7.3895619382362066 7.2974661891447425 7.169724962686398 7.020030389954085 6.860112727289369 6.687932932830492 6.502220891163979 6.304619854965646 6.102041973243069 5.9207523714266515 5.818993942597823 5.861867642908515 6.067121666358403 6.367721496567483 6.699141195225515 7.031099925449337 7.3523949043865 7.655553796112226 7.92100677517308 8.127190183475232 8.26388675032635 8.323317706651721 8.30852025310445 8.226182815127896 8.07673940207458 7.873778618185135 7.629282381441938 7.354333977715049 7.0596878024810135 6.755883752417197 6.462847318920355 6.2002633108435425 5.9571131429931725 5.739400920525304 5.552398767339463 5.400169107653833 5.285725829839865 5.211221905448425 5.178160297573758
6.861963894678676 7.071839374177289 7.252139795258458 7.353399792022797 7.328059803930289 7.233711830492846 7.099014311100397 6.931252560805227 6.742556137313879 6.5443591367207645 6.335027847861911 6.111209830831539 5.870721995699053 5.613581742619701 5.346972243406875 5.123363357624865 5.10384761308749 5.379047524663373 5.746169586242754 6.115230145817979 6.466682919217927 6.796378935570701 7.10098542229098 7.367769028575549 7.583703281778906 7.734561994568635 7.819831649540234 7.849589478557093 7.810002795888841 7.707910413913452 7.5544641198611835 7.360535052466895 7.136538716178411 6.892533504910401 6.6382429422535045 6.3904431967576665 6.158904447515081 5.94336369347423 5.749875770601441 5.583587068483831 5.4486964242991 5.348469738239515 5.285427890754752 5.261495971739615
6.764174169928157 6.96154912948946 7.15090615794449 7.288143046991415 7.181448884278742 7.048943583697362 6.887353412414827 6.694553438695984 6.479697655280678 6.254565123542143 6.020453764490922 5.7733562545339145 5.509416877196501 5.224613304875468 4.914351700276162 4.57641287910511 4.420041698367293 4.853074947559996 5.257499419102241 5.631865847445075 5.978183447792905 6.298979262747766 6.593668254865334 6.851170653906081 7.067319245975375 7.234430413118648 7.355225816282762 7.416616628560302 7.413068246803379 7.35244594416863 7.243835109763198 7.096683245752425 6.920394281291937 6.724175644589549 6.516732131104762 6.305178580825766 6.10327812364098 5.915057910186372 5.746197760086874 5.601617853487612 5.485473469492669 5.401237648731729 5.3516989906247465 5.339088656094147
6.647171219169563 6.811630606394745 6.946776382928168 7.012432193762081 6.954069369883205 6.826702062436282 6.659929743579481 6.459965765632236 6.235810204694392 5.996253501775614 5.751143138739686 5.498094077311395 5.235303959056164 4.9626565062129275 4.6857658471874775 4.438257321418047 4.381631214570335 4.62281024139951 4.9486993308372975 5.273534194275455 5.58306570032555 5.87545349290291 6.147985106297828 6.388889808406892 6.599855188619721 6.785239561495528 6.931277263444528 7.015736543735244 7.042534577411489 7.017894581698744 6.949255402545555 6.844684070098999 6.7124746798189685 6.560667058800188 6.3934022075016275 6.21034130450968 6.037102966753842 5.8757495865273865 5.731574070083387 5.609295423540266 5.5130070679829 5.446199522862769 5.4118135821978015 5.412331212651175
6.520470243963036 6.6470153540827255 6.725574099195882 6.7456238504383075 6.694101112230394 6.58268044675649 6.42417426069327 6.229252122917524 6.010454817592322 5.772161346212525 5.52824195747189 5.283941715575174 5.041711493784539 4.808471410702032 4.601631228227828 4.461279082971609 4.449160086637562 4.57968500591159 4.7915183109224415 5.03185078062368 5.280830121138452 5.529622535836882 5.772065953819265 5.999902391199081 6.210980730289066 6.400196964964499 6.548466554123195 6.651045627318781 6.703313688198426 6.709766442110422 6.676503478583619 6.610353838999136 6.517966744303668 6.403634477353725 6.266702382165747 6.109630001786362 5.963851697971947 5.828790681980373 5.709163910160107 5.609477914377678 5.533729002085527 5.485411568082283 5.467550934647603 5.481480451916124
6.398784973891448 6.490934609435559 6.534346577333447 6.521364282665399 6.457210144821353 6.344987056291069 6.19222110046197 6.008098972241392 5.802492512581366 5.578721292965584 5.34773198595774 5.121480634738075 4.908282492038771 4.719918089398075 4.575924223994625 4.5049932610080345 4.5289113964003604 4.616817709977148 4.726885801649784 4.8761800590259625 5.059580138587766 5.2665067373367425 5.484648306500772 5.69952128260995 5.904481124073176 6.080299497557136 6.221783438559429 6.327834722333543 6.398807450779086 6.432118663438173 6.430093688383096 6.396919796956533 6.3369912183500725 6.254052182893532 6.137989601904506 6.006110052357798 5.886748458259205 5.777322731347983 5.68196546053406 5.604964234955103 5.550192017575891 5.5211052311209885 5.52066140576377 5.535905611787312
6.293867513229827 6.357547341774572 6.377025253501588 6.344251035362564 6.26447883021248 6.146239199779514 5.992737643837667 5.813495185442136 5.618662119940202 5.412102294241079 5.1995255340979005 4.996829043574921 4.813933104284512 4.662927233567073 4.5621060628257535 4.532151264987439 4.590092838014477 4.683598865773714 4.7048077557481225 4.78716634899151 4.922006378722764 5.0948076826604485 5.288846441875467 5.486639492518002 5.668345547880394 5.827112447849003 5.9595520734038505 6.063976751910169 6.140212065919046 6.188583252723001 6.209669019941709 6.203078636321329 6.171688634691231 6.107861170601842 6.009164838873826 5.902595784320456 5.808776199546568 5.724280701265462 5.652812365658194 5.598437881974516 5.5648893371261 5.554810857244983 5.559953157527728 5.566914081700432
6.213074074536693 6.253361162253459 6.25450222219709 6.211278502305827 6.121399306015177 5.9951590935461585 5.840141551859605 5.666861578512088 5.482387679189975 5.291034585531897 5.097974278365008 4.913860889887456 4.755124424534294 4.6321204008694465 4.5570191797632535 4.541094639418562 4.5849934914782615 4.644572964974687 4.683549174646826 4.7527683215115175 4.861883914620858 5.009785219949016 5.178062228203714 5.344321017727462 5.500770818263007 5.641885578491061 5.7637872586156496 5.863565523750746 5.940003078429736 5.993110352911218 6.023898719490013 6.034140119184891 6.016632226489277 5.965584720923347 5.8832748257454694 5.801751778365774 5.732692521650074 5.672403144530184 5.624376643335692 5.592460970004379 5.576817256121644 5.57287502945765 5.573705293002442 5.573707344331337
