_RESULTS/CROSS_VALIDATION_POSTPROCESSED/MHZ/IZ/4comp/3/MHZ_IZ_z_710_kriged_reverse_4comp_spherical_3.asc
ncols 100
nrows 81
xllcorner 5.5967107548124995
yllcorner 50.982328804812504
cellsize 0.00017565037499993607
nodata_value 1.7014100000000001E+038
[rows 17 to 33 of 81, columns 0 to 39 of 100]
0.00010502979018821903 0.00010718033041439115 0.00010630194294811978 0.00010230229089889381 9.536248621600553e-05 8.609160806413661e-05 7.539771416646092e-05 6.428301552851755e-05 5.364008845152679e-05 4.411534389179195e-05 3.600945069146854e-05 2.8629145798333e-05 2.224980262828475e-05 1.7169850766015153e-05 1.3357679153596313e-05 1.0625614648178958e-05 8.752795523466309e-06 7.54770321651319e-06 6.761815382259629e-06 6.279470189964096e-06 6.081793465049989e-06 6.175296943324236e-06 6.529899017054069e-06 7.116436402935845e-06 7.976520472939437e-06 9.161014265647756e-06 1.0718979128383198e-05 1.2944316370908012e-05 1.6247057307113813e-05 2.0864521739978415e-05 2.7419219008352313e-05 3.70503940763465e-05 5.0776091735235215e-05 6.961478073533432e-05 9.772027630359923e-05 0.00014231170148732106 0.00021131772879077 0.00031463953377211166 0.00046243028187584455 0.0006673763768670849
0.00013177385382320578 0.00014313649312322488 0.00015073965658827135 0.00015328247790160823 0.00015012434696588627 0.00014151787910777865 0.00012857084341968172 0.00011294440268644034 9.642395434886971e-05 8.05382862481523e-05 6.634280034120773e-05 5.4067337638774675e-05 4.287113396514115e-05 3.3441351006769515e-05 2.6045082461339496e-05 2.054222591206365e-05 1.6626147109443303e-05 1.3977770148048354e-05 1.2308414644714265e-05 1.1208726558991748e-05 1.0577089731711465e-05 1.0403420404717164e-05 1.0720242785107601e-05 1.1514318282116978e-05 1.264367733422942e-05 1.4131870739410771e-05 1.599076039093526e-05 1.8211611613741155e-05 2.1210686478002036e-05 2.5320736785738602e-05 3.131660206478112e-05 3.97487937311086e-05 5.1126040204511966e-05 6.585897929321585e-05 8.759045173214077e-05 0.00012121003941648158 0.00017173722259980815 0.0002453232290762316 0.00034927025541316755 0.0005040029091182041
0.0001728423447559119 0.00019951614922908702 0.00022373194705074408 0.0002409185572333319 0.00024825077743796697 0.00024446566292661055 0.0002302898090094969 0.00020816809634639622 0.0001814625045613409 0.00015353026248983632 0.00012704430385855354 0.00010370278148897053 8.355479852395802e-05 6.57133292670119e-05 5.11249016336489e-05 3.9917144747976305e-05 3.171078034421691e-05 2.5961677766844934e-05 2.2168067299403004e-05 1.9761272196140582e-05 1.815253469099766e-05 1.7270780680498917e-05 1.7110509173979005e-05 1.772346895702564e-05 1.9048373537260874e-05 2.072896611588352e-05 2.270647785091383e-05 2.4878567547996018e-05 2.7153480417162113e-05 3.059162125958832e-05 3.5699298411747635e-05 4.267175117544455e-05 5.1644684084311044e-05 6.265485045090967e-05 7.881447936251426e-05 0.00010341561442841164 0.0001394326147283667 0.00019057427196565737 0.0002653529558601388 0.0003755408439507736
0.00023712895026810105 0.00028756243972471025 0.0003433028719242857 0.0003923690457624199 0.000425920470716877 0.0004382244560644246 0.0004276936359444188 0.0003972146708759935 0.00035282966124902605 0.000301663301962477 0.0002500961811434379 0.00020271927089882488 0.00016209593880839467 0.0001278560128855084 9.852476279679935e-05 7.538801754932021e-05 5.82353967032443e-05 4.611642989549542e-05 3.795858241339626e-05 3.2834640661660093e-05 2.9432478115749203e-05 2.7245852970807776e-05 2.6150335184182146e-05 2.6080741754298213e-05 2.7040836331566784e-05 2.8676555198742142e-05 3.043733406665256e-05 3.2167496787934634e-05 3.420045992247702e-05 3.680621496534437e-05 4.062205312746469e-05 4.584074842989177e-05 5.233537571088013e-05 5.989715642001721e-05 7.11293841239431e-05 8.828791433311785e-05 0.00011295117120978593 0.0001483424296231761 0.00019978228206461954 0.00027500894936980736
0.0003369186782835333 0.00042993974574641303 0.0005391066016762403 0.0006539263977530452 0.0007486809723682723 0.000804676590858014 0.0008126395615379567 0.0007740291854308025 0.0006991758923823589 0.0006028205014224684 0.0004996423678395724 0.00039921141688984107 0.00030895880392974755 0.00023468381410691932 0.0001766715103321022 0.00013160975709404702 9.852682636245768e-05 7.534734419541618e-05 5.973321538419184e-05 4.97240117650184e-05 4.3425759781937775e-05 3.911425386286753e-05 3.6453671606472304e-05 3.5227599801866317e-05 3.530934614453789e-05 3.663363422274722e-05 3.814302036579127e-05 3.956486122135649e-05 4.139707222330969e-05 4.363444946863694e-05 4.6153547462603236e-05 4.928494883308914e-05 5.320474449765176e-05 5.7537717183676977e-05 6.437473545092289e-05 7.54590446775254e-05 9.19239100642863e-05 0.00011569965338476256 0.00014991352242349243 0.00019940226742026703
0.0004902071048321084 0.0006610269826959621 0.0008715173314892095 0.0011054762221749607 0.0013309210249896136 0.0014930290342199818 0.0015571164045125841 0.0015176972003561068 0.0013914797288910657 0.0012047755408594641 0.0009805767345842733 0.00075749965107079 0.0005624459354943858 0.00040698832654089496 0.00029125312616999936 0.00020917239954495028 0.00015138013635307077 0.00011160845699994583 8.515350362440287e-05 6.814650479658613e-05 5.766074576801766e-05 5.054367131855648e-05 4.5782639186161136e-05 4.2936144493577534e-05 4.169318819759153e-05 4.189252402856516e-05 4.374061876933327e-05 4.589037157513351e-05 4.783905433117733e-05 4.9524781520273717e-05 5.127863462679538e-05 5.291242560083512e-05 5.426222482239356e-05 5.557577546994522e-05 5.877957985186658e-05 6.55292685273534e-05 7.597794262164574e-05 9.125582664691586e-05 0.00011316701412106769 0.00014452689689028436
0.0007208272866764718 0.0010325167095592638 0.00143958307295163 0.0019124616736566028 0.0023811953974862306 0.0027579360766874293 0.002960263968819384 0.0029444006724722153 0.0027147616217792583 0.002308979082295022 0.0018291890954522081 0.0013640105281851743 0.0009693277527567998 0.0006661544446659942 0.00045003151547419386 0.00030398638413313737 0.0002087013048264228 0.0001477052080572031 0.0001083958186250999 8.344295514992198e-05 6.814321121250835e-05 5.8172756249433774e-05 5.129109445344141e-05 4.678352596795305e-05 4.4312246366934806e-05 4.3995970972917915e-05 4.581358401907716e-05 4.875792201356554e-05 5.1429245758984044e-05 5.3385499667364374e-05 5.430876541451074e-05 5.478191089888698e-05 5.483321682517285e-05 5.483321682517285e-05 5.548648525423523e-05 5.858096907688977e-05 6.443280906477921e-05 7.355612808444657e-05 8.688368779716388e-05 0.0001059244113436615
0.0010540832072512768 0.0016140707603255126 0.002399463090195294 0.0033598701547981292 0.004325517778078649 0.005083122598746382 0.005497842472583183 0.00547703964237084 0.0049810664336392575 0.004157911869477911 0.0032092264061529996 0.0023093810859554312 0.0015676274343298892 0.0010198221232382383 0.0006479831102172534 0.00041025523761670045 0.0002638268443461731 0.0001752836868860671 0.00012203522934920684 9.003766068373669e-05 7.091802787859525e-05 5.901399880498156e-05 5.085019456234169e-05 4.5757896624290746e-05 4.312629332092342e-05 4.260737302753259e-05 4.4107395274470154e-05 4.742291579731126e-05 5.069414502032554e-05 5.3197613670197455e-05 5.4616309686434523e-05 5.483321682517285e-05 5.483321682517285e-05 5.45639955363404e-05 5.347837323061848e-05 5.404682716883263e-05 5.658079397736105e-05 6.129935725299623e-05 6.868523288059837e-05 7.954294910761908e-05
0.0015014473976774163 0.0024741446137579452 0.003969709765118994 0.005924753474037756 0.007883003226120002 0.009302010161653222 0.009895337831234368 0.009553058054358984 0.00847972993716221 0.0069419822092143075 0.005237632651177348 0.0036429924869587904 0.002358128720368563 0.0014463826372554018 0.0008603215668474692 0.0005085525452767327 0.0003056317947003955 0.00019041453997223982 0.00012492126133803138 8.735625808854348e-05 6.588248384368076e-05 5.355655498189378e-05 4.572939122782475e-05 4.097830746123835e-05 3.8553715520405026e-05 3.806787573286934e-05 3.941364131604597e-05 4.271715636446524e-05 4.6738198160466747e-05 5.03475367805171e-05 5.3129523193531236e-05 5.4657153692182626e-05 5.481747019921669e-05 5.372063740296593e-05 5.1224572687775114e-05 4.971209469641345e-05 4.9873945522214304e-05 5.166490884572092e-05 5.5200122340468634e-05 6.076363672562158e-05
0.0020276389208314124 0.003605614082616118 0.006345977156022793 0.010339704471577211 0.014166011013288108 0.016271536064626 0.0165529856930532 0.01551946695082697 0.013525418030561398 0.010891953288411096 0.008021526016715606 0.005372057700628732 0.003294499566271375 0.0018899797199964838 0.001044950991341389 0.0005742406364917142 0.0003223533748271672 0.00018905777756923203 0.00011792896769064689 7.931107260753115e-05 5.8088668974300655e-05 4.638409139633886e-05 3.92590405445699e-05 3.507244205071235e-05 3.3045375898388106e-05 3.278933650710502e-05 3.420181017746055e-05 3.743231538348049e-05 4.20714218725137e-05 4.65956903835633e-05 5.0542877362384395e-05 5.342823425266188e-05 5.4430043665275855e-05 5.2495084983151705e-05 4.9066697513594905e-05 4.56492661077918e-05 4.378892469585684e-05 4.3263349233378506e-05 4.396423113706596e-05 4.5892258582663264e-05
0.0025133194938772 0.004763077608036097 0.009236962542456126 0.01738269961941783 0.024108681191771876 0.02523340275003487 0.02453925799485268 0.022697478069899427 0.01982092664289749 0.016040726478911926 0.011733368715111032 0.007609017786504694 0.004392867426994207 0.0023302264510164736 0.001186229021696242 0.0006032732341298769 0.00031644326888592597 0.00017540981154219725 0.00010463779156908779 6.807057533121395e-05 4.873344740736655e-05 3.8440899284976345e-05 3.2427846652935294e-05 2.9042745668285643e-05 2.755281932896534e-05 2.761249689309489e-05 2.9149308310130598e-05 3.232827305889659e-05 3.721408299002478e-05 4.2384168887682084e-05 4.725099306077946e-05 5.1301555213132735e-05 5.300394721415559e-05 5.107490474397451e-05 4.696689691034917e-05 4.2197234405338025e-05 3.864763480892542e-05 3.63619855273529e-05 3.508540589242571e-05 3.4664057787556125e-05
0.002779662807381055 0.005403844051236989 0.010856824075131881 0.02188869040450222 0.030485084659469322 0.03117977216447285 0.03052680986425919 0.028832841863079432 0.025993326013203994 0.021813752086214132 0.016308385784115385 0.010353586914607874 0.005569050793169637 0.002688220618344195 0.0012470375500339649 0.0005848020595462216 0.0002869253314698235 0.00015090578650923058 8.659501492524902e-05 5.489408185841083e-05 3.874361469972962e-05 3.0430803916533852e-05 2.5765331397633234e-05 2.3292887726248095e-05 2.239213470133952e-05 2.2793850100116657e-05 2.4473127367357835e-05 2.762049775207863e-05 3.252801119152182e-05 3.809423627595046e-05 4.362822932521997e-05 4.850906462468869e-05 5.0730989716061524e-05 4.939150810291317e-05 4.497474273582477e-05 3.9587065213080926e-05 3.461444796329034e-05 3.099912879985939e-05 2.83867881409193e-05 2.6529843383268635e-05
0.0027203901325233296 0.0051908183316965156 0.009950569376089829 0.017845802823042784 0.02563187560188923 0.02968942978488535 0.031114724640761694 0.030987533635351554 0.029597680917288538 0.026686395262301665 0.021395773983169112 0.013536091285087124 0.006583913194080377 0.0028209489565528996 0.0011842431359414898 0.0005134072371441564 0.00023706167839997625 0.00011919574038114422 6.636595763728153e-05 4.1397785607487514e-05 2.911557429829001e-05 2.3001883573853452e-05 1.9718865633174817e-05 1.8141878811007006e-05 1.7800644935624097e-05 1.851890407663935e-05 2.0326450098632974e-05 2.3443194556963844e-05 2.8262107539691017e-05 3.401802145518996e-05 3.999031374439503e-05 4.536033803373789e-05 4.8050875843142514e-05 4.730402248107857e-05 4.321752441358371e-05 3.753214952167455e-05 3.176080845410094e-05 2.7091198236777012e-05 2.3562624252915533e-05 2.084908080091711e-05
0.002391736678433601 0.004381167853737464 0.00792032205490121 0.013285396372919695 0.0191145017954163 0.023675574328682433 0.02646936790845582 0.027834079733329516 0.028160518702808984 0.02761350063102541 0.025534415424895072 0.016868528030092533 0.006807341541077255 0.0025561490524240865 0.0009843732895923143 0.0004008109099980765 0.00017651771892129552 8.582589572517623e-05 4.6883500859666944e-05 2.9124286985594476e-05 2.0680453607153482e-05 1.6631218885238328e-05 1.45896476671563e-05 1.3789255048776145e-05 1.3918468661618617e-05 1.4892944317896391e-05 1.679467310124845e-05 1.987170226245525e-05 2.456084643855425e-05 3.035389402627183e-05 3.657753310284836e-05 4.22233395659444e-05 4.53287689708152e-05 4.5144365463062225e-05 4.165095072977643e-05 3.5898537727238246e-05 2.997381615309832e-05 2.4523269040196892e-05 2.0300533984988028e-05 1.7047727479499886e-05
0.0019359568902058547 0.003389626320048137 0.005836924164659866 0.009320705432661886 0.013242980931252627 0.016775447187635982 0.019370407902256116 0.020934348256715744 0.021618685427184495 0.021608527648216403 0.020818593231483544 0.014121500593617983 0.005222305896482061 0.0018794756308035594 0.0006993164726612852 0.00027576307912441903 0.0001180528902780351 5.624428874877046e-05 3.0506637051939964e-05 1.9130119452245816e-05 1.3929022717692592e-05 1.1560457036690423e-05 1.0508155056751357e-05 1.0308828459688164e-05 1.0790439760858286e-05 1.1946472796464191e-05 1.3902301696887392e-05 1.693001303903152e-05 2.14860944709843e-05 2.7224339805016467e-05 3.360366294722611e-05 3.9453151379480345e-05 4.292119179406164e-05 4.320837524450992e-05 4.0247502625718725e-05 3.473227286834717e-05 2.8746286714884255e-05 2.3162663899511402e-05 1.8354376760829075e-05 1.4686635976104283e-05
0.0014751498129649352 0.002470952446915491 0.004067657039196947 0.0062165489318686045 0.008627537563014915 0.010871245835548913 0.012561412106900996 0.013484617164175868 0.013556889246180379 0.01266152631238584 0.010390227259731898 0.006431853095845931 0.002881343617256675 0.0011231452235221913 0.0004286332398799982 0.0001690623023238556 7.159597982496992e-05 3.3766192759170606e-05 1.836200196567713e-05 1.178915313525465e-05 8.966548352172302e-06 7.801230048435425e-06 7.452568112840023e-06 7.669027726440163e-06 8.384918046188514e-06 9.652570956740036e-06 1.1709985960436568e-05 1.4922418570514882e-05 1.979667209317413e-05 2.605189541719482e-05 3.3154098896221095e-05 3.9699007766372676e-05 4.370787915590507e-05 4.4199033033565366e-05 4.106107505115011e-05 3.5093440517048814e-05 2.8425614947757832e-05 2.251443036122904e-05 1.7548493329173667e-05 1.3481075850782886e-05
0.0010710791707534155 0.0017175129482221553 0.002704935142451766 0.003966956117038258 0.005343894760131561 0.006591527696458643 0.007457348527407162 0.00776836252961455 0.007428074445048826 0.006398949182061765 0.004748581251573654 0.002863113658913782 0.0013969635975880337 0.0005932663842667912 0.0002373518674936178 9.497400119748494e-05 3.995194997630615e-05 1.8605609754991452e-05 1.0152182147327114e-05 6.7724518076516726e-06 5.5132307864710796e-06 5.150345555715196e-06 5.272038317218895e-06 5.765723518200673e-06 6.7236121932575115e-06 8.316541476908387e-06 1.0802552254370246e-05 1.4607135641913687e-05 2.034655446113269e-05 2.7751998352758844e-05 3.631380875608253e-05 4.43221677092674e-05 4.935527818784283e-05 5.0101949464756254e-05 4.6390958089425234e-05 3.925389042692375e-05 3.098497553132615e-05 2.3772733611507705e-05 1.7889185351720643e-05 1.3318218834712321e-05
