_RESULTS/CROSS_VALIDATION_POSTPROCESSED/MHZ/IZ/4comp/3/MHZ_IZ_z_90_kriged_reverse_4comp_spherical_3.asc
ncols 100
nrows 81
xllcorner 5.5967107548124995
yllcorner 50.982328804812504
cellsize 0.00017565037499993607
nodata_value 1.7014100000000001E+038
[rows 19 to 37 of 81, columns 0 to 42 of 100]
0.5979603676118045 0.5910844056979296 0.5963789118137421 0.614030750442308 0.6438853123179001 0.6857059233913024 0.7388796936811907 0.8021272013730154 0.8732628677067164 0.9490708956583147 1.025364394417384 1.0972699188999373 1.1584203204247154 1.2007769114296398 1.2211690703410139 1.2186615114356836 1.1943759583998412 1.1511235044120114 1.0928808634346454 1.0287270125623038 0.971479361064908 0.9237472563962863 0.8874274263592259 0.8640633774820081 0.8519039048921895 0.8446408549855502 0.8423356794843028 0.8452008189722752 0.852986232614598 0.8605475599319616 0.8662428428061673 0.8700448257790911 0.871928831343097 0.8717677124130758 0.8663018916175411 0.8544080508132813 0.8366359022456851 0.8136934766425368 0.7911279160821646 0.7724778757090254 0.7569348397285243 0.7499520992980013 0.7529158059796354
0.5525143938735284 0.5483976545729161 0.5552345420889533 0.5747231249532985 0.6073615621743391 0.6532783201949858 0.7121185129972221 0.7826803454723952 0.8626137564775652 0.948268123902919 1.0347817485801782 1.116468295183587 1.1874687268562114 1.24079535078692 1.2688900723972611 1.271041100645376 1.249069856568557 1.2065492913626688 1.1480471713853582 1.0789114266716489 1.0139477362915195 0.9596970849501363 0.917583318372053 0.8886177928704799 0.873691411664461 0.8688584934339638 0.8684252985226298 0.8726858992950979 0.8797551493336643 0.8880301793613892 0.8948724004933626 0.8994230184994697 0.9016797766733929 0.901525230605694 0.8956040398753149 0.8827079003535336 0.8636245981549587 0.8458290042623656 0.8319079416684928 0.8208709446361482 0.8116839253800282 0.8047488801623234 0.805929164182835
0.5122574106227719 0.5100362209096208 0.518991183769952 0.5401835602338159 0.5757047796824722 0.6263735146537992 0.6921800111277725 0.7720121304414705 0.8632642563774698 0.9616362885522738 1.061259462242279 1.1539566292436256 1.23138618574353 1.2881724375082337 1.3204045692096034 1.324643168962597 1.3028722680822296 1.2592821549049773 1.1989825618071235 1.1271884585912133 1.0538033159156504 0.9924358317573835 0.9445645213252422 0.9108941413396777 0.8920294562077049 0.8885579908156525 0.8923306415193109 0.8967890906520207 0.9021470243043079 0.9084165232864945 0.9151473355074627 0.9205134531399338 0.9231546544466877 0.9230164519586115 0.9168960075006493 0.9037816879869024 0.8924625192104754 0.885285275965863 0.8812813917270566 0.8794049816615832 0.8785060154924277 0.8773275139420518 0.8776875870828954
0.47662900482199344 0.4752202026185858 0.48553839931810067 0.5091987064254766 0.5480195549101261 0.6043197173134673 0.6788501534950515 0.7705949101409373 0.8765604821787943 0.9909220839744443 1.1034315612645234 1.2051035885609107 1.2879526748609378 1.3460687452178146 1.376497427679573 1.3792896626067621 1.355218705328778 1.3082524181910082 1.2442821045602106 1.1690181885597175 1.0888947928842756 1.0200470044697714 0.9663674721746538 0.9281562761021411 0.9056630972320092 0.8992591475487669 0.905915196372052 0.9135603901942593 0.9194544040327185 0.9236744036072856 0.9279116106180947 0.9317466708800782 0.9344618855681204 0.9343009695789828 0.9291168859273042 0.9252208668569927 0.9260391616990101 0.9306967196965009 0.9382136539894775 0.9474565771541963 0.957106832801271 0.9656589229483753 0.9714656187661489
0.4454226940501223 0.44361399851825073 0.45405348288109876 0.47943114329231 0.5227814719856765 0.5865753027285219 0.6722777561242518 0.7795711446550669 0.9033630208962513 1.033801147805866 1.1607836713928277 1.2733199031407043 1.3616897509287094 1.4194527519150777 1.4444127365482273 1.438298182762 1.4055741515249724 1.3519093423088133 1.2821234470624916 1.201993337625078 1.116728529795381 1.040456871900529 0.9813001341760084 0.9390376922007131 0.9129690465552747 0.9018303157507883 0.9057746248402849 0.9170712209280405 0.9264584678789918 0.9326395272784754 0.9349434517916595 0.9360104395373775 0.9361256563108893 0.9361256563108893 0.939424056564649 0.9484953876135854 0.9623682862946472 0.9802391641889489 1.0011251438425375 1.0237984200269592 1.0467363576930815 1.0681065342335971 1.0858130559017207
0.41890315451455445 0.4153247841498416 0.4242484985630625 0.4499438816802538 0.497561952866588 0.5712860679223691 0.6728654812994252 0.7992371754478407 0.9428072373265123 1.0940673088066284 1.2396810435123147 1.3651772338639196 1.4584415351143254 1.5127011832076327 1.527445468551806 1.5071861736053451 1.4591941956945351 1.3914018478224655 1.3110276332242659 1.2239306820601026 1.1343250477766111 1.0514938397986102 0.9874340901898452 0.9405158499892577 0.9096906897780005 0.8943195258358287 0.8942292873306605 0.9073452837413438 0.9203381566568436 0.92996584638767 0.9353171328304803 0.9361256563108893 0.9361256563108893 0.9383427196240015 0.951550280346117 0.9723079041048345 0.9992880172636269 1.0314926110603024 1.067680140241905 1.1063215967691067 1.1456798961462356 1.1835383768218668 1.2172065680252426
0.398011979958147 0.3912344224248672 0.39640958089627604 0.4201495951951068 0.4716131157749835 0.5576148016739965 0.6784190477528848 0.8282885136547707 0.9995381075833228 1.179147389525345 1.3489666036627632 1.4895984921128782 1.5856716024149378 1.6307431123562446 1.627843635238168 1.5861515673017006 1.516908754939305 1.4305769853743258 1.3355333171006234 1.2377718373642492 1.1407646409504824 1.0505607268823445 0.9802766568839889 0.9288913730091412 0.8946639645771229 0.8764360627480563 0.873705398528074 0.8865138788496861 0.9040817152222161 0.9188675538245596 0.9297062064488005 0.9354695716491551 0.9362548935327829 0.9453924770477671 0.9680970430752611 1.0002571185914162 1.0399415110951502 1.0864029946443317 1.1386360824451025 1.195241284851626 1.2542858510742787 1.3131843504573988 1.3686445194174608
0.3846264591045483 0.3736923193278523 0.37231925978922514 0.38982383578648233 0.4448355314650885 0.5473538277011475 0.6910263947579934 0.870233899323787 1.0766691600831 1.2940449662432563 1.49684260108409 1.656078510541929 1.750956206723168 1.7772922461185459 1.745528267825798 1.672510289327422 1.5746208949636413 1.464707869596703 1.3516058042493233 1.2407478770253928 1.135046396454382 1.0382967256233273 0.963238522314709 0.9088735866237867 0.8727517399569877 0.8532275518109065 0.8494644753909035 0.861448035888463 0.8835728953594114 0.9034797807995824 0.9196437453858998 0.9308433062805276 0.9388243555218162 0.9559300013824048 0.9874178294214412 1.0313271797017889 1.0845165106999946 1.1465777988045571 1.2168548167860698 1.2942243258609094 1.3768718159545141 1.4620424878212386 1.545812323012575
0.381573141392808 0.36748715798651277 0.3584165913549562 0.36075882383501656 0.42065501046547543 0.5485139873037049 0.7198212838267798 0.9326800395490485 1.18130568393156 1.4466738775284191 1.6919890606983283 1.8713196295224566 1.9547658672088204 1.9454291160239643 1.8686054395316014 1.752536654395963 1.6190037390593979 1.482188175957892 1.3502782758282363 1.2273131048411634 1.114664532415115 1.0140643884380556 0.9368886955861281 0.8817647434506819 0.8455847845334733 0.8262882438368038 0.8227797310882137 0.8348817668961988 0.8602341991579714 0.8850016844852936 0.9062358486913079 0.9226371706576897 0.9412470038381582 0.9685991328757951 1.0083348652758104 1.0634160946887292 1.1306299031496811 1.2093306017178624 1.29940833475202 1.4002736560513112 1.5105416292585194 1.6276151571940023 1.7471814728489072
0.39168644454634943 0.3789794396565382 0.37052052076062375 0.36934048419799304 0.4365864924682745 0.582567981462257 0.7763071303523662 1.0219586489402461 1.3180800193484477 1.6450472618140688 1.9495857575290048 2.1504143298335388 2.200089913384998 2.125946966073723 1.9830424556656439 1.8130056599392783 1.63993071866775 1.4762662872216532 1.3275505706029225 1.1952706126999015 1.0786150154343783 0.9774225546054868 0.9012587886525982 0.8478517937559388 0.8135703851310899 0.7960648908565056 0.794091147374684 0.8074017777921396 0.8353309212808576 0.8646337023327724 0.890604575595761 0.9128429176721662 0.9421922217467058 0.9810600188145131 1.0294795348371866 1.0942122295643197 1.1754639250361152 1.27127241530559 1.3822574230212665 1.5086795348273698 1.6500234364355555 1.8044168691828837 1.9677859496712662
0.41589680939338075 0.4104474505837898 0.41520151589631416 0.44202111317448983 0.5175669867833731 0.6586562701014489 0.8633468218757742 1.1355277566040085 1.4795624554105822 1.8840060339509528 2.2827008613189297 2.510989497718906 2.4767095000752635 2.293754415698588 2.065864391231096 1.837807348047463 1.6274131700830516 1.4412801804567075 1.2805795947467369 1.143553213435108 1.0269170679866668 0.9289411027024136 0.8571544227845014 0.8080089727405414 0.777560023644865 0.7633416189707266 0.7640985807384777 0.7796219700129549 0.8100791646463986 0.8435383809960877 0.8738469692240246 0.9026767267094267 0.9414500923876837 0.990632604849471 1.0492958411883453 1.1223871380778798 1.2158521708245005 1.3283845519927209 1.4603076317165014 1.6130469021801708 1.7874634022099833 1.9831916033132981 2.1975148783595055
0.4523985020034956 0.4575044309470841 0.47847407943012366 0.525561628269905 0.6131740094474942 0.7570969260426907 0.9677230009671659 1.2557496991166077 1.6342126915828548 2.1134319340379455 2.6688528165832364 2.9609337103315037 2.7173862703825824 2.392342438819348 2.084486062267623 1.8103000002708363 1.5736806891142732 1.3741541736428597 1.2087534392412556 1.0728549824091569 0.9609426112622736 0.8703387501732117 0.80621054701686 0.7637097182375571 0.7388387971871961 0.7292190277616106 0.7337376740643421 0.7523384691052201 0.7856185126883097 0.8228092310975309 0.8570012213956301 0.8922572859763462 0.9389465700151416 0.996894058684949 1.0655305515278093 1.1464365257005231 1.2490235607741027 1.3762665659819395 1.5276841273129609 1.705532172491462 1.912464692454178 2.150417095905661 2.419477350749852
0.49784766078313075 0.5139963489158516 0.5496075972758532 0.6112390846168338 0.7094018353931595 0.8576700274836596 1.0686766438530702 1.3551973501167465 1.7311869647920894 2.2102153133784075 2.7909000590827198 3.0915140527560525 2.726762854145297 2.34981138530102 2.0131996414588236 1.7224654299846325 1.477673522934645 1.2764710064746863 1.1145773325475838 0.9859764622831888 0.8835353570005351 0.8044552969921752 0.750843150722374 0.7169698825177958 0.6990674887790802 0.6950605507209012 0.704133602919534 0.726491806020243 0.7629916444850943 0.8034370500725054 0.8409594259081877 0.8817284423936559 0.9346682493886677 0.9996091221183643 1.0762432211959196 1.1646011452084164 1.2740205965215154 1.4108494224575043 1.5783267835173622 1.777611725318402 2.012970562376106 2.2890279783826397 2.6097608653201805
0.5487249030679782 0.5748681002132463 0.6221379559228198 0.693914613574916 0.7986908276464588 0.9470919672737323 1.149254052696426 1.4135883800309574 1.7435525089784125 2.1260712883355564 2.4898119542157624 2.6321067053218914 2.460984391270158 2.164356282447353 1.8594041676261355 1.5834004866531945 1.3478231128807698 1.155230171455077 1.0036860785249213 0.887644313363032 0.7988506745080617 0.735065171824081 0.6941090550866126 0.6702286203462081 0.6601806303127068 0.6624062010304956 0.6762998581227291 0.7023696316682144 0.7417068540957641 0.7842158689297586 0.8240453420015528 0.8686687312432403 0.9259333755845858 0.9959241113823527 1.0786335383583852 1.173777453962121 1.2881812545986808 1.43116745209232 1.607151184697753 1.8214043455212752 2.077223824476356 2.38116730060333 2.7407379199211688
0.6017099699624688 0.63598825690435 0.6914958573713272 0.7692193066125774 0.8756567187900868 1.0180053130323188 1.201924033706788 1.42905101181177 1.6916243488072857 1.9616233298481758 2.17495626002863 2.242433360105073 2.13460242631708 1.916260459866393 1.6620826509020885 1.4159438105745428 1.1987754783600342 1.0198518641725849 0.8821493670874438 0.7824076800671418 0.7115057984543547 0.6659313413826071 0.6391701002438532 0.6260864461507789 0.6237777075195172 0.631452504913289 0.6495010563582154 0.6789990474569001 0.7208370455301318 0.7646218538330579 0.805966458855074 0.8525751155867323 0.9120186615427298 0.9845772357154534 1.0704436275579927 1.1695385926895474 1.2861987375639659 1.432055993232058 1.6119908440931043 1.8314714731786597 2.096493724463025 2.41289395276096 2.7892331276461357
0.6533884484097714 0.6934666301886903 0.7537286361041204 0.8332715808696491 0.9365154437017527 1.0673750405713938 1.2272290567167676 1.4122000542707918 1.608975574974551 1.789970861081519 1.9127046088247133 1.934649136278072 1.8438841212124066 1.6704371203495474 1.4586499600278044 1.2435971236880123 1.0469050358544691 0.8815187096711589 0.7568048862058963 0.6754390067441663 0.6266637379320937 0.6004384570018413 0.5877074635001835 0.5843451086752662 0.5892947510231559 0.602587071976067 0.6248988947446189 0.6577070011302796 0.7014247636608375 0.7456622992842208 0.7876658389634306 0.8343766512650379 0.8938679317719282 0.9665103811814137 1.052578422688749 1.1520621428782196 1.2677308312275424 1.4117918017609423 1.5894858171429005 1.806004822247768 2.0671110688763252 2.378819806939218 2.7463603125857485
0.7014377219493204 0.7448027739177296 0.806618538675068 0.8843552104989109 0.9804613258921642 1.0961500551402954 1.229731936556211 1.3745853633313976 1.5169149405834108 1.6346086538414037 1.699138252131459 1.6890934545090899 1.601921942317854 1.4550676456966434 1.2756691357888161 1.0886404002042425 0.911629378572424 0.7563317249763505 0.6366783124794175 0.575367807647338 0.5530918956497295 0.5442294798267538 0.5424144126016995 0.5468301987821788 0.5577778737394347 0.5760292081386638 0.602734593953004 0.6394767450034515 0.6842499279523275 0.728087949899161 0.7699075895256601 0.8150041518248882 0.8725285460918729 0.9429178811522745 1.0264099067393058 1.12292842562797 1.234287048038898 1.3722959325191795 1.542050739391047 1.7478849676949082 1.994226698347438 2.284949965267716 2.6221260268078233
0.7442153152165663 0.7884119039608435 0.8491237289675226 0.9222961472905583 1.0087352524792783 1.1077620277186735 1.2159764578601902 1.3260612009823753 1.4255139786969273 1.4964317983910735 1.5222221065858543 1.4921619071786583 1.4067388978187092 1.2782650198865362 1.1245982985023069 0.9632249732515746 0.8074446039759561 0.6654764550984583 0.5413016946902292 0.503404317970643 0.5012525778000056 0.5020421457075668 0.5066936929059175 0.51610475799009 0.531240762980861 0.5532356482599363 0.583502395390385 0.6238514142208935 0.6689631378046074 0.7123514428009974 0.7531699039453175 0.7953391120920436 0.8490794892624226 0.9151468063066194 0.9936399333968189 1.084304971033033 1.188424881971098 1.316979527638609 1.4743514326602418 1.6636911124580984 1.88771913101272 2.1478275387157426 2.4425038668560184
0.7806843024341718 0.8234985868496251 0.88107776768932 0.9479424940392271 1.0236510148531746 1.1062833335712678 1.1917339135993676 1.2724748635746317 1.3371257976251414 1.3745236971943229 1.3748871571283028 1.333087830295347 1.2510126619811912 1.1374223567426682 1.0055338847988022 0.8683137437153367 0.7365663300701738 0.6191450921614791 0.5282836421122511 0.4857972571032992 0.47537195257384174 0.47557034523132535 0.481670679997452 0.4931987099708868 0.5107172912692809 0.535263087766386 0.5682862012759521 0.6107039359299267 0.654751008079096 0.6974662864709795 0.7376173874388566 0.7761775836304491 0.8245679326701332 0.8845939910617618 0.9561389545657301 1.0386960777129162 1.1333889170945757 1.2501861739004902 1.3923218503191863 1.5617139254741417 1.7594545521531015 1.9848524202459823 2.2339377236750777
