_RESULTS/CROSS_VALIDATION_POSTPROCESSED/MHZ/IZ/4comp/3/MHZ_IZ_z_125_kriged_reverse_4comp_spherical_3.asc
ncols 100
nrows 81
xllcorner 5.5967107548124995
yllcorner 50.982328804812504
cellsize 0.00017565037499993607
nodata_value 1.7014100000000001E+038
[rows 57 to 75 of 81, columns 43 to 85 of 100]
15.25751755104651 14.71682726375437 14.152205502553661 13.569368510001013 12.993473109940664 12.441867068015098 11.92278240707144 11.45131169325028 11.044419512753983 10.718645987291922 10.488689235869824 10.338695079010495 10.241889800477969 10.195405563102677 10.1916712907068 10.220996260205952 10.27548518317121 10.350203364087 10.448565169442878 10.558593624277403 10.661386949325673 10.764235434912475 10.886759415756025 11.033017960670053 11.180213490061904 11.313486862487544 11.426579513081043 11.516363903741835 11.589579039612074 11.65344338377499 11.707361154349615 11.750194644153337 11.781227411097833 11.801131836026707 11.810880214508481 11.811642669954873 11.804687332032527 11.791293445691812 11.772683844467885 11.750321686265206 11.731332644524798 11.719232008208406 11.71527080009967
15.591026599657532 15.087619108005581 14.539973936694533 13.971174414893605 13.403730571036323 12.85188980083517 12.32722565482675 11.84674193917515 11.42846893964002 11.08831573085303 10.838730538954536 10.65404549717745 10.518287826707926 10.429736567431151 10.383076745488863 10.371987195929268 10.390904029428972 10.436122254780019 10.50640493985873 10.603454675484304 10.704897013196303 10.81035278318837 10.926458783752972 11.053046676782701 11.180658209908492 11.29911022119824 11.401653405523275 11.477142584000827 11.536660991091145 11.588467020425659 11.63252035583138 11.669330994750476 11.699121887321786 11.720120508934508 11.732868706383663 11.738326808268104 11.737546074059809 11.731592845402014 11.721488354921734 11.708837283681975 11.700859984001776 11.700280295036373 11.705437945858668
15.883547303388074 15.450416120257124 14.94292176742277 14.4021112253825 13.846380498625264 13.293862398854387 12.761426042194463 12.268701357466542 11.835770647306884 11.478915878651435 11.20770462003464 10.991359386403449 10.821001657555515 10.695705465878486 10.61224033845711 10.566436878401639 10.554436939606664 10.573624813592588 10.623252514732506 10.704696585305614 10.800641177280378 10.901085658730658 11.007583761148965 11.118630182271586 11.228885933174498 11.331713167270713 11.41231793708926 11.462044677147533 11.506165457139806 11.544745531451873 11.577710850814963 11.605536223599172 11.629119215817715 11.649254951477298 11.663746228150558 11.672701476786424 11.676994896977867 11.677509007881296 11.675079495795316 11.67182502366276 11.674763600949104 11.68219665729485 11.69022165390607
16.129250551511927 15.785693397617084 15.361728201772888 14.863158694546245 14.319547671954549 13.762387442877289 13.217624156276631 12.708691698302186 12.258535256337364 11.885284764877984 11.592330276744068 11.345321845801028 11.143185769903512 10.985613772496587 10.870522425790522 10.795042722380568 10.756433315249462 10.752813168210878 10.783687076854264 10.850270242186486 10.942459495831368 11.034663538595835 11.129688348726582 11.22623933081635 11.320465512493316 11.396490782895977 11.437971497840833 11.469062178795971 11.497210021615418 11.521753465483664 11.542677648393177 11.560476102988542 11.57603342201195 11.590522082873976 11.60482414647586 11.616207491876395 11.624586236119221 11.630688342441326 11.635180152356368 11.640828895074279 11.64919510766879 11.659105337937996 11.669980991428028
16.32382994674531 16.096926525507026 15.772434767828758 15.342320124021768 14.820615620922126 14.250631850646222 13.685710063063471 13.156309287234086 12.688421407592502 12.303443838409098 11.984045550915988 11.708088636573985 11.477480266308604 11.29201197468077 11.150132156112095 11.049685679230903 10.988581973741663 10.965343525719927 10.979503967494622 11.031829388124704 11.117982177626558 11.206552701084085 11.292343257163202 11.373728370290245 11.436370708475096 11.469266717232921 11.483422372588393 11.496935964614343 11.508872829825073 11.51884858447941 11.527007099630843 11.533929983471115 11.540543478085928 11.54802679128558 11.557722282063912 11.570058790949284 11.581646171330885 11.592417499983327 11.600234121914102 11.60822095257216 11.618804154663625 11.63140058092114 11.64533615034604
16.465847757863962 16.373811867504944 16.169088006223298 15.814872515614603 15.317298210745534 14.73915773015586 14.150066719310233 13.597712073801151 13.117069526014754 12.719462643689303 12.372426442598067 12.07096486521989 11.816174086287178 11.60760889629619 11.443876309698005 11.323165953805864 11.243722057995633 11.204236117289646 11.204136961697822 11.24375458345601 11.321534267313945 11.405347913643048 11.477947448809687 11.529929911074916 11.55361567413453 11.552165542480395 11.548515350614739 11.544717070143696 11.540357048328383 11.53540790603265 11.530245040263344 11.5255993095214 11.5224931278026 11.522165220233646 11.525979779966153 11.534465890265997 11.545373306943956 11.554284859525481 11.56128992690449 11.57113422757586 11.58417703856374 11.59971521840502 11.616954567219043
16.52852208995369 16.589545114925016 16.54132044075562 16.275967765530407 15.771217389296034 15.164854014234585 14.561276323920275 14.008569115207925 13.530091586335157 13.115730770078732 12.746470285499598 12.425026152253292 12.151607882418716 11.925441470089417 11.745148227711805 11.60908815031859 11.515672170276009 11.463630543007007 11.452223248138305 11.479932236596603 11.541964951495082 11.604722318551577 11.64931423741419 11.667404620267058 11.65850872508646 11.643536187424274 11.626500330561425 11.607954894945175 11.588526311395757 11.568945436583288 11.550053217327186 11.532786494955399 11.518146552280834 11.507149345068852 11.500756035767019 11.499787100626241 11.504672950329857 11.510752834186464 11.518180717515154 11.530142861255511 11.545950280849304 11.564739961359928 11.585565893592463
16.466563320181113 16.676847254068957 16.841763045301967 16.71082840856349 16.111267450250057 15.464406750866116 14.8609856476983 14.329769923191755 13.872097686129026 13.457008928840859 13.08387636849674 12.755359023435409 12.472767908359979 12.236266799745614 12.04508828000074 11.897759300395801 11.792320915557276 11.726529327067613 11.69803377520374 11.70453446831417 11.743298513086781 11.781833175579502 11.795970724818813 11.782977464580142 11.761020066751682 11.734418007754995 11.704352280358645 11.671951536749743 11.638303333328011 11.604486231938818 11.571603932514755 11.540808057790585 11.513299308306408 11.490297114356395 11.472969484563162 11.462323145430773 11.459072193871716 11.462465965182385 11.471445756044787 11.485869679002986 11.504829609904663 11.527246353731355 11.551982489072959
16.23487398175151 16.522123602346912 16.783978603311926 16.74852468678258 16.16750106135985 15.56801175307726 15.0171071864618 14.535550147757156 14.100323010223917 13.699462690166591 13.336481003169034 13.014032547279411 12.733618223400628 12.495722883976851 12.299964685595754 12.145246683030027 12.029899177486095 11.95180914187147 11.908549135553777 11.897536155823916 11.915666078572677 11.92892246481677 11.916877473437273 11.893617976908583 11.861861747055427 11.823464974267543 11.780264654218508 11.733945156752625 11.686017930964587 11.637869842621349 11.590835932560486 11.546266872674 11.505570958903862 11.47021126134531 11.441636613205706 11.421133836336871 11.409643425332062 11.410787575562882 11.421664456678391 11.4390147553819 11.461624893272278 11.488120534445626 11.517126746748945
15.859991853309674 16.11692176054948 16.293582284638536 16.23949732362898 15.909753338198342 15.466860102129612 15.024435774381612 14.604019540024787 14.204936082703673 13.833621343759011 13.4926529340566 13.18596010481893 12.91597449680678 12.683939184733026 12.490123314861494 12.333974465131291 12.214224264253751 12.128958645965865 12.075684176677354 12.051462305724504 12.05225083531062 12.049933950935769 12.032666006912542 12.00183721235953 11.95978294861001 11.909200094023147 11.852658733805255 11.792379967487191 11.730230222253233 11.66782310185584 11.606651508219802 11.54821184334871 11.494099717932341 11.446052235880806 11.405894737092055 11.375343984586335 11.357393959746446 11.356342648499272 11.369487714005047 11.390406489058437 11.417306637645197 11.448411996535283 11.482065606443316
15.408818755634204 15.615153309508415 15.731744665850005 15.701977381138521 15.515450810447835 15.226293079168753 14.89186698852428 14.538450226509173 14.189168589011523 13.857367461164943 13.548462936499606 13.266049674582165 13.013918601534902 12.794364447883973 12.608515408981734 12.45652626390443 12.337672205161784 12.250359029442839 12.192082464566607 12.164492791779585 12.16932163739911 12.167153347238955 12.145526472009605 12.106348822439086 12.053146413136023 11.989803995234082 11.919724299035174 11.845599862084741 11.769524804730992 11.693207292979164 11.618180892086755 11.545991532230504 11.47835872455376 11.417294194057826 11.365112265364663 11.325167525369324 11.303011530897328 11.300298281771889 11.3157029638197 11.341095671422659 11.373096911716726 11.40940065991832 11.448049350393402
14.940204955414229 15.111935189221661 15.20689908065529 15.200580961952683 15.092170726647709 14.894751478595122 14.640112547099344 14.356711035407898 14.063658719878532 13.776183937936782 13.504400738918113 13.252693678230923 13.02433589789253 12.822726153158559 12.64993211123514 12.506922383728119 12.394680358810199 12.316671909168358 12.273660398953702 12.265003640934982 12.281667965057618 12.280652801650351 12.254151157437361 12.205217487701574 12.139595116053897 12.06287081852901 11.979281517341525 11.891792690876802 11.802511918594007 11.713063013554397 11.624871289080073 11.53939644605794 11.458355866578492 11.383957901691842 11.319866031095561 11.272654796010631 11.246363801952967 11.242970168718147 11.261378494877711 11.292532272054451 11.330610234138959 11.372678786480654 11.416543695154001
14.494420617597607 14.647232033854971 14.739446905311606 14.756822820728368 14.682648801679138 14.531661981293409 14.329644702607785 14.097425936084921 13.852245321723549 13.607042106926261 13.371218916176117 13.15162945447647 12.952047689531321 12.775062065297895 12.624512437341922 12.503608122438697 12.414987301262556 12.36061928891238 12.341437725598578 12.356528708978221 12.387106209788731 12.389091972860983 12.356438361360322 12.29520556240497 12.215555591199772 12.12517470316816 12.028725354139318 11.929016860245511 11.827882111497585 11.726676384135379 11.62657650785683 11.528808103872418 11.434891525657589 11.348024659584999 11.27395224786908 11.218277766902238 11.187381136821106 11.184792889181713 11.208207818361911 11.246893497397012 11.292046971050942 11.340221953244754 11.389228466005923
14.09601767337125 14.240191775615575 14.326784753804509 14.342118490406463 14.28432839997452 14.166659781141567 14.005936036017538 13.816701861679803 13.612597353772852 13.405070143417033 13.203234304026362 13.014221089700072 12.843636009654716 12.695676798195704 12.572496997323835 12.477531919485621 12.414044002035654 12.384761881267433 12.391589618253015 12.434578099055186 12.481513821281263 12.49066245368781 12.448212550964671 12.37036680694044 12.27565325864688 12.172629283193228 12.065167763164052 11.955350285541197 11.844504381563262 11.733621518121842 11.623568805700515 11.515306158941424 11.411667235375322 11.315512299514277 11.230452219753104 11.163363874078119 11.126068104202185 11.127047562893402 11.15938077359762 11.207625323825143 11.260368885825613 11.314372595505102 11.367914920173101
13.748237991401796 13.868149295452032 13.937471370893615 13.949667462257406 13.903680352829689 13.810614643124753 13.682302591901271 13.529010038025815 13.361263977564805 13.188692176736023 13.019565712250031 12.860782392865449 12.718052506345906 12.596141911615474 12.499103139476771 12.43015418052618 12.391662693815956 12.386925358849936 12.41894837460536 12.48659991202941 12.55316877569053 12.582918386877115 12.517455814686244 12.41975053000244 12.312779582266064 12.200841677759886 12.085890243463789 11.969149839390482 11.851513401992365 11.733707045092858 11.617299832851964 11.50398969326865 11.39494103060302 11.291515873615282 11.1957814821131 11.112837733412958 11.062517480581706 11.07437189721439 11.12160874212341 11.17995367242308 11.239180664111217 11.297593138211717 11.3543271923847
13.418134040074001 13.51605934429225 13.572179951165717 13.582014053759822 13.544905037321705 13.470456359536895 13.367787785367764 13.244280925712232 13.108023747194169 12.966920986498431 12.828196988821 12.698214169878625 12.582486810018336 12.485790545559215 12.412303512296798 12.365742974775237 12.349476075501665 12.366584266815305 12.419618228268615 12.496309328626937 12.565512491011061 12.600488236684516 12.529737807099247 12.429626917532463 12.320711675994186 12.206574527679832 12.089040214894634 11.969522575701237 11.84960067227163 11.730436825894422 11.613096055604183 11.498584755089732 11.387859335921235 11.281827234483522 11.18134275291601 11.087198337105656 11.000349805093839 11.047575952184289 11.10671674714494 11.169966586047128 11.231819066673493 11.291874262075826 11.349745735194995
13.107747645771518 13.187837112457274 13.233480385032298 13.241458349850319 13.211265716339899 13.151124993999893 13.068916635692378 12.970050865093368 12.86076801146853 12.747493048970309 12.636398982705 12.533174565211988 12.442944963072886 12.37028588347723 12.319281283657418 12.293585720212933 12.296454030014644 12.330679861314737 12.395766006519834 12.463648989285927 12.514572239966085 12.525856671798575 12.481340792519013 12.399494817505568 12.299977002180242 12.191363762676742 12.077682905393072 11.96132877297525 11.844023074086524 11.727177067198213 11.612051626833205 11.499847359800665 11.391791241892287 11.289305823311832 11.194545388298986 11.11277804907876 11.063672959365471 11.075413872677448 11.122542767487584 11.180620695161773 11.239678153731926 11.297981786363037 11.354639492105054
12.821283314235634 12.886566455244171 12.923643856600783 12.930114543825507 12.905551595249086 12.856493183366924 12.790719846241668 12.71226427388387 12.625977077357737 12.537065837969122 12.45074120621183 12.371987865313336 12.305443012418595 12.25534943882643 12.225546947722256 12.21946513617691 12.240073090564763 12.289715427764051 12.35287259835474 12.408369364195124 12.444827588118521 12.44840797834408 12.41408754935052 12.348374811830382 12.26214979143127 12.163549526187335 12.057622747537518 11.947609233293537 11.835814110679323 11.724073609573198 11.61401231187503 11.507223736154275 11.405473961340071 11.311068484389013 11.227687616159448 11.162217989274863 11.126258490547562 11.128027608059927 11.160874926417439 11.20877857973095 11.261274498635055 11.315099580733113 11.368508273829658
12.56209637485037 12.614840710477592 12.644743914854672 12.649958297910354 12.630157406027367 12.5898345249132 12.53732585892048 12.475819808097102 12.409117422788704 12.341443991628251 12.27717150328102 12.220614254385652 12.175895112244776 12.146865278518753 12.137052838374931 12.149610571441203 12.187227101133423 12.244383376332904 12.298166089561885 12.342989072836044 12.37071844919579 12.37141972829398 12.343100274708604 12.288915315148383 12.215032671985128 12.12755547439116 12.031266746212662 11.92970946427824 11.825591144454437 11.721135742291835 11.618343965327186 11.519211430469637 11.425973256513805 11.341457349183468 11.269608129535518 11.215955258212812 11.186790971704207 11.185594873607787 11.20993028762874 11.248332348597213 11.293237249322386 11.341208797404061 11.390050443139181
