_RESULTS/CROSS_VALIDATION_POSTPROCESSED/Berg/IZ/5comp/3/Berg_IZ_z_250_kriged_reverse_5comp_spherical_3.asc
ncols 100
nrows 90
xllcorner  5.6208707817415728
yllcorner 50.959635321741573
cellsize 0.00013419651685393446
nodata_value 1.7014100000000001E+038
[rows 19 to 37 of 90, columns 44 to 87 of 100]
16.048112437575494 16.182022245260853 16.34709932877076 16.541785580708535 16.75656944080018 16.983307643149196 17.216053185800515 17.450148137352805 17.681713815344537 17.907316583775685 18.123700680675363 18.3278059028159 18.516411885058965 18.68506635480709 18.82672409543253 18.93843235374984 19.02378550184664 19.07993313873005 19.11080038415707 19.117097958512502 19.097791095091157 19.050517366866195 18.98812835191663 18.91946005956539 18.844615302583467 18.764670730734643 18.68139753163093 18.597045945413836 18.514219241508684 18.43579234474414 18.36484465301157 18.304592238007285 18.258313381136556 18.22140254194895 18.18751693355414 18.158160278983352 18.1348293983815 18.118937257169023 18.111700341097144 18.11135491307054 18.11135491307054 18.11135491307054 18.11135491307054 18.11135491307054
15.996177762712858 16.121412157825674 16.27207777178321 16.447930150974553 16.643762391738033 16.853335189137024 17.07203053801421 17.296122935042966 17.52238404469792 17.747775494828407 17.96916050682501 18.183056243026556 18.385785161378106 18.56981381639744 18.728760093985965 18.865823472854814 18.977354995284397 19.059950877996858 19.116675747804997 19.14828294611568 19.15281297899652 19.127337027876845 19.06778621400135 18.987205518385657 18.90120270978732 18.81095435803532 18.718166879185993 18.62499196501725 18.533942166283087 18.447818801389854 18.36964430345093 18.30259158215991 18.249906713845956 18.212506166832025 18.18016083076238 18.152471521753792 18.130902210329676 18.116821838897053 18.11138876897834 18.11135491307054 18.11135491307054 18.11135491307054 18.11135491307054 18.11135491307054
15.918591064592944 16.038745084186854 16.17485657972421 16.328939022658243 16.502503204221007 16.6916119205405 16.89318485217969 17.10462394251479 17.32354652793764 17.547477683832604 17.773506705546364 17.99761965259986 18.212147630398892 18.41097889845351 18.59458788225999 18.758605282162648 18.896988061353355 19.00604132995648 19.087741100320805 19.143254055784805 19.17051346335119 19.166735394976936 19.12833890858778 19.05147924248583 18.95402991510004 18.853327723645116 18.751068996270103 18.649322925859867 18.550502163994643 18.45731343496297 18.3726972033043 18.29975788774176 18.24168500091121 18.20151554187396 18.171178680527095 18.14565211512276 18.12635631576544 18.114601140092716 18.11135491307054 18.11135491307054 18.11135491307054 18.11135491307054 18.11135491307054 18.11135491307054
15.834496848762308 15.946698115654037 16.06344120263713 16.190590152032904 16.337118969051513 16.50154297921679 16.682276662252246 16.877882014404367 17.087006616747523 17.30804258435924 17.536724752187958 17.767600288040516 17.99477329318824 18.21715354124045 18.429439844242786 18.622341727262988 18.788083985331316 18.922887613969213 19.027983839723788 19.10556383058969 19.15413745882233 19.171225326680936 19.153599568401717 19.097632509811614 19.00088773817912 18.88987648817704 18.778464246937624 18.668636646074376 18.562697736521248 18.463244288296387 18.37311566309029 18.29532710368704 18.232990474870007 18.18922523780317 18.161014258329136 18.138139352592386 18.121613384696353 18.112670548943015 18.11135491307054 18.11135491307054 18.11135491307054 18.11135491307054 18.11135491307054 18.11135491307054
15.77686014262504 15.858947995211118 15.94448219334817 16.038329853425346 16.151786889232326 16.286185142598796 16.441225366174944 16.617014539848533 16.812163639340792 17.025061612920517 17.25310685859044 17.4919704319817 17.740633128713373 17.9929884671716 18.23783655195985 18.462468077614275 18.656491949177507 18.815426952439687 18.94120647651942 19.03795410008334 19.105499775431692 19.142173857694736 19.145002609004948 19.110139776329795 19.033810935276467 18.918662979544774 18.798750617289844 18.681619312705347 18.569455679694858 18.464737091198486 18.37018983506203 18.288725560745952 18.223362072468806 18.177132398174535 18.150211234685635 18.13046354688171 18.117178828599055 18.111497503762667 18.11135491307054 18.11135491307054 18.11135491307054 18.11135491307054 18.11135491307054 18.11135491307054
15.74816233679283 15.778333956348089 15.821101065840413 15.875611664905653 15.948463107469316 16.04582521352157 16.168317914624893 16.316923233653824 16.492435279391664 16.6947281265475 16.92251664665337 17.177203206829642 17.45337471347043 17.74040146629057 18.0228052615406 18.28206677351633 18.503444228767894 18.68215948361953 18.82417804104512 18.93679695414681 19.021404658059446 19.07666626885663 19.099526012164596 19.08611131154143 19.03233421190463 18.934425289891145 18.80905477563674 18.686813180832765 18.569879320063407 18.461115775566714 18.36342151421523 18.279597766026484 18.212557525092972 18.16523280108616 18.13940789513035 18.123239492854964 18.113629874198615 18.11135491307054 18.11135491307054 18.11135491307054 18.11135491307054 18.11135491307054 18.11135491307054 18.11135491307054
15.714493156816435 15.691588496734587 15.68531076710796 15.693798049724359 15.720289745235084 15.77409895433389 15.858286584482528 15.975398235990019 16.127918069960838 16.319278870283295 16.553027643343903 16.82618684753262 17.131078681747468 17.45572221057837 17.78200219026584 18.0826957955918 18.331364670651524 18.52349004747137 18.676206479435926 18.80178586773238 18.90243467320225 18.97620909176625 19.01937909100703 19.027600437055934 18.996518522351714 18.922120283244347 18.805428810624925 18.683646305917563 18.5683353834427 18.46038641119732 18.36152045281569 18.275226699661726 18.205174087789302 18.155218291462166 18.129338482581264 18.11715271651865 18.111598158210796 18.11135491307054 18.11135491307054 18.11135491307054 18.11135491307054 18.11135491307054 18.11135491307054 18.11135491307054
15.653798225900964 15.582347880130234 15.526785634178433 15.48755098422609 15.467133547794527 15.473101447250365 15.514508393632621 15.5970844034114 15.728468450129402 15.912698236531067 16.150550566177362 16.43820418426048 16.769228291627602 17.133147444136423 17.512495676193883 17.870663204087457 18.144094313998288 18.335939963245025 18.493542549754 18.63147719073793 18.749236761738334 18.84284434362463 18.90745616693576 18.941510149134064 18.94313777186544 18.90552123726233 18.822604074995855 18.710889540932207 18.60335037725778 18.500974589283466 18.405125010340154 18.318007450868816 18.243107724850915 18.185448744143176 18.149357785770935 18.12773818891438 18.115596322930003 18.11135491307054 18.11135491307054 18.11135491307054 18.11135491307054 18.11135491307054 18.11135491307054 18.11135491307054
15.568203165204448 15.451391955963379 15.348052533355675 15.261073958533316 15.194989930957393 15.156461543443585 15.157879061192265 15.208615726168798 15.316604983925492 15.487558535590493 15.722984205583415 16.020595720592855 16.373358143521223 16.770955356606184 17.201616634355645 17.64725665856912 17.92824985190728 18.10111954122431 18.26744876491352 18.423719529455916 18.563012251332193 18.68435200414785 18.788022019883243 18.865829735874346 18.90990355395622 18.912940054928573 18.86839408422805 18.777205289281603 18.68035899138924 18.586109761834216 18.495515958709554 18.41056543608081 18.334126175432207 18.27007423938435 18.224321024843032 18.190933066632134 18.161327394320093 18.135730352014427 18.117789259758432 18.11135491307054 18.11135491307054 18.11135491307054 18.11135491307054 18.11135491307054
15.479654481422376 15.320672465909958 15.17354010215348 15.0426757120516 14.933136640957795 14.85265516027866 14.810303791610888 14.820700927166328 14.895890720206223 15.045222815744506 15.273558791076006 15.577485667338141 15.946145595657873 16.36435830690201 16.814532182889685 17.260385744333437 17.581005424928968 17.8001455726332 17.997936306777028 18.182825027868056 18.364104957064797 18.535508040981227 18.687570785832257 18.81201002497385 18.90077150662333 18.946227374340538 18.94140371487486 18.880803345759375 18.79766113472189 18.714044159941675 18.630790175691057 18.54967932356191 18.473479698559235 18.40583080425376 18.35123747918539 18.30353932591819 18.2539949454004 18.206144135448366 18.163983075494706 18.131716870165935 18.113675869682847 18.11135491307054 18.11135491307054 18.11135491307054
15.420234425503592 15.230346889417397 15.045636688126763 14.870878612996592 14.711987108119684 14.577668247480222 14.480784191853557 14.438743043935826 14.469657872456004 14.590160102671392 14.808678555124843 15.118712085731465 15.501409386796524 15.932622053765408 16.38298104393788 16.81142181660056 17.169952291843575 17.4576282957653 17.708296489326774 17.949970147246308 18.18397738314918 18.406108224348607 18.609316186676576 18.78267530114897 18.917930989596726 19.00722678099797 19.04317676164035 19.019188209630887 18.953497444852577 18.882942729309075 18.808950347816843 18.733130085013013 18.65817697836319 18.587785469556746 18.52526225670154 18.459821600707464 18.38933302322932 18.31825854922346 18.250982654479785 18.19207380342737 18.146198012877235 18.118044308403462 18.11135491307054 18.11135491307054
15.416569534331522 15.1958654081739 14.973197196178639 14.753721153238775 14.54327235454604 14.35042712369167 14.188249216377386 14.076184987800797 14.045113734941012 14.12822874913427 14.338020719228851 14.661219370194589 15.064916144615086 15.512449953435304 15.969611197215386 16.403737209465806 16.789208627989506 17.128647927631377 17.44610135933258 17.748281087248756 18.036394483415894 18.30795826770359 18.55830471428963 18.780880382154727 18.96370098765374 19.09772151783354 19.175074677973498 19.18855613671345 19.145841429475126 19.090847698663396 19.027823671171205 18.958460035076154 18.88541835147208 18.811603767315244 18.73797496024042 18.655343823243673 18.56288475099581 18.467498712316612 18.374151210076697 18.287802797396623 18.21346297485587 18.156122367791568 18.12069587863652 18.11135491307054
15.474650559397704 15.222457465331695 14.962703563733628 14.69979913125906 14.438462793245732 14.185458837113718 13.950600594862934 13.755196867720151 13.64000890822783 13.666439919563308 13.875313845881406 14.230771732199957 14.668818364660805 15.139965220075846 15.610542436212416 16.055884647642287 16.467432118695896 16.860009952436133 17.233991899828222 17.59056193147214 17.929725143132714 18.249240680425263 18.544879543546667 18.810966026115526 19.040228765288084 19.219214102223958 19.33809970421759 19.388899983577552 19.37282271370192 19.33552374188293 19.284986526217335 19.222904510582744 19.150870634810534 19.07064173791991 18.984925586651404 18.884298400231252 18.770017627048993 18.64907882684993 18.52861341615102 18.414008210186758 18.310623563920835 18.22373729855743 18.1585053022117 18.119925718404787
15.596500643228625 15.313963974204125 15.02019720712319 14.718262155497152 14.411224841199562 14.101918529193894 13.795733259651714 13.507699863977873 13.277849561776407 13.217428586736396 13.446949973459532 13.868077716013522 14.352549011139528 14.848096022350033 15.329902662669035 15.785706461557334 16.231391844908533 16.665171091079443 17.083787336085425 17.485986130114537 17.87034234745474 18.23407772154256 18.57275700755034 18.880443581637525 19.150047073760923 19.372562255894355 19.532605194746395 19.620136550299858 19.632447580174674 19.614478454947456 19.57757511658033 19.521484213882385 19.448168260436518 19.3612574388088 19.261904786021454 19.141845483695942 19.005178531894664 18.85797668468786 18.7092528872056 18.565554533710092 18.432596964163803 18.315924394380882 18.220895202484233 18.15267211081386
15.781131902259732 15.47208376657148 15.149959698819806 14.816797961020578 14.474187524364462 14.121723046683158 13.761475282670574 13.397485594840722 13.03927068678207 12.785878912724282 13.139087524715565 13.645761737059464 14.162510456685704 14.666089801523885 15.14610045527413 15.617257963359435 16.08694315459587 16.549405664435966 17.00097955283476 17.43917487386945 17.861447136271128 18.264242562396092 18.642520309173204 18.989680892944293 19.297771874272293 19.55787815577944 19.757941280860173 19.881257786913583 19.922344669680445 19.924349818749416 19.899800217235246 19.848925286694065 19.774278246749983 19.68012937937807 19.56450298156898 19.423247532876005 19.262517217043868 19.088838161310676 18.910667118188687 18.737053031346036 18.57407931532673 18.427525393402618 18.30290385097618 18.205483810133288
16.02549856988444 15.696031338007845 15.353226772427748 14.999116071308476 14.634565349851231 14.260186495271956 13.87950100810324 13.498425585194946 13.134099679683498 12.910552846979076 13.189550323417546 13.649265436494337 14.132449859292477 14.611345662715653 15.078742462927346 15.554720211643719 16.034617385993364 16.513092565363245 16.986118574578303 17.450446386045925 17.902715671443133 18.33861053872917 18.75229516898036 19.136209584205062 19.481191354196124 19.77684742164359 20.01197430427501 20.169301278990257 20.237599682688924 20.259958570743994 20.248432951215314 20.20301948952278 20.126436599315685 20.02318336471276 19.887997128523526 19.72336836719483 19.536620387748695 19.335240010758582 19.127091807276113 18.922823344102923 18.729542020602054 18.553213330904985 18.399443494780886 18.273540995852624
16.325557586264786 15.982944952762592 15.628167283358554 15.264248740957257 14.89240463460503 14.517159272847982 14.147516707303359 13.801277370162849 13.521211596534913 13.406128542080326 13.546614885162011 13.866361898950174 14.26003624234911 14.680944884873254 15.126523004100157 15.592092896135767 16.06925591555393 16.551865993509622 17.03539393616567 17.51612587979531 17.99023154779647 18.45281811817635 18.897204550572493 19.314613605625496 19.694293263250483 20.023937402830068 20.290316026990467 20.478927349138818 20.574945125475853 20.61979247305989 20.6221138110221 20.581745143428464 20.501834358138865 20.38481666017188 20.227170971440582 20.03649808844952 19.821493905297462 19.59071958217352 19.352313887717376 19.116847883248667 18.893222707497497 18.68751382716339 18.505344493771393 18.351987611701833
16.67812160231804 16.32913218784011 15.970021880433864 15.604977003855677 15.237078105123375 14.874737481691035 14.531493620800923 14.230194940478622 14.00953455341808 13.92186237089338 13.998013015434898 14.21150699660003 14.509898986336589 14.863683268492297 15.27377748505336 15.716146131482878 16.17901518153223 16.65496725041304 17.138812163140273 17.626567491072688 18.114345748947727 18.59706982338846 19.067372594849417 19.51518074055632 19.927993715673157 20.291442690747168 20.589910100016745 20.807368383420314 20.933145180984503 21.002926116667304 21.019709175147888 20.98314982409663 20.89714130715247 20.759846878860568 20.576037507605513 20.356105151381925 20.110373471182534 19.84853837821878 19.57944865169998 19.31274157293923 19.059130471069746 18.82483701178615 18.615406806360664 18.435995873141295
17.076450244134843 16.726387227940556 16.368658434139927 16.00850103625966 15.651281385417926 15.307742433623158 14.992735445811542 14.727178870570818 14.538472585707868 14.454261886105474 14.487240757208111 14.625856869116834 14.843921366131438 15.13647732094054 15.501126264326926 15.91223997948238 16.35188552721309 16.81178939336597 17.286380750962174 17.77189635117362 18.265211891638806 18.76186885463042 19.254033527956057 19.730003881836577 20.17516363727242 20.57289813728512 20.905006932778907 21.152212303990233 21.31088558556908 21.408642231898046 21.440267552045757 21.405177801402004 21.305493864851325 21.14210756717723 20.927412046927532 20.674497950647893 20.395501478649326 20.101182235583728 19.800935971361334 19.503761895111865 19.22108704196883 18.959537001424902 18.72447024831975 18.520842731069372
