_RESULTS/CROSS_VALIDATION_POSTPROCESSED/Berg/IZ/5comp/3/Berg_IZ_z_180_kriged_reverse_5comp_spherical_3.asc
ncols 100
nrows 90
xllcorner  5.6208707817415728
yllcorner 50.959635321741573
cellsize 0.00013419651685393446
nodata_value 1.7014100000000001E+038
[rows 19 to 37 of 90, columns 44 to 87 of 100]
56.1147181481571 56.739464203160004 57.47963126261393 58.35730981817894 59.332275755567885 60.36157459238179 61.409730499613524 62.446695312491066 63.44718050038524 64.39051202270693 65.26049901272974 66.05104794889101 66.77079565779462 67.4151351732638 67.9768602689551 68.461224527238 68.88338693747295 69.23371473194642 69.5028664661832 69.65722257313688 69.65147489342871 69.46889042392476 69.12844123670021 68.67315920370592 68.14515522493707 67.57295192496183 66.97654738129305 66.37162413049109 65.77187729254102 65.19015151554599 64.63893337467982 64.13049625292852 63.67685053980385 63.277916237782094 62.930244996973215 62.64166776468966 62.419922876819776 62.2724873724802 62.20627998793812 62.203134120970404 62.203134120970404 62.203134120970404 62.203134120970404 62.203134120970404
56.172543359636194 56.87852954371822 57.673238953281555 58.57910658765583 59.57328843920564 60.61616153813561 61.67352751996271 62.71538008447951 63.715867757066626 64.65349145582995 65.5111263920091 66.27575269321238 66.9503317367832 67.53698579170792 68.03206463650179 68.45456537471429 68.80143766123923 69.06318173044022 69.2346177810736 69.2994479648487 69.23721167299016 69.04353603864945 68.73736465000782 68.33631062993004 67.85726311625497 67.32573012878039 66.76222821414795 66.18383238621254 65.60560926651495 65.04154185340425 64.50501996652098 64.00903192371852 63.56616311324713 63.185024005056555 62.85688604983142 62.587000956102855 62.383223750921466 62.25307491869738 62.20344239473631 62.203134120970404 62.203134120970404 62.203134120970404 62.203134120970404 62.203134120970404
56.24505168409769 57.04809791636133 57.905037655124346 58.83463901649634 59.84287101872029 60.89403601540083 61.95526860610728 62.99664644903038 63.991835762632086 64.91859148499329 65.75889843325277 66.49794230290088 67.12249946992294 67.64481006168181 68.08500952464244 68.44449352918221 68.71713135123028 68.89667313621744 68.98319241894161 68.97316370197234 68.85860654319991 68.64064316719376 68.33240643599345 67.95597999747218 67.51779108212345 67.0245951758942 66.49531271875117 65.94690113004522 65.39488183055263 64.8538458255459 64.33777918903925 63.8602021707151 63.43415962338378 63.07187988241678 62.768275133998195 62.521983166964176 62.34096193925851 62.23274926940802 62.203134120970404 62.203134120970404 62.203134120970404 62.203134120970404 62.203134120970404 62.203134120970404
56.37482264231183 57.27219115167402 58.18674249267508 59.130976428026536 60.144415504069784 61.1965793802975 62.25528062481516 63.28919078534846 64.27036255365434 65.17734542742292 65.98940450001012 66.69005938912764 67.26826647106974 67.74245318783207 68.13243905386715 68.43206143135774 68.63633950903247 68.74268442301982 68.75536477146409 68.67923359261324 68.51317950181252 68.26312806175554 67.94029981125 67.56124129647777 67.14466631929166 66.68523801658091 66.18889025949352 65.67156006072199 65.1484791590669 64.63431041103541 64.14326704872363 63.68914789010177 63.28527911259692 62.94437616508007 62.66924259456936 62.450991642186246 62.29711613096006 62.215122759303455 62.203134120970404 62.203134120970404 62.203134120970404 62.203134120970404 62.203134120970404 62.203134120970404
56.64660702033101 57.57775325464183 58.5220370842311 59.47398589600746 60.48054105566758 61.5211101404895 62.56164705144156 63.57366648160521 64.52891869568388 65.40385373712174 66.17942383925384 66.84065704748583 67.39176516063932 67.83257792834554 68.17542430296787 68.41846829211869 68.557667204688 68.59527909878011 68.54117002459562 68.40669714549881 68.19527352363637 67.91237852687894 67.56706425778408 67.17571620658978 66.75578137841055 66.3200753682901 65.85439296442519 65.3679713803182 64.87529876860899 64.39069997453153 63.92828436664071 63.50187241511327 63.12487261508011 62.810104470465475 62.56538921997339 62.37913542056579 62.256347430998304 62.20443255962014 62.203134120970404 62.203134120970404 62.203134120970404 62.203134120970404 62.203134120970404 62.203134120970404
57.05345788333356 57.958823690809446 58.90543686683628 59.86116572841157 60.836767271435995 61.84464607019687 62.85240040507703 63.8296978862673 64.74922686573255 65.58737320185467 66.32619522894367 66.96678436361472 67.50087142932702 67.91710421882784 68.22081037726905 68.41711709972805 68.49959221747459 68.47250262419405 68.35427955286531 68.16299156112659 67.9063292100632 67.59129263229465 67.22602960840635 66.82064005272542 66.38905256785976 65.95130494244235 65.50743868234119 65.04671814271894 64.58395794246033 64.13093768816512 63.700077319076044 63.305001029946 62.95901202182019 62.674871379198194 62.462932387225834 62.312120286582505 62.223876420760206 62.203134120970404 62.203134120970404 62.203134120970404 62.203134120970404 62.203134120970404 62.203134120970404 62.203134120970404
57.48121646846522 58.36373241744541 59.29653429062432 60.240106157169116 61.17875334794215 62.14292168152179 63.10918507419705 64.0460587293968 64.92526906294923 65.72901183615912 66.45057817651248 67.07562174119211 67.5962257692221 68.00248571595576 68.2852448870632 68.44670817356584 68.47365442862605 68.3762949234501 68.19051086513322 67.94163873392061 67.63994336946551 67.29247471520937 66.90634167808565 66.4900113454022 66.05353549084124 65.60901878448226 65.1760475756835 64.73889484437233 64.300558804836 63.87493027607831 63.47652323934653 63.114365249506555 62.79988764817174 62.54686786270584 62.36856929376488 62.25610801493811 62.20534925746776 62.203134120970404 62.203134120970404 62.203134120970404 62.203134120970404 62.203134120970404 62.203134120970404 62.203134120970404
57.85349936196743 58.72453395514602 59.64040620887962 60.57232642662067 61.49359458555818 62.40855941498877 63.328838836754066 64.22632659250502 65.08102185252596 65.86908003911273 66.57286233096971 67.18444852780713 67.69257728452133 68.08810537155814 68.36140577957099 68.50634401324619 68.47434596123951 68.29156104918178 68.03362094806265 67.7289249796027 67.38555979841865 67.008555767811 66.60340902618704 66.18022507769527 65.75051771346301 65.32227046282553 64.90495865651333 64.49975623324451 64.09250770211098 63.695432045029385 63.322317510955585 62.987999227191736 62.70487696792325 62.47933744672732 62.324484319697305 62.235872756113565 62.208387602853065 62.203134120970404 62.203134120970404 62.203134120970404 62.203134120970404 62.203134120970404 62.203134120970404 62.203134120970404
58.14296206143826 59.01362438419901 59.92231124233 60.84672930016115 61.76947324702612 62.67073495147446 63.570225165745576 64.45382374277175 65.29052536385372 66.0588141742045 66.74444265915056 67.33149928582206 67.81111059298388 68.17979222733578 68.43781384110864 68.60005925476347 68.47958791175049 68.18356894045814 67.8583126967949 67.50834746138497 67.13219860138678 66.7370775589537 66.33284027868312 65.92298014074568 65.51260244199044 65.10828467382221 64.71778857926036 64.34482084437249 63.97171769759454 63.60647766460726 63.26186235509108 62.95187701730225 62.69161119116724 62.49522245749296 62.36672592922486 62.30101915569652 62.26476994234195 62.23326974614386 62.21110219208147 62.203134120970404 62.203134120970404 62.203134120970404 62.203134120970404 62.203134120970404
58.34989876831626 59.23493893064742 60.163185605610416 61.11648378483974 62.07082524608718 63.001610060672384 63.89077309918417 64.75256515063495 65.56837124619497 66.31519817652085 66.96786320871712 67.51125923195 67.9393087495254 68.25146427245484 68.44758117101331 68.52002180528933 68.35687689191734 68.02728583561309 67.65822050020624 67.27193723150064 66.88768359087348 66.50321245174149 66.11553032591966 65.72733098949845 65.34288657548835 64.96789807754695 64.60925112229252 64.27425478358502 63.94009224956903 63.60918842814679 63.29573603275853 63.01289263709524 62.77507429722733 62.59770413539123 62.49521270052868 62.43711782634534 62.3775799281281 62.31956666257089 62.26802957802251 62.22831717541191 62.20600940882325 62.203134120970404 62.203134120970404 62.203134120970404
58.56210994005716 59.4941017056383 60.459097220357386 61.44194546040729 62.42263277330259 63.37843766061664 64.28459329913504 65.12937540742527 65.92597891842996 66.64009141812433 67.24303190958344 67.72107934696616 68.07245540740627 68.29971768114966 68.39692575716528 68.35286449738092 68.15328510064079 67.83153273194561 67.45472603486387 67.06857147008868 66.68592809663302 66.31333005079291 65.95231920727642 65.59427739252178 65.24237807768276 64.90196174585421 64.5794568856327 64.28214142823946 63.996985951431085 63.702705006211666 63.42220276136099 63.168433877961796 62.955110019934935 62.7971257336926 62.69993395800741 62.62148665821036 62.5389680256891 62.45470359961362 62.373942770388325 62.30241153012731 62.24616941147556 62.21141783970335 62.203134120970404 62.203134120970404
58.86270684849093 59.826359754467894 60.81392236945552 61.81482978769698 62.81222506785296 63.785452729360934 64.71469776703654 65.58457451293329 66.36357208314107 67.03691584518401 67.57306940114927 67.96305578391278 68.21685784784724 68.34309835240249 68.34005000535223 68.20945347196933 67.96670801427646 67.64413257246505 67.28823980187583 66.9201017220893 66.55227416591654 66.19297374067614 65.84913000989683 65.5256819131783 65.21225288747598 64.91098135940886 64.6282103598938 64.37098052915775 64.13452634994164 63.8842812170775 63.637608622864306 63.413944076461135 63.22629845476055 63.07984673372593 62.95716063533141 62.84609707686588 62.740294543597564 62.630411616622375 62.52105886815481 62.41826490066447 62.32847266741033 62.258376568052256 62.214698533702986 62.203134120970404
59.25722483681468 60.22580037297393 61.21722008728738 62.22160894793948 63.22374712342176 64.20640827479248 65.16350448412523 66.06754812422515 66.87070864647005 67.51042971061683 67.96119226971109 68.23798645911265 68.37518771125681 68.39351801629844 68.29655674022229 68.09360155260742 67.81939066012305 67.51110489342202 67.1799195853687 66.837312769975 66.49311208204453 66.1552953282437 65.83120316143375 65.52857117075045 65.25377055954536 64.99507408527599 64.75455248748689 64.53927606853 64.34932596196592 64.14724409529016 63.936346959737 63.74293972217819 63.56868907812603 63.40399026454766 63.25465311682843 63.10991458040203 62.972635337435236 62.83800828364197 62.70102802810351 62.56797250546675 62.44558753534047 62.340955029305476 62.26130430489481 62.21374580772755
59.729431580186365 60.67711321749593 61.65315648243072 62.64511701551078 63.63780916929046 64.62533177253205 65.60125066252961 66.5383986980275 67.38969331892116 68.04926535015412 68.40222569871042 68.52992338288136 68.5367056398333 68.44864268940512 68.26713830137312 68.00977416751026 67.73440923799845 67.44438707003177 67.14074313798511 66.8283853428833 66.51353230789628 66.20279554030458 65.90332197077441 65.6231324037964 65.37124170510256 65.1535378820155 64.95639226517696 64.78367530098377 64.63812314270942 64.48188269793572 64.30946781902487 64.12480112770565 63.9377468742951 63.75510602207947 63.5801887100443 63.40357467016858 63.231147460261326 63.068768758538226 62.905350759706735 62.743343484825466 62.58973849087668 62.451917982615214 62.337504482782116 62.254135213199376
60.248096220953464 61.156864018165194 62.10149727675295 63.065843912255936 64.03612759036649 65.01523597928637 65.98883953685359 66.93945507164119 67.8466301478412 68.6145287002351 68.79997560961012 68.78199579262191 68.67630516471088 68.4975449967092 68.24746934266757 67.97650700712948 67.71298953433026 67.44745122828391 67.17565097503366 66.89756764818266 66.61604015463146 66.33595938911031 66.06399067412673 65.80840262003647 65.57873332274873 65.38531755056924 65.22996168155292 65.0990616651418 64.99526528481915 64.87044460833806 64.70891336988164 64.5186056670295 64.32037836134334 64.1219047966256 63.921881350222954 63.71547430397177 63.51014392867088 63.3142582398144 63.12564850647008 62.93622290960028 62.75306932651992 62.583807228172276 62.43635754189407 62.31876255322211
60.77772697632392 61.63852653315267 62.540687429642475 63.464790921857784 64.40333934858481 65.35337148343463 66.2947383074667 67.20678122877733 68.06141390073614 68.7409277399031 68.922967330109 68.87739415867338 68.73750432458337 68.5207294152097 68.25109774458663 67.99346439896917 67.75362638769028 67.5204042217762 67.28570765154336 67.04572198676317 66.80034344441881 66.5527681969033 66.30921286740363 66.07840941276606 65.8707564952599 65.69737065543208 65.5670912000089 65.46517721994898 65.3775484795678 65.26164247950874 65.1058879382667 64.91371798891069 64.70593923980663 64.49283059488874 64.26838255905997 64.03449417700912 63.79878171285568 63.569789989262674 63.353822844332285 63.13869662987509 62.92789677034456 62.72923755654997 62.55086785302285 62.40113236795041
61.288259416863376 62.0988015017013 62.952976977720155 63.830184690743316 64.72872571843438 65.63215133774527 66.51406545530403 67.34210254099663 68.06461205807983 68.584273314571 68.81404073155988 68.81662423279496 68.68537421740697 68.4699402188324 68.2380172958879 68.0299751456848 67.83929462203018 67.65415028452901 67.4657878165743 67.26894673729939 67.06179659712565 66.84620467445625 66.62787392205588 66.41562906430119 66.21989536831391 66.05112041992113 65.91878906485925 65.82730305101093 65.75160142891589 65.64309074937867 65.49210551845212 65.30027305587971 65.0843824865489 64.8557535658032 64.6090526068932 64.3501674518327 64.08680652251053 63.82766339316206 63.58215425315612 63.343218291479495 63.10687541745745 62.88110414891628 62.67423155112278 62.494826083283606
61.761445548797965 62.52262017030582 63.32667905350042 64.15551862564787 65.0063211739775 65.85351481728262 66.66529739269366 67.40293407639807 68.01594393882561 68.44527364374396 68.65597152396212 68.67128963764515 68.549899333067 68.36263099792149 68.18387501406653 68.03833443493312 67.91142951055284 67.78808887870794 67.6571469547279 67.51067493674215 67.34403755245889 67.1574446751212 66.95720901068121 66.7546958098088 66.56336110780946 66.39597830028346 66.26327824644102 66.17384880059515 66.10947898303495 66.00690947069229 65.8596903337316 65.66895723991026 65.4461005888192 65.20075644378103 64.93410615890475 64.65281893476717 64.36470001565084 64.07857069190696 63.804124903948434 63.542698342008855 63.28310830191489 63.032723539030485 62.800012659442196 62.59371055760513
62.181774121162036 62.895965752213414 63.65060532120748 64.43240540069294 65.23373966617007 66.02447703406993 66.77024430806874 67.431586090724 67.96456829036858 68.32806296957472 68.50034367407798 68.49683188905614 68.36886377398179 68.2088499261839 68.09266714022355 68.01990491035139 67.96428757151911 67.90748781089266 67.83762032966993 67.74445017927059 67.61928693336485 67.45948391825867 67.27280408721796 67.07551756668042 66.88596350523017 66.71981372573137 66.58879453582857 66.50127343255316 66.44316356749611 66.34545006287556 66.20118032805824 66.0110168423288 65.77977468414763 65.51901602898893 65.23471491188491 64.93366699456786 64.62378942399421 64.31400805268926 64.01414016511809 63.73058072011886 63.45023218589936 63.17793500616221 62.92226836870244 62.69209158675353
