_RESULTS/CROSS_VALIDATION_POSTPROCESSED/Berg/GZ/5comp/3/Berg_GZ_z_0_kriged_reverse_5comp_spherical_3.asc
ncols 100
nrows 90
xllcorner  5.6208707817415728
yllcorner 50.959635321741573
cellsize 0.00013419651685393446
nodata_value 1.7014100000000001E+038
[rows 18 to 35 of 90, columns 0 to 39 of 100]
0.0016884298009264634 0.0017439172579590727 0.0018064040381869494 0.0018719877342930481 0.0019364518330334721 0.0019954203669887037 0.0020446414823339187 0.002080364956838859 0.0020997481627027634 0.0021012049885962116 0.002084614964891353 0.0020513395553538355 0.002004041384511478 0.00194635254898298 0.0018824717795970056 0.0018167772679739175 0.0017535249230863168 0.0016966720436731512 0.0016498370906426723 0.0016163867330851818 0.0015996351856478281 0.0015983616922278184 0.0015983616922278184 0.0015983616922278184 0.0015963619105208698 0.0015359353120740194 0.0013724705201003102 0.001141083134523565 0.0008869585182937229 0.0006477153074543283 0.00044661830027402025 0.0002922909039829179 0.00018255283467535357 0.00010944318215601097 6.338550975251021e-05 3.5721558440170184e-05 1.9756456279282266e-05 1.0837221912365853e-05 5.978936321080408e-06 3.3841287278512546e-06
0.0017941987110133765 0.0018807400210644146 0.0019752255053954904 0.0020728982484440267 0.002168263172756701 0.0022553187183914363 0.0023280036162463104 0.002380816309122646 0.0024095024466301526 0.002411659463237033 0.0023871040751429315 0.0023379010588856124 0.0022680451240879116 0.002182884558428478 0.002088436124977257 0.0019907462051510436 0.0018954120003224408 0.0018073150440733358 0.0017305641734751095 0.0016686120315923601 0.0016245006596872832 0.0016012023009566625 0.0015983616922278184 0.0015983616922278184 0.0015979992173675206 0.0015377435298712574 0.0013709602664841143 0.0011371391946996977 0.0008817312187890028 0.0006422661314190816 0.0004417005978117812 0.00028829376007258615 0.00017956331109745684 0.00010735804161074393 6.201760804115626e-05 3.487417239137706e-05 1.9262318079042336e-05 1.0571183111563109e-05 5.855711369924797e-06 3.3500134283716303e-06
0.0019429352981979128 0.0020683275713806884 0.0022041196917433857 0.0023443631743658663 0.0024817015675093167 0.0026076752292431052 0.002713397197243051 0.002790558716883331 0.002832598425249371 0.0028357632787389224 0.002799765626026827 0.0027278350148090724 0.002626148321072137 0.0025028144905462615 0.0023667024996129322 0.002226395245621699 0.0020894552047054666 0.0019620620069546344 0.0018489821841347989 0.001753781292147828 0.001679184367412318 0.0016275150951675962 0.0016011804325898101 0.0015983616922278184 0.0015983616922278184 0.0015418698317815353 0.001377631767892574 0.0011453302773247042 0.0008903069112660475 0.0006502769875177496 0.00044854264020125335 0.0002937237794965481 0.0001836172074336482 0.00011023500684785124 6.397714468558026e-05 3.616714598580013e-05 2.0096700661211137e-05 1.1102970634635966e-05 6.193790025044969e-06 3.5663770071746133e-06
0.0021382442172082857 0.002313281748669067 0.002503445177266368 0.0027012442437532105 0.002896703467973098 0.0030776971567188557 0.00323093129809476 0.0033435652721334834 0.0034052188660829512 0.0034098685766870813 0.003357050275864825 0.0032519548523905766 0.0031043826797606164 0.002926920124765613 0.00273291205333327 0.002534754448086539 0.0023428042209646454 0.002164948225634161 0.0020066994781216454 0.0018716249661826021 0.0017619285576412668 0.001679070703603154 0.0016243706934960824 0.001599591757487684 0.0015980397542860474 0.0015477784555490647 0.0013920455339045696 0.0011653892062555508 0.0009126149382221929 0.0006718498862119056 0.00046736593612030694 0.00030886159851080814 0.00019500327232607886 0.00011833694487991373 6.948423920080973e-05 3.977401228340002e-05 2.2390557242996325e-05 1.2528437919595004e-05 7.0619555171191045e-06 4.081817056868225e-06
0.002384487102944358 0.002623601425818165 0.002886042633295058 0.0031624989882100404 0.0034394440977676003 0.003699358599868636 0.003922072344438577 0.00408735485538679 0.004178397905297281 0.004185280509006958 0.00410723338863029 0.003952821012573547 0.003737967103436287 0.0034826021660125652 0.0032071102152327934 0.002929556889363096 0.002664146471383997 0.0024208428714487208 0.002205806482230119 0.0020222509679282464 0.0018714142711533791 0.0017534675471455126 0.0016682973735197843 0.001616173442841916 0.0015975835218688102 0.0015538689260848947 0.0014128144451335423 0.001196401753577124 0.0009483201958463221 0.0007071831980561752 0.0004987567509589754 0.00033450320459262755 0.00021456993107820985 0.00013245548784494813 7.921593246711903e-05 4.624014867838312e-05 2.6566171369559872e-05 1.5167721117576623e-05 8.702441161635422e-06 5.082947442055437e-06
0.0026859568193793168 0.0030078551455082173 0.00336657988714045 0.0037509886795126326 0.0041429963210280535 0.004517306708629403 0.004843039326482611 0.005087783501271407 0.0052236988329883065 0.005234005611292762 0.005117392552127676 0.0048883760606920615 0.004573442227158828 0.004204717496840416 0.003813662796814307 0.0034266351136346984 0.003062892722159332 0.0027346156106269255 0.0024481151825881484 0.0022054810944887536 0.0020061802826699423 0.0018483860216657088 0.0017299959357452205 0.0016493965284569226 0.0016052709010146448 0.0015575045245953434 0.0014375214629404817 0.0012366524548779493 0.0009966396153859398 0.0007564027800423612 0.000543543196734205 0.00037189600946234327 0.00024371727630498324 0.0001539461645411841 9.43686555392727e-05 5.655847321985776e-05 3.34159271020894e-05 1.9641344999467095e-05 1.1602891436492894e-05 6.9660589352565814e-06
0.00304564779148717 0.0034737366719664697 0.0039600772752992714 0.004492370710524793 0.0050472219510996055 0.005588510067883356 0.006068800414142473 0.006435412107945316 0.006641154713714185 0.0066568196921651815 0.006480101590463586 0.0061363384295441414 0.005670664110120032 0.005135700129357294 0.004580260044646496 0.0040424721684626415 0.0035477106766866953 0.0031098669720742243 0.0027341469780286756 0.002420073977749831 0.002164025256248336 0.001961107636896072 0.0018064334090620818 0.0016959573207881282 0.0016266786073180787 0.0015617983881874768 0.0014626263574425641 0.0012833974615451547 0.0010560439897922124 0.00081926591461205 0.0006025597351279334 0.00042259472031093144 0.00028434765209174335 0.00018475810070720986 0.00011674315930820021 7.228588886755966e-05 4.423141708730113e-05 2.699931858370573e-05 1.6617939252933354e-05 1.044596887842476e-05
0.0034634847458113343 0.00402569496708629 0.004679042763731214 0.00541218959886409 0.0061967661616596495 0.006982548228865407 0.007697018163932498 0.008253553934253097 0.008570207500337372 0.008594446090400887 0.008322067802609329 0.007798810086039671 0.007103598248007726 0.006323821315641367 0.0055350744989381235 0.004791287856913905 0.004124062164631123 0.0035470634622398385 0.0030618122119516955 0.0026628227710947783 0.0023413930112240527 0.0020880795654313173 0.0018941704369768544 0.001752502167262356 0.0016579139179130743 0.0015771948535654933 0.0014834256321302696 0.0013326172792536015 0.0011238708236314399 0.0008947309280114128 0.0006762638596834218 0.0004881848741045668 0.0003387184221776359 0.00022740777950353578 0.00014881329767933222 9.567573989736286e-05 6.0971123517583405e-05 3.890204328687378e-05 2.5147244804355618e-05 1.671601770801935e-05
0.003933973455840206 0.00466138236755875 0.005528533216325079 0.0065298318657413335 0.007635364405709327 0.008787454224810025 0.009876717692094089 0.010751435495915519 0.011257169081802975 0.011291088260998752 0.010847131943540133 0.010019044333982239 0.008958732895304909 0.007817444836587752 0.006700620247766257 0.005679886263531199 0.004790434968704338 0.004041016939071923 0.003424822513678333 0.0029275918810304277 0.0025327947316981514 0.0022245575378340224 0.0019891179229489494 0.0018154297064888049 0.0016953518082980456 0.0016023331304628266 0.0015021211514741827 0.0013788373815745375 0.0011959093626831851 0.0009804109004523296 0.0007641789831901102 0.0005698138351093807 0.0004091184979817316 0.00028481605120118383 0.00019370729451887882 0.00012977097192828026 8.642965722897964e-05 5.7834224356062844e-05 3.937053065818273e-05 2.7690685730276626e-05
0.0044434805628032785 0.005367676467352518 0.006522806939961586 0.007931839840451808 0.009572943865660086 0.011360295609593101 0.013117639104062176 0.01457713313560369 0.015436833915741658 0.01548201102924655 0.01470073339466729 0.013291720576581898 0.011556102343696235 0.009770645482984617 0.008121846314891072 0.006702788375221864 0.00553323427927091 0.004577901856305106 0.003811056346133867 0.003204467441615293 0.0027303852175015316 0.002364395896430176 0.0020864216701789885 0.0018817841237979505 0.001739740823097693 0.0016390387148863678 0.0015355667085915354 0.001423947546720259 0.0012716609181259492 0.0010749865960601225 0.0008650686038843033 0.0006674975618067867 0.0004972829828837062 0.0003598999746365396 0.0002549890301833263 0.00017835534495130943 0.0001243431719670907 8.749948368602519e-05 6.287676154306064e-05 4.67517312078524e-05
0.00499888277456472 0.006227423834972011 0.0078258958214736 0.00984914495605661 0.01230900363442877 0.015120457628674573 0.018030009268012438 0.020566306799060557 0.022111987031954883 0.022180489344222207 0.02074439986297133 0.018259615973134247 0.015352489244025718 0.012519150014579133 0.010032508956376937 0.007986991104914689 0.006373377915295145 0.005136406486308737 0.00420135803114868 0.003479324060805211 0.002927986870793754 0.0025174871190308955 0.0022132906970671233 0.001990935739866928 0.001833828699561831 0.0017275267055748165 0.0016249630557121145 0.001517556990697249 0.001379938113336779 0.0012031984362593103 0.000998004135299521 0.00079335055313457 0.0006093348360394582 0.00045617919139304494 0.0003371761210814336 0.00024861115115199303 0.00018357500443466434 0.0001368504458778241 0.00010399672875100907 8.148710663838646e-05
0.005691611405709806 0.007319019990706583 0.009506387317301043 0.012385627710094639 0.016054661313652487 0.020490597381780242 0.025392178953332522 0.029974595763318148 0.03293661398876785 0.03306118406218939 0.03027185448887902 0.025724493183099145 0.020773897825463815 0.016269589027417666 0.012544855780024771 0.009629816342416754 0.00742340874738786 0.0057884354592712736 0.004604490176399918 0.003777281493047461 0.0031827694442931698 0.002740031074418703 0.002410509128270753 0.00216764443580586 0.0019934201891314463 0.0018761201616350344 0.0017779837546870868 0.0016736995385659467 0.0015400203623786213 0.0013726135085243853 0.001175233833284878 0.0009635634993524781 0.0007655240771524468 0.0005984253934828275 0.0004635210049648726 0.0003584451261318969 0.00027912231082210517 0.000220016341180394 0.0001761973108207082 0.00014471901807103108
0.006523885964634195 0.008641876581139008 0.011579030966106726 0.015594543612257697 0.020958244432958413 0.027847819768353082 0.036091186984771276 0.04461631973155719 0.0507394942165657 0.05102572123696289 0.045203776788509106 0.036616847873684105 0.028193603142374523 0.021150651316434843 0.01569236561638425 0.01163071997514142 0.008680930587886883 0.006618603697417019 0.0051917988390593256 0.004202117193018917 0.003518681390446095 0.003040746216769979 0.002684240433978813 0.002419304667584364 0.0022266584616693857 0.0020937074856186024 0.0020009116427830375 0.0019020699563209655 0.0017733386583900865 0.0015991213935742843 0.0014006931016086084 0.0011984487305583239 0.0010014830357488519 0.0008220837528899753 0.0006671839458617957 0.0005392216872011968 0.00043748529724806 0.0003594806211512581 0.0003017314638874611 0.0002586316301501216
0.007476813290431704 0.010169828026855692 0.01400668836731544 0.01942463356299652 0.02696273535010721 0.03719960903341891 0.05051651023753616 0.06627734657021081 0.08009943594375292 0.08097703064912676 0.06759183705721229 0.05135888703154052 0.03757885260244253 0.027061546740649017 0.01939153248267516 0.013957215922608988 0.010260352981077829 0.0077426325351908735 0.0060133833330148585 0.004818472462978149 0.003992688145656862 0.0034290265722025275 0.003044431582910228 0.0027582363912514165 0.0025474335351615657 0.0023988469975803 0.002304005122218958 0.0022179298392435718 0.002096903584507401 0.0019184202944970662 0.0017282336415704001 0.0015397623335915195 0.0013534178087283581 0.0011664006407099696 0.0009912449620644752 0.0008363255206439058 0.0007057078404806247 0.0006002966033764621 0.0005190928081001854 0.00046022571057506784
0.008516751139103863 0.011845640070418901 0.016685527040349226 0.023676198268727952 0.03366693287063037 0.04773049935169785 0.06712207668855959 0.09304548543256186 0.12476843044508396 0.12866909741022478 0.09565826555918425 0.06822476095121548 0.04798275434073104 0.03352423712744788 0.023465011328372705 0.01674811864668804 0.012243132909114319 0.009188697191897693 0.007096619699954096 0.005652370569933846 0.004652509295178798 0.003965399979711748 0.003506675731781496 0.003202110657267583 0.0029762812579005884 0.002814034089093187 0.002707578575630909 0.0026406554488228582 0.002540498863839614 0.00240113573843548 0.002237170487152725 0.002057394029582383 0.0018709947159374551 0.001685944355382182 0.00149899520943762 0.0013186302187842183 0.0011552994259378959 0.0010151580800581714 0.0009010869474321278 0.0008139054330429304
0.009597034506628474 0.013585515241290211 0.019455950894905268 0.028025680321396202 0.04037083721780813 0.0578177750698399 0.08182450792164711 0.11348483583056004 0.15016135195615393 0.153875203743777 0.11601831847260619 0.08255364515629081 0.05757633317157455 0.039843453566002225 0.027945269169764315 0.019990042230084694 0.01462713183178576 0.010977939933949028 0.008471555756296106 0.006736582001299036 0.005531007678292042 0.004697177505173927 0.004133160683554568 0.0037748711064936693 0.003542019586002648 0.00337171919904205 0.0032565876396653806 0.0031999151957603647 0.0031882299331168363 0.0031236919886603667 0.0030101530786563638 0.002857130791162078 0.0026763846271354403 0.002480193602895243 0.0022799645356615613 0.002084632643480234 0.0018936493876791204 0.0017159772378656166 0.0015605752264089762 0.001432985167126579
0.010663641983738469 0.01529376231250124 0.02214173385365998 0.03213439796160681 0.04639499730580531 0.06604604879201816 0.09159766435351245 0.1211788361986895 0.14577229072905168 0.14652593971862676 0.12178693065458479 0.09110585018029817 0.06490629680413249 0.045837660529378335 0.032641055212424566 0.02359170495538064 0.017389283051883645 0.013120924335401676 0.010165521791533651 0.008106859176548 0.006668189191723042 0.005666521112102007 0.004981983988251204 0.004537983721434282 0.004284237298830424 0.004117868969387091 0.00400329162433972 0.004009972533867912 0.0041222372796245604 0.004185737294265766 0.00417003100124375 0.004082844275648905 0.003937233704190525 0.0037489499479097478 0.003534031640929855 0.0033070958690813957 0.003080448298485164 0.002863893234852371 0.002664237230028521 0.002484089476253705
0.011662397944987746 0.0168806262829849 0.024595703220959247 0.03576931615648185 0.051410130992882414 0.07214125096771576 0.09722785773777962 0.12283157315638848 0.14037997907665897 0.14004252231707534 0.12160396897913477 0.09511980123576212 0.07044354197165051 0.051336280906260516 0.03737403840078287 0.0274517107222565 0.020485525268068912 0.015611247070300874 0.012196159265831171 0.009796383732336399 0.008107664459949185 0.0069244335881833525 0.006109701905623761 0.005574430485516431 0.005264341055451667 0.005117276190963095 0.005069590470616442 0.005212984460876823 0.005465999657010806 0.005724378984561972 0.005890055353729549 0.005942440008184662 0.005893469304041712 0.005761256272742997 0.005566098956161728 0.00532745744575957 0.005062266981329152 0.00478448406641656 0.0045055221135697635 0.004235159478350017
