_RESULTS/CROSS_VALIDATION_POSTPROCESSED/Berg/GZ/5comp/3/Berg_GZ_z_500_kriged_reverse_5comp_spherical_3.asc
ncols 100
nrows 90
xllcorner  5.6208707817415728
yllcorner 50.959635321741573
cellsize 0.00013419651685393446
nodata_value 1.7014100000000001E+038
[rows 38 to 56 of 90, columns 0 to 40 of 100]
0.0534518766291092 0.06472149041477347 0.0784381197556761 0.09461378609741465 0.11282700547549497 0.13196698089789202 0.1500480874565983 0.16432972583672126 0.17198625928907355 0.17123558719829265 0.16257595352770418 0.14953519981825894 0.13443816018551122 0.11911045213130618 0.10479696532172389 0.09215323227551507 0.08140319787822259 0.07251322190258136 0.06532278562279986 0.059625656596670254 0.05521354159189096 0.051895948692814706 0.04950686098473967 0.0479057364312958 0.04700540530219835 0.04709487656576693 0.04821335288916562 0.049745858942167626 0.0508139058097964 0.051339977315157194 0.051376948720942436 0.0510250143737101 0.05039791342627139 0.04957507554254705 0.04861390349020309 0.0475730032278848 0.046479556324741385 0.0453333739312517 0.04414404144266097 0.04295625693502084 0.041716119102961316
0.051837609218766914 0.06246245721379041 0.07531172454506774 0.09035332335771677 0.1071464051085527 0.12461850328264316 0.14092046818269993 0.1535728526913643 0.16010672179379012 0.15906634971880584 0.1516724655385655 0.14069703472209527 0.1278478441631768 0.11466053220863857 0.10221656449932448 0.09112511162680034 0.0816357911507321 0.07377202913032928 0.06743686802368543 0.06248212464207244 0.05874726205495588 0.056077251559910245 0.05432732377490766 0.053361047607487715 0.05319305447416427 0.05414417798023864 0.056171547426201146 0.05835156113202376 0.05971087261192132 0.060241669375712806 0.06006961999572016 0.05938729330653739 0.058389396386586676 0.057233813394843874 0.056025615216717076 0.05479500621124278 0.05355525441422474 0.05241461638469093 0.05134091826226785 0.05020290425165914 0.04887934952879149
0.04987120894299102 0.059785018399789495 0.07174084393602685 0.08571651666533436 0.10133038366010613 0.11762739329095312 0.1329000420103343 0.14475067102258263 0.15069686215229414 0.14936462428686892 0.14269132318429845 0.13281057145618574 0.12137747187714602 0.10976132579362166 0.09887182862411781 0.0892098813929957 0.08098586957174694 0.07423183457152721 0.06888490203261224 0.06484101719561014 0.06198476433361658 0.06020135187498676 0.05937516014354435 0.059378294721619464 0.06040548237912741 0.06265560127594472 0.06587654165943907 0.0687756682756003 0.0703839443899529 0.07072441763629247 0.07007981835839315 0.06881001521730755 0.06723275341823275 0.06557678602968603 0.06398027214283475 0.06253137617855906 0.06143748099832605 0.06061225031824063 0.05986741730645369 0.05897873846537943 0.057709126942586425
0.04763598321574942 0.05678785645532073 0.06782724304905255 0.0807799663791187 0.09538575781792266 0.11088992726776863 0.125781431059064 0.13762224803370096 0.1434889944763222 0.14185552288186762 0.13510043786150094 0.1254746526799619 0.11480886330965633 0.10433301786488755 0.0947470217988659 0.08639650109229481 0.07941260840467862 0.07380703042898523 0.06953348032722474 0.06652531067468398 0.06471557919075065 0.06404274559606862 0.06444179572861866 0.06583776141382335 0.06862704788345529 0.07282217698799576 0.07753820696035821 0.08129676466364583 0.08299091166293364 0.08274290053112063 0.0811790313078573 0.07894603124057437 0.07652173925930378 0.0742001231935012 0.07218178544585785 0.07081389703864277 0.07005866413421434 0.06974986890899354 0.06963510949283948 0.0693478950067066 0.0684265938313929
0.04520579782993221 0.05354721667299071 0.06362619783717767 0.07553077797797038 0.08915766852128316 0.10404127190915115 0.11904121138631893 0.13177926232515202 0.13828267852963944 0.13601045740219841 0.1281523654597684 0.11806457718136845 0.10776969578326126 0.09820899347392285 0.08979080267640549 0.08267364751675671 0.07689547806201419 0.07243928543800415 0.06927080372776197 0.06736147037079217 0.06670146389869534 0.06730323796687697 0.06919093118773617 0.07243821952965229 0.07765288428218368 0.08459639583328495 0.09135551095677232 0.0961946600683553 0.09753506617919992 0.0959339345556985 0.09276757224852358 0.08910456772993999 0.08555773919667835 0.08246778533694482 0.08034207681513114 0.07922576413365894 0.079002521924536 0.07950115498626638 0.08043897305458331 0.08131612100792224 0.08130815720529083
0.042652271223637385 0.05013483819921214 0.05918444660475475 0.06993465924822834 0.08242133897612222 0.09649288402716719 0.11161373728910086 0.12619351433431328 0.13493268326639504 0.13082935203509807 0.12053413280252229 0.10971884113108794 0.09983957336577565 0.09123946133902229 0.0839888997711683 0.0780764853552396 0.07346669453601283 0.07012535151855549 0.06803581201820197 0.06721184832033862 0.06770882152810297 0.06963243264383527 0.07313997548678725 0.07856062870553182 0.08685078901145143 0.09722326444177862 0.10738181501913227 0.11371204294055455 0.11356873372448191 0.10925968581942457 0.10365475449946983 0.09816789296375357 0.09335508346760639 0.08982010638064458 0.08773733127431103 0.0869893640928593 0.08746588730445284 0.08904208792026416 0.09150858997315346 0.09438559773125749 0.09646916065572528
0.04005202153608299 0.04663581804026725 0.05458088894794232 0.06402359691056271 0.07505565706702436 0.0876955905557706 0.10185970084130742 0.11732696508754217 0.13296629590249232 0.12243152941102543 0.11022268906200176 0.09995381775934704 0.09131922317346534 0.08410018610702107 0.07815490222851391 0.07339797466909684 0.06978832416729794 0.06732560291708861 0.0660542261769278 0.06607492646334112 0.06756470838833692 0.070695145631411 0.07571348084955204 0.08325572852603383 0.09437012709865931 0.10879322283594017 0.12496837038782932 0.1338752732060245 0.12915752975791478 0.12037402786197156 0.1119160940318657 0.10466511099966995 0.09902413370932592 0.09535819847177415 0.09345658348772212 0.09316697391276928 0.09440088543590669 0.09711712896090263 0.10128702957482595 0.10678451033382393 0.11284722815905
0.03748988230934871 0.04315749035473445 0.049950487801360605 0.05796269757633179 0.06724113306374038 0.07774208972549776 0.08922648471225841 0.10091129242168026 0.10901865744403613 0.10576427263792101 0.09798153355405502 0.09043975701223964 0.08383951580847501 0.07823551291545311 0.07359636154550808 0.06989821692126913 0.06714417120547887 0.06537101758239215 0.06465705843421443 0.06513564114533149 0.06701796473303426 0.07063024905696781 0.07647405105172887 0.08523196767632941 0.09757502654464854 0.11458415085628598 0.13781487497781705 0.1527240068605819 0.13775529054654376 0.1253747350364311 0.11530087097962691 0.10727217723238817 0.10165378102162169 0.0982092124945205 0.09666863442237734 0.09687463928336983 0.09876076511813149 0.10233759791977294 0.10768354860150806 0.1149362696358771 0.12426340126940338
0.03505614388579746 0.03982385238414528 0.04547389338008346 0.0520355493936215 0.05946591769301997 0.06761460118747344 0.07636545037982581 0.0845760547771682 0.08959586538290679 0.08953103583144655 0.08624775499225881 0.08188217152731786 0.07752514250475001 0.07358343394068582 0.0702141118099178 0.06749821979170739 0.06550396445623122 0.0643129902248886 0.06403637752467559 0.06483095258895709 0.06692165979341069 0.07063498078239289 0.07626340839657676 0.08392308153780635 0.09498086745492942 0.11010858532823807 0.12778221957203995 0.13746723905178765 0.13124548343566164 0.12154050038110861 0.11260245011287348 0.10550998812657494 0.1006903911287898 0.09787717671433968 0.09687324023950544 0.09755807820682524 0.09987494933207659 0.10380611155880189 0.10931640072109758 0.11617617993057688 0.12323050572270135
0.03283939701454809 0.036758757156626104 0.04133792370873873 0.04654824259498168 0.052454687691219075 0.059149022336206655 0.06613147062977126 0.07239740220795188 0.07647870879554935 0.0776894109340018 0.07693915744971065 0.07502046094982735 0.07263996027304344 0.07023053332295973 0.06803819416077547 0.06621914565810327 0.06489682460505461 0.06419254122484595 0.06424437650259902 0.06522314996336546 0.06735044124057359 0.07070293426886191 0.07512013612111897 0.08088592370873603 0.08890731796349106 0.0991421981092965 0.11001626689544876 0.11674679704755521 0.11601111532673378 0.1109430366805156 0.10482619368796396 0.09977861044806208 0.09630838873146808 0.09442343032313436 0.09406646999718533 0.0951791513175077 0.09770748919178372 0.10156698482380754 0.10654444257165041 0.11205884099240407 0.1166685383278641
0.030919172188160326 0.034068307041652486 0.037694914913540975 0.04199985040093621 0.04711743948942567 0.05283346460088021 0.05870590973630834 0.06400835146840578 0.06783981054937291 0.06978072069130035 0.07049574259256583 0.07026949928023056 0.06945366457450644 0.06835641447099139 0.06720988904109272 0.06619260927389659 0.06545746509764937 0.06515240517364178 0.06543480724173253 0.0664736138608105 0.06814604025547774 0.07041133711635479 0.07333735888169857 0.07698632662551019 0.08193425821353253 0.08795790412262222 0.09406784436632909 0.09865992275532667 0.09971790598935634 0.09762873492686186 0.09424697160754662 0.09130733105715153 0.08930547992727109 0.0884245585507196 0.08872141273492853 0.09019496368174296 0.09279887061932326 0.09640939381062509 0.10074030784690967 0.10519455600568987 0.10872107989691991
0.0293619872206811 0.03183265494722888 0.034914755356967205 0.03878765205096166 0.0433705420925299 0.048471913562700496 0.05373750545125507 0.05863662757569649 0.06254326974180986 0.06506552104651658 0.06675982094453788 0.06775380371473556 0.06817282716527094 0.06818505411740386 0.0679589613008613 0.06765461090219989 0.06742888793232522 0.06744280264292903 0.06772333691675508 0.06819097262044083 0.06891927678944496 0.06996468289133753 0.07134312144006259 0.07300510286677271 0.0753446560293439 0.07833318830042378 0.08146604452157255 0.0838354679510719 0.08480709518310822 0.08424139011852907 0.08280016472462066 0.08150493720250714 0.0807470934884238 0.08074500679234937 0.08160529552873472 0.08336176796293025 0.0859835699943356 0.08935293884303915 0.09321452794489961 0.09711293872653325 0.10038268374765515
0.027952956982465166 0.030230049054546945 0.03316858728149012 0.03677458755809456 0.04104547080177212 0.04583142743682409 0.05085524947859464 0.0557130329045702 0.059922830145736475 0.06306630667049604 0.0655553363272542 0.06754439951306407 0.06901445736909714 0.07001182683223055 0.07062416987603373 0.07096372736378546 0.07103006010999935 0.07085914943566035 0.07054355755216797 0.0701785681095061 0.06984951208631572 0.06961644402751724 0.06949648736356868 0.069444924907924 0.06968251653274209 0.07048326822012853 0.07158546915653706 0.07225191562629675 0.0722787421153923 0.07201195151844123 0.07171920156523708 0.07150314668706496 0.07162777006188302 0.07227367178974715 0.07354841326340202 0.07549897061192254 0.07811300502500101 0.08130565478956776 0.08489563632337777 0.08858603675668279 0.09198223500303554
0.02664157905477315 0.02898157547851815 0.03197838024999077 0.035634084549593645 0.03991042517334056 0.04470021518843413 0.049802135398302916 0.054912125878037545 0.05964734265680729 0.0635963242010603 0.06687818067242862 0.0698184977146301 0.07226251808185925 0.07410369629913686 0.0752834008129077 0.07579373187634367 0.07567848930536114 0.07502761472379317 0.07396347331502154 0.07262119712983171 0.07112736824382926 0.06958102318694728 0.06803963018065534 0.06651228756175159 0.06509484627156992 0.06425317125067137 0.06379778106095209 0.06314059548213205 0.06229563842706771 0.061556143224445324 0.06163994979522231 0.06203704160358552 0.0626964459080303 0.06374527495444447 0.06527105066883682 0.06732091607997971 0.06989894592177175 0.07295887704118514 0.07639489992544177 0.08003920386844074 0.08367939604993886
0.025587962993981306 0.02799635599331738 0.031072423421191712 0.034835857368721385 0.039273748028533055 0.04431503252687197 0.04980569352903698 0.05549339376118858 0.06103181951523629 0.06601075910579686 0.07019560527548613 0.07401817691383528 0.07729899467510008 0.07981113132545921 0.08138935104229375 0.0819547684415362 0.08152761737157063 0.08022062788669099 0.07821319281380444 0.07571453378276194 0.07292722341580492 0.07001991349131219 0.06711319952972664 0.0642788160746056 0.06156579485257276 0.059420786450944875 0.05764690322422146 0.05593279725891626 0.05433883045026374 0.0531152445824755 0.05286011891476827 0.053504425227863306 0.054428515071919106 0.0556736292459876 0.057304365632084873 0.059362805020123026 0.06186495391274275 0.06479706397366644 0.06811334771014246 0.07173923448953043 0.07558501614457026
0.024757604938016577 0.02724026385291351 0.030415214737544348 0.03432423896137192 0.03898521418163218 0.044368223423573265 0.050369255413289994 0.05678693161359405 0.06331014224730806 0.06952461851292073 0.07495823600845626 0.07981643775326284 0.08407258725696246 0.08735101203307494 0.08934725758237236 0.08988952174788509 0.08897612447047663 0.08677032069559629 0.08355350176922734 0.07965723081804675 0.07539995221572494 0.0710453378238461 0.0667860840717277 0.06274820464247988 0.05900824053306522 0.05569998737614341 0.05278659775289073 0.05020695940896806 0.04798577855524133 0.04632122007723279 0.04565059949912877 0.04606821252484343 0.04707269220185799 0.04836320612238526 0.04998563233748941 0.05197594126471202 0.05435734029717016 0.05713875199752868 0.06031554348776161 0.0638744864442004 0.06780493946401572
0.024118455799013085 0.02667960336632662 0.02996850308425153 0.03405281648601992 0.03898642834889116 0.04478704784348229 0.05140821114607609 0.058708152285092775 0.06642081090227787 0.07413723440962224 0.08130851241717114 0.08753544327375415 0.0930259610035867 0.09726607340300211 0.09975202791822092 0.10018090386993637 0.09853541588747587 0.09508091119037904 0.0902758772099725 0.08464465109701445 0.07866877949478758 0.07272642387249655 0.0670783787551252 0.06188412309733278 0.05722674187695052 0.052850712871694495 0.048953881741118546 0.04564851378542118 0.04290595653720277 0.04085512713213811 0.03981203116476619 0.03980280688686063 0.040717715277824106 0.04195558025149813 0.043492195075170104 0.04535784969846997 0.04757893187476749 0.05017761106074763 0.05317362658687168 0.05658920044835194 0.06045807696539696
0.02364167636020022 0.02628177526252319 0.02969279370462927 0.033971381202741735 0.03921249395247674 0.04548931528390816 0.0528247929347681 0.061154104218347966 0.07027951978067629 0.07982321077578756 0.08919086130842892 0.09757354246598902 0.10473034860266833 0.11028231667900225 0.1134138686208155 0.11361701977814702 0.11087187273934708 0.10564336802272656 0.09869720784815843 0.09085627949526857 0.08282016733105703 0.07508985772680153 0.06797317412897183 0.06162876420854156 0.05596038732267083 0.050688998445464026 0.045948479374445614 0.04202151111768785 0.038844951061652234 0.036462689637334435 0.03510017724915216 0.03472611024352692 0.035352409686966804 0.03648148126042702 0.03788643536012598 0.03959254230645497 0.04162637183437411 0.044015991929534135 0.04679275657999358 0.0499951517996635 0.05367504583918567
0.02330171832944736 0.026015933035026466 0.029548449420872584 0.034027005470241074 0.03959195269131816 0.046380135833071844 0.05449861288904427 0.06398425738697769 0.07474548474324073 0.08648480943690186 0.09860929887522184 0.11015632390567427 0.11990694157354358 0.12737805324963128 0.13146017143735278 0.1312860500698811 0.12685906152654425 0.11903927963535745 0.1091348701717787 0.09842554430277946 0.08788263004949887 0.07811170073022788 0.06941886536089198 0.06183109778643013 0.0550127792416698 0.0489437133218814 0.04361700304326622 0.03914889424313916 0.03560898661852827 0.032946623885732405 0.03131605045216733 0.030644661479743592 0.030918463560056356 0.03190494949373961 0.03315704763759462 0.03468815765644742 0.036523090349302664 0.03869091838318761 0.041226242222294124 0.0441715248314308 0.04758024614590595
