_RESULTS/CROSS_VALIDATION_POSTPROCESSED_80-20/Berg/IZ/7comp/1/Berg_IZ_z_0_kriged_reverse_7comp_spherical_1.asc
ncols 100
nrows 90
xllcorner 5.6208707817415728
yllcorner 50.959635321741573
cellsize 0.00013419651685393446
nodata_value 1.7014100000000001E+038
[rows 36 to 53 of 90, columns 41 to 81 of 100]
0.09456304091302563 0.0590088358610881 0.033766073705616385 0.01729810332971198 0.00804446717604261 0.0035044397768878664 0.0015353404830800224 0.0006776797727548338 0.0003063995774727324 0.00014499168171776424 7.328882897061318e-05 4.032256916341071e-05 2.463461069324521e-05 1.6902791744971964e-05 1.3090462175622667e-05 1.1457868843702253e-05 1.081893245943073e-05 1.0354272687644547e-05 9.61934909877203e-06 8.658490737875221e-06 7.591328164276073e-06 6.559231389516484e-06 5.721540452873329e-06 5.244512289487525e-06 5.3414487063557425e-06 6.067545056200032e-06 7.601195204077121e-06 1.0328980469549037e-05 1.4977000491471124e-05 2.2860226758695386e-05 3.6326333564338535e-05 6.188895509136148e-05 0.00011742164735976242 0.0002453883448267179 0.0005304317342042624 0.00113424087531484 0.0024138080257313497 0.004812539632061583 0.008331626374579203 0.012031115276644608 0.013968278291403966
0.07639961964783147 0.04560972043284624 0.025037161912833703 0.012509215553208941 0.005689709637282243 0.002485527883914074 0.0011091322571960085 0.0004963449153957946 0.00022796364472904424 0.00011004598118231005 5.715972279788848e-05 3.266344340195737e-05 2.09436486511981e-05 1.5280718063472858e-05 1.2711215502241116e-05 1.1684789782130032e-05 1.1243914447099324e-05 1.0778905576020173e-05 9.914679650287215e-06 8.623332006560392e-06 7.109055700963252e-06 5.650389283394284e-06 4.502388755312139e-06 3.818339752146655e-06 3.6695797034591267e-06 4.010032682874079e-06 4.896218432880672e-06 6.520136512737462e-06 9.273220347662953e-06 1.3908863417038134e-05 2.1842991119018347e-05 3.6175787720128375e-05 6.723746073873488e-05 0.0001404167040311385 0.0003064660412835806 0.000683758026053937 0.001561240910104639 0.0035032114227672886 0.006913442941152863 0.0112462932207558 0.014351055561772193
0.05977395233751121 0.03405190477015936 0.017852024600301962 0.00854984082250655 0.0038071601723579786 0.001700559825290191 0.0007680560762782093 0.0003477007035628045 0.00016178492810472748 7.939456599999335e-05 4.2242962709787546e-05 2.5079158481016655e-05 1.7017063371419074e-05 1.337181049232577e-05 1.1987416212629914e-05 1.1686706371401204e-05 1.1660745066616712e-05 1.1370868475102465e-05 1.051786063362598e-05 8.926151283646999e-06 6.922333956835169e-06 5.030077166676002e-06 3.582887818420582e-06 2.7567767898169514e-06 2.4812622338511207e-06 2.6202726127604966e-06 3.1267007641427037e-06 4.055982212639555e-06 5.593015526878945e-06 8.122783567586046e-06 1.239075218105462e-05 1.9928742138469042e-05 3.592566442977424e-05 7.502518312466365e-05 0.00016923310292106885 0.0004037455590457922 0.0010040108114482888 0.002506374633869822 0.005757505124360038 0.010813212594633623 0.015451267241090843
0.04569055036806908 0.02490025688474428 0.012437779643687509 0.005661745098972486 0.0024835922618381494 0.001129035243119574 0.0005147329343655801 0.00023529496970854454 0.00011062038186331858 5.509811765374611e-05 2.9969866630762515e-05 1.836117486010885e-05 1.305445070497652e-05 1.0986456218131977e-05 1.0575057557552482e-05 1.1266382149092087e-05 1.216497838056891e-05 1.2505725812144744e-05 1.1882501466799664e-05 1.0019184321269195e-05 7.400652746881945e-06 4.861964942022938e-06 2.9957296977283497e-06 2.0097011950207584e-06 1.6879375822173435e-06 1.7606698118995386e-06 2.075259682038289e-06 2.6030480273063427e-06 3.407783687281579e-06 4.657843711132383e-06 6.718196032410789e-06 1.0371932667218168e-05 1.8006502934434174e-05 3.755770514786598e-05 8.967530791904134e-05 0.00023260585304327655 0.0006377871437108165 0.0017811998263599826 0.004787861486158526 0.010727948160190699 0.017721726516855753
0.03455214391598586 0.01807059547279812 0.00858282613125531 0.003710037681556907 0.0016033708527607886 0.0007324584106111958 0.00033708232693959106 0.00015570397974782986 7.421194108276178e-05 3.7414091792968806e-05 2.054022711915795e-05 1.2756788864539346e-05 9.386846449645606e-06 8.303908041267446e-06 8.74124383501183e-06 1.047682852833672e-05 1.2752196804993445e-05 1.466069569694699e-05 1.4966202128428822e-05 1.2978841520659419e-05 9.371399067998393e-06 5.598515478636762e-06 2.8706882118170857e-06 1.5319835436858398e-06 1.2131594524772164e-06 1.3181481921102344e-06 1.5384031974928351e-06 1.8278383888340302e-06 2.2145870359222334e-06 2.773790355402405e-06 3.661682948094726e-06 5.235633512622533e-06 8.533455396479027e-06 1.7750317829084927e-05 4.545236159942726e-05 0.00013051644261193295 0.0003977596855799959 0.0012442617795957829 0.003858183696107551 0.010638170992188114 0.021840746659658884
0.026174991949540916 0.013171997055194385 0.005933840151552799 0.002454980439348105 0.0010431217683918364 0.0004702298454513281 0.0002176309029165765 0.00010222364550592084 4.938355698248637e-05 2.506961345871398e-05 1.3754704977407006e-05 8.507515101195953e-06 6.2866554779958605e-06 5.740159771956805e-06 6.750023340016318e-06 9.430369936982055e-06 1.361081134357867e-05 1.8424306157458965e-05 2.174293030474055e-05 2.082333462903605e-05 1.5320775961842533e-05 8.658261826840671e-06 3.793650774698114e-06 1.3913804569722557e-06 1.1170857056208118e-06 1.2753105538104174e-06 1.3897939948679149e-06 1.4883029401957786e-06 1.6061949969014119e-06 1.7853045769041316e-06 2.084634791961915e-06 2.63645508034026e-06 3.9216032259621795e-06 8.082688183824376e-06 2.2462993895824504e-05 7.19631879340331e-05 0.0002443339433024645 0.0008383111079486061 0.0028564728715071105 0.00921227230371523 0.025589157060617426
0.019968353350698863 0.009676576772273807 0.0041144751164114545 0.001635484120441375 0.0006798228561873653 0.00030233161554505186 0.0001396824310722865 6.67071984800245e-05 3.2983379048044253e-05 1.700063676169136e-05 9.32330459557838e-06 5.634556669662483e-06 3.937893366371599e-06 3.5632772294284442e-06 4.7838627904475154e-06 8.380790232075688e-06 1.542306954596796e-05 2.615238441528995e-05 3.746060160416923e-05 4.1987446771253697e-05 3.3969622055588104e-05 1.9548378818134233e-05 8.526283406237418e-06 3.5146561549309082e-06 2.14120766032306e-06 1.7875948687139807e-06 1.5793246487022449e-06 1.4236846607692237e-06 1.3205896916315049e-06 1.273808820172397e-06 1.2895546081642054e-06 1.409294012550782e-06 1.7958000700297686e-06 3.6035038597770926e-06 1.14522004452103e-05 4.123998706467173e-05 0.00015137844945275987 0.0005475930959583319 0.0019058730009371434 0.0060865082409010335 0.014477726322938608
0.015347199518310912 0.007109683544930471 0.0028236457192716206 0.0010789479267598692 0.00043914092524860833 0.00019478008447203714 9.110280431583165e-05 4.4302834853355837e-05 2.2570853783538615e-05 1.2074969456626989e-05 6.738576410044909e-06 3.9677174493869935e-06 2.465569499492857e-06 1.953386013857652e-06 3.2356247546375827e-06 8.078072977924301e-06 1.990558392937584e-05 4.322486026027856e-05 7.748709654854483e-05 0.0001062242395615685 0.00010034203833905067 6.216622891262822e-05 2.769976668016339e-05 1.1404316790913303e-05 5.490520929239846e-06 3.2267832314947198e-06 2.148684205396649e-06 1.5537377348978805e-06 1.2105467051269825e-06 1.0190196428473245e-06 9.316548484019372e-07 9.128048959777346e-07 9.450440307337499e-07 1.8018358879297174e-06 6.873235913681016e-06 2.655963230633712e-05 0.00010011556933692159 0.00036150428442113716 0.001218972136650687 0.0036381199908295772 0.008068688259234647
0.012002847792092673 0.005144613006162399 0.0018813581362718454 0.000694322838385479 0.000280015892206143 0.00012546038484937829 6.053891490359222e-05 3.06920233958088e-05 1.6424393800110482e-05 9.246904345641542e-06 5.474711326231406e-06 3.366253523937535e-06 2.0152270512170558e-06 1.164545281109634e-06 2.9100721157098107e-06 1.0046862310179682e-05 3.092881356478322e-05 8.304174294246393e-05 0.00018707978236608575 0.0003268116181251765 0.0003776289208589238 0.0002521248833409271 0.00010523037611230159 3.7459333692639284e-05 1.4294952940285723e-05 6.294775665132256e-06 3.189617390798881e-06 1.8370945097521674e-06 1.2124674199972838e-06 9.237764640194955e-07 8.086841276106791e-07 8.042412919745149e-07 9.434969179777356e-07 1.7855456730431183e-06 5.611046873305777e-06 2.0394488847152728e-05 7.377360974962033e-05 0.000254861226533443 0.0008128796782526108 0.0022928333627040267 0.005023491198113431
0.008992558005574261 0.0033677534708332077 0.0011716631415668035 0.0004285618380824144 0.00017488060171215087 8.040350496743795e-05 4.087795381742875e-05 2.2157373239549186e-05 1.2785639205061427e-05 7.896230617420263e-06 5.257125066589647e-06 3.7327955009175826e-06 2.8070545094075743e-06 2.794971657849396e-06 5.6566610179087765e-06 1.7630728358840372e-05 5.726351283883326e-05 0.00017469543970270742 0.0004788419040910171 0.0011049347316326303 0.0017213812334726233 0.0011777303579983028 0.0004029638930327669 0.00011410042182317671 3.465798858509356e-05 1.1998194501611356e-05 4.820857007490332e-06 2.2772998993452074e-06 1.2981878254586786e-06 9.174429022484312e-07 8.059130148158872e-07 8.663348123297031e-07 1.1574508289142186e-06 2.1679006993297996e-06 5.71690966203434e-06 1.839876342273694e-05 6.133065183557285e-05 0.00019783389712573648 0.0005931339674756456 0.0015945694244689761 0.0034814358300168367
0.00443824511333974 0.001868221833494628 0.000679683190787583 0.00025627435939495343 0.00010800695400645781 5.178613845750202e-05 2.81924879615788e-05 1.6621641485389604e-05 1.0650241645984536e-05 7.494049215709161e-06 5.8323339165626194e-06 5.026722761431797e-06 4.98435187350919e-06 6.575023098136099e-06 1.3133586785623349e-05 3.629476143025969e-05 0.00011318555032664674 0.0003576392290258133 0.0010898507156139323 0.003124881740652502 0.007965418338835264 0.004940031654150737 0.001213910339881791 0.00028836391173393773 7.475468170036259e-05 2.1867698251542733e-05 7.3103776132077e-06 2.8736790983565245e-06 1.4151957023586245e-06 9.438895083145026e-07 8.619200011842299e-07 1.0120119566919513e-06 1.4598168575522556e-06 2.7248363056252793e-06 6.5010784949454205e-06 1.858784901363455e-05 5.678912980419942e-05 0.00017004227460547345 0.000479398604981425 0.0012348042309092181 0.0026676686580398555
0.002320064073355785 0.0010049176922986023 0.00038511072427708484 0.0001518971671947462 6.68997995333898e-05 3.380217117122979e-05 1.9740061223734067e-05 1.2857745779096616e-05 9.275533611586055e-06 7.477779073674642e-06 6.860543771613285e-06 7.2019830709196106e-06 8.857118633151618e-06 1.375981472962167e-05 2.830903402378014e-05 7.391291848377042e-05 0.0002164685573262338 0.0006548328719357171 0.0019294525320727393 0.005195705499167054 0.010352951908589028 0.007347807573706692 0.002269052978139622 0.0005725288115387491 0.00014285129585199415 3.824390084638986e-05 1.117961336468701e-05 3.685963242979121e-06 1.517290618720456e-06 9.615138789330989e-07 9.670708157259794e-07 1.2613665102840071e-06 1.9266601366994357e-06 3.5780606949998136e-06 7.975494201585477e-06 2.0469280378744924e-05 5.745621979908617e-05 0.00016037474327508356 0.0004266512083676855 0.0010557036489133279 0.0022385717320957737
0.001297336856155194 0.0005658218652610602 0.00022417235983959163 9.160456266467508e-05 4.205574224202881e-05 2.2290522291916742e-05 1.38304103615055e-05 9.927394290150597e-06 8.062325625921428e-06 7.481577973734714e-06 8.080476431756359e-06 1.0113695847758826e-05 1.4651431706887766e-05 2.5504373717123357e-05 5.425567229075265e-05 0.0001374558154780698 0.0003781354644456324 0.0010492146413562293 0.002731069048200133 0.005967895310110648 0.0088201407383256 0.00690302561073767 0.0029969470309707384 0.0009307695700416215 0.0002495619650832039 6.655411616004079e-05 1.8267091259601607e-05 5.245238667727265e-06 1.6594235743445462e-06 9.79414939995897e-07 1.2340597162840675e-06 1.7755277932393015e-06 2.782664501645338e-06 5.048889797217453e-06 1.0528168095856844e-05 2.459850793013544e-05 6.250142798367274e-05 0.00016354400006159578 0.0004122783522955698 0.0009811424683553185 0.0020238943587913426
0.0007837702767243986 0.0003417910682930384 0.00013796057949007953 5.717498687063199e-05 2.6771967713569947e-05 1.4549806341119911e-05 9.459080202945219e-06 7.443993149588693e-06 6.839095978064096e-06 7.3050715840841764e-06 9.228016165253952e-06 1.3462507903523874e-05 2.2224254661610694e-05 4.220095799619402e-05 9.242077762718466e-05 0.0002288077111632328 0.0005956794102669798 0.0015084761358742675 0.0034521886560054953 0.006398517577941132 0.008324835452202906 0.006871952882633402 0.0036501717600788356 0.0013907583672031604 0.00042588130852867355 0.00012150790725491525 3.445933422137499e-05 9.973446191920877e-06 3.1224604834274756e-06 1.8046574984848936e-06 2.2104782297130886e-06 3.045215144447138e-06 4.570392147181973e-06 7.814350543206047e-06 1.5042781240240654e-05 3.198307616063548e-05 7.328663751171883e-05 0.00017733266718922985 0.0004251457433936559 0.0009724437056891259 0.0019348553701796932
0.000505651034867245 0.0002195194253123831 8.912132564193085e-05 3.664661883859922e-05 1.703225862594505e-05 9.331550932331132e-06 6.299916115422823e-06 5.368519628706351e-06 5.604756025993814e-06 6.9072406008240585e-06 1.01025285168471e-05 1.68854500533749e-05 3.108158223120058e-05 6.330664526439528e-05 0.00014206517299692638 0.0003445689835565039 0.0008597368555803964 0.0020267804430180165 0.004223839022507527 0.007081352159276077 0.008738111719040449 0.007548856003665779 0.004593994059266488 0.002078599292115564 0.0007477874333865157 0.00023904495774777955 7.581200933956281e-05 2.533666898717925e-05 1.0092292645532952e-05 5.998397953693325e-06 5.506049273154346e-06 6.328973168314495e-06 8.533049595258563e-06 1.3265018785841263e-05 2.319572694601515e-05 4.466275839053084e-05 9.262979489480158e-05 0.0002027587121340308 0.0004591690398253292 0.0010063162537733265 0.00192321029861946
0.0003467590708807121 0.00015023643934067546 6.100064955038138e-05 2.4522102920983564e-05 1.1001214053941866e-05 5.912620455574624e-06 4.0823323945468236e-06 3.7483676720781697e-06 4.453363573013541e-06 6.366934940819187e-06 1.0678204230756679e-05 2.01518625563309e-05 4.068720622191199e-05 8.778324064566242e-05 0.00020104850015486642 0.00048039681914066514 0.001159298572001893 0.0026166413323985695 0.005160725277273273 0.008210623753149642 0.009968212069520359 0.00900903768102409 0.006104839838854205 0.0032024624637498876 0.001358783579573522 0.0005002416800384326 0.0001821053081753514 7.08044765157428e-05 3.234917517720042e-05 1.919074074202826e-05 1.5041479600201296e-05 1.4635433512421976e-05 1.739298209155618e-05 2.4178749836806607e-05 3.8060763954198565e-05 6.618463283982018e-05 0.00012436558985316708 0.00024735022775782006 0.0005132496402551456 0.0010630358941515737 0.001971079089683409
0.0002557532753230698 0.00011139669782150975 4.528316988485643e-05 1.7683202772728136e-05 7.433642649661345e-06 3.747886092695993e-06 2.5776110091957562e-06 2.593739943596221e-06 3.522220106647871e-06 5.863664955772071e-06 1.113967964435342e-05 2.332617867474422e-05 5.083320370564922e-05 0.00011478367496429825 0.0002669958019005786 0.0006309526362487724 0.0014794324901551523 0.0032792741715196344 0.00632068605539371 0.009863405006229417 0.011990026219343442 0.011324835090198687 0.008428203048547793 0.005048196847976429 0.0025021598916689734 0.0010764213431095765 0.0004460548977747328 0.0001947175122876685 9.57878424702814e-05 5.615733883814791e-05 3.982789998090056e-05 3.463401997848982e-05 3.6784506375994676e-05 4.586526590111173e-05 6.506633486019788e-05 0.00010239645995432379 0.0001748904550217832 0.0003178567444686977 0.0006042511296464514 0.001141228552120989 0.0020484378414015354
0.0002050709494829929 9.108274496189898e-05 3.753882966612776e-05 1.4478363824978331e-05 5.612238014678744e-06 2.479420666436739e-06 1.5931855862503457e-06 1.8789907177482984e-06 3.0036640666994925e-06 5.641731866780957e-06 1.1843088455217917e-05 2.6796644217620397e-05 6.182249739802714e-05 0.00014407690579166832 0.0003378643227068829 0.0007893733666280241 0.0018076263757869793 0.003957166031098617 0.007658198014446577 0.012023422152918762 0.014622744373658306 0.014388060492466381 0.011694092486891475 0.00793063092960718 0.004547689580346292 0.0022700395373713577 0.0010687144606968465 0.0005061323199255441 0.0002586626214647252 0.0001486542409129999 9.879526355614625e-05 7.988070391958769e-05 7.75160109662232e-05 8.785523944241311e-05 0.00011330974323771406 0.00016248321919919707 0.00025375799174222173 0.00042367878903814686 0.0007416844261016131 0.001289361489645609 0.00215928110795372
