_RESULTS/CROSS_VALIDATION_POSTPROCESSED_80-20/Berg/GZ/6comp/4/Berg_GZ_z_180_kriged_reverse_6comp_spherical_4.asc
ncols 100
nrows 90
xllcorner 5.6208707817415728
yllcorner 50.959635321741573
cellsize 0.00013419651685393446
nodata_value 1.7014100000000001E+038
[rows 0 to 18 of 90, columns 44 to 87 of 100]
54.77756491101692 54.77756491101692 54.77756491101692 54.77756491101692 54.77756491101692 54.77756491101692 54.77756491101692 54.77756491101692 54.77756491101692 54.77756491101692 54.77756491101692 54.77756491101692 54.77756491101692 54.77756491101692 54.77756491101692 54.77756491101692 54.77756491101692 54.77756491101692 54.77756491101692 54.77756491101692 54.77756491101692 54.77756491101692 54.77756491101692 54.77756491101692 54.77756491101692 54.77756491101692 54.77756491101692 54.77756491101692 54.77756491101692 54.77756491101692 54.77756491101692 54.77756491101692 54.77756491101692 54.77756491101692 54.77756491101692 54.77756491101692 54.77756491101692 54.77756491101692 54.77756491101692 54.77756491101692 54.77756491101692 54.77756491101692 54.77756491101692 54.77756491101692
54.77756491101692 54.77756491101692 54.77756491101692 54.77756491101692 54.77756491101692 54.77756491101692 54.77756491101692 54.77756491101692 54.77756491101692 54.77756491101692 54.77756491101692 54.77756491101692 54.77756491101692 54.77756491101692 54.77756491101692 54.77756491101692 54.77756491101692 54.77756491101692 54.77756491101692 54.77756491101692 54.77756491101692 54.77756491101692 54.77756491101692 54.77756491101692 54.77756491101692 54.77756491101692 54.77756491101692 54.77756491101692 54.77756491101692 54.77756491101692 54.77756491101692 54.77756491101692 54.77756491101692 54.77756491101692 54.77756491101692 54.77756491101692 54.77756491101692 54.77756491101692 54.77756491101692 54.77756491101692 54.77756491101692 54.77756491101692 54.77756491101692 54.77756491101692
54.77756491101692 54.77756491101692 54.77756491101692 54.77756491101692 54.77756491101692 54.77756491101692 54.77756491101692 54.77756491101692 54.77756491101692 54.77756491101692 54.77756491101692 54.77756491101692 54.77756491101692 54.77756491101692 54.77756491101692 54.77756491101692 54.77756491101692 54.77756491101692 54.77756491101692 54.77756491101692 54.77756491101692 54.77756491101692 54.77756491101692 54.77756491101692 54.77756491101692 54.77756491101692 54.77756491101692 54.77756491101692 54.77756491101692 54.77756491101692 54.77756491101692 54.77756491101692 54.77756491101692 54.77756491101692 54.77756491101692 54.77756491101692 54.77756491101692 54.77756491101692 54.77756491101692 54.77756491101692 54.77756491101692 54.77756491101692 54.77756491101692 54.77756491101692
54.77756491101692 54.77756491101692 54.77756491101692 54.77756491101692 54.77756491101692 54.77756491101692 54.77756491101692 54.77756491101692 54.77756491101692 54.77756491101692 54.77756491101692 54.77756491101692 54.77756491101692 54.77756491101692 54.77756491101692 54.77756491101692 54.77756491101692 54.77756080192956 54.777473180253565 54.7773519914868 54.77727482042229 54.77728008733729 54.77736533218339 54.7774873341567 54.77756399550785 54.77756491101692 54.77756491101692 54.77756491101692 54.77756491101692 54.77756491101692 54.77756491101692 54.77756491101692 54.77756491101692 54.77756491101692 54.77756491101692 54.77756491101692 54.77756491101692 54.77756491101692 54.77756491101692 54.77756491101692 54.77756491101692 54.77756491101692 54.77756491101692 54.77756491101692
54.77759924024544 54.77756491101692 54.77756491101692 54.77756491101692 54.77756491101692 54.77756491101692 54.77756491101692 54.77756491101692 54.77756491101692 54.77756491101692 54.77756491101692 54.77756491101692 54.77756491101692 54.77756491101692 54.77747521463979 54.77694399533457 54.77611858415998 54.77519218330751 54.774335057809786 54.77368733658672 54.77334902149056 54.773371009692305 54.77375001596646 54.774428910015175 54.77530237017078 54.77622615692065 54.777026982676524 54.777509100096346 54.77756491101692 54.77756491101692 54.77756491101692 54.77756491101692 54.77756491101692 54.77756491101692 54.77756491101692 54.77756491101692 54.77756491101692 54.77756491101692 54.77756491101692 54.77756491101692 54.77756491101692 54.77756491101692 54.77756491101692 54.77756491101692
54.855081644697954 54.8384550522928 54.81754499077509 54.7966778881016 54.7814093903682 54.77756491101692 54.77756491101692 54.77756491101692 54.77756491101692 54.77756491101692 54.77756491101692 54.77756491101692 54.77736245360628 54.776333615491005 54.77465470328647 54.77256598472211 54.77031098230619 54.768134864232074 54.76627082095615 54.76491971164306 54.76422858531903 54.764273239082875 54.765048763137756 54.76647016193644 54.768382915021306 54.770581139767806 54.77282922332579 54.77488166721971 54.77649553890858 54.777430332872925 54.77756491101692 54.77756491101692 54.77756491101692 54.77756491101692 54.77756491101692 54.77756491101692 54.77756491101692 54.77756491101692 54.77756491101692 54.77756491101692 54.77756491101692 54.77756491101692 54.77756491101692 54.77756491101692
55.07371066558222 55.039259818307954 54.99221636483574 54.93730752790815 54.88061844619858 54.82943687767642 54.79206045013966 54.77756491101692 54.77756491101692 54.77756491101692 54.77752782883434 54.77654015552351 54.77439640868893 54.771329055745774 54.767584565053994 54.763448400085565 54.75924721257815 54.75533201329185 54.752047874998624 54.74969697241896 54.74850234166857 54.74857937907186 54.74992060222617 54.75239664753728 54.755773308931396 54.75974129481786 54.763952941247105 54.76805876026075 54.77173646593595 54.77470579202885 54.77672373203924 54.777556670640195 54.77756491101692 54.77756491101692 54.77756491101692 54.77756491101692 54.77756491101692 54.77756491101692 54.77756491101692 54.77756491101692 54.77756491101692 54.77756491101692 54.77756491101692 54.77756491101692
55.42027943692168 55.367614932335606 55.293853463017996 55.20411136385567 55.104981364933806 55.004374295505365 54.91132672892505 54.83577360634349 54.788282405288435 54.7773132127326 54.77555164661666 54.77228035400245 54.767679313195885 54.761964488601244 54.75543126382574 54.74846883560844 54.74154783532798 54.73518561379927 54.72989566814963 54.72612962427347 54.724221555131095 54.72434449232681 54.726487212869614 54.73045575838961 54.735899392023576 54.74235602285946 54.74930869970398 54.75624323560287 54.76269729289711 54.76829272950109 54.7727449703997 54.77584521598968 54.77741350461901 54.77756491101692 54.77756491101692 54.77756491101692 54.77756491101692 54.77756491101692 54.77756491101692 54.77756491101692 54.77756491101692 54.77756491101692 54.77756491101692 54.77756491101692
55.87591512521206 55.80123723464014 55.69853356802385 55.574265022118155 55.435212471045034 55.288262032291655 55.14027247999923 55.00264550522521 54.88798497510442 54.80668439004849 54.7706836860964 54.764437467207614 54.75662634076714 54.74735676785079 54.7370275461306 54.726192118737785 54.715530925572786 54.70579653532492 54.69773835600357 54.6920171638289 54.68912275282107 54.68930916081839 54.69255990324865 54.698590252683275 54.706886095087405 54.7167715316135 54.727492365826826 54.738301009054716 54.74852979818735 54.75764290475526 54.76526041682458 54.77115085598736 54.77519031198913 54.77728828850348 54.77756491101692 54.77756491101692 54.77756491101692 54.77756491101692 54.77756491101692 54.77756491101692 54.77756491101692 54.77756491101692 54.77756491101692 54.77756491101692
56.33457165896206 56.22757087626709 56.091237628753596 55.932734253730686 55.75962329924903 55.57957797366061 55.40009847382002 55.227968388886175 55.06803748995909 54.925373194363516 54.812536351078634 54.75420066018889 54.740500189155505 54.72768103133365 54.71399937803826 54.69904350894499 54.683204775742254 54.667632000891054 54.654135323583176 54.64502290913804 54.64079703228705 54.641069156631616 54.64581544903091 54.65462473857063 54.66675687836183 54.681243108371035 54.69700784840733 54.712990036401784 54.72824607651794 54.74202285560248 54.75379528602665 54.76326676090362 54.77033259354756 54.775007060252136 54.77731585570454 54.77756491101692 54.77756491101692 54.77756491101692 54.77756491101692 54.77756491101692 54.77756491101692 54.77756491101692 54.77756491101692 54.77756491101692
56.7546697214719 56.61405357843804 56.4423554619938 56.247659876955815 56.038546348640864 55.823693356840074 55.6113961954108 55.408061308024614 55.21950674725291 55.05244428451238 54.91690098815506 54.81455373052015 54.75642336904577 54.74748288384384 54.73508229816909 54.71722309396332 54.69451349213139 54.66846364412441 54.64136257333231 54.61609229305521 54.59590325478278 54.58418814671966 54.58429452722547 54.596411016990324 54.61359489280117 54.63411160833731 54.6564563483089 54.679158649015335 54.70092175669973 54.72071738068989 54.73783307294995 54.7518751418917 54.762731342487356 54.77049627401417 54.77536100326525 54.777469490702316 54.77756491101692 54.77756491101692 54.77756491101692 54.77756491101692 54.77756491101692 54.77756491101692 54.77756491101692 54.77742946087165
57.1385439945775 56.96236191495914 56.75281451181577 56.519212664096365 56.2714702107165 56.01955108466583 55.772177371171985 55.53969970251863 55.33768237199528 55.16845132892576 55.03267202413543 54.93052762973662 54.861969155421455 54.827453983678375 54.81559754769311 54.793792879067716 54.76279718438485 54.72456169261947 54.68198250193711 54.63865005142401 54.59853379617954 54.56565968455085 54.543847611395876 54.536560670268464 54.546882070498505 54.57396127790265 54.60470440792473 54.63591895225234 54.66587112087253 54.69320399001234 54.71698739961271 54.73671409791498 54.752253194190416 54.76376802280648 54.77160079842205 54.77612423743542 54.77756491101692 54.77756491101692 54.77756491101692 54.77756491101692 54.77697800776755 54.77128887304289 54.76165001411142 54.750419980354415
57.48822428293367 57.27368402047536 57.022846202660894 56.74667848132484 56.456864288810905 56.16561739807895 55.896347123208045 55.65874055194266 55.454960184555816 55.286051798257205 55.15213915172622 55.0527136744837 54.9869863510374 54.95425762942947 54.95156703535945 54.925715983707676 54.88487635165754 54.83249138744547 54.77223145254283 54.708616755032644 54.646566738728 54.59092657255612 54.546086803172976 54.51578780519195 54.50313204582802 54.510753552515624 54.54105105891478 54.58281050771293 54.622803115934225 54.65930063340492 54.691142956962416 54.717713547273675 54.73887195112841 54.754855888116296 54.76615680777021 54.7733669839584 54.77699614763398 54.77756491101692 54.77657161537909 54.766741878403295 54.74901886629231 54.7265174986196 54.70213650686547 54.67849054282752
57.78704998858606 57.541574402991394 57.25124724053836 56.92819586988102 56.59627029948518 56.28747328549786 56.01022033749759 55.76832745121004 55.56390413098084 55.397503609635066 55.2684326659776 55.17517421171 55.115875379388015 55.0888484365626 55.09302549152034 55.10745559019693 55.05797326614174 54.989164078100785 54.908592220089005 54.82202008981775 54.73565612253272 54.65543499610042 54.58644278581016 54.53266024530442 54.49705816122249 54.48193114030055 54.48929781020272 54.52123567124484 54.571968422661385 54.619292418422724 54.66056695779844 54.69509745679327 54.72276650005794 54.74391109481418 54.75918439389886 54.76939766333051 54.775335281592916 54.77026086159664 54.749459170566084 54.718686558536845 54.681505437563374 54.64132290426611 54.601344327597424 54.56449103733737
57.99273416470542 57.71988623962135 57.39989482397393 57.05264496561689 56.71261535783759 56.39092996537036 56.10413676327512 55.85825493425727 55.65515515865292 55.49456978977352 55.374582481192455 55.29223332593512 55.24417907624935 55.22735352158781 55.23957052579076 55.279963830789725 55.27771823740088 55.19194357312709 55.08786202923933 54.975032006776914 54.86146773960351 54.75460593215114 54.66038773159052 54.5829174737002 54.52474918981521 54.4875337802511 54.47268057852622 54.48182581409245 54.517073006845784 54.57403875151654 54.62599141552412 54.669451588580486 54.704382709306174 54.73126443265113 54.75093731500398 54.76387956413213 54.7578718530735 54.731007682283085 54.687917922047355 54.63534524152938 54.57775181984551 54.51888075229573 54.46229852202074 54.411295530643855
58.10613741610836 57.80133708321268 57.452694764663235 57.101716842306 56.76506370370704 56.45149910827833 56.16547201418961 55.91751952180678 55.72021108301042 55.570934921364255 55.465576150833115 55.39948937156341 55.36834999715992 55.3675723207116 55.392717349421915 55.44193043018625 55.49410341081889 55.438776356795174 55.30727064470441 55.16399445554651 55.019627263843596 54.88377881463368 54.763450064143235 54.662574074087345 54.58275118031487 54.52450823278626 54.48836485785355 54.4754247881003 54.48756750405269 54.52741694238529 54.58866073578549 54.64175379817839 54.68445784048961 54.7174525839935 54.74062654261944 54.7386340633618 54.710428133376865 54.66114786192146 54.59561119985605 54.5202910280856 54.44120556304083 54.36248237781863 54.2881132383136 54.2218347790339
58.12969736110099 57.789911928185674 57.42682540469818 57.06838361617718 56.738933260744076 56.446524715752325 56.19365912516737 55.97870271484633 55.80076722327082 55.672079930505284 55.58805035326617 55.541374833587895 55.525219898192844 55.534175897289074 55.56512545764153 55.6180106766088 55.69453985294848 55.696654670589076 55.56471193425681 55.385496424138566 55.205649468647124 55.03813987428289 54.89128972177553 54.76815278970977 54.66835967832772 54.590594658714174 54.534209526904355 54.49979382729724 54.48914271997963 54.50501694133677 54.55088948701856 54.61336016405502 54.66400518191005 54.70244056782118 54.71153688610077 54.68790545147769 54.63713851243034 54.56480109316305 54.476217467988896 54.37729121469279 54.27550365861279 54.17559003993455 54.0820418796589 53.99913735698736
58.06562786922722 57.70534767373271 57.337343094987204 56.98660185597829 56.67383295559979 56.408916529168565 56.19493328302249 56.02884615868945 55.90281900990024 55.8090581775584 55.757341677996195 55.7408598333644 55.749669003432935 55.77561994568776 55.81333134763532 55.861127806088085 55.92192015437038 55.952389888330025 55.851034567305 55.63659742246021 55.41485213619227 55.212649455625595 55.03995281376615 54.89720105107292 54.78013641881255 54.684675795181136 54.60893337038161 54.55326836489901 54.51971257854057 54.511408586970546 54.53220851578858 54.585938039649115 54.64423965807068 54.672875620400376 54.661578812602144 54.61610161115635 54.54235822743705 54.44629215181178 54.33369020967432 54.210370160236096 54.08454198746183 53.96190785861762 53.84754308665709 53.74638426992943
57.949134205640405 57.58553599589236 57.208004610930764 56.854997816370144 56.55448974713034 56.31927936431869 56.151763182544734 56.04574523045224 55.989069665227056 55.966174277399325 55.96445859348705 55.99164601215536 56.03770825558541 56.091305530637115 56.14431145962187 56.19288356569142 56.23860604014329 56.26734858682283 56.16351098131873 55.91901289561469 55.642284890170444 55.40203208053348 55.20665347043874 55.049424417998615 54.918756230329 54.80716779757415 54.712173849020175 54.63464927200443 54.57737875934213 54.54417850507025 54.539421223113116 54.567788941109264 54.61738591006796 54.6272703529351 54.595415791959404 54.52782177304648 54.43066360229976 54.31019485876827 54.17259642818879 54.02388375971364 53.872562271244796 53.72547484349774 53.58837049847969 53.46698499000636
