_RESULTS/CROSS_VALIDATION_POSTPROCESSED_80-20/Berg/GZ/6comp/4/Berg_GZ_z_90_kriged_reverse_6comp_spherical_4.asc
ncols 100
nrows 90
xllcorner 5.6208707817415728
yllcorner 50.959635321741573
cellsize 0.00013419651685393446
nodata_value 1.7014100000000001E+038
[rows 19 to 37 of 90, columns 0 to 42 of 100]
0.7812098151209546 0.7926682831194487 0.8083420741587234 0.828077123160553 0.8516956921768429 0.8789607121466793 0.9095316106266667 0.9429108276778108 0.9783823370290136 1.0149477230651067 1.0512728479779185 1.0856694268038145 1.1161483540143058 1.1405852807078727 1.1570144874384 1.1640007651299031 1.1609577370093933 1.1482625530803192 1.1271116622435304 1.099203150644261 1.0663959534756846 1.0304546556359095 0.9930666928583843 0.9563575376273586 0.9214830994858236 0.8869502032069315 0.8530141993806316 0.821603834122828 0.7927595263655914 0.766401105957936 0.7435296699667475 0.725408253915668 0.7116506012064018 0.6993013110673172 0.6856403241920243 0.6704319819858491 0.653605720236601 0.6353338291049351 0.616135043512173 0.5970119226136944 0.5796146398272768 0.5663288571516766 0.5593684624202404
0.7826148744907736 0.7957792793431143 0.8134300329169845 0.8354885997687347 0.8618638018876625 0.8924142003037014 0.9268982864257482 0.9649093623604298 1.0057932481403262 1.0485506468575216 1.0917346701628103 1.1333715653496808 1.1709615637053952 1.201647222736284 1.222627784785931 1.2317846807197013 1.2282750614406595 1.212748248396588 1.1870500882955937 1.153630805653452 1.1149896646003112 1.073335403745392 1.0304571618454283 0.9879314541351875 0.9477566370804142 0.9100299151943795 0.8749225202930578 0.8425905665808293 0.8129981792929614 0.7861269008557072 0.7638396891881354 0.7463814649100149 0.7332682803332676 0.7229690741670537 0.7111300781425045 0.6969823997557537 0.6802524588305741 0.660903461803146 0.639265218069723 0.6162333041644428 0.5936104092390775 0.5737505467527062 0.5605594314462133
0.7831100005265327 0.7976634030397276 0.8169627283614459 0.8410124418160596 0.8698223936567501 0.9033711233448936 0.9415538504998433 0.9841092515998789 1.0305186128107025 1.0798719956987122 1.130701886993651 1.1808036681406942 1.2271098073582705 1.265772753715181 1.2926899276923196 1.3045728709174977 1.3001412791646845 1.280575239032029 1.2488509316692822 1.2085699506544405 1.1630652888243969 1.1150181628190898 1.0664230703974271 1.0186969564445307 0.9743751593119391 0.9354886360889976 0.8996336176359963 0.8668735464528377 0.8370904295260708 0.8106929149150652 0.7896466146354062 0.7736001314199843 0.7619911082804547 0.7539828492307864 0.7449025454497582 0.7327754473992792 0.7170529932083759 0.6973847400094871 0.673751253542409 0.6466582242653537 0.6164818320995471 0.5851777830645593 0.5615699453131345
0.782443787699108 0.7980035776289265 0.818535766448485 0.8441299106156023 0.8749055977573346 0.9109803711097545 0.9524206076131532 0.9991669561799816 1.0509233310985313 1.1069950538550892 1.1660585896744586 1.2258504069800775 1.2828064329108235 1.3318424003612546 1.3668006770144032 1.3822330094741682 1.3760301685700727 1.350505715473604 1.3107131809660646 1.2619905916809373 1.2086412727468892 1.1537229597833785 1.099283546889416 1.0467059822121065 1.0015180561084769 0.9620124649864029 0.9260067477620317 0.8934727740910164 0.8642128581246488 0.8393105428856915 0.8203092307461487 0.8066086218380077 0.7975943308249696 0.792625124421946 0.7876146215212222 0.7789555840727101 0.7657731598607993 0.7473338621218467 0.7231847389096688 0.6924726803511503 0.6535409234402468 0.6087456679822743 0.5649288918891666
0.7804291547374947 0.7965524543213337 0.8178179479442796 0.8443946700981135 0.8765112291409777 0.914432199731677 0.9584175955399982 1.0086555527163084 1.0651546844871411 1.127575808860088 1.1949681412186872 1.265347410654578 1.335027385192861 1.3977208719845045 1.4441409186243728 1.464476941419555 1.4547895393455577 1.4201389280032908 1.3695867021177959 1.310857387474445 1.249050140517475 1.187249558098525 1.1272794893353815 1.0717152403824612 1.0271471899076383 0.9881134600219029 0.9527371412185329 0.9212434749280195 0.8933903396673132 0.8709988064969565 0.8549855332475474 0.844734618530032 0.8396278229437473 0.8390052695247119 0.8396970823614056 0.836497000463622 0.8281100496117206 0.8133936380581455 0.7911395335328893 0.7578867173135391 0.7143166078512118 0.663302813488424 0.6115623920257374
0.77696203171675 0.7931586456813333 0.8145876373307264 0.8414825302922497 0.874167846329065 0.9130471770947289 0.9585759840025295 1.0112085544123872 1.071305999160811 1.1389877471259233 1.213893018776577 1.294765677858216 1.3786302304692977 1.4590245652460612 1.522874332799947 1.5507632819135009 1.5336827413895147 1.4846499325237432 1.4204170773533973 1.3508882377531821 1.280968600233274 1.2131032470092682 1.1485542523152599 1.0925010430438258 1.0491703725552999 1.0121523967150647 0.9783815640325932 0.9488782331154494 0.9235021879339192 0.9045500100879983 0.8925588423801524 0.8869793048288978 0.8872633832937061 0.8928089321758186 0.90109350462135 0.9058706283124831 0.9052637998055948 0.8976855525720622 0.8790240184695365 0.8469603841382561 0.8041940746251369 0.7567322161543637 0.7167628537806238
0.772037696232727 0.7877910055936438 0.8087683578568403 0.8352429289463549 0.8676083641617452 0.9063807575818917 0.9521875942850424 1.0057310968211444 1.0677129255095987 1.1387120917509634 1.2190110205816158 1.3083366122743547 1.4053406597195612 1.5060390719597379 1.5975543361082107 1.6400083840183328 1.6048229263526503 1.5342500160567847 1.4555108361511282 1.3767488918313084 1.3007920483728816 1.2288299222045587 1.1618794209248777 1.1072342863312323 1.065912873212632 1.032165508566202 1.0014206221900384 0.9749409879723647 0.9531037062365805 0.9385146850797512 0.9315891401176662 0.9319244988996302 0.9391430323211972 0.9528247308623206 0.9709420120363423 0.9866261595194341 0.9974246055055097 1.000137079669922 0.9880346381502073 0.9606693676785217 0.9212119038641121 0.8767906210276181 0.8374742085544393
0.7657619417637256 0.7805569501107852 0.8004579752824622 0.8257441797399779 0.8568396310700901 0.8943578082136533 0.9390443539757389 0.9917751479737776 1.053505917468101 1.1251422670355071 1.2073813767169392 1.3005792774379588 1.4046714731716017 1.5190687953490944 1.641999451601594 1.725675356676416 1.641456020395569 1.5521804150915512 1.4657565019182368 1.3833487878157136 1.305520295290813 1.23256819415042 1.166397388478105 1.1144631477539573 1.076021036311255 1.0466226749165917 1.0203532496626861 0.9979358082401111 0.9806097920903829 0.9712294366104527 0.9703097711283735 0.9776842382469444 0.9932632596591606 1.0169683140975412 1.0472250585738963 1.076895550584925 1.1031716388484905 1.1190616206764736 1.117865506411285 1.098001972941803 1.0613467070488312 1.0146014566346826 0.9668044193001354
0.7583542934802248 0.7717142618309653 0.7900452908839799 0.8135964146475256 0.8427272259527049 0.8779944298891383 0.9201840135677793 0.9703085603555391 1.0295172699699424 1.098881908403216 1.179104086383668 1.2702533063431534 1.3715109599962676 1.4803561454891365 1.5876021330536862 1.6444260047874062 1.6001237156859451 1.5250157774932112 1.4459301202848494 1.3682962577417794 1.2939308083485543 1.2236433741744 1.1612092710942885 1.1133039778181664 1.0785305322520296 1.0540658094182818 1.033283817949188 1.0160151746826822 1.0040875604488466 1.0006986586745352 1.0066177915694416 1.0219344843326033 1.0469466329210233 1.0821569260855186 1.1264473529084593 1.1728252335081335 1.217871851485836 1.2515752957153843 1.267121565995682 1.2584245001537155 1.2228921133301545 1.1664396914925055 1.1006283701337893
0.7503020661044139 0.7621343800257205 0.7786380456693675 0.7999324687442223 0.8262959693281924 0.8582214138730843 0.8964882944326772 0.9422090200713785 0.9967339043742313 1.0612683964187946 1.136249449832893 1.220780196250942 1.3120823962183459 1.4039855424020764 1.4825605444050123 1.5222799075806255 1.5090573372930114 1.4615037443077799 1.399833165824237 1.3336272674668614 1.2671276160938594 1.2022491851499812 1.145169047522782 1.1018480023242156 1.0711475193689317 1.0516491070404668 1.0370428038948374 1.0258634424141362 1.0200424626503455 1.0232164276137454 1.0366282346038111 1.060734859978014 1.096246510526108 1.1441308729074493 1.2037999979815561 1.2693019161016297 1.3362004619769428 1.3940047508784559 1.4346735503915873 1.4440222230340507 1.4075240852390483 1.3305210315604077 1.235298975995126
0.7425415375232928 0.7525903056885939 0.7668932545252174 0.7854520863960281 0.8084029346331656 0.8360880371966368 0.869184530235159 0.9088746510284206 0.9568681050737065 1.0147967352495246 1.0828866961906223 1.1590496050343906 1.2388304917193023 1.3149447871475455 1.3762920889050865 1.4099303554791613 1.4098149879256685 1.3820570939280319 1.337301220980311 1.283647010623829 1.2263621055412142 1.1685144268305696 1.117964438701182 1.079969353245475 1.0537927268954344 1.03882376837738 1.0308140975499405 1.0262467077811583 1.0268865178828408 1.0366699716849455 1.057493711191773 1.0901844214449088 1.1362624728925796 1.1980168867625414 1.2744004332999488 1.3600552335590361 1.448830620474121 1.5337689435726318 1.6088909918338385 1.6518686645451766 1.6128979453058654 1.4963617064589825 1.3611934842058762
0.7355012933349224 0.7435742024142574 0.7554610944160626 0.7710204824751467 0.7901961332777914 0.8130828127605665 0.840094912390061 0.8723444771858699 0.9121761496774426 0.9625985425554694 1.0240050118647075 1.0925977030914908 1.1625710868026373 1.2270706059795484 1.2782133751845912 1.3086949323450328 1.3151465412611634 1.2991378596525265 1.2664654809331048 1.2235494954070394 1.1754302813212583 1.125468910710678 1.0817255607530272 1.0492223177032045 1.0276080536667223 1.0165696069879115 1.0146130877016577 1.0167054521498866 1.023849491212309 1.0398793903740935 1.0675729974348709 1.1089997912295475 1.1660378066288541 1.2407233213570967 1.3310349485447306 1.433041706728323 1.5395542959117867 1.646972715307709 1.7544374850727167 1.856470453617274 1.8170754554063295 1.6320010751200282 1.460927321326729
0.7300118520684487 0.735996009317946 0.7453053747623157 0.7577046441500398 0.7730180975150633 0.791074958664643 0.8117291461682087 0.8355286888881656 0.8652362117602619 0.9078583420217874 0.9648711797649124 1.0280475423864672 1.0904372213508433 1.1464588694757336 1.1907576686039765 1.2187213921648676 1.2272719981329803 1.2176170872033611 1.193481896379446 1.1593288470314493 1.1192206834087715 1.0764046015184108 1.0389475417106862 1.0115722106809792 0.9941708791775115 0.9866617565174122 0.9889851259629114 0.9973236368846452 1.0106723869941177 1.0324912786482663 1.0675217346464863 1.1173342198325886 1.1836481500056308 1.2685709152415228 1.3682157200022729 1.4797006530922954 1.5941221181533465 1.7075634402434894 1.8156675540897171 1.8996750477994564 1.8556804188893476 1.6871367614392354 1.5086940236740662
0.7291774299822548 0.7330779522329014 0.739773657283746 0.7489171649312583 0.7601754225546313 0.7732124168771252 0.7876811738794944 0.8032820297477755 0.8203801111149668 0.8546864644434932 0.9122493710863273 0.9711281020006765 1.0268293919263984 1.0758233293912633 1.1143611413144396 1.138466571313696 1.1469752074883335 1.1408006497742453 1.1223724366035523 1.0948470611011123 1.0613884290207631 1.0247517306524916 0.9921498740003039 0.9691361778901401 0.9553018690135346 0.9506971410056918 0.955451545382212 0.968787963644391 0.9878542287651186 1.016244603883515 1.0578539716585071 1.114500382612981 1.1879773301870145 1.279364178219832 1.383355455619605 1.497112375852807 1.6094008225716965 1.713166422527843 1.7968809552515927 1.8349700420003323 1.7897703675548806 1.66444156881794 1.5024671524459572
0.7336983129209874 0.7356301383159856 0.7399408782852571 0.7462322779123536 0.7541239087745181 0.763244070660087 0.7732421326438998 0.7839143730938629 0.796371715462048 0.825072015507584 0.8745887598853141 0.925750542103116 0.9738625547882253 1.0158143048419248 1.047710625352625 1.0675993778083064 1.0748995010153701 1.0702723953360302 1.0554164745923655 1.0326337651433026 1.0043791209653925 0.9729370085273628 0.9439507801061527 0.9239773978439009 0.9128862888562495 0.9104279223316749 0.916800267011921 0.9324249336142781 0.9575846983545179 0.992088333002295 1.0389682846758657 1.1008183942679 1.1793400204262405 1.2731625110759517 1.3771800416351323 1.48792006035831 1.5923275624886435 1.681413513318856 1.742958867317564 1.7599071862709208 1.7141970622089668 1.6067591808569783 1.4617981754397273
0.7437908864468687 0.7438776462496285 0.7460377145714464 0.7498792655287279 0.755073423203808 0.7613945910170296 0.7688553736882563 0.7781469498211573 0.7919628714614115 0.8159953450585918 0.851272407677182 0.8916663815576619 0.9312737583592335 0.9650405419335845 0.9903096491441353 1.0057906681978415 1.011081342424325 1.0066760315820822 0.9938202058821405 0.9742441684813207 0.9498704934801285 0.9225763986024571 0.8962928303179454 0.8781695155095889 0.8687332139028793 0.8676197499017314 0.8748696077494299 0.8920793690396223 0.9211226487764633 0.9609464600505854 1.0119502496950994 1.0775115854306592 1.1589504345446255 1.2517285602769104 1.3528084784227103 1.457855659361266 1.553083000439616 1.629366059802516 1.6767675258274395 1.682753640333066 1.6338640149321098 1.5364107662093416 1.4040438739170569
0.7597047865479867 0.7580391093955795 0.7582238372955037 0.7599049844457978 0.7628428076674242 0.7669810114557318 0.7726034965424253 0.7806376746778149 0.7929745229195154 0.8118136990277657 0.8372999678302588 0.8669100355290603 0.8966844537298793 0.9224708583572679 0.9414062725220211 0.952424192978208 0.9552079377433393 0.9501315984143025 0.9381407390920925 0.920571756330699 0.8989529771455719 0.8748313593323528 0.8506121569859344 0.8334121539382668 0.8245209704735073 0.8239384924547659 0.8320293755756978 0.8504109759149598 0.8805048652691913 0.923799898590812 0.9783748558433167 1.046428634715891 1.1278508316465419 1.217809958580763 1.3143688153299486 1.413039431782203 1.5002385570262917 1.5674017553694246 1.6068509788910477 1.6029595338579925 1.5526147157768804 1.4615759017445373 1.339516192537741
0.781732514336308 0.7783460272100511 0.7766299869058149 0.7762720031142504 0.7771053919665749 0.7791687547716338 0.7828031818527204 0.7887534652608154 0.7981065217170273 0.8117715960981953 0.8296489653594409 0.8501034205394853 0.8697842778501839 0.8870296876688675 0.9000809498653823 0.9067602294249327 0.9067927715763517 0.9004764724829046 0.8885535071307558 0.8720827255089997 0.8523004867905912 0.8304943313595061 0.8080484095867239 0.79092683237673 0.7818237946560271 0.781040271125778 0.7899072535401721 0.808948914093274 0.8398859201617241 0.884005975385045 0.941797658865008 1.011712657470873 1.0908973196061869 1.1771353351369453 1.2682988002638478 1.360334428177652 1.4407060369897968 1.5015023195130488 1.534137926086802 1.5235366102959302 1.4730142166162616 1.387006771484971 1.2732812978573238
0.8102275056289354 0.8050733928409141 0.8014147347602923 0.7989705728719215 0.7976148590382632 0.7974072502506215 0.7986270796720923 0.8017703350488913 0.8074272954964345 0.8159855013953342 0.8272913526516887 0.8393305436324546 0.8502178848642047 0.8591190474061097 0.865488715679218 0.8680749897264365 0.8653029431202774 0.8574188056568488 0.8450261402449128 0.8289843116574642 0.8103115411705722 0.7900941996239884 0.7694122264816381 0.7517105871408506 0.7418160228942637 0.7412947245846273 0.7513557259965117 0.7716041051392688 0.8036620152355196 0.848465504719733 0.9067383407885311 0.976237799193767 1.052828209439532 1.1353660787323243 1.2215253834215365 1.30775175665798 1.3830636320636247 1.4393195555801648 1.4634439127915462 1.4475549329989996 1.3967042338305387 1.3140265157651116 1.205778859505504
