_RESULTS/CROSS_VALIDATION_POSTPROCESSED_80-20/MHZ/GZ/8comp/3/MHZ_GZ_z_0_kriged_reverse_8comp_spherical_3.asc
ncols 100
nrows 74
xllcorner 5.5967023332191781
yllcorner 50.982320383219182
cellsize 0.00019249356164376555
nodata_value 1.7014100000000001E+038
[rows 54 to 71 of 74, columns 41 to 81 of 100]
0.00523020845836985 0.0058935466866914515 0.007220925618420624 0.009202149982536028 0.011520060538125218 0.013902048915087341 0.0159338424076212 0.01796008425104381 0.019804551115632774 0.02105362996750058 0.021383546778483687 0.02068940517620938 0.01911261020759049 0.01697227839338159 0.014783983507972236 0.013961212499575854 0.014787132490571363 0.017768547620421564 0.02494755365859802 0.040518382217716094 0.070807065075439 0.11443986130942416 0.14134936413372123 0.1314569166508454 0.10547827303981692 0.07958887006495649 0.05855136341219294 0.04270438085985745 0.031181281728423303 0.022926310446021027 0.017017814379810696 0.012887078100115086 0.010170914251578445 0.008361924168635279 0.007432534642983815 0.0072884137522841435 0.007863449602928334 0.009319162958276487 0.011411109159286784 0.013974922908130042 0.017001819525377306
0.011810163215541378 0.012953986261389817 0.014818563887258418 0.017284117228686197 0.019615533148619614 0.02135519072558766 0.0221748260143258 0.02245289996959309 0.02214372475460546 0.021437368685255104 0.020208595093559212 0.018468948657755325 0.01636559698100662 0.014121317443420756 0.01264343766589456 0.012597827577180129 0.014154293313953372 0.01758643048314114 0.02426960959635021 0.036580937376356495 0.0567778195184821 0.0820412829529232 0.10034008827499513 0.10066117243564686 0.08776287148471969 0.07051813788750863 0.05422761673268489 0.04079239120950154 0.030408632891806744 0.022643145498756168 0.016927477665131155 0.012783979411639805 0.009995120049008061 0.00815893626731704 0.0072352469922822606 0.007041812862641283 0.007528454289784025 0.008794519222650047 0.010501008798377611 0.012511586484781657 0.014764867551501875
0.025327555803611488 0.0275419031433749 0.029403678060164362 0.03119438313442562 0.03231120545657227 0.032127282723858445 0.030690210543996625 0.0279829855439693 0.024865399906159463 0.021955794402452936 0.019169510720206662 0.016457538120537508 0.01386689636911071 0.011808720067348875 0.010936308248041758 0.011251169928947355 0.0130563012055537 0.01652994435549418 0.02246426816656854 0.0319921115552887 0.04563654368491378 0.06167081458598923 0.073399876750373 0.0759038910518428 0.06985767196053899 0.05921944098820731 0.04762192742333459 0.037102467097587626 0.028408556487834576 0.021582973096045503 0.016376319312576985 0.012462190220929488 0.009664821568823104 0.007857406759679886 0.006965958290381933 0.006758208812433984 0.007183159044997954 0.008249695703876615 0.009577343688414683 0.011081917795946222 0.012688831255130718
0.05166776881442434 0.05576791127120644 0.05485269676844118 0.05281293202428472 0.050303357672329393 0.046309859144186914 0.04113118581384944 0.034061780723869506 0.02747267402363459 0.02220211630062098 0.017952580269231702 0.014428637742251846 0.011686004015962707 0.010149772683629443 0.00962382087680992 0.010101005902618435 0.011874617510932387 0.01513489621317999 0.020131478675330428 0.027448920238123092 0.03729050959220735 0.047662934184458716 0.05528065406939464 0.05773732895315491 0.05487392098873306 0.048405301523784076 0.04045734978695878 0.03260218871208682 0.02566315980908674 0.019918350170647484 0.015343046156377913 0.011781945453994807 0.009086150755331382 0.007436731896568243 0.006624045139259249 0.006435357214591373 0.00682999670422216 0.007684531781360554 0.008673624317360752 0.009751280264067526 0.01088043379730125
0.09946851560796609 0.10620678012691948 0.0915393517507117 0.07910964643452888 0.07010200783397715 0.061702089938605674 0.05158286363472465 0.03972676413873194 0.02934919201740626 0.021825898198345527 0.016375168979071833 0.012519420648401329 0.010225357914032063 0.009024093723029761 0.008683145365990278 0.009185925467164083 0.010748526149694966 0.013528853995227802 0.017659569571696895 0.023436869060364816 0.03038441017606744 0.03719309455708109 0.04224673701147336 0.04423311265583257 0.04286902498370284 0.03889682580127206 0.033505499178740517 0.027767188275356073 0.022388910002471122 0.017719390561461497 0.013857019537349602 0.010760242960475761 0.008408556105472175 0.006971321533280896 0.006265809999879042 0.006122491698891264 0.006505204399891859 0.007128758455451383 0.007826318532493083 0.008579686672523323 0.009392835155026624
0.15685633592169984 0.16416727134062933 0.12299912150559905 0.099430119977617 0.08414830303431761 0.07180624732291452 0.057424214817371505 0.04237890389482598 0.029208202935085116 0.020213899802771527 0.014537312740957861 0.01114850012062289 0.00917463127067965 0.008158193006945714 0.007892149528281142 0.008354921592544246 0.009716310884442749 0.01207741948176263 0.015468513691083558 0.01979546684321734 0.02458084165373451 0.029102759753311242 0.032456019303497355 0.033904369807320936 0.03321902910406659 0.030727898654776577 0.027085091890655884 0.022975859036982387 0.018928716045906874 0.015263471562909608 0.012122757974954157 0.009539446361096944 0.0077044245534086024 0.006533289017403143 0.005946822011404078 0.005867030673611616 0.006189509757446272 0.006603874188361736 0.007082224086884519 0.007623310945599248 0.008201418519022423
0.13692232301662063 0.1446385379114711 0.12284856073212891 0.102276515255511 0.08642392338733047 0.07108061185493525 0.055491599399654895 0.039869152414870886 0.026518839973080546 0.01801224140655434 0.013012929617411321 0.010045574240439817 0.008329827135942623 0.007460066105877309 0.007253864681813677 0.007691303170576737 0.008916895234106671 0.010935424154358588 0.013495700263068369 0.016515475147411075 0.0197596373900467 0.022777728712132846 0.024996243970330036 0.025991853710682872 0.025608310181477946 0.023996170737252586 0.021518434190314403 0.01860060243186991 0.015610795530667824 0.012804491139144366 0.010322856284082447 0.008356786447748385 0.007016468115890474 0.006162480374368365 0.005715394370553079 0.005705927219612788 0.00589655370614907 0.006162898161598127 0.006493060871428659 0.006870056906408915 0.007272234567831131
0.10203167346992395 0.10804411912214783 0.1004982375210478 0.08886730097427449 0.07539698311426826 0.06053633420297893 0.0466051347384982 0.034145797830169806 0.02365463184010831 0.016283849140144867 0.011857168183783785 0.00923275205529999 0.007723436508747407 0.006973079499036766 0.00682380925448266 0.007258364892797846 0.008318829046737187 0.009856311528030588 0.011704863726186286 0.013783403712640405 0.015917669594246026 0.01784485256144452 0.019264417854009428 0.019916093223059088 0.01966567466921567 0.01858443884000649 0.016878137520017357 0.014808830158689798 0.01262350801539593 0.01051150738949991 0.00867032958997048 0.007323065691929684 0.006401451057591227 0.005839798247778061 0.005605757150963856 0.005609262392855116 0.005692311549585755 0.005845845775938456 0.006054759415521434 0.006302874920351633 0.006571854769244199
0.06995155587143252 0.07542495147425643 0.07445271913736672 0.06840651610042882 0.05922881684192202 0.04845089326681355 0.037978715690817205 0.028752974451386856 0.020931339988586494 0.015069226228328963 0.011104713397426828 0.00874147808721827 0.007390174317545692 0.006721953949899258 0.006566250611390418 0.006883071404453558 0.007710097766397431 0.008839005882436154 0.010144648906215028 0.01155349015508223 0.012941276181240743 0.014142255810379922 0.014980245655198149 0.015314455354449422 0.01508093815140861 0.014309708456995748 0.013110582142113567 0.011637449471698508 0.010048651118379059 0.008535778350598123 0.007346556293805676 0.0064802037478942105 0.005913025863841052 0.005631270572749356 0.005598977734880344 0.005598977734880344 0.0056022799047469145 0.0056558774574815285 0.0057626522574920356 0.005906871551844595 0.006072488416621651
0.04893387857374832 0.05336916271611634 0.05402368021250376 0.05158669264981292 0.04636573470279935 0.039108324242453904 0.031410410153989474 0.02426941605247741 0.018377884812198847 0.014000780306837568 0.010709887844554147 0.008484162994639766 0.007175859469433074 0.006489994849079135 0.006279635652159805 0.006497306531647654 0.007126320583333134 0.007926224047102776 0.008822630840268669 0.009755226108136164 0.010637053724267459 0.011362920212898775 0.011828147252178614 0.011953064118863866 0.011703973594737481 0.011101567097412243 0.010213552732900744 0.009135678897799208 0.008038487604863762 0.007119032414664223 0.0064065872593167435 0.00591197391947256 0.005643877360851737 0.005598977734880344 0.005598977734880344 0.005598977734880344 0.005598977734880344 0.005598977734880344 0.005616090809173116 0.00567270212454275 0.005754685545118562
0.03589100516058743 0.038670552166143915 0.03955713116562114 0.0387416247150273 0.035752645271151726 0.030992857445744173 0.02553229573954769 0.02017600826315924 0.015738224710248865 0.012434387241935439 0.01000612749223903 0.00816702588764253 0.006914252214357933 0.006235759964007454 0.005996771388143698 0.0061486996983996746 0.006598097153369325 0.0071363695222001365 0.007725571092015358 0.00831838370455181 0.008854333794726181 0.009266129769765557 0.009490881049402562 0.009483371180304585 0.009226763036010985 0.008736540144751498 0.00806155303390463 0.007361282066241257 0.00673077992641995 0.0062127128974364685 0.005837545869720721 0.005630696776474236 0.005598977734880344 0.005598977734880344 0.005598977734880344 0.005598977734880344 0.005598977734880344 0.005598977734880344 0.005598977734880344 0.005598977734880344 0.005609133529512024
0.026835529449473004 0.028601188276529257 0.029421406565827726 0.02927504284106582 0.02747452786865697 0.024306097104696393 0.020447043527300143 0.016535848406690607 0.013316659390265039 0.010835882099656125 0.008974471249610299 0.007614380830734175 0.006648977535449699 0.006008394653582672 0.005760734572765044 0.005868967175947597 0.006142916695450674 0.006473542745720511 0.006831425840170937 0.007179973355940689 0.007476931070827291 0.00767873425341934 0.007747141727780895 0.007656457339033223 0.007400595284442144 0.007046293194482832 0.006658927697392338 0.006282942119617498 0.005958715514945426 0.005721752433009636 0.005605245307034983 0.005598977734880344 0.005598977734880344 0.005598977734880344 0.005598977734880344 0.005598977734880344 0.005598977734880344 0.005598977734880344 0.005598977734880344 0.005598977734880344 0.005598977734880344
0.020452195121427066 0.021611448739294156 0.022312449350190226 0.022377175078152036 0.02119981029859557 0.01902020921845002 0.016261513280618627 0.013509700296543617 0.011229620432350693 0.009417276052032467 0.008025129670491694 0.006994657768327263 0.006272490640738317 0.005818951543865184 0.00561300215532108 0.005648881917892297 0.00577003021965711 0.005934407294957942 0.006116156710342091 0.00628672016498494 0.006416035531739803 0.00647714107622518 0.006464475573069002 0.0063816634938524824 0.006241812674029367 0.006066913263147964 0.00588466644964074 0.005725579969201834 0.0056214330694684365 0.005598977734880344 0.005598977734880344 0.005598977734880344 0.005598977734880344 0.005598977734880344 0.005598977734880344 0.005598977734880344 0.005598977734880344 0.005598977734880344 0.005598977734880344 0.005598977734880344 0.005598977734880344
0.01590609061605116 0.016705682962020966 0.017303705772843993 0.017349826810298466 0.0165013317760247 0.01493588007941976 0.012956725611557474 0.011098740509199283 0.009513790874892826 0.008221887762358372 0.00721314465416846 0.006465172142152117 0.005955261717074016 0.005668603758357228 0.005598977734880344 0.005598977734880344 0.005598977734880344 0.005610625090491123 0.005653769205344089 0.005707086114416725 0.005751742724322468 0.005774691364843547 0.005769747993346977 0.00573822165115503 0.005688775045948332 0.0056365860386942915 0.005602244920161624 0.005598977734880344 0.005598977734880344 0.005598977734880344 0.005598977734880344 0.005598977734880344 0.005598977734880344 0.005598977734880344 0.005598977734880344 0.005598977734880344 0.005598977734880344 0.005598977734880344 0.005598977734880344 0.005598977734880344 0.005598977734880344
0.012648416612020907 0.013236385201141884 0.013716496808480073 0.013664344788011639 0.012993856338484669 0.011816224560672873 0.010478755558112948 0.009239480110266183 0.008157427239730758 0.00726095214693779 0.006558320675129813 0.00604805669302796 0.0057276136549633495 0.005600610624059761 0.005598977734880344 0.005598977734880344 0.005598977734880344 0.005598977734880344 0.005598977734880344 0.005598977734880344 0.005598977734880344 0.005598977734880344 0.005598977734880344 0.005598977734880344 0.005598977734880344 0.005598977734880344 0.005598977734880344 0.005598977734880344 0.005598977734880344 0.005598977734880344 0.005598977734880344 0.005598977734880344 0.005598977734880344 0.005598977734880344 0.005598977734880344 0.005598977734880344 0.005598977734880344 0.005598977734880344 0.005598977734880344 0.005598977734880344 0.005598977734880344
0.010311773926426172 0.010776949351691796 0.011077952546135552 0.010939969368194158 0.010370146528190372 0.00952674783662762 0.008662759593935886 0.00784747422184086 0.00712647240279132 0.006528136526486611 0.0060688381005188025 0.005759152812709415 0.0056101646739022595 0.005598977734880344 0.005598977734880344 0.005598977734880344 0.005598977734880344 0.005598977734880344 0.005598977734880344 0.005598977734880344 0.005598977734880344 0.005598977734880344 0.005598977734880344 0.005598977734880344 0.005598977734880344 0.005598977734880344 0.005598977734880344 0.005598977734880344 0.005598977734880344 0.005598977734880344 0.005598977734880344 0.005598977734880344 0.005598977734880344 0.005598977734880344 0.005598977734880344 0.005598977734880344 0.005598977734880344 0.005598977734880344 0.005598977734880344 0.005598977734880344 0.005598977734880344
0.008647330005109227 0.009003197584864737 0.009112931349519349 0.008907664453597754 0.008448061891650422 0.00791422474674388 0.007364204161925754 0.0068420044902808425 0.006382372855817271 0.006011319961572811 0.005748883544817055 0.005613244284886397 0.005598977734880344 0.005598977734880344 0.005598977734880344 0.005598977734880344 0.005598977734880344 0.005598977734880344 0.005598977734880344 0.005598977734880344 0.005598977734880344 0.005598977734880344 0.005598977734880344 0.005598977734880344 0.005598977734880344 0.005598977734880344 0.005598977734880344 0.005598977734880344 0.005598977734880344 0.005598977734880344 0.005598977734880344 0.005598977734880344 0.005598977734880344 0.005598977734880344 0.005598977734880344 0.005598977734880344 0.005598977734880344 0.005598977734880344 0.005598977734880344 0.005598977734880344 0.005598977734880344
0.007481013135906326 0.007662362549021887 0.007633937299043566 0.007423129053971627 0.007136856211045274 0.006808991560065088 0.0064723854198023645 0.006157949019906718 0.0058929719551471735 0.005701364245945762 0.00560556333615118 0.005598977734880344 0.005598977734880344 0.005598977734880344 0.005598977734880344 0.005598977734880344 0.005598977734880344 0.005598977734880344 0.005598977734880344 0.005598977734880344 0.005598977734880344 0.005598977734880344 0.005598977734880344 0.005598977734880344 0.005598977734880344 0.005598977734880344 0.005598977734880344 0.005598977734880344 0.005598977734880344 0.005598977734880344 0.005598977734880344 0.005598977734880344 0.005598977734880344 0.005598977734880344 0.005598977734880344 0.005598977734880344 0.005598977734880344 0.005598977734880344 0.005598977734880344 0.005598977734880344 0.005598977734880344
