_RESULTS/CROSS_VALIDATION_POSTPROCESSED/MHZ/TZ/4comp/2/MHZ_TZ_z_355_kriged_reverse_4comp_spherical_2.asc
ncols 100
nrows 81
xllcorner 5.5967107548124995
yllcorner 50.982328804812504
cellsize 0.00017565037499993607
nodata_value 1.7014100000000001E+038
[rows 60 to 79 of 81, columns 44 to 87 of 100]
7.80783875211428 7.92395977517958 8.013308930726614 8.069140839580164 8.117397527287467 8.178531548432346 8.252359089596023 8.334840478976766 8.42120795944455 8.497230476281334 8.554144826254957 8.58722494959004 8.591397797626621 8.5637673881815 8.51929886043285 8.46060192947803 8.386392293488695 8.295392589725031 8.180547780156338 8.02395351634608 7.829187786582563 7.6046750662222244 7.364207568059678 7.1292118925148555 6.929555293470874 6.795229576107538 6.734872989499083 6.730925705273036 6.761424852303683 6.8130076213761654 6.879968956370865 6.9606708856061035 7.055043309638013 7.1631658616277045 7.28481896720692 7.419207443610068 7.563556412240927 7.714411291380515 7.866074234401964 8.010496748092937 8.14285964088537 8.25848772048485 8.353824857575349 8.43513043076535
7.908166962981568 8.052126978701232 8.164365962484611 8.237719766025561 8.278080787577185 8.324014873272521 8.379687082771575 8.441818617632109 8.506317508488351 8.561497488557048 8.596606232624762 8.607301115001793 8.591545539717238 8.56187986207429 8.519890144542297 8.464624155535414 8.39517046737098 8.310811559340973 8.211278319733438 8.085865132929873 7.9273754198254665 7.745101912583907 7.55237920953938 7.366981252725351 7.209384312848913 7.096864930084379 7.035567672058035 7.019211364448903 7.036351310206515 7.077274846043473 7.136001818244495 7.209482628219828 7.296266428755764 7.395447409233926 7.506000093621595 7.62643554818422 7.75468277602291 7.8880662462517845 8.020077469848063 8.144535545965939 8.256931570449794 8.352487052500395 8.428528376727122 8.490926291850522
7.974016464823712 8.143406711374364 8.276475405358463 8.365956872543785 8.407358368779565 8.439227182570917 8.477113047444664 8.51923281370296 8.56180012698483 8.59674156377718 8.610975323021325 8.605369787836132 8.58915592703727 8.562166353648132 8.52374877857513 8.473254192617594 8.410170574442844 8.334309562672914 8.24608048600711 8.14652786505214 8.02545464505274 7.884277017658429 7.734740994512038 7.590851532620414 7.467036848317456 7.374749091863989 7.319108803635152 7.298417482954546 7.30699458572994 7.338628326119764 7.388447201190868 7.453204506375571 7.530816997269181 7.619766233135919 7.7186154092412735 7.825699239403441 7.938966062623242 8.055286282995304 8.167549789250206 8.27117891252221 8.361914006102824 8.43520169285055 8.491040518872943 8.534038907531624
8.007656999610038 8.199198339945617 8.350182279720007 8.453253481452155 8.501054621834248 8.520218243776416 8.540828245526136 8.563334353242299 8.584353390721807 8.59959419635435 8.605208975814104 8.601313625181254 8.587731776327184 8.5641241486731 8.530088502437888 8.485275476855552 8.429532139273176 8.363088020505193 8.28679862199241 8.202451907484637 8.112541496159555 8.009989433333441 7.8991812710365314 7.791109650873166 7.696437670021735 7.623563865624175 7.577006788729075 7.557147108487812 7.561460349698078 7.586281753123894 7.628100282823981 7.684084161170583 7.752058811083804 7.830247774812616 7.916981887524023 8.010469115567394 8.108647434570386 8.206831251264793 8.299000858755235 8.381420530359936 8.450035963472999 8.500652265612347 8.537221752227937 8.56076368897166
8.011230664738852 8.22082365959276 8.386025407762967 8.499411042612053 8.55367407434894 8.562504385838643 8.56741320183886 8.571631997477223 8.579382034383903 8.590814472875898 8.59863225824711 8.59729891010241 8.586834723533928 8.567116468246644 8.53798220225323 8.499349109783186 8.451351834323926 8.394507757332558 8.329910671447726 8.259441214462472 8.185956740533552 8.113225909844127 8.037356846517898 7.961081938649896 7.892637127482492 7.838610799593685 7.803071000216341 7.787389410355375 7.790810047967173 7.811381159689751 7.846780083533872 7.89479037806594 7.953445299864155 8.020965384999679 8.095614521166059 8.1755532947175 8.258199537932821 8.337410894476438 8.409292248889495 8.47027552340632 8.5164811240691 8.545653205159242 8.563359073351235 8.567962578142138
7.986441724928488 8.209263472279869 8.384312343416665 8.50419021090225 8.562823959977965 8.567962578142138 8.567962578142138 8.568845836928089 8.573574748547703 8.58191267750465 8.59131726194764 8.592939578671123 8.58595660466113 8.570453488510946 8.546485620339608 8.514191550062453 8.47391762522894 8.426355018278418 8.372683547888956 8.314705401975841 8.25493498851226 8.19659193376075 8.143433298177111 8.09574512452639 8.051470562447598 8.015788224826721 7.992382385489689 7.9830872502036705 7.988152431857877 8.006746486250591 8.037468453133195 8.07871136835649 8.128839322458834 8.186218504676434 8.24916599085915 8.315852850118768 8.381609182681924 8.441840100680235 8.493414063063529 8.53290309577691 8.556586300242438 8.566782855505672 8.567962578142138 8.567962578142138
7.950547042706314 8.182025373618009 8.36516474991394 8.49305538067678 8.559484583992027 8.567962578142138 8.567962578142138 8.567962578142138 8.569586236348064 8.574740877720375 8.582878163537124 8.58779315735219 8.584557298516732 8.573450800278623 8.554719191888834 8.52867765872516 8.49581911177423 8.45692357098856 8.413160925525203 8.366171169254418 8.31809680994698 8.271534853004201 8.229377439670147 8.194529607288054 8.16946191846611 8.151597599039608 8.140930822067329 8.139479607785807 8.148060534762697 8.166562239641019 8.194258140484106 8.230063019113262 8.272691291863017 8.320721539006394 8.372595312323627 8.425237734548517 8.473695066495386 8.515145184570116 8.546572544641755 8.564683286960223 8.567962578142138 8.567962578142138 8.567962578142138 8.567962578142138
7.9335762809575785 8.169061716085075 8.356070525686315 8.487688975219747 8.557688751745554 8.567962578142138 8.567962578142138 8.567962578142138 8.567972669899888 8.569904932916929 8.574802695647094 8.581369809937025 8.582084199224854 8.575459365286388 8.56190581904205 8.541878152886786 8.51596731148551 8.48498686419291 8.450045652587036 8.412594265878207 8.37442835674225 8.33763044128181 8.304437213390079 8.277034709130387 8.257308170640464 8.246599078387838 8.245533770694154 8.252782873304401 8.266225549790848 8.286130748963183 8.312245896184184 8.343898723984092 8.380121438197477 8.419718469592077 8.460525740831894 8.498029395122648 8.529622559221222 8.552671168334525 8.564978897739735 8.567962578142138 8.567962578142138 8.567962578142138 8.567962578142138 8.567962578142138
7.9370467614390305 8.17171562037729 8.35793616251858 8.488795331405226 8.558067911128832 8.567962578142138 8.567962578142138 8.567962578142138 8.567962578142138 8.567974874443387 8.569643273218967 8.57374344891155 8.577971520891786 8.575867678951376 8.567370934330897 8.553048399951404 8.533557464682104 8.509714633703338 8.482547944099048 8.453324058392802 8.423539513493832 8.394866662458963 8.369050297887862 8.347761543790956 8.332429644361131 8.324084715085295 8.323248345420344 8.32989940137525 8.343521476993974 8.36321517465898 8.387843181857606 8.416174013313265 8.446998873145382 8.478586125048956 8.507442299868206 8.532005428116307 8.551040906384115 8.563399336292067 8.567958259552189 8.567962578142138 8.567962578142138 8.567962578142138 8.567962578142138 8.567962578142138
7.960759927601288 8.189809441678257 8.370601944440873 8.496230780237383 8.560493267107878 8.567962578142138 8.567962578142138 8.567962578142138 8.567962578142138 8.567962578142138 8.567962578142138 8.568930573723513 8.571858678150464 8.574080018328386 8.57051373480239 8.561584814002723 8.548000164877877 8.530567044445254 8.510232982430503 8.488103067358173 8.465428562478003 8.443562562215863 8.423882783615513 8.407688496640478 8.396086543104724 8.389887455248212 8.389533521842008 8.395074464071858 8.406194592651586 8.422282337631872 8.442523893658237 8.466000183910511 8.490939736379152 8.514458970162854 8.535154995782362 8.551754273138446 8.563050662570811 8.567870910855364 8.567962578142138 8.567962578142138 8.567962578142138 8.567962578142138 8.567962578142138 8.567962578142138
8.003355453480896 8.222124514356002 8.39297134152422 8.509008573426456 8.564080145853803 8.567962578142138 8.567962578142138 8.567962578142138 8.567962578142138 8.567962578142138 8.567962578142138 8.567962578142138 8.568174683124377 8.569732820758174 8.570757629731546 8.566961117585645 8.558836891011977 8.547183606683507 8.532880474391389 8.516900726347483 8.50030241318247 8.484195089894806 8.469684146230838 8.45779890089661 8.449415056714134 8.445185061097137 8.445489721479442 8.450420417611342 8.45979433953365 8.47319763212457 8.489996265652954 8.508115139249341 8.525817084773005 8.541858881804375 8.55501731132761 8.564096265524649 8.56791432761805 8.567962578142138 8.567962578142138 8.567962578142138 8.567962578142138 8.567962578142138 8.567962578142138 8.567962578142138
8.062371445049171 8.266448497596656 8.423050109158078 8.525332524086524 8.56721790096108 8.567962578142138 8.567962578142138 8.567962578142138 8.567962578142138 8.567962578142138 8.567962578142138 8.567962578142138 8.567962578142138 8.567962578142138 8.56819633154711 8.568652251532933 8.565648635989012 8.559274113850663 8.550358289765638 8.5397743650549 8.528434303286165 8.517265998922964 8.507174706756901 8.49899369485029 8.493431598912792 8.491025364224985 8.492107172372277 8.496791126861998 8.504978866049978 8.515652271810827 8.52749761037377 8.53953349828187 8.550703024451249 8.559908136247946 8.566029348143209 8.567962578142138 8.567962578142138 8.567962578142138 8.567962578142138 8.567962578142138 8.567962578142138 8.567962578142138 8.567962578142138 8.567962578142138
8.134347455770289 8.319658091643344 8.458015694037437 8.542657433278082 8.567962578142138 8.567962578142138 8.567962578142138 8.567962578142138 8.567962578142138 8.567962578142138 8.567962578142138 8.567962578142138 8.567962578142138 8.567962578142138 8.567962578142138 8.567962578142138 8.567962578142138 8.566513112560914 8.562507637828945 8.556749257437822 8.550045284060692 8.543192301818442 8.536950981220095 8.532013173796416 8.528966594570246 8.528263039277642 8.530037497417345 8.533884123489363 8.539408363407249 8.546043844263556 8.553071746735839 8.55965447354927 8.564866095042836 8.567715004853698 8.567962578142138 8.567962578142138 8.567962578142138 8.567962578142138 8.567962578142138 8.567962578142138 8.567962578142138 8.567962578142138 8.567962578142138 8.567962578142138
8.214957816432877 8.377829509713656 8.494312162022807 8.557773195569588 8.567962578142138 8.567962578142138 8.567962578142138 8.567962578142138 8.567962578142138 8.567962578142138 8.567962578142138 8.567962578142138 8.567962578142138 8.567962578142138 8.567962578142138 8.567962578142138 8.567962578142138 8.567962578142138 8.567962578142138 8.567043323117643 8.564710439804735 8.561740325678542 8.558801216501042 8.556430963784834 8.555015706080045 8.55477214419134 8.555736710777207 8.557763687202886 8.560532627963614 8.563563677920248 8.566237912025198 8.567818980354287 8.567962578142138 8.567962578142138 8.567962578142138 8.567962578142138 8.567962578142138 8.567962578142138 8.567962578142138 8.567962578142138 8.567962578142138 8.567962578142138 8.567962578142138 8.567962578142138
8.299162575059155 8.436368550173317 8.527765291178431 8.56690896589618 8.567962578142138 8.567962578142138 8.567962578142138 8.567962578142138 8.567962578142138 8.567962578142138 8.567962578142138 8.567962578142138 8.567962578142138 8.567962578142138 8.567962578142138 8.567962578142138 8.567962578142138 8.567962578142138 8.567962578142138 8.567962578142138 8.567962578142138 8.567962578142138 8.567835724600446 8.567460368123296 8.567149544183088 8.567090598105615 8.567314921343575 8.567696776350353 8.567957923833502 8.567962578142138 8.567962578142138 8.567962578142138 8.567962578142138 8.567962578142138 8.567962578142138 8.567962578142138 8.567962578142138 8.567962578142138 8.567962578142138 8.567962578142138 8.567962578142138 8.567962578142138 8.567962578142138 8.567962578142138
8.381366243918704 8.490153408712153 8.553712992592384 8.567962578142138 8.567962578142138 8.567962578142138 8.567962578142138 8.567962578142138 8.567962578142138 8.567962578142138 8.567962578142138 8.567962578142138 8.567962578142138 8.567962578142138 8.567962578142138 8.567962578142138 8.567962578142138 8.567962578142138 8.567962578142138 8.567962578142138 8.567962578142138 8.567962578142138 8.567962578142138 8.567962578142138 8.567962578142138 8.567962578142138 8.567962578142138 8.567962578142138 8.567962578142138 8.567962578142138 8.567962578142138 8.567962578142138 8.567962578142138 8.567962578142138 8.567962578142138 8.567962578142138 8.567962578142138 8.567962578142138 8.567962578142138 8.567962578142138 8.567962578142138 8.567962578142138 8.567962578142138 8.567962578142138
8.455578807057778 8.533685666077954 8.567147427480295 8.567962578142138 8.567962578142138 8.567962578142138 8.567962578142138 8.567962578142138 8.567962578142138 8.567962578142138 8.567962578142138 8.567962578142138 8.567962578142138 8.567962578142138 8.567962578142138 8.567962578142138 8.567962578142138 8.567962578142138 8.567962578142138 8.567962578142138 8.567962578142138 8.567962578142138 8.567962578142138 8.567962578142138 8.567962578142138 8.567962578142138 8.567962578142138 8.567962578142138 8.567962578142138 8.567962578142138 8.567962578142138 8.567962578142138 8.567962578142138 8.567962578142138 8.567962578142138 8.567962578142138 8.567962578142138 8.567962578142138 8.567962578142138 8.567962578142138 8.567962578142138 8.567962578142138 8.567962578142138 8.567962578142138
8.515577391215045 8.561247268360018 8.567962578142138 8.567962578142138 8.567962578142138 8.567962578142138 8.567962578142138 8.567962578142138 8.567962578142138 8.567962578142138 8.567962578142138 8.567962578142138 8.567962578142138 8.567962578142138 8.567962578142138 8.567962578142138 8.567962578142138 8.567962578142138 8.567962578142138 8.567962578142138 8.567962578142138 8.567962578142138 8.567962578142138 8.567962578142138 8.567962578142138 8.567962578142138 8.567962578142138 8.567962578142138 8.567962578142138 8.567962578142138 8.567962578142138 8.567962578142138 8.567962578142138 8.567962578142138 8.567962578142138 8.567962578142138 8.567962578142138 8.567962578142138 8.567962578142138 8.567962578142138 8.567962578142138 8.567962578142138 8.567962578142138 8.567962578142138
8.555069689581348 8.567962578142138 8.567962578142138 8.567962578142138 8.567962578142138 8.567962578142138 8.567962578142138 8.567962578142138 8.567962578142138 8.567962578142138 8.567962578142138 8.567962578142138 8.567962578142138 8.567962578142138 8.567962578142138 8.567962578142138 8.567962578142138 8.567962578142138 8.567962578142138 8.567962578142138 8.567962578142138 8.567962578142138 8.567962578142138 8.567962578142138 8.567962578142138 8.567962578142138 8.567962578142138 8.567962578142138 8.567962578142138 8.567962578142138 8.567962578142138 8.567962578142138 8.567962578142138 8.567962578142138 8.567962578142138 8.567962578142138 8.567962578142138 8.567962578142138 8.567962578142138 8.567962578142138 8.567962578142138 8.567962578142138 8.567962578142138 8.567962578142138
8.567962578142138 8.567962578142138 8.567962578142138 8.567962578142138 8.567962578142138 8.567962578142138 8.567962578142138 8.567962578142138 8.567962578142138 8.567962578142138 8.567962578142138 8.567962578142138 8.567962578142138 8.567962578142138 8.567962578142138 8.567962578142138 8.567962578142138 8.567962578142138 8.567962578142138 8.567962578142138 8.567962578142138 8.567962578142138 8.567962578142138 8.567962578142138 8.567962578142138 8.567962578142138 8.567962578142138 8.567962578142138 8.567962578142138 8.567962578142138 8.567962578142138 8.567962578142138 8.567962578142138 8.567962578142138 8.567962578142138 8.567962578142138 8.567962578142138 8.567962578142138 8.567962578142138 8.567962578142138 8.567962578142138 8.567962578142138 8.567962578142138 8.567962578142138
