_RESULTS/CROSS_VALIDATION_POSTPROCESSED/MHZ/TZ/4comp/2/MHZ_TZ_z_1000_kriged_reverse_4comp_spherical_2.asc
ncols 100
nrows 81
xllcorner 5.5967107548124995
yllcorner 50.982328804812504
cellsize 0.00017565037499993607
nodata_value 1.7014100000000001E+038
[rows 0 to 18 of 81, columns 43 to 85 of 100]
0.565841706355896 0.565841706355896 0.565841706355896 0.565841706355896 0.565841706355896 0.565841706355896 0.565841706355896 0.565841706355896 0.565841706355896 0.565841706355896 0.565841706355896 0.565841706355896 0.565841706355896 0.565841706355896 0.565841706355896 0.565841706355896 0.565841706355896 0.565841706355896 0.565841706355896 0.565841706355896 0.565841706355896 0.565841706355896 0.565841706355896 0.565841706355896 0.565841706355896 0.565841706355896 0.565841706355896 0.565841706355896 0.565841706355896 0.565841706355896 0.565841706355896 0.565841706355896 0.565841706355896 0.565841706355896 0.565841706355896 0.565841706355896 0.565841706355896 0.565841706355896 0.565841706355896 0.565841706355896 0.565841706355896 0.565841706355896 0.565841706355896
0.565841706355896 0.565841706355896 0.565841706355896 0.565841706355896 0.565841706355896 0.565841706355896 0.565841706355896 0.565841706355896 0.565841706355896 0.565841706355896 0.565841706355896 0.565841706355896 0.565841706355896 0.565841706355896 0.565841706355896 0.565841706355896 0.565841706355896 0.565841706355896 0.565841706355896 0.565841706355896 0.565841706355896 0.565841706355896 0.565841706355896 0.565841706355896 0.565841706355896 0.565841706355896 0.565841706355896 0.565841706355896 0.565841706355896 0.565841706355896 0.565841706355896 0.565841706355896 0.565841706355896 0.565841706355896 0.565841706355896 0.5662104619375837 0.5672026658060766 0.5683875042718617 0.5694165057998388 0.5700420192418727 0.5701279117548763 0.5696561447801562 0.5687276823140182
0.565841706355896 0.565841706355896 0.565841706355896 0.565841706355896 0.565841706355896 0.565841706355896 0.565841706355896 0.565841706355896 0.565841706355896 0.565841706355896 0.565841706355896 0.565841706355896 0.565841706355896 0.565841706355896 0.565841706355896 0.565841706355896 0.565841706355896 0.565841706355896 0.565841706355896 0.565841706355896 0.565841706355896 0.565841706355896 0.565841706355896 0.565841706355896 0.565841706355896 0.565841706355896 0.565841706355896 0.565841706355896 0.565841706355896 0.565841706355896 0.565841706355896 0.565841706355896 0.5659038567737047 0.5673058267158548 0.5700525139056181 0.5735155669479388 0.5771225233522294 0.5803720548084653 0.582854480565562 0.5842734187465093 0.5844641372504459 0.5834047127111162 0.5812175667590825
0.565841706355896 0.565841706355896 0.565841706355896 0.565841706355896 0.565841706355896 0.565841706355896 0.565841706355896 0.565841706355896 0.565841706355896 0.565841706355896 0.565841706355896 0.565841706355896 0.565841706355896 0.565841706355896 0.565841706355896 0.565841706355896 0.565841706355896 0.565841706355896 0.565841706355896 0.565841706355896 0.565841706355896 0.565841706355896 0.565841706355896 0.565841706355896 0.565841706355896 0.565841706355896 0.565841706355896 0.565841706355896 0.565841706355896 0.565841706355896 0.565841706355896 0.5671352419125988 0.5709259911812345 0.5764735106556053 0.5830506116258041 0.5899526131252159 0.5965125171252237 0.6021275119987182 0.6062927293048304 0.6086363995013537 0.6089496123972344 0.6072044452234222 0.6035564610933616
0.565841706355896 0.565841706355896 0.565841706355896 0.565841706355896 0.565841706355896 0.565841706355896 0.565841706355896 0.565841706355896 0.565841706355896 0.565841706355896 0.565841706355896 0.565841706355896 0.565841706355896 0.565841706355896 0.565841706355896 0.565841706355896 0.565841706355896 0.565841706355896 0.565841706355896 0.565841706355896 0.565841706355896 0.565841706355896 0.565841706355896 0.565841706355896 0.565841706355896 0.565841706355896 0.565841706355896 0.565841706355896 0.565841706355896 0.5659954669678912 0.5689589755277893 0.5750913935027606 0.5836096499095136 0.5937232832154584 0.6046234885827958 0.6154897707837884 0.6255146967308209 0.6339450160728928 0.6401341164929021 0.6435973091277067 0.6440592075755913 0.6414828435937647 0.6360736947467022
0.565841706355896 0.565841706355896 0.565841706355896 0.565841706355896 0.565841706355896 0.565841706355896 0.565841706355896 0.565841706355896 0.565841706355896 0.565841706355896 0.565841706355896 0.565841706355896 0.565841706355896 0.565841706355896 0.565841706355896 0.565841706355896 0.565841706355896 0.565841706355896 0.565841706355896 0.565841706355896 0.565841706355896 0.565841706355896 0.565841706355896 0.565841706355896 0.565841706355896 0.565841706355896 0.565841706355896 0.565841706355896 0.5662091527483559 0.5703534775860641 0.5784800737771618 0.5898151093830453 0.6035591713681325 0.6188566167090925 0.6347831726013705 0.6503558006852521 0.6645678644612245 0.6764493124995141 0.6851460001817435 0.6900057222255265 0.6906535984641619 0.6870390733262269 0.6794424552623441
0.565841706355896 0.565841706355896 0.565841706355896 0.565841706355896 0.565841706355896 0.565841706355896 0.565841706355896 0.565841706355896 0.565841706355896 0.565841706355896 0.565841706355896 0.565841706355896 0.565841706355896 0.565841706355896 0.565841706355896 0.565841706355896 0.565841706355896 0.565841706355896 0.565841706355896 0.565841706355896 0.565841706355896 0.565841706355896 0.565841706355896 0.565841706355896 0.565841706355896 0.565841706355896 0.565841706355896 0.5661460753605674 0.5707095311091849 0.5801660961399789 0.593791973478025 0.6108405170746363 0.6304885976689907 0.6517970622864734 0.6736914485917909 0.6949710753279931 0.7143541888320664 0.7305624683738025 0.7424391596908757 0.7490829578182141 0.7499691240619679 0.7450265309674898 0.7346484684298876
0.565841706355896 0.565841706355896 0.565841706355896 0.565841706355896 0.565841706355896 0.565841706355896 0.565841706355896 0.565841706355896 0.565841706355896 0.565841706355896 0.565841706355896 0.565841706355896 0.565841706355896 0.565841706355896 0.565841706355896 0.565841706355896 0.565841706355896 0.565841706355896 0.565841706355896 0.565841706355896 0.565841706355896 0.565841706355896 0.565841706355896 0.565841706355896 0.565841706355896 0.565841706355896 0.5658943772766662 0.5698843933905521 0.5797169549200134 0.5947406846868661 0.6143121144924311 0.6377217752380976 0.6641267997998519 0.6924948527776597 0.7215691128389775 0.7498684659452126 0.7757387500598926 0.7974664104224877 0.8134522628432811 0.8224209274907125 0.8236186753175467 0.8169427226154333 0.8029595605078538
0.565841706355896 0.565841706355896 0.565841706355896 0.565841706355896 0.565841706355896 0.565841706355896 0.565841706355896 0.565841706355896 0.565841706355896 0.565841706355896 0.565841706355896 0.565841706355896 0.565841706355896 0.565841706355896 0.565841706355896 0.565841706355896 0.565841706355896 0.565841706355896 0.565841706355896 0.565841706355896 0.565841706355896 0.565841706355896 0.565841706355896 0.565841706355896 0.565841706355896 0.565841706355896 0.5682158622363584 0.5772464279044802 0.5924728901444213 0.6133749615255116 0.63941261006994 0.6699388692588921 0.7041120503732529 0.74081295693671 0.7785803620297601 0.8155869504782606 0.8496850301297635 0.8785500672152323 0.8999319605133055 0.9119849017316616 0.9135977366509802 0.9046178016443214 0.8858831132175756
0.565841706355896 0.565841706355896 0.565841706355896 0.565841706355896 0.565841706355896 0.565841706355896 0.565841706355896 0.565841706355896 0.565841706355896 0.565841706355896 0.565841706355896 0.565841706355896 0.565841706355896 0.565841706355896 0.565841706355896 0.565841706355896 0.565841706355896 0.565841706355896 0.565841706355896 0.565841706355896 0.565841706355896 0.565841706355896 0.565841706355896 0.565841706355896 0.565841706355896 0.5664898383726698 0.5734002243320344 0.5874401974372724 0.6081909119211782 0.6352903697482792 0.6683391897526685 0.7067973160956282 0.7498693854697062 0.7963829645702318 0.8446746764206776 0.8925151191530608 0.9371218090546422 0.9753200467112864 1.003894883101768 1.0201130678835206 1.0222894954979267 1.0101903674513306 0.985092310923745
0.565841706355896 0.565841706355896 0.565841706355896 0.565841706355896 0.565841706355896 0.565841706355896 0.565841706355896 0.565841706355896 0.565841706355896 0.565841706355896 0.565841706355896 0.5658454421432679 0.5658591852251381 0.5658636237393083 0.5658534837728354 0.5658419000277486 0.565841706355896 0.565841706355896 0.565841706355896 0.565841706355896 0.565841706355896 0.565841706355896 0.565841706355896 0.565841706355896 0.565841706355896 0.569280615562488 0.5806666059582395 0.5996536357022665 0.6260127508871737 0.6595758280662771 0.7001350453113427 0.7473232998574854 0.8004686123909971 0.858421378542534 0.9193660601804694 0.9806529488717899 1.0387229922446863 1.0892395707931455 1.1275490887864945 1.1495036558710574 1.152461974526807 1.136052612678163 1.1022890215097778
0.565841706355896 0.565841706355896 0.565841706355896 0.565841706355896 0.565841706355896 0.565841706355896 0.565841706355896 0.5658608098625113 0.5660289898654447 0.5662965226978696 0.5665838231325833 0.5668268793656193 0.5669794812293939 0.5670149879268217 0.5669274094283022 0.5667316559813557 0.5664629213810889 0.5661752843904982 0.5659397130802991 0.565841706355896 0.565841706355896 0.565841706355896 0.565841706355896 0.565841706355896 0.5663421135514195 0.5736131126431666 0.5892384996516578 0.6130332880352004 0.644981278661772 0.6851479497446331 0.7335779534702883 0.7901635445939251 0.8544697493642808 0.9255042824937965 1.0014304017235411 1.0792490747477272 1.1545375070164405 1.2214310705324969 1.2731327025437136 1.3031756814379511 1.3072481793792348 1.284731890950199 1.2389432378787055
0.565841706355896 0.565841706355896 0.565841706355896 0.565841706355896 0.565841706355896 0.565902696485813 0.5662719018574746 0.5668716352649629 0.5675880713799647 0.5683178793748096 0.5689713300420352 0.5694755371535105 0.5697774824529603 0.569846445839842 0.5696755044608313 0.5692818798907062 0.5687060808603267 0.5680099703224641 0.5672740353021044 0.5665942231623059 0.5660787184381725 0.565844982425656 0.565841706355896 0.565841706355896 0.5680289469946597 0.5787939403210264 0.598339590112798 0.6266819730714173 0.6640361157780382 0.7107376504885475 0.7671458876874658 0.8335104523952764 0.9097788224500075 0.9953169600708147 1.0885144742487898 1.1862631850358534 1.2833666466255649 1.3721156884146737 1.442579061460526 1.484377810669467 1.4900961559658756 1.4586382085530594 1.395786620305972
0.565841706355896 0.565841706355896 0.565841706355896 0.5658477935339986 0.5661976722776886 0.5669860931370608 0.5680761200440787 0.5693347538980638 0.5706355089046825 0.5718618213294704 0.5729110954385274 0.5736990359291901 0.5741637792878529 0.5742692680113547 0.5740073548498634 0.5733982925222233 0.5724895261052673 0.5713529905071245 0.5700813439631491 0.5687836843724244 0.5675812867959728 0.5666037964592986 0.5659861610784621 0.565841706355896 0.5703531056579084 0.5841690324745085 0.6072060302939524 0.6396779186894295 0.6820380344801786 0.7349152789702053 0.7990324095454536 0.8750864178591266 0.963561821524032 1.0644332106363594 1.1766930302465246 1.2976214364560776 1.4217342345786161 1.539529199715052 1.6367866450692552 1.6963861323865852 1.7046650102663738 1.659500982237536 1.5717916328926618
0.565841706355896 0.565841706355896 0.5659078383307156 0.5665421590185108 0.5677296238034276 0.56932243002241 0.571172497911791 0.5731333231379871 0.5750630190606341 0.5768285515957665 0.5783109771452615 0.5794112479102785 0.580055905483669 0.5802018314884778 0.5798392522223382 0.5789924423444189 0.5777179926110958 0.576100970581904 0.5742496614717791 0.5722897306012404 0.5703585909922146 0.5686005565448439 0.5671631072529897 0.5663797647582552 0.5727990799883639 0.5891402785250216 0.6151141915275453 0.6511160188782211 0.6977321589134248 0.75585247585114 0.8268899449863355 0.9121021075818111 1.012293546361353 1.1282415016485614 1.2601134647935268 1.4063412529303327 1.562286158443088 1.7177829885913716 1.8538763603069015 1.9420091218788884 1.9546041607870297 1.886972340652015 1.762023322456967
0.565841706355896 0.5659475780791693 0.5667716060780822 0.5682872998060203 0.570341552216876 0.5727772064437937 0.5754336151041285 0.5781485085663678 0.5807614357796705 0.5831189120812789 0.5850811491847623 0.5865298589681092 0.5873761914219342 0.5875675436584907 0.5870919455398529 0.5859790951942309 0.5842978155596094 0.5821504873098987 0.5796655913863206 0.5769896879843086 0.5742799820752139 0.5716982331017639 0.5694063408106446 0.5681891908518256 0.5747889327698927 0.5896795471985523 0.6136108025775524 0.6474989772250519 0.6929899225214904 0.7519927825631336 0.8266505771477415 0.9192373076861403 1.0319338559598117 1.1664147234147078 1.3231422525787668 1.500193664781268 1.6917538740101712 1.8927741088130352 2.084512652359488 2.2220323571072833 2.2429588316669737 2.134556301869854 1.953056525596872
0.5659210650226121 0.5667957935640487 0.568518085882071 0.5709352216141155 0.5738879362652924 0.5772093855370346 0.5807252017639113 0.5842550973088636 0.5876165011344024 0.5906306138794832 0.5931309484641173 0.5949738443412302 0.5960496848901565 0.5962928721786469 0.5956884056290133 0.5942734519073869 0.5921335000941623 0.5893940821195188 0.586209999385208 0.5827542012487362 0.5792080061399849 0.5757536017203997 0.5708252489945147 0.5630944408140891 0.5616531267762469 0.5691090817719172 0.5867377809608524 0.6155478923555661 0.6568471320592131 0.712837839466272 0.7861831137610069 0.8799917409803477 0.9977097378383152 1.1428588245426237 1.3185358312758984 1.5265401277071589 1.7658638717918067 2.0297563077544707 2.298386945428824 2.5276358445702383 2.569341709936497 2.375478678165163 2.1145200531559163
0.5666057788011236 0.568366920045346 0.5709935295389398 0.5743307414188792 0.5782139761800936 0.5824670306913042 0.5869012332089587 0.5913163108888099 0.5955037797973224 0.5992536828599144 0.6023651870537463 0.604660732785752 0.6060021161161483 0.6063054847620203 0.6055515419564605 0.6037880157116201 0.6011236344008744 0.5977154290568001 0.5937528317357763 0.5894421264661237 0.5843363655725017 0.5732837429802474 0.5571729556799543 0.5395808419959203 0.5294566552097202 0.5288452244946574 0.5387358857186517 0.5605073926095663 0.5952264104831034 0.6448551989470874 0.7122865063890857 0.8011037933958286 0.9155751496468622 1.0605294494051538 1.241045086730742 1.461871210510011 1.7265077408077065 2.0358968752084543 2.3866499230286027 2.767144288604116 2.8815502155182418 2.519177677089776 2.1943487934279293
0.5678696808579585 0.5705058547564699 0.5740372949454986 0.5783087068499577 0.5831518817608138 0.5883825798036132 0.593798258106726 0.5991774772702941 0.6042822113199565 0.6088645907762291 0.6126794966443371 0.615503425135433 0.6171578599518971 0.6175325026320471 0.6166017550370226 0.6144287835191934 0.6111556540525703 0.6069831299806482 0.6021466391762178 0.5944381806169313 0.5777754412394136 0.5546002118540201 0.5278535771081581 0.5011331930066422 0.4827395457882625 0.4743050570093055 0.4764076310089087 0.4900860852555966 0.5167731030270623 0.5578070867230775 0.6159127983318093 0.6947303225169055 0.7987742492381646 0.9333706113947613 1.1043848984961973 1.3175941997281801 1.5774541845282681 1.8846492667952277 2.229802203089025 2.564831837015925 2.668732561284886 2.439670311513318 2.151967999097621
