_RESULTS/CROSS_VALIDATION_POSTPROCESSED/MHZ/IZ/3comp/1/MHZ_IZ_z_180_kriged_reverse_3comp_spherical_1.asc
ncols 100
nrows 81
xllcorner 5.5967107548124995
yllcorner 50.982328804812504
cellsize 0.00017565037499993607
nodata_value 1.7014100000000001E+038
[rows 38 to 56 of 81, columns 0 to 43 of 100]
49.14828757230753 49.150821992535015 49.15351497538842 49.15579748075458 49.15725695574748 49.157651382684655 49.15730837769472 49.157494961009185 49.159006470898795 49.15553514479819 49.12733728305197 49.074704862618916 48.9966727206497 48.88759435384629 48.74810822794459 48.57941323980235 48.38303583564341 48.1610362024395 47.91626371537462 47.65271123590857 47.376058310905655 47.09456980896831 46.82062670338954 46.57313066497524 46.37984275430498 46.27411971936582 46.277785122376336 46.38355749545853 46.56407601660961 46.78776611081171 47.033704991937455 47.28621432701014 47.52392432324506 47.740303127165994 47.93238273105618 48.088824883305286 48.206214648570054 48.284561790663936 48.323867366159895 48.32397212770082 48.284392790270545 48.20413985373305 48.08277004969912 47.946420970210006
49.16234984895107 49.168921815101655 49.174809858527816 49.179379382260024 49.182169470382334 49.18313318675435 49.183618570430234 49.1837798618317 49.183657615973324 49.17305516073774 49.13553805991883 49.072326973910094 48.98470901345947 48.86963589744065 48.72591273394157 48.55226186280277 48.349837848289155 48.12038837731129 47.866276659196636 47.59073249543814 47.298245999054615 46.99529759417753 46.69192391905224 46.40540523875952 46.1685096918337 46.03806163641484 46.062646519653555 46.21820117842443 46.44734640623013 46.71254099469227 46.990004407791304 47.25467275691494 47.49745895451618 47.71605233830306 47.91425204088205 48.075591672603686 48.195607921416745 48.27441595126331 48.31202020484148 48.308236060131094 48.26257777101497 48.17409456181744 48.04882481844152 47.90941083885564
49.18899243076137 49.199772378393654 49.20899641062262 49.21595744857132 49.22017003375313 49.222717578590995 49.224087191070375 49.2241446825157 49.22295811426539 49.20754702335151 49.162885464607584 49.091162449323264 48.994038229035006 48.87165468019931 48.721079479432596 48.544192958131454 48.339808011203964 48.10746300699983 47.84910426363749 47.567264095989195 47.265228095767206 46.94732356798668 46.61962492215835 46.29226135428976 45.989324807138665 45.79598868931393 45.86491595455579 46.1007256967186 46.38384599560425 46.680162274681095 46.971926736831506 47.24144267590917 47.484215347504474 47.70758942771978 47.91165554153886 48.07569980593357 48.19649928046834 48.27422537497181 48.30885543588132 48.300171167298956 48.24771317145814 48.15204186392526 48.02690954068453 47.89049773628932
49.226818711774264 49.2419646907005 49.25465952803544 49.26411434156152 49.270443919093495 49.274847905640996 49.27704589335399 49.276912754680836 49.274550834434535 49.25613498706176 49.20756467956489 49.13045694116844 49.02638623415046 48.89735102743 48.742350159553155 48.56045844277493 48.35440909829596 48.12433695470338 47.86788282368518 47.5872125795191 47.28505581205873 46.96464608323011 46.629675671662966 46.28421716012599 45.93265384193971 45.58131492718315 45.78198570910376 46.092911180121824 46.40337876336389 46.7098432498391 46.99566903849548 47.25552799779116 47.494215450334195 47.71980179768183 47.92546327878818 48.08966896250348 48.20924826909683 48.28429662014055 48.31467697829148 48.30008940835439 48.24010993935433 48.14039479506289 48.019288665135676 47.888926709548976
49.274286881939545 49.29394872986226 49.310247235391174 49.322389187555714 49.33151287217055 49.337742319372246 49.3407010738875 49.34027529096663 49.33661048028225 49.31682721481632 49.26627817006315 49.18659572663769 49.07936346115894 48.94624116936618 48.788982185975605 48.606237600498844 48.39925038041024 48.171367790480666 47.92321276681301 47.65186828577471 47.36036516162171 47.0528014221327 46.73472367117621 46.41501892539152 46.11473534933109 45.918019998603235 45.99727751326246 46.24059266810473 46.52201520170249 46.80584977476301 47.068934070221665 47.30953583280918 47.538471116003656 47.75555721010464 47.955655063594584 48.1167527535707 48.23314236084269 48.3040009970343 48.32893924837911 48.30747774807575 48.239407095656965 48.140120862902045 48.024358443565845 47.902191132223116
49.32972948303795 49.354051522873554 49.37408768038767 49.389510199193076 49.4015017843231 49.40951831058021 49.41315604661436 49.41231333048969 49.40718994146101 49.387455063230746 49.33674650518563 49.25658517519698 49.1486635224238 49.014739768027695 48.856768032012404 48.676777266994016 48.47410778723666 48.25111171335802 48.01207588626231 47.7574004369566 47.48577004804088 47.20328483453726 46.91921114575216 46.64947224020413 46.42535167358975 46.30452310356814 46.33819890721682 46.49803394450615 46.72217298881776 46.96079791642756 47.18825870657468 47.406007935660895 47.61829760953327 47.82087776379484 48.008924883709334 48.16159675581041 48.27046962872142 48.334341654336264 48.352056004906686 48.32256017276857 48.24894667163362 48.152894213320145 48.04216089950828 47.931160377016255
49.391364251189394 49.42048455272439 49.44439580688216 49.463584284414615 49.478441725717246 49.48820402095589 49.492425584709 49.49101390150824 49.484236003349146 49.46538251350939 49.41616166143002 49.33743615965746 49.23108525111562 49.09903995004483 48.94341190916363 48.76659192239236 48.57122425053282 48.35793482687791 48.130092704341216 47.89345191696997 47.64755534275582 47.39639051281653 47.15170461516138 46.93118607649325 46.76110056598473 46.67361208073502 46.689105340009775 46.79753082761891 46.96793201040593 47.15705524753865 47.34547263179451 47.53731594269321 47.72803001380602 47.912036718984375 48.08461770450906 48.22705914724638 48.327218324022134 48.382928036747856 48.39251615058057 48.3563213890083 48.28196653876384 48.18791479763547 48.08046944011997 47.98083423981711
49.45729409847104 49.491336032197644 49.51941608576964 49.542528079376176 49.56025649546119 49.57173171707734 49.57643759245203 49.57427773524266 49.56559973076203 49.54755710751931 49.501221547121006 49.425569803666015 49.32274707348828 49.194930387405314 49.04445352868724 48.87389406898433 48.68614128056764 48.48453440763219 48.271772717021314 48.05224539197129 47.83282788595491 47.613861628026484 47.40606642785327 47.225387516301204 47.091002883213704 47.02155743281241 47.027147886599856 47.10334858758926 47.23098144789131 47.37587969435008 47.52922658818937 47.6933332688663 47.860138177879165 48.023256561257426 48.1775692361982 48.308913663526205 48.4001484621885 48.447892757795245 48.45210288584254 48.414459472261356 48.34010277349646 48.24628559433978 48.1387894242374 48.046776211169814
49.52549351406917 49.564540890527205 49.59705370867316 49.6240870406675 49.64470598548251 49.65789438385107 49.6630085870571 49.65991078588473 49.64903788409746 49.63057125961018 49.58821180298357 49.51704578242925 49.41970452354383 49.298430935065824 49.15565051979977 48.994077481495694 48.81672652047405 48.62691640949547 48.42860979737427 48.22722037547806 48.02939308517883 47.840130080777044 47.66384584208137 47.513868962262414 47.403942308128215 47.34567146406242 47.34486041429058 47.39925942809977 47.49403351820336 47.60249864505069 47.72633606227049 47.86365230093718 48.006361788835314 48.14789290168386 48.282772947586366 48.40186228675346 48.48519537498186 48.52934073326913 48.53297739458749 48.49609436804451 48.4231685922905 48.32926735898591 48.22007518465571 48.122524348387984
49.5937799787458 49.637819496599924 49.67481178368837 49.70569765836769 49.7292379780039 49.74422127028807 49.74976185739583 49.745581370329056 49.7325204956068 49.712512767287656 49.676797527689246 49.61306907033657 49.523724894055476 49.41127355269157 49.2783971462518 49.12806253444287 48.96346458091288 48.78767105302071 48.6032442229062 48.41415146719032 48.230025488156265 48.06279878519752 47.91249412783038 47.78629891805235 47.694080126427416 47.643490918484915 47.63819666057134 47.67691820419099 47.746630710287626 47.827090580847205 47.92581398674334 48.03872686718801 48.15855574249917 48.27900895702739 48.39503621075883 48.50238885572268 48.582623378717955 48.6262188774847 48.63177873016281 48.598843675086925 48.53076987877486 48.440332441288874 48.33363474743563 48.218206747566285
49.65977613655338 49.70858108593493 49.74974502035889 49.78419440966572 49.810643057755975 49.8276714751878 49.83429938782841 49.83108585135761 49.81830722315786 49.797148754911355 49.766466394977535 49.71104351002862 49.630716332538164 49.52824871423866 49.40655209825876 49.26888406807079 49.11888139612596 48.960046931841056 48.79314042170425 48.61517630725747 48.438421175799704 48.28095605128668 48.146256876128284 48.03629654130879 47.95740236398312 47.91267551766112 47.90423267227821 47.93124551019651 47.98202735270839 48.04125675261875 48.118905835490175 48.210674724192664 48.31062788766662 48.4134496911503 48.51422653396921 48.608832403860205 48.68682131140355 48.73163402511287 48.742140496376805 48.71755539189369 48.6599860622541 48.582121277454576 48.49386132296117 48.38195374145671
49.720888978805675 49.7738165144273 49.81816307055333 49.85523974574731 49.88430238424937 49.90524851912395 49.916472784680224 49.916000732665964 49.90375181854079 49.88140005487305 49.85131901065263 49.80488155609186 49.734308511072335 49.64253076864833 49.53255528475485 49.407766494846435 49.27215374679395 49.130435039002435 48.9874958157953 48.81642646917784 48.64442522711393 48.4947468396961 48.371550221797946 48.2706527075434 48.19724925797368 48.155462379621895 48.14421193737996 48.16207435513605 48.19902329915994 48.24281102806197 48.304231920159175 48.37774985776959 48.4581541239938 48.54177169399298 48.625211111432506 48.7053506895841 48.777887574720104 48.82546737755264 48.843698262968445 48.83249991828706 48.79793911683511 48.759385895671244 48.724596002640276 48.68580254126813
49.77437330961846 49.83009304127661 49.87532382749752 49.91247326604347 49.944251166993915 49.97095463298733 49.9890260768102 49.99365237973154 49.9833887216795 49.960543926230336 49.92861433080828 49.88868674439751 49.82853872018168 49.74792642215238 49.64974838550699 49.53715226600976 49.41368821421861 49.28297629890664 49.14547425973172 48.99146350027019 48.83532921779727 48.69674943725571 48.58368771869053 48.49082074784674 48.420756089454635 48.37724992426225 48.362443665147566 48.373211902980536 48.400123226899694 48.42964249231856 48.47184326783682 48.52462002745742 48.58504269149251 48.650208992716216 48.71734110690456 48.78382240556983 48.846675514952054 48.89749865286876 48.93149782416969 48.94939144026749 48.9507111964544 48.964699481904546 48.99122442415928 49.036463935291266
49.817590700431104 49.87394196779603 49.91577888564597 49.94729981247139 49.97420193924801 50.00510646752904 50.03668510702899 50.05406432685895 50.050454599566606 50.029471852851835 49.99703112027425 49.95748836403496 49.90816236033337 49.83927915403651 49.75300477205653 49.65202394383429 49.53909916994451 49.41657491013417 49.28525907352694 49.146190370352414 49.00770866381481 48.8820710053804 48.77858904058254 48.69315369474329 48.626037460475416 48.580706350209795 48.559330668378465 48.56147673871856 48.57484079043926 48.58742839690759 48.6113039190159 48.645284154879675 48.68730764361759 48.73522699330288 48.786905026379166 48.84026881159879 48.89600936018172 48.95940724346987 49.02003492002971 49.06795753984789 49.11031655437659 49.1705009423339 49.2444329129745 49.33827218942735
49.848522235807415 49.90309018982604 49.93623043280107 49.94462964732781 49.93885058625176 49.96364618854911 50.03067701804213 50.082872486793825 50.097022319041976 50.08297975453518 50.05275938627752 50.013536061348574 49.968846812642745 49.91260283529083 49.838742398054286 49.74955366305965 49.6473438681045 49.53436172240545 49.41291795316176 49.286678488101224 49.1623455583934 49.04864670297414 48.95386752850208 48.8750917402356 48.81059468254193 48.763685295255684 48.733824018172534 48.717970911124944 48.715742015244956 48.71346367560801 48.720705285624746 48.737392698503854 48.7622370332986 48.793796543385824 48.830551624286954 48.87798620401419 48.94291926240116 49.01823606374419 49.0995392792405 49.17884835149442 49.26394376137378 49.35950006841996 49.462745965685244 49.5735227707123
49.866275697593935 49.919062865637684 49.938337549165155 49.89986396560537 49.78704702644662 49.74386238417881 49.93260175347132 50.06842931162889 50.1170418318494 50.117001486807226 50.09293400868899 50.05668211671136 50.01336387284556 49.96497182527839 49.904488489150076 49.82787500881189 49.73731296514906 49.63529340533878 49.52493928540928 49.41059707420762 49.298237391631886 49.19495340509486 49.107885896730394 49.034757396999765 48.972460274147416 48.92069988882085 48.87685916091663 48.84365894109749 48.82297970482144 48.80693075899732 48.7987446784068 48.79918818896466 48.80765484730326 48.82334810792128 48.853864764857 48.90949194039898 48.983781215375686 49.069879738691654 49.16610361712397 49.27978826004324 49.40208426755205 49.526008299815985 49.6470547894577 49.76220659866735
49.87160119636223 49.92481902346798 49.93601153919136 49.86160118853948 49.624804782384174 49.33550161508507 49.807019762767354 50.02930655990868 50.11345513311648 50.13089919460019 50.11648590287506 50.08610511477344 50.04652011704174 50.000344181321175 49.94846298839135 49.88544419772648 49.80746593373595 49.71725206257911 49.6183161526759 49.51519126731574 49.41344806089705 49.31933565761265 49.239171285718804 49.170607734856105 49.10715377592844 49.04520098828139 48.9879888565692 48.93847627711877 48.89900396000115 48.867439342647025 48.8445653307426 48.829358655791246 48.821803049543725 48.82863669411437 48.86553235291753 48.92884306645682 49.01152044606876 49.11021992123618 49.23061321933274 49.36922498336948 49.52070222691993 49.6709400529657 49.805557520430014 49.92447820922604
49.86549958270544 49.922198846179406 49.94094678709509 49.886846502573924 49.74665385220694 49.67296104991903 49.84056622926647 50.011150921187344 50.09932589314118 50.128631339914854 50.12470533312051 50.10237832122553 50.06876990101039 50.026813139807224 49.977513976231414 49.92126468859907 49.85623254256181 49.77821200001822 49.690614039124476 49.598076919087006 49.50597554710461 49.420104038618476 49.34623217790574 49.27983392183184 49.20942468880485 49.13746525219664 49.06747813735656 49.002491137965855 48.945061071232814 48.89637240135987 48.85760919730572 48.82689918993438 48.80643856241022 48.81714360806211 48.8597594802294 48.92962647592361 49.02471536478975 49.14642998778106 49.29070393111749 49.45223290066795 49.624083299275995 49.795295471579955 49.9449671762549 50.07061503645702
49.84760161014961 49.909589812184706 49.944164383576165 49.93263795099079 49.88425490979498 49.864374826118016 49.926335219324876 50.018455595570764 50.08503912460491 50.1163330006442 50.12077448569687 50.10729370765418 50.08134765429152 50.045443504787535 50.00044025766559 49.94669615887359 49.88487988371696 49.81635532968181 49.739754251618194 49.65715953274174 49.573919153617716 49.49559961959595 49.4273831104347 49.3573195248026 49.27956224751115 49.19786872595137 49.115624968612934 49.0358514557084 48.96122829020924 48.89413617174322 48.837507151768726 48.79116667942513 48.769598626108305 48.78385322735021 48.83214669495966 48.9160590864407 49.03216343873626 49.17638277866027 49.34353824043375 49.5272230495126 49.71899887977065 49.90750261960344 50.070966482403925 50.20434108998912
