_RESULTS/CROSS_VALIDATION_POSTPROCESSED_CLR/Berg/GZ/7comp/5/Berg_GZ_z_90_kriged_reverse_7comp_spherical_5.asc
ncols 100
nrows 90
xllcorner 5.6208707817415728
yllcorner 50.959635321741573
cellsize 0.00013419651685393446
nodata_value 1.7014100000000001E+038
[rows 0 to 18 of 90, columns 0 to 42 of 100]
1.196695571674422 1.196695571674422 1.196695571674422 1.196695571674422 1.196695571674422 1.196695571674422 1.196695571674422 1.196695571674422 1.196695571674422 1.196695571674422 1.196695571674422 1.196695571674422 1.196695571674422 1.196695571674422 1.196695571674422 1.196695571674422 1.196695571674422 1.196695571674422 1.196695571674422 1.196695571674422 1.196695571674422 1.196695571674422 1.196695571674422 1.196695571674422 1.196695571674422 1.196695571674422 1.196695571674422 1.194202841740194 1.1772880861024264 1.141769290109151 1.0872536498125893 1.017961347073209 0.9379115420151605 0.8504570221463018 0.7627389016228083 0.6773999683748462 0.5951449493333753 0.5166308495333083 0.44260026755471205 0.3740608416332871 0.3124906488815231 0.26000450760584126 0.21933615376013993
1.196695571674422 1.196695571674422 1.196695571674422 1.196695571674422 1.196695571674422 1.196695571674422 1.196695571674422 1.196695571674422 1.196695571674422 1.196695571674422 1.196695571674422 1.196695571674422 1.196695571674422 1.196695571674422 1.196695571674422 1.196695571674422 1.196695571674422 1.196695571674422 1.196695571674422 1.196695571674422 1.196695571674422 1.196695571674422 1.196695571674422 1.196695571674422 1.196695571674422 1.196695571674422 1.196695571674422 1.1868963659372502 1.1519296931035081 1.0953111155500088 1.020837116677654 0.9328557307789461 0.8383872988190044 0.7453695419672226 0.6549667591468067 0.5678956058860182 0.48465583915959143 0.4056235677962454 0.33121509214501277 0.26213931668063295 0.1997472973708858 0.14644309258784705 0.1059825890932955
1.196695571674422 1.196695571674422 1.196695571674422 1.196695571674422 1.196695571674422 1.196695571674422 1.196695571674422 1.196695571674422 1.196695571674422 1.196695571674422 1.196695571674422 1.196695571674422 1.196695571674422 1.196695571674422 1.196695571674422 1.196695571674422 1.196695571674422 1.196695571674422 1.196695571674422 1.196695571674422 1.196695571674422 1.196695571674422 1.196695571674422 1.196695571674422 1.196695571674422 1.1959820340382878 1.1847349561680862 1.1527331717463145 1.095938076304638 1.0184303023187433 0.9242176466785761 0.8235318342907817 0.7245016669366335 0.6284182686013681 0.5362250295941127 0.44850581385876565 0.36550424792409797 0.28720497238568954 0.21350437585007342 0.14450968047196233 0.08102313691701113 0.025276120712489636 -0.01812427009297779
1.196695571674422 1.196695571674422 1.196695571674422 1.196695571674422 1.196695571674422 1.196695571674422 1.196695571674422 1.196695571674422 1.196695571674422 1.196695571674422 1.196695571674422 1.196695571674422 1.196695571674422 1.196695571674422 1.196695571674422 1.196695571674422 1.196695571674422 1.196695571674422 1.196695571674422 1.196695571674422 1.196695571674422 1.196695571674422 1.196695571674422 1.196695571674422 1.1943024984838568 1.177097026780186 1.1456091260423658 1.09136180166719 1.0130020783823461 0.9148810982527449 0.8086588632878112 0.7027486680923256 0.5999176187204512 0.5015984598473071 0.4087517974278212 0.32185327463980995 0.2408755432426597 0.16533539473269876 0.0944371599928826 0.02735973492236843 -0.036221185967436176 -0.09517601310547485 -0.14513913585382876
1.196695571674422 1.196695571674422 1.196695571674422 1.196695571674422 1.196695571674422 1.196695571674422 1.196695571674422 1.196695571674422 1.196695571674422 1.196695571674422 1.196695571674422 1.196695571674422 1.196695571674422 1.196695571674422 1.196695571674422 1.196695571674422 1.196695571674422 1.196695571674422 1.196695571674422 1.196695571674422 1.196695571674422 1.196695571674422 1.196695571674422 1.193615224681122 1.172730532392451 1.1349090168802247 1.0825758174503335 1.0064451214016739 0.9067959566703272 0.7954129321541751 0.6830643568848832 0.5723145326982498 0.46625262404226775 0.3666037998991212 0.27443533999310876 0.1901885897655906 0.11360875569208018 0.04374057847161095 -0.020981559126884708 -0.08251535278769428 -0.1427989940203893 -0.202925177405463 -0.26121047812780573
1.196695571674422 1.196695571674422 1.196695571674422 1.196695571674422 1.196695571674422 1.196695571674422 1.196695571674422 1.196695571674422 1.196695571674422 1.196695571674422 1.196695571674422 1.196695571674422 1.196695571674422 1.196695571674422 1.196695571674422 1.196695571674422 1.196695571674422 1.196695571674422 1.196695571674422 1.196695571674422 1.196695571674422 1.196695571674422 1.1945445573405982 1.1731300699080447 1.1313950734299318 1.072708329568444 0.9992779444995818 0.9016575372703405 0.7859567161610039 0.6672834641911937 0.5489260271983684 0.43364398004282245 0.3248284361664038 0.22472957478613131 0.13466045697506468 0.055161233821648725 -0.014136394097711502 -0.072728133829145 -0.12076287719243495 -0.16349624856216805 -0.20639066164754327 -0.2545540722445736 -0.3120200242194824
1.196695571674422 1.196695571674422 1.196695571674422 1.196695571674422 1.196695571674422 1.196695571674422 1.196695571674422 1.196695571674422 1.196695571674422 1.196695571674422 1.196695571674422 1.196695571674422 1.196695571674422 1.196695571674422 1.196695571674422 1.196695571674422 1.196695571674422 1.196695571674422 1.196695571674422 1.196695571674422 1.196695571674422 1.1962263208769892 1.1781657986557095 1.1362140520391466 1.0736574931143248 0.993942251416285 0.8993866783640366 0.7825923702201345 0.6581262228372972 0.5320635793889108 0.40762307072835524 0.28795313063806427 0.17664414189031596 0.07679970104949607 -0.009749206720988779 -0.07599244820007289 -0.12069245902548764 -0.14858846701303574 -0.16538849710613324 -0.17750053671630894 -0.19159233466168812 -0.2140012244254237 -0.24991244954370173
1.196695571674422 1.196695571674422 1.196695571674422 1.196695571674422 1.196695571674422 1.196695571674422 1.196695571674422 1.196695571674422 1.196695571674422 1.196695571674422 1.196695571674422 1.196695571674422 1.196695571674422 1.196695571674422 1.196695571674422 1.196695571674422 1.196695571674422 1.196695571674422 1.196695571674422 1.196695571674422 1.196695571674422 1.186113260847058 1.1483499491467857 1.0862131602454295 1.0030083429858767 0.9022287952173788 0.7866404317203348 0.6580229204688577 0.5250797831909539 0.39134333356554074 0.2604842136785963 0.13621804581313346 0.0223954244177762 -0.07166000303007625 -0.1354171724748623 -0.170989759071158 -0.1820460498221821 -0.17366923267195955 -0.15225402781309771 -0.1250856132001974 -0.09955167147350097 -0.08186222930985876 -0.07468947506871171
1.196695571674422 1.196695571674422 1.196695571674422 1.196695571674422 1.196695571674422 1.196695571674422 1.196695571674422 1.196695571674422 1.196695571674422 1.196695571674422 1.196695571674422 1.1966911209834783 1.196509622745818 1.1962232176680196 1.1960010148949998 1.1959409235798262 1.196066756063209 1.1963275110211324 1.1965989029015915 1.196695571674422 1.1937623353306193 1.1651047889367279 1.10832939123355 1.026552152567341 0.9230634047737436 0.8013642790232098 0.6680229506142409 0.5304189551381921 0.3887273809302547 0.2468309189341069 0.10889844615030486 -0.02030741562865357 -0.12350022610060063 -0.19237959251166648 -0.22716047483081314 -0.22961462270168287 -0.2031356895848 -0.1530286982548692 -0.08642444542143135 -0.011682921388567413 0.06278186183492118 0.13033631381589683 0.18885116051898088
1.196695571674422 1.196695571674422 1.196695571674422 1.196695571674422 1.196695571674422 1.196695571674422 1.196695571674422 1.196695571674422 1.1966314318291111 1.1957897262508754 1.1943032993859029 1.1925556001427977 1.1908739988552561 1.189520683221514 1.1886846867578993 1.1884757479384733 1.188920588970738 1.1899619919357587 1.1914607684549299 1.1932004190044427 1.180478993421198 1.1357210570878282 1.0613487300973294 0.9607111924380959 0.8375476839755308 0.6953194098330084 0.5486050695604601 0.40198894751506 0.25121653984094405 0.10049074972946981 -0.04408303284464088 -0.1603098621450152 -0.24106050318376404 -0.28485525235504605 -0.2902459298906874 -0.2578522938994412 -0.19042419866109617 -0.09337626057155757 0.02517355892005879 0.1551397674731052 0.28424926553556706 0.400743518210136 0.5020284969629032
1.196695571674422 1.196695571674422 1.196695571674422 1.196695571674422 1.196695571674422 1.196695571674422 1.1965619361751396 1.1950341986740383 1.192224025084047 1.1886405764921295 1.184756476228808 1.1809965858382976 1.1777262732502718 1.1752399729815721 1.1737509956922376 1.1733835754865052 1.1741680095612474 1.1760394468613278 1.178840468434469 1.1800670367624666 1.154128847136998 1.0957422809204045 1.0072926179887087 0.8912585812949048 0.7502618445581212 0.5897556525243544 0.43097494306599593 0.275203686699782 0.11504740597842411 -0.04380305747353486 -0.17634273573949777 -0.27374725509341236 -0.33376129168511737 -0.35372430274680355 -0.33057094086538696 -0.262719854505306 -0.15167383710262405 -0.0027659896008347395 0.17075087619877638 0.3511341509225878 0.5270290352294262 0.6881948628708845 0.8278931795523293
1.196695571674422 1.196695571674422 1.196695571674422 1.196695571674422 1.196695571674422 1.1955546632858305 1.1922126264502295 1.1872578474023954 1.181270418148114 1.1748074212348099 1.1683911488118615 1.162495610007778 1.1575320006140049 1.1538341710338806 1.1516454119805624 1.1511079802937365 1.1522566318453498 1.1550170022424537 1.1592090526099563 1.155063589843334 1.1174603252656823 1.04707210644806 0.9461325020171817 0.816953640468865 0.6619772913837048 0.4892553712954142 0.31862920503938574 0.152844015181413 -0.016368538944419697 -0.1657310848899598 -0.28186233981513853 -0.36259977622750417 -0.4046457495843596 -0.40358532550045156 -0.35434464753919737 -0.25209715918987574 -0.0972984272863413 0.0950367371427614 0.31427983571198714 0.5468331579119305 0.7762293527350786 0.9862920434919749 1.1643657929062645
1.196695571674422 1.196695571674422 1.196695571674422 1.1966079512554664 1.1942785065431603 1.1892499364229119 1.1821582122796261 1.1736400921966261 1.1643251820071818 1.154825247137688 1.1457206450817716 1.1375441179269972 1.130762693443302 1.1257590200737648 1.1228139660602536 1.1220925644720738 1.1236352270466627 1.1273555317814645 1.13304092054279 1.120801488318192 1.0734175112105935 0.9929339236632027 0.8814116471957474 0.7409694653953456 0.5738333456398901 0.3928002345524597 0.21379964919916006 0.03800182257651086 -0.12633866761660872 -0.2598102527425459 -0.3610453833884957 -0.4276393521150661 -0.4554650250121923 -0.4382277893218971 -0.3675603596331405 -0.23968483972587307 -0.05990868340291455 0.17156381828154021 0.4440765574961587 0.7381398138705608 1.0299680844533559 1.2953637393143806 1.5135880302890556
1.196695571674422 1.196695571674422 1.196498193945383 1.1933854166121045 1.1869903682874812 1.1779733347764245 1.1670084411032402 1.1547787629611264 1.1419685205766328 1.1292517030833167 1.1172766843807653 1.1066468470350346 1.097897952013167 1.0914739044310822 1.087703459673347 1.086780968795158 1.0887541574898283 1.0935210273645541 1.0995653248364328 1.0797619758077674 1.0247244819124326 0.9363334424108359 0.8164639451564701 0.6670256885385345 0.4901563216745387 0.3029665187329267 0.11670458749428336 -0.061745082736733625 -0.20778346566683847 -0.32564131058402324 -0.4130183351324812 -0.46778748646870016 -0.4856367580097405 -0.458854961123893 -0.3831736979727074 -0.25465173820558995 -0.05544763527414531 0.2195161603463318 0.5549426664981296 0.921912904000018 1.2874016473575247 1.6177188324312313 1.8802422616498442
1.196695571674422 1.1965567615195702 1.1932401153162 1.18598927941731 1.1754698258853469 1.162371303781729 1.147404549007718 1.131235771546483 1.1146678475501857 1.098521817754381 1.0835314078573037 1.070319958167299 1.0594285648128718 1.051443301434177 1.0467617801989602 1.0456168885396384 1.0480660210345654 1.0539866140383916 1.0592758743364012 1.0341623663774804 0.973830374487891 0.87998953070596 0.7543251212973365 0.5985363237366115 0.4151348345200172 0.2233399717783524 0.03147833439245873 -0.13525495804686893 -0.2622972221033133 -0.3621431477836232 -0.43554479265394264 -0.4795651771996574 -0.4908656912188698 -0.47000779378313573 -0.4174820324172348 -0.30358924116619046 -0.09196079484808517 0.23258831026639237 0.6439573699326968 1.0960174488177616 1.5463682276599129 1.954675306235489 2.2706641710630993
1.196688888934971 1.1938976644241694 1.1864767949819446 1.1746538929869006 1.1589233138797768 1.1403552014496365 1.119996702544152 1.098862213911773 1.0779211916879103 1.0580823599273033 1.0401730170186356 1.0249123490870025 1.012878619779503 1.0044719940683988 0.9998772987003274 0.9990333057088158 1.0020266353731662 1.0092355882062711 1.0139038509047746 0.9859159200877275 0.9228582534428051 0.8262670023378288 0.6976429036956179 0.5384888863654123 0.35169586753007254 0.1572325975714095 -0.031139984871613402 -0.18100309802514336 -0.2912847306627231 -0.36922905573855536 -0.42546391464918454 -0.45715991039026216 -0.46734554219864965 -0.4721417614874377 -0.4573959022808698 -0.3844113959237607 -0.17796597845909523 0.21027858530082755 0.7167475481648364 1.2612371578013932 1.7982393759091786 2.2955512081983542 2.6906430897458047
1.1950680819299382 1.1872135177527414 1.1734525222799377 1.1549257729934945 1.1327715391763162 1.1081196233102888 1.0820842648201163 1.0557556323569828 1.0301890276427508 1.0063902153312592 0.9852945757166367 0.9677375079691344 0.9544143918349159 0.945831102555991 0.9422505341504055 0.9436453824429948 0.949669788899541 0.9596598052761106 0.9648687659328565 0.936601112109917 0.8735640680314256 0.777119311545711 0.6485958066970013 0.48932909294794746 0.3022725757826126 0.1074694883885996 -0.06685199915180906 -0.19856165345242816 -0.29105171182883627 -0.3479449465226123 -0.3803894639664105 -0.3955578877945789 -0.4134285296170104 -0.4388013954224752 -0.4652050098923841 -0.4692134569689861 -0.320506404837094 0.17891792825301112 0.8017298922813357 1.4265896026410103 2.025039984255134 2.5838752300609595 3.094827731268877
1.187413708485798 1.1724445434022641 1.151711749530012 1.1264021656264578 1.0977065231181284 1.0668138720931806 1.0349054735894134 1.0031480784542954 0.972685834669113 0.9446288623598871 0.9200349284354098 0.899879241258919 0.8850074528402442 0.876070241026516 0.8734453569841962 0.8771629724875225 0.8868568732209909 0.9017608678617615 0.9120789298072979 0.8874460062984375 0.8273127406724579 0.7340499927894548 0.6088323577704716 0.4528680573641297 0.2687608686171963 0.0787748065904883 -0.07637755551735981 -0.1884471113168904 -0.26082436468271397 -0.29698844263511526 -0.3015993739336982 -0.3013157264541939 -0.3154164743108703 -0.3398286369159056 -0.37353868536742607 -0.41483511861822486 -0.38924324697237256 0.272119923849077 0.9566840808980395 1.6114253068788162 2.220170440159125 2.7586166934570877 3.1646420383184024
1.1722562556645513 1.1501990830878943 1.1224814627742141 1.0903355692107264 1.05500366996982 1.0177326752276297 0.9797688021265876 0.9423529486895155 0.9067166750750645 0.8740769830164362 0.8456251613922006 0.8225013031704593 0.805743607076451 0.7962040460977186 0.7944336031365333 0.8005605766966836 0.8142035488723611 0.8344588018798903 0.8522619463111346 0.8366420875586258 0.7848872498986528 0.6981010648691087 0.5794416009052605 0.430228106449116 0.2524342008227203 0.0739917651441917 -0.06126046810816854 -0.15238939563774978 -0.2024892536148719 -0.2146109479456184 -0.1956943776502793 -0.17762169302118092 -0.1709784010370332 -0.1669225408090338 -0.15375131722961233 -0.09825188645487803 0.11341127507312931 0.5968703360838934 1.2087749080740808 1.829402811580969 2.4063248434823103 2.8939983409847203 3.234658387697767
