_DATA/Debug_test/data_Berg/GZ/Berg_test_PC03_90x100.asc
ncols 100
nrows 90
xllcorner 5.6208706962070707
yllcorner 50.959635321741573
cellsize 0.00013436758585859339
nodata_value 1.7014100000000001E+038
[rows 0 to 18 of 90, columns 0 to 41 of 100]
-1.9988582933741008 -2.0299475803109956 -2.0609888888422923 -2.0919130555341581 -2.1226442719468208 -2.153099929086272 -2.1831905245591674 -2.2128196395633539 -2.2418839925633289 -2.2702735770231359 -2.2978718924894728 -2.324556282387114 -2.3501983989530122 -2.3746648267165504 -2.3978179117912672 -2.4195168658667008 -2.4396192419970637 -2.4579829146430838 -2.4744687391443638 -2.4889441154269933 -2.5012877357018999 -2.5113958527144558 -2.5191904571726309 -2.5246297889232601 -2.5277216077036693 -2.5285395874312884 -2.5272430318596988 -2.5240997833523218 -2.5195116409212339 -2.5140407404077023 -2.5084341043372849 -2.5036418913366072 -2.5008227660239681 -2.5013273503029261 -2.5066480884814406 -2.5183213690205939 -2.5377659011531999 -2.5660411436585671 -2.6035134408610903 -2.6494315801211799 -2.7014519194975888 -2.7552415058351931
-1.9531779417973461 -1.9845016947799281 -2.0157932965637442 -2.0469800928671544 -2.0779819377254052 -2.108710949279228 -2.1390713252218472 -2.1689592230872776 -2.1982627088996329 -2.226861776642191 -2.2546284412663642 -2.2814269104893814 -2.3071138465337522 -2.3315387394904414 -2.3545444304948902 -2.3759678467596022 -2.3956410431099284 -2.4133926873614708 -2.4290501808734968 -2.4424426718531809 -2.4534052977285774 -2.4617850830190102 -2.4674490167247272 -2.4702949295790075 -2.4702658696349151 -2.4673687050997133 -2.4616976185792496 -2.4534629259635312 -2.4430251581458893 -2.4309334617020979 -2.4179659695610729 -2.4051677410658683 -2.3938790999835415 -2.3857437270674664 -2.3826818154808596 -2.3868091621360872 -2.4002783900940332 -2.4250136112158209 -2.4623051503815208 -2.5122298545257795 -2.5728803060735381 -2.6394728997398031
-1.9066147827065993 -1.9381900837546322 -1.9697537846654809 -2.0012300071853888 -2.0325344954173521 -2.0635742768010954 -2.094247381159966 -2.1244426210276193 -2.1540394329378021 -2.1829077760272444 -2.210908082014384 -2.2378912505195325 -2.2636986871869418 -2.2881623907504354 -2.311105110833112 -2.332340622732052 -2.3516742007078708 -2.3689034194727858 -2.3838194769611483 -2.3962093126227195 -2.4058588970385246 -2.4125581928882913 -2.4161084348456714 -2.416332543618203 -2.4130896659496806 -2.4062949927655408 -2.3959461037640937 -2.3821570370817291 -2.3652009613789819 -2.3455615590316072 -2.3239917947657975 -2.3015764139696264 -2.2797911072138852 -2.2605467373382573 -2.2462014776165602 -2.2395173922119298 -2.2435309324599726 -2.2612981294738015 -2.2954620386816069 -2.3475667981703943 -2.4170064962151216 -2.4994795968251049
-1.8591394983040672 -1.8909834967146906 -1.9228417055146503 -1.954635373072561 -1.986276447876536 -2.0176671392839358 -2.0486995375169501 -2.0792552945947937 -2.1092053619797975 -2.1384097743357406 -2.1667174629058747 -2.1939660779865049 -2.2199817995082176 -2.2445791198352891 -2.2675605957646026 -2.2887165896588844 -2.3078250551812576 -2.3246514739288733 -2.3389491186507914 -2.35045991077657 -2.3589162599357767 -2.3640444274552443 -2.3655701514372631 -2.3632275135160365 -2.3567723167875751 -2.3460015677422748 -2.3307809741907723 -2.3110826052741791 -2.2870348629573227 -2.258986455221188 -2.2275848143584742 -2.1938669783860365 -2.1593569803590142 -2.1261580777488742 -2.0970208682470584 -2.0753600632859937 -2.0651840896664688 -2.0708923299526916 -2.0968804186703816 -2.1468606399867589 -2.222716747824895 -2.3224983336406986
-1.8107188564136134 -1.8428482482841138 -1.87502345002898 -1.9071632753313774 -1.9391762806392121 -1.9709602202358929 -2.0024015660397074 -2.0333750934186963 -2.0637435255133179 -2.0933572182838214 -2.1220538577991972 -2.1496581317546291 -2.1759813309328244 -2.2008208357567165 -2.223959450911432 -2.2451645699782912 -2.2641871849593178 -2.2807608055055231 -2.2946004233460422 -2.3054017540054534 -2.312841117917118 -2.3165764972582004 -2.3162505376510358 -2.3114965726339238 -2.3019491506003669 -2.2872610482732671 -2.2671293492491826 -2.2413337914926443 -2.2097911003701038 -2.1726291484113656 -2.1302840687176681 -2.0836212666051654 -2.0340769123975306 -1.9838094227829675 -1.9358407156059461 -1.8941557535833242 -1.8637182527068017 -1.8503527029616607 -1.8604375254662753 -1.9003408934690613 -1.9754690001721733 -2.0885436248713489
-1.7613154761995351 -1.7937458964408446 -1.8262600317470996 -1.8587747926919649 -1.8911958386489127 -1.9234169203895655 -1.9553192988412986 -1.9867712429416828 -2.0176275974143816 -2.0477293962384926 -2.0769034806938356 -2.104962064003161 -2.1317021702978973 -2.1569048669606037 -2.1803342096372447 -2.2017358315379738 -2.2208351360424978 -2.2373350969380361 -2.2509137372621266 -2.2612214508437063 -2.2678784588310239 -2.2704728708780406 -2.2685600688981959 -2.2616644810397171 -2.2492853039465799 -2.2309084054715287 -2.2060275314454465 -2.1741790444380893 -2.1349956436601101 -2.0882855803384524 -2.0341442312384075 -1.9731035820297989 -1.9063209071173839 -1.8357993894497286 -1.7646200143617805 -1.6971470564170512 -1.6391528606268007 -1.5977978634870569 -1.5814056738271427 -1.5989935878633825 -1.6595484406903087 -1.7710352115718204
-1.7108876490109646 -1.7436329719135939 -1.7765067188707726 -1.8094245281118364 -1.8422897512845506 -1.8749926733943294 -1.9074098278792464 -1.9394034147065202 -1.9708208136647904 -2.001494164322799 -2.0312399594995094 -2.0598585726979999 -2.0871336149618402 -2.112830996927344 -2.1366975616591484 -2.1584591569493479 -2.1778180351153642 -2.1944495060010971 -2.2079978267537284 -2.2180713933676666 -2.2242374113727719 -2.2260163813611857 -2.2228769658708099 -2.2142321501447353 -2.1994381332467832 -2.1777981725640467 -2.1485747547024543 -2.1110150728842516 -2.0643968817964762 -2.0081042116036052 -1.9417445886894638 -1.865320085877604 -1.7794615684590158 -1.6857260671097105 -1.5869388246944172 -1.4875343431514008 -1.3938198914339082 -1.3140612938966685 -1.2582876152407207 -1.2377375887208064 -1.2639229433798378 -1.3473261515720858
-1.6593892274335476 -1.6924607708433168 -1.7257127252639806 -1.7590601959277503 -1.7924049162349176 -1.825634328526363 -1.8586207877972694 -1.8912209061004832 -1.9232750360987279 -1.9546068650867934 -1.9850230567156526 -2.0143128390466116 -2.0422473984761589 -2.0685789047415994 -2.0930389683262036 -2.1153363230248177 -2.1351535362874641 -2.1521425788668367 -2.1659191320788223 -2.1760555746861159 -2.1820726748583623 -2.1834301274065098 -2.1795162490048008 -2.1696374235475906 -2.1530083576668462 -2.1287449883381107 -2.0958631606173483 -2.0532881975667241 -1.9998834641626309 -1.9345101133542084 -1.8561351019110832 -1.7640089930660103 -1.6579359846415422 -1.5386507434867465 -1.408293457943238 -1.270932048532341 -1.1330233245636663 -1.0036495542773269 -0.89433491580376145 -0.81824594466598466 -0.78858083608679008 -0.81581652530037418
-1.6067695971479026 -1.6401752233860458 -1.6738209706223057 -1.7076222735283331 -1.7414800480111667 -1.7752796060288327 -1.8088897305470812 -1.8421619452222071 -1.8749299910653705 -1.907009488263391 -1.9381977158827812 -1.9682733880148566 -1.9969962472057441 -2.0241062421007485 -2.0493220144044462 -2.0723383976697072 -2.0928226308999216 -2.1104090123091099 -2.1246917567998027 -2.135215866290066 -2.1414658686327108 -2.1428523308610474 -2.1386961247161618 -2.1282105623407586 -2.1104818142880402 -2.0844486210037521 -2.0488834605864095 -2.0023794271425022 -1.9433506599482793 -1.8700599106218152 -1.7806952220988785 -1.6735281761197056 -1.5471955134216526 -1.4011459780699602 -1.236271090943406 -1.0556777328502847 -0.86546098031054797 -0.67522440299727515 -0.49801723714940449 -0.34933653076753979 -0.24484729526984905 -0.19643727538773703
-1.5529737487241597 -1.5867168524551918 -1.6207679198432774 -1.6550437226051296 -1.6894452911724573 -1.7238566213842166 -1.7581435871537567 -1.7921531200469314 -1.8257126927778788 -1.8586301026879406 -1.8906934925461369 -1.9216714720060182 -1.9513131203688276 -1.9793475704974028 -2.0054828076367981 -2.0294032772029311 -2.0507658885950883 -2.0691940249628296 -2.0842692087572767 -2.0955201096858991 -2.1024085942907407 -2.1043124911184878 -2.1005046849297981 -2.0901280864475797 -2.0721660209426993 -2.0454077797190817 -2.0084097485334116 -1.9594541529510079 -1.8965108960381851 -1.8172145851705723 -1.7188805371342126 -1.5986019924678856 -1.4534949271394599 -1.2811774658218056 -1.0805634383815192 -0.85297570296637781 -0.60342054455002403 -0.34165166130773095 -0.082503595895466741 0.15503403404107408 0.35044486134350139 0.48627611275985538
-1.4979424706646451 -1.5320208400382525 -1.5664835129621091 -1.6012497833547537 -1.6362218925073266 -1.6712834638718519 -1.7062981953159038 -1.7411089086425005 -1.7755370336083143 -1.8093825571645192 -1.8424243950842971 -1.8744210439755031 -1.9051112548885856 -1.9342143505529661 -1.9614297072666096 -1.9864348600630608 -2.0088816785274739 -2.0283900974782498 -2.0445389497623099 -2.0568535003336392 -2.064789278626642 -2.0677117132960312 -2.0648708688659632 -2.0553702689951772 -2.0381283968759436 -2.0118310720360006 -1.9748727063217544 -1.9252848743249831 -1.8606526404820363 -1.7780246035779919 -1.6738352629745417 -1.5438837958963747 -1.3834577407595265 -1.1877511941651089 -0.95277325816637104 -0.67688915315291087 -0.36287965776668374 -0.019977575466743058 0.33496230043220843 0.67791823130628259 0.98029820054117023 1.2140867495389758
-1.4416126914954588 -1.4760172244205059 -1.5108912010488531 -1.5461578455975529 -1.5817219218109808 -1.6174678032749177 -1.6532578518637857 -1.6889312587848062 -1.7243034868896054 -1.7591664044936621 -1.7932891123338277 -1.8264193348007374 -1.8582850825982642 -1.8885961179041755 -1.9170445980839621 -1.9433041768923252 -1.9670268293747402 -1.98783673891303 -2.0053207082838407 -2.0190146679906644 -2.0283858790678955 -2.0328102969927784 -2.0315442318456141 -2.0236888801008046 -2.0081454964942584 -1.9835579050138934 -1.9482377313205501 -1.9000663278896264 -1.8363664447783767 -1.7537380121745736 -1.6478604094907614 -1.5132883840548863 -1.3433293542142133 -1.1302101008767491 -0.8659134016963006 -0.54415246301864828 -0.16361827947325791 0.26829558356397865 0.73287399218288174 1.1996948982148901 1.6286992393398942 1.9755468275342292
-1.3839180086105904 -1.4186312617568611 -1.4539081122029813 -1.489677406005792 -1.5258480300441799 -1.5623064889448819 -1.598914828254145 -1.6355091318376718 -1.6718988216831292 -1.7078669458561242 -1.7431715399123764 -1.7775479795077889 -1.8107120127597209 -1.8423628980901352 -1.8721858294706601 -1.89985267297862 -1.9250200223109988 -1.9473237197930313 -1.966369233897459 -1.9817175287819921 -1.9928661786421165 -1.9992253623566563 -2.0000879557006668 -1.9945921812912757 -1.9816741298398912 -1.9600058168946726 -1.9279120710958693 -1.8832561427636278 -1.8232791715160714 -1.7443727917606195 -1.6417597015540681 -1.5090638807534025 -1.3378002657414938 -1.1169747541677451 -0.8333681560125652 -0.47363034606612731 -0.029246496092425467 0.49662297276721556 1.0841534005277489 1.6959013990358738 2.2778549406472952 2.7625314930815952
-1.3247894554184563 -1.3597840009411977 -1.3954453871459269 -1.4317101331337287 -1.4684932396802868 -1.5056851007973835 -1.5431487678854827 -1.580717888556463 -1.6181956730726692 -1.6553552201816855 -1.6919414325469528 -1.7276745457151579 -1.762254977761522 -1.7953688103969574 -1.8266928167549774 -1.8558976764057005 -1.8826479814060333 -1.9065978865149504 -1.9273817212508133 -1.9445993794732228 -1.9577966134976346 -1.966440316884305 -1.969888413236605 -1.9673530750343042 -1.957854654138512 -1.9401617647171152 -1.9127100295616892 -1.8734873036244122 -1.8198653356467291 -1.748344557194081 -1.6541570226326359 -1.5306417322001478 -1.3682834580093881 -1.1533834785102752 -0.86683185056365009 -0.48499693164780977 0.013298926222401697 0.6332351787703594 1.354395962159979 2.132501515259063 2.9010249736139593 3.5643149609306217
-1.2641565772031251 -1.2993931436160828 -1.3354087490268203 -1.3721500860475042 -1.4095407803645834 -1.4474774181772219 -1.4858258716476773 -1.5244183574525794 -1.5630517468827412 -1.6014876727409817 -1.6394549009781967 -1.676654201150193 -1.7127655238025747 -1.7474566937089469 -1.7803921683712178 -1.8112399035111939 -1.8396742548680685 -1.8653732649409669 -1.8880095374153916 -1.9072348600841171 -1.922659393146859 -1.933826321483159 -1.94018233709114 -1.941043292362028 -1.9355529558991718 -1.9226309377498771 -1.9009031286747922 -1.8686034777137746 -1.8234276617546041 -1.7623031025054363 -1.6810071558010842 -1.5734978121345029 -1.4306851647388923 -1.2381424611548022 -0.97218698439810236 -0.59575156026312293 -0.064402091934104622 0.64340240905858881 1.5024031646003064 2.4594352923489646 3.4467204546187564 4.3523060567729424
-1.2019489099776397 -1.2373742926050832 -1.2736994096988785 -1.310884172854029 -1.3488640204888931 -1.3875447983859788 -1.4267977815966759 -1.4664553964742129 -1.5063083667848232 -1.5461051252208988 -1.5855543297278354 -1.6243311042518997 -1.6620870850044644 -1.6984634601863107 -1.7331050732943245 -1.7656726790715318 -1.7958501027679503 -1.8233437182948018 -1.8478732153192921 -1.8691544282442956 -1.8868762426534289 -1.9006738006218216 -1.9100994635243493 -1.9145916728703085 -1.9134403662405539 -1.9057460665184234 -1.8903679047875745 -1.8658529374198634 -1.8303336417020781 -1.781368952812564 -1.7156779482597608 -1.6286504279139584 -1.5133440292154332 -1.3581684733832051 -1.1409496848182914 -0.81407153811219857 -0.28824628471310021 0.49894796431795285 1.4901023544586134 2.6089017661792382 3.8091822113928551 5.023543799971482
-1.1380979848025721 -1.1736427327206789 -1.210215467729189 -1.2477929981364166 -1.2863266114019147 -1.3257355151180139 -1.3659001073218739 -1.4066557502590737 -1.4477880025642431 -1.4890305326893083 -1.5300671000964199 -1.5705388891402157 -1.6100578892891861 -1.648225741473536 -1.6846555751762993 -1.7189924122655098 -1.7509267597119358 -1.780196994224744 -1.8065790081238262 -1.8298650164364458 -1.8498356808489929 -1.8662298952050298 -1.8787151008501493 -1.8868589293953169 -1.8901011790608204 -1.8877239102641816 -1.8788166106464224 -1.8622324910373393 -1.836530391470693 -1.7998933343110011 -1.7500065720174491 -1.6838562567176203 -1.5973430485786779 -1.4843554202115445 -1.3337363683900065 -1.1141704991643464 -0.6754805826279715 0.21008420435381048 1.3115460097326479 2.5175112797236574 3.8199479407795747 5.2273071613159647
-1.0725400100582245 -1.1081159365952233 -1.1448540230592537 -1.1827523385817456 -1.221783066887296 -1.2618842163571293 -1.3029506302640046 -1.3448250452744999 -1.3872903713521385 -1.4300648529056255 -1.4728022360382691 -1.5150992962795877 -1.5565126589674847 -1.5965852127745075 -1.6348792815566595 -1.6710097980650449 -1.7046681482920061 -1.7356286001010708 -1.7637346900010589 -1.7888697289443196 -1.8109196643407763 -1.8297361666977587 -1.8451044517915576 -1.8567166061903371 -1.8641486801978253 -1.8668387563930615 -1.8640630590183718 -1.8549073387066999 -1.8382308513207335 -1.8126200332316209 -1.7763282843221102 -1.7271967125499512 -1.6625467838734731 -1.5790222413419359 -1.4722843024539154 -1.3357041318916338 -1.0812442591549907 -0.077871152237061647 1.0219211381141533 2.1784442607437442 3.3871396493022807 4.6006223303942919
-1.0052194108901364 -1.0407170406076007 -1.0775143175663713 -1.1156356066681066 -1.1550801571463474 -1.1958118444975874 -1.237747405838971 -1.2807439037067763 -1.3245867274524645 -1.3689801924044058 -1.4135437180466965 -1.457817484702348 -1.5012817787133552 -1.5433926900000952 -1.5836319994650436 -1.6215612246159168 -1.6568629661284762 -1.6893535296767652 -1.7189617043534264 -1.745682853102855 -1.7695249365521439 -1.7904603830698274 -1.8083897637026793 -1.8231162911293084 -1.8343267409015298 -1.8415736912150993 -1.8442542584133261 -1.8415803634639634 -1.832533837583616 -1.8157944968150479 -1.7896158218377805 -1.7515861516028499 -1.698101601455642 -1.6229812567179662 -1.5129629791355994 -1.3293216806782944 -0.94389501593214975 -0.22397625723471348 0.68366710796690233 1.6575747989280658 2.6390878698787246 3.5396411043457858
