_DATA/Debug_test/data_Berg/GZ/Berg_test_PC08_90x100.asc
ncols 100
nrows 90
xllcorner 5.6208706962070707
yllcorner 50.959635321741573
cellsize 0.00013436758585859339
nodata_value 1.7014100000000001E+038
[rows 0 to 17 of 90, columns 41 to 81 of 100]
-0.033764586871684488 -0.034684181030154804 -0.037513604582009141 -0.042620733639351482 -0.050196327057615342 -0.060183996956307495 -0.072309106936941814 -0.086182271160882618 -0.093634994912955238 -0.089811198290526084 -0.086706795570739681 -0.084106312629166458 -0.081846274246629824 -0.079802406285176875 -0.077879136831877749 -0.076001773406659145 -0.074110994202298275 -0.072159158109223465 -0.070107992469698233 -0.067927296841056362 -0.065594356982646373 -0.063093792954735717 -0.060417582819608628 -0.057565027215243036 -0.054542464380125444 -0.051362614828786235 -0.048043522691476714 -0.044607150070203883 -0.041077751966611231 -0.037480197566152063 -0.033838404214751483 -0.030174019314965328 -0.026505435629928686 -0.022847171700325131 -0.019209602817923166 -0.015598995621094347 -0.01201778218788585 -0.008465005282605409 -0.004936871297716583 -0.0014273573998571099 0.0020711688564044595
-0.025929579653858559 -0.025520532174056809 -0.027221503351930521 -0.03159693876815961 -0.038925027908672583 -0.048993738838971845 -0.061027523081659818 -0.073185813706812097 -0.080417159469130417 -0.081160637655816492 -0.080107438721098267 -0.078793552168946568 -0.077474709107542727 -0.07616836270658256 -0.074843009595755849 -0.073458845995211464 -0.071977693823078392 -0.070365428529215568 -0.068592615126451761 -0.066634933959052844 -0.064473795795991551 -0.062097135323358144 -0.059500202856436313 -0.056686111524830274 -0.053665910884060697 -0.05045803646683733 -0.047087107540431439 -0.043582178265110683 -0.039974652885685913 -0.03629612646079694 -0.032576401960996426 -0.028841875211837564 -0.025114395373484699 -0.021410625196069955 -0.017741859569755714 -0.014114220310105008 -0.010529128733100634 -0.0069839595999239279 -0.0034727932424808428 1.279927813135906E-005 0.0034829848529397411
-0.017672919513429197 -0.015407745387998606 -0.015361033503753951 -0.018455259365537713 -0.025170326543919819 -0.035008862940977603 -0.046517336320492264 -0.057499352780565949 -0.065447477368646867 -0.069607816021264313 -0.071371615027288393 -0.071995019747728595 -0.072054049330250836 -0.071776178961909132 -0.071247760522480497 -0.070497180785369706 -0.069527524126475337 -0.068330396080623523 -0.066892606293664336 -0.065200135780216439 -0.063241093756610023 -0.061008240961527127 -0.05850112855599876 -0.055727653421638101 -0.052704764672435456 -0.049458133588069941 -0.046020773970267825 -0.042430804097855268 -0.038728701847049907 -0.03495447098840665 -0.031145099805088949 -0.027332581048501225 -0.023542620809832715 -0.019794035193317572 -0.01609874279745227 -0.012462214255723025 -0.0088842305938499067 -0.0053598173503177637 -0.0018802487571935034 0.0015659537234472554 0.0049920773590830247
-0.0096036867529325498 -0.0049303856333711149 -0.002353848822468807 -0.0035247369479517454 -0.0096166380872225732 -0.019719606898859765 -0.031496685375298261 -0.042694688884629906 -0.051712865088071158 -0.058017729306948707 -0.062065711245340216 -0.064582605256241488 -0.066109251117808299 -0.066964929775717885 -0.067324590615978508 -0.067281138033792764 -0.066881408661489172 -0.066145828986152844 -0.065079698108595596 -0.06368049403846221 -0.06194338133478694 -0.059865835210547225 -0.057451555585686598 -0.054713426577125301 -0.051675128774158807 -0.048371110750131563 -0.044844907242330589 -0.041146131032407607 -0.03732672460401576 -0.033437144419168008 -0.029523057331338087 -0.025622918459401678 -0.021766561658343675 -0.017974738455915684 -0.014259421988325749 -0.010624647920716268 -0.0070676743765532013 -0.0035802829067688169 -0.0001500922755465206 0.0032381965826295822 0.0066016689034815723
-0.0026767602888400077 0.0047893062909942774 0.010896981153430518 0.012789090197007025 0.0068167947452151267 -0.0048417643549121259 -0.017815563377521326 -0.029841692595328762 -0.039889234685793418 -0.047649498218278463 -0.053332155670380521 -0.05737397406156397 -0.06019648577364245 -0.062114584765257774 -0.063338209007946178 -0.063999371496335278 -0.064177040153787557 -0.063914881813819768 -0.063233470894549892 -0.062139299998991815 -0.060632247380347892 -0.058712298192710399 -0.056385558054991902 -0.053669048227327876 -0.050593547956861662 -0.047203921959917849 -0.043556871244399664 -0.039716651986502205 -0.035749749453954927 -0.031719602561936844 -0.02768225889389464 -0.023683445513900114 -0.019757141747584916 -0.015925452590431322 -0.012199439769843501 -0.0085805470791305849 -0.0050623099235601599 -0.001632121928390351 0.0017270858077516049 0.0050353297067262659 0.0083142519906586609
0.0018554228198864875 0.011764550241511351 0.021882188866800933 0.02988046544421108 0.021931734384407875 0.0070380737549283756 -0.0072162682102276943 -0.019855936433306964 -0.030521352183815242 -0.039133935588611779 -0.045849140067615202 -0.050957456002092449 -0.054772685584990266 -0.05756428789688961 -0.059536651614238489 -0.060833221346792032 -0.061548138876822867 -0.061737901373170367 -0.061431337116683249 -0.060638406793576904 -0.059358720115650576 -0.057590221268704722 -0.055337719599321655 -0.052620180146955131 -0.04947532111500863 -0.045960370527209027 -0.042148767335963178 -0.038123729724607758 -0.033970398697352633 -0.029768374836657618 -0.025585977745969379 -0.021476811966084419 -0.017478561671187998 -0.013613536530393988 -0.0098903595098582819 -0.0063062393883658308 -0.0028494080676945144 0.00049854632974988267 0.0037605928670747524 0.0069624697839775207 0.010131191538753581
0.0029187484350674531 0.013703935577080162 0.024784706596452266 0.033986704126298672 0.026694443673658474 0.012462032759790409 -0.0011661683673349632 -0.01339394632620039 -0.023958594243271736 -0.032792173236622757 -0.039975831508582971 -0.045689165517649677 -0.050149914144164587 -0.053567059749787149 -0.056116033228045037 -0.05793092852914461 -0.059105630550829291 -0.059698443805377588 -0.059738019222896233 -0.059230385364793858 -0.058167640281556077 -0.056538590822834411 -0.054340602336328203 -0.051590624360932646 -0.048332571357899701 -0.044638702526266338 -0.04060442465098113 -0.036338163814570779 -0.031949387490990966 -0.027537866315789805 -0.023186153562833267 -0.018955841085300795 -0.014887083055978745 -0.011000386195456846 -0.0072996378307202958 -0.0037755619174668631 -0.00040907666990863678 0.0028257250047846183 0.0059590744217872804 0.009023499980851668 0.012052214092769353
0.00037401953456317472 0.010418207800531598 0.019242996869439755 0.023907207057277668 0.020511887943651663 0.011204429439940489 0.0002360032653471178 -0.010477907226138283 -0.020209646325881847 -0.028681559658284117 -0.035834515999194183 -0.041731662996999153 -0.046497773174269619 -0.050276570674530507 -0.053203614520045961 -0.05539158289961299 -0.056923618417098032 -0.057851277668069745 -0.058195463137304948 -0.05795039627212295 -0.057091618027427238 -0.055588766225999731 -0.053422261328539111 -0.050600486922365073 -0.047172082793261016 -0.043228470529277252 -0.03889521717660549 -0.034315391799087491 -0.029630764984102442 -0.02496622915095259 -0.020420251720114302 -0.016061475823912263 -0.011929964907081425 -0.008041157824548395 -0.004390901615696774 -0.00096047765211837444 0.0022789546886376466 0.0053627094381170637 0.0083297169096807622 0.011220348629772003 0.014074779438983276
-0.004955980150829209 0.0039099152773842683 0.010826142844244213 0.014061123274482723 0.012327136086669466 0.0063898630795803379 -0.001750421230134025 -0.010498318299614895 -0.018945800242200606 -0.02663464107361857 -0.033367090617256179 -0.0390974247241902 -0.043865669763371695 -0.047753630293327243 -0.050855460557980736 -0.05325847448494625 -0.055030726068226343 -0.056212859180427399 -0.05681328061292501 -0.056807536041254769 -0.056144249454262662 -0.054760105160430506 -0.052603900512052548 -0.04966454979600976 -0.045992789036566784 -0.041706158158921536 -0.036973929759499313 -0.031988551863574077 -0.026935361184809881 -0.021970090033886058 -0.017207671421834214 -0.012720832028096152 -0.0085448640437015833 -0.0046851233006839355 -0.0011248839139483824 0.0021677093160688554 0.0052340542038032956 0.0081208759265151698 0.010877177609076361 0.013552087464322016 0.016193345009633542
-0.012022052699961039 -0.0040392050636741672 0.0018591207152328648 0.0047077544207179134 0.0040051748559035705 0.00016267866006625109 -0.0057508727882304989 -0.012631998601851713 -0.019666678179045327 -0.026347825711596329 -0.032398279116907291 -0.037695194046148739 -0.042213105906306669 -0.04598310202406708 -0.049063708223804237 -0.051519745367172076 -0.053406039399856664 -0.054753780695911414 -0.055558927363815513 -0.05577448176232136 -0.055311377429783315 -0.054054484187762042 -0.051897550934813963 -0.048790935575990235 -0.0447825332102193 -0.04002845781736819 -0.034765182382784476 -0.029258112394868308 -0.023751715939997586 -0.018438018630520081 -0.013446016059923682 -0.0088458708036921463 -0.004660232189686031 -0.0008771101735233211 0.0025386448986389754 0.0056363175594242865 0.0084727830493396827 0.011108030205432329 0.013602229429323986 0.016013866352118322 0.018398556357913598
-0.020028074805650276 -0.012479394412515665 -0.0069987336963643898 -0.0041549259599379385 -0.004129383254857788 -0.0066004096313805327 -0.010879622750733287 -0.016192080233790151 -0.021882513920481905 -0.02748352394984066 -0.0327013781105846 -0.037376149941942272 -0.041442125837740984 -0.0448955517426044 -0.047769612997124344 -0.050114351392125278 -0.051978730365225045 -0.053392409075199043 -0.054346167617577934 -0.054773032331165372 -0.054537617680996853 -0.053447741240922997 -0.051303232278021138 -0.047980083126790807 -0.043513125176002809 -0.038120786262741513 -0.032149547264284761 -0.025975988693914931 -0.019923703750285626 -0.014223019965822647 -0.0090080721442553635 -0.0043336616522036131 -0.00019755305972668502 0.0034393521909580893 0.0066375493578472167 0.0094682068641498973 0.012006267921168934 0.014326298420513361 0.01650015092064766 0.018595739598519456 0.020676428919878476
-0.028471572284020974 -0.020936407284176117 -0.015511394912881782 -0.012548613114906182 -0.012024374857749209 -0.013584592272580354 -0.016681183621263806 -0.020727867390617494 -0.025211928811937012 -0.029742117845130811 -0.034050434736193291 -0.03797315738231688 -0.041427433197706698 -0.044390145645579859 -0.046880169605428623 -0.048942491508036756 -0.050631436366125881 -0.051989710866173766 -0.053020375161995759 -0.053651625669118075 -0.053702411393639737 -0.052873267381356337 -0.050804068302710004 -0.047223977855727073 -0.042131225468347577 -0.035855573121049034 -0.028935854526129678 -0.021921130488871787 -0.0152345795023201 -0.0091354260554845634 -0.0037413651426784211 0.00093009659415455026 0.0049233696066609545 0.0083164252571440445 0.011202204532202498 0.013677491140896392 0.015836835048908537 0.017769622348386915 0.019558958520500325 0.021281491540280029 0.023007626475354204
-0.037055325563124963 -0.029142838751034517 -0.023564849131018084 -0.020520647445945728 -0.019742497157860583 -0.020736467000344483 -0.02297768489837726 -0.025995415507300557 -0.02940077189722512 -0.032892175258057987 -0.036250295323100312 -0.039328275324258422 -0.042041237888239213 -0.044356961692070485 -0.046287663748411867 -0.047881313687945126 -0.049209553949077445 -0.05034775305549366 -0.051341033282395032 -0.052149723907655154 -0.052574117207394244 -0.052185724682048407 -0.050354924613872032 -0.046505476483579833 -0.040538233399209034 -0.033007267231728976 -0.024811443241126496 -0.016763418761662874 -0.0093894510729477521 -0.0029400257875643598 0.0025261507414678919 0.0070617728815388636 0.010774577253122308 0.013793159500041119 0.016248322606907617 0.018264059233693009 0.01995404535226869 0.021421043525318706 0.022757668621044891 0.024047633312600736 0.0253669865170294
-0.045634948171978773 -0.036915845885494014 -0.031100949346081763 -0.028198628721652019 -0.027479035011583108 -0.028181945044315926 -0.029774800702889737 -0.031900660686628224 -0.03429975499370197 -0.036768708995259525 -0.039145785732581317 -0.041307866034040908 -0.043171966057317324 -0.044698214229335287 -0.045892657502491274 -0.046808270348228653 -0.047541511910082157 -0.048219464967389714 -0.04896828321884017 -0.049846672125539282 -0.050720927194441212 -0.051072312840517942 -0.049849672715485349 -0.045797302114237048 -0.038537432012170192 -0.029151317390820886 -0.019253870399997819 -0.010017219581495818 -0.0020047796723186018 0.0046341721353474474 0.0099685447347575007 0.014161571660103289 0.017404198066830689 0.019883138034862302 0.02176787052090623 0.023207240913885208 0.024330508061870204 0.025250123320257056 0.026064882702220737 0.026862809364851803 0.027723484643656982
-0.054286052058909795 -0.044114422669376596 -0.038155737184258687 -0.035943101190654692 -0.035657578520924549 -0.036218036961525812 -0.037201996814694827 -0.038438850532982793 -0.039822857470857675 -0.041251571715814617 -0.042615566358671253 -0.043807538281889213 -0.044737481296693749 -0.045348470448099643 -0.045630980331663684 -0.045634822614816661 -0.045477391619826335 -0.045344693057197683 -0.045476196022069537 -0.046112067940657919 -0.047352485524663979 -0.0488194336726131 -0.049004347918247482 -0.045059025277260911 -0.035664317986846439 -0.02342640395857154 -0.011392362442033899 -0.0010063781264825211 0.0073723071102022031 0.013857110255356186 0.01872543995367093 0.022283785338192419 0.024814422398223901 0.02655915185945229 0.027718926011522205 0.028459431736747143 0.028918149247891933 0.029211023199076258 0.029438088080538105 0.029687905085414579 0.030040857440746027
-0.063755056653735376 -0.050686717498754419 -0.045194995750073796 -0.044757651455549885 -0.045054466000644111 -0.045279511111879334 -0.045433643622888709 -0.045619762736483382 -0.045892725629279041 -0.046232302187803942 -0.046556684424479355 -0.046750242751503412 -0.046693930004675477 -0.046293396357208749 -0.045503596466841101 -0.044350540084411527 -0.042951240281141834 -0.041531782798664874 -0.040439790098718897 -0.040137849798365322 -0.041135976367370541 -0.043715697395387942 -0.046795084092514316 -0.044219189189484309 -0.030495517793483695 -0.014023502231905516 0.00011335903779563505 0.011083293764588609 0.019173314075242032 0.024917088600307946 0.028842225795411736 0.031396102598865494 0.032935300472364926 0.033737098898511453 0.034016292741744558 0.033941042487627693 0.03364590416437091 0.033241910684813025 0.032824124838565005 0.032477162760378209 0.032279101406194943
-0.076933983659935756 -0.058938317938928231 -0.055801431872283036 -0.056847094852474744 -0.056667333395599706 -0.055751698363461055 -0.05454696548576865 -0.053370389884206726 -0.052377807974081869 -0.051576886729258642 -0.050865947639049058 -0.050081106192424563 -0.049041056674793637 -0.047585137484047024 -0.045604772212185507 -0.043070908941637231 -0.040061112982375024 -0.036789919295539875 -0.033644868345968026 -0.031227165543441071 -0.030386715058582814 -0.032219326909563861 -0.037930160645475941 -0.042552483237081495 -0.017712267908278401 0.002266626219534662 0.016827629940651678 0.026924712123972738 0.033608269023380322 0.03779319969550432 0.040193101338800885 0.041335100860424689 0.041600155872003997 0.041263261823055508 0.040525669259725394 0.039538579496442683 0.038419968129641546 0.037266388811483753 0.036161243029672607 0.035180566716657591 0.034397019457776123
-0.096854027125802378 -0.083695555323103799 -0.076779657852349859 -0.073800616153237075 -0.070875570601482307 -0.067598699484880731 -0.064337450535440599 -0.061433672974388065 -0.059034981160075439 -0.057094561700684721 -0.055425039213772842 -0.053762768962022145 -0.051824465677182574 -0.049351036609940335 -0.046140310611826441 -0.042073465664406173 -0.037140926197940849 -0.031473354990398272 -0.025382266848253399 -0.019410407003030428 -0.014371928634542397 -0.011265284191496971 -0.010362510483110987 -0.0054804264736195707 0.011513321451764424 0.027976376628262245 0.03944443220816829 0.046509838441744167 0.050391225637251291 0.052114548762550561 0.052410694038550754 0.051773199087649602 0.05053201742096064 0.048910580725467223 0.047064644531585653 0.045107717126932734 0.043127634113617863 0.041197494986825012 0.039383025177170905 0.037747630359816375 0.036355885803938059
