_RESULTS/REVERSE_NEW/Berg/GZ/6comp/Berg_GZ_z_180_kriged_reverse_6comp_test3.asc
ncols 100
nrows 90
xllcorner  5.6208707817415728
yllcorner 50.959635321741573
cellsize 0.00013419651685393446
nodata_value 1.7014100000000001E+038
[rows 38 to 56 of 90, columns 0 to 43 of 100]
53.06715478717422 52.70357031215792 52.29448803229678 51.85168199028071 51.39526770844499 50.95305463265692 50.55770658609195 50.24184194558906 50.031996850983326 49.94310062993281 49.97530998681069 50.114342104139844 50.33506925371212 50.60691426706497 50.89920153551498 51.18507489906475 51.443446533700346 51.65926047877887 51.82287218972782 51.929421002272015 51.97872199349525 51.975627617317365 51.9303085875968 51.857725635517085 51.77578372401478 51.70215806359365 51.65032078612648 51.62565315961542 51.622582791362824 51.62344203979309 51.59927916589556 51.51228694223119 51.319103730963946 50.97468733954608 50.43918527712492 49.69617952665196 48.794209866274755 47.904168471981926 47.32988244458011 47.38208388375825 48.14011771908343 49.32774833124055 50.52157746959618 51.498545760940004
53.01555625458925 52.66890769386302 52.28284091295882 51.86821576239451 51.443758576430575 51.03559635903013 50.67452937595369 50.391143048995815 50.20978985075445 50.14325385288083 50.18996199790491 50.33466320462361 50.552061933162854 50.81188191911619 51.083720978906044 51.340603046487054 51.560874242746294 51.72873280472488 51.834076339629334 51.87238468425427 51.8450230655597 51.75981074959948 51.63123648634177 51.47956685082507 51.32837375121524 51.20057805273702 51.11370460604976 51.07541471531367 51.08039717122836 51.109378709903176 51.130470112299996 51.10245908937795 50.97930344640117 50.71566946542677 50.27608225940323 49.65518703759869 48.91692732052274 48.237995810500635 47.89300324365775 48.11510876756163 48.894980898455344 49.943811515472326 50.935842823113866 51.75353391371262
52.93754013797559 52.606902960947565 52.243565011021396 51.857384626229965 51.465561254442726 51.0923426772529 50.76639027843508 50.515917758311936 50.36277994226134 50.31745752051753 50.37672399276181 50.52463047407005 50.73605517592471 50.98132407856526 51.230524251959174 51.45669357022135 51.63767379357287 51.75690429380657 51.80373397102775 51.77383127782657 51.669941199752415 51.50271456384679 51.290897559633486 51.060082698136036 50.839580182048685 50.65762894601361 50.535829848855464 50.4840640420413 50.49712733492875 50.55391105984275 50.61933697941177 50.64860797390739 50.593006193931835 50.407125216792345 50.05995224640435 49.55592240310402 48.969654537032866 48.474866424583944 48.31002253401342 48.6391500772444 49.39636586585652 50.313118872563614 51.150603320571506 51.852013776086196
52.82947791785708 52.51368001985763 52.17276381888334 51.81555163972359 51.45760171908407 51.12106084285448 50.83210447644325 50.61615227776848 50.49220069588103 50.468279113795234 50.5396241037666 50.68988496969712 50.89444578817939 51.124505297026055 51.35083019450533 51.54660600350455 51.6892652655936 51.761541112681776 51.752229594939124 51.65712028779721 51.48021507152648 51.234833565394645 50.943787529873575 50.63777508110252 50.35159246233329 50.118516802402894 49.9639361958743 49.89968320741189 49.9204434197266 50.00313541812129 50.10946561783428 50.19117303838492 50.19714998488828 50.08227116275974 49.81997899755013 49.42313502787808 48.97316791689158 48.63532204273566 48.610583106784745 49.00557436565974 49.72222028204119 50.525870660848696 51.24572555149931 51.85608272829904
52.691241291271695 52.3893489920487 52.07107787187554 51.744219705797065 51.42254240051641 51.12574466273523 50.876988096981236 50.69832119609535 50.60546796805077 50.60391658922345 50.68759593760704 50.84015076246907 51.03786712338238 51.253127877079095 51.457612335172996 51.624847513448366 51.73203367072809 51.76134883859959 51.7011323398159 51.547301923294896 51.30500433239759 50.989973552251186 50.62867683667059 50.2563583229736 49.91262928503056 49.63509791543567 49.452297536097575 49.37753677884334 49.40515888464745 49.51016243164463 49.651388896974176 49.777751400310954 49.83662165287535 49.78406094686512 49.59838549670459 49.29982787856408 48.973205935864016 48.770727814995034 48.85560978871252 49.28771515450431 49.954806279752376 50.66168018997247 51.288661946794534 51.822658645251494
52.527375804390644 52.23908477842919 51.94456196888735 51.65058307540138 51.368874164284705 51.116133803279375 50.91175816383934 50.773721308664086 50.71409345944071 50.73588312993079 50.83211418127761 50.98695040215464 51.17805014762025 51.379346200268515 51.56372809623876 51.705344594784904 51.7814460179048 51.77391940137511 51.6708439261631 51.46833016451272 51.172534811714286 50.801214239754444 50.38381347489809 49.95918142721937 49.57062804606089 49.25895158715048 49.05484852741222 48.972452855881414 49.005568491865844 49.12758658881728 49.29529997108728 49.456053207634824 49.55724770272004 49.55763814664422 49.441167382411166 49.23429171606668 49.02134008649274 48.93651155738451 49.10496552570996 49.55001300549004 50.16042239239382 50.782810208920814 51.33448556545396 51.802725924306294
52.34817868491144 52.07409294465237 51.805374892842934 51.54774265364323 51.310466370638316 51.10648364934831 50.95054299835328 50.855884856171265 50.83074647895145 50.87596315171052 50.984231421074625 51.14083256358036 51.32528479657644 51.513452790025674 51.67977943952895 51.79939268323515 51.84997192299032 51.81347582450398 51.67799809797171 51.439936293274634 51.10627226934697 50.696239639520655 50.241322241700246 49.78268544931194 49.365836396933055 49.033262556413305 48.81657360328785 48.72996171637202 48.766572035074134 48.898786865357366 49.082635737907914 49.26572800191767 49.39759021646659 49.44148629820697 49.3875749439828 49.26665865974662 49.157797014047944 49.17215767915214 49.39809191041636 49.83408933919405 50.38333553133549 50.93335325687496 51.42528476011806 51.8383386879972
52.170127166979064 51.911866274405035 51.67165802914455 51.45398215361712 51.265081071512995 51.11330753825989 51.008015691071506 50.95737722052426 50.96599073139468 51.03308497946676 51.15168799653011 51.30874968709702 51.48605517968918 51.661735637009286 51.8121339806338 51.91375656704583 51.945149706274826 51.88876184133808 51.73300906954456 51.47466172896189 51.12127488322319 50.692878983503384 50.22185977803022 49.750172197272995 49.32377369569357 48.985126158778236 48.76535849120886 48.677918390298814 48.71527917649485 48.84967166127964 49.038019961178584 49.23040932687321 49.38078817222711 49.45854771165032 49.45991985082644 49.41716734856483 49.39900806778353 49.490338077841756 49.747561581331304 50.15771022400085 50.6479498676904 51.1410262081959 51.58944409687003 51.95934798070443
52.01483982850168 51.774828466519 51.56569814687811 51.39033988406408 51.25138563758459 51.152032266173244 51.095993203058434 51.08661046765049 51.12545971440785 51.21087605218906 51.33679121399916 51.49219003068032 51.66136540521924 51.82495027725537 51.96149528364201 52.04927865968971 52.068153371288325 52.001468169656604 51.83824223971646 51.57565314520933 51.2215021774884 50.795844529381014 50.330735928247485 49.867311967900484 49.4501782929444 49.12003532599231 48.906154919180096 48.820503241984646 48.85499539723428 48.98275230494259 49.16343854020878 49.35189200667642 49.508546125185596 49.609876245720145 49.657099395223604 49.68055772808043 49.734832015919864 49.879019007296385 50.146163478312914 50.52380032774151 50.96579590463843 51.420369947972155 51.8415450437034 52.181134825186646
51.90593280260979 51.686733301178265 51.50990862537071 51.376350845427574 51.284779843935205 51.23328261620065 51.220445980580905 51.24563949640083 51.30831240012061 51.406566043422465 51.53557136341497 51.686457259703786 51.846075331307105 51.99768187315795 52.12227601823872 52.20024816255238 52.21313636424605 52.145522167547334 51.98721658414445 51.73574510661908 51.39875176428893 50.99550690053647 50.55652432939417 50.12059744215637 49.72932376771625 49.420091711415196 49.21913688161417 49.13639006118254 49.16347048257353 49.2755164503237 49.43673989474177 49.60874307074914 49.75992946423599 49.87400147359718 49.955495649887446 50.030089093581374 50.137169886381336 50.31437467922713 50.580865334920745 50.93117310935723 51.341404308663826 51.77498671340752 52.18257297516982 52.50374426701493
51.86404752738755 51.66732894539366 51.521486450524904 51.42518393640435 51.373497026597235 51.36024172707562 51.3801116185589 51.42976108342261 51.507439658458296 51.61146472641344 51.73831082422713 51.88114269215816 52.029282879549996 52.168644709071266 52.282840976379596 52.354623738303694 52.367476925960545 52.30740582912552 52.1650528867175 51.93810308614197 51.63356501766913 51.26912746130441 50.87267234018166 50.479360375677715 50.12644632148503 49.84682629176442 49.66288553366422 49.58226484551436 49.59672202502234 49.684526636251306 49.815993722840304 49.96098664056202 50.09665537595188 50.2134664958092 50.31772854370734 50.42926091654996 50.574013056771925 50.77423541952958 51.04187916771844 51.37818881567618 51.773092006814736 52.19797157349496 52.600574980264604 52.91263920315408
51.90164123427592 51.72722828638744 51.60792415657115 51.54033356279132 51.51678913311636 51.528297315432155 51.56726881761092 51.62895554518331 51.71116647810948 51.81265910734357 51.93110642459624 52.0615128284819 52.1955452528327 52.32177270378309 52.426522402712095 52.495048118488995 52.51288596709709 52.46747063418519 52.350127279989046 52.15836009387992 51.89799365680942 51.58438955135692 51.241903096282705 50.90110798673639 50.59402768909962 50.34838782649729 50.18239386753511 50.10151956455958 50.098269077261314 50.155046750913876 50.24940851439111 50.36032572125989 50.4738129010171 50.586370271344336 50.705121514502274 50.84436194268196 51.01974175465608 51.243231075780784 51.52200179837316 51.85945575626811 52.25102151021874 52.67254631612771 53.072799095327326 53.381331645353015
52.01976384031235 51.8653110880527 51.765475694010554 51.715384236059826 51.70591817935911 51.72692848567605 51.770094970465706 51.83036474039461 51.90564724499477 51.99524730014895 52.097929421926956 52.21040706323296 52.32663694955786 52.43787526296442 52.53323382351171 52.60050757675293 52.62722882636914 52.60206592100353 52.51667418372949 52.367877798425965 52.159705455261104 51.90452060955211 51.62249180817019 51.339038680289576 51.08056778502995 50.86951092230172 50.72008430828523 50.63609474286873 50.611519970945 50.633683198703096 50.68797608950312 50.76262050948661 50.85205112318809 50.95799605636231 51.08798964112996 51.2518650099363 51.457838568330374 51.710517475994955 52.01188239126514 52.3624334951924 52.75709493617533 53.17479333843188 53.5698706308421 53.87586583512805
52.208182575664296 52.06967528213686 51.98098711621508 51.93654687223589 51.92706311673639 51.942639595022776 51.97541029427527 52.02079257170731 52.07717496125481 52.14453342435015 52.222757930216744 52.3103281524599 52.40360605858262 52.49667671258131 52.581534549236494 52.64849450780677 52.68689031073674 52.686238882153404 52.63797611972895 52.53759480739607 52.386661081229605 52.19395273127348 51.97503072856918 51.74997673095694 51.53967851617251 51.36166458506425 51.22680324060408 51.13801276625082 51.09147065962718 51.07986342517138 51.09638793751026 51.137948875674155 51.206454595228976 51.30797194033053 51.45025911105865 51.63969092690613 51.87891319344573 52.16642360904026 52.49804391563132 52.868204896526414 53.26791818969427 53.67805516073022 54.061314517590134 54.36079041791798
52.44845559912134 52.321233900616534 52.23572817153386 52.186358477440464 52.16458828471258 52.16167938088958 52.17092282935476 52.188663842438785 52.21405011300336 52.247943277717056 52.29160241847265 52.34558719283686 52.40902560994181 52.479163720908296 52.551081250093205 52.617595979831954 52.66955773766675 52.69679057788248 52.68978638610601 52.641917378054835 52.551571949592514 52.42343125508388 52.26823974624784 52.10088430146901 51.937224880371936 51.79066233872338 51.669647348172866 51.57709010751429 51.51193712086327 51.472249023908404 51.458365659101915 51.474662596372255 51.52913755259827 51.63116413644914 51.78849943661782 52.004733466712864 52.27803971062279 52.601527305437 52.9647568495505 53.35532427680445 53.75905029532117 54.15723494990748 54.52085816162533 54.8058117187893
52.71836219719107 52.59814766480411 52.509450522414255 52.447077572479394 52.40367684299314 52.37201622335939 52.34678088722171 52.32541884950997 52.30803531693269 52.296678792910875 52.2944252446947 52.30449838400957 52.32944073242146 52.37024816351853 52.42546988316425 52.490486092072096 52.55734581622916 52.61552525763761 52.65370157061433 52.66221615655403 52.63551797092142 52.57373688516689 52.482750970104895 52.37262808636679 52.254943464120416 52.13994830089671 52.034687672956395 51.94285097925471 51.86643584046288 51.808438284209146 51.77515579605453 51.77675724455102 51.82565276276444 51.93338050560745 52.107402990450325 52.34900779939624 52.65277637291695 53.00738121980019 53.397147988015384 53.803902659266754 54.20860759958115 54.59157866221219 54.929677155203635 55.19122628522249
52.99613495713312 52.87970409321392 52.783645717737706 52.7032027932311 52.63216289569158 52.564664828387876 52.49663128783565 52.42653477762536 52.355532062959355 52.287190024857274 52.22699202708625 52.18163864169523 52.15801500370648 52.16173853212253 52.1954435526928 52.25726711496754 52.34016235173654 52.43253212283309 52.52025446619586 52.58962994687341 52.630364380641545 52.637615135593784 52.61244119142455 52.56059145125979 52.49019856258534 52.40936027064866 52.324623253862725 52.241005239947924 52.16349944915982 52.09923371770987 52.058970216337805 52.056805003420315 52.107826283384554 52.224621314009056 52.414098772711625 52.675746899614126 53.001559323567704 53.3771358930147 53.78334108182721 54.19826572305173 54.59943478975207 54.96558878444572 55.27641882418851 55.50924630241185
53.263633247311034 53.14907718092336 53.04376485652978 52.94314263003687 52.841738395368566 52.73457470150213 52.618357122091034 52.49228528198415 52.358529195810334 52.22246111829841 52.09260584899391 51.98008284434346 51.897249784977376 51.85545852836082 51.86227121089224 51.91893317344607 52.019063357930875 52.149235137260554 52.29147160090769 52.426962705122484 52.53985157288297 52.619931493626346 52.663540351472726 52.67264075975682 52.65273775161512 52.610652926315396 52.55312280587842 52.48675228264441 52.419182176801016 52.36066361380127 52.32487980279898 52.32809291771922 52.38652775171821 52.51289363522278 52.71341882109402 52.98640067735929 53.322403501346585 53.70554409979435 54.11522166859688 54.52804533945324 54.92002382148541 55.26877816423171 55.554728346810144 55.75991276187965
53.50819100268011 53.39488766622825 53.280455001676174 53.16014672463001 53.028633597636464 52.88113501987689 52.71450134260684 52.52820045837282 52.325238764845196 52.11296800574592 51.903510650537164 51.71332158728467 51.56140510532789 51.46607340683116 51.440807682065945 51.49044159988141 51.609089290633634 51.780749429451625 51.98253011775273 52.189462795294126 52.37936620218219 52.53634832125697 52.65216757928475 52.72551395116915 52.759976745375006 52.76179070181388 52.73832231219706 52.697768848846714 52.649891037679666 52.607029224623105 52.584411246584864 52.599025212783076 52.66705599119162 52.800698323193885 53.00553402493122 53.27933521783144 53.61239659624799 53.98887373807158 54.3884955664631 54.788349852436404 55.1647854725451 55.49543013608207 55.76082884933899 55.94470488443982
