_RESULTS/REVERSE_NEW/Berg/GZ/6comp/Berg_GZ_z_125_kriged_reverse_6comp.asc
ncols 100
nrows 90
xllcorner 5.6208707817415728
yllcorner 50.959635321741573
cellsize 0.00013419651685393446
nodata_value 1.7014100000000001E+038
[rows 57 to 75 of 90, columns 44 to 87 of 100]
38.767036345098475 38.61242768856813 38.4537969054186 38.297537807743645 38.14810595356045 38.00812796086658 37.87843759488848 37.75789715810015 37.64352917374018 37.53148895969038 37.418635661721 37.3038386058304 37.190604018913014 37.09472002582581 37.04241605314621 37.04008079310844 37.06054601639343 37.07053360078794 37.046431553813406 36.9754268718019 36.86242071973846 36.734103540295195 36.632185884469855 36.598657878851775 36.66033371945752 36.81973142912951 37.05582225418338 37.333068538752286 37.613510123649284 37.86650287905338 38.07337159915511 38.22730347495484 38.330461541724986 38.390351281951816 38.416707336569154 38.41935114376317 38.40696130772353 38.3865107543716 38.36312901451871 38.34021722891746 38.31970745890253 38.30239651523663 38.28830239109813 38.276999246320536
38.82178086134531 38.71575799714254 38.60986708249218 38.50874151391981 38.41366181833806 38.321971082751475 38.22722538960235 38.12006191816169 37.990147583086575 37.829493108695644 37.636508862759996 37.41936806191849 37.19895770978022 37.01177575051275 36.8990194594533 36.873938408577914 36.90888893160566 36.956521234416726 36.96623102185378 36.89593535577726 36.72982650220801 36.49003213426047 36.23240153261966 36.02785597317102 35.93764680349534 35.99320067912765 36.188628114637126 36.48742123759529 36.838126380823574 37.19084660991472 37.508338812237135 37.769825246689265 37.969189300948855 38.110490661689965 38.20322858283925 38.25865236022463 38.28745041018851 38.298606528242196 38.29904125218622 38.29369732520082 38.285836985539866 38.277414835733346 38.2694507745661 38.26236035632415
38.846469301153164 38.780543535202696 38.716130120986314 38.65538420187197 38.596334598180135 38.531792908446384 38.44944920860095 38.33349482392218 38.16816452666225 37.943243237389254 37.66048047840456 37.33876982268448 37.016444273699776 36.748103086410545 36.58700895543463 36.55491364421499 36.62859565205951 36.75076283492477 36.84586410121276 36.841482770285715 36.69593578112569 36.41775993841455 36.065839554721805 35.729938274038425 35.500067188413496 35.43736889250763 35.557902381363334 35.83413134829199 36.210520593862 36.62423860072061 37.02208541839393 37.36909969111729 37.64921867443259 37.86109341233763 38.01237691329669 38.11468215401463 38.18011164606102 38.21936022766205 38.24098049720708 38.2513406942507 38.25491358849579 38.25467506822184 38.252498493698816 38.249494815995895
38.84369160712527 38.80824346551384 38.77403305490051 38.740743895376625 38.70360690699191 38.65208369825736 38.56991444587184 38.43720298751228 38.23504423490724 37.95257980457037 37.59505797760881 37.19006596612673 36.78866092523335 36.457650561292176 36.259128206303295 36.22342039866707 36.333776023946086 36.52877639210999 36.716775790212616 36.80270923297751 36.722049438844465 36.46649948055197 36.088820364052495 35.68491606211402 35.36115983312407 35.20030263699433 35.23893966319403 35.46351633441389 35.82320124223447 36.25133473189101 36.68565017663256 37.08080230224328 37.41192969510623 37.671752608682915 37.86482132694178 38.00175121777003 38.09489974779422 38.15579465623062 38.193986331139776 38.216807465359956 38.22959192452055 38.23605933340092 38.23871085852659 38.23917183111977
38.8210726838754 38.8068009222643 38.79263482492591 38.77638960847901 38.75147812094294 38.70556722537579 38.62059474419689 38.475021733232815 38.24892661929597 37.93175450002333 37.53108336334851 37.07914476222576 36.63301796953651 36.26486164429276 36.04139960160553 35.99933890285091 36.12860348439563 36.36963909882367 36.625852623781526 36.79139574842947 36.7871651650096 36.58983720311709 36.24064839510714 35.83058939503217 35.46901687147699 35.24861888246846 35.21988533870242 35.38301270781224 35.69708448005732 36.09962659482028 36.52721651861335 36.929995382365924 37.27754912878524 37.557691698589814 37.77147183330914 37.9274432162889 38.037012916703986 38.11146764687526 38.16050238540718 38.19177180627972 38.210993962437485 38.22227573605627 38.228477350024484 38.23153708965188
38.78954830010946 38.78864272439921 38.786372807945064 38.77954193546113 38.760924467273824 38.71799911800801 38.63291867982526 38.48465793406894 38.253995587523875 37.931137287533886 37.52431671403972 37.06606650828045 36.61302621694165 36.23617008758666 36.00190073753256 35.94982053629261 36.07582913516054 36.32698332662174 36.61161740468793 36.82498306047785 36.883491250124834 36.753840200652746 36.46421557577917 36.09326409693283 35.742419493871765 35.503207180947946 35.43178499202501 35.53862740908989 35.794192080278734 36.1451954744953 36.533415574157026 36.91019100458599 37.24349719017896 37.5182328287272 37.73240197011403 37.89202785590447 38.00670226265805 38.086554841540455 38.140626339699196 38.176260106554935 38.1990784117715 38.213217473071275 38.22163090478665 38.226374317649615
38.76122116312518 38.76778247928758 38.77140497383944 38.7686967647708 38.75285704899035 38.71253209827344 38.631708100300564 38.49154436009594 38.27479546799315 37.972668583525255 37.59260241787541 37.163956883599816 36.73789538836962 36.37885092399063 36.14820165891668 36.08482149344891 36.18934053822848 36.418214623856635 36.6915463861763 36.914917462388125 37.009299050410974 36.937553245193314 36.71626655952457 36.40834538915283 36.100380756574374 35.87447551798098 35.78516279076113 35.84861799742156 36.04554123535812 36.333763147995214 36.664023771873325 36.99299967855871 37.29045765721536 37.540544984076796 37.73918845807185 37.88998287974165 38.00032485191143 38.07862601182488 38.13271128253732 38.1691306570164 38.193026850820324 38.20827070777303 38.217686899374215 38.223283009185124
38.747782614954716 38.75768633412049 38.76296254248525 38.760639549309296 38.74511049547949 38.70712821058463 38.63359989691722 38.508978534515485 38.318849747216674 38.055626758621784 37.72510721492148 37.35138515317908 36.977024903865555 36.65632594844098 36.4420901546361 36.36944202570397 36.44217556691978 36.626993827419454 36.859245541477385 37.06035351392284 37.162150062433 37.12907992439967 36.9691638173283 36.72951447661574 36.47901877127974 36.285705208043396 36.19741171320447 36.231841139342116 36.37755054025354 36.60313389846564 36.86958811749635 37.14108800912058 37.3914130950677 37.60570134024178 37.77887254199106 37.91255976578287 38.012013518075946 38.083749528950676 38.13411244973322 38.168589267686386 38.191604809046055 38.206568044597915 38.21601885400363 38.22179658967461
38.75960867455732 38.77014281512205 38.77408965117547 38.769264971651616 38.7516834430292 38.714692950038746 38.64866720798061 38.541913286545 38.38331850678428 38.16672561733894 37.89610464971841 37.58958682893613 37.27993838539815 37.00970516267505 36.82116959340991 36.74367497886321 36.782556345622666 36.91408773729336 37.08944377258401 37.247810119765184 37.33496857419181 37.32060886567265 37.20749321895293 37.0290098229075 36.83668751946848 36.68313299376422 36.606934969368744 36.62434206408991 36.72917112165576 36.89914459434729 37.1050249654566 37.31893407685089 37.51963283562199 37.69431738484922 37.837787867022364 37.95031430555435 38.03532538434552 38.09756161215537 38.1418826319001 38.17264380582886 38.19345942225217 38.20718218805274 38.215981956818254 38.22145819769391
38.80525023620823 38.81474333697742 38.815219813386555 38.80542749014436 38.78312821861591 38.744362797728805 38.6830542334923 38.59145930492463 38.46190893827405 38.28989650252287 38.07788702756498 37.83845560041232 37.59495811311677 37.37834487652103 37.22005872322037 37.14274207040041 37.15185792005792 37.231609381281245 37.34749007473322 37.45557760615814 37.51589856885824 37.50506945127857 37.423319443990536 37.293286902444535 37.15147913530259 37.03613818861252 36.976186903571644 36.9848119555668 37.058902975881296 37.18322402678833 37.33681514372436 37.49904372892108 37.653638332974374 37.79027273255507 37.904213126894334 37.994926449649455 38.06445718622833 38.11606391649304 38.15328995372372 38.179437460731606 38.19733148618306 38.20925816635503 38.21699259281035 38.22186560057217
38.89101217515968 38.89853879307512 38.89399407754775 38.87703997318898 38.84709230435576 38.80270176860077 38.74109164588732 38.65822704293573 38.54977211910685 38.41304750775757 38.24962081914426 38.067601824193 37.88237991700315 37.71475929570035 37.58632130085546 37.513092987773675 37.49965042133343 37.536078920876484 37.599495915105926 37.66024984509871 37.690971650658824 37.675238605498535 37.612546124811345 37.51776288050396 37.41555170434263 37.332193258275176 37.28796316149568 37.29253464350585 37.34433338065183 37.43317644172323 37.5445531686745 37.663801423144406 37.7790066441372 37.88226559676433 37.9696029293769 38.040116527328586 38.094896809937254 38.1360712746318 38.16611736414951 38.18744417060843 38.202179403073124 38.212088880711356 38.21857158878097 38.22269333252494
39.02045070013974 39.02562218890453 39.01498105091486 38.988989470884924 38.94849602029094 38.89421652588398 38.82623474717085 38.743783340237805 38.64558328222851 38.530885379568666 38.40104742539298 38.26108553074753 38.12036633762613 37.99169002036763 37.888547551169914 37.821161885380164 37.79266689414856 37.79703718059024 37.819939665864105 37.842621846950344 37.84767596475457 37.82460645908098 37.77308454884207 37.70269475892045 37.62942895235254 37.57044310271062 37.53908852564058 37.54183538443754 37.57773531748129 37.64004142327862 37.71895621963494 37.804383625361346 37.88790629876659 37.96372090874005 38.0286823200207 38.081807591625925 38.12358875062266 38.15535161392224 38.1787689957116 38.195543373081094 38.207227996219565 38.21514427049859 38.220359348512964 38.22369837586
39.193797400733395 39.19661340310357 39.17924405256645 39.14279620384099 39.08927596947155 39.02115607392504 38.94086853606551 38.85039178115208 38.75114146493884 38.64431997070651 38.53169938334442 38.416549225958086 38.30420365277019 38.201756192984725 38.1166605083503 38.05452544384297 38.016888872299596 37.999963748170984 37.99510790726702 37.991123124259246 37.97769851156298 37.94875071366326 37.90438084872316 37.850715199108116 37.79776583318128 37.75621415196712 37.734337903146 37.736080774082694 37.76068163404235 37.80365074711472 37.858474276712585 37.918357008637045 37.97751224574038 38.03181413561641 38.07888542506918 38.117824413254944 38.148784213392325 38.17255708730174 38.19024108015049 38.20300832796403 38.21196309980847 38.21806720901515 38.22211124999396 38.224714739894814
39.407473185145186 39.40820754893293 39.383920384853106 39.336200144507075 39.26792729405903 39.18292222727378 39.08545885470266 38.979741235977045 38.86949439361113 38.757821451406286 38.64739293953391 38.54087056743139 38.44130019882226 38.35214774923074 38.27677526567909 38.217438967008704 38.1742022227924 38.14431700276549 38.122519598373316 38.102326739848976 38.07796162968952 38.04620993941328 38.00748099064034 37.965657064208465 37.92680814960137 37.897290205270274 37.881932475953576 37.882897072373936 37.89945974804198 37.9285939952366 37.96600000569197 38.00717239409816 38.04821092712869 38.08625427615389 38.11956862623584 38.14740438695702 38.16974596402965 38.18704915977143 38.20001875516368 38.20944454345616 38.21609374689043 38.220649200175345 38.22368110270559 38.22564151679067
39.65393432338477 39.653041185639225 39.62208369060718 39.562976951255216 39.479204379191415 39.37555114653058 39.257669433068074 39.13151400622029 39.002750455525 38.876278118539034 38.755988848916786 38.64479148745897 38.54480567259259 38.45753946824128 38.38388037793559 38.32385956771549 38.27632866352472 38.238808344744236 38.20774361355239 38.17922707386225 38.15001123987912 38.118450906973955 38.08499880481405 38.052040202548305 38.02311716884218 38.001831024112875 37.99081288336093 37.991084448912574 38.001946357636825 38.02132746396376 38.046393303713906 38.07418318723031 38.10210458916392 38.12821061093171 38.151272332692834 38.17070655908603 38.186429799782566 38.19869524559855 38.20794724222652 38.21470821213915 38.219500215195744 38.22279688592857 38.224999172933636 38.22642813710263
39.922064307727226 39.920102238686326 39.88313134022775 39.813250850319186 39.71429142752739 39.591650929374495 39.451945908662324 39.30246403771483 39.150476689155546 39.00254101447529 38.86394694712661 38.73842383367118 38.62812675470807 38.53382135636465 38.4551349533251 38.390770570943644 38.33866867239011 38.296187392585736 38.26039514343707 38.228510063959014 38.19841393575402 38.16908063066629 38.14074820802584 38.11474303886539 38.092996243952264 38.07741126120823 38.06928996233873 38.068986060991044 38.07585529446694 38.08846309378163 38.10493819947894 38.12334475559187 38.14197648491079 38.159528596142096 38.17515037887361 38.188409701503694 38.19920852487386 38.207682725833436 38.21410826154181 38.218824889727145 38.22218086038441 38.22449740038221 38.2260496012543 38.22705958620591
40.198187822805274 40.195765274477836 40.15378938603718 40.074414260953944 39.96157810218174 39.82096783563733 39.65979496926636 39.486314236351625 39.30910325389926 39.136219170614964 38.97441166496322 38.82856762384084 38.701490325920176 38.594009114958766 38.505325187622184 38.43346407904845 38.37573130938218 38.329125266579226 38.29070746011621 38.257937233365354 38.228950821351695 38.202733215530415 38.17912713697298 38.15865806544395 38.142212921283644 38.13066208911655 38.12453285753698 38.12381861668895 38.127955527832384 38.13594215484254 38.14654051245052 38.15848891196669 38.17067316254008 38.18223006275364 38.19258263854328 38.20142270187076 38.20866189470351 38.214370427518304 38.21871726984622 38.221919702484904 38.22420546388444 38.225787596177874 38.226850308867185 38.22754336904954
40.4675837473294 40.46532727431559 40.41961687705641 40.33254877474593 40.207950374971716 40.051505778735425 39.870694511977646 39.67441778886379 39.47228995999904 39.2736980318257 39.086827974156094 38.917881832482465 38.77065304196372 38.646515727346966 38.54476766488751 38.46319120458888 38.39868107290126 38.34782216884992 38.3073542705686 38.27450375786953 38.24718196495638 38.224052836499624 38.204475260017595 38.188338154779096 38.175826887624915 38.167176498794696 38.1624692075265 38.16151725829052 38.16384366611713 38.16874465687668 38.175399151973274 38.182986919021545 38.19078554751169 38.19823078367337 38.20493848930415 38.21069566821652 38.21543180964873 38.219181483257245 38.222046606565954 38.22416369777047 38.225678664491305 38.22672962837984 38.227436975332836 38.22789913842149
40.716198371983324 40.71473954651396 40.66670949465968 40.57405879364065 40.440321431579854 40.270932689973435 40.07336440805079 39.85689028136385 39.63191921565856 39.40898840843867 39.19763242760454 39.005394622887515 38.837203700851056 38.69522179316366 38.579133666894194 38.48674331029948 38.41470138715469 38.359203229284375 38.316550495716314 38.283531076082255 38.25761857367604 38.237017848460816 38.220592773267136 38.20771578317634 38.19808056659735 38.191518297467184 38.18785115674715 38.1868037507179 38.18797631635293 38.19086842441022 38.19493270343406 38.199636571442056 38.20451465579473 38.20920230276342 38.21344811112912 38.21710875003196 38.22013188753606 38.22253335126617 38.22437356281497 38.22573666421268 38.22671414855523 38.227393506862946 38.22785150683299 38.22815121364746
