_RESULTS/REVERSE_NEW/Berg/GZ/6comp/Berg_GZ_z_250_kriged_reverse_6comp_test1.asc
ncols 100
nrows 90
xllcorner 5.6208706962070707
yllcorner 50.959635321741573
cellsize 0.00013436758585859339
nodata_value 1.7014100000000001E+038
[rows 57 to 75 of 90, columns 44 to 87 of 100]
16.370077985891403 15.958418588451979 15.775311482670443 15.850176281659484 16.197643977329832 16.815692324486694 17.68461574242661 18.766613223236714 20.006384783094134 21.333873922814657 22.669802233817602 23.933093423360738 25.049827679862606 25.966158680277886 26.65653670756954 27.105373076714763 27.2877634372992 27.189408876581094 26.829962947399384 26.26319147483352 25.567885909096354 24.835627162273635 24.156343936642113 23.605290772646864 23.23470410202237 23.07095000933384 23.115969179575387 23.351203248570307 23.74263621640069 24.246313168339604 24.81408112006041 25.399208595638743 25.961283898947872 26.46972021510695 26.90542443660811 27.26059374573218 27.53699220214722 27.743294889215132 27.892137435940604 27.997411675041207 28.072167024952154 28.127273866838564 28.170828457945046 28.208157914542547
17.118384989888426 16.727654544326153 16.556279843962663 16.63286875612569 16.972101454074984 17.5728619013978 18.417096450183926 19.46949392226615 20.678401949950143 21.978750838596913 23.297238082984233 24.558888156459865 25.69482056097335 26.652373494371712 27.398259877405128 27.901676076933136 28.12582190813519 28.050806255163742 27.692362127431675 27.101775896874802 26.358808391131937 25.559516026554537 24.800257053046014 24.162939679059495 23.705494412325628 23.458442125920254 23.42625786946985 23.591645995046058 23.92118525243458 24.37139497738738 24.89472981705204 25.445132879593114 25.98266778716879 26.47671452757804 26.907419858995112 27.26545047845451 27.55041937627541 27.76852666395352 27.92996604194315 28.04654554709351 28.129813849198694 28.189818009610963 28.23447861962701 28.26947268275181
18.099596664946954 17.74076839824725 17.589395048594643 17.67303184029646 18.00625052483758 18.588987546495446 19.405441635663735 20.4236926612611 21.59647417591418 22.863739493021992 24.157239854853202 25.40650674856319 26.54587990522635 27.52181410448829 28.292778752928427 28.81778406955671 29.056003419486114 28.986267801675638 28.621383836934488 28.009849008376257 27.230700376550832 26.38141612775618 25.56115245342847 24.855126890250233 24.324507063718297 24.00268484691579 23.896469292995924 23.990293926111377 24.25200774454005 24.63925245926439 25.105695058251182 25.60657143813444 26.10308708336746 26.565305178884106 26.973360351557464 27.31713595791938 27.59479406789218 27.810658198116244 27.972924372212475 28.09156964095501 28.176690117283883 28.2373668779379 28.281048321390656 28.31336276082118
19.25308767891577 18.933441662158256 18.80632995399735 18.898272318045027 19.223846569162177 19.784212901136712 20.566064906811967 21.541154371742042 22.66679640875953 23.887923896675144 25.140972205439212 26.35925438861782 27.479168123679752 28.445395456385192 29.210279265969625 29.728328900613676 29.95957438695529 29.88389277259433 29.51229631005125 28.890333144300186 28.094321193027326 27.21975917256394 26.364805164026933 25.614647979153933 25.031216961113433 24.649283577438307 24.47750515529679 24.502432082196492 24.694104270494094 25.0123550693017 25.41304763851307 25.853545796610174 26.29690423188019 26.714487512691804 27.086979651488473 27.404002985047054 27.662748499450316 27.866077455315256 28.020503979400107 28.13436198147367 28.21634055087031 28.274463594156217 28.315503298534356 28.34475842153183
20.51726011333847 20.24170173337909 20.1408093365881 20.239959675051985 20.553735602893383 21.084515949412648 21.82144858589437 22.739908840893374 23.801785100178282 24.957074244503715 26.147092094453335 27.309116476264567 28.381674058062135 29.308614417107353 30.03953786019986 30.52862385982377 30.738963419797365 30.65272517444393 30.280200388659278 29.663761963435675 28.874958770762177 28.00398382620715 27.14436885033555 26.378177561335804 25.765919035959023 25.342466579233168 25.117830609611268 25.08088240971179 25.204617843630693 25.452123129910483 25.78253110687616 26.156247001256087 26.538885763289528 26.903655754453094 27.232221120818938 27.51431057096429 27.74647246757952 27.93039403790955 28.071137091357794 28.175541194486943 28.250942203665602 28.30426536905214 28.34148361049661 28.367385077266093
21.83226623628516 21.603309638272343 21.52853114658397 21.631839734094694 21.927612438294513 22.419282603511366 23.09831689029337 23.943645958323707 24.92180606757714 25.988165556709635 27.089508574293607 28.167877412418125 29.16498568920015 30.025835697217502 30.700432836314643 31.145113756955773 31.326855202899445 31.23067745788037 30.866736729078532 30.273863349392922 29.51712876867606 28.678716162959915 27.844500813606825 27.090739177720817 26.474603986283558 26.02999012731119 25.767867506634367 25.679559934677155 25.74156348060552 25.921031161184338 26.18125206874296 26.486461129061656 26.805446220997663 27.113706399152044 27.394218869184833 27.63709046542972 27.838469516176367 27.999089607968948 28.122747523599923 28.21492549679407 28.281679662229703 28.328843068573168 28.361535694202683 28.38393609727258
23.145232039960227 22.962577541871866 22.91149325948819 23.01400593632708 23.28399063962601 23.72574825661252 24.332982935534968 25.088220511768107 25.962843830140013 26.91801060423486 27.906667993606394 28.876623973305904 29.774205202345915 30.547655014797154 31.149738934560506 31.540337544649937 31.690518483628153 31.588152617155828 31.24327218365357 30.690719404262435 29.987945047309385 29.207361646161072 28.425097052334387 27.70958107060754 27.11306532325539 26.66749397645906 26.384399324408715 26.257588416643728 26.267377992520398 26.385488762294422 26.57993365354356 26.819303481570856 27.075982396207156 27.328078518949166 27.560129133460627 27.76283261535795 27.932139725746957 28.068025399235054 28.17319873825807 28.251929383937274 28.309093759174615 28.349483004394965 28.377367672546562 28.396282635669685
24.416370914310626 24.276862382774123 24.244781408385666 24.339945464360042 24.575507273861096 24.95654089656156 25.479015047996768 26.129185032089442 26.883517932791257 27.709330389072147 28.566299583477004 29.408856218749573 30.189200665873244 30.860471067294704 31.37975543742379 31.711218058877616 31.82989820324807 31.72611572552161 31.40939172575167 30.910159815991545 30.277693370694873 29.573843716307525 28.863938887516973 28.20738465883641 27.650394226568086 27.222130094509534 26.934221655903496 26.78280646271123 26.752075731015857 26.818487536533343 26.954998821570168 27.13477843797315 27.33400440541477 27.5335668687285 27.719727560261436 27.88394798995673 28.02216544827444 28.13378639681212 28.220614867077277 28.28586799653982 28.333368568073936 28.366952329598615 28.39008807295455 28.405681464021775
25.623548011203756 25.521706842033538 25.502156300533578 25.582384989632285 25.774784040301313 26.085258462333194 26.512179503656082 27.04571393061976 27.66761059859237 28.351568621415087 29.06431157735604 29.767412455899734 30.419760379167766 30.980424801251733 31.41170444419742 31.682352628597126 31.77106276261255 31.670002977254995 31.387640601942984 30.94969865406183 30.39721521015895 29.781496299288428 29.156939034288325 28.5735400510696 28.070899149845236 27.674792928983166 27.39645036340514 27.233992073241797 27.175256430130123 27.201286890439697 27.28988196909161 27.418728299288464 27.567781459713842 27.720746118375484 27.865692539556306 27.994977177060427 28.104691733691983 28.193861140062353 28.263571965950696 28.316160975469895 28.35454242652593 28.381708783381875 28.400405447134553 28.412956911433685
26.76365468580772 26.692587823706244 26.678043923001525 26.73530986699319 26.876196142823954 27.10766886543831 27.430746712963327 27.839717361208944 28.321746121001734 28.856975951074993 29.419224361101804 29.977342694673425 30.497213521761267 30.94426259439298 31.286319539955514 31.496686943571294 31.557268245184844 31.461445806350575 31.216128949863826 30.84221054911088 30.372816862503214 29.849297689179156 29.31567348305303 28.81281130183079 28.373633149971432 28.020203294847274 27.762897552024384 27.601343042023103 27.526570509279868 27.52379172410466 27.575283588975267 27.662963439284123 27.770372452391783 27.88394050035296 27.993553621437815 28.092549868996553 28.17731799742546 28.246675284026008 28.301173666176886 28.342443670932425 28.37264432546483 28.39405053992637 28.40878051708652 28.418645951871152
27.85046838574019 27.802840120498555 27.785447834466027 27.81172855534833 27.89330505211016 28.0386061456346 28.251654115519848 28.531106959958173 28.869643867195144 29.253791672792158 29.664291301175833 30.07707713691174 30.464881102447343 30.79939113347751 31.05382040744611 31.205692808348335 31.23959498223215 31.14954936340591 30.94054568297637 30.62872975282357 30.239907399633754 29.806410857381277 29.362864766245387 28.94174004915273 28.569615661149435 28.264786799911878 28.036431626773545 27.885172732498432 27.80465060208559 27.783658502555177 27.80841448747507 27.864623491192113 27.93909282706113 28.02079089975927 28.101355519660082 28.175141758728678 28.238941369164866 28.291511962340632 28.3330364342057 28.364603418901048 28.38776675492827 28.4042118021602 28.415532304468904 28.42310492242623
28.90970114404004 28.87853065762089 28.850657614005375 28.838190647927913 28.85313360231152 28.90593565793483 29.00409583143155 29.150957977720914 29.34482069923023 29.578476639686567 29.839281479583597 30.10982298655015 30.36920663967525 30.594900005431736 30.764997141155366 30.86068996310481 30.86866767869153 30.783106504102207 30.606877702755163 30.351638947786096 30.036630741290594 29.68627530426752 29.32698758172942 28.98382392124889 28.677613948283586 28.42304528634659 28.227891385750958 28.093306647472637 28.014934657762037 27.984497542059867 27.991534612538626 28.02501091361071 28.07460151724774 28.131555987304107 28.189138132320107 28.242702637435308 28.289506185811963 28.32835930530066 28.359214288799418 28.38276273215975 28.400090657899973 28.412414971409994 28.420905350861815 28.426582155898032
29.972404462837904 29.95158026492405 29.906171937304777 29.84758403377264 29.78889383828303 29.743253536755077 29.722222490974488 29.734229765377357 29.78334620420602 29.86851264655034 29.983331723084287 30.116483761431045 30.25276835364062 30.37470167151784 30.464522358599595 30.506386642751774 30.48847653533513 30.4047137408823 30.25578109920335 30.049223056194425 29.7985392991342 29.521385338646873 29.237196251437314 28.9646813175717 28.719645590117292 28.513480688872946 28.352483007933316 28.237971676086815 28.16704075784635 28.133707744799462 28.130207718335104 28.14821547908066 28.17984026866795 28.21831198128157 28.25834712410896 28.29623504549429 28.32971507709083 28.35772460329983 28.380091780536688 28.397230888207787 28.409878759662487 28.418891780809446 28.425107418022318 28.42926353784298
31.06790180234992 31.052414711152455 30.98320240794174 30.871625765947307 30.732588327519238 30.58270319372683 30.438254773773636 30.31323444552117 30.217702228942866 30.15666850202799 30.12961715072308 30.13071639302251 30.149690184201006 30.173251486263826 30.186930402313877 30.177071729603384 30.132737867738236 30.047245183468984 29.91909499464869 29.75214060688216 29.554955762289687 29.33951739918848 29.119450180606115 28.90816058684894 28.71718832290367 28.555025573813836 28.426530630659013 28.332932383628766 28.27231882190551 28.24044191600459 28.231654354276476 28.2398130910687 28.259028565580262 28.284192896224987 28.311272375600264 28.33738991274887 28.36074749028071 28.380447579840972 28.396269072947504 28.40844211033282 28.41745161814448 28.423884935096684 28.42832702016776 28.431298524442955
32.21721013151922 32.20317002849198 32.104815546152146 31.934098085748275 31.708489442791066 31.44882787666916 31.17681221660243 30.912514382860145 30.672251568300513 30.46707562422604 30.302024813281303 30.176169242396046 30.083383989085977 30.013708194734797 29.955091631601 29.895291291882494 29.823663858598966 29.732612962505428 29.618498190118032 29.481894841916183 29.32719962448483 29.161688848094762 28.994227480727876 28.833876494485377 28.688640299665014 28.564540360502484 28.465114561628585 28.39134969433334 28.34197806752718 28.314021235891435 28.30344734364814 28.30581965754306 28.316844093024564 28.33276261617582 28.35057765989787 28.368123112244586 28.38401656903467 28.397535228816306 28.408456157060623 28.41689386385817 28.423157541125267 28.427639656115506 28.430738770161717 28.432813354671737
33.42769893588964 33.41221935490253 33.280468648146346 33.04554029428647 32.72812926219426 32.35398524893944 31.950855198534235 31.545384998824407 31.16042435180455 30.813071954404403 30.51364278060233 30.265577868658195 30.066185122987616 29.908013050361248 29.78061401181817 29.672437943599355 29.57260545705217 29.472342044956314 29.36591449108893 29.25099215031472 29.128447918815347 29.001700177468827 28.87576105997281 28.756185630025204 28.648106769983983 28.555497401117663 28.480738435853777 28.424503957751234 28.385918824044076 28.362907209684153 28.352636500339802 28.351967108087646 28.35783938622892 28.36755645452933 28.378949383711788 28.390433625515062 28.400980095091633 28.410030559520038 28.417386325530337 28.423093923452843 28.4273439904426 28.430391931680465 28.43250259025866 28.433916766429196
34.6895985836476 34.67062280240348 34.502502533663815 34.19989312827664 33.78720511409416 33.29561687809726 32.75940679587775 32.21217656096723 31.68352221016911 31.196584481703177 30.76671142754354 30.40125081213001 30.100313164928753 29.858239880484728 29.665473554865567 29.510537840801952 29.38187020413851 29.269304452753936 29.165069510060583 29.0642522043796 28.964754021352373 28.866841318620956 28.772434186372564 28.684295051747732 28.605264791078067 28.537657909534897 28.48287951989675 28.441276677756644 28.41219468791025 28.394181374160553 28.3852710233432 28.383283166406535 28.386085407003627 28.39178888896996 28.39886468704207 28.40618564052397 28.413008883359748 28.418919187982127 28.42375312846125 28.427520570632392 28.43033485663311 28.432357760744697 28.4337608695505 28.434701974310556
35.974861784827816 35.950981213352165 35.74502522680956 35.37346102977064 34.86467916669977 34.255549979712846 33.58712144487846 32.900127364298214 32.230979678480985 31.608783534683088 31.05367360471087 30.57649659032989 30.179635191494864 29.85863336584395 29.60424788078509 29.40458704894352 29.24706540270709 29.11997998478585 29.013594388066092 28.920698441749447 28.836686753900352 28.759257476582096 28.68786594908364 28.623074437626737 28.565922571300927 28.517410387329296 28.47814576613959 28.448168723930443 28.42693300881287 28.413404556661348 28.406227629560586 28.40391147232722 28.405000009867642 28.408200698161597 28.412462575935198 28.417005167995608 28.421307691811464 28.42507171664298 28.428170615233928 28.430596930449692 28.432415370662127 28.433725593335275 28.434635948612446 28.435247279014717
37.23869264398904 37.208985204127536 36.96544054701016 36.52639617177548 35.92421520436766 35.20140555175071 34.40569960144796 33.58484914761733 32.781925263217566 32.03177710967731 31.35902626110547 30.7776394939572 30.291834732818767 29.897903408184533 29.586493875405196 29.34495987189245 29.159479664446668 29.016755166205787 28.905193326106556 28.815555132455355 28.741127944726806 28.67752716834662 28.622258108643045 28.574168676785945 28.532903978666823 28.498442516534254 28.470758609203305 28.44962315328223 28.434529425672018 28.424714470121497 28.419239884936186 28.417097102660176 28.417309094157527 28.41901006302754 28.421494589605988 28.424235965253565 28.42687910354703 28.429216215329316 28.43115379687956 28.43267815823599 28.433824546482146 28.434652612194412 28.435229013780265 28.435616591649985
