_RESULTS/REVERSE_NEW/Berg/GZ/6comp/Berg_GZ_z_63_kriged_reverse_6comp_test_linear.asc
ncols 100
nrows 90
xllcorner  5.6208707817415728
yllcorner 50.959635321741573
cellsize 0.00013419651685393446
nodata_value 1.7014100000000001E+038
[rows 72 to 89 of 90, columns 41 to 81 of 100]
0.02459613483749691 0.023104679910875905 0.02195360112559271 0.021121323058978198 0.02059474954481316 0.020369936266738477 0.020451890819823335 0.020853680787574994 0.021595125098693064 0.022701186727063633 0.02419990872688357 0.026119541995143693 0.02848450986902979 0.03131005181456793 0.03459575962975575 0.038318718601227465 0.04242749621167944 0.04683860907024814 0.05143712122814077 0.05608250422344008 0.06061981412616699 0.06489486308937585 0.06877084282660793 0.07214327596885133 0.07495048841478011 0.07717790900022083 0.07885599935654583 0.0800529823588346 0.08086438551100393 0.08140161271355768 0.08178140991847552 0.08211743648610571 0.08251444651592121 0.08306500502750638 0.08384829641735501 0.08493042674650277 0.08636562668729666 0.08819786228053557 0.09046249789364622 0.09318779021104243 0.09639610289564259
0.03220418648799267 0.03064093956477785 0.02941449285033863 0.02850275164711657 0.02789456206945166 0.027591100480180864 0.027604739878509428 0.027956008516417268 0.028670027611062708 0.02977342324538624 0.03129177019879413 0.03324701156653877 0.035654257859856674 0.03851769462319729 0.04182578138317977 0.04554638005108231 0.04962282868462836 0.05397217920259997 0.05848672949969128 0.06303952406110244 0.06749370629816084 0.07171466272336577 0.07558309678207459 0.07900679954796123 0.08192909989946645 0.08433271784053284 0.08623876249669193 0.08770158781912708 0.0888008809255646 0.08963259266314572 0.0903001635364596 0.09090708830858156 0.09155136573062174 0.09232193234288717 0.093296859114694 0.09454291669138878 0.09611606821654492 0.09806248813144706 0.10041978975383657 0.1032182413348281 0.10648183917076101
0.04180752718927792 0.04026411572217272 0.03902719241932361 0.03806397248694869 0.037360169907372356 0.03692472228278988 0.03678651771595967 0.03698511213439662 0.03756104048029927 0.038549530604383035 0.03997766304573566 0.04186312471675885 0.0442128962507535 0.04702113651562098 0.05026634182883895 0.05390838423828452 0.05788631910206114 0.06211792639699291 0.06650179544705798 0.0709223661642924 0.07525774820257586 0.07938948212106563 0.08321287039272238 0.08664626786876341 0.08963787237863743 0.09216905830571101 0.09425399546497822 0.09593598700051974 0.09728146551789842 0.09837281249111603 0.09930111593465264 0.10015973217864631 0.10103917640477574 0.10202353130106522 0.10318829895686085 0.10459945486518882 0.10631339071197188 0.1083774326718327 0.1108306667391033 0.11370486753385133 0.11702539413385452
0.05379283050102366 0.05242970555235437 0.051304708767475664 0.050348677918151265 0.04952901477311634 0.048867649612485006 0.048432422086574306 0.04830854223290442 0.04857230841844528 0.04927902051507169 0.050462072837937855 0.052136112124706056 0.05429982596923924 0.056936983992135 0.0600159825667092 0.0634887459457066 0.06728996340899325 0.07133755268239411 0.07553500383615988 0.07977589024221263 0.08395037126295656 0.0879530391190194 0.09169109516643108 0.0950916848073831 0.09810732809811273 0.10071872863866568 0.10293472904803885 0.10478967492290737 0.10633883069090853 0.10765268907707651 0.1088110214726218 0.10989737056735839 0.11099445674830956 0.11218072424638795 0.11352804295550317 0.11510043423190935 0.11695360870579846 0.11913508109559928 0.12168464413114753 0.1246350233260877 0.128012582064139
0.06854448136275255 0.06763136594272988 0.06684429704250226 0.06601503194872473 0.06504815320568486 0.06399039454969188 0.06300658401158514 0.06228734322639132 0.061980330435867245 0.06217420177551445 0.0629099886980942 0.06419629326713404 0.06601987887863442 0.06835118828292343 0.07114647752363647 0.0743483212383973 0.07788586456665063 0.08167580258588913 0.0856246991172149 0.0896328828140704 0.09359977621498355 0.09743016115099737 0.10104062537006774 0.1043653308516166 0.1073603224389353 0.11000583674628706 0.11230641236728728 0.11428895676043492 0.11599921163693658 0.11749722471323411 0.11885246766739894 0.1201391590962003 0.12143219916343734 0.12280394608209762 0.1243219020727254 0.12604725180978946 0.1280341182605312 0.13032936619591762 0.13297278274463759 0.13599748523592087 0.13943043828772592
0.08636572709761647 0.08633594800075922 0.08630373928237718 0.08585237472287162 0.08468461015218827 0.08290367799032503 0.08093481733351346 0.07920189060928907 0.07796934443651025 0.07735969008414859 0.0774093413644998 0.07810864760484126 0.07942334033266371 0.08130440807997358 0.08369199212670553 0.08651666266794929 0.08970000006965048 0.0931555813923532 0.09679095677000575 0.10051081647311313 0.10422122668901539 0.10783454526807296 0.1112744450741877 0.11448040329976583 0.11741107386007209 0.1200461318410258 0.12238642177874084 0.12445249807742184 0.12628186095177718 0.1279253267371224 0.12944301365937824 0.1309003830675653 0.13236467739097313 0.1339019710565055 0.13557492747072616 0.13744125355674977 0.13955277277479136 0.14195499891508062 0.14468708131771707 0.1477819999285732 0.15126690785314764
0.10732095796215184 0.10880702295868572 0.11029095058997095 0.11078902685810038 0.10931186939997276 0.10612782065055502 0.10243467297614095 0.09911103828620205 0.09653298771992286 0.09480776057969897 0.09392894962964828 0.09384513372756532 0.09448733365424178 0.09577917004826811 0.0976399888890721 0.09998539850510153 0.10272725984002186 0.10577411612400299 0.1090325124123936 0.11240931982367361 0.11581492932629361 0.11916698854798073 0.12239423070694415 0.12543990322758475 0.128264351334194 0.1308464378703396 0.13318365658809173 0.13529098405516876 0.13719867753948017 0.13894933529303125 0.14059457971551015 0.14219170684206991 0.1438005829896718 0.14548098208564605 0.14729046543311516 0.14928282491298808 0.1515070498423503 0.15400673966763978 0.15681986749064833 0.1599787985752982 0.16351047803981136
0.13098201668427215 0.13468114938024198 0.1389142416628058 0.14183651438786768 0.13975407649121407 0.13362727593530674 0.12714457098827148 0.12164027204193163 0.11736306398448142 0.11427964268630453 0.11228629745202792 0.11126607232616735 0.1111044632853608 0.11169255624390692 0.1129262652527267 0.11470469015142895 0.11692878789486981 0.11950085991432317 0.12232503146208862 0.1253086958790986 0.12836474289352284 0.13141427200669983 0.13438941813753075 0.13723589863933883 0.13991493317044154 0.14240428351477127 0.14469829075284862 0.1468069267722717 0.14875400035381034 0.15057474538599905 0.15231306048108345 0.15401866627654148 0.15574440825686872 0.15754387280592488 0.15946941674453455 0.16157064767571377 0.16389334181253382 0.16647875105770904 0.16936323183994467 0.17257812215784774 0.17614979689436022
0.1562145037025629 0.16228003352752898 0.1700761906020675 0.17907398597359855 0.17513758817823072 0.16339813250069374 0.15360469270742108 0.14582120246371452 0.13980366341614164 0.13531456643054396 0.1321468160100268 0.13012201349198524 0.12908493428726223 0.12889793559148507 0.12943619410770005 0.13058403598895474 0.13223243490049527 0.13427767123958462 0.1366210792620149 0.13916973861667203 0.1418378949130353 0.14454883218834652 0.1472368826926719 0.14984925759436984 0.15234742051593542 0.154707800057984 0.15692173554875383 0.1589946551992135 0.1609445801316556 0.16280011744972145 0.16459814302946768 0.16638137949591997 0.1681960523226778 0.17008976619716018 0.17210969479970994 0.1743011288491026 0.17670638607268715 0.17936405614594894 0.18230853446152462 0.1855697897585235 0.1891733099876268
0.181431248935486 0.18878632616502272 0.19767029735965483 0.2061748331926127 0.20261173649763078 0.19057239623023414 0.1794727279914979 0.17030159585567992 0.16298115024648846 0.15730677198849807 0.15307042137890473 0.1500827535677962 0.14817518995169973 0.14719723475382096 0.14701295994815647 0.1474978763161467 0.14853660307292751 0.15002145433668201 0.15185192141244755 0.15393494146521086 0.15618577644296244 0.1585292773025081 0.16090128224950356 0.16324989900488143 0.16553645173777057 0.16773592969845777 0.16983684816032185 0.1718405112693734 0.1737597385626936 0.1756171722235337 0.17744331467027238 0.17927445467151518 0.18115062790658518 0.1831137306375652 0.18520586992982851 0.1874679972353006 0.1899388392428206 0.19265411387241 0.19564600141774818 0.19894283087907605 0.2025689382454893
0.20543173259076372 0.21255966907959364 0.2197181829243759 0.22412271893567934 0.22161965622859173 0.21319261990771474 0.20324257347939628 0.19399275993762327 0.18609583675827054 0.1796549442007029 0.17459545990500636 0.17078775882361374 0.16808974202018273 0.1663617992070188 0.1654716305915762 0.16529529974049484 0.16571705722830316 0.1666289991231436 0.16793099240554735 0.16953099689261492 0.1713457525089812 0.17330171090971713 0.17533604479697404 0.17739755641730276 0.17944732298262842 0.18145895518335084 0.18341839783561772 0.18532325993099003 0.1871817158357341 0.18901106260784198 0.19083604564913226 0.1926870747647966 0.19459844676787472 0.19660667281241329 0.19874898349218403 0.20106205720301754 0.20358099131186283 0.20633851402511474 0.20936441888438823 0.21268519377008452 0.2163238115547766
0.2278925199561472 0.23401590581983364 0.23923382916157926 0.24163605202393384 0.2395217685479944 0.23329255496954562 0.2250183502600751 0.2164901424642705 0.20865543859213126 0.20189878522868582 0.1963226713048112 0.19189997645253115 0.18854684703058902 0.18615670960194902 0.18461611218878823 0.18381209082459513 0.18363562092774247 0.18398333979615691 0.18475859412003598 0.18587229897630098 0.18724379570775165 0.18880173352329885 0.19048491377572022 0.19224299841179793 0.19403698003589676 0.19583933031541795 0.19763377746643476 0.19941470412824547 0.20118619661025228 0.20296080924511262 0.2047581294679769 0.20660323869820932 0.20852516178717254 0.210555386048143 0.21272651297220949 0.21507108510979153 0.21762061029090596 0.22040478761166737 0.2234509257469632 0.22678353462428089 0.2304240661051013
0.2490389834885374 0.2540471786808299 0.25781586060121964 0.25915748172965375 0.2572561179070094 0.2523248070366037 0.24545881197900227 0.2378841094938794 0.2304861138808948 0.22376762683589912 0.21796230792013585 0.21314376327301698 0.20929740314535547 0.2063624266920596 0.2042553203190173 0.2028828535472549 0.20214931980459294 0.2019606974437076 0.20222720339129857 0.2028650284336761 0.20379765315474702 0.2049569197747087 0.20628390905324703 0.20772960599113668 0.2092553122345076 0.21083276348171 0.21244392700150672 0.21408047959042167 0.21574299327106194 0.21743987956499536 0.21918615977699196 0.22100213673933336 0.22291204290868952 0.2249427319301646 0.22712246793829682 0.2294798513894553 0.23204290437767403 0.2348383239654086 0.2378909002304474 0.2412230870388477 0.24485470803240314
0.2691999309279966 0.2732366288241461 0.27598832833735704 0.2767079934393015 0.27495516501485917 0.27086216938657276 0.2650726908904606 0.2584137523949012 0.25160485530463306 0.24514697537514102 0.23933632223970222 0.23431857601670095 0.23014076766257685 0.22678938444733338 0.2242155913582935 0.22235119398248834 0.22111859697560016 0.22043705938837949 0.22022672814357913 0.22041135360110234 0.22092021317201635 0.22168953006941375 0.22266352811417756 0.2237951789817518 0.2250466551236729 0.22638948612317164 0.22780441849874722 0.22928099125509535 0.23081685569798335 0.2324168835350747 0.2340921188948617 0.2358586358846537 0.2377363632781273 0.23974793253072213 0.2419175959262373 0.24427024993428736 0.24683058646023495 0.2496223829844505 0.2526679326004215 0.25598760721784064 0.2595995418527914
0.288629583965285 0.29188567734240933 0.2939230160335646 0.2942552974820383 0.29262383168398004 0.28911937146365646 0.28415216442196845 0.27829250599575217 0.2720988049676942 0.2660167056184795 0.26035320157541103 0.2552928936706286 0.2509275488076679 0.24728432582997065 0.24434796344263657 0.24207676347202012 0.24041364185673525 0.2392936568631849 0.23864915227569125 0.2384133251383733 0.2385227532289154 0.2389192159890458 0.23955100514756666 0.24037383331532375 0.24135139727447782 0.24245562691934033 0.24366664241972352 0.24497244445041183 0.24636836991807723 0.24785635442553292 0.24944404986509242 0.251143849313223 0.2529718711517801 0.25494695026103203 0.25708967701184016 0.25942151573876426 0.2619640245825814 0.2647381890977327 0.2677638736241827 0.27105938762168247 0.27464115916486564
0.30749083421847906 0.3101397962819203 0.3116712466810512 0.3117571917159862 0.3102361960088722 0.30717475120147364 0.30285098191261495 0.2976700040221994 0.29206084074353955 0.28640014933307134 0.28097687303945196 0.2759884836836924 0.27155362856392007 0.2677298672979853 0.26453058871198354 0.2619389322569568 0.2599184433594593 0.2584209359970614 0.2573922035992367 0.25677615425864436 0.256517814211858 0.2565655135736201 0.2568724635592786 0.25739785878843235 0.25810758846558435 0.25897461091618096 0.2599790315998338 0.2611079203203854 0.2623549046588335 0.26371958028277087 0.2652067822495495 0.26682576312808415 0.2685893229429991 0.27051293250232417 0.27261388601506725 0.27491051174286263 0.27742146157692094 0.28016509266143663 0.2831589471195185 0.2864193300077028 0.289960981041812
0.32588019793925793 0.32806566425398703 0.32923890652343346 0.32917167577354933 0.3277587030779634 0.32505105312072674 0.3212465169497494 0.3166413730057822 0.3115667244798627 0.3063339552468243 0.3012016492577527 0.2963634934265653 0.2919504315011821 0.2880399550017463 0.2846675498810322 0.2818376056391465 0.27953268776630646 0.2777209552536818 0.27636189964596236 0.27541070651677557 0.27482153706843326 0.27454997625291516 0.27455483343273274 0.2747994288318753 0.27525245924814434 0.2758885097959055 0.2766882626764863 0.2776384462449241 0.2787315650694413 0.27996545173819226 0.28134268188249617 0.2828698938908284 0.28455705332471276 0.28641669887405224 0.2884632019688469 0.29071206632233265 0.29317928726474124 0.2958807842963868 0.29883191431670847 0.30204706782568497 0.3055393462461385
0.34385283945787454 0.3456909509558895 0.3466144568277867 0.3464603280200797 0.3451577404241062 0.34274734960789077 0.3393752772040166 0.3352639954837509 0.3306717174639533 0.32585393482356206 0.3210359612100067 0.3163986698101803 0.3120750565435129 0.30815370224485233 0.3046856154494704 0.30169204879213535 0.2991719424042158 0.29710839649906534 0.29547401486050684 0.2942351785512314 0.2933553929634144 0.2927978650623471 0.29252745055628315 0.29251208432224574 0.29272378223592477 0.2931392827841508 0.2937403832881469 0.29451401740647887 0.29545211632771406 0.2965512941083017 0.2978123965676663 0.29923995196657194 0.30084155971878107 0.30262725033412013 0.3046088456957358 0.30679934387409524 0.3092123473392975 0.31186154804285343 0.3147602777588851 0.31792112758085406 0.32135563674012857
