_KRIGING/CROSS_VALIDATION_CLASSIC_80-20/Berg/TZ/train_1/Berg_TZ_1_train_z_125.asc
ncols 100
nrows 90
xllcorner 5.6208707817415728
yllcorner 50.959635321741573
cellsize 0.00013419651685393446
nodata_value 1.7014100000000001E+038
[rows 19 to 37 of 90, columns 43 to 85 of 100]
26.056331794007264 25.863215461915338 25.185624751217702 24.124222366673941 22.800842153479504 21.34415261301455 19.875498057536984 18.496688157927071 17.281152804743275 16.269340793835426 15.468610387103613 14.857238178383955 14.391651644574157 14.015638586622845 13.670139477740577 13.302288095399302 12.872602316674932 12.359588356069089 11.761443562134325 11.094959568521366 10.392082119239545 9.6948349984040085 9.0494415707372422 8.5004770676425423 8.0857743580401369 7.8326151767438574 7.7555046088659019 7.8555870692962326 8.1215505128005869 8.5317067574127172 9.0568429583265608 9.6634141991538201 10.316681556305442 10.983478328924624 11.634390308069603 12.24524489638268 12.797902492632863 13.28042067538321 13.686711885381539 14.015838350642658 14.271087858926997 14.458957063912793 14.588142506611605
25.979463903377919 25.346288488719125 24.272750663822642 22.878191800296534 21.299047897424021 19.673443001139812 18.12640845929289 16.757552704128983 15.632598508467439 14.779613824713447 14.190087367017053 13.824346989957679 13.620282419663779 13.503983057594859 13.400771082264821 13.245198267758505 12.988848039114723 12.605185185423277 12.091155205224055 11.465683899275671 10.765605685484656 10.039813366631934 9.3425508849376744 8.7267635217420469 8.2382954207602825 7.9115144638865615 7.76668920009587 7.8091824381465758 8.0302969362909451 8.4094364874579544 8.9171446895451343 9.5185555126122985 10.176825397863015 10.856199391282761 11.524473305731162 12.154729779184857 12.726331263055243 13.225235638122024 13.643754568407505 13.979900732361029 14.236471891999447 14.420004101626199 14.539700711554589
25.571899351110382 24.483010479985161 23.010098890955007 21.290831078708834 19.475275258554689 17.709558137178391 16.120624011345775 14.80395329351478 13.81563722792402 13.169566435871459 12.839777578789507 12.767324740857077 12.870496749759043 13.056857375905979 13.235474738087612 13.327824150532512 13.276157033950557 13.048565873578582 12.64046839658883 12.072710405581372 11.386884047589511 10.638732917790962 9.8906455735101595 9.2042254202038638 8.6337876968168672 8.2214078895835581 7.993872473450347 7.9616053047792512 8.1193986928927622 8.4485944612271364 8.9202517762171105 9.4988067896413231 10.145764603830324 10.823049197727325 11.495750350408393 12.134127038482642 12.714836498260505 13.221444933636631 13.644333824936581 13.980144872247847 14.230911119111244 14.403008635926962 14.5060398806874
24.867024159930285 23.324726470266636 21.46465101327496 19.44174093619398 17.418218853584673 15.546473712675699 13.953536293597221 12.729010365891973 11.917816892321778 11.51842719659806 11.486516762232895 11.74327685950761 12.187073787921417 12.706812730944016 13.195274885106103 13.560843848627277 13.736378216767831 13.684456651613678 13.398743077765353 12.901718074924146 12.239434704705332 11.474238784101225 10.676523777755026 9.9165708233776293 9.2573766720790829 8.7491327450344691 8.4257309581851274 8.3033808620202656 8.381166574270555 8.643178969980065 9.0617435060147145 9.6012283812208175 10.221951451819985 10.883789349543658 11.549206639133008 12.185544930337487 12.76652358905066 13.272992777172815 13.693040134003018 14.021584502416786 14.259598092547296 14.41308921830518 14.491958659043945
23.919899191451364 21.944796418405929 19.7251442988101 17.431427270940521 15.236071889957833 13.29575940080014 11.735803299733814 10.638446152665807 10.036376256930062 9.9120485100339444 10.202627407815772 10.80966728539161 11.612102403041554 12.480802636827409 13.29288596752852 13.944154202506381 14.358387842020754 14.492731434891491 14.338943685462134 13.920800688190241 13.288362302686593 12.510097043452321 11.663989589500629 10.828730100963602 10.075929004126849 9.4640522446297943 9.0344751501860721 8.8097531963984963 8.7939442104619445 8.9746170929038502 9.3260618131624593 9.8131755316941671 10.395529959749172 11.031207210941499 11.680103406430771 12.306519574091023 12.880970101339733 13.381228142758491 13.79268934842888 14.108170224528738 14.327269722830442 14.455418884803244 14.502730504853499
22.802412446521668 20.432562611298895 17.895061695349707 15.373564466013569 13.04834217902752 11.078239216310401 9.5851413748007239 8.64277521386059 8.2710671718165738 8.4365492117850049 9.0585187533137521 10.019958311824155 11.181689417277401 12.397938335934128 13.531450867077448 14.466494006435591 15.118474997770232 15.439422844703737 15.419134141144106 15.082307634166714 14.482417141200264 13.693357541674187 12.800024435002292 11.888958886413125 11.040028499763139 10.319863001670235 9.7774618459213603 9.4420882437590183 9.3232973094931584 9.4127434984239073 9.6872886257087405 10.112887492589302 10.648753175960898 11.251380274727495 11.878110290056057 12.490037915048193 13.054163249531854 13.544781532990779 13.944163835451564 14.242619655222736 14.438049778211957 14.535101176032093 14.544031341746244
21.596519320236993 18.885473026300403 16.083882802537737 13.385659124217687 10.976238603503429 9.0144182960093886 7.6171002693629841 6.848710147723116 6.7164341822679319 7.1716618252888917 8.1172394251268223 9.4194476816864903 10.923102700293521 12.467906366175825 13.904155453622701 15.106141046300433 15.981979593002031 16.479142724687922 16.585515229362422 16.326333776660835 15.757781496805876 14.958294312814083 14.018756484419823 13.032730543686712 12.087705379527289 11.258093869997666 10.600412950198896 10.150778666325023 9.924584350868491 9.918028329193957 10.111032135934131 10.47104166259281 10.957221717059824 11.524621652988472 12.127985478378372 12.724984541822106 13.278748813195385 13.759653827578383 14.146380331848238 14.426303308737129 14.595290382587304 14.657002023867882 14.621792508868353
20.386354861619523 17.400240554924181 14.397546777828676 11.579107873219925 9.1326340231352177 7.2146636536560678 5.9357609293699145 5.3506474132726263 5.454319015791131 6.1844369388543043 7.4295080023478004 9.041694768381479 10.852606955995801 12.690176840969308 14.394727781825132 15.832584401436382 16.905992812565252 17.558647930229256 17.776683893447206 17.585499384007615 17.043203007947476 16.231736256242243 15.246847321411487 14.188054834948229 13.149581447780513 12.212990789204511 11.441971241762719 10.879418755697046 10.546714445292771 10.444895992137766 10.557297252329843 10.85317791259985 11.2918745018255 11.827059007107591 12.410772811571302 12.996993986077323 13.544581436854376 14.019511694651076 14.39638023331235 14.659180377851367 14.801402863522441 14.825522347965327 14.741957186339064
19.250172848612628 16.064068920827211 12.929207430257033 10.049749387726942 7.6126937053692565 5.7701861397444469 4.6253322997139001 4.2231125921912911 4.5473505874104232 5.523930010638626 7.0297004828985914 8.90586329305631 10.974168568249425 13.054033373158399 14.978717618102888 16.608946346760362 17.842789714900306 18.621134926616719 18.928631273846811 18.790489715470056 18.265916264951215 17.439218217845934 16.409730671803668 15.281675736355648 14.154913401783098 13.117307849239126 12.239157573803391 11.569862076115959 11.136755170104419 10.945847733855185 10.984101546694902 11.222799877579913 11.621579927735336 12.132731868043718 12.70543223992525 13.289650860398798 13.83953909141575 14.316167397941427 14.689530161957745 14.939777683091028 15.057672627362402 15.044304071185113 14.910128356916827
18.253092481738754 14.946974839503124 11.751333941260562 8.8699611143586701 6.4861892686577178 4.7457861770241836 3.7435272624246103 3.5149407257446468 4.0340735343126113 5.2173873852532058 6.9331665059235661 9.0152037917643071 11.279105198679488 13.539358392612151 15.62535759749564 17.394835454696413 18.743571150403938 19.610753005511896 19.979900018105695 19.875723937841258 19.357689553809728 18.51127398833609 17.438025258364529 16.245485353616751 15.037898524087906 13.908406426403786 12.93317710743721 12.16766114837645 11.644945219865324 11.376000216742138 11.351506290179074 11.544878556724786 11.916105541190289 12.416033905325772 12.990773590676993 13.58594540695815 14.150540714283565 14.640207123117605 15.019815772818546 15.265207601825312 15.36406120713181 15.315875146062236 15.131112207994017
17.441509506065699 14.096081175805693 10.910030149018038 8.0831511777361751 5.792305574663704 4.1751080393636473 3.317381961347829 3.2457600849251813 3.9261753613181414 5.2682742840091255 7.1350942360892624 9.3567708501477203 11.746651595995324 14.11802619244569 16.299746415824714 18.149268930063158 19.562062149647524 20.476805359617082 20.87630621073577 20.784509458409708 20.260318407846359 19.389173085887748 18.273417968321613 17.022457692707412 15.743566197189445 14.534016260194303 13.474968071455258 12.627329795012715 12.029605347893494 11.697590343580035 11.625671717578802 11.789426636276307 12.149192644507353 12.654281888049612 13.247526662469276 13.869863651001166 14.464686466496566 14.981721012179442 15.38020895895162 15.63122531807327 15.719009470325027 15.6412551847896 15.408380828038682
16.839777281478291 13.532474386511867 10.422141342161824 7.7011782554753738 5.5374261225168864 4.0588310341359088 3.3418811261888823 3.4050692760369392 4.2080241076875922 5.6562750983269412 7.6109707086628005 9.9023379729185503 12.345321592332219 14.755703160301113 16.965076603138975 18.833314575153636 20.257550872975663 21.177162657029267 21.574698906131701 21.473111631463375 20.929962248205467 20.029473838209881 18.873376362349063 17.571458253393629 16.232618469800723 14.957038918843438 13.829900037891811 12.91687010838217 12.261431831161708 11.883978793874796 11.782521670738166 11.934784213495902 12.301433214457195 12.83016491552095 13.460355347760782 14.127970456047226 14.770424729848258 15.331079093614841 15.763086248359077 16.032329951019925 16.119266408575776 16.019559325283165 15.743498909595228
16.449430530827016 13.250860875458603 10.275342024751671 7.7048500111794862 5.6960042402705851 4.3658622723000029 3.7814129846715812 3.9538921947110524 4.8384641502616406 6.3391787171011824 8.3185170714161902 10.610357225760858 13.034881469704867 15.413838169465595 17.584656953154941 19.412168673845919 20.797049843253568 21.680535912679272 22.045369509430984 21.913317891607928 21.339872513823593 20.406914330390563 19.214190359388112 17.870413842424441 16.48469593966653 15.158869845887514 13.981106330491397 13.021065664494948 12.326699380678875 11.92271213328142 11.810617068480143 11.970260316056303 12.362642319241496 12.933818077297577 13.619611368278761 14.350831246388664 15.058638969356569 15.67968940114126 16.160672561855705 16.461915539368896 16.559774796373055 16.447650351379146 16.135576872921611
16.250869420445113 13.221882977192983 10.431014409484089 8.0472670660121537 6.2142541046097772 5.037242882021256 4.5737543896275632 4.8287105578006377 5.7545779646459048 7.2563718444441045 9.2008414779733325 11.428728261795884 13.768720615638651 16.051647400867807 18.123547262530579 19.85649438093278 21.156403673076518 21.967424990067229 22.272912404591651 22.093276749248105 21.481267223678834 20.515367987396989 19.292041059699809 17.917513232261502 16.49971572692899 15.140867194537151 13.931066968844124 12.943153420279298 12.228990427856223 11.817273514922231 11.712889566828013 11.897810400323253 12.333441346511012 12.964275826911003 13.72262605241478 14.534115379982884 15.32354166205192 16.020667740488626 16.565478681684553 16.912474630098313 17.033645582133541 16.919894317927767 16.580823218097038
16.207104565072836 13.39662784539798 10.829397279710847 8.659454944377682 7.0160850506287167 5.9921910872157458 5.6360280174276296 5.9471511953283027 6.8769406544389433 8.3335276556317286 10.190464490983228 12.298101882975651 14.496413543989327 16.627951405688947 18.549718466075035 20.142977997764376 21.320332313709468 22.02974999352789 22.255549029595169 22.016616423258782 21.362338573829536 20.36682362625789 19.122023696319783 17.730329439094607 16.297135446023461 14.923786423183437 13.701230419147482 12.704638004995688 11.989197515301903 11.587260207468756 11.506974006674213 11.732497481486371 12.225816797533035 12.930093912783217 13.774358693464951 14.679233423130572 15.563263587868644 16.349344108810019 16.970693261247146 17.375848901622042 17.532245737064351 17.428070618871963 17.072268702493009
16.268933884123893 13.712630994383055 11.39625676853086 9.4575072854420323 8.0104979200844362 7.1355205005218654 6.8719127864670773 7.2147729925950461 8.1157934236347966 9.4880105024746264 11.213840612835586 13.15544789689481 15.166307367074195 17.10279633739238 18.834757436009898 20.254196056700088 21.281560496317041 21.86935685050517 22.003129984608861 21.700064329583096 21.005606247181532 19.988581058473141 18.735283724610163 17.34298295720189 15.913218225231549 14.545209737210099 13.329658344506774 12.343191212202854 11.643705741542959 11.266866117342779 11.223997136409787 11.501582306647688 12.06249658103296 12.848986458455322 13.787260025757625 14.793384946473971 15.780037973187532 16.663531468832499 17.370483179534013 17.843509247341672 18.045409910966278 17.961473046895229 17.599722564834238
16.380809424580097 14.100568917993069 12.050231057173063 10.350374027466666 9.0995845746562036 8.3656080861910631 8.1793399748707518 8.5322661466388414 9.3775473369494531 10.634520652757216 12.196021433139864 13.937657807398979 15.728028631341203 17.438870137558769 18.954233408878466 20.178002285583023 21.039318014998852 21.495739286219269 21.53419634842173 21.169969311200532 20.44402185003969 19.419055716999697 18.174634315881942 16.801678275751367 15.396587158249336 14.055209604167658 12.866880928883363 11.908772663537134 11.240841958932036 10.901711006576127 10.905825141306515 11.242212893317133 11.875089581375342 12.746407361599433 13.780271217249199 14.888935854329659 15.979903765591118 16.963492131905369 17.760153093225654 18.306835235782177 18.56176716931493 18.507215644721306 18.149997245973211
16.486661688526588 14.490855428274322 12.710031211035023 11.247467312927366 10.186318109644512 9.5821384086847505 9.457963797764025 9.8024353129617285 10.571089053190715 11.690564031641655 13.065167232768275 14.585014880057713 16.134866928600523 17.602790809937467 18.887913964053645 19.906721118413522 20.597581845650627 20.923416502077529 20.872590973999937 20.458251826471333 19.716367581306329 18.7027377197956 17.489188786654111 16.159122865813909 14.802543529609974 13.510677453659868 12.370344469992121 11.458299949239709 10.835863823976766 10.544234530821775 10.600935237845722 10.997829591780079 11.701060721918152 12.653110556221243 13.776962287966608 14.982106014566451 16.171893283871341 17.251558906868286 18.136120228205399 18.757355138271116 19.069154510653281 19.050729861240178 18.707406093520856
16.535063244099952 14.819484224101281 13.30081840177608 12.065402022801209 11.181467228392485 10.692994042945353 10.615831596584348 10.936464048915415 11.613472558084302 12.581428831210497 13.756694501290911 15.044428801350966 16.346042937714007 17.566382292589978 18.62004844362362 19.436460088783665 19.963456962340246 20.169436502978009 20.044150272575994 19.598359974744724 18.862560869013059 17.884937442746562 16.72864713444547 15.468462202896447 14.186764851967652 12.968905171138065 11.89800077217002 11.049371522115038 10.484939219999356 10.248048198763117 10.359244312515784 10.81355784040937 11.579754189099853 12.601845502970077 13.802914935480144 15.091027158553477 16.366726703786924 17.531404225612359 18.49567698549901 19.186907023325958 19.555073703562652 19.57641291353745 19.254503550089112
