_RESULTS/CROSS_VALIDATION_POSTPROCESSED/MHZ/TZ/1comp/5/MHZ_TZ_z_250_kriged_reverse_1comp_spherical_5.asc
ncols 100
nrows 81
xllcorner 5.5967107548124995
yllcorner 50.982328804812504
cellsize 0.00017565037499993607
nodata_value 1.7014100000000001E+038
[rows 0 to 18 of 81, columns 0 to 42 of 100]
25.16827400668729 25.066036966658256 24.968525151299865 24.883135217053248 24.81826791663686 24.78123293995976 24.77888484239868 24.809751746923784 24.865308588258323 24.93533681460593 25.011496944133178 25.08801363755062 25.161116375733407 25.228308750099448 25.287596683092307 25.337902636132387 25.378501357174855 25.408759667817105 25.42805606151936 25.435725138312044 25.43101482568234 25.46427688733455 25.510821253717197 25.549732944256263 25.587535995913164 25.623820364807216 25.658263499772676 25.690959135060954 25.72173614491754 25.75038391476546 25.776693828775 25.800458192688346 25.821469143544025 25.839517532171946 25.854391760213634 25.86587654899175 25.873751612465508 25.8777902003419 25.878297853080674 25.878297853080674 25.878297853080674 25.878297853080674 25.878297853080674
25.097685488278348 24.979190876038732 24.861794902924117 24.75357665682325 24.666798639668215 24.61688940470823 24.618330818800533 24.66712153552922 24.745609087724475 24.83728744892688 24.93175846951852 25.023132552441137 25.107565634017604 25.183419221634036 25.249889627687722 25.30649358698928 25.352913181735108 25.388960563518285 25.41472463694836 25.431382505043803 25.445589158670025 25.47615738697789 25.515971802128064 25.552058953217806 25.588995044071872 25.62536927529694 25.66032848528398 25.693240407692663 25.723682490536714 25.7519771709402 25.77799578889795 25.80151343353552 25.8223108245706 25.84017092799141 25.854876509738133 25.866208140551727 25.873942394256016 25.877850084811193 25.878297853080674 25.878297853080674 25.878297853080674 25.878297853080674 25.878297853080674
25.041826524384113 24.9082025675452 24.770232569325533 24.63436249517466 24.51483903619276 24.441295857644402 24.451060438104626 24.531181969616746 24.641290412187296 24.757721888941305 24.869916355023175 24.973464278758144 25.067071201552178 25.150306048160914 25.22309251995067 25.285516588043755 25.33778959952256 25.380348079904525 25.41419434183045 25.4417618535715 25.46823097684687 25.499184949204107 25.53203941193816 25.56245423185633 25.596023636731786 25.63072391692962 25.66503336657081 25.69794900406454 25.72870325638536 25.75664608841427 25.78181942224291 25.804615084380806 25.82478454308752 25.842089013627934 25.85629550502585 25.86717285955945 25.874488701275496 25.87800685222558 25.878297853080674 25.878297853080674 25.878297853080674 25.878297853080674 25.878297853080674
25.006718310818865 24.86227320161009 24.70800935474631 24.545882343477622 24.382883175214065 24.25622153752697 24.28926937126009 24.42449435600412 24.57006880427483 24.70682657188192 24.831267751859976 24.94320209275255 25.043052213202614 25.131370731826237 25.208718485641686 25.27566208786941 25.33284072823309 25.3811128983786 25.421815326886172 25.457081968040114 25.48971153953188 25.521491009620885 25.5508791665448 25.576675440986484 25.606494265876456 25.638779113674914 25.671698110031254 25.70396095591601 25.73458826881613 25.76278130405213 25.787850380362592 25.809577879444483 25.828740899853358 25.84514859772607 25.858545165672243 25.86868209886724 25.87531355455665 25.878192682490784 25.878297853080674 25.878297853080674 25.878297853080674 25.878297853080674 25.878297853080674
24.996971814893318 24.849310404305992 24.689896725813213 24.518343878379863 24.334133954508765 24.136591297537503 24.216486718078027 24.392327190326032 24.55138879338995 24.694066280270576 24.821859392903157 24.93606536376445 25.037774484047382 25.127915941929263 25.207313655749385 25.276751355450294 25.337054246989144 25.389192776461154 25.43438847578398 25.474116736087833 25.50976419564072 25.5417975669645 25.569009772499335 25.591549461978104 25.618270029797184 25.6481889624828 25.67949629833054 25.710782692019514 25.74093033276942 25.769020759889784 25.794270284156923 25.815986573571294 25.8339448575856 25.84915394358513 25.861459611927906 25.870593050362128 25.876292236341612 25.878297217144546 25.878297853080674 25.878297853080674 25.878297853080674 25.878297853080674 25.878297853080674
25.0140001639169 24.871894889637037 24.72128388425916 24.565476436012474 24.415632984671237 24.312071452689203 24.339116392251352 24.457721228655405 24.592899512404458 24.723173150882573 24.843549567582834 24.953000756737488 25.051630948570057 25.13991300914252 25.218457180899893 25.28794833961394 25.34914506852609 25.402895751146787 25.450128351441563 25.49174499494064 25.528347523480022 25.55983093227898 25.58509722305324 25.605301941265925 25.62979301534553 25.657778821528886 25.6876040207008 25.717861694662275 25.74737468335971 25.775150657991563 25.80033735641678 25.822185494895 25.84001969286585 25.853849243417876 25.864819628969567 25.872715269504003 25.877257176163436 25.878297853080674 25.878297853080674 25.878297853080674 25.878297853080674 25.879883285119824 25.901379726226814
25.05537391774829 24.92563620196674 24.7931738667559 24.66520981959394 24.557420072610707 24.497836350280327 24.50915170761801 24.580331190839733 24.68021223477036 24.787605502273017 24.89280922639552 24.9917994851108 25.08301922629432 25.166014253938567 25.24086074005414 25.307915395181556 25.36769652071572 25.420807990375916 25.467853090646646 25.509298697730443 25.545276172177108 25.575365640321472 25.598472530077615 25.61701817812323 25.640081595075507 25.666686777359242 25.695341774140452 25.724696250551567 25.753568444911878 25.780934398777266 25.80590275831185 25.8276870266836 25.845580074240015 25.85893221921074 25.868363226126935 25.874818575609694 25.87800393343438 25.878297853080674 25.878297853080674 25.878297853080674 25.888367611098325 25.929825747166102 25.99519875978553
25.11590146226782 25.00187514282049 24.890148544025866 24.78876541737895 24.710568928107186 24.67100874600363 24.67570157661867 24.72047294965868 24.791633529021055 24.87539815836179 24.962564002859146 25.047932335796318 25.128790592617843 25.203837530104895 25.272569660842002 25.334943392363733 25.39117554618719 25.441599828577743 25.486531388724515 25.5261170308441 25.560176293951486 25.588068470768743 25.608634492901395 25.626246598561547 25.648572339023247 25.67435289703337 25.70222098397362 25.73089314098199 25.75921211813944 25.786153564934907 25.810813789740344 25.832389862483645 25.850158231021474 25.863454631694765 25.871796449089906 25.876641369746256 25.878297853080674 25.878297853080674 25.878297853080674 25.896385421243046 25.954114153628343 26.04206821101533 26.15044171638497
25.189486867145362 25.091632046452983 24.999158188336924 24.919097888074106 24.86048686625647 24.83023109944021 24.831638356222836 24.860992853536253 24.911646338352845 24.975330654107967 25.045065972061288 25.1159843849618 25.185027706986123 25.2504200949679 25.311235360915113 25.367094631320192 25.417951843556164 25.46391932447809 25.505101088446114 25.541425094518928 25.572491850871888 25.597473242807528 25.615170338175634 25.63279856123179 25.654988508574476 25.680466243657673 25.707941032450087 25.73618742717561 25.764085806159454 25.790632961558615 25.814935021779583 25.83619193452534 25.853679179232376 25.86672964557532 25.87471688251189 25.877898569253727 25.878297853080674 25.878297853080674 25.898413337864095 25.966199203417982 26.071867559666245 26.2047353372379 26.354443863792476
25.270529950069548 25.187713811419616 25.111666137502713 25.047975288004626 25.002039779502994 24.97687852460869 24.975583207147327 24.995323456564776 25.031546456800097 25.079309122871525 25.13372573449643 25.190834051938587 25.247779580208956 25.30267821621624 25.354351786883544 25.401711130088266 25.44479493759827 25.483982359571282 25.519537143958942 25.551406516416225 25.579045421118145 25.601322080326618 25.617612199856303 25.63655468584325 25.659264029534583 25.684918574163905 25.71237064718138 25.740441651993272 25.768057219750496 25.794251635897623 25.818159305286848 25.839000126415275 25.85606289582844 25.868688895261926 25.87625656299537 25.87829258261518 25.87757362108667 25.891191607114177 25.959233818289533 26.074612917414818 26.22616202985123 26.40258887533514 26.593029703033483
25.35449826604632 25.28499656300076 25.22254125863208 25.171413592758025 25.133782916897278 25.11180856141812 25.10765985871448 25.120769903687556 25.146699903545134 25.182090900300118 25.22360978009437 25.268231076230567 25.312691773824174 25.354484624168176 25.393209425094433 25.428875017404746 25.461767101680945 25.492299497232274 25.520806323547934 25.547272806496945 25.57107519947921 25.590854948842374 25.608378575633832 25.63119994494703 25.657939689872705 25.686678443521117 25.71552188346327 25.743635621977383 25.771077783702022 25.796942836499515 25.820409719758995 25.84073303151941 25.857227225155093 25.868044082640818 25.870957491657325 25.867426785253357 25.867255291214825 25.92216934712774 26.035414544408713 26.195672100372008 26.3910433499301 26.60989522285003 26.841177409264212
25.437907874679887 25.379722751368384 25.328183622724655 25.28638755743014 25.254694641172414 25.235067065960298 25.22892663027069 25.236169492741713 25.25457190797866 25.280373374525105 25.310449762657143 25.340589985079635 25.3696080642355 25.396854286142634 25.42204783040041 25.445261002859503 25.46688008048859 25.48751777560703 25.507806491102684 25.528009257324495 25.5475486736225 25.564947193827063 25.58620714543054 25.61374722862797 25.645401567397446 25.679072021003595 25.7127901907692 25.744720044453107 25.7731701268446 25.798685109165724 25.821633744899447 25.84002021311738 25.849597066490045 25.851033353766084 25.845664154376514 25.83639680011815 25.86383325146089 25.960773931883235 26.116713289244863 26.319406901255217 26.556535241371172 26.816321081088653 27.087578148503113
25.514349471296892 25.464844518781693 25.421692549809606 25.386711500262855 25.359568642293347 25.341989562181777 25.334994700836234 25.33852863657472 25.35148703322504 25.36868554292656 25.38547890715182 25.401091430756416 25.415614024724082 25.42870758457148 25.440239927675627 25.450386674083457 25.459686578707885 25.46908220752777 25.479808175241708 25.49284247116446 25.507903784509512 25.525642016034084 25.552167584072933 25.58539041615242 25.622729117056604 25.661912658855577 25.700927086234604 25.737945702499594 25.771278202621467 25.79930224018717 25.81706982464171 25.824682167099493 25.82353122451117 25.815030132684264 25.802076557701227 25.798460725325643 25.863733625764496 25.999786950419146 26.19549599160569 26.43799507239124 26.714785800695672 27.014060957865954 27.32449027885469
25.579785237851233 25.53753122768797 25.501209072256653 25.471513193353413 25.448027809497304 25.432198376782644 25.424785112720038 25.425589115175967 25.430238134198053 25.43654472733569 25.44313644978491 25.44790546034485 25.4500787572995 25.449569449167946 25.447488733097433 25.444130826508054 25.440117004222007 25.436701209900676 25.436044732699987 25.44074146753993 25.451842634212014 25.474499597517486 25.50770521515526 25.54763340465655 25.591337262702012 25.63648374141759 25.681090065039335 25.72337951929035 25.761343325439462 25.78661283545757 25.796682839612828 25.792973454526596 25.780587871045256 25.762854635901043 25.74164948457367 25.760774988075667 25.860556466186058 26.032266430918998 26.2644750623291 26.543946847298084 26.858172495028665 27.195371707215283 27.544042964375187
25.63336359612116 25.59717900185017 25.566474707219978 25.541069978385455 25.520686701854224 25.506494707424693 25.49894234904051 25.49392038357034 25.48956867420411 25.485715950753825 25.48184197581616 25.47705171065046 25.4695423569279 25.4585806031125 25.4438006878256 25.426825366786225 25.40879629123282 25.390894378676048 25.376075794334547 25.370382208316027 25.382691876837793 25.413500591872427 25.454998309148557 25.502420508719588 25.552868856433065 25.604176234728342 25.65448128956767 25.7016856757721 25.736040576146234 25.754455070903106 25.75755660760522 25.746438285008015 25.72399347956943 25.696277706169283 25.671505575456305 25.71806323148206 25.848221216487655 26.051654975930532 26.31674664017908 26.630078491117935 26.97923537148264 27.352491258176393 27.738155685819393
25.674410451191783 25.643312941062458 25.61725093625783 25.595524213905556 25.577910388107796 25.565366183458654 25.554646186983188 25.543010891320865 25.53082831248588 25.518079978709835 25.504450260062324 25.489423139028293 25.472369456219628 25.452270500645763 25.428000201254992 25.399162369439082 25.367297408919715 25.334193100000142 25.301599427559037 25.282838083475887 25.304284997368555 25.346801428737532 25.397283014288103 25.452095967031696 25.50908709363747 25.56639764546409 25.62222044621172 25.666704786482477 25.694189865625134 25.70547818350591 25.70210088170169 25.68515433066432 25.655626139517214 25.61681727092951 25.596410998268414 25.665434171290862 25.82109499022178 26.051861639250774 26.345829484875928 26.689527274326895 27.07068930515577 27.477658838670045 27.89855797165861
25.702342292592643 25.675499744921165 25.653311969767344 25.63485959650168 25.619834066458324 25.606917907317346 25.59151637063885 25.57412420903345 25.555121738567223 25.534565204522814 25.51226485486955 25.487867821648436 25.460932881546867 25.430985519066713 25.397543555524365 25.3599978771183 25.317502897822187 25.27175340078671 25.22641580839965 25.19225916483131 25.23049403316454 25.281532198202555 25.33827075476652 25.39891047017251 25.461584397303415 25.524412873950343 25.580197306681136 25.618175183857396 25.63931852562331 25.644567882605294 25.634843750202858 25.6111220819428 25.574468331920343 25.526080865136176 25.512831404082615 25.598538479506814 25.774174762849313 26.027340729892064 26.34572925929871 26.71582628873086 27.125526532691328 27.563245198762964 28.016923851806563
25.71660901796427 25.693294329059913 25.674350206299824 25.658890660053245 25.645855650295406 25.63000650509461 25.610570543314452 25.588234130649607 25.56333981061245 25.53595420514767 25.505948834005814 25.473084290366504 25.437088992241737 25.39772502245818 25.354835522910136 25.308375261259723 25.258458126646666 25.207943861381082 25.16813169678187 25.152630484366767 25.175008085885185 25.221737883330587 25.279860532490865 25.344177021785754 25.411640594094337 25.478124796603495 25.52882614641934 25.561459402666962 25.576792826874907 25.575613387652034 25.558769629296563 25.527214801342517 25.482052078108325 25.424756274826795 25.41797359907843 25.513733409461636 25.703118842609868 25.973178934211067 26.31103217381186 26.703037627338848 27.13720979612854 27.60200741122264 28.084859569210252
25.71665612472158 25.696205156403508 25.67992457963044 25.667254511224048 25.653854794789293 25.635318856005558 25.61253356226881 25.586073956563293 25.556191891794626 25.522900561840633 25.48606832588413 25.44551461781056 25.40110460867656 25.352842087146136 25.300962364512543 25.24607244949153 25.192836788903357 25.14665745059673 25.113142488285796 25.103326739420282 25.122244253410997 25.164993122051822 25.223277260132853 25.29075782659734 25.363023360768967 25.42765180890591 25.473373422301787 25.500603625630237 25.509866408927163 25.501776585677245 25.477057456868806 25.4365783884768 25.381412376227193 25.31452233249124 25.31003689206857 25.408282672548175 25.604368368579657 25.885191614302176 26.237012699609743 26.645922150567724 27.099942043035252 27.587478424502216 28.087698538572674
