_RESULTS/CROSS_VALIDATION_POSTPROCESSED/MHZ/TZ/1comp/5/MHZ_TZ_z_63_kriged_reverse_1comp_spherical_5.asc
ncols 100
nrows 81
xllcorner 5.5967107548124995
yllcorner 50.982328804812504
cellsize 0.00017565037499993607
nodata_value 1.7014100000000001E+038
[rows 0 to 18 of 81, columns 43 to 85 of 100]
1.6821095334211222 1.6821095334211222 1.6821095334211222 1.6821095334211222 1.6821095334211222 1.6821095334211222 1.6821095334211222 1.6821095334211222 1.6821095334211222 1.6821095334211222 1.6821095334211222 1.6821095334211222 1.6821095334211222 1.6821095334211222 1.6821095334211222 1.6821095334211222 1.6821095334211222 1.6821095334211222 1.6821095334211222 1.6821095334211222 1.6821095334211222 1.6821095334211222 1.6821095334211222 1.6821095334211222 1.6821095334211222 1.6821095334211222 1.6821095334211222 1.6821095334211222 1.6821095334211222 1.6821095334211222 1.6821095334211222 1.6821095334211222 1.6821095334211222 1.6821095334211222 1.6821095334211222 1.6821095334211222 1.6821095334211222 1.6821095334211222 1.6821095334211222 1.6821095334211222 1.6821095334211222 1.6821095334211222 1.6821095334211222
1.6821095334211222 1.6821095334211222 1.6821095334211222 1.6821095334211222 1.6821095334211222 1.6821095334211222 1.6821095334211222 1.6821095334211222 1.6821095334211222 1.6821095334211222 1.6821095334211222 1.6821095334211222 1.6821095334211222 1.6821095334211222 1.6821095334211222 1.6821095334211222 1.6821095334211222 1.6821095334211222 1.6821095334211222 1.6821095334211222 1.6821095334211222 1.6821095334211222 1.6821095334211222 1.6821095334211222 1.6821095334211222 1.6821095334211222 1.6821095334211222 1.6821095334211222 1.6821095334211222 1.6821095334211222 1.6821095334211222 1.6821095334211222 1.6821095334211222 1.6821095334211222 1.6821095334211222 1.6821095334211222 1.6821095334211222 1.6821095334211222 1.6821095334211222 1.6821095334211222 1.6821095334211222 1.6821095334211222 1.6821095334211222
1.6821095334211222 1.6821095334211222 1.6821095334211222 1.6821095334211222 1.6821095334211222 1.6821095334211222 1.6821095334211222 1.6821095334211222 1.6821095334211222 1.6821095334211222 1.6821095334211222 1.6821095334211222 1.6821095334211222 1.6821095334211222 1.6821095334211222 1.6821095334211222 1.6821095334211222 1.6821095334211222 1.6821095334211222 1.6821095334211222 1.6821095334211222 1.6821095334211222 1.6821095334211222 1.6821095334211222 1.6821095334211222 1.6821095334211222 1.6821095334211222 1.6821095334211222 1.6821095334211222 1.6821095334211222 1.6821095334211222 1.6821095334211222 1.6821095334211222 1.6821095334211222 1.6821095334211222 1.6821095334211222 1.6821095334211222 1.6821095334211222 1.6821095334211222 1.6821095334211222 1.6821095334211222 1.6821095334211222 1.6821095334211222
1.6821095334211222 1.6821095334211222 1.6821095334211222 1.6818013237614142 1.6810717530931285 1.680289618954 1.6797266659879677 1.6795463401425605 1.6797972983519496 1.680411389633802 1.6812064717838189 1.681893554701535 1.6821095334211222 1.6821095334211222 1.6821095334211222 1.6821095334211222 1.6821095334211222 1.6821095334211222 1.6821095334211222 1.6821095334211222 1.6821095334211222 1.6821095334211222 1.6821095334211222 1.6821095334211222 1.6821095334211222 1.6821095334211222 1.6821095334211222 1.6821095334211222 1.6821095334211222 1.6821095334211222 1.6821095334211222 1.6821095334211222 1.6821095334211222 1.6821095334211222 1.6821095334211222 1.6821095334211222 1.6821095334211222 1.6821095334211222 1.6821095334211222 1.6821095334211222 1.6821095334211222 1.6821095334211222 1.6821095334211222
1.6818385985109308 1.6801664808632937 1.6775168920769954 1.6744771961584721 1.671561078640212 1.6691909561835923 1.667680315054203 1.6672189916391613 1.6678636732721446 1.6695349831892006 1.6720215524916138 1.6749905143587065 1.6780028983293143 1.6805315049750853 1.681978161151563 1.6821095334211222 1.6821095334211222 1.6821095334211222 1.6821095334211222 1.6821095334211222 1.6821095334211222 1.6821095334211222 1.6821095334211222 1.6821095334211222 1.6821095334211222 1.6821095334211222 1.6821095334211222 1.6821095334211222 1.6821095334211222 1.6821095334211222 1.6821095334211222 1.6821095334211222 1.6821095334211222 1.6821095334211222 1.6821095334211222 1.6821095334211222 1.6821095334211222 1.6821095334211222 1.6821095334211222 1.6821095334211222 1.6821095334211222 1.6821095334211222 1.6821095334211222
1.675429789592949 1.6698841311404014 1.6637783835881867 1.6577784578015606 1.6524766751441922 1.6483654651607154 1.6458126975072656 1.645041961343767 1.64612012859961 1.6489535745731216 1.6532934618295296 1.658749518495963 1.6648107765735023 1.6708707711238848 1.676253725450268 1.680237403947462 1.6820681304077596 1.6821095334211222 1.6821095334211222 1.6821095334211222 1.6821095334211222 1.6821095334211222 1.6821095334211222 1.6821095334211222 1.6821095334211222 1.6821095334211222 1.6821095334211222 1.6821095334211222 1.6821095334211222 1.6821095334211222 1.6821095334211222 1.6821095334211222 1.6821095334211222 1.6821095334211222 1.6821095334211222 1.6821095334211222 1.6821095334211222 1.6821095334211222 1.6821095334211222 1.6821095334211222 1.6821095334211222 1.6821095334211222 1.6821095334211222
1.6609812984027144 1.6512679911818655 1.6414110509664217 1.6321793761121945 1.6242632165158075 1.618239430818949 1.6145402830161724 1.6134289655122442 1.6149842583342424 1.619095872769637 1.6254709617213727 1.633651124297943 1.6430381979497841 1.6529262991289766 1.662536784139918 1.6710517972980299 1.6776409119664881 1.681474920920855 1.6821095334211222 1.6821095334211222 1.6821095334211222 1.6821095334211222 1.6821095334211222 1.6821095334211222 1.6821095334211222 1.6821095334211222 1.6821095334211222 1.6821095334211222 1.6821095334211222 1.6821095334211222 1.6821095334211222 1.6821095334211222 1.6821095334211222 1.6821095334211222 1.6821095334211222 1.6821095334211222 1.6821095334211222 1.6821095334211222 1.6821095334211222 1.6821095334211222 1.6821095334211222 1.6821095334211222 1.6821095334211222
1.6391367259494483 1.6249332182011245 1.6110170941148039 1.5982781988346306 1.5875188532933948 1.5794117935537335 1.57446256087906 1.5729796436129353 1.575055488998813 1.580560689236464 1.5891521034824372 1.6002938591958364 1.6132887362175923 1.6273167527490147 1.6414776429337024 1.654833635694124 1.6664477948103478 1.6754112477779137 1.6808515982441263 1.6821095334211222 1.6821095334211222 1.6821095334211222 1.6821095334211222 1.6821095334211222 1.6821095334211222 1.6821095334211222 1.6821095334211222 1.6821095334211222 1.6821095334211222 1.6821095334211222 1.6821095334211222 1.6821095334211222 1.6821095334211222 1.6821095334211222 1.6821095334211222 1.6821095334211222 1.6821095334211222 1.6821095334211222 1.6821095334211222 1.6821095334211222 1.6821095334211222 1.6821095334211222 1.6821095334211222
1.6106569896959089 1.5916611472518722 1.57339981540761 1.5568954573208622 1.5430743595538694 1.532717602902855 1.52641551769048 1.5245299985388914 1.5271697659020298 1.534182668234723 1.5451664196766095 1.5594958432597839 1.5763622253515914 1.5948197120701595 1.6138345950479864 1.6323346478060794 1.6492558165264821 1.6635815023653133 1.6743660692612838 1.6807324431165345 1.6821095334211222 1.6821095334211222 1.6821095334211222 1.6821095334211222 1.6821095334211222 1.6821095334211222 1.6821095334211222 1.6821095334211222 1.6821095334211222 1.6821095334211222 1.6821095334211222 1.6821095334211222 1.6821095334211222 1.6821095334211222 1.6821095334211222 1.6821095334211222 1.6821095334211222 1.6821095334211222 1.6821095334211222 1.6821091409223 1.6820884529100781 1.682049162336013 1.6820067056358758
1.576562874151052 1.552451702034183 1.5295896000051803 1.5090756572010036 1.4919747782681803 1.4791949101913329 1.471429652260543 1.4691077665391068 1.4723586273714613 1.4810012530745544 1.494559577628589 1.5123002915873132 1.5332850961691842 1.5564284789647347 1.580554687311784 1.604451336305878 1.626919565208489 1.6468198916665022 1.6631083061832115 1.6748509409247707 1.681204590729134 1.6821672004437696 1.6822561924509636 1.6823128863654415 1.6823063366772504 1.6822398884464174 1.6821510617427686 1.6821095334211222 1.6821095334211222 1.6821095334211222 1.6821095334211222 1.6821095334211222 1.6821095334211222 1.6821095334211222 1.6821095334211222 1.6821095334211222 1.6821095334211222 1.6820995029712853 1.6820316613729593 1.68192098278936 1.6817907269277468 1.681661532029527 1.6815507642880307
1.5395651846146294 1.509605915376256 1.4813139931452473 1.4561362883836133 1.4354183347174243 1.420014941996197 1.4106546299289071 1.4078553693872746 1.4117745325257798 1.4221921136071696 1.4385340419561827 1.4599389171326618 1.4853285134807044 1.5134030173181856 1.542819665333373 1.5722628119908255 1.6004392910032645 1.6260767451015994 1.6483118587780132 1.6660707563954893 1.678308496024128 1.684111748880799 1.6847861864841593 1.685022630681395 1.6849966844497979 1.6847121151454523 1.6842111533612492 1.6835729212615957 1.6829105715216033 1.6823673800964785 1.6821120951868576 1.6821095334211222 1.6821095334211222 1.6821095334211222 1.6821095334211222 1.682106929033372 1.6820301550095451 1.681868820829812 1.6816519504713274 1.6814073315098272 1.6811608569113834 1.6809357590565428 1.6807517828939529
1.5015064593060587 1.4654710469602805 1.4313608117326078 1.4008097679162566 1.3753881814726703 1.3565168110375094 1.3452948639315585 1.3420157854889667 1.347137121907031 1.3602524559862492 1.3804391390205726 1.4064649619111487 1.436901212546752 1.4702307257747773 1.5049348677554122 1.5395917450034025 1.5733778620656238 1.605070550596742 1.633381240667802 1.657226354747901 1.675371340928413 1.686626831365058 1.690287979441681 1.6907146965734698 1.690668212607309 1.690152784175191 1.6892160920349608 1.6879472992082774 1.6864735317849604 1.6849551128225737 1.6835799663455486 1.6825576244429925 1.6821132122683726 1.6821095334211222 1.6820860777969362 1.6819391723780421 1.6816848711962702 1.6813551484735547 1.6809816444734889 1.6805950802480052 1.6802244860705968 1.6798962601914034 1.6796331114838998
1.463624743589342 1.4212965504091783 1.3810642152231338 1.3447701064833977 1.314234166416358 1.2913143818830604 1.27809060684988 1.2753513135538792 1.2827712423784527 1.2993515752668363 1.323950535967357 1.3550493918420776 1.3909280886769357 1.4298153038947223 1.470351995736824 1.51153499027229 1.5516779360069481 1.5892240649454592 1.6228017402484844 1.6512660161246577 1.6737348528700908 1.6895898079525073 1.6979364893051654 1.6991466332961451 1.6990784306810613 1.6983189768112412 1.6969222459041449 1.6949889728788616 1.6926623254998914 1.690122066297886 1.6875777554763525 1.6852615819788672 1.6834213462670746 1.6822725400699012 1.6818681747316 1.6815323459758784 1.6810944230853289 1.6805887869719476 1.680049994456333 1.6795121540312243 1.6790080387612503 1.678567936649562 1.6782182926269509
1.427250926219807 1.3784348316235076 1.3317530790504295 1.2892874713767366 1.2540429807932085 1.2282955971660279 1.2134878018261663 1.2105930462659855 1.2198613392799282 1.240334111126775 1.2699255362911814 1.3066834488675398 1.348496821324561 1.3940111172705805 1.4417741603600205 1.4897962977568648 1.5362562767381576 1.579510820025666 1.618118919434754 1.6508868134060297 1.6769196379599152 1.695640010509191 1.70672613216075 1.71004233231735 1.7099512424633714 1.7089347343814776 1.7070539202713526 1.7044226768852186 1.7012024019657628 1.697594914789346 1.693834194420731 1.6901777344808255 1.686857798858519 1.6840102758925404 1.6819326543810253 1.6809193752087397 1.6802915100669131 1.6796017856548704 1.6788879537695687 1.6781879993332398 1.677539154731714 1.6769765150250704 1.676531292256463
1.393818292112931 1.3383732504347072 1.285090896050779 1.237547704477487 1.1980802604823302 1.1688247246487975 1.1518330078097183 1.1486092151081262 1.1595923922475981 1.1839416630576132 1.2193442860448613 1.2625369073836117 1.3117609192099098 1.3651483010962302 1.4203379033641292 1.4752073974153064 1.5278490240411713 1.5765555291630595 1.619833642779597 1.6564548320635932 1.6855295595419726 1.7065520912812222 1.7193416281169345 1.7238491999792798 1.7229655221566658 1.7216804190228978 1.7192940770348746 1.7159347537383436 1.7117840028113025 1.7070682334949454 1.7020487401762114 1.6969899123428813 1.692021062411884 1.687434918619341 1.6835686999177584 1.680756589464968 1.679310975027355 1.6784285129892367 1.677528816251446 1.676654233990011 1.6758472809328486 1.6751490152055288 1.674596806899679
1.3648674246945207 1.3030536788099756 1.2447010932964961 1.1920337962262395 1.1473494610316517 1.1134212984678364 1.0932762282079342 1.0894149195582044 1.1026680067347698 1.1316612395701344 1.1734842187949834 1.2248687846895674 1.282822517527845 1.3444053304411598 1.407090097676716 1.468674356437152 1.5272066759897724 1.5809454196084136 1.6283625701205937 1.6682072045607323 1.699616339044437 1.722200658475985 1.735989274992194 1.741172319354762 1.7389593197834607 1.7361800624846406 1.7332698195435918 1.7291614048195583 1.724053243389513 1.7181982045637705 1.7118859666598947 1.7052791843244306 1.6986242812752967 1.6922828807729318 1.686616405054777 1.6819804122312902 1.6787207540669746 1.6771063444477794 1.6760090361381499 1.6749455276205416 1.6739645067965911 1.6731144264458597 1.6724407028559742
1.3422431860851247 1.2759979388696958 1.2127445644536912 1.154352341903084 1.1032942300845943 1.0630163165273776 1.038061431246509 1.032961172420306 1.0494718991526297 1.0849989947419632 1.1350251358551504 1.1960633260991411 1.2632969645392793 1.3332102624725322 1.4032301134020944 1.4711597586040226 1.5350585757816901 1.593179790715664 1.6439710064982922 1.6861641379862649 1.7189478294753553 1.742118722518181 1.7560274400806024 1.761210947842568 1.7582104245762347 1.7530897314825533 1.7485318738021862 1.7436727553013662 1.7376005546993492 1.7305947811667304 1.7229102334664106 1.7147102152595635 1.706367025040566 1.6982713229672657 1.6908103633427738 1.6843616548101803 1.679289372601254 1.6759427379072427 1.6743692772535643 1.6731008116718655 1.671926781426257 1.670904735197439 1.6700906930489268
1.3290119470732922 1.259100237248932 1.1911752663279809 1.126867097782091 1.0684369540677001 1.0195957663380033 0.9868346731083553 0.9791438944398493 1.0009391794182 1.0463295412527642 1.10758779110605 1.178695697312359 1.2552871563399286 1.3332489242351726 1.4100559148400165 1.4836108261239676 1.5520289118666406 1.6135708408276093 1.6666498136199661 1.7098223319392547 1.7424494684710163 1.7648299303598833 1.7778567817178583 1.7825121628615204 1.7791447583375184 1.7721705227826412 1.7652481684172394 1.7589531901626043 1.7519477085796809 1.7438075597302105 1.7346996162874253 1.7249321219938447 1.7149240283690956 1.7050986257572172 1.6958714799453396 1.6876430806950091 1.6807955789466933 1.6756924088528666 1.6726794085871768 1.6711649477020987 1.6697757320304936 1.6685565624279763 1.667577459032389
1.3266124605347835 1.253935442905761 1.1822649699077796 1.112816432126945 1.047108845104449 0.9878334025490546 0.9419355114657 0.9278240035050976 0.9600970168296868 1.0210913542128366 1.0953980146770392 1.1765159154378881 1.2612833093333098 1.3463177794670786 1.4288166966544469 1.5066678256730321 1.5769667222135064 1.6383613853826713 1.6899643294702047 1.731113018722295 1.7616309488572877 1.7820851258100316 1.7937360152320379 1.7979551438190369 1.795286024474 1.7886914762478872 1.7816331158116323 1.7743230086065673 1.7665363090342205 1.7572940582328656 1.7468307473046487 1.7355615429400801 1.7239460408482388 1.7124460289851855 1.7015093374651034 1.6915612088199632 1.6830016371484555 1.6762066757564797 1.671531871135963 1.6691909896332815 1.6675614165417856 1.6661138790751349 1.6650037673527476
