_RESULTS/CROSS_VALIDATION_POSTPROCESSED/Berg/GZ/9comp/2/Berg_GZ_z_180_kriged_reverse_9comp_spherical_2.asc
ncols 100
nrows 90
xllcorner  5.6208707817415728
yllcorner 50.959635321741573
cellsize 0.00013419651685393446
nodata_value 1.7014100000000001E+038
[rows 19 to 37 of 90, columns 44 to 87 of 100]
49.800782353231675 49.91565790066797 50.13574912681096 50.444078021173155 50.821715117105384 51.247986329662965 51.70187960791015 52.16330251384406 52.61383048139928 53.037028603214566 53.41844590971986 53.74538268971322 54.0065518751645 54.191774383804926 54.302995548918865 54.34961645266486 54.33112868774963 54.25017040294124 54.1131230500963 53.930593353986765 53.72331921906661 53.52890732460094 53.33775966075821 53.14099523187893 52.94385290981845 52.75154846680763 52.56917289572339 52.401565395290675 52.253260453780726 52.12848316488321 52.031166898372014 51.96498098581412 51.9333635191302 51.920393269049335 51.90736615616063 51.895386237080366 51.88549053213515 51.87859017430982 51.87541014591499 51.87525780696942 51.87525780696942 51.87525780696942 51.87440142544107 51.871495657150234
49.975497922747245 50.148494116655286 50.4265248634801 50.792263402799634 51.22520850582437 51.70269972147672 52.20173670642413 52.70071067276171 53.18032806604437 53.623856391445145 54.016900346513275 54.34690023041322 54.60259496544207 54.78501385889019 54.896121604047984 54.93225647799438 54.892764922271134 54.78084588962986 54.60397232385819 54.37373512390664 54.10598891472077 53.83752575986055 53.594417257196284 53.36676293409799 53.13904142933813 52.91729965900272 52.706953453791584 52.512926894537024 52.33973735967572 52.191556437194855 52.07225712516832 51.985452879964264 51.93453254622952 51.91706683508609 51.90441914457031 51.893001397741976 51.883796533557714 51.877662941919475 51.875272740105515 51.87525780696942 51.87525780696942 51.874622440367936 51.87170555542567 51.86694858683802
50.16075052410011 50.38817298660987 50.723104427015464 51.148386034712665 51.641058267147386 52.17499477254609 52.72388568418065 53.26391095113334 53.77480797746963 54.239816546376275 54.64502904175852 54.98015393283707 55.24580794393926 55.43622059989038 55.5446429715743 55.56664145363794 55.501619215163956 55.35326401198951 55.13050679608216 54.84698654416162 54.51930054397452 54.17787917485888 53.8579140133096 53.578014234552185 53.32221395355516 53.07349815343433 52.83757424779726 52.619451750459255 52.42362949072019 52.2542189654673 52.115024931421836 52.0095995473746 51.94128146733639 51.91286233594965 51.90076943711618 51.89011810185193 51.88182630049351 51.87668748358797 51.87525780696942 51.87525780696942 51.87505066265178 51.87462624971524 51.87365534056806 51.870779853383475
50.3471157956964 50.623042938179594 51.01265338902292 51.50024988175981 52.0587699773729 52.65574229537391 53.259516820101474 53.84479855745236 54.3925094116821 54.88538043265031 55.31561465871846 55.67698814338991 55.96054031143224 56.15758608804144 56.25982692189295 56.26093793563383 56.1594797570102 55.961424043941 55.68023250816514 55.33449420137819 54.9442978796266 54.53270670081408 54.139232626639235 53.78513169829083 53.48622444085049 53.21358411957713 52.95514294989923 52.71590638532824 52.50031450530066 52.31240056433742 52.1558934806422 52.03428291353609 51.950861149082236 51.90875042886134 51.89657541919757 51.886912281036146 51.87976035150448 51.8758377582379 51.87525780696942 51.87701274438356 51.881001181797345 51.884830990089185 51.8869626223532 51.885645478185296
50.527578543547705 50.842217979910906 51.28183574829873 51.83589665700199 52.46979979779799 53.14162718012195 53.814315729247234 54.458087712210066 55.05567530294173 55.59346958898266 56.060462135871056 56.447858558468624 56.74748141268565 56.950204695723706 57.045300321812284 57.02250010869285 56.877720945598774 56.61877311626874 56.264980016628286 55.841322034871475 55.37300221162804 54.885974058037135 54.421502780165945 53.99843400847632 53.63299192843811 53.331975372384164 53.05465116256879 52.79783168961109 52.56583893903415 52.36260438382995 52.19177535477311 52.056782211001085 51.96087908913275 51.90716649819145 51.89204862904383 51.883606845108574 51.87781955459864 51.87550475374568 51.879726994065855 51.88820928443826 51.89742945467748 51.90560469913328 51.910768123297004 51.9107446190682
50.70101960113305 51.037930102908625 51.51647092028631 52.14617569297303 52.8819700913599 53.65411664724496 54.413932901852135 55.13188417184682 55.788743792190786 56.371298329580966 56.87041812222806 57.27952139249549 57.5925137943216 57.800895813911524 57.89081430408629 57.84399111067094 57.64897017612167 57.316368167299345 56.876811393077354 56.365297687093694 55.81202483402451 55.24282678060034 54.69771312134686 54.203669544626656 53.77665768724822 53.42463644348753 53.132070306982996 52.86166054309018 52.61703981189051 52.402023463154364 52.22017974758282 52.07488992685035 51.96938342333928 51.90675361110555 51.88745567833054 51.88046982146927 51.87681522579286 51.881987479873956 51.893986765188515 51.9087128781917 51.92339443209766 51.936054631906906 51.944283839397656 51.94544704071613
50.90160798469269 51.23765488734888 51.73127734112879 52.46942014911529 53.34740494997102 54.23689399716463 55.08828365847158 55.87730788426332 56.587697314756156 57.20813516406438 57.73168619147254 58.15492728705326 58.47581610586241 58.689459412720645 58.78061994011068 58.71619402348546 58.46306536505964 58.037754844727615 57.4965112712761 56.88853875845451 56.246991488791174 55.59621404355287 54.97302157687734 54.40476618781126 53.90962189079723 53.50309200935218 53.18426092609501 52.904159983408746 52.65047461636314 52.42713150166027 52.23777102041376 52.08575444132143 51.974191051384146 51.90597929932215 51.883113489127496 51.878378543530125 51.88299468328444 51.896996653638595 51.91646799194385 51.937504184047036 51.95791276994788 51.97530074162664 51.9868057363137 51.98929959865536
51.2010193762394 51.54167690346279 51.966671529800394 52.877560236098766 53.91546614645883 54.90851228407243 55.83848844212223 56.68853963985192 57.44346142044788 58.09207050343298 58.62874927182587 59.05352920185555 59.3703341082288 59.58283004486214 59.68425661737767 59.62592924002381 59.30231649119213 58.75078289636829 58.093024475631324 57.386500960925034 56.65929690389467 55.93139782966077 55.236049729697136 54.599711097992696 54.0390791124692 53.56976394234098 53.206247643961134 52.9186831697037 52.65887018224632 52.43025953679508 52.236644622650076 52.08144279489548 51.967714486614035 51.89821860182654 51.87554307281507 51.88081076909285 51.89653983169947 51.91917058435106 51.94584220749543 51.973485206021365 51.99995372701356 52.02245775529665 52.03768386431684 52.04198760327932
51.63187429826968 52.06799157170373 52.643977193654 53.5587007388714 54.624806813465945 55.67181419454007 56.657424869614935 57.555705199506505 58.3452384544137 59.01088834481838 59.5461660228837 59.95383501327937 60.244013008843154 60.4306934881363 60.52767345557927 60.53262963651738 60.10250403577187 59.38703140387334 58.62201386414216 57.83050669551899 57.029035734162 56.234118154584124 55.47654830388776 54.77958863387084 54.1592430133292 53.63135833570585 53.2113756298596 52.903644671406056 52.6400751152044 52.4086536930872 52.2134975316921 52.058172292860505 51.94570327792619 51.87865086628608 51.86375705084942 51.88216416021112 51.90972607906447 51.9435500534819 51.98000153992397 52.0154712376685 52.04841371295304 52.07658973451251 52.096255213686646 52.103246116204446
52.15947948869232 52.73097499656484 53.460996081964396 54.383102323688945 55.429771581579715 56.49907111688128 57.52455779392407 58.46294365294398 59.28052857911885 59.953309689726254 60.47097589046032 60.83805013087623 61.06979001383132 61.18482840815079 61.19597991274204 61.07378790852038 60.60286314815826 59.86380526776608 59.04819726525293 58.2002614213192 57.344210470786635 56.49555931963217 55.684840402168234 54.93381467930393 54.259249409197366 53.677838939733526 53.20579810228009 52.8577521868809 52.588750593841716 52.356219696796245 52.16178478331356 52.00925172905916 51.90161546101864 51.84300721626711 51.84295065382224 51.87563426110351 51.9164153673306 51.963175189612066 52.012080510009376 52.059389268309886 52.10182261302556 52.13664126213633 52.1617423133704 52.172721430775496
52.713436405095436 53.3939362425928 54.2178950513682 55.181992067066574 56.244748139049136 57.34103763208227 58.407529193515906 59.38850193671521 60.23555237611471 60.9099629554492 61.393899505138386 61.696599945992844 61.84515106477214 61.85977332631244 61.74299693922754 61.45929942530366 60.94787169810595 60.23446901417378 59.40867326373645 58.53120835485074 57.63061496784644 56.72806978681281 55.86008031556828 55.0516310843997 54.3227244955885 53.69199654048291 53.17302843673539 52.78149179315507 52.49670232029925 52.263461076270175 52.071691774746576 51.92484536021846 51.82597367521432 51.783877893633864 51.802821540219476 51.85179810845153 51.909041820095304 51.971980480642124 52.036974649628775 52.099518941985146 52.155354741568935 52.20082847636156 52.23312638373816 52.24979106209913
53.24420338316496 54.006122370445595 54.89952254032121 55.91173158875424 57.010699593337954 58.14808419666343 59.26717594130325 60.30545296520974 61.19497739703039 61.877036524040655 62.325155768225 62.55319335556177 62.60041577571231 62.49835709394491 62.2552849805133 61.85650457307433 61.285212895470075 60.55847337478928 59.723076631186686 58.81905394408079 57.87665090139681 56.92352133488994 56.001311773364904 55.13569590268531 54.348741271627965 53.66140180900638 53.09345182381333 52.662566026389804 52.35836955231813 52.11859212126008 51.931237629058224 51.79308538617604 51.70912574179004 51.68891968671209 51.73140474919177 51.80067339589738 51.87867035228413 51.96229709401056 52.04823459183859 52.13079040482291 52.20453969199684 52.26495598259666 52.30864140443068 52.333360290748246
53.72330572180445 54.54460343460197 55.490284588800534 56.54589530443904 57.68542345916748 58.871251228263624 60.05508626966447 61.17501070479526 62.15325349615858 62.87771310118371 63.27706086170627 63.392782518675816 63.31026300395726 63.08112348314035 62.72071991076174 62.22543892683433 61.592094453230494 60.83237724081667 59.96867437390018 59.0293423298451 58.042067191235944 57.040397933992615 56.06779618255063 55.15025500184873 54.311618264117136 53.57425715299584 52.95905556064553 52.48533352843362 52.15812162433271 51.910205528060146 51.72734332209964 51.60114576687752 51.538789912127534 51.54633866867263 51.61784003247608 51.71234574287513 51.81631757468366 51.92603353843002 52.03852956353374 52.14671487906962 52.243886093596636 52.3245533912131 52.38468085658573 52.42171451019143
54.133150610741055 54.99384125651957 55.97422423521562 57.06043145514473 58.231521318690504 59.4591335219974 60.710880915916334 61.94973831108511 63.08440220422713 63.90753374115414 64.20906300402106 64.14845734454698 63.91090449263871 63.554495285453605 63.089075934889095 62.51120845745524 61.81641907293489 61.00826070739064 60.10123977629534 59.11733005344614 58.08137216404039 57.034847666941836 56.01695125199262 55.05432505190853 54.17208224672425 53.39380076116066 52.74145243757163 52.2352555432969 51.88524319035477 51.62677545218129 51.44691542422487 51.33799578079103 51.30425921744129 51.347003280867106 51.45251106825835 51.57809729149398 51.714106951261115 51.85586762079835 52.00085810681875 52.140583514595086 52.26703355217397 52.37376552407923 52.456136784953486 52.5112979640909
54.46237250139628 55.34252776171176 56.337671748944416 57.43466943918442 58.61604596720695 59.865866834750584 61.17347685689516 62.50960572170583 63.83298075022138 64.9465006555271 64.96921675059663 64.6793538664491 64.30264857079115 63.84388957008016 63.29718372848133 62.64973794926787 61.89276079412232 61.029182136653844 60.071221695404134 59.03796373130731 57.954752978124326 56.868811251072515 55.81258161512315 54.81314935049786 53.89646766971147 53.08721178128405 52.40857028240481 51.88192506875563 51.519901118097245 51.258051730392125 51.08188313724777 50.99606835179213 50.997978352769366 51.08447126403382 51.227923696794676 51.39136880566259 51.56624925766258 51.746334161720085 51.92967691194905 52.10662700888571 52.26792455981845 52.40628546990885 52.51660825322961 52.59592168233216
54.70458196306226 55.5840588854416 56.57216883127864 57.65546096455475 58.82242609793652 60.069690939329426 61.373253349908 62.70086845787608 63.99844178585581 65.02029332232847 65.10069127241539 64.79927274939013 64.38258661242484 63.877026217186796 63.28056611398534 62.576483855272535 61.762667150715814 60.84500350458474 59.8365183103025 58.75531512061365 57.63376487109863 56.51627685157479 55.43043896485402 54.40333329897115 53.461556388191056 52.630967732289456 51.93655836171579 51.40213356188421 51.04179369149092 50.78906458384943 50.62908884870081 50.57044808053781 50.6156803158159 50.7537263447678 50.939533500692235 51.148604034362265 51.36987661758812 51.594781719881155 51.821892725819794 52.04105409716485 52.24189758770012 52.41649537370816 52.559526721887 52.668187499424114
54.858203061910594 55.71740388119301 56.67663343322475 57.72373802605496 58.859326104602 60.061996866230515 61.29725654505512 62.511997237715455 63.60556780631439 64.37278714516998 64.62236952314487 64.47441125010629 64.11081656580453 63.61269209284757 62.99037513852398 62.245384523511994 61.385701863059104 60.42266604469864 59.37131482907335 58.25125091355472 57.10603262389423 55.96753239643816 54.862244012598495 53.81726607430768 52.86009608987956 52.018369537748185 51.319375041292005 50.78918451308775 50.44155762167076 50.207988691861296 50.07773191805458 50.05972478183107 50.15713421142277 50.34964120050843 50.586548179079024 50.850033387283254 51.12576597594967 51.40217718895702 51.67767071126398 51.94289895363303 52.18661207803274 52.40049759282116 52.57929366808101 52.72068751574085
54.92633943465991 55.74734782527191 56.65835901207414 57.6600565662969 58.73906122306419 59.864288025728385 60.99252111687634 62.060549568489876 62.97326727644538 63.607508101107136 63.87956101315372 63.819137502467214 63.51801034860834 63.044481409876454 62.41210915158315 61.6430166275352 60.75370552722062 59.760042321564065 58.67860396788369 57.54035325966148 56.385346563516556 55.23849196163552 54.12528353873722 53.072677494378105 52.10892222190899 51.263403009989105 50.566252839549854 50.04733241915494 49.71808239627438 49.510663069767666 49.42234262105203 49.460762423424384 49.625393659714014 49.87423937139353 50.172787035013435 50.50044833132924 50.8389734225172 51.17372356373555 51.50100444803877 51.81460561697243 52.10271740432177 52.35693779232846 52.57231345585222 52.74725044357367
54.916307806855514 55.683885393060805 56.53911646480133 57.481729521910964 58.48530061763506 59.51413993745089 60.52132399185945 61.445481109751974 62.210332908926326 62.73697780064143 62.97595343412408 62.93352489749214 62.66224693425498 62.19935402621637 61.56799463926544 60.79450767774629 59.896686905600596 58.89128253567405 57.800424798408315 56.66625719021763 55.51439499448555 54.369095822201395 53.256124961668135 52.20299854849851 51.23872444212707 50.393075461043644 49.69950250988238 49.19320209096705 48.87990446163338 48.70101003062503 48.66452968846272 48.775799397107775 49.015191474502366 49.33478502085249 49.707701575626594 50.11000316308205 50.51936823905925 50.918618779611805 51.299975382315786 51.66227071340369 51.99417567006854 52.287513286368736 52.53781195803627 52.74421336325804
