_RESULTS/REVERSE_NEW/MHZ/GZ/6comp/MHZ_GZ_z_63_kriged_reverse_6comp_spherical.asc
ncols 100
nrows 74
xllcorner 5.5967023332191781
yllcorner 50.982320383219182
cellsize 0.00019249356164376555
nodata_value 1.7014100000000001E+038
[rows 19 to 37 of 74, columns 42 to 83 of 100]
0.017629648858886078 0.030711531781857624 0.049646999965310426 0.07368241436312643 0.09885323103208425 0.11618580616752341 0.11856914135748815 0.10469532239386081 0.08714519981794283 0.07204279010730702 0.05874067635379129 0.047398221952292194 0.038719740891144154 0.03283337769426455 0.028959676207839884 0.02668974768276963 0.025797715525433147 0.02626994269662554 0.028281236314981757 0.03177093618244246 0.03589916752029334 0.03973744416473383 0.04230911514440016 0.044112954065082755 0.04585768465674751 0.04721713904929411 0.04811668673501832 0.048703768694492874 0.049326728365774175 0.05046746633716728 0.05294694263735934 0.057834455410799276 0.0667710202461902 0.08221697108284474 0.1076385433626003 0.14677310634968302 0.1995566800127259 0.25585659077992207 0.2926442906701012 0.29960732633295195 0.28251991774023166 0.25234070814236875
0.029388672432961224 0.04714022914717393 0.07059147799892947 0.09732843664184708 0.12056044964899451 0.13097681655322527 0.12397817112277268 0.10320465951521111 0.08331879930250474 0.06690650456456924 0.05329011901745094 0.04216746228306404 0.03456212220892493 0.029784920739658268 0.026748886238995104 0.025020413813646718 0.024525703189513033 0.0254184797631736 0.028217348187348078 0.03313049605798772 0.0390271490327274 0.04482132621322272 0.04925121235420661 0.05290187223482431 0.05599020573750502 0.0579964930280014 0.058804302387051574 0.058686211782052314 0.05823318864243332 0.05836775153552934 0.06030816249675573 0.06550333769959088 0.07584771601034956 0.09427450564821478 0.12456318228577366 0.17350624878716325 0.24317279034788503 0.31821881241506006 0.35884552397966607 0.34935630458146777 0.3123236576292427 0.26681590443098385
0.0518802369473931 0.07632102237200078 0.10497314604545722 0.13312538417010475 0.15139500378749282 0.15149119472941347 0.13253324155262433 0.10555549194664993 0.08292084902991756 0.064824834454132 0.050472168641869666 0.03977078355614982 0.03270790085309918 0.028277222666740168 0.025776410615101757 0.024431478538679947 0.024249567503948997 0.02564784987269712 0.02945605126792279 0.036120376922190736 0.04477887646921219 0.05408087859590767 0.06191505403512678 0.06859315983932274 0.07373271630285907 0.0764445838925541 0.07654778553940905 0.07459563570909168 0.07163942672875412 0.06911039035390844 0.06850596241095537 0.07158455933589343 0.08082623148439994 0.09954334243729615 0.1326051528264625 0.19174625643341778 0.2889453515372734 0.40681540181622167 0.4442813090013682 0.3987916632749683 0.335998325833384 0.27550657184250554
0.09401420998177237 0.12640738170669877 0.15912823940762547 0.18493597665247855 0.1926627563803723 0.17718720420768627 0.14383367783712384 0.11170723374227604 0.0857346697296386 0.06549287716756388 0.05019379106790859 0.039678483534375975 0.03276898758550256 0.02844268480526933 0.0260814964571977 0.025295603834716077 0.02564597086720284 0.027409354562118612 0.03178451363523273 0.04079213651487601 0.05452316860561091 0.07022204634991303 0.08424747446487188 0.09614362070655719 0.10452549267109537 0.10775653498497086 0.10564887112325476 0.09948660085286058 0.09135167809265303 0.08351769595452518 0.07786640155584082 0.07622108286644204 0.08062600675807141 0.09571991850245641 0.12851403096925115 0.19236870945485327 0.310148515524778 0.518067416384431 0.5063420214832687 0.4186648538678364 0.3416781632041327 0.2747104520516804
0.1685054981121695 0.20721041024017295 0.2384926823049405 0.2534518072129393 0.24158663218421675 0.2039451932464576 0.15806900485555114 0.12057471584965428 0.09118850484135164 0.06865441657485331 0.052491183868496986 0.041679546749657986 0.034647128349198295 0.030341021788790855 0.028396904693430022 0.028424278757675996 0.029600517707040544 0.03154562447553449 0.0349836852698406 0.04855464554550356 0.07187118715337733 0.0988876271896034 0.12411759858999044 0.14536702537766213 0.159031203934221 0.1617442515143317 0.15382407852725363 0.1385602778295185 0.1203750813710162 0.10297359455495232 0.08875124736281385 0.07927074603502127 0.07702254503559115 0.0861928215403035 0.11347638773268631 0.170281232211331 0.2677042331435531 0.38957900717586064 0.4238001641572277 0.3819407345494169 0.32243812886076806 0.2626516858284
0.2851403060207114 0.32818347800658565 0.34662595981120126 0.33677112363661993 0.29353630298468464 0.23011147969954748 0.17482744457345697 0.13139042353340818 0.0984656085919719 0.07362865434776675 0.05668109446462817 0.04558626000055786 0.0384580600481221 0.03459693849640825 0.03344523856211792 0.034504598116544896 0.03722023907542071 0.041095352761980966 0.047430511502133475 0.06763823115133273 0.10342065353995669 0.14799830179742593 0.1925679811102819 0.2306225649182277 0.2536340084185843 0.25423042850640554 0.2337580405834655 0.20032511327266073 0.16347872652462977 0.13004393234724446 0.10317988906829406 0.08395684277891564 0.0723717401589363 0.07293743171687637 0.09485579654463791 0.1407070704193315 0.2098497932551169 0.28335011375790686 0.32321068176872664 0.3206816981540483 0.2888631331495381 0.24362912686703925
0.4413888435917079 0.48409017669994836 0.4770154404793694 0.42586376933082815 0.3412705789577787 0.2595659067210394 0.19381422968981912 0.1437335460210834 0.10682983264380586 0.07992558893481239 0.062298136766977874 0.050945954341404615 0.04431146326843826 0.041312980896736864 0.0409263390233406 0.04329746388258712 0.04896741104866938 0.05837758259136153 0.07519925540975624 0.1064418206765732 0.1585660832209603 0.23024944004588752 0.3087853522529971 0.3774187127982902 0.41551298742379655 0.4065764403360508 0.35855511662922435 0.2926462962868037 0.2263356627296479 0.16935307969364743 0.12664486698890356 0.09536243102083122 0.07262343217135461 0.05836870338788688 0.0835372570254168 0.12204427334182415 0.1718679534405597 0.22359369817373922 0.25876102345660223 0.26976273262012535 0.2565778759981885 0.22452964839243844
0.6198817342556365 0.6509775936330746 0.6044960684958713 0.4969491002552266 0.3837164304849632 0.28722400920465024 0.2117060287052129 0.15547808241422748 0.11468092238245216 0.08613595196399249 0.06820305962743904 0.05706203351208443 0.05111214063632172 0.04882009066574775 0.049829338657223735 0.05450178344239287 0.06457003717697893 0.08220609223778783 0.1125935481021408 0.16275693522166199 0.2425894118481498 0.35770301566071516 0.4982818003082192 0.6286616457437132 0.6940408140584163 0.6532647234785288 0.5439134610838918 0.4197237900415775 0.30946782517948923 0.22580176204498129 0.16471148462010174 0.12050251129378318 0.09122247066356899 0.07925709477623151 0.092095250047277 0.12016940396681144 0.15613778637293738 0.19392385603653797 0.22362809296448438 0.23796438483506982 0.23410697830607063 0.21060489827230316
0.7845901555882482 0.7928029490858345 0.6926464133179108 0.550421096838052 0.4163666507791298 0.30672905745708723 0.22377563582521043 0.16351115800526622 0.12056989670090942 0.09146441120734507 0.07350914138826274 0.06281439567798451 0.05733469186296386 0.05608205319128348 0.05897374392337272 0.06692516744612244 0.08242635532038108 0.10986922259457207 0.15661855278778875 0.2322782709975795 0.35249401200261926 0.5338399727050728 0.78120114143759 1.0518086502223807 1.182869172363939 1.0366072894049878 0.7973011141087638 0.5795717571593026 0.41422792112409434 0.29873399703570014 0.2182246437563502 0.16258774892429917 0.12730395746346007 0.11223801273644203 0.11530298950215552 0.13239540024918436 0.15733253667849853 0.18477272666448102 0.20941363673939012 0.22391373706045417 0.2240164585881329 0.20474774626688613
0.8882118354779721 0.8774178372857155 0.7495285472668004 0.5821735317507649 0.4307297827102879 0.313869564270975 0.2287867896132852 0.16816690755482475 0.12532747667943542 0.09648282211970086 0.07823585291375171 0.06761838435525594 0.06259848695626027 0.06232554123456762 0.06704292680940449 0.07832218876054463 0.09969029947200694 0.1373253351698209 0.20203537221388915 0.30785316667386886 0.47660513824743017 0.7378155534249524 1.1214855035546418 1.642213655276138 2.0085745452137584 1.5108485548002901 1.083005006283332 0.7600963063491352 0.5374842011955319 0.38704115303675846 0.28475589321185557 0.21666540477894608 0.1743581368655684 0.15179131029653353 0.1463423088094317 0.15450120071269943 0.17094741223616206 0.1911197535768961 0.21124942838202718 0.225498113209125 0.22702647361222805 0.20871928831521178
0.9118237805319893 0.9424769958500554 0.7684574612431784 0.5771175868346297 0.42343957838538776 0.3095341057279691 0.22822888988674217 0.17054934618050732 0.1296527270396094 0.10067756117917676 0.08222674618685276 0.07178943407001198 0.06720723929310654 0.0677252919963561 0.07378861248660697 0.08741876174752922 0.11375788735129902 0.161295676281009 0.24218353476776028 0.3759133741831614 0.5880421134333621 0.912649461256916 1.3747758890845274 1.9304632473336116 2.182498757869507 1.7850186798034084 1.3031671740716726 0.9261670014154741 0.6622378146131284 0.4825151830536992 0.36001191882338324 0.27823407488103363 0.22616083544901716 0.19572589691577283 0.1827611902016135 0.18391987472881538 0.19439149954746024 0.2100741881983613 0.22745711919960773 0.24232186824860577 0.24460015059671888 0.22489744733887032
0.8322523031831154 0.9432731896545806 0.7065521369489254 0.5263494967629361 0.3909588167812151 0.29154089377607006 0.22052906438440625 0.16957092141095023 0.13229162626434376 0.10314485339932779 0.08500497886377335 0.07486251118909057 0.07064726387354678 0.07169619907015223 0.07876567053599651 0.0947074251717949 0.12483774586492971 0.17855599008442574 0.2688509820330182 0.4208784672545195 0.65959981899411 1.0126932077820787 1.4745620518223819 1.9266478171440105 2.0813787668386747 1.8315364644488439 1.4150627407886993 1.0452265454843204 0.7669933495028701 0.5704359303717552 0.4333924201066584 0.3400013883777785 0.2784277832906913 0.24056743306662604 0.22214117078947754 0.21856033144744247 0.22598347584516018 0.24045619571563198 0.2584168311250014 0.27598961286827506 0.2800899449269773 0.2585301554362038
0.5831987695738519 0.6297934675567316 0.5459106791367211 0.4344702332169299 0.3375454660214109 0.2616949252220474 0.20598330778200824 0.1648714694349653 0.1315538411930638 0.10372395604745471 0.08629494969213161 0.07653387117288359 0.07254146239490383 0.07395275830168449 0.08210479299534808 0.09947293387028942 0.13155548962900745 0.1876919329362184 0.28020462206301766 0.43357860739289716 0.6771671828558328 1.0312279363118542 1.4736951040704378 1.877576766911089 2.024260154431135 1.8233688890113426 1.458946000694738 1.1119719049312577 0.8366741346129679 0.6359683165077129 0.492599355994819 0.39238362794677734 0.32414847805518565 0.2826965944750856 0.2620892483548933 0.2556422794077555 0.26363580962131566 0.2815084537625842 0.3056919617975629 0.33187037077265297 0.34160670958582606 0.31764992697900996
0.37983521053905234 0.40894932687930663 0.38550255952059165 0.33305298718396736 0.2760473856975827 0.22549377697395645 0.18740603921935112 0.15690320867361102 0.12808130928896108 0.10279781272845698 0.08622802212304345 0.07680148581348857 0.07295540238699562 0.07494969861447734 0.08354849031335483 0.10115266157868615 0.1330360281786802 0.18733483983553656 0.2747609101038717 0.41632270385993897 0.6418393904073851 0.9771909802831442 1.4078016434647145 1.8171191351534561 1.9839275814725648 1.8041774403705393 1.4560196065185855 1.1278225140639024 0.8649994651629143 0.6703901727189717 0.5289742583447412 0.42781822084095283 0.35900898738333065 0.3182565319208241 0.2986550446153393 0.29452584378364643 0.305923196945096 0.33407612290904914 0.3736929597246102 0.4188166931498957 0.43982126994651044 0.41168250771306814
0.2509699973167589 0.2721866885487257 0.2693234257653003 0.2484765881711159 0.21992288048043412 0.19093374865932078 0.16870547363894972 0.14781001905091287 0.12440519484514491 0.10225063746690366 0.08625446863989432 0.07670335312864718 0.07300350745172215 0.07498358651190243 0.0832844884198438 0.09994259396098133 0.12955016931596858 0.1779404327455957 0.2536875475681965 0.37316920092084194 0.5642169923394567 0.8552658415014966 1.266775206349661 1.727473472495178 1.939710013619003 1.7340380478903417 1.3989344234373706 1.0891630386205917 0.847396604112596 0.6681482346920724 0.5369013877778983 0.4420088093534582 0.3804305053889046 0.3450601252238404 0.330285024407811 0.3326634593923228 0.3514795683222596 0.3951334217136852 0.4626242466197486 0.5443647091961357 0.5898119338494315 0.5523002131908387
0.17280804814345938 0.1893388616661202 0.1932841974920358 0.1868109975525076 0.17494255954723295 0.16173185412014496 0.1511765832181807 0.13855552399777363 0.12147417845360856 0.10290265266297827 0.08725142343113353 0.07764249544482471 0.07378720163530303 0.07511241211119252 0.08209073933781633 0.09651505666165702 0.12206285281257533 0.16154671836932846 0.22099686269837948 0.3111088048819662 0.4524939316226236 0.6792115785877341 1.024403084318712 1.5166948257474564 1.8076684922123523 1.5298410756993222 1.2489606338136938 0.9963581529472019 0.787678102715522 0.6314013413039818 0.5166512630931801 0.43676794791543694 0.3860434726150357 0.3588053790592378 0.35157004734572234 0.3629202721864928 0.3935953437514279 0.4553609429155862 0.5618154459606762 0.7060934820935395 0.8121355112176893 0.7474380420929395
0.1263119029093582 0.1394032722316091 0.1449037986783178 0.144093328806763 0.14102005074207544 0.13796564107290135 0.1359538679519984 0.12981625218692613 0.11851834776337705 0.10380895355613443 0.08918165268935814 0.07935531021295134 0.07493207823875953 0.07524543308084272 0.08058147740344751 0.09219523945874326 0.11219239324987039 0.1412346072262031 0.18213866510237992 0.24111112316705635 0.33115016729802604 0.47986140428673857 0.7136152192792563 1.0250869214698646 1.2278716843287414 1.1633492094398412 1.0107190825695995 0.847243583334599 0.6962864964550777 0.5693952053937572 0.47808436430349743 0.4156604820528419 0.3769273665028805 0.35871712665045874 0.3594455964056979 0.3794176562384556 0.42127122234825665 0.4996571365822305 0.6383938796318973 0.8465420287332123 1.1140096971892754 0.9471526019200118
0.09906301805252654 0.11003412699106513 0.11547514239317386 0.11538855030160863 0.1143592901907724 0.11857915389917961 0.12437499390694319 0.12428269566432168 0.11718737297155317 0.10541574786300133 0.09288015503095637 0.08247428741163502 0.07685592202776774 0.07563129944793057 0.07885183535898248 0.08728856807398064 0.10101930596651837 0.11936387100662346 0.14369200733618168 0.17582204006213004 0.2231754876479232 0.30553568216052074 0.44399546570026505 0.6246533537594309 0.7719971594838859 0.8047678910682007 0.7556496766733956 0.6706758957040482 0.5775060332127296 0.4952408902989818 0.4306614029051698 0.3842680376986224 0.35662185735697394 0.34666584972145864 0.35414985118463704 0.3803298307727968 0.4285482532979549 0.5122402770928363 0.6532262221208638 0.8474725371166041 1.0212170897763249 0.93909069443647
0.08398783502360875 0.09425260482601489 0.0994426152328711 0.09816424541066768 0.09274376554708656 0.1071061794547215 0.11927453860996937 0.12397588939208155 0.1202449255952864 0.109760519108216 0.0982023269259824 0.0875639271865841 0.07985927228605279 0.07648406605943842 0.0772708648843311 0.08224962157956969 0.08969066385548058 0.09918453392976895 0.11058326099702186 0.1238436663847213 0.14120292747088606 0.18093809262783433 0.2654395810655627 0.3823200545801522 0.4920734127658964 0.5450413395862194 0.5417634934674264 0.5059035124468322 0.45791901535556 0.4109844200690194 0.3724359863660015 0.34534334118947807 0.3295342492798644 0.3266696795938877 0.33903375811576336 0.36847973368055537 0.41871528683326675 0.4997535231923438 0.6165717835639598 0.7586725074935308 0.854673399045376 0.8247502313312253
