_RESULTS/REVERSE_NEW/MHZ/GZ/6comp/MHZ_GZ_z_1000_kriged_reverse_6comp_test.asc
ncols 100
nrows 74
xllcorner 5.5967023331506844
yllcorner 50.982320383150686
cellsize 0.00019249369863007826
nodata_value 1.7014100000000001E+038
[rows 0 to 19 of 74, columns 0 to 43 of 100]
6.878325640905332 6.972494703977507 7.059436135718894 7.127970302172924 7.168212607692209 7.1735045909691095 7.141594891394421 7.075065137403741 6.98087919604781 6.868816854870935 6.749149453136978 6.630593967073615 6.519485802788635 6.420381670504946 6.337645228772804 6.277165913202011 6.247075053404754 6.25656576042103 6.312865595867202 6.417379834445244 6.5624648719776495 6.730308456986307 6.895138203809902 7.029113769030386 7.110467699583318 7.130521629447842 7.095951060437662 7.0250944759859655 6.940587287709732 6.862213958710426 6.80266460643642 6.7666114731930325 6.752070117591582 6.7527430335749346 6.760422879182782 6.76699849484639 6.765889244303523 6.75284144583063 6.726083131087321 6.685940439944302 6.634165045799041 6.573335470191807 6.506701828342712 6.43871404344452
6.944248863475195 7.054290598860188 7.155551428165105 7.235072045031829 7.281623686123254 7.287707802475572 7.2506837276596725 7.173468690170131 7.0645170622591555 6.93625809065751 6.8022512379811095 6.674453051453845 6.561841454491322 6.470648328697799 6.405676622073611 6.371923616366833 6.375524214679909 6.423080592659905 6.5191625797462 6.66270823813414 6.843680777821656 7.04160576851501 7.227545399745883 7.370256738238741 7.445318219821272 7.443587176099645 7.37451318048574 7.262174726942265 7.136203612342746 7.022444642096759 6.937205897535353 6.885962334864665 6.865198789035396 6.8656148154124175 6.875426691814901 6.883132713002288 6.87948150855827 6.858530073586201 6.817778443278629 6.757536044957489 6.679889098089456 6.587793514712274 6.4848145895876455 6.3758405242018075
6.996284030832999 7.118526660507832 7.2305931071741325 7.318219278314389 7.369283498465388 7.375676205552502 7.334312085600843 7.24829081606094 7.127478538733286 6.986973792400011 6.843747400411719 6.7132234970417555 6.607314724106786 6.534199904130269 6.499197059988998 6.506039561737325 6.557887985760405 6.657255294387995 6.8043610697125585 6.994231644729991 7.2136451829128365 7.439564194273031 7.640849294567169 7.784352118169148 7.844494030429479 7.812713419692308 7.701745340881361 7.541654818524543 7.369320926901903 7.216897081045737 7.104367514092674 7.037753588520918 7.011462965730539 7.012476794334151 7.0247065185120015 7.0326650978811935 7.024064300484617 6.991145055189045 6.9307156467888635 6.843135232325339 6.730781027341504 6.596736245571734 6.444415747167223 6.2785716631921185
7.028479670177903 7.1578605813209535 7.276049370406332 7.36805047778015 7.421247422384806 7.427069025776064 7.382028549172685 7.289465041542234 7.160610226079898 7.013014152037936 6.866811874132956 6.740760340493786 6.649719048915499 6.603962383186306 6.609511702435267 6.6687836339815645 6.781338307665706 6.944285398271564 7.151740391954759 7.393172833494664 7.651259539711891 7.900627942286231 8.109322638415124 8.244400378779993 8.281233447566748 8.213259058671644 8.056947966702753 7.848080455308651 7.630260577815555 7.441454717059715 7.304840042838174 7.226408003475567 7.197793689948549 7.201523420035088 7.216567788522556 7.223063113832275 7.205613095864353 7.154849096412821 7.06722103460138 6.9433965658147025 6.78604309635551 6.5979998673663385 6.381802945615476 6.141156874740278
7.038056753608111 7.168876168647801 7.287991277813069 7.380232721577274 7.432774811825735 7.436723179451127 7.388447448129007 7.291785186970865 7.159228670384421 7.0102809051007515 6.867627261870493 6.752870855642431 6.6835407816295795 6.671970429996231 6.725104661322328 6.844306721745695 7.025393171981962 7.259191330170077 7.532207507632287 7.826800875688172 8.120707954992552 8.386631533168408 8.593487163957473 8.711007951321037 8.717969758950659 8.6114544552846 8.412075012818688 8.160612267865272 7.9060861156951265 7.690897647955923 7.540201624935508 7.458894864115538 7.434874848440895 7.445389558696694 7.463927689873544 7.466143651336784 7.433909499035509 7.3569777412870545 7.232262822032945 7.061359180791844 6.8473952637657005 6.592564377265139 6.297596955887026 5.963949289948638
7.026174974818486 7.152922984361681 7.267883242593491 7.356206787739975 7.405144220170157 7.405760023619047 7.354701953240632 7.256546928727335 7.124770634566524 6.980099638981299 6.84688710867734 6.748839386453821 6.705662521968427 6.731504804862983 6.83433687382954 7.014901170794653 7.265629990134874 7.570870373185288 7.908675578389869 8.253253601219193 8.576887993869665 8.850915995324529 9.046813308839905 9.139391624452982 9.113254056051105 8.970835537457871 8.73733804748837 8.457613470609207 8.18419004648426 7.961672201136145 7.815129924363403 7.746630304845079 7.7389135708179495 7.762897944828288 7.786087280926333 7.779878864083792 7.724364621667723 7.6098503177697046 7.435228296066344 7.204205923643441 6.920918832154101 6.586679846234536 6.199487991170744 5.75722305592135
6.99770932953081 7.11586281819305 7.22234738404092 7.303068971271475 7.345750973418684 7.34186630472725 7.288745747723071 7.1917575282149455 7.064922626131735 6.929352203280153 6.810051994999124 6.731942332155579 6.716294672519096 6.77866782440258 6.927924348151045 7.164554434374354 7.478349528071675 7.847801477947809 8.242691249036659 8.628946253878267 8.973419573645753 9.246694227402614 9.42415428068849 9.487601901616417 9.429527944852019 9.259342255914579 9.00738723727568 8.721679240611016 8.456044077401852 8.254413092586844 8.138899310907266 8.106213995468046 8.131868012991973 8.178996385731367 8.208574076350674 8.188314695745905 8.098126952176349 7.931098741989688 7.690442515096992 7.383930255730877 7.017874937762655 6.592935546482768 6.103785080771038 5.543523524946364
6.960043289846765 7.066715285246272 7.161808086862644 7.232338932536924 7.2669599299494 7.25802942767757 7.203826310384455 7.1103961097449835 6.99182558871788 6.868813392326989 6.766011908751578 6.708585434839612 6.718662054144274 6.8127236970316645 7.000182044984618 7.2814009624010705 7.6444224812435815 8.063267918120939 8.500796717490063 8.915661392846625 9.269973112054732 9.53417819886583 9.68839363339336 9.722604797000132 9.638671799001798 9.454339475356603 9.205662009396036 8.943021286707467 8.719300065265656 8.57457844074176 8.524558186797206 8.55730129268587 8.638260322942113 8.720851474908793 8.758955516865294 8.717571132963034 8.57862403946066 8.34089436392819 8.015030140387568 7.615674094256225 7.153330181216262 6.629008557886159 6.034178565008691 5.356445595314076
6.921160430571735 7.015402705203022 7.09798933785185 7.157272950289985 7.183199881347714 7.169363029602311 7.1151043782956265 7.02698182818189 6.918761770426446 6.81011413770721 6.72447034725647 6.6862317402565985 6.717515904458192 6.835158538237838 7.048713352585074 7.358319360372629 7.751066439899941 8.198364371401567 8.658520278630531 9.085040544015571 9.436714686290738 9.684562320083844 9.813798662040975 9.823057107744631 9.724332429586555 9.544537032838601 9.325746895987542 9.119914956382779 8.976904834437468 8.92985943837241 8.98438756581129 9.116029361436517 9.276727373744372 9.40803215628086 9.456523959747479 9.386020150690793 9.182970754827627 8.854855802673747 8.423188966539003 7.913003932581744 7.34195534095663 6.713411454162872 6.0167687225174085 5.23440949622017
6.887600036935392 6.970219610607212 7.040907067374463 7.089407076227629 7.107133738255183 7.089067579252323 7.0356141757022 6.953708589221766 6.856572803194459 6.762479082026478 6.692999349468799 6.670821846297567 6.717019915961962 6.8480394920255305 7.073172694911448 7.392190949097628 7.791849563984389 8.242897864562073 8.70207340701874 9.12075456831445 9.456551685601822 9.682023694250594 9.787595598388208 9.78037361383511 9.682401452234709 9.529730931873868 9.370147719083622 9.256220926246392 9.233015954955935 9.324059014888478 9.521260123101255 9.783474591713032 10.045599180303242 10.23596351265359 10.295119668780448 10.188168684747264 9.908061817123295 9.472667048517621 8.917045772966038 8.280424481364152 7.5914474970776995 6.858865284445477 6.072137731343473 5.209980845202045
6.862942474221895 6.93589893715551 6.996487841517604 7.035755993309634 7.046565955091907 7.0252586980517435 6.973219637050525 6.897663741998033 6.811184118199005 6.730505960093668 6.67496323580681 6.664779541456496 6.718939704304241 6.852560817383939 7.074182243692949 7.383137443283426 7.766383196949582 8.195769479673428 8.629529528315523 9.020381451129964 9.32745443921132 9.526145749439818 9.612104413748337 9.60015155698302 9.521318911542053 9.419664791009358 9.347541093124153 9.356961614697013 9.486784793572989 9.748736993291491 10.117593216490786 10.531423107917016 10.905536853755967 11.156439070320287 11.223358430337786 11.076443384361609 10.714928637593792 10.165147591189001 9.4761436421257 8.70480298261418 7.89520687818388 7.065247369158125 6.207181133674979 5.298411523052431
6.847288907711782 6.912911159521048 6.96566323476004 6.997719566369239 7.00324252504321 6.979782830267567 6.929556640702536 6.8599646188621035 6.782952300219339 6.7136876280919715 6.66912099317301 6.66656367415968 6.72209874339312 6.848562270079742 7.0531119058397636 7.334589348743929 7.680703543514259 8.065870748406171 8.452465450094095 8.79784129456068 9.065472617917896 9.235066557743487 9.30741055916279 9.303728127679518 9.262022867935569 9.232176206204038 9.269245836068452 9.423402701838134 9.7262392733417 10.175892388582442 10.726811853605819 11.29289353404625 11.769848236712761 12.068648468561358 12.13681395463765 11.954087077906825 11.521581470756544 10.866853026422806 10.050287756020193 9.149000965917633 8.22685986583099 7.314627877860387 6.4099607008777495 5.491003734031379
6.837814830023668 6.898104507949308 6.945076798428001 6.971840192953846 6.973652616479353 6.949063580362318 6.900927279383623 6.836708852589489 6.767687207640556 6.707524176030713 6.670814000167521 6.671824043615427 6.723315730757759 6.835163580713716 7.012541936199421 7.253698746067454 7.5476030703461925 7.872358313104779 8.196354898974105 8.484043670752198 8.705534823141367 8.846069149890393 8.911257155412164 8.92697043282427 8.935520224475088 8.989803492565173 9.145386866054404 9.44934560172352 9.925252992623097 10.556416093390954 11.27487077248174 11.96923902842405 12.519512867206856 12.841907814665781 12.904023276664997 12.697775530676514 12.217890562186568 11.483325313083599 10.561883343356048 9.551987306492924 8.53971141191014 7.570729874440783 6.649599600607427 5.756278342518431
6.8301096010808084 6.886310323113477 6.928928412738234 6.951836955219536 6.951181030958055 6.926288306516367 6.8804471120675945 6.821041837598388 6.758639590169015 6.705460894001708 6.673880339148278 6.675244795427149 6.718982679222737 6.81177843326833 6.956502170422482 7.150720714801204 7.384998871687349 7.64180821903524 7.896517621022901 8.121871514628044 8.295728514577142 8.409322299662488 8.472395891732853 8.5135312575951 8.576577839898354 8.714613961780403 8.98156809054378 9.420297323170818 10.046074245284988 10.827677503722871 11.676078605041 12.458537107603371 13.046972958139014 13.371866411134986 13.425058257258101 13.207117460231302 12.700575345738843 11.913217543761498 10.919662922705662 9.837876640096379 8.773299569466998 7.784335002792711 6.881720189972487 6.047386524699983
6.819796253592789 6.872275921846245 6.911184046884175 6.931032533051022 6.92866658123873 6.903990034634365 6.860541441464522 6.805484792318489 6.748619271896231 6.700790240067402 6.672348955624428 6.672012004080311 6.706174883338033 6.778532008772656 6.889705695371403 7.036597409281156 7.211487589067121 7.4014398301078765 7.58895654051689 7.754967302426813 7.884699041213842 7.974756277049355 8.037918943097319 8.103667175617996 8.215008630602151 8.42276877003398 8.777318971889663 9.316342566293114 10.047374941983575 10.927860224998037 11.854903956611569 12.6850457493294 13.290707584615905 13.61467047131844 13.660254612800893 13.42744510607005 12.892972873680463 12.067199200417395 11.036508496260868 9.931530138111544 8.86633129996618 7.904185675039031 7.058606679962278 6.313089164491551
6.803904055145383 6.852288507982481 6.887411243916937 6.904348328381542 6.900493761089152 6.876154649432835 6.834970497255226 6.783781443281178 6.731588502537293 6.687946871473151 6.661415287668842 6.658452475489049 6.682884492993376 6.735867007737902 6.8160864813613875 6.919889649391951 7.04126012159977 7.1717918380547685 7.3007124066792235 7.415938734664068 7.508361514249179 7.578422728192373 7.6406266911484915 7.723878064351703 7.868550287352573 8.121282995247967 8.527186258299038 9.117938718165028 9.894722091134414 10.80945156677939 11.757097706829695 12.597699095022197 13.209765325786242 13.53540590166172 13.567267776926839 13.299090773416683 12.72115408269792 11.868696588750312 10.843491459385508 9.77586800237021 8.772410123867225 7.890352451875043 7.1413512509575785 6.509971701469247
6.781611453715527 6.82505968049426 6.855776907380759 6.869376880727815 6.8636977589914325 6.8393135998040355 6.7998567496654365 6.7517983593461395 6.703375806521734 6.662990950429405 6.637672158324477 6.632011475735034 6.6477546196337345 6.684023108117645 6.737955014071015 6.8055004977084375 6.882284188911345 6.9641230820079185 7.046015027735081 7.1209671941714126 7.18331933836006 7.235624312919647 7.292902436405443 7.382387180405822 7.5405455213990145 7.808329003284522 8.224063904408375 8.812575337146928 9.570019409837526 10.448324280821385 11.350621219294235 12.15115853568073 12.736893764366966 13.040205679782552 13.034757447924012 12.715117634649179 12.101961981131701 11.26305342814561 10.307387910793368 9.349416160426946 8.474556928949042 7.725839326186197 7.109901011885171 6.612357756530686
6.754201621444983 6.791709088122035 6.817063521111436 6.826418800457389 6.817996516795308 6.792545931407439 6.753641377037327 6.707424942673369 6.661506564878142 6.623357510457821 6.598778105048322 6.5908670184625135 6.599713993089685 6.622835835731622 6.656170219057836 6.695415543174346 6.737619376658595 6.781995682604837 6.827739454313109 6.8710355391300535 6.908050529282191 6.942280567948172 6.988395764114151 7.071212444177101 7.222464627783329 7.4763564888268155 7.863206810059566 8.400081838392003 9.078465559036687 9.852774237610639 10.638479064161151 11.328002338602063 11.820292483842323 12.045847960132514 11.974704090508864 11.615951057832623 11.01882811540241 10.267208685971346 9.459373011487578 8.682325961907418 7.994654132150511 7.422828152561957 6.9678225046268585 6.616614040918053
6.72431393625804 6.7549398531372775 6.773813507947988 6.777631745259479 6.764958562681491 6.736666634280683 6.6962992881594365 6.649828166778889 6.604507394045989 6.567212543009132 6.542867076019821 6.533410664824656 6.537578174884788 6.551541050426132 6.5702203704519055 6.589037068591247 6.605921060658149 6.622155451202907 6.639367891884366 6.655592292128652 6.668170109575219 6.681125006039268 6.708408566862567 6.772147770792633 6.899073634223307 7.116204999592983 7.445216911381117 7.8947717628178555 8.451280676001321 9.071429400544025 9.68269960581868 10.196563121470001 10.531089859875973 10.632565632588415 10.487829553851833 10.125638412896919 9.607639933417383 9.011058939078143 8.409474432664583 7.858940181225374 7.392393337392064 7.0211315989217065 6.740783155486819 6.539330286417249
6.694809273793902 6.717761852997825 6.728981606084727 6.725690267796014 6.70673312893576 6.673069979812257 6.628327593096454 6.578607425115194 6.531230901415151 6.4929326334992945 6.468159609985637 6.45797458845271 6.459894886991196 6.468750439390152 6.478325272521468 6.483420718946296 6.482026216876312 6.476102165852302 6.468316844649865 6.4578867832238736 6.443326508945313 6.429386769035833 6.429582692070289 6.463763456303026 6.554110276167122 6.7208133955009215 6.977116011830549 7.32336184784132 7.740759502913776 8.187655699936357 8.602668259004847 8.917277808915694 9.0749211720927 9.048538280172547 8.848424023068741 8.51698058908259 8.113585645135366 7.697374832521274 7.314954471905956 6.995325276466061 6.750379642061505 6.578499134523505 6.469671490454621 6.411234676588578
