_RESULTS/REVERSE_NEW/MHZ/GZ/6comp/MHZ_GZ_z_90_kriged_reverse_6comp_test3.asc
ncols 100
nrows 74
xllcorner 5.5967023332191781
yllcorner 50.982320383219182
cellsize 0.00019249356164376555
nodata_value 1.7014100000000001E+038
[rows 19 to 37 of 74, columns 0 to 43 of 100]
2.707829700295825 2.759488277226455 2.7963977845090264 2.813408890942956 2.808986444128956 2.786235841746116 2.7528622504103772 2.7198453586189557 2.6992462260158967 2.7019257867050905 2.735636335350853 2.80346922285107 2.902498122521401 3.02276157312309 3.147313095177721 3.254504422406802 3.323181720661931 3.339029875942602 3.297676828874551 3.2034040324410697 3.0670623752595905 2.90320889840614 2.724913172065977 2.5390928072277896 2.345435501591412 2.139100341750309 1.9158186931737722 1.6772232932508184 1.4336135999306414 1.2020665475906545 1.000626534815918 0.8423477833599783 0.7329602995526889 0.6727201260558252 0.6600816343968203 0.6945716183322156 0.7775559010254139 0.9106999459234835 1.0927108127059075 1.3160061712309832 1.565762290885504 1.8227871157612263 2.068778607591162 2.290429730855241
2.7279158389660068 2.7814384778546777 2.8189544242993168 2.835146278631309 2.82850611121205 2.802477303566857 2.7654774934931874 2.7294161849500895 2.7072579079930224 2.7105814943357367 2.747610623251574 2.821645706276024 2.9296910748987424 3.0614124545253842 3.199180804687173 3.3203831370653574 3.4026804066819745 3.4305371784733065 3.3986533451008127 3.3109076247440026 3.178363575968813 3.0164629491447346 2.83979283573548 2.657216601417336 2.4704099087846054 2.2759623557776325 2.069706919333728 1.8514453799340742 1.6279052583848395 1.4121975493264562 1.2199130514215863 1.0642949326353182 0.9534471076022351 0.8906477024320797 0.8765195979740018 0.9110503179229583 0.9941280195575423 1.124295171027803 1.2963986409140429 1.4997041691102144 1.7182643050883808 1.9341024899758867 2.131630566887634 2.3006222952781887
2.7577790857473383 2.8144738701256444 2.853347333413644 2.8686698161096986 2.85873925109302 2.8273077496579724 2.7837217729941433 2.741147084747918 2.713757746518149 2.7140755346414522 2.7509199525394337 2.827835334207367 2.9417355066000415 3.081883129015089 3.229983251730993 3.3625603356322453 3.4562338550038665 3.4943537746377213 3.4708322285915525 3.3894106885603668 3.261609295434128 3.103781549661975 2.931821144893931 2.756201023651163 2.580268817308666 2.401890838884087 2.2171275413196163 2.024364177860978 1.8272393723203508 1.6350238988502395 1.4602908292665298 1.315324317487968 1.2093693097222615 1.1478667749159543 1.1332372635007013 1.1659389758276892 1.2447372104086987 1.365887169382243 1.5218018553856236 1.7004076659184832 1.8862968719745368 2.0637084440443827 2.2199618817607734 2.347491779342992
2.7932691495801407 2.8538222327359386 2.8944091967200625 2.908652602359556 2.8944051513029976 2.8557089786393495 2.803025789582723 2.7509834398479445 2.715124974701197 2.709020033771753 2.7421308494784684 2.8182541810250425 2.9342310750914415 3.0790114521894547 3.233854804621376 3.374793103564148 3.477835685572738 3.525496811042829 3.510934759145627 3.4376618955808556 3.317451102171239 3.1671673183266 3.003458196782304 2.8378523537764386 2.6749681465047233 2.5138391310178356 2.351060146633902 2.184355303221863 2.0152753879567515 1.8500207676083993 1.6981712175669244 1.5701771179675812 1.4750148354136996 1.4189510070064142 1.4053928295832718 1.4351553546305655 1.506470703965175 1.6145225191146386 1.7508912395731502 1.903682673975292 2.058942083547825 2.2031878827874314 2.326041475603275 2.421712614586801
2.8279178571455295 2.8920290414688288 2.9339978982439505 2.9466028991111766 2.927091407239463 2.879856442007445 2.8165406632208176 2.7531897058309607 2.7066401174616233 2.691441289919293 2.717637553662616 2.7892355596085343 2.9030270763012367 3.0478253704023146 3.2048439203149335 3.350237608300151 3.4601134797226116 3.5166767448525453 3.512436814730317 3.4504094004167714 3.3420848926821614 3.2040686557683897 3.0528936783394665 2.9003782873170745 2.751894704244036 2.6074772961944968 2.464533794621405 2.32089800187647 2.1771732687940037 2.0376236221345656 1.909454472189226 1.8010624139544809 1.7202118860620668 1.6728173524617795 1.6624080930994996 1.68994692593311 1.7536431536785715 1.848650478825471 1.966892117126755 2.097473337799182 2.2280129000935727 2.3467370026598413 2.4446283622535163 2.5167459523311493
2.8546813544857548 2.920935957240927 2.9630882589014798 2.973023886084432 2.94750714141055 2.8914077364588633 2.8173615379025794 2.742471104108043 2.684531290489598 2.65882448132526 2.6758224182769115 2.739652584526443 2.8470537870698327 2.9868961668793363 3.1408422367729774 3.285935655918859 3.3992591504098355 3.463447596474308 3.470656776984718 3.423141934953447 3.331395713615272 3.210771170895161 3.07664666760607 2.940255444832081 2.807134331210011 2.6780757458027553 2.551462661332323 2.425854457401657 2.3019279824501186 2.18320377481715 2.075490922333723 1.9855461454056773 1.9196884756415604 1.88284776935632 1.8780617107778304 1.906186044320845 1.9656136529828183 2.0519754116253117 2.1580079034920394 2.273909408565162 2.3884386536730693 2.4906906693671784 2.5720531720894244 2.627644182501978
2.8679255161982757 2.9339141686003707 2.9742289487109907 2.9801394624687414 2.948368279235321 2.8842938694578 2.801069900104311 2.7162353845634017 2.647985151811525 2.6119431885748856 2.6187986615982037 2.6726846445330006 2.7702397454112444 2.900542359817724 3.046190869336162 3.1858985533037174 3.298616783720821 3.3682153623162923 3.3869439282461804 3.3561480977637976 3.28463456320463 3.1855392173286887 3.072103026367334 2.95414890302695 2.836799295634995 2.721314065549513 2.607091745841443 2.4938348164294 2.3830834473142426 2.278654249747445 2.186003250240156 2.1110137071836426 2.0588783055982094 2.033452368754091 2.0369934385902835 2.0699954986250786 2.1309229684053372 2.2158500535635435 2.318195577832247 2.428865501969396 2.5370909437397358 2.6319887236121966 2.7044697902942296 2.749033906429444
2.8650180783692565 2.927730858913906 2.9637923703633158 2.964480992778866 2.9269873299016855 2.8570347804366167 2.7676782741719865 2.6761482192021275 2.600344334274882 2.5557464832037584 2.5530042252471374 2.5961148993027474 2.681551028070451 2.7987254648282525 2.9315930835602573 3.061189840229741 3.169063857507176 3.240998857882101 3.269794901171412 3.255884202340749 3.2059299378860056 3.130173960754825 3.039017893452854 2.940250710004211 2.838097041149205 2.7339893136066986 2.6282868663567553 2.5220702791257352 2.418279920506961 2.3218048466611014 2.2386241165154694 2.174541287538678 2.134170828046315 2.12052160654742 2.1350228211724085 2.1775931159674173 2.2464784922545324 2.337846829777303 2.4453533697586236 2.5600407370802984 2.670923644865134 2.7662982734981107 2.835539361275015 2.8719759429310554
2.847108595730257 2.903621032888428 2.933348129432569 2.928295303707485 2.886440836412141 2.813590275620723 2.7221301489821883 2.628263072292974 2.548886328937403 2.49878822641727 2.4882206702681797 2.5208560098542554 2.5929989608661814 2.6946029778010505 2.8113400745737556 2.9269838018252905 3.0260835918747104 3.09673067397813 3.132608440674812 3.133351941200953 3.103358181701004 3.049737288575717 2.979763233825483 2.898867119391181 2.8100541675956934 2.714675031977427 2.6139353874030458 2.510375945289819 2.408630088365609 2.3151266160441692 2.2369394724096 2.1803812923798156 2.149990448696044 2.148245678020562 2.175830183089679 2.2319552154203706 2.314355482523659 2.4188861688035 2.538947526290665 2.6651499844679423 2.78554279259434 2.886219759310448 2.9530001028438124 2.9790274303109445
2.8188471906740364 2.8670934443099196 2.889381820534333 2.878976380282191 2.8347455875103447 2.7623487237302595 2.6730825262650275 2.581556639808045 2.503059039180298 2.4511026265711435 2.435058440154166 2.458062482241042 2.516405930100294 2.600941991441799 2.6993605463655426 2.7983000507357816 2.885333350359763 2.9509153367317955 2.989763876123367 3.0008970295091535 2.9866325713449853 2.9511475378768997 2.898722946263661 2.832432759646563 2.7539395966708993 2.6643367568711604 2.5655348122644646 2.4614865435976023 2.3585763500943147 2.2649196466342283 2.1889056037107486 2.1376420247251575 2.115909954832893 2.125929637083858 2.16777658655682 2.2399223940322024 2.339406222156888 2.4614793602754377 2.598919119347574 2.7413733844217516 2.874692120285625 2.979723324828868 3.0363950541791205 3.046096247460854
2.787005601050377 2.8262883302200263 2.841283719276689 2.8267686167893373 2.782469540481922 2.713739061018146 2.6305254593461957 2.545485014142439 2.47184666117529 2.4213130218630803 2.4019001337525396 2.4160812657478314 2.4604323462535347 2.5271230892687657 2.6060422688000204 2.686561813235199 2.7589978861027875 2.8159638075265176 2.853197234930628 2.8692804528032405 2.864844100692444 2.841652524716016 2.801460426058746 2.7452669685598288 2.6734664269100197 2.5868164377496865 2.487780532550496 2.381551194839622 2.2760912860114653 2.181047232708757 2.1060237943616813 2.058931423059625 2.0449242657634734 2.066157897387618 2.122255819828267 2.2109993525979657 2.3286716502284635 2.469786287522782 2.6262881322520646 2.7863043399946292 2.931683936766509 3.0353475292861942 3.0763032024552035 3.0791052995712667
2.7584725061747877 2.7895455858914966 2.798572049189085 2.781859179235054 2.7398744037586757 2.6775392807413327 2.6033155873213905 2.527717609818949 2.461641805326424 2.4146396539884525 2.393124408283151 2.3989530751769816 2.429296722617369 2.477926523118273 2.5369356600916078 2.598137275475889 2.6541743558582467 2.699493332657947 2.730715793069233 2.7461289726275453 2.7451672388526234 2.7278677209898845 2.6941122543688794 2.643296502342557 2.574775596212463 2.4889753121975535 2.388740135213616 2.2802001427115517 2.1725121628802815 2.076456325019914 2.0025304873609326 1.9592798984896544 1.9522473963270917 1.9836640918619617 2.0528548917553624 2.1569991834142286 2.2916381244598782 2.45052077464921 2.6246941807952515 2.8005648687108216 2.9563238811011185 3.0626788477826 3.1101029879563544 3.1371057676012426
2.7384318290641216 2.7632442882414074 2.7685376958266885 2.7519990796092175 2.7146506834625455 2.660857035558561 2.597517737945799 2.5329345484963786 2.4755808047829544 2.4327945887142497 2.409445789247152 2.4069696924585835 2.4233452661887 2.454024173931341 2.4931654381715007 2.534687994470715 2.573160553514216 2.604518478918713 2.626040633020221 2.6358345891282995 2.632654832053946 2.61550509268702 2.583082297413943 2.5337239214422467 2.4660536062735425 2.3802047361115175 2.279188448318094 2.169652100198015 2.061410532408954 1.9658470762911064 1.8939398396787814 1.8546460334621835 1.8538778993325302 1.894057814380974 1.9743464603869325 2.0914044676522465 2.240067962143644 2.413367282556131 2.6016592527944344 2.790706707457203 2.9596679888132957 3.0868943081824063 3.171578131245272 3.2346001904855335
2.7293380131252496 2.750608816428203 2.75497355346903 2.7412417040215065 2.710750343981198 2.667160963333353 2.6157590086034492 2.562644452880057 2.5139348213546118 2.4749197171696236 2.4491913082629253 2.438021660148609 2.440323701312184 2.453189339123331 2.4726582619857753 2.4944691298188064 2.514797290253565 2.5307016943235867 2.5398555723580096 2.540346684690867 2.5307118065279433 2.5094943248825214 2.474812511405069 2.424458171667835 2.3566241232095124 2.2711765491032305 2.17103394012554 2.062875295559245 1.956588723972284 1.8636260597331669 1.7950622359935946 1.7600639270502083 1.7648824910897805 1.8122212837260423 1.901183980194416 2.027978174186782 2.1867855558368383 2.370044965481853 2.567907993302181 2.767146599410235 2.951255688974266 3.1057312239409463 3.2253410247197625 3.3069382451400218
2.730867602052419 2.7516148884254408 2.7580516271762083 2.7498008173526136 2.7282471932787216 2.6961884073702946 2.6572525358111667 2.615398297153006 2.574549059367016 2.53821767077876 2.5090518605826837 2.4884298433669563 2.4763095260990178 2.471381986635329 2.4714255896514628 2.47380164659744 2.476001064489994 2.4757999668671706 2.4711107211505348 2.4602072470985274 2.4417134619039373 2.4141095778098887 2.375399620740587 2.323233958083603 2.255607739803431 2.172111357430374 2.0753025083955743 1.9714270654821544 1.8699224663918501 1.7818702157074133 1.7181503897572319 1.687960025362627 1.6977993941850729 1.750677168836146 1.8457407097602292 1.9788439664938064 2.1436095495542626 2.3320527921378074 2.5344997773942994 2.7392458413663605 2.9330522558066305 3.1030562392201264 3.237373372927739 3.323260707557526
2.740681565150313 2.7637671111729065 2.7750736403108776 2.7747270812693747 2.7639034932990736 2.7443857413969504 2.718112925516089 2.6869861088331946 2.6529270602954997 2.617959418718328 2.584111425443462 2.5531316691530583 2.5261588837659517 2.5034954792703656 2.48458730732073 2.4682498011731315 2.4529403485740047 2.436839087860735 2.4181229002728633 2.3953675965533345 2.367407394989357 2.3329018945383035 2.290044482591045 2.2366092814821834 2.1705450729738676 2.091145007176881 2.000391078746435 1.903737617765661 1.809782155647218 1.7289251658523606 1.6716400680548562 1.6469609628565134 1.6614258416964467 1.718249382773435 1.816737327693145 1.9526148750762011 2.1191511168119357 2.3081061435720467 2.5100660456962323 2.714413958547973 2.909320531300012 3.0817129165881965 3.2172700247076804 3.3021713163002904
2.755639179324216 2.783367767228709 2.8017260563641586 2.811070399254987 2.812163993818253 2.8056738034197863 2.7918570380854932 2.7706670896826178 2.742226856148693 2.7073435562760864 2.6677181624604875 2.625710869920827 2.583782360646941 2.543881664216125 2.5070457736520875 2.473302595278845 2.4417592375310853 2.4109112647212867 2.37924086444023 2.345585111642576 2.3090089100598377 2.268472134615673 2.2225098913918626 2.1691606456745722 2.106420604589227 2.0332919111340693 1.9510745266932379 1.864231266581293 1.780285772117267 1.7087453603729021 1.6594871919386758 1.6411510562521554 1.6599924029703284 1.7191668638411923 1.8181856926385151 1.952997587534484 2.1169300114868737 2.301780949082227 2.4984451307519646 2.696961776398517 2.8860704826499903 3.0526731268926577 3.1823675630302297 3.261991348351053
2.773024340367471 2.806853551699386 2.833472529346143 2.8532514446794233 2.866417480949718 2.8725163658390263 2.87022486898821 2.857734984917208 2.833616633702905 2.797731697567042 2.751702382626756 2.6986759233776723 2.6425047788727385 2.5867340798208387 2.533805456375895 2.484689920809404 2.4389962728999013 2.3955344480424703 2.3530167484959796 2.310440212352962 2.2670799094386607 2.222217703543255 2.174767385568628 2.1230879004189385 2.0652941851439803 2.0001604846254364 1.9283289972152395 1.8532373189652604 1.7812406116494695 1.7207991545738772 1.6809836835273275 1.6697755207376528 1.6927903542997704 1.7526823296085083 1.8488802481919346 1.9776784276949904 2.1329826918958026 2.3074026857809256 2.492971649513376 2.6808655616757235 2.860202379721367 3.0173875196392506 3.137654762716339 3.2082266722721906
2.7913793017656907 2.8318085542251907 2.8667409587865764 2.8963870034963755 2.920395569219018 2.937313164193544 2.9444959096393264 2.9387148201351825 2.917341454021718 2.8795934794863287 2.82720386569231 2.7641510024685663 2.6955750436559733 2.626389529326144 2.5601570145186927 2.498583629344157 2.4417080095916726 2.388583421425293 2.338032230210617 2.2891308324299717 2.2413176463588784 2.194150731943752 2.14689093061911 2.0982288680905707 2.0464682301795674 1.9902756477724277 1.9297734708398488 1.8674806095086145 1.8086049027262252 1.7604559384772678 1.7310784335574252 1.7275194194155863 1.7544033617162578 1.8132391544308168 1.902258835916026 2.0166856402428266 2.1499087538480963 2.296010243314438 2.4524989910231354 2.6189897498532724 2.789348339361939 2.945985946494123 3.0662674739515787 3.13324821172929
