_KRIGING/CROSS_VALIDATION_CLASSIC_CLR/MHZ/IZ/train_1/MHZ_IZ_1_train_z_710.asc
ncols 100
nrows 81
xllcorner 5.5967107548124995
yllcorner 50.982328804812504
cellsize 0.00017565037499993607
nodata_value 1.7014100000000001E+038
[rows 19 to 37 of 81, columns 42 to 83 of 100]
-3.5804389851808303 -3.988203767302323 -4.4485859349123373 -4.9479582158879207 -5.4707114948168449 -6.0001195557297811 -6.5191102641983711 -7.0109213966055837 -7.4596437209704707 -7.8506687178775643 -8.1710627345096327 -8.4098858902763016 -8.5584672026538708 -8.6106417795217141 -8.5629543851743737 -8.4148362156945655 -8.1687654307561068 -7.8304222650166739 -7.4088419180363241 -6.9165505885140934 -6.3696432743598717 -5.787731613952336 -5.1936646051631126 -4.6129143662110828 -4.0725319628152157 -3.5996199342984299 -3.2193382398346957 -2.952552174645287 -2.8133313395896362 -2.8066000582508868 -2.9263014365740823 -3.1544503477267281 -3.4614008485826133 -3.8075357246650738 -4.1464069439628286 -4.4291362005856394 -4.6096572146087569 -4.6501869347215044 -4.5261932269633105 -4.2301160870792369 -3.7732150891780631 -3.1851514154411222
-3.5929203470479769 -3.9824777101788764 -4.4145479307136872 -4.8774528129424919 -5.3578512669505018 -5.8415080141167248 -6.3139559210035223 -6.7610214011839798 -7.1692114311060262 -7.5259827429889423 -7.8199266637926961 -8.0409077540555209 -8.1801936366276813 -8.2306102431596884 -8.1867529279008124 -8.0452791340201131 -7.8053001499721528 -7.4688746495788365 -7.0415826614053749 -6.5331253856044924 -5.9578575459605529 -5.3351221309747725 -4.6892324630130418 -4.0489441178916818 -3.4462878630291223 -2.9146985389793589 -2.4864713255679129 -2.189696503378646 -2.0449501880404481 -2.0621300002240894 -2.2378974914419452 -2.5542013958467136 -2.9782917075632849 -3.4644891554723065 -3.9577569578678413 -4.3988564912709496 -4.7305945629257584 -4.9044354292427315 -4.8866046650221104 -4.6627942687678212 -4.2407091793038969 -3.6499676416611484
-3.5895375073991937 -3.962753287604992 -4.3692584564322825 -4.7993837480839225 -5.2421051479952112 -5.6857081736134116 -6.1183353571807499 -6.528376595506086 -6.9046956909666051 -7.2367158164554795 -7.5144085036082782 -7.7282443091963255 -7.8691695111920748 -7.9286733783262644 -7.8990052597952154 -7.7735890088593198 -7.5476619729512642 -7.2191348260987169 -6.7896263587366299 -6.2655765345280123 -5.6592880974491315 -4.9897017313682532 -4.2826842543363455 -3.570615232438346 -2.8911032243987886 -2.284751359943936 -1.7920182691801663 -1.4493714509504989 -1.2850854732692421 -1.3151711611256776 -1.5400066108502837 -1.9422516804654157 -2.4865475015255809 -3.1213270724966331 -3.7828039013784851 -4.4008924025557246 -4.9064915694121378 -5.2392877043396577 -5.3550588524428386 -5.2314383933781103 -4.8712409493251441 -4.3027624129807087
-3.5737354460561273 -3.9323421420660849 -4.3158512996190401 -4.71670356014255 -5.1262852951499047 -5.5354778040894761 -5.9350811980839744 -6.3160625196279607 -6.6696155897697391 -6.9870568109255897 -7.2596121588272142 -7.4781734528947954 -7.6331157952702853 -7.7142723711116385 -7.7111566808802401 -7.6135039859995715 -7.4121712476107584 -7.1003870374025801 -6.6752812456806874 -6.1395541705300705 -5.5030752547348625 -4.7841463208379142 -4.0101370878395395 -3.2172150921318976 -2.4489564026995425 -1.7537389631760076 -1.1809792461280932 -0.77645807299026615 -0.5771677871345573 -0.60627008947617744 -0.86885029890695442 -1.3491621404964893 -2.0099594419320366 -2.7943039706038024 -3.6299370156014157 -4.4359406743565968 -5.1310447824694272 -5.6426193676012382 -5.9151931210775199 -5.917305980437078 -5.6456637940749204 -5.1259061900702303
-3.5487427928546218 -3.8938447953451596 -4.2562235145395739 -4.6305710736253483 -5.0108246960715324 -5.3905880443831329 -5.7634197586922387 -6.1229290685717537 -6.4626602331220848 -6.7757913602080233 -7.0547131824098948 -7.2905856208552393 -7.4729917042972858 -7.5898173341054429 -7.6274789960871647 -7.5715970825551349 -7.4081678208682451 -7.1252217157577835 -6.714874300863551 -6.1755839714159961 -5.5143446222302268 -4.7484741005230298 -3.906630329335282 -3.0287100249946097 -2.1643687521985613 -1.370045129849105 -0.70456519212060398 -0.22362359522993414 0.026343645171747809 0.014200052562643339 -0.27073867011073416 -0.81524646778224996 -1.5811127644767873 -2.5069025363938993 -3.5126574810488624 -4.507237220886906 -5.3975846955051967 -6.0988468163760672 -6.5440583829497854 -6.6920585717876442 -6.5324820336652802 -6.0870406088006748
-3.5170688379794868 -3.8486724638629437 -4.1906102361586521 -4.5399994246586184 -4.8935095615065958 -5.2476413419271308 -5.5988650998984628 -5.9435503726690211 -6.2776635141800083 -6.5962607112254457 -6.8928523716126522 -7.1587562141733514 -7.3825859892824983 -7.5500364561939524 -7.6441188911420443 -7.6459711303301034 -7.5363094817298997 -7.2975073471899847 -6.9161824057008756 -6.3860617754319389 -5.7107891665634538 -4.9062596477717832 -4.0020364822149315 -3.041436861130566 -2.0799776672864527 -1.1820460496077487 -0.4158876614499345 0.15273863944211818 0.46764242260025091 0.48922137303808544 0.20050558683318043 -0.38868512153974644 -1.2402459059478184 -2.2894580171663792 -3.4499487266576758 -4.6216131758597783 -5.7007178173984929 -6.5910209761021115 -7.2145037201874604 -7.5202608822251147 -7.4902856888013396 -7.141280700698533
-3.480136798752417 -3.7967596228860092 -4.117398054896845 -4.4417849455744429 -4.7695302276367446 -5.1002414399553375 -5.4334947562495834 -5.7685819466468384 -6.1040073313152732 -6.4367651315736998 -6.7614840579160713 -7.0695757056951862 -7.3485602260319887 -7.5817609002763007 -7.7485528800763213 -7.8253154000572511 -7.7871683458157204 -7.6104744312267023 -7.2759646279674612 -6.7722109426138495 -6.0990473024191623 -5.2704498973483718 -4.3163560172565596 -3.2829430446802195 -2.2310147591168938 -1.2323453907671276 -0.36409381261645679 0.2983108128268217 0.68913525205064774 0.76026576335790663 0.48807517512684306 -0.12176958059717125 -1.032405544028244 -2.1773241249731363 -3.4655052681945238 -4.7897843273189515 -6.037617681800044 -7.1030066380632384 -7.8980838519358993 -8.362820804749914 -8.4715068135037193 -8.2350671865947298
-3.4380980746449548 -3.7365140993789003 -4.0332230270234275 -4.3307601911127485 -4.6318897828798686 -4.9395502482754576 -5.2566384003659063 -5.5855548603136853 -5.9274848894468022 -6.2814501470659874 -6.6432300337668 -7.0043081533666181 -7.3510424933644671 -7.6642796867819829 -7.9196268495588438 -8.0885527714986605 -8.1404103887234776 -8.0453564048167578 -7.7780007515094916 -7.3214653049467495 -6.671391688778086 -5.8393394138903414 -4.854983953447551 -3.7665785847665765 -2.639290952810089 -1.5512572440346362 -0.58748995149956595 0.16790739255855414 0.64046868405545299 0.77405878252733151 0.53843604818293489 -0.065389188235114748 -1.0028959631243595 -2.2074655471012026 -3.5855972110929373 -5.0255535359003272 -6.4085618576590271 -7.6212808923182926 -8.5679813385343433 -9.1808441228845492 -9.4269770922145071 -9.3111769741727457
-3.3898640920027683 -3.6650381382750878 -3.9333827020918339 -4.2003958925123275 -4.4721906044174897 -4.7552478713494359 -5.055993366840859 -5.3801211001584495 -5.7316422707522987 -6.111702836503401 -6.5172816725999247 -6.9399434685136168 -7.3648680193858134 -7.7704014790767495 -8.1283668059952046 -8.4053228344602928 -8.5648705429904659 -8.5709737809543167 -8.3921009003196012 -8.005823312574412 -7.4033541829538088 -6.5934058703950429 -5.6047165018429874 -4.4866636950439389 -3.30755232177922 -2.1504217096474374 -1.1065373738202018 -0.2670714472378628 0.28621472886078925 0.4902420568665824 0.30868576247402757 -0.26226629036986848 -1.1913864492288995 -2.413685739725715 -3.8356174132014171 -5.3438119075631167 -6.8164473422324283 -8.1359445839444273 -9.2014202042934325 -9.9392894998666996 -10.31061048490977 -10.314184395907244
-3.3333768837458968 -3.5786318619165876 -3.8125648202274336 -4.0437467402476539 -4.2817871686927891 -4.5368792049175415 -4.8191476245787666 -5.1377307449370697 -5.4995826774508298 -5.9080511340757909 -6.3613576195837975 -6.8511722640704562 -7.3615251896356932 -7.8683203350127586 -8.3397064356865727 -8.7375054300102697 -9.0197972088947278 -9.1446147444467822 -9.0745279844140132 -8.7817110750077969 -8.2529257907037241 -7.4937478094501806 -6.5313413721943867 -5.4151710319019148 -4.2152296248399761 -3.0176435320207102 -1.9178563618162325 -1.0119440751203808 -0.3869263078038303 -0.11116076003089681 -0.22600067654427525 -0.73983624964987849 -1.6254253536716035 -2.8210642534641175 -4.2356916965083578 -5.7575142380756379 -7.2652533108575774 -8.6407170789238634 -9.7811594111922844 -10.609854901604683 -11.083515324332504 -11.195585118633437
-3.2661147386591667 -3.4735582620701071 -3.6658571476176629 -3.8546930781835389 -4.0532470082128773 -4.2755209785053836 -4.5354384981221401 -4.845666465606195 -5.2161593842814575 -5.6524967077595818 -6.1541569867821977 -6.7129383795681026 -7.3117840520634552 -7.9242926363312751 -8.5151780111268867 -9.0418809114079419 -9.4574236854032527 -9.7144432126200666 -9.7701501130916526 -9.5917699467096629 -9.161857020353267 -8.4827689645508588 -7.5795806835479986 -6.5008173917394618 -5.3165978930393463 -4.1140805671828069 -2.9904573431995685 -2.0440951306642101 -1.3647263244177328 -1.0237922974451039 -1.0661115212038932 -1.5039602631752942 -2.3144216455192828 -3.4405003388044828 -4.7960543368636319 -6.2741145632456119 -7.7577087752103058 -9.131942360251708 -10.295873895947382 -11.172701609082424 -11.716967140392507 -11.917871633522481
-3.1857960519514648 -3.3470081547901902 -3.4899557053295274 -3.6293776565727747 -3.7820035695993943 -3.9656400909336518 -4.1980074571034498 -4.4952875406917752 -4.8704040098842132 -5.3311252691218787 -5.8781524217826586 -6.5034178635801947 -7.1888652713047332 -7.9059982098102557 -8.6164620207979574 -9.2738538394210206 -9.8268353979480114 -10.223458103860166 -10.416415973116386 -10.368746498291179 -10.059337304093336 -9.4875038544171346 -8.675910301362256 -7.6712271007894426 -6.5421506443504995 -5.3747261345488422 -4.2652719964753549 -3.3115491296700412 -2.6030979562591634 -2.211836471987366 -2.1840455212939571 -2.5347550188340588 -3.2452978862681685 -4.2644446843211998 -5.5131115167810325 -6.8921954797297804 -8.2926889368001504 -9.6069095387245049 -10.739505024287787 -11.616885722378793 -12.193918105423725 -12.457067169918892
-3.0912071840212039 -3.1981598893578074 -3.2844389721229299 -3.3676810554573469 -3.4680233751711715 -3.6069467930150747 -3.8058377137952148 -4.0842550769860839 -4.4579482945670925 -4.9367404004632611 -5.5224584022062366 -6.2071505551505837 -6.9718684230947066 -7.7863000630381727 -8.609509552710179 -9.3919596280402509 -10.078866084918108 -10.614761416584042 -10.948948768582532 -11.041334575001436 -10.867975364838689 -10.425597722406241 -9.7343784280197152 -8.8384160965853305 -7.8035763552863635 -6.7127182671151751 -5.6586623027899936 -4.7355844237211269 -4.0297651737699391 -3.6107488724050198 -3.5239573166672939 -3.7856570065052932 -4.3809191431693169 -5.2648707476033749 -6.3671536200696535 -7.599128498117274 -8.8630271687522502 -10.062005283264032 -11.109917733683956 -11.939651764883315 -12.509020533639463 -12.80353078683706
-2.9830455818816777 -3.0291903833161231 -3.0529332899719375 -3.074532468194509 -3.1172579649574894 -3.2059888671342507 -3.3654979004153578 -3.6184398115721153 -3.983119330825506 -4.4711793275695904 -5.0854110386423734 -5.8179373488027304 -6.6490482918962073 -7.54696599517791 -8.4687751193044978 -9.3626675810642297 -10.171515683624742 -10.837613593892597 -11.308232737675372 -11.541452360776264 -11.511589063805872 -11.213494384789669 -10.665043054839714 -9.9073035079162821 -9.002150781884481 -8.0274124872821311 -7.0699784831408197 -6.2175977634343944 -5.5502834083980179 -5.1323177698200446 -5.0057876287897169 -5.1863971352477662 -5.6620354800534018 -6.3942553566041074 -7.3224870225991037 -8.3705066682207878 -9.454426348671209 -10.491299915523884 -11.407364347117596 -12.144972196112819 -12.6674233884054 -12.961164833479707
-2.8646456704838301 -2.8460707368527998 -2.8039707255780195 -2.7608269692255125 -2.7426231323404187 -2.7772018606750781 -2.8922801492327754 -3.1131742469282719 -3.4603428622421766 -3.9469166539632679 -4.5764343168237707 -5.3410434662683475 -6.2204404744575612 -7.1818094111252506 -8.1809683454291999 -9.164835676424941 -10.075189705124055 -10.853520463316098 -11.446584503486982 -11.812102161823534 -11.923919710817017 -11.775930272056122 -11.384129586569008 -10.78637754206267 -10.039721372844367 -9.2154676869764316 -8.3925110309053874 -7.6496795018642354 -7.0579988848747206 -6.6737845510402396 -6.5333497230776914 -6.6498972534402592 -7.0128812859319636 -7.5898296502878591 -8.3303457954087232 -9.1717871616334214 -10.045959934539304 -10.886084448126825 -11.633273416539518 -12.241827734500561 -12.682791168342543 -12.945410065540225
-2.7424493561704866 -2.6589796659930611 -2.5513448269457362 -2.4437275565422518 -2.3642570993250795 -2.3431406717067738 -2.4104314773803059 -2.5935210114319425 -2.914498076110799 -3.3875684097866321 -4.0167700355299996 -4.794244278008307 -5.6993249010874436 -6.6986814105846415 -7.7476905103762537 -8.7931072456030588 -9.7769653353003037 -10.641464768014195 -11.334425595968979 -11.814731984398556 -12.057096773636074 -12.055476834870372 -11.824581849001136 -11.399139944694374 -10.830883707819488 -10.183548948072261 -9.5264751673590276 -8.9276037202100049 -8.4467481388559591 -8.129949658915514 -8.005547866657917 -8.0823332246741622 -8.3498579311641858 -8.7807144041567042 -9.3343830226560378 -9.9621196602327373 -10.612298123186577 -11.235630523310846 -11.789744423412312 -12.242687251127169 -12.575049637869203 -12.780547029195874
-2.626100090614981 -2.4821964466401103 -2.3138080244632193 -2.1461771875250499 -2.0088638002124992 -1.9336790498197454 -1.9522446442088777 -2.0933019080795341 -2.3799444540413441 -2.8269896006980177 -3.438732088221196 -4.2073346333357478 -5.1120992290631726 -6.1198256614091253 -7.1863937348386671 -8.2595990840360507 -9.2831305821688268 -10.201411075911036 -10.964854953500792 -11.53495846720179 -11.888568473661126 -12.020703481510731 -11.94544254894925 -11.694643259240964 -11.314563790780163 -10.86078907466421 -10.392131886709009 -9.9643391510918917 -9.624447786396555 -9.4065018957271249 -9.3290958414876428 -9.3949016565774137 -9.592038819189467 -9.8969057629560009 -10.277950146610497 -10.699816253546517 -11.127356186011939 -11.529095543541342 -11.879870578554147 -12.162477011350527 -12.36827847657872 -12.496814622767801
-2.528080077271651 -2.3333922668272029 -2.1140270138531574 -1.8955329989446605 -1.708047951447512 -1.5840768820312179 -1.5559000844516642 -1.6527690437333633 -1.898089037667972 -2.306816434560643 -2.8833131788544049 -3.6198986362096921 -4.4963173837312489 -5.4802966080733331 -6.5292931322185011 -7.5934235052077392 -8.6194321892232537 -9.55539353300823 -10.355685867222778 -10.985653972277763 -11.425326352150268 -11.67160647274628 -11.738524573809975 -11.655404631277452 -11.463127347794204 -11.208991479448265 -10.940922669311938 -10.701893365158233 -10.525369828594206 -10.432400936018254 -10.430653295563843 -10.515347977326993 -10.67174189626636 -10.878583799896944 -11.11189414310412 -11.348468294594205 -11.568651641583962 -11.75813375434516 -11.908705771004099 -12.018081897266494 -12.088983909156582 -12.127728557926597
-2.4628706282607045 -2.2323195380642158 -1.9768127178947577 -1.7213542132834334 -1.4956864121332427 -1.3319709183783055 -1.2621236678173782 -1.3149893173771248 -1.513568472737242 -1.8725259636534002 -2.3962087080721073 -3.0773881889497594 -3.8969144043033026 -4.8244217277289501 -5.8201563554834808 -6.8378942680532244 -7.8287875524553812 -8.7458255245059568 -9.5484484376558001 -10.206739969186046 -10.704588391253766 -11.041276123720634 -11.231144160786096 -11.301263979516921 -11.287387414755639 -11.228765369239294 -11.162654577294047 -11.119408412264335 -11.118946362963261 -11.169133409068298 -11.26623160667136 -11.397194588502265 -11.543248696979184 -11.684010870043732 -11.801366229464744 -11.882458508430354 -11.921388599483787 -11.919504254198507 -11.884429590086196 -11.828174953353233 -11.764760864221238 -11.707787200439792
