_RESULTS/CROSS_VALIDATION_POSTPROCESSED_80-20/MHZ/TZ/6comp/5/MHZ_TZ_z_0_kriged_reverse_6comp_spherical_5.asc
ncols 100
nrows 81
xllcorner 5.5967107548124995
yllcorner 50.982328804812504
cellsize 0.00017565037499993607
nodata_value 1.7014100000000001E+038
[rows 57 to 75 of 81, columns 0 to 41 of 100]
0.09211826682688765 0.09293308200080033 0.09287468643005252 0.09190575877956712 0.0897232835763155 0.08611067124489132 0.08142895779614331 0.07606012008393943 0.07054975967798738 0.0653893230352993 0.06069086412315462 0.0565227983723333 0.05293066088995071 0.04995103262165745 0.047621424703431434 0.045987272006996906 0.04510717274375587 0.044890067621615085 0.04496834918461927 0.045371153796016236 0.04600256742956422 0.046776546423719374 0.0476528404625758 0.048612568072469844 0.04971247845298746 0.051478671797650304 0.05325759186943587 0.054668021205384824 0.05569282009550131 0.05634234343296776 0.05663867507535077 0.056881929838378656 0.057538446973338 0.05850819000836882 0.05969941965753133 0.061411890446015825 0.06367863953740714 0.06648503559231277 0.07000040782196096 0.07551243107923693 0.08362965266821407 0.09467382989063712
0.08423894275254984 0.08450669744927268 0.08410489206461308 0.0830827115046837 0.08142233565106068 0.07873544731698905 0.07514557138113073 0.07094412893832686 0.06656734080075269 0.062471391889213135 0.05876027569425542 0.055501603827135385 0.05274631153567794 0.050540131873929854 0.04893236973639515 0.04798272198821051 0.04773757152840562 0.04792928035693916 0.048444308262500714 0.04908792004750981 0.04984198679297841 0.05069027670922785 0.051631990830043065 0.052694007136795576 0.05397032421031178 0.055533489811340916 0.05710606720183437 0.05839043058885025 0.059277344512356084 0.05973742839969979 0.05976773091490803 0.059858202549515474 0.060366854122133176 0.061156190522105115 0.06236961075101073 0.06419393873373197 0.06661259303280603 0.06964009468487393 0.07332242317619407 0.07867391292812108 0.08670572173879858 0.0978202282338744
0.07764267293851516 0.07784025303842065 0.07740705370432227 0.07637942163911882 0.07489663862602607 0.0729314700367934 0.07023145775195604 0.0669979900534248 0.06356220372184275 0.060363610080932266 0.057506004550231325 0.05505505293696345 0.05306546781811575 0.051590811591508356 0.050691650174595156 0.0504424796074408 0.05065149730161936 0.051068665925658 0.05172846791931788 0.052580038505230506 0.05349836863000983 0.054475174484553836 0.05553295239669788 0.056700633301355434 0.05801071864744997 0.0594261019635411 0.060772277482442835 0.061843705421509056 0.06251009416776045 0.0627094093969903 0.06251645741097456 0.06252061274635487 0.06280119696892635 0.06345083024385678 0.06473599514561763 0.06665636024158016 0.0692264350366176 0.07249840641659817 0.0765523828186486 0.08181528008569737 0.08975352557146135 0.10087593455942437
0.07208109922648243 0.07223081330226007 0.07190242291331647 0.07112134662939378 0.06994617554474623 0.06846028780953674 0.0665492201309981 0.06414260850884884 0.0615031595327073 0.059066973313770435 0.056955090381711926 0.05523124032089416 0.05394247826805507 0.05313121050739785 0.052844167277546296 0.05302345892254838 0.05338514476634227 0.053939748900299386 0.0547075945383619 0.05568004618421681 0.05678414312503368 0.057913705439759135 0.059088169986771015 0.060320165321505304 0.06160141032525442 0.06286726126550682 0.06398403857014241 0.06479570502931074 0.0651785707103811 0.06505654825523698 0.06467954015774403 0.06456436731610642 0.0646629007891597 0.06531457363512722 0.06663076851765035 0.06861309441486013 0.07131464291214715 0.07483659715495526 0.07930983827840157 0.08487663692397159 0.09271598263170458 0.1038731323777913
0.06746116123170952 0.06757365139429343 0.0673268557996225 0.06673909082968023 0.0658529926449178 0.06473030982700384 0.06344402016066619 0.06186734280205318 0.06000627815024426 0.058257971444041226 0.05679485355372415 0.05568041093982359 0.05496800888539373 0.05470884015900201 0.054893855370583805 0.05525338425323873 0.05575589798669685 0.05643549127362147 0.057296014471242634 0.058326527755126575 0.05950548696772169 0.06077917794615396 0.062049312925135575 0.0633062498780253 0.06452038381188104 0.06562062219558265 0.06649482068165125 0.06701526382304221 0.06707060211283732 0.06658481824440611 0.06602398206060431 0.06573016099162034 0.06590072572748633 0.0666013144256034 0.067894662097865 0.0698853637679771 0.07267432404414956 0.07642853585799972 0.08134342982138901 0.0875996816957096 0.09555314501185351 0.10673463997519914
0.0637044623185808 0.06378743314422357 0.06360540158077821 0.0631719266678054 0.06251883658445935 0.06169293276008954 0.06075163288005027 0.05975830756881343 0.05862800131260431 0.05750055072088212 0.056632769788353944 0.05609102256202186 0.055934013066418244 0.05616318985480858 0.056545670876600625 0.057044789854727364 0.05767281219238488 0.05845474714810786 0.05938519737281432 0.06044997916440519 0.0616256780566703 0.06288736282028 0.06419993326100523 0.06544650966942923 0.06656283673519348 0.0674776997938091 0.06809303894800878 0.06830029070729499 0.06800171223589105 0.06715390567027105 0.06637952361153071 0.06611060532810832 0.06635900039846118 0.06711235082661268 0.06840143863647732 0.07033386607428324 0.0731357464247138 0.07707807204361011 0.08243970954766416 0.08942655478496943 0.09821239312511176 0.1093260607518954
0.06074866648222502 0.060807727980449464 0.060678192889526 0.06037038824810713 0.05990873892027313 0.05932965782363324 0.05867871149834719 0.05800662714199042 0.05735465835521271 0.05680431497034552 0.05649816684609934 0.056493403458611695 0.05678389900406969 0.05719429927644785 0.05770983804521209 0.058322655447865746 0.05905235829660059 0.05990828998993163 0.06088000511172636 0.06194941570724755 0.06308938060691371 0.06426616293520715 0.06544415035114166 0.06657227783549344 0.06756048199605051 0.06827219851044417 0.06861651521032833 0.06850035177334302 0.06784054041537352 0.06669869432654703 0.06594505498881761 0.06572476469683407 0.0659948842942216 0.06674853327083335 0.06801529467210167 0.06988705760216402 0.07260303547858175 0.07666121227549225 0.08248790965634813 0.09019832312826359 0.0999962069828449 0.11180018252946664
0.058548712695013466 0.058587931954657384 0.0585019941002683 0.058195108953097804 0.057294083368796205 0.05606950426056478 0.05482420237722069 0.05379027125042902 0.05312942292896961 0.05294424878329692 0.05343780387995244 0.05443391856199052 0.05571144561136204 0.05707741924488277 0.058256630093119335 0.0590297148614749 0.059828837515400225 0.060726146830979925 0.06170658033046149 0.06274798456539347 0.06381858569926659 0.06487515481401288 0.0658760965049341 0.06676602339270528 0.06747267704538927 0.06790791253843144 0.06797001283969273 0.06753979809359553 0.06668143027081896 0.0655432875539567 0.06481546404293005 0.06459251743051891 0.06484732683194916 0.06558223907513727 0.06681466499504787 0.06859084552946769 0.07108156044961708 0.07517981202775079 0.08165411137846891 0.09014613965502999 0.10085513232908892 0.11340442382174001
0.05707820988370724 0.05674241261051663 0.05531101855673697 0.05321105803260737 0.05087565441147136 0.04865450286055731 0.04680521891601887 0.04550444563941733 0.04486659970993067 0.04489426265916304 0.045590653673542356 0.047063253973532435 0.04922708590169892 0.05187208386904212 0.05473388974055928 0.05747315243468381 0.05966288538728172 0.06086379849600221 0.06181888873607684 0.06279936600869837 0.06376924290341038 0.06467649290494806 0.06547556465667255 0.06610994630044453 0.06650990089825787 0.06659835883942546 0.06637953079016655 0.06584379562660649 0.06496471623548541 0.063819407551265 0.06306504427364122 0.06279957830777178 0.06303014287851064 0.06378185667272979 0.06506381260965878 0.0669026042066361 0.06939124994404958 0.07365523225417732 0.08074146572358287 0.08975785673428024 0.10070661530520944 0.11332217383329593
0.05469485255889965 0.05196242365873419 0.04856867650422439 0.045024498045813564 0.041717388562378145 0.03890989885745784 0.036746527003841 0.03528881007361109 0.03457053487204896 0.03460339934897056 0.03538695220008304 0.036985694112433215 0.039440946065688536 0.042682330097272625 0.04656439811174743 0.050830228774111856 0.05508492268743167 0.05874903709200207 0.061122475452940084 0.062092159195917644 0.06293481630061591 0.06367184755984419 0.06426296542794274 0.06468626833565513 0.06490831601254941 0.06489268609742431 0.06460319131554093 0.0640080208008618 0.0630854024306068 0.061892030392559694 0.061046263398710235 0.060687826652351555 0.06091846969394019 0.06179754058893164 0.06328782464440989 0.06545160247136768 0.06855228897035365 0.0732601596726667 0.080116514529738 0.08902302595165335 0.0994855972078946 0.11145927870110107
0.04919459186818295 0.044544876504732975 0.03982284357378616 0.035460455897825385 0.0317158396036769 0.02871254642739253 0.026487475729492303 0.025033246766326844 0.024329325753255974 0.02436135567139716 0.025130052088094268 0.026654885849228625 0.029029160343712713 0.03229778611102892 0.03643939634178932 0.04134513950589721 0.046768480462428444 0.052247080433540725 0.0570883258474005 0.060418543432129844 0.06159707219341232 0.0622359069031831 0.06274171100045203 0.0630839612366189 0.06323023842551528 0.06314755179003084 0.06280471546317531 0.062175780142708435 0.061244279962738374 0.060036134392889025 0.059100283442126186 0.05859383054065889 0.05887694810501875 0.059991488829388616 0.06173525403756284 0.06423651356939282 0.06776064302797924 0.07271064437658584 0.07943753517772548 0.08768724565741813 0.09725280004429032 0.10804673713005325
0.04145467628490516 0.03570247744749068 0.030441954700300294 0.02595023255264833 0.02232653306533894 0.01955950702857099 0.017585350576595306 0.016329233018009055 0.01573082559516654 0.015757918378324756 0.01641201794460159 0.01772810756290235 0.01977452389845434 0.022678818877076366 0.026532049216748177 0.03136825563416159 0.03711470493760839 0.04349688012149324 0.04996908021433972 0.05569032340856589 0.05960196267465334 0.06082979737857759 0.06124880825693884 0.06151297294279083 0.061592710908920635 0.06145947252582816 0.061088082078575474 0.06045991228075542 0.059566791800020086 0.05841883809405497 0.0574716089757565 0.05703414561157417 0.057383219622249695 0.05857899444729035 0.06048447491923818 0.06320375580795508 0.06694542493557326 0.07198142013996776 0.07827694286665353 0.0856915864759792 0.0941580988540489 0.10351751109402847
0.03297151762274755 0.02694484169693965 0.021849535671521078 0.017773184672140136 0.01465972658967014 0.012387644594366655 0.01082379836074682 0.009854381066316103 0.009399767701737413 0.009420248049850456 0.00991764331744686 0.010935249126306959 0.012555994103877654 0.014900037647045066 0.018136341448177794 0.022411579535822547 0.02780920349236279 0.03425990432491405 0.041437600902422156 0.04866965279477275 0.05492464783370648 0.058928479123727125 0.0598600426123328 0.06005454956356589 0.060082116295519995 0.059919427694230226 0.05954811958916883 0.058958026835460614 0.0581515151875587 0.0571499587081289 0.056260704380590165 0.055973706805285614 0.05639428911605565 0.057583272802122824 0.05954678302538813 0.0623582386053833 0.06616417752163345 0.07093029279211573 0.07658296963182505 0.08310934229740219 0.09041710313542452 0.09831024696346977
0.024995338059031487 0.0193339911881689 0.014862888675023635 0.01149393736824237 0.00905241354761861 0.0073488676754625195 0.00621828186232673 0.005536064100026083 0.0052213498857959385 0.005235453852617388 0.005580127762416316 0.006297653341061032 0.007472681466568223 0.009233585826150149 0.011749277923398724 0.015231930078191779 0.01988214750553439 0.02580755840327847 0.03291376179757281 0.04077105904390775 0.048518147307476785 0.054880613717918025 0.0583906723678783 0.058783347850411435 0.05877573655937296 0.058605883142976885 0.0582622355549511 0.05774268758385139 0.0570587948316502 0.05624153806145387 0.05545094884514482 0.05524037223546523 0.05571466777087977 0.05691723438858751 0.05889053617723066 0.06169496355631387 0.06524140660555422 0.06949704146111729 0.07446224469473486 0.08009140182702172 0.08627071281598811 0.09279506882920997
0.018252375169147853 0.013329684449286377 0.009681401406229235 0.007087942113646231 0.005304949902083332 0.004117140128033958 0.0033585234054080097 0.0029137885360225285 0.0027122533090904177 0.0027212337663787152 0.0029421940925525294 0.003410929999490009 0.004201734242995658 0.005434150545528387 0.007278708209945247 0.009954546426633773 0.01371638119263853 0.01880546003078143 0.02532728064228794 0.03310833554888767 0.0415388618520873 0.04949343923590719 0.055420177118585275 0.05776196335087484 0.057737495687620745 0.057580780295422115 0.05728744956479664 0.05686162932261274 0.05632051219521523 0.055697899318197804 0.05505739676755787 0.05486647582226955 0.05535578153227667 0.05655187554510902 0.05845185529947611 0.060962610177412946 0.06407510545517958 0.06778028642189074 0.0720483119657146 0.07681116996454698 0.0819454191648068 0.08725616164687106
0.012987243561538362 0.00893411856859145 0.0061092722818523815 0.00421470198209405 0.0029809895465159 0.0021983252463766262 0.0017187925639764266 0.0014464762213475901 0.00132550818645879 0.001330864058596359 0.001463653400094825 0.0017513366648357722 0.0022528548769241968 0.0030681727052162817 0.004350305301083258 0.00631464548022993 0.009236069412790971 0.0134158205652584 0.019105301276937922 0.026362912282992878 0.03485153644519126 0.04368144813117526 0.051386393097398564 0.056193285923640895 0.05701582109903594 0.05688848831045214 0.05666144535185229 0.05634274337551978 0.05595179494988244 0.055520967012592175 0.055095462050179456 0.05489192058279434 0.05533293411549272 0.05636328655427176 0.057954254618156203 0.060086917972414125 0.06274107476475857 0.06588779156672349 0.06947889554825397 0.07343499667468505 0.07763387021734358 0.08190131604389728
0.009118442604755646 0.00589801383196274 0.003784656153047492 0.0024482493085228258 0.0016258217941942945 0.001130717147319817 0.0008409266665474777 0.0006821592400027485 0.0006132246646461718 0.0006162541643903084 0.0006920316942315467 0.0008602045892478167 0.00116438898367993 0.0016823998454569967 0.0025412212557529754 0.003933876505446136 0.0061303228237867425 0.009466941554909564 0.014288481236180943 0.020820652787035456 0.028971890805667765 0.03812355129563548 0.046999213183954044 0.05377664870844321 0.05662200913571919 0.056556435984786976 0.056404842984875775 0.05619825006224565 0.05595589431323447 0.055704605988517446 0.05545184665548997 0.055225207304475575 0.05540965398647731 0.05614555730810927 0.05739841082041952 0.059137060083314825 0.06132827629308295 0.06393024668461292 0.06688487626407948 0.07010969256239614 0.07349071900009775 0.07687821242113618
0.006404767026156334 0.003892048756241768 0.002337412170789156 0.0014109815952821135 0.0008734629112825814 0.0005676406528509577 0.0003975237326798733 0.0003080794107198794 0.00027027165097799074 0.0002719186007272234 0.0003135487147201211 0.00040858468043980636 0.0005878891104387948 0.0009093881496938608 0.0014735533335065857 0.0024439962230734997 0.004067942972609035 0.006683531133511608 0.010688453556213026 0.016438325049598586 0.02405570531693946 0.03317716729552611 0.042745719076518245 0.05101444866319413 0.05592573562806524 0.05655651990149254 0.05646826386493356 0.05633954794243564 0.05617810325562701 0.05599482286003678 0.055803034053838324 0.055617003629989316 0.055544818032475254 0.05595901539326571 0.05685641873748685 0.05819486696324632 0.05993110081363727 0.06201514212625161 0.06438451690229188 0.06695884127885206 0.06963574817239002 0.07228952104394436
0.004567883813417414 0.002609913016574206 0.0014652136735388514 0.0008221346952772236 0.00047097009322950823 0.0002828977616716157 0.0001840582386024944 0.00013451449062050225 0.00011423486772071054 0.00011510881068161642 0.00013748385977442745 0.0001903171411171107 0.0002949845527439274 0.0004937282057774928 0.0008642691900021172 0.001541433379610589 0.002743186652372689 0.00479066907301989 0.008099485195502553 0.01310576740161319 0.020094450537979168 0.028933903336538547 0.03880311969161923 0.04809136404677325 0.05465172097130292 0.05658633537238021 0.05654058769307724 0.05645963200759859 0.05634964800238732 0.05621904036760819 0.056077845681011554 0.055936705223557204 0.05580559987964142 0.05587822432467415 0.056408059550811844 0.0573466456118521 0.05864309054128884 0.060242407971440745 0.06208110120315024 0.06408351792124203 0.06615963690834212 0.06820515894944817
