_RESULTS/CROSS_VALIDATION_POSTPROCESSED_CLR/MHZ/GZ/8comp/2/MHZ_GZ_z_63_kriged_reverse_8comp_spherical_2.asc
ncols 100
nrows 74
xllcorner 5.5967023332191781
yllcorner 50.982320383219182
cellsize 0.00019249356164376555
nodata_value 1.7014100000000001E+038
[rows 38 to 56 of 74, columns 42 to 83 of 100]
-2.2153659561233283 -2.188493411253458 -2.2419294865930226 -2.3478487753613506 -2.387908329385571 -2.174416395071202 -1.8757489966207213 -1.6206546834303244 -1.4383820789942003 -1.3378211650719607 -1.2958606151093548 -1.3009764392342076 -1.3378715559190533 -1.3883520248478487 -1.4418203589247325 -1.5097903420932421 -1.6143907518669687 -1.7550583013570593 -1.9305144564044352 -2.1433624902140584 -2.3894693154625806 -2.4742960738553865 -2.2082952411756347 -1.9516787229847996 -1.723494345790248 -1.5487468134654399 -1.432480194123524 -1.3462168833303494 -1.275059866880091 -1.2072257967020146 -1.134862251204749 -1.0531702933489506 -0.9596716627364753 -0.8537818643209067 -0.7366568774077547 -0.6113002398804319 -0.48301650754554215 -0.350843778580219 -0.20397639404003098 -0.0633212019984708 0.014863711449738748 -0.0033917710657738187
-2.2618902424882124 -2.232380303953569 -2.239409828016448 -2.242629975660816 -2.1839826470828303 -1.9875982429709225 -1.7018613496516406 -1.42152715671978 -1.1947476123763243 -1.0589710785184294 -1.011695590524096 -1.0325313000899672 -1.0961965085810679 -1.1750796071502365 -1.2614383713493447 -1.380951794187136 -1.5321498772363125 -1.7139653547688458 -1.9268170683339982 -2.1695696089020458 -2.416222064762263 -2.5087993309503216 -2.3706635011981327 -2.1764123783642217 -1.981097096803108 -1.803655617700194 -1.6668096693866128 -1.5494415672038557 -1.446195687948563 -1.350485026065588 -1.2557074319203043 -1.1575477029724421 -1.053748754476151 -0.9439200005489875 -0.8294881741436815 -0.7138384842010281 -0.6026975968424995 -0.49467012944547495 -0.37783055013774924 -0.27273252957740035 -0.22389635740628022 -0.24226395233896358
-2.202202818449831 -2.174774624868861 -2.1670750549465865 -2.119766112443932 -2.009672558303896 -1.7916170049045925 -1.4900213617009346 -1.1689133276799568 -0.8852403447077055 -0.7039897928178378 -0.6614844978107923 -0.7188555852522904 -0.8245781496828326 -0.9404423927283795 -1.0758604462605388 -1.2374177362112952 -1.4231338194453207 -1.6321034452221437 -1.8619651316120198 -2.103871930609663 -2.3184923116000817 -2.4252547893040974 -2.3991045793224552 -2.2916669324064642 -2.148729855878244 -1.9932444508539946 -1.8641940144057614 -1.7449165426248272 -1.6285633464904252 -1.514916987854786 -1.4051227180414396 -1.296176226249317 -1.1864964946939764 -1.0761220152181172 -0.9667685861233649 -0.8619636519703107 -0.7672691677602954 -0.6781420499589104 -0.5819234349759077 -0.5028812302841441 -0.46791967038520665 -0.48200315688225737
-2.0659210114320246 -2.0554590701974536 -2.05450358698245 -2.0094300888624312 -1.8682436600111765 -1.6245408226983977 -1.2893439432672482 -0.9114375796645154 -0.5416808052120325 -0.2825531192020312 -0.25491071902602824 -0.3809339125567539 -0.541870659488217 -0.7142702736453013 -0.8955277903003844 -1.0909570823827983 -1.3020053720313092 -1.5282911539131419 -1.7663757603624914 -2.0068813120037654 -2.2114614890959063 -2.337434743858102 -2.3756958810935433 -2.336775798356249 -2.2460661103010775 -2.1217801483844303 -2.009452128308252 -1.9040842203176336 -1.7961515114558009 -1.6840450407304652 -1.5710844604725194 -1.4593433960407238 -1.349064873038349 -1.2413962294030223 -1.138500331259856 -1.0436595155807307 -0.9613666165971676 -0.8804523346370956 -0.7926933434283132 -0.729241561080116 -0.7015542378293491 -0.7126779762234392
-1.8808540966444875 -1.9062513782398616 -1.9334474019597618 -1.9098159753789201 -1.769707065598746 -1.5070467862171475 -1.1448945762554028 -0.7138672353498596 -0.2379066057677226 0.1956056860187585 0.15577574661409588 -0.0792639634618213 -0.30889316387168275 -0.5277142937064125 -0.7398235275279532 -0.9566614309664226 -1.1830680115036816 -1.4195776820221877 -1.6634341767301 -1.9063624376339277 -2.109346625093846 -2.2515579721020424 -2.330030365194856 -2.340215013309892 -2.2928344985514957 -2.1999238010698425 -2.106160658754618 -2.022034576884634 -1.9303338321167216 -1.830796009070551 -1.7240363633473241 -1.6167793999412796 -1.5114225146827476 -1.4096084787372223 -1.3136973657281432 -1.226849348201543 -1.1522520063562605 -1.072447487700905 -0.9962323129403702 -0.9448072746103257 -0.9225462989318911 -0.9314763072393728
-1.674353420650436 -1.7521398549805771 -1.8240146561795263 -1.825471280417487 -1.708114947820536 -1.454908509592148 -1.0935343733739402 -0.6516425413748774 -0.1547194224383801 0.3135983736828327 0.29769244499207415 0.06352086617981967 -0.1765679250885639 -0.40414738050212007 -0.6236028154082041 -0.8462954939709255 -1.077721280905322 -1.3185973558198387 -1.5670247529388859 -1.8105483949083416 -2.0138560212265166 -2.168180657552618 -2.2721672418322005 -2.317259686010249 -2.3032224746632077 -2.237637203332477 -2.1636564261612516 -2.099371028237722 -2.0291916618144357 -1.9473837900213817 -1.855012844097989 -1.756212578360747 -1.6587102925220176 -1.5647330188494366 -1.476793335820107 -1.397895613228718 -1.3274877348162528 -1.250826291883405 -1.1884566268262495 -1.146686172816066 -1.1286901122491986 -1.1359027745391543
-1.476373324424718 -1.6121790227441102 -1.7235791163349998 -1.7572069785670323 -1.6760058863077696 -1.4655098697235462 -1.137858740780326 -0.7319044262116134 -0.30368280235109335 0.028957563917951123 0.12477044528853187 0.028835764277261644 -0.14904241615955383 -0.347663578573999 -0.5512163308031981 -0.7649621807423594 -0.9920291047186627 -1.23223200058467 -1.4836949510296291 -1.721385584146474 -1.9239687410508004 -2.0862160317444216 -2.206138165816574 -2.2757140727201786 -2.2861604220575775 -2.2428189035746597 -2.188506916666573 -2.1390868137118093 -2.091804517035306 -2.0311237778054867 -1.9571557746194792 -1.871923477676364 -1.7845909044284907 -1.700016933353169 -1.620820047128846 -1.5498512322014402 -1.480715172688758 -1.4166695678409007 -1.3660584153393134 -1.3322981713830764 -1.3177910368973365 -1.3236024936722603
-1.3055537983758043 -1.482932191873417 -1.625998303057375 -1.6951666760129067 -1.6600341834140866 -1.511332016902595 -1.2491728064859613 -0.9100506216484381 -0.5488018339943164 -0.2571025166870411 -0.10832837739989842 -0.10186491241589612 -0.1930477211481525 -0.3425909752213445 -0.5161204518382854 -0.7107257957034385 -0.9265952419241866 -1.1624046764110028 -1.409276381615171 -1.637359533599273 -1.8374889356876065 -2.004082456091206 -2.1338886718290198 -2.219517859411137 -2.2469197051007943 -2.2214268905593926 -2.185748665653105 -2.1507386982944103 -2.1178147668490843 -2.0800877180069257 -2.026528584233319 -1.9589868573619253 -1.8836462917789727 -1.8096718360855844 -1.7398234765119795 -1.6763517059966109 -1.6177502640847194 -1.5665733114905456 -1.5261526927953901 -1.4992215897370562 -1.4876598894753048 -1.4922905482400588
-1.1503597237170853 -1.3528205120749748 -1.5287587858166436 -1.6355683505625074 -1.6552930670986123 -1.5867764103502033 -1.425816641441716 -1.1687592444860284 -0.8254030173022859 -0.5283760153199457 -0.3397308973064237 -0.264872038195906 -0.2830491461296949 -0.36963120802199056 -0.5059570096938968 -0.677007707298257 -0.8780417588136094 -1.1064750753538168 -1.337456798895507 -1.5552301880062078 -1.7516632457875765 -1.9199238028825738 -2.055376082039568 -2.1504845680518976 -2.188379726206685 -2.1779820298695456 -2.1594823921226043 -2.1383402503983997 -2.11588320542759 -2.092639788767243 -2.060563687819603 -2.012178868892958 -1.9512008739949476 -1.888704341903697 -1.8298856014564855 -1.7822386604968563 -1.7371678555295318 -1.6975257292717392 -1.6660981088155757 -1.6451218518252317 -1.6361104253986833 -1.6397200193769428
-1.0379203438629405 -1.2604675646847348 -1.466734363610306 -1.6073013495161363 -1.6736111988138527 -1.6691668452592776 -1.6027596547145369 -1.452320015020906 -1.0726216429964164 -0.764801458501071 -0.5517044104021709 -0.4330364274152203 -0.3971582429295366 -0.42848479301258124 -0.5152158159277826 -0.6560362797487103 -0.8410999066428728 -1.0496145462737778 -1.2629638625325126 -1.4712465604008735 -1.6637998651242907 -1.831946440259127 -1.969785282725851 -2.0691531010632724 -2.111813758739704 -2.1160043962553736 -2.112999061905932 -2.1046969043029344 -2.0922865763974716 -2.0763751034016136 -2.0570030789708524 -2.0280647591893657 -1.9831483085556718 -1.9361037490289115 -1.9019152450278822 -1.8685703464822028 -1.8359444652486667 -1.8067664060933555 -1.7834008491643178 -1.7677154181297374 -1.7609580971353889 -1.7636660591443516
-0.9867898363410362 -1.220166061593688 -1.4393542653398135 -1.6027899063039828 -1.6968635318137912 -1.720631223218474 -1.6657505158815213 -1.5009146619760296 -1.2298215149614444 -0.9553112904025537 -0.7405909411224512 -0.5988299740403469 -0.5262196188263633 -0.5140473921389237 -0.5569042739060264 -0.6561853371323703 -0.8025543051887891 -0.9818327636355176 -1.1806989607572969 -1.3824818793256732 -1.5720512991941606 -1.7388077076145467 -1.8761963339526504 -1.9752016041039457 -2.0188185789861715 -2.038278557899607 -2.0489022684302296 -2.052080272007899 -2.0488631674135744 -2.039865993680226 -2.025251488896434 -2.0054938598389507 -1.9856141717380247 -1.969277123924661 -1.9525801230418385 -1.9323693048551835 -1.91128090988845 -1.8916995023402594 -1.875660330144985 -1.8647502298602605 -1.8600193929498712 -1.8619173479589488
-0.9960325209399693 -1.236906537145884 -1.4528396343160153 -1.6185684865088397 -1.7248763032367092 -1.7555641569199802 -1.697177555228856 -1.5452132995964687 -1.3390618645661123 -1.1171973148615841 -0.9167862548649583 -0.7666696072721091 -0.6713548480470619 -0.6271593158637483 -0.6345275103708781 -0.6849770586462289 -0.7717241031230744 -0.9084290550683047 -1.0912114709003737 -1.288804758439919 -1.4762403531875803 -1.6398364317185101 -1.7736569481451958 -1.8675666953240706 -1.9144068563952144 -1.9469580545892522 -1.9691738570471184 -1.982232047809977 -1.987050715791416 -1.9859813969054871 -1.983085754760959 -1.980857290869881 -1.9815929568566168 -1.9816586180538853 -1.9786714818641895 -1.9708460407778932 -1.9605342903456309 -1.9498400079043898 -1.9405370729151232 -1.9339944882528879 -1.931111462497698 -1.9322712316464488
-1.0654894056109283 -1.3057201101181766 -1.5100800014925266 -1.6646691985818465 -1.767472633324498 -1.8006669063324352 -1.7468173232944666 -1.6139218221854859 -1.4473420628430809 -1.2674124791809953 -1.095353687958136 -0.9472238995619439 -0.8396801126748918 -0.7747413093308142 -0.7440436402181803 -0.7383060446793615 -0.7574153990870747 -0.8491005026290845 -1.0290820592405194 -1.2167849781207818 -1.3902877678189043 -1.541477986803871 -1.6648601226003303 -1.747663091212292 -1.8031414569268296 -1.847095744965643 -1.881051918603341 -1.9069010789565568 -1.9267699511407925 -1.9429142468269884 -1.957637654351422 -1.9730457512090225 -1.9814569502778898 -1.9816586180538853 -1.9816586180538853 -1.9816586180538853 -1.9811726336204893 -1.978779480653065 -1.975732928570303 -1.9732299059922194 -1.9720518938386276 -1.9725308140436741
-1.1945524776104741 -1.4215960653418265 -1.608812536541406 -1.747400891584828 -1.8354789731273213 -1.8673863846736682 -1.8203645089144118 -1.7059409001913977 -1.568673569213069 -1.4212476168286345 -1.2771173649683427 -1.1459156278410798 -1.0300154974444098 -0.9364441942527816 -0.8698224262791746 -0.8249287058577384 -0.7978416076337067 -0.8497878599508508 -1.0173072562811538 -1.1845972254454185 -1.3386350613180964 -1.4722788917129384 -1.5792591036017036 -1.6540611923237702 -1.7174733609910333 -1.7714979007915115 -1.81736030112046 -1.8566278227570603 -1.8911116702078594 -1.9227807777172927 -1.9525175206645904 -1.9728590429066857 -1.9814288766709036 -1.9816586180538853 -1.9816586180538853 -1.9816586180538853 -1.9816586180538853 -1.9816586180538853 -1.9816586180538853 -1.9816586180538853 -1.9816586180538853 -1.9816586180538853
-1.377342017323238 -1.5801321051145956 -1.745841250489493 -1.8652300504592465 -1.9366107753497483 -1.9581387411173203 -1.9168078981301397 -1.8198157971632718 -1.7069668194097416 -1.5835285265847212 -1.453862005763378 -1.324787560743164 -1.2025046268566173 -1.0956929957395654 -1.007901409295024 -0.9461714416414085 -0.9198375482120688 -0.9563760932107601 -1.058355674187324 -1.1845408305696292 -1.3098014689739745 -1.422104770193766 -1.515378255929638 -1.597358539836323 -1.6685844224568471 -1.73002895699159 -1.7853906727631188 -1.83592335358413 -1.8830689780206875 -1.9235918468629967 -1.954069349132131 -1.9736628331200639 -1.9815384118690682 -1.9816586180538853 -1.9816586180538853 -1.9816586180538853 -1.9816586180538853 -1.9816586180538853 -1.9816586180538853 -1.9816586180538853 -1.9816586180538853 -1.9816586180538853
-1.5880072387875033 -1.7681260995771648 -1.9123856009333189 -2.0119035883471006 -2.065689051576562 -2.0727890333609524 -2.029389378838292 -1.9453456637616307 -1.8409284230538807 -1.7213480608038203 -1.5932907306744437 -1.4631144112025176 -1.34059149361531 -1.2324171875917644 -1.1428244130403655 -1.0774031150682006 -1.0455808376423463 -1.059873196234506 -1.118869484687254 -1.2043587974347665 -1.2976189864131356 -1.3867946662197128 -1.4795704242913905 -1.568379158193167 -1.650337134868863 -1.72355386396145 -1.7869815052522537 -1.8425677688932807 -1.8901034949417357 -1.9286649400385327 -1.9573580388456069 -1.9753085528451524 -1.9816558759589655 -1.9816586180538853 -1.9816586180538853 -1.9816586180538853 -1.9816586180538853 -1.9816586180538853 -1.9816586180538853 -1.9816586180538853 -1.9816586180538853 -1.9816586180538853
-1.7875924553739737 -1.9443325954825177 -2.067830846906563 -2.1485130738421683 -2.1845762444144885 -2.175331158712206 -2.120450633579199 -2.0385191663448063 -1.9358963434075407 -1.8179504945855125 -1.6904259481184516 -1.5619978318249301 -1.4414111228909237 -1.3339924016427378 -1.2448851070134301 -1.1797171724650646 -1.144641594714913 -1.1438866299952903 -1.1751965793766432 -1.2290762353185545 -1.2944233558993883 -1.3792105667853014 -1.4724724913450036 -1.5652189271467742 -1.6533592682596177 -1.7333021239480773 -1.8017808931238006 -1.8560911259623587 -1.9003786606104438 -1.9360034647811097 -1.9620085504986113 -1.977472232672756 -1.9816586180538853 -1.9816586180538853 -1.9816586180538853 -1.9816586180538853 -1.9816586180538853 -1.9816586180538853 -1.9816586180538853 -1.9816586180538853 -1.9816586180538853 -1.9816586180538853
-1.959110521988204 -2.093221093223448 -2.193898525508446 -2.254928249436902 -2.2726607094260305 -2.2442678077986367 -2.1719318765782387 -2.090352628691791 -1.9887093002721539 -1.8712303714505938 -1.745477596155204 -1.6202663639136021 -1.5014969497348427 -1.3947020317894774 -1.30511718529505 -1.2376619878167914 -1.1963820380417296 -1.1829644850883383 -1.1950318012977224 -1.2285612489967188 -1.2921326903412413 -1.3778067829789273 -1.4701954205714025 -1.563970702309947 -1.6546582996520434 -1.7382980813771398 -1.8113171408764912 -1.8704365104263114 -1.9131252403529067 -1.9449581481439964 -1.967464016614524 -1.9796695175530514 -1.9816586180538853 -1.9816586180538853 -1.9816586180538853 -1.9816586180538853 -1.9816586180538853 -1.9816586180538853 -1.9816586180538853 -1.9816586180538853 -1.9816586180538853 -1.9816586180538853
-2.10483138548589 -2.2036049722091584 -2.2789145459203928 -2.3203241579696128 -2.318438398996682 -2.263902625486401 -2.1809779957439104 -2.097910831268975 -1.9966190765918141 -1.8810105980547802 -1.758690892669491 -1.6356150227227317 -1.5176037949165129 -1.4101949370482845 -1.3184755070158665 -1.2467699918430422 -1.1980302090071324 -1.1729469707792506 -1.1771682176281886 -1.2162826513300287 -1.2858094442666534 -1.3704949314054091 -1.463009653676729 -1.5581947111959167 -1.6513810384846317 -1.7383705656772883 -1.8153707725814483 -1.87892210336844 -1.9258325890101105 -1.9547097418412038 -1.9730136373623703 -1.9812764559603637 -1.9816586180538853 -1.9816586180538853 -1.9816586180538853 -1.9816586180538853 -1.9816586180538853 -1.9816586180538853 -1.9816586180538853 -1.9816586180538853 -1.9816586180538853 -1.9816586180538853
