_RESULTS/CROSS_VALIDATION_POSTPROCESSED_CLR/MHZ/GZ/8comp/2/MHZ_GZ_z_90_kriged_reverse_8comp_spherical_2.asc
ncols 100
nrows 74
xllcorner 5.5967023332191781
yllcorner 50.982320383219182
cellsize 0.00019249356164376555
nodata_value 1.7014100000000001E+038
[rows 0 to 18 of 74, columns 0 to 42 of 100]
0.7191355215916458 0.6280175672762714 0.5650321511974705 0.5367289617644861 0.5513718363524411 0.6160067138463162 0.7300281302682717 0.8824291488834682 1.0571485075161844 1.238861214394435 1.4149318870829404 1.575639694281534 1.713432207883478 1.8217250358626769 1.898152919642457 1.9426175878217433 1.956618676049934 1.9426769787496527 1.9037384930540922 1.8497027548786573 1.78224762292715 1.7092765108096886 1.6423336504228647 1.5807988308558063 1.5233363458624665 1.474717854100761 1.4385415203713665 1.413401100671687 1.3851687713222973 1.3537050177778942 1.320134692090426 1.285169426097664 1.251155957665109 1.2206374485945117 1.1959766071023765 1.1795525201514345 1.1730858893408858 1.176813371532648 1.1994040997032633 1.258724954403132 1.34961417592762 1.4647824907811235 1.5966556268201348
0.6471917041978558 0.5514447330650487 0.48120146365280947 0.4443028883292319 0.4547602238612143 0.5299862035932457 0.6731859761595484 0.8644047803781171 1.0782457696060732 1.2954024704104317 1.5013253329056253 1.682810508775708 1.8324260926848885 1.9461787100958647 2.0225765205824087 2.062435524146123 2.068677309712458 2.045523499680405 1.9982083267789008 1.9337572991190193 1.85503722563822 1.7695555425719212 1.6915535278347158 1.6173130872931185 1.5470722638743601 1.4831594543476938 1.429711592285296 1.392218223196277 1.3566451874949825 1.3147907820928297 1.269427276104139 1.2233785208391148 1.179536201787912 1.1408576116497742 1.1102868189556245 1.090943144102285 1.0851878530378052 1.0978020421909436 1.1532606217733936 1.2490526183365578 1.3762510327542996 1.5255192837374334 1.6907903553903032
0.5965726418209476 0.4970415417317382 0.4183394347175835 0.3664658260679585 0.3594721296385712 0.43948558494947787 0.6242312443580594 0.8651611437955616 1.1224034043491897 1.3728604495286811 1.6023619025180398 1.801749780031092 1.9632630331947192 2.081414657729195 2.154672145574819 2.186001424340845 2.1804807234282935 2.1445861195799303 2.0850513898020697 2.007860611867326 1.9165737835067655 1.818607873831619 1.728635872727094 1.6426461368056091 1.5621969800047193 1.4892830271731845 1.4236555241591493 1.364380712378953 1.3139769072321184 1.2589759931880633 1.2010833999824175 1.1432754726773227 1.0886733006584868 1.0406287773885128 1.0027778168348611 0.9793536545019419 0.9739375845641808 1.0101218698866157 1.09974510854047 1.2339572254845086 1.402465913141336 1.5945969689826036 1.7996797023835664
0.5718712791117949 0.47290867790989055 0.3906377054250778 0.32553321631035637 0.28352524072548535 0.3452505966810806 0.6058322227953835 0.9013558978518945 1.1924550064001052 1.4674688493137718 1.7178461798848312 1.934103375986422 2.1065018723375877 2.227440193013417 2.2944610595646022 2.3117839603262453 2.2888751053380525 2.2352292287942674 2.1591772080699774 2.0669942158650985 1.9625698345091638 1.8529177032545694 1.7514772761907735 1.6554888994977182 1.5666228857914026 1.4812232935025347 1.3991814258374176 1.3239507779522093 1.257634623812164 1.1893449876836728 1.1186497449854513 1.0486056087679034 0.98244074870548 0.9237522669290857 0.876850413108544 0.8474815514019871 0.8483539424124117 0.9125075577760988 1.037145162357533 1.2111151534562479 1.4220625585983089 1.658178757738912 1.9082794676358137
0.5755588526587282 0.4846129972550901 0.411276099137011 0.3559887042705763 0.32397250126896515 0.3966791749610066 0.6774383335935023 0.986140752809837 1.2900209838380285 1.5801118741661937 1.8472114520081873 2.079506305528673 2.2627508379290253 2.3841702413715025 2.43955604164529 2.436310066051354 2.3888124837495233 2.311906254045485 2.2157507320882734 2.106905372736182 1.9890858737802763 1.8690386803128989 1.7580237441218334 1.654248558109289 1.5519768809347787 1.4509627984241324 1.354438774423358 1.2656794648033587 1.1879914059411245 1.1093367238829626 1.0258806212080374 0.9435216527308873 0.8654300588892401 0.7951122533466937 0.7371456596694463 0.6987942207436728 0.7117943873377165 0.8033170216135567 0.9649217256345825 1.1803344592188645 1.4342781474883695 1.7142425123880114 2.0091431732761387
0.6061283882576376 0.5304315182474755 0.4784105514635453 0.4564349947879629 0.48347663503232297 0.6040154682195262 0.8316198535862463 1.1128703278943206 1.409625969477504 1.7041273259883984 1.9836340735288926 2.2329284160941603 2.4303335380751667 2.5513014363874356 2.5864399796142132 2.5518252668378674 2.472138051593512 2.3669671499814724 2.2484754543360976 2.1225991781318645 1.9921403373536166 1.8637798216549162 1.746333410408793 1.6306113026714157 1.5143902091224233 1.400544923051088 1.2920451579349317 1.1920113143416873 1.103726016665942 1.0203514740713677 0.9265890113799607 0.8324370468418588 0.7429467460835041 0.6611507180137463 0.590911075464152 0.5418045003380185 0.5629669285941413 0.6824168616121287 0.8855893153804282 1.1437487668893431 1.439499258012377 1.7612824698494316 2.0990415111375067
0.6581297888721714 0.6013097281132718 0.5747834429272267 0.5873260105167756 0.6546942775796157 0.7923646680268994 0.9975529095144205 1.252231693921725 1.5334007890768786 1.824248965281245 2.1118488144608474 2.3809211675758832 2.603146744856026 2.727492802686589 2.726879636050852 2.644560329048918 2.5252877980223767 2.3901141038226417 2.2497784825494955 2.108641566722005 1.96785897277744 1.834856691590013 1.7095250987617558 1.582469850185677 1.4559882785791995 1.3325794650349312 1.2149831211348152 1.1062221404891017 1.0096005542149182 0.9215637346973489 0.8237632666828123 0.7195913727170677 0.620454426868567 0.5296260382300539 0.4497230289222456 0.3920256842453731 0.40299225074081435 0.557709075609793 0.8089852141631468 1.1065207590389072 1.4390039382353492 1.7977540262386236 2.174143745381207
0.7241480211319936 0.6857394422176836 0.6819444124503092 0.7206073646955858 0.8109005214869703 0.9523099974945642 1.1440947771621746 1.377932105304033 1.6407642801159912 1.9205854193041358 2.2078579509140237 2.493485080799439 2.759001152709236 2.9098899923865997 2.8342852349852823 2.688117906020371 2.529487935533791 2.369350825828374 2.2119452291912225 2.0600341317268347 1.9130907309709875 1.7783951116563261 1.6456387001374233 1.5120756100047346 1.3795469896763761 1.2502212166698268 1.1266721618560307 1.0119058950717277 0.9093539367424036 0.817252678896623 0.7168608951076217 0.6083723061125946 0.5022251624778591 0.4071811593087038 0.32627852729742934 0.2776883206200236 0.3041045103373752 0.4782508938194794 0.751803037243546 1.0739764434813897 1.4333954032157121 1.8214625515087635 2.2299033701267055
0.7970077064039499 0.773916005885478 0.787339016461031 0.8433584052513216 0.9426315918867157 1.081748161744831 1.261082144852061 1.475414254689754 1.7165520675785098 1.975894578988925 2.2460896933924377 2.5212657824829767 2.795383003660283 2.983189786034167 2.82485535433713 2.6442074129910784 2.4657396854043 2.2932472628775757 2.128399155151057 1.9730173025512718 1.8268765126007793 1.6913907168287134 1.5573662425126364 1.4226492904098804 1.2886412968116763 1.15727148115526 1.0310389241900622 0.9130216499534244 0.806878279650543 0.7115511822690702 0.6088308883842952 0.49960046372764255 0.3899703625417701 0.29539694582124465 0.22228746739791339 0.19893342998992414 0.2675802068852444 0.44444642031905923 0.7135460562704358 1.0449466243891727 1.4206819942829545 1.8292024596104506 2.2601081937651175
0.8710134536282602 0.858996868102331 0.8837043052523799 0.948999239548587 1.048251161601144 1.1806745578850684 1.3457983195494139 1.5392344646128073 1.7543227179479581 1.9833168274099153 2.2175181298232913 2.444544540881224 2.636791921406447 2.721279107368681 2.6455281074158083 2.4925072482894137 2.3211232665125117 2.1512187034257475 1.9898767649452687 1.839781058050487 1.701897632888198 1.5735882456053283 1.4472673568358607 1.3184036472252676 1.1877471140243046 1.0582423031487962 0.9325713777651138 0.8139609479376894 0.7063530928581593 0.6083263371959765 0.5029860237925663 0.393536563319671 0.2853400865817759 0.19432319912439389 0.13224239814466898 0.1311604165354423 0.22367060274220152 0.4104560780665245 0.6804329845075026 1.0152069722892496 1.3984814057859651 1.8179912145316148 2.25463304537291
0.9422663915953157 0.9362873195682753 0.9660410376663 1.0323946041741237 1.1270468053819556 1.2501621418189715 1.3996024748063947 1.5703813699321314 1.7560618275599682 1.948074136997036 2.1337795380766393 2.2978061798584855 2.4148269080634694 2.4500318796218314 2.389581957752664 2.2626080073797366 2.1072439329543977 1.9483459978385544 1.7983769687151925 1.6613261946144706 1.5389362914904918 1.4252179416503283 1.3142047872320883 1.199133592316732 1.0801417219895386 0.9582694489759597 0.8363267143193341 0.7196110267821588 0.6125532286733063 0.5130377325841833 0.40600915671684823 0.2959412994096069 0.1899285138387432 0.1015011430444106 0.0488907981554747 0.0633289810012081 0.1721346463805271 0.36955311158934956 0.6442062516660623 0.9814823622242064 1.3672524274979685 1.788167446853568 2.2154994772610976
0.9967904924660682 0.9890668842737902 1.0168921613227544 1.0776329225299592 1.1648606833910233 1.2783877997518127 1.4142677651329714 1.5661531663377775 1.7243756757691604 1.876818448381214 2.012450978278195 2.1196374723157585 2.180939942671861 2.1794247670276325 2.1110524962826753 1.990979856797724 1.844675076746447 1.696376035245843 1.56171207737172 1.4465808663556767 1.347436092237665 1.2554621955694618 1.1654564893073596 1.0692283083520862 0.9664546496828358 0.8584092524567118 0.7470612475385353 0.6361722818847843 0.5338860525100657 0.4332153005095596 0.32288766566475857 0.20940700878808394 0.10163607002287178 0.013276164823708969 -0.03256859003082169 -0.007167831828677418 0.11510878056971396 0.3232535902153302 0.6035895979757844 0.9422085029594514 1.3263257123729493 1.7378437332325727 2.1480357443909712
1.0255265702805847 1.0119169021031773 1.0327144066009026 1.083009623524002 1.160947859843113 1.2650009195928262 1.3879999019475986 1.5195225975324218 1.6494120905983862 1.768942140625493 1.8671714145569007 1.9312686580143836 1.9490618094685823 1.9153991786984057 1.8295512399536855 1.7016214373765424 1.5519065991580039 1.4072938551227117 1.2897298653608802 1.2074956095261515 1.1399714567487176 1.0758932613299144 1.0107295751115024 0.93719785164384 0.8539297967561968 0.7626659993001799 0.6670514582561413 0.5709131109757357 0.47666003490013287 0.37368886832074 0.2585946573795572 0.13787004194348174 0.022042528017494734 -0.0719663574041689 -0.11428217156976839 -0.07880847526261503 0.05765743597198991 0.2772419337256893 0.5627801050199729 0.9003428144643433 1.278279063748001 1.6717399360794445 2.057606319863614
1.0310315956868936 1.008479640614541 1.017532707674578 1.052378742608883 1.1207904139599156 1.21800570169597 1.3277075066343387 1.440215114836576 1.5473246725493768 1.639932509644635 1.7080434873341903 1.7410798217199852 1.7293557528390653 1.666573326704381 1.5584708676477599 1.4137303788390185 1.2465446925748807 1.0913039334562964 0.9985564227233169 0.9616797800951172 0.9331037500738348 0.9002660537642105 0.8607578860255024 0.811990505919396 0.7504637063852359 0.6797711262777112 0.6040114132900979 0.525434807094928 0.4433343294452965 0.3403280861570708 0.22004016978328056 0.08902123909953064 -0.042584480990367046 -0.15319526676182105 -0.19703287581076 -0.1458069501376924 0.009763172687350608 0.24153398944363125 0.5298728444258405 0.8621549381383433 1.2276579829880545 1.5956515561978983 1.9478510945836842
1.0167066445495665 0.9843065194340533 0.9808754616991775 0.99491979726102 1.0621848842743373 1.163426266521891 1.2683915887292259 1.3702168547394074 1.461326710467318 1.533372957501899 1.5776255031322508 1.585607892628752 1.5500605049584797 1.4660951634295825 1.3325422499341428 1.1593349188081885 0.959784428595812 0.7630073344120673 0.7158977515206449 0.7383361307065276 0.7492669246209908 0.7472529291102074 0.7337148217831383 0.7097709636931886 0.6726648411529961 0.6257963733570143 0.5713572834423845 0.5116798384207857 0.4390826467750648 0.33989992305113836 0.2162450374282736 0.07605312056114433 -0.07570493428325054 -0.22150399234782125 -0.28030428061366197 -0.19130590287746463 -0.009603916735948514 0.23084753530577085 0.5155391198103345 0.8357000937267962 1.179575267138593 1.5140359047855543 1.8278272388032581
0.9854890292014342 0.9440915603184356 0.939221169522202 0.9686223979064703 1.038028111058047 1.1319743773882367 1.2302573687710772 1.3228769162810445 1.4014620821569213 1.457808587761602 1.4840375837980178 1.4731349086744445 1.4196643110902045 1.320510769684751 1.1754399009286938 0.9875395166743063 0.7753285071230294 0.5805770370877842 0.5401669540136032 0.5822794605869069 0.6158120800928945 0.6363405624164656 0.6444664644546039 0.6417496708519252 0.6307289927357452 0.608867254558265 0.5779173241143915 0.5383998932907454 0.4747104908311677 0.3826230671058397 0.2626237137141272 0.11856670817858728 -0.043078213736579496 -0.2205558963558143 -0.33246761460218344 -0.16287138754266173 0.028693980034892874 0.2616064299786971 0.5302979536842116 0.8279261299104186 1.141408074049774 1.4399441452971875 1.7134548743688045
0.9396093014704764 0.9027444445475502 0.9130892169366763 0.9592275425553396 1.0323044719238612 1.1211810957999795 1.2141571888632456 1.300391119592932 1.3704779219625707 1.4159618603187902 1.4294409394863146 1.405005564232321 1.3388023194342176 1.2296233097198874 1.0795356559713185 0.8983983625439113 0.709682315862999 0.5604428094979585 0.49664534652356496 0.5040919446164305 0.5379371233697685 0.5719077552065148 0.5971978857266319 0.6148897407297773 0.627272559873764 0.6311821288256706 0.625336473907498 0.6020111625117135 0.5499740025914714 0.46971302995356257 0.3623306642992714 0.2303886989988504 0.08549843550160063 -0.05150476297920226 -0.10013713971262073 -0.008304740135465671 0.14337413825782197 0.3470123607900315 0.5913434393298806 0.8609049629127191 1.1419733997300479 1.403464490517552 1.635641422599718
0.8966998787870347 0.8729604770915312 0.8965218811356921 0.9561235575595773 1.035044876846817 1.1256350481212705 1.2184249529735052 1.302983130658236 1.3694012496246664 1.408904843346134 1.414317758003142 1.3805612944405157 1.305168565104147 1.1892898329409596 1.0422224261270214 0.8792911604819895 0.7187279337594491 0.5863328980776195 0.5131507006384748 0.4970020612526971 0.5132007900492621 0.551864899572327 0.593014412992796 0.6307819965521471 0.6642013289503204 0.6926818129204847 0.7093985711467018 0.6991786513305105 0.6610574263022491 0.596282383398262 0.507278915818145 0.3986213250561981 0.28300749912877077 0.18799062694516877 0.15866882068042187 0.21571115561299115 0.3347853233341651 0.5027175696348412 0.7121387260468532 0.945506353076667 1.1891887870041429 1.4113005974359425 1.6011878294106718
0.8541012348492832 0.8504408234733642 0.8849270455834174 0.9562402545161098 1.0443563821455804 1.142476127779585 1.241267497066385 1.3300496985956098 1.3982926547263674 1.4367286839328741 1.4381584430212753 1.3984093339261334 1.319009038218191 1.2027888402074927 1.0620785713860503 0.9118011687701101 0.7671194417298608 0.6441043838299145 0.5652032255859245 0.538253978499105 0.5449004901519252 0.5765487519194147 0.630070913004685 0.6881663353492112 0.7428341515081128 0.791626764526099 0.8211284045717079 0.824559685000378 0.8013323698118456 0.7534688273938763 0.6844730716972403 0.6000920765515501 0.5106092885461999 0.4407173387681451 0.4277056675836737 0.4790754001057065 0.5817449080639036 0.7173156664331027 0.8863589262394224 1.0791349893948228 1.2824612363526613 1.4644481187113167 1.6123193187389613
