_RESULTS/CROSS_VALIDATION_POSTPROCESSED/Berg/IZ/5comp/4/Berg_IZ_z_63_kriged_reverse_5comp_spherical_4.asc
ncols 100
nrows 90
xllcorner  5.6208707817415728
yllcorner 50.959635321741573
cellsize 0.00013419651685393446
nodata_value 1.7014100000000001E+038
[rows 0 to 17 of 90, columns 41 to 81 of 100]
0.049758173499393245 0.050556253164946684 0.05034853068357752 0.049158924818641266 0.04711972380440955 0.04443946826932775 0.04135843636864648 0.038107562265612696 0.03488091384502668 0.03182387741473271 0.02903370367788046 0.02656725825346937 0.024451142632882065 0.02269276580722513 0.021268342081838858 0.020010671165894736 0.01895801135237246 0.01818110482856873 0.017686273140266256 0.017254750754662904 0.01688631884252525 0.01660911361574218 0.01644185574104385 0.016394928569213856 0.01647112891560339 0.016665889865413227 0.01696692160111529 0.017353358452035013 0.017794649314365887 0.01824958818010679 0.018666037557659935 0.01898200968822851 0.019128771195569615 0.019131832386882278 0.019131832386882278 0.019131832386882278 0.019131832386882278 0.019131832386882278 0.019131832386882278 0.019131832386882278 0.019131832386882278
0.06007897839100994 0.06123138362492934 0.06093087561483482 0.05921748093824336 0.05630997008591949 0.05254377151246556 0.04828952133605189 0.04388460014537638 0.039594128509725164 0.03560057753738413 0.032012264270455656 0.028880327724868243 0.026216961216414758 0.023832007482265653 0.021601142971398254 0.01964014659392289 0.018017379067839526 0.01676994596059944 0.015920008681761418 0.015318830197426114 0.014827849405173085 0.014469184924760715 0.014256635043690034 0.01419748260488589 0.014293639138231326 0.01454197197098059 0.014933774342918666 0.015453444294854624 0.016076560739395687 0.0167677051860811 0.017478576800819323 0.018147157374034426 0.018698831585120677 0.01905034876667643 0.019131832386882278 0.019131832386882278 0.019131832386882278 0.019131832386882278 0.019131832386882278 0.019131832386882278 0.019131832386882278
0.07332325155804736 0.0750115696954831 0.07457020584538748 0.07206861352620413 0.06788036288578997 0.06255734155037133 0.056676736287623916 0.05072833834957771 0.045065197436547993 0.03990432792685005 0.03535316695728544 0.031425470281177426 0.027725319545082176 0.02426929030322757 0.021214415830862473 0.018634309910078806 0.01654794299118088 0.014944040230048885 0.013800842378429828 0.013056031427508994 0.01248920768749655 0.012083238355010231 0.011845634489109833 0.011779887468327959 0.01188684669203468 0.012165104614896683 0.012610371133877338 0.013213867597048642 0.013959843601919387 0.014822452204288458 0.015762430844079262 0.016724316111421073 0.017635213587786212 0.018406334529851888 0.018938434889440657 0.019131832386882278 0.019131832386882278 0.019131832386882278 0.019131832386882278 0.019131832386882278 0.019131832386882278
0.09028708849433467 0.09280623589922975 0.09214535420129637 0.08843054433907746 0.0823248023722998 0.07475807036886836 0.06663265052275026 0.058645660932412066 0.05124444964789209 0.0446620538486607 0.03893354954027831 0.03347746174173664 0.028403325427836176 0.023940086431471174 0.020179143819081632 0.017120733613961527 0.014714051262117417 0.012888908275427208 0.011575965259194245 0.010716421532125492 0.010120354681194902 0.009690802314086939 0.009434765027728985 0.009359708174621057 0.009468955704870287 0.009762908257573361 0.010238113789000651 0.010884183122060208 0.011690479639035495 0.012651600553704685 0.013740981641527492 0.01491495281607816 0.016109273228658582 0.01723782873971966 0.018195201640351145 0.018864489245272672 0.01913088926755727 0.019131832386882278 0.019131832386882278 0.019131832386882278 0.019131832386882278
0.11193487089414199 0.11578328733994471 0.11476839563839158 0.10913319127977111 0.10011228138495462 0.08931026094142759 0.07812651009209963 0.06750979924199892 0.05797492981647673 0.049684317774196345 0.041850953557567946 0.03457968099781478 0.028224143686951992 0.022912722824860038 0.018625945168823623 0.015263470823768086 0.012693053378418645 0.010770595369187598 0.009347843050332304 0.008363793370299702 0.007707402676292414 0.0072442413427573635 0.00697076847396209 0.006884667688993936 0.006985604612856985 0.00727642310452137 0.007762367760700478 0.008448208314417791 0.009332980256775553 0.010402154312759669 0.011617619794368176 0.012923551711155475 0.014311295200475447 0.01571206559234098 0.017022980717992346 0.01811904934097863 0.018864614900360416 0.019131832386882278 0.019131832386882278 0.019131832386882278 0.019131832386882278
0.13935533030611819 0.14542333805729935 0.14380958307714714 0.1350225616998975 0.12150698785993129 0.10608342275543277 0.09084909859045343 0.07697675670189437 0.06494663620238582 0.053904751109707535 0.0436228025599746 0.03466863808359738 0.02724561613340349 0.0213180355356258 0.0167202743342026 0.013205706563444082 0.010502073734412675 0.008488903155354045 0.007043868306586501 0.006057488375731387 0.00542306455512909 0.00499490871113046 0.004745284542681612 0.004664115127613361 0.004748155047869006 0.005001836481957649 0.005436816943207681 0.00607003139507981 0.006919644552413827 0.007998062512548995 0.009301329572643196 0.010795135539548532 0.012399576494245954 0.01399905728346813 0.015575175864563591 0.017023045703928073 0.018195480642394957 0.018938755018023116 0.019131832386882278 0.019131832386882278 0.019131832386882278
0.17355546279014356 0.1835651821720063 0.18086221636507152 0.16664744580873564 0.14615792951570486 0.12433560023233423 0.10402999391930122 0.08639981378107484 0.07099797252789646 0.056636340854174176 0.044114189938617154 0.033779519913928566 0.025598429175901473 0.019318588238054556 0.014467916265775165 0.010809886107452277 0.008146154704902304 0.006259978395448675 0.004959128781354434 0.004092926981716623 0.0035478327323223823 0.00319555695455217 0.0029932267164897177 0.0029264659907128946 0.0029904128696824836 0.0031900681089712334 0.0035402117013846337 0.0040646793411274725 0.0047942805077501515 0.005762156473638732 0.006995088622580935 0.008499550135111476 0.010242698609867491 0.012131491491552591 0.01399742744050944 0.015711880026901208 0.017238014320418063 0.018406826510481554 0.019050693565040494 0.019131832386882278 0.019131832386882278
0.21469973861989222 0.23239586135198748 0.22745651810719314 0.20330408202448844 0.1722493204060439 0.14226425843092985 0.11627118369562264 0.09459556331368195 0.07490739379163554 0.057612068196635245 0.0433172846564945 0.032041159303372174 0.023396999500035355 0.016740383955091354 0.011833273739914654 0.008355941868786883 0.0059623952666658766 0.004350174886702254 0.003284377649954214 0.0025965169168913494 0.0021724310111942285 0.0019085251605517627 0.0017595282904953261 0.0017101412772407068 0.001755139959051404 0.0018992592083902358 0.002157413638628638 0.002555087681677426 0.003128259970989494 0.003921648895304003 0.004983432950754668 0.006354208281226301 0.00804843218158326 0.010028851909970696 0.012179056340881197 0.014285622093624219 0.01610892055400231 0.017635490565860352 0.01869940209739917 0.019128863332548734 0.019131832386882278
0.2591761842602218 0.2940917547323877 0.2834097684721806 0.24041061975556047 0.1955031238748322 0.15704594727147173 0.12584974533228552 0.09957892279544864 0.07620751370355419 0.05675412876125238 0.04136021849920989 0.02951434046288659 0.02041056794432584 0.013795823676251536 0.009213573185127649 0.00614983576235399 0.004152302734190324 0.002872133237308907 0.002062206262659768 0.0015577038669012551 0.0012538953719560268 0.0010708434122312614 0.0009694888959434426 0.0009359742125488888 0.000965579766093464 0.0010622844060122947 0.0012391734674245041 0.0015195942822320244 0.0019386290790202113 0.0025439271968924217 0.003394150101698199 0.004552373704887721 0.006071295046784248 0.007968055482210652 0.010190248112020921 0.012581836981967704 0.01486644264479888 0.0167238367717189 0.018147474234858397 0.018982455406012042 0.019131832386882278
0.291178313892063 0.368139599672081 0.33911176483412314 0.26959170668396093 0.21354026185463976 0.16912203043246585 0.13388337381577065 0.10292492551400374 0.07640497272262406 0.05509397821850982 0.03866191737030198 0.02606961510685287 0.01703815477128349 0.010905158852711377 0.00689145676288408 0.004350290611377175 0.002777910312493253 0.0018187808755672757 0.0012387423025004703 0.0008910982091716713 0.0006874802845609744 0.0005682326720914358 0.0005036518816968687 0.0004824689182462159 0.0005008791467242409 0.0005619434944812669 0.0006760683601378394 0.0008625321166917385 0.0011518653011209892 0.0015885063176223945 0.0022323951326304356 0.003156999392064353 0.004439996093049022 0.00614240052171224 0.008274022739775634 0.010749517319517099 0.013349986949142623 0.015715777040554692 0.017478038777499653 0.018666318665173032 0.019130185955888508
0.28733112864746035 0.34344652427850947 0.3309655930754213 0.2751193056834665 0.22178884280229022 0.1771683421180837 0.1395410288702345 0.10533616336983427 0.07648726671449153 0.05363213753797478 0.03574232965390728 0.02274122069080355 0.013976053860131456 0.00840040256774966 0.005004269480157196 0.002989749275886791 0.0018052022609705417 0.0011170382816953117 0.0007195770596340441 0.0004909255260168614 0.0003611995674263778 0.00028724102592931743 0.00024818634191259764 0.00023554758934088164 0.0002464950333841224 0.00028323109415520994 0.0003534586457403493 0.0004719640402699252 0.0006633258512635879 0.0009655499914712919 0.0014338262298250726 0.002142422974842365 0.003181029666886652 0.004640266933477559 0.0065812672332037254 0.008988702811006015 0.01171725750855589 0.014456284984875657 0.016747359503680313 0.018249091291384113 0.019044601368618894
0.26002645199044705 0.29342549411281144 0.29251579922456067 0.26141089665025324 0.22048090176769522 0.18087405923313365 0.14283335179403078 0.10699117476878774 0.07661016859784671 0.05177358493502191 0.03287434270798556 0.01983648796693086 0.011511297695840155 0.006506372099604033 0.003630602049433549 0.0020293450333123083 0.0011542028752995531 0.0006742073006905728 0.0004095378292072375 0.0002636744797478083 0.00018377456895531805 0.00013947243841474805 0.00011674288622043036 0.00010952749974772395 0.00011583733133535098 0.00013717924277012163 0.00017896866528291402 0.0002519789193379524 0.00037497849127323784 0.0005786609484529121 0.0009105728407173278 0.001439729030235396 0.00225778786652163 0.0034713189314141226 0.005178176184711932 0.007423057025073566 0.010136267521020616 0.013076131471261191 0.015812650271349565 0.017792733448594108 0.018868305974253662
0.2324710368044854 0.257160104656206 0.2610285703206596 0.24404371963703436 0.21487549497356753 0.1817149503342843 0.14477003839051242 0.10845575018894227 0.07641695173856977 0.04979617858778361 0.03030933921867193 0.017437594353829276 0.009599963245599658 0.005122992125996586 0.0026864111350256925 0.0014046141642110675 0.0007439910173075415 0.0004062904115010156 0.00023207532594886888 0.00014024907903786925 9.178310897715775e-05 6.572579776062964e-05 5.278348647554194e-05 4.8779723772684515e-05 5.236696261629075e-05 6.453658745256816e-05 8.896685326140957e-05 0.00013326056568792164 0.00021129786516692564 0.00034701869519837705 0.0005797503594279865 0.0009704218164576409 0.0016063163117427256 0.0025993342755384675 0.004069955572210454 0.006108809329614713 0.0087141179256804 0.011719268406588318 0.014746703441229933 0.017237304202352723 0.01865121237980825
0.2107413001690728 0.23193151680631613 0.23878315803255679 0.23007047301621966 0.20959133420019577 0.18195669896535516 0.14678368268441822 0.11039205433213733 0.0761117530139853 0.048119042258552513 0.02824028223840604 0.015576752084502416 0.008177698759456007 0.004140098113571862 0.002049057438545344 0.001005898894857768 0.000497503782337927 0.0002522153146094865 0.00013366614795309 7.542787307957807e-05 4.586133478924256e-05 3.0503432208043026e-05 2.3132728897499858e-05 2.0925684622377012e-05 2.2989549020126815e-05 2.994840291940259e-05 4.424951128086495e-05 7.118907700504963e-05 0.00012090427724722288 0.00021178655471531925 0.00037571936887990817 0.0006650182148558383 0.0011595169204330802 0.001969540525200427 0.0032269412883260884 0.0050541398153045895 0.007504656140588167 0.010482755791847768 0.01367410195291981 0.01654098601801809 0.01843039409997944
0.19516800053507713 0.21522228790657785 0.22452880211140813 0.22134225227104495 0.2071413000898449 0.18377250418710991 0.15027311696402385 0.11285955829799625 0.07639510948695245 0.04711254167401242 0.02680844234654067 0.014256630393013225 0.007177880595482572 0.0034670278523638476 0.001628656456470387 0.0007547548027462556 0.0003503213342547634 0.00016556512122542082 8.116373836128339e-05 4.2185996441768266e-05 2.3594874567423603e-05 1.4290991981571557e-05 9.952673248725706e-06 8.696545123295517e-06 9.952683113880755e-06 1.4063934684363384e-05 2.2639425908772248e-05 3.940093689256915e-05 7.180484715368289e-05 0.00013402482936733843 0.0002518587360033491 0.00046982597048023805 0.0008595874780960985 0.0015262827870915338 0.0026054351987527726 0.0042394033903723725 0.00652332171643262 0.009422099846517377 0.01268473213748806 0.015810138257228337 0.018124802594019843
0.18503346200778423 0.20532236044040375 0.21708843997819233 0.21819938213845894 0.2087858498707281 0.18872260035397834 0.15644706152749882 0.11676351533323832 0.07792499782602422 0.04710329314525147 0.026107631644284823 0.013445065306898053 0.006527481461106664 0.003029274747677253 0.0013617679250516167 0.0006006305825539609 0.00026365806021930524 0.0001170969542780454 5.352246388306611e-05 2.5669616767053992e-05 1.3055874803261998e-05 7.09925565993772e-06 4.332668936688288e-06 3.5235383478844363e-06 4.409450689422002e-06 7.010353196987909e-06 1.2401312643961596e-05 2.3301045019663815e-05 4.534089250819982e-05 8.966846564739344e-05 0.0001774591512645842 0.0003468674270620617 0.0006620899034658064 0.0012219154145550833 0.0021610869047670395 0.003633174622498208 0.005762529420247452 0.008561950820182816 0.011836615957985346 0.015126822569516687 0.01775758608181223
0.1796217125508346 0.20118484352691035 0.2157709420799848 0.22075989878335397 0.21534418105524344 0.1980461038767498 0.16555159071097414 0.12164648847864767 0.07913705962512824 0.04634316152937261 0.024832836035983633 0.012370133091506154 0.005815211175238882 0.0026166786864721073 0.0011420946026484084 0.0004896406384285502 0.00020870517123550034 8.951535517589133e-05 3.911996261238659e-05 1.7637546153235325e-05 8.269521142850465e-06 4.1067654402553705e-06 2.170666241837732e-06 1.4214845300761149e-06 2.266868618641376e-06 4.020916427927541e-06 7.629901951221102e-06 1.5195227768387228e-05 3.115060426607182e-05 6.458464927108209e-05 0.00013338910309749214 0.0002709514322848551 0.0005354487313668272 0.0010197412608552773 0.0018558536682404792 0.003202838022730808 0.00520414653353886 0.00790750665569809 0.011162948162122889 0.014548918840647277 0.017398978825956847
0.17837212848631886 0.20237061704732867 0.2203342295884985 0.22929602585286596 0.22626889834388594 0.20705036463217566 0.1691281340593503 0.12056017215000932 0.07605139535898381 0.04319012764295217 0.02246438335146783 0.010880831883391161 0.004985493561779527 0.0021926157891350656 0.0009381210902173497 0.00039537171388490436 0.00016608601566624081 7.036099973558847e-05 3.0438241145539656e-05 1.3545197096560034e-05 6.220238353674291e-06 3.0258816561115374e-06 1.6635097835828777e-06 1.2609500411011607e-06 1.659378062265072e-06 2.839130206267241e-06 5.4521214874985504e-06 1.117687248174888e-05 2.3702062464672267e-05 5.0818351030083175e-05 0.00010828379273356149 0.00022626849490184635 0.0004586771173268647 0.0008937803614148197 0.0016606662358610712 0.0029205273348811194 0.004828134877639249 0.007454106088071612 0.010680027702818782 0.01411388356995503 0.01710045688567604
