_RESULTS/CROSS_VALIDATION_POSTPROCESSED_80-20/MHZ/IZ/5comp/1/MHZ_IZ_z_0_kriged_reverse_5comp_spherical_1.asc
ncols 100
nrows 81
xllcorner 5.5967107548124995
yllcorner 50.982328804812504
cellsize 0.00017565037499993607
nodata_value 1.7014100000000001E+038
[rows 36 to 53 of 81, columns 40 to 79 of 100]
2.5544212371685667e-06 2.3658437172494647e-06 2.0389360102678048e-06 1.6268952772947253e-06 1.2620566334164377e-06 1.0377340510576067e-06 9.116425288137405e-07 8.604012066802809e-07 9.296103610054077e-07 1.2471900565014565e-06 2.089762724927685e-06 4.348344998637141e-06 1.0995594606391504e-05 3.270247009459926e-05 9.426758228303929e-05 0.00022802716998904796 0.00045931399264780785 0.0008131799612284157 0.0013327396976800668 0.002102171122858487 0.003541416603138949 0.006320822899649213 0.011481213360165436 0.019570866118504292 0.027706472344155606 0.03179274462714545 0.032985571261978326 0.036586624357336936 0.04679793965453032 0.06856709703804531 0.11223705704720176 0.18652489807686184 0.26746630652669195 0.2734461589592497 0.20190139860116457 0.1317297609332208 0.08714070907931318 0.06346555764984844 0.053041193116238824 0.05127671428262539
2.628000639113459e-06 2.355211400695072e-06 1.9439987847363014e-06 1.508011226754652e-06 1.1794199343053827e-06 9.502220035854351e-07 8.171254931321545e-07 7.579342349549338e-07 7.88052297176874e-07 1.0144461643310914e-06 1.6648769782766673e-06 3.5316579534206923e-06 9.47835733480106e-06 3.071258182458124e-05 9.626690785915995e-05 0.0002484784445111382 0.0005142095476579205 0.000878364553993465 0.0013260518007091394 0.002001900361655365 0.0030915887567602713 0.004777361220386112 0.007159609831810055 0.009918916779906363 0.011908628728801926 0.01286926110816519 0.013455198004193742 0.014277852394672497 0.016431335409074672 0.02359390847014958 0.04032627491469602 0.07915977403563842 0.15250336734135536 0.16984393601253855 0.1278650120713497 0.09044064005490225 0.06257814126095043 0.045195261222261834 0.036342374935022126 0.03258774779373369
2.728031887476673e-06 2.365977012290643e-06 1.8873805644336982e-06 1.48033682747754e-06 1.1853947047597987e-06 9.849485992632052e-07 8.481905316178333e-07 7.72140852172627e-07 7.60401775861168e-07 9.068359322412923e-07 1.4065764128025178e-06 3.0152758403725774e-06 8.82822162067726e-06 3.143309748842177e-05 0.00010291379855294287 0.00027971691103457184 0.0005881310725378169 0.0009662134913272603 0.001382971903615386 0.0019721972090923825 0.002761748770296822 0.0037230176914786607 0.004702715437449366 0.005384952184651916 0.005464556388141744 0.005202584121085046 0.004740552684526539 0.004221365214449951 0.004112996859914038 0.005355587576048187 0.009546552823483422 0.02077386244931006 0.04557477348202583 0.06261554839441949 0.05693106364648672 0.04539594060583419 0.033581675137241924 0.023945891354841983 0.01731259464165062 0.013464022479351247
2.873581331042482e-06 2.417804295471119e-06 1.9308021306436223e-06 1.5733464421030447e-06 1.3411098848263143e-06 1.1739677700877324e-06 1.0364626898813926e-06 9.318596394606042e-07 8.672730314518708e-07 9.190297247115544e-07 1.2361730753264433e-06 2.5716148455797454e-06 8.625757021589783e-06 3.4761775792236714e-05 0.00012071144224215651 0.00033130675519766896 0.0006971361130504459 0.0011110123816228691 0.001537741581600406 0.002029823116014248 0.0025418256217585285 0.0029754495633617303 0.003189531558409243 0.0030829284419679566 0.002642568844562557 0.00204947039518618 0.0015043217155705662 0.0010356122418639431 0.0007887593264702747 0.0008670274470035885 0.0015631480667153428 0.003860802217401164 0.009500755759763781 0.016794783074803914 0.019732980326155156 0.018013621050526514 0.013932227519874153 0.009704863049878854 0.006520815540388505 0.004560594383425702
3.0714408818015277e-06 2.542208496962183e-06 2.11729367442042e-06 1.8690190332205205e-06 1.7183296605173645e-06 1.6100104971484733e-06 1.5036894435061804e-06 1.3777075084534702e-06 1.2429678362949996e-06 1.1152592714086003e-06 1.137752989731892e-06 2.1843218296136024e-06 9.822524573149823e-06 4.639741751297811e-05 0.00017018807777252216 0.0004624045562872996 0.0009143601237951341 0.001403573525976998 0.0018757635829716988 0.0022053823584650785 0.002367209749459189 0.0023278331771588575 0.0020943208117181374 0.0017041932065402282 0.0011866266065573515 0.0007333808644788562 0.00041753029952902945 0.00021655870234970785 0.00011694594096613064 0.00010211757803375332 0.00019985774532594992 0.000650909880490013 0.002061780557648006 0.004622552878509891 0.006472000915488331 0.006390426928248288 0.004918305170108478 0.0032960914985895274 0.0021065830394863083 0.0013720557142144125
3.316002291058556e-06 2.8079907668649128e-06 2.5439463218379507e-06 2.457456689251904e-06 2.4706173728095297e-06 2.5289120654823756e-06 2.5765310120103767e-06 2.5001924417072266e-06 2.2816366126341318e-06 2.0058175781154086e-06 1.8449642712368025e-06 3.3124356153595112e-06 1.7571271426255988e-05 8.550745704154429e-05 0.0003099401772799354 0.0008053482998975314 0.0014583458689036927 0.002012735023617998 0.0023504971224013855 0.002351494345480387 0.002109394895212565 0.0017365727775463084 0.0013226303311481614 0.0008876041858747463 0.0005139062800102753 0.00026457452366703433 0.00012107742005406031 4.721862420785842e-05 1.6740279748726604e-05 9.14226814003556e-06 2.524159519515983e-05 0.00013302671293553736 0.0005685568590747516 0.0015483825474384588 0.0023400552630199025 0.00229510196169212 0.0017046141064099532 0.0010744027174428923 0.0006307520401932807 0.000372684081398363
3.608735529431312e-06 3.2999010387135834e-06 3.291907212460064e-06 3.509616592358956e-06 3.9091795044782e-06 4.475719419481832e-06 5.0468097427539395e-06 5.374516418147937e-06 5.481558489162778e-06 5.705335280272433e-06 7.057574370988504e-06 1.4579476269719422e-05 5.40903788499549e-05 0.00022335770900121175 0.0007395629013243687 0.0017495958407094407 0.002721634041081328 0.0032135876081416928 0.0031139856619640262 0.0025392829028918645 0.0018236158147649836 0.00123911709381435 0.0007985522598223135 0.0004674887314405289 0.000247701548918493 0.00011826373357890662 4.9487844207433874e-05 1.7395296054356234e-05 5.052572633688333e-06 1.3836216532301432e-06 8.051407514164028e-06 5.946549347224917e-05 0.00028096054958948104 0.0007658783552713737 0.0011305803587263307 0.0009906968347706093 0.0006381834413232886 0.00035764118740278216 0.00018790135091596954 9.901195229742507e-05
4.062580835579917e-06 4.1008782344755146e-06 4.5402696304881295e-06 5.414059352978499e-06 6.827407271310244e-06 8.76465046474205e-06 1.087126512878821e-05 1.3076702572857956e-05 1.555925569538267e-05 1.984226464433163e-05 3.0167592336964615e-05 6.505391261728012e-05 0.00020546211707601344 0.0007282662218667334 0.0021152598084819493 0.004327044029484684 0.005790129665084177 0.005703934962728911 0.0044172788350946264 0.002842816474664954 0.0016516223338739807 0.0009428005374855612 0.0005211524514547378 0.000276613537043626 0.0001407191473925199 6.825136652664037e-05 3.01790681806371e-05 1.2572281927797159e-05 5.592383541607399e-06 4.6081383895945165e-06 1.3771596073351799e-05 7.382285633387477e-05 0.0003142469284728565 0.0007265867010555865 0.000829068750448975 0.0005535410098423727 0.0002834680148032157 0.00012817429407369175 5.8649125800166054e-05 2.801133992777523e-05
4.949805986507829e-06 5.526638985324499e-06 6.8106084827751e-06 9.113149060554995e-06 1.2870671178306211e-05 1.793975148608169e-05 2.457452842318559e-05 3.342581265880637e-05 4.611903860348471e-05 6.899312700334172e-05 0.00012087413166675089 0.00026628706222790326 0.0007781332512497236 0.00244817163176104 0.00625385738474988 0.011523165601135619 0.013721283436970478 0.01110010915954446 0.006508502019327254 0.003277195061009224 0.0016237479518977675 0.0008069887302076998 0.000391595174236778 0.00019342620643444407 9.800776121098689e-05 5.122996753472573e-05 2.637596723805076e-05 1.4529527251098442e-05 1.030382042750346e-05 1.3455947924738245e-05 3.860875010816903e-05 0.0001788553854641171 0.0007326514620280323 0.0013247745210763083 0.0009162521515380456 0.000384912648874496 0.00014308040508762186 5.3092652216662655e-05 2.0929173126368746e-05 8.950723913680749e-06
6.480036482181732e-06 7.968714960002262e-06 1.0879310160244403e-05 1.6215776421545075e-05 2.460139311135565e-05 3.6989231537884136e-05 5.545666717089185e-05 8.388552578375985e-05 0.00013046075893238026 0.00021838231132752798 0.0004199327742538389 0.0009619231533459432 0.0025820853101873927 0.00724032686546598 0.017021819007395623 0.03032836794922923 0.03497776683630542 0.022976749965600157 0.009805344324310532 0.003826524682560147 0.0015961125695088208 0.0006975911587555556 0.00031763576859941207 0.00015246601356521915 7.951722975522593e-05 4.609417828708968e-05 2.85865069840806e-05 1.9953934456704124e-05 1.9022092376488476e-05 3.083446215789007e-05 9.185900155458443e-05 0.0004382724323967243 0.002498622592742568 0.003740396199933966 0.0010841502442765494 0.00027995015539854733 7.902174439110065e-05 2.5551243977239006e-05 9.191832879649714e-06 3.6435627635779283e-06
8.964476107178451e-06 1.2038760589657302e-05 1.8037182033036197e-05 2.8926575976149683e-05 4.6338719960083964e-05 7.421956008672731e-05 0.0001196668891123284 0.00019629210245438437 0.00033225053972716457 0.0005979188431491546 0.0012193791258974863 0.002825414730555412 0.006878758430923716 0.017016274113414356 0.03664052089659789 0.06519201593708748 0.08834320077640574 0.04802915737708806 0.012981248946027198 0.003883943559597336 0.0013919839007098932 0.00055778602331675 0.00024883628632249143 0.0001239661767118545 6.950791172113237e-05 4.48056452228225e-05 3.278213851388116e-05 2.724233801451919e-05 3.03634237104833e-05 5.2217339954247876e-05 0.00014253206261141997 0.0005628641738534339 0.002488726293810324 0.0029398291163713793 0.0007233387594890508 0.00016505443433910974 4.268977382878437e-05 1.3310740700543687e-05 4.807461724461239e-06 1.9882203886030245e-06
1.2890136386616963e-05 1.8669506663218427e-05 3.0185018459283408e-05 5.030361961569497e-05 8.393003568066299e-05 0.00014075060893799086 0.00023871364004500828 0.0004128400369911665 0.0007348609034026537 0.001378411556690788 0.0028850837398558845 0.006305217162164345 0.013798882642100701 0.029538791149255252 0.053451562439065514 0.07908979547918159 0.09888588471029694 0.04658951024861406 0.01063749404398794 0.002902084537769139 0.0009816902522876763 0.00038664367338343765 0.00017714119077164912 9.439179613326764e-05 5.8736162899660044e-05 4.314661898613833e-05 3.6647650396355286e-05 3.4874038972797644e-05 4.1802743050408614e-05 6.8146593623656e-05 0.00014864452394122387 0.0003771301600076261 0.0007620720178282637 0.0006906775431226682 0.00026816668809651544 7.587911299779329e-05 2.1425230521867033e-05 7.05252725411464e-06 2.809163091393326e-06 1.3278959094772267e-06
1.895195905322411e-05 2.913900581889089e-05 4.919558800614288e-05 8.395165373386333e-05 0.00014386518797173073 0.00024809133500202155 0.00043226527101402305 0.0007651591257447621 0.0013858796680444607 0.0026409694260847937 0.005363985087547284 0.01070135892605768 0.020463826047712807 0.03607679088019545 0.0516776565384104 0.05234679607642115 0.03712482249804866 0.016175508217541153 0.004906753506719035 0.0015187434209220977 0.0005417061998153587 0.00022575337620786372 0.00011136142125063895 6.523386436224629e-05 4.548688604752546e-05 3.7873242508667364e-05 3.700617756339117e-05 4.054505901053971e-05 5.235601861192557e-05 7.877447147714684e-05 0.00013449654841287057 0.00022837459542831762 0.0002913104043433406 0.00022014259182301079 9.792938046001438e-05 3.192089048022207e-05 1.0218627035904906e-05 3.829153843900708e-06 1.7781802802004222e-06 9.760184054365468e-07
2.8216302095472724e-05 4.572469635086428e-05 7.927726439953133e-05 0.0001376909628436482 0.00023936191487059394 0.000416812224679587 0.0007285992371460173 0.0012830407743951381 0.002308513933019359 0.004307579152695227 0.008002363839545994 0.014184701149464424 0.023298723187528073 0.03313939881250348 0.036192770901071085 0.02681017420766764 0.0131828427861108 0.004931819265023752 0.0016667235363748293 0.00060217489511298 0.00024242784044083447 0.00011261457921345044 6.203171720718427e-05 4.0808753256887515e-05 3.2169025682705714e-05 3.031584283456222e-05 3.378593752470644e-05 4.2994256288338366e-05 6.0224980641130404e-05 8.877109778065038e-05 0.00012827919453136207 0.0001669876171809906 0.00016332729141581924 0.00010458380991544515 4.32999224988216e-05 1.354002105203058e-05 4.6403830156923185e-06 2.133056430546368e-06 1.225194364892288e-06 8.012896632050974e-07
4.344249568839252e-05 7.3003695390552e-05 0.00012745640843872332 0.00022197156949532772 0.00038476770505269835 0.0006631718624920887 0.001137256018963961 0.001961091033642023 0.0034166934917539563 0.0059788982775920985 0.00993023863488705 0.015436118419034217 0.02184437998808334 0.025760157094676148 0.02176033965934402 0.011866122731870975 0.004384328764332186 0.0014052732953449578 0.00048712354953297463 0.00019933060284974658 9.375393518089337e-05 5.034846284418839e-05 3.161265772576934e-05 2.3615095121844775e-05 2.1165415767465613e-05 2.2700217722216954e-05 2.956732080610312e-05 4.47130922650946e-05 7.013963065109981e-05 0.00010683200022281379 0.00014630172906282115 0.00016397774248178858 0.00013298777021534562 7.265988809201213e-05 2.6002569336189544e-05 6.568871520915818e-06 2.09892380509651e-06 1.363424810965776e-06 1.0431606605333568e-06 7.994172360952003e-07
6.859258196493494e-05 0.00011618130467237985 0.0002017127688130366 0.0003473551151505426 0.0005908396962655833 0.0009912273037607014 0.0016507961483015914 0.0027314073984854347 0.004486041096368081 0.0070883394037265825 0.010294295564914836 0.013744511531444301 0.016725961088324817 0.017909577724700344 0.013147420659618476 0.00446807607076036 0.0012271469955974334 0.000335912669249936 0.0001186381039624898 5.688820544128394e-05 3.27464753072577e-05 2.1246244126609013e-05 1.5510938362399094e-05 1.3130570899642235e-05 1.3356167549420405e-05 1.6729736595857573e-05 2.6406754179184792e-05 4.875073103255835e-05 8.945255851111952e-05 0.00014716633248988792 0.00020051787484116584 0.000212409805064482 0.00015973269952305598 8.092778533181441e-05 2.6589648749469492e-05 5.668503387540156e-06 1.371516819434474e-06 1.417237593591043e-06 1.2960693763766773e-06 1.06616041776028e-06
0.00010876539267967432 0.0001818511203009667 0.00031060826342921115 0.0005224861805102319 0.0008642298619002331 0.0014047835351567843 0.0022369860353849084 0.0034783411355411623 0.005255365079069099 0.007300001081801834 0.009039071220938175 0.009955262331339074 0.009651989902562816 0.00818831782547529 0.004775334246133325 0.0012111159086802326 0.00027420568685205995 6.490427108123652e-05 2.372038093808269e-05 1.421739754244381e-05 1.0510255719796117e-05 8.362538431319704e-06 7.133467234854211e-06 6.814384999837428e-06 7.823143034897438e-06 1.1901841974415615e-05 2.358839521275287e-05 5.4767686054094434e-05 0.00012449476451410833 0.0002344455763872244 0.0003387702722704761 0.00036269409133758094 0.00027410815840057294 0.0001441240077572495 5.1343914423547787e-05 1.4100060250129674e-05 4.987627262322345e-06 3.1823596776986683e-06 2.489018782640125e-06 1.937379195345178e-06
0.00016691522580143173 0.0002765616696681894 0.0004621389848548336 0.0007591264172088403 0.00121751949802728 0.0018946983442651374 0.0028435403795507765 0.00408884940043641 0.00557542542584435 0.006730310883499675 0.00698764617619167 0.006155914279533754 0.004443061437704438 0.0025608584677920057 0.0010516202937132105 0.00027480115293069483 5.577316269200382e-05 1.0895996388071946e-05 4.160407717387512e-06 3.6638714211577135e-06 3.566797764373239e-06 3.3738694230813763e-06 3.196974483325172e-06 3.2819294608064186e-06 4.272914759799452e-06 8.01962893715251e-06 2.1364033883349164e-05 6.738685744714018e-05 0.00020140984923520437 0.00045905227323214643 0.0007299161972888213 0.0008129990600115814 0.0006349264638101147 0.000354024610936164 0.00014322733609201495 4.917216470637077e-05 1.9447299167482246e-05 1.0211433729082758e-05 6.487793876601354e-06 4.414692348583685e-06
