_RESULTS/CROSS_VALIDATION_POSTPROCESSED_CLR/MHZ/GZ/1comp/2/MHZ_GZ_z_125_kriged_reverse_1comp_spherical_2.asc
ncols 100
nrows 74
xllcorner 5.5967023332191781
yllcorner 50.982320383219182
cellsize 0.00019249356164376555
nodata_value 1.7014100000000001E+038
[rows 38 to 56 of 74, columns 44 to 87 of 100]
3.4496326936817137 3.3181825262600553 3.261889464772319 3.405705081852275 3.6215708263198536 3.825769295829084 3.9960854498370812 4.121626029566116 4.197368262661459 4.226787138819997 4.22082798102342 4.192092781766536 4.144018822098451 4.0715066798171895 3.96457713600519 3.825600592017629 3.6580562507393037 3.4635275075168916 3.249863313313294 3.104000335340638 3.0957949654495165 3.1193256181982454 3.1747935556675793 3.2483373962022375 3.3237741994105634 3.403442349532564 3.486292631356525 3.5716969389523268 3.658883451685633 3.746920574411516 3.8346922183120813 3.92085858695626 4.0037951951885935 4.081491650904522 4.151367797514487 4.212950934283948 4.268998491788276 4.313025492964996 4.335646480450881 4.328803974577688 4.293957914937345 4.2464463036781686 4.206799384767326 4.179653704643444
3.4949857072778934 3.4345671071085744 3.445131759723492 3.56749793779701 3.7650877802984075 3.9786397573991086 4.172366036192666 4.317675329710787 4.398925550934625 4.42015348938707 4.399392130516096 4.3564338125747994 4.2954709563538565 4.201848290754513 4.078541642846989 3.9280142337521755 3.751933160739998 3.5526145607353485 3.3438536889528994 3.196259284260379 3.1477564091607677 3.1491037107181157 3.1874364273810762 3.2544079477071675 3.326014744970061 3.404528691953558 3.4872667122374077 3.572061401225766 3.657970319653477 3.7439083767092334 3.8286060522736722 3.9105589418809137 3.98795748345642 4.058581686980103 4.119639347008518 4.17072084512775 4.214855357714807 4.24712934063204 4.261770072868123 4.256163758158762 4.232240137480307 4.19475178423121 4.160766504011155 4.136838048501353
3.578949262199954 3.555155469046108 3.5975018075879843 3.725739012525771 3.924893200758601 4.157885374598224 4.383514220098958 4.5536868571001206 4.633431015646883 4.63234741370105 4.5862682257505405 4.522902895486311 4.439185028656902 4.328848351749423 4.194152989406285 4.036702226838767 3.8585045277713634 3.6638357354327544 3.471959740496058 3.3234344544156493 3.2395039570471797 3.2111122678221333 3.227339746272702 3.2807446590815097 3.3423979532901806 3.41208157726027 3.4894634664387847 3.571179674069184 3.653658717852541 3.735564328667236 3.815444386920913 3.891632359853131 3.962175962984753 4.0247494671184665 4.076547914431341 4.118083997937344 4.152521210662419 4.176640301536865 4.187308297588308 4.183010932746025 4.164375503191967 4.133863595485924 4.101689523185636 4.07901563541293
3.6775211654903353 3.6580958860101305 3.7151183110618735 3.851901037297118 4.064432174486242 4.32789523157774 4.606185854101112 4.824196719916201 4.891936018363334 4.846394919198236 4.76626982911574 4.672256189155785 4.5675621142609195 4.444921549543878 4.303248856570426 4.143034776771012 3.965992694081848 3.7760645797072714 3.5948532719429016 3.4468394658529595 3.3427627055441365 3.2908749176468426 3.2862741462445917 3.324044698065719 3.3741710758450694 3.431703558849515 3.4978172896374784 3.5710958476583587 3.647230134980341 3.722911294200922 3.796296015704591 3.8654512701003756 3.9282935551695766 3.9825275410571757 4.025591391322156 4.059949856424439 4.0882084784826445 4.1075698389455155 4.116018210699179 4.112623968634224 4.097767632657571 4.0730070640158 4.041744161492087 4.016940494606149
3.7695272338631427 3.738644144376031 3.789456937228253 3.929555300354932 4.150863261839467 4.441925691537271 4.787425613936327 5.122692067975907 5.136219772121619 5.01797560080049 4.898618643434515 4.782458118019073 4.66676068982058 4.5396709687983385 4.396880451747947 4.237858453130324 4.06363600035305 3.8780574395772844 3.7058958647109215 3.560175832658406 3.4458721616612573 3.377521598400522 3.356256131701811 3.3795041664629832 3.4183325361232444 3.4624119383554275 3.515741111833818 3.576945816177055 3.6440903918149554 3.7117147268746664 3.7770764751326005 3.838155605413882 3.8928338046237654 3.938855067840127 3.9740526405956285 4.002844629858452 4.026101612274554 4.041793192039189 4.04858579515316 4.045860936947778 4.033869897420785 4.013669108459532 3.9868744079852596 3.959109079374791
3.8417049748101673 3.7911354577833287 3.8215293833413706 3.946678977738454 4.157571637989154 4.445873220156081 4.798150934037972 5.151690001577725 5.1771931185739755 5.063430428159821 4.9483200412946875 4.837036031282831 4.726687567228447 4.605529384968863 4.4683491234894275 4.314465972656191 4.144548658718643 3.96622408977605 3.8032084979781904 3.661466015584218 3.543844727018633 3.4646676387611883 3.4313169686753597 3.442643811427147 3.4703827106502643 3.502164944782145 3.541831887196942 3.589998790428608 3.6451031005071237 3.703683080332493 3.760236927042399 3.81261481557409 3.8587022272316482 3.896315573813683 3.9244696032365938 3.94841607507494 3.9674472436636097 3.9801928717115493 3.9856840998954133 3.983483264090258 3.9737673093382204 3.957293323646212 3.935262349229329 3.909139331009353
3.8914670337756245 3.8158926214981053 3.816411678544713 3.905233425353137 4.082547058420255 4.33488943636566 4.631352053815423 4.8855180463521 4.991013404100994 4.975498650020618 4.913190591950929 4.833731909096872 4.744981166761548 4.639706567860297 4.514399351374615 4.369210135211537 4.205152836305843 4.039350024476289 3.886446861124387 3.7504065572293275 3.6340219597181598 3.5486012484508382 3.507415240322322 3.5096733837249743 3.5268108499730793 3.5484056991539683 3.5746234585207097 3.6093112503428264 3.651411945328359 3.6990874163539003 3.746296824823583 3.7895530060632865 3.8267743991212004 3.85586516518305 3.8782689283288727 3.8978114848281886 3.913254719529577 3.9235561520246365 3.927982786701664 3.926209507760244 3.918367315002717 3.905023541150575 3.887101536213783 3.865767853385154
3.9234358006787207 3.822456914800609 3.78680901797343 3.825531062714983 3.946708112258691 4.144483447001581 4.392784560644496 4.620316579441145 4.765145303796959 4.822287685469449 4.820620413607342 4.78467131291307 4.727066378784862 4.644233045369353 4.535188037764083 4.401176933468307 4.248486090837568 4.09801371629194 3.9561565819177162 3.8272193237613927 3.7145195119397854 3.6271288493114913 3.581925935521095 3.577422804291472 3.5846589000417812 3.5967129496518697 3.612647693348738 3.63385153448862 3.6628364809001104 3.698104530384525 3.7355895395192418 3.769464704612427 3.797655250473575 3.818573372098568 3.8364547238669693 3.852070603987242 3.8644043500181193 3.872621972513163 3.876149852078516 3.874736875953858 3.868483983108565 3.8578321130648097 3.843512298778947 3.8264723867936703
3.9450692665589426 3.8202470837652203 3.745243900386239 3.722713695805706 3.7615785755285813 3.8947682042527445 4.1372696883382165 4.374748128994931 4.549678341250914 4.654247232666643 4.701347000749632 4.707136500827166 4.6823485745039175 4.624146037924842 4.533259235093157 4.412151052440346 4.2786323677306 4.143807406709144 4.013383776133501 3.8924366596081104 3.7849309304768495 3.698995207931152 3.653225287836815 3.6431722105629296 3.6413105570153834 3.6444539573533774 3.6518099605476553 3.6626360593825695 3.6786671341521453 3.70137318563883 3.728307031859635 3.7526659059377256 3.771721820170426 3.786263554808571 3.8000162354903444 3.8121124362208443 3.8217021036127385 3.8281026940724865 3.8308523957967284 3.8297509822894735 3.8248787966295654 3.816589039687429 3.805475353420918 3.7923226076266623
3.9449118569843122 3.802103512884927 3.6977224746633834 3.630006701314316 3.593146892565688 3.6331150859644867 3.9252875558360225 4.17334098785134 4.363640082804374 4.495375075004285 4.575821479290479 4.615073726346443 4.619592236116303 4.58498692654702 4.512102060423111 4.412140532269353 4.29869689454827 4.178638902935347 4.059236061715702 3.9466293166940516 3.845393175596648 3.763576383351753 3.7204246083945636 3.7045174951594935 3.6944430230237013 3.689442571817791 3.688843981409089 3.6919776400712907 3.698214685195086 3.7087082307185257 3.724541189020798 3.739283303721332 3.7497460385730905 3.7599207346406964 3.7698760333510606 3.7787792808250695 3.785908930353846 3.790695104564201 3.7927569997969774 3.791930705772838 3.7882819067381592 3.7821007382697025 3.7738799181548415 3.7642806820735033
3.9292472291703975 3.778445066500136 3.662665309635797 3.5846789463044724 3.5560691389437857 3.626350923534093 3.818163001254648 4.031300888223599 4.213849221425336 4.354289549971161 4.453495518560708 4.516364855670517 4.543834634544913 4.530384123155928 4.4818721221831685 4.40744258666982 4.31155678602021 4.20389933605331 4.094348276750492 3.990117473787531 3.8960498212524515 3.820719529546368 3.782150702059096 3.7593039615609802 3.7419952907822 3.729729730018311 3.7219282305595245 3.7179906222300403 3.717333215545686 3.719395865678721 3.7241475922713727 3.729191570747115 3.7342864103367615 3.740453438616819 3.746888246299505 3.7528632193559033 3.7577573323800992 3.7610863859776713 3.762529929962149 3.7619507974348476 3.7594039003978073 3.7551326768626474 3.749553847253874 3.743233186823721
3.898567685422725 3.752963389673483 3.639425140564091 3.5703373730672214 3.561980939663141 3.6322963697480453 3.7674122873085047 3.9323625346957343 4.092947562916912 4.229031329636297 4.335343220079014 4.412516876387154 4.455514137386112 4.467142628264102 4.452056944492312 4.401862595767215 4.318353724557399 4.219293136783769 4.118338228698135 4.022793755169623 3.9369978248386053 3.8707053926009083 3.8344101477094825 3.8056248692439496 3.782165852530709 3.763609079002043 3.7494526676430926 3.7391337972245204 3.7320550580453693 3.7276606097541647 3.7254517625921233 3.7254135433689504 3.726325023210494 3.7287128392819375 3.7318593153892055 3.7351225154061947 3.7379611665996544 3.7399575382588344 3.74083725036154 3.740483364186689 3.7389426571893885 3.7364230933248845 3.733282891430709 3.7300128692601007
3.851933609898642 3.719327964858437 3.6169712921343073 3.5581879345251224 3.558235521947804 3.620427754044078 3.7242310317327463 3.8529150706270596 3.9868557259218775 4.111651545087687 4.2170824724055 4.299635682759333 4.359493410588515 4.400852189294309 4.42294925427759 4.397383035709298 4.314555812430749 4.221097242219581 4.129490532256968 4.044192323351091 3.9683861540995538 3.913880135358908 3.875237767898593 3.8418058729355753 3.813332680293155 3.7894475669398635 3.769703528633809 3.7536116398639052 3.740667053938948 3.730426809861105 3.7255309275480117 3.7254135433689504 3.7254135433689504 3.7254135433689504 3.725561834235591 3.7262920689985934 3.727221678709469 3.727985438537602 3.7283448912919814 3.7281987559687533 3.7275875216863135 3.7266915986176086 3.7258232810640934 3.725413596736581
3.7892583161110913 3.6718711408617835 3.5849546504843888 3.5354056260334126 3.538309846516573 3.5916369699476043 3.6743037501439617 3.776684076758782 3.8868987924160034 3.9961690088827657 4.101033738228936 4.1950172546089615 4.271642944304873 4.332437610544108 4.378600394442736 4.373724631600803 4.296030796040901 4.2126476305496485 4.131107620913826 4.0557467550033754 3.990746896905007 3.9440061450548383 3.902740505811628 3.8660368931066476 3.8337303663792857 3.8055474927080697 3.7811375272704977 3.7600997600581465 3.7423756176373444 3.7305354866226024 3.725547268271229 3.7254135433689504 3.7254135433689504 3.7254135433689504 3.7254135433689504 3.7254135433689504 3.7254135433689504 3.7254135433689504 3.7254135433689504 3.7254135433689504 3.7254135433689504 3.7254135433689504 3.7254135433689504 3.7254135433689504
3.7105927343435297 3.609059326613855 3.5369594768151873 3.498419884584447 3.50246359779013 3.5472254812556763 3.6136568178655777 3.698636619261161 3.7981423024915255 3.905442303417887 4.013771505901541 4.11217211279262 4.196684646666742 4.2632951704531905 4.305575477022102 4.306637249825651 4.264406883698388 4.202589918705575 4.135776564290429 4.071173343508688 4.013203617853936 3.961090532807279 3.915935048078619 3.877295410506118 3.842354357324686 3.8109293628188787 3.7827993299780576 3.759212300921145 3.74147234932982 3.7300676267780193 3.7254835114352574 3.7254135433689504 3.7254135433689504 3.7254135433689504 3.7254135433689504 3.7254135433689504 3.7254135433689504 3.7254135433689504 3.7254135433689504 3.7254135433689504 3.7254135433689504 3.7254135433689504 3.7254135433689504 3.7254135433689504
3.6197500178740123 3.5329485968042875 3.474534071370192 3.4473238467845073 3.455246649430142 3.494869778081492 3.5589588551178255 3.643734812414104 3.7434678968566084 3.8522653478354254 3.9591718642533418 4.056736114065407 4.140842836951878 4.207045750385923 4.249070621999959 4.25958686054799 4.239192182749107 4.198177165588296 4.1474164459802125 4.093857823745995 4.033384663326132 3.97526664411411 3.922170488648262 3.8762118133343644 3.838728687324742 3.8063737516273664 3.7787047690607696 3.7562594202500987 3.7395581112206475 3.7291097074577895 3.725415139452209 3.7254135433689504 3.7254135433689504 3.7254135433689504 3.7254135433689504 3.7254135433689504 3.7254135433689504 3.7254135433689504 3.7254135433689504 3.7254135433689504 3.7254135433689504 3.7254135433689504 3.7254135433689504 3.7254135433689504
3.5429483850125316 3.468803945989944 3.4227532601616932 3.406880990514182 3.42390875498476 3.468185324220334 3.535888366418736 3.623034285757714 3.724903286253893 3.8326397626438693 3.936932411555648 4.03268478351503 4.115247378834891 4.180064302394769 4.222646783669533 4.239975672960256 4.233119299728087 4.207628384195436 4.170059314128715 4.113867666518647 4.050332883131547 3.987291105492601 3.9278681093712935 3.874908367412141 3.8310618128947396 3.7985022502937213 3.7727239331003264 3.7519879063794592 3.736851201354128 3.727850300598859 3.7254135433689504 3.7254135433689504 3.7254135433689504 3.7254135433689504 3.7254135433689504 3.7254135433689504 3.7254135433689504 3.7254135433689504 3.7254135433689504 3.7254135433689504 3.7254135433689504 3.7254135433689504 3.7254135433689504 3.7254135433689504
3.490644619636153 3.4287295729111427 3.394435156623058 3.391520499414247 3.423553534945306 3.4737712475139215 3.5460542746992707 3.637095862766379 3.7397457002171524 3.8450049945002704 3.9474062202375158 4.041834263911873 4.123587797548188 4.188461646954944 4.233110606616702 4.255924772779243 4.2580077401731025 4.241386402180284 4.198992751087573 4.137612059568576 4.071342570415663 4.004187395391282 3.939582419454862 3.880656833637181 3.8302928632633075 3.791172937688792 3.7653045682984 3.746775679735345 3.7336757539716694 3.726571333344109 3.7254135433689504 3.7254135433689504 3.7254135433689504 3.7254135433689504 3.7254135433689504 3.7254135433689504 3.7254135433689504 3.7254135433689504 3.7254135433689504 3.7254135433689504 3.7254135433689504 3.7254135433689504 3.7254135433689504 3.7254135433689504
3.468676680542856 3.418322904278927 3.396346446948961 3.4125468718986256 3.4561860221512193 3.513176820413792 3.5907413707418927 3.683787873419243 3.7850518249461422 3.889227072708345 3.991016426089208 4.085343452931358 4.167564321802375 4.233747604073262 4.281106104312792 4.30855976284296 4.311476839867659 4.285231030993372 4.232994046782354 4.168956260848333 4.099116742358685 4.027414357273482 3.957495370425484 3.8927007175477883 3.8360927967961373 3.790494636112714 3.7585296578965988 3.74109959779795 3.7304455022749377 3.725635987353344 3.7254135433689504 3.7254135433689504 3.7254135433689504 3.7254135433689504 3.7254135433689504 3.7254135433689504 3.7254135433689504 3.7254135433689504 3.7254135433689504 3.7254135433689504 3.7254135433689504 3.7254135433689504 3.7254135433689504 3.7254135433689504
