_RESULTS/CROSS_VALIDATION_POSTPROCESSED_CLR/MHZ/GZ/1comp/2/MHZ_GZ_z_1000_kriged_reverse_1comp_spherical_2.asc
ncols 100
nrows 74
xllcorner 5.5967023332191781
yllcorner 50.982320383219182
cellsize 0.00019249356164376555
nodata_value 1.7014100000000001E+038
[rows 19 to 37 of 74, columns 43 to 85 of 100]
-4.586811701297581 -4.844303716682288 -4.95599125550824 -4.918465028460599 -4.739869496788745 -4.4342728125516775 -4.0207903205749 -3.5544906043147257 -3.0806878763529735 -2.661366812496194 -2.342636365037562 -2.1605379051818523 -2.098058871963717 -2.1444770083735922 -2.287594982995858 -2.5015098950808556 -2.764621460590319 -3.0629157785136187 -3.3577901355318867 -3.612446821345274 -3.78927161694246 -3.8647188265351318 -3.8391455658745737 -3.7301543702848683 -3.56553086983344 -3.3497121100020113 -3.088544284269741 -2.7902350940965466 -2.4760921460572973 -2.1920055594888552 -1.9652051587922346 -1.8277374879114499 -1.8106704771152895 -1.916710516752905 -2.100447345045863 -2.3261997275778477 -2.5591307469021216 -2.7733871861746717 -2.9554937281643365 -3.1012054824339277 -3.210222751889212 -3.283853660145275 -3.3248900195288993
-4.945162409121014 -5.128545563042288 -5.153789497118225 -5.02491402915776 -4.749764271490505 -4.347941790858342 -3.851665753803725 -3.329658936838265 -2.8228326464091658 -2.3858375248982266 -2.0694042196814744 -1.8975234411899025 -1.8886704431841914 -1.9869342000651296 -2.162065651730461 -2.400120907454598 -2.687959838971668 -3.016868061021585 -3.35370021778824 -3.62937661859635 -3.8121164843572855 -3.895261730475282 -3.8794591596939654 -3.7708099436974845 -3.6034223949079793 -3.3867175902663282 -3.127165269145729 -2.8339019137916615 -2.536801702655809 -2.276592160527825 -2.0778061504966203 -1.9667420352420653 -1.965257172431493 -2.0552420280739403 -2.209729750330673 -2.4038818805283304 -2.603902942084198 -2.7803867858438083 -2.9204497555100297 -3.0234187751766 -3.08963466622112 -3.119786200514584 -3.116695462172383
-5.479340129463014 -5.595242559165898 -5.538402543780589 -5.311724253415334 -4.929085457421261 -4.416607163720536 -3.8272349510429393 -3.235807753164421 -2.688681324168296 -2.2335862315386437 -1.9178628882605206 -1.750503635024435 -1.7410221942497297 -1.8835614513600825 -2.097806103184331 -2.364733536634526 -2.6781243898576936 -3.0348659763840975 -3.3913143345329066 -3.671930849366713 -3.8619919924100907 -3.9531058373163948 -3.9459241198662047 -3.8413442431568727 -3.6713126453162293 -3.452966231036112 -3.1928275503386945 -2.901092110853132 -2.616235551627323 -2.3681569147009167 -2.180661609056325 -2.0795673394077943 -2.0832196561317393 -2.1637278216587625 -2.311226196374043 -2.503619632261499 -2.7008751592722726 -2.850436928713197 -2.949570348217593 -3.010828499766432 -3.033463914139748 -3.015898779267638 -2.9594581438652487
-6.206688937952481 -6.249834563992065 -6.0995648621007525 -5.764584437808472 -5.264571004775657 -4.631681334825279 -3.939204816795355 -3.258095448964535 -2.66014633385874 -2.193489584796182 -1.8855573578047018 -1.725197955927896 -1.7117532955605324 -1.8523862871874344 -2.107829294406949 -2.4056498012446084 -2.741656001160112 -3.0990579270588787 -3.4487110925617728 -3.739253874990876 -3.938567723801995 -4.037336167982431 -4.03704850894733 -3.9375306745987286 -3.7647198919436438 -3.543699774749431 -3.2804807980982673 -2.990129154476635 -2.7111731636358956 -2.4641988287512655 -2.2725019779465274 -2.164728156475196 -2.168901928294842 -2.261612635789715 -2.4262398355110926 -2.6351012275222137 -2.8587964061394437 -2.977371514513744 -3.0402618248896727 -3.0674151556914224 -3.0514570567304338 -2.9884909469752503 -2.878218612674075
-7.043715339546212 -6.992864365195558 -6.733794971432813 -6.279975472388723 -5.655671831391522 -4.90780904359859 -4.106193083760587 -3.328837048945095 -2.6987629015518104 -2.2644641501125093 -1.9833336221070694 -1.8326937343813592 -1.8140864100635152 -1.9382262254181102 -2.2086654349335055 -2.531888290097119 -2.859805365238496 -3.184825477554076 -3.5267020343426365 -3.830672585590892 -4.038162203978182 -4.143260721671165 -4.148782110765449 -4.054180967260491 -3.87877841822998 -3.654478390297105 -3.386691078761216 -3.1015417679830697 -2.8241962034368573 -2.5696838504911845 -2.361093503414872 -2.2428921188876094 -2.248509790966357 -2.3637795468408425 -2.5585718657593532 -2.782965907518248 -2.9893338502361497 -3.121446165937832 -3.1832102231177113 -3.191681757429449 -3.1461085302855154 -3.0438472417668883 -2.8839352355206653
-7.942709555590106 -7.796715083765392 -7.420600136852542 -6.840953424372449 -6.093742747133744 -5.240798775081338 -4.322880030700757 -3.3934635811626244 -2.716077372711843 -2.4069852203586715 -2.2074316153363585 -2.0868178455392794 -2.0575956051741655 -2.157923605423079 -2.391083179806934 -2.7034482639003654 -3.0121373831449816 -3.3142532014897936 -3.629137078052005 -3.917557932028927 -4.124831577753651 -4.233320909103755 -4.24532491766595 -4.160551201034721 -3.993986056311156 -3.7759657876819155 -3.514359779603579 -3.2381149747132794 -2.9627202701361033 -2.7029891510334982 -2.487019774865367 -2.339288817966381 -2.322316018262687 -2.485142041292714 -2.731359400099056 -2.977163691997735 -3.182422072676269 -3.321481930165253 -3.3884880038943894 -3.3878641073709783 -3.321237581019213 -3.1879851017686502 -2.987484279137022
-8.83850126550886 -8.624951149067417 -8.139053444810898 -7.436736555249819 -6.5896557745737 -5.654219315655133 -4.671412584409898 -3.687432252265647 -2.984240457785892 -2.6988002755606484 -2.5190982856984423 -2.4202241525724686 -2.3982441706401034 -2.4450079119846087 -2.6035871052922848 -2.8800939902236755 -3.1725737388223787 -3.4652750570094066 -3.7426051949067016 -3.990338138912603 -4.1851109729148135 -4.2929098574533615 -4.3085592468830205 -4.231794734559565 -4.07651724127238 -3.873375242550659 -3.643208274975764 -3.39604398343009 -3.139352458635615 -2.901517488730295 -2.6933211814366875 -2.5157385294709047 -2.388561683545476 -2.691823694538981 -2.99197680748031 -3.2532989041226203 -3.461126016234041 -3.601543931916317 -3.668368770930551 -3.6607319159953535 -3.578966271459116 -3.423310121188322 -3.194345847046756
-9.696569661213623 -9.417807427887816 -8.810904279257839 -7.999712151187342 -7.070712242983764 -6.087331838974374 -5.10683735408664 -4.208192343873153 -3.5217993114557 -3.099581308497109 -2.8613112745110993 -2.735218681540398 -2.6918169127551743 -2.724237109836333 -2.830009481663414 -3.051285079286483 -3.3197011819874573 -3.5881765191505948 -3.8327169774959065 -4.043778566959936 -4.209790102001187 -4.313930003158608 -4.331902058418132 -4.262256301071157 -4.120662008302409 -3.9476400826085096 -3.755982979487718 -3.55024546872311 -3.3540517725511956 -3.1727612858966205 -3.010279604860268 -2.8938694679599055 -2.8945802699937335 -3.102297602936611 -3.3749774224028593 -3.6244535042066515 -3.8248340770512406 -3.961027332008225 -4.02380441453427 -4.009247820611183 -3.916178385627372 -3.7453088046696963 -3.49924831065272
-10.515606152820158 -10.13209937116181 -9.399778268437423 -8.464098843256995 -7.449569379729453 -6.428980996880571 -5.4609675081793885 -4.606141018096749 -3.9219368439362365 -3.4476815450906986 -3.1502321141002345 -2.9797479109214824 -2.9107240467961457 -2.9296851375587156 -3.0292181521553627 -3.207137392039519 -3.4420653983038223 -3.6783317101072113 -3.889797124370302 -4.067203076044637 -4.20272454239764 -4.287099569566131 -4.306797635012256 -4.244356400200544 -4.130278215271173 -3.998167231616407 -3.8501631228736564 -3.706060642570197 -3.5820590874448994 -3.47916686167723 -3.40338057436918 -3.3765879548907876 -3.452213325040538 -3.6248957596332723 -3.8513596094743523 -4.07471235454842 -4.260571933409458 -4.389025193497135 -4.446220558849358 -4.42510694149642 -4.32314944675816 -4.141555322452895 -3.889291830452362
-11.29047373389734 -10.748317051931998 -9.829358698906809 -8.750290414547319 -7.6675725664238215 -6.643919013675646 -5.7144427569815575 -4.907938121626855 -4.247547940877723 -3.7534590356596005 -3.4068401755396005 -3.1850309417240785 -3.071723473339926 -3.059691653178025 -3.1487824064089125 -3.3261271495904907 -3.5324542875975555 -3.7306043746246362 -3.9078058988437965 -4.052733210492102 -4.159432665114515 -4.220047012981363 -4.2257671251411475 -4.180600354546319 -4.107888323651188 -4.0205255195005485 -3.9266703943156087 -3.854384183555787 -3.8067396513189857 -3.7859522491874396 -3.798649411127298 -3.8580178005779633 -3.9807957537679837 -4.157549154853106 -4.3652275438409855 -4.570962958726065 -4.745508488684923 -4.867451627337557 -4.9204872983007855 -4.894094001915143 -4.784496130944085 -4.593409828290212 -4.350693997524734
-12.030808764836879 -11.167740984982178 -10.018852649517804 -8.852774721841238 -7.761890937015584 -6.7772801295732865 -5.909250125705109 -5.16427868586229 -4.544120927625696 -4.057227563854103 -3.69422109522246 -3.4405058011339418 -3.284891082626932 -3.222376350356341 -3.2540562464064067 -3.385820351121007 -3.5816079051685588 -3.7387177111321575 -3.8803310178822272 -3.993137303980258 -4.072399035610925 -4.112377241845657 -4.115087370339369 -4.082837193506758 -4.048645211771586 -4.009264328705598 -3.9813676676529832 -3.981608095082363 -4.009821175116077 -4.067734033608778 -4.159560806440388 -4.291370853672174 -4.466953856551624 -4.665181400398697 -4.8760461991157005 -5.079604489765386 -5.252672776840791 -5.374442029322853 -5.42753556036046 -5.398216992536811 -5.281220421358456 -5.085580996473077 -4.873802598134611
-12.49761703952019 -11.16305540909099 -9.903822274596061 -8.733383346935536 -7.680131005296876 -6.77628904328315 -6.005336861706068 -5.346822473835149 -4.792458768627838 -4.3453596032104 -3.9952095917169093 -3.7317657622489326 -3.5484070366284555 -3.4437101862456094 -3.421508794575964 -3.490004734879453 -3.6187033484264415 -3.703176023231168 -3.800239393834089 -3.8810286860095204 -3.9404172634072 -3.9771707740052022 -3.98543767371467 -3.9724167783696114 -3.9647504209247666 -3.9660827185616396 -4.003586889411613 -4.074804461869189 -4.175520687709501 -4.306071380669048 -4.467788923941193 -4.661776221524008 -4.887307364216619 -5.127136644949505 -5.355808920505453 -5.571585324815523 -5.75528128631638 -5.886637656080362 -5.946479582192708 -5.921356174926934 -5.810482369890935 -5.6232097899128615 -5.435029290431556
-11.19699100420068 -10.430919133934974 -9.394975589905911 -8.36718151228322 -7.429442138243566 -6.63900811867672 -5.991347195315812 -5.44731820750799 -4.993475342226748 -4.617001694972422 -4.3055002676179965 -4.0518841768860145 -3.8539359355791087 -3.7146472234291235 -3.64186199129274 -3.647419138710247 -3.700237529305389 -3.700827007024169 -3.6856772285939665 -3.728344786576086 -3.7791273866352646 -3.8163814746722746 -3.83399955032314 -3.850748789062594 -3.8737600296919106 -3.916084992641271 -4.0030525545576365 -4.130318151442691 -4.293211466357199 -4.4880679124034275 -4.711563057751173 -4.9602461798733355 -5.232905228654171 -5.5200830182240335 -5.780991239745041 -6.020637360055919 -6.228794506569786 -6.387228983583873 -6.475534835963245 -6.4737704167895345 -6.37274990206188 -6.1882538549415 -6.007196260475315
-9.820126412909998 -9.339610609575622 -8.5904499466465 -7.780177794713729 -7.021881134719322 -6.395989397240433 -5.895396114003371 -5.494607223185614 -5.171515787781966 -4.891405675996285 -4.6381293027811274 -4.407547866689728 -4.204141462933873 -4.0359296711207095 -3.9160131396711275 -3.8615844177458776 -3.8347754405099055 -3.7507907289751943 -3.6285425859067666 -3.564435007700471 -3.584559333238021 -3.624906015020833 -3.6639675380537318 -3.716455483803941 -3.775641142422388 -3.86236964055497 -3.9970272542230956 -4.173516939005493 -4.386167457277138 -4.630114955110431 -4.900901947116933 -5.1949989122985905 -5.509642081963959 -5.836219778111447 -6.147669712526215 -6.426444698218383 -6.678150079618113 -6.883813785561458 -7.016979253475213 -7.045862687763729 -6.950916959976354 -6.756318718539233 -6.562571814784362
-8.566629356929756 -8.17961296236382 -7.599898586505808 -6.980304679597431 -6.423617351729821 -6.003431724703092 -5.704180161130431 -5.480416161621714 -5.305004552502103 -5.154311194490551 -4.994644935962075 -4.819583473149552 -4.631281474558077 -4.4390808087465405 -4.272284343638203 -4.156324965225558 -4.034859108797214 -3.851126215753331 -3.6229108127206864 -3.439707079492854 -3.3648525813836967 -3.3981189984272078 -3.4759009630541513 -3.5706545881842526 -3.669042293653716 -3.8027185427024843 -3.983116107422056 -4.205304617490537 -4.462571293789197 -4.7491582185013534 -5.060217805783725 -5.393705497360761 -5.7441528843768035 -6.103570310031785 -6.460234656219733 -6.784366689415271 -7.085935438752018 -7.3511629135950685 -7.548417066828236 -7.622687630816859 -7.5264122708102255 -7.298577465389628 -7.069535652258861
-7.3992616020361 -7.001875293751616 -6.491781925401684 -6.016542413501497 -5.6736797511366905 -5.512561758734547 -5.464116081387585 -5.453544077579813 -5.443131963618814 -5.4165125273259305 -5.358512086541949 -5.248234919996795 -5.094048958422544 -4.9102076480425065 -4.714121600097411 -4.527827919308045 -4.293724573962968 -3.993221790887059 -3.6502384857036736 -3.3358003179252527 -3.159193306020318 -3.141950694089339 -3.2654989272770556 -3.4121905018338614 -3.5509474675895136 -3.733770696548637 -3.961072889397628 -4.225161766213503 -4.5213016561243515 -4.843657359135962 -5.189519074577665 -5.554652388656747 -5.93316571050972 -6.317975065047912 -6.700503087084228 -7.067481440798755 -7.416772560463974 -7.746307277566734 -8.031908716684525 -8.189203226044171 -8.07106209646141 -7.770911238841046 -7.488205032712415
-6.346903575641289 -5.870875296568667 -5.329016898620098 -4.9339682871663975 -4.840563466935021 -5.0068608285533935 -5.25160184549619 -5.477639513400228 -5.643574882707267 -5.737342651654327 -5.762695272183348 -5.712573340807878 -5.58668292089423 -5.407103088924671 -5.197447283578175 -4.959316936493842 -4.605571381997818 -4.17025107829048 -3.6927009676283937 -3.238639654859982 -2.9596058733167134 -2.8923549885085817 -3.0192540690164646 -3.2191146037802465 -3.4209691724757896 -3.657030335632041 -3.9306720407076865 -4.234658695214932 -4.563455836711963 -4.91605529910868 -5.288760587563676 -5.67648423950206 -6.07356470615939 -6.473517608537158 -6.868933411748257 -7.25164861403966 -7.632082656744734 -8.00597549166124 -8.370153961447482 -8.707586108291373 -8.487248792273117 -8.095636904083715 -7.77186392820275
-5.478525617258364 -4.884352081008204 -4.188934626212475 -3.7692595903772963 -4.031829108795289 -4.608255371648951 -5.1684428431767016 -5.6272552688492 -5.95966968847281 -6.162355956692943 -6.246553749933573 -6.234822413551054 -6.127308842212554 -5.9458475250028595 -5.719100721692023 -5.412450858739264 -4.964697422552243 -4.391803910372847 -3.7539848872013346 -3.14693548507282 -2.7662202512967236 -2.6599771211440655 -2.7771011821383755 -3.0328605718928348 -3.296066209763411 -3.582169655565173 -3.896400888515797 -4.234106407536819 -4.592862673604511 -4.969114249382898 -5.359264376055303 -5.759655914085055 -6.164692459992657 -6.567912539921941 -6.96192994323996 -7.338295727017888 -7.706756477912991 -8.07841032537171 -8.419054100641237 -8.64517118141118 -8.524805838841788 -8.19774381862545 -7.888891524825288
-4.879570472668121 -4.225140214781263 -3.3814399042960925 -2.5514352113764525 -3.544269885343538 -4.507486063841855 -5.3235146391044195 -5.9726755702655545 -6.439391002945524 -6.725037619878085 -6.850507159775971 -6.84897262915495 -6.746120051528381 -6.552964691694719 -6.293845605804129 -5.897737384775081 -5.353315464218355 -4.670657723421669 -3.877663470963652 -3.0952203061132706 -2.5986034666847044 -2.480402450798026 -2.6013941422561753 -2.8836997662372457 -3.198049652369283 -3.522104331512743 -3.866968689016346 -4.230601641522392 -4.610028807975866 -5.00184788751499 -5.402117812839909 -5.806220341587747 -6.208700819161391 -6.603357743724426 -6.98214914460527 -7.3348828158452894 -7.663418399470493 -7.981523479623682 -8.25263407363228 -8.393624607186434 -8.33473029968351 -8.110715252143038 -7.847924699898471
