_RESULTS/CROSS_VALIDATION_POSTPROCESSED/Berg/TZ/1comp/5/Berg_TZ_z_250_kriged_reverse_1comp_spherical_5.asc
ncols 100
nrows 90
xllcorner  5.6208707817415728
yllcorner 50.959635321741573
cellsize 0.00013419651685393446
nodata_value 1.7014100000000001E+038
[rows 57 to 75 of 90, columns 43 to 85 of 100]
23.481043217260165 23.449686125769336 23.420199336128096 23.400858212931983 23.403169893944746 23.43257854033618 23.47540830144728 23.515918177720934 23.544839253017468 23.559375039510694 23.560668198110108 23.55137101640278 23.534571279816994 23.512255047994817 23.486010285519647 23.458128835846637 23.430951523279255 23.406670594029926 23.38716906197888 23.373110914258184 23.364060055621426 23.36080544847699 23.363770193864205 23.371956439577303 23.382711929783117 23.39538360378517 23.409296245073584 23.423715702171677 23.437894005576943 23.45110587288386 23.462673818401562 23.471976969840007 23.479250792309337 23.484785065739572 23.48853157993088 23.492541451248027 23.497029961188698 23.501711095638424 23.50629906028143 23.51052406673853 23.514141271962753 23.516931259188283 23.518691246923566
23.515714817195555 23.496683497633768 23.479629683544243 23.46908699925186 23.468880407375778 23.48202810155981 23.505221242165113 23.529860928420806 23.549094378358834 23.559637689974178 23.561138240463148 23.554841088783967 23.542577469943822 23.525935582141 23.50663972842895 23.485934791989248 23.46548415889368 23.447007750259797 23.432019884094096 23.421713690553496 23.41657876968263 23.415808528410793 23.419595260228906 23.426585655148198 23.434930957601043 23.44422603649732 23.453978832919343 23.463649593746336 23.472685961785086 23.480547282055372 23.487123202491006 23.492594098196886 23.49666859873617 23.499090426679516 23.501353561119174 23.504110612159852 23.507158382937977 23.510275078638042 23.513233951947974 23.515813068975323 23.517799269857314 23.51898500521416 23.519226472041044
23.539329870751192 23.528513708064583 23.518939781471833 23.513063979113312 23.512703712127188 23.51807943801457 23.529073546758426 23.542460247226803 23.553786290615296 23.560357984885925 23.561262242015296 23.556767443948427 23.54755668907426 23.53472610029927 23.51962324015512 23.503672749313196 23.488252090278614 23.474512227849907 23.46332635869247 23.455628911953866 23.45207262920488 23.452964286228244 23.457546252060016 23.463559245010664 23.47003025849748 23.476689508831964 23.48319719633401 23.489255331629565 23.494842333465723 23.499751511724185 23.5037494129405 23.506592688562836 23.508020623983526 23.509060139533126 23.510514461174594 23.512254111209828 23.514121453006943 23.515940389955034 23.51752444695298 23.51868141786646 23.519213101864267 23.519226472041044 23.519226472041044
23.553411664201658 23.547890239046954 23.54285224453859 23.5396514002373 23.53922884594786 23.54170259410451 23.546312812085688 23.55234250712295 23.55790063801225 23.561151585854 23.561130708189943 23.557439122715103 23.5502745815724 23.540305228630164 23.52848330139597 23.515891152707447 23.503621511453172 23.49268642123434 23.4839493061725 23.478076651387255 23.475507321979727 23.476437830051808 23.48050935549548 23.485722548708406 23.491072757611093 23.4962262291179 23.5010579811858 23.505419613451785 23.50914691497588 23.512061960800327 23.513968253531644 23.514646901708552 23.514951509404767 23.51553648835722 23.516330352319905 23.517230904237962 23.518110786647647 23.518822760894164 23.519203283266048 23.519226472041044 23.519226472041044 23.519226472041044 23.519226472041044
23.560101248130884 23.557925652019467 23.555675383638082 23.55411192404386 23.553758806092066 23.55471566512012 23.556629706382413 23.558809885574977 23.560703687925074 23.561588145138 23.56053996862587 23.557085435146355 23.551217797750624 23.54331390385383 23.534016770594135 23.524118616065323 23.514458950983418 23.50584161790619 23.498970382433708 23.494401578437273 23.492512197877588 23.493481639704004 23.496469905653917 23.5000605823579 23.50397904358991 23.507944774046504 23.511649341778195 23.51470780219988 23.516960708210583 23.51825633758235 23.518468111301026 23.518463510976748 23.51857756098471 23.518780727148904 23.519014096808974 23.519191662871556 23.519226472041044 23.519226472041044 23.519226472041044 23.519226472041044 23.519226472041044 23.519226472041044 23.519226472041044
23.56155066075035 23.56144029948145 23.56091367752462 23.560404322152955 23.560220471617175 23.560453775124195 23.56097107543996 23.561461974822233 23.561551630856798 23.560890119484814 23.559021856092908 23.55560287206705 23.55057636580652 23.544157569081477 23.53677631196672 23.52900099131114 23.52146172935166 23.51478171714844 23.509520425313188 23.506129639400193 23.504921947309665 23.50595052656982 23.507884452800116 23.510160191802036 23.512577156752677 23.514916449083195 23.51695149616583 23.518453574038727 23.519190175215215 23.519226472041044 23.519226472041044 23.519226472041044 23.519226472041044 23.519226472041044 23.519226472041044 23.519226472041044 23.519226472041044 23.519226472041044 23.519226472041044 23.519226472041044 23.519226472041044 23.519226472041044 23.519226472041044
23.55968134103512 23.56079177714443 23.561320054481044 23.561510404282412 23.561549839935378 23.56151220800676 23.56133482639151 23.56086155553136 23.559895506130776 23.55826160174897 23.555851884186826 23.552569326222024 23.54822222049758 23.542953229142043 23.537068725839404 23.530983117532504 23.525167972880038 23.520100669492486 23.51621828601186 23.513879535871883 23.513335689292305 23.514132872792516 23.515211658402592 23.51642252013428 23.517606493735588 23.518583460372913 23.519156557753536 23.519226472041044 23.519226472041044 23.519226472041044 23.519226472041044 23.519226472041044 23.519226472041044 23.519226472041044 23.519226472041044 23.519226472041044 23.519226472041044 23.519226472041044 23.519226472041044 23.519226472041044 23.519226472041044 23.519226472041044 23.519226472041044
23.555990345173463 23.55772968335274 23.558830220711556 23.559417475787512 23.559587362746143 23.55938032077691 23.5588002811139 23.557773652698334 23.556207502336495 23.554026860136226 23.551202237299158 23.547765919976513 23.543816158463642 23.539508874910247 23.53491070206554 23.53024895643585 23.525888010308318 23.522197840779455 23.519519819089233 23.518136231150216 23.518107300368328 23.51842476098335 23.518793567670226 23.519105774787704 23.519226472041044 23.519226472041044 23.519226472041044 23.519226472041044 23.519226472041044 23.519226472041044 23.519226472041044 23.519226472041044 23.519226472041044 23.519226472041044 23.519226472041044 23.519226472041044 23.519226472041044 23.519226472041044 23.519226472041044 23.519226472041044 23.519226472041044 23.519226472041044 23.519226472041044
23.551027256371295 23.55301874034487 23.554366571406714 23.555117320480672 23.555309975017867 23.555012114092687 23.554229549564067 23.55293271218782 23.551091760356705 23.548695053688533 23.545765384699514 23.542370278939252 23.53862514276397 23.534690013771048 23.53076165206157 23.527062813436043 23.52383013565361 23.521301484001516 23.519703041371184 23.519226472041044 23.519226472041044 23.519226472041044 23.519226472041044 23.519226472041044 23.519226472041044 23.519226472041044 23.519226472041044 23.519226472041044 23.519226472041044 23.519226472041044 23.519226472041044 23.519226472041044 23.519226472041044 23.519226472041044 23.519226472041044 23.519226472041044 23.519226472041044 23.519226472041044 23.519226472041044 23.519226472041044 23.519226472041044 23.519226472041044 23.519226472041044
23.545277554203274 23.547262585028516 23.548630646140282 23.549379291075095 23.549570084853674 23.549241846615374 23.548392829364126 23.547022108610513 23.5451378761746 23.542767669443354 23.539967558967692 23.536828046073712 23.533475639852725 23.53007020487651 23.526798861622396 23.52386743588116 23.521490319793593 23.51987929166833 23.519231467584152 23.519226472041044 23.519226472041044 23.519226472041044 23.519226472041044 23.519226472041044 23.519226472041044 23.519226472041044 23.519226472041044 23.519226472041044 23.519226472041044 23.519226472041044 23.519226472041044 23.519226472041044 23.519226472041044 23.519226472041044 23.519226472041044 23.519226472041044 23.519226472041044 23.519226472041044 23.519226472041044 23.519226472041044 23.519226472041044 23.519226472041044 23.519226472041044
23.53922017981926 23.541012095542087 23.542238502510536 23.542929186429852 23.54311574843765 23.542795112662134 23.54197265890318 23.5406641707491 23.538900233901185 23.536731667201263 23.534234334589186 23.53151198246923 23.52869634748679 23.525944400111285 23.52343302867721 23.521351657232863 23.51989325945987 23.519244051706206 23.519226472041044 23.519226472041044 23.519226472041044 23.519226472041044 23.519226472041044 23.519226472041044 23.519226472041044 23.519226472041044 23.519226472041044 23.519226472041044 23.519226472041044 23.519226472041044 23.519226472041044 23.519226472041044 23.519226472041044 23.519226472041044 23.519226472041044 23.519226472041044 23.519226472041044 23.519226472041044 23.519226472041044 23.519226472041044 23.519226472041044 23.519226472041044 23.519226472041044
23.53329251910892 23.53476074508759 23.535805790224757 23.536422358075466 23.536589674216607 23.536302320122353 23.53556965973561 23.53441680967455 23.532886806961127 23.53104320331104 23.528972153283704 23.526783178054405 23.524608080954007 23.522597825838577 23.52091744969027 23.519739208912025 23.519234149936814 23.519226472041044 23.519226472041044 23.519226472041044 23.519226472041044 23.519226472041044 23.519226472041044 23.519226472041044 23.519226472041044 23.519226472041044 23.519226472041044 23.519226472041044 23.519226472041044 23.519226472041044 23.519226472041044 23.519226472041044 23.519226472041044 23.519226472041044 23.519226472041044 23.519226472041044 23.519226472041044 23.519226472041044 23.519226472041044 23.519226472041044 23.519226472041044 23.519226472041044 23.519226472041044
23.528257958174045 23.529049787848948 23.52990027440171 23.53040700377677 23.530545136834018 23.530308066050367 23.5297071744804 23.52877224156654 23.527552305816947 23.526116554338955 23.52455470157942 23.522976357065804 23.52150902234552 23.520294531062714 23.519483887883514 23.519226472041044 23.519226472041044 23.519226472041044 23.519226472041044 23.519226472041044 23.519226472041044 23.519226472041044 23.519226472041044 23.519226472041044 23.519226472041044 23.519226472041044 23.519226472041044 23.519226472041044 23.519226472041044 23.519226472041044 23.519226472041044 23.519226472041044 23.519226472041044 23.519226472041044 23.519226472041044 23.519226472041044 23.519226472041044 23.519226472041044 23.519226472041044 23.519226472041044 23.519226472041044 23.519226472041044 23.519226472041044
23.52504887014807 23.52437460576919 23.52497537413957 23.52534991186944 23.525452638111783 23.525276497543835 23.5248336281795 23.52415543349879 23.523292664038365 23.522315261383568 23.521311645434647 23.520387129928206 23.51966121211114 23.519263564112496 23.519226472041044 23.519226472041044 23.519226472041044 23.519226472041044 23.519226472041044 23.519226472041044 23.519226472041044 23.519226472041044 23.519226472041044 23.519226472041044 23.519226472041044 23.519226472041044 23.519226472041044 23.519226472041044 23.519226472041044 23.519226472041044 23.519226472041044 23.519226472041044 23.519226472041044 23.519226472041044 23.519226472041044 23.519226472041044 23.519226472041044 23.519226472041044 23.519226472041044 23.519226472041044 23.519226472041044 23.519226472041044 23.519226472041044
23.523845816571974 23.52151438941808 23.52140792901748 23.521638226777007 23.521702164499093 23.52159273232857 23.52132198085828 23.520920889937933 23.520438968309502 23.51994343577209 23.519517788973534 23.519259540456375 23.519226472041044 23.519226472041044 23.519226472041044 23.519226472041044 23.519226472041044 23.519226472041044 23.519226472041044 23.519226472041044 23.519226472041044 23.519226472041044 23.519226472041044 23.519226472041044 23.519226472041044 23.519226472041044 23.519226472041044 23.519226472041044 23.519226472041044 23.519226472041044 23.519226472041044 23.519226472041044 23.519226472041044 23.519226472041044 23.519226472041044 23.519226472041044 23.519226472041044 23.519226472041044 23.519226472041044 23.519226472041044 23.519226472041044 23.519226472041044 23.519226472041044
23.524632780632235 23.5207848265525 23.51949464351326 23.519577040279984 23.51960110974776 23.51956021652431 23.519465733643997 23.51934676533014 23.519249433863042 23.519226472041044 23.519226472041044 23.519226472041044 23.519226472041044 23.519226472041044 23.519226472041044 23.519226472041044 23.519226472041044 23.519226472041044 23.519226472041044 23.519226472041044 23.519226472041044 23.519226472041044 23.519226472041044 23.519226472041044 23.519226472041044 23.519226472041044 23.519226472041044 23.519226472041044 23.519226472041044 23.519226472041044 23.519226472041044 23.519226472041044 23.519226472041044 23.519226472041044 23.519226472041044 23.519226472041044 23.519226472041044 23.519226472041044 23.519226472041044 23.519226472041044 23.519226472041044 23.519226472041044 23.519226472041044
23.526728126526244 23.521815551903426 23.51940074986484 23.519226472041044 23.519226472041044 23.519226472041044 23.519226472041044 23.519226472041044 23.519226472041044 23.519226472041044 23.519226472041044 23.519226472041044 23.519226472041044 23.519226472041044 23.519226472041044 23.519226472041044 23.519226472041044 23.519226472041044 23.519226472041044 23.519226472041044 23.519226472041044 23.519226472041044 23.519226472041044 23.519226472041044 23.519226472041044 23.519226472041044 23.519226472041044 23.519226472041044 23.519226472041044 23.519226472041044 23.519226472041044 23.519226472041044 23.519226472041044 23.519226472041044 23.519226472041044 23.519226472041044 23.519226472041044 23.519226472041044 23.519226472041044 23.519226472041044 23.519226472041044 23.519226472041044 23.519226472041044
23.528768907558742 23.523074693018522 23.51981147123955 23.519226472041044 23.519226472041044 23.519226472041044 23.519226472041044 23.519226472041044 23.519226472041044 23.519226472041044 23.519226472041044 23.519226472041044 23.519226472041044 23.519226472041044 23.519226472041044 23.519226472041044 23.519226472041044 23.519226472041044 23.519226472041044 23.519226472041044 23.519226472041044 23.519226472041044 23.519226472041044 23.519226472041044 23.519226472041044 23.519226472041044 23.519226472041044 23.519226472041044 23.519226472041044 23.519226472041044 23.519226472041044 23.519226472041044 23.519226472041044 23.519226472041044 23.519226472041044 23.519226472041044 23.519226472041044 23.519226472041044 23.519226472041044 23.519226472041044 23.519226472041044 23.519226472041044 23.519226472041044
23.530563580082056 23.524260683187293 23.520316753772235 23.519226472041044 23.519226472041044 23.519226472041044 23.519226472041044 23.519226472041044 23.519226472041044 23.519226472041044 23.519226472041044 23.519226472041044 23.519226472041044 23.519226472041044 23.519226472041044 23.519226472041044 23.519226472041044 23.519226472041044 23.519226472041044 23.519226472041044 23.519226472041044 23.519226472041044 23.519226472041044 23.519226472041044 23.519226472041044 23.519226472041044 23.519226472041044 23.519226472041044 23.519226472041044 23.519226472041044 23.519226472041044 23.519226472041044 23.519226472041044 23.519226472041044 23.519226472041044 23.519226472041044 23.519226472041044 23.519226472041044 23.519226472041044 23.519226472041044 23.519226472041044 23.519226472041044 23.519226472041044
