_RESULTS/CROSS_VALIDATION_POSTPROCESSED/Berg/TZ/1comp/5/Berg_TZ_z_90_kriged_reverse_1comp_spherical_5.asc
ncols 100
nrows 90
xllcorner  5.6208707817415728
yllcorner 50.959635321741573
cellsize 0.00013419651685393446
nodata_value 1.7014100000000001E+038
[rows 57 to 75 of 90, columns 43 to 85 of 100]
1.7200761343164672 1.7381167130849182 1.751994107470649 1.7599413651342415 1.7590320755708735 1.746458794519068 1.7236412827665668 1.6931495665172145 1.6576769951492025 1.619734528237856 1.581175930136395 1.5435282175591933 1.5079940054591967 1.4741298771162812 1.4420337238640488 1.412789031519028 1.3873194399362319 1.3663735058436661 1.3505193942697544 1.3395422261833478 1.3326539201876304 1.3302090659921222 1.3324355025876407 1.3386560863554875 1.3470007228656 1.357103302518112 1.3685695839139338 1.380920685207371 1.3935981328239784 1.4059653458282468 1.4173079976429472 1.426836804869805 1.4345783850574036 1.4406622354239769 1.44488576022845 1.4495084814665158 1.4548195374943511 1.4605278157560952 1.4663094514768167 1.4718173437529611 1.4766897486478854 1.4805577182265164 1.4830513546141595
1.6933399708070094 1.7092029693086153 1.7209861136550886 1.7274542926204246 1.7275758083668231 1.7194356513913045 1.7025181482958327 1.6785879427563075 1.6498227053315377 1.6183499347199024 1.5858630815763612 1.5538258039330006 1.5230736796509772 1.4938174019269188 1.46674674726136 1.4419489490519668 1.4201455497689448 1.4020666692650043 1.3882764980210112 1.379174976661681 1.3747440355841325 1.374085024006176 1.3773389633300837 1.3834416095025166 1.3909010033109277 1.3994532178811205 1.4087343579036251 1.418289370147508 1.4275795347870859 1.435987844700573 1.4432876216408064 1.4495699162709172 1.45438629514638 1.4573097378226416 1.46008530807667 1.4635271647334216 1.4674147384631437 1.4714874811133145 1.4754530460978448 1.4789953573234393 1.481782161148356 1.4834718281528059 1.4838183911260976
1.666303928214792 1.680147846943916 1.6902557400324578 1.6957748051940176 1.6960991866993798 1.6910923860134843 1.6795043697438974 1.6615768241353617 1.6391539821116057 1.6139537012973233 1.5874770492477632 1.560646897027493 1.53394340461065 1.5082650538620874 1.4843897053234545 1.4629759329514664 1.4445675892273004 1.4295041872163063 1.4179638320514558 1.4103386152276969 1.4068937498295873 1.4077530537981353 1.4122158058313843 1.418198332701005 1.424809970631965 1.4318209532281694 1.438898396292065 1.4457120684343494 1.4522121741597362 1.4581160404862263 1.4630723176054663 1.4666862963381133 1.4685312816922107 1.4698876295056333 1.4718046054428413 1.4741286162943819 1.476662627041358 1.4791724186664044 1.4813933659188045 1.4830373072108156 1.4837991794551852 1.4838183911260976 1.4838183911260976
1.6401182378674077 1.6521811643171014 1.660954199600513 1.6658369459727425 1.666449842284903 1.662759728039948 1.6551005221918251 1.642744050473112 1.6262592653075885 1.6070195744675442 1.5857725768264412 1.563320401196592 1.5406263686218977 1.518546174195224 1.4978260664355374 1.4791039208081087 1.4629115448473062 1.4496776976753964 1.439731967908884 1.4333099348036271 1.4305599890965326 1.4315518911896503 1.435946479863366 1.4417108025067211 1.4478025159185866 1.453857318083058 1.4597203202591427 1.4651858310408072 1.4700013690133078 1.4738702167866076 1.4764531421694294 1.4773833392742861 1.4778027291523494 1.4786114530140348 1.479716052749553 1.4809792391139713 1.482224140893795 1.4832394442798351 1.4837850727299218 1.4838183911260976 1.4838183911260976 1.4838183911260976 1.4838183911260976
1.6156444811364614 1.6261615282395312 1.6338566860745394 1.6382950930395122 1.6392255729730039 1.6366470355073313 1.6308276837132338 1.6224472032194723 1.6113562330926585 1.5969252009016346 1.5801195894263282 1.5618890810080852 1.5431143987232951 1.5245924633178434 1.5070287834220826 1.4910343187116626 1.477125147777474 1.4657240605798116 1.457163712348546 1.451691247231516 1.4494743536472263 1.4506086011498818 1.4541485138600578 1.4584942558602425 1.463361344133384 1.4684327552165874 1.4733167824273683 1.4774670945976842 1.4805990911157443 1.482431116018788 1.4827327966352175 1.4827262365018328 1.482888962659887 1.4831793010473155 1.4835135366134222 1.4837683791222238 1.4838183911260976 1.4838183911260976 1.4838183911260976 1.4838183911260976 1.4838183911260976 1.4838183911260976 1.4838183911260976
1.5935255751438924 1.6027032364448297 1.6095127088527634 1.6136296512435664 1.614879855040389 1.613276499831721 1.608958950617415 1.602243535246744 1.593565654780783 1.5831905287936172 1.570589822891423 1.5563975052001866 1.5414116989370923 1.5263665904746346 1.5119218750421255 1.4986568722855955 1.4870680094280382 1.4775688112442027 1.4704918619539926 1.466092403228287 1.4645533086219593 1.4658632453235156 1.4683544423964299 1.471335508305444 1.4745640141901801 1.4777543976342826 1.4805861478648057 1.48271206730442 1.4837662421298032 1.4838183911260976 1.4838183911260976 1.4838183911260976 1.4838183911260976 1.4838183911260976 1.4838183911260976 1.4838183911260976 1.4838183911260976 1.4838183911260976 1.4838183911260976 1.4838183911260976 1.4838183911260976 1.4838183911260976 1.4838183911260976
1.5742521393747475 1.5822641788707552 1.5883332673027613 1.59216747728893 1.5934920606692216 1.5922194445982214 1.5885662770515148 1.582915249556157 1.57556944415667 1.566891547163793 1.5572709816764145 1.5468688400829922 1.5355209121622782 1.5238452625213137 1.512454159315571 1.5018926009119427 1.4926342920004343 1.485080265364495 1.4795596191500373 1.4763319618884452 1.4755912186180553 1.476678254058908 1.4781618396387655 1.4798448348853406 1.4815093288480483 1.4828973849435416 1.4837179598538273 1.4838183911260976 1.4838183911260976 1.4838183911260976 1.4838183911260976 1.4838183911260976 1.4838183911260976 1.4838183911260976 1.4838183911260976 1.4838183911260976 1.4838183911260976 1.4838183911260976 1.4838183911260976 1.4838183911260976 1.4838183911260976 1.4838183911260976 1.4838183911260976
1.5577643624482507 1.5645400173055986 1.5696131535786813 1.5727234784214068 1.573696684107975 1.5725155644493352 1.5694635314179388 1.564728315203743 1.5585498397816058 1.551222717895958 1.5430725300837729 1.5344356065291749 1.5256440950646826 1.5170110360161568 1.508589143491587 1.5006837139957938 1.4937437598032814 1.488155205257281 1.4842405634878402 1.4822603017111302 1.4822191870286934 1.482670990381158 1.4831976709748391 1.483645055315494 1.4838183911260976 1.4838183911260976 1.4838183911260976 1.4838183911260976 1.4838183911260976 1.4838183911260976 1.4838183911260976 1.4838183911260976 1.4838183911260976 1.4838183911260976 1.4838183911260976 1.4838183911260976 1.4838183911260976 1.4838183911260976 1.4838183911260976 1.4838183911260976 1.4838183911260976 1.4838183911260976 1.4838183911260976
1.542603675745617 1.5481740757369682 1.5522920802445768 1.5547418465467402 1.5553915767010953 1.5543908484806828 1.551857999541994 1.5479218188141748 1.542776093392646 1.5366634782255908 1.5298583396136147 1.5226511578880946 1.5153360344150997 1.5082018147498657 1.5015266052282754 1.4955750820232026 1.4905978895425722 1.4868324830775348 1.4845048938275298 1.4838183911260976 1.4838183911260976 1.4838183911260976 1.4838183911260976 1.4838183911260976 1.4838183911260976 1.4838183911260976 1.4838183911260976 1.4838183911260976 1.4838183911260976 1.4838183911260976 1.4838183911260976 1.4838183911260976 1.4838183911260976 1.4838183911260976 1.4838183911260976 1.4838183911260976 1.4838183911260976 1.4838183911260976 1.4838183911260976 1.4838183911260976 1.4838183911260976 1.4838183911260976 1.4838183911260976
1.5287826530609887 1.5332571429713193 1.5365067328187707 1.5383512696398192 1.5388295419418818 1.5380088424901672 1.5359310208271615 1.5327007525907161 1.5284773409999213 1.52346337149846 1.5178921730976715 1.5120158441196985 1.5060950605162506 1.5003912615184898 1.4951612905706395 1.4906542377436274 1.4871100739975531 1.4847596372931626 1.4838255699172034 1.4838183911260976 1.4838183911260976 1.4838183911260976 1.4838183911260976 1.4838183911260976 1.4838183911260976 1.4838183911260976 1.4838183911260976 1.4838183911260976 1.4838183911260976 1.4838183911260976 1.4838183911260976 1.4838183911260976 1.4838183911260976 1.4838183911260976 1.4838183911260976 1.4838183911260976 1.4838183911260976 1.4838183911260976 1.4838183911260976 1.4838183911260976 1.4838183911260976 1.4838183911260976 1.4838183911260976
1.5164606250485606 1.5199304067908146 1.5223834892404755 1.523795685559971 1.524181138851097 1.5235197442505073 1.5218459713665595 1.5192464701741957 1.5158543122184869 1.5118408526531135 1.5074064630530528 1.5027713351312855 1.4981672776417592 1.4938310570125362 1.4899994833549197 1.4869061833361568 1.4847798455058339 1.4838436554127914 1.4838183911260976 1.4838183911260976 1.4838183911260976 1.4838183911260976 1.4838183911260976 1.4838183911260976 1.4838183911260976 1.4838183911260976 1.4838183911260976 1.4838183911260976 1.4838183911260976 1.4838183911260976 1.4838183911260976 1.4838183911260976 1.4838183911260976 1.4838183911260976 1.4838183911260976 1.4838183911260976 1.4838183911260976 1.4838183911260976 1.4838183911260976 1.4838183911260976 1.4838183911260976 1.4838183911260976 1.4838183911260976
1.505780880344808 1.508325801694229 1.5101748165624882 1.511281270529916 1.511583587706431 1.5110649261284865 1.5097541750835852 1.5077242521897416 1.5050879702879918 1.501992099182607 1.4986104410913559 1.4951367469134975 1.4917781594789188 1.4887496493556482 1.4862696781019036 1.48455713080609 1.4838294247137531 1.4838183911260976 1.4838183911260976 1.4838183911260976 1.4838183911260976 1.4838183911260976 1.4838183911260976 1.4838183911260976 1.4838183911260976 1.4838183911260976 1.4838183911260976 1.4838183911260976 1.4838183911260976 1.4838183911260976 1.4838183911260976 1.4838183911260976 1.4838183911260976 1.4838183911260976 1.4838183911260976 1.4838183911260976 1.4838183911260976 1.4838183911260976 1.4838183911260976 1.4838183911260976 1.4838183911260976 1.4838183911260976 1.4838183911260976
1.497466202215212 1.4987354789644227 1.5001139135034853 1.5009429015817422 1.5011699025695726 1.5007805828503895 1.4997995388548273 1.4982890614466196 1.4963461154380213 1.4940979419455536 1.4916968318986212 1.4893146473237509 1.4871375977242567 1.4853616481918275 1.4841887847308786 1.4838183911260976 1.4838183911260976 1.4838183911260976 1.4838183911260976 1.4838183911260976 1.4838183911260976 1.4838183911260976 1.4838183911260976 1.4838183911260976 1.4838183911260976 1.4838183911260976 1.4838183911260976 1.4838183911260976 1.4838183911260976 1.4838183911260976 1.4838183911260976 1.4838183911260976 1.4838183911260976 1.4838183911260976 1.4838183911260976 1.4838183911260976 1.4838183911260976 1.4838183911260976 1.4838183911260976 1.4838183911260976 1.4838183911260976 1.4838183911260976 1.4838183911260976
1.4924516953995959 1.491422816979659 1.4923391475870125 1.4929137248280786 1.4930717673794325 1.4928008974694107 1.492122362370103 1.4910901229406939 1.4897886126317361 1.4883294395575297 1.4868474061611023 1.4854962533377811 1.484444503873526 1.483871702602001 1.4838183911260976 1.4838183911260976 1.4838183911260976 1.4838183911260976 1.4838183911260976 1.4838183911260976 1.4838183911260976 1.4838183911260976 1.4838183911260976 1.4838183911260976 1.4838183911260976 1.4838183911260976 1.4838183911260976 1.4838183911260976 1.4838183911260976 1.4838183911260976 1.4838183911260976 1.4838183911260976 1.4838183911260976 1.4838183911260976 1.4838183911260976 1.4838183911260976 1.4838183911260976 1.4838183911260976 1.4838183911260976 1.4838183911260976 1.4838183911260976 1.4838183911260976 1.4838183911260976
1.4906215752353627 1.4871454972359186 1.4869888891653849 1.4873278942376567 1.4874221622923596 1.487260858194614 1.486862586437741 1.4862747095833977 1.4855716645971022 1.4848524633231865 1.4842376374757413 1.4838659185305259 1.4838183911260976 1.4838183911260976 1.4838183911260976 1.4838183911260976 1.4838183911260976 1.4838183911260976 1.4838183911260976 1.4838183911260976 1.4838183911260976 1.4838183911260976 1.4838183911260976 1.4838183911260976 1.4838183911260976 1.4838183911260976 1.4838183911260976 1.4838183911260976 1.4838183911260976 1.4838183911260976 1.4838183911260976 1.4838183911260976 1.4838183911260976 1.4838183911260976 1.4838183911260976 1.4838183911260976 1.4838183911260976 1.4838183911260976 1.4838183911260976 1.4838183911260976 1.4838183911260976 1.4838183911260976 1.4838183911260976
1.491815808591006 1.4860758522085264 1.4842042821583517 1.484323061652805 1.484357778093286 1.4842988011154692 1.4841626307690319 1.4839913589389364 1.483851391183553 1.4838183911260976 1.4838183911260976 1.4838183911260976 1.4838183911260976 1.4838183911260976 1.4838183911260976 1.4838183911260976 1.4838183911260976 1.4838183911260976 1.4838183911260976 1.4838183911260976 1.4838183911260976 1.4838183911260976 1.4838183911260976 1.4838183911260976 1.4838183911260976 1.4838183911260976 1.4838183911260976 1.4838183911260976 1.4838183911260976 1.4838183911260976 1.4838183911260976 1.4838183911260976 1.4838183911260976 1.4838183911260976 1.4838183911260976 1.4838183911260976 1.4838183911260976 1.4838183911260976 1.4838183911260976 1.4838183911260976 1.4838183911260976 1.4838183911260976 1.4838183911260976
1.495050633338022 1.4875894985877034 1.484069051531856 1.4838183911260976 1.4838183911260976 1.4838183911260976 1.4838183911260976 1.4838183911260976 1.4838183911260976 1.4838183911260976 1.4838183911260976 1.4838183911260976 1.4838183911260976 1.4838183911260976 1.4838183911260976 1.4838183911260976 1.4838183911260976 1.4838183911260976 1.4838183911260976 1.4838183911260976 1.4838183911260976 1.4838183911260976 1.4838183911260976 1.4838183911260976 1.4838183911260976 1.4838183911260976 1.4838183911260976 1.4838183911260976 1.4838183911260976 1.4838183911260976 1.4838183911260976 1.4838183911260976 1.4838183911260976 1.4838183911260976 1.4838183911260976 1.4838183911260976 1.4838183911260976 1.4838183911260976 1.4838183911260976 1.4838183911260976 1.4838183911260976 1.4838183911260976 1.4838183911260976
1.4982837089325645 1.4894618164162619 1.4846615580909548 1.4838183911260976 1.4838183911260976 1.4838183911260976 1.4838183911260976 1.4838183911260976 1.4838183911260976 1.4838183911260976 1.4838183911260976 1.4838183911260976 1.4838183911260976 1.4838183911260976 1.4838183911260976 1.4838183911260976 1.4838183911260976 1.4838183911260976 1.4838183911260976 1.4838183911260976 1.4838183911260976 1.4838183911260976 1.4838183911260976 1.4838183911260976 1.4838183911260976 1.4838183911260976 1.4838183911260976 1.4838183911260976 1.4838183911260976 1.4838183911260976 1.4838183911260976 1.4838183911260976 1.4838183911260976 1.4838183911260976 1.4838183911260976 1.4838183911260976 1.4838183911260976 1.4838183911260976 1.4838183911260976 1.4838183911260976 1.4838183911260976 1.4838183911260976 1.4838183911260976
1.5012002447367874 1.4912497815735752 1.4853939400445555 1.4838183911260976 1.4838183911260976 1.4838183911260976 1.4838183911260976 1.4838183911260976 1.4838183911260976 1.4838183911260976 1.4838183911260976 1.4838183911260976 1.4838183911260976 1.4838183911260976 1.4838183911260976 1.4838183911260976 1.4838183911260976 1.4838183911260976 1.4838183911260976 1.4838183911260976 1.4838183911260976 1.4838183911260976 1.4838183911260976 1.4838183911260976 1.4838183911260976 1.4838183911260976 1.4838183911260976 1.4838183911260976 1.4838183911260976 1.4838183911260976 1.4838183911260976 1.4838183911260976 1.4838183911260976 1.4838183911260976 1.4838183911260976 1.4838183911260976 1.4838183911260976 1.4838183911260976 1.4838183911260976 1.4838183911260976 1.4838183911260976 1.4838183911260976 1.4838183911260976
