_KRIGING/Kriged_data_classic_aproach/Quarry MHZ/Middle layer/Middle data MHZ_z_500.asc
ncols 100
nrows 81
xllcorner 5.5967110659292922
yllcorner 50.982328804750004
cellsize 0.00017502814141414209
nodata_value 1.7014100000000001E+038
[rows 36 to 53 of 81, columns 0 to 41 of 100]
0.35289790584003727 0.34577417338359645 0.33558457787767232 0.32211675391931222 0.30550223708833452 0.2862482005389238 0.26521470204675263 0.24353566410381206 0.22249210363285737 0.20335558030259332 0.18722639242105915 0.1748931877218492 0.16673774286494242 0.16270114022803167 0.16231686322915234 0.16480454889196589 0.16920759753403664 0.17455057164002202 0.17998963195921741 0.18493150780861628 0.18910303741825413 0.19256269229203188 0.19565580210737027 0.19892446159042892 0.20298971570665386 0.20842661651425792 0.21565193967025081 0.22484030569784391 0.23587829796814824 0.24835930685117186 0.26161561118153204 0.27477965932791865 0.28686414896919404 0.29685028807787206 0.30377504512152909 0.30681048937334499 0.30533068188224483 0.29896340440438601 0.28762505673297573 0.271537441081528 0.25122530057996056 0.22749390277451095
0.31173016796767389 0.30465746708963387 0.29585564183588714 0.28513661812998731 0.27255621040135397 0.25844521187983155 0.24339671598474105 0.22820712502472867 0.21377717040935412 0.20098762509743123 0.1905703820382319 0.18299776492819092 0.17841066530252198 0.17659965275923156 0.17704378503776846 0.17900130929934394 0.18163690096049262 0.184163426677666 0.18597372498242365 0.186739982884566 0.18646443101283255 0.1854739766213776 0.1843612490708853 0.18388345374617449 0.18483681566496762 0.18792723850511189 0.19365686610099481 0.2022420274277173 0.21357168270943455 0.22720839192253278 0.242427407904587 0.25828484963970449 0.27370361046276798 0.28756568371894609 0.29880141481395128 0.3064689679033703 0.3098201263382877 0.30835072274756287 0.30183518212581101 0.29034494688020418 0.27425036428656874 0.25420553377113853
0.27601757113763364 0.26905557057126922 0.26155926051943196 0.25335577663995862 0.24442249046569092 0.23491775159624378 0.22517828886361185 0.21568003255391593 0.20696654375098339 0.19955645375993619 0.19384668834981872 0.19003045416402481 0.18804731976816896 0.18757738493171955 0.18808347528155128 0.18889612169006981 0.18932765298557058 0.18879577823938215 0.18693478108234812 0.18367434586074977 0.1792716848515124 0.17429088684631605 0.16953261586070495 0.16592567006932751 0.1643979125458282 0.16574669612361342 0.17052783997043669 0.1789779391554836 0.19097837357781305 0.20606224556739866 0.22345904792127164 0.24216727935815369 0.26104309092319539 0.27889336019197075 0.29456379793238946 0.30701589049620209 0.31538968671887274 0.31905185774437134 0.31762968817297516 0.31103175400346644 0.2994554527078484 0.28338091793029796
0.24574584339828759 0.23883742517290957 0.23242535436007522 0.22634728336169646 0.22050587657455673 0.21489921419947727 0.20962777640994906 0.20487418834929333 0.20085789436809837 0.19777298049493025 0.19572206512544016 0.19466133769766408 0.19437077336446423 0.19445932309034403 0.19440823143192137 0.19364789732627591 0.19165647793892499 0.18806328144585521 0.1827380300276969 0.17584876988037218 0.16787627160224666 0.15958021667801031 0.15192083500483827 0.14594730542640766 0.1426696930077479 0.14293348996156452 0.14731464353170354 0.15604870559262435 0.16900144250863997 0.18568127593581912 0.2052877001838585 0.22678547472655369 0.24899253857485765 0.2706702317905274 0.29060696568285044 0.30769000953361408 0.3209635133836693 0.32967340803345041 0.33330096488917432 0.33158660266300261 0.32454446862942488 0.31246711130391946
0.22052351564423983 0.21350636546576413 0.20784413943571561 0.2033851411135062 0.19996715827392203 0.19744723350763055 0.19571727915188314 0.19470128066801801 0.194334412977411 0.19452926646027541 0.19513836539294266 0.19592422010397353 0.19654764487355797 0.19658193260760021 0.19555525634607346 0.1930174270181842 0.18862121642106505 0.18220417653318682 0.17385525897307691 0.16395202571284578 0.15315865268916667 0.14238144625231641 0.13268594671417466 0.12518642449868789 0.12092334848059683 0.12074630150821075 0.12521852398588595 0.13455514471023056 0.14860115346297659 0.16684858571927436 0.1884865838425332 0.21247407009677061 0.23762331097366779 0.26268364960477297 0.28641754082902471 0.30766476489128392 0.3253942398998087 0.3387453107607829 0.3470612946316961 0.34991746132622387 0.34714403622893142 0.33884301697362235
0.19966447001310433 0.19229097096006914 0.18696401336419616 0.18354743963233405 0.18182922613204916 0.18155003572565592 0.18242613327632601 0.18416214053339713 0.18645232317319232 0.18897279657975258 0.19137027004472446 0.19325484552930355 0.19420435806396702 0.1937856485739245 0.19159435618313087 0.18731010090819439 0.18075935773032731 0.17197498400579164 0.1612401155826047 0.14910542663539289 0.13637244650684999 0.12404109905061278 0.11322581878936699 0.10505025464599205 0.10053452691583076 0.10049042960856613 0.10543857589624672 0.11555758511595637 0.13066986272645209 0.15026253091843561 0.17353688956769614 0.19947644885879506 0.22692262131481139 0.25464854023130001 0.28142457101881224 0.30607291048851781 0.32751213578210003 0.34479477806473635 0.35714150026217961 0.363974338201417 0.36494929232965906 0.35998619265164022
0.18230169441850169 0.17426523623977369 0.16881557287398558 0.16584117296979711 0.16509926732981622 0.16624235078688715 0.16884678722002816 0.17243890816985014 0.17651590179649596 0.18056131454124641 0.184057436970333 0.18649851993487859 0.18740914884060184 0.18637099358010328 0.18305873340791173 0.17728276633800949 0.16903312410108745 0.15851665792831643 0.14617873080318955 0.13270173035853106 0.11897566495219236 0.10604044752063591 0.095004376800539192 0.08694777883613003 0.082823799834615408 0.083369241332487909 0.089036846292280258 0.099956855094331609 0.11593071126514543 0.13645458043661562 0.1607659844088774 0.18790425840003305 0.21677517844234445 0.2462118773669183 0.27502743868759605 0.30205833714966479 0.32620110840849453 0.34644641774145807 0.36191464859744571 0.3718953923224102 0.37589043625741236 0.37365695835340951
0.16751671027244847 0.15848212321848903 0.15244585761699142 0.1493333361148515 0.14889264109734329 0.15071795096899981 0.15428204865625844 0.15897339136149308 0.1641338880861461 0.16909490844671377 0.17321068896940878 0.17588970036503332 0.17662525915306621 0.17502647222329776 0.17084951813489418 0.16402758214577379 0.15469595986894019 0.14320749610460448 0.13013313964492668 0.11624328377666171 0.10246774269369896 0.089835373573731503 0.079397894996049989 0.072145611757343242 0.068924779914862566 0.070366678869400734 0.076836901348034892 0.088410166732404316 0.10487175820852979 0.12574240151158433 0.15032001429540626 0.17773003110845559 0.20697630804275463 0.23698677020300607 0.26665132986503093 0.29485319717535635 0.32049749636424929 0.34254229131727199 0.36003638298061214 0.3721658013049246 0.37830751165664533 0.37808551164134063
0.15446775016761555 0.14410341595776022 0.13704608660117545 0.13327244234584523 0.13254397590296529 0.13442624858357155 0.13832344736105029 0.14352400786883479 0.14925254442617858 0.15472358598619135 0.15919344115535689 0.16200758719947533 0.16264196390118718 0.16073719431591998 0.15612493289003077 0.1488453088778719 0.13915399559802222 0.1275170971302263 0.11459211772796263 0.10119399387287953 0.088246583793299416 0.076721968054228484 0.06757205370994035 0.061658791621938547 0.059690292924389099 0.062169876391764523 0.069363465195879104 0.081287988885879847 0.09772007118831405 0.11822105213378575 0.14217209246709517 0.16881234246821758 0.19727415686102606 0.22661186386199517 0.25582397411239471 0.28387199515835704 0.30970123293163337 0.33226940874073829 0.35058737477652735 0.36377301863099021 0.37111544619171599 0.37214282602876458
0.14250045920490451 0.13050968714794797 0.12205723308468353 0.11718586078843984 0.11569244188558836 0.11714191151483366 0.12090205015410549 0.12619529393132567 0.13216214436802576 0.13792992792472625 0.14268066257405387 0.14571249681152587 0.14649036959045347 0.14468293060154302 0.1401841146017927 0.13311891167429091 0.1238337530944561 0.11287258109786003 0.10094020633137746 0.088855114969304094 0.077494558977507677 0.06773553794909859 0.060396024296183737 0.056181255572246847 0.055639841149195957 0.059133590725968577 0.066823319945007564 0.078670608823597221 0.094453003845365813 0.11378804485806382 0.1361603533681065 0.16094625752492348 0.18743213861293467 0.21482554152374889 0.24226140173794214 0.26880859348781816 0.29348351778876602 0.31527703855230388 0.33319864958403683 0.34633779166369172 0.35393768760779071 0.35547310593965853
0.13122754477604126 0.11737696611598525 0.10724063068238421 0.10094121487720564 0.098330910673651073 0.098999053017475025 0.10230542399979348 0.10743601079640464 0.11347533782449493 0.11948764921246735 0.12459842373627128 0.12806802367296577 0.12935059561473594 0.12813339064016793 0.12435409786133367 0.11819621580814277 0.11006460119876638 0.10054492392490311 0.090351742041800187 0.08027033101534109 0.071097370374514246 0.063585233308265487 0.058394023534810047 0.056054673860884807 0.056945324327392854 0.061281797237574209 0.069121316185785209 0.080376841425420564 0.094837823615191774 0.11219221480442465 0.13204460431801446 0.15392659197271447 0.17729790789844796 0.20153992599489834 0.22594638311412457 0.24971844687122824 0.27197199402782835 0.29176362051329668 0.30813856524391919 0.32019901411645091 0.32718622432319161 0.32856582503220583
0.12056809019511461 0.10471107524510093 0.092705154178038041 0.084764288291658052 0.080812658185720587 0.080485123589682517 0.08315754715338175 0.088004440658833283 0.094077803391466763 0.10039822527476361 0.10604776729391985 0.11025405170012459 0.11245638804058278 0.11234737367570979 0.10988678760708759 0.10528818639218163 0.098981857106464788 0.091560239818057387 0.083713338230089751 0.07616193758947809 0.06959577218940638 0.064622377619684923 0.061730510001520078 0.061269970013652197 0.063447623482678517 0.068337496516636231 0.075901159417283703 0.086013348098277764 0.09848710520550974 0.1130928841356974 0.12956722895137329 0.14760885116776634 0.1668629541170305 0.18689800801405826 0.20718212661626823 0.22706793534948821 0.24579468855073489 0.2625140938893018 0.27634206094130476 0.28643317973182897 0.2920693337004488 0.29274977194077578
0.11074267776275903 0.09283610601137815 0.078887952993136889 0.069211100478980936 0.063814117758174693 0.062393989216047552 0.064362219609575999 0.068902527921737566 0.075053925816257139 0.081809316399231169 0.088217477414736067 0.093475819622001244 0.097002733478511627 0.098481415486238899 0.097871266620132347 0.095387559099244013 0.091454311758780826 0.086638542568282184 0.081575849497281916 0.076897466011185966 0.073167684599640848 0.070838195063361753 0.070222909459164762 0.071493713756438981 0.074694695643917286 0.079770040591847002 0.086599160034439016 0.095031849664677703 0.10491647162818307 0.11611537546564688 0.12850400564263731 0.14195323068791244 0.15629800746261852 0.17129898253354464 0.18660629629514869 0.20173595533670224 0.21606813574274086 0.22887353782200348 0.23936882493169581 0.24679616526630294 0.25051623982450394 0.25010013780132628
0.10222637032475357 0.082339497517579407 0.066491640015564735 0.055097510490781265 0.048257502209768544 0.04574246325897946 0.047014659648240031 0.051283922122634995 0.057592851063042905 0.064920539752984507 0.072291368723025884 0.078874580403438643 0.084061755867324561 0.087512760779452248 0.089165605421847816 0.089211115652816475 0.088038395764392541 0.086160942648634387 0.084135368698913582 0.082484790128496965 0.08163718616480431 0.081885879222674096 0.083375348949714323 0.086111533840211307 0.08999217339830945 0.094850032563439268 0.10050029242543357 0.10678310572932614 0.11359330843204718 0.12089146153261054 0.12869357763119182 0.13704073371613223 0.14595378870166054 0.15538195804737204 0.16515631507592388 0.17495972269611831 0.18432284000136984 0.19265171999408087 0.19928667558054541 0.20358559907639989 0.20501914819766903 0.20326153801437391
0.095667201471663188 0.073981892399877958 0.056386515183174724 0.043395194792061997 0.035202257406895421 0.031659218313595638 0.032290026388912207 0.036344334386943733 0.042882873310763014 0.050883970097024833 0.059356800212576055 0.067445793573212787 0.074511986527322827 0.080180827709175895 0.08435134756071172 0.087167719807166422 0.088959989579619259 0.090165130967814311 0.091241933868032032 0.092593226054147437 0.094506767867645558 0.097122336917363161 0.10042780088521452 0.10428217437023146 0.10845950233511992 0.11270445400242546 0.11678906611195006 0.12056024558304579 0.12396935046243629 0.12707819060545178 0.13003977262721411 0.13305657367509671 0.13632345250802735 0.13996578406036286 0.14398531467544518 0.14822599274889237 0.15236935496642012 0.15596412391514375 0.15848821100911498 0.15943449904319562 0.15840603995384395 0.15520302426582866
0.091782336462011949 0.068584575958615557 0.049491033718929711 0.035107345037572846 0.025718547817913273 0.021258853563927649 0.021320957151314546 0.025205378940389989 0.032004219319576532 0.040708187797052209 0.050321895298594321 0.059970951758345881 0.068985729433965415 0.076950543314547315 0.08371276984325704 0.089353018301936982 0.094123685926210343 0.098367969940928668 0.10243389664774993 0.10659783507937493 0.11100945620921066 0.11566576309350263 0.12041650700137752 0.12499795821740667 0.12908746676694649 0.13236816145979657 0.13459185346587266 0.13562881570153718 0.13549544686159798 0.13435455579447952 0.13248762611489517 0.13024332864010735 0.12797103281419997 0.12595137908037002 0.12433741865665027 0.12311890697323535 0.12211890653760316 0.12102624788316263 0.11946046522942877 0.11705884513818293 0.11356967941815821 0.10893304878169086
0.091246817314921569 0.066910148925127477 0.046646587526851246 0.031140214885505668 0.020758586885046726 0.015516239901325446 0.015078201533651581 0.018804636314000978 0.025831378109424041 0.035175263085440389 0.045849006527617697 0.05696871671368442 0.067838394092729737 0.07799974305638957 0.087241606105057934 0.095570202769618473 0.10314784383764597 0.11021272301395879 0.11699492625975039 0.12364359376887679 0.13017739809093876 0.13646579664269176 0.14224280702817327 0.1471493656474322 0.15079559569427509 0.15283122287566747 0.153011315411195 0.151245546816768 0.14762206116865551 0.14240131449465754 0.13598036362082111 0.12883325524878886 0.12143765473426338 0.11420087983310767 0.10739941942432807 0.10114442084192243 0.09538151099382941 0.089927152814843203 0.084536502552376436 0.078990775878847008 0.07318693730230269 0.067210390942030462
0.094590368180484607 0.069552672578527042 0.048503251447940099 0.032187184205322183 0.021042075176553543 0.015156576923476384 0.014268558186970925 0.017804565408095052 0.024955743433986322 0.034779389353987278 0.046310983538551675 0.058669768113538301 0.071142137292996677 0.083231091872988494 0.094666056856272829 0.1053743222179363 0.11542192901887571 0.12493677775681811 0.13402922143756169 0.142725066046547 0.15092292796933299 0.1583829585302739 0.16474801876346318 0.16959255424282743 0.17248966130541571 0.17308387686404331 0.17115644671157165 0.16667125807225253 0.15979297159307998 0.15087361997120935 0.14040934894956225 0.12897425878131974 0.11714263513016465 0.10541347650545985 0.094151542259060084 0.083556870863962462 0.073669978964525096 0.064413359373146406 0.055662525159370535 0.047333091935387483 0.039465711321463537 0.032289268947881533
