_KRIGING/Kriged_data_classic_aproach/Quarry MHZ/Middle layer/Middle data MHZ_z_1000.asc
ncols 100
nrows 81
xllcorner 5.5967110659292922
yllcorner 50.982328804750004
cellsize 0.00017502814141414209
nodata_value 1.7014100000000001E+038
[rows 18 to 35 of 81, columns 0 to 39 of 100]
0.042683165510943949 0.043670000217353955 0.044012385728953995 0.043608335006715848 0.042390453401038947 0.040333891628002133 0.037461427473814951 0.033845290964379243 0.029605668417751779 0.024906068679239363 0.019945879583624565 0.014950493421080208 0.010159381055809685 0.0058125079421775527 0.0021355687851219718 -0.00067530068595392234 -0.0024684122337256531 -0.0031498062467048282 -0.0026935052568831941 -0.0011472796085534587 0.0013673259453278741 0.0046614712717528983 0.008492049346681102 0.012580447387958577 0.016635369760736624 0.020377363259031445 0.023562301192137175 0.02600109103140863 0.027573289284977986 0.028233080728287729 0.028007088532712582 0.026984569868843483 0.025301552215248713 0.023121233687540821 0.020613404625344278 0.017935701632729673 0.015219189753266915 0.012560140797990893 0.010019024535210086 0.0076267570733333234
0.042078706581266195 0.043000509631101552 0.043271447558042742 0.042785692890572186 0.041471327478841941 0.039298952324571118 0.03628771569673625 0.032508312391206301 0.028082766856931646 0.023181003512714099 0.018014310681058604 0.012825841973958058 0.0078783254854391804 0.0034392349796870947 -0.00023612656089158635 -0.0029228554182920974 -0.0044447943578019011 -0.0046913841397873413 -0.0036311032188451053 -0.0013195226067475307 0.0020997183050856238 0.0064020690302394045 0.011297467302647052 0.016452973764454398 0.021520538332420208 0.026166920778537217 0.030102313776198014 0.033104250525968798 0.03503393761914847 0.035843156950992022 0.035571167728389252 0.034332402396070993 0.032296972874509833 0.029666902635958559 0.026651455418301218 0.023444900405606817 0.020209570769565977 0.017066232929654257 0.014092719853567859 0.011330635789468441
0.04100977241333556 0.04182622288903512 0.041992153467433652 0.041399524832585993 0.039973152815327512 0.037679922490284928 0.034535773061705272 0.030609944757512303 0.026026166464995976 0.020960585467734133 0.015636294243750543 0.010314329981728182 0.0052810767236421696 0.00083216186478449194 -0.0027467396591473181 -0.0052012951381025518 -0.0063306106121569228 -0.0060079734976177523 -0.0041977778844314584 -0.00096609014247148184 0.0035173350917875046 0.0089869694053843208 0.015099546629747856 0.021461012675950714 0.027659811556284358 0.033302844800851966 0.038049860026571652 0.04164207993416405 0.043921592224724443 0.044839278498551377 0.044450659489873673 0.042900708960216333 0.040400166628907969 0.037196934171482759 0.033546624360971389 0.029686212095364206 0.025814067818179909 0.022078576975925523 0.018576245411171949 0.015358848297577943
0.039581763666139275 0.040263880771020805 0.040301817301173631 0.039586775716313277 0.038041512603391586 0.035630111572442863 0.032365920677698917 0.028317083681580785 0.023609201999848256 0.018424711893705953 0.012998560619924854 0.0076097672341579325 0.0025685372565362463 -0.0018011545972076715 -0.0051831439057592743 -0.0072937927350195386 -0.0079080447898561002 -0.0068842841872649718 -0.0041849492407758648 0.00011025312134391174 0.0058012589881683285 0.012576424544865933 0.020033456678137579 0.027711080476642919 0.035128358865395531 0.041827259666823324 0.047413360244841524 0.051589651583312857 0.054179271387036487 0.055134528578979519 0.054531523445766228 0.052551689610213642 0.049453349979048988 0.045537610929957201 0.041113447022270433 0.036466613882030152 0.031836157961539657 0.027400953998508892 0.023277131153245312 0.019525686554087845
0.03790188409186554 0.038432833039993425 0.038331284922252545 0.037488933001248975 0.035827583780342648 0.033309447904482953 0.029946009242826727 0.025804839061616652 0.02101374608664916 0.015761623063019731 0.010295293178682913 0.0049116424251433866 -5.5562350916887882E-005 -0.004254439419451167 -0.0073390186849362771 -0.0089973736291650008 -0.0089817418354023737 -0.0071376089161811207 -0.0034281007457226675 0.0020501079959648616 0.0090626587905836276 0.017247267857848331 0.026137775583641748 0.035200857986115941 0.043881786208926798 0.051654046331943704 0.058066788013874687 0.062784151396206356 0.065611551733644802 0.066505824322891288 0.065568441245773268 0.063023409937314812 0.059183546597308845 0.054410251012921934 0.049072491815607189 0.043510403205480525 0.038007812694282023 0.032776400145710649 0.027952328207078214 0.023604378934178188
0.036069927704014043 0.036444911828725085 0.036203957993150654 0.035240269464937274 0.033475658641766576 0.03087131713908095 0.027437578642917376 0.023241978504799671 0.018414854492923766 0.013151625744122625 0.0077107743564203968 0.0024065183600709694 -0.0024046910520664488 -0.0063442995641102284 -0.009038128799775641 -0.010147919861607929 -0.0094055061016226349 -0.0066460999980750002 -0.0018364300849726123 0.004906707578957753 0.01331134558254124 0.022961200496042805 0.033323002553879072 0.043788461138402568 0.053726714813640636 0.062541274399033092 0.069724472932467196 0.074902518339116736 0.077865435880644179 0.07857830853341824 0.077172915417110355 0.073921665200079478 0.069198144832769315 0.063430259202693157 0.057052587169079183 0.050464181226920812 0.043996737002180097 0.03789614275940667 0.032318248381004167 0.027337624019457829
0.034171623375221477 0.03439702690442667 0.03402765688043638 0.032958990412207373 0.031113584226028584 0.028452284832816671 0.024984831809310964 0.020779094859701502 0.015968045842857242 0.010753386530040071 0.0054045886409183896 0.00025205084851995241 -0.0043267481593273482 -0.00792872397041125 -0.010154050949543719 -0.010641006263499314 -0.0091040503875195189 -0.0053711549814625947 0.00058447703252015315 0.0086233626114465556 0.018433785651885998 0.029543840706678509 0.041352111384115015 0.053174944238139843 0.064305638458287268 0.074078759876277378 0.081931634012103738 0.087455146914917958 0.090427328474560476 0.090825610474547291 0.088816731713270786 0.084726468789563941 0.078994150085471143 0.072118803091768519 0.06460451509459525 0.056912105351124231 0.049422685184095483 0.04241646115813219 0.036067641141387913 0.030453952986452648
0.032275029093560587 0.03236702905643582 0.031889926733115276 0.03074195381802422 0.028846862835781167 0.026165536680268303 0.022707367000169704 0.018540578617795206 0.013800464017781872 0.0086942454348984677 0.0035010723694976764 -0.001434402103697302 -0.0057162187593430558 -0.0089198619346345931 -0.010623358868049132 -0.010445198491965374 -0.0080860394619639842 -0.0033697765496665533 0.0037214422557341476 0.013023901297908896 0.024185662718535977 0.036679845699423758 0.049838600964492497 0.062905557089680098 0.075101558105816091 0.085696132842892903 0.094075820284542172 0.099800531960692357 0.10264062053143075 0.10259002595226571 0.099854330811907255 0.094816170266772942 0.087983580880772516 0.07992901192921123 0.071227543897249501 0.062402303362351669 0.053883327020840782 0.045983601200580204 0.038893177257622341 0.032689621583398554
0.030429926910787469 0.030412804817572331 0.0298567733612288 0.028662988296562303 0.026756495567242994 0.024098197818580885 0.020696935584310711 0.016620796866989668 0.012006490226796979 0.0070653130387795249 0.0020839994633309045 -0.00258133967423127 -0.0065197397480585562 -0.0092892794280905744 -0.010450175352988117 -0.0096054347792689232 -0.0064457790000436443 -0.00079401272517001797 0.0073570618882929095 0.017819369828603854 0.030202366143094767 0.043927533918071388 0.058265458437561313 0.072393093801929015 0.085465588246442376 0.0966944026615425 0.10542198096161556 0.11118326122610089 0.11374592835398767 0.11312427265425221 0.109565336677798 0.10351003711944234 0.095535439291185964 0.08628674885349874 0.076408507075846954 0.066483860225298369 0.056988836274657811 0.048265740720738942 0.040516630802788445 0.033814891231725153
0.028669680108402956 0.028574036157872879 0.027974250448210863 0.026774237586984911 0.024900026869861452 0.022312042793382808 0.019017815665882315 0.015084172659440259 0.010647624990888421 0.0059213171318527047 0.0011966289399819308 -0.0031625529048209533 -0.0067346161669848137 -0.0090650752039540816 -0.0097013337097826835 -0.0082356222684285829 -0.0043526052816491856 0.0021234995565222736 0.011188606859393851 0.022631886831987441 0.036028179157910317 0.050753613284418492 0.066025427706450396 0.080963475809382707 0.094667398870568048 0.10630058756731747 0.1151704269736985 0.12079431517274397 0.12294265669120619 0.12165322228035352 0.11721540439714551 0.11012726001326512 0.10103205286506997 0.090643634628273378 0.079671032756959331 0.06875195381904467 0.058402794865996366 0.048989660261583606 0.040721417700600504 0.033662602878888503
0.027014660802073015 0.026875674444531844 0.026271905182847805 0.025109515593458392 0.023314771446727084 0.020846594709106409 0.017709835137641544 0.013968247454216182 0.0097557802508074498 0.0052843980584976469 0.00084636558279202467 -0.0031911470271359932 -0.006400989264214757 -0.0083215818307051104 -0.0084929405895648735 -0.006501356937848618 -0.0020290568066850534 0.0050965768541982592 0.014860858927465109 0.027033717881452951 0.04116185253275248 0.056585288701563097 0.072479427868561874 0.087919985311170595 0.1019644991526259 0.11374104047830136 0.12253299344539331 0.1278487265488592 0.12946675665888802 0.12745037838724266 0.12213013633610742 0.11405718876197118 0.10393472541466514 0.092537452656737323 0.080630296906306131 0.068896795365572194 0.057885378325000791 0.047978411286860118 0.039385117644373274 0.032156006872710724
0.025476194930859147 0.025332000197575949 0.024766892638836774 0.023688436037683641 0.02202195515174496 0.019723323644270291 0.016792738441588101 0.0132884039506381 0.0093386322624316731 0.0051504573846090362 0.0010125626151134826 -0.0027097384926403623 -0.0055894091821356018 -0.0071636288735404119 -0.0069706068236141949 -0.004595392097762635 0.00027911918833831151 0.007821570295074104 0.018008782815643748 0.030596870394650838 0.045113235088408005 0.060873782594577819 0.077026532978378692 0.09261897915349096 0.10668267828949485 0.1183253626569884 0.12681898194143054 0.13167199165815896 0.13267601754796871 0.12992052136811522 0.12377369912621744 0.11483275849519176 0.10385108075670135 0.091652819634881866 0.0790467367252356 0.066750390877541477 0.055333424350355487 0.045185155515518327 0.036507695808660923 0.029332068143205825
0.024060020867444715 0.023950190277178124 0.023467615130643632 0.02252011542769547 0.021030515629363616 0.018949636269701559 0.016270526891164677 0.01304279965459007 0.0093854782568162098 0.0054963565354360921 0.0016555666086743581 -0.0017789833990025372 -0.0043862953659248582 -0.0057082540133404358 -0.0052867149835691685 -0.0027097877862447828 0.002336552470460912 0.010017203473204922 0.020303988429842129 0.032946362701653048 0.047463301628232368 0.063160810735225198 0.079176302606725896 0.094547197266711819 0.10829715064332568 0.11953002153049203 0.12751972624409214 0.13178397747074461 0.13213171567537446 0.12867759744453272 0.12182163352460501 0.11219715314379425 0.10059481346933699 0.087873582510084369 0.07487097728087086 0.062324181751268221 0.050811230240842997 0.040717765825164148 0.032230696675328019 0.025356124338020286
0.022768497797856807 0.022732571612636282 0.022376011646397992 0.021605520272315853 0.020339574170416846 0.018521596360588893 0.016134619373942977 0.013216233936188843 0.0098721534780985276 0.0062863027482460143 0.0027250591149528824 -0.00046673841522329451 -0.0028800212355108157 -0.0040671183291637603 -0.0035785848521348307 -0.001009289566355015 0.0039501170204605252 0.011462031411255263 0.02149797714701765 0.033809268258666952 0.047918790713739196 0.063138372730033421 0.078613038495978949 0.093389559815133055 0.10650275331556541 0.11706963774438489 0.12437954780252664 0.12796808825745726 0.12766458016416954 0.12360619793050104 0.11621676122397412 0.10615331201181921 0.094228263782549282 0.081318241664012608 0.068272186256756323 0.05583068890987819 0.044566074078115275 0.034848987188476926 0.026842924042880689 0.020524024516191453
0.0216011776933481 0.021677148729674384 0.021488055219109431 0.020937979662330325 0.019939049715882978 0.018424775912187691 0.0163651320963841 0.01378210678175959 0.010763977099120997 0.0074761424297997425 0.0041660995591385752 0.0011601608892760351 -0.0011500758239958719 -0.0023326261979896012 -0.0019511631977689181 0.00038973832555014298 0.0049939933414029081 0.012023624122699222 0.021455435686638019 0.033051951687443543 0.046353042332503092 0.060692670752472838 0.075242086101050348 0.089076989944771534 0.10126229273921297 0.11094476324554176 0.11744183023452676 0.12031451912255858 0.11941418948545118 0.11489620531690625 0.107198382329979 0.096987214926316012 0.085079582850602381 0.07235104764487954 0.059643396692029366 0.047683567995675136 0.037023678163487783 0.028008104990941973 0.020769182665163144 0.015248839548467286
0.020553794780023366 0.020776469336959175 0.020792525629959896 0.020501921516752314 0.019808445932817581 0.01863321521717895 0.016930170487427038 0.014702236780104044 0.012016321268453284 0.0090149285918872113 0.0059219489066072162 0.0030402335611078024 0.00073901219912117511 -0.00056991304258316444 -0.00046693789953769493 0.0014315368794895755 0.0054240075253596809 0.011674899429489932 0.02017233516636438 0.030699597380925508 0.042826512260204369 0.055925066649437749 0.06921060648659616 0.081806308561270358 0.092824834025374614 0.10145783379965098 0.10706193799331506 0.10922951733925493 0.10783406328056827 0.10304334759638265 0.095298093120557453 0.08525894713637483 0.073729212701392433 0.061564237151443463 0.049579990736177526 0.038472952581018127 0.028761107678236031 0.020752142978854138 0.014540533681949297 0.01003092012149237
0.0196161441347322 0.020015345391160205 0.020268611151427057 0.020270408417189495 0.019914390464932902 0.019107050015657795 0.017783641175342896 0.01592496223578263 0.013573105459790596 0.01084390231094165 0.007933609886234122 0.0051174884977036317 0.0027383923293134715 0.0011843818009925344 0.00085565493810355053 0.0021226912852372049 0.0052792196434719163 0.010495191624731864 0.017776048577492459 0.026934897472378344 0.037583525322655104 0.049146391761650643 0.060898955747936079 0.07202824389938195 0.081709973315001322 0.089193430768862991 0.09388330611580975 0.095407263175885326 0.093659428410908463 0.088813074369896716 0.081300120322155195 0.071759948967311304 0.06096459748156588 0.049730816567035513 0.038831203720910867 0.028916337604121017 0.0204576783373355 0.013717406118393838 0.0087470362421336323 0.0054123469063194207
0.018769636035005782 0.019368288092814406 0.019883260021878318 0.020202443065792747 0.020207929797882856 0.019789824067260348 0.018862596952636229 0.017382511605326528 0.015364154457039619 0.012893758885678425 0.010136869611770266 0.0073380491397816161 0.0048108333402288872 0.002917030376103108 0.0020357010596116776 0.0025236648169027764 0.0046709716240162791 0.0086562249226312671 0.014507650083982998 0.022076098961052365 0.031025550479927944 0.040845025212428165 0.05088327099698095 0.060404386929775844 0.06865920052350008 0.074964273192328068 0.078778463572450358 0.079766490445973504 0.077840140295132171 0.073170585801246912 0.066169328248945142 0.057439894135305536 0.047706808499810127 0.037731756396545302 0.028228629158629448 0.019789034581690096 0.012827889493785383 0.0075553065259956198 0.0039767766829498785 0.0019193846784626434
