_RESULTS/CROSS_VALIDATION_POSTPROCESSED_CLR/MHZ/IZ/5comp/2/MHZ_IZ_z_180_kriged_reverse_5comp_spherical_2.asc
ncols 100
nrows 81
xllcorner 5.5967107548124995
yllcorner 50.982328804812504
cellsize 0.00017565037499993607
nodata_value 1.7014100000000001E+038
[rows 0 to 19 of 81, columns 44 to 87 of 100]
5.493523734034257 5.518227475814722 5.5464576881827865 5.579155070688168 5.623808137823707 5.679236112394899 5.743310671566455 5.8139525020970435 5.889171226762957 5.967114785736451 6.046119207333663 6.124743669455728 6.2019644096708655 6.278229742881091 6.3529711851706185 6.42509498975278 6.492747336535705 6.5522616295026745 6.596164839752007 6.611360904495514 6.5853565201356385 6.521706159952949 6.436528686573313 6.343484318217315 6.250732701199171 6.161209107990901 6.073358164120575 5.988721018226539 5.908610985571434 5.8341289260635705 5.7662536430018045 5.705890288190792 5.653897643241323 5.611104206818528 5.578318064027855 5.556333154562522 5.545933376547246 5.545174313900251 5.545174313900251 5.545174313900251 5.545174313900251 5.545174313900251 5.545174313900251 5.545174313900251
5.496203728252624 5.527747267001807 5.5625456800541775 5.602693089259869 5.655184256603226 5.718276667116584 5.789721669040519 5.867302265000259 5.94888444381714 6.032490583497058 6.116384361543787 6.199146487814949 6.279715422303795 6.358080576572631 6.43451325951454 6.509357979266186 6.5824733800522965 6.65229258712999 6.712948003190096 6.744636586092153 6.710540856995699 6.6198680255223215 6.509976540178695 6.398165426548318 6.290857111426751 6.191414039975368 6.098146281714734 6.009204289287281 5.925559756559844 5.848095553262366 5.777646155655846 5.715017908725231 5.660999922607383 5.616370280303492 5.581987463264304 5.558677547084527 5.547100001452854 5.546022388738002 5.5461702687465815 5.546190563004457 5.546079060744019 5.545859364505918 5.545581994986337 5.545322542115901
5.495550452083413 5.537511360650564 5.58135446221356 5.628981861975916 5.68878489530353 5.759017103472638 5.837291109145161 5.9212088961006835 6.008422550327781 6.096736561971879 6.183731931038834 6.265952114104886 6.343236862446836 6.41667079392704 6.48873762932748 6.560690032743572 6.633587019106701 6.708181597106087 6.784395490057264 6.855609423649523 6.805923821122487 6.679002151988884 6.55266078362334 6.430902235471082 6.314736026357333 6.207030130276074 6.10989986595379 6.018857323808522 5.933516730694609 5.854638037744951 5.7829778293934275 5.719305555624944 5.664678305986524 5.619847787888658 5.585414426056942 5.561993699466499 5.550220362766004 5.549166213495014 5.5494941874132175 5.549538213068529 5.549293483365628 5.548786922931853 5.548075996889889 5.547246268964618
5.489556210292096 5.542367039364642 5.596821628553868 5.653951187016851 5.7203191125503015 5.79609663364876 5.880330742814523 5.97048433964226 6.063336374278705 6.152508017131591 6.235666547319273 6.311850514374933 6.381826722978087 6.447031910869941 6.510389540932117 6.573801454083235 6.638531061265704 6.705119717090077 6.771902131113726 6.823625357442598 6.778796023511644 6.663198938618404 6.541639529633288 6.42377577671298 6.311702093146579 6.206154632186146 6.107613980085131 6.016962271943019 5.931956241591962 5.853355715660493 5.782240555548241 5.719658152628306 5.666185132269055 5.622400185937056 5.588890848699027 5.5662587889486606 5.5551253415785995 5.554490036035444 5.555011701248198 5.555081274678563 5.554693194814386 5.5538785823481165 5.552703620308379 5.551266263912931
5.475025898575585 5.534020657696554 5.594788897622675 5.658826325728029 5.733054957939587 5.815325467582029 5.904822634470568 5.998488236941291 6.089583633216361 6.176179190683499 6.2564868191315215 6.329140403535261 6.393473829782828 6.449547063089057 6.499981532658575 6.549290484454318 6.598440803195914 6.646077669093021 6.685862834630904 6.69992746650955 6.662708139776985 6.580083552652013 6.479143547283051 6.375045294271971 6.273736701974864 6.177623943054689 6.087741294046508 6.003532644787787 5.921019136831532 5.845067548642049 5.776758263145452 5.716722761667338 5.665567975600448 5.623888939684922 5.592278902547406 5.5713384414722045 5.561684178574421 5.561845371636197 5.562577375018321 5.56267472546881 5.56213088830826 5.560982386353744 5.559306542444662 5.557555818650599
5.440956141749075 5.504668768921112 5.571292969009495 5.641476828253903 5.72261047894823 5.813183201041334 5.905402690562118 5.995218628221577 6.08316093128406 6.166691875601459 6.243187715817967 6.310614567817403 6.368114336222365 6.416014402460612 6.456350037000717 6.490698003794573 6.520171495190087 6.545835588450812 6.561566093035202 6.556648975036353 6.521536828771751 6.45817857041769 6.3779609583549375 6.291439784523218 6.2049853469352785 6.121947334913334 6.044021294564769 5.972078704370251 5.901777637137494 5.8310789024669445 5.766927968328098 5.710655397085066 5.662928185595581 5.624377524837459 5.595615981958833 5.577251974408001 5.569903024589903 5.571082564874406 5.5720455830910165 5.572173487935505 5.57145846106803 5.57064436393707 5.575266909983776 5.584619407492262
5.388533403775952 5.456048537900861 5.527643001996108 5.60313509259115 5.689880502721142 5.782434145050091 5.8736551351582555 5.961284209693948 6.046131419195228 6.126734712699866 6.1990697664936825 6.259865364223247 6.307988747554202 6.34457178986302 6.372592453516427 6.394626981584649 6.410033416913714 6.4163332260809325 6.413899524812635 6.397956008242696 6.36413663425333 6.313080525351531 6.2499629304573645 6.180993755397031 6.111047097401959 6.043280291885699 5.979630522315251 5.922079509562595 5.8681971999613465 5.81145522798427 5.753301368510671 5.701872977459123 5.658585804648534 5.6241161961070185 5.599102094228826 5.584162927930936 5.579917982499928 5.582050279109684 5.58327042449788 5.583432404767943 5.587601224570762 5.600361118208088 5.619074606233144 5.64119345444225
5.320141372089385 5.389924217577512 5.465104786779371 5.5450379603370115 5.6313181364835865 5.719824144793365 5.809091124513139 5.896840922437989 5.980116988935666 6.058874322473222 6.127761161560236 6.180969416984816 6.216911218117131 6.238784528094651 6.2519374877899 6.260479110622251 6.264506909953975 6.261613955713884 6.247838424128223 6.225030249819367 6.192969138364972 6.15153583237872 6.102978472317084 6.0506155191727045 5.997572414045595 5.946236429795036 5.899130749507581 5.857688783419881 5.8207043707320505 5.780789441795461 5.736430223918509 5.691003297780427 5.653043045900596 5.623514515034851 5.6030788778497636 5.592363094338504 5.5918626751973255 5.594594695229092 5.596379385673812 5.6064250260801325 5.627130793409634 5.6555955071405055 5.688971346252299 5.724491567260874
5.237926837084913 5.307959618996625 5.384891237582571 5.4659528740431975 5.544689445311537 5.627328053365148 5.713174848322164 5.8003693843646325 5.885455999151519 5.964779234083199 6.032939673763845 6.078241300294847 6.097972814229524 6.100909570933186 6.096978618584136 6.0918174112326335 6.085957112154421 6.077466019844666 6.062903034526899 6.038749666665228 6.009615962475978 5.977242357734306 5.942165253531609 5.905772193826115 5.8696864137994185 5.835917645259052 5.806578013629973 5.78228720859682 5.76257616393558 5.740042156461689 5.712339440352767 5.678825311454329 5.646939113039098 5.623106255270144 5.608002016362218 5.602251028106415 5.6052261377346255 5.609038932866014 5.623372232610202 5.64814936500969 5.680517125231889 5.719482722281921 5.7636011998873835 5.810938374362563
5.1435783866709075 5.2117117401575825 5.287939908818604 5.362490029098388 5.432582434656541 5.506901783053258 5.586976702833011 5.671688562763961 5.758654105543992 5.843040289448338 5.9173497719900015 5.955788607484783 5.951310706930183 5.930246089659519 5.908349131130643 5.890725475886567 5.877366263802337 5.866359624211996 5.854620829123348 5.838474373108164 5.815673397852841 5.79301819088082 5.771461443174959 5.750985267437229 5.732150230418856 5.716853744899317 5.705817448928833 5.699336308934812 5.697184818600277 5.692224047524007 5.681383178817862 5.664017436925419 5.64100205080275 5.623510055454731 5.614408859466757 5.614305912229885 5.618535304857828 5.625766825879735 5.643320793919955 5.671110466668658 5.708691337542886 5.755176952303376 5.809147684374481 5.868576199448432
5.040058376447884 5.103496629184969 5.172534168863568 5.237127360921857 5.297996116169641 5.360917181185597 5.431790222965586 5.5101410505181825 5.59480480196242 5.683723004975707 5.77483293647995 5.813118698890604 5.767180637669485 5.721917834356113 5.685343815602187 5.658770649954824 5.641312573805534 5.631179018706228 5.625537794258598 5.6207239627195715 5.612713119309827 5.601650075099268 5.5944575792397275 5.590373015957498 5.589632123696106 5.593099403220626 5.600670601593594 5.612350068794012 5.627902926363482 5.640368682364464 5.646283199465895 5.64503232164393 5.6359550241406815 5.625388621397547 5.622532593022409 5.6178855488745585 5.611537344941459 5.616867166310455 5.6344897363592015 5.664544769621266 5.706816223593975 5.7606141528427965 5.824626669135491 5.896782044103997
4.930727785648465 4.987024995422458 5.042708916866764 5.094013662958904 5.143135400795494 5.192767438657361 5.250491449730066 5.318574125991029 5.395035181805769 5.47613712733151 5.5537580769679575 5.579925399428934 5.532955232631845 5.480865753886802 5.43696316639942 5.404318905720807 5.384069431014253 5.376166756818355 5.379085367321497 5.388667733802763 5.39931341600696 5.406336976272788 5.414911755942415 5.428181366192846 5.446251312204088 5.468672833976299 5.494950098514506 5.524860400690947 5.5580410306387975 5.587464337778098 5.609722409566674 5.62423380939501 5.630377716864557 5.626257366548977 5.611127360772415 5.59027248921218 5.5807682842885855 5.585200067924382 5.603225342156232 5.634720150891103 5.679728196072476 5.738303640214857 5.81025634968968 5.894863203913605
4.818359181558099 4.863229753419999 4.903008653782791 4.938526425295304 4.973098032894793 5.011419495309661 5.056902333137627 5.113304961643329 5.176184874458958 5.237911628573677 5.2834197332204305 5.293693150672222 5.26553300719751 5.220717084903147 5.176795391734681 5.141945471709228 5.120850603691179 5.115795523574246 5.126251525287925 5.148976114979856 5.179094150729479 5.209933982141816 5.237094472248651 5.26899657610499 5.306249478444719 5.347654873746413 5.392487177283901 5.440399776260626 5.490803327262901 5.536399751200452 5.574287726151061 5.603928475986813 5.619925488368262 5.610431845044687 5.586110651119219 5.565067648878507 5.55766046763969 5.563400309432415 5.58206941916254 5.613801887301475 5.659094618908231 5.71860679116737 5.79273980154352 5.881164578843631
4.706761343565882 4.736323200570614 4.758166974535807 4.778448639370933 4.8016014171312404 4.829627251621675 4.863306574124853 4.905139308518471 4.953087511555773 4.996968489693489 5.023642866555313 5.024131753018329 4.999870654305865 4.959715460949514 4.91618053198008 4.879443521799989 4.857984505273553 4.857384951004192 4.878354259220011 4.916553181532547 4.964953765301654 5.016588946509635 5.066048032022311 5.117591985912325 5.174134609425073 5.2342394312737905 5.297135800468896 5.362476016299799 5.429247115463574 5.489917008495285 5.54309548701517 5.590444022501463 5.61162158755184 5.604889880351586 5.575930221164459 5.556875362889488 5.550455735132673 5.556209740950394 5.573966436584788 5.604079395293132 5.647651554841882 5.706310953049338 5.7814599126517185 5.873455720225195
4.6006119480704735 4.612504975683834 4.619779793638436 4.626452151358411 4.635957882264955 4.65155975223759 4.674963413338542 4.704827889888563 4.739830809869304 4.772006236946378 4.7886229902557185 4.78266756851691 4.75685072977646 4.7160500921781665 4.668863609938604 4.626472266997829 4.601830628215521 4.605780281733913 4.640621097511637 4.698809912120998 4.769046139403009 4.841781337191171 4.910673012283817 4.979297693250615 5.05468884612588 5.132708025360571 5.212730133556063 5.294411042751822 5.3758929282711625 5.455123190767998 5.536492495900098 5.592883406379524 5.618814930035648 5.610684862574068 5.58238730456891 5.564233461233617 5.5575516902293725 5.561883532116038 5.5769200381695025 5.602974276434864 5.64189837738627 5.696946497211605 5.771188858073871 5.8660897556360885
4.505968730425407 4.504679214607664 4.497409767369604 4.487774934266877 4.480692922716872 4.481683049097558 4.494710386990996 4.519131243314709 4.548362696596828 4.575026009368511 4.588159754851669 4.579218510913744 4.5510002730290475 4.5059573524211425 4.449963912236828 4.394702908683442 4.359441422927853 4.3661564275541895 4.420205644507075 4.5047775252408275 4.600427618714216 4.695081886298957 4.782658768740964 4.863316630258401 4.947951440548665 5.036866432505933 5.126962516723021 5.219375551015108 5.3208392332975345 5.433060464022933 5.530538625208157 5.597639121356802 5.629894919649795 5.624637031511804 5.603354348348396 5.585816428346435 5.5774086161641 5.578778606811899 5.5892512377927694 5.608158734394354 5.638080145097191 5.685374946745813 5.755779210088388 5.851952586262283
4.434982208439259 4.420586430146147 4.397067425171704 4.36838542782526 4.341021322719029 4.3241625202022655 4.326744505390396 4.350372044857265 4.385498571277283 4.416858649390271 4.432297509914764 4.424526639252954 4.395742306557514 4.345852887266233 4.277881156307192 4.20105796677425 4.139795099031818 4.1441315683166815 4.229608896284505 4.349006410363243 4.47138403269584 4.583371738632075 4.6776710566284905 4.757677763617496 4.838886466234409 4.929089362356044 5.02602991285254 5.137989741587571 5.269566142194843 5.40433423406599 5.51178949036143 5.585596507526975 5.622696565252768 5.625568515472653 5.616489339466056 5.608928554560427 5.605750614361812 5.604900566884172 5.609484489471457 5.617696469927615 5.631730683016077 5.665551936913778 5.727973957551648 5.817554396485999
4.394577602423159 4.367228050220692 4.327051224882541 4.2773442464339215 4.225121762924575 4.18430181385393 4.174780184094354 4.20468663406082 4.256199918125784 4.304156664542994 4.331191985287153 4.329850836138 4.303877312761578 4.2524323873900745 4.175925378639566 4.077191571915549 3.966906693234158 3.951115083953744 4.099804652387908 4.253784739947499 4.386155622030432 4.495550033483783 4.58491567149569 4.6591041062348255 4.732798547141265 4.817095878663648 4.924357974834068 5.063396234840294 5.221658866741769 5.365758198278202 5.478418352327166 5.557399891237175 5.600056382184331 5.612508899499726 5.614568231134569 5.6160942323850795 5.620500019514927 5.625974356203978 5.632123762684422 5.628011802457356 5.61590579424238 5.630677196793672 5.675870893363765 5.7530583332406575
4.3894740746099155 4.350923835165116 4.29611820480391 4.226344124445432 4.145977608950776 4.0699461945378586 4.041118564469427 4.092275421606261 4.1750110917533965 4.246366899394979 4.28995704652543 4.301934275300279 4.285057257017248 4.238600711050576 4.165334265299649 4.068822567832831 3.9606872820955052 3.946042418534196 4.088955014939157 4.226998719655746 4.342268799827952 4.435823329688086 4.510880788798362 4.572483837630637 4.633825860655481 4.713114972003911 4.8349357961378105 4.994629693885246 5.166343564186233 5.313386995872491 5.430799236391753 5.515900887115088 5.565356908209831 5.588224460561488 5.600654022923585 5.610453440819357 5.619842663440602 5.625759735577266 5.625527872908 5.610819556015045 5.583353523875017 5.573312820563909 5.591867620725928 5.65088980092186
4.421573602610732 4.375851011948655 4.312185619734662 4.22983236381825 4.128297965527894 4.009422050574401 3.9266216131112253 4.0430809990889465 4.165141609219861 4.257667378175801 4.31597339235936 4.340534506108265 4.336548413648266 4.304076996805863 4.247588467618169 4.177371878376219 4.119205833920499 4.118782478708313 4.181660903120175 4.2653693422943535 4.343106622750936 4.407656622266075 4.458929657705706 4.500667780087268 4.5450895663541955 4.626610823714655 4.7548575163410085 4.922808385704899 5.097673193038599 5.247725295658434 5.370711454728709 5.463392958391511 5.521608070886209 5.555758579441091 5.57882351739389 5.597308650575914 5.61058935462715 5.613499305212276 5.601889264227961 5.573622209583928 5.534234590821111 5.4914674314613166 5.4732600872392405 5.504689177814863
