_RESULTS/CROSS_VALIDATION_POSTPROCESSED_CLR/MHZ/IZ/5comp/2/MHZ_IZ_z_63_kriged_reverse_5comp_spherical_2.asc
ncols 100
nrows 81
xllcorner 5.5967107548124995
yllcorner 50.982328804812504
cellsize 0.00017565037499993607
nodata_value 1.7014100000000001E+038
[rows 57 to 75 of 81, columns 42 to 83 of 100]
1.2082880309664414 0.9044970865553641 0.5887965547638621 0.2668310534683999 -0.05750636530015296 -0.3751225175637792 -0.676089900863672 -0.9364253450771269 -1.1451978345558875 -1.2938992871671657 -1.3731879087937249 -1.3739942804277594 -1.3051638934893883 -1.1827571728803037 -1.0101171605472765 -0.7931943357454176 -0.5389788627871029 -0.2560842832136527 0.048406506806058514 0.3669475422926743 0.6860936816728751 0.9867582120637131 1.2368672277296313 1.373937307333204 1.3812218856372747 1.3162080663028561 1.2140234705241333 1.0865705563355743 0.9380216644982626 0.7802043691478373 0.62771941717703 0.4847786032665892 0.3523384129254618 0.23182426989245192 0.12610366470311218 0.035982708745356584 -0.038496344172507 -0.0974195783209238 -0.14002245776402802 -0.1652778855456462 -0.17281218182118868 -0.17781118239337815
1.2676633623017404 0.9973326096415636 0.70791655682207 0.407459688962902 0.10401255457439046 -0.19387715105898407 -0.47831115639766214 -0.7254613598845088 -0.9225834207678048 -1.0616717222952488 -1.1347075880689292 -1.134762315729548 -1.0771155194117334 -0.9741916896016751 -0.8279926188612334 -0.6426720908001573 -0.4242814909694349 -0.17927122159249376 0.08650734364416568 0.36354589376887075 0.6389931334076797 0.8888203357464723 1.0864109241614468 1.204195942265735 1.2351803619211574 1.1989018785137673 1.1173791435610536 1.0038918367419587 0.865976454546046 0.7239717028920942 0.5853677683564567 0.4516849729503741 0.3258120974701498 0.21057111870271822 0.10899286983675377 0.021452331955501502 -0.05156012571514093 -0.1093806956111027 -0.15112472373909314 -0.17565301275580097 -0.18339174687640056 -0.19018730889816868
1.2974740121886648 1.0653118452541523 0.8100438185094634 0.5378323798489255 0.26030745451088727 -0.015590650863958833 -0.2822558999059161 -0.5173862735573731 -0.7048720734173546 -0.8369342481575077 -0.9063749685237381 -0.909576520775077 -0.867382727165839 -0.7857804027157591 -0.6663442969175968 -0.5126757409441884 -0.32963821679866584 -0.12124359944608126 0.10499868565610265 0.33964081685297914 0.5710861233927018 0.7788470326890584 0.9414363663792218 1.043865458623399 1.0817017858596725 1.0624860696028922 0.9982949298001791 0.9000825053426909 0.7798985197981214 0.6575182075684445 0.5362641857743502 0.4179338063810402 0.3037673426706023 0.1968734413693642 0.10057317013271316 0.01716121796590886 -0.05241271363552291 -0.1073581933736634 -0.14666987122948708 -0.16909067257793536 -0.17685297446256595 -0.18565238187366556
1.2996348846770631 1.1086443682857814 0.8924921579373224 0.658081567844603 0.4101046894837405 0.157203454328043 -0.09104897919236074 -0.3159800062331863 -0.49599722498477605 -0.6231845876444935 -0.6913625521895722 -0.7033150480196235 -0.678757100952129 -0.6194106283516756 -0.526887810986255 -0.4042059909728124 -0.25372919404126204 -0.08083395250901979 0.10723600747258549 0.3018251199949526 0.49278244085816164 0.6653923311402823 0.80067184945672 0.888892321304388 0.9264475853441336 0.9161558409888939 0.8655853597379746 0.7809690602891375 0.6831133342147184 0.581302970079655 0.47853133235512074 0.3768212253353121 0.27801222908138895 0.1855033775461823 0.10061730839255101 0.024497479369206432 -0.03981887811627455 -0.09028633110277282 -0.12574134807349835 -0.14480643791031453 -0.15318896185786185 -0.16423049213140714
1.2745937551048174 1.1280005556302999 0.9572374394679264 0.7640552047717324 0.550478300744921 0.3224201320879511 0.09145105402223308 -0.12441041968500502 -0.299124202715357 -0.4234126779574108 -0.4929704384369714 -0.518461797290401 -0.5127404855299451 -0.47608226039945556 -0.40988149745110464 -0.3151031320028307 -0.19543873970801773 -0.05615643698662104 0.09629616397863239 0.254381840793729 0.4096531438096183 0.5516693696061592 0.663782527566724 0.7380730451549287 0.7711623867759838 0.7644834821442543 0.7215430688131041 0.6544623964166583 0.5785832569190754 0.4975673301169415 0.4141415258163525 0.33027164548675075 0.2487709207287105 0.17236783728274818 0.10209037334611348 0.03886504557069259 -0.015907706610134464 -0.05894794669279668 -0.088452895639833 -0.10282164537069885 -0.11316233857474614 -0.1268612839557662
1.2231309535968826 1.1248735010359345 1.0028667778266716 0.854757001884018 0.6768820382488492 0.47346007319825684 0.2598785931992463 0.05389623779750907 -0.11735075793340671 -0.24102278213562436 -0.31499039832198983 -0.35685814079135647 -0.370383915720909 -0.35559547017138615 -0.31265096198253145 -0.24403232265340535 -0.15337452954265443 -0.04533990386693443 0.0744872350195957 0.1997557504235266 0.3236132006775811 0.4384943590638936 0.529968046420539 0.5892072389892189 0.6144206332475037 0.607662372109026 0.5730282478866422 0.5260542410056059 0.47085847508232886 0.41021233660316697 0.3463542129291968 0.2813155557436971 0.21850095694324506 0.15942647047373815 0.10503983350353197 0.05619598283814903 0.013780627529756728 -0.020071588100879334 -0.04192821462851179 -0.05236948295827179 -0.06512747947200812 -0.08202578578550601
1.1459573802348937 1.0947734575475263 1.0245542546070088 0.9283112939506117 0.7882785819327853 0.6028089534692125 0.4019708149731152 0.20979089603416406 0.04379289014560872 -0.07785478852446723 -0.1617711031446168 -0.219849935572709 -0.2508173418311847 -0.25498524419586505 -0.23384215483125814 -0.1897819346240589 -0.12606542364208842 -0.04674497578059672 0.04345223508373097 0.13929651781442687 0.23503227504887686 0.3242032674247804 0.39383842401481556 0.4368589477332023 0.45475156850228265 0.44781631864621035 0.42814218228492046 0.39937180836772584 0.3635228059123798 0.32253791257224945 0.27810056794377985 0.23304395617067558 0.18962366218328686 0.14880438116020422 0.11135167977336546 0.07795313607415555 0.04935682189942964 0.026582667823797423 0.01319225240661176 0.003535497198546622 -0.011983101568783905 -0.032483403011785594
1.0386359010496562 1.0298606458634614 1.0093144223158654 0.9755113817004069 0.8817426964653996 0.696190179111128 0.5050585171324706 0.3292521908359423 0.17488502413473184 0.05573365000876712 -0.0378756370511463 -0.10734807092817727 -0.15250270417974654 -0.17389705562554236 -0.1728701144896646 -0.15154920465921673 -0.11281454348882158 -0.06021999060874961 0.0021304932282265043 0.06975235220000314 0.1379982884276536 0.20217368318732948 0.25089777074030256 0.2806568017056395 0.29232516143687487 0.294531661223806 0.2891829065931181 0.27708501394846846 0.2593688885067052 0.23725115107181954 0.21257787071653483 0.18796435153745145 0.164393594648248 0.1425434896668034 0.12289910152721145 0.10586990754166925 0.09195548973138107 0.0819325978491589 0.0758700923007185 0.0642057363479911 0.0454742760359963 0.020861127139644275
0.9067120738467487 0.9219582747802151 0.9351100265868526 0.9397502044893329 0.8836831283283588 0.7197480483191185 0.5553911354329346 0.4052951664215971 0.2736063011931395 0.15387713078535648 0.0538954532286256 -0.02470122886829179 -0.08193212420193405 -0.11843135815795794 -0.13547246805699237 -0.13495903847532748 -0.11937588316521106 -0.09169920854333385 -0.05526865117183216 -0.01363065971469607 0.029628558562474205 0.07089803298710395 0.10118540734111325 0.12132616743262037 0.13773811867094132 0.15006156085918843 0.15787763737965477 0.1612503442226142 0.16060190819903236 0.15691983292577522 0.15247986454529489 0.1482414251999596 0.14479862059511267 0.14249341811928873 0.1414416369636407 0.1416453115980288 0.14320296195218818 0.14652776489961167 0.14303701372099636 0.12889508793769922 0.10634199813830275 0.07696271734642979
0.7624011834805549 0.785603841509533 0.80419445290253 0.8083377999857102 0.7667245437504302 0.6707552042560714 0.5551666119877106 0.44177637799492536 0.3302920027830771 0.21787053538929974 0.11392994550845953 0.028087746349047038 -0.03951340986832355 -0.08940022236061812 -0.12267813967007168 -0.14098496164915844 -0.14641746515446827 -0.14142306453470052 -0.12865788420107252 -0.11082719263670743 -0.09054674904151522 -0.07048032416297889 -0.05073386243298866 -0.028852099565126688 -0.006307690867556448 0.015547541957103672 0.03569530568528129 0.053568913737907786 0.069297951266657 0.0844557863106365 0.0997456468760684 0.11565337453698998 0.1324709189414618 0.15019817502273874 0.16851214490337263 0.1868548609839441 0.2047003677682976 0.21707249625513664 0.2139529926511683 0.19675520074713648 0.16954260390779202 0.13456074157817977
0.6160341536665306 0.6421787409541309 0.6598600473107405 0.661613711437995 0.637716206417482 0.5872174973644524 0.518904865897116 0.4368275848011904 0.3430560270243273 0.24388386854763072 0.1436200298521823 0.05229648083633792 -0.023978718365927798 -0.08551591864569041 -0.13319252259018025 -0.16836699710800276 -0.19277938569615272 -0.20842136160025898 -0.21736901752382667 -0.22158989019311864 -0.22010233697339193 -0.20973655456203288 -0.1916446270766285 -0.1674788218406446 -0.13888551776310382 -0.10780568194262188 -0.07593401976884806 -0.04406205359008061 -0.01159049676781565 0.021645227601348294 0.05593434449262519 0.09155583179658389 0.1285914394247552 0.16675469632022105 0.2052611729826473 0.24282637892683018 0.2751780782490226 0.29082035236929854 0.28760574415593326 0.2667479062847256 0.23369957575089123 0.19205960331715444
0.4766268424911569 0.5049414188013657 0.5243988722293123 0.5308285052099968 0.52082653303265 0.4956771679718998 0.4523035242639916 0.3901436737648906 0.31456283696095394 0.22984980862682097 0.1404632547449226 0.04980610774061989 -0.03364612152313923 -0.10520458375834113 -0.16551237297032798 -0.21566777735264003 -0.2571098434825605 -0.29094137636577166 -0.31640191665255496 -0.33322072024015936 -0.340530691175318 -0.3361623222943216 -0.3201748245494359 -0.293672042553054 -0.2587890526574599 -0.21851622559827694 -0.17476224267949986 -0.12846328799076018 -0.08019510103808414 -0.03001823764301742 0.022259536204144392 0.07685407060595295 0.13378285840067033 0.19261846679549222 0.25220530826725746 0.30814979889472777 0.3483295739155438 0.36744585357312504 0.36329508628733015 0.33745531475398344 0.2969069206628136 0.24734568018169972
0.35233531801731205 0.3836721124474947 0.40764110614795507 0.4222695085863852 0.4252997133011464 0.409626943151346 0.3744664113527007 0.32201953870038075 0.2569412433862404 0.18283336306332038 0.10284762840795203 0.019710438934528063 -0.06434913591861513 -0.14393808828420313 -0.21380666873928367 -0.2743153328850238 -0.32591188554709005 -0.36898796663674854 -0.403711479667062 -0.4297470792265067 -0.4457739087742899 -0.44837226150439086 -0.43545223225989527 -0.4062051016389047 -0.3639529498408953 -0.3131559236615514 -0.2571185933239834 -0.19747904840218294 -0.13483245655852025 -0.06920590166075602 -0.00035658545949790454 0.07200889309086234 0.14801896065311654 0.2273530485840886 0.3057730275154356 0.37330048840105673 0.4229020172894687 0.44658644502499606 0.44005451636027354 0.40663331308988065 0.35630575326620767 0.2975385946051568
0.24976888654061763 0.2852077364943772 0.3152925886026648 0.3338716053662684 0.33715549207190815 0.32473132396821874 0.295456427367 0.2504921610084651 0.19324419474596832 0.12697858918619065 0.054558900350363204 -0.021663403880161303 -0.09975449262656622 -0.17781347745051884 -0.2533940999022189 -0.32088326407306933 -0.3797278210277187 -0.43025990213774973 -0.47267616267829615 -0.5068047385757362 -0.5315485367945522 -0.5441108143213044 -0.5361840158963131 -0.5016805912140224 -0.4490836387048128 -0.3873618423844429 -0.3202206457569099 -0.24893439264535283 -0.1738050940048469 -0.0946807016808057 -0.011184895718872379 0.07713291323244098 0.17046547289781905 0.26384314845050943 0.35295349320441366 0.4334617696564144 0.4967661264434264 0.5278336583945078 0.5158770037895413 0.47009490694495887 0.40739083976026175 0.33876927115471983
0.17336498724752447 0.2085979523855091 0.23478842439413 0.24987429055917204 0.25252427425359586 0.2424286395200626 0.21772535207394378 0.17893351793929163 0.12859890792169287 0.06935654291603888 0.0036925140696822956 -0.06615422489670716 -0.13820207673068138 -0.21069639342764668 -0.2820670466971636 -0.3508871884694451 -0.41499034386230715 -0.4709779328738958 -0.5187948161080878 -0.5584891763802715 -0.5905260301658115 -0.6153764765576091 -0.6188737049265142 -0.5720049261673741 -0.5076401876602816 -0.43683037614960474 -0.36104091727638615 -0.280597639589798 -0.1954291361595476 -0.1052276320015588 -0.009533906797539737 0.08953500656339586 0.18935778622942528 0.28883889636590304 0.3865678014730855 0.4801659513020305 0.5633035556436086 0.6107184966583983 0.5845090067480145 0.5191360031649661 0.4433652006052327 0.3663419271376674
0.10637255607483304 0.1358541128989525 0.15753420932688922 0.1699203212166407 0.17208788616714865 0.16380249216045617 0.14290470172241254 0.10940167450051674 0.06526040411674511 0.012624338643867306 -0.04637075612538474 -0.10970291345448929 -0.17550711558709622 -0.2420792829840036 -0.3078607295731797 -0.37141538039485056 -0.4314059408466845 -0.48657093740428803 -0.5357007359343651 -0.5769799519996883 -0.612257090155488 -0.6409970287566077 -0.6485626400412279 -0.5987100085297168 -0.5317253199554094 -0.457429092342415 -0.3769186935678701 -0.29048961018585084 -0.19869669251713307 -0.10323282405464723 -0.004984104564641212 0.09521250914900065 0.19652279696122055 0.2981140091971322 0.3991541739201681 0.4988114943326089 0.5962523573696636 0.690330395303566 0.619087173296746 0.5384369827665181 0.45634193946628626 0.3759201548414726
0.04195101827092218 0.0665537704141882 0.08452187459668492 0.09473477680691272 0.09651787432796227 0.08971934696085132 0.07218844289829912 0.04339909570343292 0.004925277712323317 -0.04145774925631909 -0.09390802106529833 -0.15060977913481868 -0.20982507008042955 -0.26991363263971724 -0.3293318273310978 -0.38661832985017824 -0.44036948061014086 -0.48920014070099216 -0.5316711889465536 -0.5667090698033752 -0.5984701505097529 -0.6192677051693788 -0.6155923612266943 -0.57974086784915 -0.521566608636156 -0.45097513633353997 -0.3721341365028388 -0.2870582887039753 -0.1970797022771419 -0.10328807398156747 -0.0066833967948699 0.09175378264683504 0.19100768725029466 0.28994335689551803 0.3871003839842602 0.4800079408830687 0.5621335825786524 0.6084285231481017 0.5827555531223465 0.5179000769276259 0.44249835885511707 0.365694606263585
-0.018617264848926507 0.0017757873039845884 0.01660953884447458 0.025015384202326907 0.026480960662812192 0.020915315759834907 0.006512804888440249 -0.017926328169352468 -0.051099125377046584 -0.09150236844212042 -0.1375288938859228 -0.18754205810455116 -0.23992389562720326 -0.2930991336591678 -0.34553940495945024 -0.3957506691716107 -0.4422426922843954 -0.4834713931148099 -0.5177284944856434 -0.5468293245860731 -0.5725753758401136 -0.5867242857878605 -0.579806821819823 -0.5497655157008855 -0.5002195874710915 -0.43674907171870136 -0.36345315118068533 -0.28293782500347675 -0.19700412925672695 -0.10708045832425084 -0.014449028686412346 0.0796133802460674 0.17369983956813917 0.26606072981205636 0.3541569960418061 0.4335984173432775 0.49579451838767036 0.5260179350011922 0.5138499978675339 0.4681514127552348 0.4058910361972435 0.3375906611849144
-0.07424737279265764 -0.05754600040883384 -0.0454176467743575 -0.03855445956362544 -0.037358642256709956 -0.04190109443220577 -0.05335257515446318 -0.07366375874851258 -0.10178404275696909 -0.1364110897236075 -0.1761214869314727 -0.2194277864580894 -0.2648187930053684 -0.31078186520446166 -0.3558078427105837 -0.39837868361864914 -0.43693515007451966 -0.4698168409509781 -0.49692769019234156 -0.5216161137627509 -0.5422641884699824 -0.5530162560374956 -0.5456742361266003 -0.519601552587897 -0.4767079971188748 -0.420284997256264 -0.3535293047919186 -0.2790042756969687 -0.19873023817569851 -0.11440535887302439 -0.027596330001926572 0.06009969835041551 0.14687841573120508 0.2304738815166954 0.30773816732683384 0.37398693685909307 0.42241094356984604 0.445164320968329 0.43804717450852965 0.40439320958188657 0.3544333804247412 0.2959893129300854
