_RESULTS/CROSS_VALIDATION_POSTPROCESSED_CLR/MHZ/IZ/5comp/2/MHZ_IZ_z_90_kriged_reverse_5comp_spherical_2.asc
ncols 100
nrows 81
xllcorner 5.5967107548124995
yllcorner 50.982328804812504
cellsize 0.00017565037499993607
nodata_value 1.7014100000000001E+038
[rows 0 to 18 of 81, columns 43 to 85 of 100]
1.2010188035954008 1.254450450708107 1.321315314547496 1.39791899202931 1.4837921442435458 1.5877351793433703 1.7062430850758734 1.8344923960583044 1.9678020393299915 2.101756789928409 2.2323610221899304 2.3561991440511676 2.4705639732597624 2.573965460360536 2.6686981494168016 2.755007618225043 2.832442238960995 2.899701855477452 2.953052990027921 2.9834229063441633 2.973764645785354 2.907854278173599 2.792187003657902 2.6510245285279415 2.505074778612057 2.3671781740391804 2.239903226751636 2.1152373428660343 1.9951320356537505 1.8814509801172883 1.7757563640654275 1.6794371694831753 1.5937778623626655 1.5199971065435438 1.4592705925060312 1.4127450426356523 1.3815471061093676 1.3667891825018281 1.3657120259950994 1.3657120259950994 1.3657120259950994 1.3657120259950994 1.3657120259950994
1.1954362722326215 1.268997668192176 1.3543618814339204 1.4490833457092729 1.5542653349815865 1.6778664404115788 1.815415689556283 1.9617125154637938 2.111636473547749 2.2603004095131247 2.40326727788018 2.536801492303243 2.658097659766142 2.7654164367596215 2.8602944543266147 2.945158118413185 3.021547523105175 3.0906390410666145 3.1518086822400058 3.1984600178000324 3.204288721601432 3.118874503840256 2.9571158510856677 2.7735605241123436 2.5937948758561133 2.4282071471647226 2.282765879987397 2.150413203859599 2.0241990550750213 1.9055023268980777 1.7955758656886385 1.695603844502517 1.6067305163873924 1.5300756770831985 1.4667434741472203 1.4173456202646206 1.3826372944359113 1.3642649471846995 1.361051305682871 1.360238609292078 1.360127079205712 1.3607398563180004 1.361947229386812
1.1842338100481777 1.2813877006902907 1.3911911692008645 1.5082328312964128 1.633121421416976 1.7760287963060057 1.9323695149866738 2.0965254552451777 2.2628313393656456 2.425753632695309 2.5801870091105896 2.721370100967392 2.8443979900189746 2.9483793650076953 3.0352768225343656 3.1108279966585766 3.1782761248535456 3.2408330896128783 3.301464919384781 3.3620354682504194 3.415140236473995 3.2982829121656403 3.075370010256787 2.858744640731518 2.655976461659272 2.470352909110689 2.3065881693157335 2.1670922616298665 2.037897303810346 1.9167937617975093 1.8048600529141412 1.7031698169303873 1.6127127002412793 1.532889547948057 1.4647743861951292 1.4102692841834912 1.3711912967378572 1.3492499502685393 1.343773953200665 1.3419715241762344 1.3417295746962672 1.3430745228618592 1.345858400413663
1.1660966543851436 1.2874889678582468 1.4225014320505567 1.564852083499099 1.713843102744835 1.8761910770211292 2.0499837185034284 2.2315458010934 2.4146438683737212 2.5923400185801535 2.754983289487782 2.8972238459667965 3.0159929144998383 3.111237068468231 3.185133678704989 3.2444906182604587 3.2942115774925806 3.3382382599613623 3.3795949813156643 3.4181600040195583 3.4344656523571864 3.3149725423334817 3.0983121544473686 2.878437632398967 2.671003486377848 2.4808961030068692 2.311042282582435 2.163885054099624 2.035208108846537 1.9145793319381945 1.803040359134632 1.699997619352166 1.604985309746968 1.5200940690726252 1.4473836780735114 1.3888524524733217 1.346412273800337 1.321860807851139 1.3145161014776874 1.3116492133859325 1.3112668623413495 1.3133996124539868 1.3178764353700043
1.1404881220920184 1.2835492214314002 1.4391497237479582 1.6025352285854328 1.7732048534270857 1.9583283127927422 2.1520817576397304 2.3508162581731034 2.548891064548883 2.7353716854147514 2.903716633587186 3.048076559028967 3.164300970009914 3.2507771732259583 3.3085657102601997 3.3446729620099083 3.3678113470038227 3.381975307413997 3.387909138641241 3.379123576049297 3.332599593808644 3.2142653592602857 3.034571856345761 2.8340038006110047 2.6360644662874857 2.4511492083881024 2.2845911570917075 2.1397406879878607 2.0162155041574614 1.898805959709171 1.7861633594131532 1.6792411812448742 1.5803393753835553 1.4917146668954657 1.4155745453622448 1.3540599401668931 1.3092190592711663 1.2829749737801484 1.274093770202493 1.2700709376884052 1.2695359339342505 1.2725246712341913 1.2788364330620083
1.0976211978917263 1.2583419998981666 1.4326570985831235 1.6161948928387613 1.8073372591647128 2.013957322502331 2.2311034595234513 2.4468705976914458 2.6540569255892548 2.8492671043833555 3.0240051018023912 3.1700403304547327 3.2813721480453433 3.355969407540198 3.395920503420773 3.4085771002728302 3.40132301087663 3.3789093085441655 3.3445791377084935 3.292324056426346 3.2093716605452496 3.0844210582634624 2.922374974064148 2.7414628069181397 2.5586899600533224 2.385084824165676 2.227352022590373 2.0898093268182416 1.9748822748639352 1.8646609859837187 1.7508496556026052 1.6417156116626188 1.540348165683425 1.4492102577471948 1.3707020971116026 1.307150121057911 1.2607808735811992 1.233683382947585 1.223329412816879 1.2180370042186994 1.2173340842873408 1.2212636198621425 1.2303830034592476
1.0364765518493462 1.2130958570669284 1.4040970129597004 1.6058741031685946 1.8157952076539152 2.041803199360868 2.276087141179385 2.507317807094342 2.7276465772130956 2.933481427244689 3.1168490571314202 3.265561040764725 3.370163213719078 3.4279657386300784 3.4435466151689686 3.4273350859051934 3.389862622502368 3.3351358085383236 3.263402969180512 3.175989534639175 3.0680330293431153 2.9355516798500156 2.781575409933197 2.6155280398620406 2.4482732583063287 2.2887493163171464 2.1434214268692546 2.0164790309002907 1.9061526904989727 1.8054795338738103 1.698968402512785 1.5896539356735626 1.4870354970966082 1.3944296801417289 1.3144596994887587 1.2496733561111828 1.2025165904465351 1.1752886037368702 1.163054722141353 1.1563492332605352 1.1554590468037993 1.1662137851311325 1.1934792617211165
0.9618051473311207 1.1503134620825153 1.354491453617584 1.5714040235098232 1.7979066776613262 2.036118306759267 2.280882485675268 2.5263589400964257 2.764662554013687 2.9856686179171668 3.1822676466673885 3.337300993026462 3.4341465160686795 3.4688835091751677 3.4520381736100134 3.4008437106345255 3.3300665589872 3.245428611361072 3.147606079165579 3.0341076747890185 2.9075290691406948 2.7686844582423786 2.6194851520733335 2.465208129505735 2.312647936703446 2.1683047966122464 2.0375060005490546 1.9194377678276302 1.8151092580527364 1.7238243904965935 1.6275942050522354 1.5255042024214844 1.4228251346833873 1.3295836683669404 1.2488650965326786 1.1834657603410281 1.136091060000429 1.1091292526879426 1.0941150337904038 1.0861234025241286 1.0962289341465326 1.1272424336090912 1.1754195682432722
0.8771452862834701 1.071797883270281 1.2845055645193106 1.5123914759598307 1.7504662435382325 1.9920445309780965 2.2434691281775545 2.500340722339636 2.7558852936361444 2.999439593751574 3.2171323382639665 3.387431890601486 3.476842555873956 3.4782320662871538 3.417942547130294 3.3259597592447676 3.2208884804953284 3.108835531296846 2.9905524643409302 2.863944082620807 2.7264129023191597 2.583669767995249 2.439168473489426 2.295795639475471 2.1576719123322285 2.029234032289267 1.9115188693058116 1.8026469558684863 1.7066361527122438 1.6250294684796776 1.539829277332988 1.4477463667228738 1.3504808688373788 1.2572118320957293 1.1762454471695445 1.110644483266278 1.0634136491815114 1.0356883739860883 1.017923769187549 1.0220365888577418 1.0507866091364495 1.1008506662020126 1.168910756903676
0.7823958971467534 0.9780983514049393 1.194423962007803 1.4281544488991202 1.667879030168775 1.9091787901901607 2.161518799076246 2.4241863851202194 2.692445083553562 2.9587785037680323 3.208954475449138 3.414853555459013 3.500606428160972 3.446640691637019 3.3292250284342155 3.1943120620530356 3.0581339591266525 2.924084605843958 2.7916781554351786 2.658621849268714 2.5219868839266786 2.380558130644375 2.242587857167602 2.110970368843675 1.9879590598551342 1.8755243759008629 1.7693595409999694 1.6715198966103315 1.5857869249445564 1.514602598716793 1.440793741359676 1.3590098858527018 1.271036119278643 1.1801541584501725 1.099229709383642 1.0336126942066124 0.9866466347491307 0.9555667320076637 0.9441706139662004 0.9608958570284907 1.0042134771874325 1.071590774648234 1.1594387863548712
0.6711354064843217 0.8657891764186267 1.083050944258022 1.3154196209742088 1.550656855880443 1.7881146871583435 2.033699506745535 2.293226434457649 2.5636891435930083 2.8412249560193272 3.120370998273853 3.392273752900879 3.4937004665170717 3.3355951866208837 3.1614791577747132 2.993890688470797 2.8368102548704233 2.689767920519455 2.551235033185531 2.418750489057439 2.2892852346962305 2.1598152405450586 2.031865255882291 1.9140669797672825 1.8076671140427765 1.7097536446990451 1.6166436566092224 1.5315463340880389 1.457826402851043 1.398089752628743 1.3357282973845512 1.2642545902653903 1.1855208889380286 1.1014907240933902 1.0207565809820975 0.954959251539374 0.9036994935279603 0.8691827134212322 0.8657135377379915 0.8933775671551465 0.9510197613471161 1.0361535384416425 1.1448666279388844
0.5416416301106292 0.7326042574135961 0.9468255459563157 1.1710928173063768 1.398736100656966 1.6287746658568276 1.861480060705857 2.1068625847828053 2.3657245845727948 2.6329803188399445 2.9002733059185584 3.1458658074173496 3.2265652774619964 3.080088173417903 2.9011204584268464 2.725982850929526 2.561627486436013 2.410183469324937 2.272204320879678 2.1468386159875394 2.0307765892609213 1.9195417123736256 1.8099311273710734 1.7088083432329517 1.6204283310830403 1.5372945041538464 1.4590150377773274 1.388306678140895 1.3281788789965634 1.2809801957864435 1.2299009431720576 1.1685434661814917 1.0987698260746934 1.0226115641730247 0.9429769576819338 0.8699549308364919 0.8093982833679538 0.7782982638258477 0.7811582493561632 0.8186241938877431 0.890128854521665 0.9933226334803898 1.1239100306726044
0.3970098611248484 0.581839633624851 0.787095222601334 0.9982718008819531 1.2127922148562682 1.4305464004677837 1.6528756243623377 1.8804459364721304 2.1170038487553624 2.354263994602607 2.5739652179679613 2.737025206292035 2.7852162447043565 2.707425908947954 2.5654842722735047 2.406283524544392 2.248815769662651 2.102007911551038 1.9702921454730062 1.8546983764826066 1.7535182071039843 1.663554976216402 1.5798624330932076 1.49975528879683 1.430152594919254 1.3639396960068995 1.3022674860977468 1.2474970691912965 1.2023915613162284 1.1686295420143922 1.1285218558257242 1.0769659094160304 1.0157743287893313 0.9450592734201961 0.8620763103019162 0.7789270853099032 0.7154840014930232 0.6860827584533693 0.6931085239274738 0.7386167519056138 0.8231764757491689 0.9447395761759528 1.0983452182637958
0.2427866692055045 0.4188182595885891 0.6096752828341112 0.8034936327467496 1.0029008505554977 1.208579858318358 1.418412429177433 1.6285292748081641 1.837312612827548 2.037824421647497 2.211032377231323 2.3259109006439003 2.357053912186105 2.3051411153969648 2.1946731903064576 2.0565953017955065 1.9119620707710427 1.7752131887494265 1.6553866858751471 1.555711750080975 1.4741709150526148 1.4060386642307143 1.3465972945834668 1.2925900770549508 1.243108757804701 1.195864071726022 1.1523956979764836 1.1149174795362171 1.086078307397398 1.0661776398158014 1.0366494573908076 0.9946206115818075 0.9406814425624552 0.8697607054566965 0.784211961577383 0.6905142693539091 0.6248459019910555 0.5938531576302949 0.6014920386930184 0.6521092869910249 0.7484038396402637 0.888902753599784 1.0673564478841104
0.08651529183850082 0.25057102193236647 0.42316055451541146 0.6013980857816498 0.7853733276364046 0.9743142207092872 1.1669037462878373 1.3596132918630734 1.5447860415504255 1.7146705884255182 1.8536772348669956 1.9406767233186837 1.960541743980393 1.9177992294369464 1.8256064820137985 1.7027208200453594 1.5684869091219849 1.441398209369241 1.3359870581655053 1.2576474202200065 1.201989334958344 1.160780481355857 1.1272164253505 1.0970896688772298 1.0663214653455038 1.039615208567061 1.0155485407140419 0.9963965183400507 0.984773501844131 0.9782946736160276 0.9594612439011305 0.9275774568139548 0.8754148093606323 0.8037323179401585 0.7096846069326825 0.6102215887723639 0.539666132737011 0.5031788883448318 0.5064503023981071 0.5575211325088714 0.6634980693036777 0.8240601837058364 1.0298911132783484
-0.06291334790640546 0.08615248399261133 0.2437916334990753 0.40497276457905285 0.5691437706231004 0.7367716624921082 0.9085140137056475 1.0828697786375407 1.252874428882239 1.4045670333315288 1.5235624925692242 1.5945531267551643 1.6074193085383432 1.5684588116471594 1.485155737194066 1.3689990982154168 1.2372166213618554 1.1131413048313068 1.0214562856559617 0.9706232312814052 0.948067894509359 0.9383755513096652 0.9326564923080023 0.9264409072138471 0.9115802536493798 0.8998147801916452 0.8932963637904724 0.8906240131406813 0.8950748075491461 0.9008038894310388 0.8939593478889645 0.8675671375343521 0.8184023654069869 0.7433355073407736 0.6417090508873328 0.5409517660556024 0.46397900778295176 0.41815761365924764 0.4104438067285038 0.45401994316072947 0.5663828048370385 0.7500599316095348 0.9868841743084431
-0.1954984709164167 -0.058834568567038614 0.08270257649254664 0.22414042146568014 0.3647569848021597 0.5062801771255141 0.6530102165376913 0.8087632433575109 0.9693264639195968 1.1184595891085591 1.2342241289279454 1.2993677956421417 1.309706492053905 1.2741869213636006 1.1953370979322198 1.0796852391242424 0.9403311265032318 0.8042590523339836 0.7215054803986004 0.7098285723592579 0.7288172990142953 0.7526527932203868 0.7726168181284025 0.7844289759636622 0.7809784418186431 0.7769998295448345 0.7820475383474481 0.7954285336028112 0.8169889977672008 0.8340404874028502 0.8355594151841329 0.8126130182491026 0.7612465334235041 0.6806079129544027 0.5765806924612272 0.4775146609667996 0.3988457334670965 0.34596213979018575 0.32209436288156956 0.34375859163257827 0.45614481481208224 0.6724066085359308 0.9436592285285623
-0.29155615585832817 -0.16456513461033473 -0.037022757281830465 0.08500675320606521 0.19990854222004062 0.3098249046632884 0.4237947898443778 0.5567858323983953 0.7120192375644839 0.8669381255406594 0.9919972174089217 1.0658894263565561 1.080304339549192 1.049881173288068 0.9759535155856296 0.8613623013409754 0.7120759859336415 0.541549755753758 0.45076737711279513 0.5072941213318796 0.5682206435636794 0.6151752254461184 0.6490721087738749 0.671696716308065 0.6770234417328823 0.6791325165852207 0.6907099187566527 0.7176069263931334 0.7542923763203969 0.7812349545124853 0.7853172760631938 0.7595643475364295 0.7043552511504623 0.6199672030991399 0.5168629766271245 0.4209951428073059 0.34382658925636767 0.2901282091945272 0.2591316687598175 0.2510663450713888 0.34673737452917597 0.6145511686650103 0.9113571284400548
-0.33078018639767715 -0.2135277760573464 -0.09897591180475018 0.005075588399766184 0.09475387440909167 0.1694922297290744 0.23943715591174253 0.3427343759655259 0.5076950811258338 0.682127548978681 0.8197604539129736 0.9022094214608857 0.9270067988486184 0.9067366643914163 0.8420884918195727 0.7373419560558591 0.5984718853964092 0.43911522178146356 0.3589247486375964 0.42137878481134516 0.48439175869744555 0.5330559237013864 0.5693205847940754 0.5952725750972631 0.6049706192691094 0.6107042400512903 0.627840845260058 0.6639811166812486 0.7084364688855548 0.7369869488489836 0.7370779566237403 0.7082209090801831 0.6507715403735199 0.5648913813739647 0.46527757057755936 0.37485691117486364 0.30421248966206393 0.2587960153573139 0.24031328156122744 0.2600988824266013 0.3756704905878844 0.6099515333734992 0.8938660992545204
