_RESULTS/CROSS_VALIDATION_POSTPROCESSED/Berg/TZ/9comp/3/Berg_TZ_z_125_kriged_reverse_9comp_spherical_3.asc
ncols 100
nrows 90
xllcorner  5.6208707817415728
yllcorner 50.959635321741573
cellsize 0.00013419651685393446
nodata_value 1.7014100000000001E+038
[rows 0 to 18 of 90, columns 0 to 42 of 100]
15.938254002824657 15.938254002824657 15.938254002824657 15.938254002824657 15.938254002824657 15.938254002824657 15.938254002824657 15.938254002824657 15.938254002824657 15.938254002824657 15.938254002824657 15.938254002824657 15.938254002824657 15.938254002824657 15.938254002824657 15.938254002824657 15.938254002824657 15.938254002824657 15.938254002824657 15.938254002824657 15.938254002824657 15.938254002824657 15.938254002824657 15.938254002824657 15.938254002824657 15.938254002824657 15.938254002824657 15.94872519678971 15.984806376153692 16.0289895998136 16.071790277753088 16.119608515638518 16.17774023268426 16.250957266039904 16.35321201610871 16.485401818016623 16.641782307631278 16.814648343558623 16.994354177060693 17.16952755897925 17.327521132298667 17.4551003600252 17.53929706218549
15.938254002824657 15.938254002824657 15.938254002824657 15.938254002824657 15.938254002824657 15.938254002824657 15.938254002824657 15.938254002824657 15.938254002824657 15.938254002824657 15.938254002824657 15.938254002824657 15.938254002824657 15.938254002824657 15.938254002824657 15.938254002824657 15.938254002824657 15.938254002824657 15.938254002824657 15.938254002824657 15.938254002824657 15.938254002824657 15.938254002824657 15.938254002824657 15.938254002824657 15.938254002824657 15.940670901190202 15.950083419258847 15.948184305788587 15.94335927011326 15.94382487259314 15.956899957240772 15.996153228646962 16.079012297608728 16.204277017875317 16.368401100464418 16.565682786782077 16.788022753986667 17.024830726207856 17.26317969097833 17.488300964872202 17.684459623547568 17.83613291981581
15.938254002824657 15.938254002824657 15.938254002824657 15.938254002824657 15.938254002824657 15.938254002824657 15.938254002824657 15.938254002824657 15.938254002824657 15.938254002824657 15.938254002824657 15.938254002824657 15.938254002824657 15.938254002824657 15.938254002824657 15.938254002824657 15.938254002824657 15.938254002824657 15.938254002824657 15.938254002824657 15.938254002824657 15.938254002824657 15.938254002824657 15.938254002824657 15.938254002824657 15.935278922997753 15.899906275300419 15.84695797911978 15.787026693482108 15.729946022238128 15.684908106283798 15.675158227824687 15.717242142234342 15.811860508847314 15.958139328488919 16.15319576595664 16.39167467306049 16.665320375002203 16.96268917901472 17.269154726657536 17.56738784500409 17.838451403162484 18.06347069743282
15.938254002824657 15.938254002824657 15.938254002824657 15.938254002824657 15.938254002824657 15.938254002824657 15.938254002824657 15.938254002824657 15.938254002824657 15.938254002824657 15.938254002824657 15.938254002824657 15.938254002824657 15.938254002824657 15.938254002824657 15.938254002824657 15.938254002824657 15.938254002824657 15.938254002824657 15.938254002824657 15.938254002824657 15.938254002824657 15.938254002824657 15.938254002824657 15.928277800158058 15.857670400992818 15.752618596279017 15.634142900421946 15.513427763392636 15.401354150910032 15.326819965716751 15.30872091998065 15.349995364101826 15.452484004666248 15.61648436537659 15.84019186595703 16.11904943996379 16.44506383770722 16.806206603754255 17.18610851719174 17.564365881114416 17.917822801274934 18.222977463835214
15.938254002824657 15.938254002824657 15.938254002824657 15.938254002824657 15.938254002824657 15.938254002824657 15.938254002824657 15.938254002824657 15.938254002824657 15.938254002824657 15.938254002824657 15.938254002824657 15.938254002824657 15.938254002824657 15.938254002824657 15.938254002824657 15.938254002824657 15.938254002824657 15.938254002824657 15.938254002824657 15.938254002824657 15.938254002824657 15.938254002824657 15.925413581530467 15.838562859282742 15.687562831036523 15.511332966344707 15.32535826046408 15.141658763198215 14.989796603386129 14.895715483559377 14.864104448234539 14.899105585620948 15.003972902434064 15.18057519975419 15.428723770564984 15.745318112408283 16.123337907376943 16.550780232819275 17.00977683769814 17.47636797132141 17.92181903804767 18.316250123770324
15.938254002824657 15.938254002824657 15.938254002824657 15.938254002824657 15.938254002824657 15.938254002824657 15.938254002824657 15.938254002824657 15.938254002824657 15.938254002824657 15.938254002824657 15.938254002824657 15.938254002824657 15.938254002824657 15.938254002824657 15.938254002824657 15.938254002824657 15.938254002824657 15.938254002824657 15.938254002824657 15.938254002824657 15.938254002824657 15.929286675369353 15.840220985916098 15.66772727141136 15.439182492365017 15.190797414954254 14.936062203932144 14.69983143337207 14.518682017354429 14.399488106129521 14.34792636365628 14.369436327287263 14.468914739179262 14.650227243152363 14.91547772924751 15.263972858132302 15.697630319195465 16.214337520449877 16.788105776009278 17.383781939751966 17.95836352696379 18.466088388681495
15.938254002824657 15.938254002824657 15.938254002824657 15.938254002824657 15.938254002824657 15.938254002824657 15.938254002824657 15.938254002824657 15.938254002824657 15.938254002824657 15.938254002824657 15.938254002824657 15.938254002824657 15.938254002824657 15.938254002824657 15.938254002824657 15.938254002824657 15.938254002824657 15.938254002824657 15.938254002824657 15.938254002824657 15.936297424240411 15.861131146301105 15.68757121118125 15.431469180620333 15.12772807682289 14.807054226075374 14.487545756251974 14.213350754341553 13.997645596035147 13.84672103448449 13.76707511197696 13.765344543750398 13.848133670291624 14.02193937684564 14.314167681074244 14.736552173444814 15.27930513662739 15.924620894758634 16.644175165304592 17.39679757353018 18.127029067509753 18.769454732486267
15.938254002824657 15.938254002824657 15.938254002824657 15.938254002824657 15.938254002824657 15.938254002824657 15.938254002824657 15.938254002824657 15.938254002824657 15.938254002824657 15.938254002824657 15.938254002824657 15.938254002824657 15.938254002824657 15.938254002824657 15.938254002824657 15.938254002824657 15.938254002824657 15.938254002824657 15.938254002824657 15.938254002824657 15.89417452196911 15.737629916770743 15.482600632164885 15.146594849068142 14.769260341122619 14.377051132995991 14.008619395669708 13.693265328736857 13.437069389599607 13.246419837789075 13.12809653617791 13.089376000764846 13.156022348716354 13.36875352201349 13.732130175963347 14.246355086384044 14.904602656938406 15.690020708569206 16.573227249189447 17.50902771588522 18.429795655485353 19.238690598685142
15.938254002824657 15.938254002824657 15.938254002824657 15.938254002824657 15.938254002824657 15.938254002824657 15.938254002824657 15.938254002824657 15.938254002824657 15.938254002824657 15.938254002824657 15.938282385771815 15.93943986892175 15.941266512070317 15.942683792787335 15.94306709087539 15.942264464561317 15.940601328382442 15.938870487540285 15.938254002824657 15.926026633341946 15.806940415542744 15.573009819642616 15.240701523565434 14.82920099654064 14.380286072780017 13.925530457339264 13.512363879147147 13.151352064943165 12.84792351189337 12.607620247395307 12.437412284448897 12.387621433830772 12.488085608157483 12.749255696803296 13.181079476109328 13.788449059795699 14.567129926433289 15.500959446299333 16.56031587658964 17.70038400042413 18.85284172688731 19.885689253855
15.938254002824657 15.938254002824657 15.938254002824657 15.938254002824657 15.938254002824657 15.938254002824657 15.938254002824657 15.938254002824657 15.938663039151463 15.944031548029361 15.953515512137553 15.964671944967046 15.97541200476974 15.984059330419775 15.989402890447824 15.990738605690908 15.987894903428836 15.981239097243582 15.971663801908434 15.960555059687495 15.889688572256203 15.69077717610536 15.38143420561676 14.977092583491055 14.494929237607987 13.977362932155518 13.471819360365602 13.011319973999466 12.600041644811547 12.241635688874863 11.943490801812178 11.765940815534611 11.733755965413998 11.86092141267776 12.165001264505264 12.662213383862944 13.361970373140627 14.262193853746446 15.34646392960286 16.58329140521353 17.920149394412025 19.287437169369312 20.615738830062952
15.938254002824657 15.938254002824657 15.938254002824657 15.938254002824657 15.938254002824657 15.938254002824657 15.939106239808593 15.948851566297776 15.966789218430714 15.989684873895763 16.014529460949195 16.03860727370424 16.059572085288735 16.07552468576518 16.085083975176843 16.087443484866185 16.082406299208436 16.070393799664163 16.05242705757378 16.020616134835876 15.871752792819507 15.590708200717868 15.197019577079688 14.711972009929363 14.159114219228295 13.58021379947561 13.028466613881019 12.518539466088964 12.052420731467633 11.634693109647976 11.328347182038838 11.157784028346079 11.135674417098308 11.28239043093105 11.622280838206734 12.178177986832253 12.964846384136338 13.982919628006455 15.200384052014627 16.559334863670724 18.00968220244215 19.476491519202025 20.814099136944613
15.938254002824657 15.938254002824657 15.938254002824657 15.938254002824657 15.938254002824657 15.945531054678952 15.966862008210208 15.99852614189278 16.036852768679992 16.07830124296671 16.119529823737693 16.15748243281562 16.18948777344948 16.21336229506067 16.227506154749214 16.230980477414064 16.223555493290228 16.205722637555155 16.17866882469786 16.10425191686006 15.88202595454679 15.523990359564918 15.051247043407127 14.486467146725662 13.853686820825455 13.20827987668147 12.608184621111917 12.04753844482215 11.523738269364344 11.094905252820462 10.792889178459033 10.6243710070397 10.60597720027364 10.762939000432295 11.126211768436228 11.727069323846182 12.583488524428862 13.66390634679722 14.951336897992068 16.407333519068025 17.959067620170536 19.49314064953364 20.843892095344714
15.938254002824657 15.938254002824657 15.938254002824657 15.938812782806613 15.95367373596837 15.985789754408394 16.031165467763827 16.085796150989125 16.145697357106986 16.206960959851322 16.265838688649936 16.318851200897907 16.36291654541165 16.39548712047623 16.414680072481122 16.419384010557067 16.409326219801446 16.385089639519045 16.348059751967703 16.2173959013633 15.927264099076147 15.497776330120855 14.951628845879645 14.31288661148647 13.606003100063505 12.894344909242436 12.229870384837339 11.61226997476918 11.068971277739143 10.648520366068812 10.349758966710782 10.180549637113788 10.158494386173619 10.311403832173548 10.677088106031638 11.281385963652857 12.124048158963326 13.231989905216807 14.596830432516592 16.1663277103751 17.843977267387658 19.489538140312632 20.93244351199846
15.938254002824657 15.938254002824657 15.93951275684676 15.959374079289196 16.00023684822337 16.057987540816104 16.128424998882412 16.207261157558808 16.290149552800045 16.372746986214192 16.450811981111986 16.52033991131445 16.57772874073491 16.619961797146797 16.64478664533571 16.65086456718528 16.63786602278331 16.60649491720973 16.55296724881264 16.365495548485704 16.01332101283152 15.51828909965825 14.904736880763188 14.198146281994283 13.42420871221274 12.650611706388476 11.922187446362653 11.252093952288496 10.715856400621496 10.30604961714396 10.012458024133897 9.840911849878516 9.806127402055045 9.935088297399362 10.246264939675832 10.762919772276184 11.564627669934822 12.702191835939997 14.164875534209594 15.88086565142294 17.729888531979558 19.545931888612355 21.128972668113946
15.938254002824657 15.939139240960742 15.960301642381108 16.006640700788424 16.07404940292325 16.158283378230777 16.254938376081718 16.359898132946952 16.467978497683873 16.57376068852644 16.672359443800318 16.759601776429648 16.831825851863385 16.884928339943023 16.91611802708417 16.923752079525322 16.90742453169679 16.86800178523925 16.79095457847423 16.552946341312573 16.144947802849114 15.590620494896887 14.91600973276993 14.14805662346607 13.314884163545488 12.483151077750192 11.694378281558945 11.014290877468031 10.478472177302681 10.076557423904404 9.792121818379353 9.618208049975557 9.562538145508471 9.621970337849458 9.795878037122598 10.181779898573598 10.91633102498417 12.094724282859442 13.691024685426672 15.594644050046377 17.662708430770362 19.71162560532472 21.484629312747387
15.938296620006378 15.9561043565412 16.003521877141587 16.07963913877222 16.1817309330887 16.30292486917689 16.436447390678413 16.57565102950165 16.71408252568566 16.845597504555922 16.964527277457044 17.065900629873486 17.145715300952595 17.201239133577868 17.231302034728017 17.23652436561422 17.21629170762558 17.16765833336858 17.064819682990194 16.782854579908584 16.325540289629117 15.718470497087184 14.989488760572812 14.167055560193193 13.281714823890688 12.397567754297944 11.573123989533018 10.898196269113098 10.36791894177681 9.970305270014093 9.695956701033639 9.523700889773153 9.431841547725348 9.372267510009765 9.381656519662139 9.573261741968553 10.19111323640742 11.44685572202911 13.235413735191695 15.357848568368635 17.663233228032713 19.993332209822608 22.05186155325056
15.948661570685768 15.999738141379568 16.089822410111655 16.21163614306707 16.35793757171999 16.521473934627913 16.694969884431462 16.871154051864572 17.042828608260958 17.202990609658414 17.345017848918587 17.46293246897245 17.55174740978392 17.607879059527654 17.629575102847515 17.617271534272152 17.573779360477083 17.504228874198827 17.375903446318077 17.05674665944773 16.55682437383647 15.903819201627414 15.127482038775813 14.25786092783516 13.327189282530123 12.398479089823928 11.56726293446696 10.900829582813207 10.381443650117316 9.994867045037047 9.728745782649696 9.563426869205207 9.414105646225773 9.261023153627876 9.115991388349357 9.038068707608439 9.40311760391239 10.872776990915005 12.924033111650775 15.24317439551914 17.720407016958877 20.2490033515107 22.713802488462946
16.000591329816697 16.100139940539695 16.238152683768718 16.40717871153688 16.599678046800545 16.80797228077755 17.02423054036392 17.24049126028504 17.448723934664276 17.640942489650758 17.80939245564565 17.946843120611895 18.047013261014644 18.105131368296014 18.118571366971533 18.087428468459052 18.014853523233832 17.90700018192318 17.73303041031406 17.37421294954916 16.838469609919944 16.14652701431054 15.330158892637636 14.421054144212523 13.452147168827713 12.494611846795198 11.67168645272308 11.016732147374086 10.513033131195812 10.144532612158299 9.89663363977734 9.719565704469439 9.547020308427552 9.364882393961228 9.17076055027038 8.96335131292644 8.94061837970403 10.783401282971456 12.964114640687852 15.347112830409285 17.845099812426174 20.301637480860272 22.395662635362626
16.105500154575743 16.254107201160352 16.44117574992644 16.659053657475564 16.899870030431206 17.155485603893872 17.417477093105074 17.677151467345045 17.925589537362708 18.15372934315384 18.352520507748814 18.51320730785451 18.627815257421734 18.68989300434778 18.695465613885442 18.64399364089478 18.538996465366328 18.388030766339806 18.166138107963942 17.75343056638981 17.169071028527902 16.44386338652352 15.595087647583295 14.654621899154296 13.65529561106515 12.687829469803253 11.87933204367857 11.237901151082877 10.753794699034627 10.410278909989778 10.183512247348665 9.998393992223267 9.843364404664378 9.707469021948942 9.611999108664847 9.644540228857457 10.130442020271186 11.487963748206882 13.454283275480602 15.728066597476364 18.11804974413505 20.39173345337243 22.228053808650493
