_RESULTS/CROSS_VALIDATION_POSTPROCESSED/Berg/GZ/1comp/1/Berg_GZ_z_63_kriged_reverse_1comp_spherical_1.asc
ncols 100
nrows 90
xllcorner  5.6208707817415728
yllcorner 50.959635321741573
cellsize 0.00013419651685393446
nodata_value 1.7014100000000001E+038
[rows 36 to 53 of 90, columns 0 to 40 of 100]
0.0297123418208337 0.030159413823674742 0.030781464196359867 0.031556457227009234 0.032465726015035515 0.03349189943633673 0.034616740740277055 0.03581897204677288 0.03707229985977091 0.038344023022482146 0.03959478322006602 0.04083136863330998 0.042250997748378157 0.043840485272621486 0.04546113639691141 0.04685506771564539 0.047940237715033474 0.04866711076030631 0.04901681168210265 0.04899755674822611 0.04863706040214881 0.047973904124987726 0.04705048809870798 0.045909064750356554 0.044591137221686804 0.04313949826024989 0.04160145026280447 0.040049925099704446 0.038550702017194086 0.03715386650887501 0.03591752939977383 0.034876063818571834 0.033773972727241655 0.032582045215141 0.031357866989047654 0.030119162511360344 0.028571605220302103 0.02674355095210226 0.024760514118493806 0.022672160756195985 0.020328271928019268
0.03147428301038585 0.03167299618237735 0.03200832233279689 0.03245360086665315 0.03298739832637039 0.03359146402081065 0.03424871504549975 0.03494141472305243 0.035649780431730574 0.03635130397690798 0.03702210175408166 0.03781839500699027 0.03884493629774107 0.04007508629806069 0.04149073025875631 0.042956123248208564 0.04424587060297614 0.0453106295936605 0.04612019087489446 0.046660657895299225 0.046930555697913844 0.046935839877175325 0.04668556602065534 0.046189753358099515 0.04546784958002326 0.044595987698748035 0.04359048083997133 0.04247013646928115 0.041278672892346956 0.04008228524268382 0.03896235800538341 0.03777480521120227 0.03639082998498947 0.03489097624265959 0.033349313133855744 0.03181931339462219 0.030034461390781784 0.02796817480451482 0.025759397772541173 0.023449687979803378 0.020897513197594007
0.03377320754653764 0.03371641904372207 0.03372755154442696 0.03380938538318227 0.033941481861811146 0.03410885406535494 0.03429956604914523 0.03450272558985521 0.03470712503904267 0.03490070798647012 0.03511463442189393 0.035568048480562095 0.03627371105840744 0.03721595002510271 0.038388594599190126 0.03979572263260921 0.04125296707301368 0.04259695422918975 0.04379517616646785 0.0448234015667027 0.04566297466110274 0.046297041021447445 0.046708564644090816 0.04695889028689525 0.04704669179082979 0.046917689679360414 0.04653510668518454 0.045895658401438576 0.045039844909735206 0.044050151926600875 0.042898133717706934 0.04139611662656759 0.03964727372605574 0.03776008106644605 0.035829186393685174 0.033932332336540895 0.03189084737837244 0.029567333444375378 0.02708470607030511 0.024399849081900182 0.021464435058356372
0.03653566052369138 0.036388464681573016 0.03603493209187197 0.035700534990362284 0.03538542916736005 0.035082484128958445 0.03478874975576285 0.03450274111311377 0.03422278212209156 0.033946428749320856 0.03379949951482175 0.033950543257819724 0.03438160439351607 0.03508286927966639 0.03605509689414448 0.037311137171041994 0.038850019794662904 0.040430183162402586 0.0419651653414104 0.04342954277921231 0.04479794647237082 0.046068104164369725 0.04732679157571715 0.04851368541582949 0.04952956078210402 0.05026455296594434 0.05062157829366704 0.05055035114029687 0.05007554436133744 0.04919875101570573 0.04773168256133481 0.04580646901430604 0.04358517262293826 0.04121238180314118 0.03880661693462593 0.036459957246106574 0.03411280237191075 0.0313800775446823 0.02840715513117888 0.025284686793317974 0.021990479939823598
0.03979297331905457 0.03960135365232045 0.03904281313709502 0.03822847217032227 0.03739471735589612 0.03656364758953265 0.03574533741720483 0.03494968707237459 0.034184495696610806 0.03346286774995399 0.03299984517588496 0.032870065981389904 0.033054144653613074 0.0335440842596474 0.03434388506926754 0.03547078181667574 0.03695703170171505 0.038732654939961156 0.04056447568418445 0.04242599131632491 0.04434941468073257 0.04644628671640392 0.04866256223203338 0.05090032368705737 0.05301540989957477 0.054819473755162385 0.05611196211766007 0.05674902303400241 0.056611474937806106 0.05548687293717285 0.05355389146311223 0.051058537153624614 0.04823020510524282 0.04525610383824574 0.042278845871280196 0.03937468497584524 0.03638440470243696 0.03306971901318452 0.029593947002802302 0.02605898679265242 0.0224414439983048
0.04360548197695842 0.04335473265722732 0.042626978829834024 0.04148974855985147 0.04006681512846913 0.038618694283509884 0.03720927268474158 0.03586100888263685 0.034589773544719184 0.03344293152900074 0.032661343387345956 0.03225764882350767 0.032208527869725605 0.0325041968485077 0.033148826638124886 0.03416168423668062 0.03557904336952755 0.03744290663958019 0.039537934189981326 0.04182302229156327 0.04445383509671865 0.047422211450261154 0.05068321794449833 0.054140587463556766 0.05761474194185142 0.06081591676917431 0.06336611959483436 0.06476153800925966 0.06459547940910806 0.06302482442417053 0.06041817770917757 0.05716234963245255 0.0535702121878356 0.04986978490686972 0.046172245447557846 0.04231126556109902 0.038447400234145834 0.03454810221438971 0.03058104395671706 0.026672159656458826 0.022776762846813927
0.04804200368397192 0.04771076692916087 0.046755231925440816 0.04527850211129124 0.04342094531602605 0.04133029204780452 0.03923166600540192 0.037263390076465834 0.03544574329125006 0.03386550445284274 0.03274833523474997 0.03206602616773184 0.03178695775973339 0.03189599566279735 0.03239461418949731 0.033301917684780746 0.03465672473758582 0.03652091799952493 0.03888243932432367 0.04171107737055078 0.045050509536100396 0.04892364999865886 0.053330785849241724 0.058216350862471504 0.06340701997836753 0.06849681438842856 0.07252808689501813 0.07454154084575589 0.07417678571974085 0.07185090625230897 0.06827660539629116 0.06403937783344049 0.05952672377683768 0.054943566843688986 0.05007122990716284 0.04509676030838955 0.040272467725524466 0.0357309259675112 0.031303368778197935 0.027069618830331543 0.02295253029094378
0.053179708553690294 0.05273577937446951 0.05146640759036286 0.04953520985663686 0.047153204885089985 0.04452725445723457 0.04182967360756256 0.03919186635602373 0.03676861667395682 0.03472211281379453 0.033241239042226506 0.03226627514370439 0.03175235445498214 0.03167524164855832 0.032030830357613164 0.03283582575669682 0.034129871085244644 0.0359930122286833 0.0386742868892357 0.042029308306923974 0.046066150233658745 0.05086422257870595 0.05649928476430551 0.06301090562543957 0.07017206520462797 0.07739371056263937 0.08343393774937591 0.08635999092085206 0.08538405740648572 0.08176119292915514 0.07686889282675574 0.07146333890847299 0.06591737342354945 0.059991982170203385 0.053784521902048264 0.04764518241791426 0.04183782717551396 0.03654058597657279 0.031701518600718584 0.027198068521894186 0.022925685209741736
0.05910366356266488 0.058495918873914476 0.05678142687895807 0.054232486304356904 0.05117314700870794 0.04789101941331425 0.04460155643246486 0.04144878866424573 0.03852033009010532 0.036014236503802234 0.03413529791946507 0.03284612515653811 0.03208607256787248 0.031817798661094646 0.03202864386089072 0.03273057493274286 0.03396205409241463 0.03592152856302957 0.038876030643088366 0.04272856867736696 0.04743777113095189 0.053126131960832004 0.05986077375602176 0.06771494869888317 0.07668666190488702 0.08652161017558505 0.09595878043939529 0.10045266626516779 0.09762345833552127 0.09197555071741469 0.08558773568892487 0.07902024214977549 0.07215944663831104 0.06473343802763903 0.057181704929420735 0.04987903034068147 0.04310239693673603 0.03702757277642484 0.03172910957970376 0.027011905130384088 0.022659095616698755
0.06590589985931719 0.06504711560795515 0.06267763818264596 0.059277958355748485 0.05535205742563218 0.05128635309242559 0.047330691986907536 0.04362909441613881 0.04025526615042503 0.03740731379844785 0.035254974992391094 0.03372013983266536 0.032746474943748494 0.032300177235975294 0.032369735075268774 0.03296657141411135 0.034168051993947436 0.03625872079274063 0.03940681156866659 0.04363505878987569 0.04880236734175736 0.05504049923520361 0.06249905478497186 0.07133305579025039 0.08168967133300956 0.09368705010128187 0.1073698145449934 0.11528576090258609 0.10810951556302655 0.10082043905345933 0.09349254720003465 0.08604876184857806 0.07777334957403759 0.06897251031741765 0.06015449918586707 0.05174328811245383 0.0440449745553896 0.0372406558229292 0.031401307912799485 0.02648080887967157 0.022126945091245274
0.07368382794131587 0.07240871824068604 0.06903041096092481 0.06445643111274293 0.05945705821751492 0.05450450004027848 0.04984606054060337 0.04559574657171039 0.04179453620571825 0.03860942800456527 0.03619827735279199 0.03446064618505507 0.03332357792439023 0.03274104896725831 0.03269218014795691 0.03318085092403826 0.03439262206380068 0.036542677617123556 0.03977462259715347 0.0441963324434983 0.049632938116192724 0.05620381936504088 0.06406419302958687 0.07335726883343159 0.08416284157241637 0.09633060746384317 0.10865950956108159 0.11527165901186646 0.11252202399346505 0.10660844115274982 0.09973956590863102 0.09179058774666819 0.0825095800133662 0.07258149847959523 0.06264322079658788 0.05321729570091183 0.04466873755044398 0.03719846621847261 0.03086775849905369 0.025638015833880052 0.021319552438639037
0.08253779975850559 0.08047870103893262 0.07547163973935786 0.06933328280952859 0.06311159271074564 0.05725617569924853 0.0519356697500824 0.047195748159721176 0.043027773338016474 0.03954000138282643 0.03689398064064127 0.034970618040538026 0.033680584697485354 0.032965792533946214 0.03279581039876675 0.03319596136970882 0.03441875228422508 0.036585214375480145 0.03983813431619759 0.04432841820937411 0.04987148227954631 0.05654534702524983 0.06447232817819994 0.07371587276196025 0.08416985559000592 0.09528259309178812 0.10544477765213126 0.11169994030973454 0.11249503563457276 0.10940239089069308 0.1040154933869274 0.09610460544152252 0.08630567462110512 0.07554153386901223 0.06465264686279888 0.054318746164982404 0.04500030760452121 0.03693476753037271 0.030178017496238396 0.02466401294712469 0.020256487656702057
0.09256759783890266 0.08867016715868552 0.08106224524893205 0.07314709004558426 0.06579506928047472 0.05919923613288061 0.053374117277540455 0.04827820479177001 0.043851940252733035 0.04013194268220099 0.03729498935609748 0.03521677738801756 0.033794278591744845 0.03295904504211251 0.03267199682014445 0.033019007840340224 0.03422542170776331 0.03636710116607451 0.03958107665159296 0.04403160272471495 0.04952958682727524 0.05610539999087369 0.06383585629845415 0.07270480226730566 0.0824867885349929 0.09254760591313639 0.10163725813571498 0.10811122424402336 0.1109504387736228 0.11035843848673302 0.10656947669219181 0.0992136063964192 0.0892967812644674 0.07794539382685689 0.06624731636607611 0.05509558662253389 0.04508183941801258 0.03649227154821486 0.029376787347254213 0.023638071707771394 0.019106956715738754
0.10386762733563507 0.09406593811114494 0.08390717394853593 0.07489548158716136 0.06696585371655087 0.060024410225333544 0.053975112290865136 0.04872568860987344 0.044190177634005054 0.04034327869336721 0.037375678602814835 0.03518475860565076 0.03365871594863465 0.03272185749403575 0.03232938139381371 0.03264450780832755 0.03381100250788353 0.035892180693749956 0.03901611102832696 0.04334110695336434 0.048669433531335245 0.054996604296785954 0.06236304673556006 0.07070997363057847 0.07979163481749908 0.08906766917880155 0.09765649821944873 0.10451144234523135 0.1088317059934359 0.11032078487905358 0.10800063201873764 0.10150683770794944 0.09174619729646823 0.07996170507584348 0.06752447441858529 0.055604690689729674 0.044956231296389135 0.03591343776777689 0.028509144942694895 0.022605983848588872 0.017994157414701763
0.09587137346464689 0.09088406755835698 0.08232833493071276 0.07394309838192097 0.06633304728420358 0.059580177792945034 0.05365231788342437 0.04848570110378005 0.04400896141105509 0.04016610934294022 0.03713689629444756 0.03488177518332675 0.03328636705889713 0.03227168892681183 0.031803186550064075 0.03208369023817129 0.03319182708056629 0.035184404883310635 0.038179047288245886 0.04231505849899918 0.04738050369988098 0.05335766710429669 0.06026662450037049 0.06804113755917436 0.07647201917244206 0.08515397047153159 0.09348083866165556 0.10074029413844039 0.10628204434516668 0.1095282964271228 0.10872477339018215 0.10336135781253226 0.09395946352861395 0.08177891948184934 0.06856689080402628 0.05587768295559764 0.0446470699299543 0.0352300288898342 0.027615100760991978 0.02161113060072169 0.01696430780951697
0.08546421310339487 0.08301792291016892 0.07733217167859512 0.07065213200921824 0.06405846519966323 0.05794971805579149 0.052452761259551395 0.0475866958092721 0.04332639994417563 0.03962926177194974 0.036606826725350504 0.03433627421233989 0.03270693030103512 0.03164050312192057 0.031122827404096845 0.031362369149554634 0.032399081283637665 0.03428314246640219 0.037121513407140524 0.04102262416192638 0.04576018281854098 0.0513232704676778 0.057724430387469744 0.06490977239541024 0.07272521227868761 0.0808908465593786 0.08900419568547717 0.09658568189962323 0.10314217632134923 0.10793193726018135 0.10885690125473216 0.1050331899023596 0.09622785849162217 0.0835345797092776 0.06936733021167926 0.055873445859768854 0.044137238832258924 0.034454651115399214 0.026725768876092678 0.02069214559260476 0.016056706037320855
0.07626246758918849 0.07480339084622628 0.07101115282218087 0.06600204627070849 0.06063966752100857 0.05540741063321368 0.05053823087825093 0.04612924543291112 0.04220769129307229 0.03876579901000248 0.035837261749570797 0.03359455865476489 0.03196404369178407 0.030871369123985085 0.0303227933880366 0.030517687401130103 0.03147478731536622 0.03323798691324068 0.03590406198715851 0.039535342499710406 0.04390248152110243 0.0490125642115777 0.05487720565246246 0.06146075250231536 0.0686612082836752 0.0762986870174086 0.08412077325276932 0.09182755223018392 0.09909978896812013 0.10518955304786339 0.10806214293059464 0.10651140946505638 0.09880531176308653 0.08516668544313552 0.06968890079176719 0.05542351370958144 0.043357119964983606 0.03357975253701144 0.025862930212231964 0.019881581029076376 0.015306123994425705
0.06816741783014346 0.06720489825596544 0.0645748292358014 0.0608560916104889 0.05662467390538235 0.0522972953737172 0.04812871782214324 0.044257655751693624 0.040749957465939846 0.037628544614825614 0.03489638578226052 0.03271523998185858 0.031110642398391244 0.03001427461521817 0.029446038890189097 0.029594358576066133 0.03046762791967381 0.03210396831365253 0.034590696975009605 0.03792207487223822 0.0418934892998541 0.04652866031365532 0.05183965789696188 0.057806298791681046 0.06436565896242584 0.07140754976562066 0.07878073939226388 0.08631128445855192 0.09382662279027291 0.10068329403594117 0.10524270622342229 0.10681659562645342 0.10189785218681172 0.0858085900934948 0.0688450142272461 0.05422447543177228 0.04220686887384896 0.03259060477298961 0.02504311853458855 0.019205590692350134 0.0147407943353462
