_RESULTS/CROSS_VALIDATION_POSTPROCESSED_80-20/MHZ/IZ/1comp/5/MHZ_IZ_z_500_kriged_reverse_1comp_spherical_5.asc
ncols 100
nrows 81
xllcorner 5.5967107548124995
yllcorner 50.982328804812504
cellsize 0.00017565037499993607
nodata_value 1.7014100000000001E+038
[rows 38 to 56 of 81, columns 42 to 83 of 100]
0.33009751672929355 0.31986334558899243 0.3120058845575286 0.3070167419974666 0.30518104816190467 0.3063160211179626 0.3102824602911891 0.315622907848818 0.32087290623925474 0.3244026534661938 0.3250944065904342 0.32241221705870865 0.3169481916167928 0.30935039637014067 0.299409084002835 0.2865318547450066 0.27367640365091905 0.2625861431510841 0.25218698352230956 0.24262324741427566 0.2341053732054398 0.22686435040795175 0.2212279685611058 0.2175031595293856 0.21505819598274956 0.21350831688852623 0.21240923453372007 0.210717897457303 0.2078694197887107 0.203615076973335 0.19904175745524239 0.20095494395870273 0.20653335764351488 0.2098154135570724 0.21011917136606792 0.20773708586732165 0.20337119628283906 0.19808664777917806 0.19305061424995562 0.18950080281588055 0.18826553523876194 0.1886626391130824
0.3451985584044404 0.33646203407383046 0.3301514890560902 0.3267539424352148 0.3267807512680371 0.33011216303852253 0.33650085720863654 0.34471337048931616 0.35264259784715285 0.3565434625218995 0.35469654678780205 0.3488647161069932 0.34070166951000536 0.3309653272090389 0.31949977317122263 0.3053682650827456 0.29025729016383145 0.277049420532876 0.26541779480045424 0.254734178332737 0.24509120983819488 0.23665413579364342 0.22995287106145906 0.22470565508315551 0.2204939207002176 0.2171732269162036 0.21454712303606463 0.21185561359772306 0.20889328857808562 0.2058561110644764 0.20390919717173 0.20474914359541857 0.20747169760017137 0.20931782348089895 0.2091806069114465 0.20702722025501738 0.20333669227059026 0.19888159518006815 0.19460890599164135 0.19132473902610733 0.1897255609998781 0.18953408161555413
0.35987463623940047 0.35258848102340945 0.34764201350214063 0.3455409499332203 0.34683240449127467 0.35195080976174237 0.3605529568050029 0.37218691352131045 0.38473499087114643 0.389889807874422 0.383103504753239 0.3736414971054642 0.3631164075405238 0.351669205517687 0.3389645748651672 0.32414799500709707 0.30835230246276246 0.29262773173988965 0.27899635357176517 0.266602117992603 0.2554309530135575 0.2455936356179634 0.23751098183253508 0.2309705360480228 0.22548173447768655 0.22099847388934446 0.21752079481315362 0.2146755764371184 0.21251290472729056 0.2109931642195416 0.2102271417814542 0.21064716560277136 0.21166978575432563 0.21196303535320135 0.21088580418006678 0.2084762906387635 0.2050972595655537 0.20124334133565544 0.19743162935527575 0.19435343545765071 0.1926443582156649 0.19219613260386417
0.3735802417833001 0.3676291062102542 0.36379313950739384 0.36256284129067684 0.3645105090095085 0.3702985361023117 0.37968593844202414 0.3923248822782175 0.40706270446185633 0.41355311316586707 0.4039363379451588 0.3933376700950072 0.38211448038766144 0.3700806992410991 0.3568773492502658 0.341497490003509 0.3247869646343123 0.30742869102160997 0.2912486396717026 0.27703833388955096 0.2642687726922892 0.2528989851581537 0.24355450985911395 0.23615793787900705 0.23000938769737758 0.2249753928348161 0.22101875078354175 0.21803977010639908 0.21716562539506545 0.21726661412164944 0.21754185845763857 0.21786826195954903 0.21769139693166212 0.21657014024711926 0.21443228434860326 0.21146390758248423 0.20797211581744832 0.20430555285226867 0.20082054329204616 0.19824421047825275 0.196812695605677 0.19646587781235003
0.3858578914975026 0.3811117114604145 0.3780949422100987 0.3771220368079336 0.37867520050342246 0.38339397710188444 0.3915280939923437 0.4020209026361802 0.4125087229936386 0.41719693280310693 0.41360056361383657 0.4058904284467726 0.3962229895237493 0.3847556411430722 0.37100276663523973 0.3552527530699817 0.3379129197811832 0.3197404212173229 0.30170256238639326 0.28551278498802135 0.2711302518411774 0.2589392485321173 0.24908263121109492 0.2414148765679904 0.23523544920932282 0.23028527470719562 0.2264640949016497 0.22316032033262928 0.22413472956723424 0.22559246690560575 0.22647342176584018 0.22650645041476714 0.22537447860691553 0.2227071613506272 0.21906255315648154 0.2152519241341588 0.21138494694715584 0.20767213951676206 0.20451748532350258 0.20244417228766012 0.20148289986076304 0.2015798334979081
0.39600289232577335 0.39221431280768004 0.3894457205957043 0.3878461626044144 0.3879624958731822 0.3905853192649339 0.39624558286854883 0.4037730755636356 0.41141670874121794 0.41602627588177904 0.41581665568075604 0.41179536742726147 0.4044150511448237 0.39371086975529085 0.3801216690215027 0.3646190719006247 0.34700909361244714 0.32833111856430114 0.30978359983690007 0.2925225096414331 0.27732491232234197 0.2646832604086501 0.25453346452196124 0.24677073541505504 0.24098586294150734 0.2367155055430585 0.2340586480652693 0.2329165195174549 0.23397489232235597 0.23609259510830202 0.23754597351924406 0.23706971003443464 0.2344223198038978 0.2300820972915022 0.2247947561298302 0.2193822003205948 0.2147518214861809 0.2109929561046371 0.20832088229523368 0.2068272692465034 0.2064715952119428 0.20718426440056648
0.40243370679228324 0.39968725945557215 0.39703326686380297 0.3942619086538464 0.39210798775656824 0.39187928851179243 0.39460033882227785 0.3996224427458708 0.40553822631592434 0.41052268229406114 0.4127031394735903 0.4112957552125293 0.40585648052773143 0.3967660697624308 0.3841770711765269 0.3691776516104047 0.35145210814014693 0.33293443821493146 0.3151606180863839 0.2986774298427492 0.2831511901304386 0.2701987362109202 0.25991996267401263 0.25221943367489946 0.24697518775043437 0.2436886429569349 0.24234140713780042 0.24260714148440743 0.24465398868176 0.24793930088485827 0.250655282959118 0.2495256428077012 0.2442023711476692 0.23741824133626113 0.2304911454280896 0.22395079048157449 0.21816596556130857 0.214137618244845 0.21202075081694405 0.21126180370216846 0.21167965057068233 0.21318184950701843
0.40442718656671495 0.40323674789740327 0.40088990687667464 0.3963423031538479 0.3908757312306076 0.3871162891869583 0.38688570220105706 0.3900579274173385 0.39505476394016475 0.4002655463197149 0.4039346531043102 0.40413892707031884 0.4007928696431578 0.3939997320390616 0.38335013123779627 0.3687874343254204 0.3515550084744334 0.33383758846109324 0.3173892179304005 0.30240436510304636 0.28811168538635323 0.2752902289969795 0.2650592934735892 0.25757437114781206 0.2527778860212073 0.25048116293366846 0.2501286252420581 0.2513032440885998 0.254208244994048 0.2588562563779271 0.2645880599006183 0.26302487911127 0.2527229322513931 0.2432249837733989 0.23496449230681007 0.22782234448603403 0.2218950497991736 0.2176800001278453 0.2156553271627328 0.2156786565911378 0.21706130195878148 0.2193477717978954
0.4009659012067986 0.4023400450376666 0.4012342406127674 0.3939844967227878 0.38347212242465223 0.37557181548834767 0.37290956675353415 0.37513315198755737 0.37985562758197244 0.3852267965107844 0.3890686023097719 0.39059972472404814 0.3891206176587976 0.3848502300499936 0.3777056400764672 0.3642424078543022 0.34678872149231926 0.33050173514468 0.3161915685155292 0.30310283783612474 0.29074281990397344 0.27914732502986783 0.2696944898615471 0.26258761111481266 0.2582078004647858 0.2565775154175906 0.25679736148301546 0.2582794505583166 0.2611184354768374 0.26529218513976266 0.2700952515339666 0.26741734214272767 0.25617980352581643 0.24584682585203865 0.2373095563957488 0.2304643268600869 0.22539396034919765 0.2217815523914503 0.22004850376116566 0.22041138172436864 0.22236492845548822 0.22492130127011073
0.3899904348979124 0.3949967847555094 0.3982929142901767 0.38613915945617855 0.3675190856578843 0.3558808638568146 0.35242718966354913 0.3550208819724658 0.36032566781998615 0.3655722608624233 0.3693494161536743 0.37128635678628813 0.37085703964957034 0.36770106460179847 0.3627636670548595 0.35123227450943173 0.33590813699915667 0.32287893679248153 0.3112774693408511 0.3005611956509863 0.29055585459713573 0.2805030618101146 0.2724911419445639 0.26668587858963866 0.2631629081911396 0.2618869562262004 0.262222167527257 0.26348289250721 0.26530017452537474 0.2671054045382292 0.26730832966176993 0.2629886330527625 0.254448599322583 0.24513898416751675 0.23746998792825627 0.23196878452433894 0.22838081144590244 0.22619933233055328 0.22493114579480397 0.2251659266177628 0.22685827336046638 0.22969465337920686
0.3686912257697536 0.37415410617544953 0.38752854598246056 0.36413325234792754 0.3380343848049817 0.32705475206100065 0.3261031330906777 0.3307610742626632 0.33721004893804624 0.34270327369900627 0.34647899205736976 0.3481728435343459 0.3474306925889642 0.344153073901899 0.3386642642562794 0.33039811793101104 0.3203841052840382 0.31127068361375476 0.30288796519255107 0.29489241072291017 0.2873710319932755 0.27918413596929464 0.27279233109183315 0.26851873444867874 0.26639169991359746 0.26597664795324205 0.2664626372293441 0.26746040217049477 0.26811826262798916 0.2676377005337625 0.26496413250495526 0.259234266117502 0.2511124909686517 0.2426622711846258 0.2361159578047999 0.23230009709382998 0.23044796008964583 0.22966557325398268 0.2292627699141938 0.22951013693718156 0.23096816412052287 0.23358233156679586
0.33794426772197844 0.3344351484874691 0.3285070803819922 0.3095650904083051 0.293921604554246 0.2915922677992175 0.2964940374965936 0.3046658371388734 0.3124751472659475 0.3184652184195245 0.3222174473194204 0.32349591745810863 0.3223509842288999 0.3196627389748114 0.3152722587671562 0.3095632613034909 0.3031843812787338 0.2972562237934145 0.29177041307499724 0.2865329801121671 0.28142582956352935 0.27522105550770426 0.2705767072388122 0.2680071592839695 0.267424895274412 0.26792236192756785 0.26887069016719434 0.2696919264746514 0.2696983567186266 0.2678660451791531 0.26346515658217645 0.2564661336322223 0.2477070362196669 0.23880668874991479 0.2326664504996263 0.2306801517459045 0.231127490339832 0.2321389887255352 0.2329525120735733 0.23345780979061298 0.23470012826586742 0.23686619832440076
0.3067247306768681 0.2934704347239428 0.275134441427286 0.25205298096875917 0.24726240991808104 0.2572235552390205 0.268451232961859 0.2796039821328497 0.28852955933604624 0.29495272164579306 0.29882244012778025 0.30011229454589133 0.29941803308018855 0.29765819876629374 0.2944316590920075 0.29028143152199776 0.2861682679734974 0.2825942338640775 0.27912271846913955 0.2761105484895977 0.2731237436308835 0.26879413917733463 0.26594634007029916 0.26525985430884425 0.26625486517542357 0.26803842686504326 0.26988623615019613 0.27098092372474586 0.2705508044667871 0.26804513752285614 0.26296077025565856 0.255198638392322 0.24523614463897478 0.23427779393616244 0.22730048437500436 0.22837473318787502 0.2315626785919382 0.23434653116074616 0.23620233148336556 0.23707385346656631 0.23798631019622649 0.23961176505008253
0.2827522738961312 0.2654373270461266 0.24480041709280317 0.22245803158125327 0.22107632356367096 0.23414619246435844 0.24731567522297007 0.2592098492576434 0.26835216160783376 0.2747915860531774 0.27856672203390254 0.27976948455264844 0.2796960075944444 0.27875729667703103 0.27666254450297556 0.27367609018703326 0.27090254563085847 0.26870121907628236 0.2665444010474598 0.2647362671273907 0.2629801190966296 0.2601970572473628 0.2590746640509758 0.2602617371834837 0.26308686458076724 0.2667788900427386 0.27026939177106424 0.27247487702247275 0.27254032547456286 0.26995772509125326 0.2645882631730123 0.2566294553714353 0.2461312806743353 0.23353287545828022 0.22369619489035347 0.22908412728223312 0.23360955564556332 0.23707745364565364 0.2393464656372338 0.24034093086121108 0.2407088595717615 0.24166992005857313
0.267725273874847 0.2506394681402311 0.23354175315009276 0.2201228162459864 0.2171812346125147 0.2237691467614723 0.23427545724590265 0.2446404022276696 0.2528434912231601 0.25863512212693596 0.2619385573882893 0.2630938538182032 0.26345690673497824 0.26310611812751805 0.26195864726767104 0.25996612652484113 0.2580874371787666 0.2568048614081421 0.2555222160631196 0.2544313628281013 0.25278958964682835 0.25052785638951475 0.250710774798674 0.25358797459826227 0.25886663116388836 0.26537298446630186 0.2714356245798764 0.2755259438385769 0.27665180452474686 0.2744755858717495 0.26921661200103436 0.26145806850536385 0.25171955222276515 0.2416317812560224 0.2353895929904328 0.23571618963382163 0.23829918165815664 0.2407290323519136 0.24239767305425222 0.2429964249498302 0.2427894346276281 0.2434379086332894
0.26035443778847694 0.2446325716229123 0.2306769434824226 0.22082322830298232 0.217410162893906 0.22030114025374148 0.2273342457496923 0.23503872273390236 0.24168480470090062 0.24640847279795722 0.24898271453556411 0.25006465053549587 0.2506707290689635 0.2507471688336236 0.250274331511757 0.24922883627352313 0.2479804219345499 0.24733178152810367 0.24668859863211895 0.2459287372417054 0.24385087559680635 0.24126663676137064 0.2413290441500257 0.2456411339197725 0.2541578107873226 0.2645985423568032 0.27421569062836737 0.2808388503395196 0.2833379397866276 0.2817057598008334 0.2767149565582522 0.2693679468066509 0.26061964925910813 0.25229311583841685 0.24658948717706236 0.24439575833727126 0.24436749054679102 0.24491932780614287 0.24525841315987063 0.24516698572111498 0.2446451761832088 0.24500878438471055
0.25842685734147397 0.2438785035146842 0.23171933777520717 0.22323298720646964 0.2194040719156218 0.2202370888398999 0.22453349246143003 0.22952617197614344 0.23421616509587523 0.2377538127761128 0.23951915400807136 0.24046913340017131 0.24118037375477505 0.2415728376496278 0.24161522909547042 0.24133011723734996 0.2407704870174173 0.2406169527954903 0.24056822905653047 0.23981740117008093 0.23689720325813735 0.23298905910405862 0.23176108047832739 0.23710078982212773 0.24987453276370725 0.2654813281026116 0.27958815323403613 0.2891766561864156 0.29289127361689804 0.29138358967036027 0.2862884451114205 0.2789229722943748 0.27059926739580303 0.26279951673496166 0.25675013897173643 0.25291516826910015 0.2508485996741458 0.24972467177789837 0.2488858311452447 0.24793201296029643 0.24678690205800535 0.24681945283307535
0.26017569762568193 0.24673521240996996 0.23540527881583836 0.2273251617457323 0.2230015074483944 0.22245038067204245 0.22459191137858678 0.22734419324033456 0.23001762405158102 0.23225542433443752 0.23330228767383487 0.23404389751868807 0.23478593548792323 0.2354311895786468 0.23593320562828482 0.23629272024315895 0.2365547549941762 0.23694063757195308 0.2376371098579106 0.23664523689452954 0.23275425534519936 0.22759266127566669 0.22321312271754382 0.22859148788600517 0.24870898683130954 0.2705707573974208 0.2897416379975759 0.3020741404646281 0.30576418862804866 0.30307054239737863 0.29689721142503345 0.288886936211018 0.2804202237779456 0.27257638239153253 0.2661027111838859 0.26126788804495626 0.2578519389855007 0.2553822436151886 0.2533867117092126 0.2515651472492165 0.24981748388445565 0.24933660142519085
0.26453076964310246 0.2520858298239586 0.2413881400983467 0.2332151584823482 0.2283006903920832 0.2265176165103046 0.22691988326501208 0.22785976192732293 0.22883356408948757 0.22962174872408667 0.2300247098741141 0.23054446560166658 0.23129642670204645 0.23217549903456464 0.23312760878110741 0.2341445367872369 0.2353174709776356 0.23666202081405086 0.23790177377918317 0.2368223704592077 0.2331334521986415 0.22884999637638992 0.2252254925416121 0.2319763864836095 0.2554632798470846 0.2817825063601831 0.3066417413453856 0.32158271256764626 0.3222570394789672 0.3163194473588386 0.30806609507530797 0.29901829079952336 0.29004322966697627 0.28176789592608537 0.27465723469713016 0.2688846762157488 0.26434243322198464 0.26074858930126193 0.25785195100580616 0.2553924390983639 0.2531916470648739 0.2524109641604073
