_RESULTS/CROSS_VALIDATION_POSTPROCESSED_80-20/MHZ/IZ/1comp/5/MHZ_IZ_z_63_kriged_reverse_1comp_spherical_5.asc
ncols 100
nrows 81
xllcorner 5.5967107548124995
yllcorner 50.982328804812504
cellsize 0.00017565037499993607
nodata_value 1.7014100000000001E+038
[rows 57 to 75 of 81, columns 0 to 41 of 100]
0.09616765222522541 0.09628655098731108 0.0963882930528801 0.09647159640647202 0.0965487588766111 0.0966350033028251 0.09673209322642515 0.09684098550580837 0.09695919837767268 0.09708139266831543 0.09720221978251962 0.09731350967840238 0.0974045995138718 0.09746368238996915 0.09748048776616955 0.09744969915829226 0.09737331939778933 0.0972435124376808 0.09701482062385446 0.09672061454300068 0.09638954852050925 0.09603494964813124 0.09565116383601453 0.09520524625554092 0.09471474278982184 0.09423220457548769 0.09375005579124768 0.0932647331774245 0.09279143943861277 0.09234796985005467 0.09196744557142329 0.09169404131314142 0.09150122459769736 0.09139573714488322 0.09138981282190614 0.09147719876191511 0.09166301235272264 0.09195119516074775 0.0923395273014904 0.0928188931079944 0.09337324572724945 0.09397994749711418
0.09581264405636893 0.0959463286769614 0.09607332147641633 0.09619179262183519 0.09630386143473008 0.09642717929203265 0.09656625758605535 0.09672078392863717 0.09688760790255939 0.09706048850804401 0.09723315091030522 0.0973957508020662 0.09753445325240107 0.0976324849137824 0.09767405818636853 0.09765095897730529 0.09756483506525153 0.09739808583477634 0.09717495067478281 0.09691027940157743 0.09661450007270675 0.09629943247528727 0.09593514720569123 0.09551437242816474 0.09505922410996102 0.09459337679485344 0.09412479898944494 0.09365609920680133 0.09319604085227763 0.09275624574220735 0.09235102833304223 0.09205274457819565 0.09182846953621222 0.09167501842147839 0.09159877251462029 0.09160598712418191 0.09171094485584534 0.09192179284643417 0.09223782416361385 0.09264867532113716 0.09313549818423625 0.09367313672030056
0.09548360293768134 0.0956299004916161 0.09577839427393205 0.0959269820919968 0.09607537941869884 0.09622993381754703 0.09640502031946488 0.09660037502333294 0.0968129025416956 0.09703600969366663 0.09726323481744262 0.0974838885096584 0.09768103152083657 0.09783066459636426 0.09790620491860749 0.09789198344163676 0.09777645724888019 0.09757091703380581 0.09734129794488534 0.09710111625360186 0.09684182379526421 0.09656440961018542 0.0962289821417309 0.09584383579894201 0.0954253377291851 0.09498811815932189 0.09454101605052849 0.09408909704353378 0.09363810476668968 0.0931958825158003 0.09277279530768853 0.09240217207255175 0.09213690259577816 0.09191933996389905 0.09175587680745485 0.09166964223566086 0.09168311683251767 0.09181091763354611 0.0920546709719658 0.09240197794894932 0.09282973220093513 0.09330905399468123
0.09518156495954849 0.09533772669740365 0.09550372508935655 0.09567732783940673 0.09585779590438027 0.09604555071967333 0.09624996711330172 0.0964800324515299 0.09673329285227211 0.09700362270982593 0.09728542835204368 0.09756913853784864 0.09783690743345858 0.09805660618304535 0.0981807783871319 0.09816431716627748 0.09799601876678558 0.097755070945251 0.09750506535828896 0.0972673695457481 0.0970438327438729 0.09679760690235761 0.09649508789520025 0.09614839599558067 0.09576959678230819 0.09536884185038562 0.09495306729527746 0.09452649141649981 0.09409236260046841 0.0936545230050533 0.09321892484874818 0.09279564662436243 0.09243431372954321 0.09213130287191497 0.09186419613876999 0.09166719332394034 0.09157555688666184 0.09161469576211413 0.09178960397028658 0.09208314941418097 0.09246422831338588 0.09289775191583684
0.09490805991687722 0.09507086086101887 0.09525007609377319 0.09544339473129636 0.09564977451062784 0.09586922828906447 0.09610257899225089 0.09635964969399909 0.09664597409517758 0.09695668634565939 0.09728778744984434 0.09763340992296164 0.09798056968516514 0.09829661133779388 0.09849520490656014 0.0984491635027131 0.09820541377365131 0.09791743729682537 0.09764315276603672 0.09740051317540578 0.09719567749506394 0.09698031561896167 0.09671674536926828 0.09641392621651462 0.09608092006486992 0.09572505156943201 0.09535113007180449 0.09496132348924728 0.09455573409218654 0.09413352644631105 0.09369490061543854 0.09324337684857249 0.0927688169604294 0.09232236939244025 0.09193126804256531 0.09159972204815715 0.09138340710576241 0.09132766866060507 0.0914425360961349 0.09169888416707427 0.09204989497451113 0.09245112523647041
0.0946652383308793 0.09483109431677111 0.09501899226136352 0.09522653041612097 0.09545239868183661 0.09569624265370441 0.09595847668351806 0.09624007721492953 0.09654898293869567 0.09688875122968155 0.09725624374078577 0.09764983542697965 0.09806616023993718 0.09848998690574365 0.0988244253274675 0.09870227345622705 0.09834478820329265 0.09801035935418317 0.09772301448810544 0.09748625091512228 0.09729656519488879 0.09709945196031894 0.09687921241278467 0.09662762527119052 0.09634814210007005 0.09604640942680073 0.09572563913622549 0.09538596694997133 0.09502413216308277 0.0946338167718556 0.09420647947811198 0.09372669729343555 0.09318501355267905 0.09256718679436789 0.09197661592228168 0.09147351199610874 0.09110078833663161 0.09094229031516417 0.09101703748807038 0.09126329277015005 0.0916042686086227 0.09198549496590916
0.09445596551318752 0.09462107068885142 0.0948129829869748 0.09502915835399685 0.09526798114789803 0.09552866787920428 0.09581113193326132 0.09611582665790724 0.0964435828217179 0.09679770249647322 0.09718204383879539 0.09759534926428366 0.098029277331336 0.09846076797055357 0.09883558172913683 0.0986775870039079 0.09830985472093313 0.09798626996952761 0.09771831291728722 0.09750700897739074 0.09734414105677229 0.09717205258813771 0.09698232191697902 0.09677833632268053 0.0965598307796369 0.09632143779628773 0.09606518833100151 0.09579009702362042 0.09549023533057376 0.09515130395977037 0.09474641135511984 0.0942546284795606 0.09365731707612261 0.09292840432319431 0.0921097842454043 0.09133079269777147 0.09072365662973376 0.09044972865396941 0.0905321365969607 0.09080851321683918 0.09116108065996995 0.09154798329138246
0.09428387460554695 0.09444435230930179 0.09463563039152935 0.09485496795748818 0.09510041812135894 0.09537064395983105 0.09566484869022328 0.09598261124338953 0.0963236551289047 0.09668745495446122 0.09707032270675076 0.09746046479186746 0.0978402606712852 0.09817547505494952 0.09837406945400662 0.09830694814346247 0.09808132261184294 0.09783624330163844 0.09762261965103107 0.09745683370587305 0.0973340950202431 0.09719924913563158 0.09704837294416069 0.09688589237386844 0.09671527510940596 0.09653860181155523 0.09635536217368393 0.09615835714551609 0.09593406306866867 0.095661760871947 0.09530998658726579 0.09483758681720804 0.09420326968754746 0.09337723704881651 0.09240197865435747 0.09134079485656275 0.09034248376914078 0.08987037202516157 0.09007112049692709 0.09042155275174737 0.09079856255475323 0.09118422170377596
0.09415337246955677 0.09430546469823636 0.09449179757107874 0.09470931590872068 0.09495555940086274 0.09522857006439775 0.0955267389969763 0.09584858047067739 0.09619234017934687 0.09654882850514182 0.09690574421668821 0.09724888614494759 0.097558392102665 0.09780110328856521 0.09792132257861923 0.09788313586415853 0.09775466388613324 0.09759658592533027 0.09745144282720607 0.09734223631976091 0.09726926140889303 0.09718096955787044 0.09707630704103917 0.09696145311632481 0.09684144545984368 0.0967199686491542 0.0965955498243297 0.09646443017305253 0.09631848222282917 0.09613861167563738 0.0958836400544817 0.09547885205623302 0.09483261503656197 0.09392170832252372 0.09283356849685827 0.09164769758047717 0.09042325028047248 0.08975831531721855 0.08997141344753005 0.09025886806545177 0.09057838833887234 0.09091795356369049
0.09406977765438967 0.0942101413950337 0.09438751609046418 0.09459854214866144 0.09484030225032478 0.09511020827229724 0.09540381972073844 0.09571447402853889 0.09603614616698607 0.09636138288377158 0.09668033631772237 0.0969776416392007 0.09723199600526676 0.09741573347921029 0.09749727909578086 0.09747332523332597 0.09740169079303763 0.09731148782046113 0.09723001781099 0.09717758105499712 0.09715771203655899 0.09712102706585118 0.09706634851545737 0.0970002223115896 0.096928095063045 0.09685428715949154 0.09678195065307076 0.09671264531209259 0.09664497140043668 0.09657028869789383 0.09645758409114705 0.09620001553866928 0.09556230351816135 0.09455547552630969 0.0934064717492156 0.09224448681143985 0.0912072773066985 0.0905691201942176 0.0903998571256932 0.09045979174630923 0.09062913978236485 0.09085733239131698
0.09403190144587789 0.09415782204550753 0.09432143868575732 0.09451870991570417 0.09474534921339954 0.09499673893230735 0.09526779555033296 0.09555275997467982 0.09584487360011269 0.0961358880628933 0.09641536369599243 0.09666969086848677 0.09687984245678939 0.09702533805868414 0.09708752074543626 0.09707550761880643 0.09704225160627716 0.09700268933485895 0.09697367967971234 0.09697061658016226 0.09699941346768147 0.09701186532359438 0.09700276706021696 0.096980238270076 0.09695106544154886 0.09692112005162547 0.0968956444570652 0.09687944980130334 0.09687702101526457 0.09689234780252522 0.09692707800369042 0.09695280964317401 0.09630594382523124 0.09514952688724163 0.09399335362576719 0.09291101705363417 0.09199731218269637 0.09136404176658634 0.09103521036922452 0.09092564765241001 0.09094675757555976 0.09104822320640973
0.09399943621817286 0.0941086340592997 0.09425433277196443 0.09443227621500287 0.09463791656981128 0.09486632393477698 0.09511205426962853 0.09536896056569527 0.09562993169535046 0.09588655401510496 0.09612873207533093 0.09634441351179565 0.09651954243853778 0.09663811424088009 0.09668802845745679 0.09668229132800824 0.0966727598430306 0.09666827026472506 0.0966788325407572 0.09671509998914678 0.09678447556901723 0.09684367851249313 0.09687845631659658 0.0968972532297304 0.09690736122273767 0.09691517156252279 0.09692639868062565 0.09694617548134277 0.0969788576348938 0.09702676857568195 0.09708324973415797 0.09706857529785427 0.09650293692798358 0.0954914076046963 0.09444929292296664 0.09348155980351654 0.09266023910889279 0.09204347613997027 0.09164726947506326 0.09143860555219895 0.09136722810244935 0.09139218532375848
0.09396785968443706 0.09405791476420258 0.09418329178119576 0.09433956153024191 0.09452198022591371 0.0947254076967906 0.09494419673961568 0.09517204972231802 0.0954018455016656 0.09562545850100822 0.09583363240839379 0.09601604165918536 0.0961617592462206 0.09626016275936199 0.0963017235994205 0.09629784440772306 0.096301378684028 0.09631933138195727 0.09635739252070533 0.0964225121747816 0.09652135217905729 0.0966234184824886 0.09669867201687983 0.09675503006068313 0.09679943166979776 0.09683776229456875 0.09687466964107525 0.09691299923841692 0.09695210434084844 0.09698290658867958 0.09697303669630411 0.09681431666212906 0.0963402459301378 0.0955875857551683 0.09473532766439907 0.09390827780649816 0.09318148620943141 0.09260225436159579 0.09218767781406811 0.09192610572046184 0.09179109551963116 0.09175496959871661
0.0939407052558739 0.09400961813345152 0.09411276510007686 0.0942455989773182 0.09440325777561771 0.09458050004193949 0.09477162531084485 0.0949703836486924 0.09516988709114835 0.09536255254112104 0.09554013280453373 0.09569392582679043 0.09581527070722974 0.09589639684066482 0.09593148342459311 0.09592652216854057 0.0959347396016623 0.09596495650471724 0.09602001484320233 0.0961040646789953 0.09622146996743598 0.09635868343254439 0.09647021232378789 0.09655996449019794 0.0966338153239138 0.09669651782169962 0.0967509980197274 0.09679727965195599 0.09683021735677073 0.09683488243325013 0.09677711520044809 0.09657302719794622 0.09616556778496145 0.09557754002185435 0.09489453337482909 0.09420504416462118 0.09357592147811002 0.09304948263471743 0.0926450383810668 0.09236268244518332 0.09219024208313911 0.09211090356264354
0.09392176317521832 0.09396793098806959 0.0940473916054072 0.09415553908269662 0.09428747021907008 0.09443794062761811 0.09460131797932489 0.09477154048015697 0.09494209587168546 0.09510604720029509 0.0952561454219392 0.09538507974397996 0.09548591032266278 0.0955526850191226 0.09558115484734325 0.09557326454841265 0.0955791935962466 0.09561326926031663 0.0956763379990229 0.09577042414266744 0.09589793302376175 0.09605713016440759 0.09620108609348593 0.09632038421491738 0.09641998031336743 0.09650323099807771 0.09657158770842786 0.09662332068488891 0.09665182320300368 0.09664334618278765 0.09656222766775548 0.0963545499966181 0.09600390531046245 0.09552774277212735 0.09497492185574444 0.09440468136952203 0.09386773362474267 0.09340009812694192 0.09302204127621652 0.09273995618356322 0.09255029308702249 0.09244409702305992
0.09391498665123049 0.09393716475701246 0.09399187701609749 0.09407451526759023 0.09418020309782457 0.094303772096762 0.09443974433700056 0.09458233051891435 0.09472545755483806 0.09486284418473458 0.09498814756928094 0.09509520432064641 0.09517837883312202 0.09523300217850951 0.09525583794706416 0.09524567390615848 0.09524183488706513 0.09527224002764166 0.09533569703658207 0.09543211214714882 0.09556226906676132 0.09572682126967552 0.09589970156235976 0.09604573990768554 0.09616879797564548 0.0962712057314487 0.09635351510414093 0.09641361025890098 0.09644579258347998 0.09643691235529209 0.0963455994346473 0.09615155038309296 0.09585105714606829 0.09545910069216723 0.0950072478891318 0.09453489100852011 0.09407946437957233 0.0936703820428434 0.09332679652200163 0.0930580077971781 0.09286550973143463 0.09274568975971334
0.09391706310862696 0.0939216696216848 0.09395090291758805 0.09400755306453926 0.09408682594765042 0.0941836867090651 0.09429286507755476 0.09440888283460509 0.09452611472246256 0.09463889312849276 0.09474166418668394 0.09482920001814694 0.09489686625469385 0.09494092920739389 0.09495886246298661 0.09494959099255362 0.09493252906227131 0.09495203549798222 0.09500817526685156 0.09509981838997172 0.09522619708249652 0.0953863558713859 0.09557452258589676 0.0957456301979969 0.09589121564077444 0.09601324392399388 0.09611188178088377 0.0961855656610193 0.09623017571325088 0.09621867663686635 0.09612997291296997 0.09595776033369662 0.09570338371092971 0.0953789589375625 0.09500661513496376 0.09461404780571325 0.09422897591394169 0.09387486579390174 0.09356872030931593 0.0933207057120782 0.09313505084396606 0.0930115874879231
0.09391919902763354 0.09392220341468174 0.09392906316491101 0.09395951346920417 0.09401245211678415 0.09408301667815037 0.09416617108255171 0.09425675239000009 0.09434955516524882 0.09443945712369059 0.09452157772996117 0.09459145696624983 0.09464524894106541 0.09467992754199589 0.09469348667077157 0.09468509916814 0.09465951839497883 0.094663210452537 0.09470644414654182 0.0947871405835938 0.09490352507639876 0.09505379857765656 0.09523581237065543 0.09542964793889183 0.09559788566983596 0.09574107410740004 0.0958595506001125 0.09595271721888134 0.09600446301370165 0.09599415517639882 0.09591656536593855 0.09576963446345156 0.09555677229709102 0.09528821384960408 0.09498045089859088 0.09465380084581063 0.09432917397281639 0.09402523124916135 0.09375659395133429 0.09353319991719085 0.09336057185530588 0.09324063765494255
0.09392123858615206 0.09392460776483569 0.09392807220596028 0.09393506040941524 0.09396192280597014 0.09400674499172355 0.09406473332968193 0.09413101950191258 0.09420076231020368 0.09426930015670326 0.09433232299702499 0.09438601874029555 0.09442718957194597 0.09445336866125965 0.09446294626134531 0.09445527914113834 0.09443074956857735 0.09441482371875383 0.09444084615091915 0.0945062951322451 0.09460862480878791 0.09474528504126895 0.09491346354011355 0.09510966399972667 0.0953013457453026 0.09546772407007235 0.09560966569421542 0.0957156336637744 0.09576885997643379 0.09576557061274216 0.09570337189699205 0.0955825471927926 0.09540730114329757 0.09518636988419849 0.09493258292799187 0.09466141640003042 0.0943890235738533 0.09413035910606476 0.09389783385020067 0.09370065559743625 0.09354478843023266 0.09343334496326766
