_RESULTS/CROSS_VALIDATION_POSTPROCESSED/MHZ/GZ/8comp/2/MHZ_GZ_z_90_kriged_reverse_8comp_spherical_2.asc
ncols 100
nrows 74
xllcorner 5.5967023332191781
yllcorner 50.982320383219182
cellsize 0.00019249356164376555
nodata_value 1.7014100000000001E+038
[rows 0 to 18 of 74, columns 44 to 87 of 100]
2.3211616166681415 2.3103622167522193 2.300522500746671 2.292347833507303 2.286447937557968 2.283278394658903 2.2830899573590426 2.285897673719958 2.291478962584473 2.2994012500445167 2.309070857829869 2.31979110771196 2.330820586221127 2.341428924784223 2.3509515479729934 2.3588412000464283 2.364701119003862 2.3682702469859414 2.369347928431922 2.369347928431922 2.369347928431922 2.369347928431922 2.369347928431922 2.369347928431922 2.369347928431922 2.369347928431922 2.369347928431922 2.369347928431922 2.369347928431922 2.369347928431922 2.369347928431922 2.369347928431922 2.369347928431922 2.369347928431922 2.369347928431922 2.369347928431922 2.369347928431922 2.369347928431922 2.369347928431922 2.369347928431922 2.369347928431922 2.369347928431922 2.369347928431922 2.369347928431922
2.300976934815165 2.2871520439028057 2.2746056400673127 2.264193212611388 2.256674549420188 2.2526318784126333 2.2523914298325796 2.255972916637351 2.2630863240821872 2.273177324089901 2.2855036227302934 2.2992175286648613 2.3134372501915084 2.3273032611760276 2.34002721697678 2.350942538270422 2.3595537110930085 2.3655579148973525 2.3687952133064436 2.369347928431922 2.369347928431922 2.369347928431922 2.369347928431922 2.369347928431922 2.369347928431922 2.369347928431922 2.369226313138375 2.367407389246022 2.36444892710669 2.3614907108932393 2.3593791048107335 2.3586334728140605 2.3594255803152135 2.3615727761151897 2.364545242437503 2.3674870073591237 2.369249908616555 2.369347928431922 2.369347928431922 2.369347928431922 2.369347928431922 2.369347928431922 2.369347928431922 2.369347928431922
2.2783724908861673 2.2612308682844704 2.2456471122145656 2.2326636757846496 2.2232469782931887 2.218166125520266 2.2178635012325842 2.2223661075239804 2.231279805521967 2.2438694044230156 2.2591858817431847 2.276190739443827 2.293846950796212 2.3111735447258983 2.3272796341614455 2.3413991855246254 2.3529384531566895 2.361521789221878 2.366987859409347 2.3692802475096992 2.369347928431922 2.369347928431922 2.369347928431922 2.369347928431922 2.368638087666243 2.3637521156379244 2.3558428723667526 2.3466883853601734 2.337845508801905 2.330590632235444 2.325870834015733 2.324267157295419 2.325971763867151 2.330780313573773 2.338100066700967 2.346973181317212 2.3561138378204416 2.3639574309496325 2.368720160101102 2.369347928431922 2.369347928431922 2.369347928431922 2.369347928431922 2.369347928431922
2.2541865042177864 2.233410724138876 2.2143854465486097 2.198390244877184 2.1866847677641186 2.180326404571492 2.179946669187491 2.185584675373649 2.1966759864720644 2.2122040514284427 2.230922972254224 2.2515484052823784 2.272870615333775 2.2937988648968943 2.313369744402928 2.3307538102418137 2.3452852349941553 2.3565147025139987 2.3642443547227305 2.3684701442999714 2.369347928431922 2.369347928431922 2.369316435652471 2.3646820274047347 2.353764581612787 2.3388109588142143 2.321970810015033 2.305218124686295 2.2902799468308226 2.278572952378881 2.2711495658768963 2.2686562473678844 2.2713069515172983 2.278874166960258 2.290698441634951 2.305715432853741 2.322498040620678 2.3393106202323644 2.354172666674316 2.3649303254807448 2.369335062328886 2.369347928431922 2.369347928431922 2.369347928431922
2.218844913137915 2.2046577166552552 2.1817041158864314 2.1621111001256472 2.14755588091484 2.1395582701178633 2.1390783997959093 2.146177080114657 2.1599919988757046 2.179049704863729 2.201674461480848 2.226274821657289 2.251462827674816 2.276063501403191 2.299080883558557 2.319667081008307 2.3371246160523236 2.350952526882897 2.3609067396974943 2.3669949480253853 2.3693216554279384 2.3687317591864576 2.3602259305508695 2.3436481198025962 2.321501920655319 2.296263014206145 2.2702938390925844 2.2457641036139004 2.2245762726067766 2.208296317715269 2.19809198125277 2.1946828390582245 2.1983074716576083 2.208712188881699 2.2251630125253343 2.246479108578167 2.27108316620319 2.297063420359624 2.3222430860755474 2.344255020747251 2.3606213758573564 2.368839124569291 2.369347928431922 2.369347928431922
2.154085366525615 2.166428526917034 2.148730858498119 2.124774279279503 2.106543553241989 2.0963285193874306 2.095710510119986 2.104793408186474 2.122145774708356 2.145518433417983 2.1726260492810776 2.201532330530389 2.2307059726591887 2.258942940440706 2.2852688974835216 2.308866770072627 2.3290512732224955 2.345302334078044 2.357339098334396 2.3651594186822056 2.3680708263167976 2.3577256162582154 2.3367067835209534 2.308105110100398 2.2746510873571215 2.239036427014677 2.2038309510055707 2.1714033007782465 2.1438428696290157 2.1228822515152546 2.1098230806581495 2.105472280638616 2.11009828911974 2.123415683396166 2.1446015134869696 2.1723398357802735 2.204885922227764 2.2401406102692296 2.275727891268955 2.309072990838661 2.337481733681233 2.35822381806954 2.3686227143908547 2.369347928431922
2.0683078659581975 2.1058547121674853 2.1118813630462894 2.087736068581313 2.0645900229699214 2.051158777304733 2.0503331517051806 2.062315780313896 2.084453415433748 2.1131347149054522 2.145288471740875 2.1786974156432772 2.211803767729583 2.2434712041579856 2.272814160255846 2.2990936626366474 2.3216742466779587 2.3400477053995683 2.3539142712747494 2.362882953286172 2.3572651102525066 2.3349104081081715 2.301495241669482 2.260971472277802 2.216274576181275 2.1702972202794992 2.125811524885786 2.085392411952834 2.051336350986566 2.025572359767704 2.0095682402665016 2.004243320310876 2.0099051785106408 2.026226804859778 2.0522708538251107 2.086553933234643 2.127134305967917 2.1717056326051267 2.2176857367079945 2.2622976480174186 2.3026461985529045 2.335795885224291 2.358855276863394 2.3690712206442543
1.9710075802495304 2.0315584344998685 2.060353087193877 2.052630868219479 2.023266070150872 2.0047104742992805 2.003528758457938 2.0202022231650583 2.0490293703952016 2.084076527743971 2.121581338624851 2.159356124114745 2.196040052142887 2.23068816949053 2.2625663199204644 2.291046432304515 2.315564899124579 2.3356453903801673 2.350985629886229 2.3539914788004044 2.337004832652073 2.3030110644467277 2.2575181089714422 2.2053406439152172 2.149592046126924 2.0933466498037205 2.0395722816075024 1.9910610952186474 1.9503476483797972 1.919605440990315 1.9005227176581165 1.8941746764273804 1.9009244085206642 1.920385942667933 1.9514634679841418 1.9924518254440753 2.041164615660322 2.0950579200551354 2.151333041032348 2.2070178727694945 2.259035852374199 2.304273531477298 2.339655591309674 2.362232383692446
1.871079506663964 1.9525389568794163 2.0020942784831752 2.013357170798737 1.9858857014979012 1.9581675752817884 1.956218989732946 1.9815898290320706 2.019539913856515 2.061391370225447 2.103791875834111 2.1451926196791744 2.184669552876098 2.221550492855915 2.255273932486075 2.285330578873261 2.311227563003085 2.3324974849460447 2.345911846298289 2.3381933470734197 2.31008113623901 2.264853542271675 2.207795791670382 2.1443898978859366 2.0778963117763767 2.011544027672855 1.948484194457503 1.891737519701374 1.844119381082549 1.8081217652391328 1.7857435710318887 1.7782919583160754 1.7862149614650207 1.8090364287428107 1.845425030097744 1.8933637346570602 1.9503483040162286 2.0135555349549663 2.0799597524777824 2.1464066809670284 2.2096656923036053 2.266479914540805 2.3136271760261726 2.347998171654287
1.776164254584325 1.8768776841958164 1.9461349248289992 1.9757136410243656 1.960008409052997 1.9165686364290593 1.912152704208532 1.9548028932250932 2.001914364568279 2.0487371120468887 2.0942095318442933 2.1377651189135873 2.1791216400576556 2.217695172000313 2.2528902383576495 2.2841397210063077 2.310909545999736 2.332684979041979 2.3377939184556045 2.319196204281352 2.2798681466892283 2.223456225099657 2.155357764963753 2.081305688438249 2.004491672545243 1.928259383029501 1.8559171106121028 1.7907170957635479 1.7358061565814393 1.694103373623529 1.6680682471961354 1.6593769546952204 1.668617671546015 1.6951655503217362 1.7373152141051746 1.7925884563504513 1.858056318143784 1.9305673991177978 2.00686724461044 2.083646213702855 2.157559767630561 2.2252517677580337 2.2833967259947667 2.3287667770547555
1.6922018436569062 1.8108932779356355 1.8997109794852627 1.9495617937495682 1.9538309713945101 1.9174629079480416 1.9131660739874108 1.9552406203437476 2.002176897624835 2.0490400840730074 2.0951552699671505 2.139735861618795 2.1820522210623934 2.2214356353722784 2.2572588427583806 2.288927423995248 2.3158866200117876 2.3349155113920936 2.330168267241564 2.301117924567503 2.250956249366727 2.183540951803793 2.104416142500078 2.019585283696318 1.9326537230446874 1.8468567284787043 1.7652489035524563 1.6912887163697667 1.628496489965384 1.580365433962035 1.5500652338205203 1.5398994197933724 1.550706969955495 1.5815971429118176 1.6302301564380035 1.6934193333453793 1.7676675220980325 1.8494557424756066 1.9353259777912495 2.0218660643504918 2.1056762388427464 2.1832782594594913 2.251146539376718 2.3060989735893855
1.6233210275330527 1.7586607286442135 1.866700252936982 1.9384756337730256 1.9684608932130212 1.9594161284979938 1.9574998915224449 1.9825468883409039 2.0207985719498756 2.0638719940410057 2.1081356274719427 2.1517659367239315 2.1935744084880753 2.2326402021048435 2.268179432289233 2.299492914705388 2.325956987100299 2.3388229737247928 2.324750682106197 2.2858843326530423 2.2256121077727387 2.1479587850234347 2.0587583606160145 1.9637768882808035 1.8666201365627348 1.7708431472134658 1.6799216280907605 1.5968373949165295 1.5253307791849091 1.469631814248761 1.43402882584519 1.4219696315613668 1.4347880179947994 1.4710693243807091 1.5273207491268534 1.5992457502684125 1.6826232699471533 1.7735819072957608 1.8685437965867406 1.9638984956380254 2.0560016010734152 2.141605227435148 2.217492345365288 2.2805074448658558
1.5721053624778683 1.7222989973279856 1.847992047215518 1.9402837024451385 1.9933143069092663 2.0058797815991043 2.0048714702023975 2.022366755437483 2.0530184708826544 2.0907179366024082 2.1314450360612995 2.1727196294841455 2.212880469953892 2.2506909324308495 2.28515042116963 2.315407677532904 2.3405334746593556 2.345624300294748 2.32295831541503 2.2751142297643483 2.2056595552960716 2.1187574971689607 2.0206574149656613 1.9165906360715503 1.8101235097667934 1.7047227063839347 1.6038319814297577 1.5110408117571472 1.4297797844094913 1.3647791680151347 1.3220557761180358 1.3073081710892542 1.3229790284255127 1.366482041948659 1.4320698499824056 1.513746365807199 1.6065146240670687 1.7062609698680942 1.8089643137309892 1.9112781965385794 2.0100742735923296 2.102230054819218 2.1846207316209245 2.254154261814299
1.5400628236206253 1.702764573337459 1.843318296732855 1.9524694788688517 2.0231046911914485 2.051024248096052 2.05285214694701 2.0672577171218394 2.0928228529038466 2.1257104257643795 2.162573269080788 2.2008764988615286 2.2387229856549515 2.2746360507983034 2.3074112256238353 2.3360372631104456 2.3582796580332333 2.356190346916858 2.3258768322880443 2.2701075086781715 2.1926134463382163 2.0977683298092566 1.992140524035437 1.880309392132741 1.7657654064304522 1.6518085028568952 1.5416155375894545 1.4384610260373327 1.3461832061642787 1.2694778151323334 1.2163471299733455 1.1972276169238234 1.2175283427709378 1.2715408891467133 1.3488232967354443 1.4411532609371007 1.5429939277874432 1.6499288384461857 1.7587626427898189 1.8665755696194393 1.9704660064187727 2.067486236622897 2.154646343859345 2.2289567503900045
1.528031967957625 1.7004888442775676 1.852405303130899 1.9739627166210032 2.0567812000287655 2.0956157619576152 2.100799919217865 2.113928203742369 2.136362763925978 2.1655855782999307 2.199001352946488 2.234319368938778 2.269621226355684 2.3033034660270566 2.3340074393263412 2.360581438443769 2.3792302341373692 2.3710298804867076 2.3342352627920038 2.271807941758284 2.187625114330105 2.0864698419956365 1.9748921938279467 1.8568961897342788 1.7358941222979147 1.6149927853514736 1.4970103293547383 1.3846190491944106 1.2807689154008504 1.1898109808621933 1.1204107971394608 1.0926194794497714 1.1220608227157802 1.1923599518607708 1.283581821038755 1.3862450032002553 1.4952482826818458 1.6076050731083469 1.7207724854237174 1.8322156677307027 1.93929533902187 2.0392558774185003 2.1292590569200036 2.2064406317244973
1.5386029146293354 1.717145142948904 1.8756766727680854 2.0044254181317003 2.094947758256534 2.140283782268921 2.147883276661594 2.1606759541759257 2.181273335591279 2.2079004178878154 2.2385354879984765 2.2711889722287677 2.3040283938567714 2.3354063549134825 2.3638588911407594 2.388121939979587 2.4032983364410185 2.390283244486931 2.348387009367513 2.28076536041592 2.1914183659318 2.085902205492716 1.9701332893044332 1.847828799390138 1.7223702024950605 1.596734544960817 1.4734547864241496 1.3546333666939787 1.2420476427151763 1.1375633288382094 1.0452237658245065 0.9939423745923031 1.0477761967106383 1.1405744297288358 1.244238345399041 1.3537332876233388 1.4669574580160432 1.5821080624598396 1.6969859770571094 1.8089228050035033 1.9158721227179314 2.015646198396616 2.105867904979858 2.1839847795152028
1.5814107525088292 1.7630938665633806 1.9232744954985594 2.0518503147765186 2.1414857590602967 2.185415888069465 2.193325391596853 2.206317022170369 2.225922930896753 2.2508010304356656 2.2793268910174973 2.3097724261207677 2.3404180298868575 2.369611670063687 2.395814139658512 2.417670649292556 2.4300452314362486 2.413726041522924 2.3682957994116633 2.2970946415125595 2.2043666630644965 2.0965754366546423 1.9784932031671496 1.853913708936748 1.7262730553324848 1.5985623568961567 1.4732838963057424 1.3524443005042825 1.2375878686601163 1.129927195640713 1.0311528310518425 0.9637418267024647 1.0340209970348926 1.132594129792922 1.2378927286626227 1.3477106859496852 1.459727157064904 1.5717819304499823 1.682484492361881 1.7902675283868963 1.8933813422940142 1.9898891635073275 2.0776643631770595 2.154391496607844
1.6573320785233596 1.839696845510122 1.998040436442412 2.1227069585294456 2.2059075172157034 2.2404216117922617 2.2411321288965986 2.25025716082236 2.26901710889024 2.2927746647986718 2.3197720682895344 2.348485388601394 2.377299376511424 2.4045683287448885 2.428688326812143 2.4482180746446693 2.458706686602021 2.4407832568917764 2.3935226027417063 2.320426616243865 2.2266414268903127 2.1183863631489257 1.999902621780167 1.8751331674286438 1.747654633283468 1.6206249684406766 1.4967998715665551 1.3786507831710098 1.268713548117089 1.1706694712612093 1.0932286986136084 1.060495196157879 1.0950138253681434 1.1717424716181235 1.265359055563899 1.3654457799262947 1.4684266970456483 1.5722389424074064 1.6752109878619397 1.7757466366182078 1.8721990677929474 1.9628088811515292 2.045667876332017 2.1186946975161924
1.7661501786594633 1.9461229806867288 2.0986974044969067 2.2149693434835465 2.2864312338588233 2.3062044104295967 2.2990042860528184 2.3003057019356503 2.3112867159241057 2.3324769589857297 2.358400093933747 2.3858121220860165 2.4131928195375747 2.4389091150103193 2.461291433922962 2.4787860562618445 2.4882349254953913 2.47054899320721 2.423202348723949 2.350079793274234 2.257540009967848 2.1505589350417313 2.03353262660247 1.9105785586977893 1.7854565869361583 1.661569464099431 1.542053118685896 1.4300127346179095 1.3290514642802744 1.2444047396477718 1.1849062352548083 1.1632407943778766 1.1856759102464347 1.2415734164323509 1.3161661737201567 1.4008358280773465 1.490694114565775 1.5827619467634473 1.6749213823336246 1.7654210814306033 1.8526349292507764 1.9349319701598306 2.010598897438659 2.0777879564754005
