_RESULTS/CROSS_VALIDATION_POSTPROCESSED/MHZ/GZ/8comp/2/MHZ_GZ_z_63_kriged_reverse_8comp_spherical_2.asc
ncols 100
nrows 74
xllcorner 5.5967023332191781
yllcorner 50.982320383219182
cellsize 0.00019249356164376555
nodata_value 1.7014100000000001E+038
[rows 38 to 56 of 74, columns 0 to 41 of 100]
0.15498674765748016 0.16707019741341178 0.17750322723187092 0.1863570517445979 0.19333767505708188 0.19817540676333095 0.20048615553464436 0.19944743248608904 0.19270509837063224 0.17775895095567512 0.15893568924713014 0.14050102672756318 0.12397897591892139 0.10992918422095031 0.09852923221385587 0.08974936341582293 0.08311015973267159 0.07750309092457101 0.07291222637025235 0.06934800934627325 0.0668073821010861 0.0653042617965274 0.06482570023411446 0.06490426966387777 0.06578885757822131 0.06719442240108064 0.06889684847697669 0.07075321409997462 0.07261019160741324 0.07425360361478187 0.07580729263344688 0.07850978356216913 0.08249336142319308 0.08760134486814027 0.09369253783297483 0.10060671064283601 0.10813741636622944 0.11685473811216378 0.1284464981489882 0.1429268467167914 0.1600976944293354 0.17955750644489082
0.15499608298079104 0.16738816531911066 0.1786288213135031 0.18815572463884342 0.19538036466766884 0.20012129528800393 0.20229051207181228 0.20190162894996458 0.19816287171728783 0.17777657525447318 0.15554196990870178 0.13561579606633928 0.1184353650324275 0.10413397267694749 0.09267904403991545 0.08395756148564365 0.07760190255378695 0.07289161749982974 0.06919932587409366 0.06649364139777025 0.06475660558114345 0.06396309422196685 0.06376147269394963 0.06451628652809195 0.0662668027862601 0.06857950300382963 0.07121104294663808 0.07400220760511662 0.07674891387298549 0.07917447731899785 0.0810702729904626 0.08303239875982928 0.08594205371122042 0.08966310585991104 0.09397332500789254 0.09864850892306533 0.10363251037868075 0.11031139596617291 0.11954176456930804 0.1312948147884822 0.14550902854021827 0.16163166890646288
0.15770206110078708 0.1704518214918084 0.18225615280383226 0.1920546334750806 0.19910563657239516 0.20305865251727648 0.20374757182673098 0.2009517675526378 0.19259049583769994 0.17360060120894757 0.15157416503335094 0.13140586510410718 0.11404049213594675 0.09967087538062666 0.08824071500931192 0.0795966866776563 0.07322703735823523 0.06888450014794603 0.06602864647060751 0.06413076491096698 0.06311661931679037 0.06264760179375282 0.06317686773102765 0.06483485673374094 0.06753337921551221 0.07084847258246474 0.07453713286357637 0.07842005857849667 0.08220777705753649 0.08559993799081107 0.08832581663170917 0.09013992473439537 0.091929349760607 0.09423009345289213 0.09677494325305437 0.09931502286334509 0.10240858509861459 0.10735602742778444 0.11462070580758521 0.12421227966053894 0.13598874283445 0.14875945810275587
0.16258220977951968 0.17659806400916814 0.18894934727653254 0.19883385979003118 0.20531705047794976 0.2077952541456594 0.2058915860758387 0.19915503348873542 0.1866486356189516 0.1684024416454401 0.14775260126416673 0.1280507658657997 0.11079648588634582 0.09644879808521113 0.0850381335249749 0.07637437140058119 0.06993567519948116 0.06563851927501613 0.0633703731946287 0.06217006341258059 0.061479818652102176 0.06169791926814495 0.06315582410735514 0.06578791178814995 0.06953012894201874 0.07396386950916933 0.07886793397622642 0.08402729239773914 0.08908190585924897 0.09368833178103089 0.09747926120393464 0.10005290769851945 0.10114248650159186 0.10188915489240415 0.10255258627018765 0.10309386992002757 0.10445396589737269 0.1076951665942511 0.11314600262464977 0.12083605978470174 0.1298925680795405 0.13979295977755715
0.1684549199294902 0.1847854870809104 0.19907255935772777 0.20944037433079332 0.21514534252081952 0.21574521078292766 0.21088270455266628 0.20056512885290048 0.18520051849113003 0.16610805590788014 0.14568790756547095 0.12623849086885727 0.10906293520417402 0.0946803097890732 0.0831817267626812 0.0742665552011582 0.06763663388128949 0.06332183878575211 0.06104145021046917 0.06018319805120891 0.06005279917127985 0.06121636521567845 0.06364206304476058 0.06732046168555948 0.0722007703992688 0.0778826036933617 0.08418555975425882 0.0908475680390213 0.09746326932960507 0.10361070399289843 0.10877363145898084 0.11239112972465752 0.1139989387689838 0.1135532717477093 0.1120403279871897 0.11055785720178996 0.1099581106451559 0.11129726958256575 0.11485727510510133 0.12030997588480968 0.12664152885438362 0.13395042059268322
0.17515209950688918 0.19416418660244594 0.2110980825262 0.22342554659183306 0.22949365493583088 0.22847760148843338 0.22049627311511122 0.20669394351639134 0.18871074561700732 0.16826917781057238 0.14733134475102433 0.12759752256819915 0.11014283836332227 0.09544225270022019 0.08352936082889585 0.0738904535536931 0.06649562939997586 0.061568486267624525 0.05901073985021909 0.05830065265551715 0.059073611714904495 0.06118128156546766 0.064597759007207 0.06938395447094185 0.07547586230478692 0.08253573388336938 0.09043495823825569 0.09886855135755898 0.10740513966997565 0.11550879078028005 0.122470079593788 0.1275218445274088 0.12995460068201437 0.12950762937946614 0.12639973885772934 0.1225079149944348 0.11941817318049963 0.11839211104934201 0.11971742871242802 0.12235531752493488 0.1259121681159952 0.13069672619092637
0.18243827345418112 0.20462809157290734 0.22488224961179215 0.23973892439543798 0.24684467570401775 0.24506363492626937 0.23524099413855296 0.21893437103971508 0.19834090422601885 0.17580685645164415 0.15338115095692498 0.13255626994839825 0.11419867811642963 0.09865076602831321 0.08561217110713853 0.07476909752037263 0.06614789058388211 0.06055840357837364 0.057987955374937984 0.057371326637192396 0.05876415766528744 0.06160500892814157 0.06599218476664148 0.07192218197929526 0.0792549154373423 0.08780397052222912 0.0974868051234247 0.10798899040336306 0.11885974781522468 0.12943319356721283 0.13880226277514907 0.14586145256052843 0.1495053237473915 0.1491551845389807 0.145213201102557 0.1397184511796 0.13370083536575558 0.1294878881667873 0.1277346815313147 0.1270637741016457 0.12756239761648447 0.1296875381237382
0.18999929593776488 0.21586600212534862 0.24035001570973688 0.25870806225532517 0.2679502306416009 0.26659450006586377 0.2548973222613956 0.23543623845759037 0.21160034448669562 0.18637719130191593 0.16192264175260196 0.13957749271433026 0.12002898189858423 0.10332420268546627 0.08907971283135746 0.0771631082637418 0.06734743080229226 0.060988913848941215 0.05844395855379554 0.057854348794700035 0.05958415753542235 0.0628788577375374 0.06786890927552254 0.07481745217911193 0.08338744161590884 0.09349102951054608 0.10510572511125446 0.1179501197348381 0.1315812954004752 0.14527574732291743 0.15787726905884383 0.16779604538783596 0.17326642523896216 0.1731571320313815 0.1680483371586963 0.16051889541121356 0.15193360009900436 0.14470821419023336 0.13930223726184165 0.13476187459503902 0.13168930419649758 0.13074465569149918
0.1972444618914185 0.2272101761673766 0.25663798913208147 0.2809119292286925 0.29502262541540236 0.29441528012811946 0.2796112081310528 0.25552763775963533 0.22744224568407595 0.1989820505925465 0.1722307980356625 0.14826117540350328 0.1273986250601538 0.1093429252785593 0.09404335241643275 0.08139964280636247 0.07142203767269695 0.06457739873884634 0.060726340218576876 0.05976222694305497 0.0615190331621802 0.06513829073717112 0.0705936084768649 0.07807101511410702 0.087658091329017 0.09930155819027316 0.11289379074075523 0.12826055578721476 0.14508449793795322 0.16262137582763414 0.17950001147967506 0.1935460429884647 0.20187694156490882 0.20225963679140463 0.19528549279522237 0.18445715952682992 0.17209561252418043 0.161055938225326 0.15191927818071047 0.14406695315514903 0.1377701189539529 0.13324017771403365
0.20244597383931828 0.23625566011372112 0.27243879072374494 0.3064892393651046 0.3288439884877203 0.32904463677047757 0.3084005741710617 0.2775234717366544 0.24432092406154382 0.21250687562290438 0.18362278753516673 0.1581167785061227 0.13574816102099446 0.11650517282204931 0.10030166747846128 0.08702795571606112 0.07663048255509448 0.06907563744412354 0.06431517701258646 0.06285339170849402 0.06445447184585107 0.06827415806987734 0.07406736672148095 0.08188268871274766 0.09217624311507248 0.10540059366361952 0.1213896491739522 0.1398590490335592 0.16056724689439877 0.1828634060490226 0.2052776524124997 0.22494232104411588 0.23724345754619394 0.23778058850354336 0.22700424952911366 0.21074685418080188 0.1929943587908321 0.176940105999436 0.16343905482028112 0.15213419849630586 0.14316052210536806 0.13694267908827704
0.2040886535829953 0.24101903424220456 0.2846294885198158 0.3314855481938995 0.36941493673236314 0.36965719814198905 0.33703716503175246 0.29750479570993327 0.25959286196032166 0.22531822020164965 0.19488896038371809 0.16800313923155627 0.14456859834546806 0.1244482709099573 0.10749512421153228 0.09356974574850434 0.08253612172918665 0.07421814186558968 0.06877122019310695 0.06684810039005071 0.06822580878674885 0.07215969462755992 0.07834089140353366 0.08693246439271 0.0983165528039689 0.11300628680509506 0.13151371219227015 0.15337790715899133 0.17842573288389948 0.2063080321446697 0.23588882166692463 0.26416638465480635 0.2840306034083666 0.2848198576583322 0.2652175126719325 0.23818880126789027 0.2123316037108705 0.1905993369825286 0.17256660650315706 0.1579537144046191 0.14657166815292777 0.13839666213228352
0.20116482409172617 0.2394502136465263 0.28678546728205184 0.34308245044437446 0.4073028317154708 0.4030788998943863 0.35350391647143353 0.30913489937572936 0.2699181895571457 0.23510571102647737 0.20426179255002572 0.17707583786987055 0.15330084712147907 0.13274757126232858 0.11527026610307575 0.10074394819038883 0.08903325516399556 0.07995927501798243 0.07388543911003873 0.07151064386612048 0.07282484840156134 0.07727401107439553 0.08409005434865946 0.09354891832650772 0.10608158742398716 0.12226668362254153 0.1428363031900587 0.16806932589768922 0.19739600907011207 0.2308308650744226 0.2680456719530713 0.3075785249438078 0.34288685662204677 0.34678064865259356 0.30811977015754655 0.2649953103413165 0.22885193275607335 0.20040535829362197 0.177914374717313 0.1605264951840307 0.1470192641882726 0.13690949139935737
0.1940130296509582 0.23036233815111437 0.2747971280527144 0.32565056950483257 0.37257130941460503 0.37678656176290337 0.34440713165983766 0.307293786328992 0.27207951969713606 0.23988013436501635 0.21080189475392885 0.18472630959849018 0.16151474325642337 0.1410731364721605 0.12335813490573383 0.10834755882084746 0.0959934564538566 0.08619387173996247 0.07948070902828921 0.07703221614591119 0.07881584762657759 0.0837252692167371 0.0911947432836699 0.10154138648253545 0.11522660162507513 0.1328578768846586 0.15519467714097923 0.1830297274272875 0.21583138166714955 0.2532772857661739 0.29540608242920996 0.342204141852089 0.3938758189988078 0.4098273492218871 0.33941900844784 0.28316649296280055 0.23957587613690073 0.20623457935818407 0.17950124573104229 0.1594154484691298 0.14443483822713724 0.13289066891809623
0.18365448573307802 0.21558705831514455 0.2528631500518558 0.2918383738848861 0.3223885755876745 0.33084204947427664 0.3172120538669747 0.2931207843569963 0.26619958599645493 0.23953164854495387 0.2142324232773176 0.19067412486505086 0.16898260976904123 0.1492540791870586 0.13163207734372045 0.11628914232845586 0.10334708271733768 0.09286079425083914 0.08598409746642821 0.08385938083602154 0.08600299643143848 0.09135393130055022 0.09947563121530417 0.1106999551855218 0.12548867033352262 0.14442250614331884 0.1681855823003606 0.19750414012251494 0.23230829873949263 0.2709889743271713 0.3124976233557108 0.3543762863072997 0.38872362028374163 0.3869584093944575 0.33957146188310255 0.2865079765170781 0.2419556015072199 0.20690883785234893 0.17841594004373124 0.15582849424206335 0.13928454236392615 0.12698819396989994
0.1710117560095257 0.1976176289638985 0.22727157639123463 0.25662458773575486 0.27938016195831417 0.2894109639434003 0.2858242583660101 0.272767609961475 0.2548628092355429 0.2350636769453436 0.2148791237036753 0.19498896047613298 0.17570420854944477 0.15727682828924117 0.14006505424262405 0.12451932199421477 0.11102472797917007 0.1003881545133073 0.09366081829182467 0.09167936319270328 0.09419894100657746 0.09996047358506902 0.10871232895645376 0.12077912095858816 0.13658696762407005 0.15662659039984217 0.18139711404191491 0.21131492824634376 0.24625067256898447 0.2834599001731917 0.3198989796087348 0.35082605382161325 0.36767299285133015 0.3584738457678004 0.3231276983167551 0.278225064111221 0.23686589570041694 0.2026753490964927 0.17440540252485678 0.15100089834521646 0.13299999859141773 0.11994973691907679
0.15719347076214826 0.17885255190386853 0.20220120658680624 0.2248734503211807 0.24330911465937827 0.25402597049936515 0.25605327759485685 0.25083510593413044 0.2407510859850798 0.22783451314502945 0.21336658324919178 0.1979683463831672 0.18187040192695514 0.1652803079797466 0.1487160319147856 0.13298819057682237 0.11919105868348995 0.10882440181132645 0.10209393764256788 0.10028172083353987 0.10314936882346842 0.1092735876265708 0.11861964099948356 0.13148331491800666 0.14822186840574475 0.16918015626186975 0.19458261152276313 0.2243859044222153 0.25800537319875133 0.2920910003415244 0.32186760168073086 0.34267700327205214 0.3486109800241811 0.3351320777787922 0.30431735571201796 0.26500946744509085 0.2272401137639012 0.19488234550314365 0.16793573003766624 0.14517599483809573 0.1266926359808445 0.11277778923333226
0.143047002571842 0.160799270513013 0.17956219805717702 0.1976787394289681 0.2131580311420763 0.2240620993907864 0.22937928807139005 0.22952503783482853 0.2256377437187138 0.21892631862396256 0.2102463408809007 0.1999213408014147 0.18777103855070532 0.17353137197610646 0.15762408978341858 0.14138281670532585 0.1276715614252931 0.11754373574249877 0.11098039593721075 0.1094024894334573 0.11249238682804505 0.11892569805390744 0.1288277315479615 0.14245109750366866 0.16006348906204723 0.1818283488604519 0.207640282764026 0.23692982455994527 0.26846771451294343 0.2987809666511 0.3221709335591295 0.33480252882278266 0.3331899304370059 0.31628045348509376 0.2869469277954413 0.2510192912463884 0.21578043011785983 0.18522079995431706 0.15988098099511797 0.13832551676501267 0.12055245391873208 0.10641861292600996
0.12943532142909506 0.14392873959389665 0.15923930396125158 0.17426610181369248 0.1877384384743985 0.19854089712535625 0.20584318402806834 0.209605842697966 0.21038079332145881 0.20887797544595693 0.2056429071422823 0.20074043924158574 0.19336467160284157 0.18188922171502708 0.1660520979961959 0.14924186632961986 0.135670759107231 0.12592686485781152 0.11991520246185552 0.1186562326805013 0.12174683076027018 0.12844322371004663 0.13887026571270644 0.15323797431496883 0.1717258433060773 0.19431029130722197 0.22053598181021855 0.2492809726676129 0.2786297359853355 0.3051535712043021 0.32294666528071614 0.32873893637489426 0.32109015528422113 0.3009369397846203 0.2716170459281297 0.23779097754835146 0.20417931745026469 0.17498947921750185 0.15102137708849828 0.13093826778869805 0.11423828273858513 0.10083131473344115
0.11691034160639653 0.12871961223835557 0.1412814548740682 0.153868702266004 0.16567103502880606 0.17597138066900725 0.1843111549470771 0.19041619678049262 0.19448018973561937 0.19695506856875059 0.19829631389912594 0.19870390879571767 0.19738253050836657 0.19000804572032964 0.1730358328578911 0.1554616828090325 0.14210968576485702 0.13312707739714993 0.12823384951220895 0.12730356636184575 0.13033481147236667 0.1372617230320275 0.14818733565597877 0.16330137963857236 0.18272765179518768 0.20629047718923937 0.2332001014052813 0.26175113416053 0.2893342817402049 0.3125442142173284 0.32518097774165866 0.32474841551274236 0.31159531713606614 0.2881145029551098 0.2580059944759251 0.2252745968862726 0.193300364148749 0.16502722981473528 0.14199396948941984 0.12341769828414371 0.1079656778283145 0.09551840963831179
