_RESULTS/CROSS_VALIDATION_POSTPROCESSED/MHZ/GZ/8comp/2/MHZ_GZ_z_710_kriged_reverse_8comp_spherical_2.asc
ncols 100
nrows 74
xllcorner 5.5967023332191781
yllcorner 50.982320383219182
cellsize 0.00019249356164376555
nodata_value 1.7014100000000001E+038
[rows 0 to 17 of 74, columns 40 to 79 of 100]
0.0007385574965411482 0.0006489152098405835 0.0005578577734655173 0.00047356157377019553 0.00040078598049313505 0.00034150320134798874 0.00029582825686328936 0.00026290621233172326 0.0002415943116099524 0.00023091114681384075 0.00023029199152405197 0.0002397026130984283 0.00025964553629742186 0.0002910608805711155 0.0003350913229952142 0.00039265986663027173 0.00046381716917995693 0.0005468743605360957 0.0006374635139045973 0.0007278458541340187 0.0008069419817862387 0.0008615537229884547 0.0008791856668215463 0.0008791856668215463 0.0008791856668215463 0.0008791856668215463 0.0008791856668215463 0.0008791856668215463 0.0008791856668215463 0.0008791856668215463 0.0008791856668215463 0.0008791856668215463 0.0008791856668215463 0.0008791856668215463 0.0008791856668215463 0.0008791856668215463 0.0008791856668215463 0.0008791856668215463 0.0008791856668215463 0.0008791856668215463
0.0006516241066877111 0.000547450253780496 0.00045085811731334843 0.00036674881362545983 0.00029778444254544565 0.00024403806584907313 0.0002041549843121699 0.0001762738280331609 0.00015863414980811272 0.00014991846863912612 0.00014941600469098106 0.00015708456022453765 0.00017355365821818046 0.00020007152032157032 0.0002383576161243507 0.00029028767849049433 0.0003573232255252662 0.00043962887553501803 0.0005349304654365914 0.0006373690999098881 0.0007368529782493838 0.0008195572900219115 0.0008700713692795212 0.0008791856668215463 0.0008791856668215463 0.0008791856668215463 0.0008791856668215463 0.0008791856668215463 0.0008791856668215463 0.0008791856668215463 0.0008794922038479624 0.0008840912532910926 0.0008916294294976678 0.0008992393068628394 0.0009047159844070993 0.0009066588122688606 0.0009045950423190515 0.0008990272155873724 0.0008913828825660022 0.0008838893783432067
0.0005829760471080276 0.00045899605804504277 0.0003568727681280208 0.0002772578748177672 0.00021535036959605778 0.00016909165261554156 0.0001360107555991091 0.00011359050649380728 9.973875942070664e-05 9.299788690253505e-05 9.261144780710463e-05 9.853512994964504e-05 0.00011143690273096742 0.00013268898935063568 0.00016431204288839223 0.00020878946127004253 0.00026863557083439113 0.00034560068232198694 0.0004394714055240201 0.00054661758855047 0.0006587402591761304 0.0007625683457725248 0.000841291605143043 0.0008780613757156776 0.0008791856668215463 0.0008791856668215463 0.0008791856668215463 0.0008791856668215463 0.0008809765506467944 0.0008934154052894518 0.0009139717783559583 0.0009384314548826464 0.0009627595036782679 0.0009832490354101447 0.0009968420718952887 0.0010015086718405141 0.0009965491912909221 0.000982707126021356 0.0009620493406920301 0.0009376595113524645
0.0005374064523239726 0.00039601924115874386 0.00028710951516752953 0.00020805766648998895 0.00015320975537385834 0.00011477083615449979 8.82864800279541e-05 7.090442109162457e-05 6.043292983386518e-05 5.5420083448269495e-05 5.5134464790118276e-05 5.953368115872257e-05 6.926208531806078e-05 8.568003614199412e-05 0.00011088843658202394 0.00014766809406403818 0.00019920590401183914 0.00026844973261435626 0.00035696734559598095 0.0004633437735812797 0.0005814701490942563 0.0006994807016756047 0.0008003357321907003 0.0008647813788302102 0.0008791856668215463 0.0008791856668215463 0.0008792650343168253 0.0008910328736062274 0.0009194611804211983 0.0009600692188604099 0.0010082337419188236 0.0010588612369448775 0.0011064267555473421 0.0011453865112772464 0.0011708897870936002 0.001179598530809118 0.0011703424977791358 0.0011443649544287848 0.0011050619106972102 0.0010573177764236763
0.0005126587171405716 0.0003536846839111161 0.00023898775420869313 0.00016075919702134963 0.0001096054374541753 7.725521448217458e-05 5.6469044343045096e-05 4.3276801806508094e-05 3.554159290534677e-05 3.190463358656261e-05 3.169881023351686e-05 3.4885824144356e-05 4.205214907602823e-05 5.446574874551611e-05 7.416283610031152e-05 0.00010399241355897365 0.00014749184845660093 0.00020841339082215007 0.00028971403874119916 0.000391933696996152 0.0005111882871756409 0.0006374737731430903 0.000754396107604072 0.0008414015527351627 0.000878748953574718 0.0008807399885445949 0.0009025151593421856 0.0009467168238330012 0.0010096131642489943 0.0010870929408993998 0.001173870516711556 0.0012630554343731838 0.001346260835175517 0.0014143931650291712 0.0014590752432504903 0.0014743555055489405 0.0014581153933685559 0.0014126051290013477 0.0013438752258117701 0.0012603503298125702
0.0005081882005090839 0.0003287268406725104 0.00020722261767819257 0.0001293857623261878 8.147551243269381e-05 5.28293994307825e-05 3.611028554412803e-05 2.6143850866423153e-05 2.046526250510771e-05 1.7846562451939205e-05 1.7699452901321194e-05 1.999048382852185e-05 2.523576242871801e-05 3.4576912159326766e-05 4.99118365264528e-05 7.401870327335984e-05 0.00011055625879174243 0.00016375365385336982 0.00023756024945391943 0.00033409015237000186 0.00045146196123695094 0.0005816295176619579 0.0007093543240378951 0.0008136531034497953 0.0008745562438622204 0.000909030669977659 0.0009659435329056288 0.0010499363135360884 0.001158781440091847 0.0012888310417729632 0.0014337534239690765 0.0015836464332037506 0.0017250102680824143 0.0018420633608366974 0.0019195077961791083 0.0019461190227949312 0.0019178383531266896 0.0018389756614241078 0.0017209336697752396 0.0015790773934294812
0.000525358408176651 0.0003196044626148871 0.00018850869011013694 0.00010950549894960166 6.37425913930776e-05 3.793350341177476e-05 2.3660492628039677e-05 1.590751826141017e-05 1.1676465411303363e-05 9.762132099154304e-06 9.655344832294587e-06 1.1327546210234045e-05 1.5224172467571688e-05 2.2357990337422894e-05 3.4469712564909304e-05 5.4205369899147235e-05 8.521038019411819e-05 0.00013195648905226054 0.00019904700129242992 0.00028976763370874533 0.000403874205652565 0.0005351027418586121 0.0006695337702246892 0.0007871606684958291 0.0008895029710234423 0.0009709905446464895 0.0010704965278602557 0.0012069021074173282 0.0013805305417101505 0.0015890618184026116 0.0018251793853883123 0.002074448239017628 0.002314519779902495 0.002517019437985674 0.002652845509539476 0.002699856442520442 0.002649902068514739 0.002511634548349576 0.0023075280363070126 0.0020667703324115955
0.0005678136182201652 0.00032646043476374864 0.00018114908560902038 9.845642201166329e-05 5.324260359051002e-05 2.9160405104876912e-05 1.6539570293745694e-05 1.002919992530045e-05 6.735376473008489e-06 5.2642080480470035e-06 5.182287252559461e-06 6.466655420979507e-06 9.489103329256896e-06 1.5147637038814299e-05 2.5044965009533074e-05 4.169158182877072e-05 6.866275442129277e-05 0.00011052905160646664 0.0001722909051388361 0.0002580384930985506 0.00036874438254635755 0.0004995766496832059 0.0006378208282568861 0.0007798288852353685 0.0009290511447396634 0.0010657417890156842 0.0012194027710033947 0.0014271747353900696 0.0016943858535398769 0.002022505389852032 0.002404610541636402 0.0028203329208567073 0.003232497677200869 0.0035889537883053184 0.003832475847714482 0.003917580929951152 0.0038271612263646552 0.0035793721150556164 0.003220332949052125 0.002807340563964857
0.0006420176290165828 0.0003512440353172236 0.000184888247119404 9.493548611020786e-05 4.820844003903294e-05 2.4561485754710223e-05 1.2767854031965603e-05 6.933349579905048e-06 4.100925008588921e-06 2.8404142101249175e-06 2.7680602010421197e-06 3.8739023112149455e-06 6.409998390612057e-06 1.1188743224582583e-05 1.97238137996207e-05 3.4425129501549895e-05 5.8796029587259276e-05 9.743395987451214e-05 0.00015555645258471965 0.00023776559087576165 0.00034585442725089773 0.00047586684784158646 0.0006212395345870633 0.0007954724511196338 0.0009927176569414905 0.0011929240160889652 0.0014165485543902788 0.0017220697007153635 0.0021247794370271183 0.0026356377744183213 0.0032529289863867513 0.003950820140767762 0.004668718292344526 0.005309782431187712 0.005758280540066547 0.005917012995147088 0.005748402174814962 0.005292309518205294 0.0046471682089026245 0.003928605784034666
0.0007578080852943093 0.0003979460285578884 0.00020091437321812598 9.881025396639575e-05 4.792170973882132e-05 2.3190573950926957e-05 1.1329072299480724e-05 5.656728828236147e-06 2.9354780011315538e-06 1.6378742624945576e-06 1.5449359247390408e-06 2.716640403812403e-06 5.0724378068107105e-06 9.4522356145221e-06 1.734724346624667e-05 3.1140314125785066e-05 5.448807993674201e-05 9.225580620297335e-05 0.00015003547046053256 0.00023276533601687943 0.0003423035265579783 0.00047449815320428954 0.0006375073982790903 0.0008435441210720006 0.0010880124594676139 0.0013540170492287523 0.0016642891047267635 0.0021017190818231266 0.0026976430886821064 0.0034843138858787377 0.004478016958719497 0.005655015556733552 0.006922310511775387 0.00810095463256329 0.008951464885468047 0.00925755297825566 0.008932503724395847 0.008068249792336566 0.006883452940559335 0.005616704017743956
0.0009284934319543491 0.00047278196942478906 0.00023196544806228323 0.0001110990137121882 5.2575003786545395e-05 2.486911964331003e-05 1.1894640471601352e-05 5.824318807005744e-06 2.9704898502737128e-06 1.6573660634312455e-06 1.565785562414307e-06 2.732431594874986e-06 5.090140935158966e-06 9.48965658822553e-06 1.7554934737473874e-05 3.190790781447602e-05 5.647017791353174e-05 9.651166464107748e-05 0.00015807181908187944 0.00024635565304173253 0.0003629797386239942 0.0005066983445364103 0.000697446607082655 0.0009444306168878578 0.0012457280164226078 0.0015850011911557724 0.001992406641241208 0.0025825149831943655 0.003432587910540182 0.004623666750508694 0.006206910016058129 0.00818834694329813 0.010445001339149558 0.012656251787668256 0.01431912045422319 0.01493144204734403 0.014281431511656683 0.012593436646691679 0.010373940815062346 0.008122095910192214
0.0011694449257967144 0.0005839386959109391 0.0002823907186028266 0.00013404711259799697 6.328449214423502e-05 3.0128738831419503e-05 1.470282836060879e-05 7.528081018485621e-06 4.225820622918639e-06 2.8877686856000334e-06 2.815410977711311e-06 3.923356683643057e-06 6.515992025000372e-06 1.1547524448329131e-05 2.082423598033582e-05 3.732876028261509e-05 6.552452477736073e-05 0.00011134945991045703 0.00018144644070226134 0.0002811774830984865 0.00041136226833949306 0.0005782608133162725 0.0008067786489300696 0.0011067354061091211 0.0014785895350811486 0.0019061142247628112 0.002441782397105559 0.0032309143441391873 0.004392846484298776 0.006096864327815376 0.008552305571712335 0.011844720686566751 0.01586138091023109 0.020074747782980965 0.023429847722409036 0.024707045507705635 0.023351979512186687 0.019951194338487133 0.015730569793607995 0.011731079382682334
0.0014935119690200525 0.0007402119981730455 0.0003578791679543815 0.00017116741678018017 8.218125783370383e-05 4.027829097886585e-05 2.058804345848499e-05 1.132155640362739e-05 7.041558414671355e-06 5.354615519236186e-06 5.275330927058623e-06 6.651448308575897e-06 9.985153913727268e-06 1.646715544213577e-05 2.8304970637309025e-05 4.910952331757096e-05 8.420831511092785e-05 0.0001405169013469483 0.000225416538869175 0.00034414486882854053 0.0004960980696916513 0.0006988758873016452 0.0009775045960942516 0.001343957482584155 0.0017997682497084533 0.0023280485827235323 0.00302643165541935 0.0040712347567256595 0.005643882885644011 0.008019098635904158 0.011589216740983743 0.016837777266044556 0.02387113012974686 0.031946170117562955 0.0389360982551562 0.04173962543851767 0.03876781198814795 0.031698602477067656 0.02363213733093863 0.01664780257203382
0.0019018878125677586 0.0009477772979691052 0.00046443036695275756 0.00022701659908268626 0.00011245920619145536 5.752538945169593e-05 3.111294297572339e-05 1.8365584540508704e-05 1.2345454513295096e-05 9.94770600644508e-06 9.975883667648834e-06 1.2063861364907042e-05 1.691498151671563e-05 2.614389645818523e-05 4.263719366776591e-05 7.10076720547759e-05 0.00011788000922437725 0.00019151074533749966 0.0003000529860895361 0.000447971293101709 0.0006336158063007443 0.0008853464572746992 0.0012277794310519658 0.0016731915023177344 0.002221163061365289 0.0028586618490056524 0.0037485077820923573 0.005095854295258003 0.00716240380323429 0.010369571602724092 0.015377411175966445 0.02314659410971969 0.03479724303042383 0.05003858971185584 0.06504268866027049 0.07164106175087126 0.06465814762097558 0.04954056875033372 0.03437543495233729 0.02271052880450193
0.0023720636227511083 0.0012050110750291584 0.0006062013250542888 0.0003064065672625488 0.0001581823623683279 8.50286386295359e-05 4.871365542366302e-05 3.06030215120648e-05 2.1795088445757666e-05 1.8445807198878624e-05 1.887780819779207e-05 2.2414013293799634e-05 3.0107186027818368e-05 4.426086753109636e-05 6.884609132841563e-05 0.0001100122497540294 0.00017625936204614722 0.0002775713497976998 0.0004226415690900383 0.0006137985207062979 0.0008477131652365292 0.0011627382666274395 0.0015814542347244221 0.0021121839472233845 0.0027473023387948087 0.003495678726274022 0.004588122465347707 0.0062523843368961175 0.00883557095087687 0.012924227429568743 0.019509999070418803 0.03023599354373756 0.0476236363998958 0.07440180074837373 0.10696881152182829 0.12430749712731046 0.106028406487311 0.07343964433674781 0.04674350229932155 0.02913324725427005
0.002833474917182535 0.0014800262737852 0.0007704911162708663 0.00040623323340905764 0.00022058614161210886 0.00012560146716248863 7.648497479592128e-05 5.088739359072169e-05 3.825060108746376e-05 3.3870572419190904e-05 3.536712117957031e-05 4.172383852132338e-05 5.4590396704307375e-05 7.738796248288745e-05 0.00011578645500553067 0.00017824268846063548 0.00027588964352769416 0.00042076526325154055 0.0006212981562476427 0.0008750026059276971 0.0011738119804074777 0.0015653917566810665 0.0020662814833896643 0.0026741058431477144 0.003367136122497332 0.004221589664511559 0.005495738442233419 0.007433209872851884 0.010445585027749183 0.015245763760731739 0.023092332782513533 0.03624242750393312 0.058765904256820344 0.09777461359938995 0.16167187044485873 0.21691940366100654 0.15936540948728906 0.0960916200806182 0.056809910045898464 0.0347388105870145
0.003026946064021527 0.0016358605633004372 0.0008875204966373815 0.0004915180769982055 0.0002825557941662553 0.00017150310976050452 0.00011183696261751264 7.990748825231153e-05 6.488355356240264e-05 6.0750723879757724e-05 6.495741517292374e-05 7.664958946706234e-05 9.873992624142489e-05 0.0001364432103307181 0.00019805497680498745 0.0002954442463227652 0.0004433472405360568 0.0006559678855214109 0.0009395673763192309 0.001281851250597358 0.0016622962190948928 0.002136757025234554 0.002709627861106865 0.003359610312869467 0.004058833934465178 0.005000906867170505 0.006392512667181641 0.008486728925964065 0.01170985336752379 0.016795341977395628 0.0250332360695555 0.038741149891246766 0.06215849079981276 0.10309437723006958 0.17507716291982484 0.2591327884331696 0.1722468139044707 0.10029676578470285 0.059865159257940725 0.03744233749806062
0.002844633004347314 0.001606573332711912 0.0009154336364609969 0.0005355759354296915 0.00032714316247918105 0.00021198995091954918 0.00014795579924049599 0.00011420318811746927 0.00010025095578131557 0.0001005982360481668 0.00011337844188997883 0.0001369904046363147 0.00017528475346485314 0.00023801139911156695 0.0003377029364934997 0.0004912048953306828 0.0007180986909370315 0.0010344656130020873 0.0014406453353204174 0.0019056382515249132 0.0023805859367112057 0.002926594508404078 0.0035305993675652653 0.004146693736836704 0.004819579559709827 0.005781203340191062 0.007181618316134001 0.009254090163901567 0.01237800618033755 0.01717913411788868 0.02469699302379175 0.036642066610838034 0.055679260064535406 0.0851076428393484 0.12425704701069541 0.1484080403203516 0.12269533864873489 0.08263102455971706 0.054052059572460405 0.036030937392302356
