_RESULTS/CROSS_VALIDATION_POSTPROCESSED/MHZ/TZ/8comp/5/MHZ_TZ_z_180_kriged_reverse_8comp_spherical_5.asc
ncols 100
nrows 81
xllcorner 5.5967107548124995
yllcorner 50.982328804812504
cellsize 0.00017565037499993607
nodata_value 1.7014100000000001E+038
[rows 19 to 37 of 81, columns 0 to 43 of 100]
32.05723572235756 31.919380339283666 31.81807758329881 31.735569821362763 31.63063790746329 31.507829824181826 31.369364703701724 31.214391591804265 31.039823923507164 30.84126515936587 30.61387271740779 30.353118624691426 30.055508505315203 29.71940531944444 29.350753360423205 28.967791451411912 28.589808824216178 28.24837440709014 27.990891750375912 27.885243461282418 27.98678086370956 28.269209858794188 28.675697244794762 29.153621187789614 29.661486273412862 30.13843556814178 30.562093328292278 30.923355682223836 31.21598908788103 31.43585758422963 31.580605713796167 31.649609320975202 31.644097068161788 31.575547741433123 31.671622094711832 32.021138144814294 32.603738456791895 33.44180924117449 34.54301761144706 35.888925949576645 37.4594766603814 39.22328859432225 41.10078102520474 43.05704594575299
31.74005481509674 31.595160610608104 31.490527003495284 31.421743086509945 31.341918951813035 31.250947257263874 31.150084703288833 31.03699702751118 30.907070752921946 30.75472582837978 30.574489442455516 30.36186546137453 30.118746054794045 29.847622755673335 29.551410692162065 29.245954410478607 28.953507497391456 28.70339026736116 28.52970374716871 28.463490241400486 28.548596639468617 28.782786864944338 29.13063141863606 29.551919033997127 29.994634388484254 30.398794124679657 30.754190665142563 31.050802759340566 31.28076923838114 31.43850450017925 31.52038001686799 31.524666840218927 31.451688950932194 31.311857066342768 31.3329251082201 31.607511022158715 32.121974144897536 32.90990029944589 33.9712182657396 35.2930190283362 36.85927737754868 38.61555858020192 40.49137188449761 42.45831814085205
31.373878304355866 31.205118404373632 31.08660639708229 31.02356908190142 30.97135848211729 30.9179405506702 30.862517063464196 30.80048272533975 30.72559079075323 30.63182173507306 30.51461989750678 30.36381088886293 30.1736029372126 29.95288329134565 29.71389418799361 29.472807491545883 29.25018380431939 29.07039181453262 28.958346076084702 28.93241244056676 29.012767468080842 29.221422310441277 29.534181110108705 29.919976318722092 30.316293425151496 30.67652241136854 30.980941536637317 31.214440015430473 31.379565211432446 31.47260021309803 31.488291483159852 31.423143871744585 31.27642068099985 31.053835330148 30.969338357669997 31.13607947214562 31.553259850479655 32.258741982385395 33.24878170860245 34.518392280528445 36.053138075110006 37.774426606998915 39.632079704586324 41.58451901368138
30.998080356825792 30.795344170705274 30.65087168174092 30.57725426877933 30.550721079247438 30.53901925684319 30.538540217011406 30.54064812536059 30.535411969635863 30.510248613823965 30.442102417398935 30.331502242507284 30.184812073987207 30.011315060521827 29.823241500305066 29.635892196343534 29.46769391326955 29.339661791886417 29.272913313319997 29.282336573663457 29.373128384484648 29.572279760515197 29.86681751188 30.227526463839677 30.58745173341295 30.91335746202567 31.186583127975926 31.389908632266806 31.506932030932717 31.532879147131236 31.477688204812587 31.337788147767952 31.11156716144911 30.800137840481717 30.58062325993574 30.606003948522464 30.89664065255779 31.480443273275828 32.3602458285569 33.548963798470076 35.03318646698191 36.724169568702116 38.56103541602675 40.48128599578521
30.62309651294659 30.378455659107217 30.200022970348385 30.10710790844436 30.102760058972816 30.14105767542062 30.206296007266907 30.282911182339557 30.34391227979635 30.360535898478297 30.331770300928714 30.26106085847548 30.15518151204907 30.02365619105582 29.8783408565492 29.733162369623123 29.604124190296314 29.509918795896628 29.472664579305096 29.512113522078366 29.627843651213638 29.831576867830194 30.121695688638294 30.467003537343178 30.802067863029876 31.102706635252968 31.35140646181272 31.52971554793078 31.620171035553323 31.6073550333451 31.48342378288354 31.267122593574793 30.959801054716586 30.561242606272355 30.187786989206256 30.049072284919255 30.18517629748741 30.604363038489318 31.321062555235947 32.38182828099709 33.795975208200225 35.478080057482295 37.319192218824924 39.2137987247654
30.2629883546998 29.96613806115859 29.741457702432474 29.620611374310506 29.626806329477006 29.726933465552683 29.87228990423429 30.018644576877286 30.124956096418565 30.183638162467798 30.194087776423927 30.16056354777657 30.090702260018336 29.994485113813106 29.883444402841096 29.76998762463857 29.667013130067225 29.589076791934083 29.560077560005954 29.623429284851927 29.780962165979517 30.003517016835566 30.29903818474678 30.637320800505098 30.957971839003356 31.242365289068857 31.472460560539073 31.62950470331774 31.695772366523066 31.655594253710962 31.495869752701022 31.210558544552335 30.824790933380747 30.34326710747562 29.820844022073693 29.51557281022039 29.47676506528237 29.696599343858477 30.1861423938098 31.035846724706328 32.37506040309622 34.107423948991496 35.97735461039153 37.844450390538505
29.93831490047574 29.57751008708765 29.287534857020386 29.122245383187767 29.131664935509576 29.305272868803893 29.535114668380245 29.739294095178625 29.895144683689562 29.99547303197988 30.041613763095533 30.03978241882096 29.999130728796025 29.930570191238186 29.84583480766931 29.75650268061603 29.672865065230724 29.602859192905818 29.55437213779818 29.628555042329662 29.853436510152264 30.100955565694225 30.40373453371203 30.740571771700203 31.055555335870395 31.330652676241915 31.547678019632947 31.687776730118884 31.733249291530065 31.668679459627057 31.481447686006252 31.16172327690368 30.709144042284603 30.155045204052644 29.521319611220836 29.06166944489361 28.852833843554997 28.876604015819783 29.110669546354757 29.581103404843173 30.869562204504845 32.774664064373205 34.66612791581337 36.473358014475046
29.67888452137815 29.24674510281113 28.865174976963022 28.618893112815975 28.63672655309881 28.892525821183717 29.20654035035818 29.475217548538286 29.67802835131093 29.81349351079436 29.887427947296004 29.908630193201834 29.88817817914019 29.838426687224757 29.772104779744314 29.70153927766693 29.637720865663237 29.5899600967871 29.57244253002147 29.667094173128177 29.88795023346029 30.137133180908894 30.44062221004871 30.779385593121138 31.094431075163993 31.366144260275043 31.575475624927112 31.703254167769167 31.73200048463216 31.64704000427246 31.436966909761182 31.093535211511675 30.611081743254985 30.001926038804704 29.33287746917392 28.739513883518438 28.394057038510656 28.286209535561728 28.39975257054809 28.77114483711693 29.953018545047648 31.745113175417615 33.520122148171744 35.199333138747534
29.52268068475485 29.0325980047281 28.548532087702032 28.13533273013693 28.176849778616937 28.551898215268757 28.925249162717016 29.23753231528013 29.466685350553963 29.621184625229997 29.711432333289885 29.748733499320927 29.744913957653935 29.7120304104122 29.66201677210554 29.606273241583136 29.56032430919172 29.5422601012756 29.573765999669256 29.684898413133492 29.873749217762885 30.108642569639887 30.409558551977415 30.752733771502992 31.073380210959638 31.347544791934055 31.554592423813922 31.67485275568619 31.6912575260281 31.59035487175078 31.36269375029715 31.00262794310236 30.507644815010398 29.899537950305877 29.23788873704616 28.57939911439563 28.139037803559123 27.972907408826448 28.107609767066716 28.63664001047694 29.65860953639724 31.07104073181154 32.600297540859636 34.09107694312638
29.502532812730685 29.003399038353994 28.492104319877605 28.000119736072744 28.02322597998628 28.39804541249086 28.738131188654936 29.02929714190733 29.25520511154697 29.40735219809657 29.497008094052696 29.53603817360208 29.536820822586908 29.51218454607547 29.475282330314556 29.439380236008 29.41766199611614 29.423279775339772 29.47468360506948 29.592013985207604 29.771585225702356 30.00175725897457 30.30488138535648 30.657743671118226 30.99091912665426 31.273911386586096 31.484266766456916 31.60182909887823 31.610188657135037 31.497575772685966 31.257164766993185 30.88680511191027 30.404824370270784 29.840321490025268 29.21307960522943 28.58234236829017 28.075618530790113 27.875743966521053 28.02023589225416 28.55673908345315 29.441758415129183 30.596197978859458 31.87901502025155 33.161266133192505
29.616966678914153 29.14509840118196 28.703453422245563 28.383412401646623 28.315081955317428 28.466621979163325 28.67668092160492 28.8767604747594 29.048566535083403 29.17634323623827 29.24841603551079 29.274745142713904 29.266855036244333 29.23744663979172 29.200305141817434 29.170113938000075 29.161899643596968 29.189740171053813 29.264153058402663 29.388303805570448 29.56955997855263 29.807452307529754 30.122668035570833 30.492422592521162 30.846583890410635 31.14537555321358 31.364699535362544 31.484131730493814 31.488217327611096 31.367262507631864 31.117613934210127 30.75847766390846 30.314662015759463 29.80132938070252 29.23608325096473 28.67209186982653 28.17202213243156 27.93007847117255 28.039464713111794 28.516693999501687 29.278967686578827 30.24262903967839 31.31716491492975 32.40426353209225
29.810375591258403 29.38373475215566 29.0165445708234 28.757463314295283 28.62778798649372 28.62698800198023 28.695572170822665 28.782632678188108 28.862547235703712 28.92515894597451 28.964029143407053 28.965614525331656 28.937307814161066 28.890791405333665 28.839783391830082 28.80002667441835 28.788677815906055 28.82232423666854 28.91309617250838 29.063852356725807 29.268143888414084 29.525361384927656 29.86423839211015 30.257911154780402 30.642291367441565 30.963967952362975 31.197595864232596 31.322838650978046 31.325487053073942 31.199913299016714 30.96501692171938 30.63637217696904 30.230998706134336 29.770066136733007 29.27685705735193 28.787672770199507 28.37640587574922 28.10549131877846 28.152346647278208 28.544867558763816 29.193176830279732 30.001995916558897 30.90282788506757 31.817983964889674
30.04422758912798 29.657624453721414 29.336180858348353 29.081241077214237 28.897791059343596 28.792222028533466 28.742152960642375 28.719136116146938 28.702635800179856 28.68124446121062 28.649922487864814 28.60766503792419 28.550360022239474 28.476749427281845 28.399583331112492 28.335284997395505 28.303938008963065 28.327409190963653 28.423915084033773 28.601586637743353 28.852448260974032 29.161255780724776 29.536783624619012 29.961119967036844 30.383218767774878 30.734171436382564 30.986528989805525 31.120531717776146 31.133360795126407 31.030927251631752 30.820795641469818 30.518550930038437 30.146953579096536 29.733779339813054 29.308237605979453 28.89964304553589 28.578514704265977 28.383454915622664 28.371855437102823 28.668206614828414 29.212006354035726 29.88979832601767 30.643525987152348 31.409217233123016
30.290026054995984 29.93027113710353 29.62672783421414 29.35390803487337 29.119766005772714 28.932355643087654 28.784844382747288 28.663461466448968 28.555223897944455 28.450920356416137 28.345041260509284 28.234944744942105 28.120397277361064 28.003856044604607 27.89042032294555 27.787981399791445 27.718952261857876 27.713914083022928 27.80408277945324 28.01039823461563 28.318730629518683 28.709334168049384 29.153744248966305 29.617917511123267 30.078126918848213 30.463691815972567 30.746688208373403 30.913667682227832 30.957379416805665 30.87880116460885 30.687936066945763 30.404378343158207 30.056969301738523 29.681353683910395 29.314333941700983 28.986254557826648 28.75135070611656 28.655946598785363 28.703461098585542 28.9176696663972 29.36714832235598 29.939064210021083 30.572321693377024 31.21146025840183
30.529230512113052 30.183510664145658 29.878535813597885 29.578566211378487 29.295618792983635 29.038768424991606 28.80900000081424 28.601701762781868 28.410498181228434 28.229489987558807 28.053891661666313 27.87999833436267 27.70528044892611 27.529075079434524 27.354219946312273 27.19012798942229 27.057945655204847 26.996808393279544 27.06218474317157 27.300507034061223 27.688651827194725 28.185706135351108 28.72748430369178 29.25812239563491 29.762576708136105 30.204550714793328 30.534527181840083 30.738553370242006 30.810087732593765 30.750857143272658 30.572191839244876 30.296590320570697 29.95884825671147 29.60463727571867 29.28275497186416 29.030743398579638 28.886220649611673 28.89602322635532 29.050830267198695 29.329120283357945 29.717336390748304 30.204743062728422 30.73651874818586 31.265440606004052
30.751131798167066 30.408904784262948 30.090918497752494 29.75950444562035 29.429011555840077 29.110337869446422 28.809039278361716 28.5268035398594 28.26271156544295 28.014352543983957 27.77823958421703 27.549962814045266 27.32456159608611 27.09742674335675 26.866018433514938 26.633159981962617 26.4142459146894 26.253962518428825 26.253962838684092 26.53127791597129 27.045923013877903 27.682571559692885 28.338939140890297 28.95736148126169 29.508309136754146 29.994554391367128 30.367178105761184 30.604669060060353 30.700766096106513 30.65682120376685 30.48358977391975 30.20395196218922 29.856785199399816 29.500048435467253 29.204106849129154 29.024540730631433 28.99782342332813 29.14170941835657 29.417135723754363 29.79070624909822 30.23761596784263 30.706539894148026 31.15276961156485 31.58718636313867
30.950302057786633 30.603287592130652 30.26594770909074 29.90122483569601 29.524436861111354 29.14891557267813 28.78378184078671 28.43574314073641 28.108824903242045 27.804256314326786 27.52024081816082 27.251936724520082 26.99199087012321 26.731644191219097 26.462249469373912 26.177344851305733 25.87692408641206 25.583127661474403 25.42900485213217 25.777950180644627 26.501666766097763 27.29269651243465 28.053287331834998 28.744335146787574 29.342168512730726 29.84670507818283 30.253853535381054 30.520505406529946 30.638832601017153 30.608567908455147 30.437575136627554 30.144952296994393 29.767591121761498 29.37324060661713 29.07748797357483 28.99512553597021 29.12307129732703 29.419353321068908 29.819770039640108 30.28556548785782 30.794048321492696 31.324559834551945 31.800193244567147 32.18532813945988
31.12487659736292 30.766775196655537 30.40721490840188 30.00876871285708 29.587177075844995 29.15785424936619 28.73419714547364 28.327468978638187 27.94691668284896 27.597993792235897 27.281098906734364 26.991170058825475 26.7185789372446 26.450968637036244 26.175222268538946 25.87893978292517 25.55125561850528 25.183155315723948 24.77550276729867 25.28889208933464 26.214984296172894 27.09884455751302 27.916781748361824 28.64771946742215 29.273914673605812 29.78498001335246 30.200220233206853 30.49182291175901 30.632048806702507 30.618309176008623 30.45413619323756 30.15097333850882 29.73322537400601 29.266788530599946 28.926306728158846 28.96663212470139 29.302431409304376 29.765101419546035 30.282017410045803 30.82577954337532 31.382615715988837 31.942551283828724 32.474774794950804 32.91327036040261
31.275517350035287 30.90187822158073 30.519461864825747 30.0880239292859 29.623084643908783 29.142062940077878 28.6625892383383 28.201778715179458 27.774957396114345 27.39317449718332 27.059812607736195 26.769473312519125 26.50982395782213 26.265351202167103 26.021187988671024 25.76641399222114 25.498817951068332 25.241205673694168 25.1315631553262 25.52905142872331 26.303298998608167 27.144861936709898 27.951462099138098 28.681406910683034 29.309739381305384 29.819477939354496 30.219675673539783 30.519720660670313 30.68387184657707 30.694500569959988 30.55182764401232 30.260856061422704 29.840338148903033 29.328545615576108 28.784419398253867 29.05508034565435 29.637679228992376 30.2302464158224 30.82533924281867 31.417066735358596 32.000280787452525 32.569875020799 33.1205892198009 33.60536433737743
