_RESULTS/CROSS_VALIDATION_POSTPROCESSED_CLR/MHZ/TZ/7comp/4/MHZ_TZ_z_355_kriged_reverse_7comp_spherical_4.asc
ncols 100
nrows 81
xllcorner 5.5967107548124995
yllcorner 50.982328804812504
cellsize 0.00017565037499993607
nodata_value 1.7014100000000001E+038
[rows 19 to 37 of 81, columns 0 to 42 of 100]
1.4639878871338508 1.4948085000834794 1.5193309079644008 1.5343545330030786 1.535482781578134 1.5216406611059168 1.4952490558024585 1.459940108013725 1.4189995476037467 1.3749067219082274 1.3294715201790186 1.2840708338973013 1.2398308121340496 1.1977447620555148 1.15886029965563 1.1243697162805717 1.0947061045967441 1.0704087187610922 1.0521120037444256 1.0401291294054908 1.0347390213001313 1.0361797138373887 1.0421888254864546 1.0521375712101628 1.0656717470733434 1.0823315499623352 1.1016215704436274 1.123038799733855 1.1462042263681795 1.1720497040597968 1.200155430648569 1.2295670682091702 1.2592559753100618 1.288705076740152 1.3336999503725313 1.3994401483943195 1.4842871215736655 1.5835847121834028 1.6930919142622378 1.8116269419491602 1.9402872062205057 2.079114901615717 2.218631855351097
1.4306107975552576 1.4566437081577468 1.4765945232644033 1.4877636618570436 1.4870671490209684 1.4743091659348995 1.4508696183219179 1.4190194116846877 1.3811635562952036 1.3394149391479286 1.295503245061635 1.2508423275211196 1.206755355145031 1.1644902774271608 1.125207554945078 1.0894734758943119 1.0580423150601193 1.0321692669773563 1.012964940114739 1.001253086877864 0.9975211379339011 1.0005304430076463 1.008092341725303 1.0198310692181618 1.0351904407539367 1.053630520268947 1.0745789303389932 1.0975262114059379 1.1219679214848777 1.1474520957860688 1.1745789796937731 1.2028476650307474 1.231184196360617 1.2589733119571467 1.3018438220489799 1.364859852969778 1.4464071837809132 1.5436207718000137 1.6534938743764482 1.7744496034456056 1.905932894905619 2.0427655297620864 2.177489481945498
1.3945401656047551 1.4163656837309744 1.4327792747485313 1.440840835623314 1.438606132588981 1.426246215466767 1.4046396266447214 1.375305784355128 1.34002387829966 1.3005411726277607 1.2584390387709583 1.2151808766931183 1.1720725403858996 1.130243794334822 1.0904268837828073 1.0531673962243133 1.0199630322622077 0.9925095759412624 0.9725397364776599 0.9614406394636978 0.9598093660304647 0.9643087864412663 0.9734826557003953 0.9869653034550451 1.0039496418104217 1.023825678921057 1.0461071136611284 1.0703446995727235 1.0959604471955955 1.1224072475921463 1.1495109190270152 1.1774191164196859 1.2053566724224767 1.2320725742885297 1.2718625733525444 1.3312128424403544 1.4079866338379698 1.5008889066412006 1.6077337590788696 1.7271244684962563 1.8575707857464685 1.9875036720351247 2.114022145206333
1.3579418268326187 1.3762250913498102 1.3897371912447158 1.395260030907415 1.3916047689111695 1.3792707234319823 1.3588821509472826 1.331514968684711 1.2984994927545508 1.2612675881426796 1.2213119652387914 1.1798562551407157 1.138012271707258 1.0966774737129232 1.0560262851216256 1.0172743071929218 0.9821085792103479 0.9527088747438796 0.931708972021483 0.921445524809205 0.9220921902996801 0.928695475224323 0.9397555760059249 0.9550010376235015 0.9734448289050366 0.9944714286389823 1.017653558492484 1.0428259993429463 1.0709144455848687 1.1010525345056479 1.1318723517426386 1.1621204290491132 1.1906461082464497 1.216843984507388 1.2524196044099376 1.3068873156346086 1.3776062739060662 1.4641104172687567 1.5646476529016677 1.6777134841998294 1.7992257861169068 1.917600426211262 2.0322487131383533
1.3199169936260826 1.335301402417238 1.3465775002657054 1.3505463673212628 1.346323240293219 1.33443522561919 1.3152911295470446 1.2895698166119742 1.2586019968684996 1.223729192342754 1.186028205132593 1.1465318690149597 1.106213949877024 1.0652150499280315 1.024043378378879 0.9839547128446249 0.9465900387942512 0.914447687590838 0.8914663001003813 0.8821229249726585 0.8853235744722849 0.8951603772245462 0.9086543689385864 0.925530848829171 0.9450562452576572 0.9668196470356242 0.9924509753133584 1.0220667880705003 1.054542305006038 1.0886845697496192 1.1231965065574137 1.1565424910659587 1.187362674166891 1.2143833125226828 1.2450167500385905 1.2932637739262187 1.3566318672032738 1.435097783017175 1.5272492337117447 1.631492688595434 1.7401919205138892 1.843484586334245 1.9411781640737265
1.2808027529038606 1.2937401856885589 1.3032051968742038 1.306111393054744 1.3017832212774023 1.290595808382453 1.273091264521918 1.249865174178226 1.221697573939455 1.1892918587709815 1.1539333842921289 1.116635322130727 1.0779769804989634 1.0377138070532421 0.996656164418733 0.9558075253091902 0.9164230723251261 0.8805933327778731 0.8532433207851796 0.844055398607868 0.8517255459134849 0.8661741925594955 0.8824673473038209 0.9003659020020063 0.9208410479244158 0.9465194391265801 0.9769072747641641 1.0110012793292202 1.0476818638644305 1.0856943412008175 1.123677480695072 1.1601873001128689 1.1935537746083005 1.2223916708777076 1.2496209019415347 1.291073686351652 1.3461623849725197 1.4151568770887557 1.497068308759042 1.5902747290502943 1.683804644048274 1.7705264602801294 1.8500017187206208
1.2414284405726732 1.2522684259784007 1.2603101008546358 1.2625812938217837 1.258552780880211 1.2483027606739625 1.232611255761214 1.2121121171281046 1.1872042725901408 1.1583678354391924 1.126124937153633 1.0913687914444927 1.0545982162937944 1.0158549836240678 0.9759398035257258 0.9356354571173056 0.8957372807887616 0.8571568539268426 0.8217388063353651 0.8094986751323886 0.8271091928813938 0.8457217266657642 0.8636698192922103 0.8824813547306598 0.9069813943214804 0.9368732413742784 0.9713599600098094 1.0095161683607392 1.0502108227009443 1.0920853087787878 1.1336103631263956 1.1731971663375722 1.2092522548156226 1.2400620183872153 1.2651379156228886 1.2987474553464904 1.3448170234026624 1.4035876619051522 1.4741909180004418 1.5545456677488447 1.632003784043813 1.7012329749972834 1.7615844762674588
1.20252590951267 1.2115429371588045 1.218512109659298 1.22053756016793 1.2171148080062164 1.2083299659063822 1.1947992786732473 1.1771231086049714 1.1555811138281 1.130528397611861 1.1023818104058427 1.0714434055720274 1.0371952114509504 1.0008975924781616 0.9634260431707478 0.9255724524722132 0.8882061677050717 0.8525216282204346 0.8203984198347287 0.8081832886322509 0.8211707765501599 0.8375663371656393 0.8550360869220485 0.8772683220689678 0.9047357012150476 0.9377216498632823 0.9755183119796209 1.0172721178776383 1.0618228553145999 1.1076389238631879 1.152920621473018 1.195800911292574 1.2345281593475597 1.267434266755459 1.2925649558224588 1.3172292954738944 1.352939976255089 1.4001434305601341 1.4579992622202544 1.524050452795518 1.5849930198386706 1.6364504187559332 1.6777337246411328
1.1647638976821821 1.1721779100227336 1.1783751604291837 1.1805191557425179 1.1778423725541178 1.1706294930309888 1.1592094563764168 1.1440778187280112 1.125785783374337 1.104646975363399 1.080998668839812 1.0548296276751836 1.0252856057628514 0.9929592425936223 0.9595762758452951 0.9261150589330035 0.8939978716672616 0.8648412322987762 0.8408622136635824 0.8294761801497654 0.8319906201153074 0.8420819811148618 0.8599482007267647 0.8841976651435556 0.9136320890315828 0.9485381415530518 0.9887841799685639 1.0336614520069431 1.0820072301224946 1.13200651539776 1.181412333444747 1.2279433595367357 1.2695529393913279 1.3042818461418961 1.3302122638207763 1.3480151144278805 1.3721207011123029 1.4065329621842113 1.4503552077905741 1.501095622824483 1.545399088410619 1.5792472873845267 1.6020418308172781
1.1287692675995646 1.1347385504514118 1.1398992990564414 1.141538659820281 1.1392169450266223 1.1333954239074593 1.1242430099729375 1.1119846403035996 1.097115863316996 1.080107185546727 1.0612425525647209 1.0401795667354485 1.0162271051316494 0.9898524761508823 0.9620392606244608 0.9349227181269602 0.9092827209743723 0.885072237947589 0.8653163077640403 0.8536645835277155 0.8507435920451633 0.858582673388063 0.8763576718231774 0.9015024910998775 0.9324680823897193 0.9685109535597106 1.0102792506046732 1.0577946732915902 1.1100655314477377 1.164768312402896 1.218871688670312 1.2695146488301055 1.31411580339047 1.35048608952877 1.377084939862462 1.3925347515228679 1.4040355658412722 1.4245118709858662 1.453130747095267 1.4877973738985037 1.5155677874484303 1.5322426770673454 1.5374284942588403
1.0947578747604216 1.098237159124917 1.1016320344269086 1.1028660176683138 1.1012606754193839 1.0970390652241662 1.0903361744624576 1.0813385926642909 1.0702842939438826 1.0575971602381895 1.0437469482751713 1.028100556905821 1.0101913142261878 0.9905133728346966 0.9696734157413367 0.9483501832529113 0.9272629340335076 0.9077273116328797 0.8914016636049327 0.8796474475975562 0.8756085470290604 0.883685681638555 0.9016949972233603 0.9274711429898179 0.9594100394188669 0.9965679410228904 1.0390009262433872 1.0885128669268815 1.1452209303053484 1.2056065346061622 1.2651716113379956 1.3202120782701257 1.367858603973784 1.405975665609962 1.4329759151326011 1.4475654246523475 1.450379195561735 1.4557987739622857 1.468095264594419 1.485912398173026 1.4973808953220238 1.4974788705744504 1.4860941633606783
1.0616296058782324 1.0624659668443641 1.0640717121342058 1.0652581533740928 1.0646042292252855 1.0621838406613793 1.0581017755134883 1.052512044935308 1.0456203704725555 1.0376792788551183 1.0290138864919842 1.0190473684245318 1.0074775159993288 0.9946585558426971 0.9797809791498815 0.9628927151402747 0.9459712422237394 0.9303908714227649 0.9170444864060098 0.9068259995215724 0.9056068678734839 0.9149465956100581 0.9338578301337341 0.9605746221466267 0.9935114013961447 1.0314320334995688 1.0740293220716008 1.1244135071005834 1.1871253573893323 1.2546979174579678 1.3200772585217115 1.379599285778205 1.4305048449706201 1.4704541841159342 1.4976383014898254 1.5108651697717073 1.5107937399335227 1.5019885217061952 1.4968202396209769 1.496754894746608 1.4921999537089445 1.476387718639372 1.449533167759216
1.0299871696827358 1.0282500015826705 1.0281286416117097 1.0293639113709705 1.0298850301467197 1.0294556543995195 1.0281439434918664 1.0260749452462683 1.02343182752558 1.0204473179040496 1.0173735931431247 1.0133484830429915 1.0073584108377232 0.9993214820911762 0.9893113101831421 0.9774656815546856 0.9645928922217675 0.9526260313180519 0.9420344890312512 0.9352428354118367 0.9383797635264258 0.9506461707906848 0.9711429879394904 0.9994516179452451 1.0341304312354564 1.0737148215556631 1.1167392222247665 1.1632018813715443 1.2382555861404294 1.3127429429671458 1.3833103065265777 1.4472043279924405 1.5015135838614304 1.5434372750598622 1.570689547455296 1.5820037476039022 1.5789622677280828 1.563545311951715 1.5405739140614743 1.5212813180324938 1.5008136619643457 1.4697850501479854 1.428580277830363
1.000673049080037 0.9964300899472913 0.9947389221912932 0.9958524104647334 0.9977739389738047 0.9995107931156608 1.001086243847971 1.002602028184475 1.004224489580122 1.005880986639414 1.0074522310106795 1.007813118548138 1.0062988046733943 1.0029575935458623 0.9978507780054071 0.9910682091613721 0.9826713579628454 0.974259696234919 0.9664818274475802 0.9645511512694915 0.9721456908221112 0.9883095305588279 1.0119095034146783 1.0425275669668148 1.0800870378346668 1.1235367340856437 1.1723866492363528 1.2300223866358506 1.30231517970716 1.379387134482704 1.4538244981969437 1.521791707755593 1.579818810080511 1.6241356246428142 1.6515066091541541 1.6606338501185145 1.6535422538240236 1.632139198286235 1.5993623700486133 1.5604851019442938 1.5227065847245773 1.4763056323471584 1.42100420061807
0.9717217327767538 0.9659044139386647 0.9633837939208223 0.9644738829977649 0.9681151382114106 0.9721316072620625 0.9763022416059008 0.9806961649625532 0.9853562460939125 0.9903163975571658 0.9955838161836492 1.000166764788017 1.0032418763086897 1.004806000042055 1.004823911653092 1.0032138269690156 0.9997971132378465 0.9951549738221583 0.9909975492641476 0.9941234610880681 1.0059942578411885 1.0260420067912666 1.053547483204004 1.0875899218573235 1.1285988959085098 1.1768051814552802 1.2324176356786154 1.2968696843699576 1.3704821986120304 1.4491326741679682 1.5273601950432452 1.6003856202941247 1.663427154298267 1.7113262974983017 1.7392893229993158 1.7461013922442687 1.7333466724665114 1.703626888857951 1.6606637517083909 1.6089593867892917 1.552618115544136 1.4909539448896947 1.4224208761245676
0.9387658193326142 0.9316360204990801 0.9288242744230579 0.9303554298035998 0.9355595402998069 0.9422382756992514 0.949336649522504 0.956769039212809 0.9645019877961141 0.9726633867517002 0.9815063180624957 0.9902914543196252 0.997929970562285 1.004344936753609 1.0094193553327497 1.0129805906809966 1.0147429656918094 1.014524566294106 1.0149755031941976 1.0227768586743955 1.0383565268124502 1.0618819776210375 1.0930659759163022 1.1312221335786103 1.1758667196205248 1.2283463247172786 1.2890021045841826 1.3579775642424212 1.4344835054621912 1.5159063806437891 1.5983842331137958 1.677434843678681 1.7476057155919995 1.801855738080054 1.8327123179866822 1.8367345842065377 1.8140741739054116 1.7709294970282485 1.7147472351129975 1.6512028415256856 1.5842113384237448 1.5119613668435878 1.4310016282954172
0.9022567960555568 0.8939840104517265 0.8912920165643727 0.8936369497005986 0.8999678334200232 0.9091620537751095 0.9191539986164982 0.9297110673423127 0.9409068032490688 0.9527811004927143 0.965265796086597 0.9781130621645129 0.9902341012607578 1.0013877447303683 1.0113609836405713 1.0199098275822234 1.0267407321760502 1.0314744187298663 1.0374878475912481 1.0492392722794142 1.0674728912772597 1.093960997768082 1.128490087257963 1.170376080127846 1.2189145407976947 1.2746050369245177 1.3386913527969968 1.4108220280215393 1.4900458945754522 1.574492973734424 1.6614273402739665 1.7472456309368112 1.8267611002075903 1.8914398665279184 1.9286153476486125 1.9257142184060556 1.887252789458612 1.827047598084526 1.7559415027525263 1.680090465827897 1.6030496148444033 1.5264702172271132 1.4430339037522102
0.8628682410816653 0.8538574038549507 0.8520559782444085 0.8557568696961197 0.8633270045871264 0.8739145954915477 0.886504661183716 0.899845621085052 0.9141604364664864 0.9296256342636776 0.9462253213804288 0.9635534973252136 0.9801092389409031 0.9958533485602714 1.0104876860840823 1.0236576130440649 1.035032757067679 1.0443130617346503 1.0565709782247883 1.070962918102334 1.0913427125409647 1.1207020284422327 1.1582688792741753 1.2032913282633038 1.2550700746737857 1.3132057847247898 1.3792365499303698 1.45310606380891 1.5339416768189016 1.6204006119865062 1.7106713047871298 1.8024187246089904 1.8921865810058933 1.9726635217364081 2.022451943249817 2.008153539529763 1.9452095846111153 1.8648283687031144 1.7789184647006389 1.6919308512221012 1.6062091369161609 1.5233662759389583 1.441496068070866
0.8212998738672321 0.8126095434404619 0.8131276174875546 0.8187468064657564 0.8274526452085809 0.8386398218852493 0.8522877645278519 0.8678217865867517 0.8847197501623028 0.9033615292522412 0.9238046157416395 0.9457045148039352 0.967476325937334 0.9878256324576271 1.006858699518925 1.024182546172498 1.0392725448473166 1.0514697697122253 1.064735872633702 1.0836136110769408 1.1084802284780055 1.141079131999218 1.1813655546843658 1.228802607817269 1.2827584211111591 1.3425775241411981 1.409054558304875 1.4830273753284717 1.5636960640451556 1.6500192247984404 1.740753917534267 1.834535600541939 1.929500417276357 2.0228176142084635 2.1078926658687336 2.0657539903544633 1.9712823282133831 1.8746528353622187 1.7782949429598434 1.683596332963997 1.5917898679653641 1.5040384071524218 1.4214110191101061
