_RESULTS/CROSS_VALIDATION_POSTPROCESSED_CLR/MHZ/TZ/7comp/4/MHZ_TZ_z_180_kriged_reverse_7comp_spherical_4.asc
ncols 100
nrows 81
xllcorner 5.5967107548124995
yllcorner 50.982328804812504
cellsize 0.00017565037499993607
nodata_value 1.7014100000000001E+038
[rows 0 to 18 of 81, columns 0 to 43 of 100]
2.2361399511973232 2.208666729898502 2.183575707021293 2.1627194544548236 2.1482793338189468 2.1423902536324393 2.1462102802816054 2.1591025143201135 2.178937305249086 2.2031246759789718 2.2293116449320913 2.255542915657104 2.281073216967731 2.3060729533103053 2.3298646777003804 2.3520091015511264 2.3721662350447246 2.390028826671499 2.405306054075773 2.417712774497335 2.42696248860649 2.43276292809383 2.434816677590672 2.4350569723051656 2.4352765367750515 2.4352742632114053 2.4344731352376514 2.4329866209503046 2.4309041002206686 2.428304959622018 2.4252745699233733 2.4219059067860367 2.418301515553204 2.4145338469989652 2.4105206589294697 2.4065540005259933 2.4029594639964182 2.4000151851068625 2.3979365635646244 2.3968552169898416 2.396795100481918 2.39765385232889 2.3991993619090386 2.401366296999942
2.202939939191185 2.1700727805115694 2.139589012163538 2.1135273859356536 2.09480287755986 2.087083829535608 2.0928865858272743 2.1110464243819806 2.137705171374915 2.1690556386375897 2.2022898616154856 2.2353385083068957 2.266396588301911 2.2941531414048693 2.3193603091479127 2.342745623501527 2.364028536513496 2.3829474845443213 2.399246393757215 2.41266600193717 2.4229383490189713 2.429783573573033 2.4329084946735815 2.4334972716482914 2.4340822591798097 2.43422876081747 2.4335163331650085 2.431924908383186 2.429477832317021 2.426452504162137 2.422962408409306 2.418543940228831 2.413200233058956 2.4073803122885713 2.4015115553224957 2.3959948042825885 2.3911987487637005 2.3874511945218884 2.385022726900241 2.384098031028882 2.3847361329834658 2.386833892241702 2.3901154705003385 2.394158640698134
2.1653914699042964 2.127271636919912 2.091236193495625 2.059103394603264 2.0341473674963075 2.0226826519418877 2.0313016825918613 2.0571403325322666 2.092190923069555 2.131274218651957 2.1713769218266505 2.2105475492305495 2.2474609646358084 2.2809513163976938 2.3099276687058676 2.3343163432270733 2.356345432774693 2.375972133725979 2.392973414839811 2.4071137429829186 2.4181412395214092 2.425785712403895 2.429758340181586 2.4307996154767237 2.431714649178758 2.432009373048527 2.431484182669192 2.430106811583667 2.4278430612608326 2.4240031906066877 2.418191345558557 2.411144722970419 2.4033616957451236 2.3953251355316496 2.387498015492877 2.380319662896117 2.374203462779877 2.3695336820853985 2.366653573458254 2.365830645233602 2.367189993862376 2.3706380262002655 2.375833614087569 2.3822390391969526
2.125416836982302 2.0827484150460336 2.041894648408265 2.003951648949525 1.9708788715218601 1.9504541091993692 1.9645662426751964 2.002304510644467 2.0464430363966457 2.09236101871061 2.1382197337196005 2.182798434725754 2.2249893691091405 2.2637232623702617 2.2979516896363843 2.3266425982390495 2.3494715196584552 2.36940659421657 2.3867531459431954 2.4012940239961815 2.4127887595676705 2.4209723839642687 2.425556020992426 2.427054749392222 2.4282571970425892 2.4287731203461904 2.428507884814715 2.427285777258292 2.423637280164044 2.4174921654156076 2.4092760052355584 2.3995601998382123 2.389257250872447 2.3789138881545107 2.36902892262666 2.360077798803333 2.3525142749180596 2.346778208171462 2.3433013092363484 2.34248077656732 2.344573221435479 2.3495229668681596 2.356878732460931 2.365910244340781
2.084647301427614 2.038701111518924 1.9949773851893804 1.9542432349609093 1.9170901887775447 1.8845908645933227 1.9083517760627164 1.9554289249865993 2.004660712888658 2.0548210947492844 2.104885184162187 2.153787474854672 2.2004422245779502 2.2437641516829068 2.282681865293509 2.3161439940923825 2.343119432163864 2.3634689838311904 2.380778107320716 2.3953812504033314 2.4070432485578452 2.4154986498910116 2.420452865076747 2.4223566463675685 2.4238548046393738 2.424675145335556 2.4244096119512104 2.4212038766370894 2.41514795764223 2.4066788876203833 2.3962448273402126 2.3843009753094986 2.37144950778898 2.3587182014681307 2.3466892502672594 2.3358704799716206 2.326743665524816 2.3197851425876825 2.3155100757585516 2.3145062501660587 2.317308717312061 2.323985425897897 2.333863272651997 2.347043974245878
2.0440977412979984 1.9963031938378895 1.9521195309148114 1.9130784351741048 1.8818493247504184 1.866488723284209 1.8822739612564 1.921323754192104 1.9690601229663753 2.0202976335842195 2.0727258288449235 2.124741654745895 2.1749777125030922 2.222182284328816 2.265181559588406 2.3028621272576766 2.334157545703274 2.3580349417599824 2.3751600774455413 2.389480955488561 2.4010080665691524 2.4094691724188575 2.414557309912265 2.416803364769393 2.418650168201508 2.4194950338737713 2.417109223257046 2.411480446746458 2.403040066752301 2.39224075931907 2.3795555664918235 2.3654734765831114 2.350491067152805 2.3353300245418 2.321094684956856 2.3083528937994964 2.2975994599491307 2.2893028029075273 2.283990581807957 2.2824508317339367 2.285828376199198 2.2953457915436823 2.3181130679485196 2.3520685097782525
2.004062035337794 1.9554128949772136 1.9122788832725166 1.8770298187442385 1.8532069633888517 1.8463404695369245 1.8607766029663801 1.8936112604283482 1.937986231078047 1.988604415867222 2.0421536453587827 2.0963534861924487 2.149425821227853 2.199869746776306 2.2463610606071946 2.28769883740222 2.322769807554423 2.3505197175533246 2.3699282292272397 2.3836283345688765 2.394726721743129 2.4029381287380898 2.407935643749777 2.410493520710219 2.4125953042155897 2.4115083825912915 2.406771410702587 2.3987912286877053 2.3880035812734794 2.3748765301909933 2.359910543811038 2.343634526546087 2.3265966505841753 2.3093487542346844 2.2928716879294946 2.278210976686803 2.265878747548684 2.25629564174619 2.2498434559759644 2.2471905644550336 2.2551636213905866 2.285968976936735 2.3330811378086405 2.3898860689964416
1.9643388442895475 1.9150858700746136 1.873185043599169 1.841354131561594 1.822741309153328 1.8203714413224257 1.8352854480085763 1.865954434908484 1.90845552878665 1.958605378394216 2.012983941636981 2.06893983130827 2.1243708881082646 2.1775485100522616 2.2270040235803608 2.271453802470241 2.309744930578925 2.3408111780811356 2.363634720827154 2.377790804330943 2.388185051451401 2.395911749162187 2.400615181249098 2.40354613376917 2.4043070838052567 2.4010272415168865 2.3940704739513747 2.3838330422329683 2.3707517098412025 2.3553087850333063 2.338034056832636 2.3195027194542197 2.3003273829221635 2.2811414642819967 2.2626223032807244 2.2460977129123183 2.23237245701741 2.2218708833349643 2.214819107066027 2.2194798462644583 2.2467966133962816 2.305652267171568 2.377960642766349 2.4582135697201983
1.9246201825399378 1.874335320091649 1.832960647720764 1.8033385495386929 1.788119778732125 1.7886028279522346 1.805032099452414 1.836017885293837 1.8786196010518155 1.9293594137922303 1.9849804023472046 2.042719006574843 2.1003013915544226 2.1558552234410504 2.207816797155421 2.254853182237016 2.295798373209395 2.329597845906195 2.3552574173296734 2.3717967080073192 2.3813163064687553 2.388353672575107 2.392612894703589 2.3951829063395724 2.3939861614525784 2.388713545939211 2.379700196307969 2.367325815846187 2.3520238548632446 2.3342881242721707 2.3146774659780043 2.293817634795435 2.272397807887711 2.2511573468755532 2.230857329437723 2.2125458569306646 2.1976659621692463 2.18683124092634 2.18962112621742 2.2193640782577266 2.2746448108809316 2.3547976911322945 2.4505770831244673 2.554317767424779
1.884824801198249 1.832586269390212 1.7905671041552749 1.7618322476256214 1.748620812323038 1.7515333253749121 1.7703927171041427 1.8034899115190508 1.8479907555174508 1.90062424304984 1.958234368355754 2.0180528673505918 2.0777581019311726 2.1354313981728255 2.1894766904986165 2.2384856274394216 2.281354550411246 2.3171354414445458 2.3449320224130004 2.3638342600546918 2.373621509212272 2.3799292366110385 2.3839298494208108 2.3851320479307763 2.3822702792966552 2.375246016807782 2.3643747169143357 2.3500138212397985 2.3325884421345258 2.3125988583237795 2.290628608123188 2.2673527217464464 2.243543188656524 2.2200656337684768 2.1978579019896634 2.1779247712274374 2.1619997053278355 2.1580439377381437 2.184966091634354 2.240964161266776 2.3230249100187184 2.4271350979568997 2.546717755624024 2.6745562602557706
1.84532117984892 1.7898396866127133 1.7456842800483852 1.716465669427563 1.7042707661159393 1.7097686041692826 1.732157951133375 1.7690217584228378 1.8170833035322695 1.8729046364888395 1.9333148700975578 1.9955829097589093 2.0573090308448823 2.116503718509183 2.1717310285244014 2.221812300771287 2.265764537841175 2.302739950906357 2.3319519884200357 2.3525838081916075 2.3637093851747424 2.369270615574853 2.372781795805305 2.372970590334906 2.369240489694493 2.361143708287747 2.3488262121180505 2.332664373909128 2.313243743055993 2.291064583446296 2.26672483455095 2.240937987625114 2.214552527070143 2.188567339926529 2.164129064279233 2.142489291080245 2.1280042808636064 2.1448155939160385 2.1958141700069387 2.2775756169115935 2.3860193960149125 2.516026256597159 2.661229686305863 2.814602912122398
1.8071116440058141 1.7467828555545157 1.6985981358362192 1.6671860392692601 1.655351238078027 1.6640729517733868 1.691531863818374 1.7339853622256367 1.7872189962755538 1.8473917200751304 1.9111681622591388 1.975627124933847 2.0387372211031134 2.0988795944066974 2.154739513509406 2.205248939386194 2.2495450554972747 2.286927647609652 2.316785403741021 2.3384644988973715 2.351107961123014 2.3562581610961804 2.3592590902114314 2.358831349215018 2.3546272873856204 2.3460065660332234 2.333029758081225 2.3158764859846444 2.294813359219972 2.2705498856593085 2.243865926903885 2.2154897736663592 2.1863202833570536 2.1574714779650335 2.130308317917294 2.1064412896050486 2.105284337790722 2.1431484712808446 2.217506182269683 2.3246422611512876 2.459710486887238 2.6168314797672627 2.789297543928388 2.969886715595943
1.772066995673733 1.7050513178207416 1.6503211725768743 1.6143416865597136 1.602237379702587 1.6155570439541835 1.6504255625774715 1.7006220297699985 1.7605279421541997 1.8255323107212322 1.892341303142907 1.9587203359819045 2.022922816816448 2.083540423555366 2.139420554219121 2.1896268753978005 2.233429822087057 2.2703087795608012 2.299913138545472 2.321882175968152 2.3355110795903173 2.3413108234586386 2.3441081261537082 2.3435334283403852 2.3392358639628545 2.330471615290071 2.3171659258306514 2.299470056269231 2.2776174793712842 2.2519272534184935 2.22301907565921 2.192038949165148 2.159909527412836 2.1278017760607595 2.097261261399126 2.0756824719560623 2.091685619463188 2.1490083361222765 2.2457978457505874 2.3780757719022736 2.5401597577798265 2.725322641847149 2.9263341984765097 3.1356671289427234
1.7432347658513925 1.6678330438752489 1.6032283420367963 1.558772866930115 1.5454027889568702 1.5662504303040299 1.6121916615828487 1.6724293326280684 1.7394320188024786 1.8089683300801724 1.8785426898545614 1.9463810418848047 2.0110939877969747 2.0715286273022286 2.126706241374303 2.175807935588465 2.218202811043133 2.2535262960622697 2.28177247161364 2.3031447256390853 2.3173901880240955 2.3249407933290716 2.3281821043197617 2.3279699897277957 2.3239197545738794 2.315390308660329 2.3020993850683857 2.284184351474819 2.261851876197451 2.235378921670146 2.205129591466978 2.171740512326489 2.1366084912581895 2.100925456743746 2.0662880224229414 2.0536606794207795 2.0840486116703523 2.1585601569126305 2.2766885633592078 2.4340761648189377 2.6236236217476483 2.8374288484080568 3.0677411432127006 3.306879558455787
1.7250168427360542 1.6409009654903868 1.5630790940163064 1.502770765852024 1.485645083002329 1.5211256332073881 1.5831355524663926 1.6540414859481225 1.7273779368109405 1.8004821215041753 1.8717776718405355 1.9400833199348015 2.004392469916059 2.063798486934157 2.1174722674507165 2.1646678578858776 2.204765786506743 2.237409138620308 2.2628651932927712 2.282452710395958 2.29817223125549 2.3081387147883277 2.312531722650901 2.3131262150391567 2.3095734478407985 2.301578286013343 2.288637039375333 2.2708546665689644 2.248413703893392 2.2215435487937714 2.1905336984596877 2.1557617175387467 2.117940491962071 2.078669955565242 2.041954616918499 2.0390928800585644 2.0799299729789826 2.1681913856155055 2.3065253140874873 2.4895472981274382 2.706988846426904 2.94937087633756 3.2088074238284507 3.477926182119332
1.7225082799312412 1.6330427012532363 1.5438357987470717 1.4581886315059476 1.4271985420879263 1.4955223042417083 1.5737146597018605 1.6518306608751763 1.7284044089402841 1.8026106804087245 1.8737140927008173 1.9409831684889567 2.003680467688908 2.0610685177050536 2.1124175996856387 2.157013684664442 2.1941748542009574 2.223317206665565 2.244317407537797 2.2605927014878113 2.27943651475176 2.292529413163558 2.2984173880901153 2.299778348230826 2.2966132009345586 2.2889948677127383 2.276542447784763 2.2592050517875766 2.237153157861104 2.2105583685622854 2.1796014548012534 2.1444873638278645 2.105474427872327 2.0633074616092273 2.0286688556720263 2.0326918920399075 2.0787983433400723 2.174666176834039 2.332727856293564 2.5433664069933197 2.7884789305882625 3.0578441200921276 3.3446276100921954 3.6424559063555826
1.7391933649910798 1.6520179122326146 1.5655863020736551 1.4852011495233035 1.4587596591277554 1.5199489397236148 1.5950356235451892 1.6708206421826022 1.7450773298150004 1.8168012568950418 1.8852262135582363 1.949641662658363 2.0093511257709653 2.063664228139421 2.111895881151237 2.153364003982379 2.1873829899346036 2.2132542691588935 2.2307759828017684 2.2422017119452082 2.2655509152782534 2.2798057899451094 2.2859067131724786 2.2873786589240432 2.2843765316951994 2.2770266127997787 2.265280414160133 2.2487698140611436 2.22760218471028 2.201912650594004 2.171828114964592 2.137470402584415 2.0989613558537354 2.0564352453278576 2.0277782528433517 2.0383116175993594 2.0865381410043367 2.176568076303622 2.3587003314018755 2.5991570842867526 2.868056319283594 3.1598484016779165 3.4699110130332866 3.792406378531285
1.7743228583126567 1.6965997135953916 1.6253501092199973 1.57157596569792 1.5573958752867585 1.5893600295682657 1.6456773195948768 1.7103852117286868 1.7770280228235151 1.8427829659649975 1.9060835556181148 1.965847349182357 2.0212062362067558 2.0714042531879855 2.115757484270878 2.1536414121090823 2.184503690396951 2.20851702993358 2.2271545600431066 2.2428982360345873 2.259341073091359 2.270224796081809 2.2751758122929737 2.2762477722519288 2.2732844564210715 2.2662785602489657 2.2552642552638957 2.239976949978335 2.2202161250589394 2.1960991820098408 2.167739037053621 2.1352460653865313 2.0987343284306403 2.058408276615465 2.0390255701564115 2.0597214654214095 2.1191853861913237 2.2235234568228552 2.4139355849588404 2.6640978864980833 2.9454462630803624 3.2517581566026963 3.578561904373057 3.914441143707611
1.8232060282576201 1.7576140408645171 1.70196342443885 1.6646213648144255 1.6544922584446313 1.6733154984755507 1.7132837883175722 1.7647236374279507 1.8211051732453374 1.8786209902923574 1.9349695653783048 1.988620032272102 2.0384516715013308 2.083585543206723 2.123310364885883 2.157070329180158 2.1853660929424743 2.208496533499052 2.2269061946515825 2.2421170355041715 2.2548929590854665 2.2623379678067765 2.265855515912186 2.2663819943446115 2.263484862838439 2.256987881154759 2.2468336462043315 2.2330055113704246 2.2151700346294616 2.193282657148603 2.1674833272791423 2.1379408675709914 2.1048837753203373 2.069312517411094 2.060408140275529 2.0936467644322745 2.1708877410813963 2.2995066349571767 2.4895636111221546 2.7335062510020816 3.0161689963751543 3.328363684112006 3.6602877976436794 4.000377901902972
