_RESULTS/CROSS_VALIDATION_POSTPROCESSED_CLR/MHZ/TZ/7comp/4/MHZ_TZ_z_250_kriged_reverse_7comp_spherical_4.asc
ncols 100
nrows 81
xllcorner 5.5967107548124995
yllcorner 50.982328804812504
cellsize 0.00017565037499993607
nodata_value 1.7014100000000001E+038
[rows 0 to 18 of 81, columns 44 to 87 of 100]
2.28834773477797 2.2802980970552706 2.271506571217568 2.2623617144746047 2.2532151528138593 2.2443805288494687 2.236137305569456 2.228736216812854 2.2224047256466792 2.2173518141622712 2.213771926024643 2.211848104235644 2.2115592783911717 2.2115592783911717 2.2115592783911717 2.2115592783911717 2.2115592783911717 2.2115592783911717 2.2115592783911717 2.2115592783911717 2.2115592783911717 2.2115592783911717 2.2115592783911717 2.2115592783911717 2.2115592783911717 2.2115592783911717 2.2115592783911717 2.2115592783911717 2.2115592783911717 2.2115592783911717 2.2115592783911717 2.2115592783911717 2.2115592783911717 2.2115592783911717 2.2115592783911717 2.2115592783911717 2.2115592783911717 2.2115592783911717 2.2115592783911717 2.2115592783911717 2.2115592783911717 2.2115592783911717 2.2115592783911717 2.2115592783911717
2.3018567263405827 2.292489818097334 2.282272027476366 2.2717365187653447 2.2612616907652847 2.251171947112981 2.2417481719671493 2.2332375915941074 2.2258618982028224 2.21982354688105 2.2153104968579096 2.2124997368042707 2.2115592783911717 2.2114893190930576 2.2112857556928027 2.211067723984021 2.21092313417767 2.210900378011212 2.2110065948273103 2.211207411352748 2.211428184120912 2.211556607832795 2.2115592783911717 2.2115592783911717 2.2115592783911717 2.2115592783911717 2.2115592783911717 2.2115592783911717 2.2115592783911717 2.2115592783911717 2.2115592783911717 2.2115592783911717 2.2115592783911717 2.2115592783911717 2.211453035550284 2.2111674926911893 2.2108271270101567 2.2105320692036527 2.21035295328522 2.210328372378895 2.210463426670394 2.210729528179595 2.211065484991622 2.2113797407157363
2.313689693394466 2.303801460158044 2.292704210049016 2.2808052685411107 2.2690016712241032 2.2576899501341505 2.2471419893133255 2.2375938016652794 2.2292558471423174 2.222320276782843 2.2168685314530947 2.212693528986495 2.210115243712993 2.209006001873819 2.2080732984854117 2.2073455996406603 2.2069224026251857 2.2068586594644763 2.207162488407821 2.2077948292486544 2.208671086119986 2.209664552287148 2.210611209356098 2.2113153788260718 2.2115592783911717 2.2115592783911717 2.2115592783911717 2.2115592783911717 2.2115592783911717 2.2115592783911717 2.2115592783911717 2.211541367559259 2.2111378313428776 2.2103499497127213 2.2093616525878756 2.2083382361614907 2.207421369870314 2.206724191018138 2.2063269409087747 2.206273615947805 2.206570038607798 2.2071835971151894 2.208044688294229 2.209049675248258
2.322937902499655 2.3124450204199967 2.3021832149409462 2.292864806528749 2.283208253129165 2.2729524722642442 2.262080281177179 2.250619207232895 2.238943667096864 2.227272028375323 2.216984858386315 2.209935260998892 2.205533646101936 2.2031451509340494 2.2014349782179283 2.200161939140186 2.199439960440769 2.1993322216057924 2.1998480721021267 2.20094256506412 2.2025186751132693 2.204431882811234 2.206496505453473 2.2084930010906865 2.2101754827892353 2.211278816759694 2.2115592783911717 2.2115592783911717 2.2115592783911717 2.2115592783911717 2.211186881493085 2.210100142637909 2.208521938646616 2.2066692274796846 2.204746002220471 2.202937602437238 2.201404472400304 2.200275845680176 2.1996439918914574 2.199559722834415 2.2000297747499165 2.2010164534867127 2.2024395965260766 2.2041805580891634
2.3367639178092676 2.335955176218941 2.3360154045682227 2.3351549927648207 2.3318315878188707 2.3248647619879526 2.3141874799676927 2.2999399504623628 2.281922015114391 2.2613952641379624 2.2400994066264475 2.22018163636293 2.204130412013283 2.1946686659606995 2.191608711409372 2.1897471048589625 2.1887017537061837 2.1885463431325767 2.1892918003000017 2.1908856481372987 2.1932150708142952 2.1961131847904087 2.1993675447973953 2.202729714873387 2.2059248077702307 2.2086601595556377 2.210632643461743 2.211534439232408 2.2115149702283174 2.210663200316588 2.208913794594685 2.206512658564954 2.203704228565177 2.2007272737036283 2.1978093479554164 2.195159941919293 2.1929626381267378 2.1913668815533516 2.190480260979386 2.190362347709589 2.191021056709038 2.192412150639724 2.1944419741690053 2.1969729451829316
2.379340353188284 2.391273896594438 2.4025244720187855 2.410921913980085 2.4146074223893543 2.4121601325755195 2.4018141360644307 2.383488962946115 2.3587503097631712 2.3290064060971436 2.2961968456543844 2.262721869686411 2.2313562135841414 2.205156074321244 2.186159656460335 2.1764952108047564 2.174934009107809 2.1747263703916904 2.1757231992126456 2.177862182494226 2.1810100542339343 2.1849713852427635 2.189500243420487 2.1943129135543114 2.1991000865785404 2.2035374299722856 2.2072940119174644 2.209932647166924 2.210148012582906 2.2079546099069405 2.204784110367866 2.2010157183550976 2.196915061563659 2.192745679690615 2.1887628194215405 2.1852052609928214 2.182285433268613 2.1801785649817327 2.179012133535098 2.178857212028719 2.1797232702288922 2.1815574610833126 2.1842485397805103 2.1876346239827456
2.4491464851111733 2.475077737376469 2.4987183120107717 2.517426378483016 2.5289675869137516 2.530624058776258 2.520573317311703 2.498785106653364 2.467106156852047 2.427702811247255 2.3827677149558055 2.3350162228665874 2.287573505156864 2.243856232050272 2.206458714148916 2.177615332235748 2.160847140764984 2.1580977467918068 2.1593733257300167 2.162114619056765 2.166161291168919 2.1712808085514084 2.177184776708873 2.1835460798182615 2.1900145106164737 2.196229527768214 2.2017420030821087 2.205061787458697 2.205690916052215 2.2035555692575373 2.199051843321069 2.193860192424753 2.188398738497968 2.182958860020037 2.177828271586096 2.173281447177265 2.169567192699677 2.1668941986415553 2.1654163284146914 2.16522013391133 2.1663171893880833 2.168643030226792 2.172062954977613 2.176383310616942
2.542335283409666 2.5840641653374603 2.621660717728538 2.6519969857761283 2.6715896832904193 2.677178168271036 2.667790218975408 2.6433147242745414 2.6047013885176744 2.555083876351743 2.4972700878133005 2.4343718653271185 2.3699462995704645 2.307844356538469 2.2511458643698523 2.202379342603478 2.165366249294183 2.1438081064388235 2.1404754830525348 2.143891707850806 2.148937662684923 2.155331612926926 2.1627305928500546 2.1707537904360574 2.1790025489263947 2.1870602598917372 2.193417127598019 2.197176818077264 2.198231151107298 2.196501670892448 2.19194008000172 2.185314590803133 2.178417669679799 2.171618450178299 2.1652424083924107 2.1596075949249642 2.1550091821735067 2.151700092041129 2.1498700612564914 2.1496270756406757 2.1509856453073457 2.153865163251182 2.158098825346686 2.1634505846758203
2.655428023718023 2.7151488825829118 2.7685568403843597 2.811636271813363 2.8395137967851105 2.8498860504924437 2.8415736672672716 2.8144044130611428 2.7692508206245305 2.70873802262096 2.6371067066908593 2.5580014794338486 2.4755143771511614 2.3940203416531722 2.3170365542383244 2.2475509060354555 2.1897306448104055 2.1475338307046687 2.1246543761822423 2.123451588301489 2.1296243791832548 2.137436342315919 2.1464734808843606 2.156288404170436 2.16642561207045 2.1757556634528425 2.1826432650875893 2.1868929101260877 2.188383130338239 2.1870310907624315 2.18279266954814 2.1756694108028083 2.167257821341604 2.158999409107562 2.151262813195153 2.1444190917422254 2.1388230263245793 2.134787140515031 2.132551313988595 2.1322542222096033 2.1339146202379498 2.137428683484911 2.1425843444034265 2.149087726531677
2.785603153433467 2.8655487816611935 2.9367112344105895 2.993204848334425 3.030783326418418 3.0469187648241807 3.0401300161544844 3.0101669691720803 2.9580724169907766 2.88621668066944 2.799587101652722 2.7029786814201926 2.601147640847987 2.4990986528732435 2.400738086068856 2.3096984150538065 2.2305286472726036 2.1674513366184724 2.1243182334654307 2.1046091992916867 2.108403676660334 2.1176158198278245 2.12833639743552 2.140104198584646 2.1522043508891917 2.162454876672393 2.1700601149815104 2.174851271665933 2.176786288648162 2.1757785989773115 2.1717883866614 2.164822494275193 2.1552356923662965 2.145408465754997 2.136176870498084 2.127975584456483 2.121236332811192 2.1163535045416095 2.113639300831094 2.1132781174751583 2.1152951177210366 2.1195516767223177 2.1257696786983518 2.133574512244838
2.9304138931006656 3.0326262096536185 3.122905395759622 3.1945749387825186 3.243507411167389 3.2665381630311954 3.261755995073565 3.2287934857937772 3.16892788038459 3.0849648428871608 2.9818253806408173 2.8659804317156126 2.7432441208545906 2.619409151470089 2.498606792111603 2.385164978824646 2.2841107888048264 2.1993105667036414 2.134859624442815 2.094610234243773 2.081938336467713 2.0913149037568264 2.1036470135256797 2.1175573407765214 2.1314565588699326 2.1434535011423064 2.1531009069777323 2.1599474875888514 2.1635332489216816 2.1633967728924577 2.15958015170542 2.152653853987806 2.142697839170119 2.1311956512204366 2.1203150509912323 2.110573756076938 2.1025022807828795 2.096609387630068 2.0933153206566346 2.09287591404622 2.095326530587783 2.1004737053644917 2.1079390508721074 2.1172326236621206
3.0871954025939248 3.2135038813337986 3.3244440988800514 3.413542220879778 3.475778925257337 3.507059042968849 3.5046106254330187 3.4664493628046746 3.394729196230032 3.2939025645170017 3.1700579824703494 3.031688746622058 2.8860019108044606 2.739564468214102 2.5968983706700257 2.461894625803112 2.3393592530838836 2.233766520839318 2.148707022337586 2.088435210918429 2.0572592847171087 2.057648649527685 2.0717958463324733 2.0878752399164755 2.103418924090748 2.117366846560852 2.129232173533483 2.138517809238424 2.1447187951192355 2.147329399861202 2.1458543095128357 2.139823065727168 2.129628950617152 2.1167695090435865 2.1040706135582017 2.0925606010307316 2.082875559019438 2.075706581310422 2.071659165442496 2.07111700206767 2.074134048726617 2.0804177894586244 2.089415330580139 2.10044617531747
3.2526199904400235 3.404454634106396 3.5384161391914657 3.647591751656255 3.7248788863188325 3.762078569035677 3.756455357113499 3.7083710303173776 3.621060771943769 3.5002378341720806 3.353288706827557 3.1900016440150414 3.019372823607587 2.847904139476471 2.6796289527318655 2.520935099388704 2.377562505927152 2.254228642811754 2.154506006498173 2.0808770498585396 2.034994633553668 2.019931281209202 2.033795108625004 2.051862177900569 2.0692721932484077 2.0853678440787404 2.099621953456628 2.1114950578568625 2.1204352989790434 2.1258862948449253 2.127300844922255 2.1241590499413525 2.1159775535611924 2.1025001492901976 2.0876450256878636 2.0739320807815487 2.0621956167519784 2.0533599766764428 2.0483037209743453 2.0476223259743325 2.051402078133899 2.0591828066315823 2.0701433967912246 2.083353622522437
3.422448587461855 3.60135042210246 3.7610387014848246 3.889699781757425 3.977895592928421 4.019508169798298 4.010724372489833 3.9514692481751243 3.8459162417634043 3.701728972891469 3.528511734429598 3.337535265124286 3.138265749394617 2.937458547296873 2.742047774845265 2.5591846175636195 2.3951022650023375 2.254840187305209 2.1418928922322995 2.058238444250465 2.004857528906428 1.982320689224 1.9907843615663645 2.0107704888109486 2.0302421636099304 2.048653618433738 2.0654520012346156 2.080059796458358 2.0918751104723774 2.1002827630691625 2.104660054277757 2.1042898796659673 2.0986463459106104 2.0873359864531325 2.071263103971197 2.055056517586688 2.0408431685097153 2.0298514671974868 2.0234136579769624 2.0225364391126384 2.0273731799016192 2.037128141373424 2.050509316546391 2.066229924199735
3.591313675177596 3.7981699244116562 3.9798387143918106 4.126704521033611 4.229319450720463 4.278352915032196 4.267218824825022 4.19494806313478 4.067306247483541 3.8951854100775245 3.691574221400327 3.467924259122642 3.235983293955415 3.004399006279831 2.781220342029697 2.5739942294663773 2.389577792979015 2.2336393038855795 2.109581331090706 2.0184052045156062 1.9599615604430431 1.9340673316560624 1.9407676389535793 1.965935474639738 1.9875845751213768 2.008425767974655 2.02789593459142 2.04537305242581 2.060197443792968 2.0716216358187163 2.0788117041048113 2.0811352134347985 2.078036161705265 2.0690482674699355 2.054387673551452 2.0368187038390038 2.019631763512302 2.005759307236476 1.997283271520827 1.996102332275419 2.0025333577207696 2.0150129478404892 2.0313923441961035 2.0499346497350115
3.7513065243111354 3.979863236943755 4.183881498255552 4.353652188318057 4.476428260290209 4.537732534382338 4.525737044775639 4.437540576695247 4.281954939833951 4.075628722984911 3.8348645484258435 3.5740837201329985 3.3077765382400077 3.045120183482598 2.794377469460041 2.563036007483343 2.358759781918267 2.1888626106762366 2.056858788530842 1.961559813380496 1.9009147580090384 1.8739825426153196 1.8804895288084413 1.9133776368461322 1.9422113917011923 1.9651746804813621 1.987043678534411 2.0072520874055217 2.0249596635025022 2.039293250882981 2.049541126709535 2.0549844264785864 2.0549216405449418 2.048696482268742 2.0359998576213942 2.019282732146404 1.9998722514732634 1.982119713669496 1.9703336327775034 1.968602724957869 1.9777474954053877 1.9941131695818064 2.0140703369183393 2.0355484098993806
3.887433693705761 4.136250197721957 4.364855466192242 4.5628310673248915 4.714000040353085 4.79591234870206 4.786053958041677 4.676848534526954 4.48388614447034 4.233744382862401 3.948936565018272 3.648977475694699 3.3481781279395735 3.0559560446526257 2.779519643153732 2.5252475470680076 2.301128019162487 2.1192241957243603 1.9844548002490072 1.889362406432849 1.829351276476785 1.803291067731073 1.8108120225040276 1.8487512677198301 1.888675437022916 1.918584808835945 1.9428349428214062 1.965698908611743 1.986241557342798 2.0036852439142283 2.017220290911028 2.026032685360299 2.029323269426387 2.0263228597220437 2.0164332245717564 2.00170392738336 1.9829644203847785 1.9612398657389911 1.9435660982366874 1.9405216671141936 1.95511226145683 1.976718347942185 2.0003146974476333 2.02411695878932
3.990623797104614 4.257318282863624 4.510371518401871 4.740746077822958 4.931069928169395 5.048748189763927 5.047901925715328 4.90734917603017 4.660835177964023 4.354635600362311 4.0221567178260775 3.68312081782314 3.350852327634551 3.0333537611549426 2.7360388689147053 2.4630034524168343 2.218717603757741 2.0252305793622676 1.8978241833625513 1.8070516686905906 1.749033919814564 1.7240730239234643 1.732906385760691 1.7745323632548442 1.8250939391931975 1.8663096632254548 1.8962160287645973 1.9216768276882052 1.9452555992887657 1.9660490506374848 1.9831401534547313 1.995625877772688 2.002630461488161 2.0033096181921217 1.9969228737741327 1.98525347580622 1.968978263563371 1.9475917322819547 1.9227715405150534 1.9155016794510291 1.940595558151153 1.9663776321349227 1.9919374513612331 2.016796492809858
4.0528315274142654 4.331382928576902 4.603627184653915 4.864674540380928 5.102735390516315 5.283091065038285 5.310900740339806 5.112607058392868 4.7860116732131335 4.4167398584291675 4.038499990918064 3.665819790305614 3.309021586418681 2.973766699067828 2.6644193183264635 2.3874705538186833 2.1453986747720357 1.9572245979784948 1.8347035574613557 1.7473405287004344 1.6914153462075943 1.667252738968108 1.6756369475740232 1.7158828067767833 1.7685194002679003 1.812864838333966 1.8481366045842704 1.8762898532679895 1.9031426234835123 1.9275479056211688 1.948475949207028 1.964949858906083 1.9760524746800427 1.9809267869813048 1.9788516254922892 1.9716798083532368 1.9602664787282489 1.94466141256754 1.927218703494014 1.9243274912807684 1.9421837682557852 1.9656858937748667 1.990085105088035 2.01428851804446
