_RESULTS/CROSS_VALIDATION_POSTPROCESSED_80-20/Berg/GZ/8comp/5/Berg_GZ_z_0_kriged_reverse_8comp_spherical_5.asc
ncols 100
nrows 90
xllcorner 5.6208707817415728
yllcorner 50.959635321741573
cellsize 0.00013419651685393446
nodata_value 1.7014100000000001E+038
[rows 36 to 53 of 90, columns 0 to 39 of 100]
0.014942325076165351 0.02021020620693152 0.02753954907853042 0.037479972130231284 0.05045461548246352 0.0664309232229293 0.08438527572656913 0.1017060201246507 0.11419776504140113 0.11780774376008929 0.11155423085189756 0.09860809998572317 0.08441300412660059 0.0712089085956052 0.05954516496285788 0.04919776894925156 0.040372423340265515 0.03306148026901577 0.027136392993370912 0.02241522262429597 0.01870333098522403 0.015817093782905283 0.013596440381816137 0.011910188583332261 0.01065724023215145 0.009789776438821968 0.009366024191577749 0.00931393949881865 0.009476827236051762 0.009781035205621805 0.010198059812571457 0.010544520200062994 0.011308574874245667 0.012590076332867137 0.014533504263085221 0.017276772844499907 0.02009163393319052 0.022521300580039604 0.024131877075467968 0.02413428522820892
0.01820043576339182 0.02433562240144977 0.032631827683916446 0.043476488554462234 0.0569664163953211 0.07255387579024106 0.0886398247071594 0.10241377536336109 0.11045493627790792 0.11030637991377183 0.1020574459047628 0.08966841854551823 0.07664143292055947 0.06456390843914508 0.054249035533185615 0.045564912354806114 0.03808483134955381 0.03183980037849077 0.026743143311101763 0.02265347017367757 0.019414875971241596 0.016878809910713874 0.014914860073602067 0.013415379291946758 0.012297288937869582 0.011679093988351302 0.011691278128954966 0.01210025070633495 0.012703691098600593 0.013472611021354825 0.014457210877585766 0.015547148834262368 0.016784421279137627 0.018752436019485112 0.021653031286426722 0.025731613377286654 0.030024127914228683 0.033580735905406445 0.03526336032471796 0.0341822490890866
0.02253644594055014 0.02979907483611576 0.0392991489188433 0.051285938331062236 0.06554561111996134 0.08108895687442146 0.09587503270718117 0.10695411840064946 0.11138097198085332 0.10768497003808183 0.09721362052363813 0.08441205380309426 0.07151758672191202 0.05986418889206189 0.050101306786560995 0.042363818428009584 0.0360462714374991 0.030769435450900533 0.026465508440099605 0.02301905865549338 0.02030203214450886 0.018191771682283826 0.016579082662396043 0.0153713757044852 0.01452457816618976 0.014389239861828258 0.015033758822384941 0.016163159486308518 0.017474074364505585 0.018991667105723836 0.020702207641480896 0.022436851766193987 0.024267373548838032 0.027099792949057493 0.031217413445207072 0.03697254544577462 0.043454413435454496 0.04864063749255852 0.05015674978807322 0.04657884836147753
0.028117474017560335 0.03708713328021757 0.04813055333853994 0.06158904695128034 0.07698980621884258 0.0929557369331718 0.10702783114558914 0.11599441535917437 0.11707642666746189 0.10952617220313264 0.09645841691146989 0.08214669158026208 0.06849400457379812 0.05665420169227893 0.047056728786580244 0.039666471932884445 0.034176530522857906 0.029777529579800458 0.026238107164815276 0.023457536126101727 0.021328693741934097 0.019750080032864135 0.018629193017093315 0.017881670489913605 0.017603096040748993 0.01825153946025691 0.019879257395831563 0.022128253217329603 0.024562390484605616 0.02715745074257171 0.029704540522801727 0.03225273069044857 0.03489795855093681 0.03789280672044511 0.043140061884658104 0.05082978855572249 0.06025263227960939 0.06653814855436666 0.0659956684308585 0.05862110854698817
0.035218258926779614 0.04642440619559319 0.05984486799893204 0.07519615629222742 0.09217819801927572 0.10913719561939049 0.12317683487904202 0.13054742952652226 0.12817248504495865 0.11596333541025944 0.09926978738629354 0.08224635530833813 0.06700134704904628 0.05446829880574888 0.04474288417245539 0.03752307533916678 0.03240321436844782 0.028786029965440368 0.02598689515982647 0.023898632508387897 0.022435633083941267 0.021521615185256967 0.0210863710618537 0.02105625936119373 0.021796424828848093 0.023748574483595276 0.02695645650386203 0.030953276000569373 0.03501958125108091 0.038776638142948704 0.042281914491710114 0.045752405655590515 0.04944138800656759 0.053568221862956594 0.058488693906499564 0.06651597570372303 0.07651238672976278 0.0821365103372307 0.07911692185460588 0.06804724008619276
0.04415616137668707 0.058077873966917 0.07451597342999888 0.09284434379311356 0.11191609905788438 0.1304823687174913 0.14542780994837656 0.15204427088898556 0.14593686588062452 0.12762187992886592 0.10521585538106781 0.08400745232442523 0.06639575165180822 0.052814551809393324 0.04279971927980885 0.0356674588227627 0.030801785609348632 0.027718087875765737 0.02563338519529312 0.024256762149640215 0.023533845969468416 0.023430318153294147 0.02392301082105066 0.02500576852972993 0.02741016298904866 0.03156589890626057 0.0373382522816801 0.043918526847144514 0.0498172143901215 0.054729038114613354 0.05900451972304163 0.06321967813293883 0.06792569525203883 0.07356905390310951 0.08011752812435088 0.08521089944725034 0.09060918314470158 0.0926643675630337 0.08646342316277926 0.07264064468352613
0.055250543472626354 0.0723144571411398 0.09204406859929261 0.11368365963987759 0.13600040439061165 0.15703148035735248 0.17413048645332527 0.18201683625845444 0.17246534869210994 0.14500508910646911 0.11341594325071842 0.08634777354662881 0.0658695214930746 0.051167085256175346 0.04088733883295191 0.03386645632946099 0.029261289261420492 0.026523222743742622 0.025105658554090114 0.024438924105847075 0.024504421631238962 0.025338748934405925 0.027016126003544243 0.02973518098758295 0.034700548730287016 0.042494498407154566 0.0522064345700585 0.0622366986255012 0.07005335312807454 0.0754009811751564 0.07954837316798033 0.08380848712876796 0.08914533212703073 0.0959475506576803 0.10128430728018743 0.10444767263011484 0.10545104826871712 0.10225388688953727 0.09230587155195683 0.0758357532322858
0.06880727067671535 0.08925407685411894 0.11206224059306313 0.13629296352081804 0.1609384472149406 0.18482307068755235 0.2060371170019977 0.21974823684197056 0.21096297419772245 0.16729078458986882 0.1212360990213073 0.08745629704942888 0.06445071165204122 0.049019718038978435 0.03872564792516105 0.03194649243018455 0.027657229760035103 0.025250042814960745 0.024355143178769825 0.024362222248916085 0.025212476613118595 0.027044745323365666 0.030096554659945953 0.03494295063120096 0.043409044555437884 0.056213863448453555 0.07240630224760909 0.08760015187228441 0.09612437377760337 0.09951857889595396 0.10163839114421284 0.10474449515673734 0.10993614489583564 0.11420290944132966 0.11596629099412499 0.11582449023102204 0.11406787775597611 0.1083677254030581 0.09683981371953448 0.07936790038499622
0.08512905906465842 0.10884437470717208 0.13367917453561734 0.1584202610910567 0.18236920502620207 0.20525521258067678 0.22703117517945828 0.24766782357295222 0.2638459871876122 0.1828125741193095 0.12277056783217988 0.0855039140488815 0.06188361743750577 0.04664127297218278 0.036708247107847196 0.03027312046465718 0.026269359740248195 0.02409971220062769 0.023494165591783776 0.024014250671631612 0.025540839579802386 0.028296398600742213 0.03259453610062128 0.03937496090163197 0.051209026519771904 0.07036718218340852 0.09806696431750626 0.12164149882841696 0.12503628510967985 0.12196792049990138 0.12008647280410026 0.12114226400917935 0.12324080603709495 0.12243357187101214 0.11944610988122197 0.11514470574947536 0.11003697510336742 0.10224452265306386 0.09227861112753016 0.07870315457479189
0.10457289507440097 0.1308994061503261 0.15553352690869862 0.17716961099866887 0.19565948325136984 0.21122324968232864 0.22359020830656162 0.23034912467753982 0.21721558901297405 0.1649458623081044 0.11533013966626149 0.08158415514736189 0.059545428709268454 0.0451429710680776 0.035704766313161475 0.02958071625688068 0.025779492640328264 0.02374144368349401 0.023219144797868806 0.023952009211649618 0.02565683733784056 0.028639083487710906 0.03344659398869203 0.041233681063147225 0.054698914337878476 0.07797139374609906 0.1189824891112475 0.15783874177586052 0.14229480912541032 0.13258601943951884 0.12788142165178357 0.12687623866805472 0.12369811804840725 0.11787505452602898 0.11040467982857914 0.10224352688758866 0.09399177162297565 0.08423461822465975 0.07376008955457555 0.06339978607412812
0.1276638107257564 0.15513311306490973 0.1758231465626303 0.18965196800848336 0.19799539495273075 0.20183029573409406 0.20196819110966557 0.19461933541668833 0.17239427273242522 0.13678693687719817 0.10206769567835143 0.07531200987678922 0.05649709493162453 0.04365483716318421 0.035000311306507194 0.02927437459924698 0.025667978406642658 0.023708451563493427 0.023186469518183307 0.023964482288132197 0.02567931655308014 0.028583808929401378 0.03308178901057611 0.03988481990457429 0.05179576759451932 0.07195066039927892 0.10228856348767858 0.12789529292801374 0.12874392907177498 0.12395735065297928 0.12113371451844539 0.11807008093639888 0.11134126913517203 0.10222716745051687 0.09191935089367985 0.08140218484029463 0.07129354637267481 0.06060871519639661 0.049841030165757826 0.0396313432511554
0.15525778405760537 0.18085665125709913 0.19179412728848427 0.19317865799769401 0.1900957658662367 0.18529674543878477 0.17733321931325063 0.16342421091349907 0.14133816736995394 0.11424599076096387 0.08902450070341772 0.06849147566178815 0.0531093605493837 0.04207431439783718 0.0343577228846054 0.02910858117328487 0.025728526431928998 0.023850261285776886 0.023310449543100752 0.024042014295098526 0.025640083874470632 0.02816096315540766 0.03169289961456596 0.03672940079399803 0.04514702658397388 0.05821390224349051 0.07571325250544964 0.09192452234631952 0.09978530911730941 0.10200201116607518 0.10256742534379337 0.09864048719868022 0.09077012502210165 0.08065742666939797 0.06967620117355768 0.058830472976273224 0.04873571948323163 0.038877515672673814 0.029493456728840642 0.021078202437692973
0.18874399613326198 0.20487103172846136 0.19808140052499043 0.18697526460514907 0.1766091470642053 0.16626773440575862 0.1542401414352072 0.13878254635512408 0.11921362267965012 0.09771233689445395 0.07847857134221556 0.06253531202569229 0.05007861203851589 0.04074320420390308 0.033961464299068794 0.029198951483782095 0.02604600431028048 0.024238327726660173 0.023659531654076013 0.024275094584777994 0.02550645095384506 0.027263277618630982 0.02963800685358004 0.03278523713530832 0.037884163058266127 0.04540006363109951 0.05497504065557749 0.0650811473724008 0.07270590952832945 0.07743890984384628 0.07917607515576235 0.07553186758739003 0.06816719477070414 0.05882529386977948 0.048897459741362226 0.03934947158951748 0.030746143371476 0.022982820192674017 0.01609319109545074 0.010454350036820166
0.23029422814142023 0.2105016907780063 0.18811357188086406 0.17149798918906328 0.1582214974377637 0.14619985707345357 0.13368380016437564 0.11943435995311051 0.1031080899401726 0.08585891486422628 0.07069079004603335 0.05804573538245531 0.04788392282981593 0.039987645083067715 0.03403892763658076 0.029717928289749538 0.026763464753040683 0.02500121244137275 0.024300169685657166 0.024536258728164416 0.025175030264749758 0.02611008171919965 0.02735751942027793 0.028895169704518983 0.03145604675837229 0.035415549045456726 0.04059904781980878 0.046264554266621544 0.05157357148153504 0.056137002749438114 0.057426730899226355 0.05429843455924305 0.04814276964974882 0.040445162831461906 0.03242920959468581 0.024932051706170615 0.01841924164969858 0.01296456454935365 0.008470718088459492 0.00509923675186303
0.16846979886205998 0.17221478057217887 0.15993610792850413 0.14745275895722318 0.13650599920684484 0.12628860777387732 0.11576300965965801 0.10416872674998127 0.0912874097120666 0.07762806782614501 0.06543510917565505 0.05522512562881343 0.04683536080174272 0.04010422286303308 0.034850014514927224 0.030891191938854114 0.028014843511246362 0.026081788235929847 0.025031362508784374 0.024793614024086395 0.02479781286216779 0.02492851810134813 0.02518263275459872 0.02551398188262759 0.02628414403339046 0.028028537686119948 0.030643039430012033 0.03354848911805341 0.03649319097825559 0.0395405970870512 0.04010789161671176 0.037487388995071855 0.032661765974954515 0.02676949433566175 0.020774750892102702 0.015330033107936554 0.010776277369334997 0.007195541602616651 0.00445033070330004 0.002528591784752839
0.11250566393155774 0.1231943013225625 0.12361898412878722 0.11960555047634813 0.11406660898876715 0.10773081748077806 0.10051923820795156 0.09220509305595027 0.08273853145018988 0.07236955339594915 0.06250749072766848 0.054181379746041695 0.04716168188719999 0.041298931308624984 0.03647615953460797 0.03259528731040746 0.029577053077177867 0.027364712083907193 0.025929017538087233 0.02517621345058505 0.024519515514613066 0.023889897627446727 0.02330214539219558 0.022740797627033016 0.022326154900416388 0.022666903096014338 0.023659181919967565 0.02485211917498877 0.026215317712232167 0.027605841256787042 0.027493847657241662 0.025350987917368624 0.021713107894648746 0.01740470743165193 0.013130691231049232 0.009358554431401487 0.006312836145048653 0.0040303772644206814 0.0023957262884830998 0.0013066482659481221
0.07616302793327931 0.08598752237615394 0.09112538590505445 0.09273056236588927 0.09214727583758284 0.09007439311509152 0.08670455082220978 0.08201766898974551 0.07600788504504868 0.06881742295387192 0.06109405721848853 0.05429362656690834 0.04835876966007883 0.04316539819561084 0.038650855663122125 0.03478951513555871 0.03157772503808771 0.029024307402666986 0.027146426012921783 0.02581219282363775 0.024459663835547218 0.023105090630062865 0.021797876401242762 0.02055838782861171 0.019404289765807235 0.01881715659194254 0.018711673429612143 0.01883531644223754 0.019191408923936226 0.01952454548070719 0.01880527913210042 0.017074630803643177 0.014394684517740147 0.011321432913454567 0.008347118734278727 0.005788668884991673 0.003783343057268484 0.002331971151917166 0.001349205183961517 0.0007181251656027123
0.05239169323316267 0.06025276907807222 0.06628556882404713 0.07041251249496576 0.07293224087401437 0.07410482220554078 0.07401989090007079 0.0726411449960977 0.0699047562371665 0.0658119558517102 0.06051110625270369 0.055223129477777674 0.0503878002270845 0.04587947977534289 0.04166231138023645 0.03776940981857917 0.0342775530668162 0.031279706274855074 0.02886328076743731 0.02682633726000482 0.024712833832976615 0.0226385509568201 0.020689006891454736 0.018908895485192565 0.017316331330022118 0.01604146316890142 0.015177862844688143 0.014628201192392639 0.014361674746819928 0.01409182845588292 0.013109113310890631 0.011614459388026518 0.009660432717458759 0.007485561546627254 0.005426016820113997 0.0036910150682126623 0.002361388010142646 0.0014227580051646 0.0008079824184472315 0.00042681880208073834
