_RESULTS/CROSS_VALIDATION_POSTPROCESSED/Berg/IZ/7comp/2/Berg_IZ_z_63_kriged_reverse_7comp_spherical_2.asc
ncols 100
nrows 90
xllcorner  5.6208707817415728
yllcorner 50.959635321741573
cellsize 0.00013419651685393446
nodata_value 1.7014100000000001E+038
[rows 54 to 71 of 90, columns 42 to 83 of 100]
0.04609799378069065 0.04460598941020667 0.04253426175761247 0.04015640073894805 0.037737639999447896 0.03546362020615954 0.03334200635116203 0.031268384044040816 0.0289100364345059 0.026365142409743136 0.023758485278694914 0.02114935581604388 0.018614304350908488 0.016197989377608277 0.013919862073087643 0.011782695767656684 0.009784830407212003 0.007929376891502134 0.00684396657598262 0.007598668582953653 0.008109024037429887 0.008368058990420512 0.008451464950890908 0.008492638824340927 0.008670582433819444 0.00918815839171119 0.0101883717285557 0.011704247330757613 0.013659740049126358 0.016085579161928112 0.01903629022201339 0.02250874546457375 0.026477237338155282 0.030876286159076338 0.03558642855472384 0.04042495015670007 0.045154776483680895 0.04983214780718885 0.05448168586117959 0.058648451786569036 0.062091759415706764 0.06459066957110131
0.04781510255171915 0.04676143014512471 0.04514878206538546 0.04315238504274071 0.040958552347592395 0.03872631960634089 0.036609928731830166 0.034477896757100744 0.0319910660786991 0.029280648205915544 0.026561534816508307 0.023858249194120242 0.021194018014473338 0.018630656202744057 0.016205117733874896 0.013940252073089026 0.01187209074532269 0.010125988942744668 0.009245361826121684 0.009373274690618261 0.00952801964931896 0.009402246144640409 0.009064633108032282 0.008671037745660146 0.008444312838912475 0.008722277901320283 0.009707678489945722 0.01124081798527129 0.01319298536320203 0.015609036786514043 0.01848457909735186 0.021812483494046887 0.025563048605021923 0.029668680931778685 0.03401245154726117 0.03843119020476458 0.04285171709537337 0.04723040986086081 0.05174147171632859 0.0558331731721833 0.059279310279525634 0.06186977311435977
0.049461069846789676 0.04891791404718757 0.047816095855024915 0.04628241150649488 0.04443689853902626 0.04247588559145109 0.04048627051963155 0.038321387399276104 0.0357301642551855 0.03288182706676709 0.03001301834318992 0.027213835143641875 0.024510665829848746 0.021907946422510472 0.019472272021217978 0.0172739168672729 0.015399949563433305 0.013994255569580517 0.013200164137223917 0.012756246674149653 0.012139436908692758 0.011261519617307798 0.010260784639749406 0.009258382935213963 0.00839755910943046 0.00826405735646481 0.009429316016826287 0.011128477721696747 0.013188719120368083 0.015604442992599393 0.018408612208932158 0.02159744513848206 0.02513850164363523 0.028961908598209435 0.03297201352269409 0.03713073309692432 0.041278168870201165 0.045386448535142364 0.04974120296268992 0.05373728726597891 0.05714783572740537 0.05977345816975125
0.050917488093958053 0.05093772676627253 0.05039478635977665 0.04938469921299644 0.04800148995810634 0.04638201032228459 0.04469124638879142 0.04273460034188537 0.0401709972822587 0.03724184077279563 0.03426550853362781 0.03135984502449766 0.02860220016594383 0.026054555752173775 0.02374586118266305 0.021775062157792863 0.020273237775256588 0.019376133776033352 0.018998085970316863 0.01813972262212859 0.016165116640700507 0.014082200102514292 0.01221200748232496 0.010543278201256893 0.009061012050558141 0.008402810723651472 0.009846235680716131 0.011641581490628328 0.013737658941037793 0.016142126008647246 0.018854048036191364 0.021882625495249143 0.025201244717048994 0.028782443847531595 0.03259181333479804 0.03652817101570459 0.04037431493069437 0.044254062611057306 0.04844918522067874 0.05233376359634752 0.05567765625221068 0.05829168896502411
0.0520431703322424 0.052659579464223324 0.05271376890563949 0.052279948078122904 0.05143814437645763 0.050275085659856326 0.04894313836600623 0.0473127614410736 0.044970947166037875 0.042197448483809095 0.039280068906152384 0.03636914871877683 0.03359163724695159 0.031063201127342087 0.028899023036876297 0.027211137155278915 0.026115857232251218 0.025796943297288398 0.026421797115252874 0.025945795942180414 0.021208476188218736 0.017654217983298286 0.014897341407186583 0.012729748324842466 0.01117343187323921 0.010646604357271352 0.01142184947734954 0.012943613871922144 0.014898037858029997 0.01719649136929696 0.019799543034367248 0.022686043173457175 0.025846679530690968 0.02926556986938375 0.032888204211347485 0.036559089995746204 0.040098983545722444 0.04380008993260029 0.04784227265423781 0.0516020216799732 0.054852950736014906 0.057415372394351696
0.05296458430137709 0.053917781756292346 0.054579568211609676 0.054758570062377686 0.05450831464150007 0.053903824405555696 0.05302662303143528 0.05181423460127747 0.04980994472595848 0.047322874410879436 0.044606588976516315 0.041831319800803395 0.03915436176292438 0.03671932770473461 0.03464980795721504 0.03306478717119239 0.032072808180955786 0.03171599705061395 0.03166184578385023 0.029880641028664456 0.02549929913090441 0.021360890707473556 0.01807199830816322 0.015592919102069825 0.013969635702545726 0.01336490458782388 0.0137653421863642 0.0149322931541516 0.016634747400423384 0.01875523939806621 0.021233196159819397 0.024028520872940076 0.027101490370632562 0.030401699796038538 0.033815591911526215 0.03719779364520452 0.04045105373482342 0.04401018755868152 0.04790835306765842 0.05153047773998582 0.05466444410403129 0.057139223172375034
0.053871672911097825 0.054964321993624735 0.05587329720825058 0.056594304744532094 0.056961716497996806 0.05695358719812421 0.05663995961554376 0.055954240798921924 0.05441621208740876 0.05233634743792589 0.049928911878300154 0.04738511216905147 0.04487443175283515 0.042539880262355466 0.040500314775181685 0.0388400361213199 0.03757294844407681 0.03654078769777606 0.03519802591921773 0.03262867176656636 0.028794199964207186 0.02480186896005373 0.021380972239946713 0.018811567458143483 0.01715944016612545 0.01643665206889131 0.01658768544429673 0.017474636910359047 0.01894526923653633 0.02088537861731614 0.02321865214012856 0.025888350643924606 0.028841002965414676 0.03197707502716267 0.035172650501741946 0.038300976033131304 0.04136046152444067 0.04483460222671068 0.04860786103112531 0.052083269514076616 0.05507219167038914 0.05740904876202215
0.054778159211870736 0.05591932846070577 0.05697586041452363 0.05787008794874286 0.058594212333660994 0.05913841762075287 0.059403156985061656 0.059345012088265515 0.0584623771534906 0.05690168615296382 0.0549173346032392 0.05269245809594347 0.05039228255607737 0.048155489210410754 0.046083022874014196 0.04421813674579788 0.042508032025444106 0.04074497731913838 0.0385440866411951 0.03554934609680855 0.0318746636798726 0.028149258639143672 0.024906197427913793 0.02240393446705958 0.02073531462398355 0.01990990211458766 0.019878035807314204 0.020545333420444335 0.021803031252025613 0.02355422682929667 0.02572058441435754 0.028233862445703684 0.030991295236777374 0.0338879866645701 0.03681183110040152 0.039632505710346065 0.04257097212444846 0.04598273569842431 0.04961460238464055 0.05291145488510693 0.05570474886579936 0.0578337547902845
0.055667666324147484 0.056706978416119866 0.05789772474739121 0.058941897684377076 0.05983149865932167 0.0605620625032441 0.06113336578437513 0.06157121405391883 0.06151654069676749 0.060667576262117995 0.059206097063966415 0.05737019410906623 0.055325911865552524 0.05320061702463461 0.05107800636731303 0.048979161867244214 0.046840497144181203 0.044504872022052736 0.04180340647197512 0.03865296734799969 0.035196716578602405 0.03177987857427141 0.02875443109324691 0.026353010511969827 0.024686078386280286 0.02377894004184594 0.023600455481386597 0.024083997077195555 0.025147499206849368 0.026709005197922554 0.028682975322357005 0.03096400089261946 0.03345834451466756 0.036062409266032006 0.03865838776851521 0.04117723468326158 0.04404108847274504 0.047389598453466235 0.05082246145454439 0.05389085125393778 0.056435737066153395 0.05830278356909178
0.05650826388312635 0.057344114819901204 0.058559766914198605 0.05973219274214926 0.06076154282880098 0.0616449465949381 0.06238213245897868 0.06308702244975613 0.0636297709520091 0.06341610572710374 0.06254243696304 0.061151313195921216 0.059396344711498746 0.05742729092646907 0.055320654417084295 0.05310393412179784 0.05074973019498183 0.04818551316879571 0.04533831553876594 0.04221121511151802 0.03893911584583124 0.035761107484810296 0.03292915694271096 0.030633851836231598 0.02898331909776287 0.028015089349586 0.02771573456081298 0.028039015728336586 0.028917428351791948 0.030257460044362 0.03197142618293299 0.03396853234492249 0.03615018877150501 0.03840723954838832 0.04061854067424394 0.04295105354273393 0.04574326880228701 0.04900022904559588 0.052181329032941946 0.05497077211156369 0.05721512058007522 0.05876809030390637
0.05727426997392109 0.05795442657392525 0.05890109326930664 0.06018282478814956 0.061331489119660514 0.06234007748375624 0.0632423290922362 0.0642102113466533 0.06522753043358663 0.06563394005570217 0.06533294414795678 0.06444146213967297 0.06308056144408979 0.06135969925144799 0.05936304062873923 0.05715066645089241 0.05473265878946876 0.052090199608944114 0.049218299953630286 0.04616620900938735 0.04305881586401119 0.04007764247367008 0.037412651191390464 0.03521799946821199 0.033591905380934796 0.032577673868735654 0.03216638149867237 0.03231553225320739 0.03296540526236512 0.034042175916070776 0.035462101903564566 0.03713269655316889 0.0389521735507731 0.040808662115191 0.04266840829526852 0.04491990703121501 0.047647532101689025 0.050748884846444825 0.053629663164758874 0.05608987808119998 0.057983236972918135 0.05917324491958853
0.05796907236102032 0.05851320437109887 0.059092919484858966 0.060251261011417014 0.0614863903689001 0.06259062358724256 0.06370222453853903 0.06489138188686988 0.06618598161840876 0.06722248913320981 0.06751971177028837 0.0671645619287655 0.06625665414553593 0.06489131363039104 0.06314842239275081 0.06108623609336539 0.05874312913711224 0.05614954721251773 0.05334868568055777 0.0504174537849022 0.04747450632301486 0.04466752075298359 0.042145868382666665 0.040033730172024364 0.03841460280841132 0.03732836073126379 0.036776268643620255 0.0367290000436448 0.03713448624333282 0.03792401326619281 0.039016074860515726 0.04031829371180909 0.04172825445793938 0.04314735572592005 0.04486421225402552 0.04704848448171667 0.04972224652998804 0.052562949666909754 0.055094754474548154 0.05717691315392573 0.05867196195984883 0.05945496239796944
0.058569305362270424 0.058976099547030196 0.05929664398450486 0.05997553359649174 0.06117250120983274 0.062427363253328615 0.06372791217348482 0.06509608550116834 0.06655359807322922 0.0680537090808078 0.06896391497901837 0.0691767641675562 0.06877047325441331 0.06782681088740786 0.06642208798492355 0.06462256337437577 0.062485917895306 0.06006914439878101 0.05744047858687113 0.05468973211839301 0.05193035649303618 0.0492901959422076 0.04689441907509706 0.04484817707237954 0.0432251425609725 0.04206365146246023 0.04136867699114813 0.0411167859433742 0.0412617357513683 0.041739327426301424 0.04247099554230905 0.04336626922306239 0.04432465574226474 0.04551200065160684 0.04716764003241126 0.04930111136724227 0.05187813795701132 0.05435803423028347 0.056493656400995615 0.058152117389574494 0.059206537294581 0.05954685105949839
0.05905312963496469 0.05931694729323145 0.0594909404878667 0.059687796606599404 0.06048745485140236 0.0618488342691094 0.06330083601490977 0.06480731113880138 0.06638399921742576 0.06804381822203785 0.06954370945328621 0.07034375192360484 0.07047882889263908 0.0700163279577138 0.06902700252693918 0.06758086625339536 0.06574732308928229 0.0635992089078356 0.06121870826448473 0.058701643420643684 0.0561566815400279 0.05369822328325059 0.05143498937221218 0.049458328144369 0.04783378863141413 0.04659739694338905 0.04575605264883956 0.04529048966304161 0.04515924834126616 0.04530259415007974 0.045645903719865454 0.04610253107388258 0.046778365749781045 0.04792339850167671 0.04954072113262498 0.051642411934028236 0.05396585929843188 0.05603928141479233 0.0577350063548505 0.05892948974645137 0.05950818289253057 0.05954685105949839
0.05949521148096458 0.05951079070484911 0.05954685105949839 0.05954732047447899 0.05990922386276701 0.060907034670728256 0.06241703574682794 0.06402391886825155 0.065680612095134 0.06739386273894113 0.06916308242405732 0.07055005657941536 0.0712487952702011 0.07131073556036753 0.07079791182489309 0.06977891045704879 0.0683275541757703 0.06652391538476114 0.0644562250598227 0.062221584583360606 0.05992365556266875 0.05766681434726498 0.05554796015509637 0.0536482203908102 0.052026642358331675 0.05071691821121925 0.04972703331849419 0.049041020015752904 0.04862184423674548 0.04841466929199366 0.048350100246109876 0.04854713230780617 0.04921250646893589 0.050343941423247086 0.05194721171837943 0.05396153118302571 0.0558781316327934 0.05750381866660222 0.05872191690545805 0.059420018915473945 0.05954685105949839 0.05954685105949839
0.05988749622530028 0.059595140144531544 0.05954685105949839 0.05954685105949839 0.05958910825580193 0.06011474199507836 0.061195343856235075 0.06275875324770464 0.06446118256976945 0.06619489601217692 0.06795623340161615 0.06971090579239117 0.07097142878495669 0.07157750771190202 0.07157913442238903 0.07103841527703335 0.07002714362327601 0.06862567895312931 0.06692225065086121 0.06501149124790107 0.06299124012643621 0.06095742014637919 0.058997709586230906 0.05718530881279809 0.05557406088543414 0.05419565166228053 0.05305895129082326 0.05215108231894527 0.05143962663074076 0.05088170908535557 0.050666161533837004 0.05090340243418253 0.051592907562226155 0.05273900316996494 0.05434551866665994 0.05603206150903289 0.05750093868926288 0.05864451698585401 0.05935602787263141 0.05954685105949839 0.05954685105949839 0.05954685105949839
0.060224691480051 0.05974205159533041 0.05954933657059017 0.05954685105949839 0.05954685105949839 0.059646206426748984 0.060232257956230516 0.061290381666936705 0.06276168745660061 0.06448235698537423 0.06621041769658627 0.06792605711862111 0.06957670909127658 0.0707181615196623 0.07124414050483226 0.07120598274156713 0.07066811797043687 0.06970561393829186 0.0684018691496837 0.06684582885379604 0.06512825414012778 0.06333700535160763 0.06155180404245209 0.059839257891926324 0.05824892776160759 0.056810932753005756 0.05553520368014617 0.0544121842841812 0.053484142684616515 0.052950656756435704 0.05283548009125078 0.0531457130125456 0.05388912768046792 0.055076811033028535 0.056480205941098795 0.057726880264860995 0.058718119765379134 0.0593550860524957 0.05954685105949839 0.05954685105949839 0.05954685105949839 0.05954685105949839
0.06061496098310378 0.05996066112483886 0.05960637784148508 0.05954685105949839 0.05954685105949839 0.05954685105949839 0.05966878471099958 0.06022519502360432 0.061172346010714584 0.0624458077014927 0.06397849594234303 0.06561752110443592 0.06720032965635077 0.06868478590739538 0.06971449227361252 0.07017375007239804 0.0701155572260584 0.06960536576550458 0.06871789335526028 0.06753360877970054 0.06613471469961249 0.06460068509132401 0.06300368573976006 0.06140437994446836 0.05984862060849226 0.05836537094538955 0.05700213558443334 0.055928470712769206 0.05519460279195743 0.05482523268312523 0.05483860666740695 0.05524987483346131 0.056074007912423014 0.05715919913263336 0.05814027509928662 0.0589229373170436 0.059417715552485664 0.05954685105949839 0.05954685105949839 0.05954685105949839 0.05954685105949839 0.05954685105949839
