_RESULTS/CROSS_VALIDATION_POSTPROCESSED/Berg/IZ/7comp/2/Berg_IZ_z_1000_kriged_reverse_7comp_spherical_2.asc
ncols 100
nrows 90
xllcorner  5.6208707817415728
yllcorner 50.959635321741573
cellsize 0.00013419651685393446
nodata_value 1.7014100000000001E+038
[rows 19 to 37 of 90, columns 41 to 81 of 100]
0.1866897788821641 0.18127617555505246 0.1700500627080373 0.15456705946785823 0.136736637114537 0.11838611745815038 0.10095188785753119 0.08535754527295265 0.0720491185866004 0.06111546426105025 0.05242714893257165 0.04575436958817261 0.04085104106169898 0.03750867486925656 0.035377814999703674 0.0337977052678234 0.032722548068696164 0.03225189795748363 0.03224560519435975 0.03224560519435975 0.03224560519435975 0.03224560519435975 0.03224560519435975 0.03224560519435975 0.03224560519435975 0.03224560519435975 0.03224560519435975 0.03224560519435975 0.03224560519435975 0.03224560519435975 0.03224560519435975 0.03224560519435975 0.03224560519435975 0.03224560519435975 0.03223661007188074 0.03210619455282116 0.031834205065945795 0.03143974175210187 0.030943448559120443 0.0303670546002286 0.029732977161471073
0.19943073566469574 0.1921357770419602 0.17875315303832012 0.16114072748360025 0.1414172993230893 0.12150838286427053 0.10286064160140067 0.08635711151904725 0.07238355811726807 0.06096765849760431 0.051926231728912 0.044985159364682496 0.03986233775652301 0.03631905272500289 0.03419106572336006 0.032975574156843775 0.03232152723293404 0.03224560519435975 0.03224560519435975 0.03224560519435975 0.03224560519435975 0.03224560519435975 0.03224560519435975 0.03224560519435975 0.03224560519435975 0.03224560519435975 0.03224560519435975 0.03224560519435975 0.03224560519435975 0.03224560519435975 0.03224560519435975 0.03224560519435975 0.03224560519435975 0.03224560519435975 0.03218308920245621 0.03196125586198068 0.03159622284408976 0.031107883833068277 0.030517592596684174 0.02984771653617742 0.029121267700355495
0.21916511280296877 0.20931441882928037 0.1928189535475166 0.1720206349711783 0.14940273942263305 0.12708552650689933 0.10656194003337757 0.08866664526705847 0.07369483251080251 0.061577003175209505 0.05204416869296102 0.04475346779801123 0.039370224013909196 0.03561640794400639 0.03334746592534411 0.03248919363546597 0.032348413255255414 0.03231804668823093 0.032266047041618916 0.03224560519435975 0.03224560519435975 0.03224560519435975 0.03224560519435975 0.03224560519435975 0.03224560519435975 0.03224560519435975 0.03224560519435975 0.03224560519435975 0.03224560519435975 0.03224560519435975 0.03224560519435975 0.03224560519435975 0.03224560519435975 0.03223703559430704 0.032093944732388496 0.031787441525227694 0.03133616234734572 0.03076061541170365 0.030082668172685182 0.029325108997144973 0.028511302715999342
0.24747420996797959 0.23399759087899138 0.2130142071937595 0.1876230468798492 0.16086547145868418 0.13514665704082474 0.11201420169885212 0.09221735756536151 0.07590866823607408 0.06287230026442331 0.05296732744331508 0.045885437484807924 0.04088297731207545 0.03755410760838421 0.03567507282341831 0.03513720322144283 0.03521080750205363 0.035018230990978796 0.03457624047122117 0.03396060999920607 0.03328185322189139 0.03267567014951214 0.032296636567642874 0.03224560519435975 0.03224560519435975 0.03224560519435975 0.03224560519435975 0.03224560519435975 0.03224560519435975 0.03224560519435975 0.03224560519435975 0.03224560519435975 0.03224560519435975 0.03220082987833329 0.031983165158434496 0.0316000029923371 0.031070530896729544 0.030415697238703267 0.029657689510205146 0.028819495784215648 0.027924574424506767
0.28672936086135997 0.26792572914535157 0.24042300178630055 0.20850281861652886 0.17601091415903708 0.14570572091038547 0.11914732339175577 0.09691548611397986 0.07992972964793536 0.06769892121231054 0.058814336125431604 0.052425785304551595 0.04796262799010128 0.04506327164500667 0.04352961450368668 0.04287709445403582 0.04280954252014055 0.0423702382818052 0.04134572076332408 0.03986208454631667 0.03800754298424324 0.03603476190577275 0.03422852904915439 0.03282286244893626 0.03201400936795848 0.03193436717749985 0.03206870203453793 0.03219688887699024 0.03224560519435975 0.03224560519435975 0.03224560519435975 0.03224560519435975 0.032245602249026076 0.03214705929956162 0.031863794413191024 0.0314131587392618 0.03081952271116213 0.03011993315315777 0.029322370157164875 0.028436646318455282 0.027478497255836228
0.3403642131107997 0.3134490102377015 0.27637138626544955 0.23522974970150695 0.19496321415962628 0.1586789785984957 0.12881628560166178 0.10742046515568265 0.09208699427695956 0.0810168588093242 0.07302939131428904 0.06735153027704727 0.06349010365652687 0.06110039819224617 0.05946490862296108 0.05835266411375267 0.05775879929971162 0.05645163096455923 0.053555102638489685 0.049646575017619037 0.04531196406585981 0.04104865826742293 0.03722290237835446 0.03407415418662527 0.03174895478712378 0.030347841936707202 0.029976315754821077 0.03049348989168066 0.03111863431387557 0.031705027907596904 0.03212607169572147 0.03224560519435975 0.03223855778354529 0.0320914626856751 0.0318174181813723 0.03142355786140148 0.030899556449120534 0.03024105605427055 0.029450483794214617 0.028537475191369007 0.027518817277075766
0.4161901205105973 0.3757073797414185 0.3237945708428362 0.2693685919389137 0.21861928987952745 0.1786645172393793 0.1507564897486551 0.1311243370543699 0.11728504058305614 0.10759116479335591 0.1009427066807835 0.09660846450391483 0.09380339144190135 0.09156871415606962 0.0896059483943935 0.08679121621372342 0.08289276716757556 0.07805720606545848 0.0711669116110442 0.06315567894608029 0.05501936910415962 0.047487915343072375 0.04099677623377508 0.03573854870359497 0.03174812305134743 0.028987548498912247 0.027416184048064958 0.02704742317728462 0.027906308860096724 0.029119031127681008 0.030325710670015556 0.03137540263984092 0.032148824429455866 0.03232659279038219 0.03220004334915194 0.03192542489601219 0.031487953795585236 0.03087966287683195 0.030100661281591046 0.029159876913944085 0.0280751160243023
0.5252775769984649 0.4622505656457224 0.3872974168106881 0.31377345999388145 0.2571577527915 0.21850776975971112 0.1922897648050323 0.1748101942716077 0.1636057744023131 0.15662087671164157 0.15213999457121463 0.1490856100995044 0.14694227515869315 0.1444900661905616 0.1388719279243729 0.13064898175086995 0.1208123083140106 0.11006189959103518 0.0966752544212747 0.08189241494124076 0.06786759886899993 0.055620445383906585 0.04556924911617352 0.03772496307905105 0.031881004928960024 0.027762113135996226 0.025120280297588473 0.023790797133923115 0.023729964408252445 0.02501002350708745 0.02685140301384973 0.028865646771515423 0.030826188092402226 0.03231881023399241 0.03302009807951959 0.03292135824084309 0.03259133552732311 0.032049450685026876 0.03129210851555457 0.030326695968271422 0.029171905516588457
0.6812014025476235 0.5794273734491364 0.4689785856880643 0.38194844845004056 0.32404956277054964 0.2865900324666614 0.26288729933939703 0.24608066667663556 0.23443374850431703 0.22692817686920794 0.22276031689066525 0.2211125585945797 0.21827114822761906 0.20984592190617302 0.1969232200521371 0.18092254914391787 0.16336133996845054 0.14559951606642438 0.12581952200349478 0.10458878539957213 0.08407901762114624 0.06573188824701759 0.050917311785782175 0.03990432668986328 0.03200351945190633 0.026537683898910848 0.022956169421604153 0.020872972709277942 0.020073035874020727 0.02058956248469474 0.02261234789170361 0.02533776319972456 0.028252339798807972 0.030965535695811768 0.03310375347391412 0.03426429937874742 0.03423494879739516 0.033784985103631336 0.0330669286575131 0.03208529311862391 0.030859314533781157
0.898718847876168 0.7296916794281401 0.5834021861053478 0.4879034947126605 0.42740643393820416 0.3832956814174497 0.3510622043202719 0.3288628067013426 0.3150320113170767 0.30814676697638316 0.30692381520493284 0.3046197486903903 0.2943470002999984 0.27725538429672436 0.2549581839483102 0.22938932344489085 0.20260222099110548 0.17646264038809575 0.14948075808546982 0.12178531505603583 0.09615212317673545 0.07411370748958093 0.0561414111296786 0.04203061416655846 0.03194883915316055 0.02519058175153913 0.020822293458120956 0.01818523272891186 0.016958328872473397 0.017015439251011757 0.018408274302420945 0.02132146167052086 0.024873801933050093 0.028557786687958484 0.03200142372354954 0.0347247303775421 0.03620607010215018 0.03614077055139689 0.03548998431993228 0.034507990971984225 0.03321378465592336
1.1556859118209628 0.8971604887725212 0.7272740836268822 0.6149966171829644 0.5318538648753636 0.4722362698072402 0.4314065271151784 0.40573784469749447 0.3925630455974586 0.3898891003597113 0.38943301815045017 0.3795112932644951 0.36083981201289805 0.33472911120073073 0.3023903729107534 0.26533807624750144 0.227276395950254 0.19138802105010733 0.15736682107065963 0.12472456350891274 0.09617377500235873 0.0728304233400574 0.05462394630091475 0.04084539277355372 0.03057877145835921 0.02320363077890002 0.018511895931213794 0.01571086592157219 0.01430649129500395 0.01407899343042977 0.015006924063052658 0.01733201903482316 0.021146907482980253 0.02548525650285835 0.02998882816770132 0.034165295910100715 0.0373777155944448 0.03896143914342381 0.03864929765168314 0.03769329763388512 0.03633963931204177
1.3527956966269152 1.043945370931075 0.8421609700494815 0.6985690432338586 0.5977008583130673 0.5287116908501487 0.48422433413460864 0.45935682028953856 0.4509794373542582 0.4521560676041327 0.44497924648053655 0.42856065406240895 0.4020898634442692 0.36458719442482773 0.3198917972972293 0.27226501673861 0.22577284099507589 0.1837114445027402 0.14605470870674436 0.11206794492874149 0.08396363313976822 0.06217282711039954 0.045996066599228044 0.0342864954277431 0.025888422539911037 0.019835313941546702 0.01552819211619016 0.013029628938008206 0.011825080288271287 0.01158843882885879 0.012240607940585223 0.014037964276138949 0.017456152870131723 0.022128926360369554 0.027391646811900722 0.03281056364696704 0.03770466371300199 0.0412275612043309 0.0425614870828997 0.04176761183927539 0.040371347757012184
1.3379629197050669 1.0577871927978786 0.8514102806973194 0.7047262175710014 0.6029814754385808 0.535233105920516 0.49408524900649176 0.4749235877600068 0.4737043937556967 0.46996258038677247 0.45793321260041925 0.43304288459353163 0.3964305506077184 0.35126040027368394 0.3010523476670196 0.24960950714984728 0.2007738228751671 0.1577566437940843 0.12070262099193674 0.08910098251464743 0.06443428182001419 0.04637400669428441 0.033686344550843406 0.024965019758275916 0.018999729179568395 0.014892370514010196 0.012095879077822797 0.010183450393430962 0.00926474934659415 0.009178187065167386 0.009851744308493757 0.011390774280724459 0.014191026299753542 0.01880340343529797 0.024523721977791547 0.03092370158453684 0.037360376954645266 0.04287544558244113 0.04636302211529543 0.04688704270621125 0.04547630840338015
1.1042346747649048 0.9154566401464415 0.7541673621412525 0.6323018564930446 0.5460523868739877 0.4893074771887479 0.45719276111755613 0.446817186791393 0.4452279236123415 0.43602090107409447 0.414675080023281 0.3836997379834802 0.34545653978970303 0.301777327097235 0.2546621850360324 0.20689080278362385 0.1618271654709479 0.12263809672439609 0.08974337026604717 0.06320944376325414 0.04374300150739673 0.030369213550113846 0.021541749923702044 0.01582629414097708 0.012138379380413913 0.009798511603140955 0.008341283679637311 0.0074162090025096765 0.0068650632677866325 0.006920746597068717 0.007609469446299753 0.009055300338085534 0.011568190877202502 0.0157303849740557 0.021645872310022494 0.028761245862729677 0.03655343780595177 0.04403970225035308 0.04987707455504866 0.05268956527192043 0.051857879232844996
0.8189642215102356 0.7053726160004232 0.5972962689465712 0.5100663069896016 0.4464663697618073 0.4049733088515647 0.3836460611106407 0.37913281236054336 0.37119816479845175 0.35295185924841727 0.3280934121693128 0.2992484240292237 0.26749693599508473 0.23292843216325562 0.19568179351684556 0.15706236833721413 0.11989148475395531 0.0874517259134894 0.06067433779438756 0.040328688785542424 0.026411340013562837 0.0175223461773518 0.012058779913343058 0.008757328108230307 0.006785755420552218 0.005673673600428082 0.005091190730767236 0.00484046757486281 0.0047962461413372645 0.004974787519017981 0.00564598548461228 0.006963048153287453 0.009244525727054672 0.013052214595571088 0.018947488567014927 0.02654278621812605 0.03549472007478778 0.044891636326515 0.05322761487445084 0.05868834054619228 0.0597407670109579
0.5720721571936342 0.5021209797689972 0.43335938332556173 0.3757271002954021 0.33281463196041744 0.30514023243297717 0.2925760410571434 0.2857593826879448 0.2698876670738959 0.24924118657879368 0.22731774106084937 0.20578195065389351 0.18458667079855126 0.1624745129047045 0.137956973314099 0.11077054010128597 0.08295801105935345 0.05800523767815485 0.037701222683878786 0.02329913675695353 0.01423480152618557 0.008921985945664427 0.005914018896530014 0.004234961009729187 0.003332507443119284 0.0029025482334088365 0.0027682658055298544 0.002840755420339814 0.00307066740471775 0.0034193869293865898 0.004040396833701625 0.005202447480180675 0.0072211705190167565 0.01068129136656516 0.016499388866331396 0.024436377421221987 0.0343738780656941 0.045615513980159776 0.056582702900748294 0.0650419684316265 0.06875730636080524
0.38414487368069966 0.33828004437015713 0.29411512619644486 0.25684314901136235 0.22885504534424322 0.2109555406188855 0.20230129873323777 0.18939148631090008 0.17196279992391594 0.15400530338846344 0.137917332698268 0.12452932035934075 0.1133172798329336 0.1025995652276886 0.08997651180810193 0.0736780483460758 0.05460519182462494 0.036323559316045924 0.021736365538686256 0.012241906861678342 0.00685518928682412 0.0040062751521285165 0.0025384687154365346 0.0017911355973061055 0.0014396950182324984 0.001318121227974675 0.0013520770579776972 0.0015161067716229937 0.0018076667558502052 0.002230099509914773 0.002806275380471873 0.0038008551542819896 0.005548467932559007 0.00863597238591255 0.01413616614945837 0.022533852868278692 0.033345104735704664 0.04638804211134358 0.06013771159840822 0.07197176805316419 0.07884805048217439
0.2510935034118316 0.21926095455480984 0.18991190282326625 0.16543562658662497 0.1470084504336076 0.13502622822341173 0.125258632055606 0.11152014741087363 0.09673023406887611 0.08349060691438238 0.07309622996944799 0.06584442761280523 0.061298846836822754 0.05824925120033641 0.05442522874054882 0.046974624421326626 0.03504896041559536 0.02192586665358138 0.011782605248572926 0.005894493645163359 0.002963183816054989 0.0015898061269982962 0.0009535142900342153 0.0006627449445933319 0.0005481143607100982 0.0005349628615607033 0.0006001857718198039 0.0007472089318985077 0.0009955251406303144 0.001373708492473592 0.0019088589935614686 0.0027384075202973005 0.004225396097355354 0.006941060510111917 0.011999797759426093 0.020627326350781582 0.03251916062071815 0.047358460741792424 0.06409337984419948 0.07975312199785387 0.0903449809035572
0.161429605140287 0.13854326758898014 0.11838657745398948 0.10187955357431268 0.08941186892105508 0.08008926768282555 0.07047907627565843 0.059160328930801 0.0485035471164048 0.03986212133859998 0.03370732731891791 0.03002354386334993 0.028664085669877958 0.029313745963874916 0.03076257737335387 0.0298910336444785 0.02320636583600787 0.013292738687406642 0.006156832289517841 0.0026584232782710217 0.0011798511599296793 0.0005742289637827847 0.00032273040394087247 0.00021988497952009687 0.00018738390793613004 0.00019731104457122698 0.00024659771538767513 0.00034755929300559597 0.0005247330594282407 0.0008168103273176782 0.001272464948989976 0.0019666618518628036 0.003218207289404199 0.005588425495175559 0.0102077256704173 0.018789233912109207 0.031759026900438636 0.04862202644836135 0.06861664625095146 0.08869320068723566 0.10367932067982216
