_RESULTS/CROSS_VALIDATION_POSTPROCESSED/Berg/IZ/7comp/2/Berg_IZ_z_90_kriged_reverse_7comp_spherical_2.asc
ncols 100
nrows 90
xllcorner  5.6208707817415728
yllcorner 50.959635321741573
cellsize 0.00013419651685393446
nodata_value 1.7014100000000001E+038
[rows 38 to 56 of 90, columns 43 to 85 of 100]
0.521517350343011 0.4949485630052034 0.4678767600225943 0.4407435886806178 0.41323444004737386 0.38549703871569097 0.3585680715105474 0.3332848125991496 0.3101298024771351 0.28930638014826654 0.27135155618721474 0.25659559226422385 0.24515178772331322 0.2369319412058659 0.23125604695860927 0.22562805474406492 0.22014637363210945 0.21580708883727115 0.21279346869001536 0.2113668958883967 0.21202767104203166 0.21690818451563362 0.2278475992657339 0.24511343914961808 0.26848735674072094 0.2976543294913541 0.33237905693868663 0.372664224174791 0.41898519960071534 0.47136598864647117 0.5309862564109402 0.5987179445042324 0.6744398596668939 0.7550268813585117 0.834528636885653 0.9083041927961176 0.9701276963958387 1.0110643090703868 1.0191390315001292 0.9872411497078549 0.9216126740621071 0.839876456269296 0.7555447636823514
0.44525025905745846 0.4262345309285508 0.406610934950342 0.38650986167290113 0.36536108794127625 0.34342469936238074 0.3215811526614963 0.3001143229705525 0.2797781724272063 0.2614305633184991 0.24573226439593346 0.23312232673696937 0.2237926914514001 0.21770409393469053 0.2130359570787654 0.20766441637662286 0.20236085782827704 0.1979815682764397 0.194773397635038 0.1929112078359499 0.19297570229547123 0.19771332174164763 0.20949274412182303 0.22864017275442514 0.2543525569811235 0.28611591915918066 0.3238173741836774 0.36744632799190685 0.41690873313337634 0.4728045375388888 0.5362689827115382 0.60900211865886 0.6913775144318066 0.7830548886572518 0.8788798580614101 0.973732503741158 1.0613460763349887 1.1309447639194707 1.1602783666231855 1.1272166762576052 1.0430665246009068 0.9407108284339876 0.8397989969462583
0.38015719377165 0.36832769263419635 0.3548082689282819 0.3403903823239131 0.324519628135043 0.30729405614423977 0.2888335801125184 0.2701067606629993 0.2521355011701243 0.2358307218449106 0.22198136884610833 0.21118877000163494 0.2037364836774173 0.1991512200068747 0.19506086466042954 0.19050353947821744 0.1858690709241692 0.18176713319186183 0.17862581415037385 0.17646085040184145 0.17562137507735134 0.1791036830735663 0.19171044732349457 0.21324515204447 0.24109940401550312 0.27484315185344543 0.31468740691230984 0.36089070320471694 0.4135585281980703 0.4725097803036158 0.5385679491985607 0.6145883793083645 0.7014879278464283 0.7996605680529543 0.908223030978321 1.0217728670731288 1.1359514293010604 1.2436288329947678 1.3150940349362277 1.274330773309418 1.155357515233894 1.0284416965871885 0.9120613183682253
0.3253578979086567 0.31946306454738954 0.3118895633271263 0.30232173770559756 0.2906217851911522 0.2764104743890637 0.2605730672974183 0.24412854601286146 0.2280488376278578 0.21326950346937054 0.20073204925838026 0.19133769129618747 0.18555674573638234 0.18175063180720968 0.17846236497994417 0.17506672121837188 0.17144712005684304 0.16796607904444633 0.1652891541435147 0.16338729982528147 0.16224056740211662 0.1630967603623486 0.1773732905741277 0.2012080124340458 0.2301627929963055 0.2648441252437449 0.30580725378534107 0.35346156283982694 0.4080656106788134 0.46958190705117253 0.5377769336643279 0.6150056917528698 0.7035568321835606 0.8041075291171408 0.9168678268071476 1.0408227931541152 1.1710472122427897 1.3059755507187194 1.44576706891952 1.3776557678617616 1.2237413293810258 1.084177829729343 0.9612648872622082
0.2802582926198129 0.27926791166649984 0.2766495915553406 0.27169449614065316 0.262750888524276 0.25094065135429094 0.23729763472618862 0.22273698064793013 0.20813837115971615 0.19439580001143614 0.18260199211529612 0.17414656240977971 0.16935509091553447 0.1665902970234562 0.1644105792590804 0.16207240590155092 0.15942380434966968 0.1567492908424354 0.154905835617207 0.15408774596096583 0.15458481550611541 0.15898651813922715 0.1722935393880347 0.1943333345730102 0.22258793961031212 0.2569234717566102 0.29778878093526717 0.34569293575278864 0.4009266237879976 0.4634022215711253 0.5327941410028123 0.6101589232608823 0.6973241056009147 0.7958369782922828 0.9055073370654307 1.0254276128751607 1.1520036000475264 1.2731676514654888 1.3579106437213062 1.3291770031424217 1.2180104027441754 1.0949983198716047 0.9800333181955558
0.24430203258047745 0.24748292482366643 0.2488340702430135 0.24695604831405232 0.24081103646748417 0.23100529575207526 0.21920339762900085 0.20625136844659495 0.1929929314458293 0.18014347487400456 0.16846402427946236 0.15932827088941023 0.15545042412782267 0.15437131304387114 0.15331378066257556 0.15179542465015358 0.14988618122152736 0.14795652566315529 0.14705676154223019 0.14769167357556584 0.15037750926746857 0.15730870496458257 0.170674661153973 0.19102361373241267 0.21790183184868675 0.2511893759826431 0.29116272642914415 0.33821691054830866 0.39266755415419147 0.45456715766001543 0.5233179325465378 0.5996268967914301 0.6835188357466148 0.776159735375192 0.8772973489816636 0.9843248215401483 1.0913421095668385 1.1851916940074128 1.239392965447832 1.2279020047787386 1.1590158185785355 1.0656028463646232 0.9687304320787866
0.21739890502562353 0.22392173843582427 0.22777784110914334 0.22804291961787398 0.2242799168705329 0.2165098535018314 0.2062867731648281 0.19494318688140613 0.18314066996671385 0.17140920593990727 0.15976200733928714 0.14783715554305454 0.14602514911249592 0.1461497224582504 0.1455325089865191 0.14432839177288478 0.1427678090302278 0.14128594542410755 0.14111128701861872 0.1430666203150609 0.1475855968320044 0.1559994373573955 0.16975369769731935 0.18938553092767402 0.21512950081051793 0.2471835445313836 0.2858410228640218 0.3314189850638808 0.38412255852638516 0.4438942346492683 0.510287226047083 0.5836407846313955 0.6633854442432303 0.7479343426522891 0.8375150542316459 0.9287158914715549 1.0146702508295253 1.0840468585259126 1.1232381548310535 1.1205859125071014 1.0771952399801399 1.0100582462335401 0.9336011756006404
0.20001952190754133 0.2081990736823664 0.21322178361789876 0.214878187824039 0.21292859318745727 0.20715798647568065 0.1985617242424712 0.18878538207735357 0.17856057525179475 0.1679705073534904 0.15727950317456882 0.148327305728891 0.1440033535995516 0.14236808816462126 0.14105304189652695 0.13957222927713103 0.13795282878033463 0.13650809023219693 0.1365464393183285 0.1395784073612673 0.14579841845409278 0.15532010752084413 0.16947319750917286 0.1887759790811027 0.2136656675756791 0.2445128283442028 0.28165220614249586 0.3253454639920725 0.37568358597788826 0.43245174693759364 0.4950214936260707 0.5638430556488683 0.6379632630589348 0.7144907130954549 0.791696822072224 0.8675039242793164 0.9356663438258157 0.987734287169427 1.015893003018581 1.0153603218410694 0.9872602193171008 0.9402111774991484 0.8821946016679192
0.19164188937052593 0.1995002442409419 0.20480773175044586 0.20723700327714834 0.20661844037695543 0.20266507066674133 0.19583313380295658 0.18744182749510316 0.1779932233771506 0.16800736005818767 0.1584401023066819 0.15051457595485468 0.14512732641857407 0.14174534630255547 0.139300214580352 0.13722559751552763 0.13535728305149497 0.13378830876135195 0.1332988321117125 0.1374039502728856 0.14537133344824024 0.15572955577871325 0.17011559379169106 0.18915500595033513 0.21331178336681808 0.24298898019518167 0.2785085932365732 0.3200623315599214 0.3676227158748234 0.4208192187778067 0.4788873288145443 0.5421266047827066 0.6095581548796103 0.6781305540283075 0.7441237021599383 0.8063223447213599 0.8602406970411696 0.899836516995822 0.9204820769111466 0.9198774135845242 0.8992599388419096 0.8646631208895658 0.8209200641725417
0.18981254118997445 0.19680640378443548 0.20198501095768734 0.204827374928498 0.2053122860355644 0.20294037114673177 0.19740274812059727 0.18923444892996155 0.1799900228701929 0.17045695123901433 0.1614291897926757 0.1536516509779501 0.14755138944811289 0.14298879076150506 0.13953028080724617 0.13684548617555722 0.13480515764870246 0.13356654726157938 0.13420104125414975 0.13871081321600837 0.14693105709191714 0.15762982802368974 0.17196038464050123 0.19065576291920924 0.21408680032692912 0.2425927535350135 0.27642523413796066 0.31568057576429326 0.3602085737411513 0.4094966045676619 0.46273824765626126 0.5201427755529126 0.5803594358225723 0.6408884576158503 0.6975778788319531 0.7481947222202122 0.7907650458528447 0.820973577794695 0.8360703744811845 0.8348851048172309 0.819412398670972 0.7931374822308644 0.7590196070206684
0.19267155602703498 0.19919212404427172 0.20428527300456506 0.2074961707464346 0.20843924973278685 0.2065046090434502 0.20130120951364983 0.19329378232260658 0.18410413384389554 0.17473120531702802 0.16577735424422088 0.15775931757200765 0.15098169710720122 0.14548291419440246 0.1411533303427795 0.1379071099722519 0.13576719105240972 0.13509265138374957 0.13691836199130886 0.141927726969861 0.15015251611816424 0.16108696340740536 0.17516470490685265 0.19342647416919326 0.2160983484128666 0.24340550442049413 0.2754940568719023 0.312348767882105 0.3536991373420712 0.3989121012118321 0.44727817561025524 0.4988659983010173 0.552105679404713 0.6046897505881224 0.6533618670387179 0.6945414029448388 0.7279783522426726 0.7508607952673062 0.7616371658086583 0.7599133158987584 0.7480763076617787 0.7278908832245664 0.7011918959098963
0.19950155589596816 0.20576089105348688 0.21046766134378667 0.21331818841893332 0.2139757856417372 0.21213625178711365 0.20718378403662355 0.19935066469370213 0.19006512791786234 0.1805838566882827 0.17139071403356965 0.16289274821188648 0.15536656710948704 0.14895953413979748 0.14376159417740753 0.1398948984906949 0.1375528442652626 0.13730339295643712 0.1399283847291916 0.14563289082362402 0.15435191982564775 0.16578480568896675 0.17981486054205276 0.197615571598672 0.21949787394556627 0.24556657502656154 0.27585461309824283 0.3102351857731705 0.3483296350021583 0.38941147240359314 0.43305037833829013 0.4790075836710157 0.5256941057764226 0.5709789062127024 0.6121883425487812 0.6458864215321364 0.6718713374268632 0.6888884122297841 0.6961855024384759 0.6943064390132588 0.6850811291128547 0.6693992084302622 0.6484453558838924
0.20813716400616783 0.21416885383026296 0.21861205975771064 0.2211989762134841 0.22159940622596946 0.21963786059482288 0.214882995425426 0.2072027551918652 0.19771611982594733 0.18793598238787426 0.17829634731161031 0.16914473427916377 0.16075157736372533 0.1533334158554146 0.14711723212191125 0.142411740184568 0.1396253354065287 0.13965644327250262 0.14302292166610253 0.14966041549843617 0.15928899831397947 0.1715422619592956 0.18606658955501942 0.20342301752571593 0.22448484226563367 0.24925753185064603 0.2776743956470914 0.3095114693777696 0.34430230632883774 0.3812877815861826 0.42042395391076703 0.4610464310901745 0.5016653639152722 0.5403507354438241 0.5747852673485221 0.6022758058018258 0.6220982893850757 0.6343461345554984 0.6389251336493915 0.6372568616616057 0.6299674319388048 0.6176600462236583 0.6011896914833821
0.2179660876818923 0.22406509905377103 0.22851159261151485 0.23097394262723892 0.23117539345625615 0.22896115751716095 0.22424582132816837 0.21667393315312672 0.2069699173460293 0.19678686905177847 0.18658364522168816 0.17666550522529698 0.16728949219302003 0.15869824423152074 0.15119620823495808 0.14525896133909613 0.14168401189884913 0.1418424416236359 0.14612899525631565 0.1541087562498194 0.16508797912060832 0.17849358280910196 0.19391249080523454 0.2111500861550301 0.23132090622128582 0.25469627998107713 0.2811352713734308 0.3103396577452825 0.341779570219686 0.37486006312342385 0.40966576082358075 0.44527658292950734 0.48030725813448955 0.5130349897217967 0.5414683732733019 0.5634850690583387 0.5781764518889138 0.5865204824680001 0.5894802313367697 0.587990651629436 0.582169529772468 0.5724521173071815 0.5594905537730501
0.2290129894923991 0.23541037640289436 0.24004401058326444 0.24251443181154322 0.24258906193372418 0.24013490605843657 0.23514414153703905 0.22765546160596592 0.21776013673656455 0.207163984963162 0.19637798001710602 0.18567015537271 0.1752670030012007 0.16538446311432844 0.156308848477139 0.1485772001798035 0.14359774688599855 0.14364181113708963 0.14938724325631045 0.15940802491693717 0.17221587879543582 0.18702477337003187 0.203424658682142 0.22113240080822918 0.24032862934092167 0.26212568532577263 0.2864190091241797 0.3128604010945839 0.340871618067632 0.370293290377635 0.4009519490301208 0.43185622126380563 0.46173494975514107 0.48906449068077623 0.5121423880908275 0.5292139916974231 0.5395857427032299 0.5450731425993613 0.5471475223519072 0.5457944880769202 0.5411103524083744 0.5334200846371847 0.5232263187049763
0.24126459671624423 0.24813117468149287 0.25309850824967967 0.25569566418370476 0.2557215759034413 0.25306219027999743 0.24773223659905383 0.24000314144087975 0.22999513134431693 0.21907613817387056 0.2078010375386774 0.19640887852033256 0.1850897210735046 0.1739970639307114 0.16329138901697926 0.15331429135642458 0.14571224331421173 0.14493054133859867 0.1536577490012447 0.1666600167803512 0.18155376952374688 0.19774205348924717 0.21498251276884447 0.23308924224706118 0.25185704959206406 0.2717892200078504 0.2936879954342029 0.31717472179111744 0.34178297270822855 0.36771728258333664 0.39438501972470075 0.4208486620648151 0.44595167294191973 0.46835419080448687 0.48660526818950794 0.49925378859136993 0.5059733477053818 0.5098922552608977 0.5112751338469737 0.5100314443372894 0.5062454714985158 0.5001676320621666 0.49218555556246724
0.25469216312202164 0.2621152474744876 0.2675296886962713 0.2703596942557144 0.2704171559145258 0.2676051700967824 0.2619708003839999 0.253798141747797 0.24350823311626973 0.2324554565880168 0.22090178189282011 0.20907832199834714 0.19716362205820995 0.1852809068600456 0.17349996016060323 0.16210843245824097 0.15157732380969943 0.14759477400281654 0.16233348709428108 0.17793675620071983 0.1942839949666315 0.21130549402772897 0.22892320407475256 0.2470131445636114 0.2654068397554127 0.2838940381421416 0.3030538421777301 0.3233108836765686 0.3447521863137699 0.3672201291422813 0.39001464519183304 0.412254548568043 0.43289248423094473 0.45075389252199466 0.46460443179920163 0.47329532012822373 0.4777023782577678 0.48046800454154875 0.48130219459108137 0.48015057104714015 0.4770887299222491 0.47231543382266944 0.46613281680293916
0.26917945745176125 0.277191049091661 0.28304786393703263 0.28626518410312457 0.28644644792510066 0.28354786371643204 0.27766289874402117 0.2690859892276748 0.25830025810960916 0.24709062305789212 0.235564477276433 0.223682149887674 0.21166105261322637 0.19968945477427924 0.18803387089788964 0.17765426459344272 0.1698403283738689 0.16963568038551666 0.18028469351301046 0.19511821720972863 0.2112556684311625 0.2280645140618136 0.2453160977335154 0.26280522364372183 0.2803117065461153 0.2976419729485157 0.3145268789772168 0.331587049230223 0.349873545677516 0.3688588904883656 0.3878553844929911 0.4060363785607385 0.4224549584605903 0.4360827252747436 0.4459233431225539 0.45177431367446175 0.45454417681547327 0.45636922352949566 0.4567631967574122 0.45569315266083465 0.4532280949053141 0.44953025138687414 0.4448411072058114
0.2844991479925532 0.29310141088909064 0.29935562564448986 0.30297611454260204 0.3034263679536165 0.3005552522358749 0.29448722784990794 0.28556595877136354 0.27443149821972906 0.2629452018869931 0.25143234995950564 0.23989786840715607 0.22829014541777687 0.21692790886270927 0.2067698156663037 0.19889759448811695 0.1948006438013106 0.19678083070022076 0.2052966743065953 0.21778806049445731 0.2321980904480074 0.24766452973856135 0.2637280623660862 0.2799982581510191 0.29605667741517466 0.31172801330752287 0.32701226716435294 0.3421660441419905 0.35722188242687986 0.3726712202810474 0.3879016677474392 0.40213697759315875 0.41452043616772305 0.4242699960364496 0.4311508658579562 0.43481867161788934 0.43622477593828884 0.43725514710263363 0.43729172979628295 0.43629761092332736 0.43433656224246303 0.43154454134380227 0.42811957562610525
