_RESULTS/CROSS_VALIDATION_POSTPROCESSED_CLR/Berg/IZ/3comp/4/Berg_IZ_z_90_kriged_reverse_3comp_spherical_4.asc
ncols 100
nrows 90
xllcorner 5.6208707817415728
yllcorner 50.959635321741573
cellsize 0.00013419651685393446
nodata_value 1.7014100000000001E+038
[rows 19 to 37 of 90, columns 0 to 42 of 100]
0.6295542418245563 0.605316904230139 0.5766017523313266 0.5444885191058435 0.5100663189586659 0.47442670923424485 0.4386569946167076 0.40383536842008416 0.37102932598620897 0.34129734499869424 0.315690322975832 0.29524336419973474 0.28094164976402813 0.2736415637859445 0.2739395169939468 0.2820123839241442 0.2974914488568191 0.3194386028545506 0.346701012695223 0.37893667541880727 0.4144488324311091 0.4513496304277246 0.4883489247435135 0.5266952937300975 0.5657672757940242 0.6030412273706969 0.6334185041366079 0.654707025350302 0.6638205842208512 0.6609088624190088 0.6449426096808395 0.6144761806515074 0.570598690947782 0.517304434246906 0.45829971594411384 0.39390512594075033 0.32350471180563667 0.2477534732368769 0.1708574809090626 0.0980435153922311 0.033710046565297636 -0.018196015869507587 -0.051401551250607525
0.6064388404314149 0.5763229046391354 0.5417689934586625 0.5039000149041349 0.4638538879693264 0.42277452675131194 0.3818027756640106 0.3420702590527678 0.30469994200874817 0.27081649245821626 0.24156553332404862 0.21813146690457608 0.2017279017395761 0.19351847772688313 0.19442983924756463 0.204874075353372 0.22449813816855657 0.25212290100265533 0.2860591968771744 0.3254809910785039 0.36846171490947477 0.4128465356591266 0.45668167028315654 0.4988698303789654 0.5411495931493493 0.5794540923743112 0.6089664170176958 0.6297222031534445 0.6402849404266028 0.638426393423033 0.6217651334933803 0.590279923564859 0.5450440349378973 0.48824513090732263 0.4251651186615508 0.3570670060976283 0.2848096799619737 0.21012233312124218 0.1361782538705555 0.06691484636538736 0.006167451022138115 -0.038539101468272 -0.058970480192522934
0.5798129472538638 0.5439211057451283 0.5035956124859609 0.4600051636273159 0.41434050581297516 0.36780186254111163 0.3215846674025764 0.27686803548164096 0.23481315419202597 0.19658037283578766 0.16337149453126576 0.1364928879994285 0.1174083439884045 0.10770421180831746 0.10885055941591826 0.12171014376330758 0.14600483856943802 0.18015922186997924 0.22171307882755154 0.2690135939423164 0.3199243094914337 0.37201372845326697 0.4231935861336891 0.47166321653972365 0.5160758750842218 0.5536836846055939 0.5822193218085248 0.6016137966417698 0.6119898375995377 0.6104609058536163 0.5929904980444305 0.5603388638122746 0.5136012547668034 0.4541540225230588 0.3874861792906402 0.31639189256505695 0.2424766600258027 0.16789860636997767 0.09551363666924595 0.028591280483337367 -0.025315549349642197 -0.05650951400288651 -0.06429281441984291
0.5507137363001484 0.5091909849595295 0.4632019893539747 0.4139656739781647 0.3627334748026878 0.31077189259436055 0.25933934934370584 0.2096626044310841 0.16292366137174796 0.12027407173461502 0.08289685059705276 0.052130957211644735 0.02964465501036484 0.017557667319448966 0.01824328507852091 0.03348057590530096 0.06321903565510711 0.1051458276797419 0.15561115655376367 0.21160610617928566 0.2708747053627064 0.33077187169298117 0.38915976184963424 0.44422243636318814 0.49056007900005855 0.5271384776725152 0.5545542987841288 0.5724043100855305 0.580859430909969 0.5781708779264425 0.5598623033891161 0.525991356656176 0.4777064238525554 0.4162151362573445 0.3462938138564041 0.2724453606122199 0.19670847915958822 0.12150016954513221 0.04960300400483997 -0.012932553203972352 -0.05403403843040688 -0.07229992966275667 -0.06733467533279591
0.5201826150626575 0.47322140390486106 0.42172127612283045 0.3669573670514147 0.31025445056245116 0.2529645308348264 0.19643136629323987 0.1419460622033717 0.09070729164760527 0.04381200100762628 0.0023148063078221037 -0.03259586898500688 -0.059257086074138376 -0.07504756970086934 -0.07615333157387627 -0.05878817108883305 -0.022333201456968044 0.029280331239795676 0.09024394727442864 0.1558591599422443 0.22371216497079194 0.29126164657059683 0.3564726147771835 0.41655160997684504 0.4651188502000271 0.5011982613469419 0.527313724204105 0.5434297456858217 0.5497158693921622 0.5435892846536059 0.5235588292506986 0.4884776656762759 0.4386341261583813 0.37534063437475745 0.3024152394707841 0.22579888388080283 0.14790580714040646 0.07139199342814873 0.0002975240630305187 -0.05158556019043692 -0.08044811115725592 -0.08615669516919122 -0.06826299069848585
0.4892615398459328 0.4371079682272235 0.380296497554071 0.3201642995803585 0.25812626014071394 0.19565053893654916 0.13420983103406114 0.0752074033681358 0.019890789906296558 -0.030713136607756764 -0.07578606929390674 -0.11455141022758253 -0.1458265540949215 -0.16704597472604865 -0.17259575441501096 -0.15396736637453423 -0.10831518518386452 -0.04398454793178541 0.02916009909085715 0.10503090111770075 0.18118197308427142 0.25577500865323954 0.32706572863863903 0.3902413097431416 0.44052811914066003 0.47730437537959375 0.5017554891134367 0.5159465079455586 0.5197841227853212 0.5101936705152809 0.4863582160306617 0.4489394051905138 0.39755560885815877 0.3323993779773867 0.2567071967424662 0.17717689170189477 0.09668921142897213 0.01819031618573186 -0.04667554212925218 -0.08798712039252976 -0.10503593349990736 -0.09810512434725127 -0.06679363812929173
0.45898933295570077 0.4019522199663324 0.3400817873741835 0.2747789922539613 0.20756577173845625 0.14006703164462975 0.0739542319597023 0.010837386680240257 -0.047889234056775365 -0.10120657746661332 -0.14855825351440632 -0.18977694120075128 -0.22474319218841443 -0.2524213801994475 -0.2674450806532698 -0.250698951517081 -0.1897064847772021 -0.10858744442133494 -0.022662092170906867 0.06291233805522611 0.14618956045719433 0.22658079881230142 0.302441959625253 0.3673105394154248 0.41864579046985545 0.45590840583100634 0.4789997924736383 0.4910861133436973 0.49232832274506466 0.47943890563454633 0.4519199196375738 0.4104303461992076 0.3557474524848647 0.2885345975469955 0.2101744801887634 0.12754142373599597 0.04394371866566549 -0.034515452719453 -0.09139689089720837 -0.12299058921850836 -0.12833348829257873 -0.1080132031304849 -0.06200595889396798
0.4303970545239391 0.368862639906404 0.3022498979519386 0.23201466074935106 0.15979381948269922 0.0874105164023945 0.01682854420145763 -0.04998224624344061 -0.11128891748874659 -0.16589876960675376 -0.21338900294974605 -0.25412350745819623 -0.28903950064811945 -0.3193065800439929 -0.3457597614218215 -0.34480984618444266 -0.25144210321197 -0.15466884004370374 -0.0593946574499602 0.03297955434759192 0.121353157868892 0.20563660144140916 0.2839134138711302 0.3494918908848015 0.40107684302516433 0.43816558471135414 0.46028405663593125 0.4698113997448519 0.4684477256813578 0.45251232105380224 0.4216068952241636 0.376356498840005 0.3175032977640202 0.245972756082374 0.1640764455406657 0.07818591578984191 -0.009067559675138837 -0.08413884238584923 -0.13467088519864 -0.1576143788281672 -0.15112829914848347 -0.11590184831513994 -0.05289155408019519
0.4044998509950324 0.3389551652165482 0.2680057699528411 0.19313444303243976 0.11607626798178416 0.03887325879519432 -0.03611956492703838 -0.10635871108531736 -0.16945807337316854 -0.22372969116595742 -0.2686423438527774 -0.30482197973845104 -0.3334998967030174 -0.35547193483419437 -0.3679993955923342 -0.34704906763927146 -0.2687874485769033 -0.17368121476818676 -0.07702846381943795 0.017543126004950005 0.10830016892364636 0.1942680900078697 0.272914008655035 0.3381883984246692 0.3894081595861318 0.4259065380344466 0.44708664974228157 0.4537184812289351 0.44967024320668686 0.4308078877324419 0.3966816007490671 0.3479926367651732 0.2854420492218841 0.2097085359357329 0.12303966127054278 0.0319943374927818 -0.05855460727969597 -0.13066950090799068 -0.17744749279715522 -0.19375620295859486 -0.17545595155223936 -0.12307415454990789 -0.03959704712528911
0.38228047887112404 0.3133468968219534 0.23860004115653477 0.1594964130024662 0.07780821964966655 -0.004243187103308621 -0.08385802483183158 -0.15766561989192085 -0.2221363691243241 -0.2745663955204165 -0.31410159114814484 -0.34169789731551914 -0.3587656346641952 -0.3651229831836247 -0.356077045207456 -0.3205347729005874 -0.25383120606304543 -0.16831845331350803 -0.07611497881459683 0.01668767674289484 0.10722061078366474 0.19401458340269917 0.2724879763055764 0.3375501756259588 0.3883016890524986 0.4239798309035576 0.44392646287465826 0.4479780215081969 0.44054734818071495 0.41891204271542576 0.3815489634582816 0.32910100085929506 0.26233063068197193 0.18215628550054175 0.09095614374441519 -0.005421128037969347 -0.0987940555031056 -0.17214386441407914 -0.2201760240926416 -0.23424346701288146 -0.20465506946637713 -0.13167681832885125 -0.02370554382232226
0.36465772415769854 0.29313144296496796 0.21532591397573653 0.13259709545804277 0.046637524067367986 -0.04030346114308492 -0.1250842532373977 -0.20331933927298218 -0.2695649409849472 -0.31907950346626524 -0.3505578983730615 -0.3662540864088666 -0.36893673342585265 -0.35917366628416736 -0.3343650308042516 -0.29028578717529063 -0.2261432199376432 -0.14716931535203726 -0.06012108816034101 0.03036360886857148 0.12049079778381544 0.2076004285198697 0.2854271216581975 0.3494582108611405 0.3990854402485718 0.4334338438613771 0.4517621737107345 0.45349573213816624 0.44242337178068697 0.4179416030359075 0.3780178082657477 0.3226132384354734 0.25218599554114474 0.16711768593286025 0.07054732546053732 -0.03165002673314665 -0.1261026971405208 -0.20150699991744214 -0.2550338749513954 -0.27503791338239614 -0.23545829778298466 -0.13530980210870558 -0.0005677191040116547
0.35243310651284543 0.27932072646754524 0.19946997380390064 0.11406655075220007 0.02457613039711215 -0.06700468484365563 -0.1576225370721409 -0.24214198652575747 -0.312176410395413 -0.35831977007871596 -0.3785684905219744 -0.37933007004054087 -0.3666015126079576 -0.3423976720573416 -0.30585954432666385 -0.2554179712137774 -0.1911353361804733 -0.11462083385739141 -0.02988362337917494 0.05867054025160112 0.14748564663931563 0.23379301016895127 0.3107912347571318 0.37352316140715897 0.42154040382989794 0.45417682880556215 0.47060560108574323 0.47013684563412605 0.4556399661361887 0.4282818971169122 0.38594322636924083 0.32778844181003997 0.253765072921319 0.16485381173891445 0.06510776434297794 -0.04006167034059316 -0.13432552703035494 -0.21080905300654118 -0.2689620061935514 -0.3070672361328053 -0.2599354719509508 -0.12068218842237333 0.03578387926515991
0.3456349350106379 0.27222763125514715 0.1918395048823448 0.10539879338310898 0.013944526436246885 -0.08110424159930607 -0.1774029612050716 -0.27060308188176485 -0.34976552439268427 -0.392993828608194 -0.3961912907867131 -0.3789366167428969 -0.3512266567035063 -0.315047794344395 -0.269832468105897 -0.2144771264874279 -0.1476080168091154 -0.070967979135524 0.012380068817126388 0.09913041640018994 0.18624686323797546 0.2711133070335854 0.346969023011362 0.40867981979040563 0.45511273877245095 0.4857918558127175 0.5001475658512464 0.4974418773011894 0.47985083113125915 0.45007907168292827 0.4043507955140095 0.34300656095483895 0.26656876422498366 0.1755311346334938 0.07518698968861548 -0.029141758931830575 -0.11951589844863819 -0.19098275017949518 -0.24168994910160424 -0.2633090957736002 -0.20637362567074957 -0.06961360836494512 0.09039004354270275
0.3408714063805852 0.268655816790483 0.18962402097340303 0.10458157274917146 0.014333137758643089 -0.08028308307274223 -0.17831337373864753 -0.27838236031836394 -0.3758915357134258 -0.4194072822581789 -0.39354394076366717 -0.3591055084332375 -0.320068856454816 -0.27574689979696076 -0.22465038185966102 -0.16423417542587648 -0.09476669310720098 -0.01774789139955435 0.06458793498804327 0.14966784926447407 0.23492067283487683 0.3179647974826253 0.3926019640267013 0.4531800764349827 0.49850022552444356 0.5275662396933046 0.5397793419105954 0.5348079213650478 0.5143573484153323 0.48134281763505565 0.4327006117772178 0.3686015840925243 0.2899607497409268 0.19857714473924182 0.09991856670714527 -0.0005900856882447014 -0.08392386976414923 -0.14488937646696387 -0.1784811787535856 -0.17275739121729417 -0.10859918906572674 0.008906578801974208 0.15887949778649757
0.3376661191039638 0.2681370413306725 0.1922704519736549 0.11089458137322517 0.024842931291531922 -0.06499778859507543 -0.15756456059889712 -0.2511374263794026 -0.3396769112502094 -0.37706760906992853 -0.35091378984669186 -0.3133766751124236 -0.27086251810317763 -0.22318933390652207 -0.16771342544755097 -0.10415360188034628 -0.033202151855593165 0.04383155367658931 0.12511870511382928 0.2085184949679585 0.29179016427750526 0.37274510171383324 0.44619351905050947 0.5056656238481521 0.5498713673388448 0.577765428074002 0.5884921511318133 0.5812849756528549 0.557227098647791 0.5208456344293754 0.47002409326125466 0.4040050180653166 0.3238953193818722 0.2331644678711382 0.13724043897659366 0.04197619860640356 -0.03332333604861293 -0.0831827431478408 -0.10218675800472166 -0.08207539046586776 -0.016263905859089545 0.09086365288802167 0.23010125945290738
0.33584158749123716 0.27043688571694346 0.1994758704470866 0.12394620715690863 0.04495505030320879 -0.036084995346367554 -0.11698051554682987 -0.19336036221735697 -0.25470608474160983 -0.28213002842699786 -0.27261768223883887 -0.2436535856218831 -0.20474890374984756 -0.1565479181030116 -0.09965966410293037 -0.03509004496583956 0.036086697071350926 0.11250055260526626 0.19246280244607727 0.2740490943057837 0.3552165836694573 0.4339087346632877 0.5061321056902428 0.5646404406428513 0.6078323489798203 0.6346188249989484 0.6440870174129778 0.6343656420186957 0.6072958803868638 0.5675779196363586 0.5150038976147964 0.44768827774128456 0.3670012137284893 0.2784762864963565 0.18579612414646962 0.09507519285598554 0.026234347377434575 -0.015150802515325523 -0.02474524072281803 0.00248088086617948 0.06693113546943918 0.1655600287282234 0.2951189220223138
0.3348265465992075 0.274794958539302 0.21019802863667902 0.1422351328808339 0.07234034731724193 0.002442452657092975 -0.06452163271496503 -0.12368828475978477 -0.16742690441875308 -0.18768255381908427 -0.18321482158142444 -0.16056179080594513 -0.12510951778671386 -0.07865831649883903 -0.02260744327054065 0.04131505289993476 0.11161588108531317 0.18675434783625022 0.26503829999076667 0.34462451474544675 0.423567454181782 0.4998806296217539 0.570696426004428 0.6284722868172946 0.6708387854195561 0.696653360711422 0.704283635445603 0.6917401593046266 0.6623560526890955 0.6201656511789688 0.5658236351491334 0.49778658655274416 0.4180473927836331 0.3322444956435938 0.24310399587518983 0.15622430409011068 0.0915434895041145 0.054951984553070043 0.04976835606055552 0.07901280095298524 0.13970180926655362 0.23027366341326383 0.3490583036655823
0.33372841841318 0.28004580152559144 0.22287351920986975 0.16358208076082026 0.10381474535205581 0.04570824932149187 -0.00779455048887745 -0.05266180334652859 -0.0840438415234237 -0.09795159808940113 -0.09371647781151893 -0.07362302836279178 -0.03899962343237173 0.006485238439712826 0.06061142170383338 0.1228602756458913 0.1915006001538926 0.26483579889516895 0.341123746921852 0.41853591838527743 0.4951626331795748 0.5690404275702301 0.6380487251285555 0.6954008189866265 0.7372097035169709 0.7620798689133376 0.7673469429812698 0.7520096921911611 0.7203953178989148 0.6756088392014037 0.6186203552077121 0.5502141094055751 0.4730650799957511 0.3904207100912811 0.3050295861191955 0.22143300059622106 0.15892191263866506 0.12433472575351945 0.120075493974242 0.14752811590822867 0.20241406657322203 0.28405937880197685 0.39143148224981344
0.3314384974488863 0.2847881136348577 0.23570403119197392 0.1856376024640759 0.1362723820496411 0.08966270985605063 0.04835767974861771 0.015378076461669776 -0.006194312733403096 -0.014142587479743063 -0.008067224593881872 0.012960851807782281 0.047866876847287854 0.0934883379517093 0.14697800826755847 0.2070873877314744 0.273613078397003 0.34479619354172497 0.41886006607703535 0.4939753803385652 0.5682424995591384 0.6396945377487631 0.7063145473736441 0.7635367838155962 0.8050979674564661 0.8282672771954745 0.8306266758005135 0.8122247355186781 0.7782297326751506 0.7307097276042404 0.670813215626733 0.602337216623275 0.5278056889615663 0.44813460240941994 0.36614828526468646 0.28527416180649745 0.22285983610950422 0.18799062486479357 0.1824921599005842 0.2062033622491931 0.2545765391789232 0.3279514899462743 0.4254696610186468
