_RESULTS/CROSS_VALIDATION_POSTPROCESSED_CLR/Berg/IZ/3comp/4/Berg_IZ_z_1000_kriged_reverse_3comp_spherical_4.asc
ncols 100
nrows 90
xllcorner 5.6208707817415728
yllcorner 50.959635321741573
cellsize 0.00013419651685393446
nodata_value 1.7014100000000001E+038
[rows 19 to 37 of 90, columns 0 to 41 of 100]
-2.8885294806088253 -2.8574440902419367 -2.8208065340543427 -2.7800174646433797 -2.736485469280846 -2.6916163312734103 -2.646802293889425 -2.603413487148254 -2.5627935669323683 -2.5262598866638797 -2.4951041850726408 -2.470582418747319 -2.453873779935371 -2.445985624971758 -2.4475947514691754 -2.458854064838153 -2.4792403391601163 -2.5075272646054563 -2.541329643629919 -2.5753924823223473 -2.607166031063514 -2.6346280996262377 -2.6565599192687115 -2.675179715744718 -2.690160220393613 -2.7042729123845213 -2.7174429650439116 -2.7250342232160962 -2.7213447838740255 -2.7068801202215154 -2.667740410617087 -2.586155138098741 -2.46724995821327 -2.3205958312545203 -2.15695383309616 -1.9859901451389674 -1.8196894399875005 -1.6671306380669118 -1.529014378258883 -1.4030833780865115 -1.2880049280267087 -1.1824159601680595
-2.8579073730828717 -2.819169620333643 -2.7749528185586443 -2.7267187193483964 -2.675944805300456 -2.6241105515326804 -2.572683112205777 -2.523106324759248 -2.476798101479235 -2.435160502567607 -2.3996018426926384 -2.3715584598746426 -2.35248428165087 -2.343756105682897 -2.3464471738452897 -2.3609898016813036 -2.3868709295957222 -2.422560051368557 -2.465438874860882 -2.5097867708925987 -2.552262292318317 -2.590523468248825 -2.6224840283265105 -2.6472056028614337 -2.6675923512260207 -2.684176644524542 -2.6960416333844357 -2.703544696487679 -2.7042593439959868 -2.692881088722221 -2.643925201331568 -2.552719503599728 -2.4248903308875778 -2.268259851181881 -2.095700173891347 -1.9166418063151156 -1.740421057126656 -1.574509296786259 -1.4228656048480741 -1.2868837860843265 -1.1661597888211923 -1.0781840319747773
-2.8225206919055603 -2.77623664325999 -2.724499263818964 -2.6688356805727933 -2.610798814574111 -2.5519487819723414 -2.493831348480983 -2.4379591743686477 -2.3858052425710357 -2.3388200296291055 -2.298481186426307 -2.2663708599832564 -2.244242539668382 -2.2339818603140786 -2.237317852046729 -2.255224638431943 -2.2872703973838093 -2.3314286060421683 -2.384487812552935 -2.4403291459381586 -2.4944438792847103 -2.5441610796743945 -2.5872445861531856 -2.6218278716676924 -2.64561629521285 -2.6606010407913034 -2.670729592523111 -2.6763274096718415 -2.6780444649072015 -2.6645350951941422 -2.6063045854494433 -2.5057672116654337 -2.3687214301954747 -2.2020084665264936 -2.018335997842155 -1.8277337861080285 -1.6385450393412762 -1.4581477904331894 -1.2922837966057892 -1.1450991948606304 -1.041442236276592 -1.0141294098097493
-2.7837252175339193 -2.73005195377941 -2.670900533484137 -2.6078699533028002 -2.5426000400350626 -2.4767463960689398 -2.41194692411171 -2.349786674059446 -2.2917752248173393 -2.239358596601229 -2.1939918576236925 -2.1572917087824637 -2.1312523165862602 -2.118400691942 -2.121560183955139 -2.142815775647424 -2.1820024434397767 -2.23617762207246 -2.300759977904881 -2.3694082636589178 -2.436027252729073 -2.4976752288770356 -2.552071846301411 -2.5973033885066465 -2.622510632209922 -2.6351703175489605 -2.642986074628583 -2.6459470717470746 -2.644847259112753 -2.623794706646683 -2.556805201224296 -2.446984392385713 -2.300122800101798 -2.1226116862765396 -1.9257361935570296 -1.7207296858339303 -1.515568264897405 -1.3178282212991572 -1.1343544368139606 -0.9875558519435423 -0.9315333538532937 -0.965164956524402
-2.7428884096312336 -2.6820411287420547 -2.615634601965826 -2.545347883418023 -2.4729251586490975 -2.400144294033848 -2.328767057645201 -2.2604762205933557 -2.196817207857666 -2.1391780258684534 -2.08885677887793 -2.0472775229486597 -2.016413333225753 -1.9993886980764022 -2.000776837507316 -2.0251096705856395 -2.073029314327509 -2.139594373063824 -2.217564357838355 -2.300016149808689 -2.3797210281838685 -2.453413698283267 -2.518956702417667 -2.571879828846077 -2.5987896513639543 -2.60955686091803 -2.6143638367668873 -2.6138455151336624 -2.6086161187034937 -2.5745579546912225 -2.4975872215285024 -2.3785504711528023 -2.2213386508984105 -2.032107853218708 -1.8204234788518376 -1.5986156894263084 -1.3745379686392356 -1.1558520424310945 -0.9559116947380919 -0.8385661916794853 -0.8160878444915021 -0.8828195760067117
-2.7013860375460483 -2.633647025240015 -2.5602014944663374 -2.4828160376162813 -2.4033615606598775 -2.3237795099925256 -2.2460147373139554 -2.171913451949161 -2.1031031717791784 -2.0408992246530673 -1.9863105925046027 -1.9402440726968992 -1.9040618969061611 -1.8807946222119727 -1.8772004861770053 -1.903588379604447 -1.963317816617237 -2.0460151753519544 -2.1394515561679515 -2.235914130054903 -2.3286171561282476 -2.413865489143138 -2.489893956271728 -2.5469784258901855 -2.5754157888919926 -2.5855954861636334 -2.5864674831672128 -2.581585983592005 -2.57021902702218 -2.523719047678747 -2.4333210400046417 -2.303107676822581 -2.135361110577253 -1.933626740493518 -1.7062291618749093 -1.4658548297456453 -1.2204201999561826 -0.9775727928494353 -0.7890497745996119 -0.6967658533507013 -0.6940088126452428 -0.766275162295027
-2.660598738951216 -2.5863307313324504 -2.506127693213743 -2.4218452010802003 -2.3355027243710804 -2.24925897027376 -2.1653349482163917 -2.0858667398655815 -2.0126949161090035 -1.9471458942517932 -1.8899086880433247 -1.8411239664253953 -1.800816951294256 -1.770103540497965 -1.7554050317256857 -1.7800286055949857 -1.8591414577800724 -1.9629886351588082 -2.072635384267049 -2.1816398157364514 -2.2859720760189 -2.3814580982437876 -2.4658996074350963 -2.525204724325466 -2.5549299419694345 -2.563909043674415 -2.5609038593676074 -2.55081565353271 -2.5322351559070264 -2.4745347586405533 -2.3716684944026265 -2.2274579144587174 -2.0460490592805405 -1.8314287671585094 -1.5880860839366457 -1.3282864105468217 -1.0600168425798793 -0.8056661270026422 -0.6397248476939543 -0.568655368824555 -0.5841047217992017 -0.6686856462611375
-2.6219070565271125 -2.5415747019470283 -2.454978766752059 -2.3640503915908497 -2.2709665765711318 -2.178157226022546 -2.088243215148733 -2.003853602389873 -1.927295652224675 -1.860142869004583 -1.8029229793336556 -1.755094760230185 -1.7153366135380372 -1.6820045977967724 -1.6538622280392552 -1.6596803918849126 -1.7791210829324473 -1.9027371534984796 -2.024379833979336 -2.1422194275999322 -2.25466564417757 -2.35821350616631 -2.4478484941958176 -2.5087440544831194 -2.5394410597003376 -2.5462497913153666 -2.539567871422144 -2.523196719511585 -2.49722178281099 -2.4299175376725293 -2.3161427591333124 -2.1593957286386027 -1.9634186063884669 -1.7322799569154776 -1.4718543096482763 -1.192891499450992 -0.9015589087871207 -0.6576338200965361 -0.5113490459232959 -0.4619886407728191 -0.5032781762041485 -0.6194960122875952
-2.5866812918552036 -2.500884721750521 -2.4083795575128653 -2.311133075976112 -2.21145499614145 -2.112071567192734 -2.0161336674772725 -1.9270474287817831 -1.848004081097647 -1.781244631150028 -1.7274349213858997 -1.6856595759965514 -1.6541550905720779 -1.6316608676050697 -1.6212751698951176 -1.652283386377147 -1.7537660677034264 -1.8758821156583134 -1.9997214747338348 -2.1207236266512695 -2.236668023998016 -2.345362081250982 -2.437484387214112 -2.500361860005373 -2.535122505628666 -2.5432339923004843 -2.5349771879429124 -2.511996716325435 -2.477099287485757 -2.3986430562217183 -2.2721537395977514 -2.1027996461481946 -1.8944184646374136 -1.6483606721649326 -1.3698953455619742 -1.069724715540778 -0.7639588959952022 -0.5363760270140698 -0.40728408097651236 -0.38127504887500896 -0.45883443472680296 -0.6275626457211665
-2.556259533768068 -2.4657819140385726 -2.3680333088812326 -2.264943435635356 -2.1588698791519967 -2.0527788806891003 -1.9504202213140813 -1.8563158136275921 -1.7751981615906638 -1.7106691832832184 -1.663801234358538 -1.6331722318843036 -1.6166600473548702 -1.6140967853537753 -1.6309206896868027 -1.6805037573441821 -1.7683848243343796 -1.8792497899089255 -1.9981004892295775 -2.117358897719876 -2.236275353824503 -2.358481359758007 -2.468728644647698 -2.5498900606509336 -2.5989599380796387 -2.6147245931506085 -2.606896137630918 -2.577896064555978 -2.5319175965133893 -2.4399583042187305 -2.294601920522192 -2.1009237334316957 -1.8647381643354177 -1.5925498827671498 -1.2937502418082722 -0.9768109455166796 -0.6713465925009015 -0.45493548038506315 -0.3361907412489149 -0.3294879821594532 -0.45114261041556425 -0.6927441372171255
-2.531904598666532 -2.4377690175761657 -2.335717070695102 -2.2275389611084333 -2.115480108871197 -2.002539354780703 -1.8929231509844497 -1.7925208310912624 -1.7086486813641637 -1.6476524302491677 -1.6111816234547174 -1.595998766597029 -1.5980671014713599 -1.616159144899135 -1.6530960742578809 -1.7138143822545233 -1.7991114338122973 -1.902432215485403 -2.0197200360668637 -2.155456424721981 -2.3009512165816752 -2.448272986952103 -2.5800154943483062 -2.6801015491966975 -2.744046378733162 -2.7692329749111106 -2.7615478651680285 -2.7268388025461303 -2.6694696741332704 -2.565548196948182 -2.403712430207592 -2.188329952144776 -1.925699762635322 -1.623096341260193 -1.2896249744522224 -0.9380171477828587 -0.6353772237067798 -0.429716360283837 -0.3138560433349231 -0.3108434276173151 -0.47955889932987006 -0.8175657682664617
-2.514730929898265 -2.4182503667426074 -2.3132135125169278 -2.2011757538858996 -2.0840697472849365 -1.9645449650452054 -1.8466798392532267 -1.737371129079063 -1.6479167469491565 -1.5909773891621366 -1.5691274479761594 -1.5734656980803088 -1.5955672555453464 -1.6323091312222295 -1.6843858860536647 -1.7535113058305671 -1.8401434436687196 -1.9579420024073606 -2.1044668230779786 -2.2688594464586784 -2.4414369758327266 -2.613677778379511 -2.7666639680676592 -2.885913810589741 -2.9656540416760677 -3.002034666141802 -2.9956229397755143 -2.955462556936041 -2.8863485837786085 -2.772135688521522 -2.5957841157221333 -2.363105499107567 -2.079727407641517 -1.7519462648093862 -1.3901928515952777 -1.0093669005449324 -0.694495697884324 -0.4807356676369201 -0.3676717269474117 -0.3405305943608119 -0.5529160715392907 -1.0164011026766873
-2.5042109319128834 -2.407157543924217 -2.301310124534173 -2.1877985694970166 -2.0678536711645146 -1.943282324083873 -1.8173207977291403 -1.6957927613180772 -1.5934518476623811 -1.5399092789479087 -1.5405735505283404 -1.568660094295052 -1.6103434157682708 -1.6626262651356036 -1.7259667760392086 -1.8053415881409731 -1.9235022490433902 -2.076765112157466 -2.2555322525651933 -2.4499065551268266 -2.650393647978324 -2.8481662438245947 -3.023910229944534 -3.1623728739401846 -3.258479241197093 -3.307185150875509 -3.3053555888871915 -3.2599213715293347 -3.1787461277187328 -3.0559984128927518 -2.8691030984310344 -2.6225975658360716 -2.3222088219240677 -1.9742441443908403 -1.5913031448827424 -1.1934667550802667 -0.8742863172780702 -0.6585204129148567 -0.5520035318726371 -0.5766802100166801 -0.8380890397650926 -1.2989505892237738
-2.4919237215625536 -2.396358075393862 -2.2925020804179805 -2.181306892614285 -2.063667131181531 -1.9404703565313328 -1.8127116681003512 -1.6819125927181051 -1.5541709062437006 -1.4996735318691676 -1.5391893142161779 -1.589968401105934 -1.646400559387323 -1.7091917143080657 -1.785829193013068 -1.904463370597388 -2.062623389169291 -2.252415373468211 -2.464916302294898 -2.690705807906036 -2.9203580135646954 -3.1447799129797716 -3.345353023108844 -3.504929350159209 -3.617753987693858 -3.6791895468681104 -3.6854243033763434 -3.636085940555558 -3.543680949253672 -3.413667528186599 -3.2192914916834177 -2.961036476805046 -2.645812079211434 -2.2823394999111777 -1.8844443100053165 -1.4777659614441334 -1.1601520592531598 -0.9542755315873972 -0.8746486917364793 -0.953420210648884 -1.2377846231981091 -1.6324590610156442
-2.4768231325899768 -2.3847490079915534 -2.285334093155058 -2.179546874416997 -2.068301191081406 -1.9525254395296512 -1.8333347886410127 -1.7126891491478133 -1.5983717535051216 -1.5525492584675946 -1.5919413228180097 -1.6463642351209853 -1.7069938460195992 -1.7786408575674353 -1.8940875338517122 -2.053862852863672 -2.2510113116055157 -2.4775995020417017 -2.72484569465126 -2.983408136975247 -3.2437119487845734 -3.4962455422425207 -3.724053008201418 -3.907172261063003 -4.038894325553028 -4.113831013921809 -4.128071668884436 -4.0796219621538965 -3.978550811926559 -3.8384557910371506 -3.638443428392961 -3.3704169819572694 -3.0424620395511126 -2.6664126731755666 -2.25719603156688 -1.8446421664162778 -1.5285004396596438 -1.331540732421757 -1.2699404456839751 -1.3673322284273333 -1.6215244190691047 -1.9550985672406582
-2.4590098841940846 -2.372362005302997 -2.279757802163118 -2.182367025564171 -2.0814523946525636 -1.9786282072330617 -1.8765133384777772 -1.7806362018161395 -1.7048330951377777 -1.6742728679519754 -1.6925441373088341 -1.7354100013561862 -1.7924159795789993 -1.894562921837618 -2.048358124162087 -2.2464851785753623 -2.4813116802221695 -2.744562980286256 -3.0272747578509462 -3.3199040371621926 -3.6125203932539636 -3.8950354633903927 -4.152514691699137 -4.36210966732749 -4.5153999495910115 -4.6060437693898075 -4.629411431128123 -4.585203438441688 -4.478326808622694 -4.323545259415382 -4.117418228096444 -3.8405686910265397 -3.5012715656473485 -3.1151343916816807 -2.696188172104059 -2.2754989445397946 -1.954653739911377 -1.7573927731742394 -1.6978133876613342 -1.7920786500599333 -1.9929704630090932 -2.2488262366529987
-2.4380534531915674 -2.3585181023231554 -2.2747253371584906 -2.1881145312263026 -2.1003655142412923 -2.0137604765747024 -1.9318918836646433 -1.8609211592450337 -1.8107307120236722 -1.7917529399138665 -1.805149719792335 -1.841512924667874 -1.9162954969453088 -2.0511940495785197 -2.239858053828968 -2.4739598948565713 -2.7451862974906556 -3.044825053523839 -3.3635834272724616 -3.6915619699417883 -4.01832761471547 -4.333063968821794 -4.622583712843561 -4.862151095449326 -5.040244116136998 -5.149257168944539 -5.184840071657181 -5.146289071014101 -5.0377705961919945 -4.86752736331866 -4.6465309349025 -4.360118249627598 -4.0104740373349905 -3.614349949028161 -3.185725141579883 -2.753225291102331 -2.4189984783902894 -2.2097246276522085 -2.137124371063148 -2.2083411642813435 -2.344622068988749 -2.5231246089467323
-2.413089205106848 -2.3419906322154427 -2.268484691996715 -2.1942212926310307 -2.121131402211609 -2.051739461027877 -1.989602907933586 -1.9397116969077464 -1.9081344769784658 -1.8997521628977696 -1.914928687231638 -1.958708466809838 -2.0679506735909294 -2.237325987358627 -2.4586658323282933 -2.7269070028613114 -3.0334083535954806 -3.369114533634329 -3.724415556454405 -4.08902416958301 -4.4519427319144045 -4.801519912974534 -5.125279161628534 -5.398985321600987 -5.6058274372324846 -5.7368114223997875 -5.787994783007504 -5.754589944909375 -5.641512209509071 -5.456694306240784 -5.208630833657635 -4.906521840271244 -4.544760623856085 -4.137364265758556 -3.6994700702910284 -3.254319606691238 -2.900971116515157 -2.67187439973137 -2.5755530601000807 -2.6064725528097132 -2.676046600363591 -2.7776377596988073
-2.3829601924926083 -2.321234200894029 -2.2589683951734134 -2.1978945598474717 -2.139956487075257 -2.0875163643310737 -2.043543918726706 -2.0116056278579144 -1.9953253189232492 -1.9971420461522034 -2.0172178650517822 -2.089590135335894 -2.2332662002874666 -2.4381800525217434 -2.6944537111826783 -2.9953655561453787 -3.3360718209499245 -3.7074168861932493 -4.099604122303929 -4.502042980509251 -4.903212800489929 -5.290600841627867 -5.6507683558263695 -5.9633679337121475 -6.20339379095208 -6.357127000291287 -6.418504401350273 -6.384018317317976 -6.261217211118197 -6.057722728453291 -5.783496829715671 -5.4544479940341795 -5.077690419233369 -4.656334699511152 -4.206980204672905 -3.74791480686366 -3.3688690066359124 -3.1150524162986093 -2.993085832580999 -2.980922323153414 -2.9858014805075945 -3.006965758407865
