_RESULTS/CROSS_VALIDATION_POSTPROCESSED_CLR/Berg/IZ/3comp/4/Berg_IZ_z_0_kriged_reverse_3comp_spherical_4.asc
ncols 100
nrows 90
xllcorner 5.6208707817415728
yllcorner 50.959635321741573
cellsize 0.00013419651685393446
nodata_value 1.7014100000000001E+038
[rows 57 to 75 of 90, columns 0 to 42 of 100]
-3.3863952805974473 -3.3934080454520754 -3.413970568102733 -3.446750360292912 -3.4897985909222466 -3.540837459964921 -3.597506512727856 -3.6575274330764254 -3.7187895342516573 -3.7793780341165144 -3.8375688808430324 -3.8918078093412545 -3.9406843773332296 -3.9787415986431727 -3.9910561213439815 -3.984953504605663 -3.9638379293233568 -3.9293338045145787 -3.8905863906024574 -3.854754775772598 -3.8246081712631006 -3.802898842883165 -3.792268195297236 -3.7951162264018636 -3.8134322245027477 -3.84858832449476 -3.901098918549163 -3.970243160885653 -4.047575891503105 -4.132921074096458 -4.260625123341096 -4.427197132736651 -4.62140610295742 -4.835710219749016 -5.068867812264592 -5.322923619764344 -5.599179224510066 -5.896840315270193 -6.213214737645369 -6.544063391887944 -6.8836723733130665 -7.22457116514544 -7.56849922721239
-3.493657099053979 -3.499517860913741 -3.516751740618548 -3.5443678661429723 -3.5808754460192684 -3.6244660381596687 -3.6731862231793215 -3.725070406122374 -3.778123925553011 -3.8303304373163596 -3.880440351410843 -3.927202533281279 -3.9692616940960175 -4.005141996904745 -4.028385970642283 -4.032365132970751 -4.021414483670332 -3.9991247878310476 -3.975737841267808 -3.9544885734486814 -3.9378230354653745 -3.9281049516147433 -3.927525698575197 -3.9379865048962293 -3.9609521867364856 -3.997277985466853 -4.047012331218896 -4.109178232656448 -4.181327077143959 -4.256265713626236 -4.363891666992833 -4.509213295043733 -4.684251546486982 -4.883066510846525 -5.102676828460441 -5.342032207397241 -5.6002166373254925 -5.875296669226977 -6.163933991517652 -6.4612943257684625 -6.760906861351444 -7.062559897193554 -7.3685271283056935
-3.594073898167289 -3.598975564511576 -3.613415235386139 -3.636629933092232 -3.6674302516367616 -3.7026659099596917 -3.740465931461088 -3.780260038856644 -3.82131629297318 -3.862762077046487 -3.903586121231397 -3.9426302098032835 -3.9785781708999943 -4.009947634383503 -4.035087737989436 -4.052055677711931 -4.05447870083272 -4.048959342040234 -4.040169568611203 -4.032190643875023 -4.027546311798795 -4.028254838895406 -4.036122880612338 -4.052642272684336 -4.078867163651563 -4.115274430362736 -4.161613062616423 -4.21675294253198 -4.278555060262424 -4.343811921080446 -4.431657845533158 -4.556071204928395 -4.710695750516969 -4.890284925683291 -5.091082775304682 -5.31039972328651 -5.545740214802911 -5.7940293854381 -6.051139983567149 -6.311613675415913 -6.576097073010807 -6.846898489721243 -7.115370964058004
-3.6868720267045014 -3.6909546850578447 -3.702832654254117 -3.7184656193726884 -3.736710301510125 -3.757874220296608 -3.781978144016023 -3.8088014893161737 -3.837910871800985 -3.8686718381886047 -3.900248131738187 -3.931594739434204 -3.9614508654176643 -3.9883375851019256 -4.010562948017426 -4.027636376126389 -4.046293449947469 -4.062507177228991 -4.075128687365699 -4.084667775276949 -4.091854796688689 -4.101688483951098 -4.116722336780764 -4.138121605106023 -4.166631207555488 -4.202468373937434 -4.245160852804168 -4.29356465764116 -4.345906906902209 -4.399512435926101 -4.464585038178792 -4.567492550476484 -4.700182756561955 -4.857682854659156 -5.0358279525045475 -5.230994177622323 -5.439630488160528 -5.6577557449062645 -5.880739107659222 -6.111830641334529 -6.350747466104499 -6.591140501887866 -6.82468079871496
-3.7712778334327255 -3.771850031507647 -3.7725498239154867 -3.7745800875384465 -3.7788928404310465 -3.786136159241491 -3.7966810669538216 -3.810641403151467 -3.827882553119667 -3.8480192634383497 -3.8704062314640058 -3.894127017003729 -3.9179869702234256 -3.940514602082919 -3.95997369522011 -3.9763199004525247 -3.9996768814067063 -4.03171641157386 -4.065676604937628 -4.096239022561895 -4.123342904448682 -4.14669399126207 -4.167447217010583 -4.190822175481146 -4.218328214041603 -4.250658844923825 -4.28782643697893 -4.329096970138043 -4.372969287329644 -4.4172255234442 -4.4623634553353755 -4.53900667062837 -4.6497544069989045 -4.785048708057353 -4.938574136772928 -5.106540506086999 -5.285590299791554 -5.473281113229755 -5.673167932760749 -5.882193439461311 -6.095520888567666 -6.306970293035302 -6.508904872894557
-3.8399187316380416 -3.828249104931447 -3.815848466220523 -3.804214491942383 -3.7945749014555266 -3.7878940340455243 -3.7848774665385 -3.7859695194699716 -3.791341435393985 -3.800871586593963 -3.8141222176995506 -3.830319086282048 -3.8483404547047235 -3.8667202375908367 -3.8847450909375127 -3.9065736952186625 -3.9337490291438275 -3.970204255978396 -4.013925403510417 -4.062291085895058 -4.107150685055832 -4.1445476082250625 -4.174625261800675 -4.198130236524029 -4.222838569297746 -4.251009922537019 -4.28270261623948 -4.3173239969708685 -4.353629126841638 -4.389775479840706 -4.423443609319597 -4.471290205860582 -4.553256032298405 -4.662915437831488 -4.793612921415395 -4.938028313755902 -5.095786174313073 -5.2650434145769065 -5.444842084189023 -5.6313479243284315 -5.819736206378324 -6.004186846898763 -6.1775874322748585
-3.883644877829603 -3.859417118756178 -3.833717541434037 -3.808249048667323 -3.7845020257570074 -3.763747521762009 -3.7470242630681994 -3.735115784407909 -3.728516829150844 -3.727391911045685 -3.7315325219111726 -3.7403217419408303 -3.752715018517767 -3.768266763133319 -3.790526813297579 -3.81897511241845 -3.8522526120653064 -3.893386103951591 -3.9410007655190498 -3.9895712330638786 -4.037345690168199 -4.0825996501288335 -4.123259879357525 -4.155955382452231 -4.180069228137337 -4.203846579884647 -4.230154697576292 -4.258562122690853 -4.288058455818546 -4.317101566506712 -4.343711445838426 -4.3693118166713365 -4.421628480908473 -4.50385910747559 -4.611876322421777 -4.740841111117402 -4.885864423410413 -5.041839208606989 -5.2025632800268165 -5.363533802590287 -5.522938203865101 -5.676746049459372 -5.820063308239855
-3.90354038651618 -3.866508949745007 -3.8272608902979215 -3.787697686892678 -3.749567250689709 -3.714448527559057 -3.6837246237572243 -3.6585407899468305 -3.6397469425553366 -3.6278292001949275 -3.622840010620765 -3.6243400273396373 -3.63297650975387 -3.651584021713271 -3.679386604631922 -3.715030640840757 -3.756750034367204 -3.799607786735838 -3.8450543496887164 -3.8922188289657926 -3.939379483959697 -3.9847622687273447 -4.026539888019615 -4.062814632921289 -4.091590223901919 -4.111713212781335 -4.131954542063326 -4.154407973345845 -4.1782181824505065 -4.202335471227414 -4.22558039082241 -4.246729778010959 -4.27778853288466 -4.340310332602375 -4.429808416902805 -4.5411752055892185 -4.668177227101121 -4.801203063232567 -4.935932361829702 -5.068381379509901 -5.196082689070664 -5.319805399108942 -5.435690678048736
-3.9008617879692453 -3.850790448668424 -3.7977130341767595 -3.743722936956717 -3.690823892468941 -3.6409110193096867 -3.5957340378709723 -3.556837361157815 -3.52547582031494 -3.502511597383721 -3.4884039910073774 -3.485899276110511 -3.496261490476517 -3.5189705169245533 -3.5529068712235627 -3.5961302391952663 -3.641210145115754 -3.6849660600083043 -3.728513991948744 -3.774453769378339 -3.8210651918023575 -3.866538038986036 -3.909072367159966 -3.946854462314839 -3.9780191581870215 -4.000605709699129 -4.0149162889273144 -4.03145678465687 -4.051166218358898 -4.073161569143829 -4.096382730276608 -4.1196623360444296 -4.142176741394268 -4.18439681829124 -4.254679336510457 -4.341818670809182 -4.439053430215715 -4.5431130489084754 -4.6505293490146515 -4.757572463144169 -4.860206970778206 -4.955651360359496 -5.046266946095159
-3.8769699787828293 -3.8136550968586618 -3.7464603968469663 -3.6776604047684054 -3.609511626035391 -3.5442364273327867 -3.4839820721801433 -3.4307455947253898 -3.3862644013250502 -3.3534975744077125 -3.3351292327600364 -3.3321099474889273 -3.344598217755813 -3.3719426157625834 -3.412457272493569 -3.4579124325672357 -3.5044350393130483 -3.5507894966524143 -3.595685906668561 -3.640644974075139 -3.6867829389758144 -3.7322711057772398 -3.775369626325751 -3.814391835665863 -3.8476516959627216 -3.8734017721028957 -3.889770488108641 -3.9008614154984063 -3.916827108033754 -3.93716534974446 -3.960884323172097 -3.9868125017874574 -4.0136777124068805 -4.040733328523081 -4.080517168745239 -4.135164756180204 -4.201540289814195 -4.276457076193183 -4.356638565069264 -4.4386761967904125 -4.518997171257509 -4.593855900895062 -4.6613406790654714
-3.833339024856912 -3.7566409484910177 -3.6750666714193305 -3.5910522735761483 -3.5070966391233234 -3.425757122167055 -3.3499097372879847 -3.283348796621106 -3.2291698179596313 -3.1900557536974725 -3.16808047472482 -3.1644647358633016 -3.1794134457627967 -3.2120441936877384 -3.2545237713740596 -3.3010133475090218 -3.3499869397933537 -3.3997710070489635 -3.4487321130586768 -3.4954024661702228 -3.5411197010464774 -3.5864690147604863 -3.629812344468096 -3.6696432215387933 -3.7045143392959377 -3.732951397022538 -3.7533620326793087 -3.7643636566378884 -3.7768782323569146 -3.795990806659961 -3.8207315174725633 -3.849865352851731 -3.8792776613087545 -3.8976218509763503 -3.907522026571103 -3.9295030823364305 -3.9648837978483913 -4.010614216346021 -4.063667483345721 -4.1210090647518145 -4.179564794826393 -4.2361986063102135 -4.287710757726339
-3.7719049063981522 -3.681879124575255 -3.5860626627954217 -3.487200459842791 -3.38830442379129 -3.2926655363194217 -3.203829191787279 -3.1255064156346917 -3.061391369295689 -3.0148690747116493 -2.9886358443055863 -2.9843125290377617 -3.0021736923536384 -3.0371825194707487 -3.0801541962710384 -3.1290776880031568 -3.1817595504444767 -3.2359643242859035 -3.2896471375691756 -3.3410809138079056 -3.388902374682776 -3.433838275273513 -3.476925587666929 -3.516912462491189 -3.5526647715638138 -3.5830593781304225 -3.6068558041759333 -3.622570297901614 -3.6329543777205786 -3.6512662331888284 -3.6775908462866282 -3.707913016674577 -3.7288142785241645 -3.7392414545655885 -3.7399804123583125 -3.7338783390059254 -3.7382773870066353 -3.7548349188410826 -3.780818773523845 -3.8136149553152063 -3.850687187138786 -3.8895318845726163 -3.927637607147428
-3.7042661623032305 -3.6013230187858225 -3.491991986371608 -3.37907560977421 -3.26572468492818 -3.1554915799154415 -3.052352718105872 -2.9606582355965916 -2.8849494693504245 -2.8295878610954377 -2.798193124337061 -2.793006110152641 -2.813091590658961 -2.8477051895775105 -2.892989484438168 -2.9461492623338543 -3.0040861777447523 -3.063862121432555 -3.122963651668 -3.1794090828152926 -3.2317576226033236 -3.279065386600884 -3.3214106966772015 -3.3606182926518016 -3.3962129790883275 -3.427523860176132 -3.453763578282849 -3.473842671431533 -3.4866610871260892 -3.504619786838436 -3.5317764559903195 -3.5530433334616145 -3.5650144428491104 -3.568108804215582 -3.5628590202363646 -3.550033837017683 -3.530944742821128 -3.518339610751143 -3.517202980492693 -3.5253880293495676 -3.5409457642797624 -3.5620505769211146 -3.5869127815041173
-3.63733575863842 -3.521811036902397 -3.399073219330658 -3.271909216901167 -3.1435276436333774 -3.0176688844553228 -2.8987072459682452 -2.7916920913206353 -2.7022267264984223 -2.6360442205828782 -2.5981850438150023 -2.5919051610898007 -2.610947476267124 -2.647095858196706 -2.6971415195175177 -2.7568395892127495 -2.8218846383039757 -2.8885036049586907 -2.953697861739429 -3.015272695731876 -3.0717723521048557 -3.1223860321899037 -3.166847589036438 -3.20532526627931 -3.2393461259823226 -3.2701492838448063 -3.2975420688260186 -3.3209565645040433 -3.339193396386494 -3.357601006849099 -3.376804562275055 -3.388428932267938 -3.3925247309471667 -3.3890953086697806 -3.3783303259127533 -3.3607629861070505 -3.337351902180865 -3.3095005749444915 -3.2819492899857527 -3.265188851699596 -3.2588396109239355 -3.261805110739215 -3.2714552527077165
-3.5737382505595026 -3.446272724541132 -3.3105619731338547 -3.169282385705043 -3.025577733859332 -2.883234277161546 -2.7468959546889993 -2.6222759960805218 -2.5162296710007395 -2.436405138343903 -2.3901114015268123 -2.380721859497753 -2.3986219241746145 -2.4393509623634184 -2.4974687551679575 -2.5665817916974367 -2.640842451200551 -2.7155855657855503 -2.787404346896429 -2.854002257982092 -2.914008169552302 -2.9668226723504887 -3.0124214124681936 -3.050601099288775 -3.0828019727251816 -3.110916871448618 -3.137001932197527 -3.16242660279317 -3.186481817314225 -3.2039093760191526 -3.2142041764946683 -3.2186451534109803 -3.2163145306055565 -3.207440393209034 -3.191816240892612 -3.1696911301124038 -3.141901361145524 -3.1098804014819654 -3.075621639606476 -3.0415466164992484 -3.0115814665827787 -2.9922082018948424 -2.9830977808886443
-3.516084034171908 -3.377699961059765 -3.229890808081951 -3.0751177163100696 -2.9163028656012644 -2.7570578456006323 -2.602022760901355 -2.4573288428907016 -2.3310897383110563 -2.233504574861835 -2.175614329405607 -2.1599530982992845 -2.179602277471813 -2.229420342631834 -2.300060136767799 -2.3819992936784082 -2.4676261786332887 -2.551542684749452 -2.630178821038773 -2.701298688871116 -2.7615929302880553 -2.8104610714682963 -2.8495405791947714 -2.880999790343023 -2.9074400177479784 -2.9317014693740155 -2.956478066843238 -2.9836974895332125 -3.012982135934248 -3.0267161963542 -3.032645088784751 -3.0362819093562585 -3.0351587178214854 -3.0268089617138716 -3.0091904814941635 -2.9827851932554363 -2.950180743008156 -2.9124363506584037 -2.871376833120347 -2.8294183605322463 -2.789456821839944 -2.754680915801244 -2.7282691394076606
-3.4668689317714776 -3.3190323526004417 -3.1605485653925225 -2.993574170004891 -2.820651133394242 -2.6449454121839584 -2.470660436117425 -2.3037487254041826 -2.153049014594317 -2.031638187908599 -1.9562950174757798 -1.9320926745427163 -1.9583408317130115 -2.0241637018241647 -2.113067650178211 -2.21138034215548 -2.3100437242745344 -2.403510950999779 -2.4853255845906745 -2.5522951519433246 -2.605158840721472 -2.6453739155684044 -2.675032728017176 -2.6968660522731582 -2.7142659658935333 -2.7312102598485692 -2.751888176056405 -2.779819981134806 -2.809875488580123 -2.8233285727837263 -2.828965642131204 -2.8354276239140326 -2.838838625222591 -2.835620626470228 -2.822944650885773 -2.798845765368256 -2.76220397120412 -2.7161395722423833 -2.6656140735572063 -2.613506041702321 -2.5634042631604954 -2.5194522228476313 -2.4860176380962864
-3.42834208179209 -3.2729896525225795 -3.1058737454394225 -2.9288086124868338 -2.743857208936091 -2.5535141526000222 -2.3610661581719765 -2.1713436476859456 -1.992352297927773 -1.8386813828812807 -1.734307678229683 -1.6997714211774544 -1.7419484024351277 -1.834474007086258 -1.9479765731193228 -2.0650832139627235 -2.175672880409922 -2.2699192552593797 -2.346393735532129 -2.4056428228800377 -2.4489457881950703 -2.478157605798875 -2.4957126267148664 -2.5047509684521656 -2.509338732401202 -2.51467696291502 -2.526970982580833 -2.5521614424808634 -2.577741039615405 -2.5931681140811067 -2.6029234599955453 -2.6162808815807184 -2.6274780017421504 -2.631608859949085 -2.6251577268997828 -2.605845077161537 -2.572435982657894 -2.524628277592366 -2.46411722244965 -2.399656914391877 -2.336569881366247 -2.2801033832213973 -2.2361667836096264
-3.4023525964261734 -3.2418607393518997 -3.0687632991734066 -2.8845784647728876 -2.690922876841357 -2.489593079023443 -2.2827418941336024 -2.073304595111917 -1.8661829221794362 -1.6721337427413525 -1.517604846033949 -1.466535399109003 -1.546239821198041 -1.6795321377456713 -1.820775184752427 -1.9520270313921597 -2.0624743840116917 -2.1514697308564252 -2.2197612204957435 -2.2686988388824143 -2.3000295299481737 -2.3158621534812855 -2.3187529458169167 -2.3119352354343796 -2.2997600459512966 -2.2883913809026537 -2.2864836612220114 -2.3017317975426077 -2.3214932255302996 -2.3420490116527612 -2.3618150894149172 -2.3869732150687457 -2.409463213878079 -2.4232020446598304 -2.4242996666211827 -2.4103901085403208 -2.380224123280507 -2.333503824783779 -2.2708934361389743 -2.194510867722129 -2.1152335837497582 -2.0421923553435035 -1.983204728118237
