_RESULTS/CROSS_VALIDATION_POSTPROCESSED_80-20/MHZ/TZ/5comp/2/MHZ_TZ_z_500_kriged_reverse_5comp_spherical_2.asc
ncols 100
nrows 81
xllcorner 5.5967107548124995
yllcorner 50.982328804812504
cellsize 0.00017565037499993607
nodata_value 1.7014100000000001E+038
[rows 38 to 56 of 81, columns 0 to 42 of 100]
2.8565853026097843 2.700606937025806 2.4959885226380174 2.294254180299553 2.10602124960349 1.9358108392601194 1.7874770250327738 1.6655723236525983 1.5704216875090473 1.5013875545568869 1.4567793333235048 1.4339017099892555 1.4291415209092684 1.4383160255451068 1.4591120035618266 1.4875121250443222 1.5217600733210064 1.560971121393294 1.6072382545251944 1.6648447986797903 1.7327919608802418 1.810053565406686 1.8956609401182087 1.988610278867798 2.087754821044676 2.1916740283538854 2.301151763406987 2.423624915744397 2.559204300578656 2.714068295229838 2.8895462757423136 3.0797982234212222 3.2648911065813113 3.4294000301526935 3.5340956360578435 3.449545453035241 3.2503468335880337 3.030697834032276 2.8099137559315235 2.595973695655678 2.3942271254802363 2.208673073987733 2.042388695607189
2.955962125433893 2.7489124900937987 2.519869185310246 2.3018853821332192 2.0996587947354297 1.917188417746531 1.760789059886922 1.6323770646445597 1.5330756976775735 1.463267607704002 1.421372428385289 1.40360789804591 1.405312952127918 1.421297260335087 1.4485323671309913 1.484922361017155 1.5265986926716606 1.5732130974992586 1.6288370097022484 1.6952910686113196 1.7716111624910336 1.8567827749903252 1.9498045669065502 2.0495766696565703 2.1547697203898357 2.2636777010006353 2.375003247305787 2.495977966848485 2.6275288535137467 2.7675518979755616 2.917583202784114 3.063890677745923 3.192421011341166 3.284428388857904 3.303219405494806 3.214870737836031 3.0420854887030244 2.832761453107634 2.614866704736439 2.402301003405431 2.2029314407455836 2.0216548803899297 1.8622916219693106
2.845350175041835 2.698168173011356 2.494818894717222 2.282073835691387 2.076932733414125 1.8907227898203143 1.7289711752261276 1.5944480175338596 1.4906154178274664 1.420674698563482 1.384026721759768 1.374711927355186 1.3853028373696614 1.4100533522898422 1.4447620841229918 1.4881044625237265 1.5380635328532832 1.594811115568565 1.6592543536058217 1.7333149461623423 1.81654161513802 1.9079090004983437 2.0063810478047004 2.1107779881718955 2.21961650665652 2.3309348779087644 2.4423188080364198 2.559411247157866 2.684417834520448 2.8142216372768916 2.937455373844607 3.0356474590579716 3.105727824130124 3.1350714491985268 3.1021297800218015 2.9961920379269995 2.8302489872635492 2.630367824729727 2.4192478059684417 2.2119387426730444 2.0178111477803493 1.8427771957364816 1.6939751850442208
2.750720216894347 2.622425838062059 2.4447539022249494 2.2459938796112713 2.0469591619744545 1.8622096048446126 1.6970233505401 1.555684853845949 1.4445817713370692 1.3735209345372197 1.3459038824428953 1.3497551154908347 1.3721135819821288 1.4064782811167345 1.4494769983736366 1.4998056901288561 1.558412362599016 1.626383407666935 1.698984463780397 1.7791990848912216 1.8676324415029748 1.9632417735171048 2.064986860931654 2.1716646620305804 2.28170816910462 2.3929718628679852 2.50252846492955 2.614042245074308 2.7308745544348816 2.847853807626603 2.943399428781584 3.005868099445743 3.02858075547039 3.0059724092816236 2.9341858148137776 2.808088031092012 2.63788231082394 2.440991966363516 2.23474839146617 2.032677091731089 1.8441508772696322 1.6778811415657506 1.5437759601842953
2.672740961616041 2.5538812987308677 2.3929692387164603 2.207974854061473 2.0195736018262544 1.8393688692484884 1.6731016643685506 1.5248142336630308 1.4005958140184156 1.3220879502911767 1.312052955868868 1.3350016231940782 1.3703425518184047 1.413787692068834 1.4647699042554096 1.5225584307094966 1.5894730031642244 1.6683352718540088 1.7486240788184404 1.8333042702186615 1.9249693856005483 2.022577325142839 2.1251601983412804 2.2315987437514093 2.340359857154351 2.4492344993008306 2.555092614858672 2.6601243992293124 2.7683397775148495 2.868519956459183 2.9378791040501926 2.9693901140568095 2.957972649177822 2.900849954310234 2.7989389951062016 2.653342539426692 2.4733796747284673 2.2741058905037868 2.069313039451039 1.8705224009320904 1.6872809933581294 1.5332852543139655 1.4122796863728546
2.611483021113558 2.4999220047178636 2.350988913297224 2.1791579510184693 2.0022522574772945 1.8294258874035443 1.666572848028954 1.5171241665321942 1.3826657369098245 1.2701175142696857 1.303566690833558 1.3418621865913074 1.3857551735973976 1.435958358016242 1.4929925734040297 1.5573419802985335 1.6327710920847716 1.7207760492917754 1.8086826227819808 1.8959675004301204 1.9885574263057335 2.085553583177304 2.186210586890595 2.2896618617265245 2.394567708756811 2.49881148900329 2.599233855084994 2.6975274261438855 2.7976459135229415 2.879830184466696 2.92660779737006 2.9317016469104518 2.8912657162712145 2.8055838989688495 2.6795541283648814 2.5198225604669418 2.3324056944188687 2.1300539231326705 1.9250765326293342 1.7277653200844807 1.5523465868579231 1.4085052836155618 1.297065571904014
2.5664008846435897 2.4622224729183833 2.3232186379428232 2.1640663972867324 1.9987881621725574 1.8359592306257926 1.6822571036238028 1.5430204298188819 1.4255483008770151 1.3527601389824229 1.3488585204505625 1.378789483908679 1.4220398017335327 1.4744746961897621 1.535262179099394 1.6048936523430652 1.688310142626752 1.7834628706575886 1.8782920543852364 1.9674042975178299 2.058189039594341 2.15147944514391 2.24703177816219 2.344469573693291 2.4428184498805705 2.5402055975586473 2.633628641598815 2.7252916368308675 2.8171712775024913 2.8842826596748883 2.9134280477330585 2.89717010157841 2.8318597838001462 2.7205040780183407 2.571921522512581 2.396980112743656 2.2016404495711646 1.9960854930197547 1.7908283424843259 1.597101892246687 1.4305135937375646 1.2943268520186881 1.1895163521975554
2.536969190160291 2.440755320002613 2.3110130080234814 2.163174197135521 2.0089962554727636 1.8575252721792606 1.7164386203834598 1.592825339164717 1.4955300506726943 1.436574528785329 1.4212346110631926 1.438568097504408 1.476047595662857 1.5274514395432977 1.5902797020517963 1.6648703236604576 1.7555630544750171 1.8559683004494323 1.9564532323781272 2.0476228667542147 2.133272219359372 2.2191056346775615 2.3058894125570677 2.3940168841212897 2.4829844772634746 2.571232446306211 2.656061150769864 2.7413017540956 2.825397986530594 2.8822824364702417 2.9002868570849794 2.868671713695253 2.7816225932359524 2.6455164081591707 2.4750339734509934 2.2847500076363296 2.081883857156542 1.873378716922526 1.6685028858852997 1.4819878191640024 1.323105377839427 1.1926438317127526 1.0917321257192873
2.5239139593343696 2.4365793139495264 2.315149019903363 2.176043830709373 2.031217458560098 1.890545493147409 1.7620366852611924 1.6526031152684213 1.5689974800744348 1.5171154419705721 1.4984898550901686 1.5083184024379566 1.5397349695940763 1.5884903378725599 1.65229925822991 1.732135047209933 1.8304562269554774 1.9365752623295558 2.04207911083443 2.1347112251062965 2.212515169118263 2.2862520228608143 2.3601717597762684 2.435598945375524 2.512379750800547 2.589151111162559 2.6637273364910734 2.7422193833192026 2.819341566819781 2.870953276395804 2.886331194734521 2.8480382192494798 2.7408012814212 2.577981438216329 2.38588574222788 2.181871687536331 1.9735334637038475 1.7646523455027274 1.5635399742464182 1.3855456695963653 1.2338668909400294 1.107778100236489 1.0079176057735835
2.525287821365153 2.4484890512201574 2.333124998561012 2.1988815096879923 2.0606253243478894 1.9289660716364732 1.811270561021205 1.7131556813874806 1.638267944944139 1.5880195759193514 1.5642660804296074 1.5658960210325947 1.5902892322437703 1.6350992049406536 1.6989035996341852 1.7838228537559668 1.8887988969242657 2.0042707845928613 2.119600763637131 2.216535389740743 2.2898161731987847 2.349015715618579 2.406142008044661 2.465899401042082 2.5280629401013157 2.5911246085252633 2.65382854122452 2.7240639865970966 2.7936169678308103 2.8420524159924856 2.863295817249399 2.8357279068512597 2.7046982025701354 2.5094884817546284 2.2989610512705387 2.086835025379534 1.8778235210292524 1.67203471949575 1.4785257938249878 1.3101298821121072 1.1663729389725648 1.044995917379914 0.9452497812637067
2.537338022027937 2.4745520520278763 2.3593452233752856 2.2243872604139443 2.0901691992558193 1.9661854799914151 1.8565271393993217 1.7612965858257092 1.685311888369306 1.6321094147831898 1.603256123257448 1.5986403671129794 1.6173083432738977 1.6583747094523875 1.721533125297286 1.8086853621407568 1.9177065619019367 2.0444433077257953 2.174694931514209 2.271806672446174 2.3356051190123233 2.386345063671027 2.434230017835869 2.4814461875554197 2.527447584077939 2.574996222567955 2.6245652740868244 2.683893812202664 2.742751395428127 2.782821890057633 2.8024871830591964 2.7988332794747 2.638178629043702 2.424236562963992 2.209419803055558 1.998460009272542 1.7943211582472414 1.5956516782153856 1.4136226508696201 1.2568911116152925 1.1232584722153718 1.0095078226743555 0.9147596258955115
2.5476063271694964 2.511652832416203 2.379405046759652 2.2409270973204434 2.111721287564557 1.9902736181549232 1.8783962988946417 1.781510760080747 1.7036416673891965 1.6474278480587283 1.6142315771834514 1.6044612526379527 1.6180904873325526 1.6551975267607384 1.7160376356868983 1.7988800360107162 1.9068700628431663 2.0405476783762153 2.19862375006232 2.2829147531744662 2.3306072207823143 2.3785147694773157 2.4236114860047153 2.46767547357087 2.5084852399189663 2.5414138775066095 2.5774138214787827 2.6230939502498107 2.667543786119881 2.690933694011578 2.686813901868053 2.6341360933120694 2.4989952701568123 2.3102563355452252 2.1083582723406487 1.9081701139246423 1.7151375442518948 1.5285589747871255 1.3617953824640816 1.2200339336231096 1.1000341784817802 0.9988016221860092 0.918142344017532
2.5083168319375684 2.478928512687648 2.361597789526668 2.235157656757651 2.107906291877506 1.9846895800152258 1.871748099739673 1.7737914761541562 1.6942116449177338 1.6352510687342132 1.598231862085791 1.5838727516238853 1.5926624018170288 1.6251769091318966 1.67838583120393 1.7518206198444064 1.8502155011125794 1.9721085199204875 2.105316309209366 2.200005021682004 2.262095665785102 2.3184319665395985 2.3710686216747803 2.4171957158132935 2.457347445378129 2.4896427754277974 2.5173899457589806 2.548174156936961 2.577023237030164 2.579919797387679 2.54826249735765 2.4719619049528845 2.345022178851581 2.180434535043593 1.999531958117632 1.8170982910973879 1.6402589241225094 1.4697667097606826 1.3188551100955281 1.191335942217546 1.085988408824377 1.000958779749403 0.9409070297584383
2.4238071371521412 2.388421514001935 2.306187384595829 2.194475971921154 2.071960280237286 1.9509740116634515 1.838955429366815 1.740858792723104 1.6600330061498958 1.5986785589814128 1.5582012749755498 1.5395422989220828 1.5434735317951402 1.5678410929859605 1.610278582598189 1.6714038112334544 1.7548480815960266 1.8569197287793007 1.9667487136900073 2.064161267526961 2.143932730180665 2.2139269621483595 2.277352484434652 2.3328788723829788 2.377065120579941 2.4124213909841763 2.4437671646086385 2.465115726104725 2.4747329161229388 2.457176902173993 2.4070529192330445 2.321119867190516 2.2003663375008564 2.0533911929480158 1.8929801531936117 1.7304379642334344 1.5712964482696816 1.4152245227022902 1.2788824666549377 1.1664711565871766 1.077040989384653 1.009624266124263 0.9698680179117144
2.3371436990380916 2.305486998107184 2.231390128225804 2.128089193502376 2.012005455073591 1.8949971378507877 1.7850378713880615 1.6874375788079987 1.6057258664007286 1.5422328343787424 1.4985179479883468 1.4756471275060248 1.4718051325542414 1.4857856233391231 1.5173015311311628 1.5659323350528016 1.6344867571407355 1.720290278953434 1.8167052387509393 1.9115716963420202 1.9990436645283816 2.079387817483053 2.152776087301815 2.2174910199677598 2.2712804188711204 2.3173957542521957 2.3516435885639546 2.369163385824741 2.365149151648736 2.333141355728643 2.2724865426070924 2.1835164590887177 2.069414307579177 1.9369526307272407 1.7949787941449815 1.6500873667913276 1.5048629663810704 1.3629565341152161 1.24119835994402 1.1437436830564494 1.0697581807257457 1.0190362818641507 0.9968757881643256
2.2575332572428923 2.223405591724052 2.1486207049660715 2.04914454722848 1.9377338550390453 1.8243282263285772 1.7164490129118632 1.6194142669398064 1.5368683932800826 1.4712866379733254 1.42393752542489 1.3936337314014664 1.3805517340370659 1.3848649275854141 1.406364796208431 1.4442610843245907 1.5003184911492036 1.5740579739114018 1.6610329059345668 1.751908945462015 1.8417111229225278 1.928002151780793 2.008665639572159 2.08099975356665 2.1465806042805053 2.2024590847902443 2.2410782323150387 2.2592472866333098 2.253865358104866 2.2144032927821846 2.148486622851222 2.0601481611270187 1.9533340451546348 1.833830192636171 1.706086164238408 1.5741208600725425 1.4421003682745055 1.313928736777366 1.2056253518288345 1.12188221993481 1.061859764325156 1.0257547874423665 1.0173293030366939
2.183456331832284 2.141812716956917 2.0651137816647047 1.9664373633673533 1.8574511733331034 1.7463553680909287 1.639848103861385 1.5429633168496846 1.4592350816059818 1.3896899072336928 1.3352968439181927 1.2970479210098698 1.2756057893261923 1.2713409116522454 1.2842554699996929 1.3138098641795901 1.3602118916576373 1.4250408894457323 1.504574785697843 1.5911756202542624 1.6807275555333963 1.7697873415157666 1.8549906993935223 1.9356348226305529 2.0102554688775007 2.0706320280552024 2.113514667685918 2.1359437052023313 2.135199718246685 2.1031590588821927 2.036879241459486 1.95158308659953 1.8524034809028593 1.7428646098013738 1.6245933333683786 1.504379089675709 1.3844328327998023 1.2689876482246432 1.1722985220255475 1.0999132011515582 1.0505569900645157 1.0241377372653349 1.0244926046134697
2.1119253179214112 2.064087375390012 1.9855181912162931 1.8859750826115236 1.7776088185459709 1.6674307837192153 1.5610320487437745 1.462094584276982 1.3737326992666017 1.2982045687182415 1.2371278055375692 1.191696137147034 1.1628162371177784 1.151137445100457 1.1569690353800584 1.18011759436563 1.2199711032091172 1.2782991431576525 1.3516594557555666 1.4342672622496984 1.5224061453422624 1.6122441219105954 1.7017277249336942 1.7899061314152986 1.8679722160263998 1.9317805505664511 1.9782869309702868 2.0046849619694185 2.0086118770383727 1.9871511722222555 1.9292516813588942 1.8512299283177487 1.7609787231298246 1.658334539782266 1.5491803194489961 1.439048761016963 1.3294294306544197 1.224694120603791 1.135931640930018 1.0712557955821007 1.0294827012950167 1.0102343563737675 1.0172113114841903
2.0457003066708905 1.9927942922073287 1.9121928672339572 1.8110764935469197 1.7009351539179267 1.5886027716653504 1.4790254690373352 1.3761865123098644 1.2831358337782912 1.2021581793033942 1.1349945663967898 1.0830494642328377 1.0475262119933126 1.0294415543129012 1.0294991832908211 1.0478684500642141 1.0839880568084082 1.1376087352702238 1.20605177699305 1.2852880292431519 1.3716149283542896 1.4627478059620016 1.5574842436133083 1.6480037761214015 1.7280158293325125 1.7942040849324392 1.8434981564766737 1.873222559174541 1.8812876649115375 1.8664096642415233 1.8222572247449245 1.7519793311793228 1.6675180813004606 1.5718417998713616 1.471550018918736 1.369985227118067 1.2697064964479416 1.1749886022094922 1.0931009792033062 1.0346398895463988 0.9988467780167585 0.9849048639826586 0.9962943620402718
