_RESULTS/CROSS_VALIDATION_POSTPROCESSED_80-20/MHZ/TZ/5comp/2/MHZ_TZ_z_125_kriged_reverse_5comp_spherical_2.asc
ncols 100
nrows 81
xllcorner 5.5967107548124995
yllcorner 50.982328804812504
cellsize 0.00017565037499993607
nodata_value 1.7014100000000001E+038
[rows 19 to 37 of 81, columns 43 to 85 of 100]
14.519900290844406 14.218391954894729 13.864206435636145 13.46286711175883 13.021968873334327 12.55164108636496 12.075157037912627 11.890924110521254 12.911923686246999 14.143099121917736 15.367337225786368 16.512337614220804 17.505733388725265 18.286658677926415 18.797688530878688 19.030081953674777 19.008217367389012 18.795312218692548 18.53773733385134 18.38387932592834 18.331852046969598 18.379507844749412 18.54782746998943 18.849252985062506 19.248314834363608 19.647908631401055 19.963772141368445 20.192802692465797 20.335098675696578 20.380651466744887 20.314554639171824 20.147671427313476 19.891442952738398 19.55546782999311 19.151257693310537 18.69258781012148 18.211465717739227 17.73637128985342 17.30107728085411 16.96664130552469 16.822475855179487 16.895139439520392 17.122717083981005
14.59684594939374 14.335434723971893 14.02198982203112 13.661408100095423 13.262589698783536 12.840678396836095 12.44073772662222 12.398353066195014 13.35271405981486 14.606767800847598 15.879140257112912 17.065984318436918 18.054755376561264 18.761395601011902 19.17940214940179 19.326890557605523 19.246253701088364 19.021945483932985 18.78951653730339 18.625519861968037 18.56285625054996 18.617973259127744 18.808399958448813 19.141824380838788 19.58089802856609 20.02030872029729 20.375266604657867 20.643880322472256 20.82405271593341 20.9105348512008 20.88507080099371 20.7377668214152 20.47251254571175 20.117382786685457 19.687780254462307 19.20229488738681 18.69890579918482 18.20950469680162 17.770595719748357 17.42977211558395 17.234019498664495 17.19798790428958 17.29831359233161
14.75131162498611 14.558371306609914 14.32158712506442 14.050624974178922 13.766526357843611 13.511981307222232 13.388645737349803 13.617471287153643 14.374780258150837 15.481636543179228 16.690201415284957 17.78808760514707 18.655079858477002 19.236020033923303 19.52786641075838 19.56807765722492 19.418149370117295 19.200479767892233 18.995834616953108 18.85996040720089 18.82709830874725 18.91717666164637 19.14415185990789 19.511127051186342 19.981982508014635 20.442859259386097 20.827412484095614 21.13056631626201 21.34711634360217 21.471090917509724 21.48347854616438 21.369849474115377 21.12626161745095 20.757413337221458 20.302928130652447 19.791331016398317 19.264404977231507 18.753864139082843 18.293998839770342 17.921634239738903 17.66609041865026 17.53356936493548 17.522672910194142
14.968026335286396 14.867189143239687 14.734418985582176 14.585240813475872 14.451376572250412 14.387145712433929 14.48314563829904 14.85955537647886 15.590062796320122 16.59311574485291 17.643863309011934 18.571743658933034 19.27412767794405 19.693583258708976 19.8308859837057 19.74228915557318 19.538988417404347 19.320229723404097 19.144729309531115 19.055321998892087 19.077229319196107 19.223104178973287 19.499015761240777 19.90196231694017 20.396645318494823 20.871888685304516 21.283065867367874 21.62121243218044 21.87777862443619 22.043225585858757 22.098830114293165 22.01934090877505 21.8016659109513 21.448648101218872 20.972235958850927 20.43155560966145 19.87504792904052 19.33342252946239 18.838776089722714 18.420928616347428 18.093430512469503 17.87524805755998 17.768953496412408
15.224811030736898 15.234913328577077 15.220319092881072 15.20452215870676 15.224292094200473 15.334079944901433 15.60024351545353 16.08875564890328 16.837407942019404 17.72384830584214 18.60169288628572 19.35063973402652 19.871569263284314 20.10864077416184 20.071816175587884 19.85557779433058 19.597684050226448 19.369060271605047 19.21885697983677 19.177895636660825 19.260726255386988 19.47002543371171 19.80151032622099 20.243899569427708 20.757485965759834 21.249645605156687 21.69090012210877 22.070428012827367 22.37636410445645 22.59419924259921 22.703334754786805 22.6664144720164 22.47671237422776 22.1397651524389 21.667344765538026 21.09710938504571 20.50303968609129 19.920757053027916 19.38134325626211 18.902180277742893 18.50342081954925 18.209325980714713 18.02852488590199
15.473635789115479 15.62232597658649 15.741180817096136 15.859607403019407 16.02566914410414 16.283668941180345 16.68019091309468 17.25629189207073 17.98189502071867 18.746863385220898 19.470970166835304 20.055813743484556 20.40310866427001 20.454275986720162 20.233834231893894 19.901227489732662 19.57935926052274 19.329939285234797 19.19126247125365 19.184436553517383 19.317174153666393 19.58601462290291 19.97771006875922 20.46795409315074 21.003018921474748 21.518341920058873 21.99737284489528 22.43122695240331 22.802596428225748 23.089013186438585 23.265113037711973 23.282912437067708 23.128123532845652 22.80792670507974 22.340899329341394 21.76417110900276 21.1251174455019 20.493850237671644 19.897036635980257 19.352067160262525 18.898510493039673 18.557803773684338 18.326920144843264
15.71805158719593 16.00044951486791 16.261239004291077 16.518125482120187 16.807007045886124 17.181225798784315 17.673527555468112 18.287814490696498 18.939209072131714 19.586893640006938 20.173783531192573 20.620043019523727 20.825263919199834 20.70591693705722 20.310544090085124 19.859399649353275 19.464444947609554 19.17666992119492 19.0242594220623 19.0234945152743 19.181451487327813 19.49574513728375 19.952644984889016 20.517127620417586 21.08355058548015 21.619433734252567 22.1511416757832 22.663422968621415 23.125571572067518 23.502582329546918 23.76097448848761 23.844749807594866 23.731491019484196 23.430731746799374 22.97108590926412 22.391719786551796 21.722035399080646 21.034223375611 20.376516645327545 19.787187946738534 19.296887035263968 18.921767361009724 18.65378643569469
15.972422513451285 16.36216253891005 16.741984041371463 17.12451347746409 17.527412553912225 17.98507611213337 18.53744394905946 19.111058678167357 19.668444814052606 20.190805357611268 20.642972775150113 20.968668183415307 21.08553576556038 20.842204323746145 20.27367170489499 19.70066075733629 19.222332816662952 18.872997556272026 18.67500312888509 18.645135056380894 18.794278862883786 19.126095133112916 19.631352247600365 20.281798086510243 20.899560322462 21.48701196963892 22.11798102671225 22.752432904549323 23.34200630275186 23.835448728317342 24.188577648389924 24.341348968589564 24.268964232110314 23.988922185191093 23.53886891622376 22.955603366164873 22.272540332267194 21.53861939307193 20.837317009756948 20.204128182439867 19.682259055632716 19.288548694717868 18.99858087159039
16.22982112378209 16.694781276183974 17.165629046941255 17.644073075212976 18.140530036333764 18.664577896004392 19.21649195538108 19.710301080108906 20.153095166422933 20.536798037281905 20.837665868532692 21.02244660772668 21.053717399221963 20.78142507855646 20.043906670680702 19.374869372998155 18.811705645803485 18.381489025590245 18.109033370745166 18.018945384674737 18.128215454993533 18.442608984213265 18.94802794878467 19.600388330098102 20.321288628765178 21.077271849869565 21.881909662487452 22.698133986696824 23.464355931427548 24.10930164927771 24.571403825216244 24.786633504522516 24.740045029274658 24.47158808680614 24.025961662495813 23.440782031388864 22.76150685579235 22.016585356154312 21.274762711397248 20.590163438829666 20.038106218978506 19.6547391265954 19.356923726665904
16.471825217163712 16.98498735913079 17.51910271572667 18.063361747258902 18.62044483212035 19.191541523989645 19.695904861231497 20.09155979737114 20.40963024437761 20.644882336496643 20.77949444448016 20.787806809526206 20.626293675063753 20.198383444341708 19.537370862095198 18.83839506556345 18.203927256280387 17.68637931574748 17.325056074831345 17.151104184040157 17.19049961682301 17.456879539261887 17.940697477961407 18.630198225225495 19.47406120482615 20.425354959539295 21.452531419145853 22.506346937498282 23.50545143242174 24.346361821162805 24.93129259472901 25.190614024363516 25.146913988158325 24.870740398091858 24.41581999509923 23.834073296791537 23.172609005702093 22.441292898620002 21.682033167840164 20.979278354163863 20.413286657750646 20.023843956917634 19.71505824437853
16.679534230452 17.221368186458605 17.79432322867006 18.376760493821468 18.963753476702603 19.54141237244509 19.987380299184657 20.284105843316517 20.479606611896735 20.57218840790015 20.548966443902067 20.389179586066355 20.057868603316724 19.519404307496664 18.843881563268788 18.117556749336675 17.42172262318035 16.81789150553892 16.353001693878216 16.070860161553817 16.01349917697567 16.211947631046996 16.689718427164724 17.44772653813207 18.433003324971498 19.587415102292574 20.857222912026447 22.182232661436878 23.471991817843637 24.572220893418642 25.289960117558547 25.54570907330539 25.461446368687007 25.153875116694906 24.689356282356904 24.127083501240126 23.489575106276597 22.78715167223112 22.048189380263324 21.371917988287006 20.815159654430182 20.389537497946257 20.06157395791515
16.841455936734935 17.3980901229064 17.989373594686544 18.58627920223432 19.177551491119292 19.72487379910633 20.112205833585246 20.329655342193075 20.416154201356022 20.38577834501131 20.229194807609794 19.93037320874611 19.462806280494817 18.817849618472636 18.08025704159372 17.303441325767317 16.53875840410059 15.838065261098164 15.25292746973237 14.837302642566799 14.655203460328195 14.778231730976533 15.272425643026994 16.12257395503934 17.263392136901757 18.6189753785014 20.122820932480057 21.71582743202245 23.32744140929 24.79716362597409 25.64775531998093 25.785725135042686 25.622396859212294 25.285301212827033 24.83595808082773 24.304458770285486 23.702088623519206 23.040154031882455 22.340205103605204 21.690638591309682 21.147416078856182 20.715440842810274 20.380307313930043
16.955334218969085 17.51621929532784 18.109323652119674 18.701531991702268 19.278890281948254 19.784034994464314 20.114696843748174 20.27199039884122 20.277578687532 20.157260593470085 19.90052885505104 19.49214485005919 18.91354595981431 18.17166346640792 17.366380725789227 16.527346058233956 15.683170643368902 14.871693243553722 14.139356387502442 13.549664262121894 13.201962961477612 13.247270070042848 13.771238869153517 14.742598823232825 16.051429373624018 17.592057956973274 19.28755824545663 21.081311159342462 22.924905228915755 24.768790846746434 25.745918254368323 25.722074536940724 25.54445654992047 25.236146259039348 24.835049448488526 24.35383320179622 23.80050097063907 23.188978693723744 22.539070025940227 21.91864555012482 21.39955672440466 20.980813297639774 20.65570480228463
17.055332714678958 17.614754854428945 18.19659493985959 18.770220540006193 19.319594192699522 19.772806153239706 20.059068435656243 20.178411674432713 20.129589162945678 19.941505645596465 19.607214681152705 19.113989773870035 18.44973418542289 17.635909011089236 16.773487955602203 15.876050399165367 14.95802140319219 14.042914329640798 13.16424288048646 12.379791906532168 11.820935454118485 11.714899905971798 12.283225008988689 13.428845617603788 14.915994832262133 16.60776126956713 18.42587535071893 20.306322423475955 22.167838392217195 23.842158375154483 24.88605262980243 25.21141175141467 25.191735822561927 24.99617215436302 24.681478816883892 24.272047753612572 23.78150262290383 23.22872139911009 22.634992806919314 22.05370934240503 21.567084062481353 21.17653682608233 20.87719666423375
17.186122318944545 17.742896500065306 18.310251405760393 18.857242532317688 19.376356269369722 19.79333629884701 20.03870968444195 20.11199753349185 20.009179830051387 19.75546548957466 19.360787135208252 18.80870012828801 18.08998901575454 17.237610594451937 16.337110954062506 15.39921125349973 14.428735840795332 13.437788310766551 12.451158205951735 11.515194879120543 10.696501921226082 10.285052320731225 10.998781423165225 12.37540013693688 14.007539476456571 15.787356324231553 17.647068742223382 19.51592625565151 21.298370749842565 22.840631980991812 23.916140306116283 24.471362498185435 24.647243669617758 24.59797903827545 24.39154799381793 24.06757404131346 23.64902802306927 23.16068338902154 22.62686578396976 22.094989612630886 21.649660626397196 21.297882862866825 21.037740528129596
17.369852266629085 17.921714586201134 18.467755049473 18.99760847822736 19.495778399878898 19.87511294389841 20.075881316311825 20.1014350637169 19.949923121710658 19.63397544690515 19.177967213905838 18.580049841066383 17.84280086571713 16.98261047739904 16.070048414406127 15.119582886292902 14.131312677731774 13.123598402271142 12.120093904691098 11.143201503962032 10.216665410799228 9.446484811818898 10.409743969349265 11.869301616447341 13.486203767760388 15.234692362580828 17.051638910978028 18.848618889457473 20.534997758084785 21.98678895880352 23.05595717474351 23.71112350115043 24.025865788805397 24.10179133312223 23.997004639501935 23.757234831934195 23.41206171024651 22.989875647050297 22.517735724847938 22.04170559094452 21.646859330874687 21.342621039393595 21.13232091235383
17.609616708889693 18.153248057535897 18.69396150865991 19.21199796094523 19.679178927457528 20.016196073120867 20.165252044341447 20.136912037805082 19.935846109165027 19.57218422035356 19.071137066091083 18.440461472819177 17.70386432342636 16.865130802547775 15.967879203332656 15.042034320243062 14.091384896113151 13.132786417175568 12.193228972522258 11.317065469965055 10.597970997276382 10.309677298368268 10.850158904921072 11.99398875114535 13.422541854576913 15.013783172623125 16.69651854574047 18.381009247211548 19.96004984505307 21.31017673620406 22.337920324425326 23.019405941130252 23.410281307170415 23.570348361220635 23.5438970569433 23.373984081383288 23.09325888047529 22.73091691447079 22.316531177568503 21.898328019182607 21.561495251493803 21.31450815250596 21.162499998575324
17.90803056907008 18.45177358346358 18.988068606822445 19.48423563973726 19.909217424928517 20.19326235705928 20.280428512790134 20.193680768938012 19.945458491563567 19.545457800821715 19.01522316410861 18.37739282335432 17.65211888187749 16.845362524340114 15.99370016257449 15.137835797459356 14.27714061361006 13.423056727536215 12.603484077250146 11.884228613247707 11.38026936379774 11.261471155055073 11.664944948574032 12.538391774889485 13.730143969541292 15.114970753227066 16.60990955219574 18.14117877437624 19.588115639947432 20.816668453447225 21.769805182693574 22.42854317824857 22.84117475282996 23.042408631375586 23.064632007303448 22.9452531745388 22.71745546393114 22.40781381606833 22.04390070750748 21.68335458337853 21.405585360975923 21.220554104986896 21.13252398474053
18.28175392953536 18.829260368878476 19.341261146808144 19.783378456785616 20.137378798272927 20.36715415698131 20.405377037348135 20.273771478785036 19.98858606351775 19.561746943554546 19.023014155853662 18.396336368783743 17.697182512993997 16.93469467215576 16.129790334364973 15.350744275493113 14.593519990862818 13.869668435742685 13.208910558771791 12.663388773451146 12.311644414025237 12.26587885612121 12.599871922629477 13.299590854715113 14.289811299401784 15.477348340482845 16.781241893663044 18.124427575759416 19.397885221163666 20.487342522508353 21.338725255464443 21.938706066148935 22.33105957472207 22.53629400434237 22.57809827542677 22.488049445974458 22.298374240125902 22.030790281290233 21.709616044279937 21.408936283246764 21.191620311930997 21.06793086224191 21.04326515249095
