_KRIGING/CROSS_VALIDATION_CLASSIC_80-20/Berg/GZ/train_5/Berg_GZ_5_train_z_180.asc
ncols 100
nrows 90
xllcorner 5.6208707817415728
yllcorner 50.959635321741573
cellsize 0.00013419651685393446
nodata_value 1.7014100000000001E+038
[rows 0 to 18 of 90, columns 0 to 42 of 100]
51.044201884802668 51.044148566386689 51.04407904253096 51.043972295729098 51.043791878640143 51.043478333717466 51.042938800114165 51.042033033010561 51.040554973102381 51.038208979922494 51.034579924894523 51.029096578246559 51.020988170137962 51.009234708518299 50.992512630564327 50.969138667166582 50.937016398437542 50.893591823223936 50.835826262000317 50.760196909332528 50.662737130213792 50.53912985283619 50.384867753684567 50.195492867844301 49.966925220663221 49.695884480694239 49.380399984034419 49.020392541538918 48.618296449854569 48.179673019587028 47.713749517489859 47.233802426011991 46.757294847956231 46.305678560684143 45.903785133130818 45.578759895178749 45.358537456622507 45.269915063455393 45.33634429172178 45.575623486226775 45.99772224891904 46.60299444527692 47.381029036790963
51.043808447150518 51.043719232062749 51.043614507070394 51.043469007603754 51.043237595208744 51.042845519633282 51.042175197339553 51.041048602083087 51.039204284667726 51.036268049361404 51.031716467772092 51.024832766864982 51.014655243873356 50.999919282730865 50.978995296628504 50.949826487458459 50.909872140343673 50.856064156964855 50.784786521806744 50.691889188495132 50.572749219140341 50.422392610145231 50.23568974590318 50.00763544081024 49.733720627420631 49.410396493866962 49.035622918722574 48.609481263056033 48.134817220036382 47.617863355753443 47.068774840824176 46.501998161369073 45.936384538829415 45.394960986396129 44.904285737729857 44.493343456719913 44.191979422383092 44.028928251310369 44.029555999317765 44.213496110177012 44.592409186553084 45.16812325520479 45.93140628820607
51.0431439510375 51.042992520391572 51.042829384724364 51.04262537252739 51.042326041473693 51.041839282256568 51.041018661909469 51.039641472322806 51.037380388274549 51.03376769831447 51.028151318833288 51.019642308053982 51.007054426167507 50.988837481410364 50.96300776184912 50.927080728393797 50.878013223553772 50.812164557177077 50.725287734554762 50.612563524832531 50.46869074140411 50.288045734483838 50.064922407356228 49.793860809729715 49.470067305079787 49.089922259339339 48.651562033548792 48.155510813314095 47.605324785121788 47.008197135477076 46.375458679643891 45.722897713379403 45.070816680139338 44.4437456116517 43.869746057138677 43.379266511970613 43.003551599947308 42.772660357636319 42.71320887799935 42.846011447004003 43.183842329584621 43.729567259421543 44.474890748709726
51.042047122061398 51.041789590806751 51.041529133609139 51.041233868661287 51.040840201161721 51.040237178079614 51.039245699356194 51.037591430761999 51.034870229073327 51.030505013347543 51.023693380631521 51.013345955882123 50.998016554520852 50.975826755912543 50.944389412795083 50.900737854176775 50.841269890270148 50.761717929058612 50.657158236132311 50.522073259333375 50.350480665747192 50.136141035304256 49.872852857683078 49.554838535638218 49.177218561282864 48.736563036210846 48.231500446977847 47.663353349078193 47.036759744959298 46.360228090899689 45.646564038495541 44.913099720011999 44.181653671922348 43.47815380288921 42.83186961875176 42.274225100108296 41.837200728899852 41.551380634792842 41.443754554323178 41.535437534953076 41.839514359291584 42.359241109432084 43.086834856030045
51.040276858607221 51.039842063678712 51.039420610423313 51.038980443131599 51.038450241728661 51.037699830923195 51.036514462170992 51.03456171696228 51.031349783144115 51.026176058910998 51.018065544609236 51.005699392597698 50.987335377923806 50.960723952291481 50.923025892810635 50.870740191102662 50.799653467413343 50.704824454304394 50.580618524370088 50.420807380133446 50.218747497915551 49.967647487482019 49.660929172667629 49.292680125839347 48.858187022586684 48.354530086741526 47.781209683506319 47.140767367332742 46.439355899899127 45.687206374897173 44.898936134536214 44.093639369167256 43.294704236635411 42.529307473725567 41.827551450167178 41.221230881304415 40.742247603050217 40.42073106031085 40.282966552361437 40.34927763975189 40.63204635470602 41.13407693431158 41.847508249046712
51.037481750241078 51.036757445901166 51.036073507307798 51.035402230351984 51.034667964648115 51.033722753399154 51.032314773742847 51.030048273213559 51.026333750655844 51.020327427283256 51.010859720537972 50.996353591408557 50.974735371614166 50.943343004299287 50.89883945245716 50.837142103226675 50.75338193174408 50.641908462415522 50.496357581326286 50.309798432478793 50.074972529131593 49.784632639904167 49.431981124386802 49.011197734454946 48.518036347656526 47.950459760381918 47.309272679534267 46.598706383287208 45.826904812635505 45.006261342950033 44.153558062946487 43.289864794702723 42.440163155112231 41.632671840590511 40.897863574797427 40.267182618150116 39.771495086941229 39.439332529940884 39.295020878877395 39.356818874906025 39.635217452132643 40.131568192945238 40.837208626203633
51.033162508474696 51.031976402680037 51.03087254463059 51.029834940170495 51.028789873472697 51.027575797112682 51.025904880082201 51.023314927312263 51.019110498603048 51.012292458463968 51.001476031326654 50.984798863029361 50.959822697051258 50.92343506442446 50.871760715382912 50.800096060933946 50.70288312202819 50.573741718165373 50.405579099113275 50.19079421290504 49.92158880038388 49.59038937838087 49.19037329616679 48.716079359963139 48.164070455089018 47.53360390482365 46.82725675927766 46.051449251892677 45.216811101226114 44.338342144580061 43.435330104784676 42.531002631055387 41.651906414827657 40.827021706077772 40.086635138080659 39.461007430115927 38.978885990339442 38.665926622436658 38.543103940320542 38.625206078757508 38.919523666400082 39.424852107294143 40.130925418978691
51.026627833834276 51.024722434694944 51.022960996576664 51.021350486697251 51.019829393879739 51.018230690817255 51.016235266167136 51.013314663976153 51.008662155841527 51.001111688054316 50.989045269874417 50.970291070598641 50.942016983907784 50.90062768824577 50.841677087340024 50.759812029821454 50.648766713261985 50.501429308164113 50.310002132156434 50.066273284703463 49.762010435820621 49.389476386446511 48.942051717969427 48.414933725330762 47.805864965890478 47.115831658237454 46.349664334471555 45.516472579528241 44.629853375002881 43.707828156648318 42.772485431106425 41.849330752260919 40.966370501446669 40.152976876270948 39.438596325978956 38.851371426167219 38.416747581601975 38.156133066285022 38.08567647151596 38.21522201179647 38.547501450243615 39.077620938794112 39.792899304949572
51.016945514483943 51.013945970799675 51.011177755663844 51.008687228537461 51.006440736374138 51.004279218496372 51.001862076940363 50.998599424240631 50.993572093322619 50.985439424123676 50.972336037651154 50.951760771720267 50.920463813726307 50.874341805548958 50.80835506790762 50.716485565453418 50.59175798191098 50.426348227959359 50.211802692226193 49.939386514321534 49.600569449887324 49.187643533992848 48.694448662111732 48.117162326630094 47.455090886880754 46.711385265015373 45.893597174933362 45.013995509893839 44.089577526438177 43.141735240073515 42.195571183870037 41.278894781838133 40.420965425870158 39.651075343328593 38.997080178095722 38.483985816478338 38.132687106431895 37.958931159713174 37.972550193522245 38.176982239009789 38.569077482109243 39.139176284096635 39.871441960968724
51.002892250244678 50.998266832134696 50.993992335758627 50.990177625173224 50.986839551625074 50.983847450916095 50.980855717098642 50.977224044263998 50.971925295642414 50.963441692657135 50.949651358017825 50.927709433516405 50.893931179708282 50.843688628317231 50.771337203068065 50.670193611785173 50.532590245843203 50.350033019264337 50.113487641212309 49.813812503074296 49.442343938214144 48.991621700392123 48.456220367663882 47.833628525047232 47.125095631693242 46.336350719765377 45.478091724358876 44.566152562915342 43.621278450875337 42.668477178235484 41.735961184648673 40.85374579265136 40.052014913868099 39.359398905486934 38.801323619721934 38.398581779064912 38.166248418448284 38.113016213487818 38.240972303680358 38.545785563893887 39.017231486495689 39.639957617374598 40.394388471280898
50.98290774723278 50.975921381415041 50.969444880923099 50.963681086132077 50.958728789308218 50.954514970009221 50.950713962957074 50.946653900731057 50.941211244118328 50.932695028352377 50.918723890960216 50.896101285464788 50.8606977127452 50.807353300610679 50.729819293067713 50.620762229148077 50.471858629675033 50.27400936409375 50.017699904802178 49.693523961003415 49.292872703375359 48.808770177487581 48.236809178496657 47.57611396247993 46.830231181862047 46.0078336256813 45.123117884972331 44.195790880168275 43.250572833556902 42.316194037861287 41.423924347052569 40.605739176648001 39.892283419118129 39.310834382487492 38.883478020249186 38.625694799954253 38.54550348852522 38.643239620727087 38.911961986126933 39.338399345049517 39.904284847939195 40.587888277964339 41.365551823909314
50.955060846583358 50.944723231234171 50.935101155912399 50.926533043505763 50.919241757789301 50.91325192215708 50.908293096511862 50.90369025191864 50.898243562518836 50.890100396044339 50.876623841968488 50.8542644978155 50.818445771964342 50.763477655821525 50.682519399778052 50.567616954681633 50.409845079738538 50.199584942339861 49.926963972993484 49.582474061762461 49.157766000626673 48.64659274247574 48.04584356078206 47.356579350841017 46.584951489458192 45.742869157434022 44.848278955336156 43.924940607606274 43.00162523544688 42.110725768916431 41.286345808947402 40.56201291869175 39.968231687008164 39.530137517582936 39.265523036491089 39.183479498062709 39.283826797946368 39.557406363583858 39.98719640230091 40.550097705722621 41.219149620423799 41.965885417437562 42.762532713221333
50.917037519760434 50.902048788336735 50.888035241345129 50.87552437097937 50.864917812179947 50.856390487810607 50.849774620864672 50.844431582354552 50.839115237255832 50.831831307967086 50.819698646919782 50.798820582757848 50.764177969755472 50.709560264918885 50.627556500291682 50.509633488711906 50.3463325123003 50.127616154744622 49.843391744771132 49.484225258964948 49.042238523610159 48.512153637226874 47.892414093268322 47.186276578448258 46.402737134210057 45.557137609429276 44.671300176354457 43.773064362834319 42.895154325930896 42.073380948685937 41.344275491883693 40.742345952900273 40.297227951436355 40.031052609389995 39.956361322051428 40.074854594669929 40.377170864306905 40.843762348122794 41.446787435213722 42.152796927901576 42.925879034273123 43.730865565832076 44.536200878677697
50.866162037840574 50.844860649740944 50.824854672794139 50.806927573327918 50.79172868454966 50.779650221371917 50.770688252721662 50.764292652745461 50.759211862626834 50.753339079195136 50.743567635325284 50.72566530371531 50.694180409779328 50.642397079176853 50.56236230492545 50.445012823898104 50.280433424388981 50.058278130160595 49.768379394075701 49.401555980966315 48.950606591635399 48.411444083465938 47.784287144677066 47.074787595120611 46.294939274618457 45.4635970377917 44.606439674465989 43.755244420315563 42.94640486354124 42.218714715667716 41.610547201210196 41.156668362387599 40.88501355324523 40.813810769712596 40.949436855945294 41.285335112993295 41.802207667450098 42.469536481495005 43.248306153609313 44.094628784295779 44.963836034972623 45.814530821052237 46.612095244276887
50.799462961010128 50.769782322036313 50.741783351018078 50.716586905718707 50.695174366387697 50.678237784660602 50.666013141406602 50.658104406272336 50.65330702019255 50.649440049388708 50.643197014314715 50.630026813131188 50.604058707160412 50.558089205185318 50.483653558475631 50.371209466345796 50.210463775400477 49.990872130118326 49.702334168006324 49.336090770723537 48.885803983301258 48.348765220524974 47.72713641995351 47.029087608972674 46.269660913162696 45.471174556544256 44.662989675104853 43.880504063206374 43.163311955999681 42.552573008671651 42.087755230209453 41.803038067763602 41.723761583569946 41.863364043777068 42.221245895862914 42.781924354395791 43.515702763822887 44.380888549966677 45.327380166275283 46.301241286084952 47.24972474744073 48.126128521065368 48.893878136339474
50.713794226272448 50.673236252814284 50.634815971606933 50.600087930478786 50.570465759013636 50.547039895952956 50.530377596512459 50.52031629454401 50.515762442535326 50.514508322280243 50.513079478363288 50.506626003124516 50.488872494044038 50.45214443120792 50.38749276081581 50.284942653647398 50.133894959923673 49.923707365771811 49.644473965426009 49.288004560008851 48.848977311789696 48.326201246900652 47.723881959753513 47.052741019266932 46.330805735764443 45.583671136558635 44.844049694356535 44.150473194399758 43.545096583018733 43.070670210543526 42.7668814019327 42.666398820897008 42.791059556242608 43.148695182706703 43.731080186343789 44.513394929061342 45.455429995972217 46.504538118060488 47.600095393497902 48.679004621461829 49.681600403291554 50.557231345941652 51.268818160533421
50.606018040971485 50.551653173174991 50.499953330423175 50.453017258687559 50.412806228321436 50.380922982769128 50.358372095782094 50.34531698747741 50.340850019193958 50.342792086177944 50.34753746177531 50.349959055093301 50.343389483871071 50.319694926521827 50.269461522897323 50.182317254071897 50.047413964706912 49.854091967818441 49.592740640340999 49.255850098841904 48.839220202043393 48.343254659104694 47.77422364748594 47.145334822108651 46.477419278198795 45.799026599641628 45.145741602989091 44.558591635112919 44.081508482154902 43.757936674999314 43.626825497835029 43.718383302318053 44.050083429035347 44.62346500843698 45.422248777882942 46.41217850865624 47.542808295472469 48.75120653517331 49.96727459058804 51.120126098757012 52.144786437914235 52.988387555941848 53.615071597823523
50.47325023083166 50.401753918248453 50.333520272283543 50.271314920689143 50.217775252352673 50.175143529698737 50.144980417322323 50.127879209287947 50.123202332522503 50.128861209442583 50.141158823342657 50.154712211203012 50.1624705624751 50.155844340896543 50.124961991561541 50.059072598120359 49.947113582314721 49.77845961837135 49.543859408221742 49.236548224220655 48.853494860582501 48.396702777893537 47.874440689046622 47.302234740436162 46.703422619480278 46.109060554277356 45.55699765485754 45.089995311508538 44.75287321597326 44.588800654751211 44.635005843776796 44.918323361230485 45.451111870070847 46.228123524576148 47.224871446543091 48.397913372155287 49.687255226904988 51.020802658948952 52.320491122878465 53.509454567395593 54.519397961185682 55.297259104352044 55.810301637746349
50.313160207403619 50.22089528043886 50.132557322228614 50.051710015250187 49.981804577415396 49.925859486087596 49.886119417367375 49.863719605975056 49.858383258080771 49.868178535347532 49.889358554141189 49.916303822029143 49.941582747739112 49.956143295744276 49.949647897975119 49.910963838360793 49.828820870791766 49.692644257168048 49.493561688207954 49.22556395949789 48.886770415029716 48.480711962717152 48.017500929448168 47.51471550770885 46.997797195657206 46.499753943881515 46.059990269762693 45.722155237153956 45.531010265491943 45.528462977015749 45.749073214682625 46.215487545587173 46.934369151305738 47.893432052461655 49.06014041389561 50.382486782173871 51.7920265466826 53.209047286996999 54.549434328862297 55.732510247554202 56.688928339087155 57.367629512730865 57.740949934770754
