_RESULTS/CROSS_VALIDATION_POSTPROCESSED_80-20/MHZ/IZ/5comp/2/MHZ_IZ_z_90_kriged_reverse_5comp_spherical_2.asc
ncols 100
nrows 81
xllcorner 5.5967107548124995
yllcorner 50.982328804812504
cellsize 0.00017565037499993607
nodata_value 1.7014100000000001E+038
[rows 0 to 18 of 81, columns 43 to 85 of 100]
0.6407927914426885 0.6665436788064633 0.6999495941512858 0.7399845827346617 0.7860847321211022 0.8396173207478554 0.8993660574934481 0.9633676130975433 1.0291213262562262 1.093633949502398 1.153595977478223 1.2056828885542585 1.2469285104877994 1.275537372509344 1.2938479756399852 1.302718256830169 1.3029096112123708 1.295337334045581 1.2804032728694918 1.2569813109278516 1.2217192622858717 1.1722214051459916 1.1135588543444679 1.0551723129415487 1.0038327124596913 0.9630360772840348 0.9310652685149909 0.9008624508749273 0.8726129519476834 0.8466243112349192 0.8231014647305175 0.8021912140429308 0.7840085551367618 0.7686539240538889 0.7562257201807872 0.7468303594687543 0.7405911262256891 0.7376566235065636 0.7374428629651999 0.7374428629651999 0.7374428629651999 0.7374428629651999 0.7374428629651999
0.6353631100032963 0.6700903008688937 0.7130469626039787 0.7637062351777828 0.8220135509485776 0.8893949154930525 0.9644533791216217 1.0449319003090298 1.1277429003726207 1.2090046228877727 1.284290236702097 1.349097435694574 1.3994580892256772 1.432523930050807 1.4498796690271492 1.4547418436884985 1.4487935760430137 1.4341878707915854 1.4127700788040207 1.3844196410709557 1.3423952072967875 1.2732442318213644 1.1876404722743275 1.1063227996108587 1.0370552092965633 0.9819695257389516 0.9416605645018444 0.9092927822233967 0.8793743519029966 0.8520626866386242 0.8274660214542826 0.8056662897898991 0.7867332875372983 0.7707348288808473 0.7577449834922695 0.7474101290118702 0.7395509122414393 0.734819314104166 0.7332453830878027 0.732515828797449 0.7324157634048243 0.7329657133520864 0.7340504633611193
0.6295999817126232 0.6743985981309182 0.7291279543304282 0.7926605902159446 0.8648161189462146 0.9480209743718021 1.0409727899474979 1.1410995780972553 1.2445693578765626 1.346275410251664 1.4401655604651862 1.5200281123204558 1.5806245215873298 1.6181681391332163 1.6326291682750613 1.6297300499088028 1.6128777588690246 1.5859625075667474 1.5530126695448303 1.5175332518227145 1.4792598292229362 1.381659169779085 1.2590630141799544 1.1541082720633482 1.0678812283069297 0.9997732228361816 0.9489084224427297 0.9133152144096199 0.8825773551629091 0.8546269040331086 0.8295178653903332 0.8072973898322032 0.7879334276344909 0.7699078693940111 0.7533821051222305 0.7392532348094372 0.728284523633794 0.7211230673736112 0.717885664398425 0.7163013111566798 0.7160888924822001 0.7172704565094304 0.7197221363030992
0.6229806548392707 0.6781262065517215 0.7452774882031311 0.8236601618878108 0.9131651548253152 1.0150623128976526 1.1288035328947055 1.2523210622827334 1.3808991404418587 1.5078269264252315 1.625114901971749 1.7238038526651553 1.7959030638170348 1.8362647042954432 1.8441023460906873 1.8272052463742243 1.7919134432627069 1.743992357042488 1.6887902342922387 1.629910036120533 1.5627207142511628 1.4479655936561666 1.311686809022205 1.192133092465979 1.0931896071439855 1.0143068006888667 0.9544022577523764 0.9125682190059042 0.8819477112345052 0.8541234623697309 0.8291153366556664 0.8053105189342302 0.7814021786589215 0.7586093784057992 0.7379878016697531 0.7204289454235009 0.7066791898556408 0.6973644926064727 0.6925814463150374 0.6901488634468308 0.6898250598099602 0.6916331103933337 0.6954432761173746
0.6154630669609357 0.6810605110415976 0.7609082089971276 0.8548261226910943 0.9631250166882617 1.0878344971009974 1.2270030083271242 1.3781585713006872 1.5375317442829919 1.6967533870312368 1.8439189780349658 1.9656662656393245 2.050159926872932 2.0902827974043263 2.085399543296917 2.0457291489801945 1.9821724685741635 1.9028376676840104 1.8138813749124794 1.7174606538470953 1.6086499639135432 1.4800711905830768 1.343557336403458 1.217983932815375 1.1111826070680242 1.0245827150022229 0.9576247815694029 0.9093957256994075 0.8775490610363978 0.8503816914283941 0.8221858294544991 0.7929897475736019 0.7642625319375118 0.7372658044540157 0.7130596399334551 0.6925217607329652 0.6763752425404471 0.6652204564073051 0.6590358937524067 0.6557847763496633 0.6553535754919886 0.6577659497698964 0.6628887892393117
0.6073747045920452 0.6831980778042906 0.7755810054324335 0.8852149217843808 1.0129825808732058 1.162030322035494 1.3314597613835886 1.517488706434132 1.7150671311294459 1.9150106248408432 2.1004339804184173 2.2511034445638756 2.34876974639767 2.383492890076965 2.3565411351349126 2.2826958771058075 2.1796264623081587 2.0590801524393574 1.929189272903711 1.7935809399037983 1.652387695406992 1.5068100733241307 1.3641347270530604 1.2339140470227652 1.1219400587669894 1.0300364111232947 0.9580052664428179 0.9050180518470325 0.8697490071412064 0.8382818603869462 0.804947446086913 0.7711105378098128 0.738264552591873 0.7076958151829601 0.6804622956080011 0.6574233472682293 0.6392762582037727 0.626595286353623 0.6191298744990729 0.6151068154487804 0.6145743953185331 0.617556524473839 0.623979128174968
0.5998218959908682 0.6850098867325725 0.7890283254210971 0.913720059162851 1.0607877929792189 1.2346264083682152 1.43684005460592 1.6649716682150675 1.9104705151722654 2.1617940655741616 2.397530880446512 2.586196110948322 2.6980286315428352 2.7187906709907814 2.6553812507796724 2.5325130520212467 2.3779358113635154 2.2083437646577924 2.03417642288692 1.861040066009613 1.6917034507295692 1.5290262932451033 1.377564300327146 1.2422462960903358 1.1262859152541138 1.0307434364269998 0.9552808096738804 0.8985877239666138 0.8545203626244037 0.8175408182185323 0.7794446629120001 0.741715806826162 0.7054683030047653 0.6719629215622469 0.6422500537881748 0.6171685441994513 0.5973906364886031 0.5834674869134624 0.5747825705128068 0.5700437230235395 0.5694174745038227 0.5733311644132041 0.5820315772818181
0.594438084793259 0.6870456512256825 0.8008591872890227 0.9388998510078892 1.1039621976626992 1.3018217720422953 1.5374776270029784 1.8105162211312193 2.1140948070091308 2.4309398922179972 2.7347302002810214 2.976874333171573 3.1046263434994827 3.096422803961015 2.974428476116137 2.7839925602922344 2.5661912571474756 2.342362573220606 2.1238812247240477 1.9162217039243583 1.722260575778354 1.5440906141480204 1.383926395494557 1.243791060411963 1.1247951555623021 1.0269378041295754 0.949362124464615 0.8855310025547349 0.8329698468789324 0.7904685846088688 0.7483109830834332 0.7070438919997268 0.6680566681025814 0.6322027781393184 0.6005062258023252 0.5737849363809548 0.5526895961515321 0.5377298857243981 0.5278331083378062 0.5224559417660541 0.522457086650603 0.528056510584694 0.5389644418792093
0.5920614322025114 0.6893113289411882 0.8102957650439464 0.9589230762115143 1.139473409527443 1.358598165496142 1.6246950005454075 1.9412546805765238 2.306126501879325 2.7047455434779053 3.101912168713035 3.4269383283922794 3.5747032045368705 3.5080771419340024 3.293580035097405 3.0154814554226115 2.726892331781383 2.448853899213677 2.1899708198574936 1.953248342553559 1.7394777168034465 1.5490235702658568 1.3820290532416273 1.2384075171603903 1.1176605831429742 1.0188131587360951 0.937041050395866 0.8659176769126059 0.8067404200465376 0.7592705303243085 0.7138033493156446 0.6695713285136392 0.6281701817106766 0.5904756559207883 0.5572101132145311 0.5291714999038091 0.506994923785781 0.49097742984465015 0.4799821516027144 0.47481995242406316 0.47667887763118083 0.4854141059001136 0.500218736619497
0.5913685099514338 0.6908633684441142 0.8160884341857929 0.9717402270153451 1.1637974103413677 1.398962079028009 1.6881255016473973 2.0397603756769254 2.458673042833336 2.9413440784480556 3.4609986142416895 3.9295138343514675 4.110009881272394 3.917538418110262 3.5663926704621027 3.1906599365608765 2.8360103789952413 2.5129810377709854 2.2233569595760576 1.9660764521047769 1.7393215044084576 1.541315533260006 1.370629699435847 1.2257119316852467 1.1049210866377448 1.0055071236509625 0.9178307853507053 0.8414387396492812 0.7774964737975456 0.7260444811923001 0.6779339861189256 0.6313575383308495 0.5878834724430946 0.5486585854965284 0.5141433282874645 0.4850160890199221 0.4619045465655957 0.4450526229987265 0.43624655803170637 0.4355644925849488 0.44235455592274775 0.4560115843229713 0.4758455791595835
0.5859062374773887 0.686698452893492 0.8149211927621459 0.9752747896563732 1.1736755917094355 1.4177064822194037 1.7181333337399258 2.087879999014827 2.5370733494100857 3.0739066592181437 3.7005800824165367 4.398071474274104 4.667238900909547 4.197192573201298 3.707830991070012 3.2628952173373853 2.868756159974259 2.521544791577286 2.2168451701818834 1.950556364971421 1.7191120638550321 1.5194602940663886 1.3490193012195633 1.205536599719856 1.0867088712064585 0.9849932797538365 0.8934941772106315 0.8138417499756821 0.7469029859510968 0.6926670365402052 0.6424945704954416 0.5941033342033419 0.5490125804078555 0.50838512721631 0.47284023807936115 0.442855243149666 0.42155973712067446 0.40890589230816426 0.40464989999174295 0.40837397996037733 0.41978444903275636 0.4385206839714965 0.4639878364596304
0.572758210568653 0.6725417208255026 0.8004595100595641 0.9621041098495163 1.163533134985646 1.4105679190714882 1.7093744828563708 2.0745805132011603 2.5171563364396876 3.0434376972190305 3.649997397440926 4.286683230150023 4.514217427242744 4.109024775873632 3.637599405552108 3.201502623068568 2.812542117695082 2.46923036624418 2.168146852401447 1.905695631802583 1.6784397844824452 1.4832473731792237 1.3173148766021068 1.1781735598050627 1.0625691097607928 0.9588817818730533 0.8658349641346627 0.7848428143953778 0.7165467047092376 0.6607376727872201 0.609009553084067 0.5592507595321079 0.512915750430602 0.4711050704460304 0.43546242879418184 0.409567578047662 0.39231597377068633 0.3828736115259277 0.38151578598588437 0.38860767932145224 0.40447981295109353 0.4291556603433242 0.46207550917947476
0.5522983130077334 0.649068403604423 0.7734896996112767 0.9313316021254384 1.1283153103231656 1.3699175054155894 1.6605968745726722 2.003724665158582 2.406052460878722 2.864196859240438 3.3458885144136787 3.7505126521742698 3.8913179749400055 3.711595138646942 3.3791082463160698 3.019737160045761 2.676529286052721 2.362862892124894 2.082288195403677 1.8348772456039675 1.6193975781831196 1.4340239565442292 1.276506178545192 1.1444489686200654 1.0321585180040715 0.9290727424207004 0.8366262845191488 0.7560625018176604 0.6878860243193899 0.631567597586316 0.5787297193167933 0.5279840132171825 0.4807088243543275 0.43921927155018414 0.40650160377866856 0.3817130666496452 0.3644758631596875 0.35540219035083226 0.3550300026185998 0.36425454921635303 0.3840530041360297 0.41504546895891226 0.4570605741183688
0.5260112637366839 0.6180683570641301 0.7363491131714939 0.8861609122036577 1.072643283662172 1.3003378772564866 1.5718056355530499 1.8854780004921075 2.2353068397919884 2.606707208660308 2.9651090856000577 3.2352449974664306 3.3355620053073576 3.248456385708624 3.0335658256421225 2.7651710389588953 2.4860009281835573 2.217258613240251 1.96865052030832 1.7444999927539107 1.5465115061532733 1.3748013986177994 1.2283965029590789 1.1056627003392916 0.9975548872333635 0.8974615006403825 0.8075463853318245 0.7289822111837697 0.6622260862900217 0.6061981990598465 0.552652902705441 0.5009609382890441 0.4510943340401666 0.4097274294329013 0.3769658333113234 0.35170860964278294 0.33422788812016546 0.3248769935929239 0.3245668535939208 0.334922182498536 0.35791088033687907 0.3950460519020521 0.4466450102176195
0.4960085184266494 0.582030853622224 0.6922045324112143 0.8312064505685168 1.0032208178628408 1.2113978023726797 1.4564531129359821 1.7344103372549997 2.0332468409113225 2.331989900125389 2.5977905057908335 2.788549981184009 2.8629119720811733 2.8169963702848375 2.6788627589542044 2.486478854724354 2.2704560988480966 2.0506638159660007 1.8387627145434255 1.641898161393526 1.4645825422294245 1.3090554530096812 1.175667647333462 1.0632714425808165 0.9608987631291902 0.8658491822093902 0.780128910403621 0.7049219124302701 0.6407563302860105 0.5855462270777293 0.5294008051266331 0.47116289201266043 0.4210343536712265 0.38014194434166 0.3471205387695697 0.32163152269720746 0.30368966492014965 0.2934311551706781 0.2920691105659267 0.30220305200963726 0.32745240210561405 0.3707298599450804 0.4327461623717604
0.46453995446857205 0.5436524052472981 0.6446140608177785 0.7711912545718769 0.9265577250622677 1.1126127988748145 1.328656258172573 1.5694734979447196 1.8227427630891264 2.0664454185592924 2.2712996428689483 2.4100996277890143 2.465451045490596 2.440780246591588 2.3509582106944293 2.215241736263501 2.0531474294076206 1.8793594610752018 1.7037122707415364 1.534323886393971 1.3783265379622909 1.2399695539977005 1.1206670298104084 1.019204043491489 0.9248338723704995 0.8381153969292624 0.7600706141308428 0.6910914759718637 0.6314331301306563 0.5724649335361718 0.5067981501282149 0.4462121129100378 0.3955825363061582 0.3536443169654907 0.3194950956248494 0.2934701100566259 0.2749852922088554 0.26344672583421597 0.2598396027163624 0.267822364500127 0.29417726051517107 0.3443299976745638 0.41837757531503333
0.4335933698300133 0.5054026168825797 0.5967244579771768 0.7105755179135193 0.8489802706079264 1.0126108380627385 1.1998401203014797 1.405547902324164 1.6188614580724823 1.8210124351744381 1.9870925943210895 2.0926437023150566 2.1334088208079796 2.120940174594685 2.0618115654740437 1.9667168676586744 1.8479011578809899 1.7148314497947164 1.5722383105759776 1.4274450466363502 1.291551341017706 1.1703376267301038 1.066986482355118 0.9816358721208139 0.9016510589582509 0.826392659355689 0.7572081024433671 0.6948292911249142 0.6334426881241428 0.5636934756238899 0.4920315978734582 0.4303855585154474 0.37819861207268385 0.3346283923037859 0.2991444124371052 0.2718614380473233 0.2516831937856041 0.23798872540672927 0.23115564594597032 0.23402848803276113 0.25978931156324053 0.3198947792817178 0.40850334457490767
0.4073257263355316 0.47422565342205153 0.5587636063266805 0.6627877534618826 0.7872213720078394 0.9314840068289787 1.0928392170832102 1.2658520636091866 1.4412736730805746 1.604861011802429 1.7391250939159595 1.8266387008505622 1.8585433142697394 1.8524711435767554 1.8127648289699025 1.745820062321142 1.6598602283458979 1.5622475843480192 1.4495815747716065 1.3237645299754484 1.2072427441752103 1.1086753602224604 1.0277595242948887 0.9607227283017186 0.8955834913044796 0.832220613845747 0.772262657722827 0.7111868696170287 0.6409854071405194 0.5610520877302343 0.4865270570267699 0.4223151737382811 0.3679020640628001 0.32260231938653233 0.2859823608193883 0.2578928134814887 0.23696030434492485 0.2221482889812327 0.2127151163789067 0.2081803549849565 0.22979191515525899 0.3070684905412825 0.41055044522915457
0.39182854477757 0.45546823411976334 0.5351219794073823 0.631841562332062 0.7455836815084489 0.8746961539377639 1.0155054412170026 1.1627365268056788 1.308764305982873 1.4406888936863094 1.5442944309134343 1.6088737738576677 1.6322877040057158 1.62905065911297 1.6014466750005139 1.5529139369273637 1.4889308193203692 1.4143571263145782 1.325100033637876 1.224571078257817 1.1371030170241598 1.0641572453849644 1.0047548065103087 0.9561124767080792 0.9067370942744649 0.8563605880519308 0.8034518145921288 0.736657276805162 0.6557880546127989 0.5675207812498 0.48898890534593487 0.42135557482459773 0.36420814332811896 0.3169014366703012 0.2791499332076502 0.25064655358276444 0.23005172656251935 0.21655401025699986 0.21011042382224793 0.21329157711013252 0.24308265604261703 0.3180461545846084 0.42980987302594487
