_RESULTS/CROSS_VALIDATION_POSTPROCESSED_80-20/MHZ/IZ/5comp/2/MHZ_IZ_z_180_kriged_reverse_5comp_spherical_2.asc
ncols 100
nrows 81
xllcorner 5.5967107548124995
yllcorner 50.982328804812504
cellsize 0.00017565037499993607
nodata_value 1.7014100000000001E+038
[rows 0 to 18 of 81, columns 0 to 43 of 100]
44.492005987951885 44.027691350173455 43.64580217513861 43.37831816924628 43.23041018771162 43.169086492879345 43.21765994412196 43.36389906159444 43.56403694217501 43.76581170900635 43.92356742915619 44.001131898100056 43.97250076651883 43.81818495952526 43.51258026458426 43.044439243091894 42.40973387392613 41.60887263003765 40.64651325800264 39.53078688496588 38.2720084293253 38.47443003943489 39.43286510753899 40.325070697178546 41.193893506566795 42.022771856290994 42.76465871772556 43.43212142524974 44.034985724899265 44.581526309114864 45.051248735111834 45.418670803218184 45.69087949540613 45.87490778219765 45.97717482311151 46.00526978655798 45.96660723651197 45.867906335359606 45.728026478011714 45.63251977759323 45.60181861436753 45.63827352012611 45.753791679355366 45.953885729576484
44.113231216296604 43.599597459378906 43.158721805810444 42.826602854875105 42.62741317324104 42.56014940828716 42.678345534571996 42.957140260698765 43.31292141608635 43.66611753856861 43.9616287014751 44.15992278362813 44.2182622777519 44.11646445117906 43.8474579644549 43.408390722012314 42.79952360946338 42.030152505364526 41.124596559805546 40.14723541450029 39.33780300908945 39.3231866586611 39.93721929870592 40.6795156017973 41.46614540623112 42.22125033764101 42.89987496462327 43.49912758530519 44.02195755772422 44.491134344881 44.91039915772458 45.23593623979582 45.46339338975754 45.60062828616586 45.65545761580252 45.6358515252535 45.5501629742386 45.40716088817705 45.23097037125538 45.11341623280414 45.077561925993614 45.13634448506988 45.30953096404046 45.578744620092806
43.79744168204517 43.23806380725337 42.73413856119836 42.31617471304958 42.024141984280874 41.91355912909698 42.12919016532678 42.60510976135877 43.161398644834854 43.68843171264118 44.11757909228299 44.40862809667125 44.54605339847869 44.516341577581784 44.30853736781271 43.920594643003994 43.3685973028289 42.67812112244208 41.90127819202705 41.14268009701662 40.599405001690535 40.48921079907135 40.779245852678805 41.27894351838739 41.903234998751095 42.530733165267115 43.11618594798602 43.64470633545758 44.10842092568865 44.500441940263144 44.8330576747275 45.09834963329789 45.26732052706813 45.3462990312409 45.34195701136405 45.261721069903224 45.11444903908295 44.911109562984215 44.68629899790712 44.53919033301051 44.497733363987976 44.59900486973712 44.83920177066729 45.18929067452419
43.56995611163504 42.98155583422999 42.43103837076011 41.93136343140584 41.50249535357055 41.23195984196412 41.614691737452766 42.39186121149222 43.16886929207311 43.83437326209993 44.35976628104123 44.73638114185475 44.95426727298869 45.001516681069944 44.86772710356959 44.550497552496516 44.0649531212286 43.458716437837964 42.7990842148938 42.18574657509296 41.74559663169392 41.578394396428166 41.67998294817845 41.97665553263128 42.425686809870584 42.91143343212589 43.389325989967695 43.8346058537414 44.22645659399889 44.555674873621 44.8183500212565 45.01014602085253 45.111467362048515 45.12292748666666 45.04923720261387 44.896315439617396 44.67253025960569 44.390531141367035 44.102470181810034 43.91388814611943 43.87536685974566 44.02771945221399 44.34829989316273 44.79336445119623
43.44983855288818 42.86273092915443 42.31063246726008 41.79763854198094 41.32172435590205 40.819557161289914 41.46862378689542 42.48528437826934 43.36600754268966 44.10153751251725 44.69441104578811 45.141907378631366 45.434759643634045 45.55800962979171 45.49655214837824 45.24626662122723 44.82530395858749 44.28065680805089 43.694339996342954 43.15439128543736 42.7476421702255 42.5327267355032 42.513717469271434 42.66268967514726 42.961026059959615 43.317105218006965 43.6893283809258 44.04209194662382 44.356742709074034 44.62177894322987 44.82956163264776 44.97187994127937 45.003048906381494 44.94093394502418 44.790868079648035 44.556067202743534 44.24260950093885 43.86268893873482 43.494600459691064 43.2463696073659 43.21220417427129 43.42635558413216 43.84824028678028 44.405943621310406
43.44205940944147 42.89089625582823 42.39339961804818 41.96972872447628 41.67074727996301 41.6177913025069 42.1088883887862 42.93043617479451 43.75242601447155 44.4856926695048 45.10724877107823 45.605518776517876 45.965310394818495 46.162376444948535 46.167647069308664 45.96685750286708 45.58246628566147 45.071841568588624 44.51350292820231 43.99735992084259 43.58993419958399 43.331735292563 43.228529998985884 43.27370377299568 43.456627962823404 43.706469025251096 43.97924718275258 44.24724829120715 44.490932403839466 44.69593012116525 44.85178516477434 44.95077904285834 44.945103010178514 44.80951874227559 44.58086794938175 44.26058342838208 43.85018642935038 43.36052037184371 42.892710776110945 42.55745393399501 42.50804889799464 42.80589336429876 43.35950158998294 44.04290287786032
43.53466277544564 43.044774527964606 42.63732047125161 42.3489303507666 42.24798878794743 42.42697100181748 42.88544148446293 43.53802414993519 44.251720596191184 44.938441460541625 45.55755633512068 46.087846102364885 46.50822411291767 46.78244031522414 46.85270382802466 46.67602710283114 46.285066615058376 45.76671777368935 45.20648425164563 44.683228392837414 44.25897994981434 43.9631250648723 43.799858391509275 43.77535230015728 43.87859323460554 44.04305198422874 44.23716728385693 44.436404189604275 44.620708807989786 44.774318764649614 44.8850706067887 44.94357759243556 44.912613300309054 44.73538922853496 44.431893254012714 44.03074496974563 43.52786474377799 42.94032732961444 42.36119139881008 41.88794048566686 41.760721549137266 42.19630398796282 42.92886098738454 43.744850569827484
43.70360387413995 43.28430694706826 42.97215874536373 42.806980999418656 42.84381092570922 43.1253859298728 43.570514291324514 44.13543645801485 44.76127775575643 45.391213312406 45.98891415667211 46.53337418722505 47.00663334416457 47.37169092944238 47.5252164522011 47.33430244444469 46.876325734699975 46.30960665225586 45.72735881029972 45.187107162008886 44.74259530471292 44.4182578601484 44.21494467909422 44.15131455009495 44.20195284053275 44.309571860307166 44.44959616676556 44.59928107316581 44.7391060514355 44.853071475411625 44.92838082416261 44.954846373852725 44.90164657294021 44.70474863041636 44.35199387826493 43.883302513832135 43.30765653379812 42.669824482490235 42.02312017119687 41.41390971757932 40.96077347556849 41.768751808282 42.6665722140396 43.569260858207194
43.92122132863215 43.56825885334618 43.33802138032982 43.265990515177286 43.38904441479026 43.68865970789385 44.12961731775868 44.64645632513338 45.20917578583508 45.784338108517034 46.34632296192147 46.88013842172217 47.37851434350276 47.83324403144997 48.15770492559558 47.856496384188915 47.26700827111932 46.64192067535414 46.03694082411085 45.48874143091859 45.03116401721386 44.691681865374925 44.4681392131793 44.39173616604959 44.41843310260756 44.49831862607559 44.608998137719816 44.72941396555042 44.84114280957625 44.92879972359287 44.97989063631095 44.9843860259343 44.914899562025504 44.70526782646505 44.33867303450346 43.823167504034245 43.21610577161831 42.59287889268986 41.98207760825043 41.4763416533506 41.31991404551613 41.84567388310313 42.66706497015848 43.55148158874195
44.16290897295829 43.86408164273972 43.695537526213776 43.687221030381835 43.84678878674128 44.13588490415095 44.55540209795751 45.042976497427546 45.558155892631106 46.08051418161547 46.59217380145125 47.08117436324506 47.54075764126915 47.96254747346971 48.26173298067932 47.9449191476707 47.348026111070126 46.720861824121066 46.118900858814094 45.5784502732355 45.12462740779852 44.78507906072304 44.56439743311591 44.49576200971826 44.528429111223026 44.607980108202696 44.713013347348166 44.82400188660371 44.92399694149419 44.99888252796437 45.03723666008297 45.03001268723963 44.95089953080962 44.73497129428651 44.367259791638006 43.839060435535096 43.253415456337486 42.684160223389526 42.16689707790952 41.82925671463417 41.8144974625217 42.201344045891716 42.871190791683034 43.67010789120692
44.41026549957747 44.149867123249116 44.02177033623795 44.05186485344642 44.21147264053379 44.47922965629243 44.85607844862606 45.31768526578034 45.79496643598673 46.2656896977078 46.715139699755895 47.129514684989076 47.49306274803766 47.769636670653234 47.85630536460501 47.6213088799656 47.13849523422902 46.56323837206918 45.98904259791393 45.471106338676485 45.03975057819507 44.717555912297335 44.525128953707814 44.48483313531111 44.54549754391603 44.644886659261495 44.76374559877193 44.88354325278496 44.98692388665496 45.06158635486655 45.09778588866592 45.088064912473186 45.00453068211689 44.784980419248555 44.41623955106314 43.91358136353218 43.369770989325914 42.85877842708757 42.43143898606023 42.2015663625764 42.242762914715996 42.57560710608238 43.143502963285215 43.854727622219514
44.65175681250451 44.412219260778144 44.30297718784017 44.34252688940468 44.48539982734371 44.72752162735811 45.063716659574574 45.47544919438626 45.92134295779278 46.34357716752249 46.727897794389136 47.06181106199557 47.32120767448438 47.46601474772822 47.436436424162956 47.188221218565374 46.75218649546324 46.21557376367446 45.667351643318206 45.17607653863141 44.78108839485173 44.49778534145493 44.36698661998837 44.380862206309956 44.49343530461122 44.632459512120825 44.77728224866567 44.913790245667045 45.031005710514535 45.116056948791766 45.158906625598675 45.15256609131356 45.0596611452277 44.82849448075124 44.463209365320516 44.01760748984248 43.5196818068026 43.06129078416754 42.70167352873024 42.536458249190225 42.606014749328395 42.911195060306866 43.41405194610821 44.053143179226296
44.86891133940717 44.62971703767289 44.516786736903505 44.539140525086765 44.65725316066565 44.87599358405005 45.18124103415614 45.54621799479779 45.94234179570654 46.33046196404821 46.66364379147299 46.92397641743759 47.09003574364659 47.13097980092268 47.01294803180193 46.7185035680583 46.26941221870692 45.72796472744651 45.17889221855577 44.704660312275095 44.35520470239637 44.14858058388316 44.11079915293397 44.20472321426999 44.38801019785111 44.585073994773936 44.770265829960024 44.932887178840446 45.06538224712572 45.162426822466 45.21283919857122 45.20508386932911 45.096667488705855 44.85604473835584 44.52830023429061 44.13206579169604 43.677143195202106 43.25931642468462 42.94712587659058 42.822422977717906 42.90934878513897 43.19830830252029 43.657303282654446 44.23954129537777
45.05622599376509 44.80172529391271 44.66352697066057 44.64423700290258 44.73103906825618 44.935427324409055 45.22376830561683 45.554238686831724 45.90133342109094 46.2410215715542 46.53681411864267 46.74150849538059 46.834242297918266 46.792548469599666 46.597580228314264 46.24038959131468 45.73784587547492 45.14248234269028 44.54643571499697 44.065351762046454 43.77560897215772 43.699595618189704 43.78957455431129 43.98716573501244 44.25107256361995 44.518212498129195 44.75242670361622 44.947908342520655 45.100782763812994 45.201364148845855 45.247549332484574 45.236442872401774 45.11500418329491 44.90134569997372 44.60997142879023 44.246890272839465 43.82526875765478 43.434135430133125 43.15548802875538 43.05914557443739 43.15996528345398 43.43937876678152 43.86666926595533 44.402911557798795
45.224791089846974 44.94476943886156 44.76065048211757 44.667848412620984 44.713669365046066 44.929213681793925 45.221546749112576 45.535527427137964 45.84393076898638 46.1251312817343 46.358786138930384 46.51960911415449 46.562911083869466 46.46511535870425 46.20765383919681 45.78445842242141 45.20587538685666 44.51081113915944 43.79801178822317 43.261241832019756 43.085699705804586 43.203234532586556 43.45634358138563 43.77098710094033 44.11257539746109 44.44963990766362 44.73413223964266 44.96324871239559 45.12877983401032 45.23013921517648 45.270784025720005 45.254696734848196 45.15800863643936 44.973277571205564 44.7073432607791 44.36108468558579 43.95520913769819 43.57493147666091 43.32311394502271 43.25278482133357 43.36893273181297 43.643009964564015 44.04491367859552 44.541435766610704
45.389446962952576 45.086815817358676 44.853717207230105 44.650397965879826 44.62020699333959 44.91165160594831 45.21824396566428 45.51044258408514 45.77573598354252 46.000640101268594 46.1691776553081 46.26275569556584 46.2603360127166 46.13149544440905 45.84288961776007 45.37881105889821 44.73672080710248 43.93038978914776 43.01527098992667 42.305286579894705 42.37630287108927 42.767618666334755 43.19036948369514 43.6068507344549 44.008400715552526 44.39163817486042 44.71852731799149 44.96824243316269 45.14103109913659 45.245574253188586 45.309468422693506 45.31581789891911 45.23713048747532 45.075702981547536 44.82552152674156 44.48325625839099 44.069068616798226 43.67553851577368 43.45344769685797 43.419560907686524 43.55399583804414 43.82266482243601 44.1999696427121 44.6586469262
45.561216779727296 45.254259101365264 45.01316514959824 44.79975613335938 44.749848979808846 44.98325424226578 45.24772771761726 45.49463297572775 45.71004495768816 45.88132361330233 45.994127289689565 46.031996141506674 45.97636088331398 45.806863246609026 45.50211725473508 45.0383961053994 44.38931323311573 43.551070012809966 42.5402756102755 41.50397398783426 42.004041334804924 42.569147829249445 43.07269587274515 43.53321999667283 43.957516403838795 44.35038874184226 44.69705165516385 44.957913462183605 45.153068767082424 45.29735626376441 45.39802976496108 45.4178297435925 45.35280951057978 45.208781767284094 44.97432410421925 44.63540099180726 44.19975979694721 43.73843381401087 43.57349112390431 43.59725077758225 43.74073606062211 43.99457266335927 44.341938418032285 44.75985502644578
45.738702073816754 45.443738774319655 45.22493450684171 45.073172867779206 45.033389868509474 45.14051671494143 45.31515130732231 45.496477775649 45.65635166017206 45.77725489934851 45.84400448220761 45.841211271065234 45.75247624285883 45.56035962081579 45.24706451940419 44.796153117007535 44.19636242526377 43.46456957606468 42.704959045615546 42.19806611654954 42.29589843877956 42.694626555685225 43.136184510167894 43.56663770228655 43.97358245922643 44.355720532173216 44.70313668491613 44.99726851963858 45.22819098112088 45.40973946570021 45.52686794143774 45.555480266605855 45.50139856277837 45.37003083070973 45.154087611898774 44.836953631550344 44.42380571667609 43.99606595129994 43.82950894098489 43.83871995072757 43.952538510094406 44.172860768969876 44.49102541893758 44.87427514888078
45.90524968243457 45.61763889812504 45.41707014476194 45.29450001922364 45.24581524088403 45.287750453431705 45.38696157073863 45.50412761747803 45.61102587234554 45.68793300812664 45.719069088369224 45.690031934361116 45.58665406578379 45.394850699449165 45.10156371132179 44.69763672405912 44.20242360556511 43.65625819592501 43.14235150628668 42.82796818223193 42.82748367472812 43.058482114211486 43.391709663188855 43.75638618016315 44.12608720548904 44.47996440725638 44.80661085080506 45.109463379295796 45.36717307016228 45.57027911611624 45.68768074204863 45.72077210795076 45.675049938155794 45.555892163313324 45.35762080597146 45.075430314863 44.718026013980705 44.381763590432264 44.190211233902026 44.139928084790526 44.2154201601661 44.42104445547327 44.720278625928984 45.072679450149714
