_RESULTS/CROSS_VALIDATION_POSTPROCESSED_80-20/MHZ/IZ/5comp/2/MHZ_IZ_z_355_kriged_reverse_5comp_spherical_2.asc
ncols 100
nrows 81
xllcorner 5.5967107548124995
yllcorner 50.982328804812504
cellsize 0.00017565037499993607
nodata_value 1.7014100000000001E+038
[rows 60 to 79 of 81, columns 44 to 87 of 100]
3.673632710784822 3.7391803636640533 3.828432251632067 3.939654069967491 4.067800106840846 4.205852773201961 4.3462301048203225 4.481826427726542 4.608231982388719 4.731160757997969 4.866200974778288 5.012406010392114 5.166841328882323 5.325795456157311 5.484240423401825 5.636365660075829 5.775508100156418 5.894362300500038 5.985405963730341 6.050392289546496 6.103909816711561 6.143865561834344 6.168343200905242 6.176427719030258 6.175538742714394 6.1701670332015945 6.165050547568293 6.161659865068781 6.159821552825191 6.159366483212508 6.160548148625216 6.165428722196959 6.174532864046277 6.187288562002947 6.195641073947898 6.197115095464227 6.191732643848514 6.1799556612089805 6.1623250731358725 6.139382819852974 6.112481049706186 6.083145678250981 6.052976752525117 6.0236262224125925
3.604520091174722 3.6475456116650324 3.725858188809962 3.840224383793408 3.981729799369839 4.136850673713527 4.294548447586221 4.4470538706940195 4.593786631576034 4.742806729986161 4.903278219045768 5.072673416970485 5.247920991451579 5.424843964142392 5.598530323434982 5.763100656952449 5.911766154059817 6.037111692399279 6.131528812555859 6.192167435937482 6.236686618960319 6.26567244739002 6.277598029408154 6.280393005323154 6.2784367583216785 6.273897783250939 6.270314412520582 6.267598114241789 6.265621061372724 6.264192640405852 6.2643481595013055 6.267404394864447 6.273420262080188 6.282614069664835 6.293411403877227 6.296635121142723 6.290951395877493 6.276714079170303 6.254296280424403 6.224709502674218 6.189670177082017 6.151127388991461 6.111142110299554 6.071792546273254
3.5425012244720833 3.5555613897919525 3.6201744480151654 3.740053686310691 3.898134952336173 4.072883365547382 4.248605570888474 4.42107685254296 4.588334533032469 4.763535906306453 4.948097170658147 5.13949691934892 5.334388640888081 5.528749623961395 5.717523528143073 5.894586639233139 6.0528752411634565 6.184686152894117 6.282145937284097 6.339788874386778 6.375375081618655 6.394076608919244 6.400713633374153 6.402601116535729 6.400087637135689 6.397352273730786 6.394798032550258 6.392478386600017 6.390332061607163 6.38843577303434 6.388394669776155 6.390313896672183 6.393974801844984 6.399293323927916 6.406487352307924 6.411181837411277 6.404676156772352 6.387133804843213 6.359047465704921 6.322017673632285 6.278173230414777 6.229870540807898 6.179532034995745 6.1295298576983885
3.495318205766171 3.4647772151179894 3.510692540282032 3.6474742687954524 3.830720034867553 4.025207297251037 4.218200210829734 4.40714918735248 4.596452181747439 4.795173972846528 5.001285257194309 5.212427502890344 5.425469024190402 5.636253946165401 5.839482419069675 6.0286975003327665 6.196420340807992 6.334472731745409 6.4347422362691304 6.491002383127268 6.520408014189449 6.533075536232809 6.539305830039681 6.540041721866087 6.539031743020113 6.537240896662223 6.535071942234698 6.532809231775759 6.530500448951808 6.52927999137936 6.529791680352439 6.531523171734929 6.533853437585573 6.536247723511609 6.538503122674723 6.540657478040006 6.533157143232842 6.511526701552358 6.476780379582444 6.4311350642995615 6.377277185762639 6.318086780058832 6.256424517349665 6.194996073143988
3.4861155252349127 3.3907405642483313 3.400997762188214 3.5872910834328198 3.800649893870115 4.010174070566403 4.2149987251018635 4.415281143486894 4.623346970400402 4.839943817444287 5.063371116612362 5.291207595129591 5.520125743210105 5.745731687077529 5.96245528569389 6.163531295190275 6.34112653807804 6.486674699111483 6.591464608946406 6.647925429118551 6.672272512593216 6.684531885405582 6.690156569060243 6.692137658627144 6.6916580547393565 6.689658093334039 6.687040978303381 6.684418772897008 6.6826482093458734 6.68303095983224 6.685112008686131 6.687969727587191 6.690414754594499 6.691247305509955 6.689617205291137 6.685429346577948 6.675694921304173 6.6489746345288605 6.606264682037794 6.550516243699915 6.485177643876342 6.413797467961348 6.339753572671437 6.2661109858684645
3.5566443986014837 3.4379605236220523 3.4271418567122356 3.622759546513167 3.8336374350602207 4.040595083232886 4.244387842103499 4.45420980697405 4.674188488136685 4.903123039010883 5.139219518888234 5.37992763417993 5.621760569165041 5.86012357298232 6.08917309333326 6.301745226448076 6.489416406257645 6.642789067826728 6.7521109485461555 6.8087247534205435 6.831908466491221 6.845774695476847 6.853314124206262 6.855392850141058 6.853628143067057 6.8498833006284165 6.84575151739181 6.842620443469598 6.842404150756716 6.845185168374425 6.850184474701582 6.85595848002887 6.860546718049826 6.861782352014963 6.857810510228061 6.847751726546146 6.831422490647938 6.79836937282865 6.745950034254595 6.67820275757352 6.599623101023846 6.514596625577871 6.427081273944929 6.340494426057809
3.71359408844752 3.6372585694202715 3.6483101539519813 3.7657848132797036 3.932091684670331 4.115205295907502 4.31201028946264 4.5241354020709785 4.749026676338123 4.984706813816569 5.228849970221272 5.478558308840293 5.73009455270028 5.978652260954066 6.218151930926926 6.441078731587237 6.638414108857741 6.799776678726581 6.913976738105982 6.971045815145958 6.999409982713385 7.017707773603117 7.025599749107 7.025172186212986 7.01963886035549 7.012167730700898 7.005476540307061 7.002443421198574 7.004065779079576 7.01022894183882 7.019856667692181 7.030905159254653 7.040433265553777 7.044902520513278 7.04088137856667 7.0259305686203675 6.9997070020934 6.958269275621072 6.893754627176249 6.811594374776568 6.717715491148707 6.6175036291099625 6.515504030226663 6.415416156099582
3.9151911226483485 3.862149146542108 3.871624542941184 3.948090100573672 4.0701421651951035 4.227711733016638 4.4139564662551765 4.62126930153723 4.845095962944565 5.082256055233569 5.32981306149125 5.584418273681132 5.842058403750676 6.097761549786046 6.345326043947116 6.577051390080284 6.783481964526667 6.953254943762486 7.074252793250464 7.137892258600504 7.1761987331441235 7.197403097722555 7.202343295733828 7.1956741606169 7.183114340702737 7.1698603424930365 7.160415922465785 7.157076144841869 7.160818381920548 7.171480169560751 7.187742280294273 7.206995887564868 7.225194857259855 7.236952306898775 7.236207171459733 7.21785933283677 7.1809490981687745 7.126634535795552 7.04670119056455 6.947099453356074 6.835647715845601 6.718803039750076 6.601576359499283 6.487776212503829
4.128970829098189 4.084324098648184 4.08552761217957 4.133255549195968 4.227761180153533 4.3671901902574914 4.540151161042248 4.738554993922783 4.956986193386627 5.191295198194992 5.437956311125544 5.693329932998745 5.953183576051346 6.212482278366738 6.465084876552182 6.703574503138787 6.919273156253761 7.10079222046196 7.233698049520479 7.310151000500477 7.359377984085784 7.380660732768855 7.377442837644253 7.359337823875803 7.336435475607966 7.316128291696415 7.3027389688181605 7.298639667373225 7.3048041122913325 7.321050285489064 7.345993910468038 7.3767292502222945 7.408275327772042 7.432928682832057 7.4404091259146234 7.421457697327688 7.372971631162825 7.300281091679552 7.200262321033344 7.0796119770094466 6.948392647028367 6.8139121707459545 6.68129231056243 6.5541456456286005
4.3378620950834295 4.293953942738383 4.285782619245729 4.320239175774827 4.399795864094908 4.522975378234384 4.681616463405129 4.868594772992318 5.078306322520649 5.306221068880028 5.548268312863567 5.800549244882384 6.058947263809683 6.318663868017427 6.574087848734616 6.818453197071099 7.04329688123238 7.237466511483295 7.385311144556874 7.482846338658647 7.545574446691698 7.56183518405831 7.542232018158581 7.507074037197881 7.470902279345447 7.441721899059162 7.4236281682879035 7.418621111825 7.427477961186188 7.450058045174279 7.485222758502634 7.53036161342351 7.580205062861488 7.624991338058742 7.649273959385225 7.63456445035739 7.572232033178842 7.473631968854303 7.347179326977455 7.201811408201143 7.049438361568776 6.897373240620305 6.750192054625353 6.610906653396633
4.5314314696957005 4.489320135650434 4.481903327673321 4.510026807177141 4.578963590200584 4.688868393925527 4.833827792550107 5.008238409363662 5.207102299119237 5.425891225564612 5.660325022096906 5.906343486148041 6.15973053523714 6.415996597098543 6.669899281660029 6.915317785435102 7.144895633675093 7.349189445616046 7.514352857323536 7.647025625863839 7.731329719288844 7.731991021734539 7.683564737003275 7.625571543951899 7.574492570223759 7.536517549850837 7.514198475070696 7.508661776329357 7.5203576842816515 7.549273367335951 7.594837908357821 7.655248109733595 7.726623048041168 7.800163826090577 7.855513328022119 7.854943315574885 7.772400478758447 7.635655370393072 7.475549085300521 7.30354185923853 7.1308442168123625 6.9631418557269456 6.803678427739131 6.6545264487974
4.7168568181102275 4.681742772482926 4.675592148502938 4.699111607392912 4.759620312892398 4.858331743389554 4.990802373482273 5.152483224795606 5.338988310810429 5.54613634744221 5.7698590988464 6.006056957478325 6.2504485007179476 6.49843390646104 6.7450079273949175 6.984675697988608 7.211142156422044 7.417179701837918 7.596802902634764 7.777556448452818 7.914282591396699 7.864299310590775 7.775056210772884 7.696448192482236 7.6346306865459015 7.591215199060336 7.566809166053072 7.5617197967890695 7.576164775892414 7.610197907693629 7.663758138455588 7.7366031171956156 7.827715037856967 7.933505254554178 8.039647436967217 8.080267050758339 7.955636343479075 7.7629053005106865 7.567058619017356 7.372252042776268 7.184124991561813 7.005365054535114 6.837595166669892 6.681964602049334
4.899342149196897 4.869783066869346 4.864622097262543 4.8844371326393015 4.937534135923012 5.026179936763324 5.1468572825604175 5.295781248346367 5.469085465450569 5.662884991154373 5.87324582536573 6.096102285631404 6.327154681009679 6.5617665049315805 6.7948688019594305 7.020868670673912 7.2335423565330705 7.42587713806937 7.601661680590259 7.787844326580215 7.937688833063221 7.875731343326536 7.783051263149968 7.703799618379294 7.6422947748705905 7.5997430552872265 7.576628716492186 7.573182373197264 7.5896422887465524 7.626297245425406 7.683518063597071 7.761769695486803 7.8616088217035625 7.983665674219073 8.128598327947618 8.296160749559917 8.0480453971465 7.813398170183728 7.600291685422782 7.396247745105187 7.202362766365162 7.019653308710117 6.848992273310321 6.69114358333866
5.075935016857767 5.050990890238077 5.046643932516983 5.063265400749419 5.10922596574084 5.1882229583706705 5.297304598864563 5.433196016091908 5.592409548427595 5.771289925725517 5.96599914016794 6.172458029095039 6.386261050033015 6.602572778745067 6.816000900630987 7.020414464764368 7.208611964754284 7.3735856728448095 7.525782256866524 7.665539010836704 7.755716151244584 7.755081945483605 7.704375786681915 7.646107393457837 7.5963584573718625 7.560931303538773 7.54223440816226 7.541417629726851 7.559108360745904 7.595678084424468 7.651295205069363 7.725789748368869 7.818131081376288 7.924566708094108 8.030284387401613 8.070052769705226 7.94896785199164 7.759562817202514 7.564842870640463 7.37063271371828 7.182887014420097 7.004392027572353 6.836817513609674 6.681337528140255
5.243820087831284 5.222849730710408 5.219199022244185 5.233071633586677 5.271696365087913 5.340964274750582 5.4382523864753525 5.560600678820846 5.704765074490735 5.867235229867258 6.044213229663958 6.231557209047414 6.424694325248509 6.618500756972749 6.807131015432138 6.983747515009996 7.140035321516226 7.2785853209385545 7.401651582436195 7.503071913534956 7.570212647534433 7.588580971854865 7.570210167088058 7.5368793841463155 7.503768637080791 7.47901108379325 7.466761309539163 7.469149773934274 7.487214812448563 7.521269371009481 7.570906377450158 7.634613415749013 7.708657043454672 7.784243895313707 7.841164698511424 7.842600251085688 7.7635138831913375 7.630637790599076 7.47175384060247 7.3006169158022995 7.128543550790112 6.961303260635419 6.802193760113916 6.653321309124719
5.400230850267622 5.382779371084272 5.379742382272883 5.391284567919265 5.422315122381595 5.4814487161636904 5.566475173691073 5.674609977384951 5.802745460580232 5.947443602726329 6.104902474573422 6.270894580278469 6.44067535610706 6.608855206153547 6.769217942678717 6.914451731170359 7.04153171880584 7.158497479068787 7.256803203775986 7.331841402077581 7.384849498242634 7.409064319344977 7.408626723950369 7.39428134491076 7.376441537224555 7.362467758043294 7.356901934830727 7.36231776276396 7.379942442865064 7.409934441786667 7.451328211858259 7.501591201730327 7.555627401921074 7.604085632899333 7.631809897676288 7.620786132254026 7.562679098982775 7.467965190678946 7.342509663951153 7.198012532842113 7.0463468601455235 6.894848135325186 6.748123614064307 6.609211648683456
5.542422867109685 5.5281555155868745 5.525672074312295 5.535109631208947 5.558776771557083 5.60718274957863 5.679328590224596 5.77251288240305 5.88369119178061 6.009450842725027 6.145967722747084 6.288942145076952 6.4335112242416335 6.574133763420391 6.704441649372855 6.819892117545473 6.928487467954944 7.026172277295652 7.105222701568895 7.161358406423496 7.202943257533641 7.227192588570501 7.235410390644104 7.232983589385866 7.22637814026598 7.221110124064385 7.221112779043777 7.228816802145236 7.245373387201233 7.270768171100409 7.303737212860119 7.341448246758066 7.378967444673437 7.408764791416216 7.421142398746995 7.407123259062668 7.363721037069604 7.294470703243904 7.195212352961759 7.075323453741299 6.9447912177013755 6.810904324576626 6.678789775985939 6.552072890964094
5.667677772140035 5.656338968214715 5.654363475054354 5.6618679263704035 5.679078843797683 5.716084397480085 5.7746828308582225 5.852200964865856 5.945616484586341 6.0515227866151475 6.166082457430742 6.284967755506673 6.403287930337561 6.5155051520995 6.617489936351031 6.715987202582448 6.808527785973623 6.889863146841148 6.9540379398598695 6.996433604403728 7.027467529579661 7.048508480962077 7.059619069016733 7.063440453491336 7.063788311619658 7.064398177840167 7.06823358221037 7.077247961881452 7.092349559835174 7.113387956538032 7.139075170630563 7.166830435455271 7.19263199643956 7.211123601999321 7.216422937438288 7.203981503430379 7.172937563693625 7.120928749081394 7.041574484207826 6.942608081708333 6.831777769601009 6.715506120023031 6.598792695088726 6.485446556901006
5.773324421913937 5.764711217390002 5.763207692877234 5.768914732837704 5.781448780193889 5.806441367134611 5.850860641084009 5.912090283496807 5.987115335449833 6.072539179335865 6.1645403220454105 6.258824326921543 6.3505739104077765 6.4373711623302 6.524352718766558 6.608907897673847 6.687185182823767 6.754840371998578 6.807322521081238 6.840452633719685 6.861170711742605 6.876964709432297 6.887268826808097 6.893212955701551 6.896907951675548 6.900690368835266 6.906574735131504 6.915948287644342 6.92942638901517 6.94677711125974 6.966863318417415 6.987606208821842 7.006041911526912 7.01861596407634 7.0218814777955805 7.013607187617755 6.9936684600700225 6.952802398035858 6.88873719101596 6.807101340611579 6.713767033233116 6.614084626342207 6.512580811315598 6.412947771683335
5.856770710575447 5.850714912668491 5.849653706933069 5.853675419654664 5.862444011687158 5.876868107677571 5.906574084936984 5.951038497305316 6.007258290937475 6.071866697875452 6.141098390772518 6.210786301173045 6.282121536907486 6.356358990842652 6.43087708546516 6.50268533925461 6.568451964139049 6.624627971786401 6.667710777877067 6.694658141304844 6.70662627221411 6.715823163509871 6.722882523362032 6.7280487153287245 6.732335664833763 6.73706410796939 6.74346722543296 6.75241772108464 6.764263732200458 6.778739569836993 6.794929810915773 6.811295013797045 6.825801811033635 6.8362221609995455 6.840643136360777 6.838125935766795 6.826040954053927 6.793223391114675 6.74116104897142 6.673848400669889 6.595740570347286 6.51119248996798 6.4241422318223025 6.33799613607118
