_RESULTS/CROSS_VALIDATION_POSTPROCESSED_80-20/Berg/GZ/2comp/3/Berg_GZ_z_250_kriged_reverse_2comp_spherical_3.asc
ncols 100
nrows 90
xllcorner 5.6208707817415728
yllcorner 50.959635321741573
cellsize 0.00013419651685393446
nodata_value 1.7014100000000001E+038
[rows 19 to 37 of 90, columns 0 to 42 of 100]
27.18299837292505 27.135879205695808 27.074756348684748 27.00104832717514 26.91628499332132 26.82216676715969 26.72063681640955 26.61396890681256 26.504870790679835 26.396595246510778 26.293034274945366 26.19874315998285 26.118804601033997 26.058425191229105 26.022212682575162 26.013257586266974 26.032365770505578 26.077838124501696 26.145925318318398 26.23170006299005 26.329933682009653 26.435705114261253 26.54469567111563 26.653254207609706 26.758376094415958 26.882805799083577 27.052475323428354 27.256799870248123 27.49009878122405 27.74702565707971 28.006206114416194 28.243941142994 28.45945954202092 28.656576846370456 28.84512022133667 29.027086758883097 29.203447640268177 29.373548405882776 29.534118051248292 29.67767520273815 29.79023624894401 29.84928405568987 29.8294290964918
27.163241245037305 27.107447698026654 27.03698763779765 26.95315675348744 26.85735060368225 26.751127223706057 26.6362889091857 26.51499133701271 26.389888622558843 26.264318456191493 26.142514118375605 26.029786286848005 25.932534909617843 25.857851989975856 25.812478245576102 25.801184211324905 25.825247184133122 25.881990258410344 25.96572262949045 26.069410697783503 26.1861311634524 26.309862397067075 26.435700662980256 26.5597634984415 26.678985943739125 26.81684402779932 26.994780520427863 27.20689544386039 27.447673054806703 27.710005020889145 27.960468526105164 28.189790381030328 28.399408268195238 28.593272142052008 28.780407923565466 28.96362850001795 29.14487588933842 29.324746435789077 29.501494143023717 29.669170571776686 29.814066578296906 29.91355182348412 29.928373584353178
27.14337407134883 27.079725203458953 27.000715933484358 26.90749600329226 26.80128935572356 26.68345347294936 26.55556170625017 26.419522705318656 26.27775755313454 26.133460815942673 25.990966846646046 25.856200581311324 25.73705834978303 25.643287798117353 25.58515498866566 25.570531587926066 25.60161217302694 25.67383983978911 25.778060096519862 25.90393694012379 26.042322988568994 26.18606572361324 26.329873108376173 26.469875061047247 26.599931893762008 26.74328494484336 26.925443048652646 27.141042676202677 27.38476206624916 27.642902518880963 27.88123646989002 28.098378749477266 28.29605718508506 28.47687964234614 28.655428609830842 28.83449970055878 29.014760078473607 29.198465530723748 29.386366419184924 29.576345814990386 29.765391457550272 29.936942378941602 30.01971248374953
27.1247589730641 27.054260375509276 26.967720148675724 26.866128668041632 26.75051181585057 26.62197882539322 26.481791954085278 26.33147589081975 26.172998376864115 26.00907529483348 25.843681466269093 25.682858081231792 25.53579840271294 25.415701496431737 25.33875937549166 25.319049484053558 25.360762597644094 25.455327706619375 25.587022677681603 25.740404859655264 25.903766340036533 26.069193953228893 26.231513562272728 26.38713639552076 26.520469467036285 26.665702934081807 26.84757950801583 27.061941016229447 27.303663939856225 27.549703333282267 27.772265855390593 27.972988906248663 28.15376538765817 28.31659469156696 28.473956545109537 28.636678353781235 28.806895667861056 28.984508516050063 29.17195906854114 29.375218449847694 29.605705398882726 29.85609177838023 30.082239230557306
27.108615658278058 27.032461183335705 26.9396468272845 26.831005234541855 26.707357668889216 26.569542884635037 26.418460227491565 26.25514340804503 26.080898665827867 25.8975765389112 25.70811693030233 25.51763213742417 25.33543170169817 25.17811662634613 25.071484439207794 25.04321345100282 25.102550784205302 25.231087336176977 25.399981681506834 25.586663531815653 25.77757457949667 25.96524432264119 26.14552701629339 26.31168776095802 26.44508545618916 26.588371295348836 26.765017559377547 26.97304846423392 27.207253619228656 27.435203315408707 27.63813982495637 27.817925555120777 27.976428920709267 28.115645546411667 28.244909169206867 28.379203340094705 28.521874591323172 28.676031616197978 28.84587037123067 29.046219608422142 29.277637570330644 29.532729942013937 29.774194786554453
27.095974964188418 27.01553349866397 26.91792875027994 26.803856060360964 26.67395271855673 26.52880437623698 26.36895307213274 26.194915640062966 26.007234665510943 25.80661729012512 25.594300797912883 25.37300014377099 25.14934710254213 24.939910849051806 24.782711117206834 24.737789988550688 24.830291461372635 25.01276227166407 25.230354078749883 25.45435380329067 25.672863692494847 25.881124418053584 26.077133333296104 26.24713740698592 26.37881190407595 26.515499198653913 26.682230401928546 26.878562732906797 27.09868520691648 27.30492757850776 27.484400541280646 27.638736786416434 27.769538821953844 27.878523296282825 27.97272739797268 28.069150060821173 28.171850457938813 28.283880081166192 28.419108541205805 28.585231777254705 28.769756543324615 28.94100078087436 29.015947102021517
27.08763310472943 27.004418854454336 26.903699324287363 26.78607214286208 26.652040716517384 26.502001343510102 26.33621916945716 26.15479147203103 25.9576003857157 25.744269962089668 25.51418379803627 25.266757403488754 25.002671280330947 24.729004727352006 24.4821145034586 24.39585001104318 24.56354829369883 24.82865903414605 25.100593841105113 25.35889510669587 25.599970451576414 25.823873045174512 26.02995390586107 26.19882305058569 26.326902685905925 26.45149526738626 26.60420459940695 26.78334336453574 26.98372181399624 27.165111481713076 27.317580251285968 27.44231634689162 27.54038634123896 27.612883704217307 27.665075118704184 27.71453507521561 27.765637418655547 27.82522987484054 27.913178799270227 28.02498721466377 28.141830395145096 28.22420144903255 28.207899480177502
27.08411207870346 26.99973935590762 26.897714584727435 26.778592376379006 26.642804130383645 26.49030368296399 26.321346687292174 26.136145523382787 25.934474051466893 25.715504638967168 25.477573590648568 25.217849369195207 24.931887402243063 24.61341826484025 24.25662118158832 24.02627721088767 24.391119364608855 24.733585398632634 25.039671378147343 25.31610479121143 25.568108043182647 25.799216953898842 26.006789500138446 26.171087355233258 26.29355590318555 26.401237561712037 26.535373683844988 26.692770718597124 26.868735235115437 27.022579268266366 27.14510244927296 27.236840015635615 27.29805620594853 27.328868987161226 27.33305761171775 27.327848482924317 27.31732208338022 27.319547134718512 27.348738120349154 27.39950141402641 27.45467959340821 27.479040561314626 27.425222530288686
27.085631636463248 27.001710254537052 26.89897995904524 26.777990414100895 26.639811064237623 26.485322871320776 26.31517389247203 26.12971458527508 25.928910203457235 25.71223158801443 25.478542960554034 25.2260734396534 24.952848938385685 24.65949331930119 24.367904998445585 24.2479113317525 24.47380107200866 24.77634386028442 25.066497707250786 25.334775292317048 25.58194529877848 25.809895969811958 26.01075104948941 26.1666982467118 26.280991801889968 26.369358545460038 26.479763613552333 26.612388098940226 26.76022310621405 26.884514807522038 26.975037569861694 27.031506537853723 27.053162670939766 27.038829323645757 26.991010840759966 26.92577536234276 26.848742253729284 26.785986066176577 26.746583744550286 26.73424756353024 26.74318953097014 26.746232979840162 26.702424356945105
27.089932243135017 27.003805485193368 26.898812505509806 26.776314729060918 26.63754705817781 26.483603028706 26.315413390668667 26.133725392757096 25.939100721070684 25.731977054007853 25.51291055901007 25.283323340008142 25.047707682149344 24.82013983027898 24.641466076945253 24.594109291233792 24.716433029636782 24.932388406921156 25.17224726263777 25.41092349741399 25.639402142854344 25.85470179435681 26.042266978324317 26.186487767754418 26.29036350365888 26.359940122085245 26.4420277217729 26.54599895676324 26.664513874494116 26.75813148235795 26.81571537275872 26.836076345539418 26.817307814220598 26.75671904005803 26.65506530110769 26.52541751439227 26.37822301952194 26.239192522307793 26.117448174515246 26.034455658438443 26.013845952333014 26.03774869347695 26.052842273567844
27.089403555740205 27.00165794355466 26.89581526560519 26.77342524478108 26.63596205482659 26.48482739229334 26.32136002215759 26.146869556978686 25.962730390530798 25.770609889759616 25.572986801001722 25.37428625312056 25.18325278308457 25.01727890137284 24.906911335398757 24.888476246825668 24.973117362400103 25.13214327582928 25.32672295885692 25.530533547494016 25.73267034008398 25.928902816495363 26.099180304949677 26.22935626987493 26.321286864116555 26.37627438035835 26.42634863409455 26.498128748092892 26.58567806110042 26.650261890623277 26.675215857634953 26.660227511773314 26.60130224562004 26.492440133485175 26.335946072288845 26.14251393347032 25.927771321390168 25.70589644480872 25.480506202152142 25.291663880994157 25.2534795521715 25.362993952723073 25.48644008322985
27.083602005543955 26.99536997186168 26.889916020730325 26.76902147673515 26.634450976135497 26.487972344043342 26.33139236313289 26.166631440031885 25.995877740880886 25.821890442267197 25.648565066978808 25.481914717591163 25.331552385312044 25.212202757206466 25.143071678412284 25.141201421067684 25.210043204847278 25.335681963619194 25.496304267433256 25.672644889216485 25.85132500040937 26.02573256758218 26.177450924930284 26.292623253013687 26.372005941247963 26.416148471290235 26.436214177256662 26.47327473805779 26.526830397996765 26.56521066065098 26.56065820926625 26.50956685196245 26.40910262331943 26.254461118818174 26.05000588026225 25.801977172627268 25.52907795864399 25.23147505779244 24.893249720716256 24.5041825537942 24.4466054574521 24.76967769986883 25.027613976428288
27.071356177554268 26.983725264160668 26.880027084785947 26.76216367932838 26.631978603688424 26.491511096613145 26.343299362730267 26.189839184843954 26.03398859860901 25.87925603198555 25.730241324251285 25.593239712713494 25.476843421163142 25.391977869742394 25.35030099582871 25.360244603607775 25.42245618270515 25.52873709576076 25.665756954581976 25.819926171381397 25.980094940158082 26.137926074382655 26.272065513784774 26.372559931828583 26.439707975070583 26.473481081548613 26.474262821561844 26.475182278550825 26.492438657813256 26.50471351684528 26.47061080219918 26.38609755350356 26.24858715651132 26.054797002939022 25.812908121236443 25.52512440450204 25.21322967144899 24.873582278681663 24.494766096576214 24.104180757328955 24.062604779953155 24.40130396043023 24.72508118912469
27.044846196033788 26.958680937190394 26.857974488320647 26.74490768062589 26.621653193252996 26.490405251537435 26.353422213449658 26.21309769124867 26.072625971683962 25.936913544221607 25.810745774668113 25.699933265741787 25.611443459129042 25.552941006080694 25.531428005632996 25.551075030916987 25.611283771056716 25.70643098298652 25.827589539089285 25.964953653940487 26.10958585080137 26.25410942185361 26.377595312987236 26.464910350722796 26.520882999432878 26.545320798709987 26.537802573653142 26.506660258600117 26.486549590169872 26.466283672982126 26.40440135242576 26.292093144574043 26.125770957550376 25.902858352304502 25.635458588381464 25.324804365500686 24.998038221148384 24.659713414515796 24.326878989840527 24.077415675936717 24.067292998552027 24.289308219357427 24.59100337466565
27.00282763048773 26.91864657585893 26.821419280239255 26.713605194234972 26.597698583882 26.476253131324984 26.35190824577942 26.227426239461906 26.105751525954723 25.990097591814713 25.884917702017823 25.797003016006787 25.73179766702407 25.694470721424562 25.689093730121513 25.717490478244002 25.77839730897179 25.867474320499813 25.978215759763657 26.103245568509763 26.235396746050014 26.36830616255591 26.48512168960231 26.565279818025793 26.611642887048507 26.6281696197361 26.614314463563915 26.5689661260292 26.507490774854485 26.450374090129092 26.364272594019734 26.228619684247818 26.039886324016997 25.801314932360015 25.52210078640515 25.204107589909906 24.881927979341267 24.570317594431874 24.300260779282087 24.136781079335275 24.147066380050628 24.316500353443555 24.580899477257663
26.945394338541107 26.863544653821787 26.770068561922834 26.667697241511785 26.55923667943651 26.44758194753139 26.33571569975229 26.226693415619728 26.123622363878816 26.029640531965015 25.94788922495001 25.881512536838397 25.836327179785982 25.8169302839273 25.825436014065083 25.862224615252217 25.925604595803613 26.011914993889423 26.11605724856843 26.23222952416768 26.354590724474114 26.477698266212137 26.589505472909096 26.66696897393698 26.70795859985169 26.71820725252225 26.699500727786596 26.646401046893388 26.556977860461533 26.459232894235168 26.35066566923896 26.195977319580717 25.990957341764542 25.746971178151735 25.467020891338166 25.155263923592592 24.85035740373717 24.572834719258893 24.35466495777456 24.243256452861843 24.265096626848532 24.409459328918885 24.643747891236007
26.872574083258293 26.793252958914245 26.703607406143508 26.60662780453247 26.50542419375081 26.403230541888156 26.303368772609275 26.2091669911578 26.12384022708647 26.05035623585474 25.99131064552383 25.94881704050726 25.924389099281054 25.921000890382455 25.942186480813135 25.987354897602373 26.054490176864007 26.14030230554625 26.240555725341068 26.35049958743043 26.465274970752304 26.580215092661064 26.68782461367325 26.764497060986713 26.805301443396374 26.811469448310742 26.786829380574588 26.726158473590782 26.629452614590754 26.499653719634658 26.36250844766861 26.19262510862771 25.98023536341764 25.737207406266243 25.463473369591473 25.164037516481937 24.88010704840674 24.635143373020796 24.45713903280098 24.378773516130092 24.406533964091377 24.53531915915013 24.74558473890787
26.7843758627411 26.707665130546772 26.62177177525396 26.529924199816264 26.43553037814483 26.34218140863523 26.253581168234096 26.173381323795947 26.10493361253972 26.051017490111267 26.013627124736487 25.993874326325418 25.991995626882147 26.007399629394918 26.04082927867149 26.09457966344641 26.166456659687515 26.253381836241314 26.35168494912489 26.457351135242664 26.566263208540096 26.674395801956475 26.777450324567333 26.85509540791719 26.897550516507817 26.90328473531624 26.87166977778686 26.804410052760456 26.70156058674877 26.56379763523089 26.394574461403653 26.210187126195798 25.998255316437152 25.760739663772785 25.498493939864293 25.215792929025255 24.953082607234464 24.73543152272279 24.585344726388687 24.525447049013092 24.55469155672144 24.67098742997445 24.86093447130747
26.680828184527183 26.606745891405104 26.52442091044989 26.437280587028816 26.34901705648093 26.263614976919293 26.185260848614888 26.118077061877788 26.065686716306036 26.030730959275637 26.014542930126254 26.017120692844976 26.037359421563792 26.073368863492625 26.122720718139075 26.185414424740333 26.26280383456804 26.351988488101362 26.44970811287325 26.55250055043045 26.656832097703244 26.75921288004752 26.856281604258193 26.93612591139075 26.98127399831346 26.985184901136233 26.944770610182818 26.868877802163937 26.758991832990592 26.61596582715262 26.440481516102132 26.24304276161174 26.034600448791096 25.804892575649387 25.555839425259542 25.29071001943778 25.045790705730646 24.85002268911895 24.72228627912472 24.676077055137167 24.706675377700897 24.81565067860423 24.99334357022534
