_RESULTS/CROSS_VALIDATION_POSTPROCESSED_80-20/MHZ/IZ/8comp/5/MHZ_IZ_z_355_kriged_reverse_8comp_spherical_5.asc
ncols 100
nrows 81
xllcorner 5.5967107548124995
yllcorner 50.982328804812504
cellsize 0.00017565037499993607
nodata_value 1.7014100000000001E+038
[rows 20 to 39 of 81, columns 0 to 43 of 100]
9.271207182017205 9.646003586243443 9.949104209476934 10.16973243670749 10.31571232748845 10.374686570180652 10.350502903888636 10.261206751650954 10.129404208012367 9.975861844501036 9.817218661829303 9.665878946822271 9.526433238149528 9.39969259611616 9.285752782694304 9.183232018832676 9.087732908469686 8.991493515096554 8.884629998014013 8.759084210484081 8.594853542597995 8.391016781880651 8.170860946717658 7.9603094232773435 7.781401496690867 7.653253911828874 7.57960028052317 7.564811573095384 7.598948365529812 7.676158774506818 7.809458198909068 8.00004095404374 8.242342441347256 8.528162216840846 8.850634749624719 9.192047044555537 9.520817597144223 9.739590574020287 9.799074530844013 9.701244882365124 9.474424409860639 9.156787830788392 8.784884563934801 8.38975198185754
9.2340402601698 9.590798813356152 9.869630994383646 10.043780805008101 10.142040630508346 10.166846482985354 10.120020755383868 10.01433080245475 9.867325934564688 9.696187390764548 9.515032918637512 9.333066159650418 9.156250916107304 8.989155461605758 8.833749707837583 8.689844225372306 8.555522521417528 8.42786295437862 8.304423314843769 8.185735487450293 8.066825709999858 7.9124156981977185 7.744666001103337 7.5874806472450835 7.462611391035015 7.385212978433126 7.3567972948529095 7.368434703194462 7.417008518926603 7.503592679014867 7.628588978001616 7.7987432554734895 8.015797739254868 8.271055132928364 8.557754010121029 8.86037896565899 9.12048713926907 9.271921566661499 9.294525413531128 9.187222625262331 8.966195272623462 8.658890072661382 8.298424112182037 7.916395133547035
9.203369245317216 9.558079750606598 9.835309671469862 10.002467608475952 10.06287374084969 10.047991231116137 9.96446821287388 9.824724136828031 9.645439219508365 9.442351410831176 9.226606053856317 9.008879966905786 8.796808015125537 8.59511229549949 8.406262303877666 8.231180691071103 8.070077730933036 7.923544239982726 7.793778563136633 7.685274406515019 7.597171839991186 7.482301879527675 7.353468812550827 7.238698021621145 7.158035583618825 7.120799056717974 7.120874756730607 7.152287048454527 7.216851093948564 7.315426822810402 7.449073309238504 7.616016263748737 7.814130371141835 8.045488296861434 8.305449906507096 8.556849228993192 8.748953420908308 8.845942386789385 8.834596039688499 8.709478815163612 8.478209578376658 8.164612626638567 7.803232695604404 7.426528984554627
9.172876023881926 9.537268307980035 9.825537866175607 10.00121897895151 10.04785969107928 9.995794529644408 9.86456061727446 9.678615421792722 9.45570685076112 9.210264827911292 8.956274133577221 8.703987012016038 8.4603963735704 8.229935704083054 8.01521108679522 7.817778477531637 7.6390857760008135 7.481779477052243 7.35126667216338 7.255578400162337 7.185285019802752 7.104109543313042 7.00740589324428 6.925911221896458 6.877172888688246 6.859716314152031 6.877802405615534 6.930205688104457 7.013230787283871 7.126070507422464 7.267704051450371 7.439119245145327 7.638008250915545 7.860213257803538 8.08313718107028 8.279592618164305 8.412088656029455 8.464955749559572 8.426882021052618 8.28530191145253 8.035587147110933 7.6997849543655645 7.32046711150878 6.936562037453771
9.136652338981358 9.52239754645145 9.835394081275416 10.029877333650994 10.073718792797287 9.987358111353577 9.811398242720513 9.571891265035095 9.295470050475636 9.00380197786004 8.711009782126157 8.426234162322983 8.15524445200284 7.901752673338157 7.668110020591919 7.455975349082678 7.2670839899050765 7.104462188534737 6.975221235321005 6.890118625614162 6.831944317057334 6.779651647651244 6.712084893119213 6.647899277590651 6.612416347268191 6.611323484725494 6.645684941553112 6.7149670890783195 6.81355063021171 6.939683009089751 7.091775693030557 7.268000599752786 7.469321512192827 7.685042012580934 7.8755614911336105 8.02506917030777 8.108906677822063 8.12539534405833 8.06938045851855 7.921638881055523 7.64712953318609 7.270641203499591 6.861826098237309 6.463554560758229
9.084923279963723 9.503190480279269 9.858628648966675 10.08782765127694 10.135543279249637 10.00414849028914 9.767683509566703 9.47331717015194 9.151528741146073 8.82104179858983 8.493774493804402 8.179853219416215 7.886086411376783 7.615217875166608 7.369112140640924 7.149265859565486 6.957259491784949 6.7952548611737535 6.667047072085751 6.5817859092106055 6.538167992744295 6.5016075877678325 6.450207924697743 6.394950024890322 6.371798924271503 6.383775233995369 6.430746412474394 6.512646019573724 6.624547856503435 6.762511583587444 6.924750850710143 7.108862948964168 7.312540628966168 7.504942439748426 7.661998683762603 7.763414953280592 7.805251311395886 7.790793145588237 7.723617307605061 7.598340890821047 7.29222191376314 6.849072773710726 6.406821842745812 5.991550206294246
9.000540715197797 9.457278449620576 9.876945556973197 10.172332778197166 10.220861957308669 10.026892655335663 9.707036314616103 9.352218725291769 8.98974843391896 8.632001445128996 8.28624705730851 7.957450186576473 7.649843599188401 7.36889156039121 7.116922978846796 6.895599432855478 6.706624564189719 6.5522511835785835 6.427704529919886 6.336480282808737 6.285681886103027 6.252200409563119 6.212724861868747 6.1743001527585415 6.159494909561437 6.180657421756702 6.236999397450685 6.328018030430226 6.450660055163822 6.598749310570333 6.770273573652546 6.962885837598846 7.163523876709165 7.330294021618279 7.443576977456076 7.495643865600522 7.4903671865815955 7.432193615413368 7.325067789441299 7.162421144867021 6.834055579142087 6.381320852609987 5.931737571332409 5.5138491479622544
8.860773236612234 9.343943508682448 9.834458207216183 10.26576839546739 10.298875424951628 9.983602848893174 9.594472169023778 9.190973497354602 8.799865090288494 8.424656126978013 8.0682486141637 7.733563117733021 7.423245069251861 7.139981751541592 6.888612142323533 6.671324655943918 6.490255269844718 6.342841470575393 6.218795069123567 6.125136178459616 6.064863378828635 6.0312994718023445 6.004344031526445 5.983045556847646 5.979271357153893 6.0065255230583565 6.069653839529303 6.167646572988542 6.2984794544031715 6.455057463862063 6.634595455172534 6.834644858316731 7.023584880210184 7.158782722049621 7.227853658590318 7.231601421616804 7.175257377455087 7.063146857776771 6.893091579616439 6.65003240139119 6.307774651120389 5.890500842166013 5.46025946434179 5.05380588063345
8.648208249936 9.117540020821119 9.607813864843775 10.08302873702047 10.105079538783778 9.761519081602765 9.378004801622374 8.976616575710295 8.57922701869273 8.200948824877203 7.843613111068078 7.510270101457901 7.20407169374217 6.926962348395866 6.681406170811455 6.472338608633405 6.297726762501362 6.147183752634044 6.02302731706895 5.928968661368055 5.867088376062711 5.839187839055416 5.823875360555177 5.8173711266221515 5.8302750266753325 5.86502298630109 5.9330414244394225 6.036527676798446 6.173828831707318 6.337731403257807 6.52443797184841 6.727955942267661 6.894241828604443 6.99367808941317 7.022234590974177 6.982687265884491 6.8775902454483635 6.712819250228154 6.487293740888432 6.19553107682031 5.838490833919802 5.4375716780710635 5.02502007584477 4.630367240878229
8.367342403597275 8.779325036976227 9.179886130322618 9.486045439707826 9.539144454511518 9.347945645986089 9.04755955121384 8.701859383221706 8.33500371377854 7.96794169996853 7.618611119323575 7.29315172775958 6.997299884446286 6.732232329370731 6.498762612799213 6.294960740982747 6.116389662707701 5.964473707762142 5.841303243146169 5.749161325378652 5.692305018236821 5.673492367945447 5.669755160834248 5.677154043127197 5.705168217478803 5.756284918172384 5.831073907904372 5.9391375190740625 6.081992942763822 6.252583617758366 6.446136454267107 6.639645882113947 6.775660452215044 6.8430837579790875 6.837099868271015 6.7590633389475645 6.612817594775086 6.404731126047943 6.136913733452517 5.814490108999976 5.447717273528619 5.0517196387259995 4.64833855642591 4.260339052326938
8.045499126980099 8.38488616996213 8.693388325194249 8.910640084346207 8.968958461396651 8.866524718164872 8.653915265033675 8.378049428570998 8.067120129372855 7.737502133676443 7.402870246228186 7.089226038900128 6.811333073538322 6.562261048658378 6.335024205771288 6.128947293044946 5.948773596790385 5.797278424353956 5.676350634281892 5.588322332468405 5.54148748327258 5.533104380733617 5.54123161502402 5.562723519557681 5.60456382745405 5.67159137697262 5.763328234051866 5.879893184625825 6.028054519817902 6.204333864967431 6.393020402890748 6.565669576092215 6.675812213860004 6.715913626175146 6.681319281427918 6.571117040425609 6.392579587154041 6.150837251358896 5.854233232749888 5.513545451464011 5.1390036533048145 4.743682006301926 4.343994353321618 3.9575199461882047
7.715473246235787 7.988237168281402 8.22842924722091 8.39518639403475 8.453138435822428 8.398223229437999 8.251046451888671 8.039093433924597 7.784997761987333 7.504745203832676 7.209676641080365 6.919350744741348 6.655483927171593 6.409955340294071 6.184198066994999 5.979732243582689 5.799483815250647 5.649083466705112 5.531123761488875 5.450469193608109 5.415599526729598 5.418174214759143 5.438580217759631 5.474877568297011 5.530009656669384 5.611907470599896 5.720354027862232 5.855252185645776 6.011739301171884 6.18016226914874 6.357787712728468 6.51158686819964 6.601032354067968 6.61951924292792 6.562101505427827 6.427043454457936 6.223402894959654 5.958650695191214 5.644809161030297 5.292814802852349 4.913150992802871 4.518274105515019 4.120883286380106 3.7340878650338
7.402675236862626 7.62040286521592 7.810852443934898 7.944790207599447 8.001159937168973 7.97463450488809 7.873918937787061 7.714509269791832 7.512420831958387 7.279477119822353 7.026349436068085 6.767609943374672 6.5171445336540295 6.278781994814846 6.055626773363812 5.853038723242071 5.673491350605059 5.523654106202016 5.408699807645801 5.337858077050228 5.316552591377859 5.329954431811165 5.363180489090312 5.414468446967319 5.483784443199558 5.579334243027658 5.697777283012831 5.835941937158491 5.992104632550214 6.158347494007007 6.327873699034131 6.465864702508794 6.5403803160938105 6.544774007912448 6.47373829581355 6.32526713030649 6.106856520684731 5.8314409018210185 5.508849863866271 5.151459265764139 4.774936929751808 4.388600257872488 4.0006573212925955 3.6193182907097796
7.101336303683226 7.280490389444852 7.4379075513180775 7.551858221158528 7.608883191242905 7.601685935591396 7.532505142414003 7.410368653917465 7.245566377619937 7.048471715831892 6.829573854112901 6.6004736715418915 6.372962732377077 6.153247446209786 5.94284475087423 5.745371262817224 5.5664095609695865 5.414796046764697 5.302234055743259 5.242787749828079 5.237558874475722 5.2645002711263675 5.312767138343423 5.378311656588354 5.454994658034242 5.546817519694131 5.660378059426152 5.794783956896428 5.948319546667964 6.112895564609546 6.282339394882 6.419259482511854 6.489958180922538 6.488373939294403 6.410142752213618 6.255376181907882 6.031521625740066 5.759376944733539 5.453475812321871 5.1178989232583 4.758265292887779 4.386425414607744 4.011614888878419 3.639363797919538
6.781180986842032 6.92974304067115 7.064034411762302 7.166348234159105 7.226698119821122 7.237738385024703 7.197841725276599 7.1100787572702755 6.979863408238182 6.815730758603281 6.628714128493288 6.427929699283021 6.219566918134402 6.011407876814212 5.808954270748715 5.616935063358828 5.440898048673754 5.289510993534945 5.180693356048019 5.135121162969079 5.146264861997828 5.186956257467312 5.246945312562614 5.318686280478612 5.400973644481708 5.4938759326324105 5.603973069256547 5.733039909773234 5.8822320344616195 6.043687090643698 6.212291524345499 6.353493911060225 6.431326388930392 6.438109351829521 6.3665062696540184 6.216443005531274 6.012098025777892 5.769177454009767 5.492275029730669 5.185519104309347 4.8534801130159 4.501824093655725 4.139983313989316 3.7799710945702136
6.45216574937642 6.575618683574724 6.692811169575514 6.7879269630164805 6.851931628626058 6.878530457334245 6.863738800179439 6.808224051993414 6.715040822400415 6.588190798416828 6.4266596571689165 6.241749623684116 6.04727492805176 5.850954340921248 5.658134940081194 5.47328565757113 5.301130137241432 5.148279108495448 5.036589781588559 5.007968835965762 5.037978354970309 5.088637511168147 5.151058201966394 5.22491931248944 5.310493752299796 5.407872654239271 5.519527360399961 5.65031391433604 5.795688422665448 5.952099095361503 6.11842410327934 6.266772328442481 6.357215382104482 6.380498302288479 6.33250898438736 6.220336418280045 6.05114293262062 5.841066089474243 5.597742872124596 5.322756658265475 5.014154923786364 4.681669205049486 4.337061830106246 3.9942325357348
6.12355899932186 6.226909565007444 6.332744501286661 6.424628661309185 6.493343587448052 6.53296675855371 6.539888465495379 6.512510046032256 6.449995207316217 6.347073617268356 6.209230395099422 6.045419312044525 5.8653304544305795 5.6817288443580045 5.500454370109918 5.325992372945542 5.162611047945142 5.014366015498166 4.891829735526688 4.883233237525957 4.923445640548496 4.972455311532024 5.032197034599371 5.104140392124341 5.18952279644992 5.28919116291288 5.40324945251062 5.5354243530467775 5.683338542501818 5.839174490724174 6.000872218028558 6.156214316203027 6.262804346847524 6.323915700995668 6.338788659974114 6.2705618999049975 6.133694511623623 5.956717363443127 5.734775567701806 5.474857284124136 5.18603028048632 4.878215091025013 4.562576370414944 4.2529285757949795
5.802482046187546 5.891359504909068 5.992099873252822 6.0840721636361526 6.158017904486307 6.2088332292791995 6.233733247443426 6.227152697683547 6.179839828305546 6.095327669434753 5.97905714271684 5.838658912102725 5.680758675988449 5.5116438870101945 5.34354891319889 5.183009531199616 5.035412828502624 4.907670273731682 4.820798234500851 4.79532809623706 4.811357417798739 4.847049848927747 4.897546713454952 4.962782979654036 5.043951327501546 5.1424395175138065 5.258814623086297 5.391763734476768 5.538960754685374 5.696698793884359 5.859348082610985 6.017387547472485 6.149165098202312 6.272987694470494 6.378302952852498 6.343060504209622 6.221760817132161 6.056001126486095 5.852221044319697 5.616527308462446 5.356541776253458 5.081397190601766 4.801546163387678 4.52748977913846
5.494364647112068 5.579010426653057 5.680656316412174 5.773605142673292 5.8517468216138955 5.911738950215307 5.947751444777447 5.947779895912348 5.912346023009651 5.843825550605203 5.746791509059711 5.627680535003291 5.492122715136725 5.344986570747967 5.19220150864098 5.047368547615058 4.918627215132993 4.814415650533475 4.741310882008235 4.702370567211347 4.696255403731672 4.714468825625877 4.751647945341002 4.80628704150812 4.879352285359988 4.973145635902584 5.089108121951598 5.223770222836136 5.369472875112743 5.524992826883696 5.6867877648814265 5.854565622102652 6.024444058337305 6.189068795304185 6.324412204769275 6.336628786988545 6.24861445148629 6.112991034846508 5.941157880480948 5.740023997108716 5.517067923906882 5.280931987824406 5.0404398103340835 4.799534383915625
5.229175081258031 5.31346940279127 5.409397208464653 5.498946638527161 5.578365799184431 5.643109621019756 5.678484294931448 5.682281630737629 5.655922959931203 5.601127540637727 5.520941750465028 5.420751671273305 5.305474578488897 5.179762521855867 5.048536113060717 4.919736029015393 4.8087239602664935 4.718348675578936 4.641942260554783 4.592895274722671 4.571682109803945 4.574655556453685 4.598059532739578 4.640018776988178 4.701467951983326 4.786901559338457 4.900311082979523 5.034704429060721 5.180990964006562 5.332965519385315 5.490261465444997 5.679666524165986 5.887832896940457 6.07939261946058 6.21178505717948 6.254432232150239 6.21705915691455 6.126731866931841 5.99790895995617 5.839753373949814 5.660286515905174 5.467770106966694 5.265446506816848 5.057677694633102
