_RESULTS/CROSS_VALIDATION_POSTPROCESSED_80-20/MHZ/IZ/8comp/5/MHZ_IZ_z_0_kriged_reverse_8comp_spherical_5.asc
ncols 100
nrows 81
xllcorner 5.5967107548124995
yllcorner 50.982328804812504
cellsize 0.00017565037499993607
nodata_value 1.7014100000000001E+038
[rows 0 to 17 of 81, columns 0 to 39 of 100]
4.628243143736691e-05 3.1756518534915315e-05 2.1474727541007492e-05 1.4681008653038729e-05 1.031197414699295e-05 7.447882633771318e-06 5.6760873337056905e-06 4.588033034114784e-06 3.883489176577893e-06 3.385189389648426e-06 3.004281957947787e-06 2.7021292736934537e-06 2.452964461949864e-06 2.23659934686859e-06 2.05437278835792e-06 1.8963455140937747e-06 1.7496133774511044e-06 1.6016951130133567e-06 1.442244196796551e-06 1.2653672410091345e-06 1.0715315919117354e-06 1.5880456162356477e-06 3.1002472833236514e-06 5.826100628873441e-06 1.0722527510210679e-05 1.9249369672809872e-05 3.390182572090874e-05 5.789831140506088e-05 9.490317121894875e-05 0.0001478575210114299 0.00022147076502860712 0.00032452617608020196 0.0004626385996965372 0.0006380662287084659 0.0008473060750369836 0.001075028426502634 0.0012924956930903248 0.0014606494011140637 0.0015503508932348383 0.0016004415124515324
3.8724307031495e-05 2.4999471463096413e-05 1.570562752774124e-05 9.866942542662718e-06 6.369057583176811e-06 4.314159211134596e-06 3.20660396772217e-06 2.6120442400411354e-06 2.2510616252595952e-06 1.9885698958403804e-06 1.7734202904656472e-06 1.5937277669817042e-06 1.458131059195548e-06 1.3658846207252642e-06 1.302723013863906e-06 1.2563273054518548e-06 1.220032792289543e-06 1.1861271386718237e-06 1.1497156622184977e-06 1.120961830857694e-06 1.1850151243297325e-06 1.6963454207659153e-06 3.0351200848658824e-06 5.574861845020596e-06 1.0223010653645677e-05 1.8527936165193052e-05 3.310073589499419e-05 5.775453238173204e-05 9.751609283882889e-05 0.00015678453874434867 0.00023847772101073992 0.00035403789601757277 0.0005142845690876798 0.0007249286644872112 0.0009831821680691077 0.0012718333435843773 0.0015552098284757096 0.0017813477882744001 0.0019088137909671476 0.0019786383423724078
3.528751738219054e-05 2.1574253641611102e-05 1.2610163874110633e-05 7.211313116174101e-06 4.17772604206896e-06 2.592267644048658e-06 1.9041859003665774e-06 1.6169101874598533e-06 1.4488512062851662e-06 1.305265008661845e-06 1.1755655927724313e-06 1.0671677039863836e-06 9.841094572895734e-07 9.312716494615229e-07 9.127474442492527e-07 9.275728003431744e-07 9.63621639009911e-07 1.0194049359605277e-06 1.1004033271990218e-06 1.2362500690934143e-06 1.5273719150155537e-06 2.212549142932369e-06 3.6480761586814308e-06 6.311104728930491e-06 1.1189935611461909e-05 2.0011775710527857e-05 3.554623388393653e-05 6.191417867073496e-05 0.0001047395822680703 0.00017150207314287273 0.00026915186644391024 0.000406736390265561 0.0006017268761090258 0.0008638851002587476 0.0011929001951431484 0.0015697458649488799 0.0019494516473035684 0.0022614470091829424 0.0024497589390050753 0.0025547821048142907
3.5660337773894914e-05 2.0967523676388414e-05 1.1572192708216958e-05 6.065676485472106e-06 3.08189945685372e-06 1.6352066901719036e-06 1.2341586303573586e-06 1.1585091682089548e-06 1.0895440321725956e-06 1.0042364149401054e-06 9.13052084249036e-07 8.283846817035888e-07 7.620726783713986e-07 7.235416872395557e-07 7.203756595356579e-07 7.601541921391587e-07 8.505625331854721e-07 9.895310915633987e-07 1.1940362783699107e-06 1.511880186653204e-06 2.0574155438045607e-06 3.060235563174425e-06 4.881651364501466e-06 8.044782470636329e-06 1.3715608530094462e-05 2.3886132487595193e-05 4.16158792992015e-05 7.151204457858777e-05 0.00012105020315718608 0.0002000981832422063 0.0003195074382766213 0.0004903793527878147 0.0007353441782576266 0.001070928974187515 0.001500716976728293 0.0020041234347791988 0.002524485936878886 0.0029655384749711394 0.0032583471696800924 0.0034293993289903246
4.050248796002655e-05 2.3471319597015244e-05 1.2640117709630838e-05 6.3596480614007785e-06 3.0038883577525076e-06 1.3101500630702842e-06 1.0783465783806012e-06 1.0820232863861445e-06 1.031084943450728e-06 9.456095441740181e-07 8.459081981974094e-07 7.513456433866563e-07 6.776459642157461e-07 6.369198507482725e-07 6.395532881908749e-07 6.972506238341072e-07 8.277209962373239e-07 1.0588180475356199e-06 1.4183648029076429e-06 1.9806912124357326e-06 2.895407095398046e-06 4.429354226386668e-06 6.982704900915089e-06 1.1132133662802661e-05 1.833028465728111e-05 3.0931165982573774e-05 5.2540106621245e-05 8.958699064007291e-05 0.00015141381274283997 0.0002504417303568726 0.0004007702734651496 0.0006153600816280792 0.0009297508792528283 0.001367879264297179 0.0019382429079486349 0.002619434182589891 0.003341400595863209 0.003975626787876872 0.004457707112705919 0.004760736219745187
5.190060634462e-05 3.0493184331209873e-05 1.6689955688088043e-05 8.625566069073651e-06 4.356351278541713e-06 2.3504765140808306e-06 1.6576140201198398e-06 1.4275539148802307e-06 1.265715966755565e-06 1.1024690825315294e-06 9.413962763990719e-07 7.988281277742187e-07 6.903849841798873e-07 6.292908603834858e-07 6.290087009817975e-07 7.072476212092501e-07 8.920743245803916e-07 1.2350052349034288e-06 1.8225291291786274e-06 2.7662886763435486e-06 4.2829495518176705e-06 6.717224354075618e-06 1.0534256727891607e-05 1.6390426417852336e-05 2.6181615061834064e-05 4.283804047222767e-05 7.165179576081863e-05 0.00012079478313103098 0.0002022788058670361 0.00033216156033109823 0.000528635178285551 0.0008065357837048626 0.0012047134808414468 0.0017813302014416822 0.002541540421531146 0.0034624902152026946 0.00445972558062934 0.005379208306799249 0.006200534284985008 0.006785054395521772
7.446651591748162e-05 4.544108335079385e-05 2.605046319258169e-05 1.4340219079354647e-05 7.923058225316457e-06 4.702258682560573e-06 3.1736609759049317e-06 2.4235652075029043e-06 1.9469652146829067e-06 1.5707823246609878e-06 1.254262187625615e-06 9.964400335007216e-07 8.051394682484677e-07 6.912030164166924e-07 6.731542453296927e-07 7.814241318761526e-07 1.0612319367931501e-06 1.5940838268131352e-06 2.5418496620529615e-06 4.143537528432661e-06 6.712010887064324e-06 1.0715627024609053e-05 1.6688998336728956e-05 2.5413797624077598e-05 3.946875191115997e-05 6.339104283631028e-05 0.0001041916237939691 0.0001726559115257431 0.0002845663679409568 0.00046070130838308956 0.0007240998075492736 0.001092557548182822 0.0016006707555302772 0.0023395543222009224 0.0033443736695415497 0.004567868208697975 0.0059064553112736186 0.007225944068722466 0.008585963288247754 0.009776865815605775
0.00011767624445516251 7.579668239218726e-05 4.6154333276678254e-05 2.7166116085892367e-05 1.601926977639365e-05 9.952429844640807e-06 6.675276890533703e-06 4.78057091235335e-06 3.552293842548956e-06 2.662644342010642e-06 1.9829915516201546e-06 1.4647562971583891e-06 1.0871075492100344e-06 8.452091769084355e-07 7.689259358245061e-07 9.35094074131454e-07 1.412085081259882e-06 2.3207377581600067e-06 3.931191511171524e-06 6.728681542300651e-06 1.1232920639637847e-05 1.804676241782463e-05 2.7706632565486457e-05 4.122551128050747e-05 6.282236318322114e-05 9.896024382421578e-05 0.00015908028474232897 0.00025768607720043314 0.0004155010722880691 0.0006590451399812836 0.0010164712376234581 0.0015071521004990365 0.002160222293644973 0.0030874466329980452 0.00436809045052625 0.005939226074308971 0.007637759700275244 0.00943516643838075 0.011407324005114027 0.013600048552816857
0.00020058615525174228 0.0001376938233636268 8.946574611809997e-05 5.599559506639679e-05 3.463174362086615e-05 2.2210446593030686e-05 1.4998901521024285e-05 1.0412671018951234e-05 7.357283248962053e-06 5.220009035447199e-06 3.680326799890478e-06 2.565133251423121e-06 1.768046518533291e-06 1.2180727107120489e-06 9.237037630773936e-07 1.270997584003644e-06 2.2230860314212225e-06 3.9345102377025985e-06 6.906045497494929e-06 1.1976629557510781e-05 2.018452274660684e-05 3.2123325546891206e-05 4.8061958946496035e-05 6.999893718360083e-05 0.00010461559474296748 0.00016070934157063032 0.00025125989403913427 0.00039561083580643677 0.0006204956366044652 0.0009587115556736183 0.0014426888086986655 0.002090002192171236 0.0029221583717001965 0.004070792155491128 0.005616627445942362 0.007539114695009219 0.009587159471734651 0.011814260110577797 0.014235184084067222 0.016782897652607088
0.00036082600172859943 0.0002656715414596933 0.00018457676536368515 0.00012234472098703988 7.919432896713346e-05 5.214000918822238e-05 3.539688404669659e-05 2.431269160558575e-05 1.6726534956409386e-05 1.1500756141278024e-05 7.878544434765433e-06 5.368143116190003e-06 3.6425880291314482e-06 2.4860907384741088e-06 1.8749787998343695e-06 2.5871063139807317e-06 4.537959590146265e-06 8.020828558124323e-06 1.394977685641406e-05 2.3701030986419165e-05 3.907528753847909e-05 6.03818485254574e-05 8.69837306849263e-05 0.0001238996862459203 0.00017999375593000784 0.00026769249365403766 0.00040445509463897815 0.0006153800905600848 0.0009336999443767596 0.001397890480070482 0.002042018542521995 0.0028761115057995995 0.00391298727355779 0.005302951646657058 0.007104351198042256 0.009296907013860017 0.011698774357668942 0.014232240840609799 0.016923969739145922 0.019268755643798804
0.0006702062330780195 0.0005324024600126354 0.0003968388498767795 0.0002785463294845261 0.00018925298141437338 0.00012762485028252035 8.649980667382073e-05 5.929799649264722e-05 4.043093784156436e-05 2.7523772973622413e-05 1.881499174506238e-05 1.3008806988890688e-05 9.24619289056842e-06 7.0395500788310485e-06 6.3825165469759556e-06 7.826146416750363e-06 1.1929544174292555e-05 1.95685890887374e-05 3.231734505739308e-05 5.226494267840476e-05 8.177864459215059e-05 0.00012022837192771989 0.0001658011263045212 0.00022805370709592072 0.00031727540742501495 0.0004512890433193036 0.0006533065391673817 0.0009549222198826238 0.0013943104017374865 0.002013165043516167 0.002842342673991614 0.0038767238896421333 0.005126174495612804 0.006721456530776012 0.008587164460036352 0.010714403126301446 0.013147829163404573 0.015793033724843794 0.018414507371375795 0.020484633683819885
0.0012562801355952124 0.0010804278613126916 0.0008660497223749877 0.0006466999775135635 0.0004616993080286042 0.0003190075807610006 0.00021650891849846134 0.00014689068798790717 0.00010028051704577559 6.862822280326582e-05 4.774963936954557e-05 3.4393343371118784e-05 2.6218967040665893e-05 2.199547428649039e-05 2.151893567929405e-05 2.552223737410296e-05 3.547783655313009e-05 5.360414008976024e-05 8.267785690529017e-05 0.0001251382167414621 0.0001820722705082468 0.000249860451092493 0.0003289736941935729 0.00043150642546962954 0.0005689223210816586 0.0007657604759734698 0.0010496769448438733 0.0014572914446494443 0.0020342853337531365 0.002820830859287866 0.0038352854985139093 0.005021672418355243 0.006286001193324732 0.007734506302746724 0.009334678512368917 0.011229066477970213 0.013584897315351476 0.016152395826151682 0.018540386105583683 0.020315290193138595
0.0021818295509867607 0.0020161199689185116 0.001741184819026257 0.0013947293297806968 0.0010477881293879656 0.0007407862553899799 0.0005051528964322588 0.00034282620891700193 0.00023712802601683148 0.0001686082068661377 0.00012276769954982497 9.292296416073099e-05 7.547308588333903e-05 6.772501144107433e-05 6.915037089051127e-05 8.132250137379049e-05 0.00010779923211100472 0.0001535449127596686 0.00022271647958478245 0.0003145215972873153 0.00042110187995557824 0.0005347828339405408 0.0006646314894584947 0.0008210540873595255 0.001016896148267854 0.0012851111495440627 0.0016579290341181226 0.002171907958523228 0.0028687196442184633 0.003787687820258841 0.004843728584144481 0.005849546120952095 0.006841760519996768 0.007929526563243788 0.009239268546474475 0.010847747681695684 0.013031854387335293 0.015391229396218717 0.017436525307070835 0.01883636078162885
0.003286468073021313 0.00328394204353649 0.0031009387889441562 0.0027156909273673394 0.0021545186200182106 0.001537319787408235 0.0010381464454628465 0.0007013698869062454 0.0004924294392738542 0.00036548038662075056 0.00028687573557169754 0.00023632372229101726 0.00020624938826673822 0.00019453327545068796 0.00020485332472765667 0.00024169949193064382 0.0003141361315028047 0.0004335621863421888 0.0006036319271172557 0.0008018477479755813 0.0009823451429095604 0.0011514112700841553 0.0013295956469665346 0.0015299557304183336 0.0017700021159906356 0.0020882427237399375 0.002524516605027352 0.0031091509742716553 0.003866434284741673 0.004674989100367657 0.0054181938188166585 0.006011197367122876 0.006593821505371982 0.0073556983781137945 0.008339203140577869 0.009715711713755371 0.011663212732485917 0.013755633490701899 0.015374641942579762 0.016282998580907766
0.004174845692422345 0.004508311080492451 0.004725319248714779 0.004689574322185143 0.00397330299312669 0.0027607212161252573 0.0018042598749600438 0.0012179699253087744 0.0008783948540752139 0.0006820034495725382 0.0005702833791111583 0.0005124607640779028 0.000489584072532336 0.0004982231841147165 0.0005416348643158137 0.000644158415159046 0.0008343494746256312 0.0011436245056233505 0.0015761891374693432 0.0020096789193512514 0.002261867559458022 0.0024036486921439875 0.002541611329330083 0.002706391341440107 0.002922424749344505 0.003214363181665204 0.003634597276697492 0.004192804167253741 0.004729462643631715 0.005134141210540973 0.0053609839588742506 0.00546553714863783 0.005728341652076682 0.006174384245043802 0.006852365110279677 0.008015722173392296 0.009737553716990657 0.011580171225059289 0.01271126175631817 0.01300920375381544
0.004337180598670535 0.004963145648469524 0.005710026155988007 0.006721292247438846 0.006393718106160313 0.003976580780033943 0.0025663683807908852 0.001803449827004403 0.0013802263378726877 0.0011455883997621144 0.0010261788765424237 0.0009876891002181007 0.001017575546238496 0.0011132003717822352 0.0012788251807982392 0.0015322331149457845 0.0019467821910664556 0.0026469450688272177 0.0037371668204111107 0.004864702961411973 0.004900914374608266 0.004599213139087191 0.00443988222698498 0.004392852378377891 0.004447743196915898 0.00458961384354654 0.00485754398219505 0.005084856584596866 0.005128611676489799 0.004991468561397705 0.004740226078042811 0.004527863872626301 0.004497900120963583 0.004663154972050282 0.005076699118929982 0.005980884590092017 0.007492866375353411 0.009204795910559036 0.009786854490422933 0.009396576129386183
0.0036054730629601216 0.004192892418181357 0.0049157849620819006 0.005935991567701159 0.005937533933435056 0.004151743975157266 0.0029567513875037375 0.0022792816776532874 0.001906909350140382 0.0017230674105712198 0.0016706168020744212 0.001726341741924757 0.0018886852158189673 0.0021722978816551474 0.0026048274526835344 0.003217976129972561 0.004028939729654156 0.005214048824822795 0.007154856883879352 0.010194518142611946 0.008638180953722516 0.007445085470648615 0.00676822972024319 0.006344181089024458 0.006094928304502473 0.005966416638858044 0.005809849625689839 0.005451824207382865 0.0049643085681592486 0.004405558157748966 0.0038439686334767287 0.003438900349435435 0.0032085842108469783 0.0031523093722686415 0.0033288830938560734 0.0038887000139341084 0.00503222045064509 0.006853506506101774 0.006701510043367701 0.0058193158727520315
0.0023995433580178034 0.002742128485460528 0.0031668996241712303 0.003598152860940074 0.003656491665105308 0.003225693473488091 0.00274943257989273 0.0024351173899406576 0.0022908392228754714 0.0022937923317671344 0.0024325248557031686 0.0027119800439580257 0.003152125537913922 0.0037847574519613712 0.0046460173043914475 0.005758697732925224 0.007094663031505499 0.008573380475747582 0.01040878913604877 0.011777440359298891 0.011029787073069836 0.00975060739250461 0.008782587449451665 0.008007148134679945 0.007422724298872196 0.006945863930159014 0.006217001596783613 0.00532946080769528 0.004428292965505994 0.003581709925945873 0.0028931806484869213 0.0024110055019314035 0.0020937517670205426 0.0019149004705186828 0.001911411903521534 0.0021208235286271334 0.0026120009185113483 0.0033478790030899487 0.0032680320969108753 0.0028696842181478634
