_RESULTS/CROSS_VALIDATION_POSTPROCESSED_80-20/Berg/GZ/7comp/2/Berg_GZ_z_500_kriged_reverse_7comp_spherical_2.asc
ncols 100
nrows 90
xllcorner 5.6208707817415728
yllcorner 50.959635321741573
cellsize 0.00013419651685393446
nodata_value 1.7014100000000001E+038
[rows 18 to 35 of 90, columns 0 to 40 of 100]
0.025433798371688073 0.02595845400852977 0.026541895163273297 0.02714621187456324 0.027732559818136424 0.028262571263894542 0.028700508850580127 0.029015890986697244 0.029186167347866703 0.029198941404561213 0.02905327673686041 0.02875979809636687 0.028339564370550945 0.02782196430175386 0.02724207897057885 0.02663801684233814 0.02604866218354432 0.025512134026328702 0.02511951837781456 0.025109907199147314 0.025527040962850602 0.026361716629931378 0.027474607539914056 0.02885474352008658 0.030511280005565383 0.03260679453694607 0.03530666630791994 0.03910727842295304 0.04430326969097804 0.05117890862027218 0.060090200930207914 0.07154124346285541 0.08659381274848511 0.10603921670017734 0.13043889224078692 0.15923973582234655 0.1871897023880956 0.2049396285544698 0.21363929133925816 0.21603172986335617 0.21248939024811503
0.026428532636477483 0.02722625737025746 0.02808172586845094 0.028950139951361843 0.02978340478749685 0.030532181591412733 0.031149111762821452 0.031592862024150854 0.03183234891593878 0.031850313584531435 0.03164544753772719 0.0312325578174055 0.030640730795463166 0.029909939659345484 0.029086865771169423 0.02822077505803014 0.027360131306548446 0.02655034506854487 0.02587319585513706 0.025575316671136654 0.02570283873020532 0.026283797364045437 0.027328129953260883 0.028662808537081128 0.03026096857526727 0.032272207750434476 0.035214221551137445 0.039403448510524686 0.04507945130928044 0.052558798034180815 0.06220866856956458 0.07441620092722638 0.08970056477199807 0.10892845983323203 0.13212312947442686 0.15791244786098035 0.18247448811210498 0.20096982503465238 0.2114611799467129 0.21426906645182392 0.20988323369887604
0.027791125401385664 0.028909847407797614 0.030093147977175553 0.03128696910409689 0.032430433003726444 0.033458614946004515 0.0343072265800853 0.03491878876055481 0.03524931670003028 0.03527412500354562 0.034991334723818025 0.03442214745441003 0.033607811111636424 0.032604093250818804 0.03147463661905103 0.030284625101325967 0.0290958198800498 0.02796347475728451 0.02695684003108502 0.026325874658078997 0.02613207556478933 0.026390234958812386 0.027134433201643732 0.02836901203636479 0.029884326401994104 0.031995172638508027 0.03522072196125225 0.03975047251523521 0.04584988357564457 0.05385830886703002 0.0641426652063787 0.07708756274314996 0.0929988723217972 0.11198968770231546 0.13412487257626735 0.1580242201625765 0.18080706899765653 0.19901160762884296 0.21019176667403972 0.2134173927507495 0.20877837864161636
0.02952261405468975 0.031024744782577662 0.03260927239099792 0.034210314927364864 0.03574981189983635 0.03714098456610455 0.03829495510748103 0.039130116511724905 0.03958279110121429 0.03961680499893741 0.03922939238800869 0.038451660441626484 0.03734347050891884 0.03598428477014189 0.03446250504519465 0.03286577082329606 0.03127384778902284 0.029754672628306156 0.02836818676239025 0.027347316775982875 0.02679119663608992 0.026699710865949654 0.027090574063460476 0.02800344924827541 0.0294934904393891 0.03182197420630134 0.03528740130827566 0.04010983913781942 0.046577070103111524 0.05504388251164709 0.06588711159838456 0.07948997374507845 0.09611479976933414 0.1156976700043224 0.13755575740276102 0.16057549027582754 0.18259176564053067 0.2006490845411263 0.212181135224177 0.21569114772517078 0.21055191475453588
0.03162356771553717 0.03358726476234543 0.035666868248674294 0.03778220344672786 0.03983275173966236 0.0417014568588879 0.04326374945622319 0.04440168192781677 0.045021091159381424 0.045067709219986346 0.04453736448382959 0.04347679272228908 0.04197476944344937 0.04014662497021582 0.03811693440421801 0.03600470218570351 0.0339134698900384 0.0319267302423724 0.030107672592573083 0.0286288743679126 0.027660795725316645 0.02718665394731826 0.027205955242963528 0.02774248643912841 0.029198446836780755 0.03172113814720068 0.03538302428543842 0.040449857820799476 0.0472298810858885 0.05609285351218504 0.0674389232509307 0.08166559624145946 0.09903503528742282 0.11947535639947418 0.14231316760806464 0.16602782474957686 0.18830028365556103 0.2067833229165309 0.21886620928984768 0.2224009629234847 0.21605446825240263
0.034088175748984054 0.036607891119202186 0.0392994586146435 0.04206671061651946 0.04478084678379091 0.04728352510918453 0.04939844102208239 0.05095238409975619 0.05180315492850087 0.051867328027558744 0.05113844731805613 0.04968849117776968 0.04765200046286386 0.04519920656982055 0.04250756516432762 0.039739312422873936 0.03702836667832892 0.034476040399305415 0.03215303102980661 0.03016010036285344 0.028722915798741297 0.027828516267213225 0.02745520323361023 0.027702134569019567 0.029055243350297005 0.03166779595003418 0.03548176894765045 0.040742703915730476 0.04777832022983389 0.056977984128972176 0.06877773655583924 0.08361211218192403 0.1017888281705082 0.12329635193107527 0.1475450273772516 0.17311291136325263 0.19765059904100207 0.21812709317779208 0.23138277342222444 0.23445403770818704 0.22662587412607843
0.036896926117578145 0.040082269153039383 0.04352697698539151 0.04711929153970054 0.05069683089786787 0.05404639498862404 0.0569170885823017 0.05905083410244014 0.06022812397596861 0.060317191580947796 0.05930775087003948 0.057313758911371186 0.05454384848449739 0.051253288904323825 0.047696636485868076 0.044094414893705455 0.04061738579798149 0.037385003539284256 0.034472317265616295 0.03192762307215027 0.029958632382636602 0.02860384224315039 0.02781600457207504 0.027866551429419482 0.029098290161449273 0.03163152521278108 0.035562055039959635 0.04096280563464057 0.04819073234862266 0.05766181723363553 0.06985685343076636 0.08527132957593497 0.10430200107565891 0.12706183167026958 0.15311573438716441 0.18118176545743697 0.208921279315222 0.2330177730734737 0.24890122548868251 0.25271612276298816 0.2435613534949648
0.0400077720786882 0.04397922891320173 0.048340580765487785 0.05296932662520002 0.05766727123260347 0.06215161257806421 0.06606544043378607 0.06901930310983732 0.07066618415359872 0.07079128581131254 0.06937764214201693 0.06661161608396769 0.06282503510406852 0.0584063408046372 0.05372135239095569 0.04906609717426958 0.04465203763616192 0.04061272222687893 0.03702013921217768 0.033902849543510416 0.031345910122970944 0.029490798364255316 0.028297649751707853 0.028177455072606158 0.029265661954473585 0.03166684307746143 0.035606400821171204 0.0410868576380678 0.048434890205087996 0.0580965414590613 0.07060330720777358 0.0865307647965961 0.10640262194242232 0.1305194731891748 0.15868921216629786 0.18986777274531272 0.22178968133993415 0.2505199045742169 0.2699462912211652 0.27546973178847095 0.2653313337851382
0.04334628099374247 0.04822583516870546 0.05368148124979833 0.05959285990777066 0.0657325604854746 0.0717575094451618 0.07716110102577439 0.08133041253210993 0.0836854955513828 0.08385429844262543 0.0818115391786271 0.07788945789997906 0.0726523699570701 0.066711309305743 0.06056581176838359 0.0545995193353814 0.04906060869024113 0.04408443096627059 0.03972607923547249 0.03598948707452848 0.032857874882082416 0.030466221200388468 0.028904611720380058 0.028583139089979226 0.02950308668798967 0.03174978257888415 0.03557505710185414 0.04109542137911238 0.04847951093470365 0.05822888768559659 0.07092585328505167 0.08723549180764802 0.10783468169293067 0.13326783669972023 0.1636897360408639 0.19845935914274507 0.23558460521322047 0.2701199083320104 0.29491225913169966 0.3033683697287023 0.29205589015952355
0.046796290919400255 0.05269293975809639 0.05947922059082913 0.0670837426646594 0.07525634642826742 0.08352906584475699 0.0911709874569852 0.09722526263324928 0.1007028196357469 0.10092887095134026 0.09785692758395574 0.09209429358707591 0.08461481212003738 0.07639961460741564 0.06821711042516855 0.060568512613283075 0.0537101374825192 0.047681200339394866 0.04248928573109945 0.03809715379258136 0.03444242263542569 0.03150531650861215 0.029590471922493984 0.029037683223434606 0.029763595461314626 0.0318300102816437 0.03546983252173407 0.040970109808739455 0.048299356026427584 0.058009316465096564 0.07073028349631945 0.0872115016360503 0.1082878989673065 0.13477974996697323 0.16728264748336083 0.20577224913776904 0.24874347762809634 0.2907832005572385 0.3237673951560163 0.33748982767033925 0.3248481366692039
0.05028680286366928 0.05748750779891572 0.06598002636723242 0.07573722875594942 0.08654681295766312 0.09788612557165527 0.10878184198746803 0.11775393921400837 0.12305828074648476 0.12338430465131092 0.11863736436671186 0.11000793871793185 0.09924276890784439 0.08789038378251018 0.07699529462043536 0.06712944348269706 0.0585326164114037 0.05124467408291985 0.045176495106571894 0.04012283593957743 0.03596063981162129 0.03258161302855255 0.030313098108909968 0.029501700060028523 0.03000859825651442 0.031867700674889844 0.035288155745288735 0.040640549458952735 0.04788173744608097 0.057404102044550785 0.06994080623801836 0.08630168385540365 0.10745312862192422 0.13447396291445607 0.1684303217404449 0.21008685895733317 0.2586882523630079 0.309834039180105 0.355134681251292 0.3789128960947115 0.3649006740472372
0.05395721362256977 0.06260777422124889 0.07302015474564286 0.08530061605080164 0.09936830770891104 0.11476284998945285 0.13033949843373424 0.14392248669263166 0.15236382494920617 0.15288050825755495 0.14525157232694094 0.13204228368158982 0.11649331375255167 0.10095182664499507 0.08668345372763225 0.07421017379356738 0.06363719946916657 0.0548638811874058 0.04770363646976839 0.041948144662567 0.03731723487733699 0.033583315524277624 0.03103684417544646 0.029944177813271567 0.03020982115264072 0.03183575893466174 0.035002502147151254 0.04009268731071888 0.04716392146641814 0.05640787804541865 0.06852393561833645 0.08441071248749353 0.10510425076833461 0.13185596181347625 0.16610392891861558 0.20935903297097166 0.26176233570037566 0.3215434827478693 0.38331720458729707 0.4277243176782475 0.41274478825503935
0.05763061185105893 0.0677685210671453 0.08020232240919227 0.09523500295440247 0.11304057218539702 0.13344567119072379 0.15546241778754954 0.17636661764079029 0.1906009089783771 0.19153120674806032 0.17853054939399077 0.15789904827591905 0.13565033843965707 0.11487113490477435 0.0967082124073248 0.08138569950479803 0.06873566230232211 0.058445581738235775 0.05017228203515209 0.04359339014503985 0.038428823687919174 0.03439845454852546 0.03167391331377437 0.030344901620095052 0.030351486403043245 0.03172195771699666 0.03460383149569182 0.03934957230594972 0.046117479318650095 0.05497747876084925 0.06650847114765752 0.08154716672446552 0.10118776296763653 0.1267081294055935 0.15967645914503434 0.20191606516408597 0.2541099672376095 0.31689507468741607 0.3906898839180939 0.4716162112625482 0.4584316000510748
0.06106690786108048 0.07261063366830817 0.08698043265025769 0.10470341767521198 0.12629310418684606 0.15210360628345396 0.181930881410355 0.21375800281520885 0.2396641782583331 0.24170626031157263 0.2174973621218009 0.18535518320643085 0.15478749182395501 0.1282929415649343 0.10617416679783866 0.08807273920062342 0.07344587551067834 0.061735556655354865 0.052432864923415215 0.04510056846665349 0.03937738782013088 0.034975998711536414 0.03208457968874131 0.030635108799240293 0.030432134029048506 0.031530307217776124 0.03410262188121227 0.038458432274883 0.044798991394910746 0.05309816772632634 0.06388464728434248 0.07784068191269033 0.09588046014470485 0.11924251143116665 0.14933233274869548 0.18767787285899107 0.23457050894291032 0.29031487280961077 0.3538947522843885 0.4147142012860613 0.40174553435297844
0.06401902127896861 0.07674988339623348 0.0927388329636966 0.11268754447227583 0.1373847806786551 0.1676736774891024 0.2043678552311577 0.24794962582464475 0.29611125905973634 0.30242658947629086 0.2538489966814348 0.20859797626313334 0.17057749992136112 0.13933695801056525 0.11399050410261632 0.09361738828462497 0.07736321166577559 0.06447582015997014 0.05431591568063359 0.046354821525245206 0.040165574113471644 0.035411196074235755 0.03224242390938197 0.030680970713143782 0.030377543046515874 0.03127959178181838 0.033528111910835885 0.037468877089663934 0.04328905655206668 0.050890108016521024 0.0607213732862172 0.07336438234185771 0.08953686603390881 0.11010250981553492 0.13615574577426356 0.16859512383752803 0.206729841362169 0.24904492284024662 0.29054411792241 0.317048577875806 0.3068848345080616
0.06627294570036539 0.07985218106399254 0.09693778558604893 0.11827732318162838 0.1446911330194333 0.17701496877563258 0.21595721591996614 0.2615873896813375 0.30960171802178255 0.3151176581802276 0.2672536946593486 0.2199087507133774 0.17956437171019876 0.14625407869542079 0.11919380524927525 0.09745637613495395 0.08014349562958843 0.06644855922287944 0.055679238855957554 0.047260335989280935 0.04072639343971861 0.035709669561476975 0.03224337211028767 0.03047922247129796 0.030075394179376637 0.030855508429397535 0.032898949315194236 0.03644188409849079 0.04168420515575733 0.048499307395031055 0.05724536727937051 0.0683815568538797 0.08244517000574134 0.10003047897281182 0.12171406942778917 0.14768231546475216 0.1765526177753076 0.20591317917874208 0.23070881500326712 0.24250340884201174 0.23184916029730934
0.06768553389758983 0.08170700053498603 0.09926347901240941 0.12099838992680491 0.14748465405530461 0.1789993297518854 0.21496936153701426 0.25240552400311195 0.28153739736992534 0.28333469864265115 0.2555807483686897 0.21753397435166277 0.1806040913115991 0.1483129187333943 0.121312260159191 0.09928124103377459 0.0815823633290556 0.06751656397594215 0.05642931117482263 0.04775209986363366 0.04101337388189885 0.03583504673222629 0.03212428564603384 0.030112585021792284 0.02955282348873302 0.030201034522505495 0.03205956425376546 0.03533214725439207 0.04006480420225879 0.04607769870747502 0.05369161266908002 0.06326449799325035 0.07515847941615433 0.08972332649923981 0.10720275704104601 0.12738215842187292 0.14854308483151826 0.16833504849138908 0.18313740803458262 0.18585900685953954 0.17194488529617213
0.06820511169457841 0.08226440010971521 0.09969633021843329 0.12094206058328086 0.1461903478389532 0.17502618580566684 0.20576107657859793 0.23427863216027092 0.2529912261565556 0.25358352004287643 0.2354671515990853 0.20669860148961028 0.1753978665419167 0.14606257028100547 0.12049796895654921 0.09910723764625697 0.08165232332864389 0.06764370092843111 0.056532808003750934 0.04780244235840396 0.04100423052891 0.035769206103349376 0.03189547071401381 0.02965814569228135 0.02886976645500742 0.02937071840105753 0.031031498615860926 0.03401423568785519 0.038249057340903184 0.04357866778228284 0.05019510412792498 0.058321337666333344 0.06818008346887572 0.07996461890223945 0.09371551505386629 0.10906110915290053 0.12439355237941442 0.13783273926779815 0.14692089077329842 0.14040444600797972 0.12617399332454418
