_RESULTS/CROSS_VALIDATION_POSTPROCESSED_80-20/Berg/GZ/7comp/2/Berg_GZ_z_710_kriged_reverse_7comp_spherical_2.asc
ncols 100
nrows 90
xllcorner 5.6208707817415728
yllcorner 50.959635321741573
cellsize 0.00013419651685393446
nodata_value 1.7014100000000001E+038
[rows 72 to 89 of 90, columns 0 to 39 of 100]
0.00023246798997386225 0.00017361565534133684 0.0001291354842746257 9.594386569484559e-05 7.148357859530164e-05 5.3699033771741265e-05 4.09875934198831e-05 3.214423960075037e-05 2.631260425454083e-05 2.2951711156722077e-05 2.1822914157193207e-05 2.299490989997722e-05 2.686244950196067e-05 3.4177217666506084e-05 4.607623879124651e-05 6.406754536295297e-05 8.99304060364563e-05 0.00012550827927898677 0.0001723986683330015 0.00023157946494896248 0.0003036572585319399 0.0003878583050091404 0.0004813020461835305 0.0005791214780554573 0.0006746520076340052 0.0007600409265685744 0.000827246211892769 0.0008692690391031436 0.0008800564462918612 0.0008333341788929252 0.0007599134198652618 0.0006756248182006559 0.0005813671331062506 0.00048691602446480464 0.0003994865950184447 0.0003227601197666681 0.0002578613784194525 0.00020496965043072317 0.0001632668535854713 0.00013134409375357815
0.00020433167269463177 0.00014673352708574413 0.00010459703845103718 7.418048721816907e-05 5.25020126918743e-05 3.72489035026678e-05 2.6672901328692517e-05 1.948931298339977e-05 1.4792021102584222e-05 1.1992846858919277e-05 1.0788179941861515e-05 1.1142677483362947e-05 1.3278624848042274e-05 1.769586794917292e-05 2.5232700150583352e-05 3.7111595014941714e-05 5.492183120796907e-05 8.05185318195434e-05 0.00011619355488640733 0.0001643064852524888 0.0002265118648410133 0.0003033398058544741 0.0003935826379683972 0.0004938082937416333 0.0005981895851229715 0.0006988165550050442 0.0007865629410294069 0.000852419558727816 0.0008781430986454615 0.0008328246124693445 0.0007462493963019995 0.0006431327607915524 0.0005353064439380929 0.00043281855340972144 0.00034210182204253786 0.00026616532529104075 0.00020539389755218002 0.000157965739680644 0.00012164431026603689 9.459892838784259e-05
0.00018617924031545042 0.00012931050616037936 8.875428741043025e-05 6.038488170911848e-05 4.080613266768856e-05 2.7470734705975437e-05 1.8511764170412772e-05 1.2593141701825068e-05 8.788575659300638e-06 6.49671765631404e-06 5.399512749568641e-06 5.440848465705728e-06 6.758986642811229e-06 9.670322012185234e-06 1.4786691829400914e-05 2.3094831970557367e-05 3.601687213528272e-05 5.5655285730586464e-05 8.449818736968683e-05 0.000125266428181743 0.00018053605940501204 0.0002521319040164882 0.00034036705930463884 0.00044327555709629415 0.0005560695537889916 0.000671083461518761 0.0007784017121947265 0.0008669159879628501 0.0008994609327377375 0.0008527192338789799 0.00074533128789535 0.0006238229491288703 0.0005029518502181354 0.0003928701261240309 0.00029920161093335704 0.00022370137858004134 0.00016545226935533506 0.00012208650831436625 9.064278581949857e-05 6.795193203893618e-05
0.00017506869521427776 0.00011968701675530577 7.966938852041775e-05 5.23742154088577e-05 3.4070760997913527e-05 2.196363755957606e-05 1.4062464028645619e-05 8.979320171715542e-06 5.76911357542869e-06 3.81660174980009e-06 2.79220947450048e-06 2.7013451345485312e-06 3.6803982090423446e-06 5.838983097765548e-06 9.628681608242848e-06 1.593227278431137e-05 2.6196258472041196e-05 4.240276142025373e-05 6.714305124921462e-05 0.00010352532751631501 0.00015486700983513707 0.00022411143985067366 0.0003129721643024729 0.00042092032970807196 0.0005442656881637408 0.0006756814692624136 0.0008045131308273902 0.0009133545465877333 0.0009500596937047675 0.0008886223402406027 0.0007586065299859382 0.0006177442680273094 0.00048324532317531744 0.0003652335483852368 0.0002683577308939085 0.00019299460994471262 0.00013687295653422256 9.653419480717298e-05 6.836185844105131e-05 4.914125825443116e-05
0.00017010121670603748 0.00011561915696524434 7.615011718229363e-05 4.886940854896943e-05 3.094044839988907e-05 1.9360977929783862e-05 1.1981479062326635e-05 7.33876837656363e-06 4.4547727265543454e-06 2.68810795055361e-06 1.6376777326676948e-06 1.4179212314204903e-06 2.3956553828845247e-06 4.2016148574858205e-06 7.3209288495461546e-06 1.2651810312736008e-05 2.1554192636594997e-05 3.601827467174474e-05 5.878287004680278e-05 9.334088097096129e-05 0.000143725708275131 0.0002139692588671331 0.0003071729216365949 0.0004242569553827795 0.0005626395195114349 0.0007152802099157463 0.000870594449358572 0.00099813352310452 0.0010265616512387026 0.0009439612406649979 0.0007884974054482049 0.0006260918803318633 0.0004762587411583017 0.0003490277705289462 0.00024792930990669696 0.00017183145479419585 0.0001170334352384387 7.896600018842613e-05 5.3273094816049214e-05 3.633332858604715e-05
0.0001710295903917136 0.00011637791310750007 7.674911025627132e-05 4.9211064335261016e-05 3.079531723001996e-05 1.9011203070439385e-05 1.1625742403622286e-05 7.054723750818463e-06 4.2622106192873645e-06 2.5867594282916306e-06 1.6437002491202389e-06 1.4789428565568917e-06 2.275162453699585e-06 3.886586906238526e-06 6.762741042800478e-06 1.175906691237396e-05 2.0248759381724667e-05 3.431495443995489e-05 5.6940543925265736e-05 9.210944947545934e-05 0.00014468850287046656 0.00021993007370243187 0.0003224642919946933 0.0004547786480553592 0.0006154230201310543 0.0007974674259725535 0.0009843133497141267 0.0011188599114418903 0.001133485831267342 0.0010239480591780036 0.0008383206253209556 0.0006507790831753811 0.0004826812916579786 0.0003439653433503111 0.0002369059768906889 0.0001587040430380655 0.0001041104889569943 6.73784319417401e-05 4.338381623860128e-05 2.8072934945656866e-05
0.00017790067963856154 0.00012201479900717195 8.121700928726359e-05 5.2660541108287606e-05 3.339562146720751e-05 2.0811354035378614e-05 1.2847481599174737e-05 7.958404708983152e-06 5.010034183039584e-06 3.298548607659904e-06 2.4422075274962355e-06 2.3308492130250767e-06 2.9943530109695407e-06 4.583705252350636e-06 7.543151114615655e-06 1.2751164562995442e-05 2.1678544516188803e-05 3.662369334462271e-05 6.0979208914262334e-05 9.943603300684494e-05 0.00015796684838634338 0.00024336939013593415 0.0003621479981853642 0.0005186399499785313 0.0007122275330659982 0.0009289617826227629 0.0011437536819760925 0.00128306897580941 0.0012795034750458783 0.001134969795164762 0.0009126258064940942 0.0006946934105945305 0.000503992724848176 0.00035044571140154435 0.0002349240547123458 0.00015275190925106616 9.695041327296443e-05 6.046797912852673e-05 3.7332599818422356e-05 2.3008962372891763e-05
0.0001910518875072447 0.00013290476965411332 8.993439828176123e-05 5.946308076107791e-05 3.8615669710303654e-05 2.478954908584252e-05 1.5867390915673803e-05 1.0256003682873847e-05 6.840007174072749e-06 4.88555214671776e-06 3.944493300147577e-06 3.82282917359484e-06 4.5555254320170954e-06 6.3666633749815484e-06 9.784119592030799e-06 1.580770918805294e-05 2.6129255191652593e-05 4.344037097224753e-05 7.179917133001166e-05 0.00011696031245651973 0.00018647699259139442 0.0002892782570634159 0.00043420612342662165 0.0006249181669422888 0.000856497533086041 0.0011118606211891122 0.0013594112245575193 0.001503872183134828 0.0014755630422222277 0.0012848727382905138 0.0010175845482502397 0.0007619881267813312 0.0005426626767572646 0.00036967164287343647 0.0002423087161289248 0.0001537376544485961 9.498575363863528e-05 5.749632483898175e-05 3.431082312302211e-05 2.0319181793654667e-05
0.0002110829666778716 0.00014973387016627775 0.00010361272856581981 7.031158165349123e-05 4.708686176308191e-05 3.136663797269783e-05 2.1003167359275366e-05 1.4344776017871499e-05 1.0204473740320513e-05 7.785887532171274e-06 6.604382125814572e-06 6.462569037079955e-06 7.42484623069883e-06 9.765332915233969e-06 1.4147927212953095e-05 2.1804444062733935e-05 3.4820845016891375e-05 5.654528700231454e-05 9.209418209495171e-05 0.00014881140849528162 0.00023609889078763996 0.0003645894127106182 0.0005436706343377313 0.000777137206960805 0.0010576274366873538 0.0013619566951759612 0.0016484161953476584 0.0017978184334763408 0.0017351721351739995 0.0014831906328978983 0.0011614008274518101 0.0008583893423949356 0.0006023676887751993 0.0004037895717366947 0.0002601477134340597 0.00016206255085652823 9.820123893798793e-05 5.821509390404054e-05 3.3953986151232267e-05 1.9592160396654195e-05
0.0002387930369170723 0.00017346481047580368 0.00012328712813797546 8.62439554314e-05 5.9804137768615884e-05 4.14702689511345e-05 2.908018835923049e-05 2.092178712415556e-05 1.5732871293851983e-05 1.2646246921792555e-05 1.1133453772561601e-05 1.1072910434209712e-05 1.251533491633356e-05 1.5848263910308356e-05 2.1955456042100214e-05 3.244049899305435e-05 4.9987647454871056e-05 7.886205547424794e-05 0.00012549051583743336 0.00019892760745238866 0.0003107874713165439 0.000473958511812722 0.0006993066348941937 0.0009899790974832146 0.0013342332253103513 0.0016998227084881465 0.002032031255990424 0.0021849485109632287 0.0020741920534430164 0.0017440093016699231 0.0013546476470054105 0.0009914462629267164 0.0006881805365632114 0.00045603071292917935 0.00029038748722019276 0.00017881921024049378 0.00010714676700596833 6.284508656427657e-05 3.6293768027685455e-05 2.0757786862738146e-05
0.0002750654740669011 0.00020526032581008927 0.00015027912970494157 0.00010864166124412953 7.81381358861933e-05 5.64171937799173e-05 4.134163729713835e-05 3.1154851570266526e-05 2.4521018358883242e-05 2.0497519225791682e-05 1.859845686923814e-05 1.8754981497913414e-05 2.1033968137763934e-05 2.599354989119279e-05 3.483295353109421e-05 4.967610583961792e-05 7.402046011166711e-05 0.00011334982812941547 0.00017583085211047463 0.0002728394275829299 0.00041877507017628257 0.0006292762846300176 0.00091679187121908 0.0012829999394258899 0.0017094012472616746 0.0021504873633952874 0.0025346816408246165 0.0026878748172359168 0.0025096343225123226 0.0020845736908481284 0.0016103022044713546 0.0011705487465699163 0.0008066162914260994 0.0005307858400790015 0.0003359161834031738 0.0002058634674456814 0.00012298767890275025 7.210248450849605e-05 4.1762269350436375e-05 2.4073037138012387e-05
0.00032067994724506704 0.0002463372316327741 0.00018609894123119327 0.00013917967407512855 0.0001038278120196679 7.79411125054207e-05 5.947598252765865e-05 4.667121770489341e-05 3.813685700065018e-05 3.287002904311333e-05 3.061698474801329e-05 3.1239360204842973e-05 3.489881940342566e-05 4.24041228034073e-05 5.539915365647875e-05 7.672344919340615e-05 0.00011096884180250136 0.00016522495931288567 0.00024990506701573603 0.0003793257753869515 0.0005713485208146079 0.0008449377608358478 0.0012142443660664716 0.0016784663070848161 0.002209244462301273 0.002741978855203093 0.003181330719901584 0.003329085412181101 0.0030566655265683385 0.0025240742470952196 0.0019430018757921803 0.0014063528887570005 0.0009653009587662882 0.0006334738895280714 0.00040055418231179464 0.0002458615413966747 0.0001475678686158386 8.725745246279994e-05 5.1238258889655854e-05 3.0154578647614612e-05
0.0003760349555860907 0.00029772277747610454 0.00023225056770388402 0.00017968647844205716 0.00013889433960185066 0.00010815478198683865 8.56190586019897e-05 6.95905781864375e-05 5.866813674449442e-05 5.191908701624664e-05 4.941638121793983e-05 5.092668901027744e-05 5.67800109383761e-05 6.814088571315781e-05 8.725841014251316e-05 0.00011791942726017676 0.00016612977556756172 0.00024100669871904526 0.00035573987062204374 0.000528213084553387 0.0007804294190115944 0.0011352979795444453 0.0016089309521677214 0.0021972029436197692 0.002858464990284097 0.003501308540147744 0.0039941477615568575 0.0041254567264947485 0.003733663766612554 0.003081533790417935 0.002366607256829073 0.001708974041554735 0.0011718637081249356 0.0007699665268093171 0.0004888113847874949 0.000302229058712373 0.000183436187313606 0.00011019541396552723 6.61169619844236e-05 4.004575649885924e-05
0.000440780343244907 0.0003598947896302333 0.0002899059405555726 0.00023186866223578475 0.00018542321750446584 0.0001493891288175269 0.00012224448690630442 0.00010245815381344526 8.868835536612539e-05 8.034270882818405e-05 7.783447710125519e-05 8.088499966225729e-05 9.007367965147327e-05 0.00010704539206066918 0.00013483283734782336 0.00017841215564031137 0.0002455148347252906 0.000347665108806601 0.0005012633319611302 0.0007282299301623193 0.0010552053484008035 0.0015095886696532813 0.0021100439695214868 0.0028493191069753915 0.0036703020875907865 0.004445889614308449 0.004990452022664202 0.005079002366761372 0.004571233208324816 0.003769328417173894 0.002888498932075218 0.0020839972932091668 0.0014315143879212885 0.0009452514478186084 0.0006052128668469082 0.00037883371024199263 0.00023375269461079216 0.00014342686238070455 8.836810884186698e-05 5.5293928324767285e-05
0.0005133911417048566 0.00043231439479841715 0.0003594342907506394 0.00029686623069028254 0.0002451643947524038 0.00020384703492578278 0.0001718717439012113 0.00014800172858102806 0.00013105365090795363 0.00012118640796469119 0.00011911725369781734 0.00012462064875241662 0.00013861696142648884 0.00016335767101437342 0.00020282287502746963 0.00026337525098873245 0.0003546863291918388 0.0004908850123382678 0.0006917125748307732 0.0009831426325267593 0.0013963824185732397 0.001963406123508295 0.002706304152472676 0.0036171808524089162 0.004626506950323671 0.005566435792976082 0.006168403190578726 0.006184369712875657 0.005573251883291252 0.0045787651242777585 0.0034984250613315456 0.0025253934708521627 0.0017428975665776459 0.0011610833467915038 0.0007530024159380975 0.00047931238406452375 0.00030196162839851823 0.0001899629347235316 0.00012052308970462234 7.799603386966168e-05
0.0005907609892986879 0.0005129083079678469 0.0004398176533307306 0.0003746423505631752 0.0003189287667300846 0.0002730284094903932 0.0002365311109394053 0.0002086388364362073 0.00018844999433212733 0.0001773750205709822 0.00017640624408967238 0.0001854988505500815 0.00020599723342825426 0.00024085381344333018 0.00029509022818584595 0.00037652199686915336 0.0004967469904081644 0.0006723206777446974 0.0009258678029878268 0.0012865649515949415 0.0017889387768321957 0.0024682698709321714 0.0033501176245192667 0.004430485500615335 0.005641101362256627 0.006790433238328185 0.007493076314194508 0.007470346235086904 0.006694880551636948 0.005451006368490795 0.004150845534939194 0.003005895463348031 0.002092700271761105 0.0014127961047826247 0.0009322093559056796 0.0006059106063903545 0.00039112196165244607 0.00025295687370140786 0.00016550891513871326 0.00011074809237578449
0.000667945749123003 0.000597621985801776 0.0005280533492555585 0.0004632810290802738 0.000405824558659476 0.00035694090472830874 0.0003169739399179519 0.0002857012184826529 0.00026266636205756996 0.00025089723658203086 0.0002518539871279016 0.0002657493170840273 0.00029439583269903427 0.0003414616626935928 0.00041296342883784433 0.000518002936630775 0.0006697211382370744 0.0008863546583230328 0.0011921076985795826 0.0016172733061741837 0.0021966638664618903 0.0029650203482744384 0.0039478087720622055 0.005145678973204473 0.006509484010084158 0.00788994363235953 0.008959005947032408 0.0089097091936 0.0077541156123056305 0.00623176488883637 0.0047480895103848685 0.0034699041070421453 0.002451504496261617 0.0016863468497633775 0.0011374763806702216 0.0007579392700500719 0.0005028626338484829 0.00033503243274931167 0.00022624116843868262 0.0001564174464222663
0.0007382243816551119 0.0006802267911946564 0.0006187260072808893 0.0005583610467285349 0.0005024784415753055 0.00045321308631804917 0.0004117165450458785 0.000378439026176239 0.0003534837765205878 0.00034171090561439696 0.0003454325093583911 0.0003651431564218036 0.0004030931864070392 0.00046355221173018243 0.0005532802305527268 0.000682188299896546 0.0008641241770508106 0.0011176200766460662 0.0014662731441031937 0.0019381954931503023 0.002563717230965636 0.003370383117595213 0.0043744846522503905 0.005569207226966832 0.006911136899194176 0.008367371889991497 0.010080240559971237 0.00995837058478804 0.008262713386231585 0.006663830091507379 0.005152110244535119 0.003839957809087205 0.002775387096523319 0.0019575824381583874 0.001356558217599826 0.0009302411964118241 0.0006360957699841376 0.0004373047998130417 0.00030492341230193047 0.00021766341783958449
