_RESULTS/CROSS_VALIDATION_POSTPROCESSED/Berg/GZ/5comp/2/Berg_GZ_z_125_kriged_reverse_5comp_spherical_2.asc
ncols 100
nrows 90
xllcorner  5.6208707817415728
yllcorner 50.959635321741573
cellsize 0.00013419651685393446
nodata_value 1.7014100000000001E+038
[rows 38 to 56 of 90, columns 0 to 42 of 100]
16.078026541000728 16.009972201207642 15.900886662485568 15.755873411703764 15.582320060939514 15.389429969919535 15.187567403513377 14.98736552522389 14.798607097089347 14.629160948446213 14.484525423093327 14.368291389977214 14.28315460681806 14.231805260827729 14.217376706139653 14.243343526382219 14.28623015590772 14.327302153586027 14.365767216015165 14.401006385669362 14.432514089470594 14.459857271700137 14.482871622564945 14.512905061349182 14.550452610184283 14.558206908223234 14.523984926057823 14.45168271615453 14.342983404961323 14.199168978717392 14.022604858525675 13.816849503643244 13.586374022387036 13.329485415919095 13.05198862479633 12.76465646831086 12.466931872006905 12.15998025683319 11.860121641610318 11.580281393390628 11.327959723619148 11.114623282241482 10.947894698996167
16.535871156962052 16.457704725526952 16.329323586943882 16.157030951712912 15.949923188266283 15.719201515395934 15.477297185157 15.236746885939981 15.008792529089765 14.802068550066844 14.62214822525178 14.472307839632107 14.354867064477647 14.2722189248257 14.227271488334173 14.223511575401277 14.260940774120618 14.30510733533031 14.3465271182004 14.3845896485498 14.418798926001092 14.452627332167975 14.502929454568426 14.567039065048776 14.62835774857069 14.64829205524278 14.62219017175023 14.552018577652746 14.440643894708355 14.28884611806672 14.098604191152884 13.873252175165979 13.617595610392858 13.337242419364662 13.032979054672502 12.714114185115639 12.387618488233057 12.05138154646348 11.722797535809143 11.417305396306933 11.145721835191228 10.92186003448907 10.753882370431452
17.049333962771353 16.959859468219424 16.809065713885637 16.604794912640394 16.358304067525996 16.083285558039677 15.794834962040873 15.508230952436023 15.237135403209825 14.991423986955288 14.776302955384946 14.59383773428734 14.445313229182164 14.332576095356892 14.258303485923419 14.225856622574154 14.239115444385172 14.285105835096456 14.329243697424019 14.369845073646806 14.414496644441762 14.482094673046333 14.568366800705505 14.667625653885514 14.750086710710963 14.78569110871234 14.771510968590954 14.707234659203284 14.596436367345532 14.439422753570499 14.23762618391411 13.99401176961075 13.713234796008356 13.401736404503971 13.067190573187565 12.713807476145275 12.352228924294963 11.98172620091472 11.61810939607324 11.280733962788217 10.985153643687424 10.749238365171868 10.582379560858868
17.618206810509278 17.51613852346837 17.339212505638166 17.097377002292124 16.804699196360286 16.477890024497693 16.135200736845093 15.795603210015052 15.476867483756237 15.191129083108471 14.942076622286264 14.728782717086075 14.550714489524447 14.40915417695043 14.306727112313178 14.24681895310175 14.233269284666067 14.268180154981922 14.314664658853433 14.366747363014767 14.447053427706777 14.551599426139674 14.674694522547588 14.809115204810794 14.914085904326063 14.969421911198744 14.97128630415846 14.917558064692424 14.811443795472643 14.652860015560554 14.442495519614573 14.182771264310414 13.87805038031242 13.53475430166726 13.161393695997328 12.768451355665883 12.36443117823062 11.954197082103278 11.547648743516213 11.169250161251393 10.841692596827519 10.59064213782464 10.42844985465838
18.24219212656658 18.126110615937016 17.918517751334218 17.632511939864433 17.28602779368782 16.89934109080598 16.49377141111811 16.092288170323176 15.720032597456123 15.39491005049571 15.115535962093665 14.874112895415184 14.66802864566149 14.498680414397894 14.369088901397161 14.282856757654717 14.243848423921692 14.256156407066953 14.310391658048374 14.397311484734587 14.51447722995352 14.656393524433941 14.817249206215601 14.986445757048344 15.118230468655582 15.197959607976404 15.22075691070586 15.182931434745555 15.086628061174803 14.931192352400638 14.716326066369753 14.443696354130758 14.117224485371324 13.74322444093086 13.330381658746079 12.889639367565756 12.434166365299717 11.976123034434224 11.518013506724275 11.085762842643598 10.712384678488997 10.439902780463493 10.288920718657216
18.920684702014867 18.788819774054122 18.544669209134494 18.206514033589993 17.798106448409083 17.3441758792836 16.86817396523225 16.393978907844907 15.957379185860269 15.598607125138148 15.296038030343908 15.028619914190713 14.794943108572415 14.598137058685227 14.442041479792081 14.330519504808317 14.267414271181462 14.259098422805058 14.335446088465323 14.457997735528854 14.611824213812458 14.791464527705555 14.991012313369852 15.196234134671538 15.359566900360358 15.468952111274753 15.518403280691349 15.502697551781312 15.422514374189047 15.27621771757947 15.06221197983514 14.781149939703674 14.436357200946498 14.034021993302717 13.583092648771775 13.094931870226723 12.582921458751475 12.062411701762182 11.54440018496751 11.043284895696024 10.599604620071307 10.290774632700629 10.166177501119462
19.65249890365707 19.502133063399892 19.21291740151947 18.81232024700769 18.3334751302208 17.80750835750441 17.260136764378682 16.711357000869192 16.180379042278783 15.814210084555075 15.49317164295981 15.204407141517704 14.950118631040468 14.732545437660564 14.554185020081217 14.418047971274717 14.32786244879386 14.311653605146066 14.397396789497035 14.546902221139721 14.733846355411526 14.951384495689588 15.190432446254883 15.434069400672845 15.63400573698771 15.778900695882738 15.861562933524315 15.875196597221624 15.818781171738856 15.68909104407656 15.4828167069092 15.199240728154006 14.840909883621286 14.413961196573535 13.927952652073605 13.395205612613491 12.829851101151796 12.246924996281198 11.661541443701687 11.080472958772173 10.529498759956155 10.136937489299509 10.086048285268596
20.435578628713948 20.261647283472794 19.913592049662793 19.436092976131633 18.87731342472566 18.27723234006617 17.666024222696837 17.071519837381594 16.541346540139752 16.12377702042943 15.77660808125736 15.469417307335398 15.197620044916807 14.961260344976047 14.761779861306772 14.601584039140263 14.491912412889379 14.475669044083872 14.55966170927305 14.720920445709632 14.917403070112861 15.147740663838272 15.41143393264026 15.69424349844921 15.936024579654461 16.12274894841895 16.24596306341815 16.297257787737088 16.273735880124587 16.16981019280499 15.979867688797079 15.701276559829028 15.335508475886437 14.888782079044807 14.371908040446199 13.799293379653138 13.187392035645376 12.553057421980737 11.912191988403627 11.277001112247177 10.64632989140651 10.080381871189939 10.177145945472555
21.266747991635373 21.058491552050853 20.62735139836684 20.052151238504354 19.402893415760424 18.730283579456415 18.08664792536794 17.494576390483807 16.971779688357927 16.52894676328445 16.15248800919983 15.823871761204083 15.533857962121603 15.279186835103648 15.059508529582663 14.87627804724271 14.762573861692216 14.746284599451128 14.828401674389003 14.996359149960236 15.200274418292453 15.435908002903467 15.70321661661967 15.992053477695611 16.259726778314363 16.493432323728246 16.665158763675198 16.76355948294726 16.783642757419 16.716571437623948 16.553567260109205 16.289182588019262 15.923225556545118 15.462069640824872 14.918665101332628 14.311124974191452 13.66049449555566 12.988719447569661 12.317939218502366 11.673228006183052 11.09376929505173 10.685725532956013 10.574752249053944
22.141549993114605 21.872987413259587 21.31467938235496 20.616001916608322 19.88396979074736 19.186400622481635 18.54026654602372 17.954917267439345 17.436772597779264 16.986383262767323 16.595466660427082 16.252361722079904 15.948259782392737 15.678336008696455 15.440849962389928 15.242492833277248 15.13066979765151 15.114225068580083 15.194408130647885 15.364872749280137 15.573175397859314 15.81135341835724 16.080052292066753 16.37248198919206 16.645608337715075 16.892257349410738 17.109874660289268 17.26582098653285 17.341838334825717 17.324932145581204 17.20190418363016 16.962947522440587 16.60499005803721 16.134367167213806 15.567260517211473 14.927492968436852 14.242994708174503 13.543004839388667 12.857744630791764 12.22220114422261 11.68535318312458 11.305986284102202 11.10983219003302
23.054178137028874 22.647672329738665 21.89203207003702 21.085979813463535 20.32492358281035 19.62534515694754 18.991239855430425 18.423133609253377 17.919743093144596 17.476890450101408 17.08693308321314 16.74075827586541 16.430526895095525 16.151025086326783 15.899794933937036 15.697685476101759 15.587991320714846 15.571120807077335 15.648776208701372 15.818163254704956 16.02656779913624 16.263189710413656 16.52964692028519 16.82366412793771 17.10393738025987 17.35935111037385 17.58907404198399 17.791783542308394 17.9375167395563 17.986626605951024 17.919764187133357 17.720115514277328 17.379232752681745 16.902620946891563 16.311202543999475 15.637255107021536 14.917874912516057 14.190178328797984 13.49012634889459 12.85440390024494 12.32232096196036 11.927920855373378 11.678251197750226
23.99746175471749 23.149450435728962 22.240012008569405 21.415791928585232 20.672860411148385 20.00562778146596 19.408727657020943 18.87706910434382 18.405242271992133 17.986712456514077 17.613632858734064 17.277743128299782 16.971765534601538 16.69045599691634 16.43130144502113 16.234264093018236 16.12709654351585 16.10919951127282 16.183010177937163 16.347594802890175 16.550289949329873 16.779569707022894 17.038342311996665 17.328681060907208 17.615989590122638 17.881911498901733 18.1268052223036 18.351568762518824 18.553999700287672 18.68769415849264 18.6975225736809 18.555221731647556 18.241783452823125 17.759790745251003 17.137716221453033 16.421147268713547 15.659418261655023 14.897429956888313 14.173962256015916 13.522966141977236 12.973890334580021 12.547912325713224 12.246926348985717
23.40807042508507 22.964165873417063 22.247187936558536 21.539794274086947 20.88806564025372 20.29907121687928 19.77126840521907 19.300336327701338 18.880500715566058 18.50481070367502 18.165450080014896 17.85446089003883 17.56474234984896 17.290983657618714 17.03389605761888 16.845525395923598 16.741219654004272 16.721181084288965 16.788894648573358 16.943919776795656 17.133233758442902 17.347361553161107 17.59082577609621 17.86813194253986 18.15959031534894 18.435109951005664 18.697121874642683 18.950334480992232 19.191359449873246 19.405239380016408 19.51825488051751 19.45877528598348 19.185951772149913 18.69399371624115 18.025774729918982 17.250414036258377 16.434039262628154 15.628460052562401 14.872377035482604 14.195050679213953 13.61809608101935 13.154699184297518 12.808478705503873
22.57878243810751 22.400781043012746 21.975135541166125 21.47024355290671 20.967568589102513 20.497303522101408 20.068921107862288 19.68315124723173 19.336423941789594 19.02270105133347 18.734521059971858 18.4639691915981 18.20374004819511 17.948179769728576 17.70325355695139 17.525901355449566 17.424469851086474 17.400279679452805 17.45830682024251 17.597007564540093 17.763137721223682 17.95203137398942 18.170122224081606 18.423837546069656 18.70926148309417 18.989732887081907 19.267165175305763 19.550187571202233 19.83743384227969 20.116873257807406 20.35120660445126 20.41437687288861 20.20268895968444 19.685376351223844 18.940291097669018 18.082617017096428 17.198922443727326 16.343372647679264 15.550254674095301 14.842382661209141 14.234671416161218 13.734976727171915 13.347453445234722
21.814681411877586 21.781924597520106 21.573902998293676 21.271460641077383 20.938261277016252 20.609877622851624 20.302785561852332 20.02247233304145 19.76804154890601 19.534681488510504 19.31519809673909 19.101284000571972 18.88481158715348 18.659182698483963 18.435181926231277 18.27099192986622 18.17166318471642 18.140026950871114 18.183100392282974 18.295664837069896 18.426495111551016 18.57771136833286 18.75789072704393 18.975461895608568 19.237177566562885 19.513441887598965 19.79900007747292 20.10487300315889 20.43547171550137 20.787699396480157 21.138909715072284 21.3874856022913 21.28071173477135 20.693469200275537 19.817032419698812 18.85458966951551 17.900628246394525 16.99875060237871 16.173028697912095 15.438390398764348 14.803854403069275 14.273406509060438 13.851508878604301
21.109006776403323 21.179716671595404 21.131398432093533 21.00255933173682 20.833548333023955 20.65361861547032 20.479750865415188 20.31938503117648 20.173164242072435 20.036922984018602 19.903169363348518 19.762450811032814 19.60488305862562 19.42192975070415 19.22667593880172 19.077433079586832 18.978333808533538 18.934228365462367 18.9549677633515 19.02744540992785 19.10850672578772 19.20739577328616 19.334970727872175 19.5015152964458 19.71657071729594 19.97449944870498 20.253751657553266 20.564771428182304 20.91808111739477 21.3224964878338 21.78107381328208 22.265033782457294 22.405917589089604 21.596164073351044 20.534018706643625 19.479735545308724 18.479077455148264 17.55133011909865 16.708588610296683 15.95901171242399 15.307452372714291 14.755537036979247 14.308357894427232
20.45487576098326 20.608109357904535 20.683695033907092 20.6997359691308 20.679832563324634 20.64447353462633 20.607488099170613 20.575722815946865 20.549867914981654 20.52545372823828 20.493839287915645 20.443383574706857 20.361092398867235 20.234926443545778 20.076039104260996 19.942997049385994 19.840679660206018 19.77675064473175 19.76508919676425 19.778350619217395 19.792977125119858 19.823153658618512 19.882030125092452 19.981354299632827 20.131547620410593 20.34460819878783 20.597704401615143 20.887349472678554 21.225192282303418 21.62237907839499 22.088476208223927 22.62241294675479 22.943382986501156 22.006892746057794 20.921292600393414 19.872211264934638 18.88295829990912 17.966395229288505 17.131676673636704 16.385179639518636 15.73065185385903 15.169274017431874 14.70701030634567
19.845727516033325 20.0676991366811 20.243516121535414 20.381053578983376 20.49339001845407 20.593619394993574 20.691534508107797 20.792129657186155 20.895147565279593 20.995064194080307 21.081313976750778 21.13893103694732 21.15005511368984 21.096797612380637 20.982786539760397 20.86653589043893 20.75532216543194 20.661029970217594 20.599115937070117 20.532275084220657 20.462028369674705 20.40622322130508 20.38011495769171 20.396282027755277 20.466930776618593 20.604920211863888 20.808136195558493 21.04852797111256 21.329440258166944 21.651547045290958 21.99861046685814 22.29741819705715 22.312935027380256 21.775956683871517 20.926232435099127 20.00238274130704 19.090976673609063 18.227004543014875 17.428341162077245 16.70528295618932 16.063647539425947 15.50603718746719 15.0393866149024
19.275552657908545 19.55529834291174 19.813832705334118 20.053841531283563 20.28216529849145 20.506685538757967 20.733749550338302 20.96641072396843 21.203266242116175 21.43758334066194 21.656584755694027 21.841120310514818 21.966466786002233 22.005481926522375 21.947442749000132 21.84781811421373 21.71873476772596 21.579031760343476 21.438684116093892 21.270021132750355 21.095524679659338 20.936896414383845 20.810949367828663 20.73110699099377 20.710925624309716 20.757731048698567 20.875621328656546 21.046230575938754 21.243204036325114 21.45595048044528 21.652763557490065 21.76239470922054 21.676569703727697 21.304980309443394 20.672103749903798 19.912939415599812 19.11787732760248 18.336757828501167 17.597428287362828 16.916135049127394 16.302392261187375 15.761355126742274 15.300742455306239
