_RESULTS/CROSS_VALIDATION_POSTPROCESSED_80-20/Berg/IZ/5comp/5/Berg_IZ_z_180_kriged_reverse_5comp_spherical_5.asc
ncols 100
nrows 90
xllcorner 5.6208707817415728
yllcorner 50.959635321741573
cellsize 0.00013419651685393446
nodata_value 1.7014100000000001E+038
[rows 40 to 59 of 90, columns 0 to 43 of 100]
59.819025590008025 59.4847279872615 59.14529627275931 58.80043501488732 58.439050501529856 58.08024014012805 57.68758462766503 57.23310447211824 56.75007017095267 56.264820188970454 55.86333863411637 55.58055646862121 55.39146580259252 55.2599854035989 55.15117221754272 55.03607106233375 54.89213234615442 54.70839178814742 54.486639529202094 54.22242594657965 53.916090039295526 53.58781661342926 53.349273767487205 53.44593537149929 54.0969273725082 55.08458110500571 56.05252111144918 56.834117354106475 57.435281233940024 57.8895176940368 58.21767582079583 58.44315875635606 58.58797865783303 58.671118364550544 58.708075679466134 58.709739449416034 58.72414481429629 58.85661804435216 59.12273664304431 59.50222027021298 59.97359125131253 60.51597100106824 61.1081123786833 61.777867388135164
59.55411654636791 59.18296030181958 58.800079283933236 58.410261477873405 58.01886051453524 57.622073303105104 57.197683986584956 56.71137413725768 56.22676662877559 55.814747229657954 55.58749197275624 55.52066327556905 55.5454310471481 55.60427906684322 55.65897970800494 55.68710963308223 55.67699710548499 55.6245628579207 55.544049529984854 55.44316529825589 55.32792205320071 55.24549432502306 55.27880532366049 55.53627419392234 56.053648547718446 56.738458569965175 57.40114093432026 57.94499032417052 58.38239567049154 58.70701665148697 58.931233187009724 59.074344528012 59.15439766547337 59.186305157181195 59.18742526546187 59.200881639103656 59.22958470510562 59.32371826234706 59.541306175949174 59.865322723489875 60.2785504910845 60.76393160250826 61.3026740932047 61.9283976091196
59.311425905107896 58.90708731758454 58.4841638522139 58.04337635296369 57.58767927527227 57.12744544967674 56.644064376594294 56.08208616363002 55.56609955658399 55.27879115795811 55.30809946049041 55.505064691043906 55.74928986163889 55.98011923966195 56.172032594321934 56.31766700413719 56.4187910833433 56.481900619357596 56.518582771073575 56.53831613251404 56.56726187872114 56.64495165609003 56.82195450167961 57.142839639074474 57.5956446211155 58.13153691029598 58.654300494915944 59.0608694375796 59.35234103012035 59.54116219638523 59.6499793238251 59.70010969411798 59.706728345018654 59.68399787782162 59.67635691537326 59.69255759733492 59.72910705588821 59.791776739353374 59.951216204085775 60.20975819444102 60.55600461785809 60.980736183244254 61.473175182590644 62.06596865616273
59.10042383056429 58.67036534031672 58.21689385068739 57.73617353852195 57.22334328620736 56.675380279426925 56.08513178235795 55.36961723229744 54.720780234852626 54.68189259467623 55.09716922226746 55.579886238379494 56.017267884471366 56.38394818088129 56.68098839686708 56.918693498266705 57.110240923875125 57.26794030177659 57.3890458576115 57.50052557627511 57.6298529676235 57.80624234472857 58.06032426337685 58.41043538006679 58.846323448501956 59.33888903331144 59.809339244001606 60.13036951326354 60.28576533902017 60.33403100096808 60.324079539743934 60.28038221663509 60.214508165766155 60.16679067121349 60.154033079915116 60.16961722256768 60.20619179245067 60.2564708835984 60.35184582614406 60.536730543635954 60.80339831970091 61.160582679234935 61.62150977955505 62.197230396520894
58.92926092649964 58.48488826377795 58.01728015317408 57.51949097441855 56.98120326424547 56.38919850120557 55.726282836797644 54.85646127648446 53.664112197154154 54.29873225251895 55.11753011938569 55.80169799979184 56.36004651918062 56.81199189476136 57.17987235221626 57.485154692064874 57.74680039766979 57.967893108602155 58.1516785948663 58.32677283896486 58.519694762536176 58.753538757208425 59.055737660616124 59.43880270919587 59.88748574646592 60.382102456992115 60.8564229182464 61.12407023505065 61.120215035397564 61.021584427121255 60.901601674090585 60.775203085329245 60.66595532038425 60.607704375777374 60.59232020838385 60.60978559158977 60.64957671394511 60.701078939122546 60.75659400728547 60.863207176352304 61.03392280628619 61.30254326035689 61.765977265168125 62.34341836506545
58.80340662039726 58.35919721312472 57.89941362416285 57.41634846728489 56.90005346433137 56.34173984252639 55.74074605768021 55.08911156047921 54.53671044274071 54.82236195981612 55.526199687469955 56.20048456265842 56.77620092552974 57.25737666215732 57.66292599222257 58.01313719656706 58.321696197813964 58.58361448592279 58.81366655347114 59.034830416271866 59.27481972942829 59.551954387175364 59.88268585472885 60.27408205433436 60.7132279470853 61.19567625094777 61.70997645592667 61.97938908567559 61.737969014714224 61.52843416163222 61.33333908166277 61.15524147869921 61.03609485590892 60.97681931642227 60.9663948087324 60.99286735341186 61.04379794567875 61.10663026581386 61.16886700507944 61.22728569556995 61.320820942812006 61.46554519749105 61.97259804221511 62.537230493016736
58.72462664125838 58.29664249019603 57.869158970747236 57.43353492979608 56.983421943055454 56.522882511325655 56.0809703821803 55.73549106521144 55.55877883620184 55.734215022812705 56.21384321262941 56.767141468054746 57.2887397380855 57.75398593228766 58.167529190125336 58.54184138276304 58.87398124050159 59.16430672582047 59.426867864156044 59.67811058126999 59.94232463543355 60.23299463339848 60.56058830699364 60.92750161745032 61.317537868531666 61.717177502630925 62.07597631431243 62.19963895500439 62.03178093336847 61.80504469813349 61.58837086552762 61.408253121762904 61.29807803138668 61.25074696807084 61.25588523181562 61.301213266941325 61.37365952098841 61.460313223342645 61.549316618217944 61.6315925272485 61.72075864664088 61.91805423357009 62.30839177240139 62.80726121266166
58.690747354293435 58.29614271888674 57.92556434477674 57.56268049727487 57.20426053964556 56.864840659022875 56.57968714194567 56.414506885492244 56.41635367897172 56.58821677101602 56.951482413337985 57.39917304488764 57.855665724376735 58.29005129361114 58.69671918041834 59.07691579790446 59.415378421515186 59.71804821270599 59.994737054378476 60.256549751799824 60.52348204540292 60.8049718028696 61.106060231943985 61.424320145046096 61.73652904014788 62.017283504366695 62.212189032096255 62.2404967781402 62.11285920131358 61.90451050015475 61.682148822527616 61.52134264019187 61.43566458215639 61.41303908770116 61.44499914112357 61.519758997171735 61.624169077825286 61.74559125108875 61.87351290094196 62.00172459613684 62.13573518600738 62.34889855137635 62.69426600091791 63.139416724474984
58.696289821777995 58.358451408379864 58.06822780795068 57.79099948904614 57.52842885591048 57.29764523016537 57.12938241613876 57.0652461010871 57.142548996437185 57.332794712603594 57.64339308220061 58.02425142570795 58.42912243554539 58.83281291746248 59.22621813831035 59.59841153553861 59.93263286737498 60.23482959236108 60.51105614031814 60.76816335015599 61.021954191537176 61.2783532838136 61.537944578992665 61.7950409509389 62.023303942840414 62.19561825186777 62.2748028451343 62.23352913475825 62.09534480719506 61.88999270400723 61.67550763747117 61.52515427210087 61.45182206193303 61.454278144435214 61.52193494478544 61.63609802941495 61.781559839796195 61.94545769975773 62.11761210392602 62.29159692419394 62.492392393578136 62.75821184792141 63.08968231873838 63.50948808670394
58.73364745807296 58.5128088027844 58.307184565557066 58.10627540035325 57.92260904195557 57.77420861822466 57.68428240373144 57.67792795877173 57.77402006926226 57.976602648476884 58.26539810221012 58.60847858714635 58.97830162684692 59.356916734018796 59.735287605591736 60.09161308722012 60.414260785404906 60.70654362049969 60.97150251925466 61.212778414652526 61.442694152485664 61.66419912286808 61.874761172854306 62.067238151869475 62.21705843904344 62.29885452734286 62.28896012165135 62.18808277032994 62.01936679128395 61.79838796650146 61.58895362716049 61.445774674712894 61.38371766917743 61.40516340343645 61.50007005021164 61.65083020648342 61.838506285337544 62.046813759647634 62.26343589821563 62.49089108024805 62.768243825472894 63.09795115208174 63.47382482924488 63.90506648294593
59.059788739747354 58.821090109415465 58.643753392247945 58.48901274187551 58.35940957019689 58.266783346352454 58.22622042296369 58.25234352880969 58.354663405955684 58.535747994311805 58.81405483126093 59.13721599823351 59.484680898431385 59.84411009403624 60.20632596451706 60.54431032436344 60.85075833530117 61.12671571881325 61.372998496080434 61.591057481499014 61.7906710118949 61.97233486832262 62.13165763894624 62.26083665344907 62.34083379448617 62.346548157335704 62.26354158184586 62.11106790539107 61.90240290511084 61.653887885127254 61.43564414684779 61.2886190102058 61.23433217799628 61.27913933476261 61.40942771824027 61.60066347908969 61.82911416677451 62.07666539141072 62.3350928792542 62.636151635264014 62.98636545786056 63.382644780381725 63.82150135571997 64.3174630219875
59.431500239344736 59.20758422002428 59.0401394866153 58.91080767789195 58.815188998473424 58.757968586970144 58.747275312547345 58.79096120465469 58.893536905343126 59.05398947880806 59.29153813682373 59.603275275067226 59.93670208538548 60.28144536620336 60.62748574222645 60.9467830493284 61.23446674742019 61.49016602396077 61.71318053202521 61.903783934532555 62.070008518941 62.21036627636638 62.31954037749189 62.389686878157654 62.40743537514505 62.348366474166404 62.207446974443414 62.00904767156052 61.75781014499074 61.47280735141031 61.22709504885435 61.05792362353763 61.0019622455923 61.075040252573906 61.25158706835078 61.49088609445717 61.76221237523257 62.04928517638043 62.37573406014665 62.748755026452876 63.16682701160817 63.6274685067501 64.13237668105585 64.69760111963669
59.79400034630152 59.600760932880384 59.45217369123215 59.34298451582265 59.270396538387594 59.23583984568111 59.2430359729643 59.29565411129957 59.39532992525132 59.540367696841926 59.73461770240274 60.00431025122411 60.32642722096874 60.65952313974984 60.99027883630709 61.291380914442804 61.55922692559427 61.79263717261472 61.98997686333748 62.15139522212877 62.283555066326315 62.383451422211465 62.44545988827361 62.462095960573016 62.42377286302667 62.30972025173307 62.12719949447051 61.89016331311831 61.598942898440455 61.27377130863084 60.98138143360218 60.76048615086022 60.681995742149944 60.796367274364016 61.036724644603126 61.32926871149983 61.643464783226754 61.99606210376755 62.390977377399814 62.82779122441461 63.306490553720494 63.826010458317675 64.39376620161646 65.0265381995481
60.14156865023972 59.98046426783989 59.85513561282701 59.76548507343852 59.710911836167355 59.692012357645886 59.71029326586318 59.76707344650247 59.862348467155805 59.994005528472485 60.15822313711764 60.37723437560175 60.653910648630635 60.97118328893385 61.288027724689876 61.57195853999746 61.819942324497156 62.03041660643623 62.2012691699246 62.33369624091614 62.43273523609513 62.494436317635284 62.51326423227408 62.48228275700814 62.393294363002994 62.23838809272557 62.02802826475742 61.762531770125484 61.440711041473286 61.08154584262693 60.73826476114845 60.42744454979716 60.2627859798506 60.47166455907029 60.794040924051885 61.13930773513731 61.51887820879814 61.93376131196916 62.38527404035644 62.87508546898503 63.404394362718485 63.97322401769826 64.59328593632688 65.28184720561815
60.469440918398334 60.338727924232714 60.237191313234426 60.16657607857099 60.12753479437934 60.12059914038178 60.1463096772013 60.20478799298481 60.29515467725115 60.41507917680102 60.560615209452365 60.735468912388704 60.96109999218569 61.227536821243376 61.515383205893826 61.78330386395917 62.01212364173942 62.1999685224373 62.344613713306515 62.44967068197943 62.517522352488854 62.5440654154082 62.52411171169283 62.451383041098474 62.3189006583409 62.13950258130878 61.91230368635949 61.63091180183158 61.2940896663039 60.920565984070876 60.5581093440546 60.208711188612305 59.96636651765773 60.23364355586608 60.594517937236795 60.988736844184174 61.41428102769891 61.87264708129953 62.365832393963636 62.89558069835552 63.462879552965546 64.06755078899829 64.72241595469043 65.44179163981704
60.7734963556159 60.670749301751414 60.59195352582232 60.53941582094985 60.51434427213203 60.51734102775813 60.54856301016169 60.607580268894324 60.693100727691686 60.80272692322336 60.93285268690776 61.07884709945858 61.2563485677374 61.47175314129233 61.70768958628694 61.93094746670587 62.13157112750105 62.2975727324828 62.417586085333944 62.49732284182744 62.53642797244234 62.53114394876037 62.47679162461204 62.36781620627908 62.20770274375762 62.012576103483106 61.77801747882774 61.49327316526963 61.15807415054545 60.79285550824161 60.45410997856057 60.171837124388695 60.051846495942115 60.196139316740016 60.50968135056074 60.901580421139 61.34226336094832 61.823139483846546 62.341685478354826 62.89696015224562 63.4878998279382 64.11251944166177 64.78092457711145 65.49437885062004
61.05004531128637 60.972850437426 60.91523092117832 60.879562989152504 60.86724233693738 60.87892179104883 60.91462374142097 60.973703606161386 61.05472549502896 61.155333544028835 61.27218541220289 61.40098594199377 61.539413009597 61.70603889196743 61.89269273218297 62.06646685743065 62.216479672965555 62.33597152510193 62.42109736592343 62.47356197758563 62.48645285436491 62.45261971993362 62.367907031287174 62.23185241000099 62.06123779118571 61.85712826803563 61.61846564544724 61.34005617393539 61.01810818754434 60.6774854341108 60.38709659816146 60.18475411654284 60.12437718070761 60.241365406724675 60.50721933316133 60.87351902176057 61.30769416252654 61.79320324823345 62.321680724958874 62.88802732413406 63.487917707063616 64.11651207317513 64.77722214803458 65.44413458104607
61.2956907495599 61.24184402444526 61.20375408267608 61.18368522590514 61.183050112861046 61.2025188275774 61.242084672784 61.301060215727574 61.37802091387885 61.470732690407516 61.57609735937769 61.69014063382877 61.80807046278798 61.93043247556594 62.069983204185476 62.19726495132826 62.29923810391266 62.3700273107196 62.41053580105708 62.41969888127896 62.39228724566006 62.3228236663143 62.20814285826023 62.061963449107274 61.88651842355555 61.68151467367179 61.44798876113803 61.18882829459569 60.90359647603443 60.6080477155339 60.36999293285075 60.22289373585416 60.196691117017664 60.30942495613303 60.54882460012374 60.89000096153463 61.30853488454664 61.786624465953686 62.31221839275162 62.87649273896873 63.47185038638378 64.09059371845996 64.71158594643526 65.31475755630106
61.507232521317135 61.47478335758291 61.45465770463113 61.448952170532266 61.45902570362731 61.48554558987874 61.52852237113279 61.58731378890059 61.66041413621394 61.74534650393494 61.839998899315205 61.941164915006674 62.04431977346094 62.143645337662164 62.239128599525195 62.32283002466544 62.379041241761726 62.40497782735252 62.40396700926998 62.37277855710354 62.30697859139838 62.20413159252821 62.07592525871597 61.923977027002984 61.74795474457919 61.548476243451965 61.32753111152536 61.089029136760985 60.8393464427621 60.58589821263798 60.387512066550784 60.27787091864445 60.27518704963526 60.39051637481079 60.616641930967816 60.93869641346764 61.33950947570964 61.803082312861214 62.316114004792375 62.867504201429334 63.447341560373246 64.03210603525385 64.59464074175304 65.13041913703739
61.68159296535038 61.66883968418835 61.6652514296385 61.67275148023481 61.692589324783164 61.72238726529149 61.761778556764504 61.812250343169694 61.87435731074375 61.947640844897755 62.030533426553745 62.12022506090583 62.212439107711695 62.30109767477854 62.37828357028591 62.43004008170146 62.44946680431958 62.4394367927276 62.399847065857685 62.331082468040655 62.23402992706046 62.118007683123245 61.9829936801088 61.82862522661077 61.655203988442274 61.464001082829945 61.25761076898015 61.040380155964854 60.81893578010564 60.602787112157564 60.43410290831367 60.35118904745674 60.365930436808554 60.48549534776897 60.70450028580204 61.01181014308806 61.394745215767976 61.83954958835308 62.33316988852473 62.86373024413244 63.40734294915414 63.936713702379436 64.44009364357055 64.90988909346119
