_KRIGING/CROSS_VALIDATION_CLASSIC_80-20/Berg/IZ/train_4/Berg_IZ_4_train_z_355.asc
ncols 100
nrows 90
xllcorner 5.6208707817415728
yllcorner 50.959635321741573
cellsize 0.00013419651685393446
nodata_value 1.7014100000000001E+038
[rows 0 to 18 of 90, columns 42 to 83 of 100]
-0.18591974520338561 -0.14921866846263632 -0.098175636324959736 -0.034797892770930261 0.038430876470769926 0.11870996485657109 0.20309883622469649 0.28869622576195364 0.37280566414355487 0.45307408184129094 0.52759370855917853 0.59496191012961086 0.65429826552164627 0.70522246077184525 0.74779996052256581 0.78246459085294862 0.80992802104250572 0.83108575970045173 0.84692793140178246 0.8584611144145704 0.86664526163043587 0.87234752133903748 0.87631286911987782 0.87915000613885508 0.88133002593068288 0.88319487621705617 0.88497256656521395 0.88679629297247664 0.88872505993981021 0.8907638850887164 0.89288219740181785 0.89502953660316176 0.89714809665520123 0.89918201465796299 0.90108358195962213 0.90281674824409208 0.90435840740219386 0.90569800484678886 0.90683600065644854 0.90778167428297918 0.90855067822089242 0.9091626536201578
-0.21107112243054194 -0.16702172542723615 -0.10928831192934951 -0.040087723325374469 0.037956411494254105 0.12197468809446682 0.20902459014465824 0.29626018547481808 0.38108500907454951 0.46127656450920046 0.53507431499236779 0.60122714548806433 0.65900049757666967 0.70814717440471864 0.74884875648765092 0.78163639774192728 0.8073004093116033 0.82679758570888895 0.8411639162649841 0.85143846360064435 0.85860210348108679 0.86353279372851421 0.86697728856042522 0.86953786660909493 0.87167174025601646 0.87370033810362913 0.87582553484012582 0.8781500562652248 0.88069962300637539 0.8834448362795092 0.8863212909875986 0.88924688018641118 0.89213569914935775 0.89490834603584912 0.89749873605061559 0.89985778917690995 0.90195451531110582 0.9037751071904061 0.90532066820013002 0.90660416081892048 0.90764707732557381 0.90847622428192287
-0.18806555780635736 -0.13547198596998644 -0.070836124170260528 0.0034267621246352187 0.084614694469098528 0.16989491088149511 0.25646210549715409 0.34168678931096713 0.42324289748184885 0.4992061397589449 0.56811771373787712 0.62901147927514167 0.68140609920527906 0.72526659459932885 0.76094194306774643 0.78908659786755764 0.81057409887011622 0.82641038867961925 0.8376532387634098 0.84534258172843579 0.85044479047501276 0.85381226131968679 0.85615820522963992 0.85804542003609985 0.85988703545517575 0.86195677284072758 0.86440609456194284 0.86728567351670249 0.87056883202670432 0.87417492926184504 0.87799107481659577 0.88189097837534791 0.88575018200993594 0.88945733612814837 0.89292154859776651 0.89607613887931781 0.89887935046816281 0.90131270847360101 0.90337775631369532 0.90509187623683174 0.90648380938015549 0.90758936302531401
-0.10910494008290383 -0.046716262131096586 0.024955510665405467 0.10331290021327483 0.1856482557479931 0.26928693110376778 0.35171986481968309 0.43071714163510327 0.50441612136760039 0.57138013777057151 0.63062635088341112 0.68162382958045464 0.72426511530503945 0.75881619030158165 0.78585083052551297 0.8061757318919599 0.82075260424262142 0.83062274014178006 0.8368385353380281 0.8404052269954343 0.84223487398120778 0.8431134481325685 0.84368091328781114 0.84442337684305491 0.84567581202314623 0.84763345371405485 0.85036974453254144 0.85385862927187772 0.85799904757528311 0.8626396426190579 0.86760197345440104 0.87270087178549871 0.87776099457795054 0.88262905910815825 0.88718166969763956 0.89132901879740489 0.89501503872528698 0.89821477433255426 0.90092983465448861 0.90318277009160242 0.90501112895384517 0.90646179855165787
0.030187554379963788 0.10362016597800305 0.18239028532318191 0.26373820632142114 0.3450298901871609 0.42387914532044335 0.49824260102928031 0.56648423468427689 0.62740906550734121 0.68026803338985742 0.72473787815785573 0.7608809675643432 0.78909052237475485 0.8100266490559892 0.8245481468704452 0.83364435142416438 0.83837044777998149 0.83978884662603182 0.83891844701992668 0.83669295243622921 0.83392887221842171 0.83130341017324993 0.8293420826714214 0.82841558471213372 0.8287451081656374 0.83041500394716539 0.83339138186228068 0.83754498813578393 0.84267652987240615 0.84854256446237375 0.85488016400938205 0.86142880355981177 0.86794828737981899 0.87423197930406282 0.88011508738643429 0.88547821220507916 0.89024675114130647 0.89438702124473157 0.89790010362799277 0.90081442525531308 0.90317799890083461 0.90505106967442295
0.22956705157101565 0.31521391900056261 0.4010841402634393 0.48427787126922617 0.5623146326718016 0.63322623099257636 0.69560230179169324 0.74859180818406268 0.79186766926765628 0.82556402319468347 0.85019639990513773 0.86657447995052772 0.87571550757887673 0.87876424844630341 0.87692307103764411 0.87139364981814993 0.8633301851545141 0.85380302580604917 0.84377115573324624 0.83406206165617891 0.82535786403310074 0.81818708438293586 0.8129218651723461 0.80978072876153817 0.80883699442246182 0.8100327672769212 0.81319802630005789 0.8180738645070218 0.82433848211850447 0.83163420310241198 0.83959364887536592 0.84786329158589546 0.85612291143609853 0.86409994860861394 0.87157829628051076 0.8784016436298181 0.88447197011016088 0.88974415721076938 0.89421789048290479 0.89792806957664584 0.90093484806442592 0.9033142250800118
0.48327790175574159 0.58213608350224677 0.67505617622476899 0.75902057016710778 0.83177603391832655 0.89188975787424374 0.9387347513980504 0.97241575814530079 0.99365179689295402 1.0036336218519639 1.0038739135822068 0.99606534365301458 0.98195754881091035 0.96325934913672251 0.94156804127477112 0.9183239110183341 0.89478561514641974 0.87202089615700651 0.8509071000904036 0.83213688222838433 0.81622593208449423 0.80352113941368009 0.79420902307458963 0.78832522133987981 0.7857662850326983 0.78630493345104813 0.78960943554768659 0.79526703638385521 0.80281055466775331 0.81174660775594631 0.82158350553525006 0.8318567596082963 0.8421503772556953 0.85211259104510162 0.86146531610385157 0.87000731371347229 0.87761166470082386 0.88421863641815723 0.88982531524989839 0.89447346208463041 0.89823695297321315 0.90120993594535392
0.77966618258027298 0.89244925641477635 0.99231828074008743 1.0761589002296144 1.1420054053238995 1.1890536170821377 1.2175775832545983 1.2287700803517327 1.224533030126159 1.2072459103177544 1.1795383123105285 1.1440877878813664 1.1034572119610018 1.0599783658155477 1.0156815023320098 0.97226519300301262 0.93109729057178336 0.89323648511726839 0.85946444747258866 0.83032045605999116 0.80613308020261443 0.78704633031449656 0.77304016584448998 0.76394702192012365 0.75946691331876193 0.75918372107225407 0.76258463043318758 0.76908362833669219 0.77804877362704228 0.78883188842706398 0.80079858043816143 0.81335619844458018 0.82597745640971698 0.83821796350196265 0.84972664118582153 0.86024884368732901 0.86962278126836157 0.87777046433521455 0.88468477296312575 0.89041439173945025 0.89504825713240188 0.89870089730736757
1.1014491639963042 1.2284666634845578 1.3351204433286985 1.4182180281155095 1.4761216414226381 1.5087136412084154 1.5172391243311059 1.5040551469430694 1.4723232988685959 1.4256840525774992 1.3679477978302561 1.3028299424649288 1.233747547577341 1.1636844481903053 1.0951222926976849 1.0300276130008756 0.96988057323094146 0.91572954489831027 0.86825675050013273 0.82784320293381874 0.79462518064146925 0.76853866133041693 0.74935177652935825 0.73668796263397229 0.73004385493488355 0.72880613439286379 0.73227072622880607 0.73966632106038421 0.75018253960120962 0.76300155204802278 0.77733086333147849 0.79243443365508925 0.8076593422139382 0.82245573488672186 0.8363886646425891 0.84914144458175955 0.86051110321928259 0.8703973131260283 0.87878666701281616 0.88573437042737035 0.8913453320222311 0.89575632427121277
1.4267297235620133 1.5677635170374389 1.6809423714410836 1.7630118784507975 1.8126780341910433 1.8305234433314612 1.8187744345669674 1.7809581294856887 1.7214969047959596 1.6452890058856751 1.5573189078875269 1.4623309134787177 1.3645865302696425 1.2677126429552854 1.1746354076277548 1.0875856387790934 1.0081560357957278 0.93738900075386655 0.87587552553752113 0.82384974819696977 0.78126917409137098 0.74787612224580102 0.72324077696943867 0.70678968518079688 0.6978253696494805 0.69554297811145016 0.69904886164347313 0.70738413211084639 0.71955409732599596 0.73456247822626786 0.75144782370218599 0.76931875020850182 0.78738457977906084 0.80497852977625306 0.82157162508319592 0.83677672061052111 0.85034320813862019 0.86214395166710012 0.87215663358156859 0.8804419592420103 0.88712108612052853 0.89235429004297373
1.7307490454116934 1.8849358331144606 2.0042283714991997 2.0853253600826211 2.12726584197546 2.1312972019831302 2.100569913254569 2.0397072665629978 1.9543076591788928 1.8504378953159235 1.7341691436880651 1.6111945972814388 1.4865520368921903 1.3644581266421387 1.2482467786818767 1.1403930791889594 1.0425979981749023 0.95590749023301569 0.88084198802438429 0.81751755306151797 0.76574670736533546 0.72511388097756591 0.69502636556516761 0.67474592274765266 0.66340843397482352 0.66003926501598031 0.6635707279863321 0.67286572176203241 0.68674894270233422 0.70404455214473327 0.72361729483283654 0.74441302516024033 0.76549446307121805 0.78606864892950912 0.80550376165276061 0.82333441892219761 0.83925601130806027 0.85310980687786186 0.86486135510559181 0.87457506517461003 0.88238776171501043 0.88848361770739137
1.9882603618368 2.1539908046718343 2.2787526762716284 2.359214495283128 2.3947125436105354 2.3870744964930415 2.340249550949892 2.2598015063511108 2.152331279080105 2.0248956814136192 1.8844809310385917 1.7375744916232354 1.5898604237112686 1.4460445610458879 1.3097992700388703 1.1838052940600838 1.0698612616548218 0.96902990330387384 0.88179310202800676 0.80819425879444262 0.7479544853521678 0.70055728381223048 0.66530334957686033 0.64134208691896188 0.62768898579755816 0.62323826205223032 0.62677855745582134 0.63701669865985189 0.65261126358211285 0.672214675070961 0.69452024439816906 0.71830930979482854 0.74249341636718313 0.76614722385492784 0.78852923083591975 0.80908912695921786 0.82746229418169892 0.84345340229281029 0.85701200884254836 0.86820351172736565 0.87717874338227919 0.88414503918127862
2.1762962998521846 2.3511418492530485 2.4803925626629368 2.5607094740710945 2.591670553263631 2.5755562892662418 2.5169272123970723 2.4220565179561713 2.2982913099748878 2.1534157116486465 1.9950793289801436 1.8303377878309584 1.6653315598440439 1.5051084748806607 1.353577194422471 1.2135656561334134 1.0869511934667444 0.97482770767598792 0.8776790355591213 0.79553500626240181 0.72809582541741924 0.67481962272129259 0.63497581886872756 0.60767245954958771 0.59186842351115598 0.58638154714586688 0.58990173321576134 0.60101479013148307 0.61823892632157185 0.6400722753468534 0.66504713724283271 0.69178512274161541 0.71904714771479217 0.74577308481062654 0.77110751730250793 0.79441006038537931 0.81525072766447493 0.83339250723146352 0.84876446634320524 0.86142924447981806 0.87154875216860495 0.87935138176596961
2.2770114731901749 2.4576895715315099 2.5899954092348536 2.670616736187803 2.699306993763062 2.6786409904916639 2.6135552237494046 2.5107407593345297 2.377966813665819 2.2234121844929073 2.0550707389381846 1.8802789813789897 1.7053917779777976 1.5356102370453781 1.3749466975106297 1.2262980168308437 1.0915909953082878 0.97196280486856412 0.867943725069378 0.77961769103036327 0.70674619741630484 0.648851104713562 0.60526032072110947 0.57512616300439334 0.55742901947424062 0.55097884509882966 0.55442463680748222 0.56627816571215039 0.58495385718473214 0.60882265810452774 0.63627467166256335 0.66578364614002883 0.69596615093114589 0.72562927829728663 0.75380260852024628 0.77975251755837915 0.80297924392103714 0.82319909951039061 0.84031556867739832 0.85438369347019238 0.86557212281043894 0.87412663753769837
2.2802285282714445 2.4626154029022129 2.595971361895824 2.677062731544614 2.7057536716092887 2.6847409417967203 2.6190745066458998 2.5155343698090533 2.3819436126172544 2.2264957598722468 2.0571627370405974 1.8812306365776563 1.7049878733097821 1.5335677792078051 1.3709284633954881 1.2199390977942319 1.0825347716298146 0.95990161340252012 0.85265895423932381 0.7610141854973419 0.68487663481158823 0.62392729849670248 0.57765002610465555 0.54533569946473703 0.52607364788060174 0.51874414691433912 0.52202298508104916 0.53440467211354858 0.55424592609067147 0.57982655405123529 0.60942144666334586 0.64137554948641595 0.67417343286977893 0.70649625535238669 0.73726109440550336 0.76564029750753115 0.79106118433564832 0.81318869405074123 0.83189514807557008 0.84722207507494729 0.85933905320284731 0.86850390712052616
2.1853138404358483 2.3645116318533934 2.4962393924967556 2.5774175246843152 2.6079715616867607 2.5905547248565739 2.5300667192199762 2.4330392407060915 2.3069670225103813 2.1596603936518131 1.9986828052047705 1.8309174663687222 1.6622847020752118 1.4976095274245014 1.3406203323831598 1.1940466352194572 1.0597775951352921 0.93904323018994407 0.8325859681865988 0.74079952182354192 0.66382309680385865 0.60158965085670846 0.5538357160512446 0.52008611805823912 0.49962934596046221 0.49149852104736069 0.49446954708016783 0.50708307338155401 0.52769145003323548 0.55452690171756214 0.58578345726233194 0.61970318188143148 0.65465705388249074 0.68921218245786231 0.72217953086833886 0.75263933252922366 0.77994441153426897 0.80370418448616632 0.8237539219208192 0.84011475496966437 0.85294995760301151 0.86252237131471277
2.0020648856198329 2.1725264463912142 2.2992077523929271 2.3792872467040405 2.4127319873769286 2.4020151670444534 2.3516496087270697 2.2676054751991392 2.1566869478917927 2.0259385992153285 1.8821392455218744 1.731422062424063 1.5790381072483364 1.4292595471766865 1.2854017084623572 1.1499314910817677 1.0246245859376439 0.91073506342770394 0.80914715528614356 0.72048870719440306 0.64519685772254298 0.58353709013814703 0.53558534491045695 0.50118834612586105 0.47991927976269211 0.47104466379624133 0.47351436055669016 0.48598121154304907 0.50685085066269997 0.5343569176999694 0.56665295080087785 0.60191014361984585 0.63840999775837237 0.67462244139447136 0.70926273764583347 0.74132386721294563 0.77008443520047487 0.79509501827364359 0.81614789789415887 0.83323617066031153 0.8465083167837868 0.85622360743643422
1.7504018181422207 1.9061124064276691 2.0235772020511922 2.1003677714386542 2.1365146536543578 2.1342243399315031 2.0974407969232129 2.0313155042307329 1.9416540612078701 1.834402007819643 1.7152193357202348 1.5891749718187147 1.4605724807835538 1.3328994378899059 1.2088778902606856 1.0905837026049521 0.97959901940601735 0.87716424825196559 0.78430276379293251 0.70190130340239187 0.63073990341082231 0.57147541205276775 0.52459064321437188 0.49032614242706318 0.46861295645721301 0.45902294817339562 0.46074878359488886 0.47261976469104927 0.49315333811889905 0.5206364471041145 0.55322673735029848 0.58906145377424757 0.62636176391508747 0.66352195903992173 0.69917600271441904 0.73223757462620953 0.76191344673046424 0.78769318537366773 0.80932042824613304 0.8267521729662124 0.84011265937275359 0.84964770287963143
1.4588078389399839 1.5935184029803091 1.6969041694633644 1.7670955922850862 1.8042590672471297 1.8103142890116142 1.7885324177454274 1.7430732016464066 1.6785202961563597 1.5994670109699836 1.5101914257157396 1.4144428192996996 1.3153434924731497 1.2153939613243672 1.1165572248728419 1.0203906293800029 0.92819215583890458 0.84113131393157958 0.76034214123622657 0.68696554995130954 0.62213872606555642 0.56693883619536778 0.52229560335630065 0.4888915068222236 0.46706912596238759 0.45676271861260442 0.45746620545344285 0.46824334609187296 0.48777919050407503 0.51446595122644467 0.54651210739551748 0.58206130901815656 0.61930759325730622 0.65659528817846413 0.69249522876619984 0.72585286850518749 0.75580785213070079 0.78178804124213908 0.80348345625185591 0.82080693081175071 0.83384848592913419 0.84282969728970758
