_RESULTS/CROSS_VALIDATION_POSTPROCESSED_CLR/MHZ/TZ/6comp/3/MHZ_TZ_z_180_kriged_reverse_6comp_spherical_3.asc
ncols 100
nrows 81
xllcorner 5.5967107548124995
yllcorner 50.982328804812504
cellsize 0.00017565037499993607
nodata_value 1.7014100000000001E+038
[rows 19 to 37 of 81, columns 0 to 43 of 100]
1.8771722431303468 1.81351458754453 1.7630630303965966 1.7317580275713547 1.722206727256001 1.7351715346549275 1.7667149360254868 1.810513430716199 1.8608674534555036 1.913622690230433 1.9659544512800307 2.0159631178306117 2.0623742697221683 2.1043615129582 2.141456996941394 2.1735123821731053 2.1999459227029563 2.220942420163168 2.237588059049828 2.2513783041580937 2.263409827435231 2.2726676301047832 2.281688081420248 2.290018654579015 2.2963939249580325 2.2979003974704186 2.29378783635827 2.2840080951976076 2.2685597866173253 2.24693216705176 2.2192840712812028 2.186099654701549 2.1480348583141122 2.1071394175822507 2.0948955619261125 2.125615857719195 2.203045178317013 2.3321034527235804 2.5157131220434907 2.7500449174914983 3.0275912189323173 3.3404364897226793 3.672138282567181 4.0162746909137335
1.9313672585879895 1.8769482327829698 1.8353812038657298 1.8100934258588304 1.8010459724691348 1.8088787359197978 1.8315735934385837 1.865317091671854 1.905996512999899 1.9500692905987296 1.9947910402395843 2.038143275389314 2.078696840550131 2.115503398440448 2.1480343655539333 2.175346860465322 2.1971441435863346 2.2142643260797112 2.2276710105315143 2.2380462761056963 2.2462303881044914 2.254070931676062 2.263292423150496 2.272306542211542 2.279110672560338 2.280956476320481 2.2775358004062767 2.2687914268152194 2.2547888746324847 2.2356542915280317 2.2111227313313995 2.1815222056655483 2.1476009845142157 2.111468281953698 2.1045340654109896 2.1409356600763214 2.2232893838546754 2.3552230429579812 2.5372213524409486 2.766618201098954 3.038243411259124 3.3407441258204793 3.660548469842314 3.99341488800416
1.9885073469541032 1.9414394355123799 1.9063122729582134 1.8846843302779 1.8759916241866488 1.880522502577818 1.8970995989525128 1.9232259140486403 1.9558888892570843 1.9921882749382807 2.0296490299346712 2.0663054925677042 2.1006821763164245 2.131754642195125 2.1583297662783045 2.1792545460684902 2.195054369475048 2.206711994023653 2.215374319672846 2.221758205586549 2.2260708294137923 2.233927765138029 2.244452998962951 2.2549566067708193 2.2624965003407658 2.2652002509717497 2.2628864221973637 2.2555511401249095 2.2433051158670922 2.2263423544756655 2.205060202258086 2.179588417293576 2.150227104225383 2.1184175769599274 2.1133238481395704 2.1510398043715084 2.232780561171432 2.361895261060836 2.5380906986518093 2.7594944027771904 3.0217518611616057 3.3081434555285605 3.6107004492501327 3.9250452230808754
2.046056170568721 2.004715696328217 1.9742102245052058 1.9548357033091488 1.9465441374344636 1.9490070426298147 1.9614117591541669 1.9819277701309488 2.0082191079138574 2.037893054090613 2.068776965589885 2.099041576686706 2.1272352074383436 2.1520324244441893 2.1713664109818476 2.1849920212299114 2.1934723931421773 2.1980389436930245 2.2004453669499706 2.2020829912879756 2.2039070807338077 2.212637517918336 2.2255367880680765 2.2381073653710493 2.246932006471686 2.250918391732588 2.250032225661711 2.244445672970468 2.234721785897701 2.2209955618955 2.2033618002276314 2.182025255421885 2.1573259058250853 2.129643003848406 2.122861294134263 2.157622577555813 2.234370945511691 2.3557882611078 2.5216022583538855 2.7307547512007035 2.977401704727039 3.2446999741281255 3.5260855760500305 3.8164611978364937
2.1023053626599606 2.0653282740485026 2.038011138553528 2.0200878444021706 2.0121892411778126 2.0135710766740718 2.0233404036713094 2.0399239710224473 2.0613490710116995 2.0855822592591218 2.1107291086986213 2.135130788094733 2.1573922139749913 2.175191554232999 2.1870446571293436 2.192777670328329 2.1927965697803633 2.188488899715597 2.1827195109893145 2.178844393670542 2.1809639827144514 2.1916633273002923 2.20746788424068 2.2224889327526376 2.2329570157229903 2.2384432346398317 2.2397053657539545 2.2371405070895096 2.2308072587147127 2.2207428258230055 2.206983247619602 2.189618017133795 2.168860763730167 2.1451170617738855 2.1339983995664147 2.162264685957992 2.230330795036544 2.339809231466369 2.4907343052276154 2.6833610493906206 2.9101286771670476 3.156381725559677 3.414227484316769 3.6764367184230267
2.1561448462997523 2.1223545530933867 2.097076064583414 2.0800338675957515 2.072388969624464 2.073631935583541 2.0821351557393846 2.0962456820091573 2.1141373877898615 2.1340408418722414 2.154322880994514 2.1735182585630355 2.189942846135354 2.200902122927394 2.205519707700518 2.2033633738804412 2.1943959221635057 2.179502950732163 2.1624163752106442 2.1530975859710377 2.1593884287125835 2.17358959803931 2.191808169194292 2.20918532979209 2.2213764871948207 2.2293512756025557 2.2335187969094106 2.234129493549727 2.231329197771601 2.225135709427489 2.2154756591180664 2.2022633945700556 2.18548750325964 2.1652755853458165 2.1490952866321402 2.1679457288208144 2.2242195766894692 2.318318317632571 2.449860910947148 2.6204826330142725 2.8247587767531215 3.0506891801214526 3.284694979423681 3.5171341037289805
2.2069645048007427 2.1753375572436315 2.1510111555668185 2.1341871033413646 2.126799480434276 2.128809338716579 2.1374119332115145 2.1503276755974885 2.165797589773835 2.1823201673862056 2.1985439289953526 2.2132268852616517 2.224007379764783 2.2288291944071594 2.226963166465051 2.2177872930599443 2.200790849930223 2.175641361043913 2.1430295381993094 2.1290449421751636 2.1448974477888254 2.1623203522355308 2.180941980572392 2.199646017622431 2.2141210636957998 2.224460840569114 2.2312465284881142 2.234935250663888 2.235750920619605 2.2336446952096667 2.2283609470914523 2.219570519335747 2.2069983042800696 2.1904983951322787 2.1717118205660695 2.179294072524511 2.221810108207417 2.298726293284854 2.408120639441378 2.548422455798586 2.729857368697084 2.9392346926462243 3.1486444285659037 3.3508046410368286
2.254632724432618 2.224431303021997 2.199913755136245 2.182108405665848 2.175322625059497 2.1792351978275604 2.18927811785604 2.2019591385648014 2.2157721820445015 2.229601294573631 2.2424254363876974 2.253074689135291 2.2588001308985577 2.258361669226211 2.251112505538788 2.2364937965926717 2.214082795396146 2.183814995331567 2.150305658409388 2.1362903272723095 2.1471854626293707 2.161591065948525 2.177714406486696 2.195711708127178 2.2115024470669096 2.2234350447102846 2.2323329979958784 2.2388829922812477 2.2433861853009263 2.2456504758486755 2.245118726705605 2.2411241109061484 2.233096399330233 2.220675105571237 2.2044884406628587 2.1998629554285425 2.2281106087053884 2.288801555947422 2.379925162497597 2.4997533125996036 2.656345868948783 2.837951291800944 3.017626412863925 3.1878339653317633
2.2993957639646427 2.270648431372238 2.2453759140706717 2.2238883604835444 2.2184257298482204 2.226520343669658 2.237866784572368 2.2502786488514057 2.262524720024478 2.2739694247685174 2.2838989810016836 2.2910000571947027 2.292657485076652 2.2881000507475346 2.27679330689253 2.2583574484329 2.2329205933689615 2.203198297535622 2.177723583659782 2.1643628161646817 2.164435712107636 2.1713353817674883 2.1832421884185145 2.1982014499817 2.213039778835879 2.225641988445595 2.2359675669250585 2.245070461386235 2.2533942861985996 2.2604678418140436 2.2652098316192255 2.266474859783041 2.2633762715237715 2.255903016141658 2.2444447754220187 2.2323782873675286 2.246147629986226 2.2918396714186953 2.3686363190310713 2.47677723694093 2.6074306825739106 2.7521699025364117 2.8979586288674795 3.035189982914747
2.3414144820631537 2.31535285458519 2.2914891846759295 2.2690828802585385 2.2642663354186583 2.2731485917107026 2.2833989442433866 2.2941943871126855 2.304593767833889 2.31370379928465 2.320982969023731 2.324834056766614 2.323066948502197 2.31521143649044 2.3009193664896563 2.28005460394817 2.2542843870545983 2.2289934158694917 2.2076439437032813 2.1937662720588817 2.187920067235447 2.1889825768546687 2.1960723103820152 2.207091717444088 2.2186135628358894 2.2302822389865176 2.2411392542969084 2.2523670678089767 2.2648265700626182 2.27745164622432 2.2881718343350523 2.2951845406617726 2.297737991388475 2.295825607772173 2.289357556670871 2.278586769966375 2.2773829532265335 2.307529964869335 2.368416152053112 2.4588108637893957 2.5648186572268665 2.678297922074658 2.7917200357859753 2.8972284957732954
2.3797993526706804 2.357264256724894 2.3376176065832808 2.3223768444780273 2.3164274536294123 2.3192915982052495 2.3257421958874476 2.333309102114085 2.340941388389953 2.347622456913636 2.35236214056095 2.35322893290824 2.3484884470440726 2.3378103396444914 2.320968311732468 2.299789592271601 2.277739039175048 2.2564579591250533 2.2378517282309116 2.2234385367523677 2.2144678988392448 2.211637890328601 2.21451728518616 2.2215683362531347 2.229400715815363 2.237360657099185 2.2468628431493842 2.2594425823216695 2.2768154180506732 2.296289768307476 2.313810756643139 2.327338066225774 2.3361127705186715 2.339709473258347 2.338119392250088 2.3317053082586248 2.3229007915883577 2.3358067897073043 2.37809828937578 2.4477272031076773 2.5300030147716965 2.6159268466386947 2.700192818884281 2.7766950438832914
2.411932107626534 2.3932784345097664 2.3777440859183585 2.366634631227969 2.36064438957384 2.359907368072988 2.3624605378056827 2.366449473236942 2.370673024539792 2.3742925380736275 2.376498059615227 2.3746539177692787 2.3672613117174643 2.3542759519153176 2.338148267697373 2.3202696511147956 2.301656196282717 2.2834906685741094 2.2669421867329014 2.2528729580012157 2.242976615147472 2.2376463641824236 2.237406077095697 2.2410967670200623 2.2457589673022578 2.2496177407522358 2.253830417184923 2.264813425191539 2.289375391764274 2.3177232379104704 2.343018782901677 2.3633328222685788 2.3779650028912602 2.3866577799802124 2.389461729537477 2.38676895134262 2.3807000408248826 2.377988346099247 2.399550585360908 2.4466279657596446 2.5061092834902694 2.5669932631826446 2.625129994254151 2.675684097607717
2.435847335203349 2.4207540811389094 2.4082876006291434 2.3996443636771883 2.3939504772855096 2.3912663093324644 2.3908447826163557 2.3915994930129703 2.392562440736652 2.3929411909405327 2.3920220097266833 2.3875470088970254 2.379508062563602 2.3685916305517623 2.3553879450238893 2.340592668783884 2.3249969359649336 2.309428695033485 2.2946126542273753 2.2816005297859054 2.2721071598136646 2.266043482148536 2.2639438545454684 2.265392233040776 2.2684072238544477 2.2699674497997178 2.269373646372818 2.268393677685077 2.3076533263763266 2.345063718819765 2.376962571004185 2.4028963829918486 2.4225254306095536 2.4355928421110793 2.4420452562650596 2.4422500315942455 2.439037988617192 2.434617586231608 2.435441993263654 2.4585307268913272 2.4960034673001634 2.5338360897160968 2.5684526600513333 2.59594348277827
2.44993227073706 2.43786076990126 2.4276392173939385 2.420421621505439 2.4151864087564627 2.4113886043765373 2.4088055821765164 2.4068646521630774 2.4049127825748196 2.402870908311233 2.4007974804484324 2.3970367202565352 2.3907355342719137 2.3822073541796303 2.3718099452729713 2.359902207996861 2.3470507285525257 2.3338231638527094 2.320676269646001 2.3093463512478576 2.300827114202434 2.2954410756585704 2.2932833760926776 2.2939883683467563 2.297223151156433 2.3003549177096656 2.303930230398651 2.315079722636987 2.344932012519343 2.3810614103793766 2.4152802766636783 2.445007306772922 2.4685468850283043 2.485174814838262 2.494451638324251 2.496945074629193 2.495528161812923 2.4917356722973603 2.487062070886993 2.486854931352493 2.5022389143566386 2.5189346708876847 2.5324917785420356 2.5396477815621377
2.4561273673595183 2.444822214816279 2.435523124947243 2.428870316357612 2.424502046169086 2.4206729146499883 2.4172477779538464 2.4144381177092598 2.412177209030775 2.410371821184514 2.4089702115952276 2.406510562063557 2.40189406590775 2.3953652246254498 2.3872212887654585 2.3777848940447934 2.3673909748593056 2.3563536420558355 2.3450793429100667 2.3357055420161132 2.3286620588168994 2.3247605591745475 2.323927734987257 2.3256925704176594 2.330574400015633 2.338100263755375 2.348496013850696 2.3657647581841355 2.392510573287545 2.4250059359742173 2.458112211490222 2.4886122700968984 2.5143942257420306 2.533735626550495 2.5451584856335803 2.5495378859230473 2.5487701247147982 2.544491605904866 2.53860100001823 2.532432756986495 2.527833681757744 2.5251022341677105 2.5197289643116734 2.5093595033468534
2.455159492722078 2.4438557903339673 2.434770145949442 2.4283982591174764 2.424962204381892 2.422864472201812 2.4212416927156952 2.4198723260537425 2.4183988416985875 2.4169621811479383 2.4162741187085977 2.415272389084828 2.4124936835759536 2.4080861529224498 2.402226254653685 2.395109757716084 2.3869400562209018 2.377901897095375 2.3686099617092515 2.361236700145809 2.356191817578919 2.354390190365231 2.355643857219793 2.3597362825020256 2.366827357476109 2.3782562880007787 2.393548185984711 2.4140892509428657 2.4405755465415817 2.4713449264691776 2.5034950362330095 2.5342914176286313 2.5613199729551495 2.582142685873252 2.594812632991471 2.5998684553470675 2.598531570585778 2.59292402284662 2.585153853036678 2.5767314745381413 2.5685398703730646 2.555914850981409 2.5346494052074866 2.509790332772737
2.446796112089261 2.4352538000541526 2.4261724119764323 2.4199615241966166 2.4168385432244768 2.416453784705523 2.4170130459884005 2.4181709118246153 2.4196716152711777 2.42114332568491 2.4221498062718267 2.4227680275108643 2.4220182309465033 2.419851762125214 2.416343648811428 2.411579790507819 2.405655398498319 2.398660116501484 2.3914737439865044 2.3861246412424917 2.3834774640071483 2.383989531988201 2.38752923396631 2.3940379520607715 2.403627826117464 2.4172998679628894 2.43591236817494 2.458624057377011 2.4855808689111805 2.5158307343514905 2.547629232547807 2.578972152438515 2.607642252940903 2.6307879781282373 2.646120061954604 2.6514139440939712 2.647874963515903 2.639446737142027 2.6290740992023562 2.6182840717942875 2.6077715377284396 2.5970475059873115 2.57606229319828 2.5425421886613946
2.4314288836495357 2.419467980643079 2.4102514848850167 2.404131328162728 2.401289012057465 2.4017315928623244 2.404631122971922 2.408524573343034 2.4132202275951844 2.418451851385954 2.4237396139792033 2.4282199169827936 2.4298880967338223 2.4301199677960064 2.4290754215643062 2.426735593643808 2.4231044250534066 2.4182000945765467 2.413116335875131 2.4099952434840395 2.409830089569783 2.4126433186871967 2.418381582663057 2.4270511257107255 2.4387611535008835 2.4538718535511594 2.4738864526326942 2.498102685436175 2.5255008460225334 2.555536113605297 2.5871570354479045 2.6190140721032735 2.649549905141803 2.6776134413483854 2.6986641100705118 2.7028673264942054 2.694382414235304 2.6820044443728466 2.6688720754926836 2.655925292734066 2.6434360546325024 2.6313971465847756 2.616098085106957 2.588817737681729
2.409518008628477 2.3970108291360592 2.3875781178028475 2.3815237485600487 2.3789918861864683 2.3799815233379022 2.3843678974282643 2.391153265813701 2.399266948874671 2.4084512282250765 2.418225300466795 2.427864225088657 2.4350792632547718 2.438413888119997 2.4399791429696625 2.440154975764182 2.438868305434317 2.4360848099047105 2.433036021857587 2.4324289525143814 2.434611493378478 2.439546265478935 2.4472121300226783 2.4576229858444965 2.470838000693091 2.4869427691426953 2.506839915226423 2.5313158057267344 2.5588315432946023 2.5883648127519345 2.6192737522039073 2.650743203779332 2.6828390444883694 2.716586310137692 2.7497564845193074 2.7480057367294446 2.7323907625879484 2.7170325405696922 2.7022694261193902 2.68808088251983 2.6743487953116047 2.6608834349681425 2.6474181055879096 2.6239621714696337
