_RESULTS/CROSS_VALIDATION_POSTPROCESSED_CLR/MHZ/TZ/6comp/3/MHZ_TZ_z_250_kriged_reverse_6comp_spherical_3.asc
ncols 100
nrows 81
xllcorner 5.5967107548124995
yllcorner 50.982328804812504
cellsize 0.00017565037499993607
nodata_value 1.7014100000000001E+038
[rows 0 to 18 of 81, columns 44 to 87 of 100]
2.334504505413076 2.3340907985356676 2.3336389627105953 2.3331689676303426 2.3326988849267423 2.3322448340962207 2.331821177991382 2.3314408029453997 2.3311153993024116 2.3308557075865792 2.3306717211273233 2.3305728473230065 2.330558003271343 2.330558003271343 2.330558003271343 2.330558003271343 2.330558003271343 2.330558003271343 2.330558003271343 2.330558003271343 2.330558003271343 2.330558003271343 2.330558003271343 2.330558003271343 2.330558003271343 2.330558003271343 2.330558003271343 2.330558003271343 2.330558003271343 2.330558003271343 2.330558003271343 2.330558003271343 2.330558003271343 2.330558003271343 2.330558003271343 2.330558003271343 2.330558003271343 2.330558003271343 2.330558003271343 2.330558003271343 2.330558003271343 2.330558003271343 2.330558003271343 2.330558003271343
2.3350996954007934 2.334717385596639 2.3341922476466546 2.333650780743311 2.333112432493044 2.3325938754493554 2.3321095455051655 2.3316721487238 2.331293078859199 2.3309827409836217 2.3307507951623334 2.3306063376345554 2.330558003271343 2.330488519501821 2.330286339766353 2.330069790066603 2.32992618306867 2.3299035815808344 2.33000907641809 2.330208527949848 2.3304278000774024 2.330555350865333 2.330558003271343 2.330558003271343 2.330558003271343 2.330558003271343 2.330558003271343 2.330558003271343 2.330558003271343 2.330558003271343 2.330558003271343 2.330558003271343 2.330558003271343 2.330558003271343 2.3304788759327995 2.330266209871806 2.330012712975011 2.329792960389801 2.3296595587808264 2.329641251460726 2.3297418369360012 2.3299400235058405 2.3301902367736633 2.3304242875470003
2.3337976483579084 2.3345232351668117 2.334649249576058 2.3341168643461985 2.3335102246989954 2.332928864770579 2.332386757897632 2.331896033838629 2.331467509071615 2.331111059097677 2.3307390792515377 2.329986538612843 2.3290186530376578 2.3280220819308153 2.327095718330568 2.3263729658134236 2.3259526453602746 2.325889335475717 2.326191099227532 2.3268191419098887 2.327689442672337 2.328676156033493 2.3296163784680766 2.3303157615447305 2.330558003271343 2.330558003271343 2.330558003271343 2.330558003271343 2.330558003271343 2.330558003271343 2.330558003271343 2.330544663676425 2.3302441187499014 2.3296573217858825 2.3289212597554814 2.3281590416392763 2.3274761797276873 2.3269569362040703 2.3266610730322324 2.3266213577704398 2.3268421268686046 2.3272990917927827 2.327940413623708 2.3286889058729643
2.330098527464864 2.332022595902652 2.3345819395659784 2.3379664973706986 2.3405913492029495 2.3420267946326616 2.3420964685805674 2.340632804947317 2.3378114799040652 2.3336456388417126 2.32929203788614 2.3263694316977226 2.3241960414353144 2.322201068471913 2.3205025201723766 2.3192381342186303 2.318521062965746 2.318414056455106 2.3189264006032175 2.3200134540580666 2.3215788509437916 2.3234790541521613 2.3255296431044363 2.3275125681257847 2.32918361362963 2.3302794479986844 2.330558003271343 2.330558003271343 2.330558003271343 2.330558003271343 2.330280650226363 2.329471270953524 2.328295859222563 2.326916000565693 2.325483624558896 2.3241367680490876 2.3229949264110976 2.322154349974824 2.3216837591262336 2.321620997380127 2.3219710817410144 2.3227059384314788 2.323765864165118 2.325062494167129
2.3313797739875866 2.344318828831746 2.3582598716311916 2.37106292484435 2.3809329605234475 2.3864816429168245 2.3875261217572525 2.384114310579015 2.3758674448421764 2.363843876209523 2.349560443979357 2.3349226494523956 2.3221604959603517 2.313756629951691 2.3107430446403785 2.308894091835321 2.307855846162101 2.3077014919480248 2.3084418820806545 2.310024896186915 2.312338485270415 2.3152169001343577 2.3184491395472793 2.3217884562206756 2.3249618313749156 2.327678590378227 2.3296376668814345 2.330533332949753 2.3305250035230953 2.3298906239676964 2.328587704941335 2.3267993914707388 2.3247077343810774 2.3224905636692372 2.3203173565468105 2.318344137018715 2.316707633329393 2.315519148820126 2.3148588132555856 2.314770994037462 2.31526158605821 2.316297642318375 2.3178094103795766 2.3196944220997993
2.36126856690296 2.38806545632703 2.4140699560863492 2.436872848802327 2.454445655831896 2.4652183751857066 2.4672777417393736 2.460470981286457 2.4462783819264677 2.4259108796612088 2.4010843584970845 2.3739515182155735 2.347019480404879 2.323061328511392 2.30496691613024 2.2957242148654253 2.294181683923637 2.2939754565731136 2.2949655097313735 2.297089953877522 2.300216428847121 2.304150833825942 2.3086489083678314 2.3134288657341164 2.318183499300214 2.322590681104053 2.3263217287432227 2.328968728285128 2.329478150031484 2.327873325215803 2.3255120066715635 2.32270539092157 2.31965131164925 2.316546047442932 2.313579700437808 2.3109301089187366 2.308755485246288 2.3071863359388156 2.3063176033710997 2.3062022212297664 2.306847242389131 2.308213307523297 2.310217563935697 2.312739445210415
2.419333150369048 2.4608416412732943 2.4997104932004217 2.5332048674349936 2.5590107624514578 2.5743256059567727 2.577215301788684 2.5675011674455828 2.546979790464493 2.5176891623259428 2.4815918910370787 2.441144564815875 2.3991905972323284 2.3588478730606917 2.32334952030333 2.295976631960845 2.2800670745091103 2.2774598613510766 2.278726769901306 2.2814494300600066 2.285468596060079 2.2905533149674198 2.2964171525668933 2.302735216512973 2.3091596799776326 2.315332452303593 2.320829244222577 2.3244517919828724 2.3257430873724987 2.3245647858021763 2.321242739853727 2.3173761120918863 2.3133085409483205 2.3092570387260247 2.30543588894738 2.302049513815747 2.299283218515003 2.2972924311452854 2.296191745802277 2.2960456244376926 2.2968626873040923 2.298594922567245 2.3011420075406033 2.304359713697986
2.5029195490873013 2.560146006046554 2.61282861836494 2.6578407445593006 2.6916823015056357 2.711046539380572 2.7148655304737668 2.702888305384338 2.6759021458339474 2.636991264982177 2.5887529101293785 2.5340216557971456 2.4760522280280908 2.4183760227957807 2.3646203944067614 2.318411026899448 2.2833788311245704 2.2630226290084114 2.259957379978183 2.2633503839521336 2.2683620403317732 2.274712529500793 2.282061216945208 2.2900298791090314 2.2982225689905755 2.3062292808023814 2.3128276409733046 2.3172554405569756 2.3193414240034795 2.318940590402387 2.315934364943555 2.3110115353644263 2.3058748597251544 2.300810950111739 2.296062213982838 2.291865528454255 2.2884407314560966 2.285976193676531 2.284613226871131 2.2844322565118746 2.2854440894132875 2.287588691245097 2.2907418299517746 2.294727702964039
2.6092676918277804 2.6833825967849343 2.751000247839264 2.808087888078369 2.849762311722968 2.8736720262297784 2.8785470409984257 2.864074217446557 2.830931244583522 2.7815839805008054 2.720155080987414 2.649987641653861 2.57484283233276 2.4987488876130213 2.425788244312099 2.35998605693242 2.3052975644269043 2.2654653900596613 2.243975923938184 2.2430492003491245 2.249180033426267 2.256938896943358 2.265914608111833 2.275662817225744 2.2857311203148494 2.29516739894609 2.3026474319187344 2.307925036226835 2.310815080069561 2.3111668009519923 2.308863307176536 2.3038280167685063 2.2975632493599383 2.2914125649917865 2.285650517979285 2.2805534642881415 2.2763856374575075 2.273379798192411 2.2717108561898134 2.271292069508176 2.272153579866478 2.2743654461591567 2.277883243170888 2.282563852714127
2.7354836764813246 2.8278218143718217 2.9116348826610885 2.9809358234768197 3.0314227714097735 3.060504235429502 3.0666009852178058 3.0493108635143367 3.009462232518149 2.9491625605319474 2.8732674240041636 2.786289967940235 2.692617774451506 2.5968745880932267 2.5036662867663297 2.4174765497689905 2.342615824872182 2.2830788686782606 2.242501392575551 2.2241583151544413 2.228062916144526 2.237149697020635 2.2477574289344506 2.259449860144895 2.2715609967875245 2.2822958863728213 2.290860199212663 2.2970297674961473 2.300727718852262 2.3017990679432647 2.300129682219331 2.295645204666017 2.2886094312815035 2.281290328361059 2.274414838614283 2.2683067005817823 2.263191687296376 2.2589073636884587 2.255829291981362 2.2543169353984838 2.254586065352655 2.256699156551754 2.2605775481620145 2.2660283873463913
2.8781166605995487 2.9903663673799197 3.0913636302525216 3.1742212306740125 3.2347846070235637 3.2698454093503106 3.277386854909789 3.2568745588172883 3.209343330981879 3.1372825832157334 3.045344648361377 2.9397748977314464 2.825963127756374 2.7092940585847316 2.5948323400210533 2.4874454441408904 2.3918848534969537 2.311582166406686 2.250445008556244 2.212230840868505 2.2002156111714473 2.2092416430821245 2.2213228134188485 2.235156929360035 2.2494083029814047 2.262480661894032 2.2738199348590507 2.28283853480686 2.2889152072367835 2.291404462162022 2.2902982967620855 2.286256965506471 2.279269261186691 2.2707049357083626 2.2625764375580015 2.2545883525741663 2.247036755466919 2.2405778985996494 2.235790209420758 2.2331114031547274 2.232789410944864 2.234868316422046 2.239213355631789 2.245558824934519
3.0334169120756234 3.167238747122294 3.286792315656853 3.385377646484878 3.4578361111480778 3.499977881556856 3.509074788913293 3.483062524670415 3.4237924445204615 3.3353045600014486 3.2232470013156114 3.0958337050639124 2.9598177841722086 2.8214059200424497 2.6862130076329787 2.557969119156289 2.441242129792886 2.340447577748826 2.2591345914048704 2.20145546068902 2.1715821394926045 2.1719058301400382 2.1856536197208483 2.2016925706033277 2.218013882821052 2.2336226624606974 2.2479168768487616 2.2602545575359105 2.2699590067216517 2.27632879278996 2.278651440385291 2.2762195426392005 2.269427041457648 2.259736718427728 2.248876383212012 2.2378751892405213 2.2275091815341708 2.2185994476441726 2.2118936001646454 2.2079560491796197 2.207078621387047 2.209258114007376 2.2142503366544317 2.2216600418368317
3.1975436217966258 3.3543481680148544 3.4946508194051304 3.611376412659695 3.6973739813486826 3.744506876981563 3.7498780691453595 3.713714278838504 3.6390095733301715 3.5309831441208592 3.3964547485534444 3.2448161878119066 3.08459450332455 2.921884565650488 2.761428465476646 2.6096474419563003 2.4722050741295476 2.3537749075969336 2.2579090681679386 2.1870826997068797 2.1429427058647597 2.1284558612016395 2.141890359452812 2.1600398682557707 2.1786373209586336 2.196972530899259 2.2143955603539682 2.230211447375878 2.2436841776976784 2.2540486618974467 2.2605278422155424 2.262352862475051 2.2583777151259095 2.247007042603407 2.2327062114477827 2.218278545943721 2.2046810211085033 2.1929375604347596 2.18403159930129 2.178720730426579 2.177357362647909 2.179848203799869 2.185778978926179 2.1945895714596424
3.3660114596973845 3.547383119189704 3.7110388930563794 3.845290497352219 3.9407850288538775 3.9913830030270847 3.993163573983539 3.945766846283222 3.8530017523863926 3.7221306698682026 3.562054563442622 3.3834687409773183 3.194852146913492 3.002925686810598 2.8155205118545785 2.639678580426336 2.4815707193484755 2.3462151762937 2.23711575507049 2.1562772511309913 2.104708534715524 2.0829942447279866 2.0913000832171296 2.1115384484011543 2.1325877839960747 2.1538107767288084 2.174521527091377 2.1939732000049212 2.2113642812014995 2.225855582011965 2.2365816275232064 2.242186023878101 2.24048604074072 2.2309452148383464 2.2144758268507494 2.1963445328973434 2.1791219947100786 2.1640895886150004 2.1526056619361085 2.1457761731236547 2.144048469649636 2.1471236006134053 2.154275399638928 2.1647064642250284
3.5334425942956873 3.740350537649064 3.9238397083250516 4.074380197064583 4.182655995102337 4.239502549457063 4.238380794399696 4.178081426237323 4.063773885697854 3.905645679137334 3.7160257382722657 3.504969492838107 3.283428685110367 3.0610119344808076 2.845993198339248 2.6458195861148472 2.4673100426714556 2.3161424649102966 2.195767993080888 2.1072608393543932 2.050545227027469 2.025490479283332 2.0321717808028086 2.057613239167213 2.0812107530971655 2.105430724217653 2.1295625466274335 2.152803511973285 2.17427474123319 2.1929685974362747 2.207594444622365 2.2156237383684214 2.216112472482608 2.2086114622118407 2.1933508836460245 2.173077610701755 2.151779407552774 2.1328178951524133 2.1181513897163833 2.109599936984585 2.107788333440233 2.1119029817763906 2.1206314443406082 2.132879831864821
3.6921605781579254 3.9187509626425836 4.122477059868638 4.293779625627112 4.420255989404568 4.48789899142745 4.485228933222697 4.409213823793955 4.267894616572491 4.076724394255745 3.850424132696115 3.602051295507822 3.3462644928974905 3.0930521772314195 2.8505455906480943 2.6261661619971486 2.427575715192998 2.262132776878014 2.133448308203017 2.0404709065360294 1.9812832930317152 1.9550435066178227 1.961573860509319 1.9946874718737964 2.025837570697771 2.0531086588462117 2.0807647226378894 2.107946875156528 2.1335249017515285 2.156322789564829 2.173834502602324 2.184300548118475 2.1870934590048194 2.1816692852198605 2.1678598663771487 2.148233350992037 2.1239991451725007 2.100255343083655 2.0813270477878474 2.070723497347398 2.069513542850254 2.0754005027276423 2.0860398970685146 2.1001034638023777
3.8278174283349946 4.072803763429558 4.298946803528336 4.496054193277587 4.648511803347288 4.734805843675898 4.733383702962611 4.6368073722692955 4.459514924662734 4.225912287489744 3.9558812825492735 3.6683346019374645 3.378525533680312 3.095936316075284 2.827665434071504 2.580084152697939 2.3612305798566924 2.1832368124793744 2.0511673041031857 1.9578039401572755 1.8987599094025844 1.8732204728825725 1.881225753474225 1.9201147041788835 1.9629315021585483 1.9980613098697189 2.0293242332375265 2.0604290283464355 2.0901065905714518 2.1165527081420845 2.136808808981579 2.1499530409816017 2.155259332549173 2.152087306949959 2.1400197055928385 2.1213128989647543 2.097026572668734 2.0685201215689326 2.0432621249669607 2.0298634608020585 2.0311052182846647 2.039601678303858 2.0520476033827135 2.06669120812158
3.9317448677042117 4.192940529949608 4.441425779931429 4.668335196614983 4.856946842301504 4.976190753136599 4.982481401126119 4.855552528281706 4.626869173702099 4.338504678039354 4.02150524315579 3.6954630781761044 3.3745642891615555 3.066691185275161 2.7772315881422864 2.510354554573266 2.270666418090767 2.080280868583858 1.9546265010026609 1.8647730875250876 1.8076082979875485 1.7836050935805319 1.7935484020456423 1.8368703689766928 1.890942485668334 1.93814498880641 1.9762121936094437 2.0112545073718486 2.0452026088065782 2.0748174133346904 2.098137868141271 2.114256398241548 2.12236174705708 2.121744693455377 2.1118697071833847 2.0947781107511774 2.0714828182944762 2.0418913130572305 2.008758494589585 1.9901405405096546 1.997369716011139 2.0074567519554 2.0197138752806367 2.03362205130278
3.996252916263158 4.268027067475206 4.533944086795275 4.789064241977767 5.02194690308846 5.1995324445399955 5.232053429617007 5.049839579382781 4.7441065206316475 4.394286019199964 4.032555129798611 3.6736629090640633 3.3283050693388807 3.002339303237026 2.7001963243706513 2.428524463242084 2.190002122642147 2.003779330519469 1.8820514913453787 1.7954469632278678 1.740454263823128 1.7174925991932635 1.7274413373218085 1.7700566843237353 1.826867565403418 1.8780546629924566 1.9224904149289417 1.961596845704912 1.9995971432797994 2.0326441544336356 2.059377062567323 2.078784612429783 2.0899979414470913 2.092287723183379 2.0851339810574623 2.070640523795589 2.049972169203967 2.02348258917624 1.9934939635341327 1.9751454504895778 1.9746838052201006 1.9809654253190143 1.9900522896896033 2.0021310512160277
