_RESULTS/CROSS_VALIDATION_POSTPROCESSED/MHZ/GZ/1comp/5/MHZ_GZ_z_0_kriged_reverse_1comp_spherical_5.asc
ncols 100
nrows 74
xllcorner 5.5967023332191781
yllcorner 50.982320383219182
cellsize 0.00019249356164376555
nodata_value 1.7014100000000001E+038
[rows 36 to 53 of 74, columns 0 to 39 of 100]
0.002954628864721983 0.0030304091802332 0.0031131919161737987 0.0032265859835099438 0.003372553283447736 0.0035724044616047843 0.0038341885801729952 0.004149610896498305 0.004483719075304221 0.0047443065322130195 0.004906870512824548 0.004965845970830332 0.0049450643479288835 0.004855849175366373 0.0046971380001518 0.0044532275339771174 0.004094897874856495 0.003628080603171263 0.0030971708701550736 0.0025665466306071627 0.0020877043684124517 0.0016903085142439816 0.0013961812729710674 0.0012380609132305001 0.0012138987715725011 0.001255008180801148 0.0013208726074061918 0.001397787892013537 0.0014822170500042873 0.0015771460244639445 0.0016853637427333937 0.0017987167387628021 0.001918830022383334 0.0020345285061614668 0.002137035410499842 0.0022240785522869857 0.002293117420328529 0.002341384986041406 0.002347639352916229 0.0023025186051784143
0.002820895245046616 0.0028815760212262563 0.0029503037409938735 0.003049821047570611 0.003198771992341628 0.0034213060605664054 0.003717633604580687 0.00408027522826677 0.004461822228570963 0.004757513671121008 0.004945363618603581 0.00502673592627059 0.0050047022201068995 0.004901362212474268 0.004700972367896812 0.004385371365030789 0.003968033000068822 0.0034690362006035364 0.0029298203586265465 0.0023999346981153384 0.0019191258689623307 0.0015095705173410274 0.0011815133753302334 0.0009975857072042297 0.001036637552570379 0.0011067880055865857 0.0011794240165157424 0.0012541982326869255 0.001332780167124482 0.0014203018205950588 0.001523409319679666 0.0016405406160288792 0.0017651224640713194 0.0018850739075644168 0.001995571584898599 0.0020944808547397856 0.002179285105012826 0.002244585752672752 0.002265673485152072 0.0022334515171782278
0.0026764639339416758 0.002721074043793702 0.002776055715794051 0.00286041723959002 0.003014866515292595 0.0032510105976121953 0.0035745272940204444 0.0039853461341524885 0.004426554130370582 0.004750098196817381 0.004953296234883607 0.005062617545795422 0.005072959438374959 0.004971605387494018 0.00475711984642788 0.004416309418813188 0.003961168093275345 0.0034370573680671175 0.002885849201216695 0.0023523583240432117 0.0018722626744130727 0.0014661536320172415 0.0011448559553322054 0.000966960799564122 0.0009883862980062566 0.001042751460448844 0.0011013307302785568 0.0011621908638104806 0.0012278208607598624 0.0013030752884935493 0.0013941137253293246 0.0015066554601456759 0.0016288207072692174 0.0017473728195986121 0.0018602140042666248 0.0019654185400674678 0.002060581316290533 0.0021414456244401633 0.002174147009046308 0.002155538288075485
0.0025270026495945023 0.002554464937950732 0.002595648353500942 0.0026696889975970405 0.0028208781273432967 0.0030580546336187874 0.0033924820706627973 0.0038388231433491428 0.0043793351136788925 0.004691536731027861 0.004910778726462192 0.005066723329653513 0.005126801622027355 0.005062089864920565 0.004862654437102061 0.004532856537676509 0.004075986827887879 0.003531196380466991 0.002963869334302764 0.002421362837445113 0.0019413988286956613 0.0015483304388770054 0.0012597772679937723 0.0010937292543041959 0.001042898331740758 0.0010488374162281 0.0010763889220674042 0.0011140594458258772 0.0011611044032544737 0.0012204878845666959 0.0012971843397463255 0.0013979086868747793 0.0015118718651968277 0.0016248742562095355 0.0017357406966340533 0.0018427774232091022 0.0019472484015059847 0.0020367956108031347 0.002077293701679539 0.0020728912625432817
0.0023780632325300665 0.002387410333792701 0.002413459046829144 0.002481212622670455 0.0026201031856718853 0.002844434337059317 0.0031652943452277114 0.003593684609117211 0.004097238439837148 0.004488010495497074 0.00478151599383254 0.005007528203166063 0.00514446191743962 0.00516130616781077 0.005028706808539107 0.004738565502987831 0.00430580476138381 0.0037575861528012654 0.003165288644677704 0.002601568700299192 0.0021099930640698147 0.0017159909429311842 0.0014238198645123736 0.00123621587825945 0.0011387081347564135 0.0010984757043480968 0.001089953024127872 0.001100033985538979 0.0011253454429451621 0.0011668126286629868 0.001228012223428886 0.0013126707950489444 0.0014140786511733967 0.0015188139051047556 0.0016247710964445022 0.0017304546923319817 0.0018410465848432375 0.001931620491680349 0.0019782312665427206 0.001988857976100992
0.002232584907771177 0.002224441807374744 0.0022370808912218552 0.0022980378370909505 0.002419108569039963 0.0026201837530528136 0.0029102000998005246 0.003292460027527257 0.0037480347456501015 0.004184358660952627 0.004563535072479643 0.004882009712514221 0.005121712916730717 0.005251836035274252 0.005236008707489323 0.005041169915434259 0.004657082298338408 0.004119158730824609 0.0034939125439234085 0.002887286234727334 0.0023627301060438603 0.001937415447419445 0.0016152158805184387 0.0013932242986277063 0.0012544850962669363 0.0011733837434146435 0.0011295891345227357 0.0011113005259134221 0.0011138741724740202 0.0011367259387982736 0.0011820860501299201 0.0012479897575858438 0.0013340293828272233 0.001429000511439117 0.0015278940172899166 0.0016270173782853045 0.0017375024814724421 0.001828034010956646 0.0018793104756132711 0.0019061184917481195
0.0020824204030208617 0.0020579724259402344 0.0020583611226961387 0.0021085715735322916 0.0022134855306601823 0.002385407868428638 0.00263908926132714 0.0029781693351093783 0.003399784479552345 0.003856040683186157 0.004295556946081076 0.004699882595724751 0.005048775330533509 0.0053125607342600105 0.005450438346742795 0.00541043849038709 0.0051394556003189935 0.0046252233905844965 0.003955309855914287 0.003273237294209884 0.00268210805949144 0.0021980009466771784 0.0018288751338680228 0.0015643239035111566 0.0013844068444824169 0.0012649221261249555 0.0011876315197239184 0.0011416622669671236 0.0011216831038330561 0.001126051138240204 0.0011531397385004536 0.0011999519090728488 0.001269779574125427 0.0013524097661495819 0.0014367495223030688 0.001529277216722631 0.0016374694670208557 0.0017278424774234927 0.001784351444060561 0.0018272191632225008
0.001932179219328414 0.001891267134879978 0.0018782262432963446 0.0019141655274719615 0.0020031303096097685 0.0021504156090379417 0.0023702544999544043 0.002671638956207931 0.0030542012786749484 0.003504287240525039 0.00396972517801426 0.004432316980754437 0.0048739560683428666 0.005270201960558567 0.005585064353995968 0.005759188725011484 0.005687355309332194 0.005251797525103805 0.004526476212544141 0.003743038091809331 0.0030471443094767805 0.002486970638955982 0.0020604155536424933 0.0017485154600219576 0.0015265048952739766 0.0013697682724487566 0.001260440137829954 0.0011877654844824853 0.0011458122515318964 0.001130700540715531 0.0011368374654942548 0.0011639712566254923 0.0012135406603671869 0.0012787378021385633 0.0013488054729399632 0.0014359922347795154 0.0015414552134247706 0.0016328620356366975 0.0016986826991519511 0.0017566189138250503
0.0017883093382001771 0.0017312039913280728 0.0017032384670966872 0.001722543512404223 0.0017936306928957966 0.001921929449415569 0.002108810978158585 0.0023664524557471247 0.0027039430146961565 0.0031253650997002664 0.0035939389335277387 0.004086114210948227 0.004589600854783357 0.005089351311731121 0.005565004782302546 0.005981685995357063 0.006234209297592278 0.005926787340531309 0.005070032648504577 0.00418715872992657 0.0034104686773290755 0.0027865198030987397 0.0023035830160398015 0.0019445577561807035 0.001680463437373292 0.001487528282523617 0.0013472897510498623 0.0012484182841741816 0.0011830301857389054 0.0011422583336187305 0.0011239035631552053 0.0011283147784468778 0.001157252507805106 0.0012057539473436369 0.0012642334604508676 0.0013460465490750411 0.0014494451393006972 0.001544486375691723 0.0016285692586437827 0.0017082848563617942
0.001656617224323363 0.001583796905355161 0.0015393061241486118 0.0015401037075076852 0.001589418727704039 0.0016904263883108289 0.001849967853421741 0.002072512476853189 0.00236706916040127 0.002743357846974444 0.0031941966952582592 0.003685884844323615 0.004210159209894977 0.004758800100848787 0.00532218880511508 0.005889134606954349 0.006444347045109332 0.006335444570397807 0.005353679404897133 0.004460418870411892 0.0036728955270224455 0.0030335430452968193 0.0025284493093926936 0.002135569216269503 0.0018350231992830556 0.0016090208871140652 0.001439154267814216 0.0013124960659233816 0.0012175312851421603 0.0011496290438339069 0.0011068631633315582 0.0010894433851232435 0.0010992582596126667 0.0011323185620241306 0.001181367486973838 0.0012587883611456614 0.001363300769877326 0.0014727969652204337 0.0015865437492029275 0.0017033668227139551
0.001542395231580228 0.0014545217331962353 0.001391967398979573 0.001368386672535276 0.001388610838942418 0.0014638254375831704 0.001600411341043967 0.0017991860438270986 0.0020604071836642494 0.002388882853074197 0.0027960941153434187 0.003261368207505183 0.0037670564785538424 0.0043053894937641925 0.004861543979620062 0.005399886126331134 0.005804679558348192 0.005751109214526725 0.00520202590463457 0.004494165306157124 0.003794807143775519 0.0031929140043820484 0.002700129176460683 0.0023014452531827777 0.001978156618070322 0.0017250050507395757 0.0015263832680348284 0.0013689401474296647 0.0012456877367941147 0.0011518547664241049 0.0010853180635381928 0.0010466158021666557 0.0010383961914622532 0.0010574970030235841 0.0011013513682924696 0.0011803986867889129 0.0012899649287899612 0.0014243575234212818 0.001571322285589651 0.0017287323546118648
0.001450643494753771 0.0013489602975656377 0.0012638039751435542 0.001209256790637909 0.0011994083255118947 0.0012526836316069326 0.0013736922660292088 0.0015537534780507363 0.0017876772664527512 0.0020769154572174518 0.002427057735081484 0.0028432877433636106 0.0033030001283730535 0.003791513512961609 0.004286611622481309 0.0047387890899211705 0.005047361816829264 0.005080998079543119 0.004815123078386395 0.004338522634308964 0.0037850851367724277 0.0032635285790536413 0.0028126864486891496 0.002428495996536825 0.0021053076289982244 0.0018328186377412762 0.0016085044956741657 0.001425395415852938 0.0012767705313522528 0.0011580442900390874 0.001067156902391123 0.0010052202425843296 0.0009775944187156555 0.0009859289769127554 0.0010289474206550552 0.0011125495598843299 0.0012346807993093953 0.0013966590834610323 0.0015779984796618675 0.0017753318869954753
0.001386071558364592 0.0012709450869589638 0.0011612004149514326 0.0010749390302534439 0.0010290552281805177 0.0010660171830815897 0.001184034083173161 0.0013502458226794945 0.0015567546798833723 0.0018058405078613447 0.0021027880298225272 0.0024535713381524165 0.002856135028597844 0.003281210835613884 0.0037056725408393283 0.004088629947227003 0.004365283603294532 0.004471139774939418 0.004374619453593888 0.004085313763159883 0.00368312432521842 0.003262282701540182 0.002873207291021455 0.0025222795746492003 0.002210953013928877 0.0019366340914748715 0.0016952575960154559 0.0014904042641928493 0.0013188428666228642 0.0011763905583899374 0.0010608322668040381 0.0009742600225642508 0.0009271563337874406 0.0009246094695377341 0.0009696886607234034 0.0010623742794324347 0.0012024967844759672 0.0013900691695399247 0.0016058361297431576 0.0018422931937314277
0.0013517500580397927 0.0012238670135522921 0.001097812252470352 0.0009876254907030977 0.0008952988331522422 0.0009267715052766692 0.0010510689666750925 0.00119932723243201 0.0013746960409084885 0.0015814963388105397 0.001824533584218093 0.0021083758107502512 0.0024357263516727673 0.0027991375541616425 0.0031648484985344525 0.0035011973066512965 0.0037675323682482774 0.00392523751225443 0.00393821651294436 0.0037866167129118264 0.0035174438540623906 0.0032044501215659363 0.002888331371937666 0.002583429680829921 0.0022971246395832377 0.0020322584095183154 0.0017885749362570441 0.0015674344166158496 0.0013767010348887667 0.0012132306109245857 0.001075194716254091 0.0009656832861036621 0.0008889782852811572 0.000871535060235556 0.0009342558407785176 0.0010490202378857104 0.0012058664246162613 0.00140965322620717 0.001656950530593271 0.001931448523062613
0.0013460482757213016 0.00121193196846421 0.0010817191467067963 0.0009697502466238222 0.0008941961100040866 0.0009039251823764003 0.0009874697718104234 0.0011019681350436308 0.0012403547213996695 0.0014036519070078756 0.0015947215371069322 0.0018167601377094705 0.002071869732455135 0.002358763115225246 0.002667925933414587 0.0029667032559713906 0.003224957720153672 0.0034156712375142746 0.003502796651925374 0.0034628361389932214 0.003315832507779088 0.0031040774856235364 0.0028663023002414648 0.0026172174421731447 0.002366913746961515 0.0021218577859027387 0.0018860073645333537 0.0016599122784041677 0.0014555424596478356 0.001276667176354632 0.0011261486354671789 0.0010009599460508892 0.0008932225341376535 0.0008514412557059171 0.0009550586565178641 0.0010872146030661213 0.0012564137110825135 0.0014710701132316863 0.0017387819445997719 0.002045204023504284
0.0013683492842574182 0.0012330593926186165 0.0011064047043254177 0.0010006484727560488 0.000937023172291453 0.000928666892501325 0.0009706964285698029 0.001046227749034321 0.0011457648588735513 0.001266720979795797 0.001409763580689305 0.001577008347272298 0.0017706857032982633 0.001991300278513281 0.0022351119464682104 0.0024917911877225013 0.0027388638062199743 0.0029473917312417995 0.003094312898372939 0.0031454423839341744 0.003094104639276036 0.0029752324516886756 0.0028161331946770255 0.0026287224836952466 0.0024230890030651625 0.0022073293478386794 0.001987878937572089 0.0017691408659552999 0.0015586902727781633 0.0013754056168219643 0.0012233052184061255 0.0011012934372663136 0.00101341907053685 0.0009949397818756873 0.0010653329847658969 0.001190993416535346 0.0013625712512824245 0.0015830177968108854 0.001860124825421224 0.0021915330540890343
0.0014163014071116944 0.0012815669767102906 0.0011585273575009318 0.0010555344153475748 0.0009885892519813566 0.0009636084982959329 0.000976211402090103 0.0010178142891476465 0.0010813971679170047 0.0011634889293043495 0.001263578191564915 0.001383315752115612 0.0015256454225157855 0.0016932055813180696 0.0018857457149676874 0.002097532976949031 0.0023164753879724685 0.0025321565757661143 0.002723211590739485 0.002837715438217933 0.0028639519969542544 0.002827992694553476 0.0027446185076610645 0.002621587692070598 0.0024670528086151743 0.0022889065166382255 0.0020946209089498916 0.0018913389048477655 0.0016869599554620801 0.0015103532472744035 0.001370563082656116 0.001268755981072157 0.0012047709812340996 0.0011967953498097032 0.0012511414534926537 0.001361834296218103 0.0015285961870473734 0.001750092187800241 0.0020303445713371077 0.002375006061367478
0.0014864692498603631 0.0013523430012540897 0.0012302458238334726 0.0011270202383882341 0.0010499621709423894 0.0010076023306518447 0.0009958976994033646 0.0010087148258679198 0.0010406008320194312 0.001088141154372563 0.001150394358516197 0.0012290561555257308 0.0013283179776724715 0.0014534357913260267 0.0016072889017103662 0.0017867391005695974 0.001983927958171573 0.0021940342124533705 0.00239705177522442 0.0025492670659318425 0.0026343978928369716 0.002669151877771866 0.0026560907728387173 0.0025975086547394585 0.0024983057972790745 0.0023649460112464575 0.002205416601469737 0.0020286361248452477 0.001850608942641608 0.0016970480039042776 0.0015803504720561241 0.0014957149280090997 0.001447233223751548 0.0014461147303954044 0.0014962473991808687 0.0015957563736312779 0.001755277161926735 0.001974833649661467 0.0022556166811431937 0.0025995209331014634
