_RESULTS/CROSS_VALIDATION_POSTPROCESSED_80-20/Berg/TZ/5comp/4/Berg_TZ_z_250_kriged_reverse_5comp_spherical_4.asc
ncols 100
nrows 90
xllcorner 5.6208707817415728
yllcorner 50.959635321741573
cellsize 0.00013419651685393446
nodata_value 1.7014100000000001E+038
[rows 0 to 18 of 90, columns 44 to 87 of 100]
22.876823450172427 22.77129177327229 22.646915142309954 22.501126744095522 22.33100691796524 22.271547195817337 22.408655777166793 22.528454596809834 22.63245014881851 22.72361055439291 22.804150777713144 22.876556273917174 22.951523061415678 23.02898244157963 23.10615260660843 23.18002243027519 23.24574838960971 23.301230883814227 23.345152275453863 23.3766353498947 23.39529033393013 23.401242853864083 23.395137059409713 23.378110611220094 23.353043146862124 23.324934766991074 23.296629956216414 23.271292291354186 23.25241860865957 23.243752191654675 23.24357208996912 23.24357208996912 23.24357208996912 23.24357208996912 23.24357208996912 23.24357208996912 23.24357208996912 23.24357208996912 23.24357208996912 23.24357208996912 23.24357208996912 23.24357208996912 23.24357208996912 23.24357208996912
22.91375865440525 22.80476718771273 22.687387251377682 22.560109109839917 22.439874775472653 22.404234698033843 22.476978296848692 22.57454109023581 22.668065823384634 22.751756310777147 22.833985230147448 22.924689729689256 23.020087128215128 23.11660348778865 23.21101095421329 23.300438648043304 23.380498431923076 23.447314000582516 23.49932990998078 23.53548034174017 23.555249996193318 23.558713316144004 23.546543779222286 23.519988238988436 23.482184467666688 23.438282770438423 23.391392579490876 23.345000174141365 23.302944898431218 23.269319571143726 23.24837532723591 23.24357208996912 23.24357208996912 23.24357208996912 23.24357208996912 23.24357208996912 23.24357208996912 23.24357208996912 23.24357208996912 23.24357208996912 23.24357208996912 23.24357208996912 23.24357208996912 23.24357208996912
22.98331034097988 22.872611484039655 22.76096430994968 22.65776862204944 22.581007339554866 22.555480590587585 22.588093842577656 22.652420390073374 22.726037718036537 22.8143255730915 22.91623752930106 23.025401435075754 23.138969215460204 23.25301137055363 23.363651793689424 23.46749301790674 23.561014247033576 23.638879650908994 23.698809931172647 23.739475854407413 23.76017426335958 23.760879050037882 23.742259089374894 23.70565461740387 23.654659760175992 23.594430207661244 23.52833540008369 23.460214544571205 23.39428306851879 23.335014399911017 23.287030286644857 23.255003843308515 23.24357208996912 23.24357208996912 23.24357208996912 23.24357208996912 23.24357208996912 23.24357208996912 23.24357208996912 23.24357208996912 23.24357208996912 23.24357208996912 23.24357208996912 23.24357208996912
23.07610752262215 22.965590867957683 22.859509081643374 22.76773407897547 22.704688457216804 22.68327603677253 22.69855537235535 22.74078599558476 22.816878352244153 22.9203090413217 23.040476283386514 23.16923333037483 23.300192148569472 23.430663084284973 23.556748292727843 23.67446346298546 23.780336240493845 23.868959267888428 23.93695713262652 23.982500122953557 24.004347880785833 24.002179714383985 23.97663273932279 23.929272708633853 23.864675056367656 23.787824569687505 23.702124858561806 23.611791935704964 23.521458254101326 23.436021691210314 23.36051188423979 23.299978792898134 23.259403726305905 23.243627574433212 23.24357208996912 23.24357208996912 23.24357208996912 23.24357208996912 23.24357208996912 23.24357208996912 23.24357208996912 23.24357208996912 23.24357208996912 23.24357208996912
23.179850943778547 23.07023261007783 22.967576367790507 22.880282645149926 22.818005042972015 22.789137028145557 22.79597576877615 22.84617784383798 22.937128605170486 23.056982666379486 23.19540828434386 23.343680000482202 23.49426275971076 23.640996278158774 23.78212098773909 23.915199611224285 24.035896825082904 24.13866205763592 24.2174037272235 24.26943358569187 24.293094378988155 24.287835757697536 24.25427008384969 24.194233426605916 24.11327622051384 24.01644540858291 23.908315542795304 23.794061088343692 23.678935118833998 23.56706261626014 23.463768420224753 23.374526044022527 23.304683606661364 23.259396235927767 23.24357208996912 23.24357208996912 23.24357208996912 23.24357208996912 23.24357208996912 23.24357208996912 23.24357208996912 23.24357208996912 23.24357208996912 23.24357208996912
23.276622591503866 23.169297133473364 23.0700835833492 22.98569782363476 22.922327423168944 22.884433791545447 22.89462483697146 22.964622946473213 23.074315362167376 23.212823127182343 23.370543608113376 23.538669338465233 23.709949549546312 23.87964483343946 24.042025380415836 24.194984405838117 24.333351927525445 24.451519731963845 24.54203454222251 24.601192524205672 24.626830635848595 24.61812482964901 24.57567474361398 24.501914147606605 24.40321772567985 24.284552079487995 24.1511543249746 24.00887578690855 23.863942847970364 23.7227551391372 23.591345692143122 23.473481019214322 23.37452178028746 23.299961589556652 23.254984830182256 23.24357208996912 23.24357208996912 23.24357208996912 23.24357208996912 23.24357208996912 23.24357208996912 23.24357208996912 23.24357208996912 23.24357208996912
23.365283935045067 23.256047772070186 23.15569160795226 23.07048857950692 23.00536146086254 22.97357191880024 23.001984615310988 23.087742873594213 23.21875119641879 23.37781932083276 23.5560522963573 23.74873219879234 23.94877331070629 24.147514141643818 24.336523726162483 24.51172331584292 24.66996591884954 24.80511740290094 24.908745979619315 24.975832961591752 25.003599956469984 24.990903324967885 24.938364711535492 24.849577835268853 24.731252406141337 24.588653901753194 24.427880414350646 24.25562609864899 24.078875533557607 23.904667241325864 23.739931938915174 23.591393666963555 23.46378153353401 23.360499849541526 23.287000276663562 23.24835496174788 23.24357208996912 23.24357208996912 23.24357208996912 23.24357208996912 23.24357208996912 23.24357208996912 23.24357208996912 23.24357208996912
23.445244666617803 23.32738901116664 23.220462936629968 23.130315980005157 23.063085425447298 23.050421580648862 23.099598216529905 23.205554490193848 23.360734130201422 23.544150370502077 23.75154579366445 23.976020919423586 24.208309590525374 24.43927381987048 24.659789171920433 24.861523789225174 25.042498711012318 25.196916506095434 25.315421186083302 25.391476895805017 25.421534959013712 25.404075979943848 25.33985647777633 25.234353055276376 25.093852013810846 24.924595055811032 24.733809814632156 24.529236284014864 24.318742867985712 24.11006270515978 23.910641697558034 23.727569878801884 23.567563567485454 23.436046045338017 23.334996815592124 23.269285280739695 23.2437467704864 23.24357208996912 23.24357208996912 23.24357208996912 23.24357208996912 23.24357208996912 23.24357208996912 23.24357208996912
23.501788920719825 23.369875900534957 23.253463834671336 23.15677275148652 23.09867190286772 23.107093893118567 23.179018553921704 23.307843290482978 23.487088103207412 23.711040713117903 23.956474315685288 24.215859612918084 24.483396404538773 24.749661578909475 25.00497726507902 25.239313047769397 25.44663328051743 25.623439038278306 25.75919446212352 25.8456516206026 25.878242031331304 25.854986148512012 25.77750411408804 25.65253530700361 25.486503508850035 25.28716508831785 25.06322492642843 24.823692137456984 24.577423442380432 24.332862219771638 24.09792965901751 23.880012554795687 23.68600046932396 23.522337702386736 23.39431503998716 23.302925312386176 23.252392193576483 23.24357208996912 23.24357208996912 23.24357208996912 23.24357208996912 23.24357208996912 23.24357208996912 23.24357208996912
23.53076355215852 23.387870751617765 23.2647577324951 23.165705117829496 23.12576724225746 23.15423395228459 23.246407541786315 23.397524769994362 23.607858217877496 23.870522837175535 24.161507815455664 24.463044527145374 24.768309657896094 25.071873753468772 25.364193340735053 25.63507308375319 25.874414862448997 26.078387589469703 26.235475147489968 26.334759499979484 26.37031397128922 26.339914565030426 26.24719893766046 26.098862294270813 25.902967240539066 25.669403270005724 25.40877258553988 25.13155415934822 24.847625820330833 24.566075558647153 24.2951914713712 24.042539466132688 23.815071035469067 23.6192280672676 23.461025314006292 23.345034617252853 23.27127536758276 23.243668952491337 23.24357208996912 23.24357208996912 23.24357208996912 23.24357208996912 23.24357208996912 23.24357208996912
23.533288820033572 23.386902069337072 23.261805754890503 23.171631423855082 23.15210421395059 23.20181450052474 23.315917690347128 23.49529140265513 23.73500387751456 24.027326876566452 24.355242342815927 24.694913722883253 25.038227018558228 25.375938835726704 25.704942721900053 26.01478952730542 26.29299349287995 26.5314500977966 26.71797607863027 26.838734138275672 26.88445745071445 26.85134328009721 26.742734144852143 26.565869079498967 26.334613425274185 26.062015692409947 25.76101204532817 25.44363869900242 25.12067931341236 24.801672735264138 24.495075188022028 24.20845955954036 23.9487005948174 23.722128238932047 23.534642344481167 23.391783719171055 23.296660509752837 23.248714847760127 23.24357208996912 23.24357208996912 23.24357208996912 23.24357208996912 23.24357208996912 23.243841620482183
23.51400842154858 23.369500019599663 23.247050531701365 23.174872471199258 23.17725045189655 23.249201929367043 23.390493631715845 23.596831783970064 23.856767750986798 24.166104225984363 24.518726240337628 24.88877165281992 25.265229598828608 25.64092980342062 26.00777236073288 26.359617020530536 26.682852930960394 26.96361617542936 27.187120116153913 27.335024116380552 27.394123960604734 27.360680263125083 27.23808008830363 27.036323404449913 26.76925119564591 26.452968767771974 26.108219772736664 25.748985655802997 25.3865980550861 25.030690410002055 24.689596385003213 24.370680190747684 24.080587072865185 23.82542771010516 23.61090973290823 23.44242051017057 23.325055388340708 23.259176229568528 23.24357208996912 23.24357208996912 23.244739912769568 23.256053629535884 23.275194688398603 23.297451749137306
23.478707321587656 23.338525789547315 23.224528965380976 23.174749028009746 23.200285286805386 23.297254677512047 23.458159508288905 23.676255699205463 23.94853664825922 24.272120825173623 24.643774984283453 25.04189904515276 25.448303716708732 25.856576901887607 26.25864096185271 26.65431191164996 27.027742888463095 27.360556496443223 27.63193208738477 27.816181564714526 27.893545649237517 27.856019981469004 27.710642668267795 27.475861762240278 27.173246159946668 26.821849717388975 26.436507707103868 26.035169792802172 25.634460238765772 25.243602364357475 24.87046307467768 24.521975121878086 24.204414229935693 23.92358451488187 23.684945372702263 23.493692548916066 23.354791657858044 23.27218516340994 23.2455587143253 23.265087447405175 23.30022531065082 23.344664674770737 23.392592788139424 23.438847300168455
23.422270880397537 23.293257284267675 23.196263403273502 23.170663248447187 23.218045944444203 23.32794141607269 23.49805314593999 23.72520682257894 24.00693312560238 24.341176970941238 24.72586492326161 25.146773241149965 25.57888782778368 26.016410376324846 26.4520318023827 26.88088281673842 27.30768444723314 27.702582642649805 28.037082436207754 28.274301599851597 28.37658207288375 28.327491052564046 28.144902545372926 27.864515911020415 27.519133270802193 27.13200051686761 26.718367668723342 26.288330672947097 25.853077875913527 25.43091195847957 25.02956851034138 24.655379826032974 24.314161582417583 24.01136460670587 23.752176401868173 23.541588141096113 23.384423395146424 23.29979425244867 23.30072300435448 23.360084384106568 23.43296254513902 23.511080336392077 23.58810558588771 23.65846474648627
23.330319459379147 23.220536448616087 23.1509093924972 23.153348412338325 23.213372220887276 23.332370911554467 23.509697364267048 23.74290872222811 24.030112582361145 24.370144616382873 24.76207730177434 25.197228016252954 25.647887811259356 26.108040298206276 26.57219495862315 27.032804152129252 27.4980936184222 27.961622820391696 28.379412951018267 28.697707573801356 28.837765332775113 28.760115521744424 28.515738152294247 28.175694595684416 27.783975395811677 27.363443298017337 26.92646366063834 26.480465285183996 26.030465818946407 25.583873731149936 25.159564936750854 24.764643099947133 24.404457605350693 24.084116606793973 23.8085516615452 23.583678790727404 23.440557493049432 23.388966016326247 23.424237375830064 23.522642252405117 23.633220727168425 23.74464344663192 23.850093990085572 23.943678501196683
23.204074246265595 23.120870822852968 23.07919594859057 23.09691486982585 23.17425822328023 23.308692489283082 23.494292355791497 23.73028972796194 24.01898014187723 24.359192220164193 24.750834967941334 25.189360622374657 25.6479729086558 26.120582779232098 26.602980591172447 27.090265079311358 27.58174578849551 28.09787856388813 28.61235132862746 29.05834979643493 29.272811803418307 29.118449479732707 28.776843589172348 28.37237858467964 27.941857592296167 27.498433756948554 27.048457987387597 26.595860684748622 26.143560019537944 25.694006906294554 25.254416887494784 24.84465326240847 24.470913029333563 24.13803457597132 23.853085138738436 23.653734172888363 23.54881496468745 23.534109354867233 23.605028997796694 23.7419941689359 23.8889708808116 24.03186268964238 24.163445021373718 24.277695006666463
23.049958745056152 22.99609187421806 22.971433509996043 23.007892222900235 23.11147835603804 23.272521383391524 23.481463427109464 23.731942325392698 24.02180766076573 24.356453631624532 24.737745700897023 25.16373199200423 25.60880818499368 26.06833911636068 26.54261097059939 27.031764004935038 27.535434952359346 28.06982664551496 28.644210242069732 29.229324065237055 29.664408909343077 29.27733347388415 28.849729741355922 28.412666458655334 27.969835672964866 27.52363615354248 27.076127128857625 26.62919166156109 26.18461527590319 25.74414918579778 25.309554444010303 24.89177142176689 24.51038186679863 24.17189544025884 23.917570314737592 23.761224206640033 23.698243390925715 23.72346415231582 23.83133187049755 24.005256930302416 24.185407080707197 24.355612953834164 24.508382622225565 24.637925255076482
22.871929155131372 22.843335255281243 22.85700823017797 22.939353435689654 23.08344824034298 23.27542441408216 23.505301178057955 23.767249915489785 24.058682203462546 24.380380152479873 24.741347490903486 25.14253445834281 25.55969158178107 25.989317684200053 26.433434271066474 26.892547481229627 27.364545031088078 27.857983893852182 28.394364089612345 28.920077134285243 29.207960271189936 29.028171545939408 28.672854626408174 28.27407129782272 27.858375902390215 27.4346745605433 27.007470115101366 26.5796726587409 26.15351165979836 25.730924341012308 25.31374249053362 24.904031771439307 24.521153404106798 24.212379146675943 24.00547005437221 23.89573590383224 23.87755392407236 23.944624994554534 24.09010460728473 24.297153302437188 24.504388191742997 24.694182613123086 24.858997199223833 24.99389683635514
22.678426936251768 22.711345169846904 22.784143275424633 22.918632362563798 23.103890485278715 23.32416270249742 23.569856939870142 23.836315850233312 24.12234335673469 24.428990246681355 24.760274208147468 25.12445297823437 25.500078637372674 25.88535242530463 26.282310239158324 26.690758863644753 27.105115464033148 27.5199344662265 27.946875390815112 28.334275357318006 28.553640361033338 28.513651173999094 28.289937923741455 27.975529637027996 27.617804187579058 27.23825112724294 26.847454003394404 26.45132870246762 26.053685987875575 25.65735051057046 25.264680697384133 24.8778208267345 24.520990655823844 24.26362698873765 24.107534164697825 24.047054657802335 24.075376119474974 24.1846909546668 24.366306498639442 24.59986186241945 24.824014343608386 25.020412783732187 25.181754560909088 25.275105482390142
