_RESULTS/CROSS_VALIDATION_POSTPROCESSED/MHZ/GZ/2comp/1/MHZ_GZ_z_1000_kriged_reverse_2comp_spherical_1.asc
ncols 100
nrows 74
xllcorner 5.5967023332191781
yllcorner 50.982320383219182
cellsize 0.00019249356164376555
nodata_value 1.7014100000000001E+038
[rows 36 to 53 of 74, columns 0 to 39 of 100]
0.04515912418247723 0.027061834803938423 0.01351960038462163 0.006597151079892999 0.003267147663270585 0.0017628868025133181 0.001074183117765491 0.0007437484481827855 0.0005707228329969146 0.0004452297798753143 0.00035233196974838847 0.00027997664005247725 0.00021972613451800834 0.00016682681109298633 0.00012198195573401977 8.507576673973458e-05 5.592921350110281e-05 3.5642067859976314e-05 2.216847841966188e-05 1.3466373767877591e-05 8.110572330656418e-06 5.057819564580111e-06 3.6842810253867435e-06 4.173054005271016e-06 9.004750331117389e-06 2.9192357106077813e-05 0.00011378863304714818 0.0004825699812309538 0.0020382491882368577 0.007856513728494937 0.022719773778925173 0.040694928732105694 0.044103153130019175 0.03232753566273089 0.01901253704741325 0.009995592013009166 0.004999343105046518 0.002485614055811122 0.0012759500420551693 0.0007236849398364029
0.02889336694481631 0.020051563920144483 0.011580194153712467 0.0062543508747377845 0.003454819607566579 0.002119117593157751 0.0014637535733303408 0.0011455634137577783 0.000983254072255616 0.0008441330982853818 0.0007195527392603544 0.0006071681488422979 0.0004997317863614024 0.00039236955850710216 0.00028671053210433057 0.00019277151403914423 0.00011908932258861563 6.87824516249832e-05 3.787017424216833e-05 1.979958301027847e-05 9.868983671647474e-06 4.75052453186427e-06 2.302546006191048e-06 1.8075363796727275e-06 5.239493978040931e-06 1.9323084179071724e-05 7.518040712050321e-05 0.00029318694449546716 0.0010709877371545753 0.0035137666538589147 0.009003439213148045 0.015780679665521394 0.019179296192069734 0.017048886714615553 0.012152130713078711 0.0075727858660965775 0.004408161062012535 0.0025246636936899548 0.0014871140798980412 0.000962456360346083
0.016977930043635195 0.01262375011458795 0.00814815703854888 0.004917324828550619 0.003125597411399616 0.0021941626141223553 0.0017275641921061147 0.0015359669722317876 0.0014918869190898817 0.001441341009974436 0.001372003194430365 0.0012737887613185732 0.001135156668340068 0.0009519907189401511 0.0007339215334903252 0.0005062017453214309 0.00030460874453222786 0.0001635109676358309 8.207475190314667e-05 3.850043395117857e-05 1.7027473031357016e-05 7.238401257003996e-06 3.139717633705848e-06 2.3078487705544e-06 5.711927771266201e-06 1.8381718346015205e-05 6.229821777202934e-05 0.0002046819696050093 0.0006219726362360563 0.0016894723902699566 0.003855130137223477 0.006618533574531812 0.00859538216134781 0.008633827906547474 0.007086982254475443 0.0050649690009733905 0.0033433935084332105 0.0021482032147368654 0.0014084872795508997 0.0010095403011520926
0.009166063102514083 0.0071183621078218665 0.004968598570576256 0.003363280132434409 0.002444150405359574 0.0019592176502868826 0.0017589706403068476 0.0017804656498905099 0.001976330650035034 0.0021819268627361155 0.0023639653766706174 0.002485140277857078 0.002491352029097944 0.0023274490345578055 0.001970894800890278 0.0014685509806552485 0.0009173376213498912 0.00047292456262040925 0.00022255016094715902 9.727537980868282e-05 4.064720500109777e-05 1.7243568904237095e-05 8.795676474031659e-06 7.220454188389669e-06 1.114193711476699e-05 2.5099320523546413e-05 6.531616237340871e-05 0.00016968311513201756 0.0004165960951381679 0.0009310895375880192 0.0018328794937990662 0.0030076828733324747 0.004037460758066973 0.004362756383075677 0.003932276578394509 0.003096117992150403 0.002236675493941975 0.0015566196410333063 0.0010945850438772238 0.0008400373418319333
0.004553202324537743 0.0036456123905613813 0.002697480757428783 0.002035312845094756 0.001666870019302463 0.001513068837800178 0.001542638985566518 0.0017759237241999318 0.0022653532123625957 0.002895127278360601 0.0036286820681987984 0.004407608050375606 0.005095248731442114 0.005468514072096566 0.0052797068238759895 0.004418636521028256 0.0029910726026601423 0.0015718891078223996 0.0007043637722723705 0.00029090652238441715 0.00011705715854670009 5.138326673716775e-05 2.8024735082207382e-05 2.187630055367371e-05 2.5842009575408043e-05 4.2298774840014044e-05 8.20579919113421e-05 0.0001648781433188063 0.0003233934480663342 0.000594242492885418 0.0009924976535891207 0.0014860960077957555 0.00199677050455379 0.002239771073855964 0.002132136017798987 0.0017807647868088652 0.0013568430836223306 0.0009845027666427616 0.000712745834013207 0.0005657601061705857
0.0021353368089782705 0.0017072495404943171 0.0013295483365098064 0.0010976551864347722 0.0009966552115422572 0.0010128167222982036 0.001164326658833553 0.0015188756033800736 0.002225359553042299 0.0033240153837966564 0.004880326620121251 0.0069600713910580305 0.009472926859490537 0.011999037576853569 0.013659210945527906 0.013261574398591356 0.010028743086559887 0.005638661470600468 0.0024396032565392268 0.0009515650356102242 0.0003751548394848704 0.0001643085552052995 8.807706876547968e-05 6.264351722643708e-05 6.07925898356958e-05 7.738446346513848e-05 0.0001150356694410515 0.00018104692878092842 0.0002858726464781962 0.0004350956391815366 0.0006202980558163987 0.0008143954530605505 0.0010388629547080184 0.0011791705751792788 0.0011512281074222963 0.0009889807918303513 0.0007695513333351148 0.0005616537712512521 0.00040154832682984135 0.00031825700630828854
0.000992956976195609 0.0007674289588878527 0.0006027340736407225 0.0005290659554007694 0.0005237098625289268 0.0005882145024328014 0.0007558194098963919 0.0011111452567987687 0.0018552957209838439 0.0032577966179906733 0.005637122257086201 0.009497896787510757 0.015382146183401202 0.023450942313161294 0.03252012261825635 0.037972021848255905 0.03339151013168334 0.02046978128860097 0.008931292598314747 0.0032978898609924184 0.0012336753123733048 0.0005159739219427643 0.0002603125862577932 0.00016669442894314112 0.0001376518937091214 0.00014310236107590752 0.0001701838268826757 0.0002160881951093126 0.00028042648263018404 0.00035905008776014835 0.0004418746638380132 0.0005140115900454958 0.0005816610058130848 0.0006396683242360595 0.0006280231141566401 0.0005433959493896264 0.0004222567154352405 0.0003018683962778184 0.00020644776895812283 0.0001564479305150051
0.0004648795502887871 0.000344733650985819 0.00026749522843983153 0.00023749219656021413 0.0002451740486546095 0.0002969952671445407 0.0004220379877639193 0.0006929410821899745 0.0012869738401395329 0.00259698976347683 0.005208253709656015 0.010267510963158163 0.019725201188624978 0.03641463401334952 0.06268184830083535 0.09255954001934855 0.10357850648807101 0.07361551211250958 0.03270337282814587 0.011182938272477015 0.003840483173917472 0.0014964379136558935 0.0006998232657611127 0.0004050681085217144 0.0002923508995610657 0.00025801466290103066 0.0002559910438086989 0.000271497366471423 0.0002975904198829407 0.0003274220993899455 0.0003534997035339991 0.00036880630761626217 0.0003728922977612865 0.00037323448294195494 0.000350272328630422 0.00030185189474394686 0.0002323326531829163 0.00016147054111477282 0.0001054424104477487 7.313309822214299e-05
0.00022288352871114474 0.0001572974521255166 0.00011870979239904833 0.00010453956240669987 0.00010965674900175162 0.0001383696756308827 0.00020648239913265078 0.0003599797384992685 0.000721225044796123 0.0016225370779548596 0.0037432449866625344 0.008565375777138454 0.019374338928861087 0.04317358062619939 0.09200915184411164 0.17961978114528115 0.2892611235691865 0.2443752150725577 0.09800161011892612 0.031626187307541916 0.010243450299089185 0.0038019197362289528 0.0016636652312115694 0.0008846681688320873 0.0005730557674435099 0.00044439664615597205 0.0003822742405760769 0.0003506438411510339 0.00033437099830150804 0.0003239169067764573 0.000313157923422594 0.00029837425773015516 0.000277620167440126 0.0002525079781032221 0.00021770922352005453 0.0001759224287060913 0.00013225614109644586 9.078141463100654e-05 5.992039139075212e-05 4.035252828101829e-05
0.00011169862462870066 7.437757354505717e-05 5.351803788948162e-05 4.5678303051138666e-05 4.7205371865509203e-05 5.93219912989033e-05 9.097107069564174e-05 0.0001670354407842993 0.00035695321421891574 0.0008647266206728013 0.002257659579318144 0.005889100193645225 0.015294092115735418 0.039134174906446696 0.0961455813911196 0.22582380444714426 0.503399317345809 0.5232141036657794 0.18339026680734805 0.06185816976011917 0.020901352364646048 0.007827691855533888 0.0034022568693633207 0.0017184176136510613 0.001027299078360433 0.0007227305778486407 0.0005583609843780976 0.00045838230110947456 0.000394730734738932 0.00034958529367076524 0.00031279166821039585 0.00027901258025419065 0.000246099383228746 0.00020712836679088632 0.0001646443390194919 0.00012386590731727832 8.799859481614747e-05 5.9730117833368286e-05 4.210788537619554e-05 3.230973930673298e-05
6.001382065319402e-05 3.741871011160356e-05 2.5094018326366114e-05 1.979062051558293e-05 1.9040733469975878e-05 2.3464581776091065e-05 3.705717955778248e-05 7.18657537009171e-05 0.0001630045023959901 0.0004173898959988342 0.0011777929464827518 0.003407435475948762 0.0097114958935626 0.02652325436504473 0.06835430922674997 0.1605057498518991 0.3036900798406754 0.3223640919371007 0.17932005361572267 0.07744459235868574 0.030872257109938506 0.012716768131403234 0.0057312696890126765 0.0029248720200446433 0.001681440338161748 0.00110507735660415 0.0008003081267024436 0.0006175490332704635 0.0004992713747315646 0.00041605984608999584 0.0003523491516634687 0.00029999595847831755 0.000255121892472633 0.00020651035698488894 0.00015365362602117133 0.00011021504452144151 7.576563463162616e-05 5.3055337996188525e-05 3.99659610067498e-05 3.402805584498188e-05
3.565756395808547e-05 2.0768783307247954e-05 1.2478025612250234e-05 8.530611549772036e-06 7.32666839800546e-06 8.781284382486036e-06 1.4553225841755976e-05 3.0131059188671e-05 7.20627433594993e-05 0.0001913795517738845 0.0005531491262565486 0.0016919460392917798 0.004997500339243024 0.013889244700732587 0.03539094693517666 0.07819999527036632 0.13405582308583663 0.1542304099083957 0.1169906566900615 0.06721684782625321 0.033251547569229704 0.01603265978617578 0.008030039066847443 0.0042762647522878615 0.0025041101979796435 0.0016276093920457627 0.001151195658816051 0.0008599105374095843 0.0006701923397975834 0.000538357929706941 0.00044091978082786353 0.0003651730484324501 0.00030514380195258704 0.00024562206393108685 0.00017933379320857863 0.00012347070559448717 8.514082635155789e-05 6.248650742077698e-05 5.005789844320723e-05 4.552848432837004e-05
2.4265449231079116e-05 1.3180960383967826e-05 6.9025254966986545e-06 3.927480473694436e-06 2.7741405814391065e-06 3.240934242749382e-06 5.959073947298058e-06 1.3284275733542803e-05 3.284812003853768e-05 8.787842250624164e-05 0.00024952466769893124 0.000733771851290943 0.002165082786649176 0.005962435413941786 0.014803658182679692 0.03148309136308869 0.05331250506363171 0.0672154985407491 0.06254207672449164 0.04546648021704361 0.02779818233283876 0.01588887230145705 0.009130746197169115 0.005434067200971796 0.003438469761722602 0.002325724640419212 0.0016581750759919126 0.0012288940262216966 0.0009453583185423483 0.0007482919947922002 0.0006046267120190606 0.0004977108085843453 0.0004214981780584613 0.00034101672431281066 0.00025231898387039067 0.00017410235777050195 0.00012411169223818376 9.497316404753601e-05 7.963713808824887e-05 7.411096051173796e-05
1.9465691810094902e-05 9.920511196341774e-06 4.71371571489824e-06 2.2883030108214342e-06 1.1774121328929956e-06 1.3984149133654854e-06 2.986796705013016e-06 6.815659182203601e-06 1.65156458871994e-05 4.1941554789628175e-05 0.00011069107434059173 0.00030056681258679814 0.0008262830293753767 0.0022169947812307185 0.0053854565165293525 0.011330074943229294 0.019681803552157175 0.02716935961012879 0.029549914605490765 0.02594292130680495 0.019134183510781926 0.012910339731301582 0.00860516534136039 0.0059039192722628135 0.004209964361352661 0.003122651873763761 0.002377959617360414 0.001794166096784619 0.0013905736158585252 0.0011059642207704597 0.0009004806990783238 0.0007608095942930556 0.0006595661791733527 0.0005389035045048273 0.00041167757087817275 0.0003087897907662805 0.00023126996561704022 0.00018021787297278294 0.00015066131048590452 0.00013664351523935098
1.843921760512666e-05 9.204782195177792e-06 4.309830734197485e-06 2.0789712691366965e-06 1.2089302602980023e-06 1.262526832286696e-06 2.174120605947179e-06 4.350967931260646e-06 9.35737996886789e-06 2.1196705800987654e-05 5.00639368388763e-05 0.00012207739990630195 0.0003029960238139607 0.0007486618148957068 0.0017757911968008186 0.0037625088292965224 0.006818197329951861 0.010274976013209742 0.012731506406496118 0.013068624357581661 0.011336692577415675 0.008962953468532327 0.007027216318662698 0.005570840881009091 0.004499028304989648 0.0037077935828989292 0.003106963944062122 0.0025378114802022244 0.0020593299205873966 0.001695233349077056 0.0014423725113203835 0.001272828036628724 0.0011293738437275457 0.0009510688940917004 0.0007780556855655805 0.0006228551531254411 0.0004931988276728626 0.00039177046179992057 0.0003211728216289086 0.00028148317308754925
2.0620105058273064e-05 1.0483779894316373e-05 5.149722434476831e-06 2.6525546307383842e-06 1.7116430895027397e-06 1.5882200187365058e-06 2.0763808373251937e-06 3.330641896129576e-06 5.987817746976925e-06 1.1589368456019801e-05 2.3704006914819075e-05 5.0660503259093916e-05 0.00011184219669296513 0.00025064848496938823 0.0005549832986657914 0.001170419273182956 0.0022316522141060274 0.0036630039932065875 0.005092346715966516 0.005977513779297881 0.005973429039556891 0.005552983589213562 0.005089601635999072 0.004646443000097237 0.004250950559595568 0.0039042192966076044 0.003591057213439608 0.003248172872217039 0.002813422380466903 0.0024736662689448783 0.002247617844819027 0.002108088679778465 0.001971904683131835 0.00177788836148513 0.0015493837437219626 0.0013134565854912195 0.0010937389981470539 0.000905727639893735 0.0007559837244726887 0.0006443570523968025
2.5962649863754152e-05 1.3691439001206315e-05 7.112582445226307e-06 3.856106146444964e-06 2.49236559648024e-06 2.0832957450447036e-06 2.2355250734145094e-06 2.8997286788596745e-06 4.278524659556646e-06 6.905888819937112e-06 1.1945185155940066e-05 2.1931492900503203e-05 4.249680822920975e-05 8.60491910628503e-05 0.00017820450350471197 0.00036450352826498895 0.0007057107317350088 0.0012419742653006541 0.0019176482654079208 0.0025331228730686214 0.0028944009065963233 0.003140277335249614 0.003331154046515874 0.003478903236052696 0.0035931581668148245 0.003675248532389183 0.0037152051960936123 0.0036909158999787195 0.0034988517191150426 0.0033574515571179785 0.0033724547198112392 0.003511377765713334 0.003539734716776412 0.0034189886178145534 0.003168546533364684 0.002833244780262528 0.0024671324786280833 0.002116198557723249 0.001809099425468446 0.0015572397814547182
3.5003519000951757e-05 1.9243971602103604e-05 1.0494835913397652e-05 5.931819619298332e-06 3.711362032253912e-06 2.8101677117337436e-06 2.5759893715850106e-06 2.772333473623204e-06 3.3728325157883e-06 4.502669714070388e-06 6.488510188851546e-06 1.0059589511267607e-05 1.687329690315794e-05 3.073153479468634e-05 5.993526944334158e-05 0.00012045917310795987 0.00023682575170088152 0.00043352523992961993 0.0007118494650487692 0.0010240115135377505 0.001323077222606587 0.0016490006479644576 0.0020006303613760838 0.0023683855545495523 0.002743840461762481 0.003116162559111626 0.0034724088607014005 0.003793630769757005 0.004097854627122769 0.004501150526706769 0.005169363149911694 0.0058918691976519505 0.006415518809319749 0.006639064193043668 0.006525732827634444 0.0061240492042371406 0.005541668776904424 0.004894019401109984 0.0042658045558744756 0.003700805075519468
