_RESULTS/CROSS_VALIDATION_POSTPROCESSED/MHZ/GZ/2comp/1/MHZ_GZ_z_250_kriged_reverse_2comp_spherical_1.asc
ncols 100
nrows 74
xllcorner 5.5967023332191781
yllcorner 50.982320383219182
cellsize 0.00019249356164376555
nodata_value 1.7014100000000001E+038
[rows 0 to 18 of 74, columns 0 to 42 of 100]
26.89484932448548 26.90560291321401 26.928756027800503 26.964624945661054 27.012450505668628 27.068718569241245 27.12721377160618 27.182057797613485 27.229849874765076 27.268910135042173 27.29807991915663 27.31635512326964 27.323102296728553 27.318465837267908 27.302748037266184 27.27690231414187 27.24251119351132 27.20159430925671 27.1563991205088 27.10923325522132 27.062352855253245 27.017019761717926 26.974794841144835 26.939719992915435 26.916315205114238 26.90563564421072 26.908909575924273 26.9244069565158 26.942763107065097 26.962509794391277 26.982850864308112 27.002907509828134 27.02171869288871 27.03826134621275 27.05150473282273 27.060510012709344 27.064568249578052 27.063338555488226 27.056925717867514 27.045855538849175 27.030961696949824 27.013240834581183 26.993729646081192
26.898850417482876 26.916199392775635 26.946387505061104 26.990384802344092 27.04881091710397 27.118553548958197 27.19041760417581 27.255830073946434 27.3116942169596 27.35720074614584 27.391587673669164 27.414312315862123 27.42410312266917 27.42015058392051 27.402579411324083 27.37255180816551 27.332087259767885 27.283721200897617 27.23017167515559 27.17411336076254 27.118066667725188 27.06370856738068 27.012545163254238 26.970457193265368 26.940498403261593 26.924231094533184 26.922716687169807 26.93649964098152 26.95763989165622 26.98030861888302 27.003689708658072 27.02685535383369 27.048749657094845 27.068191101501426 27.083919141873352 27.094715751847314 27.099612146247598 27.098126322927268 27.090407603549792 27.077189916677412 27.05958722343038 27.03885805293859 27.01623215922282
26.906369885170385 26.930248518723733 26.966925264084075 27.017298085954344 27.083813435601634 27.16756039754446 27.25461712708058 27.330423916382703 27.394060567230255 27.44716092428125 27.489354758352913 27.518545018120548 27.53251100388044 27.529766061723603 27.510225002719213 27.47539854538254 27.428017039590614 27.371382096648063 27.308828419808012 27.24344566564481 27.17800366850521 27.11447322897041 27.0550765190725 27.005963140700995 26.969206516517453 26.946401362040103 26.93909807103451 26.94867901311289 26.971709105305237 26.997153546300613 27.023500820550456 27.049800042377782 27.07492349761554 27.09753612082294 27.116109372458215 27.12904443767643 27.134970192110824 27.133167729364832 27.123862515204923 27.108127400194064 27.087487474109434 27.063534545606387 27.037670129029213
26.917078329001733 26.948075563676444 26.99198646384595 27.048490689435305 27.118113687941076 27.212430768590213 27.317426188969407 27.401853532885 27.47412443680118 27.53697123007526 27.588814020416052 27.626454173664822 27.64628069618023 27.645569012468123 27.62382405543139 27.583221586274142 27.527738903621962 27.461837142529944 27.389618999327393 27.31458177740098 27.239678061852423 27.167017226274254 27.099929176741423 27.043819679059673 27.000392843872255 26.971258976141797 26.95799139440168 26.962126236522465 26.984192846773063 27.012144536957035 27.04124720429756 27.070562698161954 27.098936541422468 27.12492089753783 27.14671654861406 27.162232961344113 27.16946171022846 27.167253768055673 27.155977287580452 27.137289261746623 27.11331093139531 27.086020204594725 27.05703490650606
26.929963536401395 26.968797606523676 27.021692149268922 27.08817445316351 27.16808209343327 27.268751045997202 27.375410550814784 27.466061569858404 27.54795317546268 27.622065857910812 27.68589382637684 27.734893117772195 27.763263123530496 27.765865337585094 27.741323770141253 27.693263789175237 27.628007096212915 27.551722770531416 27.469321442844112 27.384556575376028 27.30040511646825 27.21894747445262 27.144588861569492 27.08165417649253 27.031796578258856 26.9966266858921 26.977728897901144 26.97666512087029 26.994937140524268 27.02439296022574 27.0558554156901 27.08784936646733 27.11925396097637 27.148596520508523 27.17389277821047 27.19251823915653 27.201464743381404 27.198709197143412 27.184928156170642 27.16285253912266 27.135399535754384 27.104892058091178 27.073056599117358
26.94297917736267 26.98922963356732 27.05084472230635 27.127433347577334 27.218238388883442 27.319541523958556 27.421344964338807 27.51821665791836 27.610396748072525 27.697126507910074 27.775437707187496 27.83972555761395 27.88103354579878 27.88905330661468 27.860122389503733 27.801577068921468 27.724363959921796 27.636783890966505 27.544165209277683 27.45010826964549 27.357362197992707 27.267871561580527 27.186608286576174 27.11721022482365 27.061308691629332 27.020506174836108 26.99638903568641 26.990533224316543 27.004494910016035 27.03349330414728 27.06630729543773 27.100352735670146 27.134190932119466 27.16642962659873 27.195102448506738 27.217290496176716 27.228654205477405 27.22507514401935 27.20807846941159 27.182447361814766 27.151832165742444 27.118650969682438 27.084569147216197
26.953662459576545 27.005383940056856 27.072717347332727 27.1543462205813 27.24754338566991 27.348002734897353 27.45153574344562 27.554919805077667 27.656904411208842 27.75621971251719 27.85038552311582 27.934220280570017 27.995971235798578 28.01361655115259 27.975717871835894 27.901462724645604 27.810375093096845 27.71170524017783 27.609913311266798 27.507823568725225 27.4077255691456 27.311255185525134 27.22370985502206 27.14843536869026 27.087051323612606 27.041155344850853 27.012331435990205 27.00215697103462 27.012196733794795 27.039603847267063 27.071892162425982 27.106953753222268 27.14217790955253 27.176168680934314 27.20713242743871 27.23242980296546 27.24749107472433 27.24228040845053 27.221657191857435 27.193336214467152 27.160706712741213 27.12595927543191 27.090621818652334
26.960141259147846 27.01472235269234 27.084322251509757 27.16689760165179 27.259488787296153 27.3601477213749 27.465899233467827 27.57426697871145 27.683729495597078 27.793113444157303 27.90104104411905 28.005110475841626 28.097887309361084 28.13779484527249 28.075776347504817 27.980591321369637 27.877281906448715 27.770496659931098 27.662298647450434 27.554471008196906 27.448895069776114 27.34680857656032 27.25390774330887 27.173576233844248 27.107458763247134 27.057163961669772 27.024274000638844 27.010354542360687 27.01694974990552 27.042102369711245 27.07279800473699 27.106988869712286 27.142220609852792 27.176221208434058 27.207198513174735 27.23251740977834 27.247624868167968 27.242388018927027 27.221733303420365 27.193395412600026 27.160754350271855 27.125998245565686 27.09065396758496
26.961586201869114 27.016578609078007 27.08575280408676 27.16681343926814 27.258008057062042 27.358160680224763 27.464645705793544 27.57529504711537 27.688474143884147 27.802901857655492 27.917431950000477 28.030830486166685 28.1410262814319 28.210099159746417 28.12246513601739 28.021034460727456 27.91558179553179 27.807271585414455 27.69728114079872 27.587155624960037 27.478638909708696 27.372705219004263 27.27562529868599 27.191265007383393 27.12134868062735 27.067517777269924 27.031354225442357 27.014397372250766 27.018138215761045 27.040705632138295 27.068924943855865 27.100656441479032 27.134313374750025 27.16657772461385 27.195282490225853 27.217508627894 27.228903262043815 27.22531297817615 27.208278479893888 27.182611776661698 27.15196770548963 27.118763283092772 27.08466250935896
26.95806167910745 27.011445887130307 27.07821248872728 27.15620654873519 27.245139372071954 27.343327539401415 27.448424427921324 27.558294632683218 27.671008653466554 27.784643926888634 27.89678322146319 28.002833044326763 28.09067873834117 28.127581238395376 28.089108910416282 28.010575389547203 27.916421309279375 27.81428685702333 27.707576110117095 27.598983676770445 27.490834180895803 27.384751218821307 27.286569390380468 27.200463858253148 27.12797388309742 27.071643784071625 27.033166126298497 27.014035427848622 27.015656814364704 27.035499016229913 27.060520094076573 27.08889753074861 27.11944180975758 27.14881822237739 27.174151714452666 27.192812698080647 27.201780247557846 27.19901785877224 27.185207019150255 27.163094022332878 27.135605051009964 27.10506575387929 27.073202819812796
26.950214189551446 27.000365105190742 27.063193157223324 27.137169652783864 27.222480250390934 27.31706641598554 27.41865045509735 27.524971877680116 27.633692027612156 27.741833755243604 27.84424655691385 27.93492079614466 28.002865446371306 28.031898792291365 28.014089099747984 27.959792484856532 27.882942589832126 27.792073713299885 27.692313144325258 27.587858125933284 27.48193766356063 27.37777859543311 27.280710947596752 27.19612127482548 27.1253516205812 27.069370543694248 27.029770220578992 27.00948397372766 27.009866716053438 27.026850335862584 27.04819219563847 27.072674245731893 27.099205365713857 27.125192297663947 27.14702362444217 27.162569851238466 27.169814162200158 27.167601336291526 27.1563016235488 27.137580147724606 27.113565548570477 27.086239838077663 27.057238213629752
26.939041682836333 26.984643034390242 27.042301750580055 27.11134572710313 27.19170763906737 27.281174477569813 27.377444153069696 27.47810011504975 27.579337056050413 27.676625965333297 27.766403550346393 27.84317199360168 27.89904650926756 27.925606598504665 27.9189671702533 27.882394370379853 27.822321106305964 27.74431267975669 27.65313890060177 27.55396123319514 27.4517147381638 27.351312071874673 27.257408572585717 27.17610709102068 27.109068620764283 27.057168034586297 27.021030030985422 27.001379604408687 27.00151702052345 27.015298762804157 27.03273357499052 27.05311736644896 27.075452541357354 27.097836681080956 27.11644185234115 27.12940155543688 27.135339394398716 27.133533197790598 27.124209492839036 27.108445713153966 27.08777215548748 27.063784486033327 27.037930847551145
26.925762707155826 26.96574510938854 27.017258688789 27.080439998336566 27.154684879865364 27.237770741138707 27.327358504338328 27.419044801636776 27.5087255928331 27.59391057692433 27.67124118616442 27.7362628983637 27.783689652636596 27.808710173169228 27.808971318489718 27.785261274849525 27.739776481010285 27.674189751908294 27.591161460314673 27.4969289816481 27.399504739372805 27.304886858393896 27.21693892938583 27.14117394750939 27.079954921272893 27.033992372920736 27.003756178210757 26.989543542693607 26.99138508151398 27.00146240179914 27.01498366792449 27.031333251795242 27.049636908649767 27.068504519680186 27.084260498463507 27.095077611606566 27.099983712485056 27.09849491503408 27.09076113963861 27.077519060921468 27.059886188441507 27.039124178916097 27.01637187478876
26.911742408398748 26.945244692973652 26.98988853133378 27.04626544775031 27.11342647368816 27.18915359716354 27.269388592856096 27.350120851471594 27.42872444503378 27.50231109970934 27.56770936348839 27.62149248153832 27.66032655733644 27.681734169725615 27.684927870289922 27.67001691956652 27.63638580509369 27.58138022121393 27.503458002049307 27.413645034299595 27.323301455677584 27.2377749398525 27.159790858176848 27.09257938278007 27.03970326326155 27.001775608736377 26.97914896021712 26.972010192856903 26.97838757000858 26.985984489568025 26.995758707902162 27.008322343978463 27.02293808403059 27.038574827773598 27.051842606566083 27.06086519046552 27.06493143852767 27.063699302234774 27.057273932738653 27.046182863963868 27.031262203058404 27.013275613398648 26.9929306779149
26.898443856217785 26.9247853911111 26.961940457518452 27.010814224188344 27.07252467209493 27.14330312145204 27.216210063054287 27.28834057953826 27.357018105484194 27.41955034380584 27.473238206142675 27.51548651166938 27.544080886928178 27.5576009039394 27.555724349952527 27.538919017218888 27.506690159475834 27.452939301809415 27.375627214795088 27.29636401436673 27.22019688914696 27.149664749425323 27.086549969369063 27.032354296941225 26.990703033610153 26.963011873599797 26.949678185028723 26.950902096401418 26.960536658716393 26.96889767188095 26.975833843262564 26.984975050281264 26.996338006157295 27.009138334110965 27.020228294272446 27.027724563306666 27.03108959530497 27.03007085519189 27.024745567791168 27.015506667453128 27.00271314568508 26.98674538195323 26.968672371949058
26.887391139684276 26.90604781561176 26.93774957697456 26.98535805575834 27.04562794458578 27.110577212154325 27.17619546094084 27.239741745656442 27.298567665134293 27.350146095354837 27.392132073706378 27.422480193761757 27.43961880185621 27.44259726529607 27.430940776159147 27.403574831089028 27.35558342224583 27.276321561994287 27.199199156936032 27.14361487700463 27.091316804502835 27.042832488250657 26.999808229751704 26.963571241622546 26.936156268760474 26.92076088477389 26.91819574080434 26.927858601157034 26.939151055597943 26.948760168842313 26.955901097111333 26.96210022723877 26.970683172485998 26.981081688246682 26.990249767484322 26.99642627643424 26.999192668182946 26.998355591152524 26.993973952051682 26.985620108479885 26.972162161655795 26.95564138612446 26.938010184494882
26.880459774672122 26.89689089804283 26.929383403877083 26.976783243886658 27.03348368912961 27.092627635446647 27.151274646356597 27.206598255894182 27.25592812888204 27.296815588792338 27.32711881807049 27.345103897776802 27.34952401801982 27.33954965302611 27.31422699608577 27.270986738469322 27.20462175600991 27.1148503251208 27.030370854698383 26.97649673680744 26.94632692530221 26.923850621956785 26.904788159077025 26.889787171568795 26.880067165419884 26.878575848069396 26.887858110246647 26.902674627185114 26.915768377402415 26.926827845159117 26.935228001703752 26.940459774095636 26.94674057935831 26.95515153588236 26.962605555228038 26.967622428737766 26.969736555497537 26.96483421247245 26.952882953757296 26.935765909667225 26.915884418017388 26.89558374489024 26.876826261547578
26.88633516485961 26.904817846198675 26.938099120008175 26.98457452198327 27.036940400240177 27.09082077869571 27.14313025939986 27.190901086717005 27.231361532177534 27.262031417622328 27.280826688876793 27.28615038326117 27.276909512781263 27.2522941632862 27.211149702779654 27.151458459214332 27.070871943654435 26.9745788815768 26.885489869237926 26.827248045636388 26.80244641680017 26.802082070805383 26.808613279456722 26.81632246040566 26.826299289294376 26.84034816454827 26.85958830241053 26.876927904336533 26.891985821379144 26.904647287480156 26.914447917169053 26.920702468042506 26.925238766450434 26.931998833375363 26.93790715439666 26.937612107211596 26.92676208298495 26.908175067963104 26.884252382687524 26.85740615011298 26.830430395557464 26.805800160072845 26.785541485745956
26.903727589399935 26.92935321991333 26.96369106775705 27.008174181500554 27.056842200697744 27.1062677102479 27.15316493250769 27.1943524328929 27.226858757904665 27.248051634885584 27.255772160228197 27.248417629496714 27.224867560853305 27.184608402133826 27.12725705727273 27.052152075008596 26.959817499860005 26.857903889013173 26.766071822599685 26.705532663531486 26.68285036887773 26.69094040934959 26.71897320830427 26.749169344857837 26.778558239490653 26.808379441074642 26.832490255813525 26.852368004247246 26.869442065432846 26.883766546133646 26.895032381059934 26.902706355776267 26.90689387275486 26.911769546128596 26.906193784128558 26.888328627580847 26.861254681079473 26.828024400654822 26.791145131911126 26.75376566784845 26.718950155387112 26.689385398047204 26.667226402017803
