_RESULTS/CROSS_VALIDATION_POSTPROCESSED/Berg/IZ/9comp/4/Berg_IZ_z_180_kriged_reverse_9comp_spherical_4.asc
ncols 100
nrows 90
xllcorner  5.6208707817415728
yllcorner 50.959635321741573
cellsize 0.00013419651685393446
nodata_value 1.7014100000000001E+038
[rows 60 to 79 of 90, columns 44 to 87 of 100]
64.31982467456841 63.96362617320989 63.56458341619092 63.13138295730061 62.673135751696776 62.19944203970831 61.7284637632202 61.22778689139757 60.69174797624118 60.12123580875664 59.518144686373866 58.88572373283674 58.229313197631974 57.55821719189542 56.890710509919415 56.26770958740811 55.78459391208618 55.601641061945394 55.7695692933544 56.144200602206 56.60415785229396 57.09656288792839 57.57125369710232 58.02113969030472 58.445071399294044 58.841849495150086 59.21182926427234 59.556320524580364 59.877312071798805 60.1773470149906 60.45927381242683 60.70398736074991 60.8959179900056 61.033790736342254 61.11679719772105 61.14449690386166 61.13355926908191 61.12668293765351 61.12626262091459 61.12626262091459 61.12626262091459 61.12626262091459 61.12626262091459 61.12626262091459
64.03761969196772 63.725363864070026 63.36989551278601 62.97969244101235 62.56409777934224 62.13327861637774 61.667971078169025 61.1526065490413 60.605304976639786 60.02891764039836 59.427602681401936 58.80754978849178 58.17821503520538 57.55478682810362 56.96301623252569 56.44727761458602 56.076677738854045 55.92502326436672 56.01143038339943 56.282293904992365 56.66942428943332 57.11047844488505 57.55273540479801 57.981985094056796 58.39202824475288 58.78129984183984 59.15209780191913 59.50488528654421 59.840703659982076 60.16007229072453 60.442528698003926 60.678603202830985 60.86631692507398 61.00417806894497 61.091098710725156 61.125841601896134 61.12626262091459 61.12626262091459 61.12626262091459 61.12626262091459 61.12626262091459 61.12626262091459 61.12626262091459 61.12626262091459
63.71874914952037 63.45453165677368 63.14711065140977 62.80587255020526 62.4418626736565 62.059586239451946 61.62208047867593 61.12620297703077 60.582025029317066 60.01231279705834 59.42608343052188 58.83197998362938 58.242326555052045 57.675099302987434 57.15669111464258 56.72425132624588 56.42303448092365 56.29190992240412 56.34167986571005 56.55005735955939 56.878131194727835 57.26097967305183 57.66265186455699 58.06672854020759 58.46398011631854 58.849771864125636 59.222354741498684 59.58179633264209 59.92278052097827 60.2278976798899 60.49333077895322 60.71621953088364 60.89378543305103 61.023241063752366 61.10170924506046 61.12626262091459 61.12626262091459 61.12626262091459 61.12626262091459 61.12626262091459 61.12626262091459 61.12626262091459 61.12626262091459 61.12626262091459
63.424537076481805 63.21250102576298 62.95529323318394 62.66249056766446 62.34569445418321 61.98994847060675 61.57447243676623 61.11025023931553 60.60593368003278 60.06571603933283 59.50440385484057 58.94424936846615 58.39957400040843 57.88847964648151 57.43458422604194 57.0666891923617 56.81507559286803 56.70333133372202 56.73950119527621 56.91424797956669 57.192551755641375 57.52322413910122 57.883819161087615 58.258626003642476 58.6373761867902 59.01388912443986 59.38245323366078 59.727808317041955 60.04361381166472 60.32576271759854 60.570638096285776 60.774929548605485 60.93549429890579 61.04924479909791 61.11305162646532 61.12626262091459 61.12626262091459 61.12626262091459 61.12626262091459 61.12626262091459 61.12626262091459 61.12626262091459 61.12626262091459 61.12626262091459
63.175004182516844 63.01902203270801 62.81714427298426 62.57913643329196 62.306885871273785 61.96929439633774 61.57178966717838 61.12619143173218 60.64596323249828 60.14621828780072 59.639723469852655 59.130422779262936 58.63470106823419 58.17650972256485 57.77886643029031 57.46396203109292 57.25322414379445 57.162827990864386 57.19962746491305 57.356377609226804 57.59056405373417 57.87768284426696 58.200778082791125 58.546234667551744 58.899170872291236 59.246505608789505 59.57995564959583 59.89285361721559 60.17969736028495 60.435810768122636 60.65709074434046 60.839815001696586 60.98049082366567 61.075730559455224 61.12214391298737 61.12626262091459 61.12626262091459 61.12626262091459 61.12626262091459 61.12626262091459 61.12626262091459 61.12626262091459 61.12626262091459 61.12626262091459
62.97207899211792 62.87510882489366 62.732669704190194 62.552167376603826 62.30588909263043 61.9897292738745 61.6140562789382 61.191147583340964 60.735064609228495 60.261569494286924 59.78809307050906 59.33370243030702 58.9058333436527 58.513110645641255 58.17505946366982 57.91145498493944 57.74021727088879 57.674758114332825 57.72151148645869 57.85618521053061 58.05373491799967 58.29986671843841 58.57976245748322 58.879709487693674 59.18780504001242 59.494043745707124 59.79010500436578 60.06904461207879 60.32499048512171 60.552878559697895 60.748234343059224 60.90699391578468 61.025355339540965 61.099651968864734 61.126240599804184 61.12626262091459 61.12626262091459 61.12626262091459 61.12626262091459 61.12626262091459 61.12626262091459 61.12626262091459 61.12626262091459 61.12626262091459
62.82068820823432 62.78482751278778 62.704526373357 62.55853129592537 62.33513898978068 62.042659122770836 61.691549503790725 61.294264477875885 60.865087359088655 60.41997089274586 59.9763911645635 59.55319375071024 59.17037621755515 58.84099540317147 58.56408514901273 58.35481515230935 58.22740212781727 58.192552820779596 58.24147535633901 58.35134973571465 58.514232856835115 58.71973106277692 58.95641834570166 59.21304477567018 59.479247691993265 59.745843095303556 60.00484624117971 60.24935226683342 60.47336242758937 60.671601859326884 60.83934904362236 60.97228314651658 61.0663488114465 61.11763537128449 61.12626262091459 61.12626262091459 61.12626262091459 61.12626262091459 61.12626262091459 61.12626262091459 61.12626262091459 61.12626262091459 61.12626262091459 61.12626262091459
62.73210030515368 62.75510052176748 62.713326463162254 62.58957785484288 62.38984734345937 62.12238683534469 61.79761293712516 61.42794476852823 61.02760430315023 60.61240086593518 60.19950492338627 59.80719456000087 59.454534679836456 59.16093062797003 58.93909493091118 58.78110680634173 58.69645079782444 58.68329071418603 58.7234378222916 58.8137235445475 58.948510240232174 59.12001781209756 59.31931716713649 59.537192853735945 59.76474789139712 59.99374396125583 60.216734892263254 60.42706556326538 60.61879587727503 60.78659001532735 60.92559439472611 61.031316189375 61.09950727884584 61.12605462775489 61.12626262091459 61.12626262091459 61.12626262091459 61.12626262091459 61.12626262091459 61.12626262091459 61.12626262091459 61.12626262091459 61.12626262091459 61.12626262091459
62.72593077567723 62.76772108958063 62.74587778750603 62.64399970917037 62.46804978614099 62.22620143176333 61.928744575061025 61.58791396949105 61.21766808497533 60.833438943065666 60.45185921542955 60.09045642966648 59.76728954073951 59.50049604293102 59.30772548661859 59.19707023684476 59.143770500734675 59.133416941066166 59.16637967472458 59.240718700580516 59.35220649026216 59.494860783389846 59.66159074043772 59.844807603633384 60.03690542343437 60.23058125146649 60.41900942006995 60.59590467690651 60.755510823799554 60.89254458218528 61.00211540306767 61.07963411482861 61.120717576791584 61.12626262091459 61.12626262091459 61.12626262091459 61.12626262091459 61.12626262091459 61.12626262091459 61.12626262091459 61.12626262091459 61.12626262091459 61.12626262091459 61.12626262091459
62.781352137355604 62.81450793591689 62.80377500716925 62.723012880420484 62.570462623798264 62.35422527216341 62.084417815728024 61.77299290844746 61.433506072698194 61.08085001191322 60.73096311900632 60.40050687136909 60.10649808586197 59.865880434773246 59.694895749241496 59.5944078988057 59.550470853828116 59.54198901148554 59.569002759505665 59.63002908765884 59.721799910775644 59.83960265332712 59.977711830615036 60.12982320615345 60.28942491380091 60.45007325796228 60.60556959748863 60.75005204686216 60.87802224470895 60.98432691098709 61.0641101324648 61.11274780377851 61.12626262091459 61.12626262091459 61.12626262091459 61.12626262091459 61.12626262091459 61.12626262091459 61.12626262091459 61.12626262091459 61.12626262091459 61.12626262091459 61.12626262091459 61.12626262091459
62.88713418415719 62.9105491624336 62.893434203549404 62.83004592043518 62.70015551550513 62.50905566369352 62.26667433750044 61.984622519195455 61.67595856713534 61.35492350108991 61.03665342976481 60.73686579776594 60.47151136540817 60.25291162324663 60.08115596557073 59.965567209405066 59.914719485129154 59.907821910773464 59.92979375374233 59.97946835695311 60.054252728722005 60.15035311469168 60.26307053756857 60.387112455512394 60.516875934079415 60.64667502136894 60.77090246866829 60.884128721829846 60.981148018338295 61.05698356029983 61.10686292624473 61.12617272537653 61.12626262091459 61.12626262091459 61.12626262091459 61.12626262091459 61.12626262091459 61.12626262091459 61.12626262091459 61.12626262091459 61.12626262091459 61.12626262091459 61.12626262091459 61.12626262091459
63.05107681446488 63.06378760625597 63.03723792313255 62.97154540260579 62.86206429592905 62.69522008698849 62.479504690443974 62.22615714514187 61.94767993064981 61.65758927820423 61.37014908681703 61.09824133709615 60.84593512324403 60.62348689830812 60.44191251634642 60.31128787681613 60.24027211440593 60.22945767916759 60.247072016599205 60.28688987855516 60.34680686405122 60.423708637968524 60.513677874223724 60.61222053011741 60.714481190026895 60.81542616492677 60.909983447061414 60.99313742227746 61.059982061965925 61.105739175505725 61.12574894038294 61.12626262091459 61.12626262091459 61.12626262091459 61.12626262091459 61.12626262091459 61.12626262091459 61.12626262091459 61.12626262091459 61.12626262091459 61.12626262091459 61.12626262091459 61.12626262091459 61.12626262091459
63.282224575249316 63.28340297705852 63.24682506728959 63.17276807951302 63.06362597557001 62.91841884641423 62.72798980744872 62.50190524922674 62.2517185923129 61.985172926322285 61.71184063701074 61.44262482963009 61.188590111843546 60.960685749627096 60.769404935543726 60.62439982881342 60.53408179522194 60.5052415839808 60.51901367587635 60.55013587913155 60.59685360226725 60.656564260271686 60.7259528545127 60.801158094145414 60.87793623916146 60.951806584914145 61.01816866577151 61.072387108669346 61.10984451150049 61.1259654334073 61.12626262091459 61.12626262091459 61.12626262091459 61.12626262091459 61.12626262091459 61.12626262091459 61.12626262091459 61.12626262091459 61.12626262091459 61.12626262091459 61.12626262091459 61.12626262091459 61.12626262091459 61.12626262091459
63.57347113567192 63.56884262850369 63.524605537799374 63.44232488637388 63.3248697480276 63.176238798745786 62.99932917698084 62.786698449888476 62.544925985537226 62.28395993345015 62.01409889563774 61.74588610102013 61.48994583996428 61.256756775749956 61.05636851492741 60.89807792663407 60.79008896996203 60.7391831309125 60.743653886575935 60.766994338261796 60.801839223077145 60.84597733336013 60.89656260181948 60.95023726437003 61.00325674018917 61.05160425416163 61.091086849918774 61.117408257941044 61.12626262091459 61.12626262091459 61.12626262091459 61.12626262091459 61.12626262091459 61.12626262091459 61.12626262091459 61.12626262091459 61.12626262091459 61.12626262091459 61.12626262091459 61.12626262091459 61.12626262091459 61.12626262091459 61.12626262091459 61.12626262091459
63.857385442646155 63.85236663294577 63.80439386124077 63.71514977523729 63.58774970904144 63.42655675860331 63.23690189667938 63.02478794473676 62.789860167471815 62.53399388483166 62.2673081875072 62.00003946240348 61.7424262032708 61.50453355438464 61.296022403967356 61.125877646998525 61.00211599482841 60.93149582819286 60.91887135526213 60.935155209116886 60.959187648831204 60.98906040004831 61.022295451361565 61.05593707948251 61.08664716578224 61.11079490621667 61.12453413499509 61.12626262091459 61.12626262091459 61.12626262091459 61.12626262091459 61.12626262091459 61.12626262091459 61.12626262091459 61.12626262091459 61.12626262091459 61.12626262091459 61.12626262091459 61.12626262091459 61.12626262091459 61.12626262091459 61.12626262091459 61.12626262091459 61.12626262091459
64.11824717030738 64.11289129654628 64.06165387178886 63.96618570708499 63.82971803158257 63.65694934204157 63.45367808070209 63.226377715973435 62.981875891419456 62.72707732415238 62.46367561807104 62.19768670597357 61.93901345490711 61.69735439965947 61.482023045046674 61.301721941779896 61.16429067730233 61.07644790487065 61.04354578226587 61.05216279868103 61.066230426495736 61.082890034923565 61.09995410612783 61.114788462227295 61.12438499832514 61.12626262091459 61.12626262091459 61.12626262091459 61.12626262091459 61.12626262091459 61.12626262091459 61.12626262091459 61.12626262091459 61.12626262091459 61.12626262091459 61.12626262091459 61.12626262091459 61.12626262091459 61.12626262091459 61.12626262091459 61.12626262091459 61.12626262091459 61.12626262091459 61.12626262091459
64.34612821754484 64.34056756356001 64.28718347350471 64.18706347816894 64.04313696072667 63.860351833552464 63.645065318070635 63.404324281477955 63.14540580324499 62.87561570150429 62.60223197441333 62.33249970316351 62.073126454161574 61.82896409088355 61.608391387304216 61.41985328455404 61.271019579115546 61.16855430432785 61.117888549862 61.115363104286416 61.120138793340416 61.12442375696408 61.12626262091459 61.12626262091459 61.12626262091459 61.12626262091459 61.12626262091459 61.12626262091459 61.12626262091459 61.12626262091459 61.12626262091459 61.12626262091459 61.12626262091459 61.12626262091459 61.12626262091459 61.12626262091459 61.12626262091459 61.12626262091459 61.12626262091459 61.12626262091459 61.12626262091459 61.12626262091459 61.12626262091459 61.12626262091459
64.52904509231125 64.52361584486074 64.47073975223114 64.36918265926838 64.22055805987641 64.03006422934115 63.80491165133947 63.55293670337273 63.28196098586562 62.99961932770598 62.71337693970569 62.43058695448545 62.15852639301763 61.904390816592446 61.67524572124289 61.47793921138136 61.318982146705714 61.20440171616508 61.13957350746902 61.12626262091459 61.12626262091459 61.12626262091459 61.12626262091459 61.12626262091459 61.12626262091459 61.12626262091459 61.12626262091459 61.12626262091459 61.12626262091459 61.12626262091459 61.12626262091459 61.12626262091459 61.12626262091459 61.12626262091459 61.12626262091459 61.12626262091459 61.12626262091459 61.12626262091459 61.12626262091459 61.12626262091459 61.12626262091459 61.12626262091459 61.12626262091459 61.12626262091459
64.65191902112511 64.6475520642739 64.60163908990141 64.50470333455326 64.35546529903708 64.16022784013913 63.92783587665338 63.66726816481714 63.38700051529346 63.095009541628414 62.79892993499118 62.50619852720188 62.22413910242829 61.959983308852664 61.72083552795197 61.51359197630448 61.34482347317996 61.220629633101844 61.14647055339536 61.12626262091459 61.12626262091459 61.12626262091459 61.12626262091459 61.12626262091459 61.12626262091459 61.12626262091459 61.12626262091459 61.12626262091459 61.12626262091459 61.12626262091459 61.12626262091459 61.12626262091459 61.12626262091459 61.12626262091459 61.12626262091459 61.12626262091459 61.12626262091459 61.12626262091459 61.12626262091459 61.12626262091459 61.12626262091459 61.12626262091459 61.12626262091459 61.12626262091459
64.69585846411425 64.69570704482786 64.67267463864978 64.58920277226055 64.4435274553717 64.24644608322083 64.00960756205652 63.74339098121236 63.45693356185369 63.15851484406218 62.85590373728446 62.55659532542464 62.267941023875 61.99719157376896 61.75147242019668 61.537707503164604 61.36250378446564 61.23200574848764 61.15172671444864 61.12626262091459 61.12626262091459 61.12626262091459 61.12626262091459 61.12626262091459 61.12626262091459 61.12626262091459 61.12626262091459 61.12626262091459 61.12626262091459 61.12626262091459 61.12626262091459 61.12626262091459 61.12626262091459 61.12626262091459 61.12626262091459 61.12626262091459 61.12626262091459 61.12626262091459 61.12626262091459 61.12626262091459 61.12626262091459 61.12626262091459 61.12626262091459 61.12626262091459
