_RESULTS/CROSS_VALIDATION_POSTPROCESSED/Berg/IZ/9comp/4/Berg_IZ_z_1000_kriged_reverse_9comp_spherical_4.asc
ncols 100
nrows 90
xllcorner  5.6208707817415728
yllcorner 50.959635321741573
cellsize 0.00013419651685393446
nodata_value 1.7014100000000001E+038
[rows 0 to 17 of 90, columns 0 to 40 of 100]
0.009840714906841366 0.009840714906841366 0.009840714906841366 0.009840714906841366 0.009840714906841366 0.009840714906841366 0.009840714906841366 0.009840714906841366 0.009840714906841366 0.009840714906841366 0.009840714906841366 0.009840714906841366 0.009840714906841366 0.009840714906841366 0.009840714906841366 0.009840714906841366 0.009840714906841366 0.009840714906841366 0.009840714906841366 0.009840714906841366 0.009840714906841366 0.009840714906841366 0.009840714906841366 0.009840714906841366 0.009840714906841366 0.009840714906841366 0.009840714906841366 0.009926625181359705 0.010228246162883122 0.010742654814071759 0.011473272349415961 0.0124285555003821 0.013618563250527578 0.015052444657697053 0.016758169822064836 0.01872975968083765 0.020924978423388915 0.023264428728750272 0.025624104758275538 0.027836020051874143 0.029702124722235476
0.009840714906841366 0.009840714906841366 0.009840714906841366 0.009840714906841366 0.009840714906841366 0.009840714906841366 0.009840714906841366 0.009840714906841366 0.009840714906841366 0.009840714906841366 0.009840714906841366 0.009840714906841366 0.009840714906841366 0.009840714906841366 0.009840714906841366 0.009840714906841366 0.009840714906841366 0.009840714906841366 0.009840714906841366 0.009840714906841366 0.009840714906841366 0.009840714906841366 0.009840714906841366 0.009840714906841366 0.009840714906841366 0.009840714906841366 0.009860481310039877 0.010075367489460666 0.010522893774160571 0.011208370018830302 0.012146461778666982 0.013358500956959132 0.014885632618954862 0.016788639600669383 0.019090006273980602 0.0217910663409596 0.02485600258369649 0.02819202543242917 0.03163142862746209 0.034924527508649654 0.03775548594806492
0.009840714906841366 0.009840714906841366 0.009840714906841366 0.009840714906841366 0.009840714906841366 0.009840714906841366 0.009840714906841366 0.009840714906841366 0.009840714906841366 0.009840714906841366 0.009840714906841366 0.009840714906841366 0.009840714906841366 0.009840714906841366 0.009840714906841366 0.009840714906841366 0.009840714906841366 0.009840714906841366 0.009840714906841366 0.009840714906841366 0.009840714906841366 0.009840714906841366 0.009840714906841366 0.009840714906841366 0.009840714906841366 0.009840714906841366 0.009934329487621208 0.010275199702815997 0.010868893127772962 0.011731923837249709 0.012892437533648361 0.014421131335022153 0.01639912476661193 0.018887577595469243 0.021943431418053074 0.025602173072849045 0.029851700922368007 0.0345972846677832 0.03962288325890018 0.04456343970140562 0.048913557013410346
0.009840714906841366 0.009840714906841366 0.009840714906841366 0.009840714906841366 0.009840714906841366 0.009840714906841366 0.009840714906841366 0.009840714906841366 0.009840714906841366 0.009840714906841366 0.009840714906841366 0.009840714906841366 0.009840714906841366 0.009840714906841366 0.009840714906841366 0.009840714906841366 0.009840714906841366 0.009840714906841366 0.009840714906841366 0.009840714906841366 0.009840714906841366 0.009840714906841366 0.009840714906841366 0.009840714906841366 0.009840714906841366 0.009848749966961806 0.010046052601710834 0.010507099554353536 0.011245026086586429 0.012288947588610936 0.013722851291192599 0.015645027827118005 0.018147877520727527 0.02133965318576918 0.025333858846798337 0.030228153674894395 0.03606731424797162 0.042785833960573456 0.05013214701895923 0.057593205211482486 0.0643669402168859
0.009840714906841366 0.009840714906841366 0.009840714906841366 0.009840714906841366 0.009840714906841366 0.009840714906841366 0.009840714906841366 0.009840714906841366 0.009840714906841366 0.009840714906841366 0.009840714906841366 0.009840714906841366 0.009840714906841366 0.009840714906841366 0.009840714906841366 0.009840714906841366 0.009840714906841366 0.009840714906841366 0.009840714906841366 0.009840714906841366 0.009840714906841366 0.009840714906841366 0.009840714906841366 0.009840714906841366 0.009840714906841366 0.009885248295339244 0.010178625961196557 0.010751791105262578 0.011628197405483232 0.01288664313081164 0.014638704129806872 0.016992353837623753 0.020088785625299418 0.024101558662306365 0.029228871150176895 0.03567191278759258 0.043588625478696394 0.05300926831915126 0.06370310626319543 0.07500683175440048 0.08568464445169867
0.009840714906841366 0.009840714906841366 0.009840714906841366 0.009840714906841366 0.009840714906841366 0.009840714906841366 0.009840714906841366 0.009840714906841366 0.009840714906841366 0.009840714906841366 0.009840714906841366 0.009840714906841366 0.009840714906841366 0.009840714906841366 0.009840714906841366 0.009840714906841366 0.009840714906841366 0.009840714906841366 0.009840714906841366 0.009840714906841366 0.009840714906841366 0.009840714906841366 0.009840714906841366 0.009840714906841366 0.009840714906841366 0.009938435272634641 0.010315966635988466 0.010989953347040293 0.012017403597951965 0.01351672095690632 0.015596435207417825 0.018406832360424615 0.02214918326158308 0.027081871614716906 0.03352063024300381 0.04182370819442808 0.05234540261828547 0.0653306110913371 0.08071219370734675 0.0977792326997459 0.11476233688163162
0.009840714906841366 0.009840714906841366 0.009840714906841366 0.009840714906841366 0.009840714906841366 0.009840714906841366 0.009840714906841366 0.009840714906841366 0.009840714906841366 0.009840714906841366 0.009840714906841366 0.009840714906841366 0.009840714906841366 0.009840714906841366 0.009840714906841366 0.009840714906841366 0.009840714906841366 0.009840714906841366 0.009840714906841366 0.009840714906841366 0.009840714906841366 0.009840714906841366 0.009840714906841366 0.009840714906841366 0.009840858223412128 0.009995705270965289 0.01044326187496332 0.011211261632463115 0.012409175920072485 0.014140172604144867 0.016542728348391742 0.019813730321867423 0.024223203888906794 0.030131031722528685 0.038001620131352 0.04840716145370068 0.06199961010926668 0.07941153395493512 0.1010107499629089 0.12638344576383834 0.15341205400666624
0.009840714906841366 0.009840714906841366 0.009840714906841366 0.009840714906841366 0.009840714906841366 0.009840714906841366 0.009840714906841366 0.009840714906841366 0.009840714906841366 0.009840714906841366 0.009840714906841366 0.009840714906841366 0.009840714906841366 0.009840714906841366 0.009840714906841366 0.009840714906841366 0.009840714906841366 0.009840714906841366 0.009840714906841366 0.009840714906841366 0.009840714906841366 0.009840714906841366 0.009840714906841366 0.009840714906841366 0.009845469273890283 0.010046471792813405 0.010547651207685273 0.011421718968613253 0.012773249807671383 0.014714997217504881 0.01741688424668268 0.021122984323656793 0.02617502520911994 0.03304244346343472 0.04235715482299433 0.054946565040576816 0.07184788656909384 0.09426371819922312 0.12336648201897661 0.15973576003977435 0.20193073813306117
0.009840714906841366 0.009840714906841366 0.009840714906841366 0.009840714906841366 0.009840714906841366 0.009840714906841366 0.009840714906841366 0.009840714906841366 0.009840714906841366 0.009840714906841366 0.009840714906841366 0.009840846320128393 0.009846206798342205 0.009854671506274752 0.009861243648784134 0.009863021724580779 0.009859298757784917 0.009851588284978145 0.009843569585320679 0.009840714906841366 0.009840714906841366 0.009840714906841366 0.009840714906841366 0.009840714906841366 0.009851764183725907 0.0100825427888991 0.010632225606275074 0.011602129168524194 0.01308064739343199 0.015199271827039047 0.018155881977050276 0.022237280437078143 0.02785138600816784 0.035571000644199165 0.04619033620908149 0.06079279903892305 0.08082170234964497 0.10812974748933533 0.14494511164637558 0.1935851864704756 0.25536355904993513
0.009840714906841366 0.009840714906841366 0.009840714906841366 0.009840714906841366 0.009840714906841366 0.009840714906841366 0.009840714906841366 0.009840714906841366 0.009842608898392075 0.009867496983924954 0.00991160000573125 0.009963703378701597 0.010014090701413068 0.010054823404143215 0.010080067050765076 0.010086385880039966 0.010072937464870426 0.010041522807186242 0.009996480370485342 0.009944448368671536 0.009894049937192898 0.009855574609703426 0.009840714906841366 0.009840714906841366 0.009855170576607572 0.010098513614121025 0.010695234164534287 0.01173457164221656 0.013306051829621588 0.015555321077813926 0.018701575203672348 0.023064439852233942 0.029102989248633436 0.037470285846726924 0.049086925190380014 0.06523579976729511 0.08767631770583267 0.11876778697272782 0.16157691527215934 0.21992295095810555 0.298715928569217
0.009840714906841366 0.009840714906841366 0.009840714906841366 0.009840714906841366 0.009840714906841366 0.009840714906841366 0.009844661447212704 0.009889889664027474 0.009973618863895606 0.010081400730274793 0.010199520569310103 0.010315160255467906 0.010416791070458571 0.010494716118702499 0.010541657662950857 0.010553272711624996 0.010528490079384034 0.01046959682148511 0.010382055263449073 0.010274090238493721 0.010156133941177077 0.01004024168165843 0.009939592968577295 0.00986817451639682 0.0098537567663422 0.010098212379605112 0.010726756820140276 0.011805745801478546 0.013430316323785092 0.01575418783062075 0.01900862664663088 0.02353162747529846 0.02981035736560748 0.03854063153374081 0.0507070722113422 0.06768534809152657 0.09136084068056768 0.1242410485081825 0.17003575471302604 0.23396788498801865 0.32063844316190676
0.009840714906841366 0.009840714906841366 0.009840714906841366 0.009840714906841366 0.009840714906841366 0.00987445853569106 0.009973959903518296 0.01012329589953917 0.010306694840740623 0.010508331518080111 0.010712349225421337 0.010903242382956242 0.011066552420120543 0.011189778339401593 0.011263351101760778 0.011281488926743563 0.011242757855292943 0.011150215736948693 0.011011107548010848 0.010836179573084791 0.01063875901000024 0.010433782654909463 0.010236949607113079 0.010064130985765907 0.00993876274689531 0.010099041648125594 0.010721190479180883 0.011808113661394046 0.013442558270488457 0.015779390154675336 0.019051257365229782 0.023597621266234475 0.02990654522122676 0.0386721738222863 0.05086944797945514 0.06784217548954259 0.09149912405434171 0.12530410972399558 0.17308411757832923 0.2384485888835759 0.3222994329132256
0.009840714906841366 0.009840714906841366 0.009840714906841366 0.009843302348205211 0.009912337264649658 0.010062992020126916 0.010279296040611731 0.010545162266691194 0.01084364679580022 0.011156620083892229 0.01146490142606527 0.011748889480439085 0.011989661366103948 0.01217041902616976 0.0122780588315957 0.012304567970951245 0.012247948525289307 0.012112455912835765 0.011908094849489279 0.01164949215121168 0.011354400907722667 0.011042144108775749 0.010732274022184681 0.010443635179888383 0.010195488940092555 0.010222598376465102 0.01071680212329965 0.011740551983168084 0.013341350996357864 0.01562904726867563 0.01882702489033216 0.023259552806294444 0.02938924038885735 0.03786669528648947 0.04959078054667493 0.0660607120892789 0.0899762988728667 0.12429605642562704 0.17231769335432476 0.23641426736970214 0.31470173208945634
0.009840714906841366 0.009840714906841366 0.009846544439607871 0.009938930899612225 0.010131419982382553 0.010409078900334939 0.010756822917245478 0.011158173133926927 0.011594372448689069 0.01204396586788068 0.012482982933958492 0.012885838013104684 0.013226971107875208 0.01348308942494804 0.013635674532231433 0.013673264089425539 0.013592984458787094 0.01340094885940923 0.013111416993932508 0.012744933938639201 0.012325903918636532 0.011880129390898286 0.011432759785170742 0.01100691403666399 0.010623674903055278 0.010490932043710243 0.010825630530100144 0.011669823616802041 0.013134741264442515 0.01531587100036045 0.018356676653525795 0.02255228275888131 0.028318667272246772 0.03623118945775303 0.04738677363949955 0.06376344866839716 0.08759300749442284 0.12170129111856133 0.16907455370257266 0.23142669656621676 0.3060327757236802
0.009840714906841366 0.009844814297125042 0.009943264190285406 0.010161882826293052 0.010487488121315556 0.010907303144508825 0.011407275241617216 0.011973467023366956 0.012582356017094723 0.013204180916382655 0.013807545162290437 0.014361471748662822 0.014835254137739737 0.015192401418737358 0.015405696092333731 0.015458304080867466 0.01534598004334643 0.015077743404413195 0.014674454309480101 0.014165700310834 0.013585833646420045 0.01297009258947235 0.012351526473073006 0.011759080500406024 0.011220221151376771 0.010900725143312149 0.01104589785420813 0.011687557329150505 0.012906865878378184 0.014865096958978776 0.01768029803530367 0.021541046887730307 0.02680314082890071 0.034180591206121796 0.04510368096995885 0.06116672993003443 0.0845466328733002 0.11798211247878321 0.16434640079574106 0.22537883145200122 0.29902200974711773
0.009840912225339544 0.009923669063522027 0.01014703662340278 0.01051723708246191 0.011035233137461485 0.011679832972834718 0.012427377964511137 0.01324935417915314 0.014111017993324971 0.014971342089442055 0.015784607185912555 0.01650381506504653 0.017085745987744923 0.017496965953442287 0.0177195650541129 0.017755151785386714 0.017597841226459018 0.01722497699210125 0.016667039476564994 0.01596753685960118 0.015175713157581979 0.01434043229210873 0.013505654482231212 0.012707933337456607 0.01198215804156748 0.01145511416934393 0.01137329496483438 0.011786011474678205 0.012742281977823273 0.014362912958107467 0.016850965666530947 0.0203099492260814 0.025090740839919 0.032217487840664416 0.04279207074167065 0.05835223588283593 0.08101252025306419 0.11344322724734497 0.158532442257131 0.2184270968105655 0.2926300825940964
0.009889170686996613 0.010135018596819888 0.010583879902222766 0.011218456089369359 0.01202317847961482 0.01297975890692631 0.014063289250017538 0.015239033171909208 0.016460358087891116 0.017668480241169467 0.01879476664369362 0.01976613804780597 0.020513527932573453 0.020982355434336068 0.02114280644746338 0.020996971576778472 0.02058026887824328 0.019956332373884472 0.01917691662194223 0.018218515618620652 0.017144515986614213 0.016023301573171576 0.014913556885895008 0.013861302869605486 0.01290785620132658 0.01216303670685316 0.011808337741338272 0.011961165974892399 0.01263584790082099 0.013911847407057438 0.01594801141407031 0.018974513368485244 0.023520284976286703 0.030350008352060948 0.04048370612518816 0.055400155443385404 0.07713375903601007 0.108271637470523 0.15169529557382327 0.20985680105437468 0.28345595186680633
0.01015285335821664 0.010661024347207114 0.011398831223101282 0.012359490393864386 0.01353503660810619 0.014910890796570285 0.016460474636165498 0.01814026094138155 0.01988609720971001 0.021612044369651966 0.02321321136033506 0.024573916439221 0.025581653414037682 0.026145532467129674 0.026215321111702605 0.02579509781867741 0.024945750875388452 0.02377421654042628 0.02241298019334027 0.02099738480825711 0.019545496108627387 0.018050767711334112 0.01659111990619138 0.015223553301850528 0.013992970955532123 0.013013183485015284 0.012355878351563354 0.01221319723779529 0.01258673786929636 0.013514828245437966 0.01510382181368798 0.0177694608151772 0.02209352338248091 0.02858454662113331 0.03821365743749859 0.0523875936029683 0.07304246385261542 0.10264753442332805 0.14397431830206103 0.19941198381830047 0.2695492210835649
