_RESULTS/CROSS_VALIDATION_POSTPROCESSED/Berg/IZ/9comp/4/Berg_IZ_z_0_kriged_reverse_9comp_spherical_4.asc
ncols 100
nrows 90
xllcorner  5.6208707817415728
yllcorner 50.959635321741573
cellsize 0.00013419651685393446
nodata_value 1.7014100000000001E+038
[rows 18 to 35 of 90, columns 0 to 40 of 100]
0.004659365770137839 0.005159040666819084 0.005848262325276421 0.006746538748532637 0.007872779275300217 0.009238608860534974 0.010839854376374185 0.012646738372085325 0.014594389957194146 0.016576515560284274 0.018446109501625747 0.020027282712943982 0.021140673906052863 0.021640465209951408 0.02145391762038699 0.020607914142042598 0.019227741172124488 0.017505138384454565 0.015649263491228523 0.01384235995650858 0.012215495550604926 0.010800924843938397 0.009496596619733446 0.008330918937054486 0.007324426930322829 0.006529309200194002 0.005940022062465166 0.005623084463281142 0.005602797994377599 0.005871732973540032 0.006479919316337308 0.007637300236420309 0.009580535526975588 0.012477294917753647 0.016697174344844662 0.022791739648761775 0.031482200139886986 0.04362343006494481 0.06005692235911717 0.08126286851349315 0.1066903010400909
0.005215581388093965 0.005977147444412756 0.007007508724287702 0.008351388539112903 0.010053798875137644 0.012149652675616358 0.014649105352227874 0.017519274446965855 0.020664942077688653 0.023913276332431663 0.027010015363156652 0.029636045027433347 0.03145208277065291 0.03217202362485827 0.03164949504002214 0.0299419357291934 0.027311038468999235 0.024147102367596 0.020853711124476926 0.017752155656482776 0.015041199223703457 0.012807426148274997 0.011024968265528096 0.009496201348385925 0.008200204083090181 0.007175012932472302 0.0064099306973127036 0.005884018328233573 0.005668484998556876 0.005743321628765952 0.006171110537176755 0.00710558481822032 0.008735334376063414 0.011249863647817495 0.014882377601581166 0.020077632825667817 0.027406778977020835 0.03752945366412444 0.05106268873815685 0.06828670073593308 0.08862133079447937
0.00600888053980437 0.007126129051003726 0.008640389069182523 0.010639881750735535 0.013217765328229691 0.016455774606057436 0.020398915676267323 0.0250217153467243 0.03019006010432441 0.03562709449887744 0.0408962506236884 0.04541872195001228 0.04854516701713123 0.04969535883926884 0.04854950227934101 0.04521439045828017 0.04024383034718149 0.03445676090443959 0.028653275151945153 0.0234316858526409 0.019089778983666376 0.015635677596734288 0.012984826597459958 0.010974643298274031 0.009309959986450369 0.007975359978770394 0.006969294545181146 0.006234465088553799 0.005783629991003565 0.005664347301365929 0.0059378432789461595 0.006673141196009669 0.008009886804085814 0.010165183164062976 0.013276320875202937 0.017685568252802986 0.023846219689818766 0.0322742421195923 0.04344339240726732 0.05756196092433134 0.07420481288540416
0.007081991643447311 0.008688110961695538 0.010892825295635546 0.013859569618541337 0.017769311141624253 0.022794956658486274 0.02905798211718461 0.03656718442095972 0.04514607544134649 0.05436303354907157 0.06348480821199438 0.07148047561500179 0.07711508280329214 0.0791875271720201 0.07694097092335786 0.07051788314331427 0.06115345593288978 0.05090786051337254 0.041145894624262866 0.03265877527925008 0.02574298687442331 0.020355672916278118 0.016291815395469388 0.013305555592118651 0.011083776904379347 0.009294204353725542 0.00792737969294623 0.006905781818724871 0.006167819402516035 0.005772268727484507 0.005820803170436397 0.0063336878638609925 0.007415448135142798 0.009231174332935809 0.011889453229568974 0.015627031716134398 0.02080764983655694 0.027846400176928868 0.03713431459719831 0.04888175992261614 0.06193271627943962
0.008486010244961192 0.010763034697813477 0.013948611235042358 0.018334445722037795 0.024258130044441065 0.0320635711150936 0.042026911010755015 0.05424675009748015 0.06851136538221841 0.08416919857213204 0.10003303896750536 0.11434426297573669 0.1248395566488229 0.12904798326228478 0.12513724402905987 0.11408554205940566 0.09795078890805287 0.07983991780023056 0.06269128611224473 0.04815997563482722 0.03668288371946514 0.02800650563016622 0.021625916014911973 0.017022158837489178 0.01375749162026874 0.01131285916853918 0.009424379652987655 0.0079988139030731 0.006942286264732627 0.006253328886926464 0.006030620927941517 0.006265095671166213 0.007011499122152919 0.00845161289116841 0.01071974434310927 0.013891590091442377 0.01826079631587473 0.024171692128555185 0.03196822616187711 0.04144130147535945 0.05053945911831553
0.010273487628499143 0.013460452868394146 0.018021705702166102 0.024462902156370803 0.03339346279180746 0.04546569790543743 0.061246764681056075 0.08102067038117945 0.10455120502341055 0.13086722252305336 0.1581240974489204 0.18353419250209752 0.2033037349738225 0.21376980962374628 0.21230715664519972 0.19534174004962787 0.16554494432450534 0.13116139084249986 0.0995066182555108 0.07380717786740837 0.05433217738179351 0.0401214696073731 0.029967085733174192 0.022799826290893138 0.017787990766325795 0.014290669619996794 0.011641614876341312 0.009635461334967763 0.008134350497411217 0.007142491443374505 0.006616803346404045 0.006557029947365603 0.006991584810704865 0.008024685853941381 0.009801323085370718 0.012456907449879772 0.016157103500782175 0.021150899126372025 0.027638703649403327 0.03445668387588889 0.04049938669392306
0.012486690618232285 0.01688222916035449 0.023332994440936266 0.032691716799007925 0.04602566681229658 0.0645224671558202 0.0892617227806315 0.12084519317932677 0.15896705031290886 0.20209257885165782 0.24738661355368138 0.2908183419341213 0.3304762632674871 0.3629407996254557 0.37475882182853965 0.3493914405297044 0.28946535031547377 0.22039538422422073 0.16070573916755204 0.11510847395438537 0.08214361623591615 0.05892242719783918 0.04276688481045388 0.03159343165849854 0.023893136417272587 0.018612901952013303 0.014859787617208953 0.012009309493258458 0.009876595073884364 0.008453972136781476 0.007614506643475479 0.007243032142900236 0.007353078386987429 0.008031119605055016 0.009368711756509928 0.011404585181184842 0.01444437204085891 0.018685398562949335 0.02359745408673386 0.028228580951098207 0.03198647941451739
0.015139582411255629 0.021092141941179792 0.03006212264693455 0.04344700331561083 0.06306148383914968 0.09099121103035146 0.12916927569086523 0.17864575770457453 0.23875637148796425 0.30665899752500536 0.37765645649796664 0.4520236301016557 0.5321272000336292 0.6118041326721524 0.6696767020614041 0.64115622931941 0.5068599389944982 0.3655427793367194 0.25634561940978096 0.17845548925260468 0.12442304114918014 0.08736105417963327 0.062049510484716644 0.04478303937919189 0.033006528700405796 0.02498461689746765 0.019501320311729776 0.015413311003669095 0.012363673963463774 0.010310098729327569 0.009024731233738757 0.008326085764268094 0.008130552708849464 0.008453878862660753 0.009399692271928682 0.010925270381921514 0.013234083366575644 0.01653021482256944 0.019965483243211374 0.022906276599293507 0.024989319777435164
0.018193649947717744 0.026070151977644552 0.038265485146079865 0.05699870885086797 0.08526519335918419 0.1266178964163616 0.1843663637439577 0.2600622435363705 0.35174823811997785 0.4532383096371834 0.5621388748484467 0.684007395462174 0.8181718788094573 0.9649449268820562 1.1236559828343282 1.1686980945363974 0.8247652611173236 0.5689062080629395 0.39099621212337077 0.2689096914122503 0.18564256618774014 0.12899594094933436 0.09048199715905937 0.06428958463903153 0.04647259311913224 0.03436251683512034 0.026161206600129227 0.02028331723207811 0.015882227649205136 0.012894689851605053 0.010959544161441606 0.009797100940965245 0.009255693524391801 0.009285039436857967 0.009881435253027858 0.010946463569903694 0.01265442921886968 0.01475154490007114 0.016854635272040126 0.01852238630550392 0.019403261963539115
0.021531080240463272 0.03165466712406339 0.047758488419858185 0.07323877395756892 0.11288613418704883 0.17260781867670769 0.2579531373380048 0.3709246435117564 0.5060504539961729 0.6538276149451134 0.8170967365411279 0.9903894701517986 1.1693042261897002 1.3482529936733096 1.4997273828556847 1.4583564178235882 1.1212150970106871 0.7978705929939872 0.557703295037679 0.38778403629479524 0.26950398601602615 0.18773794674721808 0.13141258497437935 0.0927098282586793 0.0661869761348772 0.048074514182644364 0.03576992965481227 0.027257026743356533 0.020849815505505343 0.016468272290268503 0.013577387006993109 0.01174813805111816 0.01072682490693799 0.010390094450097025 0.010668033934917831 0.011376160282889522 0.012519662630962818 0.013554574691666186 0.014393997509837879 0.015038485563655985 0.015080651604264892
0.024934090847745848 0.03748729519186 0.05798003143874295 0.09137843467742177 0.14506141878356085 0.2286428035272144 0.35151523184809796 0.5163214824966373 0.7111639872657612 0.9290192854096373 1.1529865282325695 1.3648995530518357 1.5527918215695249 1.6987575001402129 1.7543726974799168 1.6349350998493768 1.3445889383949523 1.0189603617065053 0.7432259792795932 0.5326508371319142 0.37840889381593407 0.26761148593469447 0.1889085966978527 0.13348422374905006 0.09478375295301097 0.0680084069117124 0.04967045871158717 0.03716022868542111 0.027869315732783857 0.021392994794584185 0.01708959648276172 0.014297342601988366 0.012604394158185412 0.011778143795281795 0.011645973535521114 0.01195033684778653 0.01247841089080357 0.012683002661610559 0.012608329977714045 0.012344094773456755 0.011832784688098947
0.028084839532242896 0.042990379878727926 0.06789497864683215 0.10964196208871849 0.17902662444328193 0.29124011459094234 0.46264382734924564 0.6985426004572244 0.9869634026103709 1.2981596410503675 1.5767817798049464 1.7928093789220303 1.940841321353294 2.0121396859975604 1.9790642121019775 1.8137482104068556 1.5381607831110722 1.2252490106665281 0.937171388900445 0.6993189572769878 0.5135067805118533 0.3726197834769402 0.26782436203702054 0.1911174190195746 0.13588682424906265 0.09681709710470347 0.06968148445294764 0.051157819545334444 0.03769704517607196 0.02816240352574355 0.021768978712455 0.01758875064237181 0.01495823607293351 0.013476108641250739 0.012808134447832797 0.01262214728630335 0.012431182390550946 0.011881360522726427 0.011094056324852948 0.010184793307800696 0.00924137836036139
0.030601685902501386 0.04741942522982387 0.07603750247780076 0.12517180879556897 0.20945223549082925 0.3515079579781173 0.5799616686792525 0.9144080445014807 1.3514925933444129 1.7834216434261803 2.0820603524092833 2.237108897634911 2.292347812000896 2.2689655092205205 2.162848290447974 1.9690131994643782 1.7056290366576787 1.4131560357161603 1.1311033200861225 0.882436664942359 0.6746348697759259 0.5065804446572916 0.37387878964666527 0.27146564705899306 0.19444534380330455 0.13818399246824759 0.09830919074443237 0.07084642904154383 0.051281776397921044 0.037328598895171705 0.0279528870748929 0.021787464035038163 0.01786199109646742 0.015509950197803492 0.014141012173869328 0.013336508827641808 0.012393313698054239 0.011169328703311566 0.009823644588459966 0.008480840165227176 0.0072243718986031834
0.03222395809567621 0.05016695245233438 0.0809655247063443 0.13460361030900136 0.22881473769373753 0.39374439714543524 0.6750063987921537 1.1384079717041846 1.8134596288570233 2.403051182719884 2.6087483743035347 2.604156956878871 2.529659348708117 2.4174604587202784 2.2644665709254284 2.0655881453482228 1.8277695108338654 1.5699077544653388 1.3134297626989109 1.073975368962269 0.8595093623175936 0.6726567570768905 0.5136544699237714 0.3820916611518465 0.2771708287015792 0.19714181348421708 0.13890131534892786 0.09831871072653219 0.06981266043935591 0.0494258236865982 0.035905654517926225 0.027062207380090277 0.021383254995536737 0.01788783858438159 0.015620118490092679 0.014065299365873234 0.012378455419773208 0.01056206171817203 0.008788634109464686 0.007169258687124754 0.005759929321421393
0.033406271261249565 0.0517877169445966 0.08318282441604577 0.13767203453336546 0.23341469112300597 0.4027793611644556 0.702569855031865 1.2625441897771112 2.285550878559524 3.092366534619782 2.920437447684453 2.71969058166197 2.550966212272066 2.3977819476777156 2.241356734530607 2.069478488653197 1.8792623515492577 1.6757375183179528 1.4672971979278886 1.2612751532322375 1.062132278273986 0.8723079536114736 0.694363795950847 0.5326725088700296 0.3930832474184989 0.28039087359749926 0.19569228712664624 0.1359907608380435 0.09448449200350942 0.0650111779291999 0.045737428828098614 0.033390439506196724 0.02554401935794033 0.020574045715925617 0.01720576692447392 0.014801184570380673 0.012396484824760278 0.010067906954466427 0.007972268958056222 0.006185138625955011 0.004721625146109105
0.03416842541796401 0.05226751420382618 0.08263987093198095 0.13430475250960158 0.22305314464987847 0.3761180774401509 0.6427793162071829 1.1385750195983821 2.0094235002836953 2.696828938482823 2.60352343154137 2.441842828797197 2.3041955475925926 2.1860434864596154 2.0751037009291173 1.9615925708608262 1.8403192940026687 1.7101500970513903 1.5718894023359649 1.4258670481118265 1.2705750422996183 1.1032841739557633 0.9230838365147825 0.7354197266720249 0.5541406013895896 0.39642546798509554 0.27346906541228966 0.186137941983495 0.12614568565999032 0.08437905353223228 0.057418172599444275 0.04060353677411737 0.03013652224954301 0.023421838528287102 0.018831061974397226 0.015529250865842394 0.01245218897459969 0.009688929708770638 0.0073532761877975516 0.005468713375040929 0.004002035790672847
0.034503970590455124 0.05162365773575308 0.07949081380348133 0.1251712201825647 0.20010258150580923 0.32174639184502396 0.5202945028431742 0.8508287487479865 1.3155553692825486 1.7178961409265243 1.8707174791158705 1.8858438019418757 1.8605821997716634 1.8250914736951334 1.7876431979494234 1.7484039383642083 1.7059640991989657 1.6590590966127008 1.606091638198599 1.543550399868955 1.4641368777044381 1.355828195641909 1.2046833955883225 1.005388313573821 0.7758186578646221 0.5548680040430023 0.3761878373592386 0.24968359680509958 0.16444871077048964 0.10707971081848051 0.07053813005566797 0.04838241464085405 0.034880540289281455 0.026124750555931667 0.020274297916332895 0.016163711171508017 0.01252988038605787 0.009421241687991777 0.006909599287144862 0.004969809473017237 0.0035208211377557135
0.034509795381792364 0.050111876613407866 0.07447258394010595 0.11241769016166844 0.17081085988558295 0.258083293264573 0.3894681173495597 0.5855618921559076 0.8341618645412938 1.0707614633114608 1.2302517602932452 1.3161943195624992 1.3665587506892753 1.4042670382557365 1.4339766708680803 1.461667217903867 1.49018424385095 1.5209207668608877 1.5539197391749497 1.5865033415118357 1.6101551898645077 1.6052626222029471 1.5360373542070613 1.3602237635349108 1.0771045468779474 0.7631050676359944 0.5030239639979243 0.3236265327197816 0.2065301452649795 0.13104601396182386 0.0841451441688952 0.05616710858295241 0.039265856803275385 0.028423160440712126 0.021359814587310712 0.01655426270599159 0.012519663024798879 0.009193934065865167 0.006591442467009458 0.00463700622423627 0.003216237791718408
