_RESULTS/CROSS_VALIDATION_POSTPROCESSED/Berg/IZ/7comp/1/Berg_IZ_z_710_kriged_reverse_7comp_spherical_1.asc
ncols 100
nrows 90
xllcorner  5.6208707817415728
yllcorner 50.959635321741573
cellsize 0.00013419651685393446
nodata_value 1.7014100000000001E+038
[rows 0 to 17 of 90, columns 41 to 81 of 100]
0.010253774466378075 0.010985149677889543 0.011592631082183136 0.012009087084852882 0.01218984134763494 0.012129260894466186 0.011859958883058842 0.011436570555184832 0.010742807432042567 0.00977513839300319 0.008866918048577484 0.00803908038669924 0.007300821497398049 0.006653814833254419 0.0060953353295724365 0.005620411687157139 0.005223248287709037 0.004898143474445192 0.004640081887266508 0.00444513165065707 0.00431074218424312 0.0042360140547843 0.0041946685140847335 0.004161253708801444 0.004136200286987268 0.0041199579782424355 0.0041130016228789965 0.0041127669747274345 0.0041127669747274345 0.0041127669747274345 0.0041127669747274345 0.0041127669747274345 0.0041127669747274345 0.0041127669747274345 0.0041127669747274345 0.0041127669747274345 0.0041127669747274345 0.0041127669747274345 0.0041127669747274345 0.0041127669747274345 0.0041127669747274345
0.011266432524939085 0.012190404799030127 0.012963231043942343 0.013475213361132237 0.013650925300057216 0.013485911654171186 0.013037723236329787 0.012369220599048566 0.01146679963372854 0.010408071944889262 0.009378856591674074 0.008443416122175617 0.007616604855123098 0.0068984707844883305 0.006283298602513716 0.005763184699160328 0.005329813081273767 0.004975415324981904 0.004693309492681797 0.0044782204513417806 0.004326501387492431 0.004236336518549319 0.004193376649021678 0.0041603092110693045 0.004135574224831675 0.004119627025994366 0.004112947014818474 0.0041127669747274345 0.0041127669747274345 0.0041127669747274345 0.0041127669747274345 0.0041127669747274345 0.0041127669747274345 0.0041127669747274345 0.0041127669747274345 0.0041127669747274345 0.0041127669747274345 0.0041127669747274345 0.0041127669747274345 0.0041127669747274345 0.0041127669747274345
0.012293024443664185 0.01346391438491419 0.014463323084113938 0.015102761611345404 0.015242448049349136 0.014888514445771512 0.014164129910104458 0.013199230161796853 0.012082615696325384 0.010910083775875335 0.009784801973081732 0.008764323402969804 0.007866678953173147 0.007091433978246316 0.00643081383954683 0.005874627077361243 0.00541251132153989 0.005035000489529407 0.004734043778383952 0.0045032688720281835 0.00433814126706215 0.004236109649563331 0.004189576258499874 0.00415753988672857 0.00413375163269742 0.004118683023134726 0.004112826698866023 0.0041127669747274345 0.0041127669747274345 0.0041127669747274345 0.0041127669747274345 0.0041127669747274345 0.0041127669747274345 0.0041127669747274345 0.0041127669747274345 0.0041127669747274345 0.0041127669747274345 0.0041127669747274345 0.0041127669747274345 0.0041127669747274345 0.0041127669747274345
0.013254358866028696 0.014735758134243899 0.01606415166991021 0.016904903532752664 0.016962314608073407 0.016295318137109837 0.015200748701608108 0.013918664843621408 0.012583541119150875 0.01127992485239907 0.010068663282678388 0.008983835499138417 0.008035777113183555 0.007220790421516037 0.006528854408233116 0.005947948214957412 0.0054662111867257385 0.005072971804563846 0.0047592198109099055 0.004517819131195983 0.004343335987860313 0.004227389126148424 0.004169354277469377 0.0041340420602966575 0.004112248746517072 0.004104227636703627 0.004107691932023241 0.004112707003386245 0.0041127669747274345 0.0041127669747274345 0.0041127669747274345 0.0041127669747274345 0.0041127669747274345 0.0041127669747274345 0.0041127669747274345 0.0041127669747274345 0.0041127669747274345 0.0041127669747274345 0.0041127669747274345 0.0041127669747274345 0.0041127669747274345
0.014018420154687154 0.015850396530421598 0.01766195027238496 0.018894179384319573 0.018766583109376216 0.01756744351500594 0.01601414940542711 0.01442104574345544 0.012895824630580156 0.011484342764558546 0.010211452950812007 0.009088021017066813 0.00811320741150437 0.0072784252230190995 0.006571328904451972 0.005978587573441699 0.005487480065810663 0.005079459003113492 0.0047201697513273595 0.004418653113998807 0.004183927578246514 0.004021406842725908 0.003933531014665851 0.0038874906349688518 0.0038698826916924375 0.0038807620429293895 0.003917746949602885 0.0039700694373301475 0.0040270371084409765 0.004077852036021179 0.004109114481369521 0.0041127669747274345 0.0041127669747274345 0.0041127669747274345 0.0041127669747274345 0.0041127669747274345 0.0041127669747274345 0.0041127669747274345 0.0041127669747274345 0.0041127669747274345 0.0041127669747274345
0.01457466792353809 0.016711475875804054 0.019096261576380603 0.021279016519235097 0.020522035733186166 0.018438974301429288 0.01641990962537029 0.014583078748261915 0.012945717224227174 0.011486764468370719 0.010195864208271996 0.0090677977502292 0.008093451492986695 0.00726061837330046 0.006555586775391779 0.0059454374521813146 0.005369732069928311 0.004851019370979729 0.004406811708690299 0.004045359831263603 0.0037692357560822746 0.0035783831600847585 0.003471740757767495 0.0034195166255533366 0.0034070445048021503 0.003434275659410302 0.0034988170336739677 0.0035910946086476618 0.0037032773738415107 0.0038255568815082673 0.003944686190568113 0.004043978342060423 0.004103971561042428 0.0041127669747274345 0.0041127669747274345 0.0041127669747274345 0.0041127669747274345 0.0041127669747274345 0.0041127669747274345 0.0041127669747274345 0.0041127669747274345
0.014920824190667011 0.017109357794309096 0.019532520542338488 0.0217544781877233 0.020848700800040493 0.018604189375988726 0.0164543342116294 0.01451044905728015 0.012790250217405394 0.011294361864156303 0.010016546339457243 0.008922601851808024 0.007977486186535666 0.007164369544395609 0.006378736439096603 0.005624019517089184 0.004941036502514718 0.004351720867801648 0.003864240159421879 0.003478162024231186 0.00318879392364519 0.0029904490257412863 0.0028781250677808253 0.002824757031532889 0.002817318167042468 0.0028557577110271994 0.0029375748268220814 0.003056383178558651 0.003207648252228368 0.0033841906736400674 0.0035751211060791824 0.003765108183682247 0.003934175543055234 0.0040584489494210505 0.00411222724874331 0.0041127669747274345 0.0041127669747274345 0.0041127669747274345 0.0041127669747274345 0.0041127669747274345 0.0041127669747274345
0.015026323404524117 0.016989365865340327 0.018854952175870677 0.020003170940100103 0.019596523521210395 0.018029505773953406 0.0161360035234218 0.014275899060236063 0.012572022763567033 0.011066412933162132 0.009769388615843642 0.008676504789641677 0.007742549066218533 0.006791443903587131 0.005866184843005058 0.005023345279980147 0.004293008751294902 0.0036853686699267313 0.0031978757226116573 0.002821347706240708 0.0025444906692702164 0.0023569213682665185 0.002250248315596675 0.002200121431899826 0.0021968304199888452 0.002240347293513172 0.002328057897909224 0.002457912693951443 0.002628412302170958 0.002835964014654824 0.0030736089179411044 0.0033296677752743965 0.0035866363611948646 0.0038208255074126405 0.0040033364903372835 0.0041028746039171084 0.0041127669747274345 0.0041127669747274345 0.0041127669747274345 0.0041127669747274345 0.0041127669747274345
0.014993031516331986 0.016647423424097876 0.018014081949371083 0.018697239309269118 0.018389454678898375 0.017233716030681016 0.01564460438099829 0.013947288581565864 0.01231799312660333 0.010839867060961603 0.009546595312964591 0.00838955827958712 0.007215702273054972 0.006112254822696828 0.005123900697501367 0.004261770637158776 0.003542077953693385 0.0029625118116336515 0.0025105365723462753 0.0021697254421572942 0.0019239125337339018 0.0017596154568370048 0.0016660451618624105 0.0016221765294965084 0.001621784183281963 0.0016644222131172583 0.0017487043460615926 0.0018757427139697504 0.0020468066401430588 0.002262046405078541 0.0025190908230014702 0.00281131101556495 0.00312598227831234 0.003442808437217933 0.0037335083393537924 0.0039632748108805824 0.004094732187890092 0.0041127669747274345 0.0041127669747274345 0.0041127669747274345 0.0041127669747274345
0.014956057790846609 0.016344210157621313 0.01737660189645931 0.017810198519185503 0.01750575053382945 0.016544381519926103 0.015165959642425897 0.013616630633525473 0.01207160767779242 0.010633774276692761 0.009295558927398589 0.007879293610998378 0.006512041436955287 0.005296975281169304 0.00428029595144276 0.003456560306191015 0.0027925858278500604 0.0022739090710898655 0.0018802359262882567 0.0015902901654798918 0.0013851975520715457 0.0012501197129601736 0.001172936726199654 0.001136790181151903 0.0011380565206052693 0.0011756281445339776 0.0012501854471040068 0.0013644604499398463 0.001521927670389123 0.0017259715745447368 0.0019785854133740166 0.0022785429672551785 0.002619127878164559 0.0029857589806262406 0.003354186401327465 0.0036902428457053008 0.003952216018491856 0.004096521800487368 0.0041127669747274345 0.0041127669747274345 0.0041127669747274345
0.015016400309041366 0.016206578502714782 0.017017204550967266 0.01728910144078329 0.016951759383397918 0.016068706709473315 0.014806026132552426 0.013354885665749244 0.011873589918982254 0.01043544542673319 0.00883261782835237 0.007207648327611359 0.005726826436976195 0.00447404968350709 0.0034706182283017724 0.002699679396615973 0.002118117516348425 0.0016773577998399224 0.001351578466344187 0.0011171996477549824 0.0009546654101586637 0.0008492668616484064 0.0007885189550996624 0.0007602301252119209 0.0007618831677686836 0.0007926565134888418 0.0008543526916630622 0.0009504916122814883 0.0010859772051111298 0.0012665326077007093 0.0014976717447294334 0.001783040574179598 0.0021220528097551632 0.00250697129224674 0.0029199635735335395 0.003331124215684967 0.0036988163446142292 0.0039736344483478 0.0041065265377916065 0.0041127669747274345 0.0041127669747274345
0.015237911739003735 0.01629039052301246 0.016948117887896564 0.01709857296016626 0.01670630456509826 0.015832268737920673 0.014611346522201502 0.013203872459679975 0.011750647145496623 0.01007225419574815 0.008224357680806038 0.006463327258254859 0.004938466256475398 0.0037059255648398703 0.0027592116786811192 0.0020593705879737335 0.0015570574743109626 0.0011975333910266089 0.0009387311720229013 0.0007569009304035213 0.0006333446326527716 0.0005545075590855969 0.0005083306053711512 0.0004870819915333292 0.0004884066285506151 0.0005122595479058208 0.0005605926908721742 0.000637199136547538 0.0007476449460547072 0.0008990012661668406 0.0010991779593600244 0.0013556166740932353 0.0016731272674050718 0.0020508128172450277 0.0024783842216221244 0.0029327115210799784 0.003376054519058741 0.003757739216422157 0.0040206668709634 0.0041127669747274345 0.0041127669747274345
0.015663795396682178 0.016626891145572736 0.01717432477747911 0.017220875842750807 0.016753397785815742 0.015838062745879816 0.01459966683193765 0.013184534336817518 0.011574410381043012 0.009587655259225485 0.0075535710023297235 0.005718561440702698 0.0042030309268666945 0.0030299983531969256 0.0021649634198826423 0.0015495960344821718 0.0011233680793809036 0.0008339490492686258 0.000634601528184425 0.0004978953755075662 0.0004069336408244807 0.0003496223744904165 0.0003156141758258349 0.00030000319445662194 0.0003009803270137691 0.0003186489442061097 0.0003548594697138494 0.0004132913687782896 0.0004995565307789204 0.000621204491243136 0.0007874308133570802 0.0010082097355076148 0.0012925327174783286 0.0016455105344796723 0.002064380667770024 0.002534012595306975 0.003023255222308312 0.003484140420050884 0.0038560426000902905 0.004075869995213724 0.0041127669747274345
0.016330553228465137 0.017244099663313826 0.01770816345713005 0.01765434887653395 0.017087629759116492 0.016085904108063515 0.014777184849652777 0.013284776999585014 0.01131087600418288 0.009054839875702707 0.006885324927886838 0.005023969562080737 0.0035536720840202646 0.00246199918876659 0.0016882861853789954 0.0011584425147223138 0.0008044742007133897 0.0005722225431284997 0.0004210112430747267 0.00032041848974375173 0.00025493508596416105 0.00021387486276544187 0.00018944942735416912 0.00017830936178875637 0.0001790041482404501 0.00019162476557832358 0.00021781192022459606 0.0002608951237010848 0.000326122021717515 0.00042088241758964366 0.0005547498559736449 0.0007390595243036292 0.0009856465001021233 0.0013043560665535095 0.0016991205542761395 0.0021628878188476486 0.0026725039503826317 0.0031855923050895314 0.003642025901675034 0.0039720696867984965 0.004132267325531405
0.01727688504363409 0.018176873253502146 0.018574579634412794 0.018412505400752493 0.01771454127150476 0.016578177580775417 0.015145861540035587 0.013375820926416785 0.011020382862020953 0.008530013077182529 0.006264784860196811 0.004409620955439218 0.0030046156799752545 0.0020020804398493764 0.001318291546377834 0.0008671809099193787 0.0005764954928377356 0.0003921677488682296 0.0002766925487540363 0.0002034964356688085 0.00015688637548145885 0.00012758366334661103 0.00011040660155688936 0.00010267171882584355 0.00010315219522850837 0.00011192454903828534 0.00013037855173398026 0.00016138916966773536 0.00020962567757148296 0.0002819307070242625 0.0003876257900512215 0.0005384847417090268 0.0007479814052029386 0.001029327380129411 0.001391887554238617 0.0018359490088089578 0.0023466217518532083 0.002888762585228886 0.0034071187696294468 0.0038655630765425737 0.0042057416772617335
0.01854933430793891 0.01947289520825404 0.019814396681586362 0.019523851186975322 0.018649600229688066 0.01732030309567925 0.01570175858744151 0.013472905104386488 0.010749140593796135 0.008052437746854978 0.005719471903395035 0.00388934007551522 0.002556880503596352 0.0016411163669700056 0.001038898124352325 0.0006556141041662148 0.00041720576757308856 0.000271116772967495 0.0001824712014720009 0.00012885895853731986 9.541159546073803e-05 7.466754524690811e-05 6.277871840333689e-05 5.750144857050008e-05 5.782777115250173e-05 6.382020397343058e-05 7.66223032040796e-05 9.864458498786544e-05 0.00013391513190549807 0.00018855514637709355 0.0002712736367014334 0.0003936593141022764 0.000569888380953626 0.0008153138417641696 0.0011433703065240114 0.0015604940549721984 0.0020594882970618967 0.002615108311664838 0.0032148266876562744 0.0038129791877452805 0.004329864024898753
0.020206057216056193 0.02119770638998405 0.02148773541517006 0.021031990083643926 0.01991583702254304 0.018317901867429806 0.016360673376800635 0.01361200916067685 0.010529614824400655 0.007646894941568812 0.005263393867933704 0.0034658844330444916 0.00220377077926643 0.0013658375019509725 0.0008331245274159879 0.0005052749196608119 0.00030807528755375803 0.00019119260962360723 0.00012247737318141653 8.224192133871085e-05 5.7887447208009546e-05 4.322556811431922e-05 3.5029510710451806e-05 3.144977213177698e-05 3.1669981824526775e-05 3.5740483564991015e-05 4.458888471714917e-05 6.0207738722184506e-05 8.60196131889134e-05 0.00012740335268616795 0.00019231161931188354 0.00029179941635823687 0.0004401121223136528 0.000653784243964864 0.0009490806659913761 0.0013372565370892437 0.0018187155505730642 0.0024052511712930693 0.0030879114795631523 0.0038188263166989618 0.0045149391397962
0.022318806976622283 0.023440193320532616 0.023678327234920547 0.022994887995256057 0.02153843883879001 0.019569915475518923 0.01710353943373051 0.013815880629362712 0.010381645299107636 0.007326877862199545 0.00490138413152236 0.0031356131906626478 0.0019352108211199935 0.0011623748798444014 0.0006856172981175499 0.00040090747686123354 0.00023476830061040435 0.00013923382888395393 8.476347089721471e-05 5.357529785229082e-05 3.553570274886913e-05 2.5035391293021537e-05 1.9321470676274492e-05 1.686962773972396e-05 1.701959635415358e-05 1.981182794249967e-05 2.5997834028147962e-05 3.722448890647061e-05 5.63977925083096e-05 8.82282934011149e-05 0.0001399200078788465 0.00022186251527316214 0.00034801151533422236 0.0005354173873045864 0.0008021738247151461 0.0011631088836169757 0.0016418449817118524 0.002263542379935041 0.003024701360988187 0.003888167166855937 0.0047721762720878145
