_RESULTS/CROSS_VALIDATION_POSTPROCESSED_CLR/Berg/GZ/6comp/2/Berg_GZ_z_180_kriged_reverse_6comp_spherical_2.asc
ncols 100
nrows 90
xllcorner 5.6208707817415728
yllcorner 50.959635321741573
cellsize 0.00013419651685393446
nodata_value 1.7014100000000001E+038
[rows 60 to 79 of 90, columns 44 to 87 of 100]
6.339169357838816 6.367227188424113 6.353340246600201 6.297034957213539 6.196591234950524 6.053048374209033 5.8794076046403445 5.691797226155603 5.495261652501591 5.294619189282752 5.0955175653421465 4.904721600499039 4.735482515233539 4.600168496193614 4.50672513202449 4.460183243957643 4.457175784878105 4.482875008321399 4.528801088123815 4.604214228515774 4.715230786563896 4.8505779854050335 4.991424392117411 5.133816714898455 5.273042115055048 5.403695896110934 5.521767026214052 5.624525423078367 5.710395010530177 5.778822189625551 5.830066730657136 5.856351288465168 5.851688279719588 5.816038559476214 5.7573861240000594 5.706147824366851 5.666023690028948 5.6342074822517825 5.612113473329876 5.597272804930981 5.590674179293384 5.590448676565431 5.590448676565431 5.590448676565431
6.264916270872013 6.293578251765497 6.2774336709737115 6.216507773481739 6.116136779193016 5.979072941594574 5.812576805217325 5.631235415750241 5.445484660937137 5.259704413111855 5.079055997409987 4.909505996459998 4.7579232990776985 4.636637678321313 4.553155205649869 4.509580371295805 4.503462490146934 4.528923308051612 4.582391511420463 4.660466674888175 4.7625629167895935 4.8814869126000024 5.004886660686591 5.128235300433242 5.247557660175547 5.359979730469799 5.464506964897722 5.558760689157726 5.641000665189386 5.709884615911708 5.756433766107518 5.77638834231332 5.768829724158221 5.733387245781287 5.688740829889319 5.655808640988343 5.63170966616312 5.612052802422866 5.598076622531973 5.591044633107842 5.590448676565431 5.590448676565431 5.590448676565431 5.590448676565431
6.19050254361673 6.222164158354582 6.212114755304671 6.160923783507757 6.070485432357059 5.944341703404802 5.7938841917240325 5.62767226389051 5.4524638558004295 5.2797174208144035 5.115080067301966 4.963600284630383 4.830641716741215 4.721639890180295 4.645619144105286 4.605942650734093 4.599357870619755 4.621153647687264 4.668052985852553 4.738676976771835 4.831633392831692 4.9355118558029885 5.044236148924298 5.154373468414108 5.262670478656094 5.366358085934282 5.463286644358703 5.551950544535896 5.628916129474541 5.686262779822005 5.721593672431374 5.733168672782518 5.719535990087399 5.682771376440273 5.649017173710019 5.625552422537379 5.60912815382358 5.597208845036798 5.591035723852419 5.590448676565431 5.590448676565431 5.590448676565431 5.590448676565431 5.590448676565431
6.128767515286961 6.164947990801019 6.1611150634253695 6.118222726219922 6.038353771329597 5.9289956232883805 5.799827569017843 5.6569528194770715 5.50615448339182 5.352022799032387 5.202127153675285 5.065795873877736 4.947548668002897 4.851013175818555 4.778804388380604 4.735497733256179 4.72219422092631 4.736590641031712 4.776528150278782 4.840507624977484 4.922758558408313 5.013196913677236 5.109014158858365 5.207401952114132 5.305652516435074 5.4013716462206 5.491675818341486 5.569688350774462 5.631889171708464 5.6757288990209345 5.699024738332764 5.699912708441975 5.676794867874908 5.643287343885343 5.618569762898262 5.603997930839231 5.59498071343174 5.590658040881986 5.590448676565431 5.590448676565431 5.590448676565431 5.590448676565431 5.590448676565431 5.590448676565431
6.081983128565879 6.123864977218343 6.1269430897873 6.092395845649562 6.023836339248266 5.930905546320616 5.819174174864662 5.694314047324836 5.5626001301024885 5.4307144802824485 5.304337899885773 5.185867194889533 5.08013513889183 4.992911615986163 4.927468339814039 4.884975901177758 4.8669960404225545 4.875799092135385 4.910047189879695 4.967284998186224 5.0370371620951495 5.115175750075573 5.199321274685481 5.2870531052893 5.374160547528001 5.456072484702978 5.529383105667963 5.590953852816831 5.6379551831147205 5.667875239782467 5.678505524202211 5.667912192368648 5.6388300640373865 5.614101018947963 5.598557142303369 5.592282654253286 5.590448676565431 5.590448676565431 5.590448676565431 5.590448676565431 5.590448676565431 5.590448676565431 5.590448676565431 5.590448676565431
6.054190799046021 6.095237786035815 6.105658985904471 6.07967227093071 6.025067501107074 5.947503146296858 5.851668971312828 5.742903705292585 5.627045181513024 5.510252799310792 5.398809320740034 5.298893483838069 5.2122834336152915 5.1399069354680735 5.084780955764791 5.049059983150107 5.034065778565542 5.040460264637456 5.070074966271063 5.116595292253687 5.173494631163561 5.238055232547034 5.307326692491034 5.378169558026539 5.447349162977587 5.511645872547581 5.567953486942926 5.6133517258971946 5.645150042010454 5.66090613236328 5.658424817348449 5.636393612713016 5.6125829159906955 5.596785460762954 5.5905335322475125 5.590448676565431 5.590448676565431 5.590448676565431 5.590448676565431 5.590448676565431 5.590448676565431 5.590448676565431 5.590448676565431 5.590448676565431
6.049703344247567 6.078678595778239 6.093443207738375 6.079392000590374 6.038783546844146 5.975499281445059 5.894079427464464 5.799614745350126 5.69760662854738 5.593804863403254 5.494030450811253 5.403989427501015 5.329085469987497 5.271789225497715 5.229326233672907 5.203463830996275 5.195620752716715 5.206655292094569 5.232844706587892 5.267625300060253 5.310050102627155 5.359046909964001 5.411962388937172 5.465964526868036 5.518140238321657 5.565572701161939 5.605414980848432 5.634949415329696 5.651628403543189 5.653096789473083 5.637198537773176 5.614939659557148 5.599703412702159 5.591782563141329 5.590448676565431 5.590448676565431 5.590448676565431 5.590448676565431 5.590448676565431 5.590448676565431 5.590448676565431 5.590448676565431 5.590448676565431 5.590448676565431
6.067514057394517 6.083999419899915 6.091737222830882 6.089169134858853 6.061834160006113 6.0117183650577095 5.9432740841113585 5.861426403951007 5.771436537389143 5.678750980524502 5.588843802961424 5.507058699522317 5.438458598208235 5.387693749980077 5.356803242373771 5.340797939667386 5.340407942014847 5.3536811560906425 5.374726113774841 5.402371971174894 5.43530944889998 5.471961144731608 5.510497423330154 5.548862079336842 5.584845752161726 5.6160816368893665 5.639963154115177 5.65395690716055 5.65564995230742 5.642539126712708 5.621365342887787 5.605105375241655 5.594584026909491 5.590480840029475 5.590448676565431 5.590448676565431 5.590448676565431 5.590448676565431 5.590448676565431 5.590448676565431 5.590448676565431 5.590448676565431 5.590448676565431 5.590448676565431
6.105639203002698 6.1153419000809555 6.115263773518592 6.108050366614536 6.0911641012815085 6.053068965323333 5.996186420514995 5.925358768459159 5.845698613583454 5.762445255075653 5.680823371646541 5.605909276184663 5.542510209253825 5.495063386359184 5.467562409307798 5.460712052892487 5.465111453022328 5.4757716226918145 5.49204483544859 5.513035610037778 5.537566935107302 5.564204022179733 5.591276489037236 5.616904725045645 5.639032727209698 5.655465838224132 5.663909715271816 5.662006777684692 5.647367508364757 5.626435430268988 5.609602765292654 5.597653024085476 5.591306062104195 5.590448676565431 5.590448676565431 5.590448676565431 5.590448676565431 5.590448676565431 5.590448676565431 5.590448676565431 5.590448676565431 5.590448676565431 5.590448676565431 5.590448676565431
6.1675080933836774 6.17426947711584 6.16737273452607 6.151297044443925 6.12760147927367 6.096503814591994 6.04976951919563 5.988424175568497 5.917519147082636 5.842171425681049 5.767436287261663 5.698194889182751 5.639058699724605 5.594293299671088 5.567730368265333 5.559063545122968 5.562886501239017 5.571042708141511 5.582892820432285 5.597647375137116 5.614247598688395 5.631388954338532 5.647544402568107 5.660989826403625 5.669832793854128 5.672043993726552 5.665489406928248 5.648224355568935 5.628661315827087 5.612340112545956 5.600048820842802 5.5925380577834245 5.590448676565431 5.590448676565431 5.590448676565431 5.590448676565431 5.590448676565431 5.590448676565431 5.590448676565431 5.590448676565431 5.590448676565431 5.590448676565431 5.590448676565431 5.590448676565431
6.255234250870092 6.259226445056772 6.24796961153054 6.222902737995214 6.1889611362981505 6.14781690015411 6.10115733805252 6.0475757055969375 5.983941283874985 5.915107671133872 5.846023113284856 5.781425205858778 5.725769007855211 5.682312266292801 5.650939335411439 5.6335473253854715 5.631806745706413 5.637665469490911 5.6453864552632025 5.6542684048296366 5.663355854439807 5.6714605022055835 5.6771832004470975 5.678937456133224 5.674974851922164 5.663411958226645 5.645043198311684 5.627725501296934 5.612829101634715 5.601148197867027 5.593447531248 5.590462577783089 5.590448676565431 5.590448676565431 5.590448676565431 5.590448676565431 5.590448676565431 5.590448676565431 5.590448676565431 5.590448676565431 5.590448676565431 5.590448676565431 5.590448676565431 5.590448676565431
6.368619828991176 6.369966806895369 6.354466009834469 6.322858660455929 6.277954853285936 6.225055494336253 6.166483388615225 6.104610741743273 6.041918303878031 5.978295288577092 5.913783089588253 5.852542741772282 5.7963025418723415 5.747745124369344 5.7094390226889695 5.683564835024633 5.671927738527128 5.673820220561373 5.677661241519023 5.680985887352186 5.682928126320578 5.682402194933021 5.6781224162975406 5.668624350024658 5.653645775001682 5.638242013397077 5.623760946839068 5.610984548102551 5.6006856706419255 5.593621177985944 5.590528110199076 5.590448676565431 5.590448676565431 5.590448676565431 5.590448676565431 5.590448676565431 5.590448676565431 5.590448676565431 5.590448676565431 5.590448676565431 5.590448676565431 5.590448676565431 5.590448676565431 5.590448676565431
6.5074508629703764 6.506235194671568 6.486053660684489 6.447993957052962 6.394232123099097 6.328606041979887 6.257003449377818 6.182481438505924 6.107787908571548 6.0345776788387395 5.964514666871105 5.899228942717526 5.83882676377474 5.784839719459545 5.739774242784291 5.705764653039985 5.684590811930562 5.677698289406295 5.677867523625039 5.675908672905106 5.671028662439544 5.662457794629119 5.651898134345127 5.640422736849734 5.628674494631911 5.61733981185412 5.6071309027299865 5.598771615668475 5.5929867692510795 5.590494632711498 5.590448676565431 5.590448676565431 5.590448676565431 5.590448676565431 5.590448676565431 5.590448676565431 5.590448676565431 5.590448676565431 5.590448676565431 5.590448676565431 5.590448676565431 5.590448676565431 5.590448676565431 5.590448676565431
6.668559354275639 6.6659229392154025 6.640928782245026 6.595370814035121 6.532254658300816 6.45525790768782 6.368583517597935 6.278129235729954 6.187127046771034 6.097946976876427 6.012628397624971 5.9329357619657 5.860423874032437 5.796502122064235 5.742493052497307 5.699683370830873 5.669366430985845 5.652875565629818 5.6492000353764515 5.645639649503704 5.640318659554797 5.633568735846649 5.6258193653047535 5.617580929144937 5.609427071723904 5.601977843006378 5.595884660978016 5.591817672143269 5.590448676565431 5.590448676565431 5.590448676565431 5.590448676565431 5.590448676565431 5.590448676565431 5.590448676565431 5.590448676565431 5.590448676565431 5.590448676565431 5.590448676565431 5.590448676565431 5.590448676565431 5.590448676565431 5.590448676565431 5.590448676565431
6.839233021195064 6.836040768935704 6.80588369657003 6.751375369419622 6.676718550834646 6.58677114000718 6.486321340468065 6.379702510872458 6.271817014782556 6.166638660499991 6.066313989502231 5.972653402060335 5.887226492552697 5.81144258921757 5.74661659307513 5.694021786625287 5.654931269299399 5.630649231252958 5.622397206778894 5.619897492713902 5.616205566126309 5.6116118837064795 5.606495229310809 5.601309608440334 5.596570260171749 5.592839888518783 5.590715957184711 5.590448676565431 5.590448676565431 5.590448676565431 5.590448676565431 5.590448676565431 5.590448676565431 5.590448676565431 5.590448676565431 5.590448676565431 5.590448676565431 5.590448676565431 5.590448676565431 5.590448676565431 5.590448676565431 5.590448676565431 5.590448676565431 5.590448676565431
7.017010344674195 7.013080949599876 6.976172770706843 6.910343266819282 6.821724016530631 6.716840218949628 6.601588061914525 6.480897517077938 6.358777634090553 6.238508811300147 6.123686683310143 6.016752428322046 5.919221606318758 5.832451409058285 5.757709984058018 5.6962282687402706 5.6492385743423466 5.618002666218442 5.6038311152691005 5.601891706864849 5.599721679153097 5.597150368495686 5.594514997939287 5.592222639975976 5.590739017809592 5.590448676565431 5.590448676565431 5.590448676565431 5.590448676565431 5.590448676565431 5.590448676565431 5.590448676565431 5.590448676565431 5.590448676565431 5.590448676565431 5.590448676565431 5.590448676565431 5.590448676565431 5.590448676565431 5.590448676565431 5.590448676565431 5.590448676565431 5.590448676565431 5.590448676565431
7.200671436914144 7.1957008781374 7.149478091143625 7.068834935933175 6.963120952681373 6.841123241541578 6.709879523242466 6.574714398836304 6.439650864178895 6.307811062031363 6.1817129640209965 6.063470803253659 5.955007252788331 5.8583404106071955 5.774763548167005 5.705444508457408 5.651561383987218 5.614325857385909 5.594998935007609 5.5921338151879985 5.591395544654435 5.590733024671755 5.590448676565431 5.590448676565431 5.590448676565431 5.590448676565431 5.590448676565431 5.590448676565431 5.590448676565431 5.590448676565431 5.590448676565431 5.590448676565431 5.590448676565431 5.590448676565431 5.590448676565431 5.590448676565431 5.590448676565431 5.590448676565431 5.590448676565431 5.590448676565431 5.590448676565431 5.590448676565431 5.590448676565431 5.590448676565431
7.388900975470338 7.382321213514627 7.322306710603974 7.2216300954130865 7.095049893442795 6.953992491907819 6.806205847062457 6.656893956464699 6.509713733240579 6.367405074214208 6.232157530751034 6.105821645739084 5.990032816903413 5.886285812075226 5.795980895346468 5.720453193708017 5.660991895358055 5.618853111320761 5.595268686964327 5.590448676565431 5.590448676565431 5.590448676565431 5.590448676565431 5.590448676565431 5.590448676565431 5.590448676565431 5.590448676565431 5.590448676565431 5.590448676565431 5.590448676565431 5.590448676565431 5.590448676565431 5.590448676565431 5.590448676565431 5.590448676565431 5.590448676565431 5.590448676565431 5.590448676565431 5.590448676565431 5.590448676565431 5.590448676565431 5.590448676565431 5.590448676565431 5.590448676565431
7.580088628081568 7.570647719434602 7.4882320544850804 7.360062534504351 7.209090156816569 7.048317837065982 6.884843207875872 6.722908658268252 6.565374134777422 6.414393965396732 6.271739854210217 6.138964016145374 6.017486379857054 5.9086436683445855 5.813718308674991 5.733956151573067 5.670577716673016 5.624785550146951 5.5977691699835255 5.590448676565431 5.590448676565431 5.590448676565431 5.590448676565431 5.590448676565431 5.590448676565431 5.590448676565431 5.590448676565431 5.590448676565431 5.590448676565431 5.590448676565431 5.590448676565431 5.590448676565431 5.590448676565431 5.590448676565431 5.590448676565431 5.590448676565431 5.590448676565431 5.590448676565431 5.590448676565431 5.590448676565431 5.590448676565431 5.590448676565431 5.590448676565431 5.590448676565431
7.771285544851475 7.755340784239014 7.632649139220055 7.469300923139901 7.293754438179281 7.115814473222787 6.9398454291894875 6.768412659108801 6.603374799239278 6.446271795065848 6.2984838554826315 6.161304277466772 6.035975888680494 5.923710622329756 5.825700658464573 5.743125077971415 5.6771540013538875 5.628951254010846 5.599676134901198 5.590448676565431 5.590448676565431 5.590448676565431 5.590448676565431 5.590448676565431 5.590448676565431 5.590448676565431 5.590448676565431 5.590448676565431 5.590448676565431 5.590448676565431 5.590448676565431 5.590448676565431 5.590448676565431 5.590448676565431 5.590448676565431 5.590448676565431 5.590448676565431 5.590448676565431 5.590448676565431 5.590448676565431 5.590448676565431 5.590448676565431 5.590448676565431 5.590448676565431
