_RESULTS/CROSS_VALIDATION_POSTPROCESSED_CLR/Berg/GZ/6comp/2/Berg_GZ_z_90_kriged_reverse_6comp_spherical_2.asc
ncols 100
nrows 90
xllcorner 5.6208707817415728
yllcorner 50.959635321741573
cellsize 0.00013419651685393446
nodata_value 1.7014100000000001E+038
[rows 19 to 37 of 90, columns 0 to 42 of 100]
1.2313408063278029 1.2139957372032735 1.1959462627145978 1.1781727465485252 1.1616085821694278 1.147111123187237 1.1354287397279244 1.12716666033844 1.1227553613428598 1.1224257829657986 1.1261952138117315 1.1338662106569084 1.1450387398616855 1.1591334885474778 1.1754226734363744 1.1930640672333126 1.2111343471854663 1.2286589095825413 1.2403473797913982 1.2223425542823823 1.1717702909015122 1.0894263575552996 0.9769901095472127 0.8402921129964356 0.6820522044296317 0.5282233311388709 0.3939780500997099 0.2785312695624629 0.18191273778598482 0.10436768560529774 0.039510938425920905 -0.02018055795313045 -0.07290754540108257 -0.11923679707911705 -0.14390024084882858 -0.11639275765843071 0.010271345448780833 0.26179167998585506 0.6033916221839281 0.9814841390664875 1.3538100974895024 1.6821202591985793 1.9288502718069518
1.2020157498852038 1.1789856380480792 1.155568158744839 1.1328495847703701 1.1118807967223021 1.0936423308785579 1.0790026804455868 1.0686731779689056 1.063164797289716 1.0627534234210843 1.067459759599176 1.0770477806710586 1.0910420436318153 1.108760457106739 1.1293565787342343 1.1518648299247003 1.1752430197363575 1.1984085107312263 1.2180547695436748 1.2108932007059894 1.1715630177668002 1.1008673237309532 0.9996722934062309 0.8700330119838082 0.7186265612585672 0.5636410029150842 0.42789036332562813 0.3116435548553449 0.21522999583814184 0.13850861529866965 0.07043881040324673 0.010198186259436026 -0.03681057015633771 -0.06317667006844929 -0.061877897877997246 -0.012423487175903247 0.10814263728133766 0.3080451077736823 0.5701270628282382 0.8622054867634508 1.1506416312505579 1.4073974617338683 1.6104819008584115
1.1667428387353325 1.1377652287430564 1.1086676510217741 1.0806562767697927 1.0549204778293517 1.032591430657356 1.014689353752295 1.002063254383851 0.995330712499133 0.9948279139072143 1.0005801654851667 1.0122996089333216 1.0294106738719446 1.0510974112688432 1.076362798008967 1.1040895796480539 1.133094584332035 1.1621720511999247 1.1896488069497646 1.1951474576953518 1.1688999181355302 1.1117316372025785 1.0245610159418197 0.9084134080320735 0.7661159618239182 0.6116346023123732 0.474820765978474 0.35828673716590154 0.26262915550045474 0.18523694062662988 0.11491892865739572 0.05440962181429598 0.009350673117836106 -0.012316071071797774 -9.152330927353347e-06 0.054154180146871456 0.15852908590648918 0.31529097634140335 0.5135082793523913 0.7325052520614688 0.9512846300564788 1.15203842059696 1.3162850587945012
1.1265992195994263 1.0913994589006601 1.0562788185038245 1.0225770207879472 0.9916456928227129 0.9648007877725864 0.943256331061643 0.9280432662692657 0.9199237592076225 0.9193171485229185 0.9262551290843569 0.9403782440289942 0.960974673460882 0.9870507388777724 1.0174159335371509 1.0507656751370216 1.0857503510277917 1.1210259041434305 1.1552864230767075 1.1750312922697888 1.1635416141635733 1.1215765865288276 1.0501184085188415 0.9502693633132862 0.8216312782015781 0.6715259780506294 0.5337457118277233 0.4169512471623307 0.3219154573260443 0.2423193974522888 0.1695715319434592 0.10752354101986827 0.061311343351491354 0.037403945060794364 0.043298206231953795 0.08620014573041712 0.16981276633069053 0.2888797500599789 0.4346850244915266 0.595414444228738 0.760824626484791 0.9141601043371905 1.043616092298411
1.0827469506503085 1.0410483855201904 0.9995356767503716 0.959693126644182 0.9230597936029499 0.8911779349634256 0.8655115478878811 0.8473367076384775 0.8376170509422265 0.836890319794477 0.845197379646407 0.862076594422323 0.8866254697156156 0.9176093988507237 0.9535864261692601 0.9930205258766749 1.0343679323463448 1.076133242630257 1.116899684196488 1.1502865666329085 1.1550310552269691 1.1297078155155003 1.0753689375693036 0.9927344929343864 0.8810534107615374 0.7425534176857571 0.603601304026451 0.4861642614867512 0.3909878088144356 0.30796593808567474 0.2319726151865309 0.16657917561483182 0.11607679228010248 0.08535837177371186 0.07942322670303703 0.10231140398997951 0.15551721404524277 0.2364373701100273 0.33851404875399704 0.45663734515212107 0.5787512946081865 0.6920662179763545 0.7904002792995081
1.0364481338187161 0.9879899715994437 0.9397023161461725 0.8932183401069402 0.8502876509040002 0.812726994617791 0.7823247677650056 0.760693930205212 0.749087614168326 0.7482186865234843 0.7581417259454325 0.7782435139672927 0.8073459974786502 0.8438807868609899 0.8860763642224239 0.9321127581738764 0.9802252760959158 1.0287603623426707 1.0761963769125538 1.1205123894100306 1.1427400667148266 1.135235323523734 1.0991227135574175 1.0342439838196458 0.9405816699783002 0.8200951040122346 0.6834317716866677 0.5646816544551688 0.4679498856010975 0.380988727358083 0.30077662963822105 0.23034750950019078 0.17309081859051423 0.13253628984192356 0.11189008733818029 0.11328304845906989 0.1368412748075858 0.17989267641230744 0.24274803849128546 0.3220089964874122 0.4067037640588471 0.48596294719639244 0.5570549810734055
0.98907907591465 0.9336455357821579 0.8782107429887701 0.8245475469457745 0.7746297679066316 0.730598935541315 0.6946638894497229 0.6689093028214287 0.6550190029572784 0.6539769591267459 0.6658593030355715 0.6898171846128088 0.7242593550216555 0.7671449294590579 0.8162695294762284 0.8694719835611575 0.9247480699797929 0.9802925073592736 1.03449792696501 1.0859334212187197 1.1259113251406752 1.1371233852832852 1.1198926024085782 1.0733249582022077 0.9983894771995828 0.8971173695118755 0.7724807855574365 0.6515851426553504 0.5521214770760523 0.46079601497217504 0.37553918985055845 0.2988202571071279 0.23321232072896803 0.1811716694052845 0.14467380107688266 0.1247220391053756 0.1208227005295317 0.13257633084628373 0.16470217852753022 0.2112102943268268 0.26356183228375585 0.31287364885575353 0.35912989156021924
0.9421397183241154 0.8796047128138318 0.8167055309491487 0.755322222073344 0.6976351566923752 0.6459228612163272 0.6030191547489249 0.5718838769561896 0.5549958804981585 0.5538315786066601 0.5684702782402562 0.5975616913558345 0.6386776029806547 0.6889367561995013 0.7457998864403812 0.80674682309614 0.8695376105891015 0.9322454571522633 0.9932154930129672 1.051012868069308 1.1036907145240373 1.1342292625017274 1.1361262216029953 1.1083983216550912 1.0525788378943517 0.9707362362508309 0.8651657465098522 0.7463029341389754 0.6432474489791651 0.5472679552067843 0.4564425288067897 0.3727198468316868 0.29799391423515265 0.2339152694289448 0.18163139478025903 0.14149030143685604 0.11278541109608642 0.10062079632779453 0.10754874172613071 0.12829307830127545 0.15643947937977942 0.18482270972025594 0.21479807852980604
0.8972518460899301 0.8276105568657723 0.7562106652063725 0.6849887812824876 0.6167256510678787 0.5546633789645974 0.50250358528302 0.4641825594239084 0.44326812994505116 0.4420204479868328 0.4605800730685643 0.4968968425274898 0.5474613660893276 0.608268514967763 0.6754883340677591 0.7457436604062927 0.8163921351111536 0.886266199791161 0.9538383838038627 1.0177196730962565 1.0767035540200158 1.1253271662591273 1.1464508853417636 1.1378118346308808 1.1012176365031676 1.0387457283355281 0.952663521806637 0.847669196252493 0.7413064852370678 0.6405934565337918 0.544027812175665 0.45311538997100276 0.3692152816198999 0.2933907108117071 0.2262339151243018 0.16770496471121388 0.11832480156088199 0.08696671735583172 0.07326916820505458 0.0741685549073916 0.08572482253864555 0.10249676844237987 0.12671000601932714
0.8546602270817323 0.775286254242716 0.6932072544581792 0.6108012852172431 0.5309249321432199 0.4571224111705332 0.3938241299620149 0.3463067885534219 0.31995424657351235 0.3185203842861555 0.3422722454287046 0.38781289976048594 0.449786940002199 0.5227409890987871 0.6020218551546053 0.6838937678811641 0.7653566758952451 0.8439312492443268 0.9179039999610848 0.9873977510510911 1.0514818206090855 1.1091634542285234 1.1494095019383828 1.1598532725848991 1.142353035512312 1.0989719305789327 1.0319230486561253 0.9442845475003329 0.8463881442755512 0.7411117861779651 0.6389721675292294 0.5411432576254209 0.44858401029967077 0.36194460915297655 0.281448384764877 0.20680855889164018 0.14144471792738145 0.0938866231764297 0.06295023438601577 0.048254919713172084 0.04974497068704253 0.06372898792722026 0.0919344346496993
0.8112096442054332 0.722089993849769 0.6296131714047685 0.5360009000675305 0.4439762367389146 0.35711188088445756 0.2803678008327828 0.22064585109775758 0.18641065541399549 0.18459206032537523 0.21575713326175827 0.27358523573275284 0.3494548976784859 0.436046489024823 0.5280406385414145 0.6216196118627259 0.7139038543595009 0.8025733844322902 0.8856446561439982 0.9613463090261034 1.0298218326302164 1.0914723396020418 1.1434528752613102 1.172747112808297 1.174006639872599 1.1492611825702617 1.100650886554407 1.0305247970965326 0.9483990676330336 0.8491785409862552 0.7419171988847457 0.6378089920694623 0.5375355079538151 0.44148055540881836 0.34964609632219523 0.26160500238779427 0.18446026949392214 0.12366069732934237 0.0778324281350331 0.04890296075090683 0.045154046701238126 0.06473734565109157 0.09951324608203094
0.768766129448079 0.670748780691658 0.5686730582247803 0.4644859900966529 0.3605271656189497 0.25992056525010265 0.16742488796679766 0.09112153069787254 0.044327203477718236 0.04167885060474252 0.08461623304353716 0.15940898410305215 0.2518380803535636 0.3529745796602841 0.45758161627379335 0.5622814859000035 0.664595880027306 0.762500039660108 0.8542143194924958 0.9381028763376795 1.012621959121212 1.0774801429795233 1.132270031395704 1.1746394564047742 1.1941577268657853 1.1874566141918002 1.1565904105618037 1.1036762772661326 1.0367606354376884 0.9551846701863412 0.8533459136041508 0.7438511932164001 0.6370937634690864 0.5333229962989072 0.4324636107908826 0.33453377994471123 0.24921471378398596 0.17909343537506284 0.12206193937291121 0.07710707325539934 0.07062457202755268 0.10367866187745678 0.13755371635371305
0.7294863720243437 0.6238470974951398 0.5135884901804755 0.40036111411966124 0.2859867317657734 0.1726913745936638 0.0637917726202839 -0.03403752964790874 -0.1032289279045353 -0.10799333520816234 -0.04344350153289289 0.0542497836604261 0.16440487757243805 0.27921386959941485 0.3949550777713109 0.5092263591271591 0.6201188765226907 0.7259383472068967 0.8251002308360489 0.9160868481616553 0.9974283266368807 1.0676860943245698 1.1246299672628106 1.1691042560875735 1.200720620604109 1.211370142310272 1.1974842715877405 1.161052385207419 1.1088116180205507 1.045117441930623 0.9608274469114845 0.8591912451809652 0.747784761809231 0.6381127828695408 0.5306308741999812 0.4263424034529979 0.3362635473767741 0.26189361381194787 0.2021591780971883 0.15890404966572258 0.15282318988846066 0.1780288369978329 0.21195149807150004
0.6951867102541724 0.5835694904346845 0.46711768348988114 0.34732685648082895 0.22568138366853985 0.10365651049533087 -0.01721260159085647 -0.13489228508633322 -0.24256827622591737 -0.25491118027365234 -0.14781006951471198 -0.027496078453971062 0.09606427946451324 0.22048366666494856 0.34409644071944556 0.4653587216021633 0.5827508797267781 0.6947644461941772 0.7999062528787046 0.8967045151171206 0.9837131490827663 1.059513819718767 1.1209528500054307 1.1666562811616237 1.1994196226212595 1.218897101884342 1.2210407671258423 1.2002400179390942 1.162428472854229 1.1157550932677396 1.049688893918548 0.9653676656074477 0.866205300532538 0.7557794583002234 0.6438939515334032 0.5360225531177165 0.44396585836566316 0.36930589585277684 0.31275408549961226 0.278190229503801 0.2722610808374988 0.2880633888673445 0.32133223930059707
0.6671914041488018 0.5514432769806147 0.43111866193424464 0.30783023721575953 0.1832098795969539 0.0589268520218964 -0.06318196900917417 -0.180383959235475 -0.2829037546959734 -0.29308582805632666 -0.19179470424275502 -0.07163380473606806 0.0536154683086183 0.18070323586200465 0.30762503104716576 0.4326373881219716 0.554079575161281 0.6703372689913133 0.7798373461055658 0.8810484516427967 0.9724811020656816 1.0526862136423631 1.1188929203910893 1.1677358198750574 1.2009252799902954 1.2208687443764488 1.2271059749695246 1.2188816538352207 1.195180126322378 1.1637872564544738 1.1165701807452004 1.0502559552548072 0.9681638439621366 0.8734969000211494 0.7693477744475686 0.6615053067582685 0.5689563485329318 0.4953698504041475 0.44193548515184333 0.4112563612824276 0.4075578096012977 0.42376618450099746 0.45612713950120654
0.6462486743343817 0.528185360669374 0.40625044120556764 0.2824349352443116 0.1589786947251539 0.03861710054218359 -0.07469972059630159 -0.17353082748633142 -0.24028405424572274 -0.24351111492065458 -0.1792452982344619 -0.07889712134598414 0.03715978389085195 0.16029934481986352 0.2861290573269395 0.4117396690628188 0.5348305282722483 0.653403925628495 0.7656436384768905 0.8698588993968385 0.9644538000156067 1.0479076808050287 1.1178948835709135 1.1706825604005722 1.2052268735553644 1.225074868254252 1.2313310202840726 1.2235422036341341 1.2061241116320458 1.1864739186802649 1.1579647330659864 1.110230041883813 1.045838188486348 0.9679556204485374 0.8796854135085505 0.7864935886862863 0.7032804820091944 0.6343058541722177 0.5827663863541345 0.5561215425685535 0.5579840562750349 0.5762040615633512 0.6089851943520453
0.6325508084780721 0.513732219732377 0.3920185124667035 0.2698970921668338 0.15035445824566573 0.03724292448870381 -0.06395048597321207 -0.14466642016042086 -0.19197009445651103 -0.19264064008746495 -0.14553844299685537 -0.0631959253220078 0.040580714751854874 0.15638284382844825 0.2782485900285303 0.4021077018352577 0.5248954395869216 0.64411719824763 0.7576307501632085 0.863529093571136 0.9600716270674735 1.0456402805237262 1.1183210347190673 1.1742175800066448 1.2116854432212647 1.2312163975540864 1.2369894591417516 1.2288870668158014 1.2125806542172959 1.194404078458836 1.174255596776434 1.1422369743126022 1.0952770254070083 1.0346069977050338 0.962599971477939 0.8841983409377306 0.8142234006737387 0.7571890439616721 0.7156661473040544 0.7045714459007015 0.7139070408471838 0.7371508768058469 0.775372786876995
0.6258547796805909 0.5074466412892098 0.3871496570674522 0.2679041306842269 0.1532920499567445 0.04783354346608082 -0.042605328978821966 -0.11049624192046648 -0.14729079856037663 -0.14642491229544996 -0.10756288557328664 -0.03700432710740076 0.05638613416200844 0.1646198184649701 0.2815043011798968 0.4023582714415912 0.5235523178379418 0.6421608225610469 0.7557336536400012 0.8621495436069374 0.9595202746315159 1.0461263545395694 1.1203121370367362 1.178482303751384 1.2183375347056442 1.2388262951330922 1.2436180142883662 1.2345573152818883 1.2188576053197546 1.2012641636260926 1.182334293019907 1.1595114512150908 1.1235169224307173 1.075475497847799 1.0174924902377223 0.9528896193801963 0.8954290557551812 0.8500087686706855 0.8231974970392156 0.8311178900854536 0.8548194477253834 0.8912882348422059 0.9408228316428421
0.6256615229847783 0.5084142463548884 0.39009610468593703 0.2739628388718405 0.16394966548980472 0.06483317158101065 -0.01770019334164874 -0.07731475581365976 -0.10799855478419351 -0.10588326052854535 -0.07099224891571221 -0.007322269515406266 0.07887053745194561 0.18100974586866636 0.29326577179377655 0.41082346991278684 0.5297778395212682 0.6469354146273275 0.7596298455856613 0.8655779495096412 0.9627742732251545 1.0494156515010757 1.1238475324940116 1.183429144981448 1.22475140768411 1.2456585919161078 1.2471914636864379 1.2353596400966762 1.2193072332832708 1.2018628836003025 1.1836272560621968 1.1651658541023755 1.1405209403411785 1.1046807695337097 1.0597215407319345 1.008109660492997 0.9621846244455587 0.9284687443481422 0.9225066566853495 0.9495812073495402 0.9887418231400161 1.0395322330322883 1.102412726090391
