_RESULTS/CROSS_VALIDATION_POSTPROCESSED_CLR/Berg/GZ/5comp/4/Berg_GZ_z_90_kriged_reverse_5comp_spherical_4.asc
ncols 100
nrows 90
xllcorner 5.6208707817415728
yllcorner 50.959635321741573
cellsize 0.00013419651685393446
nodata_value 1.7014100000000001E+038
[rows 0 to 18 of 90, columns 0 to 42 of 100]
1.2996694601408239 1.2996694601408239 1.2996694601408239 1.2996694601408239 1.2996694601408239 1.2996694601408239 1.2996694601408239 1.2996694601408239 1.2996694601408239 1.2996694601408239 1.2996694601408239 1.2996694601408239 1.2996694601408239 1.2996694601408239 1.2996694601408239 1.2996694601408239 1.2996694601408239 1.2996694601408239 1.2996694601408239 1.2996694601408239 1.2996694601408239 1.2996694601408239 1.2996694601408239 1.2996694601408239 1.2996694601408239 1.2996694601408239 1.2996694601408239 1.2996694601408239 1.2996694601408239 1.2996694601408239 1.2996694601408239 1.2996694601408239 1.2996694601408239 1.2996694601408239 1.2996694601408239 1.2996694601408239 1.2996694601408239 1.2996694601408239 1.2996694601408239 1.2996694601408239 1.2996694601408239 1.2996694601408239 1.2996694601408239
1.2996694601408239 1.2996694601408239 1.2996694601408239 1.2996694601408239 1.2996694601408239 1.2996694601408239 1.2996694601408239 1.2996694601408239 1.2996694601408239 1.2996694601408239 1.2996694601408239 1.2996694601408239 1.2996694601408239 1.2996694601408239 1.2996694601408239 1.2996694601408239 1.2996694601408239 1.2996694601408239 1.2996694601408239 1.2996694601408239 1.2996694601408239 1.2996694601408239 1.2996694601408239 1.2996694601408239 1.2996694601408239 1.2996694601408239 1.2996694601408239 1.2996694601408239 1.2996694601408239 1.2996694601408239 1.2996694601408239 1.2996694601408239 1.2996694601408239 1.2996694601408239 1.2996694601408239 1.2996694601408239 1.2996694601408239 1.2996694601408239 1.2996694601408239 1.2996694601408239 1.2996694601408239 1.2996694601408239 1.2996694601408239
1.2996694601408239 1.2996694601408239 1.2996694601408239 1.2996694601408239 1.2996694601408239 1.2996694601408239 1.2996694601408239 1.2996694601408239 1.2996694601408239 1.2996694601408239 1.2996694601408239 1.2996694601408239 1.2996694601408239 1.2996694601408239 1.2996694601408239 1.2996694601408239 1.2996694601408239 1.2996694601408239 1.2996694601408239 1.2996694601408239 1.2996694601408239 1.2996694601408239 1.2996694601408239 1.2996694601408239 1.2996694601408239 1.2996694601408239 1.2996694601408239 1.2996694601408239 1.2996694601408239 1.2996694601408239 1.2996694601408239 1.2996694601408239 1.2996694601408239 1.2996694601408239 1.2996694601408239 1.2996694601408239 1.2996694601408239 1.2996694601408239 1.2996694601408239 1.2996694601408239 1.2996694601408239 1.2996694601408239 1.2996694601408239
1.2996694601408239 1.2996694601408239 1.2996694601408239 1.2996694601408239 1.2996694601408239 1.2996694601408239 1.2996694601408239 1.2996694601408239 1.2996694601408239 1.2996694601408239 1.2996694601408239 1.2996694601408239 1.2996694601408239 1.2996694601408239 1.2996694601408239 1.2996694601408239 1.2996694601408239 1.2996694601408239 1.2996694601408239 1.2996694601408239 1.2996694601408239 1.2996694601408239 1.2996694601408239 1.2996694601408239 1.2996694601408239 1.2996694601408239 1.2996694601408239 1.2996694601408239 1.2996694601408239 1.2996694601408239 1.2996694601408239 1.2996694601408239 1.2996694601408239 1.2996694601408239 1.2996694601408239 1.2996694601408239 1.2996694601408239 1.2996694601408239 1.2996694601408239 1.2996694601408239 1.2996694601408239 1.2996694601408239 1.2996694601408239
1.2996694601408239 1.2996694601408239 1.2996694601408239 1.2996694601408239 1.2996694601408239 1.2996694601408239 1.2996694601408239 1.2996694601408239 1.2996694601408239 1.2996694601408239 1.2996694601408239 1.2996694601408239 1.2996694601408239 1.2996694601408239 1.2996694601408239 1.2996694601408239 1.2996694601408239 1.2996694601408239 1.2996694601408239 1.2996694601408239 1.2996694601408239 1.2996694601408239 1.2996694601408239 1.2996694601408239 1.2996694601408239 1.2996694601408239 1.2996694601408239 1.2996694601408239 1.2996694601408239 1.2996694601408239 1.2996694601408239 1.2996694601408239 1.2996694601408239 1.2996694601408239 1.2996694601408239 1.2996694601408239 1.2996694601408239 1.2996694601408239 1.2996694601408239 1.2996694601408239 1.2996694601408239 1.2996911557008657 1.2998209513428023
1.2996694601408239 1.2996694601408239 1.2996694601408239 1.2996694601408239 1.2996694601408239 1.2996694601408239 1.2996694601408239 1.2996694601408239 1.2996694601408239 1.2996694601408239 1.2996694601408239 1.2996694601408239 1.2996694601408239 1.2996694601408239 1.2996694601408239 1.2996694601408239 1.2996694601408239 1.2996694601408239 1.2996694601408239 1.2996694601408239 1.2996694601408239 1.2996694601408239 1.2996694601408239 1.2996694601408239 1.2996694601408239 1.2996694601408239 1.2996694601408239 1.2996694601408239 1.2996694601408239 1.2996694601408239 1.2996694601408239 1.2996694601408239 1.2996694601408239 1.2996694601408239 1.2996694601408239 1.2996694601408239 1.2996694601408239 1.3012092325055167 1.306059833497991 1.312370228181471 1.3185260394436336 1.3232783725164778 1.325781157123816
1.2996694601408239 1.2996694601408239 1.2996694601408239 1.2996694601408239 1.2996694601408239 1.2996694601408239 1.2996694601408239 1.2996694601408239 1.2996694601408239 1.2996694601408239 1.2996694601408239 1.2996694601408239 1.2996694601408239 1.2996694601408239 1.2996694601408239 1.2996694601408239 1.2996694601408239 1.2996694601408239 1.2996694601408239 1.2996694601408239 1.2996694601408239 1.2996694601408239 1.2996694601408239 1.2996694601408239 1.2996694601408239 1.2996694601408239 1.2996694601408239 1.2996694601408239 1.2996694601408239 1.2996694601408239 1.2996694601408239 1.2996694601408239 1.2996694601408239 1.2996694601408239 1.2997339688446754 1.3050197396807093 1.3168116965221834 1.3324560225320452 1.3495236103733925 1.365869365668349 1.3796921824200357 1.3895912371257584 1.3946137464115336
1.2996694601408239 1.2996694601408239 1.2996694601408239 1.2996694601408239 1.2996694601408239 1.2996694601408239 1.2996694601408239 1.2996694601408239 1.2996694601408239 1.2996694601408239 1.2996694601408239 1.2996694601408239 1.2996694601408239 1.2996694601408239 1.2996694601408239 1.2996694601408239 1.2996694601408239 1.2996694601408239 1.2996694601408239 1.2996694601408239 1.2996694601408239 1.2996694601408239 1.2996694601408239 1.2996694601408239 1.2996694601408239 1.2996694601408239 1.2996694601408239 1.2996694601408239 1.2996694601408239 1.2996694601408239 1.2996694601408239 1.2996694601408239 1.2996694601408239 1.3040109282898809 1.3193662064115859 1.3428027924358177 1.3712540699315277 1.4018098452633065 1.4317814424857505 1.4587737595510168 1.4807600922887805 1.4961539373357593 1.503870987165614
1.2996694601408239 1.2996694601408239 1.2996694601408239 1.2996694601408239 1.2996694601408239 1.2996694601408239 1.2996694601408239 1.2996694601408239 1.2996694601408239 1.2996694601408239 1.2996694601408239 1.2996632784661377 1.299411191076733 1.299013395983489 1.2987047730585948 1.2986213107453344 1.298796082592418 1.2991582516000346 1.2995351944923306 1.2996694601408239 1.2996694601408239 1.2996694601408239 1.2996694601408239 1.2996694601408239 1.2996694601408239 1.2996694601408239 1.2996694601408239 1.2996694601408239 1.2996694601408239 1.2996694601408239 1.2996694601408239 1.2999823685114615 1.3113104642053284 1.3364057824113407 1.3718323293635297 1.4141777355433367 1.460101785553794 1.506399034396574 1.5500752133648674 1.588435007106666 1.6191761587482358 1.6404822180345513 1.6511043367315987
1.2996694601408239 1.2996694601408239 1.2996694601408239 1.2996694601408239 1.2996694601408239 1.2996694601408239 1.2996694601408239 1.2996694601408239 1.2995803747239631 1.298411309037157 1.2963467740159795 1.293919351329464 1.29158373372755 1.2897040801862891 1.2885429440299208 1.2882527437380982 1.2888705944454624 1.290317024769824 1.2923987125310372 1.2948149561880344 1.297167236118733 1.298970974910795 1.2996694601408239 1.2996694601408239 1.2996694601408239 1.2996694601408239 1.2996694601408239 1.2996694601408239 1.2996694601408239 1.2996694601408239 1.3008650854368473 1.3175041698636185 1.3509616579550237 1.397629353892275 1.4538470623843789 1.5159364248822702 1.5802510460100896 1.6432455122306873 1.7015642825211048 1.7521486100801684 1.7911679943388266 1.8145263468207888 1.8222147991532212
1.2996694601408239 1.2996694601408239 1.2996694601408239 1.2996694601408239 1.2996694601408239 1.2996694601408239 1.2994838504920463 1.2973619381070396 1.2934588185329476 1.288481678191272 1.2830869553102728 1.277864750592419 1.2733225325881055 1.2698692486769636 1.2678011713083337 1.2672908523009903 1.2683803721806926 1.2709796577136747 1.2748700658252996 1.2797128143528627 1.2850613121941292 1.2903761063387922 1.295041064068044 1.298379523974044 1.299669412692672 1.2996694601408239 1.2996694601408239 1.2996694601408239 1.2996694601408239 1.30090460175657 1.3199843650387977 1.3593599200697408 1.415356562276606 1.484184499793435 1.561952989126912 1.6446992467631232 1.7284372265211985 1.8092311776049272 1.8807414855411642 1.9361070716738085 1.974221920384456 1.994543859073712 1.9971033553105153
1.2996694601408239 1.2996694601408239 1.2996694601408239 1.2996694601408239 1.2996694601408239 1.2980848242736238 1.2934429866886328 1.2865611715738077 1.2782450830573857 1.2692684668620584 1.2603567474665336 1.2521682878681697 1.2452742080675574 1.2401382011435602 1.2370981795824703 1.236351727425901 1.2379471179636492 1.2417810646518703 1.2476035070459144 1.2550287940473464 1.2635518414638254 1.2725673804288555 1.2813903358862528 1.2892756241991896 1.2954361088507653 1.2990579626434848 1.2996694601408239 1.2996694601408239 1.3000451549651726 1.3178216012221728 1.359663328305189 1.4219291679966681 1.500821194255255 1.5923786411974257 1.6924815556350572 1.796870107510309 1.9001797546214496 1.9910375551963277 2.065742090823047 2.1225695049564024 2.16015780803692 2.177679562504503 2.1750014309232073
1.2996694601408239 1.2996694601408239 1.2996694601408239 1.2995477619747275 1.2963123386237427 1.2893280332641326 1.2794781622752733 1.2676471347014497 1.2547094256500178 1.2415147312461694 1.228869124360773 1.2175125436500476 1.2080936555298272 1.201143929882786 1.197053471553864 1.19605149905308 1.1981941412416384 1.2033613644636127 1.2112635032268702 1.2214563969311416 1.2333629385896119 1.2462982096891613 1.2594953804271065 1.2721300616334326 1.2833415599111582 1.2922502721301314 1.2979710984915096 1.2996694601408239 1.3118234013820627 1.3518038462654374 1.4162404969676492 1.5014330347944156 1.6034858723115293 1.718288994102489 1.841506405393467 1.9649953493141739 2.076273024981167 2.172381823512955 2.25087843240227 2.309851749620357 2.347617572639947 2.362943503420224 2.3552892388280458
1.2996694601408239 1.2996694601408239 1.2993953173332606 1.2950719039389504 1.2861896632183092 1.2736656824497914 1.2584362705458245 1.2414501682241286 1.2236577058731035 1.2059950036631482 1.1893626041329204 1.1745985602456348 1.1624470036538495 1.1535244851475785 1.1482876212081572 1.1470063508210162 1.1497469613815097 1.156367784800191 1.1665283303059044 1.1797102421766577 1.195246599108481 1.2123552169076495 1.2301718455538833 1.2477801500833585 1.264236661453095 1.2785900774254215 1.2898951641360776 1.302035697136479 1.3375874157100385 1.399247332182103 1.4859353533789619 1.5939265487318224 1.7192644867931055 1.857630365024936 1.9976577438171952 2.1263225719987666 2.2416281039922827 2.3414475723949444 2.42339434052372 2.48498278031436 2.5238855189431315 2.5382735224268593 2.5271846694725175
1.2996694601408239 1.2994766632849932 1.2948700913768352 1.28479922613695 1.2701884970575894 1.2519956358776299 1.2312090700584015 1.208803698687555 1.1858496959329161 1.1634291734870477 1.142556888641164 1.1241483278717554 1.109015920705973 1.0979249909823943 1.091422710399168 1.0898325420687751 1.0932342027400357 1.1014574607358285 1.1140952712861396 1.1305335469139064 1.1499918487146714 1.1715681738812567 1.1942817947977669 1.2171100439931228 1.2390171241330397 1.258974797991821 1.2761352397249088 1.3099428060420975 1.3714547387176506 1.4564902333198317 1.5648605726538005 1.6949566587928904 1.8402839009191405 1.991424736821029 2.134051904674994 2.2662128476926244 2.3859206585471546 2.490685738187982 2.5775623536492027 2.6433107354166148 2.684715249967282 2.6990644556775245 2.6847259164134405
1.299660178318784 1.2957833775892547 1.2854763485573533 1.2693788974611424 1.2483214394709274 1.2235212552872514 1.1962062613708826 1.1676077901733415 1.1389489943333475 1.1114268455498806 1.0861855473908046 1.0642796321625143 1.0466265439602318 1.033951333955296 1.0267297959687398 1.0251396480015882 1.0292889617790753 1.0393016545934275 1.054688299497207 1.074708896913716 1.09843750503161 1.1248233635697582 1.1527463739472974 1.1810617484295913 1.20863227806727 1.234349198402727 1.2633041354392238 1.3212290403284392 1.4075735930150066 1.5181580555836602 1.6462302430998854 1.7912927835332064 1.948697974332497 2.101327329266574 2.246467713547921 2.3826191094840925 2.5076650192183414 2.618778306604328 2.7123956726118017 2.7843371601844753 2.8301646081496736 2.8458429046766076 2.8286478522446803
1.2974332220460947 1.2873565139941519 1.269981968808267 1.2465292500622351 1.2182438240383238 1.18639664983692 1.152282618034174 1.117216629571017 1.0825254232487074 1.0495322854932314 1.0195309016564695 0.9937444606271786 0.9732676382744834 0.9589931132967386 0.9515307042098405 0.951134018201741 0.9576527928908036 0.9705253722413874 0.9890697118203506 1.0130740344182159 1.0414901679962911 1.0730815868900556 1.1065620261508071 1.1406483995310646 1.174094946884083 1.2057119040441102 1.2531578617472374 1.333748882612829 1.4430386884717847 1.5722261860117819 1.7168852784957598 1.8744516047909567 2.0325499732360743 2.1857346644407833 2.333203011716976 2.4735890694707816 2.604778500347152 2.723709863941676 2.826214021877625 2.907001501430673 2.959979907359086 2.9791070565629107 2.9598274183825506
1.2896075851672255 1.2721299206966223 1.2473573644211546 1.216538806277289 1.180956957415042 1.1419304196951068 1.100815524355613 1.0590070524946116 1.0179358473576707 0.9790596354980512 0.9438412977772186 0.9137071989720406 0.8899787160454934 0.8737751146113986 0.8658967092171558 0.866711247476462 0.8760757844305274 0.8933217592202244 0.9173109895185133 0.9465454011280572 0.9801497973060974 1.0174023670111325 1.056820926550237 1.0969697605772832 1.1364918608225845 1.1762769994077102 1.244034771992191 1.3446366077956138 1.4683776390027419 1.611395384395694 1.771033953918392 1.9342533700168498 2.090257165242361 2.243069614336868 2.3922110345389864 2.536621442453798 2.6744019673964265 2.8024839398041683 2.916255690926321 3.0092642056390417 3.073279095601026 3.0992124710954294 3.0793323147591902
1.2757202987323166 1.250980395907838 1.218901989111861 1.180756886968315 1.137857547794605 1.091561403640494 1.0432763873175661 0.9944674696696252 0.9466627486983312 0.9014551654181352 0.8604920540634101 0.8254401321499236 0.7979107522860217 0.7793343594753998 0.7707897596093349 0.7728222451609809 0.7853096948002108 0.8074329820061604 0.8377673467436485 0.874459248398036 0.9154258683624298 0.9589761307124598 1.0047359704206449 1.0512292677732527 1.096993426776202 1.1484334810502548 1.2337046252155754 1.3456260043126966 1.4800270167295249 1.6345105522650685 1.803948576162802 1.9671007133527518 2.1207296651576417 2.271675468462929 2.4211703804240607 2.5686629534279866 2.712763559758136 2.850785175843749 2.978102301451918 3.0873673558993193 3.1678870911363486 3.206068186713205 3.1884781644199913
