_RESULTS/POSTPROCESSED/MHZ/TZ/2comp/MHZ_TZ_z_63_kriged_reverse_2comp_spherical.asc
ncols 100
nrows 81
xllcorner 5.5967107548124995
yllcorner 50.982328804812504
cellsize 0.00017565037499993607
nodata_value 1.7014100000000001E+038
[rows 0 to 18 of 81, columns 43 to 85 of 100]
1.457918040492666 1.4684738028189355 1.4808696946450879 1.4944946513826087 1.508764496375634 1.5231376698557515 1.537117575278626 1.5502486657089638 1.562110698014719 1.5723133988740066 1.580492447148625 1.5863069807472898 1.589438521383554 1.5899090736164578 1.5899090736164578 1.5899090736164578 1.5899090736164578 1.5899090736164578 1.5899090736164578 1.5899090736164578 1.5899090736164578 1.5899090736164578 1.5899090736164578 1.5899090736164578 1.5899090736164578 1.5899090736164578 1.5899090736164578 1.5899090736164578 1.5899090736164578 1.5899090736164578 1.5899090736164578 1.5899090736164578 1.5899090736164578 1.5899090736164578 1.5899090736164578 1.5899090736164578 1.5899090736164578 1.5899090736164578 1.5899090736164578 1.5899090736164578 1.5899090736164578 1.5899090736164578 1.5899090736164578
1.4352447552726062 1.447693335807667 1.4621244646654696 1.4778229916017378 1.4941371106131716 1.5104877427469603 1.5263623164947897 1.5413016162301307 1.5548879443514478 1.5667361215899258 1.5764874145541359 1.5838059755088518 1.5883772770520892 1.5899090736164578 1.589873283909685 1.5897691412693482 1.589657599080965 1.589583630568221 1.5895719891339322 1.589626326518185 1.5897290606240566 1.5898420069717603 1.5899077078451906 1.5899090736164578 1.5899090736164578 1.5899090736164578 1.5899090736164578 1.5899090736164578 1.5899090736164578 1.5899090736164578 1.5899090736164578 1.5899090736164578 1.5899090736164578 1.5899090736164578 1.5899090736164578 1.589910670225461 1.5899149123018703 1.5899198744270493 1.5899240927159404 1.5899266156404246 1.5899269596418242 1.589925062952471 1.5899212783168568
1.4123069238951456 1.4270079042366195 1.443750789910961 1.461679964184563 1.4800864366369961 1.4983934096201652 1.5160931574856575 1.532737516896113 1.5479223633713706 1.561275602809916 1.5724498193604335 1.5810686345811467 1.5866318648491344 1.5889314536618206 1.588603024019043 1.588126052009854 1.5877539633571354 1.587537592041527 1.5875050025257988 1.5876603402046983 1.5879836584543408 1.5884317433665696 1.5889398369002001 1.5894240616522337 1.589784295397598 1.5899090736164578 1.5899090736164578 1.5899090736164578 1.5899090736164578 1.5899090736164578 1.5899090736164578 1.5899090736164578 1.5899093434150913 1.5899153488547955 1.5899266577648021 1.5899400606586345 1.589953016700123 1.5899638216064074 1.589971527496391 1.5899757204311162 1.589976272311309 1.589973171640623 1.5899664993246183
1.3897034329279447 1.407079656678302 1.4263897704260442 1.4467588193517167 1.4674735817165814 1.4878522155602658 1.5073711619299295 1.5255905416458484 1.542127849592003 1.5566094635266958 1.5684068559094033 1.5773080291278223 1.5832328997631158 1.585971175077926 1.5856069823693715 1.584733249786107 1.584082995963454 1.5837142724863549 1.583659251936579 1.5839226940634314 1.5844817139660579 1.5852868850802389 1.5862645231661126 1.5873198510596278 1.5883406705328378 1.589201173295919 1.5897655898893106 1.5899090736164578 1.5899090736164578 1.5899090736164578 1.5899090736164578 1.5899146266118733 1.5899301280441265 1.5899507606017313 1.5899721163030784 1.5899909764560853 1.590005602405857 1.590015617917922 1.590021580523541 1.5900243930045164 1.5900247394785443 1.5900227208035653 1.5900178032718344
1.3684031171679873 1.3894419820888766 1.4122504562932503 1.4356333691278287 1.4587849528047032 1.4811352142065919 1.5022490711086811 1.5217680396634783 1.5391283557318503 1.5536838364117764 1.5652943375191724 1.5738649396485664 1.579340584291586 1.581707912689159 1.5810468239029514 1.5797173099845825 1.5787678531516425 1.5782348166187221 1.578155577372727 1.5785356763413811 1.5793484992369495 1.5805367909889474 1.582015757805099 1.5836772856092112 1.5853947079243702 1.5870275933487412 1.5884261520002287 1.5894350243682682 1.5898963665297017 1.5899097406590967 1.5899222277228158 1.5899458464311722 1.58997377830556 1.589999772184689 1.5900193398255626 1.5900304057624441 1.5900333772202617 1.590030653357139 1.5900256884221469 1.5900218336233216 1.5900212616645475 1.590024278376944 1.5900292260993611
1.3518884462270258 1.377371289250383 1.403502454305767 1.4293378655604645 1.454319821472921 1.4780750659643274 1.5003104756798882 1.5203387169567437 1.537585358142147 1.5519002962763322 1.5631603241215437 1.5712685759227736 1.576164378957022 1.5778332830126112 1.5763144729818404 1.573652358627838 1.5719440290756999 1.5712220400041654 1.5711163818856164 1.5716236469418172 1.5727123747934513 1.5743152276555217 1.5763333180628953 1.57864195996484 1.5810969629247378 1.5835406994197858 1.5858074218139908 1.587727579477416 1.58913266169084 1.5898685685424292 1.5899576303625904 1.5899906359093452 1.5900178074309441 1.5900321674551587 1.5900301265997645 1.59001212017176 1.589982456862532 1.5899483340201879 1.5899181417329762 1.5898993929113723 1.589896792980635 1.5899109968130365 1.5899384337324125
1.3428289085700575 1.3718837206739638 1.4002652372429611 1.4275406247697429 1.4534811826453256 1.477923059463006 1.500226446564281 1.5198344137162163 1.53665639632033 1.5505354059498881 1.561323162449029 1.5689073671951475 1.5732041405816712 1.5741733705071204 1.5718336926256966 1.5678812381904428 1.5647832079349875 1.5629563183527238 1.5626648757842323 1.5633124977355348 1.5647046602862065 1.5667607228208646 1.5693635487231135 1.5723675360126155 1.5756070600767322 1.5789042059677145 1.5820751350614268 1.5849359917746952 1.5873191510199849 1.5890464946951228 1.589933293767546 1.5900266848268247 1.5900323387520028 1.590009677976817 1.5899569949693633 1.5898788681664593 1.5897858411249501 1.5896928017400946 1.5896161463302905 1.58957022302764 1.58956393518771 1.5895985184533283 1.5896672257359197
1.3427837418896589 1.373248461666421 1.4022028922473588 1.429636165369501 1.455551258078406 1.4795318507196558 1.500906698587578 1.519645476761571 1.535683514798641 1.5489049076345704 1.5590933981202886 1.5660969522930268 1.5698004146503446 1.5701263329927704 1.567053468337041 1.5621097292366046 1.5578468006718598 1.5547337051162486 1.553243290204181 1.5537292737750297 1.5554598756250606 1.5580175005619437 1.5612608600982465 1.5650175449941996 1.5690955122003496 1.5732929364251063 1.5774058214955324 1.581244429684516 1.5846199919966348 1.5873355685426613 1.5891945608653388 1.5900036080328646 1.5899835616881395 1.5898892748775726 1.5897461026625461 1.5895646501955574 1.5893647810011808 1.5891732468589703 1.5890191602776442 1.5889279838885817 1.588915554896712 1.588984074378453 1.5891215331713386
1.351956725402597 1.3809912050454738 1.4086675440894862 1.434962609951643 1.4596991759770082 1.4820444148927787 1.5019346102352324 1.5193607095359507 1.5342631997977305 1.5465342875487222 1.5559711152518891 1.5623093006112092 1.565396441373725 1.5651160587317685 1.561403691383215 1.5557969629529937 1.5507152613398232 1.546600490630307 1.5439707538338 1.5433621066540804 1.5451166029051189 1.5482373575754684 1.5521903317466221 1.5567682646986556 1.5617464289304317 1.5668950453011032 1.571991761816282 1.5768296224049196 1.5811984087829043 1.5848879152717008 1.587690661907099 1.5894041837733095 1.5898375257435173 1.5896270551384535 1.5893409321405012 1.5889977610144501 1.5886306809694068 1.588284309211517 1.5880077943978426 1.5878567234786447 1.588466198059606 1.5897883057583866 1.5913301322808053
1.3681703222776918 1.3938306068195696 1.4187613158333643 1.4428130574505418 1.4650612774163922 1.4851183627495856 1.5030009139052467 1.5186923178112481 1.5321256176949531 1.5431768292960781 1.5516608430659937 1.5572297013485448 1.5596426444160914 1.5587444601700167 1.5544345901668957 1.5484675737435183 1.5429217068824783 1.5381723215146965 1.5347209180762234 1.5331612483917156 1.5340633036815183 1.537514917612754 1.5421587289030758 1.5475729467290587 1.5535290245013789 1.5597610513601523 1.5659794804986409 1.5718741306556945 1.5772262663748826 1.581863135130754 1.585567614086182 1.588128831575441 1.5893444570030262 1.5891832886636843 1.5886875381139949 1.588105577790435 1.587488542499366 1.5872142165570016 1.5888278537179372 1.5919505744784246 1.5959175825712448 1.6000977343518963 1.60391493549869
1.3844552160838692 1.4072199585520662 1.4300889173844287 1.4518983683310243 1.471180161051761 1.4883896215394177 1.5037922677410638 1.5173688572619177 1.5290424059151617 1.5386605519542862 1.5460014071824562 1.5507154532419438 1.5524081113439288 1.5508500203652515 1.5459365320606553 1.5398342316282274 1.5341074583890244 1.5290480079238262 1.5247895342688724 1.521942181744764 1.521328718467687 1.5236693956568772 1.5287137586412143 1.5349166894077202 1.5419453054878653 1.5494892978702943 1.5572273724047216 1.564827780154375 1.5719247430738283 1.5781189399130708 1.5829783372554411 1.5863182449669186 1.5882317581679901 1.5885243659218233 1.5877423653029483 1.586902246719945 1.5882775416053139 1.5923150950329523 1.598271918320105 1.6054200483414167 1.613030543465507 1.620375653983662 1.6267598936443388
1.3969301882348302 1.416843704884018 1.437632717378094 1.4575764235423443 1.47558855482678 1.4911413087264018 1.5039275029372847 1.515102809812049 1.5250656659587258 1.533538950711479 1.5400885391366441 1.5442142822318135 1.5452898454933144 1.5429896863348493 1.5373599405529397 1.530906901814415 1.5241830835586971 1.5175621877084808 1.5117172788162994 1.5074105857837747 1.5054094487521987 1.506508717110225 1.5113237805166042 1.5184167858204454 1.5266040316905296 1.5355093651695721 1.5447959220352445 1.5541149263140186 1.5630847414825733 1.5712891050578979 1.5782768414304906 1.5835627892141855 1.5866295626666125 1.5874156017877377 1.5872018810654347 1.590337093845563 1.5966296574022492 1.6050915517092965 1.6151989628413268 1.6263920135839969 1.6379822283226024 1.6491316975277361 1.6588928503858464
1.4043806321568324 1.4217713703726187 1.4402989425564452 1.458175486759361 1.4747003665207254 1.48949819501166 1.5025312740867556 1.51316304291461 1.5219576830357284 1.5296086017448636 1.5355285104839358 1.539082006096124 1.539505998590014 1.5363268390383291 1.5296472924263012 1.5215065847085647 1.5127718613401528 1.5041558947752347 1.4964111896072154 1.490322246923828 1.486741989441295 1.4865859462842592 1.4906020982823833 1.4985004023806807 1.5079198753928582 1.5182244737000663 1.529075243302018 1.5401132732521303 1.550945228223797 1.5611395801500985 1.570225807633136 1.577695401746873 1.583003813463268 1.5866991267612014 1.5910681501455304 1.5976263016289283 1.6069856928748283 1.6187474063456997 1.6324885897808499 1.6476944604111088 1.663651481294857 1.6793722182093167 1.6936470772336467
1.4062546051417375 1.4214831540610156 1.4377313972893973 1.4535264050503833 1.4689743028537392 1.483946469133874 1.4979213640818991 1.5102244291790292 1.5199210317185141 1.5269922852084445 1.532495148096122 1.5356032986067187 1.5354067777038984 1.5305530017188091 1.5218155865902543 1.511495512838426 1.500388855181618 1.4894230323310347 1.4795257837549112 1.4715332908545324 1.4662566935102541 1.4646104569942586 1.4675361390055655 1.4755902915762964 1.4862909023915678 1.498015277916177 1.5104324528197683 1.5231818694757762 1.5358619162305307 1.548025836697237 1.5591818537971747 1.568667551075637 1.5756946683848028 1.584150826934768 1.5935681079237214 1.6035274573301173 1.615826394598581 1.6308424591454558 1.6482588719332254 1.667700354429242 1.6885096593265587 1.7095157446597014 1.7290948404858162
1.4024332348794915 1.4158352229205953 1.4300397560255247 1.4448406125215487 1.4600214951773312 1.4752467412284223 1.4901799688382806 1.504285540626771 1.5166041570411688 1.5256821484869112 1.5311908663258063 1.5341276010331117 1.5325710902025513 1.5252982974561506 1.5145690649038923 1.501681337039339 1.4876425618116567 1.4737430259667819 1.4612845697748775 1.4512126572086843 1.4441712427479108 1.4409719426737713 1.4426988405479007 1.45022042664739 1.4620909206966766 1.4752296321507916 1.4892028976742986 1.5036556257034381 1.5182046183075517 1.532386826584425 1.544681681046134 1.553563696376167 1.5643094021421107 1.5773679816278883 1.5917581799200584 1.606716147690954 1.6227596289923287 1.6409031600641621 1.6618982405596374 1.6856828992216897 1.711896453452293 1.7391580432584712 1.765100750351797
1.3931132258619503 1.4051777315128775 1.4187855442278792 1.433269329109098 1.4482945385035086 1.4637284599295208 1.4795722966247498 1.495627318218241 1.510997563312292 1.523878732456756 1.5319170848274368 1.5343644441568376 1.5309833599965887 1.5218612839182755 1.5089648130287656 1.4930236794482048 1.4752309487738684 1.4574129875150306 1.441743214582782 1.4294431479390808 1.4205674628949678 1.4156144847517715 1.4159486502794822 1.4228530948680098 1.4358492246958692 1.45130346939278 1.4681271208574675 1.4856336711502478 1.5031116369565916 1.5181261096732557 1.5286087842621734 1.5393464314916392 1.5530370593167202 1.5690649609714582 1.5868022908664574 1.605712977231323 1.6266793870250398 1.6486414906027944 1.6729225765072453 1.7008331058747483 1.7330350163658896 1.7679978349063183 1.8017341129112658
1.3788750111873855 1.391123211535729 1.4049355868091549 1.4195036831655563 1.4344899000399252 1.4499612361977816 1.4664631258679666 1.484548812258335 1.503603652324567 1.5211943690950858 1.5335301362009426 1.5365198408689094 1.5317311824265814 1.521412541728911 1.5062274008472356 1.486807089846559 1.4642480925446393 1.440754096511732 1.4207438538923418 1.4064292956209912 1.3956068151835783 1.3883207802414537 1.3873122227038233 1.3954694937271492 1.412144841692331 1.4318502948491494 1.4524305193143092 1.4733906124834077 1.4919850421852836 1.50561138946135 1.516312504255766 1.5299370638586072 1.5462743375776005 1.5647755776434271 1.5848951934898603 1.6060923401798168 1.629265738672769 1.654426922776448 1.68144988256623 1.7124854835393726 1.7510779322474999 1.7962640283445714 1.8394956684091566
1.3612078261415677 1.3745861511271 1.3893735937990508 1.4046126860306467 1.4197875273461384 1.4349810888195869 1.4514253684345313 1.471360492747806 1.4951307904594833 1.5187004577969192 1.5354677802212533 1.54128562339834 1.536469175047274 1.525071473526345 1.5076319859295868 1.4847272639011608 1.4569659431662563 1.4251767656231147 1.39823079651041 1.3836038744455876 1.3700909681185331 1.3611601548572276 1.3605970588374623 1.3708701364420905 1.39161661085444 1.4165632979827951 1.4417272545235293 1.4649192854801831 1.4828828409408321 1.4955471897778576 1.5088482914833434 1.5251130225867182 1.5437842911551491 1.5644091196295598 1.5865783340684478 1.6098824316012843 1.6353157049937264 1.6630465237189855 1.692123849936207 1.722916671821118 1.7667410694616674 1.8260637432712734 1.879374660193723
1.3409692132838376 1.3564172547537972 1.3731887483780043 1.390037172373745 1.4060564809122034 1.4208417954245802 1.4356959915179301 1.4563736170794361 1.4870232502137273 1.5179385687449083 1.5396830555864311 1.5491728580932205 1.5461944881609528 1.5336421012725279 1.5140803567770467 1.4882287104374687 1.456629662338807 1.4202703826707155 1.3880963023068265 1.3685549578749499 1.3529134630421813 1.3428717556355365 1.3422563949572863 1.3539782119737842 1.3777191794070087 1.4070178495621377 1.435429611119241 1.458709973190374 1.4763686742109778 1.490019926651868 1.5061945043676486 1.5248467661424634 1.5454785367649466 1.567772013697032 1.5915264827452504 1.616613860507083 1.6443969541223953 1.6754865369096996 1.7095794978994963 1.7471097834371514 1.796981330968421 1.8601575141221849 1.921916506711574
