_RESULTS/POSTPROCESSED/MHZ/TZ/2comp/MHZ_TZ_z_710_kriged_reverse_2comp_spherical.asc
ncols 100
nrows 81
xllcorner 5.5967107548124995
yllcorner 50.982328804812504
cellsize 0.00017565037499993607
nodata_value 1.7014100000000001E+038
[rows 38 to 56 of 81, columns 42 to 83 of 100]
0.27052033854469354 0.2897128063446001 0.3163347505841577 0.3548938960683002 0.4072250633107985 0.47657528333146515 0.5538684404020197 0.5702399164773284 0.5057030155079882 0.38170810686598017 0.2451251875945148 0.13634508868101888 0.06902862860240547 0.032557516936020006 0.014830803421696136 0.0067584451880924245 0.0030948566875407435 0.001437884842696192 0.0007034442868626397 0.0003785407969866272 0.0002372473595777173 0.00018532538545355017 0.00019212943482852023 0.00027151833352891846 0.0005076773938528558 0.0011739512405956752 0.003091380831573374 0.008506755265413559 0.02275274361123076 0.05694798271837249 0.1280193811038018 0.21657462010474204 0.29749130654574535 0.3825829129449141 0.4679166892543268 0.5427046564377305 0.59219748475129 0.5993772801508342 0.5534922990188011 0.4643669235702202 0.38791107330042496 0.33540705670500065
0.23937149789814233 0.2581072063757297 0.28020314671380664 0.3116878338066714 0.3552828450565968 0.41400310516021493 0.48909808147315004 0.5300077174345023 0.49902361896423525 0.39468800933745213 0.2595018455820631 0.148832859342523 0.07899851237903473 0.03962239412019722 0.019250490294607656 0.00947722002394079 0.004741844442486163 0.0024416123633449133 0.0013407409171027032 0.0008181217348757373 0.0005801877214110904 0.0005018091244991947 0.000550968545889608 0.0007822600252817139 0.0014150698648771915 0.003096650150105876 0.007608269191380134 0.01884717584441705 0.04344673246708153 0.09063329170030915 0.16635454922057125 0.25868819849698804 0.34942665378554744 0.4353259315062283 0.5132874807528477 0.5746409789273725 0.6051350207163189 0.5888866144833595 0.5235658035465268 0.43057926832111143 0.3611530610222554 0.31362620684449327
0.20883680018101233 0.2275522723801009 0.24995305099467022 0.2768231460717157 0.3131909450344672 0.36265894334336096 0.4307992976613999 0.5008824078210797 0.5172701811338369 0.4361565704723665 0.28889484781409147 0.17139635354065322 0.0962061224886013 0.0518572124824345 0.027373645484258587 0.014616016219393447 0.007961458568873482 0.004513651775878321 0.00273289081604779 0.0018398305947081193 0.0014290364801279182 0.0013267057349020978 0.0015150591500252234 0.0021554412803333053 0.003790111884947763 0.007976960845796795 0.018542709638709323 0.04182610190703251 0.08243565729600041 0.14171215732373615 0.21867025046829108 0.3053461610592021 0.39222903718224367 0.4729913578360864 0.5416262669758083 0.5852525959442819 0.5905080623673422 0.5508555995783764 0.4702263207941212 0.3852836853682597 0.326143444768874 0.2856489062672396
0.18100281376950492 0.19874716113323587 0.22049433707819105 0.2470844697639858 0.27933357937252756 0.32185654140828956 0.3830967902962631 0.46292783030054196 0.5138155744663689 0.46442665981245346 0.3188095810842436 0.2012536814487835 0.12150048287304942 0.07108451521132288 0.04099015619857202 0.023822755636052982 0.01410653707535717 0.00870033653903873 0.005731815782349316 0.004171750219434888 0.003465678961282196 0.0033784742343031886 0.003947588529831421 0.005589186654775397 0.009541604100580447 0.01902089288476175 0.0423280499947725 0.09155318423927379 0.1497175464302857 0.20927121197094534 0.27746273601768395 0.35069928821387164 0.4246393449041111 0.49288765013480007 0.5439098248019082 0.5657816395155078 0.5492581603803496 0.49239431564406055 0.4062114474451118 0.33592012750760064 0.28714384527515674 0.2541489574471231
0.15645395248598554 0.1725247489186027 0.1926035252817285 0.21744346529552175 0.24931937492709533 0.2910981588287173 0.34370122954116566 0.4108495148992327 0.462488879546771 0.4360701240357022 0.33986139923518194 0.23693936007012145 0.15652947108845544 0.09996802562270501 0.06266348107611103 0.03935025526587893 0.025301624858225243 0.016977757738626448 0.012121687824809766 0.00940797602232272 0.008208822415539878 0.008257696374915928 0.00972622457633286 0.013406911668274285 0.021449911711832262 0.03934488929424941 0.08111730036851808 0.17678441840369669 0.2273830282944493 0.27036671498411446 0.32140394825803564 0.3774082746076588 0.43423759219034985 0.48463274407202683 0.5165408747240358 0.5196638884332803 0.4868709718762326 0.42002470769689537 0.3446708243711029 0.28932624779784494 0.25037273349537453 0.22422866235423983
0.13511348325725772 0.1487792795897153 0.16601660954783495 0.18880496846779013 0.220380815393808 0.2615046648118831 0.31145402924489896 0.36863210986291123 0.42205591439261725 0.42430001334333306 0.3654901428948482 0.2820047458355749 0.2039350591348383 0.14130934690316022 0.0960727656314694 0.06499213848781563 0.04514555407704633 0.032685833442910456 0.025039043397560586 0.020659177252496264 0.01881955424623727 0.01918746795534043 0.02208740346123863 0.028796253462501642 0.04227226268653618 0.06869426710777134 0.11868880229150046 0.19329711323088317 0.2533718067585997 0.29136299699980683 0.3253082935938988 0.36394749412674515 0.40792051761132236 0.4476902832443947 0.46713301614129965 0.4554461716300704 0.4119308716966764 0.3456145197867712 0.28996714796848794 0.24812568325851453 0.2178266563466088 0.19814855781267499
0.11596760636477221 0.12689275074677003 0.14151197917637667 0.16332984924415367 0.19402790652653698 0.23421710548900648 0.28267146569974344 0.3369121175704081 0.3908320376918661 0.4254187245482631 0.4039595850373914 0.34134021916530605 0.26754358749626767 0.19987592114525995 0.14634622783573742 0.10646809040340331 0.07957482421094086 0.061737709964840924 0.05005762272731856 0.042892444303545864 0.03962220599487686 0.04001565554873845 0.0444812384009323 0.054446242333410756 0.07271264093114954 0.1036335957892859 0.15070302873885486 0.2063029864156595 0.2505636221108983 0.2738346864746344 0.28830807340430203 0.31299535413177443 0.3528117323902933 0.3888541213563367 0.40248538871396433 0.38382528887193806 0.3346559643331341 0.28407032353557793 0.24446184338905078 0.21391454641674687 0.1914071717582461 0.17690900051814684
0.09947644592727721 0.10767055776453574 0.12068849660612217 0.14132470203156355 0.1713402664018252 0.21136534500576903 0.2602218755868743 0.31525321129921147 0.3722054442812572 0.4216425190250532 0.4405995738622125 0.4061878325538547 0.3445741967126999 0.27544128617741054 0.21423555826025073 0.16716435507211638 0.13416848762499023 0.11048622442276478 0.09326795344249615 0.0816265506976235 0.07530903365624148 0.07455467844850992 0.07948786930216159 0.09109523276379967 0.11106928339196948 0.1410539296731507 0.1795557063238332 0.21734118091963503 0.24234881045222573 0.2464183538962772 0.23395495235711888 0.24576067880897157 0.29173606929874907 0.3245718520735302 0.3315842060481834 0.30863794131156647 0.2705731662128836 0.23619138975523984 0.20825248835103297 0.18667407477972164 0.17086936770156874 0.16061121374383916
0.08605091332581284 0.09209166630573364 0.10327438567780188 0.12280947087391358 0.15295663872156354 0.19408508853731044 0.24520134713008876 0.3040955195629773 0.3674776355986368 0.4263780626028693 0.46660687736509676 0.46927677046606064 0.4298002028463612 0.36461738915003217 0.2931147698931026 0.24568599555134982 0.21484798342527628 0.18616126377240236 0.16149570488209675 0.14248623640653515 0.12992488160418145 0.12480305147007711 0.12699065633174597 0.13662310577705633 0.15376454400965375 0.1779178734226515 0.20476271378232933 0.226619677995986 0.23646070873073782 0.23008223287197127 0.21127019817862178 0.21551736939067245 0.24809977600239835 0.2675370951114804 0.26397881070029816 0.2440904973021729 0.2217188491355725 0.1991274759047853 0.1794566994367493 0.16422799657989914 0.15376684120554537 0.1477754681118961
0.07615754216257206 0.08040655338220543 0.08890387569449452 0.1078669182090915 0.13972796266722035 0.18329166492509477 0.23820693597885345 0.3032334869238537 0.3762149318615615 0.44638998732684015 0.5003371531845227 0.5269851525363255 0.5237017825065354 0.47871049979299873 0.4087423066727032 0.36443132239013937 0.3360262124620836 0.29791895181813094 0.2604215861321878 0.22822682146151288 0.20366154223440278 0.1887769385088971 0.18294054450347969 0.18525734867691374 0.19464672220752688 0.20909899639621593 0.22302700695832492 0.23154027213857295 0.23143525648426527 0.22277864661830243 0.21108667447348414 0.20929576263999722 0.21683099330306893 0.21754357306614422 0.2096899686224814 0.19861968291103224 0.18528257028118944 0.17100125865021068 0.15739374026959407 0.14703262622170277 0.14051421627815816 0.13801284535037087
0.0705253341093026 0.07379238668338019 0.07835412444611058 0.09870271257151894 0.13346898670978197 0.17983095750321618 0.23940387271199912 0.312229186788336 0.3967820161349848 0.4825598824816748 0.5571039525903926 0.6056244123176894 0.6242760572237726 0.6218315698096779 0.5926487777259235 0.5532942810551709 0.5088494406763632 0.4509772474776173 0.3894051728230018 0.33421075721924004 0.28926980537142916 0.2576857329130595 0.2380624461440448 0.22831824137091056 0.2262788504207423 0.22826224026831304 0.2293873594141304 0.22699156067066847 0.21988736698654138 0.2092402543419905 0.19746161203863904 0.18845246018708287 0.18212535866025692 0.17808586394130063 0.17354204062484174 0.16708377946946604 0.1591098618098344 0.15039573892128458 0.1417235744595218 0.13482196829771761 0.1312589623700814 0.13142587192927793
0.06857976567424641 0.07306388998955451 0.08146101020499447 0.10091199438343433 0.1345167643241439 0.18222420812009923 0.2458242613869626 0.3273131898048466 0.425326647180814 0.5328216655727182 0.6379553592779149 0.7218162844634135 0.7666237310383976 0.7840514216568226 0.7860883026878254 0.7671802292410904 0.7128584793814856 0.6298717444427627 0.5335227044825435 0.4435963995331821 0.3697750446478789 0.3157143291043128 0.27854071326973023 0.25459298840646305 0.24022239683272828 0.22986669872774335 0.22028437593286446 0.20959492815183386 0.19713252909436965 0.183588384255866 0.16927976191917785 0.1582428638722965 0.15313433379643193 0.1515949062649387 0.14960276819259752 0.14601202435182298 0.14125173742327882 0.13612843069455938 0.13114825706841554 0.12703533443145723 0.12583955288100968 0.1282788075723753
0.06872754648517589 0.07529020914876254 0.08689026345832372 0.10728458608950264 0.14011951161267147 0.1882550298134817 0.25493716066210154 0.343736651291686 0.4551215092099296 0.5872319822897814 0.7328377471658326 0.872635287199356 0.9674124686603944 1.001353755502696 1.0043717355695776 0.974680071151115 0.9000161820934299 0.7885151447684696 0.6561479567218562 0.5270364197965088 0.4209979168773757 0.3440101155715526 0.29050348151638933 0.25459487527522706 0.22978650599025705 0.2106689772843551 0.19432015057682275 0.17882661420078422 0.16364715691640422 0.1510448574507818 0.1413458137463706 0.13486673245217254 0.13241248235144037 0.13358300785410288 0.1340415993256951 0.13218818213709052 0.12956023249542922 0.12698537769281573 0.1248108932958008 0.12330257340983689 0.12419178577028234 0.12884913169008977
0.06977825159146786 0.07791983472549982 0.09142904509689623 0.11311943426499495 0.14635190848075252 0.19494465434934108 0.2637146510997171 0.3574740315883094 0.4796817527649959 0.6338422400999646 0.8210755075109748 1.0354470719343158 1.2164612791522014 1.261427943315036 1.2673042238581373 1.2267730188197792 1.1035942250362691 0.9189607058815833 0.724704793374603 0.5553394984953851 0.42336717215317304 0.33002721941946084 0.2672991112070682 0.22549070554012918 0.19630478988824107 0.1751716142587861 0.15896213393169095 0.1459266886104824 0.13540054855317193 0.12744173230248446 0.12166347542487055 0.11801104804510226 0.1176003581477449 0.12081005915442658 0.12387325734813111 0.12306914060135365 0.12246995668009394 0.12218049751042823 0.12243833149642504 0.12350546433103936 0.12650236158999 0.1334690352040286
0.07098765155424763 0.0800885594770689 0.09462469100970491 0.11697706169888324 0.15045245719392009 0.1993111273136046 0.26886215264299784 0.3642992105772312 0.49177352444340044 0.6580989449124317 0.8693030514105607 1.1273544080012254 1.3743095194522779 1.4817887892046473 1.538936093231615 1.5289061867840832 1.3542394646130151 1.0625903953888804 0.782099741974265 0.5628766107798412 0.40748047872799814 0.3032906556152634 0.23538131347089325 0.19197440236361027 0.1643914658757406 0.1463177043842392 0.13365110746504516 0.1241565964771074 0.11692468888723491 0.1118117842573399 0.1083439451173521 0.10644166854579537 0.1073560834257498 0.11126846012773392 0.1149910061734732 0.11729691224421206 0.11920004534857066 0.12137203827152956 0.12412747268139145 0.12781890993542588 0.13288135306431126 0.1409309614295427
0.07193842005645446 0.0813210266565482 0.09605409580411019 0.1183162754170787 0.15123192795222967 0.19906879875572506 0.26741632190162407 0.3612545549605878 0.48683885401351584 0.6518362268678726 0.8607814255598453 1.1087032123930296 1.3608838326453307 1.5722765719722298 1.7460224013450747 1.8593644067180801 1.646225644676429 1.1840959883671343 0.813546598062492 0.5551650522703804 0.3849550059905892 0.2757481819443371 0.20665044446399372 0.16504689842764775 0.14093674595344385 0.12669109864809863 0.11740145532631785 0.11069120006185372 0.10570915136097526 0.10237810333815889 0.10026245121128 0.09956934623301852 0.1014742896481917 0.10612742575117007 0.11109832165585987 0.11559734510349444 0.11998317854337905 0.12474883596466346 0.13006493060793142 0.1356805723270574 0.14187915904658316 0.14959393294057036
0.07225545916116594 0.08135977512921287 0.09561869199654074 0.11698220954644259 0.14829917297530287 0.19354354656353528 0.25830505546699634 0.34709347906347804 0.464970288349456 0.6177638955251911 0.8084395720561642 1.0334590644157429 1.2765035951071364 1.5168950552475875 1.747883761554364 1.960575411218645 1.7380542948524758 1.1910030430877336 0.7949211443511168 0.5291583646074808 0.357136863786725 0.24616940037898585 0.177574667389092 0.14057578810577046 0.12340126035069543 0.11447383970993373 0.10860380001913575 0.10407144251443808 0.10054826660268044 0.09824095397669838 0.09685348955849128 0.09717824325846483 0.10005274210363715 0.10575394697946276 0.11218186247837977 0.11861271446027463 0.125051626297681 0.1316485797771195 0.13853557530252827 0.145803206901859 0.15248168649753494 0.15841776318327003
0.07182528566457652 0.08021202878619296 0.09341277401225972 0.11313428311932663 0.1418641791058827 0.1831087511543957 0.24247782393816109 0.3232079898519812 0.42943077593083206 0.5642800259627283 0.7292222169297466 0.9224244902951135 1.1327184073052161 1.3407707891569454 1.5167712377598763 1.5868319102783615 1.407916543407868 1.0549998365887578 0.729066463386493 0.4901416122229035 0.3280374236461296 0.2206034617031511 0.15132517711906698 0.11830704646818918 0.11106746462939807 0.10769544195905348 0.10519726291541648 0.10272454311744583 0.10026493854414413 0.09849707163238403 0.09764598594332356 0.09886233763172997 0.10270036660249583 0.10946361866963929 0.11700390064991815 0.1247092599976205 0.13262744233484544 0.14085755866860114 0.1495115157635018 0.15740242659169573 0.16259827234349955 0.16666949174930412
0.07053020578397991 0.07799097289519101 0.08969304361546768 0.10719346042431732 0.1325896627525374 0.16912861441114202 0.2218806617909808 0.29291204371168694 0.3852278119517073 0.5005276961090304 0.6375891940835039 0.7949846699263386 0.9619447319883228 1.1174572115711414 1.2269287678630039 1.2385275982373276 1.1122148481148364 0.8865773010248394 0.6449902184122505 0.4474183639264083 0.30535302750418114 0.20802144451413673 0.14366648419801334 0.11327439356034995 0.10851469326355061 0.10708002244026939 0.10653901351171419 0.10523579592331422 0.10279086683311098 0.1009298445144774 0.100661076554076 0.10272910140839953 0.10762650681006461 0.11556129103673342 0.12428631577841796 0.13339471853757384 0.14293757201813473 0.15290951371251751 0.16173386211127802 0.16818567226188433 0.1715598730396905 0.17361912028946813
