_RESULTS/POSTPROCESSED/MHZ/TZ/2comp/MHZ_TZ_z_0_kriged_reverse_2comp_spherical.asc
ncols 100
nrows 81
xllcorner 5.5967107548124995
yllcorner 50.982328804812504
cellsize 0.00017565037499993607
nodata_value 1.7014100000000001E+038
[rows 19 to 37 of 81, columns 0 to 41 of 100]
0.08310241357984018 0.08565479357258182 0.08768152453349233 0.08885737622753441 0.08890959925589309 0.0878162187248276 0.0857783964975629 0.08310107408432023 0.08006383445246154 0.0768783729049973 0.07369454796307486 0.07061651713127967 0.06771651107008961 0.06504500062929168 0.06263792262424107 0.06052482363876903 0.058928355541043725 0.057961862461941904 0.05761398639126451 0.05785690844964363 0.05860757929455427 0.05976325260399831 0.0609856556276299 0.06213905699659134 0.06304533925559161 0.06287537143427904 0.061503038991224585 0.05907031733058229 0.05576626978495857 0.051651780249925214 0.047020617952476945 0.04221432711532877 0.037520246196199536 0.03316977545880209 0.029623869045520522 0.02700917541066658 0.025253068906337557 0.02432356907118619 0.024212671737063724 0.024954965777473723 0.026596153321570466 0.029196084784239327
0.08218509282442828 0.08446978830145836 0.08622038290236084 0.08722223158052585 0.08728569787924595 0.08638917432940965 0.08466003379398272 0.08231142132876032 0.07956995781940364 0.07663234552387845 0.07365258551569503 0.07074499507134724 0.06799172933722875 0.06546415116471001 0.06322155743532566 0.06149215135611162 0.0604201511005576 0.05995408242699521 0.06006742491127361 0.0607471521924024 0.06188887522368935 0.06332538386097358 0.06475624653167467 0.06608342175011053 0.0668668769147116 0.06630245128546426 0.06440998436056719 0.06135626251275639 0.057386544346804874 0.05277931578080293 0.0476940859189759 0.04243964768094105 0.03733139616593501 0.032617104765611665 0.028749175915377 0.02583924632537481 0.02380063912859739 0.0225850425413428 0.022174434317388587 0.022610168426173936 0.024006033860906106 0.026470310403566906
0.0812088741687424 0.08330058799714991 0.08486942186443806 0.08577699824204141 0.08586801903070412 0.08510827486811737 0.08359454538810422 0.08149454047961423 0.07899983035340012 0.07628964046122061 0.07351340481416363 0.07082647539787391 0.06834086269252024 0.06608830504859584 0.06425506899147473 0.0631153553024019 0.062610147130916 0.06268992782750711 0.06331960378678392 0.06447710623174888 0.0660996580550613 0.06788022890346215 0.06958649981967134 0.07111137657577878 0.07161279391358179 0.07055797465121949 0.06806772031438285 0.06435991042661356 0.059666637751216674 0.054313489036692246 0.0486180189778766 0.042824183429323405 0.03721661396765432 0.03207301178446367 0.027822555324894242 0.02457927640760978 0.02224167053526659 0.02073832506916723 0.020040569591825114 0.020189179227916982 0.02129163611067931 0.023551308992896213
0.08028691399626585 0.08225039128733413 0.08369596926045007 0.08453619296926013 0.08466142529299261 0.08399500678647157 0.08262369774564886 0.08069887013731641 0.07839496487575971 0.07589988146583032 0.07344219481145275 0.07110618533465694 0.06894015774080177 0.06705069438960301 0.06584701287428983 0.06533080068755735 0.0654455555467068 0.06614234859595225 0.0673744980567824 0.06910220196693811 0.0712577471171007 0.0734587448185837 0.0755310553057857 0.07726690573870605 0.07752770146368047 0.07599905303672258 0.07282705613824789 0.06826500119640522 0.06256330680859676 0.05616244993556326 0.04947833571167256 0.042925690093293715 0.03680349525921273 0.031262747221425004 0.026643820045190923 0.023080823682047585 0.020455358732525915 0.018670087622395415 0.01769672645380537 0.01760029437969256 0.018515954162251498 0.020607568457689063
0.08006890282165566 0.08196735925151034 0.08330817442964188 0.08400304232078268 0.0839766003689562 0.08318907132252351 0.08177588924959185 0.07993381084058229 0.0778310769122087 0.07568823944726039 0.073590478696992 0.0715989851359689 0.06976048651489962 0.06846419089768105 0.06791890541704391 0.06807005116588773 0.06887373026425188 0.0702846460102586 0.07223900244932055 0.07465857340756163 0.07737434882278878 0.08008347264328775 0.08262279287711058 0.08462215112590278 0.08474593311620394 0.0827907431057694 0.07869802361771162 0.07280046799227664 0.06570340982122395 0.058036478781783876 0.05034333167432955 0.04297308887896212 0.0362291852384373 0.030290262443464874 0.025346520609268744 0.021508890965494083 0.018626284334279788 0.0165648017000777 0.015290979142825489 0.014916582835394335 0.015663647437411613 0.017684148998912054
0.08070869251135629 0.08262565656537282 0.08394218920193253 0.0845347749509557 0.08430873536020571 0.08326268127768198 0.08155198293078843 0.07952662080454263 0.07752137357186777 0.07567000332612259 0.07391545151686155 0.0722659224972433 0.07087821953887746 0.07025141402890261 0.07038951019382576 0.07125494025483077 0.07282215043691233 0.07506345826702868 0.07790577626219963 0.08113134390334677 0.08442381643002826 0.08772993616269943 0.09085557684387562 0.09325230372685575 0.09331570765912107 0.09051316523111519 0.08513902963435643 0.07779075628725904 0.06921189310355169 0.06016574903893133 0.051313283010712314 0.04312025822481579 0.03578377539233568 0.029434914651924618 0.024152419831424153 0.020061553496082584 0.01696449380879217 0.014659838874646842 0.013061425603594693 0.012323424032568546 0.012934329456912998 0.015022648811845618
0.0821446064477529 0.08416300317887579 0.08555257717237832 0.08610705720123911 0.08563227154954652 0.08419879246057436 0.08215831890454219 0.0799798657864481 0.07786852149241354 0.07596370911964939 0.07436901566386729 0.07306310571488611 0.07227590262495552 0.07232594047989904 0.07317165262674227 0.07479153209584083 0.07718061916119305 0.08034557773391374 0.08428251427661358 0.08838943914002832 0.0922523290738289 0.09627448423070736 0.1001549180140665 0.10300009386662 0.1025815197167419 0.09883783247099603 0.09218173611479802 0.08332212212994487 0.07316396112562787 0.06264314818447238 0.05255180268246271 0.04342859927074224 0.03552520695885489 0.02882603976232713 0.023298833667092327 0.019010464509436872 0.01575851364815322 0.013283706054519525 0.01140143053177555 0.01009214031080001 0.010642283869905891 0.013048668705580989
0.08428946478050224 0.08647269401649171 0.08805957407020398 0.0887177900910305 0.08793348828487382 0.0859257388760379 0.08354414226060955 0.08112981053487806 0.07886738047868948 0.07686860192183459 0.075212799373839 0.07402587452886328 0.07386556472464623 0.07460171263375458 0.07617608072147142 0.0785788756292215 0.08181594776021552 0.08590116224930727 0.09071713168209773 0.09566974299870397 0.10048782269224207 0.1054824426104203 0.11016579038616542 0.11305401243496933 0.1122777559956761 0.10774793814735172 0.09988211361881978 0.08947357682399254 0.07761647315928814 0.06548729934064557 0.054067516469025245 0.043973585193553565 0.03545644458552682 0.02846960459237615 0.02281970248014087 0.018417388790827577 0.015122618991600476 0.012651073560331107 0.010803215052885583 0.009557931247505197 0.010043892961241654 0.012249917986572779
0.08702430920948442 0.0893484781834503 0.09119584221902928 0.09231685734586695 0.09116041759426789 0.08847914644378727 0.08578402872122251 0.08324810303841754 0.08090761154194513 0.0788267160173092 0.07706944759886046 0.07587651259745821 0.0758991121874868 0.0771569474261116 0.07936628973239937 0.08252861347992485 0.08663109820187131 0.09156460434516155 0.0970637320670488 0.10288226022849718 0.10887923718084166 0.11495870868397987 0.11996980479096478 0.12302826740067577 0.12216427803772888 0.11714333560782143 0.10826364579794884 0.09631146512449634 0.08259352289418934 0.06865687873472438 0.05578102649078121 0.04468256825583198 0.0355640845142002 0.028321644129725147 0.022641434538286556 0.018238302761001805 0.014995178348867547 0.012666986366016627 0.011102005520451546 0.010365761019844634 0.010788455086414964 0.012413114557012614
0.09024035252959346 0.0925260096044462 0.09445557119516827 0.0959371214562504 0.09482309976094346 0.09201414446926479 0.08926888316381121 0.0866965783688167 0.08431553390914776 0.0821575272240081 0.0802895351542695 0.07911173705413062 0.07920664022285612 0.0806217147113297 0.08332731393459289 0.08701685839142372 0.09167437321445168 0.09719410073412321 0.10345693899555156 0.11018339406504839 0.1172700349269794 0.12383239753551942 0.12905439661486995 0.13240810070057335 0.13178962831221733 0.12674775217050466 0.1172781210092521 0.1038842984636574 0.08805755399834986 0.07200162143517992 0.05750525804492934 0.04538477155059457 0.03573475132339375 0.02828974928853586 0.022642943632219074 0.01835932829330048 0.015218469663444634 0.013067303342580865 0.011752004383924777 0.011257421558817877 0.011631986140895398 0.012849731182754546
0.09406572994476502 0.09649688504237583 0.09832323710385474 0.09910980632629456 0.09839093246592728 0.09640230448174286 0.09396330258757962 0.0914634191244269 0.08906480059508882 0.08684457908972353 0.08486099396318249 0.08369239154218559 0.08383004351105378 0.0853163597370274 0.08825366340962008 0.09243155740111818 0.09742225915008466 0.10322114925596883 0.1098362047923322 0.11730596319577925 0.12497242603083959 0.13159604601715966 0.13681393009214224 0.1403901443953419 0.1403364957851191 0.13589831411172384 0.12668705086346435 0.11221869688815499 0.09382542098353512 0.07515284793646974 0.05889168944970914 0.04583109689713533 0.03578252475859294 0.028240700664059284 0.022677763969851782 0.018591535450375025 0.015620687804323045 0.013629153206028862 0.012488778416114024 0.012078697139469257 0.012328245449459152 0.013254180268376388
0.09927020984113344 0.1018860988582699 0.10359299426405387 0.10416947118708897 0.10368154080229935 0.10219097080005769 0.10007870131924805 0.0976940227109014 0.09526327919133278 0.09293682594445997 0.09082742576624145 0.0896238764822424 0.08976557661946498 0.09129317563814203 0.09420327280968176 0.09855126806513517 0.10386653710997733 0.10992561937015455 0.11671343191994253 0.12422229053406382 0.13145303662634658 0.1377493009564313 0.1425402381174579 0.1458894059108216 0.14639872920111896 0.1430737964998572 0.13557304252061367 0.12131771530176057 0.09920934757769483 0.07728792344178144 0.05942080931755228 0.04571073983479385 0.035484976636361264 0.027998624162479935 0.02260291408344127 0.018765776652888658 0.016047797978846663 0.014220491969793404 0.013174098925212319 0.012725930956817389 0.012850966983105082 0.01354357853897516
0.1061962770613033 0.10908340570746765 0.11080610437699903 0.11143006847895887 0.1110938801169481 0.1098473544395561 0.10792122913744577 0.10559104387997117 0.1030900080421755 0.10059919578283255 0.09827509796826912 0.09693620484619059 0.09694913898110805 0.09829916825676188 0.10104861164616469 0.10529171494257254 0.11088872959916292 0.11716967987580697 0.12401588158393101 0.13099112772371335 0.1369186217993073 0.1418509248378369 0.1455855782161209 0.1478616230257409 0.14820689814014096 0.14533746565034739 0.1398447030438686 0.13118753339655187 0.10126226306878346 0.07698074985461294 0.05849128219584179 0.04472118378562696 0.03465387493543756 0.027415057370879386 0.022299097239312695 0.018761838981280077 0.016339943028355026 0.014740819619693613 0.013701371657044386 0.013207104830368601 0.013219493998945812 0.01371652453016742
0.11516208481007853 0.11846271242987909 0.12035222777837776 0.1211036458199168 0.12084000834785846 0.11966520702487371 0.1177682444358072 0.1153822970534663 0.11272916944720286 0.10997524169803696 0.10726695413677668 0.10546925874008481 0.10507349902425737 0.1061017245898493 0.10860946836501091 0.11266656561173069 0.11831855895917599 0.1247882926195552 0.1315561171097922 0.13740555806115276 0.14153739062029957 0.14415204964016207 0.1456091358090087 0.14596276926328314 0.14475609752028676 0.1404395982892657 0.13247403249965012 0.11810368396133475 0.09512636184923186 0.07313726930476992 0.05573860865103454 0.04267712824944785 0.03314846330273575 0.0263618559229123 0.021649827475820012 0.01848424386842854 0.01641660968127132 0.015014410055100826 0.014075389015482631 0.013560820473057183 0.01349538285263824 0.01384915761574863
0.1265198201774015 0.13050374117664507 0.13268218291059888 0.13350054319080654 0.13311775029105102 0.13178033435187012 0.12971484803401748 0.12707688905445463 0.12405087837918413 0.1208126202729275 0.11752680831798087 0.11505861435879795 0.11406192801760819 0.11456936785948459 0.11658307242020881 0.12019935130348322 0.1255186681656063 0.1320269873516479 0.13841222799158992 0.14270484461416016 0.14455601071750376 0.14440797124662275 0.14292038137598942 0.14058657461300514 0.1368301162398643 0.13027398800777773 0.11951603193780498 0.10407725472886242 0.08526755948273805 0.06693430475600665 0.05160879090083876 0.03976666220593912 0.03103235460929867 0.02483020101255124 0.020605132337488015 0.017874036298047215 0.016168098164593376 0.015015805480002895 0.014298283155762415 0.01392780038864727 0.013857810542521769 0.014115909949756873
0.1412713438725709 0.14617664465014915 0.14866485790688025 0.1493644208078087 0.14855174615195205 0.14659364917673784 0.1438125093417065 0.14047106597484352 0.13681223569819642 0.13296646704355303 0.12897072879004948 0.12553678024408357 0.1234235846220911 0.12275933945005361 0.12372260327992794 0.1265027680955385 0.13124361438668936 0.13766165130900518 0.1435559244691788 0.1459105306415724 0.14481365346648126 0.1415512387904494 0.13711849366105205 0.13190256001765477 0.1258829691307335 0.11789793418588942 0.10640976666570336 0.09177064113301273 0.07566234956606561 0.060210124415570894 0.04695777926078536 0.03644039047373871 0.028551615585008915 0.022941768369286995 0.019212466633425195 0.016962829604987135 0.015670078307912283 0.014902002838107246 0.014485257736537657 0.014324943899376441 0.014372540536761624 0.014605380393284682
0.16008535231558849 0.1661077873991564 0.16873914502520915 0.16899252913398713 0.1674503080696966 0.16459760487769426 0.1608417205892385 0.1564315135114695 0.15157486527888236 0.14647652508836143 0.14108957049372547 0.13585468023224048 0.13195878620741378 0.12965637096792293 0.12916178606685205 0.13072249381315013 0.1346038157908232 0.1408938548470633 0.1469208572287161 0.14683783795442343 0.1419322831526877 0.135505902272356 0.12845459102564422 0.12103232503125354 0.11324298688879642 0.1045317056402197 0.09386688922521393 0.08099380839905926 0.06716736507782148 0.053963716974052583 0.04248333456049307 0.03316282731816606 0.02601759774350691 0.020882486686386974 0.017587999937675597 0.015884766169782995 0.015118682737721758 0.014811217418326033 0.01474345697556643 0.014825574524000705 0.015021858166801093 0.01531740451450155
0.1836397312673637 0.19083778795129533 0.19304916129089877 0.19225590544154314 0.189579418770666 0.18563310544563028 0.18074067482624653 0.17510805827160983 0.16871190041706177 0.16127972432267826 0.15326500474097515 0.1453934999571367 0.13919886458030045 0.13478102052407356 0.1323333203212391 0.13211190512235593 0.13442451482997797 0.13966863057020903 0.14663183319773404 0.14318412736863737 0.13479338153085743 0.12624225488446011 0.11765842744037626 0.10907698966138804 0.10046338693117307 0.09167052927517377 0.08202803423908477 0.07122617061236938 0.05974166945112355 0.04859052967683582 0.03862034468150844 0.030338319376552944 0.023795061551394246 0.018950829883875298 0.015916652413979864 0.014779577908586358 0.014694288780689825 0.014910079698558145 0.01521048181197533 0.015544066922160704 0.015897198664631053 0.016264725724470196
0.2126795474416928 0.22052345435907994 0.22091576640443938 0.21822941769813736 0.21411869150720864 0.20907639472324485 0.20316124431498536 0.19606007991218927 0.18717501674373307 0.17686002105638324 0.16572342899947123 0.15453239744572078 0.1449138584776302 0.13780201538428433 0.13291990181755062 0.13034248435134105 0.1301946307462408 0.13243282029871964 0.1345069574940701 0.1309541659781509 0.1232213227014921 0.11448126760394568 0.10563691955524687 0.09691738852555291 0.08837283026075397 0.08000512483245567 0.07143702853896748 0.06248270626235397 0.05317431630871368 0.044006554635104986 0.035571172038189006 0.028266743189385105 0.02234276025343388 0.017751305230026628 0.014371569058907612 0.014052404921276214 0.014762945975274212 0.015438784956315187 0.016054671901280806 0.016612100679726034 0.017111185043845078 0.017548187203424513
