_KRIGING/CROSS_VALIDATION_CLASSIC/MHZ/IZ/train_5/MHZ_IZ_5_train_z_355.asc
ncols 100
nrows 90
xllcorner  5.6208707817415728
yllcorner 50.959635321741573
cellsize 0.00013419651685393446
nodata_value 1.7014100000000001E+038
[rows 40 to 59 of 81, columns 0 to 45 of 100]
4.97401441378787 4.97150419621909 4.97340473782942 4.97609422860589 4.97604096474624 4.97025359023972 4.95665058145716 4.93429718118826 4.90348232723757 4.86563604237183 4.82311343800703 4.77889007390394 4.73622206528905 4.69832263238912 4.66809652726096 4.64795814885956 4.63974180425329 4.6446966860048 4.66354692930719 4.69658969825627 4.74380182928807 4.80492775521052 4.87952757207993 4.96697333344936 5.06639286098893 5.17657209304899 5.29583742978106 5.42194667509372 5.55201926322596 5.68253250829714 5.80940087960053 5.92814144234156 6.03411343836599 6.1228068584525 6.19014674846541 6.232778632711 6.24830579096606 6.2354593659624 6.19419434812688 6.12571505625426 6.0324402687681 5.91791970941689 5.78671103551607 5.64422212041125 5.4965200506997 5.35010799624543
4.74374258400152 4.72519741569103 4.71620173706333 4.71382904785425 4.71479928112339 4.71588142461469 4.7142752364147 4.70792180833182 4.69570708984625 4.67754141953163 4.6543175717706 4.62776622009899 4.6002386770586 4.57445147443163 4.5532263671694 4.53925413599297 4.53490285662816 4.5420826070873 4.5621699635096 4.59598776670809 4.6438290377097 4.70550914534224 4.78042805717572 4.86762536238053 4.96581499857351 5.0733938096895 5.18842693305808 5.30862159703402 5.43130701180719 5.55343987405227 5.67165181899516 5.78234753981155 5.88185213239554 5.96659615893322 6.03331957139219 6.07927276042348 6.10239495460565 6.10145585777261 6.07615359019186 6.02716825732269 5.9561740235422 5.86581293702712 5.75963190710301 5.64198216155612 5.51788032182285 5.39283316237096
4.5612656425455 4.5264646376037 4.50509780293622 4.49496438781856 4.49314556876863 4.49635085683299 4.50129622799838 4.50506722381862 4.505425330714 4.50102614756259 4.49153088864146 4.47760637404373 4.46082107305547 4.44345492293911 4.42824807493704 4.41811827179084 4.41587813953481 4.42398211787525 4.44432792534462 4.478129512092 4.52586811176114 4.58731666887828 4.66162253773425 4.74742599498748 4.84298939624451 4.94631435374415 5.055231446372 5.16745683076634 5.2806201338584 5.39227563451737 5.49991222449523 5.60097649705682 5.69291842998974 5.77326238941749 5.8396997731293 5.89019527904361 5.92309726432084 5.93724354038694 5.93205597299703 5.90761896572442 5.864737347703 5.8049683966558 5.73062175687876 5.6447214545111 5.55092739488003 5.45341986671127
4.41699836867805 4.36543144471676 4.33013245142215 4.3096703734704 4.30160051163048 4.302745949298 4.30955690632747 4.31850653185429 4.3264780860735 4.33110017847968 4.33099317460375 4.32590015740464 4.31668889371625 4.30522595253327 4.29413909746611 4.28649771081879 4.28545146680319 4.29387295180873 4.31404907311879 4.34745846477832 4.3946585155446 4.45528825141909 4.52817523680753 4.61151937082779 4.70311689460022 4.8005857691159 4.90155880318057 5.00382180441971 5.10538771752313 5.20451096990787 5.29965634855931 5.38944213726964 5.47257782021889 5.54781347421814 5.61391273242267 5.66965556819204 5.71387220177252 5.74550547916347 5.76369582378443 5.76787989461718 5.75789134095497 5.73405011192209 5.69722678358911 5.64887145899056 5.59100342147193 5.52616697867979
4.30086927831293 4.2318879779407 4.18119692358303 4.14818709296863 4.13099671330338 4.12671949076047 4.13173132661925 4.1421009641478 4.15403833038622 4.1643278256797 4.1706935485251 4.17204992376191 4.16860419517007 4.16179562593305 4.15407793128418 4.148573489665 4.14864676839947 4.15745676132369 4.17755148495045 4.21056063386191 4.25702620330106 4.31638802482606 4.3871159437626 4.46695755117367 4.55325418950143 4.64327110073728 4.7344907159681 4.82482970989316 4.91275745861496 4.99731209909978 5.07802689060433 5.15479145257389 5.22767855991332 5.29676773978234 5.36199309502836 5.42303609301184 5.4792758776956 5.52980098235849 5.57347782537278 5.6090637081161 5.63534608062316 5.65128677003347 5.65615087944576 5.64960582986421 5.63178603231943 5.60333084855599
4.20366660442483 4.11667205800495 4.04942267624695 4.00218468600938 3.97377649623536 3.96169643481165 3.96240486998524 3.97173434640809 3.98538215897406 3.99942533280098 4.01079096707569 4.01761723172308 4.01945260848284 4.01726225471975 4.01323793746392 4.01043767209946 4.01230800368206 4.02216087582029 4.04268445720476 4.07556138762411 4.12124946440377 4.1789521264089 4.24677438541123 4.3220300486595 4.40164358381943 4.48257851754757 4.56222513742912 4.63869226471571 4.7109677332683 4.778935593917 4.84326057025572 4.9051684000948 4.96616228878564 5.02772014539644 5.09101513851751 5.15669469408948 5.22474195567779 5.29443057121753 5.36437009473358 5.43262701667316 5.49689729965432 5.5547020778017 5.60358015893813 5.64125931959504 5.66580161498147 5.67573271714733
4.11812199355231 4.01276742408075 3.92826619083271 3.86580553406458 3.82496265977914 3.80374637940048 3.79882501670892 3.80592334467953 3.82034512933387 3.83755580890717 3.85374615718252 3.86629573628453 3.87406605206123 3.87747680653863 3.87835129612716 3.87955359032562 3.88447424225085 3.89644659979027 3.91818737432693 3.95135056301609 3.99626380815392 4.05188455297332 4.11597593084643 4.18546620312388 4.25692722818702 4.32709154734571 4.39332617018278 4.45399312170003 4.50864897225434 4.55806316174585 4.60406288974505 4.64923629740196 4.69654257688002 4.74888603056983 4.80871090301434 4.87766603628283 4.95637478582737 5.04432837760438 5.13990252407328 5.24048041769579 5.3426529819576 5.44246187971342 5.5356536291644 5.61792393056374 5.68514748346022 5.7336056206258
4.03962597472366 3.91600992283707 3.81418443054967 3.73628721556678 3.6827079937301 3.65204063028339 3.64124984532009 3.64604493452531 3.66142038516538 3.68229407387298 3.7041536013472 3.72361482209323 3.73880615522433 3.74951729356498 3.75708786261178 3.76405423659004 3.77361344125122 3.78899424647609 3.81284118865562 3.84671430189815 3.89078633193906 3.94378422490719 4.00317942898438 4.06558991536641 4.12732324001224 4.18496990641402 4.23595232807605 4.27894625650731 4.31411536733637 4.3431307709882 4.36897994065884 4.39559881789451 4.42738278515602 4.46864448562384 4.52308840665013 4.5933643888912 4.68074656403203 4.78496333879626 4.90418129566675 5.03512504508213 5.17329987039801 5.31327746678114 5.44900866023619 5.57413989356314 5.68232903864925 5.76757498897761
3.96651798006504 3.82534528253871 3.70684719086381 3.61411689821372 3.54838044286792 3.50885865882287 3.49286849125437 3.49616600677439 3.51349510595436 3.53927018818348 3.56829481423892 3.59640753968009 3.62095377294271 3.64100850358874 3.65731513955508 3.67195350829331 3.68779657616771 3.70785188170703 3.73460313476943 3.76946625385386 3.81245267993594 3.86209541206774 3.91564709789048 3.96951329567394 4.01984590010591 4.06319788059314 4.09713405979377 4.12070345109232 4.13470352796259 4.14170056651428 4.14580690316396 4.15224986847125 4.16679367142054 4.19509154325419 4.24204963165341 4.3112767316466 4.40467671099555 4.52221650225187 4.66187589574308 4.81976078095927 4.99034356295852 5.16678682547961 5.34131049672212 5.50557753418669 5.65109412423874 5.76964071550738
3.89994731730358 3.7426378167153 3.60888928403393 3.5027243485083 3.42619596542341 3.37916145429294 3.35931707732655 3.36250513544816 3.38326224962978 3.41553590674748 3.4534646230467 3.49210206748921 3.52797116636358 3.55936061952069 3.58631926513074 3.61035571066845 3.63390196952928 3.65964082562439 3.68981957288337 3.72567347412308 3.76706095039254 3.81237357084382 3.85873498002481 3.90245311910755 3.93964825961557 3.96695223812768 3.9821654971263 3.98476825788061 3.97620742186658 3.95991645440535 3.94106532253269 3.92607536014618 3.92196445840175 3.93560745035346 3.97300296282129 4.03863118993557 4.13496867796448 4.26219966979885 4.41813358842048 4.5983103820439 4.7962551316809 5.00383467482316 5.21167369019226 5.40960403239327 5.58714390212522 5.73402479018021
3.84335407753092 3.67208402241093 3.52526104176891 3.40777599887737 3.32246487619513 3.26980032455046 3.2478609222513 3.25259917710901 3.27838187715846 3.31872986754219 3.36714780664035 3.41791569341784 3.46671758549343 3.51100925229969 3.55007125706684 3.58474903110104 3.61693657599995 3.64890509771894 3.68260379629604 3.71906261140606 3.75800596316442 3.79774688723366 3.83538027243714 3.86724164893972 3.88955334138771 3.8991499909206 3.89416451808636 3.87456406170614 3.84245058434251 3.80207761138032 3.75957663017848 3.72242750924384 3.69874112883158 3.69644484732736 3.72246985845427 3.78203335063063 3.87808921732 4.01099248791416 4.17838994828088 4.37531886638765 4.59447345800642 4.82658932403742 5.06090128639254 5.2856477608379 5.48861907350774 5.65776915893106
3.80166418519845 3.61933206501435 3.46228345488705 3.33618005501766 3.2445635648797 3.18847321780323 3.16635370588503 3.1742826613874 3.2064962985437 3.25614139064257 3.31614131287603 3.3800418938139 3.44270443882251 3.50073906920931 3.55261712936455 3.59845843684182 3.6395468081684 3.67767468056666 3.71444598083718 3.75067074908461 3.78596522945322 3.81863159777646 3.8458400938783 3.86408269209746 3.86982099415134 3.86021924348666 3.83384062125978 3.79119214076892 3.73502809294143 3.67035920976687 3.60415816406588 3.54479499367349 3.50127235083476 3.48235522188585 3.49569982224715 3.54708080233169 3.63979613722446 3.77429890526335 3.94807034169145 4.15571595893337 4.38924285770695 4.63846657280372 4.89150162647833 5.13530893270711 5.35629867321437 5.54100970052636
3.78032474696034 3.59044137383616 3.42654802761984 3.29494605408958 3.19977565536992 3.14257061750874 3.12211113616473 3.1346108419101 3.17422150584372 3.2337857346727 3.30572460297899 3.38292259096277 3.45947193624374 3.53116332978344 3.59565547733924 3.65231386014768 3.7017680514271 3.7452860082287 3.78409382417471 3.81877536648605 3.84886768375237 3.87272933617052 3.88770766947017 3.89057712650876 3.87817343052908 3.84811550071933 3.7994928855374 3.73340246221567 3.65324202693259 3.56470550617017 3.47546858767122 3.39459776904895 3.33175369222982 3.29628586383293 3.29632693722615 3.33798941889489 3.42474731966549 3.55705386185899 3.73221001450569 3.9444647191595 4.18530331819876 4.4438710833672 4.70748549966248 4.96221122534117 5.19349819135029 5.38690596074747
3.78432003017602 3.59083118861715 3.42381605913424 3.29005644047175 3.19415979105345 3.13806454706363 3.12084590040915 3.13886367027505 3.1862403574668 3.2556027903238 3.3389755773737 3.42868812426834 3.51815502814552 3.60241316401829 3.67834351128362 3.74456322207486 3.80103259200884 3.84847125341062 3.88770897119712 3.91910364954219 3.9421420584999 3.95530145095044 3.9562002562938 3.94201282586846 3.91007612417129 3.85858293717969 3.78724134865489 3.6977852873764 3.59424401461119 3.48291504358583 3.37202900512683 3.27113952534696 3.19030961701338 3.13919282798814 3.12611865689517 3.15728614568596 3.23614846261024 3.36303885606118 3.53505105905258 3.74615277463503 3.98748666441331 4.24780452463794 4.51398849523413 4.77163491299309 5.00570402319366 5.20126157005161
3.81730269379784 3.62436054325988 3.45806502437821 3.32549993231555 3.2315925840584 3.17858457975053 3.16579986685191 3.18975574571861 3.24460913277211 3.3228754620265 3.41631169510281 3.5168273289627 3.61728390982117 3.71206544471828 3.79734520430824 3.87103041934274 3.93242448329173 3.98169546314299 4.01927100298649 4.04528785316087 4.05920865552801 4.05968311458088 4.04468257549535 4.01188542775931 3.95924478345981 3.88563706523687 3.79147526278103 3.67917520408775 3.55338559184433 3.42092851049461 3.29044056921697 3.17174893757586 3.07505451120961 3.01002060003866 2.98487598098411 3.00563451477104 3.07551130634918 3.19458200840323 3.35969409954642 3.56460477618003 3.80029695419576 4.05541787569005 4.31679503026577 4.57000774315015 4.8000215883519 4.9919157738556
3.88095025521388 3.69265572918576 3.53080181184118 3.40258743903565 3.3131055352492 3.264794658373 3.25717935850434 3.28694733033449 3.34835944131589 3.43393474076876 3.53530701682225 3.64412151969539 3.75283593626769 3.8553097376095 3.94710681611501 4.02548991570111 4.08914133189868 4.13769207344222 4.17117241720511 4.18950542932091 4.19215086053824 4.17797344255374 4.14536393427788 4.09259201548145 4.01832610305415 3.92222369928654 3.8054817053621 3.67124084159915 3.52476039126026 3.37331478315198 3.22580607101389 3.09212928565762 2.98236415647649 2.90589110325911 2.870537888417 2.88185470905214 2.94259162160573 3.05241780112372 3.20788431452697 3.40259893617616 3.62756043578988 3.87159547586038 4.12185431789073 4.36434758509477 4.58453661641836 4.76801325050203
3.974617316889 3.7947590251 3.64071816705671 3.51962547279703 3.43658830835435 3.39413830711612 3.39195406272242 3.42690789211994 3.49343601130468 3.58417956041476 3.69079975735003 3.80484285936177 3.91852522553941 4.02532681069298 4.12031935662678 4.20020588315023 4.26310097443575 4.30812669908711 4.33492848061119 4.34322391035609 4.33248460312134 4.30182005436055 4.25008957989444 4.17622208539366 4.0796820449933 3.96099073281474 3.82219905486564 3.66721384400615 3.50190171491477 3.33392940590688 3.17234097275603 3.02691335605631 2.90736596350112 2.82252139332915 2.77951974481534 2.78317734628611 2.83555450538563 2.93576129805964 3.07999285348616 3.2617542179536 3.47221680881212 3.70064790813443 3.93487143996578 4.16174736766722 4.36768920105719 4.53926293304572
4.09530648914896 3.92712151107583 3.78371017597091 3.67196692333209 3.5968751940541 3.56096491734167 3.56402697443218 3.60313320011765 3.67296401042742 3.76639686916708 3.87526690729174 3.9911843970941 4.10628783976599 4.21382738470164 4.30850796251042 4.38656794983243 4.44561823488738 4.48430877263171 4.50191729655532 4.49796310484171 4.47193697272124 4.42320931422479 4.3511388232379 4.25536078952152 4.13619612588658 3.99509562452451 3.83502350070807 3.66069133757141 3.47857653262686 3.29669403933298 3.12413049820813 2.97038880147494 2.84462202416403 2.75485311762832 2.70727771898165 2.70573174324357 2.7513761198085 2.84261397056613 2.97521845123359 3.14262052852456 3.33629184183528 3.54616196813911 3.76103083516828 3.9689698505173 4.15773977891125 4.31527801742405
4.23793331579135 4.08391176137891 3.95323008847233 3.8524040774318 3.7861763343941 3.75699547902876 3.76473063493444 3.80666816726731 3.87779501508048 3.97132788468966 4.0794086386371 4.19386112080581 4.3068984300046 4.41168352495181 4.50267716821427 4.57574929711714 4.62807456017734 4.65787127870374 4.66406824550002 4.64599117119662 4.60314945028956 4.53517705428681 4.44194446928275 4.32381906096961 4.18201668691865 4.01896423486542 3.83858522552328 3.64642993396083 3.44959586081045 3.25641936394112 3.07595852142985 2.91732374318149 2.78893962909483 2.69783404858222 2.64904592600724 2.64522245324011 2.68644333289771 2.7702707897503 2.89198762257569 3.04495957253426 3.22104890388575 3.41101588718198 3.60487176209166 3.79218396479072 3.96237162871386 4.10505504839596
4.3958207573901 4.25756966911546 4.14089423687648 4.05182316026318 3.9947696772348 3.9720416565789 3.98356270707907 4.02684872806087 4.09724608557349 4.18839685598655 4.29286112607135 4.40280315984596 4.51064195801877 4.60957855950278 4.69393989166319 4.75931644004548 4.80251091315802 4.82134951489799 4.81442977485881 4.78088506924922 4.72023524084752 4.63236769271921 4.51765932675894 4.37721370076674 4.21315703034796 4.02891730442434 3.82940672379919 3.62103988926812 3.41154654496611 3.20957340453329 3.02410799373488 2.86379123514005 2.73620808046171 2.64725222737252 2.60065012951995 2.59770281905818 2.63726648693176 2.71595177820991 2.82848595342512 2.96815940315477 3.12727397500396 3.29752669225937 3.47029545675323 3.63683546271524 3.78843541715071 3.91660965795702
