_RESULTS/CROSS_VALIDATION_POSTPROCESSED_CLR/Berg/TZ/1comp/4/Berg_TZ_z_0_kriged_reverse_1comp_spherical_4.asc
ncols 100
nrows 90
xllcorner 5.6208707817415728
yllcorner 50.959635321741573
cellsize 0.00013419651685393446
nodata_value 1.7014100000000001E+038
[rows 57 to 75 of 90, columns 43 to 85 of 100]
-3.188101856584905 -3.0963757139642727 -3.006843355199331 -2.9272764176062656 -2.8699314490487824 -2.845844951689919 -2.8490501413996325 -2.869911902132563 -2.899114695492871 -2.927466886114596 -2.9504215102327604 -2.9762113820454554 -3.013250970367511 -3.0630461074758335 -3.124836627659607 -3.1942668593862495 -3.269736543733458 -3.3607184587285754 -3.5123611073349035 -3.7453507560325585 -3.995298607204403 -4.2283682563017235 -4.4326874564054695 -4.604482359113183 -4.745980553771329 -4.854815344160032 -4.929787058540609 -4.971331808990684 -4.981674599956161 -4.9648177183046585 -4.9277563656143535 -4.877065634698809 -4.81519102832865 -4.744062135911664 -4.666825837441322 -4.577213031615146 -4.475792680703831 -4.368415569689294 -4.268179738243734 -4.178588666852632 -4.102357087550423 -4.042145758978018 -4.000587459812446
-3.280671301389853 -3.197597286780158 -3.1164144769860567 -3.0425646132248723 -2.980761772814639 -2.938741896051219 -2.918771290884746 -2.9148728563978556 -2.9191637071006475 -2.924276755825602 -2.925640330325374 -2.9215244276303634 -2.926317777238943 -2.9420183256246393 -2.9646829976474 -2.992514293417609 -3.02083707843888 -3.044967225885838 -3.1326441235205915 -3.4023461856940607 -3.65476958519101 -3.882632930628469 -4.081354517535775 -4.251431353960899 -4.395145624067189 -4.5108189108187755 -4.597856042421317 -4.656939209963696 -4.69012594638606 -4.700803355477674 -4.691579772323795 -4.664393696937603 -4.624643055702824 -4.576554034490397 -4.515793237542814 -4.441201738479099 -4.355112771814892 -4.2629348973296155 -4.17789356686129 -4.103626542402898 -4.042839042705394 -3.9981876458685646 -3.9722992539306623
-3.3721567794181757 -3.2974846764259693 -3.223464243565272 -3.154011874332605 -3.09217733301991 -3.039300990733926 -3.00062388191723 -2.975986305009663 -2.958387811112977 -2.942234574281204 -2.923407856171276 -2.8999845273902425 -2.878175950032838 -2.868354947526009 -2.867109175177939 -2.871328354329645 -2.8800295156348983 -2.902344288083788 -2.9956401184350847 -3.193983537954984 -3.4125431778412034 -3.6186234053955513 -3.802730345571572 -3.965911686976835 -4.108090714184456 -4.227616727753576 -4.323950468636859 -4.397306527745114 -4.447567346484403 -4.476374293830492 -4.4863228730892315 -4.480669660308347 -4.463078647491927 -4.431118146859353 -4.383193807396554 -4.32217581485392 -4.250282924551459 -4.1729548654276725 -4.103201091094229 -4.044493309085137 -3.999494092086221 -3.9708299380461516 -3.9610738189251746
-3.459356753315171 -3.3928284697237396 -3.325421160174144 -3.260121129323088 -3.1991589539789604 -3.1435589324547397 -3.093075725732663 -3.050921579062318 -3.0146320828543782 -2.9802361503973454 -2.946447251858892 -2.9118672061970203 -2.8746354461741768 -2.8437724072077915 -2.825328419284435 -2.818453207214783 -2.826380167204475 -2.8616916871096167 -2.9480624254095105 -3.091165654528016 -3.262775155849954 -3.4365025249278673 -3.5993525334164347 -3.7503669718150743 -3.886274616910874 -4.004436557692226 -4.103383091254615 -4.182656902076463 -4.242738788217201 -4.284969661729755 -4.31143833816864 -4.324787656072823 -4.322505341355599 -4.303096864498229 -4.268666540522094 -4.221384865830038 -4.163409496429565 -4.100989658840903 -4.04665687265071 -4.003549643259422 -3.974246091949402 -3.9612168159256007 -3.9607715508889143
-3.5397973105162914 -3.4813142794509364 -3.420417190042502 -3.3595287582060513 -3.300456914011188 -3.2441687884502644 -3.1907340896025547 -3.1379734216540287 -3.086529648891812 -3.0399024715749654 -2.996043381399228 -2.953155507350701 -2.909980983782588 -2.86647811622007 -2.834179977852166 -2.8188352296595887 -2.8241963947006306 -2.858274865960114 -2.9299614092068955 -3.0389931807299857 -3.1723399813493707 -3.313580440979011 -3.4533861156694696 -3.588652620262831 -3.714362142718399 -3.8273156341856334 -3.9256530515319596 -4.008587762718744 -4.076256063847696 -4.129602326117878 -4.169929419562629 -4.193725668777829 -4.200459649141 -4.191641050370394 -4.168991190697102 -4.134348574753436 -4.0895954826712675 -4.042243186348945 -4.003429845889875 -3.97583326509292 -3.961948293246448 -3.9607715508889143 -3.9607715508889143
-3.6112936192184617 -3.5608448101615893 -3.5066258317647043 -3.450708524725137 -3.3946276648161247 -3.3392745302696696 -3.285156348950199 -3.2311200511644547 -3.176528948364084 -3.121745209918494 -3.070099341109435 -3.0211077269917928 -2.9740872290337266 -2.9291575300412944 -2.888059015579217 -2.863066746841855 -2.860995954870681 -2.885799843238091 -2.940376218355744 -3.022816529611713 -3.1253366445150923 -3.2377947944150813 -3.3562362923482167 -3.47521033516839 -3.589597613887948 -3.6959389554703357 -3.792082185445627 -3.876939599755418 -3.9503226755621483 -4.0112025899440855 -4.056012362155901 -4.084956122334291 -4.098855865432386 -4.098861855116488 -4.0863585261330915 -4.062882701311052 -4.030085438485743 -3.997654998828447 -3.9741198003302807 -3.961930701530465 -3.9607715508889143 -3.9607715508889143 -3.9607715508889143
-3.6686520053436924 -3.6262060020375104 -3.5789822617208173 -3.529002625887979 -3.4782516984134855 -3.4280480221583023 -3.3778912573942135 -3.326548906819586 -3.273979303394017 -3.2203004495126173 -3.1661166972708243 -3.1127461754438785 -3.063035812089442 -3.017607771300753 -2.977811045239317 -2.9461532088802658 -2.932844743822508 -2.9443975189045775 -2.9810884000307736 -3.04048372571084 -3.1170612342583137 -3.206146342434263 -3.3053417460784877 -3.4087486154724336 -3.511682923379184 -3.610743279650322 -3.703662317553513 -3.7885574210166393 -3.861533888764064 -3.921246618182295 -3.9673002160163904 -3.999799148177568 -4.019260118368808 -4.026526614231077 -4.0226890724683555 -4.0090138609792945 -3.9875251483114065 -3.9697202566534497 -3.961184949923764 -3.9607715508889143 -3.9607715508889143 -3.9607715508889143 -3.9607715508889143
-3.710748648708007 -3.67728566587785 -3.6388203092076177 -3.597273533137866 -3.5542993070819873 -3.5107421966311625 -3.465488305990692 -3.418733592851603 -3.3707012001818573 -3.321546532748304 -3.271490219571626 -3.221241720007768 -3.1726248338529413 -3.127279444284685 -3.088196190341098 -3.057925165895978 -3.0387237732799295 -3.0352888719385422 -3.0539008567714454 -3.092274146893163 -3.1467249322302493 -3.2171329656365595 -3.2993217762470115 -3.3884299827157394 -3.480380071872043 -3.5708232483886504 -3.655952565701603 -3.733339175119858 -3.8012385897896195 -3.858518490627665 -3.9045857982851238 -3.9393130701952757 -3.9629648315071337 -3.976125589571323 -3.979631906404542 -3.974510803407797 -3.9643928203515117 -3.9607715508889143 -3.9607715508889143 -3.9607715508889143 -3.9607715508889143 -3.9607715508889143 -3.9607715508889143
-3.7442923928971927 -3.719171897373669 -3.6899976070597154 -3.657340057881324 -3.6226737657405845 -3.585523190937125 -3.546096203519129 -3.5049361064969284 -3.462439956154861 -3.418950380952592 -3.374857249235766 -3.3306993726072553 -3.2872585789861875 -3.2466061108311446 -3.211204702137288 -3.1830716353553385 -3.1642397289160726 -3.156369469082995 -3.1602866775474796 -3.1789888635016696 -3.215933758328496 -3.269525323735614 -3.3353234926214856 -3.408883705985452 -3.486104215041972 -3.5634163714372313 -3.637859069913948 -3.707085136033055 -3.7693328573142475 -3.823380641687258 -3.8684932526142033 -3.904363626618518 -3.9310527751492303 -3.9489299753891474 -3.958615383081092 -3.9609269576620267 -3.9607715508889143 -3.9607715508889143 -3.9607715508889143 -3.9607715508889143 -3.9607715508889143 -3.9607715508889143 -3.9607715508889143
-3.770115125738749 -3.7512574333034845 -3.731637472750988 -3.708247447747656 -3.6812642059166927 -3.6509354824171347 -3.6180592746960847 -3.5832549360387738 -3.5470205200849785 -3.50980355261336 -3.4720770044408056 -3.4344112328645373 -3.397531098576789 -3.362344017529532 -3.3305117941458784 -3.304882703062943 -3.286932771084803 -3.2776869051625113 -3.277505498369398 -3.2882905017270723 -3.312472630231773 -3.349620670085892 -3.398947981164179 -3.456831871093402 -3.5197651066165854 -3.584594704713564 -3.648617940549282 -3.7096202500686024 -3.765875744142112 -3.8161251721240497 -3.8595405744787903 -3.895682202308788 -3.924451334039933 -3.946039722508692 -3.9586482501459797 -3.9607715508889143 -3.9607715508889143 -3.9607715508889143 -3.9607715508889143 -3.9607715508889143 -3.9607715508889143 -3.9607715508889143 -3.9607715508889143
-3.7881177705874567 -3.7734689118801166 -3.762797298876653 -3.7479298100636047 -3.728500668874905 -3.705503745236116 -3.679742749273615 -3.6518654766373873 -3.6224114479996055 -3.591867353777905 -3.5607232992909297 -3.529521812746966 -3.4988903701800136 -3.469546555396332 -3.4422636917564793 -3.418292525996381 -3.4002764333045588 -3.3890022249810174 -3.38626252617206 -3.3952604556410133 -3.415552468852484 -3.4459913136356386 -3.484971029872293 -3.530611555265617 -3.5809239322327926 -3.6340001802011273 -3.6879854048224203 -3.7408546274420846 -3.79095345592848 -3.8370152363705916 -3.8776796727621523 -3.911557935760332 -3.937440797172247 -3.95418883792328 -3.9607203526023964 -3.9607715508889143 -3.9607715508889143 -3.9607715508889143 -3.9607715508889143 -3.9607715508889143 -3.9607715508889143 -3.9607715508889143 -3.9607715508889143
-3.7982339172426967 -3.787394038607193 -3.7813575917619286 -3.774527813080578 -3.7630090920667794 -3.7477590209287435 -3.7295571409670294 -3.7090383585172555 -3.6867349299137326 -3.6631215704639324 -3.638657612074868 -3.6138197248552073 -3.5891183050126503 -3.5650903559168183 -3.5422623086340588 -3.521079135246697 -3.502479215086044 -3.490391177716506 -3.488027943244023 -3.4955552642128405 -3.5125682361135553 -3.5381786082951048 -3.571114610766166 -3.6098438601774667 -3.6526922814891254 -3.697941120299637 -3.743895371225298 -3.788925333457307 -3.8314871177815886 -3.8701287184872157 -3.9034872942996683 -3.9302817839479474 -3.949303561992337 -3.9594067516741003 -3.9607715508889143 -3.9607715508889143 -3.9607715508889143 -3.9607715508889143 -3.9607715508889143 -3.9607715508889143 -3.9607715508889143 -3.9607715508889143 -3.9607715508889143
-3.798401672713909 -3.7916537121625655 -3.7872626748433884 -3.786722898985604 -3.7834178494867987 -3.7762606690619753 -3.765976831508921 -3.753151137835794 -3.7382680842528995 -3.7217510713461186 -3.7039952291565252 -3.685389128190981 -3.666320991212388 -3.6471654839096734 -3.628248358783456 -3.6098088932099905 -3.594073478731017 -3.584004106872988 -3.5820363400852395 -3.5883057351696124 -3.6024931712955603 -3.623891476044739 -3.651470849287668 -3.68396281585591 -3.7199463489764772 -3.757923677558738 -3.7963792409030006 -3.833820580754443 -3.868803354815488 -3.8999440961412866 -3.925924433359352 -3.9454898966277714 -3.9574456423951903 -3.9607715508889143 -3.9607715508889143 -3.9607715508889143 -3.9607715508889143 -3.9607715508889143 -3.9607715508889143 -3.9607715508889143 -3.9607715508889143 -3.9607715508889143 -3.9607715508889143
-3.784790115647841 -3.785129703883691 -3.782363449121017 -3.783924529693765 -3.7883751661283034 -3.7896139576189225 -3.7875543773891467 -3.782695676672934 -3.77543983732803 -3.7661286797400866 -3.7550708098795864 -3.7425557340858773 -3.728853324546612 -3.7141974397650968 -3.699256881026569 -3.686339849969916 -3.6761768554009127 -3.6691218650707755 -3.6674989589833675 -3.6726701197156784 -3.684377160891078 -3.702043540442653 -3.7248187288492782 -3.751636990194144 -3.781280459772953 -3.8124379742744017 -3.843754238108222 -3.8738671688531854 -3.901433739805925 -3.9251460531625506 -3.9437398917214415 -3.9559979288355005 -3.96074942272126 -3.9607715508889143 -3.9607715508889143 -3.9607715508889143 -3.9607715508889143 -3.9607715508889143 -3.9607715508889143 -3.9607715508889143 -3.9607715508889143 -3.9607715508889143 -3.9607715508889143
-3.7576944578050346 -3.7655471501083326 -3.766411092225134 -3.7694671406465323 -3.776899556167934 -3.7864856046024147 -3.7929331942376256 -3.7962842730300963 -3.7968271787576535 -3.794798989264278 -3.7904082854952885 -3.7838429820026134 -3.775512860876706 -3.767048587083766 -3.759249698821212 -3.752659203076699 -3.7476752041519736 -3.744501691516376 -3.743627812186841 -3.7478236518739307 -3.7573186902744458 -3.771633219154027 -3.790052379961226 -3.8116682842609966 -3.8354268417851904 -3.8601734577032962 -3.884693397441863 -3.907744577307332 -3.9280822412583034 -3.9444761495250917 -3.955721515342516 -3.9606451072344298 -3.9607715508889143 -3.9607715508889143 -3.9607715508889143 -3.9607715508889143 -3.9607715508889143 -3.9607715508889143 -3.9607715508889143 -3.9607715508889143 -3.9607715508889143 -3.9607715508889143 -3.9607715508889143
-3.7178909054341176 -3.7325491788181626 -3.7391549685857557 -3.74378252853914 -3.7528906136147224 -3.765973892912766 -3.780861910660672 -3.792657607277585 -3.801153563500116 -3.806510536295999 -3.8094582596989923 -3.8106334850971857 -3.810585329468428 -3.809856971737445 -3.8089477068205158 -3.8082712589641914 -3.808113593806215 -3.8085941060900663 -3.8096343752378927 -3.8129525240958695 -3.820448185964178 -3.8317161859338027 -3.846146352130904 -3.862955378423925 -3.8812220890031757 -3.8999231179212677 -3.9179658366935524 -3.9342165320071825 -3.947522971061937 -3.956731376722347 -3.9606983972033984 -3.9607715508889143 -3.9607715508889143 -3.9607715508889143 -3.9607715508889143 -3.9607715508889143 -3.9607715508889143 -3.9607715508889143 -3.9607715508889143 -3.9607715508889143 -3.9607715508889143 -3.9607715508889143 -3.9607715508889143
-3.6690187906314238 -3.6884924605815614 -3.700606076634924 -3.707451165776569 -3.7184373443719303 -3.7336576315444163 -3.752225185953326 -3.77266539660151 -3.7906100248862833 -3.8055142715407824 -3.8177188119555603 -3.827625667137307 -3.8356693443377603 -3.84228226804962 -3.8478575552750547 -3.852711357693198 -3.8570469702400496 -3.860923166644969 -3.864229330759648 -3.8672502530018855 -3.872917728861787 -3.881387760808899 -3.892132391037029 -3.9044679557891024 -3.917582022558246 -3.930561455617034 -3.9424192500922435 -3.9521184690224365 -3.9585923631078686 -3.9607715508889143 -3.9607715508889143 -3.9607715508889143 -3.9607715508889143 -3.9607715508889143 -3.9607715508889143 -3.9607715508889143 -3.9607715508889143 -3.9607715508889143 -3.9607715508889143 -3.9607715508889143 -3.9607715508889143 -3.9607715508889143 -3.9607715508889143
-3.618361643604462 -3.6412367095702063 -3.657649796822473 -3.6676727423708737 -3.680817275380983 -3.6988205616240593 -3.7205111320855835 -3.744734324667844 -3.770445161862532 -3.7949191363782697 -3.816174306852523 -3.8345168763873105 -3.8502946720644577 -3.863857885672509 -3.875521621559194 -3.8855311007044677 -3.8940304550577385 -3.90103632280155 -3.906417614895685 -3.9099153992762057 -3.9138944817763544 -3.9197713461274533 -3.9270836389948403 -3.9352284065305443 -3.943482955939637 -3.9510271218991435 -3.956965183684379 -3.960346089573279 -3.9607715508889143 -3.9607715508889143 -3.9607715508889143 -3.9607715508889143 -3.9607715508889143 -3.9607715508889143 -3.9607715508889143 -3.9607715508889143 -3.9607715508889143 -3.9607715508889143 -3.9607715508889143 -3.9607715508889143 -3.9607715508889143 -3.9607715508889143 -3.9607715508889143
-3.5673440037316895 -3.59254659409327 -3.612568515147836 -3.6266080010135338 -3.6424826046222973 -3.6638528928268146 -3.6891453318283878 -3.7169380721642655 -3.746042264744516 -3.775491138284323 -3.8044727625751844 -3.8309182064972225 -3.854046272549947 -3.874152854126922 -3.8915001249833807 -3.906284507790082 -3.918609549237021 -3.9284638501102735 -3.9357045533857096 -3.940046936635235 -3.9425563628997438 -3.946010645696955 -3.95010369673132 -3.9542987192777903 -3.9579477292120115 -3.9603093813232486 -3.9607715508889143 -3.9607715508889143 -3.9607715508889143 -3.9607715508889143 -3.9607715508889143 -3.9607715508889143 -3.9607715508889143 -3.9607715508889143 -3.9607715508889143 -3.9607715508889143 -3.9607715508889143 -3.9607715508889143 -3.9607715508889143 -3.9607715508889143 -3.9607715508889143 -3.9607715508889143 -3.9607715508889143
