_RESULTS/CROSS_VALIDATION_POSTPROCESSED_CLR/Berg/TZ/1comp/4/Berg_TZ_z_1000_kriged_reverse_1comp_spherical_4.asc
ncols 100
nrows 90
xllcorner 5.6208707817415728
yllcorner 50.959635321741573
cellsize 0.00013419651685393446
nodata_value 1.7014100000000001E+038
[rows 0 to 18 of 90, columns 0 to 41 of 100]
-2.636122428700882 -2.636122428700882 -2.636122428700882 -2.636122428700882 -2.636122428700882 -2.636122428700882 -2.636122428700882 -2.636122428700882 -2.636122428700882 -2.636122428700882 -2.636122428700882 -2.636122428700882 -2.636122428700882 -2.636122428700882 -2.636122428700882 -2.636122428700882 -2.636122428700882 -2.636122428700882 -2.636122428700882 -2.636122428700882 -2.636122428700882 -2.636122428700882 -2.636122428700882 -2.636122428700882 -2.636122428700882 -2.636122428700882 -2.636122428700882 -2.635018577144674 -2.631214740558689 -2.6221320970982074 -2.6068358887151812 -2.5828535139255213 -2.5477642616257565 -2.5035884817930594 -2.448876617151927 -2.3853622834434187 -2.3158843697279847 -2.2428840932585206 -2.1683602446314945 -2.0938257863508665 -2.0202653635158905 -1.948095458414601
-2.636122428700882 -2.636122428700882 -2.636122428700882 -2.636122428700882 -2.636122428700882 -2.636122428700882 -2.636122428700882 -2.636122428700882 -2.636122428700882 -2.636122428700882 -2.636122428700882 -2.636122428700882 -2.636122428700882 -2.636122428700882 -2.636122428700882 -2.636122428700882 -2.636122428700882 -2.636122428700882 -2.636122428700882 -2.636122428700882 -2.636122428700882 -2.636122428700882 -2.636122428700882 -2.636122428700882 -2.636122428700882 -2.636122428700882 -2.635867603328032 -2.6299905826198287 -2.614190315295339 -2.590865675151899 -2.562429144736753 -2.526840522602886 -2.479351473991487 -2.4185462988220428 -2.3480186755040435 -2.2712054083824684 -2.191177939697087 -2.1105914210245045 -2.031637309443356 -1.955997079674969 -1.8847940960577099 -1.818543989266435
-2.636122428700882 -2.636122428700882 -2.636122428700882 -2.636122428700882 -2.636122428700882 -2.636122428700882 -2.636122428700882 -2.636122428700882 -2.636122428700882 -2.636122428700882 -2.636122428700882 -2.636122428700882 -2.636122428700882 -2.636122428700882 -2.636122428700882 -2.636122428700882 -2.636122428700882 -2.636122428700882 -2.636122428700882 -2.636122428700882 -2.636122428700882 -2.636122428700882 -2.636122428700882 -2.636122428700882 -2.636122428700882 -2.6355581521304408 -2.625478337583144 -2.6034204237399496 -2.572045233208041 -2.534019610057691 -2.491940949348211 -2.4400150787869537 -2.372418110994176 -2.2933828131031797 -2.2069502656625453 -2.1168426795523962 -2.0264022231198062 -1.9385377565790456 -1.855679396246056 -1.7797363203800314 -1.7120499321879201 -1.6533377128357254
-2.636122428700882 -2.636122428700882 -2.636122428700882 -2.636122428700882 -2.636122428700882 -2.636122428700882 -2.636122428700882 -2.636122428700882 -2.636122428700882 -2.636122428700882 -2.636122428700882 -2.636122428700882 -2.636122428700882 -2.636122428700882 -2.636122428700882 -2.636122428700882 -2.636122428700882 -2.636122428700882 -2.636122428700882 -2.636122428700882 -2.636122428700882 -2.636122428700882 -2.636122428700882 -2.636122428700882 -2.6342299495037214 -2.6205199487777024 -2.593423000605121 -2.5547587868185513 -2.507386608070983 -2.4541246578617093 -2.3918039367353066 -2.317453469722287 -2.2293637000904405 -2.1318740983321844 -2.0293618659167043 -1.9258749033586395 -1.8250619181337886 -1.7301175614308553 -1.643744540358757 -1.5681260406380608 -1.5048913456966497 -1.4550538924434355
-2.636122428700882 -2.636122428700882 -2.636122428700882 -2.636122428700882 -2.636122428700882 -2.636122428700882 -2.636122428700882 -2.636122428700882 -2.636122428700882 -2.636122428700882 -2.636122428700882 -2.636122428700882 -2.636122428700882 -2.636122428700882 -2.636122428700882 -2.636122428700882 -2.636122428700882 -2.636122428700882 -2.636122428700882 -2.636122428700882 -2.636122428700882 -2.636122428700882 -2.636122428700882 -2.6336864427779125 -2.617170505926834 -2.5866872687896443 -2.542332124551561 -2.4867343824561106 -2.4229265204114196 -2.348138277697596 -2.2603972760350226 -2.1629949044812995 -2.054100454272084 -1.9378394191594335 -1.8189747416716535 -1.701924225397231 -1.5906758899911275 -1.4887292031125465 -1.3990700363515463 -1.3241738549565114 -1.2660081166493997 -1.2260309421314024
-2.636122428700882 -2.636122428700882 -2.636122428700882 -2.636122428700882 -2.636122428700882 -2.636122428700882 -2.636122428700882 -2.636122428700882 -2.636122428700882 -2.636122428700882 -2.636122428700882 -2.636122428700882 -2.636122428700882 -2.636122428700882 -2.636122428700882 -2.636122428700882 -2.636122428700882 -2.636122428700882 -2.636122428700882 -2.636122428700882 -2.636122428700882 -2.636122428700882 -2.6344213733818886 -2.6174864663578497 -2.584481787295073 -2.5368165523372146 -2.4750365611730856 -2.4021954467441953 -2.3174976263824627 -2.2159441438789367 -2.1021500570907765 -1.9807323280647344 -1.850628964194174 -1.7151732803240252 -1.5795764387459794 -1.4486800689961572 -1.3268446500880517 -1.2216945919755906 -1.1408633865024966 -1.0824963026588734 -1.0449044540168941 -1.026900019192849
-2.636122428700882 -2.636122428700882 -2.636122428700882 -2.636122428700882 -2.636122428700882 -2.636122428700882 -2.636122428700882 -2.636122428700882 -2.636122428700882 -2.636122428700882 -2.636122428700882 -2.636122428700882 -2.636122428700882 -2.636122428700882 -2.636122428700882 -2.636122428700882 -2.636122428700882 -2.636122428700882 -2.636122428700882 -2.636122428700882 -2.636122428700882 -2.63575133793111 -2.6214687983379417 -2.588292709921869 -2.538820168609224 -2.473797411467421 -2.3944892843448295 -2.302610749823445 -2.19091424628584 -2.062180347610688 -1.921700972677664 -1.774898748869909 -1.623076455240186 -1.4678805315847177 -1.3152150146334924 -1.1832028195208957 -1.0798062296711017 -1.0025564394937159 -0.9488637226666685 -0.9162795593931712 -0.9028916386800576 -0.9077356730524242
-2.636122428700882 -2.636122428700882 -2.636122428700882 -2.636122428700882 -2.636122428700882 -2.636122428700882 -2.636122428700882 -2.636122428700882 -2.636122428700882 -2.636122428700882 -2.636122428700882 -2.636122428700882 -2.636122428700882 -2.636122428700882 -2.636122428700882 -2.636122428700882 -2.636122428700882 -2.636122428700882 -2.636122428700882 -2.636122428700882 -2.636122428700882 -2.6277537740447565 -2.5978899645756783 -2.548751233325123 -2.4828902410718037 -2.4006256275160265 -2.303766283933468 -2.1871037359862737 -2.04797687639195 -1.8917195322578348 -1.7239400563188594 -1.550481654100664 -1.3757448073639003 -1.2108768150989788 -1.078252075660361 -0.9765568548741044 -0.9034606586545881 -0.856164593246084 -0.8315237921447931 -0.826374097733384 -0.8381306521112495 -0.8657808976407155
-2.636122428700882 -2.636122428700882 -2.636122428700882 -2.636122428700882 -2.636122428700882 -2.636122428700882 -2.636122428700882 -2.636122428700882 -2.636122428700882 -2.636122428700882 -2.636122428700882 -2.636120238148539 -2.6360309078862594 -2.635889944309721 -2.6357805799861422 -2.6357510040904555 -2.6358129366408156 -2.63594127567639 -2.636074850019449 -2.636122428700882 -2.6338027801490154 -2.6111399503593162 -2.5662410899787376 -2.50157038805993 -2.4195873813660005 -2.3204052493146916 -2.203532565778627 -2.0601697237669723 -1.8937205691209444 -1.7097132196550733 -1.514065117914249 -1.3138445190208148 -1.1420311894452002 -1.0072906952055476 -0.9057449641554034 -0.8356887505844046 -0.7947475458006279 -0.7797448033722927 -0.7867895261404696 -0.8116249849059045 -0.8502672587962699 -0.9003338211263703
-2.636122428700882 -2.636122428700882 -2.636122428700882 -2.636122428700882 -2.636122428700882 -2.636122428700882 -2.636122428700882 -2.636122428700882 -2.6360908601893724 -2.6356765874061714 -2.6349449940672383 -2.6340848070275342 -2.6332571522470087 -2.6325910739309863 -2.6321796110742763 -2.632076775036969 -2.6322957180228364 -2.6328082783716176 -2.6335459499946268 -2.634402175607931 -2.6238361119732367 -2.588053023313676 -2.5290880583791986 -2.449502341057931 -2.351916328190449 -2.2363423211191176 -2.0962288887453178 -1.926859639704929 -1.7334429645579756 -1.521645759283569 -1.3006223864375577 -1.1124383498501684 -0.9677713339327698 -0.863670070929389 -0.7939141541237174 -0.7568476143160501 -0.7502154233879632 -0.7704730194669489 -0.8128352447458078 -0.8717251250321825 -0.9379967789566939 -1.0006570712464131
-2.636122428700882 -2.636122428700882 -2.636122428700882 -2.636122428700882 -2.636122428700882 -2.636122428700882 -2.6360566556423928 -2.6353047299299552 -2.633921611575372 -2.6321579007719493 -2.630246214467456 -2.6283956620927467 -2.626786071360769 -2.625562357797707 -2.6248295091844542 -2.6246486713770634 -2.6250347561266363 -2.625955844876601 -2.627334458768349 -2.627263207901671 -2.6056009061442458 -2.558285174232244 -2.4873348030695324 -2.394855494068493 -2.2829075825169642 -2.15048206123097 -1.9867133325678388 -1.7924041040629912 -1.5727266820398076 -1.3364567121565414 -1.1311462742664808 -0.9700344437802277 -0.8520086537811795 -0.7763754384476003 -0.7388126716213947 -0.7359846496260611 -0.7660819150098432 -0.8252520110902499 -0.9002071759472257 -0.9741458792402535 -1.0458414286366282 -1.1157363781074463
-2.636122428700882 -2.636122428700882 -2.636122428700882 -2.636122428700882 -2.636122428700882 -2.6355608935207164 -2.6339160013669116 -2.6314773456666574 -2.6285304375725027 -2.625349463383504 -2.622191486172502 -2.619289804952847 -2.6168468031105676 -2.615026795982685 -2.613949527008568 -2.6136850125198468 -2.6142503587495947 -2.6156089648425667 -2.6176722188092456 -2.6127974109281222 -2.581227627602779 -2.5236251060141606 -2.4419034847711245 -2.3380514312920635 -2.2140714216169597 -2.0652904065381925 -1.879877301119256 -1.6621793227702846 -1.4183722713847589 -1.1962836679222955 -1.0188553353254135 -0.8845086257218888 -0.7925142053010954 -0.7430460731259125 -0.7363813241389656 -0.7686902153420729 -0.8352120053909058 -0.911656994994134 -0.9921628685074229 -1.0740347445226552 -1.155308826182575 -1.2373684126941353
-2.636122428700882 -2.636122428700882 -2.636122428700882 -2.6360793034611656 -2.634932791463113 -2.632457817085956 -2.628967394336584 -2.624774924421111 -2.6201902883330916 -2.6155145863294598 -2.6110334602312295 -2.6070091163883022 -2.603671417711247 -2.601208697079911 -2.5997591929368866 -2.599404131676196 -2.6001634032491054 -2.6019944722555373 -2.6047915254612763 -2.592920818171279 -2.55288881093031 -2.4864599338664672 -2.395428871692185 -2.2816484431828457 -2.1470444306006176 -1.983080965445946 -1.7799504764076173 -1.5416272162834777 -1.303823886570568 -1.111357298766983 -0.9621054315965667 -0.8543573253144072 -0.7876059915049356 -0.7629404891219864 -0.7830637748290163 -0.8398072843248179 -0.9081535937203298 -0.9895289514025678 -1.0805349115335416 -1.1748484719714587 -1.267766183752316 -1.3600236936022085
-2.636122428700882 -2.636122428700882 -2.636025282830315 -2.634493228199 -2.631345697118461 -2.6269076707284267 -2.621510941590627 -2.6154917076297144 -2.6091867300896494 -2.6029277346491373 -2.597033839616133 -2.5918020193501565 -2.5874959660408066 -2.5843341620322895 -2.5824784149823947 -2.5820243810856596 -2.5829955500947044 -2.5853417201822406 -2.5879370235908263 -2.5694419849987495 -2.5225770115328294 -2.4489974876306833 -2.3503720842088907 -2.228408041520476 -2.084760898521724 -1.9076395910220099 -1.6899015760902352 -1.447170678929468 -1.2417080376526828 -1.0799547266198473 -0.9597814738271668 -0.8789954812378018 -0.8368585940029387 -0.834905202957088 -0.8603196334539827 -0.8971364074252026 -0.958785053011916 -1.0476559629861 -1.1556767192953727 -1.2679817268252895 -1.3735945433327226 -1.4721669998396525
-2.636122428700882 -2.636054108767315 -2.63442171343919 -2.6308529786629826 -2.6256754873820154 -2.6192286235996947 -2.6118577304940143 -2.603692448853681 -2.59530771090256 -2.5873405350603598 -2.5801693713530476 -2.573902240509202 -2.568562005620868 -2.5646317984676403 -2.5623276354896567 -2.561764139813212 -2.562969560047245 -2.5658835725063827 -2.567349143774062 -2.543954598363407 -2.49205939630284 -2.413209480729707 -2.3089484684006196 -2.1808399789484882 -2.0298773245787274 -1.8428611987309373 -1.6145333067918686 -1.398691041646563 -1.2287010051967497 -1.1003754668057986 -1.0112109424836624 -0.9584707984067959 -0.9367040972914236 -0.9315819098139984 -0.9202788641609745 -0.9256870398052408 -0.9764151149792508 -1.0833331077925505 -1.223605358262227 -1.3647300654846237 -1.4847723540764286 -1.5811697111632994
-2.636119139573246 -2.6347453476244564 -2.6310929253082684 -2.6239797305469352 -2.6130741324050617 -2.599978686691975 -2.586114390514809 -2.5726905853872286 -2.560677622072254 -2.5507833663645014 -2.5434343989013377 -2.5387622305630386 -2.5365945350755186 -2.5364515248462824 -2.537548180178192 -2.5388037437712145 -2.540309778612912 -2.543857899275725 -2.544241348811519 -2.517803429963383 -2.4628345631123008 -2.3807754845698827 -2.273053832795597 -2.141104288076466 -1.9852929336951113 -1.7920217892704635 -1.5718136969769294 -1.393369346756335 -1.2609389137649947 -1.1698930980254203 -1.111581544882934 -1.0811337641590169 -1.066750995313741 -1.027944168995107 -0.9733484968142037 -0.9332928540377297 -0.9661818524352639 -1.1083381341953547 -1.3066833891845624 -1.4931922088208087 -1.6329762302784887 -1.7160114744300836
-2.635224554269624 -2.6280292262661002 -2.614305278417109 -2.5960721637829662 -2.5752316060328093 -2.5535322100755606 -2.5325328031887446 -2.513566678248317 -2.497709000630633 -2.4857492539118784 -2.4781697571391432 -2.475130249001116 -2.4764578033687865 -2.4816414785112864 -2.4898323378979534 -2.4998512799008092 -2.51020816299067 -2.519134699341615 -2.519572308653718 -2.492056639241511 -2.4360962155442527 -2.353033738963199 -2.2441967347689475 -2.110917244721426 -1.9532657854852067 -1.757580501745527 -1.566631951884268 -1.4271906486918327 -1.3340753699472683 -1.2756154928227854 -1.246390369032086 -1.240370134885945 -1.2111694498990668 -1.1462880517750427 -1.0514762040440466 -0.9450460238838665 -0.928729994989983 -1.156386989769561 -1.443896616595889 -1.6893345786435108 -1.8620103312471818 -1.9434820090693101
-2.620238781448048 -2.5996229267549986 -2.5733300155265653 -2.543541718298692 -2.512328007944054 -2.4816051862128217 -2.4530916066179294 -2.428264159698222 -2.408318894278128 -2.39413864639244 -2.3862691315375093 -2.3849029484437585 -2.3898692237870307 -2.40062645730357 -2.4162584195657337 -2.4354771090528375 -2.456640061293216 -2.4777883090700565 -2.4898435883254058 -2.4674882497703736 -2.4127087538329057 -2.330945453934235 -2.223446026548514 -2.09147464542667 -1.9352428855765818 -1.7466032627426828 -1.5941029377935148 -1.4937426436057035 -1.432486051388198 -1.4058962475493204 -1.4111092336982054 -1.4151674560970369 -1.380196391995494 -1.3102117628653533 -1.207300645225906 -1.0733139588192846 -0.9665341025030805 -1.334749226480283 -1.6896775103438888 -1.9840629298029397 -2.200774361466678 -2.328519806249938
-2.584128744415068 -2.5496984850210263 -2.510389349878771 -2.468565456763187 -2.426489408436044 -2.386272051374088 -2.349818118742493 -2.3187721237267276 -2.294469716536507 -2.277899261784512 -2.269676184942033 -2.2700288941983913 -2.278791148885226 -2.295394190123462 -2.3188555678254597 -2.3477706248862074 -2.3803217189181374 -2.4143204653819614 -2.4411873093184187 -2.4350755280128995 -2.392524940586032 -2.3150787202007788 -2.2114021561428676 -2.083405292584711 -1.9317853219806254 -1.7630830729508857 -1.647307583005733 -1.5771872419252133 -1.54707132339392 -1.5550724478929605 -1.5914184701053218 -1.5999302360878909 -1.5745079080520654 -1.5240802653368928 -1.4599807685317066 -1.4103011685621247 -1.4660860132918216 -1.7186608704590867 -2.0531753538544923 -2.3725783774170077 -2.63524011620512 -2.8173342686884912
