_RESULTS/CROSS_VALIDATION_POSTPROCESSED_80-20/MHZ/GZ/7comp/2/MHZ_GZ_z_90_kriged_reverse_7comp_spherical_2.asc
ncols 100
nrows 74
xllcorner 5.5967023332191781
yllcorner 50.982320383219182
cellsize 0.00019249356164376555
nodata_value 1.7014100000000001E+038
[rows 40 to 59 of 74, columns 0 to 42 of 100]
3.472390177899772 3.623325894758125 3.7395433511171396 3.82217950520723 3.8924747009941627 3.9632454211045554 4.0373049734040745 4.11193025860627 4.144189388659884 4.010241809895966 3.807279100318886 3.6085918938001282 3.424913626005817 3.252976907956499 3.0893336110086933 2.930387687491201 2.771536389002559 2.6076782215950995 2.422148874649695 2.211674199506692 1.989149901736256 1.7754601387264257 1.592742951486763 1.4512120921435456 1.3504318665159438 1.2779964600287483 1.223119796415383 1.1795008951096508 1.1498986956821076 1.1369426566730096 1.1411610924861038 1.1599771820033602 1.1939762741042037 1.2430363595639418 1.3074239244411157 1.3863423428527883 1.4898914755981782 1.6102133345380063 1.7381718895843161 1.878415827272511 2.03991648098272 2.2244483453556714 2.4250303643263718
3.4483295837206045 3.621201137992432 3.7707931541995596 3.885357186928923 3.968641417188078 4.039167181501468 4.095747911294565 4.1267605952665845 4.101765627709937 3.984947390030215 3.804512832568034 3.6044609674349095 3.4011919568771325 3.204254469836601 3.013653840509678 2.825777031284115 2.6348741604583585 2.4466539986236504 2.2587180748328985 2.0592091641657984 1.8600385364693055 1.679121300295637 1.5292724500920947 1.4133164306965282 1.3302399334976485 1.2711799281800973 1.2267319293311783 1.194385112480702 1.1789267601667663 1.1847784817398366 1.2107975528118153 1.2448144727767998 1.284751074839527 1.3331624298602673 1.3879951029334643 1.451431990756509 1.5397429594839165 1.636134377648517 1.7342072174260394 1.8422873498562249 1.9732545855058408 2.134012234412642 2.3168138338027857
3.426558639211873 3.6114864958070183 3.7782694977257996 3.9165286408255526 4.014279913296264 4.074994330182896 4.106501200874197 4.099589138453219 4.041897637986556 3.922140517288022 3.751023765197591 3.5481973070495436 3.333797733909627 3.1218972615323124 2.914339366153095 2.707692469617654 2.4998520375836013 2.296427010679394 2.107963849958131 1.928040007247949 1.754496286227684 1.6050198468335057 1.4835874591462603 1.3916304022223642 1.3275190426064665 1.2833816425009743 1.2501771421881425 1.2273826710019384 1.2236174969756148 1.2513671604457655 1.303233797825764 1.3568128360889955 1.4063053424081342 1.4541320349921572 1.4968208978995292 1.5455146230213996 1.6161434117715072 1.6869297680149669 1.7521711718113164 1.8229015778965265 1.9195400134709484 2.0636174377562377 2.2435982343729797
3.4062980673475463 3.603050497491768 3.783376994202472 3.930734653918759 4.032932734418289 4.082945167273524 4.088844375070014 4.050987287940865 3.9669801254266837 3.8378499638576176 3.662013857181132 3.4539314013290503 3.2328303070409854 3.0126273365899023 2.794912220650372 2.5770776804754223 2.3652147463690305 2.1652747055327706 1.982169903734947 1.8181233147563578 1.6722825365062102 1.5505309279685975 1.4551010443559802 1.386936047059929 1.3433163690897367 1.3170839825398968 1.2986295435964388 1.285652847198331 1.285740286233932 1.3414496423504225 1.4277955078462004 1.5039501898104495 1.5609220622974889 1.604850285963064 1.6353770441592457 1.6714422901115726 1.722473921735443 1.7675816186439024 1.8001245843074751 1.827520502947557 1.8756046040699497 2.017965643724539 2.2152766419277232
3.3879497302445043 3.5967999131429367 3.7941031027130125 3.9518384566582174 4.054584504489923 4.094626867812532 4.070731909020784 3.997515155555129 3.884786424647604 3.7373380892605104 3.5501338733207657 3.3366945037668025 3.1134194519405933 2.8933143439044495 2.673681172157302 2.4551521433849968 2.244756868944833 2.0496192466791467 1.8740170869767716 1.7244472726762567 1.6074864116670355 1.5127258226654494 1.4429192840370217 1.3996367129514125 1.3788213011276593 1.375768452549708 1.3806745900338881 1.390033434799465 1.4043572150076722 1.4856872849602571 1.5973566702056459 1.688416150077426 1.750431780192989 1.7863177589727428 1.804718893696747 1.8291719992431275 1.8615048915970334 1.8839663401427773 1.8926277818320707 1.8890418688059158 1.8743341506986506 2.040075826262875 2.251818083774927
3.3761470088777243 3.5944895340188463 3.8148663272534016 3.9844994903201605 4.089139218614148 4.119492636506342 4.076654049598606 3.9714089701830213 3.8260306388822123 3.6502539359475943 3.4490862058099205 3.2299558427631583 3.0062641462682973 2.786096518949198 2.5655083102033913 2.348257822632304 2.1395601659610914 1.9478983286258558 1.7804336025738474 1.644853143952525 1.5495766192797027 1.4814397226247609 1.438370587444975 1.4219803285913708 1.4277114064027663 1.454182700354663 1.4929261928664297 1.5417477773842563 1.604563983536698 1.6990237007804387 1.8111312331512808 1.908860614125895 1.9740776173576935 1.9996839735783085 2.002481059463497 2.0114641586414272 2.028031426088437 2.035898639647942 2.035873476050316 2.036373330893033 2.0668553432693884 2.1833706102642596 2.3599786324113543
3.3806456186229785 3.616804250918059 3.845071848406341 4.028475552120906 4.138997861321014 4.159441322764688 4.093828704948524 3.963467644431124 3.789788434466617 3.583787127546264 3.3654423293463758 3.1405051383760547 2.9149301959927705 2.691434233698416 2.4715958159812543 2.257374515307488 2.0537564993213486 1.8665689913929542 1.7036640150362654 1.5805107605904343 1.5005027161974982 1.453303979886334 1.4364320093048089 1.4467557741637602 1.4817641677621396 1.542628481492257 1.6186785332756268 1.7055366338446292 1.8073812737159387 1.9260457412366077 2.0499345176344703 2.1568846516040723 2.2262568271651575 2.245087616253047 2.2271911311789365 2.214249077445909 2.2108016345136283 2.209643205712192 2.208223136588589 2.219699283788508 2.2645286664289754 2.36201173029596 2.510109057340644
3.3784574414122117 3.6268821097299107 3.869921423923533 4.076290020780377 4.203549605298153 4.213489536405693 4.1153754976325425 3.9530396887435524 3.7545211142275026 3.531765702441477 3.2993462550221104 3.067518251469813 2.8361265764504897 2.610411822558484 2.3927266884632936 2.182536187012055 1.9840660809506843 1.8017912216227923 1.6449756175035264 1.5314504928731323 1.4633171210362639 1.4318595974850823 1.4350481980536238 1.4706280010417485 1.5351561817481751 1.626341422911973 1.7371645403929277 1.8619040348541525 2.000513787080297 2.1492342063661156 2.296159145764039 2.4211321236472987 2.5002934087675723 2.514638046310895 2.47448562708301 2.429974072682068 2.4007490949099894 2.388920245947132 2.38335536522526 2.396550378944821 2.4407884422398287 2.5293607249213155 2.663750735423597
3.3562192629137755 3.6101204450849482 3.8685833588985314 4.10899688726722 4.2790255378501545 4.275068655849182 4.123290757351615 3.9239542199829036 3.7036601282825607 3.471911667172457 3.2361248597136685 3.0002423341690614 2.7691238892601078 2.544283626657969 2.3299711325604098 2.1248113758674436 1.9317353147260155 1.7547920885020052 1.604611832382406 1.4984892054363166 1.4388955629707592 1.4195365622960003 1.4355832700688476 1.4872059923161536 1.5738300816115967 1.6934359578174498 1.8388195367305045 1.9998151126768424 2.173784632253171 2.3551830150591226 2.532700975283644 2.6871986971242054 2.7888825237679713 2.801952137640315 2.7333080700701364 2.6481629816857586 2.585113540566851 2.5552947482380484 2.5408565869246003 2.5502879059755617 2.59312371060075 2.675036624082778 2.7970983941193412
3.3093989455251784 3.5566201887676256 3.8156055055190796 4.076951913230896 4.328148994478867 4.294543605247774 4.074522548678929 3.854292765587622 3.6275750428659705 3.3937339689191943 3.1574923454438233 2.9239573546022903 2.6978184983675226 2.4821795910982605 2.2772533644606714 2.0811716704282426 1.8956207272431247 1.7250011473828386 1.5807662841972288 1.478901744887941 1.4225067055135558 1.4067320650263793 1.428554274295611 1.493149280310774 1.5991597337971775 1.7417668776007211 1.9160809006232822 2.1091592355555586 2.314600024311877 2.5262505621416818 2.7350211984495805 2.926840385633867 3.073891877459988 3.0963421616841083 2.9760080225841845 2.848789469573491 2.750015650743354 2.6937504819224185 2.673167563367843 2.67991147077021 2.71819619200483 2.7909926624084265 2.8987680730160004
3.2391173743999366 3.464641671455778 3.6980819038205173 3.9247775798891222 4.100962829476492 4.090152797424441 3.927268612418005 3.730061961282998 3.515241522801234 3.2910371122566735 3.064026404634269 2.8395116231345656 2.6219717918554544 2.415081022291959 2.221380755753898 2.038073621403144 1.8633752330516808 1.7016869786929578 1.564230270311204 1.4667688238920071 1.4108204104903936 1.389101673206244 1.409551568428736 1.4888429367189775 1.6168351563938927 1.7804410124791497 1.9750067472796866 2.1900595282586797 2.416176109234489 2.647362525825661 2.8755733742991967 3.0912848721810082 3.2848502259672197 3.34572934379686 3.15350972218038 2.997880938343364 2.8840541181161994 2.810540235093187 2.77860644288465 2.779709105525545 2.8112600859833763 2.872920719104386 2.964137152833792
3.1533967003279484 3.3465796002167787 3.538248234962138 3.7073169126857874 3.8142305472890348 3.8130695530863434 3.712548495161677 3.558594933653214 3.3723159174186184 3.169368901936911 2.959685217369816 2.750035935182852 2.545493879683159 2.3499427656363765 2.166268290810317 1.9959681885679295 1.835433570675479 1.6859988469483413 1.5587493106449488 1.4677598761521915 1.4098489949712447 1.3743018985956579 1.3772055691556881 1.483224996996265 1.635373799809271 1.8148586601442318 2.0205268535594416 2.2485673651934666 2.4851808790792007 2.7226299565305907 2.951173792100144 3.156765345237761 3.3131509711757774 3.3439406022492855 3.2245794274964505 3.0832384702162323 2.9699325164978188 2.891505095690575 2.8508081072673606 2.847513328837209 2.8700100362807888 2.9196982067798043 2.993314106717833
3.0553618000409424 3.2127237747196578 3.3613586908964805 3.482802239643199 3.5529003789260356 3.5526749318747455 3.4850559406050823 3.368699088393491 3.2146139084580945 3.0381323502456805 2.8505756291258098 2.6598384161891064 2.471682968286898 2.2903990367426696 2.1191419791082753 1.9601981941801332 1.8142477229133904 1.6808179937423964 1.5665313802662222 1.4836266361285342 1.4312282152827338 1.3966911798688288 1.397732024907734 1.511580698912202 1.6686993205605867 1.8509481904684841 2.056838646141715 2.2843942117415605 2.521357942723506 2.753844528823437 2.970856740617139 3.154659883867973 3.2769905527683294 3.3031931094289675 3.228710153752373 3.111125417040656 3.0064885322509083 2.9270126705924437 2.8784439277547675 2.872029112831716 2.8929502406986116 2.9325724966336146 2.9903346822608534
2.9488950470749318 3.074180259501581 3.18662087478439 3.273899816131161 3.321631883800548 3.3202838031890654 3.270921849177099 3.182127517508874 3.057002756086797 2.907217085073864 2.7434134524653997 2.5736521621757014 2.4040270743824332 2.239149531219473 2.0824780895265973 1.9370127737579153 1.8058683842595484 1.6877479301742822 1.5852373847044916 1.5146852292654416 1.4756936020445806 1.4614095964587754 1.4894348479116257 1.5798148340539937 1.718953836986305 1.8899999746427243 2.085696371225048 2.301312942037322 2.529886570112163 2.752786035248174 2.9547374177081127 3.1182108566772775 3.2224238779004106 3.250088452396211 3.2005456477017753 3.0993940736569963 3.0010167147631437 2.9203348982484236 2.8641655064165668 2.844537182232907 2.8618785807327436 2.898193712011 2.952017461038726
2.83490509832966 2.9376730532303843 3.025403833641896 3.0891534848613613 3.121433712833914 3.1181787206205165 3.0797204645354794 3.0107688513761186 2.909960056932568 2.7847492675987415 2.644237947189203 2.4959341982502745 2.345842402589126 2.1986915025826375 2.057674023103824 1.9255231064358975 1.8069229622527223 1.7043075194424249 1.6170656275400728 1.560539540398992 1.534817997583479 1.5355377381583803 1.5728748708531102 1.654459753088034 1.7771222693461124 1.9322962618128068 2.1124375447028116 2.3109270027737607 2.5202890108559717 2.728345039531292 2.913387994146222 3.0595691264908202 3.1522153681198963 3.181331783645324 3.1470703764060164 3.060503100441943 2.962281067027002 2.8777159678902056 2.8134975822533943 2.780936944723696 2.7804396693901503 2.8125100439484614 2.8642957429060547
2.719089921172338 2.802893919527899 2.873025536992872 2.923130162204063 2.9479594390714117 2.9447845332575944 2.9142867266951575 2.8600991447237605 2.7796524326256336 2.6762091097001846 2.5572005817705175 2.429060401792413 2.2970972407346215 2.16559933122501 2.0386550800094985 1.9206276513051808 1.8167014722016233 1.7289490606785904 1.6593232904460815 1.616591477312523 1.6003738063892679 1.609935333247566 1.65085199628817 1.7267382336551402 1.8365764310523922 1.9756253206529062 2.137648400895673 2.3156313275636307 2.501360298829651 2.684815030407681 2.8513194055103743 2.9811566410204238 3.063493027613749 3.0922295722961777 3.0678396422152177 2.997316742512144 2.8977309302203147 2.806301303062974 2.733798386457208 2.689129067995993 2.6739695873555087 2.689819036491907 2.734789513164615
2.606595688382741 2.674570986282656 2.7307204252775645 2.7704491901057025 2.790164873158259 2.7880512129815114 2.764511562902601 2.722068430345097 2.6594511434751924 2.5751770914215055 2.475308639327007 2.3654771905130287 2.2506153594592364 2.1353826947183503 2.0240027492456263 1.9222584873480102 1.834355700615722 1.7625535630269338 1.7094478356557423 1.6771125141622871 1.667136960477432 1.6814112384911115 1.7229631050977572 1.793549426002343 1.8924341716426576 2.016303728952363 2.1598639002293742 2.3162294674556083 2.4769332359984833 2.6318689430920625 2.770699611375862 2.8821228011253917 2.9523373296756796 2.9778547569285196 2.9600350955487507 2.90313452399441 2.813621027691039 2.7135508428427824 2.6334261426478935 2.5805933370920475 2.555803156926297 2.557793959489571 2.58474491349609
2.5009104811421357 2.555657256120871 2.6005133892792114 2.632080272200138 2.6477923402676113 2.646363451778791 2.62802531567828 2.5944529715824385 2.546458419124511 2.4794568404453563 2.3974317429206597 2.305248378501744 2.2077715959231288 2.1095147033079673 2.0148214942915987 1.930259389061002 1.8591321876843097 1.8039868474566754 1.7673966638535927 1.741060075587781 1.7325478748410779 1.7486292827932615 1.7888793079330927 1.8538731998415825 1.9426822322000943 2.0524362848196174 2.1782862112083627 2.3133385942299434 2.4486585932160456 2.5746739691987375 2.6822090320813996 2.763836367185886 2.815275459890647 2.83336084523679 2.8206912686524177 2.7778052774517117 2.7049646359999486 2.6088235731400253 2.525566011434539 2.4682804392169486 2.435873168050938 2.426974805094811 2.4398773394189632
2.4044013000155795 2.4480104813664854 2.483582148689687 2.5085422649227227 2.5209142341987207 2.519502842292091 2.504679863215346 2.477829204705783 2.4408961547278563 2.3897644458601173 2.3247636907793483 2.2502534318884075 2.1703195134381734 2.0891429467831837 2.011749380776412 1.9445894483437036 1.8905609443700115 1.8523992737388986 1.8284396804768999 1.8095564768213268 1.7996246890009737 1.8121168857533967 1.848318020971102 1.9072067067368095 1.9863796364197495 2.083037777135249 2.1923068429232053 2.3070531440113293 2.418224175114295 2.515935173731431 2.591729553671944 2.639953249500172 2.6585259723088583 2.655060571122477 2.648988771536478 2.6251947863642973 2.572786533811561 2.5004002993652614 2.423124488662681 2.3619520702179777 2.3232767824479947 2.3057426822498304 2.307801503937678
2.318706273159736 2.35281857638041 2.379769204717451 2.397525088585183 2.405138386144299 2.402305396819996 2.389433274653924 2.367599837327682 2.338420122616465 2.30179526984032 2.253717219213268 2.197339216882973 2.136266370297344 2.0738755551118286 2.015043636961753 1.965374328288085 1.9284802604275848 1.9054731865694507 1.8891246666873294 1.8773218002048453 1.8706757888602303 1.87750243532633 1.906077995389306 1.9553592291936532 2.023381604424613 2.10680884676358 2.200648993129693 2.2974444090679396 2.3871581460223634 2.458433753195476 2.5036458030301914 2.519927066572873 2.505537852752461 2.459172595485538 2.469533167746773 2.4668458209574236 2.4335572195042965 2.3847676630187236 2.3283826972111292 2.2702741534112727 2.2258307385140736 2.2010675416041594 2.194546000146427
