_RESULTS/CROSS_VALIDATION_POSTPROCESSED_80-20/MHZ/GZ/7comp/2/MHZ_GZ_z_1000_kriged_reverse_7comp_spherical_2.asc
ncols 100
nrows 74
xllcorner 5.5967023332191781
yllcorner 50.982320383219182
cellsize 0.00019249356164376555
nodata_value 1.7014100000000001E+038
[rows 54 to 71 of 74, columns 0 to 39 of 100]
0.00010567470114302884 5.618133176045934e-05 3.073797758488285e-05 1.827400101844147e-05 1.2484656485453294e-05 1.0520890151742456e-05 1.1312232990698987e-05 1.5118059985660273e-05 2.4319328205608824e-05 4.5090670546737314e-05 9.246692582313168e-05 0.00020261781378357963 0.0004610315180793242 0.0010634035494490564 0.002411816041299355 0.004948743166447881 0.009001845862735487 0.014368394691982068 0.0206578689392445 0.024609414663923794 0.025512963486475613 0.024982552527348753 0.02276041911448315 0.019088449404881202 0.01481933985847876 0.010780102278705886 0.007420516507039765 0.004878429045276305 0.0031036231846704064 0.0019232749618801005 0.0011207036059941227 0.0006191459441565481 0.0003449954342287529 0.00020555762603438575 0.00013539925177594384 9.912540503098894e-05 8.566582702898311e-05 9.044902729011936e-05 0.00011573633035987851 0.00017732478516004218
0.00012516446015570847 7.365163005806108e-05 4.4948849219777965e-05 2.96097205546684e-05 2.186854166715973e-05 1.8632416192705523e-05 1.9138807931813918e-05 2.3717538877475723e-05 3.478631495439353e-05 5.862867472797558e-05 0.00010974492506728104 0.00022122239973884438 0.0004674144831455024 0.0010092025804799023 0.002072098315384549 0.0038800314885582866 0.006580207987699572 0.00990112088429371 0.013019079568747968 0.014834904707706592 0.015713027751670754 0.015986967820772156 0.015462878132242432 0.014140949722556428 0.012254083024016189 0.010136073930010455 0.008075783123881452 0.006264011664492638 0.004798127646333859 0.00366794392258268 0.0027044735048977904 0.0018855816881297998 0.0012818288691640043 0.0008722596517041189 0.0006060424982210741 0.0004386428903396391 0.000344049053580911 0.0003217560349143609 0.00036288224831352987 0.0004898374214482261
0.00015988696818187095 0.00010273438743948507 6.860534525005515e-05 4.906181195686128e-05 3.8611141997758604e-05 3.410274768175559e-05 3.4160340026251586e-05 3.986652561738502e-05 5.408734656433718e-05 8.379733436532985e-05 0.0001442119444328428 0.00026844717422612956 0.0005272572483671495 0.001027298253995568 0.0018860634312199288 0.0032252126574933006 0.0050676567323025825 0.007157856472158212 0.008916062568369356 0.01003952761613626 0.010926083556577914 0.011614748534810588 0.011979588097164795 0.01195284136930463 0.011555425647898644 0.010881210973307272 0.010056587152171326 0.009211464203427775 0.008417501959289773 0.007507991379864074 0.006584932819474634 0.005691708204020443 0.004688694130090274 0.003643709401696823 0.002669887747728098 0.0019065403104717759 0.0014015888277915107 0.0011561947127598138 0.001144323273252909 0.0013109639602879356
0.00021619549009059387 0.00014995002350335544 0.00010800899375342924 8.267729571227149e-05 6.864390106860364e-05 6.274629209034804e-05 6.361572805692426e-05 7.154916292462637e-05 9.083441861647062e-05 0.0001306507356207189 0.00020839597947869626 0.0003600288025340845 0.0006360681753529429 0.0010981929005778944 0.0018067956630174367 0.002816963047730773 0.004082084038688556 0.0053807172463894125 0.006349049519362348 0.007452912596842012 0.008623024839881997 0.009608255772449833 0.01057369803163141 0.011493260424326369 0.012361220127288752 0.013211748927777456 0.014116382325336633 0.015067763384043453 0.01570179943917658 0.0160312873956055 0.016216501624341437 0.01639009452709509 0.016299215643953417 0.014677936871087465 0.0112211349869832 0.007727816473709939 0.005361022118029168 0.003993293738445971 0.003327475801311078 0.0031598497433428276
0.00030524231829756544 0.00022638720563692978 0.00017400285556388832 0.00014113804833578895 0.00012263821405064264 0.00011518772180678819 0.0001180432274492054 0.00013244975315435467 0.00016234957726977406 0.00021930312379670052 0.00032663676009057533 0.0005080032484949906 0.0007953806074101063 0.001220829737681164 0.0018056799432512977 0.0025621035323203705 0.003412754893150976 0.004178760564199794 0.004797903994451819 0.005779298549986717 0.007265235029831173 0.008893022040382233 0.010604625820095174 0.012510052866229386 0.014884328113568096 0.01794148062202903 0.021661556533791305 0.02576044741406962 0.03002551022698307 0.034316279445597966 0.038963044555323526 0.04485034622243526 0.05236429461882727 0.05591120002598511 0.04279452579781623 0.026982182637105542 0.01713634949888978 0.011534347786206897 0.008280417681654967 0.006634616460288914
0.0004453973774698809 0.0003504824679081951 0.0002822623752595319 0.00023598263559289112 0.00020865772530442232 0.0001980185894698486 0.00020368635582377457 0.00022813079934421747 0.00027796388802169973 0.0003608819418947658 0.0004907925315819433 0.0006896740349737604 0.0009821745606576698 0.001375931446560932 0.0018606903857145505 0.002405498510013662 0.00293799504283344 0.003378705461573655 0.0038985416721021753 0.004778357740990058 0.006279303088167811 0.008469197128222937 0.011258943851851996 0.01489799868002538 0.019713155055790854 0.02596622098877932 0.03413812193765894 0.044705784515557435 0.05741704927169315 0.07122655395342366 0.08648506080557242 0.10702267950684118 0.13983816349561187 0.19567002704475622 0.12338476590669373 0.06674032145155498 0.03925148348383725 0.02480828441410735 0.016650228325348668 0.011816299023247738
0.000659353582909013 0.0005304335612721075 0.000433858926856653 0.00036783455310545227 0.0003288227967713009 0.00031425852673254244 0.00032348318623540075 0.0003563018748666054 0.00041696071686652357 0.0005127197884443112 0.0006565552713026611 0.0008627969745818347 0.0011388486825400612 0.001475813276960796 0.0018639843324690746 0.0022675983675528137 0.0026030927362312275 0.0029584462901245307 0.0034252478742882436 0.004239803529748334 0.005672805035146645 0.008140068070428899 0.011831675911870967 0.01704317242148104 0.0244596952232198 0.03516389334149883 0.05082977601385136 0.0736406068094442 0.10413029251030985 0.13534734263380716 0.16295520240182124 0.19490450543619556 0.23508245047513068 0.2559884725274367 0.18835576334417034 0.11107401995197697 0.06535094466109412 0.04003745643619272 0.02574564072924398 0.017342570361744077
0.0009326603156438507 0.0007570456175839876 0.0006233486903598106 0.00052964510774852 0.00047086044018268677 0.00044229019560651815 0.0004412480150957754 0.00046766921950862307 0.0005241674585784912 0.0006155800677819736 0.000748090549491263 0.0009313853878757017 0.001166125550366946 0.0014360372724916454 0.0017261251679763306 0.0020181658174706894 0.002366769676663012 0.0027721924064483578 0.003219820202900524 0.003963299970673362 0.005276027284813502 0.007533969519261722 0.011423143821562096 0.01751696965600112 0.02682089740068613 0.041240092451360254 0.0640378705116683 0.1008066336410578 0.1593071283952264 0.21074783770472358 0.23369995432041551 0.25766955766085575 0.2754941814640955 0.262303015633579 0.2040653137664141 0.13522712027994643 0.08415012518939399 0.052229932260897845 0.03313722518165052 0.021661409453073346
0.0011497239979615928 0.0009370792610246584 0.0007690105533250156 0.0006461504226338126 0.0005636766545454597 0.0005158772488024504 0.0004984452099054084 0.000509326278267874 0.0005487404436677878 0.0006185668800780423 0.0007208616683035665 0.0008560829024503152 0.001022580565095601 0.0012029110721873558 0.0014072759348847349 0.0016882260706637226 0.0020525753003044623 0.002497393858400846 0.0030035387848258424 0.0036738836169010864 0.00481097930176671 0.006760686595392518 0.01011414006966377 0.01597131657095391 0.02562440219377489 0.04113255110727147 0.06626862907513245 0.10714663303037833 0.17059581844564892 0.22603293442998346 0.24807435725866656 0.2616162736166164 0.2615217686145472 0.23716068879478014 0.18892983426274373 0.13360834240471858 0.08793221331208291 0.05626131648529241 0.03594550608074515 0.023244277252099117
0.0011968691184488544 0.0009741112497364611 0.0007923581468833875 0.00065508528047984 0.0005585188094052167 0.0004967372560719171 0.0004644337766752338 0.0004580163198635835 0.00047571300769611377 0.0005170078187839121 0.0005813821789970091 0.0006661573709853112 0.0007672763187628759 0.0009009701784583973 0.001086508931694412 0.0013485008261108428 0.0016993840157639448 0.002145748302726543 0.002679827440031679 0.003346898211534231 0.00431776216985676 0.005917030192491524 0.008622049471237644 0.013243402348660161 0.021244262235228628 0.03480391537062595 0.05642087421921028 0.08936407671260793 0.1333927632624842 0.17585363071678412 0.20307102917143724 0.21491696267280275 0.21086394931114702 0.18928178844958835 0.15323908155774002 0.11285395167260465 0.07759282418967045 0.05125842246399488 0.033273693873093084 0.02153335068693317
0.0010496937858179502 0.0008488449794886632 0.0006808134529428466 0.0005510362046636422 0.00045712328011685124 0.0003937767260774664 0.00035564764102320224 0.0003385681127992703 0.00033977201981588137 0.00035749406710702315 0.0003926946963764429 0.0004503952060243951 0.0005344669471620714 0.0006493856076659481 0.0008094036314132254 0.0010400366211009552 0.0013583112126837821 0.0017780327275310978 0.0023017800745540828 0.0029371203164275583 0.0038231148972321825 0.005089059738675329 0.0071580757524668075 0.01057860631860631 0.01624762578585195 0.025596421522477607 0.04064892711542723 0.06274655891064261 0.09051917283390273 0.11852959405086118 0.1397145623322099 0.15001522539171622 0.1478335229315736 0.1331844793039389 0.10967485891650158 0.0832458473965255 0.059213684016770095 0.04025225894896389 0.026612377452682127 0.017339301270316344
0.000822612953597841 0.0006393539734386608 0.0004953847395573406 0.00038761962564632426 0.0003104594065638403 0.00025799282954322444 0.0002252241974057519 0.00020861312906101938 0.0002062387225515405 0.00021781941904431884 0.0002447119419054583 0.00028990709452376864 0.00035793595742726977 0.0004544916547164815 0.0005888079812146538 0.0007840262575150763 0.0010610492854006266 0.0014382475616548011 0.0019259477899453582 0.0025171010350672957 0.0032958522899360814 0.004343735509444691 0.005856927126380497 0.008269190584508571 0.01207832762890616 0.01799183383536878 0.02684890583079804 0.03924858969004649 0.054758564373253014 0.0711610382187935 0.08461831319866647 0.09182772719830246 0.09115895734142278 0.08300740827717655 0.06960202957122036 0.054167893823453515 0.03960489259919008 0.027602559920906274 0.018742289788251123 0.012655591706762302
0.0006321493731430482 0.00046721914588675683 0.00034405338202774243 0.0002560727017733208 0.0001956877790070873 0.0001561006224367305 0.0001320803232051046 0.00012013651455961797 0.0001184429296853695 0.00012673573542781137 0.0001462952748789046 0.00018002621023186456 0.0002325615848455429 0.0003102088206618057 0.00042120881502938714 0.0005845702081565116 0.0008208617840669389 0.001150600407415371 0.00159000624295407 0.002138098744357687 0.002803850766207736 0.0036785463219365594 0.004786996368263154 0.006429369532336109 0.008904066138174608 0.012533747771191026 0.017635743719570794 0.02433836007509768 0.032297543767070454 0.04043836956648643 0.04714667489131797 0.05086700274944321 0.05069567191882758 0.046727091550026426 0.04000704049430898 0.03208537546982798 0.024401199300620163 0.0178639733566522 0.012795142467737716 0.009111169479100184
0.00048237164870725403 0.00033857560065556167 0.00023624991920442772 0.00016645521711390057 0.0001205802763031399 9.164382892508873e-05 7.46290166780401e-05 6.634797022538122e-05 6.518433554266034e-05 7.090762324365905e-05 8.464352780423902e-05 0.00010901121809656414 0.00014837142279301678 0.00020903457150639698 0.00029914118737124813 0.00043344056563557993 0.0006334064355133242 0.0009200988495259462 0.0013112312081716728 0.001811016129710072 0.0023980560460267726 0.0031116922403609092 0.003962472616511464 0.0050522230543428885 0.006629937539995207 0.00883116429874163 0.011755354851480456 0.015380326743586015 0.01945716586782543 0.02346017018159883 0.02667461533251681 0.028421658171839656 0.028310729890598248 0.026388265348309074 0.023110517828478446 0.01915652538736462 0.015183621487112914 0.011651648495333946 0.008775784863678658 0.006578622718355747
0.00037025901534343725 0.0002467616742698421 0.00016280780162402318 0.00010808496327944211 7.366827745673123e-05 5.282708057602028e-05 4.098603462248055e-05 3.536001175598422e-05 3.457757477503639e-05 3.844559581605898e-05 4.791315175543348e-05 6.524179792278655e-05 9.434468330702163e-05 0.0001411814425194854 0.00021395750917711838 0.00032410327544118777 0.0004918551817834589 0.00073855657972887 0.0010833336397882674 0.0015340370250458105 0.0020735456713191804 0.00266374846630145 0.003326059640565488 0.004047944868715932 0.005030333933722095 0.006341969669866373 0.008000477663844385 0.00995723405276517 0.01206192374535886 0.014054982166823089 0.015612042354375475 0.016436506358054884 0.01636106829816193 0.015407580772374013 0.013775374326827093 0.011765900419567545 0.009683865579419106 0.007761293771490599 0.006128606561510986 0.004826664169711262
0.0002898800546286198 0.000183766933241243 0.00011461143698892864 7.145036729646215e-05 4.547068420375961e-05 3.0389438601130888e-05 2.213123844779246e-05 1.8310205288645647e-05 1.7784885714935817e-05 2.039665446517454e-05 2.693021346182451e-05 3.930117788104737e-05 6.094545055804289e-05 9.733239454352351e-05 0.00015639869869248614 0.000248511748682438 0.00039018674129478553 0.0006028702142328148 0.000905677962828519 0.0013081975005426359 0.0017975328701257361 0.0023249872968207673 0.0028355581274872904 0.003320516119143846 0.003912934984636331 0.004681782669852555 0.005618140300647156 0.006679653827166298 0.00777919337026331 0.00878690139841253 0.009552413871922544 0.009943933144002253 0.009889099872554638 0.009398668274093509 0.00856162740803383 0.0075148514759818515 0.0064024429053821 0.005342356543376843 0.004410457077998989 0.003641568522153581
0.0002348213213745845 0.00014226912254741125 8.413493823666383e-05 4.925086841041208e-05 2.910282421438679e-05 1.7880395809503654e-05 1.1958287901947552e-05 9.289257771898606e-06 8.926310461120478e-06 1.0740470409464539e-05 1.53765573892246e-05 2.4458649671780984e-05 4.1004863983485994e-05 7.000394211934479e-05 0.00011900355372528683 0.00019832878226444102 0.00032106104704535604 0.00050718790094148 0.0007754253909083922 0.0011356118919234536 0.0015772375274417778 0.002057029338065399 0.002494265294837818 0.00282109852595474 0.0031578796311315434 0.003595043809340091 0.004116978652842465 0.004692436679400515 0.005271098779611955 0.0057864745011252244 0.00616680453799846 0.006351870161913585 0.006309675287839991 0.006045833143563558 0.005601437054712918 0.0050405953408913205 0.004433349197624806 0.0038407833435127256 0.003306698952260389 0.002856415547325642
0.00019955037518359648 0.00011652957354323448 6.587962995307245e-05 3.6444932287164154e-05 2.002640704360213e-05 1.1202090094887187e-05 6.684923252737661e-06 4.678423755292674e-06 4.405426308919054e-06 5.768425971352122e-06 9.279053114138195e-06 1.6338419770519375e-05 2.9655974800072144e-05 5.38401684762274e-05 9.607813412564421e-05 0.0001665459092045899 0.00027788242939261523 0.00044523583566054303 0.0006873740066371409 0.001013397804972838 0.0014135610654915692 0.0018482281365940208 0.002244041379836294 0.0025062886178789487 0.0026727498437403288 0.002902030075834111 0.0031804262843909328 0.0034852505446389868 0.0037864753754190705 0.004048625789965401 0.004235980720690254 0.004319885746744878 0.0042856667168858515 0.004136377547581312 0.0038918027234294147 0.0035831799405185247 0.0032458425612373124 0.0029124869050217066 0.0026089800135030284 0.002353244801152066
