_RESULTS/CROSS_VALIDATION_POSTPROCESSED_80-20/MHZ/IZ/3comp/1/MHZ_IZ_z_125_kriged_reverse_3comp_spherical_1.asc
ncols 100
nrows 81
xllcorner 5.5967107548124995
yllcorner 50.982328804812504
cellsize 0.00017565037499993607
nodata_value 1.7014100000000001E+038
[rows 57 to 75 of 81, columns 44 to 87 of 100]
11.834596121612902 11.905949572960568 11.89312119182434 11.803261510291115 11.641414852148735 11.405100207885555 11.100907111965 10.737912516805059 10.328462814448343 9.903721956179096 9.479874893812829 9.075513300099923 8.719275811196136 8.447768148572406 8.288870842216193 8.24750706735586 8.308079156568391 8.462542333157831 8.686002313637117 8.939102446798719 9.227508020101636 9.574362272089648 9.985844147027837 10.433550059533035 10.890096458980993 11.180611736975452 11.152571851147181 11.07460382035291 10.932562930762039 10.723136634475287 10.453854473904913 10.145965202815209 9.845956351469901 9.56267507767704 9.308470069530223 9.096235887046992 8.927674083705195 8.804235097739198 8.728289874969782 8.70944886717374 8.754422076901387 8.868740068616402 9.039705672279194 9.210608240536537
12.215202010445674 12.27309544013464 12.2394038494288 12.121801842421666 11.92398463470826 11.646402783453787 11.298976857438467 10.895692607495969 10.453896570700145 10.00955972267381 9.582352524032908 9.192634638905822 8.86128249878163 8.609084518266423 8.451315917037203 8.392437753155066 8.427241431288063 8.538988673955568 8.724478454861256 8.967407312829696 9.260395424872572 9.600779407662188 9.985612744231533 10.398428186176323 10.80107779856245 11.0472077087192 11.060046709227295 10.973485005588628 10.821209873843458 10.612612538800919 10.349126424238886 10.05639186496061 9.778198482621391 9.526523352864347 9.308298729996988 9.12808352524644 8.989012753052576 8.893718110081736 8.845732921222869 8.855557677696115 8.929646550649162 9.057647164023438 9.20506304881488 9.349482186753184
12.631439448558757 12.69086336407781 12.645641409896555 12.497600065680382 12.257307421910141 11.932967920428146 11.539613998512607 11.096820472515937 10.625124302233687 10.163442302503748 9.735180469624373 9.354385972806151 9.035477656976976 8.791773994826622 8.632753006309448 8.562180178865571 8.578894105922467 8.678965446656333 8.840812372305356 9.049069210860331 9.30683361713857 9.60940751099155 9.946063989671185 10.293703882340187 10.606964598424314 10.810353106356228 10.86212064997217 10.796194617101682 10.651329627728154 10.447730842515758 10.199664513656336 9.948558418950801 9.715877905634636 9.50619456776587 9.325784808258712 9.179946776871299 9.07281436779519 9.007978905567015 8.990563404486346 9.031784112176263 9.11717515968423 9.223401342658336 9.346095128781982 9.46279128087449
13.065606767531879 13.160269112290049 13.113546318982246 12.934144669615282 12.64491460716583 12.26828624938368 11.825422486851767 11.341463374778044 10.839939615844546 10.36169736150508 9.927607046399368 9.548251631504554 9.233629593561261 8.992341846510907 8.83045054552468 8.750863006033644 8.75389098465636 8.83884239036644 8.999635414104768 9.204532600475085 9.42549544930837 9.679301229008757 9.957096706703407 10.236797303313326 10.47906029954358 10.638638255614294 10.687413204298647 10.636412998557809 10.508295778902255 10.321034725563544 10.095004852558633 9.875423415197398 9.67673828325429 9.506123423319416 9.364686718912402 9.255068644473761 9.182018530250412 9.149916623477061 9.163340110811857 9.206824365244618 9.272485403903579 9.357048992559859 9.45524091867508 9.543647947550072
13.514514225363298 13.66134904195675 13.633968610012785 13.427943448733446 13.078214182622382 12.638803129616496 12.140908617394022 11.614558668251814 11.087148430464072 10.590097215819474 10.146641905872059 9.764238157624794 9.449378497983414 9.20736779807034 9.04191173691929 8.954964612939321 8.947109682436045 9.01839597261571 9.169252867865518 9.38160715817385 9.606201787965922 9.834110435283993 10.060650983843878 10.2765349065508 10.456843027333026 10.57153418653176 10.600593868070673 10.548882273177519 10.42843616009464 10.25213881578797 10.05227450171609 9.862539902818636 9.6925274910248 9.550012261168009 9.440347863626554 9.363846123576538 9.323428099372725 9.307127486524282 9.312951033470329 9.341716387255234 9.390881503080108 9.458018836933393 9.536519518744708 9.603876292802644
13.960903127258268 14.185415736029757 14.185718324954852 13.94802897913092 13.533616024084195 13.022119682730853 12.464925706717532 11.900514893097561 11.350143784552772 10.834952387644952 10.381250035125376 9.994205577904411 9.677431426771042 9.433758860233254 9.265110027615227 9.172485947545777 9.156200091287637 9.21631538790605 9.353096714859062 9.563708265732329 9.795262209365829 10.020076890905806 10.226908158970588 10.404421265128638 10.537031374936076 10.604991471020774 10.606702473740576 10.543352140026578 10.421204009735519 10.253633869257937 10.080911192542153 9.918784976096973 9.776299147719568 9.661087060010066 9.574308570632386 9.511683877236086 9.467694275219088 9.441429372152568 9.437298627069103 9.454439762569796 9.490789573085417 9.544280578785434 9.603999564545093 9.650393990689816
14.366500266923957 14.716142558826082 14.760749414369043 14.451245388576147 13.944221353554575 13.363581867350103 12.766124608008585 12.176703379915057 11.610808422196687 11.083830204724489 10.622044397985993 10.231485970895667 9.913487718815606 9.66903160982578 9.498687023120219 9.402608316056837 9.380654773327988 9.432611371051488 9.55737561906464 9.750681075315986 9.973406278691945 10.187999066427468 10.380608134093972 10.540897449442546 10.648971795087421 10.69651333906417 10.681892773002332 10.607893040141203 10.480146481180297 10.327676262655668 10.175192325657164 10.030874088222335 9.90097987103776 9.789867304809128 9.700226049864442 9.633204404583354 9.5835263234895 9.551242572384973 9.539708798546918 9.547527100132152 9.573083154546449 9.614371952787529 9.65382752900982 9.679220754889851
14.641687085029865 15.189578386309833 15.336802085514712 14.844635263437716 14.229032054041832 13.597118861410504 12.983400262533932 12.394494704833274 11.836636631845193 11.317398999022785 10.856720843102897 10.46814196749985 10.152328091279433 9.909452595792617 9.739179564430817 9.640669500341033 9.612634627746965 9.65343931338604 9.761218675976197 9.933275894492494 10.132546475241867 10.332724668693732 10.512770149273091 10.649174101000417 10.733561720139075 10.761886363960055 10.733291169126721 10.649508752126255 10.524894031435593 10.389116670979693 10.250914512515996 10.117360973198837 9.99418196117178 9.885631739546291 9.794580075919328 9.722704327015542 9.669580105216676 9.634626857713346 9.617907431666167 9.61847519316662 9.6351200674351 9.662922615637772 9.682019914023504 9.68698470249849
14.645401320112523 15.239490078448364 15.4406479917033 14.908663033536671 14.295567315540483 13.678705402895583 13.08509868403607 12.521973593587948 11.99033641970567 11.496354328237759 11.04985589458269 10.67159929213929 10.363921854887929 10.126550497419423 9.958787180437637 9.859501438664598 9.827135224237503 9.859738470492484 9.955060264985486 10.110060323834915 10.287320902468009 10.458430870995866 10.607128063875845 10.7194505476248 10.781019946383084 10.789405072958028 10.74434247181803 10.652687411453979 10.541311468692518 10.419274421030087 10.29324566477973 10.16931074850641 10.052596010812529 9.947100318825093 9.855698605005877 9.780276711057715 9.725901090090131 9.690158915551265 9.670136980679596 9.66527640947819 9.674715247389182 9.685712414240372 9.68698470249849 9.68698470249849
14.372633583637212 14.77008883264103 14.876198904384896 14.59961572691945 14.128100857281972 13.597732955125624 13.064625760637272 12.550307509722172 12.063327469131274 11.60810302495793 11.191564445650336 10.830394845381633 10.536302701155241 10.309167493555917 10.148364384140587 10.052775425112694 10.020760316475679 10.050128431379985 10.138193421276686 10.280796837500834 10.433034086447316 10.566561201858432 10.673345903449844 10.746878538521939 10.782011068480605 10.769753526759967 10.710588988343286 10.627075118718619 10.527176471698487 10.416613803357649 10.301044271301185 10.18570872576143 10.075141038865867 9.97300758010926 9.88207236531753 9.806418087864644 9.75200070997442 9.71682777445946 9.695070611486686 9.68635241298072 9.68698470249849 9.68698470249849 9.68698470249849 9.68698470249849
13.951829002712952 14.227058480410811 14.295920447519403 14.136539859610226 13.804448277235537 13.384490835794125 12.934953323541434 12.486136210294788 12.055301057031253 11.650101168677315 11.276532846857682 10.942792684601105 10.667561583286181 10.455351873859394 10.305990813277788 10.218683145950404 10.191945219833395 10.223466965080295 10.307614201810448 10.433494772423456 10.555233122935832 10.652054188564444 10.71794121235205 10.749203791559681 10.743280949907765 10.703235511175995 10.644844410074068 10.569998325073204 10.479796780036466 10.379098265808876 10.272747554326754 10.165260878793804 10.060614979044663 9.96211399421885 9.873569440665534 9.801494126337698 9.748262757412887 9.713954790538702 9.692493274661224 9.68698470249849 9.68698470249849 9.68698470249849 9.68698470249849 9.68698470249849
13.482135492854916 13.686613284663462 13.740005953252899 13.633060681852935 13.398763689952457 13.082357970546582 12.720241566597029 12.344466294017337 11.974784793855601 11.624651706632024 11.300663246143294 11.008495354591046 10.757790607556416 10.564582636642166 10.43067326647535 10.355396022515146 10.335559058735036 10.367466269316889 10.445695723322554 10.556344379333751 10.649898570079749 10.710868045739632 10.735890999260759 10.724963101395746 10.68804441721432 10.634898137447149 10.567919346101348 10.489260697093476 10.4011885254792 10.306218917372163 10.20709542892935 10.106687853703718 10.007876766858995 9.914464933366549 9.833149581319562 9.76754056182295 9.720757764605436 9.695405711283414 9.686992682431843 9.68698470249849 9.68698470249849 9.68698470249849 9.68698470249849 9.68698470249849
13.007312320518668 13.166610942710784 13.21040009883797 13.133710781656289 12.957381601651019 12.714242716704765 12.435321342767741 12.136007873748555 11.831822532902624 11.537664960088788 11.264495155956881 11.018674644562273 10.804439957851775 10.631175618593993 10.511290541827089 10.445002747509244 10.430965171045347 10.466278973726832 10.545458104169079 10.644933251096752 10.713498284330905 10.738395997327684 10.724770707702731 10.688182451551391 10.635484601434383 10.57036332083489 10.495076630764217 10.411453157235623 10.32135869868175 10.22685705839612 10.130213578400351 10.03382985105027 9.941499944809145 9.858829040840961 9.78904916195951 9.735214140127406 9.700292426726682 9.687154081978596 9.68698470249849 9.68698470249849 9.68698470249849 9.68698470249849 9.68698470249849 9.68698470249849
12.546530019755547 12.67419051731246 12.71086345854312 12.653516410438565 12.517933186414309 12.326076910873013 12.100860325050375 11.859364050765436 11.615370771799572 11.378417722291214 11.154834869885454 10.953011161569744 10.779163919008342 10.636400656062268 10.532101504062664 10.47699992820875 10.471405930786094 10.513847083056726 10.600264468762257 10.693187815624434 10.747355566895713 10.746322232291703 10.707768109420963 10.650750970300537 10.582855713045136 10.506955279406954 10.424573654054207 10.336993958951771 10.245624724395556 10.152098673528362 10.05834143836308 9.968588103446628 9.886519768133011 9.81502466692613 9.75697754102315 9.715228067733223 9.69260750253882 9.686989081241785 9.68698470249849 9.68698470249849 9.68698470249849 9.68698470249849 9.68698470249849 9.68698470249849
12.10941686113354 12.213267301700673 12.244041462509598 12.199758921304364 12.093387025235998 11.941455880921772 11.7606385258134 11.563765921286507 11.362343389747963 11.166079907344324 10.982899618130462 10.819207639657918 10.680226965762918 10.570320087162766 10.492881413804803 10.451541743837048 10.456454349880408 10.510191929833637 10.609457731895048 10.714830173764822 10.784418166873142 10.748193358262254 10.6805843375417 10.605590834990563 10.525853798578126 10.442123175926271 10.354993290364385 10.265237856953657 10.173897685237616 10.083464666276752 9.996894718152557 9.91659422708273 9.845091143870754 9.784989840086435 9.738940589161114 9.709563867192157 9.693255361552506 9.687029596965935 9.68698470249849 9.68698470249849 9.68698470249849 9.68698470249849 9.68698470249849 9.68698470249849
11.701431635575979 11.786369755618427 11.811912847028005 11.776618780057953 11.6915255575636 11.571076437379876 11.42671496164563 11.268136747909494 11.104700367412535 10.94482909583826 10.795811529033879 10.663848193209546 10.55421842644027 10.471487801894574 10.41971279809124 10.40261990773213 10.423740585649051 10.48927159755866 10.58783418378358 10.687119766409507 10.755476821913929 10.704944221546445 10.627922758581034 10.546107845426775 10.461405210048571 10.374454255239641 10.286068333954159 10.197817801871398 10.111204818523909 10.027971700213117 9.950086765044656 9.8797021223174 9.81911172686809 9.770716217472557 9.735502876333886 9.709657930626774 9.693302808414431 9.68703352577415 9.68698470249849 9.68698470249849 9.68698470249849 9.68698470249849 9.68698470249849 9.68698470249849
11.325967263850215 11.395270831815397 11.415993944420043 11.386922458247165 11.317836485961287 11.222307323786444 11.107788842082483 10.981673704831353 10.851489189091545 10.724373729255952 10.606811890537383 10.504562266326824 10.422703437578182 10.365736200963019 10.33769521269766 10.342226851201568 10.382565680713245 10.458356757509891 10.537936721908642 10.60509539689605 10.63651103091687 10.61079463299985 10.549239409273646 10.473679920829111 10.392472583191678 10.309003697129745 10.225231904397168 10.1427603446214 10.063190924209207 9.988245304297317 9.919797498099914 9.859870329973445 9.80970511110053 9.767471864775226 9.73349183759308 9.708353785044944 9.692652217886609 9.686993414777671 9.68698470249849 9.68698470249849 9.68698470249849 9.68698470249849 9.68698470249849 9.68698470249849
10.985296411444534 11.041286245668275 11.057475206138573 11.032782837791197 10.976253102947924 10.90051725631219 10.810433586406232 10.711677351618508 10.610282449295608 10.512220842970352 10.423140433028838 10.348238979415788 10.292232807720648 10.259375615615452 10.253482680501584 10.277907249677215 10.33538331719739 10.408459189577744 10.473067286479607 10.52004076014948 10.536948868964068 10.517280979196256 10.468729484991051 10.403900853050613 10.331011739231739 10.254796921190646 10.178191135241232 10.103356453870976 10.032179641761568 9.96596298110464 9.905099133881345 9.850341657105933 9.80238663353977 9.761889567502163 9.729482555326463 9.705786671172312 9.691421597942814 9.68698470249849 9.68698470249849 9.68698470249849 9.68698470249849 9.68698470249849 9.68698470249849 9.68698470249849
10.68105953910328 10.725455269070403 10.737331461289743 10.715955233410378 10.669805821188428 10.609855894594931 10.539815892228484 10.46407751280634 10.387482517888023 10.314996917024668 10.251478732004239 10.201535735052074 10.169451694212885 10.159150711656656 10.174163624104098 10.217552326622192 10.283169947905687 10.345137450839308 10.396994801707873 10.432202708415254 10.444204311304501 10.430206754181288 10.39343641373879 10.340567078048302 10.278037672224741 10.210648929227409 10.141715334348376 10.073542742366367 10.00780700154601 9.945795448557638 9.888552853328715 9.836969746008926 9.791837244369164 9.753882415537177 9.723792185462985 9.702230398092135 9.68985070476727 9.68698470249849 9.68698470249849 9.68698470249849 9.68698470249849 9.68698470249849 9.68698470249849 9.68698470249849
