_RESULTS/CROSS_VALIDATION_POSTPROCESSED/MHZ/TZ/9comp/2/MHZ_TZ_z_500_kriged_reverse_9comp_spherical_2.asc
ncols 100
nrows 81
xllcorner 5.5967107548124995
yllcorner 50.982328804812504
cellsize 0.00017565037499993607
nodata_value 1.7014100000000001E+038
[rows 19 to 37 of 81, columns 0 to 42 of 100]
3.8672137205529546 4.152900111833559 4.393477567556898 4.5470860240673305 4.578170382182738 4.479079212467625 4.277289725305387 4.014883302293916 3.7278504009924727 3.4402383563492136 3.1662674151109647 2.9136682694009792 2.686196194236724 2.4852434697420516 2.310839440207674 2.162270510047274 2.0374555128674383 1.9350206793266516 1.8545393044267353 1.7967243003260354 1.763767129689746 1.7526570404879056 1.743199338538458 1.7330163744110216 1.7226923766765014 1.7127729337384083 1.7037319697329003 1.6959504698746792 1.6897057236992932 1.6851700149737365 1.682417475338699 1.6814371586680528 1.6821497663822687 1.6844252867811438 1.6880992009552631 1.6927992034801966 1.6971649719119477 1.700702554075226 1.7031061970201429 1.7040770106678191 1.7040840532530168 1.7041090206983793 1.7043789348026819
3.5139325804442305 3.7284319223690834 3.9012213070795623 4.0079532635052155 4.031186522108343 3.966811016612601 3.827946514702559 3.637683055386378 3.4195886774289064 3.1925010855066542 2.969573149790241 2.759228412021137 2.5664726282345462 2.394164957275815 2.2436991267346973 2.113964568066309 2.0039714181378403 1.9136958138304925 1.8431079377432016 1.7925295274346813 1.7647418095349148 1.7533661425434781 1.74111911243124 1.7282309508752969 1.7155584945938187 1.7038281068993288 1.6933443349644663 1.6845013950871357 1.6775934511093757 1.6727837961337637 1.6701162166547472 1.669534460808366 1.6709061087742518 1.674046787599738 1.678741430698134 1.6847470091951242 1.6908546327512195 1.6961589795822047 1.7003366913246392 1.7030778066954644 1.7040836429425252 1.7042123753916123 1.7046435818714079
3.1712765064977977 3.329987544116407 3.4539973589704593 3.5297631482484513 3.548047056451378 3.506376245286743 3.4112960633793974 3.275590770097599 3.1140105846487125 2.9400211736417137 2.764346455749627 2.595292554681892 2.4384611690482783 2.2968211477119636 2.1712138944278614 2.0612400664016906 1.9677427228621394 1.8912026846159349 1.831977631122225 1.7906323861819384 1.769135170547461 1.7553808593473192 1.739824248809195 1.723529102057523 1.707534811016306 1.6927885174207953 1.6801090913438979 1.670094400135881 1.6626023683859306 1.657661008277977 1.6558224631031893 1.6571202374349472 1.6607781266296566 1.6661094066028388 1.6725560061472606 1.679716078250458 1.6867902349576254 1.6926239795062352 1.697214928087449 1.700746252315422 1.7033636184185403 1.704368820696462 1.704943180392055
2.8534450574038974 2.968866860409643 3.0570674467884964 3.1111359770751945 3.126011875128211 3.100111059031381 3.036514196111623 2.942063199946282 2.825606548299955 2.6964996255787086 2.5639092453959504 2.434067440351505 2.311524645352867 2.1991624744151963 2.0973183039029712 2.007672598993189 1.9315891401103114 1.8699248063420677 1.8232505251076696 1.792276078199051 1.7756934942610703 1.7584366669586564 1.739058025338985 1.7189214978984722 1.6992742658224116 1.6812081266349006 1.6656405201075115 1.6535731537603446 1.6473156683837014 1.6463530464152234 1.649122887581747 1.6546316421045475 1.6619449545978053 1.6702363583921627 1.6788389803275638 1.6872795376330505 1.6949898585078294 1.7006302140992358 1.7041262437981757 1.7057228690626491 1.7058960791461237 1.7054300612515667 1.7052477198674234
2.5678005515362545 2.649474785895528 2.7106977374133994 2.748715814735812 2.761094357122131 2.746730495509169 2.7065370792776284 2.643598858775546 2.563536911774113 2.4731691267465012 2.377863735975263 2.2824520185487414 2.1909632880963223 2.104892554368195 2.0259343450451226 1.9564406225256472 1.8981441551635576 1.852197992094578 1.8191597343989216 1.799410708519363 1.783571038900907 1.7620769230979736 1.7382632812226269 1.7138275157867353 1.6902015265189565 1.6686818181490926 1.6529291773915162 1.6441905771162006 1.6418474685210718 1.6451193197047016 1.6529257584087247 1.6632137825519835 1.674698745090731 1.6863743833150189 1.6974405301932352 1.7073434392978433 1.7156297058771692 1.7209390887805205 1.7231114354227801 1.7224797656373758 1.7197125672176599 1.7156551448535304 1.7109685104530956
2.3175490568088293 2.3725744619324374 2.4127001861544644 2.4381567990788486 2.448640885297086 2.443291523008407 2.421196191528028 2.3836635955319037 2.3339066556986467 2.275023439988972 2.2107522074327868 2.1448762488711495 2.0802977633093236 2.0178808244727846 1.9603687208254512 1.9102687730947137 1.8696321476471873 1.8400101157932127 1.821950626401501 1.8115597547136337 1.7921165462333528 1.7654754062420661 1.7366673843378324 1.7075710831769497 1.680590021063491 1.6609392131657654 1.649061294440632 1.6445302227329879 1.6466520677220327 1.6544684831710497 1.6668392707659754 1.6824036549395265 1.6986996824055605 1.7142633147448305 1.728134486698509 1.7396729146468375 1.7484760530197894 1.7532397576100973 1.7537643595928045 1.7505084102032518 1.7443839148874016 1.7363005471311148 1.7270235920449202
2.103591496438033 2.1372435898616615 2.159996894559707 2.174735770064443 2.183803409126063 2.1863403969334687 2.179828247496096 2.16359170786883 2.1377311908837258 2.104051041432579 2.065243284069524 2.024293911635016 1.9824692010803633 1.9412114322663205 1.903360961275051 1.8714407796757357 1.8477219760537011 1.8342992177704243 1.8328048022837364 1.824937226223914 1.7993182821821097 1.7672227589329106 1.733350857383737 1.7011886637385212 1.6768797838895213 1.660879439044834 1.6531216270390459 1.6532696591721092 1.6605705269362578 1.6738258778890176 1.6915271525672535 1.7120909151874217 1.7337839458550786 1.753819134416517 1.7708599733438857 1.7841800974046857 1.793403382739961 1.7973034742887553 1.7957361518516088 1.7893429603087943 1.779305104573716 1.7666523450752776 1.7522843293524035
1.9257532182827588 1.9422670171006633 1.9498583218459449 1.953851489995068 1.962055851998699 1.9734662213355323 1.9814249527895993 1.981961165531541 1.974663662957072 1.9608689106639574 1.9427196120410661 1.9223654144354971 1.8998980569993633 1.8773528148732688 1.857290637429425 1.842085471170623 1.8339541406760993 1.8349571556669948 1.8394099340069008 1.829163037199312 1.8015938253304418 1.7658802892260947 1.7294351912369201 1.7003249797067563 1.6794655930210411 1.6671910787512547 1.6637716675645713 1.669131004096374 1.6825144933179774 1.702378680789007 1.726648543024063 1.7531621936016977 1.7800329890863216 1.805130923290985 1.8257066319859505 1.8408990575043798 1.8503594723225831 1.852941246522622 1.8486871336481236 1.8384860280295168 1.8238336861373476 1.8059448226540202 1.7858816814981069
1.7833998061953749 1.7871192061950745 1.782019889611269 1.772180812731366 1.780481655183889 1.8032693423328743 1.8215738910617119 1.833286741794041 1.8390914525609319 1.8404392845066386 1.8391253222377593 1.8363643371613927 1.8316929785344989 1.8269523523734887 1.8240322018196649 1.8246209980122017 1.8308509232247399 1.8404405839525968 1.8404603718396986 1.8269538609391538 1.79937595369309 1.76268867557728 1.7301550245887736 1.704858318788913 1.6874808379729482 1.6788161718966097 1.6797547587678558 1.6908297755222894 1.7114356930539067 1.7394672429522238 1.7719031454038463 1.805730901200727 1.838498495995208 1.8684539252454229 1.8928925717936764 1.9099526306089278 1.919320929031259 1.9199513724700448 1.9122283170363816 1.8973606770311402 1.8772269428427186 1.8531517155820063 1.8259286046629715
1.6752571618961214 1.6712914788704576 1.6593214159390288 1.641470696986377 1.647912640136482 1.6728899314178602 1.6945601202108203 1.7123211061868395 1.7269234860545193 1.7395518166784019 1.7516286345884307 1.763414635978753 1.7744190532449107 1.7862503395572233 1.8004200375820056 1.8182636716297027 1.8371508569918256 1.8459523750534506 1.8423519217108169 1.825850568929662 1.7965742305739658 1.7638948346679395 1.7361316819193993 1.7147613578342813 1.700677407171651 1.6951195665949585 1.6999329982581037 1.7170126268576593 1.746339114134643 1.7846987195721258 1.8273334967149817 1.8700361683095228 1.909764079575814 1.9445153815564713 1.9727250032303079 1.9915051920483577 2.000235124714484 1.9980530520704844 1.9858487387216694 1.9652396854038978 1.9381837253478245 1.9059698691290823 1.870429411925347
1.59801310337626 1.5879417719152848 1.574142923363023 1.5624234907913392 1.5642682350856634 1.5789362835687215 1.5978078607504647 1.6174679069742854 1.6374467225523972 1.6583076347082801 1.681045597473786 1.7050639136775145 1.7299831337522977 1.7570955079657287 1.787589344659539 1.8175115324704494 1.8388027746952782 1.8489955130234774 1.84570905761047 1.827223302790636 1.7988046938098887 1.771196598565355 1.7481322374257071 1.730710982127764 1.7196723891453651 1.7163146017999704 1.7235064223888412 1.746179718737773 1.7864817831940554 1.8383206336955629 1.893535574716932 1.946642772224444 1.9942753234605117 2.034303767596198 2.065531041465368 2.0856960725182203 2.0929447231459832 2.0868012375363962 2.068823229202084 2.040606317414058 2.004317499951824 1.962649827787509 1.9177948683960266
1.5448838416605104 1.5299654349030212 1.5147711832186594 1.5037507716098786 1.5026130916200944 1.5111862232352753 1.5264563725929623 1.546115329376122 1.5693604316482896 1.596360006343911 1.6277835176119957 1.6624905761760806 1.7001517347496373 1.7412270946316946 1.7796733160739402 1.8119264520173513 1.835529417900637 1.8478742906306764 1.8465567227055193 1.830358915057642 1.8080803503002858 1.7852595924510903 1.7669746921297338 1.753856281042214 1.7461987595940838 1.7445418782275168 1.7512267803993373 1.7765959010361043 1.83253904447308 1.90218646561307 1.971854490572076 2.0362927349163016 2.0924333904499264 2.1380687737975883 2.1718192450417937 2.1925530828452695 2.197091728046123 2.185475238159455 2.15957336230602 2.1210665695145634 2.0738545432380024 2.0213831541966996 1.9661916988414967
1.5136851719460203 1.4939396368587803 1.475940427959232 1.4632533066036026 1.4592495853585992 1.4640636513257574 1.4766417029999583 1.4959141578491202 1.5214213248258712 1.553329153492488 1.5922152012308313 1.6365519344002402 1.681959062826995 1.7259065840773204 1.7665259178805106 1.8015126263547054 1.8281695713000625 1.843603530637105 1.845155832394339 1.834567363686408 1.821243489741828 1.8061287324488497 1.7930377334800986 1.7851878025022467 1.782650168958512 1.7851219676328882 1.7920103323406105 1.8062087743101696 1.8929097382036666 1.9807903344139974 2.0639303603390258 2.139424030667331 2.204281176096243 2.2557507103711454 2.291889049468258 2.311842387339895 2.311996086720339 2.2926475302350786 2.25552382655538 2.2046327131821526 2.1446986353992226 2.0800648912519826 2.0135881804250766
1.5039528692776662 1.478773855942037 1.4569027416974574 1.4413771768930967 1.4342520109097707 1.43607847826326 1.446607896903918 1.465561513437386 1.4929183714287027 1.527765452798775 1.5690679483464764 1.613885354793369 1.6597427853112572 1.7051690948464173 1.7482552823976107 1.7865939280739744 1.8172605874258867 1.8369429040519394 1.8424454453455197 1.8401174553893622 1.8355982853025743 1.8302173993715742 1.8256736393681676 1.8243808702895954 1.8297023744267011 1.8420414835371435 1.8636831691841726 1.9061071788984438 1.9859421758222136 2.0800953027583278 2.1730544843584916 2.258835197361684 2.332761318085958 2.3904239678626715 2.428342791035991 2.4448214713413554 2.437362549780998 2.405636632167586 2.354253149798002 2.2885163591997273 2.2130213178355467 2.1334160137735996 2.0533985473408123
1.507578198794754 1.4800812383560313 1.4553725767836005 1.4367859428464942 1.4258127936144143 1.4237832710378409 1.4308613113281035 1.4465549467842722 1.470500441132367 1.502331587642373 1.5415880541676346 1.58568360538184 1.6319413218425405 1.6789506634620663 1.7251168511660526 1.7680194140303778 1.804415583627073 1.8303173970399462 1.842305429655627 1.8488605949257653 1.852358874351738 1.8558995179211137 1.8612582867374456 1.8690873965953647 1.8848176892807524 1.911952030786051 1.9531520317840008 2.0142009016201285 2.097746237467052 2.1953757160104814 2.2962850608970826 2.3925027887696984 2.4770820633776607 2.5428997510366798 2.583510871442063 2.594616166756723 2.574997808285887 2.5244811943639163 2.4503107796939974 2.3618358057086124 2.266662932643375 2.170204832473695 2.0760894951808506
1.515674488621848 1.4861123190128576 1.458791614660122 1.436794224425419 1.4211423364162155 1.4132510848688222 1.4139840131916248 1.4237788704722665 1.4430500994688695 1.4716138135954884 1.5085328658377521 1.5519853095298564 1.5995134774275994 1.6496122187986861 1.700274054910329 1.7490096696884572 1.7926699643725532 1.8269396294925202 1.8483838171818159 1.8633916317365602 1.8736188099278333 1.8847568326956328 1.8996505192426745 1.9201924827904677 1.9473826527975155 1.9875430103224012 2.043879326695093 2.1184424436408418 2.2103031156091615 2.3148143163761947 2.4249985382308026 2.5335172770598025 2.6321197756400494 2.7103072569649145 2.7557993811534143 2.7593120917178133 2.717480309077213 2.6376167527183116 2.53453151621316 2.4200385815477685 2.302450647087521 2.187917090230902 2.0803332716001894
1.52854775043724 1.496342371260247 1.465685367115384 1.4395014911538573 1.4187812110169422 1.4045812193155527 1.398460682819743 1.4012730157162891 1.4137430240328674 1.4365541729086668 1.4710279272379545 1.5154210793774938 1.5652777559520386 1.6188538853516774 1.6741759777488578 1.7289204657384576 1.7803744119694975 1.824967033603268 1.8600249721048998 1.8819203472999684 1.895972728184002 1.914623363368527 1.9406479983581835 1.9738228453581186 2.013949997320148 2.0644887629926356 2.131137665783055 2.2148647080609094 2.3151268893667254 2.4281790141670223 2.548948070787573 2.671846233828415 2.789081740814918 2.8872615438878677 2.9414333297674644 2.927832562709992 2.8516569230029662 2.7354182922209267 2.600305703023402 2.4592424148307974 2.3199755224495324 2.187501618907108 2.065787733509559
1.546285488000487 1.5109584501365096 1.4762723755913107 1.4451332624825701 1.4186155963660432 1.3978262127352976 1.3842281538650798 1.3795374536653164 1.3851529313092854 1.403095724752802 1.433871284412284 1.47716907568738 1.5294371036812404 1.586642680859597 1.6464918868219485 1.7066332182201283 1.7645813751440291 1.8178245601639629 1.8702101775717068 1.8954753090458951 1.914359460188641 1.9430602284321155 1.980353910551614 2.025390853265583 2.0776697416063454 2.1376818203878982 2.2118752745260277 2.30197945083635 2.407484322826935 2.526894595665224 2.6572291103457375 2.7939702418123433 2.9323865263944 3.057962450920658 3.1303892228998578 3.0904151834436733 2.9640940859056544 2.805938140134755 2.639276096343164 2.474127886059588 2.3160919278791314 2.1687859918723946 2.0348639281880785
1.5691675476358298 1.530344052768095 1.4909873777961467 1.4541263871126608 1.4209804635182686 1.3928876891998443 1.3713696756814893 1.3589417637084935 1.3588326520473761 1.3721513437041242 1.3994372469996152 1.44055854218239 1.4928649677463453 1.5534196352527658 1.6175808434033652 1.6821048308938689 1.7439719933262008 1.799357852237543 1.8476048459465162 1.8878390313496145 1.9244971730253462 1.9664651692224275 2.0155167746033715 2.071561499298773 2.1342338225530613 2.2031327369939064 2.282355350030069 2.376287876990763 2.4844896808380645 2.606071197701025 2.739919257200196 2.884384261181233 3.033506428416687 3.178986577663138 3.310269262244113 3.2140921676095626 3.025462905084259 2.8328363765972244 2.6428930341465797 2.4603005516805823 2.288676075398807 2.1307239326062377 1.9882941477837603
