_RESULTS/CROSS_VALIDATION_POSTPROCESSED/MHZ/TZ/9comp/2/MHZ_TZ_z_355_kriged_reverse_9comp_spherical_2.asc
ncols 100
nrows 81
xllcorner 5.5967107548124995
yllcorner 50.982328804812504
cellsize 0.00017565037499993607
nodata_value 1.7014100000000001E+038
[rows 0 to 19 of 81, columns 0 to 43 of 100]
8.558999244705102 8.586686261263713 8.608338247257162 8.621064815138043 8.642522174907603 8.7124004671353 8.830044787209648 8.994951876908441 9.208204535907225 9.472466091584812 9.791997111001772 10.172695657006429 10.610991111519082 11.094242758462228 11.620399709213896 12.187154193779453 12.791820643335635 13.431287419798773 14.101981450362288 14.799846376069134 15.520334514374772 15.308654898568513 14.594251311953668 13.903844731650741 13.241839868226268 12.612151019935203 12.018214138228554 11.46301265784348 10.94911669091645 10.478734906377865 10.053778249061603 9.675934593663149 9.346753461681262 9.067740031403902 8.840457814656594 8.66663953162485 8.54830585947986 8.487891834228462 8.480310828427754 8.480310828427754 8.480310828427754 8.480310828427754 8.480310828427754 8.480310828427754
8.729708638172935 8.780226167265496 8.818093487727156 8.839851649577838 8.86171844736004 8.925022246673779 9.029430350900142 9.174342313934401 9.36077225016647 9.591310010858013 9.870090482873627 10.202776473785779 10.596557763156461 11.059920270305271 11.57745568927226 12.132666558657311 12.72097810790182 13.335302161852944 13.962167049370445 14.565930623253356 15.00680089533828 14.91465482159632 14.39700643824329 13.779811367218354 13.154470880926588 12.546735836274506 11.967473321628196 11.422822606612382 10.916911809646999 10.452806371137118 10.032928480805277 9.659291570309941 9.333664001817244 9.057705116489235 8.83309167732368 8.661642863747966 8.545447766178349 8.4869974005405 8.480310828427754 8.480310828427754 8.480310828427754 8.480310828427754 8.480310828427754 8.480310828427754
8.992880602977728 9.06922103826258 9.125571946356956 9.157676323512602 9.177550815466045 9.229761902027878 9.315535272526715 9.434215155034474 9.586830026376667 9.775983910673638 10.005734872520035 10.281470813783608 10.609781432767427 10.998300754237988 11.45544693535003 11.976420464559553 12.521099410951065 13.072533991780155 13.603223356126486 14.056220572996525 14.320007405408287 14.271416904631703 13.937776165113918 13.453478364381603 12.912647463693446 12.361114338042341 11.821493205447032 11.306234674192623 10.822997677620034 10.376940225826091 9.971795449758973 9.610440185002158 9.295237582537357 9.028273845178406 8.81154392096627 8.647112768533994 8.5372658401274 8.484656116996975 8.480310828427754 8.480310828427754 8.480310828427754 8.480310828427754 8.480310828427754 8.480310828427754
9.346886744969204 9.453045570786946 9.530914366198141 9.575126708447206 9.591503296748115 9.627446840898193 9.688219120045598 9.773257649092232 9.883821468971847 10.0227655134083 10.194281838239974 10.403629897388388 10.656855619398813 10.960460770118956 11.320922720972682 11.743857819562557 12.222724541268578 12.697022765171829 13.128214774900687 13.466199839078504 13.644723932453864 13.613064243424624 13.381231032798244 13.009747362154986 12.561762258279682 12.08153945643108 11.596609916674614 11.12404875834275 10.67487232624382 10.256553226597633 9.874423069383125 9.53248479021357 9.233916246637989 8.98141046316017 8.777428087095734 8.624402334122234 8.524918576803133 8.481881147870563 8.480310828427754 8.480310828427754 8.480310828427754 8.480310828427754 8.480310828427754 8.480310828427754
9.79080201676595 9.931954768940752 10.03530020374542 10.09393067466188 10.107044007651117 10.120747172394259 10.148996900806754 10.191626273774865 10.25052680314452 10.329237801890377 10.432494486341174 10.565783579857044 10.734916695610742 10.945582679246003 11.202783776599274 11.509994710360745 11.867817794355094 12.259653506057205 12.60706157582484 12.865484104982668 12.995783388628567 12.973027890115752 12.801868368751501 12.51337697111693 12.147390785005623 11.738875710844173 11.313980859295828 10.891156873620737 10.483323975998927 10.099676873002473 9.746941023291354 9.43021045089022 9.15351413175603 8.920215925259797 8.73331450312783 8.595683808539208 8.51027863167301 8.480320323318074 8.480310828427754 8.480310828427754 8.480310828427754 8.480310828427754 8.480310828427754 8.480310828427754
10.323711411454962 10.506448798571979 10.640374105797534 10.71642567461408 10.729302812093156 10.713838786614424 10.700652749255422 10.69049526195247 10.6865452708619 10.69370520899531 10.717878230403196 10.76532226428663 10.842106471515766 10.953631921091668 11.104133698788926 11.296062944193796 11.529276188053991 11.80010519865377 12.077499679383559 12.279729036099859 12.379192896968844 12.36195327816986 12.230532881350086 12.002718628184406 11.704152053860803 11.360779040235132 10.994788642902707 10.623653291244363 10.260661440937948 9.915845052925782 9.596845944498076 9.309606352368862 9.058894374485424 8.848704852139775 8.682574203536433 8.563838444908033 8.495854868459556 8.480310828427754 8.480310828427754 8.480310828427754 8.480310828427754 8.480310828427754 8.480310828427754 8.480310828427754
10.943895143078247 11.176534922867521 11.347598747065762 11.444978659056162 11.461432239579747 11.412032980364385 11.346789948577742 11.271512245702532 11.191669354994856 11.114505403701086 11.047930960786845 10.99964941684683 10.976544383895224 10.98426503086167 11.026913446620767 11.106755367847011 11.223943575185746 11.37638029164438 11.560060368669363 11.720994373985953 11.799006858892065 11.785542268210188 11.682121974568222 11.499818268925072 11.255780171629544 10.969056415429872 10.657584918451331 10.336777705887076 10.019242407241155 9.71506608741457 9.43228548453957 9.177364384578322 8.955615017418861 8.771553480639934 8.629198474062386 8.53232701433698 8.48469970589321 8.480310828427754 8.480310828427754 8.480310828427754 8.480310828427754 8.480310828427754 8.480310828427754 8.480310828427754
11.647826750544448 11.94082920250984 12.15749786154405 12.281340256803674 12.302302584827029 12.221322871944102 12.091248744187299 11.93608348720228 11.765083813688424 11.589179387171974 11.419319364493187 11.265365524566255 11.135499816227695 11.035993838987403 10.971181348438227 10.943531536515659 10.95380732720922 11.001394872542285 11.084984725793847 11.19622966296163 11.258405023576222 11.247701228582011 11.165108231823547 11.01797632005066 10.818231989266339 10.579990929303092 10.317507294704889 10.043889179805268 9.770536587828499 9.507063292171635 9.261473107081255 9.040438526061676 8.84960085278438 8.69385666781918 8.57761974956484 8.505058624653426 8.480310828427754 8.480310828427754 8.480310828427754 8.480310828427754 8.480310828427754 8.480310828427754 8.480310828427754 8.480310828427754
12.428891482910293 12.795412727630687 13.06874180420773 13.225925936844071 13.252604193645572 13.146249523727823 12.937288467613554 12.684369498060574 12.404290369048793 12.113444628341718 11.826973659977398 11.557508597386365 11.314785647337684 11.105776609277862 10.935055897274028 10.805253119903986 10.71755348764252 10.672290626252545 10.669717893477287 10.711022539853024 10.76000421810703 10.751416617935478 10.684959531212282 10.565763135378262 10.402419547088845 10.205563450930114 9.986502498751424 9.756200967447281 9.524689018977092 9.300824168214564 9.092287637026466 8.905713265399271 8.746879290094627 8.620922570302355 8.53255494216227 8.486273267305505 8.480310828427754 8.480310828427754 8.480310828427754 8.480310828427754 8.480310828427754 8.480310828427754 8.480310828427754 8.480310828427754
13.275679454035853 13.732289860166174 14.076988529875617 14.277022342051632 14.31111296916954 14.175452325827967 13.88635413210057 13.513791986348874 13.103609816342257 12.679901620758976 12.263094078958298 11.868867532016864 11.50835802412825 11.188914732269222 10.914972038268028 10.688744720990456 10.511462423120172 10.383862591245354 10.30687096698685 10.282444042233454 10.305108737270183 10.298486391987888 10.245259336840085 10.149022752412241 10.016043709701957 9.854649556182627 9.673904184003558 9.482931541524202 9.290433953408245 9.104408893095258 8.932052979831418 8.779793464147808 8.653397099672896 8.55812120981636 8.498885067751177 8.480310828427754 8.480310828427754 8.480310828427754 8.480310828427754 8.480310828427754 8.480310828427754 8.480310828427754 8.480310828427754 8.480310828427754
14.169613647672582 14.737137503953521 15.173273894868835 15.429904273646144 15.473923842055163 15.299249099701525 14.929306066261377 14.416704783313278 13.852055586292908 13.276421297274524 12.716107212714375 12.189423081697807 11.70777049365465 11.277842874345184 10.903652337549168 10.587015976270118 10.328568169854366 10.128606881808274 9.987845486343433 9.908119501031825 9.892946437428192 9.888164482145916 9.846229857935441 9.769784737569736 9.663509426830402 9.53357658445712 9.387042258419646 9.231626269438358 9.075209687418727 8.924939751337455 8.78746306374924 8.66890419876757 8.574918053142152 8.51079186302028 8.481577683820047 8.480310828427754 8.480310828427754 8.480310828427754 8.480310828427754 8.480310828427754 8.480310828427754 8.480310828427754 8.480310828427754 8.480310828427754
15.081546876990013 15.78571999750366 16.34148990714561 16.675891889203392 16.733873419686244 16.504863320917266 16.028799660278054 15.374925967343467 14.630356410325549 13.884272767199043 13.169312690914078 12.50392681389218 11.899620307049217 11.362212300634242 10.89393163376812 10.494987814139307 10.164701745182638 9.902357464642893 9.707888944577975 9.582474295006518 9.529077355409468 9.522389987603553 9.490038000912042 9.430472954616985 9.347279487213616 9.24529730579266 9.130209676458161 9.008147132836362 8.885368048332058 8.768700407475885 8.664609921262056 8.578878369165977 8.516991477529414 8.484206236193694 8.480310828427754 8.480310828427754 8.480310828427754 8.480310828427754 8.480310828427754 8.480310828427754 8.480310828427754 8.480310828427754 8.480310828427754 8.480310828427754
15.967619534505282 16.83823010724573 17.553888159818968 18.001374627341765 18.08055589085611 17.770595954114697 17.147434435841085 16.326152369915768 15.406881447515078 14.474868678141837 13.597511207246315 12.793648978172165 12.071580997276083 11.433985994217718 10.880379301683025 10.40874533951907 10.016632712977025 9.70192783906679 9.463444217304913 9.301411945164062 9.217920677260503 9.203216482323448 9.17917239280638 9.134265940768424 9.071280625765944 8.994058291382862 8.90722050223451 8.815885953475942 8.72542115076369 8.64124638202241 8.56907834724842 8.515208483014462 8.484977800608823 8.480310828427754 8.480310828427754 8.480310828427754 8.480310828427754 8.480310828427754 8.480310828427754 8.480310828427754 8.480310828427754 8.480310828427754 8.480310828427754 8.480310828427754
16.762341781222755 17.826026251594058 18.756507244167146 19.381804291220206 19.49754643662901 19.05383262806458 18.21989230924962 17.19337567230467 16.098762869343357 15.008159743287496 13.97452431113313 13.041077461545184 12.212010644532828 11.485739511454375 10.85833035213561 10.325244162930952 9.882078961139095 9.525189429913615 9.252157930029366 9.062186390587037 8.956461918498192 8.932485164828677 8.915802801752267 8.883862034339362 8.83884337758382 8.78382784233691 8.722609997956033 8.659498688318365 8.599131385713699 8.546320482118126 8.505941031383482 8.483142488759068 8.480310828427754 8.480310828427754 8.480310828427754 8.480310828427754 8.480310828427754 8.480310828427754 8.480310828427754 8.480310828427754 8.480310828427754 8.480310828427754 8.480310828427754 8.480310828427754
17.37531383510896 18.633409449706956 19.833375610261903 20.763619896673184 20.958642717002018 20.255896124204337 19.12473838997569 17.871267387942282 16.613083824331103 15.403176462190379 14.26933348895136 13.230250685751225 12.311538885943198 11.511992162433891 10.824817348259563 10.242956401744385 9.760143856440404 9.371343313871522 9.073015539891722 8.863433085702482 8.742991602722523 8.711949145402855 8.701947040950635 8.681704591658129 8.652933166203058 8.618121556530468 8.58041429480516 8.543473615828786 8.511343387066587 8.488329938273036 8.478909564982462 8.480169677698862 8.480310828427754 8.480310828427754 8.480310828427754 8.480310828427754 8.480310828427754 8.480310828427754 8.480310828427754 8.480310828427754 8.480310828427754 8.480310828427754 8.480310828427754 8.480310828427754
17.70445859586394 19.09157393413968 20.522670220984626 21.921804811348533 22.373503189837166 21.092552304349553 19.65278884602632 18.233445330674 16.87392315051294 15.595760360253463 14.412919962130216 13.334175661382721 12.36430208830264 11.510897054839205 10.779639657589668 10.162428114586636 9.65165869788305 9.24111413125742 8.926428800923556 8.705185184515852 8.57720185355033 8.543403974847953 8.539441767452164 8.529284519847609 8.514552271368238 8.49753209733843 8.48106333163686 8.468432967793255 8.46326539462683 8.467913679947566 8.473626966819111 8.477865410576381 8.480065030115375 8.480310828427754 8.480310828427754 8.480310828427754 8.480310828427754 8.480310828427754 8.480310828427754 8.480310828427754 8.480310828427754 8.480310828427754 8.480310828427754 8.480310828427754
17.678424301689176 19.052664193678126 20.45763081820402 21.78090404525196 22.163691155675476 21.004654905180754 19.595735710332242 18.187824684948108 16.833772685121158 15.558720657045017 14.377903005617865 13.300623601765208 12.331908751273568 11.473610466238519 10.725328488996249 10.08686599132039 9.559401529750225 9.136864122441784 8.814282500762449 8.588881600007012 8.459467316203993 8.426313982112687 8.426078883537762 8.42413557539195 8.421850870965814 8.421172697006268 8.424576291057608 8.43321395916656 8.442552505581451 8.451780465879132 8.460456954533731 8.468062056491817 8.473998567258635 8.47760462580783 8.479546203993337 8.480310827110731 8.480310828427754 8.480310828427754 8.480310828427754 8.480310828427754 8.480310828427754 8.480310828427754 8.480310828427754 8.479046559246315
17.304205594289446 18.532764399682467 19.686291089025136 20.55334924967378 20.728625850178258 20.073741230139994 18.980311359834804 17.746790385620233 16.499911411066137 15.296971120104349 14.167863739664948 13.129321951963771 12.19052939547305 11.35587785582412 10.62664263443827 10.002170949410976 9.480802874739446 9.060611747506016 8.739245593870624 8.514658020253876 8.388164791331237 8.359791437675248 8.363079948346748 8.36841551624866 8.375448859115185 8.383956524937005 8.393711432494067 8.404467975979339 8.415935476715596 8.427752143748139 8.439467217198315 8.450534304048222 8.46031524135742 8.46809153556414 8.473355811932478 8.477324317080068 8.47979044305984 8.480310828427754 8.480310828427754 8.480310828427754 8.480310828427754 8.480310828427754 8.480054806029367 8.468147880875293
16.66166333403652 17.692993813446094 18.583910206831938 19.173195795546427 19.276566234900532 18.8458667587901 18.031115048098727 17.017118609556366 15.93055879683015 14.845728560537829 13.80576289364918 12.83605801701615 11.951425305597297 11.160042706151472 10.465855646061533 9.870186236729445 9.372895184574707 8.971915146662733 8.66572114663801 8.454629804779449 8.3403667176224 8.319991566685555 8.322886172586408 8.32822186457945 8.33568281525884 8.345005726441151 8.355975340222496 8.368383583328246 8.381978021328713 8.396417973327376 8.411247806373387 8.425889531635363 8.439651730227283 8.451749133247864 8.461326546304463 8.468723135084595 8.474765354827873 8.47883510992754 8.480310828427754 8.480310828427754 8.480310828427754 8.480310828427754 8.473416963404643 8.448075036126475
15.852648254669122 16.69483050977803 17.38115710839164 17.80611620722419 17.872233833601907 17.560181319929878 16.940889242335878 16.123254180001023 15.204997893673747 14.257160255497908 13.327272319352582 12.446073011824163 11.632953688416343 10.899727101319112 10.253204261216668 9.69699221279255 9.230953799039295 8.855245258765867 8.571197114835577 8.380177611251598 8.284393085471692 8.273399228882193 8.276009672682193 8.28149804131965 8.289420561220116 8.299499744523105 8.311580750779584 8.325543320138816 8.341211742069532 8.358287247489555 8.376312377341211 8.39466646865024 8.41258496332299 8.429192449024129 8.443539588679892 8.454997322508605 8.464850748606926 8.472779147179399 8.47813755134611 8.480295190093894 8.480310828427754 8.478559615114484 8.45949877736248 8.421289469201938
