_RESULTS/CROSS_VALIDATION_POSTPROCESSED/MHZ/TZ/9comp/2/MHZ_TZ_z_63_kriged_reverse_9comp_spherical_2.asc
ncols 100
nrows 81
xllcorner 5.5967107548124995
yllcorner 50.982328804812504
cellsize 0.00017565037499993607
nodata_value 1.7014100000000001E+038
[rows 40 to 59 of 81, columns 43 to 85 of 100]
1.0623278246158019 1.1410016244186545 1.2004872915610616 1.237874038083882 1.2509298129126463 1.2399212569204296 1.2061706956828027 1.1571955851275426 1.1369701217470833 1.1722721180527786 1.222289102673151 1.2760437105575388 1.3317759792145405 1.3903291639536492 1.457163440166429 1.5336264028383455 1.6222084208754306 1.7238649301360451 1.8322763469736447 1.9459980726156327 2.0641505685244788 2.1863871374417214 2.311317607090854 2.44037777384529 2.5780712654542937 2.718051902263675 2.864917644599884 3.0171211223934584 3.162490173432761 3.2821440083949835 3.357958131557696 3.388072394202838 3.3851502232879764 3.3620953181428916 3.326618898802522 3.2820514044070346 3.2285787714883525 3.1638446228120647 3.083726419959837 2.984829786702562 2.8686751787834175 2.743053118642862 2.61806646905354
1.1558391280037967 1.2338386983011773 1.2899211138347937 1.3192864194963714 1.3200625765788006 1.2940027041747013 1.2433136502307671 1.1722994599484753 1.1348824384359235 1.1765866203401947 1.2245669312740861 1.2743500238119543 1.3256678758884515 1.3791981384721048 1.440537064064126 1.5116776243175507 1.5936758921660736 1.689461417044022 1.7948007167788147 1.9053241977826498 2.0207680645617048 2.140538902595646 2.264273940631655 2.393546955238124 2.5264313017461673 2.6568129266312512 2.7894654443025235 2.9227784552634426 3.0473320988359047 3.1521390525005133 3.2289418896458937 3.2772119001472095 3.3007439014441546 3.3051532352613524 3.2963857560991836 3.277930012009332 3.250481993940878 3.2112233256188913 3.1526843841577876 3.064798786056989 2.946067686014502 2.8103336756357433 2.6746455067537918
1.278725203065348 1.3568779595511649 1.4101760477533987 1.4340019524825796 1.4266698018182746 1.3904584278717638 1.3340253886363724 1.2713342160579637 1.2311689093779896 1.2360462530608258 1.264379733084488 1.3017528856877818 1.3439863320090462 1.3900110001816908 1.4437488410858237 1.5079490739384938 1.583240314194141 1.6708674614660417 1.7711832696614853 1.8797681642570865 1.9975778219038387 2.1218512945213694 2.2474477502735244 2.3747214944224373 2.5021421142699363 2.6237164110855247 2.7443916501973415 2.8624972321474673 2.970819572580381 3.0622736533491857 3.132179406778356 3.1803281347301504 3.211002102183886 3.2307574136454082 3.2446726583966545 3.250856230257963 3.250344883831201 3.241625144546666 3.2153115685125826 3.1462445812522417 3.019378159891145 2.8672365726766507 2.719507317584506
1.4326380174693667 1.5119467355021283 1.5626368399135675 1.5805631493896535 1.565784737736612 1.522673744905825 1.4617800187814787 1.3964780359289182 1.3447961397431647 1.326675234355036 1.3332859551895762 1.3544911506228827 1.3847895166675042 1.4215205114058902 1.4658179077986022 1.5216538235153387 1.5893098895068842 1.671152784546353 1.7722538784772213 1.8867597689821967 2.009185117860337 2.135288351951066 2.2602087673920237 2.384965125952377 2.507013052645663 2.620621105788194 2.7314985199361526 2.837421471579158 2.9327620762556403 3.0126530562841025 3.07425561456565 3.1177384998465194 3.1463126581142933 3.165353137861193 3.1810457989010636 3.1993680124066044 3.221097638117193 3.240954841473757 3.257181978177389 3.2307905920357656 3.0732950610621717 2.8998860635685313 2.743938735382616
1.618029403139651 1.6997036033700688 1.7471161705928204 1.7567811300172507 1.731284651882058 1.6774986423435323 1.6065870183510078 1.5299886061098378 1.4677743743363103 1.4334038673622136 1.4220084913388067 1.427426829721384 1.444821065714405 1.4712099654932633 1.5055465430962711 1.5519147577024905 1.6159448216769825 1.700408836896781 1.8051601207104113 1.923780721752592 2.0492851836133483 2.177234951501925 2.30216459624314 2.4246305336961673 2.541616755961796 2.6484108372713937 2.751211008644414 2.8468332636434455 2.930719909177045 2.999352299649219 3.050990972427432 3.0861646853188236 3.1076543785764845 3.1200008510211146 3.1288172310929916 3.139940386544662 3.1588250721207674 3.1889207088773492 3.218908196883743 3.210157091517619 3.056038228287216 2.889293664286803 2.7376211714042182
1.8331475493295217 1.9190845673773518 1.9612804799623562 1.9573911632276442 1.9147292822579092 1.8437460794938785 1.7556783427299827 1.6637111982092607 1.592181032286035 1.545046497340295 1.5195339701399009 1.5113690479494306 1.5166947661417292 1.5326561696836363 1.557629136362258 1.6005014212448827 1.6661353007323219 1.7532507566353859 1.861927802624942 1.9869292023110756 2.117039584010696 2.2479256312873015 2.3738524308130913 2.4944479100005035 2.606717355085571 2.7081500227276334 2.804045872270269 2.8902916677040333 2.963062373942114 3.0197539438922614 3.0594045616132366 3.0828948837074774 3.0928442347751495 3.093242649541147 3.0889302998897477 3.0849854080017023 3.0854979952279415 3.0919917738610287 3.0976797215700245 3.0626637025036425 2.9631841098264537 2.8320690943752815 2.7000851756148583
2.072131422304625 2.1667066372353077 2.199785396915783 2.1724663264137853 2.1035331610856547 2.008363224040059 1.897662362800414 1.7942397469705582 1.7136285013739125 1.6558146191537904 1.6184953772080872 1.5985185421938723 1.5928027618015435 1.5990214754546201 1.6233470937660957 1.6681576816346386 1.7361960266552634 1.8272324933154602 1.941196917495891 2.0735881369237896 2.211317161985199 2.347821850295729 2.476266545698403 2.5955505616508043 2.7034352189144917 2.8013883219025377 2.891024944615394 2.9680015771747255 3.029045048103798 3.0722993451932563 3.0975051035744965 3.1059631502667666 3.100308205252301 3.0841754344852723 3.0617877077236044 3.037347948689195 3.0140348405401927 2.9917263022412377 2.9657089644916463 2.924465646146228 2.8488021665488237 2.748293273705399 2.640459117234393
2.3195341575527473 2.435775765173139 2.450960459039119 2.3826401170528726 2.2788627814218216 2.155566997097297 2.025987230021579 1.9157634138090216 1.8278214904390098 1.7614260851347774 1.7145645462238437 1.6847370244259956 1.669432154078324 1.6737884647842471 1.7023414113179005 1.7525108574095842 1.824261807876257 1.9207716720128911 2.041749687301934 2.1829250500826807 2.3298811772183647 2.4747317498806183 2.609434072368813 2.7293123417929834 2.834632361309013 2.9303830861193605 3.0139078405481 3.0809536416171364 3.1287561878161894 3.1562509574847 3.1640149859951325 3.1539652533575047 3.1289477242621238 3.0924288365858383 3.0483251369869997 3.0005893437363587 2.9521109863778925 2.9031533239033065 2.8515123043137227 2.795617726590607 2.73365823146098 2.6555855782252773 2.5696247121722373
2.5333950753042638 2.6978140135885993 2.6699106399829793 2.550568644337838 2.415973774331599 2.270480483140366 2.1364631172944417 2.0228335778077513 1.930372626886138 1.8580084662317828 1.8040544232077675 1.7665079945264366 1.7475276595145695 1.7564799462400325 1.791056745004293 1.8489704802039528 1.9284346293234012 2.0321973962203015 2.1622510160690256 2.3141637691750083 2.472332836465206 2.62764182686105 2.7708198498624683 2.8938833113418787 3.001683953923513 3.0972211406666195 3.1749742126098353 3.2309066611305495 3.263034468383409 3.2714671986347676 3.2580503059688573 3.225706349789799 3.177692031275415 3.117261144967726 3.0481222935004983 2.974523978721885 2.9000886146037486 2.826967845724219 2.755632092317506 2.686875840028597 2.624198296196146 2.563249147961662 2.4957924116688517
2.6561050230120253 2.762459622598234 2.746660582384575 2.6373171337086156 2.49527692109135 2.3532478029876986 2.2232243321332916 2.111083760728526 2.017671669599518 1.9423433762667273 1.883915646855227 1.841791617518572 1.8277440538990612 1.8432567315265702 1.885738969871338 1.9533229084556032 2.04458282532923 2.159528594471029 2.30100215184579 2.466015437281281 2.6378098711998157 2.806253420965413 2.9605851057963988 3.09049434421374 3.204834610399622 3.3012554092835313 3.3731519505768928 3.416388092667369 3.4297923885756862 3.4149936999149184 3.375676819957411 3.316469122532352 3.2415938411469427 3.153911169785422 3.056933557866447 2.9565590520134655 2.857819327026202 2.763798992023785 2.6764581303373127 2.5971892692242027 2.529255657337714 2.476143909157519 2.4242857966213482
2.7013779550876627 2.7609315044456526 2.7410114502426364 2.6492542101740737 2.5289592047829745 2.403801982332843 2.284192402913809 2.1781633728190744 2.0874078097139996 2.012135121275702 1.951837658331801 1.9127124910427915 1.9063368188904153 1.9302071733263704 1.9823527167862647 2.061443801864422 2.166570825428575 2.2982131764634937 2.455635245711419 2.636285488039151 2.8245200622346402 3.0094165298234077 3.178419609825995 3.324487630884587 3.4481814507525685 3.5464646293186664 3.611316459506609 3.6384597856726577 3.628021170332596 3.5839768625964776 3.5127661220279425 3.4216676422582673 3.3170482113086655 3.200585009860979 3.0732530138026166 2.946045165155224 2.8249165817915998 2.71283769548714 2.612044668056537 2.524075181195753 2.451415179308298 2.3976610725896554 2.3548723000148026
2.6968158526294217 2.7257331270665954 2.696925339822207 2.6269593966635187 2.532115414066615 2.426131944362952 2.320527821914245 2.223864841811766 2.1387009826968395 2.0661163947323002 2.0070357633308817 1.9768831869762236 1.979698584756923 2.0133563592966373 2.0765760761914436 2.1686734763558952 2.289377909160363 2.439854747844305 2.619813241843287 2.8213772573050293 3.0291623707244053 3.234494905886165 3.4259753625712257 3.597617459822644 3.7363575847305452 3.838217189000985 3.8945997687688227 3.901013719110303 3.8597733430237833 3.7785724859449616 3.66779471452859 3.5380358151983122 3.3985733318326083 3.252627753898901 3.093087585145433 2.941105505036718 2.8001846816925378 2.672706502524479 2.5606549738869306 2.4655729787449783 2.3886787246948216 2.3292442252569154 2.287441169834799
2.649431197130639 2.662319059701439 2.641118078016324 2.5890026759531195 2.5141485851233396 2.425813512768449 2.3351604891695215 2.249487987547957 2.1718535437828006 2.1039527095296062 2.0512391417006954 2.0314794936457985 2.0444326059108655 2.0887504852933967 2.1638832897433242 2.269875849544594 2.407196627246206 2.577843629833607 2.7824216103421784 3.0101358584550164 3.245448465503236 3.478046808057934 3.704827328121437 3.9102068017092715 4.07399287685863 4.182640947254845 4.229041217789474 4.208289972820258 4.126650799439843 3.9980231375414865 3.8384877611269235 3.6622956214438798 3.4797866488352867 3.2956304644128216 3.1130843370994525 2.9403498956978047 2.782535933329711 2.6421674643398707 2.520947931725957 2.4187934618565077 2.334031615257938 2.2681973792564305 2.2233240578905673
2.579968469028526 2.5933717491296884 2.5794261444049926 2.540217459343663 2.4807800550321426 2.407786679510402 2.33135766947154 2.257039035059222 2.1879268005655423 2.1260180239418682 2.083177686827829 2.074117755856361 2.09746473176743 2.1526067817087347 2.2397215644941704 2.359623412772645 2.513592145485662 2.7045445762740252 2.93370357804308 3.1877281010654195 3.456143277306773 3.735054542730059 4.010008440056287 4.260030930163588 4.46138611072858 4.586200788530667 4.621420275893491 4.56412655565046 4.4284039842424505 4.239167727503486 4.0208458916404375 3.7918734199241535 3.564018929915465 3.3438223953702764 3.135629364077266 2.9437062983926747 2.771292839119967 2.619419853059406 2.4874376005512233 2.3757386227713795 2.2840669559665097 2.2132636915361212 2.164755078895555
2.5054103611872236 2.520091366005881 2.5120096299322032 2.482610733150468 2.43521643682981 2.3755491096349908 2.312011177457705 2.248658086217663 2.1883515184483455 2.133365199514018 2.101699806431242 2.102919872275212 2.1361790939312684 2.2015159683704186 2.299778886299678 2.4325255805161543 2.601876974680181 2.811573715942355 3.0619573636986286 3.341770839569 3.651520643882786 3.983225879356287 4.3183514505856655 4.631300256249957 4.890987216573649 5.053311512926323 5.07889459659946 4.970053343044902 4.7598171924953 4.493527424555822 4.2066837972487985 3.920936516405624 3.6479127576767474 3.3933788456347003 3.15991124010919 2.9485937220088654 2.7602475462932934 2.5951349177297796 2.4532024863544386 2.334308523078081 2.2376677484590775 2.163483102024419 2.112682607875201
2.426155979862291 2.44213485147699 2.438843797886538 2.4171389119522027 2.379384668792359 2.3315658470701695 2.279481456471672 2.2263409582514058 2.1746664657182246 2.1276216351247577 2.1061574811119637 2.116577744637971 2.158562463034017 2.23267544795203 2.3403211586497874 2.4836906947655772 2.6656808718142777 2.8905537568150974 3.158081822747643 3.465984016411262 3.8144408700167776 4.19978593479714 4.599535116462084 4.982539332806009 5.326813779327027 5.562453160102572 5.5966867236125895 5.412387542301386 5.098709932003187 4.738728515720356 4.377385437723447 4.034562705378314 3.718155347802072 3.4306728880748474 3.17237972873028 2.942738431765787 2.740938077931253 2.566064244407909 2.417225230866607 2.2936578486570687 2.1940895463159427 2.118212159756257 2.066559023149156
2.34557435095598 2.3594128258070444 2.3599022268686847 2.3443521992283185 2.315163352074987 2.277652592177836 2.235670977641028 2.1918568855190634 2.148380210987811 2.109267314150053 2.09640375697353 2.1144099331617094 2.1633367365828615 2.2441187890801113 2.3585502610374616 2.5092622659107713 2.7007852217884842 2.939218847520809 3.220999019530381 3.54799779913027 3.9226387653218024 4.345062271486821 4.797181192253708 5.2544559839786835 5.7094421577270404 6.080932702368707 6.149534303676335 5.836077735205635 5.382364083152352 4.9234908365870425 4.494364505213406 4.10388639953063 3.7532373111243897 3.440988544267619 3.1649088381757404 2.922682516193991 2.7121659676460452 2.5314618129154645 2.3789586555106705 2.2533525086299058 2.152960736627783 2.0771322460017903 2.026115482462645
2.2706830563183584 2.2767178900656133 2.2754821206535114 2.264788256528454 2.243797585662206 2.2152296390613566 2.182144356947132 2.1467572477816015 2.1109143180609236 2.0789666194049516 2.0727899966407834 2.09639686842862 2.1500540996586532 2.2349546917375744 2.354320229010404 2.5123753148208383 2.714262993734433 2.9584161249034935 3.24502735388682 3.578273272069817 3.9607312228736493 4.3920278657260745 4.865151803554316 5.373301852377601 5.9164318913308405 6.483206356524771 6.680138143392439 6.098963205508762 5.526641010151122 5.001964598734028 4.532339437870609 4.114887271772498 3.7455437968675884 3.4202803704704903 3.135349141760736 2.8873989403304168 2.6735094917138618 2.4911888156402053 2.338372470396153 2.213392983364952 2.1142879033442465 2.040253868813397 1.9913725427710045
2.206231577205609 2.203900104110917 2.1962880283176403 2.18522415940161 2.1690087855921947 2.1468739175868854 2.120948843447216 2.092858791417988 2.064000658513616 2.0382886746849334 2.037244737245801 2.0653824765629025 2.123485274827484 2.2133853527716147 2.337996372470529 2.5013717372365947 2.7054377560781306 2.9466417969448346 3.228197527695599 3.5543114148184127 3.926650729245286 4.344337276215555 4.802986262879147 5.295559976239285 5.808966753186949 6.288392499545201 6.406305610851637 5.9752785018709575 5.4494409287069 4.944271107128683 4.479412345689674 4.062335301906524 3.692918480044357 3.3678885580662463 3.0837957033364107 2.837349306781536 2.6255677578350647 2.445848394676805 2.296009138630922 2.174232217098391 2.078458481266124 2.00791764373319 1.9626460088274063
2.1513343781612244 2.141165010730766 2.128244649617006 2.115170750440601 2.1017893415950826 2.0841083101753104 2.063374330448074 2.0410961663736504 2.0184404222317545 1.9982964404753005 2.001226211846182 2.032892933801208 2.094088857095664 2.1866314382173226 2.3133733501510685 2.4768817650325623 2.6736885675691022 2.905036088620506 3.17295895263718 3.4802219219915527 3.8272331266307886 4.210919216865339 4.623506361312731 5.049036631454568 5.452667072913417 5.7519852960541575 5.802927109811738 5.565325708284238 5.17825373612492 4.753459203709099 4.338302419559942 3.9512590544501944 3.599605763029624 3.287093116974575 3.0128504216603145 2.7746297641242026 2.5700402643224396 2.3968198900934627 2.2529907088775287 2.136771392187311 2.0462337693573334 1.9807911938511664 1.9405510951420526
