_RESULTS/CROSS_VALIDATION_POSTPROCESSED/MHZ/TZ/9comp/2/MHZ_TZ_z_180_kriged_reverse_9comp_spherical_2.asc
ncols 100
nrows 81
xllcorner 5.5967107548124995
yllcorner 50.982328804812504
cellsize 0.00017565037499993607
nodata_value 1.7014100000000001E+038
[rows 0 to 18 of 81, columns 0 to 43 of 100]
31.242200492473216 31.20771126781913 31.180770274710852 31.164947393227934 31.16725323599766 31.197721940784266 31.25225706234978 31.323472615618176 31.401435076847566 31.474002967717468 31.527145158219945 31.545236141139426 31.524711820913936 31.473329053727728 31.386635300413374 31.261250878752953 31.095051134911493 30.887217247104704 30.638232297451353 30.349828385015027 30.02489235923863 30.12299181866159 30.437659352336517 30.714842634644217 30.951978988118185 31.147691681057548 31.301873020043246 31.415723703781456 31.49174132860915 31.533652893182612 31.546288535426754 31.535396352109142 31.507400743061304 31.46910900662469 31.427372644188157 31.388710873742053 31.3589042532525 31.34256635677738 31.34046190975071 31.34046190975071 31.34046190975071 31.34046190975071 31.34046190975071 31.34046190975071
31.03024340017344 30.967833310636987 30.921144144287716 30.89435275646532 30.894099359993778 30.930024078011602 30.998228406570377 31.09136984702446 31.199489021972767 31.310374672598673 31.40991543329308 31.48242998578384 31.510972734998028 31.477907109298553 31.394830268089624 31.274643030848033 31.11612350965458 30.92035236628197 30.692548472854714 30.44957645869849 30.25914594968083 30.29979730975686 30.519719314449357 30.761528205263065 30.9809637865458 31.1661909601153 31.313548530866193 31.422730102711625 31.49548798793958 31.535135296071886 31.5462488177102 31.534407108743203 31.505911063179198 31.467470614315225 31.425855042410113 31.387510214098178 31.358148569210293 31.342318699885546 31.34046190975071 31.34046190975071 31.34046190975071 31.34046190975071 31.34046190975071 31.34046190975071
30.70665239884872 30.61348619024805 30.544913257604662 30.505920272752025 30.50227688186093 30.54320639666327 30.6252812578887 30.741185019595775 30.88086331315504 31.03194540287183 31.180164750469448 31.309761378206563 31.403860029835055 31.44483800830562 31.414728544637434 31.31150767059003 31.173342005926756 31.00762789367864 30.826245497595785 30.656143745288873 30.551148005475685 30.570802345211966 30.70189839681159 30.87946365255539 31.058179636984985 31.216687921504537 31.345749801191047 31.442062457694632 31.50569617852035 31.538954534850767 31.545762887664598 31.5312466208398 31.50136651938711 31.462558143081136 31.42135500577703 31.38398995522981 31.355975829462768 31.341669627614856 31.34046190975071 31.34046190975071 31.34046190975071 31.34046190975071 31.34046190975071 31.34046190975071
30.27719513691865 30.149664554679823 30.056477494442536 30.003701150030743 29.996275821480012 30.04248222214308 30.139615295883992 30.280273806268482 30.454125024888217 30.648425453171164 30.84855192135116 31.038510424329253 31.201410290466193 31.319921388561987 31.376773072358137 31.355415195419795 31.252361241033928 31.123156425601927 30.989563198598486 30.875003108351294 30.811224153926204 30.82269411290442 30.9045792194526 31.02771486137318 31.161973502050483 31.286958870804742 31.39119877813118 31.46924250532259 31.519580434151894 31.543403012660676 31.54383546733281 31.52540091343255 31.493580199951225 31.454403608498072 31.414044358010635 31.378401695651615 31.352670466299728 31.340898821770264 31.34046190975071 31.34046190975071 31.34046190975071 31.34046190975071 31.34046190975071 31.34046190975071
29.747611954417835 29.58121075291175 29.459969113527833 29.39140410710558 29.380247224563206 29.432910875068053 29.54749939954352 29.71628738594474 29.928327745822315 30.17013492559677 30.426380248714647 30.680539870913815 30.915471375419624 31.113936542953002 31.259129645896067 31.335312978128236 31.328700819607914 31.24301026967209 31.149143893093218 31.072710277017734 31.03214110669216 31.039321734839977 31.092029470797012 31.175485120873926 31.27105107969374 31.363042311013867 31.44082428322284 31.498394283291407 31.533381200569917 31.546152295745184 31.539122561670425 31.516208743331013 31.482361946239116 31.443133817574147 31.404250767376535 31.371183848670086 31.348709923582867 31.340464553096943 31.34046190975071 31.34046190975071 31.34046190975071 31.34046190975071 31.34046190975071 31.34046190975071
29.124185446271245 28.913341195411707 28.759731376315003 28.672840041172666 28.658201894544426 28.719579828029634 28.855462291989802 29.057380219383294 29.31323098955269 29.608224782567344 29.9258191026747 30.24853988823472 30.558652981749436 30.83870831726448 31.072018921935673 31.24315555470778 31.338528494489314 31.347059474400794 31.287921586317978 31.237875123582644 31.21190169553693 31.21646645358022 31.25039436343771 31.305464626064616 31.370105412451665 31.433203167576163 31.486215139731012 31.523736323626274 31.543284273137136 31.544830133721558 31.530298572472393 31.503095862618878 31.467665752484418 31.42905922921169 31.39250609919998 31.36298134549907 31.34476375836495 31.34046190975071 31.34046190975071 31.34046190975071 31.34046190975071 31.34046190975071 31.34046190975071 31.34046190975071
28.41438409922458 28.152227479753066 27.960824655212736 27.852372519952308 27.834083969333335 27.90778302375164 28.07050637771894 28.312468689551384 28.619588001245976 28.97496977565504 29.360187564786195 29.756310494618543 30.14464381580595 30.507234030571745 30.827225551255893 31.08915215655842 31.27921189117667 31.385504019283395 31.398095080545374 31.366694784070294 31.350523891694692 31.353358477205862 31.37452304063953 31.409155565505774 31.449964110014754 31.48935925315774 31.52102063891381 31.540660349197168 31.546188027305895 31.53754850594951 31.51641265819835 31.485810256547147 31.44973935955695 31.412762383661928 31.379590633292292 31.354657535241188 31.341681722333696 31.34046190975071 31.34046190975071 31.34046190975071 31.34046190975071 31.34046190975071 31.34046190975071 31.34046190975071
27.62761625735382 27.305660305183405 27.06956916870331 26.935365653571413 26.912702074519228 27.003233357477413 27.20040249131568 27.491610660020406 27.85956912116909 28.28418317930643 28.74432374564531 29.219074627324044 29.688476241978424 30.133901323188944 30.538212979970087 30.885818652735892 31.1626780926192 31.356262467241063 31.45540390332634 31.45892318701674 31.4495600369489 31.45120294829257 31.46344549244341 31.483314668438616 31.50618542699981 31.52701261148464 31.541400354480153 31.546277644247272 31.540184998203003 31.523278792368863 31.497160954666693 31.464608026849017 31.429241674054815 31.39516229779989 31.3665567924926 31.347286856524427 31.34046190975071 31.34046190975071 31.34046190975071 31.34046190975071 31.34046190975071 31.34046190975071 31.34046190975071 31.34046190975071
26.776159419567435 26.3838533835856 26.094148473684204 25.928618508935884 25.90060011407219 26.012428891157384 26.254151314565178 26.606608286429434 27.04740954083309 27.55180838705294 28.09505722125997 28.65381127728654 29.20672155134259 29.73453443357522 30.219955691515292 30.647435508919287 31.002945228519625 31.273756478416182 31.448198131178813 31.515358994653536 31.511936144253323 31.512748581987317 31.518722495793412 31.528026814720633 31.537758501181717 31.54467979028237 31.545930382821762 31.539549898588792 31.524761501753567 31.502043158507515 31.47303888527012 31.440358759250188 31.407303369488233 31.37753613425528 31.35471848710881 31.3421180729212 31.34046190975071 31.34046190975071 31.34046190975071 31.34046190975071 31.34046190975071 31.34046190975071 31.34046190975071 31.34046190975071
25.876383445835582 25.400510241683943 25.04533965614213 24.840778711825003 24.806027818801084 24.94450737132185 25.242759527166747 25.67200025389796 26.20040572533066 26.79674460665755 27.431785117901956 28.079580739694592 28.717594115788742 29.32629524434951 29.88861894806556 30.3894869506794 30.815304423056944 31.153616998480476 31.39285721060115 31.522104112471688 31.542100923173937 31.54225313662095 31.54379978238484 31.545677887152713 31.546169840819864 31.543268589714103 31.535278036612514 31.52116515939231 31.50078036095985 31.47493872081378 31.44536910707466 31.414558615454457 31.38551774713532 31.361486486662816 31.345596424018794 31.34046190975071 31.34046190975071 31.34046190975071 31.34046190975071 31.34046190975071 31.34046190975071 31.34046190975071 31.34046190975071 31.34046190975071
24.950478892909512 24.37442395502206 23.937549460114692 23.682750565044365 23.639209788788442 23.81226737669033 24.181322778730493 24.706731936687728 25.34042881531046 26.04194226872757 26.77710455945409 27.517769739409776 28.240898442703568 28.927482344408972 29.561387401161788 30.128448391654672 30.61592186388178 31.012102697829373 31.306048773478956 31.487370605352837 31.546192947350043 31.54582185940853 31.544305518804027 31.54106188213258 31.53517010479098 31.525656423575356 31.511802288000183 31.493276607174547 31.47031654289171 31.444029053943467 31.41621848483952 31.3892533894531 31.3658589616094 31.348849529894913 31.340814429311216 31.34046190975071 31.34046190975071 31.34046190975071 31.34046190975071 31.34046190975071 31.34046190975071 31.34046190975071 31.34046190975071 31.34046190975071
24.02893000500203 23.33145611958087 22.789170964205145 22.46629352906215 22.410678047609796 22.631431046856147 23.093825007190016 23.73716167776876 24.49613315884519 25.315703989987455 26.157249094982237 26.99176843642071 27.797410603964195 28.55672382823445 29.255127347612813 29.87993356995341 30.419723501745842 30.863948451507607 31.202670322285563 31.426380102369976 31.525849946731242 31.529454279820534 31.526062568789065 31.519737614931653 31.51008898924624 31.496782630030886 31.479741685399095 31.459318375681423 31.436397925998033 31.412137319391153 31.38822378471587 31.366881369932102 31.35053153810802 31.3415447745699 31.34046190975071 31.34046190975071 31.34046190975071 31.34046190975071 31.34046190975071 31.34046190975071 31.34046190975071 31.34046190975071 31.34046190975071 31.34046190975071
23.143041100777566 22.29787459380773 21.615960485425 21.195285937307776 21.12165047660198 21.412821909701975 22.003762793724626 22.79526490501094 23.69945407134619 24.649817063157958 25.601103394892093 26.526257921746932 27.40814528829228 28.232071153033072 28.985752026960643 29.658466446130216 30.24046663602765 30.722630464338284 31.09624776452747 31.352873940270857 31.484203275930977 31.499420396024046 31.495135605759938 31.48741001254494 31.47620312277385 31.461612545132216 31.444002280578438 31.424109772089427 31.403105579436065 31.38258873744599 31.36434543591557 31.350048624236514 31.34175887649078 31.34046190975071 31.34046190975071 31.34046190975071 31.34046190975071 31.34046190975071 31.34046190975071 31.34046190975071 31.34046190975071 31.34046190975071 31.34046190975071 31.34046190975071
22.3468476980446 21.333514038708156 20.467100342119608 19.89480144290063 19.79029467723873 20.19591691472155 20.967920845258995 21.937529892205383 22.99326878073536 24.070677158719366 25.129351001820655 26.14250318440346 27.093377761957072 27.970430974005676 28.767768418367872 29.477048275453104 30.090327586033528 30.59999572361039 30.99862659908808 31.278870616720294 31.433345012579828 31.46205185080267 31.457709839589786 31.44998265794102 31.439040966368452 31.425249966528362 31.409248725470214 31.39200940727932 31.374857376001376 31.359438740920893 31.347628194774813 31.34124938785551 31.34046190975071 31.34046190975071 31.34046190975071 31.34046190975071 31.34046190975071 31.34046190975071 31.34046190975071 31.34046190975071 31.34046190975071 31.34046190975071 31.34046190975071 31.34046190975071
21.721781598037296 20.5412236638142 19.44582335040547 18.6154299286687 18.444074854563645 19.069419751444652 20.093908256175492 21.252894141142473 22.445801630212095 23.62700873909063 24.769070730179017 25.852094843321982 26.86064954803109 27.784133480171747 28.61338727864393 29.346485717375952 29.9793779325836 30.505843097160856 30.919629463224112 31.214374610258123 31.38350431958289 31.42337357643777 31.419709127017875 31.41315569962374 31.4039791878704 31.39267589084752 31.380019597178176 31.367085528862376 31.35523789030354 31.346071567701316 31.341302708494034 31.340525536483206 31.34046190975071 31.34046190975071 31.34046190975071 31.34046190975071 31.34046190975071 31.34046190975071 31.34046190975071 31.34046190975071 31.34046190975071 31.34046190975071 31.34046190975071 31.34046190975071
21.3566117064553 20.065834175970593 18.775601250493203 17.54999793422722 17.162020948919626 18.275977099620086 19.55534369319401 20.848205756660008 22.124366576149423 23.364722244235356 24.5532076321085 25.675530726157632 26.71893387226914 27.672289558838358 28.526859073897477 29.27474609354662 29.91510053601168 30.447537618028942 30.866731271315963 31.167086540600238 31.342630688902652 31.38872082292809 31.38504191075972 31.375544703391327 31.362620575735313 31.34874575785867 31.33621029489132 31.32704583894661 31.322920739032394 31.3245906621582 31.329068556641097 31.33451715312068 31.33910823740584 31.34046190975071 31.34046190975071 31.34046190975071 31.34046190975071 31.34046190975071 31.34046190975071 31.34046190975071 31.34046190975071 31.34046190975071 31.34046190975071 31.34046190975071
21.311547960421965 20.031150342817835 18.764130786468066 17.605070705632162 17.27661897488407 18.281709079984868 19.525440839344203 20.802688541052117 22.07169806090575 23.310051083529483 24.50029758234517 25.62736410483966 26.677940634306857 27.64028116376545 28.504058960298956 29.260379817703726 29.901978357786458 30.429668805382992 30.844752833875205 31.14211183128301 31.310839152991182 31.34384288032097 31.325640171229384 31.30474974832838 31.284000194305285 31.266095629718656 31.253529513132268 31.247939587695793 31.248734465996076 31.255744974785454 31.268239182021805 31.284804359260015 31.303392529053326 31.32138800842033 31.33506910660937 31.340461900459477 31.34046190975071 31.34046190975071 31.34046190975071 31.34046190975071 31.34046190975071 31.34046190975071 31.34046190975071 31.33998189963878
21.578716265711748 20.420187650382402 19.365221937429997 18.59163535841654 18.437928694740076 19.00970340977679 19.980970854097528 21.10704570936438 22.2838039101614 23.46156144460626 24.610313942402932 25.708518981588508 26.73916438656894 27.688187412688542 28.543700816408407 29.295496930342672 29.934638774757527 30.453344569760212 30.85202080767553 31.121661452206258 31.25963604744954 31.267222449600883 31.233909224538003 31.20119662115652 31.17166982998343 31.14769616136846 31.13126615189158 31.123840197664205 31.12620419789025 31.138367805136546 31.15952270393943 31.18806240283148 31.221652727633558 31.25733506275757 31.29151198622112 31.31941433774535 31.3367913892097 31.34046190975071 31.34046190975071 31.34046190975071 31.34046190975071 31.34046190975071 31.340364731895736 31.335829982059405
22.08800312906508 21.09345752400518 20.258068161381264 19.717545669599286 19.620095419057808 19.99847869981564 20.73232413687391 21.671899803071113 22.712967072467 23.791457411515 24.86613252282678 25.90807336073014 26.89547348298066 27.811068793320555 28.640761388358722 29.37276786122012 29.996988462706724 30.494957181145406 30.85269497942428 31.08073366040296 31.180129730875667 31.15710676871984 31.107125933573755 31.05994505053952 31.018429982388373 30.98531736370811 30.963013877305904 30.953348775710182 30.95735258589409 30.97511049658771 31.005711006255805 31.047286149430143 31.09712244897045 31.15181316986444 31.207421975143077 31.259033920491248 31.301413846528142 31.330056369385815 31.34046190975071 31.34046190975071 31.34046190975071 31.34046190975071 31.33784039913699 31.328117438107313
