_RESULTS/CROSS_VALIDATION_POSTPROCESSED_80-20/MHZ/IZ/4comp/2/MHZ_IZ_z_180_kriged_reverse_4comp_spherical_2.asc
ncols 100
nrows 81
xllcorner 5.5967107548124995
yllcorner 50.982328804812504
cellsize 0.00017565037499993607
nodata_value 1.7014100000000001E+038
[rows 0 to 18 of 81, columns 0 to 43 of 100]
45.84467253750796 45.54084811032222 45.30521723242942 45.157543847228105 45.09542190752224 45.0866790190359 45.145656430129755 45.26298289405445 45.40799778160517 45.5441759064319 45.639187693713055 45.66680572884268 45.60618395899857 45.4396756722442 45.145441820499656 44.714216157865785 44.14323742832022 43.433921685904494 42.59175080792552 41.62554836307725 40.546226575172454 40.665016997951284 41.41178312926047 42.111499728612564 42.794804117936955 43.449290641842026 44.03933418292803 44.57629712605049 45.06825725860414 45.521889509320594 45.91715522698557 46.22934703930024 46.464036679000664 46.6268502362202 46.723087950510724 46.75857724331243 46.73888468584464 46.66894832023234 46.5634433727166 46.49083013463438 46.46723358856866 46.49454012646987 46.582502571155565 46.73574101599234
45.61248118132641 45.28685493132162 45.02260739899152 44.84201357124167 44.75558154316317 44.7523467053586 44.866694024967295 45.08075839031756 45.337305189408895 45.58167430586803 45.775264575883504 45.88896259273773 45.88829843596853 45.757522912635515 45.488129718553964 45.075477110129874 44.52000057358046 43.83027621051153 43.02791193003776 42.16780374994246 41.448233853207434 41.38398948292033 41.84388895884149 42.418065664044605 43.03191557495924 43.62572023593777 44.16423597761418 44.644501534005045 45.06861769021793 45.456658412707625 45.811246647077525 46.09167716944742 46.293157964224044 46.42161758818178 46.48297065325755 46.4832127076912 46.42855233120261 46.32540851074651 46.19246202075714 46.10290175282751 46.07475318475154 46.11826061395611 46.24951036661249 46.45462722790456
45.44001327274376 45.09530212388698 44.79999570303572 44.57250220146949 44.434598051472165 44.412598107466124 44.601285103478986 44.95531626079771 45.35349432577704 45.7215135379229 46.00857207549695 46.18332764786846 46.23392087782131 46.14937579377323 45.920742436413164 45.545068952504835 45.03083512814568 44.399569136587075 43.69579157780944 43.00762743030125 42.49919847076992 42.35201832987489 42.54298401908745 42.91624800410131 43.39597475849559 43.885708523931136 44.34882780250612 44.772546069570794 45.14975820625744 45.47488612193935 45.75953778613335 45.99483643755748 46.15267380916501 46.23774177273164 46.25500652314053 46.20996557035357 46.10911879330262 45.96045515369915 45.79075374075218 45.678623715694705 45.64562141942071 45.72105499435234 45.902466084867626 46.16784694864881
45.34224840329241 44.989834580789044 44.67464182148825 44.40317402566051 44.18487749242367 44.06702715090255 44.37627332067898 44.93871396992668 45.49091145967366 45.95247732491932 46.30233569151936 46.53400664412729 46.63891590774227 46.606346122722506 46.42681152403834 46.09811119606536 45.6325300975933 45.064351671927945 44.45008973260272 43.87451857003462 43.44509338224164 43.247195600619754 43.28081683040706 43.48598151284045 43.82188173362572 44.196321823144785 44.57264508146008 44.93009828542295 45.252485464550524 45.53159084417216 45.763098056501775 45.942027135733895 46.04883741759527 46.0831602871057 46.0483727588363 45.94872669456893 45.7902458174563 45.582079027258345 45.364696403211916 45.221082833234014 45.19013218040487 45.303889063681815 45.54526589924427 45.88120312316264
45.32950445973187 44.989578879803624 44.684398076324314 44.41436712689007 44.17528766132264 43.91477587035502 44.408955974923536 45.13599616457168 45.755607156325 46.26116417866054 46.65524999899582 46.93541219882703 47.09305046736369 47.114166094145496 46.98438432607065 46.699164957796306 46.27425933612352 45.74985872774561 45.1895604898526 44.668485858622226 44.261899528223886 44.021677257002125 43.95432109981458 44.03726497433845 44.250093234162364 44.51951290924229 44.811379713364694 45.0977957705517 45.36253317274437 45.59491530591515 45.78754631419165 45.93235923827791 45.98643358569856 45.965180761991256 45.872834106584605 45.71148589541029 45.485318636428296 45.2030241667644 44.925631016327664 44.73704804543787 44.70957323841437 44.869458776686265 45.18615294588408 45.60603196095793
45.40226903023958 45.097502719625524 44.839057903075734 44.63767301361402 44.52440931303916 44.57089207661784 44.96643771278587 45.56162861177449 46.13789994038498 46.63923456465559 47.052028506954976 47.36841579224205 47.57559131082632 47.651623807074294 47.56944907646414 47.31486420256103 46.907008698306576 46.39732844989028 45.85356215374648 45.346947205265955 44.93612298051286 44.65814155445335 44.52066720297249 44.51815307489364 44.63739569228284 44.821864221076815 45.03725262528817 45.2599552054481 45.472580269883494 45.66205106093618 45.81862766586977 45.93495573194679 45.96662139561427 45.890015111080636 45.73831850510194 45.51244456127917 45.21302625738304 44.847807654967255 44.495977192355625 44.242379142257406 44.20362095643877 44.42602703072726 44.84481634535247 45.36504400980711
45.54953004728504 45.29597580786385 45.10658010640223 45.0024405398882 45.025585789239884 45.23140371201964 45.604066928291275 46.08202364976779 46.58165644206621 47.04868302444323 47.45899242841472 47.79947861035833 48.054025679970024 48.19103817875667 48.15796614649995 47.91427107142232 47.487759339826 46.95682246806194 46.400037574058395 45.88315855518645 45.455858058583296 45.145918328836544 44.95941732757288 44.90042632229919 44.95621601021764 45.07566733586586 45.232479001288816 45.40506170377766 45.575515078215744 45.729557860722636 45.856006999485814 45.946122990110524 45.96545972765409 45.86184145528624 45.65356434591138 45.366578129230206 44.99717861062443 44.55845123654894 44.12368457424613 43.76734734663167 43.67258479007802 44.00569906008695 44.56607635395336 45.19174172308553
45.75228171707611 45.55512228117979 45.43679713760287 45.419830845597886 45.536889154672664 45.80958535829482 46.16679483088677 46.57989744286466 47.01481128193483 47.43879864165603 47.83189406204447 48.18293148365734 48.48021939771735 48.69280268826491 48.72797541021261 48.46347584219026 47.96641382809926 47.38036041324416 46.792050541318005 46.25542191261758 45.81022763863917 45.477408415952056 45.25992795263765 45.17063858442937 45.18789175226029 45.266864523473004 45.38585516932867 45.52460137785583 45.66554406849443 45.79414289048909 45.89864993603558 45.969631025363825 45.978614328968895 45.86684474705318 45.62370802764199 45.28559639123521 44.86093100747786 44.385110473352455 43.90026555287772 43.44686603390855 43.119489440364404 43.73941190784188 44.430473730025746 45.12667585998889
45.98935811529523 45.84481075789238 45.787355080460834 45.83587434743202 46.010259219231195 46.28535939843756 46.631294297681706 47.00346398957381 47.38729983897161 47.766227252927266 48.1283647191471 48.46815440571533 48.78426210221558 49.07256473696728 49.25675680583322 48.88687361813306 48.262646448547535 47.614606989461436 46.99670106832826 46.445953958090264 45.99061911252666 45.64785333716757 45.41758955484488 45.321823025990135 45.32594097750331 45.38915308559514 45.49132389139401 45.613429828454386 45.73872477336386 45.85312155424422 45.945084369078934 46.00526860397288 46.00830070721447 45.89337849231845 45.64551819488785 45.272213797519626 44.82380052731878 44.35989101533409 43.90664685778181 43.54168054748976 43.44586112838484 43.86398573125977 44.505041285929096 45.19306850144011
46.24189412082238 46.14119817882965 46.1303257500963 46.22354647236546 46.41748664313672 46.67347942223684 46.99281923359862 47.33378786137363 47.67349920090593 48.004444240029045 48.32016790855062 48.617313014936144 48.89502182773051 49.14924080523629 49.30552257370996 48.915608966624916 48.278221811184466 47.62175456241215 47.00028782312305 46.450902410859115 45.99909772948468 45.66040479723507 45.43729229695105 45.35428473419084 45.37090626914801 45.441822700571215 45.547375059240444 45.669669313751015 45.7931137251679 45.90464487333439 45.99359782483236 46.051407380887284 46.05351908109843 45.94003331301259 45.697253724674624 45.316969805209695 44.8853706692413 44.465238334428314 44.09214286353832 43.862701829081495 43.88185396615003 44.20508474239258 44.74076906999325 45.37111988924506
46.49527423419237 46.427820285465465 46.44922663382475 46.56967488031481 46.7551721654511 46.983527145506784 47.25793913323806 47.56631269457146 47.86484100650299 48.14443816030675 48.400348458242206 48.626737364407255 48.8146608103107 48.9350326001117 48.89545458248806 48.57433117803241 48.03596120371556 47.42249113748245 46.8223696144614 46.29006697936398 45.857579149979095 45.53944226154202 45.34575500117036 45.29260883264563 45.338223430460516 45.43196127760727 45.5565098564055 45.69442448239107 45.82869418901933 45.947776866713994 46.04242338444175 46.105381422889685 46.110425543343354 45.99949020839371 45.759491318752595 45.4011747183436 45.00126404849602 44.63306387702507 44.33618785206759 44.19609142227474 44.265640648911294 44.55718041499481 45.02524509709475 45.59806875399791
46.73931057840212 46.694081295575046 46.73445339749155 46.862042498918996 47.02719383015471 47.22326126771462 47.45088741621855 47.70476636365609 47.963204981781246 48.19039263934905 48.3817850545368 48.53294256685899 48.625434680021996 48.62469288997408 48.47659613797418 48.13958450752504 47.64048188633892 47.059641137577245 46.481173615567634 45.97177538963389 45.57183785021252 45.29410814598279 45.159431124525895 45.15925974341149 45.25471457633905 45.387050554554435 45.5378964075995 45.69453826086232 45.847153342776686 45.982452139482255 46.08990519931145 46.16216493435441 46.16300152823874 46.044549470196976 45.80892032787538 45.497252736703686 45.13896206605247 44.818659761247154 44.58069887802585 44.49688430317344 44.595504377215406 44.874519509775865 45.302465335844786 45.829918688302925
46.96268004684512 46.9282477631933 46.975446219504455 47.093644736072434 47.2338507239104 47.39656682586506 47.57953270791238 47.77561679805697 47.97493487976245 48.158755559857966 48.2979298391738 48.38001352790439 48.38645301592705 48.28997587432624 48.05952426910574 47.67831105439696 47.165687279928534 46.57952099576498 46.000005387926365 45.50659648704681 45.149506360702084 44.94416642799413 44.896897266533976 44.97285763074214 45.13484301979865 45.32130595951027 45.510286578257016 45.69213136649118 45.860137176839224 46.009656300426734 46.12821222633773 46.201927670102215 46.19138033052649 46.06657987292681 45.86235145778721 45.593712482099285 45.278238079836655 44.99645253584069 44.801416219516376 44.75472752210618 44.873216159587415 45.14764318451249 45.55124313817605 46.04537236492175
47.16003268100628 47.12728422618415 47.17083095806265 47.26803908118825 47.38063799887791 47.51168663086977 47.653996329346256 47.79740114320363 47.939691296956134 48.071011199828334 48.166825598265376 48.191826236579985 48.12864068945705 47.95648484906442 47.65564251525896 47.21710721466608 46.65608854797284 46.02166450999864 45.400766154660914 44.903306912477596 44.60349833634641 44.51671859062122 44.58826533578887 44.761362949645495 44.998814443493494 45.24905925858055 45.48271611281196 45.694584735761126 45.88121303004482 46.0317973767778 46.144402190333345 46.21648708170574 46.195563748268455 46.09303824446253 45.91903595059403 45.684529414672326 45.404918867815695 45.15105807571451 44.98753667270909 44.96723048088044 45.101533674735045 45.37556813560318 45.763912019039374 46.23363821576494
47.332435532013136 47.29395257216705 47.32417696292622 47.39017496154242 47.47304045042552 47.57891033902818 47.68754128830905 47.79366540519695 47.889193566988766 47.96175402535518 47.99745766517368 47.9768974428727 47.86413874494804 47.63818508233287 47.28146234691532 46.7849387857117 46.157177794325925 45.43485514534462 44.71078670667497 44.16645089251181 43.97102621396714 44.06013586040435 44.282299980076786 44.5639872499591 44.8741201750586 45.186902971583656 45.464931780285546 45.70599374250589 45.90016940701589 46.0467818192657 46.15009217559033 46.21324706720832 46.210662362492855 46.1309154238741 45.97905222197024 45.76712931253902 45.510416930588 45.27296120149192 45.134487511674884 45.136075738212504 45.28517934654078 45.56107717681265 45.93904429300089 46.390088693714695
47.482584463999125 47.434236662318185 47.445204607629954 47.47017017479745 47.516288482322466 47.61074650308497 47.69262557714407 47.76115133880143 47.80950384907208 47.828302637596195 47.80534700088915 47.72557742231781 47.57119856611264 47.31630002986214 46.93204641619697 46.40370692925733 45.72607224885199 44.909758688898606 44.007034710672585 43.307175625684174 43.33514756236617 43.674123388910985 44.05146950511928 44.424904577401875 44.78805517892708 45.13967684796864 45.45184242480262 45.70578909246725 45.90079804696551 46.04556673174423 46.16390216922337 46.23927040134349 46.245639718515676 46.18266277903748 46.04554730017738 45.84468920646814 45.59297436346428 45.356020704908865 45.24218002802493 45.26870598665818 45.43247357274257 45.70970457122411 46.07843029784019 46.5134518784121
47.61304940863707 47.55470676067735 47.551191245319224 47.551659613851086 47.56355501620702 47.61750139872359 47.66545288962972 47.695905869790224 47.702463953774675 47.67683417502998 47.60829078876675 47.48362288043179 47.28720957164489 47.00138370024725 46.607275309750214 46.084128465405996 45.40943524365472 44.577298159858934 43.59901673677012 42.603214064551295 43.021575443359346 43.51401864233759 43.958420167976016 44.36618350910928 44.74541717857189 45.10232680511738 45.424975659317084 45.68029084860154 45.88676578861236 46.058152716906335 46.20098110692641 46.28024524326237 46.29190303169663 46.240811987367515 46.12093555235678 45.928243622378965 45.669198606257346 45.3993241077846 45.32301168236546 45.38477353341884 45.55621913007416 45.828698407541005 46.18532939805229 46.60205511904475
47.724255855481864 47.654109385118275 47.62991842344947 47.61622848007481 47.60187122440549 47.60669839891465 47.613472861243935 47.606626373616734 47.57716633155503 47.51681713306202 47.41608482231758 47.26371999556525 47.04662283491596 46.75012668303653 46.358867236926145 45.858618953524214 45.24009599160311 44.51769556066982 43.7763867662406 43.26721635630488 43.315716155305914 43.65006678968687 44.029115920961736 44.40171611299167 44.758412891961044 45.09916658507148 45.412190096653646 45.684746548772 45.911807194791024 46.10620182785737 46.2535745587911 46.3310405901705 46.343531515511174 46.295499857798156 46.1913601603921 46.019178078376946 45.779294682472674 45.5308745477543 45.45682597848929 45.51315090697361 45.668630295278675 45.92481606176206 46.27028334258614 46.66222622752127
47.80887219918513 47.71164409426766 47.661205656907605 47.628587214316134 47.590943852661255 47.562765187559286 47.53446424830358 47.495354356136275 47.43697854461254 47.351738541241275 47.23161500866565 47.06755668751361 46.84932019677176 46.5658192632141 46.20632339780627 45.76334458935122 45.251644078830374 44.70202201575047 44.18720901077536 43.856372145876506 43.81592029812672 43.995345121943856 44.26880206216893 44.570936935605346 44.88395175192897 45.188059573943505 45.4716161009482 45.73984094581489 45.97852231560268 46.18067425234335 46.316693819190455 46.387204457484884 46.39648372638875 46.34876766801983 46.25189707219961 46.102996439871404 45.89887678435668 45.710415213703506 45.62692661598059 45.65226191548352 45.78800095822485 46.041466491303076 46.37482104023006 46.74039345742742
