_RESULTS/CROSS_VALIDATION_POSTPROCESSED_CLR/Berg/IZ/6comp/1/Berg_IZ_z_0_kriged_reverse_6comp_spherical_1.asc
ncols 100
nrows 90
xllcorner 5.6208707817415728
yllcorner 50.959635321741573
cellsize 0.00013419651685393446
nodata_value 1.7014100000000001E+038
[rows 0 to 18 of 90, columns 0 to 42 of 100]
-4.020605279207958 -4.020605279207958 -4.020605279207958 -4.020605279207958 -4.020605279207958 -4.020605279207958 -4.020605279207958 -4.020605279207958 -4.020605279207958 -4.020605279207958 -4.020605279207958 -4.020605279207958 -4.020605279207958 -4.020605279207958 -4.020605279207958 -4.020605279207958 -4.020605279207958 -4.020605279207958 -4.020605279207958 -4.020605279207958 -4.020605279207958 -4.020605279207958 -4.020605279207958 -4.020605279207958 -4.020605279207958 -4.020605279207958 -4.020605279207958 -4.019161582089962 -4.009367278963045 -3.9912713298368416 -3.965722842235902 -3.933185485390287 -3.8941838162914033 -3.849194886657732 -3.7971536037623412 -3.7388756208650404 -3.6760530290940325 -3.6105499259551053 -3.5444493583660277 -3.480113098066367 -3.420245550459991 -3.3679288703067383 -3.326551124051627
-4.020605279207958 -4.020605279207958 -4.020605279207958 -4.020605279207958 -4.020605279207958 -4.020605279207958 -4.020605279207958 -4.020605279207958 -4.020605279207958 -4.020605279207958 -4.020605279207958 -4.020605279207958 -4.020605279207958 -4.020605279207958 -4.020605279207958 -4.020605279207958 -4.020605279207958 -4.020605279207958 -4.020605279207958 -4.020605279207958 -4.020605279207958 -4.020605279207958 -4.020605279207958 -4.020605279207958 -4.020605279207958 -4.020605279207958 -4.020605279207958 -4.0176560422298 -4.006332490856084 -3.986835256789965 -3.9595294653128446 -3.9248204735032513 -3.882015408539404 -3.829690329795606 -3.7691821921921056 -3.7020175639954953 -3.6298615396980893 -3.5545569323084014 -3.4781841046769664 -3.4031526941666312 -3.3323341158579223 -3.2692208130211062 -3.2180204463426274
-4.020605279207958 -4.020605279207958 -4.020605279207958 -4.020605279207958 -4.020605279207958 -4.020605279207958 -4.020605279207958 -4.020605279207958 -4.020605279207958 -4.020605279207958 -4.020605279207958 -4.020605279207958 -4.020605279207958 -4.020605279207958 -4.020605279207958 -4.020605279207958 -4.020605279207958 -4.020605279207958 -4.020605279207958 -4.020605279207958 -4.020605279207958 -4.020605279207958 -4.020605279207958 -4.020605279207958 -4.020605279207958 -4.020682051537541 -4.021877470715105 -4.0187778669272305 -4.006935149643421 -3.9866381580090735 -3.9581943850495414 -3.9195722030568376 -3.869671777492588 -3.8097803990496573 -3.741274635384724 -3.6656380748448854 -3.584484634182697 -3.499593518818048 -3.412968157219583 -3.326942008342966 -3.2443692709170833 -3.168947672534957 -3.1056644996241545
-4.020605279207958 -4.020605279207958 -4.020605279207958 -4.020605279207958 -4.020605279207958 -4.020605279207958 -4.020605279207958 -4.020605279207958 -4.020605279207958 -4.020605279207958 -4.020605279207958 -4.020605279207958 -4.020605279207958 -4.020605279207958 -4.020605279207958 -4.020605279207958 -4.020605279207958 -4.020605279207958 -4.020605279207958 -4.020605279207958 -4.020605279207958 -4.020605279207958 -4.020605279207958 -4.020605279207958 -4.020862759394568 -4.022713963980573 -4.025821239530961 -4.023030791739746 -4.0112992867805 -3.990848686412714 -3.9588950938195637 -3.914124636787626 -3.857712572112177 -3.7909074579361675 -3.715045162369665 -3.631563332802351 -3.5420173371272545 -3.4481018890258466 -3.3516896977356607 -3.254913773263101 -3.160353026118214 -3.071450589399443 -2.9934097737143235
-4.020605279207958 -4.020605279207958 -4.020605279207958 -4.020605279207958 -4.020605279207958 -4.020605279207958 -4.020605279207958 -4.020605279207958 -4.020605279207958 -4.020605279207958 -4.020605279207958 -4.020605279207958 -4.020605279207958 -4.020605279207958 -4.020605279207958 -4.020605279207958 -4.020605279207958 -4.020605279207958 -4.020605279207958 -4.020605279207958 -4.020605279207958 -4.020605279207958 -4.020605279207958 -4.02093670589469 -4.023183772340064 -4.0272531384214965 -4.032236904120154 -4.030384380503236 -4.019438522520161 -3.9966342619995254 -3.9596199390814193 -3.9094724004353805 -3.847328627257879 -3.7744003320254427 -3.6919888859056424 -3.601498179664 -3.5044435585569875 -3.4024565654741328 -3.29728995195791 -3.1908390558235697 -3.085225365130392 -2.9830661857149874 -2.8883585681174115
-4.020605279207958 -4.020605279207958 -4.020605279207958 -4.020605279207958 -4.020605279207958 -4.020605279207958 -4.020605279207958 -4.020605279207958 -4.020605279207958 -4.020605279207958 -4.020605279207958 -4.020605279207958 -4.020605279207958 -4.020605279207958 -4.020605279207958 -4.020605279207958 -4.020605279207958 -4.020605279207958 -4.020605279207958 -4.020605279207958 -4.020605279207958 -4.020605279207958 -4.020836715327106 -4.023140784522356 -4.027631217461824 -4.033945555786588 -4.040956178866205 -4.0406934852795295 -4.029206199213206 -4.002444401804405 -3.9612149570149002 -3.9065560208692918 -3.839566638592936 -3.7614260022136516 -3.6734131677946102 -3.576923660716341 -3.473478070807942 -3.3640957214602447 -3.2498009637916594 -3.1331399346270894 -3.016576486863635 -2.9024191208332244 -2.792933748275645
-4.020605279207958 -4.020605279207958 -4.020605279207958 -4.020605279207958 -4.020605279207958 -4.020605279207958 -4.020605279207958 -4.020605279207958 -4.020605279207958 -4.020605279207958 -4.020605279207958 -4.020605279207958 -4.020605279207958 -4.020605279207958 -4.020605279207958 -4.020605279207958 -4.020605279207958 -4.020605279207958 -4.020605279207958 -4.020605279207958 -4.020605279207958 -4.020655767752706 -4.022598970597572 -4.027112724539637 -4.0338434315357 -4.042420308912126 -4.051698725129243 -4.052915464464698 -4.0387356255267175 -4.008905785862635 -3.964381354996311 -3.906159324621296 -3.8352994368952094 -3.752950736768398 -3.660355518724651 -3.5568485638510436 -3.4434967070778546 -3.323129557555321 -3.198637377248642 -3.0728975235102896 -2.9486796535294237 -2.8285627110326454 -2.714980407114668
-4.020605279207958 -4.020605279207958 -4.020605279207958 -4.020605279207958 -4.020605279207958 -4.020605279207958 -4.020605279207958 -4.020605279207958 -4.020605279207958 -4.020605279207958 -4.020605279207958 -4.020605279207958 -4.020605279207958 -4.020605279207958 -4.020605279207958 -4.020605279207958 -4.020605279207958 -4.020605279207958 -4.020605279207958 -4.020605279207958 -4.020605279207958 -4.0217438717831255 -4.025806975486782 -4.0324925177697875 -4.041444852349249 -4.052288121526511 -4.064059179987872 -4.0645991485833175 -4.0484449882496305 -4.016492746410091 -3.969657477710504 -3.9088907037665197 -3.8352066780930425 -3.7479662485019736 -3.6457347062340846 -3.5311518095255066 -3.4071566883616216 -3.2769041812390562 -3.1437488941662393 -3.011207919491704 -2.882943970088748 -2.7629067822700897 -2.656079080651991
-4.020605279207958 -4.020605279207958 -4.020605279207958 -4.020605279207958 -4.020605279207958 -4.020605279207958 -4.020605279207958 -4.020605279207958 -4.020605279207958 -4.020605279207958 -4.020605279207958 -4.020593563584156 -4.020115802917682 -4.019361894325418 -4.018776986470118 -4.018618807155779 -4.0189500379814875 -4.01963642735966 -4.0203508164763555 -4.020605279207958 -4.02092087767947 -4.024004256166373 -4.030112945216619 -4.038911680982606 -4.0500464436799115 -4.063140532791936 -4.07621139318454 -4.07578451866688 -4.058596673039186 -4.025512086257614 -3.9774035293167302 -3.915043634436791 -3.835067257903759 -3.737422587068075 -3.624726760853586 -3.499842470693496 -3.3659498020127536 -3.2266033182817973 -3.0857606322758633 -2.947788209964198 -2.8174954457282775 -2.700338258159391 -2.6030837714824693
-4.020605279207958 -4.020605279207958 -4.020605279207958 -4.020605279207958 -4.020605279207958 -4.020605279207958 -4.020605279207958 -4.020605279207958 -4.020436442884035 -4.018220808048012 -4.0143080632256 -4.0097075670116675 -4.005281061486066 -4.001718707451843 -3.99951810080805 -3.99896810786647 -4.000139069914328 -4.002880371323388 -4.00682562433485 -4.011404933846014 -4.017413987371399 -4.025787877123363 -4.035167779913792 -4.045995769663087 -4.059247417488929 -4.0745503186756595 -4.087031636693508 -4.086543943503592 -4.069284136013743 -4.036088496581776 -3.9873042863889556 -3.918017486516511 -3.8285489974756346 -3.721324778715871 -3.5989744034167637 -3.4644432882111786 -3.3211235992703934 -3.1729754003316986 -3.02460560139696 -2.881290097977077 -2.7493624228347526 -2.63608573181404 -2.548272144401796
-4.020605279207958 -4.020605279207958 -4.020605279207958 -4.020605279207958 -4.020605279207958 -4.020605279207958 -4.0202535083807245 -4.016232020920895 -4.008834756767889 -3.999401988661488 -3.9891778104303355 -3.9792805918015555 -3.9706720965247286 -3.964127369210813 -3.9602079108662274 -3.9592407448781093 -3.961305623034442 -3.966231836882509 -3.973605010037568 -3.9830262515996155 -3.9963679402662318 -4.013134391052173 -4.031853527083289 -4.050923813595303 -4.068638751744098 -4.0854430742634396 -4.096564506317385 -4.096786919444876 -4.080420219463217 -4.047650654929517 -3.9925639743537173 -3.9149417593733085 -3.817040490118398 -3.7012187096843645 -3.570037363557736 -3.426421991380053 -3.2738759131508086 -3.1166943130061453 -2.9609744112700476 -2.814037949372148 -2.682226286029052 -2.5724246097543255 -2.491574842855509
-4.020605279207958 -4.020605279207958 -4.020605279207958 -4.020605279207958 -4.020605279207958 -4.017602048106907 -4.008804751964756 -3.995762209124289 -3.9800014048988546 -3.9629887564425297 -3.9460991015972837 -3.930580182049594 -3.9175143949505937 -3.907780539969397 -3.9020190350779016 -3.9006043451933303 -3.9036279587442175 -3.910894125169036 -3.921928925304368 -3.937022697401908 -3.957881860892727 -3.9832400171993116 -4.01150541120853 -4.040959457269715 -4.069786664089664 -4.093877708023591 -4.10512609486794 -4.106255185202747 -4.091575604745098 -4.054079843051633 -3.9918423048521126 -3.907042162161098 -3.801866796127415 -3.6785469307430523 -3.5394582669462364 -3.3873336996505703 -3.2259376260088515 -3.0621245936653643 -2.9014750408579433 -2.750292377122975 -2.6159885187131815 -2.50656778383887 -2.4296101389343807
-4.020605279207958 -4.020605279207958 -4.020605279207958 -4.020374634600619 -4.01424280063558 -4.001006016394262 -3.982338359358778 -3.9599159778498914 -3.935396193208026 -3.910389365189907 -3.8864231779566825 -3.8648999768870067 -3.84704912652736 -3.833877878394632 -3.826125566380737 -3.8242266096304585 -3.8282873845960452 -3.8380804012804948 -3.853057111149365 -3.8744813590181613 -3.9030674331615143 -3.9372441831723726 -3.9752771534347797 -4.015312116277465 -4.055411694931893 -4.089319174642116 -4.109557620217377 -4.114523284740449 -4.0978251226268325 -4.05430162450425 -3.9860775666033623 -3.8953194452399917 -3.7841458178894705 -3.6546145405321098 -3.5087789911322016 -3.350138306675487 -3.1843344916054064 -3.0149843199712905 -2.8474173205603828 -2.6890505331388255 -2.548694235800795 -2.436025148044177 -2.3602306060882796
-4.020605279207958 -4.020605279207958 -4.020085718706492 -4.0118919059592075 -3.9950581196418944 -3.9713224404670004 -3.942459378341924 -3.9102670041606173 -3.8765464015901534 -3.843071722830568 -3.811549692698538 -3.783568604615615 -3.7605387506044017 -3.7436286290854333 -3.733703628029765 -3.731275340777678 -3.736469396422568 -3.7490173029903096 -3.7684105194652306 -3.796544987516687 -3.833115012504976 -3.8763752510348106 -3.9244190627559914 -3.9752333362956698 -4.0266819278875055 -4.070516029417973 -4.100962062333669 -4.11457353184353 -4.097460538654226 -4.049017731476164 -3.9759616994486033 -3.880485543652653 -3.7646855247040447 -3.630391136147114 -3.4800550957907745 -3.318181773683704 -3.146601433282558 -2.9688618678085135 -2.7911523317497675 -2.6219038956373377 -2.4712165368274874 -2.3509722160256974 -2.274035999891494
-4.020605279207958 -4.020239887053456 -4.011509427071991 -3.992422937658949 -3.9647324146256677 -3.930252968815072 -3.8908596612207873 -3.8484780331274187 -3.8050656667124834 -3.76258188741577 -3.722943075753558 -3.687962377581591 -3.6592751774435346 -3.6382554430207623 -3.6259322010195785 -3.6229184846923235 -3.6293653746905825 -3.6449502448024145 -3.669311560003033 -3.7044411459234863 -3.7493175850173923 -3.801977564657113 -3.8603050924964735 -3.922099947494967 -3.9848186441015176 -4.0391125249326345 -4.0801959862981745 -4.098254127295488 -4.086408372046067 -4.038728982516683 -3.961923713595693 -3.862632131533214 -3.7410896678555368 -3.601367170266963 -3.4491926126464474 -3.284882157167156 -3.1081662668742727 -2.9213428712729703 -2.7315613474180642 -2.5486954701038274 -2.3834641423083323 -2.2492340944063476 -2.1656023144341074
-4.020587688127763 -4.0132403039340305 -3.9937062325497554 -3.963706523774057 -3.925040890485367 -3.879593645591799 -3.829336146160755 -3.7763230493622157 -3.7226787184590933 -3.6705692838661643 -3.622155639502663 -3.5795237586532744 -3.5445919284208154 -3.51900017009146 -3.503994391466146 -3.5003241949317117 -3.5081751754828137 -3.527151415442851 -3.5570021279727166 -3.599507773525314 -3.6531014439774485 -3.7155450406717416 -3.784467492771179 -3.8574487897003342 -3.931525105446613 -3.9968073556775714 -4.046593201580869 -4.068452471083345 -4.060655705954463 -4.020580431474227 -3.9419930594609256 -3.834842368136643 -3.706899332538201 -3.5660539870410473 -3.4143698153760926 -3.251108383340207 -3.0717744648767527 -2.8749594707129633 -2.671517366779886 -2.474393589837631 -2.293298327181983 -2.138591139088827 -2.0353401447276687
-4.016405172736359 -3.9986157458371836 -3.9684182364376364 -3.9275513147965015 -3.8778483429681474 -3.8212495203287116 -3.759811955453629 -3.695714638338764 -3.6312536697662514 -3.56882127213584 -3.5108606410996988 -3.459788773367238 -3.417882732307803 -3.3871329124304204 -3.369079436927243 -3.364660934234882 -3.37411121753825 -3.3969321909870014 -3.4328332634591154 -3.4832276367284964 -3.5460660951325877 -3.618762855895299 -3.6986375361541612 -3.7830153161447146 -3.86864184254666 -3.9453833693639413 -4.001529714549661 -4.0279806638488225 -4.02403689487977 -3.9857704772090923 -3.908534890778751 -3.7948920778395046 -3.6643361072447145 -3.5227615202345923 -3.372772560364954 -3.2152971950932523 -3.039929065389731 -2.8291612569912874 -2.611427495731125 -2.4038820482550953 -2.2136737479847843 -2.045973577932849 -1.904606725893692
-4.005981585151482 -3.978062829859296 -3.9374346108726574 -3.8858361803320633 -3.825115527582857 -3.757248714750342 -3.684359576737459 -3.6087368838584117 -3.5328437235118684 -3.4593106134865623 -3.3909001703641684 -3.3304285788774655 -3.28063080327079 -3.2439666777750347 -3.222386007289771 -3.21709764248724 -3.2284051757887635 -3.2556630494810372 -3.2983021651657634 -3.3572764943034104 -3.430037285662642 -3.5135593436029797 -3.604792367577653 -3.700774147445482 -3.7981429439209786 -3.885865921937093 -3.947874741924534 -3.9789809832038188 -3.9743210830919775 -3.933730325119233 -3.8576019793937157 -3.746045853176682 -3.612896475467645 -3.4692009587869226 -3.318197442076408 -3.1632120604569067 -2.9999436580185295 -2.7711567338809884 -2.547085462388902 -2.338263573003964 -2.1521195940344007 -1.9993645464207979 -1.906046225819833
-3.9909186131947867 -3.9532933272604294 -3.9025822718229644 -3.840505218593327 -3.768900816221869 -3.689753471022346 -3.605224146908364 -3.517683118803335 -3.429739847495047 -3.3442603182108277 -3.264355158200958 -3.1933138886817396 -3.1344564551915335 -3.0908820807717365 -3.065127889439194 -3.058804027514548 -3.072319439873663 -3.1048067571714126 -3.1551086905968777 -3.2235930675513087 -3.3071390172292077 -3.402170724828188 -3.5052074716927937 -3.6129785274642305 -3.722163479820093 -3.8197727016900425 -3.8878848691705685 -3.9192796690419796 -3.91320906968439 -3.870466408423595 -3.7929499174690666 -3.6871630902367434 -3.553049557344544 -3.4052396205014612 -3.2483636530513933 -3.082443536454757 -2.899077812727054 -2.6900461983949144 -2.4756030616608786 -2.2745166728805315 -2.1002261794611417 -1.9689422121423137 -1.9031973581778554
