_RESULTS/CROSS_VALIDATION_POSTPROCESSED/MHZ/TZ/9comp/1/MHZ_TZ_z_710_kriged_reverse_9comp_spherical_1.asc
ncols 100
nrows 81
xllcorner 5.5967107548124995
yllcorner 50.982328804812504
cellsize 0.00017565037499993607
nodata_value 1.7014100000000001E+038
[rows 19 to 37 of 81, columns 42 to 83 of 100]
0.432577013711128 0.38846598321160236 0.34581004437391705 0.3063875249911462 0.27120748007191353 0.24070460876031838 0.21492750940622923 0.1936979791300442 0.1767341413182122 0.1640801731038482 0.15907807136997817 0.1619160427878162 0.1720933867058459 0.18996489417957363 0.2145679999101314 0.24042330373858783 0.26716173878620586 0.29575102675992443 0.32720154198042073 0.36309294856682073 0.40580008102067966 0.4550929280028617 0.5090937696558904 0.5639134974576179 0.613766447205385 0.6519479641202073 0.6724861417478412 0.6734495531270179 0.6541903001736009 0.6151010371171146 0.557378209216017 0.48509962136278156 0.41515147460934015 0.35397131385874114 0.30225293810360787 0.25972757012934217 0.22562508764649652 0.19900087994800625 0.178949975577693 0.16474374682820073 0.15592601620587593 0.15060706350338993
0.4246682762943853 0.3826587029857688 0.34145525136287086 0.3031509143082225 0.2689101334001963 0.2392314940181689 0.2141879095841554 0.19361405850724522 0.17724139428451863 0.16637835088640673 0.16396139750165184 0.1690965837188195 0.182218944615366 0.19946028825237527 0.21667557974410714 0.23380323874836137 0.251695085381608 0.2718221387001324 0.29626881280556433 0.32851986145110157 0.3702092149786056 0.42204212494363763 0.483064683600182 0.5496909540654609 0.615372988087963 0.6717392771087307 0.7119304823313798 0.7332651894702775 0.7334626567684277 0.7118400971947327 0.6673532433082615 0.6019654570639132 0.5202350421882506 0.43481360870392083 0.36349137057965497 0.30580080780843083 0.26007276318058103 0.22453716815095692 0.19758207453714666 0.17789385521508838 0.16453473776454328 0.1564575745643444
0.4175801370740865 0.3770971683205667 0.3370991901292431 0.2998737167807885 0.26664389155396745 0.23791016018098135 0.2137364420261899 0.19395573479838465 0.17832456403870056 0.1695806504790207 0.1690671768013412 0.17621791097698333 0.184694103407733 0.1917236296539274 0.19837439279758048 0.20537646853608862 0.2134060202952631 0.22430634521519474 0.24149357864621432 0.2673235594830029 0.30395591415258255 0.3532621911554525 0.4157322273658778 0.4887718694047262 0.5654389628931684 0.6356910583284066 0.6925799998737371 0.7322451059790496 0.7529011254834159 0.7534553833455861 0.7309882438322992 0.6850783817600777 0.6172907051946435 0.5316777899736564 0.4385344122844436 0.36173200412840967 0.3017093133436086 0.25548219159422036 0.2204507902881935 0.19452094214545784 0.17614523488826597 0.1642953576441764
0.41191368962514047 0.37204956190555444 0.3328613498113418 0.2966304047296824 0.2644802920969123 0.2368216906028507 0.21366556870688777 0.19472705588590788 0.17967951925684128 0.17257806837400128 0.17341330860421747 0.17387407004290145 0.17219362617919426 0.16898092920735638 0.16583201167331624 0.1639003704066417 0.1635779947520396 0.16729076511425467 0.17723715895473707 0.19529383896783872 0.2239339556680521 0.26605097843271247 0.32394570395382816 0.3968590560583171 0.47787040682178994 0.5550453423698521 0.6202776712071985 0.6707287336257213 0.7073213657069247 0.729694593680999 0.733694335301064 0.7159852435366125 0.6741555096426142 0.6083566171454368 0.5224262218895874 0.427348964389541 0.3503690213589287 0.2917323993690218 0.24752768385167745 0.2146539648619025 0.19080408892322567 0.1744515356090486
0.40838967732590237 0.36741323654360364 0.3285867253803002 0.2933762306896022 0.2624531427646131 0.2359547502894528 0.2135028499773265 0.19482567835587492 0.18055062434093302 0.17479160321633005 0.16886160340637155 0.15970273274727723 0.14890474866681314 0.13764982160801043 0.12755141412529014 0.11960977664763571 0.11420795286247766 0.11304114683111281 0.11706104300801584 0.12768238554454095 0.14718704873865804 0.17895944137795441 0.22706720416351103 0.2936254299252883 0.3725953699006594 0.44845412234155235 0.510633167142571 0.5610675696266715 0.6056013047579357 0.6451908954142916 0.6748864402852763 0.6886631617157922 0.6801793440745605 0.6450527993194844 0.5828257142538428 0.4979341214314173 0.40506755722854776 0.33267938480384285 0.27852010997332266 0.23824655863554242 0.20862486641457903 0.18752113671964948
0.4063330662263419 0.3635112035746683 0.32418280292235135 0.2895536824500498 0.2595816720272934 0.2338042080243902 0.21205671371243112 0.1940357175623753 0.18086012603582333 0.17015292353002445 0.15492477306649466 0.13789179960174977 0.12057148052532855 0.10458830285020061 0.09105146045023789 0.08047038663313966 0.07314292606144002 0.06941886174100109 0.06958593198568744 0.07442814817918209 0.08558762378120123 0.10610139276010344 0.14093385363873737 0.1958836618237488 0.2685458984628225 0.33542712916324435 0.3824287862767331 0.42323282603696094 0.468324577426276 0.518619529755572 0.5686784625124685 0.6109761796993893 0.6365026653202218 0.636963582436615 0.6072407683137359 0.5473360771211984 0.46304162500007084 0.37690136142510955 0.3126331326803813 0.2650178737433477 0.22969410825900918 0.2038187380307048
0.40075039046186484 0.35697637807341204 0.31764799333813726 0.2837327401806353 0.25513519141832275 0.23116491042620854 0.21090540446632577 0.19401393332496328 0.17910586908898282 0.1591818345125254 0.1365507702117324 0.1139077198871175 0.09301144403247973 0.07523213323663767 0.06106616823339883 0.0505135397715909 0.04330323906728329 0.03895857428974424 0.037314167859315905 0.038589276675024826 0.04363025612570034 0.05441256896965835 0.07504997055573527 0.11340776403440377 0.17775081784422772 0.2287981689917807 0.2514068294444887 0.28079230176065373 0.3230512936636577 0.3774614625823855 0.43941241546557547 0.50190987745398 0.5553371208964297 0.5891275711134972 0.5943077453874854 0.5661201440680673 0.505855461324129 0.42179870170156053 0.34819941737182564 0.2941534348964544 0.25389152214834704 0.22350894962897064
0.3862430551579148 0.34565497928880257 0.30946275742420215 0.2781588543427292 0.2515422799369178 0.22930916777789356 0.2108224697562063 0.1950999235385525 0.17245701761004395 0.14497477560903133 0.11710725216518977 0.09135005747836823 0.06951950391662937 0.0522424680944819 0.03929114753510429 0.030163281684074263 0.0240310622531473 0.020174986524538734 0.0181675524933076 0.01783260173467147 0.0194048813268801 0.02373955345736098 0.032915041684636506 0.05166370298573955 0.08977555712638188 0.11980172123210912 0.13411051252748504 0.15913871396187482 0.19711810739891514 0.249011222467347 0.31307155863140224 0.3845883980768436 0.4552041237113977 0.514036748701663 0.549915366297876 0.5541269472510088 0.5230697698053485 0.45989247286383095 0.38215470234929644 0.32368164609152955 0.2805663154381448 0.24637248130731276
0.3658355151663863 0.33235332451525845 0.301058869205751 0.2732119212024055 0.2491147728515582 0.2287118305877524 0.21186625129334308 0.19383832708744736 0.16313855667579036 0.12997691063738043 0.09869754289315656 0.07200923800739596 0.05102222728537103 0.035531539537786185 0.02465463382928316 0.017449007107074997 0.012774022061231335 0.009841253086462205 0.008148251890608315 0.007417612658749012 0.007574355617445176 0.008817358127334914 0.011788545575317643 0.017829433928669855 0.028484338802296068 0.04194051047298957 0.056739272797329 0.07712523318273923 0.1073059067217193 0.15063697731985956 0.20831475542224934 0.2782881707935537 0.35436070765110994 0.4269362883212331 0.4846219328790592 0.5163750881064852 0.514359361906192 0.4767626064116592 0.4096609619963722 0.34909400028620946 0.30720568010759264 0.2712198100812196
0.3449167221470949 0.31886775394765815 0.2930495337175828 0.269149427130691 0.24796506395385862 0.22970715256992047 0.21443160238933737 0.1903993797230546 0.15328622867629602 0.11573129950815031 0.08275036691161371 0.056554253529111226 0.03732382021053252 0.02406181303641923 0.015368371819999204 0.00996224617260924 0.006634820753576874 0.004625773734680182 0.0034555522889788107 0.002841034051751869 0.002645129997551623 0.002853564063969614 0.0035945273966298103 0.0052005386422811955 0.00819352914626281 0.013161948697384889 0.020959440862189014 0.03344266622323723 0.05367255547287476 0.0855498952223167 0.1321606887608083 0.19355155327875012 0.26561534834766665 0.3410489141965812 0.4100558802841045 0.4611390543626098 0.48355134429080043 0.4708490617693532 0.42376673462936226 0.3629133805603273 0.3203856513974935 0.28386342839491574
0.32647448032334125 0.30683778274991214 0.28627561356002024 0.2664236600503664 0.24836221959659976 0.23248852927700409 0.21752570448444075 0.1867101437716676 0.14420306992017107 0.10344194709540136 0.06990516377976375 0.04489164359633756 0.027658352902919767 0.01652532351569654 0.009712312860964306 0.005742070762466913 0.00345301528975852 0.002152911724166385 0.0014262653821030034 0.001035427182500624 0.0008545697931181077 0.0008325974786111906 0.0009803902690936198 0.0013839832104402766 0.002249293136189504 0.003984806481791844 0.0073465031193298315 0.01374273650127062 0.02567552378183815 0.047052351668985415 0.08217744463181062 0.13234746074816925 0.19466829864003876 0.2648158767658546 0.3359173891133191 0.3975308202947484 0.4375123382263441 0.4457230261793294 0.4180858518929279 0.3626202459774249 0.31628479139173643 0.2799620915804662
0.311763076594409 0.2973218198429546 0.2814492608862419 0.26551454367402 0.25065476788120133 0.2373488382569554 0.22083840742049332 0.18397246295489916 0.13698736952012697 0.09386811314586327 0.06026712082226578 0.03654588485230758 0.02111590914781266 0.011738555630563297 0.0063650914241184155 0.003430137682100269 0.0018567666199759425 0.0010275362851246462 0.0005953639779080062 0.0003734519660114206 0.00026570015782917774 0.0002274205126631566 0.0002475658625466557 0.00034800698755287394 0.0006045259791154483 0.0012075577126756467 0.002584211008576148 0.0056463580629784165 0.012245245139892386 0.025848939217785295 0.051652135633606204 0.0912502002875083 0.14131053091242443 0.20199072672467075 0.2693077216901633 0.3342734767751817 0.384634203245145 0.4082592215893301 0.39746962754351894 0.35280231526886185 0.30730584588648313 0.2739281506588509
0.3010405265836492 0.2908124669496261 0.2790535442890161 0.26683968237418587 0.25521753249183543 0.24440803123840737 0.2248630964513136 0.18305739621250736 0.13265847558356952 0.08741416941932685 0.05367966736932805 0.03094906844720506 0.01688784741235404 0.008797318838032439 0.004427679747858596 0.00218544333625926 0.0010686163100226457 0.0005249614967221767 0.0002643160867071692 0.00014074345321519335 8.355723153536126e-05 6.0341803431561295e-05 5.9379840221444065e-05 8.501178753874856e-05 0.00016553113587428655 0.0003850189675932874 0.0009632546770992782 0.0024352975899213703 0.006025567057015884 0.014352102842618925 0.03257892398018541 0.06263761784081921 0.10089797402116799 0.15198659055383196 0.21320664855614962 0.2772834897313736 0.33278150018742364 0.36676352242974747 0.36921483648295517 0.3374015553593712 0.2958832557282478 0.2663573453074318
0.29361474967577833 0.28676948393841645 0.2786234226076053 0.26988437707728863 0.2609998315893469 0.25218777669633985 0.23015264553883302 0.18488053397861817 0.13174363865347524 0.08434920789303588 0.04994679594617257 0.027618391598237972 0.014367403882381466 0.007086602012237868 0.0033429427835622067 0.0015284181962918154 0.0006832673748978992 0.00030145191407621673 0.00013295555653561618 5.9897912230620957e-05 2.8805267278237018e-05 1.6416063925297215e-05 1.3831947896637777e-05 2.103581118769058e-05 4.957661105660416e-05 0.00013909902917626137 0.0004059741854507906 0.0011624404278826911 0.003180208734884851 0.008181711103631818 0.0193456430028364 0.03978641171356909 0.07072099977182006 0.11390325697373863 0.16857225197411327 0.22942209396845248 0.2864195143798824 0.32681362275943976 0.3393506829159688 0.3190983712239626 0.28332179838268196 0.25713090517373693
0.28830944977697964 0.28410548962999654 0.2786393823755941 0.27245234031385596 0.2660710010888179 0.2596002202121499 0.23668056028709536 0.18954974389897553 0.1343539052382292 0.08493355511583739 0.0489943902359348 0.02625100800995393 0.013169216051415982 0.006231697990881379 0.0027927629247863493 0.0012034481025731153 0.0005023759180631617 0.0002042457946938989 8.133331938385547e-05 3.1969153663921606e-05 1.2619235109306334e-05 5.281374749070741e-06 3.1872843721636743e-06 5.922964684444073e-06 1.8846827170601537e-05 6.36733115951581e-05 0.00020915677804337723 0.0006507349459496303 0.0018915221254211258 0.005073745002669663 0.012338906224760644 0.02664334784926072 0.050836794879146566 0.08702725606325651 0.13529192676479143 0.19180247256257776 0.2479520070264623 0.29168066397865167 0.31126671886180485 0.3002263875333657 0.2710733457716966 0.2469295251549064
0.28314239937318575 0.2807635677739151 0.27755490196436094 0.2739810572756387 0.2703327718350619 0.2665615734386224 0.24496984675573835 0.1975635895893742 0.1407750170189264 0.08924768370907575 0.05086400195829081 0.026759051874643714 0.013122810376057888 0.006038323912011761 0.0026165167160279944 0.0010860488796948726 0.000435452735099684 0.0001694025193592202 6.41869274028179e-05 2.3809359216507185e-05 8.683072116899363e-06 3.13404150338616e-06 1.2448195835935352e-06 3.1774402214496656e-06 1.16964544209374e-05 4.1740117373475966e-05 0.0001412437925918404 0.00044856316470268527 0.0013238894515229074 0.003592874404992622 0.008857439040337239 0.019628299415065328 0.0389679668762272 0.06952073453373955 0.1121452628357567 0.16414917623737493 0.21817318277308761 0.263021719238091 0.2869958475735936 0.28265144207215986 0.258604807259857 0.2362934863813608
0.2768521250493627 0.276140859177985 0.275133908326594 0.27425912223960214 0.2735927377919238 0.2729462854067767 0.2552856512167845 0.20948343051765028 0.15170108465954601 0.09755602897017726 0.0560386885864311 0.02928828000015037 0.014246396175214508 0.006471580924972 0.0027646352759137624 0.0011313208544344155 0.000449123057292053 0.00017423327975900203 6.675650611798564e-05 2.5661936505424957e-05 1.0198338319387831e-05 4.574446212996082e-06 3.1174095494795746e-06 4.925695812734314e-06 1.321500128383548e-05 4.0938475812855194e-05 0.00012833204916556373 0.000388991921962497 0.001113844706068509 0.002965086183109206 0.007245861951207194 0.016106575442092895 0.032425179686069845 0.05905193744684433 0.09732593719371109 0.14537577984330333 0.19683879825233072 0.2413667695485729 0.26757140116160344 0.2673924750428239 0.24573767576942604 0.22544368163126619
0.2691171963102334 0.26993519122355686 0.2710868105017292 0.2729725517369874 0.2755284575077982 0.27846053736985804 0.26742697527429454 0.22566973934599457 0.16793113802445142 0.11076683096733317 0.06516236676566609 0.0344288692279451 0.01676986853417862 0.007637070048396229 0.0032838182504524803 0.0013539977260906097 0.0005467964842940321 0.00021919933632949306 8.895894803075582e-05 3.759027321783705e-05 1.743404661211301e-05 9.853158621498037e-06 8.073572063407316e-06 1.0906438602199172e-05 2.2123559092840893e-05 5.5687457103822333e-05 0.00015214094568321367 0.00041945869167787274 0.0011237400852299841 0.002854488310521558 0.0067608984968965825 0.014761274707810154 0.029501106284336182 0.053776043489618265 0.0891600284537422 0.1342081405468691 0.18323285111676632 0.2265919682117519 0.25335012748395197 0.2528367121656672 0.23286844002341012 0.21466155489469804
0.25968427913925174 0.26187015975233646 0.2651031204004523 0.2697256860415804 0.27566645407917695 0.28262296511066864 0.2805387201044135 0.24612446388050133 0.19033624575275496 0.13014081625259125 0.0791525136046683 0.04306777845517011 0.021267330808408397 0.00983470917070613 0.004325201612208751 0.0018345796594620926 0.0007691883306933031 0.000326293546730557 0.00014344196862931796 6.765775196091204e-05 3.615630514705999e-05 2.372207407806566e-05 2.0955930218428356e-05 2.6207893240642963e-05 4.460124975971885e-05 9.373875605098578e-05 0.00022112583573717195 0.0005433675889215366 0.0013329512803331618 0.00316758566763558 0.007140254598625762 0.015046318694127503 0.02934839430368799 0.05264686206303311 0.08648714330623058 0.12960390595650295 0.17658431529015084 0.2182852903900294 0.24280471715297344 0.2382694980651846 0.22036598979868005 0.2042228489953416
