_RESULTS/CROSS_VALIDATION_POSTPROCESSED/MHZ/TZ/9comp/1/MHZ_TZ_z_0_kriged_reverse_9comp_spherical_1.asc
ncols 100
nrows 81
xllcorner 5.5967107548124995
yllcorner 50.982328804812504
cellsize 0.00017565037499993607
nodata_value 1.7014100000000001E+038
[rows 57 to 75 of 81, columns 0 to 41 of 100]
0.08276714344686048 0.08393414509539995 0.08552164442065692 0.08749485943352027 0.08981592353208105 0.09244132964968282 0.09531884566201179 0.09838370996301068 0.10155394843503651 0.10472487396161073 0.1077635149851264 0.1105053312696352 0.1127584079347501 0.11432300527158284 0.11503146951456238 0.11479850975362445 0.11365287272100677 0.11172620275705242 0.10920016343533495 0.10610349295101282 0.10259823423278873 0.09889863765810386 0.09518002063450615 0.09158166183186908 0.08821246909471286 0.08515718135287619 0.08248218587354147 0.08024063210321122 0.07847677333289504 0.07722957949532744 0.07655196262515478 0.07674611571775583 0.07795211773465309 0.08010524270460653 0.08315582737008455 0.08705231782306597 0.09172912383931811 0.09709344967695352 0.10301137916900067 0.10929439814344453 0.1156888455533706 0.12187236176809745
0.08314270797115428 0.0845110170296563 0.08631924728033165 0.0885370084456419 0.0911313668233214 0.09406431034995232 0.09728954801764059 0.10074826892909793 0.10436333313262425 0.10803127110145014 0.11161176414016749 0.11491593754627627 0.11769987181058461 0.11967973126929374 0.12059131252082876 0.1202904321290865 0.11882644828648975 0.11641560653493956 0.11320124660288554 0.10932880075185791 0.1050944373887714 0.10073362289671993 0.09642699839045245 0.09231105822917764 0.08848840836024416 0.0850364498474213 0.08201446713677821 0.07946933300522557 0.07744002698458223 0.07596113166738366 0.07506885596421417 0.07521078565663696 0.07649450042646372 0.07875332383551288 0.08194756800193899 0.0860364733697527 0.09096636695600897 0.09665751377484655 0.10298950567046739 0.10978581867993481 0.11679941321353417 0.12370303639170273
0.08349643821705773 0.08503583726656616 0.08703368774963391 0.08946414353193509 0.09229970144111864 0.09550891340705799 0.09905344139714235 0.1028839702895584 0.10693413777936586 0.11111105148950907 0.11528016957438306 0.11924209759894655 0.12270306666592981 0.1252610714184587 0.12647438455412177 0.1260710766811249 0.12414683233888046 0.12103060894313074 0.11691045191356464 0.11218927299003585 0.10719995234043721 0.10218267353374329 0.09731003432316071 0.09270666955470876 0.08846326869038063 0.0846467207698841 0.08130772131047226 0.07848659579155644 0.07621769589916931 0.0745325235280163 0.07353859490346246 0.0737348871794252 0.07506234067529931 0.07739852142356378 0.08071505209538156 0.08498203670967715 0.09015866798933331 0.09618077146407623 0.1029460153011855 0.11029662534131249 0.11800042933730372 0.12573270398954045
0.083796087531377 0.08547096565339296 0.08762032229076647 0.09022251833873193 0.0932553182028471 0.09669403017351756 0.10050916897257015 0.1046632043470268 0.109105533004214 0.11376389444810002 0.11852844868576959 0.12322057180479584 0.1275322288016878 0.13093069918707545 0.1326405623032364 0.13206337534495646 0.1294201395829352 0.12524347432294375 0.12009707340915765 0.11449881081682378 0.10877816469897046 0.10315205980842912 0.09776896032124922 0.09273313946769134 0.08811916551232314 0.08398161212802521 0.08036222893333622 0.07729547960036402 0.07481268891181712 0.07294470250209674 0.07193149825657408 0.07220668168909652 0.07363868051985994 0.07602426713193385 0.07944166562030766 0.08387018804554855 0.0892810434696713 0.09562671679905045 0.10282699382475767 0.11075071380427765 0.11919277711232659 0.1278466084526629
0.0840155574745719 0.08578551588347894 0.08804193091835906 0.09076647386111068 0.09394119392651884 0.0975471295469313 0.10156272081727595 0.10596178456063862 0.11071053749161491 0.11576246522629861 0.1210479538503793 0.12644989244705448 0.13173739412815172 0.13636805042127575 0.13903154692932082 0.13809316273124142 0.13416824587044693 0.12864302388270515 0.12244627807136525 0.11604402067747065 0.10969472158978474 0.10356365964872001 0.09776442095347862 0.09237739692171931 0.08746037764387571 0.08305609732764721 0.07919838848107284 0.075917426815461 0.07324393325356139 0.07121249330173787 0.07021298725681693 0.07054054956285813 0.072110299261121 0.0746202830410214 0.07811961189653213 0.08269211102484558 0.08831786883399267 0.09496479095512947 0.102577187357469 0.11105800572615439 0.12024399133045102 0.12987116545918584
0.08413622150146897 0.08595721359464317 0.0882713437581661 0.09106219120951678 0.0943143256336879 0.09801224353960657 0.10213932867406761 0.10667679627501475 0.11160253073722465 0.1168895894093909 0.1225037213735333 0.12839769332101916 0.13449288513158417 0.1405874245762825 0.145470900645431 0.1434472670257646 0.1374108374485418 0.130601307353569 0.12359382696648777 0.11662378774136416 0.10984547154694994 0.10337203305085618 0.0972875935573649 0.09165399381049416 0.08651638177231208 0.08190861839686639 0.07785875548391906 0.07439456622879043 0.07154872926644487 0.06938048446422157 0.06836921286438366 0.06871460181880726 0.07037302944582441 0.07305935610388908 0.07674714740850863 0.08145712658762028 0.08727250426357165 0.09418126668359834 0.1021518370675906 0.1111257338543153 0.12099422679536147 0.13156379109052646
0.08414797353836269 0.08597389328509561 0.08829360565075932 0.09109087912057652 0.09435053534655298 0.09805741989630778 0.10219542180886307 0.10674652530354206 0.11168985634028754 0.1170006286270406 0.12264870843542207 0.1285958186752305 0.13478698495330432 0.1411057241076724 0.1467404039781788 0.14422578116186818 0.1376109748994732 0.13049789830649272 0.12327240795712165 0.11612500260133006 0.10919328627581334 0.10258144507141492 0.09636727658051598 0.09060734680034055 0.08534204397437545 0.08060094409589069 0.07640871809485551 0.07279183127356531 0.06978608642089279 0.06748528056216002 0.06640901185826352 0.06672623245260248 0.06842946163489776 0.07125862775253676 0.07517563856187397 0.08015540771774327 0.0861784106004311 0.09329171543803075 0.10153199268315226 0.11087784200763319 0.12127791118228767 0.13262480228827753
0.08404983371316324 0.08583437240398596 0.08810725851119673 0.09085069879630092 0.09404744623625384 0.09767949857446598 0.10172665579347528 0.1061647467182375 0.11096311002530143 0.11608034174507777 0.12145570089191049 0.12698837930362442 0.1324777792892004 0.13742167901374952 0.1404040524294263 0.13928534448632277 0.13456257320703027 0.128304701761231 0.12150650725636401 0.11459291907727055 0.10779370928775385 0.10125379113079243 0.09507030518570611 0.08930897786667806 0.08401386001602804 0.07921488014443584 0.07493506344516367 0.07119874723792874 0.06804229210003372 0.06558447315140911 0.06436832946275867 0.06459164593951584 0.06629958463627542 0.06926187937301179 0.07340194622076027 0.07864547489803929 0.08495065577801529 0.09231097688944666 0.10074011505864161 0.11028140698693015 0.120967964265422 0.13276231648580197
0.08385000847520746 0.08554853846720772 0.08772446984561665 0.09035695823084823 0.09342478603056091 0.0969046051062997 0.10076875677962004 0.10498226558725102 0.10949819084472363 0.11424959959427901 0.11913429157299936 0.12398348538268554 0.128496103797202 0.1321191405826592 0.13397793236480107 0.13325308362140295 0.12982463984515133 0.12466413342026043 0.11862430719110797 0.11222774139000688 0.10578762800996785 0.0995003103760479 0.09349310689681971 0.08784914317791062 0.08262186500802252 0.07784501286455026 0.07354091929036932 0.06972925908571842 0.06643925174063711 0.06378685054944962 0.06232490901659898 0.06234597867733297 0.06402450413267763 0.06716386432167651 0.07155520102469361 0.07703174395772984 0.08353048795126693 0.09105063112531424 0.0996170837867946 0.10925861644398359 0.11999271431653172 0.13181204137888558
0.08356539467983275 0.08513663239856434 0.08716997932253315 0.08964052694903483 0.09252192757351467 0.09578418534747446 0.09939081460519329 0.10329487592092723 0.10743301296206478 0.11171592457688712 0.1160126238329225 0.12012488259766976 0.1237512289345063 0.1264610465331472 0.12775820932858306 0.12720053243710008 0.12454213964537757 0.12029633366715052 0.11505973736778477 0.10930448745106736 0.1033624770229332 0.09745921482086273 0.09174633798729236 0.08632438221189487 0.08125809129079523 0.07658718503150173 0.07233465879065885 0.06851431002176556 0.06514002389049274 0.062285137603993075 0.0604528404431884 0.060053038509806006 0.06168889506399693 0.0651693954624617 0.06985694890650075 0.07550433488292617 0.08207376956308343 0.08958611451384003 0.09807395754766901 0.10756096758966088 0.11804520820891155 0.1294776112138578
0.08322061241772392 0.08462786393953965 0.0864790890259436 0.08874486168460143 0.09139337548643658 0.09438794216575393 0.09768381223225543 0.10122390995289188 0.10493287609505932 0.10870861994636079 0.11241070332613504 0.11584634743369994 0.1187602103571209 0.12084629226634726 0.12181147519988526 0.12135743314747398 0.11921301439369579 0.11568365029465263 0.11118081963474973 0.10608654845844488 0.1007068816772328 0.09526971091645993 0.08993794528242512 0.08482433347475604 0.0800039576879238 0.07552400584832263 0.07141132475045592 0.067678344486341 0.06432797141957894 0.06137818294096542 0.059199208604177406 0.05795975971212022 0.05965336351248547 0.06374306465768692 0.0686245591999416 0.07427758212532318 0.08074166991298434 0.08805700390765053 0.0962511529098448 0.10532628572267494 0.11524068924097272 0.12587848806004578
0.08284672374434583 0.08405860581505682 0.0856950968001832 0.08772231244050255 0.09010336508088292 0.092795794217385 0.09574843062560903 0.09889746290001639 0.10216147478897275 0.10543539594802355 0.10858396367835653 0.11143700334348317 0.11379216040099015 0.11543449795320412 0.1161802799874171 0.11581263806148213 0.1140543706156941 0.11110050480411682 0.10724315327092686 0.10278185779995842 0.09798069745854178 0.093052683731163 0.08816013403463091 0.08342156650095664 0.07892012203071179 0.07471151717479899 0.07083099434236587 0.06729942446685969 0.06412936854480028 0.0613362690804612 0.059267362639721016 0.05831919428504643 0.059817513507967116 0.06350560560638732 0.06811860173110823 0.0734996666282767 0.07964773579620453 0.08657638352055502 0.09428546711451988 0.10274272507644094 0.11186118756126917 0.12146581044130685
0.08247982767764644 0.08347045474059749 0.08486661820799589 0.08663041313507448 0.08872070956903422 0.09109071859849383 0.09368519187234309 0.0964372008001151 0.09926455790908771 0.10206624466053296 0.10471985163587241 0.10708214436669927 0.10899619579887648 0.11030876514094 0.11089817488224411 0.11061235994613847 0.10917118201283546 0.10669852596456841 0.10340906275687164 0.09953730245856487 0.09530472531743636 0.09090196975942394 0.08648308587977742 0.08216695864862904 0.07804214348976626 0.07417301639399887 0.07060647499800142 0.06737959964053226 0.06453055677112926 0.0621201679481932 0.06047974189653053 0.060138577800595755 0.06141220503866024 0.06428374192082256 0.06829056675939515 0.07316823293540786 0.07882123997400343 0.08520740368883525 0.09228511118662432 0.09998389551087268 0.10817830700602389 0.11665744096277092
0.08215971417691029 0.08290842067950456 0.08404517320247169 0.08552869693532425 0.08731465797482231 0.08935349976616741 0.0915881272060809 0.0939515089663865 0.09636441537497817 0.09873378069160986 0.10095260690806424 0.10290284278700504 0.1044629439933458 0.10552113177816261 0.10599297947331061 0.10578375529183034 0.1046185703349203 0.10256236331006474 0.09977781272141242 0.09645019220620506 0.09276348356248892 0.08888450154392312 0.08495517548320666 0.08109096413581277 0.07738315678472195 0.07390348946591731 0.0707104361365961 0.06785762138195947 0.06540633325872838 0.06344627353557725 0.06219556879640407 0.062038490908736504 0.06313004307571522 0.06546791570715875 0.0688723289985603 0.07316247774343869 0.07822051407868558 0.08396619535917367 0.09032239305309844 0.09718740703705901 0.10441066907184064 0.11176897547851702
0.08192872204218636 0.08241943464404237 0.08328328074491323 0.08447632920989985 0.08595206918977881 0.08765957524605807 0.08954169999934444 0.09153342671264901 0.09356064025350522 0.09553976055959976 0.09737890465188584 0.09898140075719261 0.10025235093071291 0.10110823339065443 0.10148814927731045 0.10134360563721165 0.1004270819215694 0.09874019969088293 0.09640942763696901 0.0935829406119667 0.09041350014303133 0.08704554004551329 0.08360753291580642 0.08020909246196517 0.07694167730244268 0.0738818901061409 0.0710968477396479 0.06865170688541732 0.06661992242791726 0.06509629548681828 0.0641140639057832 0.06394878861835605 0.06483719116626827 0.06676484234118095 0.0696406427344761 0.07334780415448845 0.07778036226754591 0.08284430208285977 0.08844190183692834 0.0944527619955103 0.10071557136451163 0.10701219794262232
0.08183089407274892 0.08205128025668111 0.08263316532938716 0.08353062662352609 0.08469585785335061 0.08607766077596696 0.08762009083092634 0.08926140327574636 0.09093353422608035 0.09256245472527695 0.09406982038959105 0.09537632856030026 0.09640697705566197 0.09709790310131121 0.09740372710391561 0.0973026556818091 0.09661448022870049 0.09526035364839482 0.09334073406352833 0.09097564552430443 0.08829242300632562 0.08541563546515626 0.08246036942258039 0.07952898495506631 0.07671087444809693 0.07408462350963246 0.07172210710501568 0.0696942263438472 0.06807787775872207 0.06693493536660662 0.0661416581884318 0.06587783024893294 0.06652995411698989 0.06808707551258578 0.07048461248334807 0.07363667310381734 0.07745101158932859 0.08183212385864835 0.08667430925272013 0.0918503530349784 0.09719987736068195 0.10252031190405074
0.08183015920818293 0.08185197923945067 0.08214607107160678 0.08274638240892163 0.08360448444490576 0.08466966401231822 0.08588793112506038 0.087201387881147 0.08854814355162295 0.08986300618188332 0.09107919133052762 0.09213121890002814 0.09295897239384367 0.0935125594377761 0.09375721268538267 0.09367718739708195 0.09319191944300521 0.09214062685935047 0.09059564506346021 0.08865543936953812 0.08642680564828507 0.08401717528380644 0.08152903959149829 0.07905684189767372 0.0766862145150081 0.07449521303723396 0.07255713701349448 0.07094447146567422 0.06973024318373212 0.06881537151245531 0.06816616935973094 0.06785289616179316 0.06823325014068754 0.06942561269255881 0.07137050120907339 0.07399401758522064 0.0772122717237865 0.08093216314623487 0.0850475462192068 0.08943273223846403 0.09393591579904408 0.09837509857822328
0.08183015920818293 0.08183015920818293 0.08187211400591331 0.08217584891254913 0.0827322142220766 0.08349142860157611 0.0844018009828334 0.08540937323316479 0.08645806527590649 0.08749046639625206 0.0884493940984937 0.08928026377142172 0.08993416367162357 0.09037132226262949 0.09056444501127447 0.09050128129390772 0.09016737562846856 0.08939368138710609 0.08819157152584312 0.08664288814969873 0.08483789814211198 0.08286949401705551 0.08082871941264129 0.07880200994610596 0.07687018776226019 0.07510901679163913 0.0735909870358745 0.0723878734722168 0.07144340326813216 0.07067706380125383 0.07014028897729065 0.06987411925725862 0.06998626228190372 0.07080537089613502 0.07230814748151398 0.07442358576506142 0.07707167446546623 0.08016235018723364 0.08359274651611667 0.0872434288798115 0.09097511070851746 0.0946276370878267
0.08183015920818293 0.08183015920818293 0.08183015920818293 0.08186921705932151 0.08212989884878874 0.0825939629584804 0.08321206146449485 0.0839339585334648 0.0847087685772968 0.08548571334915643 0.08621544766360863 0.08685193583631566 0.08735475678935013 0.08769159048017947 0.0878405285575697 0.08779180797268964 0.08754862780503694 0.08703006621634563 0.08614323782849743 0.08495603052020233 0.08354546883651973 0.08199227687506058 0.08037737164263196 0.07877952898713189 0.07727432475485457 0.07593425505349495 0.07482979437448924 0.07391892660875386 0.07312091892198622 0.07247933294719193 0.07203363463579288 0.07181387490083169 0.07183576820255687 0.07226959774290162 0.07333230756337582 0.07495457585166984 0.07705762516015559 0.07955416176178265 0.08234611245073228 0.08532237443035984 0.08835743903103375 0.09131200130147427
