_KRIGING/CROSS_VALIDATION_CLASSIC_80-20/MHZ/GZ/train_4/MHZ_GZ_4_train_z_710.asc
ncols 100
nrows 74
xllcorner 5.5967023332191781
yllcorner 50.982320383219182
cellsize 0.00019249356164376555
nodata_value 1.7014100000000001E+038
[rows 54 to 71 of 74, columns 41 to 81 of 100]
0.059820154591640813 0.059589290084220363 0.060478903140509493 0.062920143106172069 0.067155240423340617 0.07314563054498277 0.080520606231198055 0.088585338070640923 0.096396397597172667 0.10289822100937204 0.10709864728611729 0.10824988165362032 0.10599664814201946 0.1004579023213497 0.092221794135032523 0.082252571184199333 0.071727981507137828 0.061841257036684798 0.053608875916691341 0.047722324313087199 0.0444701482322475 0.043739245722571561 0.045086389097771226 0.047856955693540107 0.051320849794480441 0.054796468955843294 0.05774097334192068 0.059796217059388521 0.060791167450641441 0.060710651144525056 0.059645180752643807 0.057737166256781103 0.055135873439242235 0.051968567825499731 0.04832996747895469 0.044287667375219199 0.039898287315853743 0.0352278904232508 0.030370490024465811 0.02545978972273185 0.020671236341678313
0.074118490475413648 0.072148731059943738 0.071395262094843953 0.072255992221077675 0.074917395583187024 0.079285624212082961 0.084957294954582596 0.091243694483534032 0.097252772256766901 0.10202081150138395 0.10467296241316389 0.10458239824373035 0.10149480701745014 0.095589876750895225 0.087463817244583991 0.07803402331137832 0.068384436826590844 0.059583427970192053 0.052511588668694036 0.047733350950841504 0.045434971362641706 0.045435436699397806 0.047260590188178679 0.050258344085132724 0.053726930362668929 0.057029421869067384 0.059674935604842425 0.061357363842920856 0.061953108795299874 0.061487553027930832 0.060084404875041998 0.057912406733791354 0.055141019261333593 0.051912009088403543 0.048328851447657556 0.044461666906693023 0.040362685028437831 0.036086107107544237 0.031706504936573801 0.027331145291227862 0.023103445531943829
0.087117865495693031 0.083198945433255289 0.080558987081335354 0.079570433720979522 0.080377757681656545 0.082850248910717822 0.086572692731652495 0.090882899771312559 0.094957143267421815 0.097934357417753415 0.09905981357851408 0.097821804747724783 0.094053162372396998 0.087974473846768236 0.080167087166587728 0.071478931555369551 0.062881129513812417 0.055304401028097756 0.049488418047138043 0.045873494161509869 0.044553427702201609 0.045293916036213966 0.047606576702563255 0.050857832182740891 0.054387056652756102 0.057609959874696942 0.060089966021397608 0.061569926779170371 0.061966138204288396 0.061334020392385613 0.05981867308011779 0.05760368554257627 0.05486883737752931 0.051762972571510073 0.048393708990256239 0.044831805010951062 0.04112552150989543 0.037319310385167032 0.033471421699290439 0.029666180406750502 0.026018346542931878
0.098103221022231457 0.092220576342873742 0.087643377678375781 0.084725166087841974 0.083581113572982951 0.08406021136078061 0.085752915765523421 0.088038949679949421 0.090173536074328695 0.091402338989309134 0.09108765847649114 0.08882326278031151 0.084514651231877097 0.078406492555371132 0.071048910820822403 0.063207080473453151 0.055731090424701861 0.049411957422752201 0.044852588282990116 0.042378609952298703 0.042004383557330008 0.043456809987793436 0.046247066455874994 0.049771262549787684 0.053417120893074092 0.056655545685704363 0.059102203835430148 0.060542860849882356 0.060924762843332578 0.060322837460932498 0.058892787006517351 0.056823162222873515 0.054295952017425431 0.051461265755390513 0.048427521251089858 0.045265111144167709 0.042019310379272798 0.038727306387534015 0.035434486786870542 0.032206168953366338 0.029132443916839931
0.10654399279603706 0.098870214741850398 0.092490565810228853 0.087743883538985573 0.084726366964823746 0.083280251542425951 0.083015122561281587 0.083362951854598411 0.083662930581807765 0.08326618192570337 0.081644856164798968 0.078486695154455194 0.073756448162793378 0.067710238759624591 0.060857595760811241 0.053876587469990238 0.047497724096187521 0.042379322549267753 0.038998912143736769 0.037581422045782943 0.038076326286839858 0.040184899902868769 0.043428115645251286 0.047238079040371167 0.051052872431958891 0.054396513409837775 0.056931398039514032 0.058478212844240207 0.059005761011040818 0.058598740521709713 0.057414293727118169 0.055638054532291419 0.05344809548175708 0.050991648433100854 0.048375791292122994 0.045670268333659933 0.042918681235797618 0.040153530926176621 0.037410828535854694 0.034740923798191929 0.032213502189476058
0.11212632050969412 0.10298925286899509 0.095097616823186265 0.088776911974338124 0.084111663324700534 0.080947353963046281 0.078922002833735475 0.077525582162123907 0.076181717641028837 0.074341871595520748 0.071578452747108209 0.06766132150800809 0.062603117091184435 0.056663227222097927 0.050307577719729449 0.044130265229911279 0.038751265568021998 0.034709852346877318 0.032374418405620435 0.031885708524236098 0.033142944465760091 0.035832892310861862 0.039492988937672578 0.043593366200750626 0.047620301381954146 0.051145446596875116 0.053870230032493471 0.055641453308580259 0.056440536875955877 0.056353633482666345 0.055532152245371426 0.054153077242919498 0.052386393845995881 0.050373844220162549 0.048220029214152235 0.045994252704278343 0.043739840249964836 0.041487019086553951 0.039265661130846626 0.037114996987813925 0.03508852709432693
0.11476589068601523 0.1046004768014043 0.095597240496730226 0.088067046492224271 0.082086980962877892 0.07751228113514641 0.074014901483232226 0.071144755820270522 0.068406988746825992 0.065345825103703403 0.06162326393722227 0.05708003785835504 0.051767677405582614 0.04594454546307241 0.040034921433630438 0.034557421415476283 0.030035534240791931 0.026907111785943419 0.025450081356647718 0.025738189859113983 0.027634042088399924 0.030818698163053257 0.034849647420425317 0.039233853946614453 0.043500832647218775 0.047262462258405913 0.050250668216338987 0.052329826215923136 0.053486227569207435 0.053800986660722638 0.053414706358943159 0.052492032880359946 0.051192421541483631 0.049650763446273886 0.047968766714822322 0.046215736914093503 0.044435976701629035 0.042659474369680372 0.040912734371314666 0.039227287035786741 0.037644357131392685
0.11459907202129797 0.10389166854075646 0.094233886952775028 0.085918658482767418 0.079017246676818031 0.073398108018365077 0.06876947230342495 0.064740223893580223 0.060891830277941032 0.056852379881554969 0.052362636356020696 0.047324005318064202 0.041820016680745489 0.036106570407846046 0.030571414455051765 0.025669156487403845 0.02184320100853275 0.019448996206775385 0.018692952186646537 0.019598199184969523 0.02200269187750032 0.02558841090861308 0.029934221652587099 0.034580779196457773 0.039094570930896196 0.043119814769287196 0.046410784300450578 0.048842035124657519 0.050398680303389821 0.051152282460836973 0.051229553778500768 0.05078087713398529 0.049954105431267208 0.048876811757281098 0.047647809242460919 0.0463368390425671 0.044990106150992602 0.043638867308505233 0.042308421937292534 0.041025425527911247 0.039822227178378994
0.11195289091095649 0.10118670358116857 0.091335616587326071 0.082670269565756696 0.075255837878701715 0.068975114206601934 0.063572546969669047 0.058712980369863756 0.054047645894318368 0.049279090004044936 0.04421637578872626 0.038812457174551729 0.033177477903550467 0.027565022909392368 0.022332735986947912 0.017883439458776643 0.0145968743243758 0.012764359474371115 0.012538342487349668 0.013905900082696293 0.016690355059221139 0.020579463872235686 0.025173467596481792 0.030042885118746109 0.034784950558865282 0.039069077917384516 0.042665074448624885 0.045452024258841026 0.047409748597978682 0.048597659100547003 0.049127201774183671 0.04913394074744877 0.048754010801684899 0.048107726635063505 0.047291132686602295 0.046374636858875745 0.045406823515744203 0.04442112207714307 0.043443114937984424 0.042496731709147043 0.041608218254462266
0.1072975929092231 0.096906410378787097 0.087282576165977732 0.078670023970441483 0.07112653056074851 0.064548759029722083 0.058715679306037841 0.053343796785042613 0.048146873656451074 0.042892516787642561 0.03744819078541986 0.031810127104604048 0.026110488686109087 0.020601080184634163 0.015615597765688952 0.011516262070512172 0.0086338153347304131 0.0072114481673605929 0.007362710861504411 0.0090508247872266925 0.012092573724626597 0.016185096110485839 0.020949561323659049 0.025982886403183733 0.03090789743680411 0.035413666011688348 0.039280640702752743 0.042388802190748143 0.044710488222991417 0.04629203438473023 0.047229574938688415 0.047644241719337607 0.047660890705729222 0.047392840602354699 0.046933399162331024 0.046353545122466443 0.045704223788535482 0.045021336321850951 0.044331571466201515 0.043657599319506815 0.043021668337241088
0.1011882509223119 0.091523240671194661 0.082473832480684628 0.074253658386712773 0.066911514283764406 0.060356592281094863 0.05439970278660302 0.048804014647906652 0.043338384354834385 0.037826371285921409 0.032184528655597004 0.026444648127452383 0.02075647620721266 0.01537003548557609 0.010599838903287584 0.0067764647190789937 0.0041934688174448884 0.0030587753016232469 0.0034590814978876158 0.0053434363148643846 0.0085284650635874398 0.012723545266966015 0.017570549859786962 0.022690395808105251 0.027728035628041388 0.032388702409554333 0.036460724304045893 0.039823342537247411 0.042440922805434683 0.04434712298541385 0.045623640568647407 0.046378104283732041 0.046724749847379371 0.046770123952517409 0.046604597539248199 0.04629925216632489 0.045906904218617949 0.045465683631328607 0.045003616992164104 0.044542957217458934 0.044103424168328784
0.094203438726427446 0.085515006188542741 0.077295212374315234 0.069725227066298967 0.062843607593938547 0.056570423185529475 0.050745171767491708 0.045172414798910404 0.039668764019752806 0.034105050301869035 0.028438135744133244 0.022727963510528922 0.017137172514709739 0.011912931731867533 0.0073533636834801561 0.0037635959600342966 0.0014085291106312806 0.00047028708836190092 0.0010176826744633452 0.0029928987143811106 0.0062173615011452479 0.010415172674342756 0.015249290877251312 0.020363618479935605 0.025423648096771646 0.030149352258079035 0.034336178322987333 0.03786272246252622 0.040686235390779604 0.042829023132470369 0.044359760476055332 0.045373721234727112 0.045975160907040916 0.046263899452653807 0.046326891712565224 0.046234512098319983 0.046040570881242436 0.045784754468381657 0.045496184914016601 0.045197021454216064 0.044905368282032766
0.086889027611127406 0.079323171098460987 0.072091232241291103 0.065341492438752632 0.059101702950623183 0.05330123447339085 0.047805007108252626 0.042453719754169401 0.037104684741096655 0.031667823269886708 0.02613202765981374 0.020578184020217855 0.015176735280223015 0.010169729374662179 0.0058396539605379966 0.0024696366951236712 0.00030130361151713136 -0.00050272440405436936 0.00011466465987048508 0.0020940294257501338 0.0052654173511993557 0.0093699708566171921 0.014092811938414745 0.019101150979249304 0.02408113138597013 0.02876781756038746 0.032964633265528134 0.036550928185305587 0.039478615797151027 0.041760519390601124 0.043453930746170322 0.044642911371369172 0.045422227981086485 0.045884799220789037 0.046113439335786814 0.046176753891396603 0.046128408568189193 0.046008687178158064 0.04584723394422921 0.045666050529172095 0.045482095044148928
0.079713724161528596 0.073320352587611742 0.067143936689209163 0.061301168279163175 0.05580924893879418 0.050605562758409217 0.045577298393558091 0.04059623942910541 0.035553752489719162 0.030391232243398861 0.025121857529311564 0.019840498036292335 0.014720028655737578 0.0099941304666241459 0.0059287139921601964 0.0027860686051404751 0.00078730408696699172 7.9211973109172273E-005 0.00071109951089944751 0.0026254619065249757 0.0056638692096175336 0.0095866836455874085 0.014102804103863852 0.01890408283179966 0.023698672399835065 0.028238336608606238 0.03233641612962606 0.035875217045800718 0.038803586450226878 0.041126945712685423 0.042892842828016961 0.044175140495960954 0.045059426468182173 0.045631363632089056 0.045968749360928207 0.046137234960194423 0.046189088063132717 0.046164095815411803 0.046091668343905885 0.045993336463393972 0.045885062775538395
0.07304045114531954 0.067789984415779658 0.062660532122765233 0.057739961601332657 0.053035945829467475 0.048492947557144693 0.044017500428913704 0.039507740135216483 0.034882944001502783 0.030109008533543896 0.025216294545754303 0.020307122733788964 0.0155514421731313 0.011170788861551199 0.0074124474228765697 0.0045174414354438031 0.0026872426439845318 0.0020545652768795761 0.0026630962031110664 0.0044595277525968993 0.0072990784062003725 0.010963269130817972 0.015186602749810936 0.019687428651120727 0.024197925735230566 0.028488803679809334 0.032385764560245223 0.035776584028249805 0.038609427003712136 0.040884349710781087 0.04264065705207612 0.043942859556801828 0.044867533767809546 0.045492645489003079 0.045890072351647465 0.046121343035523087 0.046236103549897989 0.046272557388125364 0.046259077212360486 0.046216288472676594 0.046159109360223043
0.06711470739325541 0.062918969210316533 0.058770343798169186 0.054731686998111456 0.050802738623214695 0.046934422427173363 0.043049968659745551 0.039069526172833789 0.034934721600433392 0.030629722737175971 0.026195754730279019 0.021736729613205941 0.017414711623077124 0.013435321611771592 0.010024744993262301 0.0074014972514650848 0.0057472007803128083 0.0051810399155452977 0.0057421118975588062 0.0073826004497954401 0.0099728004112009036 0.013316916737356313 0.017176711317747777 0.021298874691325083 0.025441684563277389 0.029397082423645478 0.033005546528767062 0.036162719337273962 0.038818281849179744 0.040968744659900087 0.042646468709766162 0.04390731464282379 0.044818954373138681 0.045451242895675946 0.045869337323791386 0.046129622466085041 0.046278053806947245 0.046350288857464492 0.046372923524900245 0.046365228627065685 0.046340932371902344
0.062068288026803919 0.058802086943508754 0.05553020326241865 0.052294860186718049 0.049089780561659024 0.045871956032021245 0.042578941294228151 0.039148997391524575 0.035541186143856603 0.031752549814617718 0.027829796724730169 0.023873488609095675 0.020033617341346607 0.016496638499103773 0.013465373401646961 0.011134478543811867 0.009665134542853504 0.0091629684510443205 0.0096628415584469399 0.011123026508786292 0.013429664144016751 0.016410575965739964 0.019855910004401074 0.02354205953114448 0.027255012871250081 0.030809773707799706 0.034063558921523143 0.036921840399952811 0.039337623465432611 0.04130537880028122 0.042851612491995164 0.04402414751802243 0.044881888116805504 0.045486299781293524 0.045895228754439715 0.046159142914023878 0.046319484472585618 0.046408610847980827 0.046450745163739295 0.046463417830194469 0.046459004014137432
0.057934726611470894 0.05545536678435594 0.052936230872901849 0.050403393272572081 0.04784654025808812 0.045228453644154391 0.042498896150602428 0.039610800842717335 0.036536441440453697 0.033281237942439278 0.029893047559857437 0.026465242223743093 0.023132608397151991 0.020060097233738097 0.017425594791464709 0.015398981161748426 0.014120565158741528 0.013682296723864409 0.014114841935258034 0.015382668981713948 0.017387908221917978 0.019982207328805353 0.022984441205437224 0.026201248037960229 0.029447116443312361 0.032561150224947072 0.03541853925870378 0.037935918498006621 0.040070926635600732 0.041817152834784196 0.04319615158146059 0.044248291059513147 0.045023952748640371 0.045576148295494133 0.045955104997580633 0.046204909960784635 0.046361966978217171 0.046454833336607028 0.046504951686755787 0.046527838010858795 0.046534387272798086
