_KRIGING/CROSS_VALIDATION_CLASSIC_80-20/MHZ/GZ/train_4/MHZ_GZ_4_train_z_180.asc
ncols 100
nrows 74
xllcorner 5.5967023332191781
yllcorner 50.982320383219182
cellsize 0.00019249356164376555
nodata_value 1.7014100000000001E+038
[rows 0 to 18 of 74, columns 0 to 42 of 100]
41.598547590046678 41.595531910654884 41.57347390529057 41.520870069277322 41.423733682555067 41.26664430775962 41.034605508754929 40.715681232714871 40.304177317732794 39.803907365307211 39.230888884840809 38.614724401314263 37.997993385819349 37.433243966730139 36.977608241499716 36.685594854384988 36.601114949860538 36.750133828685676 37.135395866850047 37.734393158705444 38.501174937606834 39.371846659067991 40.272862103334006 41.130652775413211 41.880903048611842 42.475917158236157 42.888986521361709 43.115323234650162 43.169808813525833 43.082357538263579 42.892004595109661 42.640867591678919 42.368933917311466 42.11028238072759 41.890959280370453 41.728387831480624 41.631955227257748 41.604315213524835 41.642954869432948 41.741670198537818 41.891735771165472 42.082700633528106 42.302865819286545
41.651184513799265 41.670109541677846 41.676888975141537 41.661377422555404 41.610993203417706 41.511724527828981 41.349938051939873 41.114953906215462 40.802141980145777 40.41606375493658 39.972992324741632 39.502060981415994 39.044378650080766 38.649735846159494 38.370982255568194 38.256702354998453 38.343318786272825 38.648070620722869 39.164330295626563 39.860393466992065 40.68224764738823 41.56003385523551 42.417150726748247 43.180403853076655 43.789410723735365 44.203674985378491 44.406279176351653 44.403866377267796 44.223305404186171 43.905995184162187 43.501055727127635 43.058650046779178 42.62443280830994 42.235725882010485 41.919591507149022 41.692607033842641 41.561901813817798 41.526916224846211 41.581370033396141 41.715045779939942 41.915158110539174 42.167250008020368 42.455698435145216
41.708500194517782 41.752224575297902 41.792000828487446 41.819453369639561 41.823868740826747 41.793128360917393 41.715420051488024 41.581686345395497 41.388556731356942 41.141281704881621 40.85600077603587 40.560606076186602 40.293567991723634 40.100393507975582 40.027860880402883 40.116725210508342 40.394082939621306 40.866872784922599 41.517963653225898 42.305898821909892 43.168689188953017 44.031225002219692 44.81510543477642 45.449164025914193 45.878827977995527 46.072721248795702 46.02552666327648 45.756899383185818 45.30697886578475 44.729608337955568 44.084636554995456 43.430629135792636 42.819016631973781 42.290262886550344 41.872171028552152 41.580055943799408 41.418261900552167 41.38240927841926 41.461796625752946 41.641523535712359 41.904088410199144 42.23040811806154 42.600367580028148
41.766743122260991 41.836654144583875 41.911625586285226 41.98534403870751 42.049296709097973 42.093606010926266 42.10860419567733 42.087100523068344 42.027084674554288 41.934386149077852 41.824633244026757 41.723798470201039 41.66673812414048 41.693452650375278 41.843275397461554 42.14774446076661 42.623386388573657 43.265895154115405 44.04711691545576 44.915821769218326 45.802528289161941 46.627804288758561 47.312705251459526 47.789526352306758 48.010961334495455 47.956100509276446 47.632367847374304 47.073319131768535 46.332997217403907 45.47809452096346 44.579408469435357 43.703984671046413 42.908995784336895 42.23791926981891 41.719080660259124 41.366222841808693 41.180505917174791 41.153251463592881 41.268798659982508 41.506995832189752 41.845059947693137 42.258751335093905 42.722992214505588
41.821326135355747 41.917037585685236 42.027031571072811 42.147198558590361 42.2713933782927 42.392154790012299 42.502115085193168 42.596047515612987 42.673295768797736 42.74011451979527 42.81128634559041 42.910338330503016 43.067816979804995 43.317408840237178 43.690175827746494 44.207708892956177 44.875450791110289 45.677654209029626 46.575323599408883 47.508018221091213 48.399650661791377 49.167566952613718 49.733452208605037 50.034163199270758 50.030564453722754 49.712844185652138 49.101504954507526 48.244077481903709 47.208387764243007 46.073746987607365 44.921638536402078 43.827347072664864 42.853590184070086 42.04669703356678 41.435359606334821 41.031562604778053 40.833036162502459 40.826484837061422 40.990905384940518 41.300472595614586 41.726697305922848 42.239795249240977 42.809407584362177
41.867103367340718 41.986313791481855 42.12859839486071 42.292026232119809 42.472802859649192 42.665867751638672 42.866125241254913 43.07025293889788 43.278835718625999 43.498369543560401 43.742529866948665 44.032072251272581 44.392880141174267 44.852008372079617 45.432046363004737 46.144639993257528 46.984426120085537 47.924808769490646 48.916847069600927 49.892021669091527 50.768887767184118 51.462781622226295 51.897034557496291 52.013752299695831 51.782246397162886 51.203653910351029 50.311036178570994 49.16511739802548 47.846601867913115 46.446528795719907 45.056300393692055 43.758860470334774 42.622091099530707 41.694960049099421 41.00641971034387 40.566629337421801 40.369803095830285 40.397889968340792 40.624348003616227 41.017445012675559 41.54275270647446 42.164752840072417 42.847697385190536
41.898693904516009 42.037230576713462 42.206582166015082 42.406804415775497 42.636252435404877 42.892059663205238 43.171192654891058 43.472022514693684 43.79616727429174 44.150168659868633 44.546432144318224 45.0028461517457 45.540652713227679 46.180475574461035 46.936875053623218 47.812289200176743 48.79160095363013 49.838707310642242 50.896273115709455 51.889327153972566 52.732597047251808 53.340656592078368 53.63928237337911 53.576066135249398 53.128403663595641 52.307465573942928 51.157528664707563 49.750917141520326 48.179567415322531 46.544728776023838 44.946467265061109 43.474464699548292 42.201185160500899 41.17794147868522 40.433858773888012 39.977297224994516 39.799016870246973 39.876257883510526 40.176954340299737 40.663463105923945 41.295427917780962 42.031664204860924 42.831195134838254
41.910807332420788 42.062856262501583 42.251882345031362 42.47958574530503 42.74610200796684 43.050377341156164 43.391066365742745 43.767890301392441 44.183217036759757 44.643447121614265 45.159669964109298 45.747054102567091 46.422598049727448 47.2011978389259 48.090434303484876 49.084945572228811 50.161595591349574 51.276751213358018 52.366761114491091 53.352194911519824 54.145649313848544 54.662133132207266 54.830405814660089 54.60333558912081 53.96545131864827 52.936365151559819 51.569516775700102 49.946546358692764 48.168345650097045 46.344314297528079 44.581490293185531 42.975045613509224 41.601224677827126 40.513272713084696 39.740371097280608 39.289158448466317 39.147123237970348 39.287023673537995 39.671513799603979 40.257303592831278 40.99841650434103 41.84838422942628 42.761485071280433
41.898534625182201 42.057032912055178 42.256716291621132 42.500465795167216 42.789689893635448 43.12462141370176 43.505093381843167 43.931728538780646 44.407310257422786 44.937938036980086 45.53346471600684 46.206722943593299 46.971214695658297 47.837260247789196 48.807031137345824 49.869325718857318 50.99525886381759 52.136110635775601 53.224343078003933 54.178260659745895 54.910058483660272 55.336241851918722 55.388803678218359 55.025272403138324 54.235871283647249 53.046533818879489 51.517276949121573 49.736262481503935 47.810591824882984 45.85533840262309 43.982461006723305 42.291075786358036 40.860172872435385 39.744355043001917 38.972658672168485 38.550076733136606 38.461092969388666 38.674378197770586 39.147793067514534 39.832968184294494 40.678960287428893 41.634768010126464 42.650779163085538
41.857587569516539 42.014736153437447 42.215140845780056 42.462316120152764 42.758335260690856 43.10408353575086 43.49996185251814 43.946971117419352 44.447948376922575 45.008572409952698 45.637662375053949 46.346312479718954 47.145573736209762 48.042708210882985 49.036450434686635 50.112118271661991 51.237700707337645 52.362102192106484 53.416480390902002 54.319091524753681 54.98335375227709 55.328116284246995 55.288562064809845 54.825923670468661 53.934326417312242 52.643561315073562 51.017315886215464 49.147182481722758 47.143447905392769 45.124113868121583 43.203744273032342 41.483595516278271 40.044129048073472 38.940528464975557 38.201343841884906 37.829943091482484 37.808117688935504 38.100997751720946 38.662388850584385 39.43974245767577 40.378188947205004 41.423354398739043 42.522993052719634
41.784495954796085 41.932341573320798 42.123407511166242 42.361251171370995 42.647942646199752 42.984316331687509 43.370664603308896 43.807796901775774 44.298233411787763 44.84715754628926 45.462667056446129 46.154890342364354 46.933703909975485 47.805093748510096 48.766596275969526 49.802640127701629 50.880873830339574 51.950603290177334 52.944221314349114 53.782006555925456 54.379997124931784 54.659958479744752 54.559936833790893 54.04365642137271 53.107146299664286 51.781442559060913 50.130895307582911 48.247358910508815 46.241198483632978 44.230484043221075 42.329907567144318 40.640854754785551 39.243749880572061 38.193352036385569 37.517200326671812 37.216958180619521 37.272048953822129 37.64474465922661 38.285788477877851 39.139703199677221 40.149144317506405 41.257957212584301 42.412931344296872
41.676795819369602 41.807831464688036 41.980184856116935 42.196862348657788 42.459242046533227 42.767371441010752 43.120723231566274 43.519322303184872 43.965003573210737 44.462420211671443 45.019344380507917 45.645835711654414 46.352024278466352 47.144557168559039 48.022139366143456 48.970970085425002 49.961125828480597 50.944974678764886 51.858471894955194 52.625703284975806 53.166401851367034 53.405510031637 53.283354530626632 52.764772364587124 51.84563604133951 50.555648588390063 48.956915758129121 47.138509249519863 45.207864053954211 43.280291513008279 41.468078972797514 39.870586293041903 38.566482971430766 37.608866239495477 37.023535722689765 36.810244515491966 36.946359986795876 37.392098524078222 38.096380456599704 39.002398577240953 40.052194050912654 41.189845812857101 42.363237046194236
41.53325473881894 41.64099614218194 41.786712943475678 41.972298178357434 42.197762894907953 42.461630337685861 42.761832940042908 43.097010126647305 43.467947379569971 43.87875707275392 44.337328405751819 44.854612747794249 45.442486869246167 46.110239743990611 46.860106573869338 47.682637823971184 48.55293627314996 49.428829615525395 50.251822680036646 50.951210503998603 51.451118776512224 51.679608894002151 51.578491962979008 51.11226171043031 50.27463942283503 49.091605460340567 47.620382582801817 45.944505532728385 44.165723251677363 42.393926712731727 40.736515815894393 39.288602702321171 38.125226535797111 37.296382072422588 36.825208419270872 36.709214668795482 36.924002010039167 37.428636595804562 38.171679270724013 39.096909865585324 40.147986331520364 41.27160864258849 42.419140552533257
41.354173835477098 41.433681340549853 41.546957468118975 41.69428034856584 41.873661490934481 42.081387275700294 42.313139571105609 42.565572997844612 42.83805838672847 43.134157129884379 43.462319209629236 43.835342861140383 44.268318584768835 44.775091676079938 45.363661586769247 46.031304824005986 46.760457635621158 47.516436466844887 48.24786277329347 48.890212412674934 49.372312367145405 49.624990218838896 49.590589056592968 49.231810395187644 48.538399835841837 47.530531393971593 46.258297901629653 44.797357145192969 43.241388950080243 41.692481463867665 40.25081962571047 39.005074097842233 38.024702206135458 37.355018813545684 37.015436908145894 37.000786855019321 37.285174713860535 37.827504321644376 38.577620596727392 39.482061042593372 40.488619535529281 41.549281597503906 42.621501372029741
41.141777923506936 41.190103637586716 41.267801076314683 41.373115099664467 41.501491592360196 41.646314353574681 41.800331198585226 41.957620224426272 42.115761970863169 42.277727891224735 42.452922002547588 42.656864870067359 42.909207608787774 43.230092253641253 43.635276536706044 44.130825352880095 44.708434361690131 45.342504838093333 45.989888232362588 46.59278150621207 47.084661780475351 47.398529005054449 47.476219625329541 47.277279821796974 46.785906297553204 46.014769209431435 45.005055716522634 43.822702344644746 42.551396750900892 41.283417114180544 40.109666980025871 39.110322627595956 38.347345266477816 37.859759720939415 37.662126714910194 37.746115702207014 38.084605319906856 38.637381066419863 39.357328373689562 40.19606402339101 41.108195979627027 42.053792310462228 42.999081362980057
40.900658808642504 40.917204111385658 40.959251885912259 41.022695465783499 41.099935883898269 41.18085647893308 41.254631118938349 41.312184190414349 41.348910961859218 41.367095455207014 41.37738505800835 41.398741905314317 41.4565092706966 41.578586905059773 41.790140545064332 42.107682741912484 42.533647817429468 43.052652846980308 43.630443460536796 44.216085124658015 44.747358653995917 45.158680693627332 45.390338000999051 45.397518464259306 45.157609345413263 44.674514320226422 43.979252151614105 43.126734045729293 42.189250341011828 41.247717054318429 40.382055767500049 39.662162956142318 39.140765029704291 38.849088608098988 38.795768599878663 38.968858489033998 39.340297101609437 39.8718173830067 40.521124360113454 41.247249169355321 42.014280488134695 42.793111884227507 43.561318396677784
40.638183224675799 40.62494993304837 40.634580822626312 40.660412000485444 40.691426287805683 40.713498894541118 40.711653954040273 40.673111458062166 40.590663438806992 40.465725202888343 40.310322726294707 40.147348263448478 40.008660147440949 39.930995205571939 39.950134764804758 40.094215971806072 40.377396175012919 40.795164980751125 41.322408692649589 41.914882395101891 42.51411893227575 43.055132419889624 43.475703619816358 43.725691486398333 43.77477369517927 43.617285409115574 43.273340618388779 42.786076813936738 42.215532786747474 41.63022811180717 41.09786617720566 40.676676392228451 40.408737860691822 40.316224041081973 40.400952319318066 40.647017983311123 41.025753446573063 41.501884867011491 42.039630942700178 42.607623366856792 43.181887679944239 43.746618079605582 44.292990570098077
40.364732466292082 40.326443759865001 40.310243308377025 40.306825818285844 40.301507204566335 40.275762561920601 40.209981128878319 40.087174431278804 39.897095950596757 39.640011374619078 39.32926498374615 38.991870415929341 38.666629114542665 38.399717508734291 38.238207875670078 38.222486790059932 38.378887759564861 38.713960573009246 39.211608579488299 39.833854375897189 40.525330969425248 41.220876760729055 41.85499381451632 42.371544822865566 42.731997456702729 42.920787661366901 42.94690805963603 42.841522613307902 42.652125735018465 42.434366914116318 42.243041696024704 42.123842542753408 42.107258625281453 42.20555631608925 42.413153297021701 42.710041465749761 43.0673489757868 43.453773995081754 43.841543083234953 44.21075512181686 44.551411512811818 44.862995607585397 45.152013344789729
40.093622911699612 40.037682013787801 40.005420892409219 39.984935941604952 39.957770646598874 39.900752091195741 39.789272770024489 39.601707495252406 39.324335695035437 38.955890390907207 38.510751389465632 38.019895923595556 37.529030244136422 37.093814988485889 36.772679663810692 36.618275315991433 36.669007958762236 36.94222067126983 37.430395534851819 38.10124667294361 38.901864734431292 39.766297415518665 40.625276112726155 41.416371700193132 42.09277457422602 42.629162944519535 43.023690363817515 43.29586996430794 43.480907376837862 43.62168452286339 43.75999856727978 43.928741206913934 44.146453216134283 44.415162528692115 44.721720789062665 45.042137476002857 45.347822383539942 45.612309885754733 45.817020084738594 45.954907876185892 46.031383402112503 46.062524239083416 46.071188024598563
