_RESULTS/CROSS_VALIDATION_POSTPROCESSED_CLR/MHZ/IZ/7comp/1/MHZ_IZ_z_355_kriged_reverse_7comp_spherical_1.asc
ncols 100
nrows 81
xllcorner 5.5967107548124995
yllcorner 50.982328804812504
cellsize 0.00017565037499993607
nodata_value 1.7014100000000001E+038
[rows 38 to 56 of 81, columns 44 to 87 of 100]
3.8449465057852854 3.836859737431049 3.8061411758858106 3.7624104509445604 3.706427282351677 3.633484465772209 3.541458864553259 3.4290548474963205 3.2991419080166478 3.169664614321977 3.0869745387529335 3.062365439759837 3.1084442600877478 3.2287874489177137 3.379527403150441 3.514170251790148 3.6328061600427777 3.735517514978743 3.8223485113958673 3.8934036892847237 3.9480424663273306 3.9846799199365095 4.008638113514191 4.0187258749861305 3.999533016583802 3.9293510655669452 3.813933173231161 3.682613982225415 3.5618737474620867 3.454279702504848 3.3887389978215547 3.3863883601813525 3.442681814384091 3.545151596194758 3.67351911042679 3.8000072845748454 3.920394059590593 4.029061285507461 4.120551684087814 4.189690297657906 4.234254172236427 4.256354798416266 4.259699785383059 4.2162755027592524
3.80504532410149 3.7940792383567556 3.756968349541906 3.7027290003686675 3.6382316317260486 3.5598192155714927 3.4610329758849345 3.3327320788394843 3.1774433109025835 3.029963163134469 2.9381892399740344 2.9101105505911993 2.951356751182809 3.070930171988159 3.2258076767004775 3.3750093890772663 3.5154122646856956 3.6469976028164317 3.7704820743418606 3.8837526399766555 3.9870218421511634 4.089588036040202 4.186456624484586 4.273828895791932 4.326426040046495 4.304626771180457 4.188001285765283 4.012312652356273 3.828344586560096 3.67933826776945 3.5932133620796973 3.5728002454222967 3.614170298954053 3.704746495125288 3.82444629650693 3.9479072014128005 4.059212614399607 4.154900970824562 4.227721499437285 4.2713170412846715 4.28490912952005 4.272520842526966 4.2401523249233595 4.168428819148297
3.751706777817317 3.7369877668848006 3.695668142806497 3.6310546411306723 3.5553730836032 3.4687022460631423 3.367018187863141 3.2242386818966695 3.0324702944016524 2.862363085412737 2.757504632442076 2.7240902171727117 2.7670002319520806 2.8799861697625895 3.0300502007228536 3.203673696800432 3.3799433377642876 3.553831713871019 3.721016753998479 3.8801849640771646 4.044842633875735 4.213657237771864 4.384972163502582 4.555700063047386 4.69150379759965 4.716807384385469 4.569560083185888 4.312953324633294 4.056852332120197 3.860123579040775 3.754331182129896 3.7295974966066288 3.773299510608379 3.8633661196441427 3.9770454054740876 4.094063017613759 4.197028960665145 4.285734478449214 4.345076953532306 4.3639989080743185 4.3448650742457415 4.296446799907319 4.228250305896077 4.1294001128913935
3.688694270515432 3.6691631880496867 3.6219206724752993 3.5466738192724208 3.4519068732155684 3.347366189375812 3.232046426926635 3.07277130773657 2.850520884094781 2.661652364772133 2.542714055448628 2.501078931933666 2.5441309906939327 2.6630556737140116 2.8305725048658097 3.037975291592777 3.2569022891444943 3.473968237834582 3.683331095368201 3.8964397264508053 4.116427438838667 4.336777311244366 4.565073427978383 4.807838010070918 5.049012192456453 5.175485903454176 4.937231967312605 4.555623696121145 4.217847339840512 3.9758508875225274 3.863423249806016 3.850771701096666 3.90743389794735 4.008156505387917 4.130123401575241 4.253209462496937 4.3582011000870775 4.436599081354922 4.476522133965668 4.4634646771360735 4.405110660729852 4.317833373193386 4.214195973800905 4.0949703100495976
3.6202457429621777 3.5949050119095536 3.537998740586707 3.448207976410366 3.3302493907912645 3.1967586906368552 3.0434195628530256 2.854263512529078 2.6314043139165486 2.43059290214013 2.296371754406345 2.248891027410491 2.308851989028202 2.4446564362406216 2.637697628599218 2.8772621393206435 3.1450358080473793 3.408025807723424 3.660329316458182 3.9107965290062836 4.1575908872357985 4.4005218666611565 4.651209184134617 4.918854285470925 5.207157248813894 5.492343904475975 5.082150428179693 4.609689975327487 4.237609741676275 3.9919366048355585 3.8893149510769245 3.9132984112679132 4.0122243386065755 4.140369423625691 4.281435913542817 4.419015347945507 4.539729648376016 4.626748131336862 4.653699688120975 4.593692022859493 4.4780595675339985 4.3414103710189185 4.20163957278208 4.074791295990366
3.5503070345166465 3.5168068952696614 3.446922349665416 3.3412335990469595 3.2008209681278905 3.0371889213217678 2.851744700443228 2.638484997597799 2.4018649480433156 2.183317321081123 2.039937557755753 1.9999776784415326 2.072856875376257 2.2267996666697556 2.450840392531232 2.727222211573007 3.0294628058774875 3.3265228539631453 3.613484234454626 3.8891206286186693 4.15057471027281 4.396301648755178 4.635061718602116 4.864512210998171 5.056667219525265 5.100407448057477 4.840030973909395 4.4296059154462615 4.068435653964361 3.8568694420421377 3.8180244915833903 3.9104336001109683 4.069989930717767 4.25792812643521 4.432126541380051 4.583881155802528 4.7207595062205865 4.836170180975308 4.880107431924136 4.742598333916888 4.561202282108147 4.380182210736819 4.225658527516565 4.094350865147794
3.4821086026429344 3.438319649714236 3.3558290460593576 3.234863438147311 3.075188964294902 2.8857208743525677 2.6735850114884965 2.438718026291694 2.18329159267274 1.9536091287571031 1.8077909394679146 1.7629657205950122 1.8373245936909028 2.0115645576458188 2.276883432859158 2.5865836584952566 2.901154726407217 3.214189630245656 3.529519416092014 3.8242658965577365 4.0915926936444835 4.326920890373096 4.533710178695495 4.699794020235722 4.787234431080121 4.727986937256377 4.479056538587622 4.09998298067574 3.7341695960500196 3.575142235243079 3.661600122604987 3.8699977511747083 4.1081825676245405 4.345894966387198 4.564635325708936 4.740808590341182 4.874836275901195 4.9810740541793646 5.0150119282364365 4.838496021317052 4.627073662197599 4.43764812362209 4.282999942779412 4.150450245951651
3.4183269595645838 3.3651646896669645 3.271474060815971 3.1373058721722336 2.9623623166467885 2.752720958625918 2.519733197121889 2.265174393338815 2.0043011964338433 1.7750223282228677 1.6186767256878078 1.5516651920619777 1.6055391038944449 1.803175360078455 2.1112555750363717 2.4507741372396294 2.7811777780805866 3.107504057890852 3.4265870004159806 3.7285445580058685 3.9947977391221987 4.213520625177884 4.3851307009447416 4.497724400979741 4.520243679449306 4.413968528812317 4.159637474660822 3.7745467257689422 3.322203947898431 3.2026842023213815 3.5123836058503177 3.8445376975347543 4.150546270881282 4.4212059695153885 4.659479143277063 4.856732194831526 4.989246636578718 5.045903156945623 5.012614169489495 4.87334289402933 4.688866880791317 4.512366683372847 4.363621830688395 4.225246285836048
3.3632779081293775 3.3022539033717493 3.1994671594331483 3.055000501972563 2.8687402568499816 2.6452359343454814 2.397889328801322 2.1356968019350893 1.8890862301974634 1.6666236757883623 1.5030401927070232 1.4059193480471204 1.3916425360796834 1.601556988336898 1.9831328999985993 2.3551889593058535 2.6989110751411562 3.030538438351753 3.343869094226522 3.6300978732342633 3.879939641405522 4.081335200068848 4.224270431284936 4.302370391991844 4.29425731745268 4.180082559351331 3.9529467665665363 3.6245564683243114 3.2463748648993414 3.190700762474527 3.5394199373909414 3.902740691946539 4.228986427991542 4.503198960804592 4.730083619811371 4.915662722014616 5.03736170834563 5.073273044851613 5.0196762325170345 4.901676063602621 4.746536448481945 4.584815771750099 4.442773783051977 4.298148114395495
3.320424623802671 3.253355920884569 3.1439428329699837 2.992440995188861 2.799046785464789 2.567781042101607 2.31402971498121 2.0689109265164394 1.8453075442736202 1.6437233547823518 1.494633666260234 1.4093984826395447 1.3762610121741288 1.58252187347866 1.972764028260243 2.337601552891842 2.6756243085166656 2.9992648931338257 3.2989743053252676 3.5649327015239387 3.7874646967328847 3.9571094640520954 4.070539730658311 4.127948541170747 4.112713308780574 4.019256105706885 3.855563400782836 3.652284913925148 3.490884613176133 3.5165734896711602 3.7449301014985044 4.053038805433813 4.351582268081742 4.599413681672045 4.790617694564188 4.935633829915769 5.0421501620672045 5.080177652210585 5.041729794603596 4.934815772835551 4.8004686388414575 4.659880137084645 4.523032020813858 4.370712405274707
3.291211074245061 3.219669992213213 3.106125234285393 2.951117758491221 2.7551291446386283 2.522217273715377 2.279953494415172 2.0626412925108735 1.8718710481968 1.7091761148513722 1.596642287322151 1.5636442349861883 1.6182637581852943 1.8019656168738865 2.094257240646404 2.407233045231714 2.7180816273494988 3.0213191353213826 3.300922054957058 3.5437492819273566 3.73885458244064 3.877841394437731 3.9583658335305536 3.9883198577047785 3.966422510478936 3.8993539762198726 3.8038926573030243 3.7141082356600275 3.685630437286457 3.7733882614724723 3.974688109464735 4.2435352468802865 4.5030074451757205 4.707262601452822 4.851272037391424 4.955426340654788 5.035870788672938 5.077153222797682 5.055786130696146 4.97291981380108 4.851856806716457 4.729773591105129 4.600582603790095 4.443184917161783
3.2684720969713297 3.1938498314531243 3.0785426562216114 2.92338867609884 2.7292342828033194 2.502070592297172 2.289003097724772 2.1071872723789458 1.9574992622232519 1.8434844299182387 1.777286029146401 1.7759670696234617 1.8651309107235816 2.038837601892899 2.2755267019499437 2.5389548979337504 2.8170929801633897 3.095112991721514 3.3523318886641267 3.5714258102280247 3.739292778462648 3.8480828097089406 3.896707230041043 3.8977376998373243 3.864166180310072 3.8117493836035092 3.7628974374067927 3.747376200162493 3.7993409648016288 3.942673519539172 4.171355099977969 4.452160225143219 4.6936438470273085 4.838418300020247 4.918096731082692 4.971836830809542 5.018994966654564 5.058839509404132 5.054644338770439 5.000455420867636 4.900334820928663 4.791478281074704 4.660082867222972 4.500403372235181
3.25080833469359 3.174821649413989 3.059944479559749 2.9072656372988197 2.7180414219225333 2.507507328384558 2.327810461328051 2.1847026471775437 2.080169274033781 2.018849552591437 1.9931007436640356 2.004992034414655 2.0983905995068244 2.2633954702575325 2.470334378869575 2.701607012300422 2.9556503710953472 3.2131817511468124 3.4509874386963415 3.6487195488287494 3.7900417233028607 3.866489442195676 3.877888965830037 3.840905435916225 3.783853462357151 3.73007265386947 3.704458591150024 3.7323500965166088 3.8353749779697117 4.024845616100738 4.301992119935304 4.648092994098445 4.913782543001024 4.956765125683669 4.951623488200787 4.958446917645574 4.980801074175909 5.017421032132886 5.033835253583024 5.0088892688611 4.942211773548129 4.835468907003366 4.69827511646763 4.534414699575139
3.237936883716568 3.162101666713572 3.049483780662076 2.9014565752777477 2.7195881057289006 2.5340313959383183 2.388439592539906 2.284121332080487 2.2233915553576864 2.2090615935398255 2.2128150733598586 2.2359396408982892 2.3202028531689307 2.4738316326037237 2.6638216543150093 2.8775485015397875 3.1179413902962905 3.3651711359372447 3.59202745799218 3.7740910016512133 3.890838492653594 3.929461828375884 3.8919075744827603 3.801997512325707 3.702609090033181 3.627617386307909 3.6036291514531595 3.6499066214365508 3.7778321623701743 3.9900517265387903 4.294954540635107 4.694116508165892 5.048008526540998 4.951499641100828 4.898110444482619 4.886821921603992 4.9057523761380555 4.947488413744381 4.990526933891029 4.997697178149483 4.961718290411072 4.855886855772358 4.712000784797217 4.542964722672338
3.228655164106522 3.1542289269475763 3.045405740313815 2.90375790166949 2.731643201169538 2.5753491908825112 2.463161689411044 2.396021364592338 2.3759587396018675 2.396197441150637 2.4225052272947956 2.461093117704912 2.531082232819722 2.6668788201382716 2.847922114419756 3.058732247416534 3.2970575085934564 3.5434079739068722 3.7704998443398274 3.948534993495539 4.045669790903791 4.038593100964943 3.9337924884719437 3.769669136704181 3.6033089817159607 3.4854706161493714 3.4436709020579657 3.489425304872722 3.6216344792709174 3.830928899190538 4.116708520150578 4.439598799591501 4.676690308299627 4.734462693023309 4.736002601469012 4.749370819940332 4.788044946773101 4.8509937745769625 4.924702880379192 4.965432133913301 4.945875554428223 4.848429478079407 4.698093345595669 4.523709177160873
3.2209767453183793 3.1490485338943683 3.0452585345111944 2.9113135341345866 2.7532086269477993 2.6254982904779087 2.5450230184347067 2.51251652232552 2.529422470384798 2.5748942565046784 2.6202783565050627 2.6722305543491576 2.7375942667126334 2.8382334055672267 3.017366108825719 3.241706086419339 3.4848592945608536 3.736242676137314 3.9734856316056506 4.163683595941882 4.255171519748165 4.197676376010174 3.9961445877634603 3.7234500729969193 3.4634708824552622 3.2836339999636235 3.213212804547798 3.2512218982120302 3.3796280193442936 3.5782557394045673 3.832992781225479 4.095821590588258 4.306180082163024 4.432011336389557 4.505465420228235 4.567920654910896 4.640501159467995 4.731132737113775 4.837748669157366 4.902493169838554 4.893790348096896 4.8073350133020005 4.654201048444392 4.475108545732196
3.2124018845411846 3.143856099728106 3.0460660915673614 2.920823570478488 2.7800367938456834 2.679117023886741 2.62802933662155 2.627153055705806 2.6768337846730086 2.7426289138929603 2.8063256220997843 2.8728467239396975 2.9462769399647297 3.030673420098675 3.1999192338510754 3.435092854589966 3.673293427973015 3.9248936819828746 4.175012743418189 4.394187281926453 4.514714219094134 4.408084062114059 4.059413131393971 3.6316442627055148 3.2545870039717415 3.0029661212827086 2.9077971061086343 2.9470310575603653 3.0790068150853385 3.2785250915534703 3.517914856047314 3.758190953210475 3.968437001894839 4.132656545729473 4.25980081075686 4.370439687542454 4.4815886403857 4.603764050383833 4.7308749477102845 4.805259749445373 4.80715816200559 4.73057013932549 4.578872236860824 4.3956813352910125
3.2000197645628825 3.135536899174259 3.044480740666703 2.9289538508708586 2.8079487136509074 2.731565983475201 2.70713705457268 2.7346143298034153 2.811691338491478 2.8970157579806255 2.979422750028822 3.0637399641457446 3.1561611275794887 3.2695151889535725 3.430010262458706 3.634241331250878 3.8487518035231427 4.081627368746745 4.325979045660804 4.571876048619298 4.7861116876659295 4.660515313096077 4.0605630545423645 3.4456163041493153 2.9374318881582635 2.624057688144899 2.5321032513162445 2.601078594982832 2.759652027558886 2.975468803284412 3.215946784232231 3.453551491559184 3.672401461204771 3.8634295194759516 4.029302708622107 4.180696201677201 4.329408252907755 4.474535095214422 4.606516487757672 4.685659553488989 4.691471849931 4.620134304749484 4.470750171022476 4.285022862424614
3.180836613939986 3.120693723873856 3.0369036576016337 2.934561726872018 2.833387014193957 2.778996416879066 2.7782354378397067 2.8305549798534337 2.9308844976083477 3.035036559391161 3.1356156078857187 3.2375130824545 3.3473269866706414 3.474652135776574 3.6274550872007287 3.8034750672038857 3.9809818065192575 4.167494316835335 4.365317548678903 4.565416375056024 4.739417229962201 4.558484280246366 3.856057256508157 3.126491816983204 2.4874149661316642 2.126703781606842 2.1147391905105675 2.258278038228997 2.4661456901593257 2.7055658140601535 2.95443654767795 3.1968464390770523 3.4264696078522956 3.6383057557465746 3.8334083923687916 4.017184220590432 4.184662122806014 4.33576863353333 4.471509955572083 4.55273067128659 4.559385485635685 4.488146156928382 4.336807759780871 4.160827358494453
