_RESULTS/CROSS_VALIDATION_POSTPROCESSED_CLR/Berg/TZ/8comp/1/Berg_TZ_z_250_kriged_reverse_8comp_spherical_1.asc
ncols 100
nrows 90
xllcorner 5.6208707817415728
yllcorner 50.959635321741573
cellsize 0.00013419651685393446
nodata_value 1.7014100000000001E+038
[rows 57 to 75 of 90, columns 0 to 43 of 100]
2.6649571985760367 2.653257561565363 2.654475335580242 2.668378463869007 2.694114159283132 2.7304311906210943 2.775859889277963 2.82881668891879 2.887639807838408 2.9505808739664183 3.0157780144132333 3.0812297932118 3.1447855245251297 3.204170993552461 3.2572819682554894 3.3041262801945215 3.343170885019709 3.3725721918219236 3.3973144288640347 3.420518553212348 3.4412491308921576 3.458523334698495 3.4720125040311185 3.4860772753037836 3.501548179552938 3.5182184843317357 3.535795792512199 3.5538280021974336 3.569671831680353 3.5815991908111884 3.589260743959487 3.591165374159776 3.585660370425215 3.572221937022992 3.5517959033290185 3.5270106039075326 3.5003951458658684 3.473865280106423 3.4488008646109676 3.4261946489140627 3.406749708020824 3.3909467013458956 3.381239423496828 3.367068699490195
2.792829995943212 2.7859388429370258 2.7896276947557075 2.8038712519019557 2.828123098732729 2.8614499459992 2.902654230555104 2.950359947527862 3.003024057842687 3.05893560211938 3.1164548863239383 3.1737407660959986 3.2286921971597438 3.2789400773203274 3.3219687457658407 3.3573563725628297 3.3842195301237785 3.4029176697783377 3.419897670684426 3.4351507974694457 3.4478377073724253 3.457691997094505 3.468410132153516 3.4806018708545383 3.494075411981679 3.5085661858615875 3.5237167362442183 3.5390408449568924 3.5538026942639314 3.565253106159509 3.5722992917531706 3.574215270427315 3.570272808544931 3.5604631106189677 3.545136253350029 3.5257851752499123 3.5042427919039354 3.4821099233507415 3.4606584676840555 3.4408525229482523 3.4233910319819487 3.4087389129520256 3.3956191115756624 3.3743670673518498
2.906676549664845 2.9044507995900477 2.9107485257414183 2.9256630626673656 2.9488415901911726 2.9790327272886348 3.01518041244284 3.056464515497921 3.1018460811974586 3.150078453215558 3.199698040048465 3.2489933909700532 3.295943694787886 3.338125639883115 3.3726955289915304 3.3979510375720707 3.413665173480428 3.4248805861143508 3.4340430108860094 3.441233921976149 3.44696082083314 3.454167439272054 3.4629589505240284 3.473161335583762 3.4845367548183734 3.4967776582377335 3.5094910127606735 3.522174678335952 3.5341908946588396 3.544728493528411 3.551874828815594 3.554514240327586 3.5523632429400998 3.5456122017016876 3.5344096808899694 3.5195733358059247 3.50244552493585 3.484306600293136 3.4662551711009613 3.449171491995036 3.4337186703578926 3.420353665274569 3.4090846243475816 3.3880853075921253
3.0048114175936664 3.00707816534489 3.015968054163595 3.0305291827695537 3.0504813614551747 3.075774688187107 3.106056835825235 3.1407141115549138 3.1788996458085377 3.2195473014619873 3.261370796034815 3.302841936352097 3.342121295003322 3.3768577107446998 3.403751195891373 3.4192545389446427 3.426874670359596 3.432605570255779 3.436446816067289 3.439885323093361 3.4437489560333905 3.4490117541503946 3.4558540965666085 3.4640549681732957 3.473340807913618 3.4833795379637156 3.4937696682161805 3.5040281031453993 3.5135829700748236 3.521783229794392 3.52816707421837 3.531920548448974 3.5316565746510276 3.5276194706659263 3.51989590404092 3.5088749603165685 3.4955678192849295 3.480990363598278 3.466063479291212 3.4515612179439086 3.4380910354695176 3.4260903189843535 3.415830080151879 3.400334294310274
3.085656681927697 3.0912730915916202 3.099839556694675 3.112051715023375 3.1283410430867713 3.1488237711508287 3.1733303774548225 3.2014327277524446 3.2324649157313607 3.2655368221526837 3.2995410219473524 3.333152119612324 3.3648061879230915 3.3925812926066934 3.41334011438045 3.4210816217226494 3.4223033184973346 3.4238423058560925 3.4271689552733138 3.431811840973255 3.437098278772059 3.4422767722283205 3.4473271695651766 3.4536045494900387 3.460895250024111 3.4688617336338856 3.477115154763206 3.485211489855655 3.492655354379622 3.498918803828135 3.5035370537220443 3.5066229293778095 3.5079166095081518 3.5063728279226334 3.501674064849894 3.493943510639147 3.483965323755141 3.472551648180068 3.460466945742498 3.4483789560795435 3.436832101695086 3.426236425313753 3.4168665412022907 3.406221285586642
3.1517398040454747 3.153700541219564 3.159264279771466 3.1686119443875564 3.1812021773749133 3.1968718794698825 3.215609832312731 3.237153544936078 3.2610008459988524 3.28641767364992 3.312443445299401 3.3378962428059706 3.3613792783050167 3.3812832439575025 3.3968765556973017 3.40320494569562 3.4027261794915575 3.405090925573076 3.4098421298887294 3.4162344975661534 3.423471854796413 3.430725100072323 3.4371394408059017 3.4421531701583805 3.447601603204366 3.4536752374503297 3.460012900206839 3.4662191990083366 3.4718736360300864 3.476550937288212 3.4798553546927757 3.481784900702803 3.482520463844815 3.481974514521479 3.4797350579167943 3.47489674888704 3.4678525249297185 3.459260747444823 3.4497570148120817 3.439913406956318 3.430212301550128 3.421032634793665 3.4126186379195547 3.404733658461417
3.2037124422253886 3.201221078403174 3.201436645168392 3.204653843958795 3.210976820930213 3.220333416680798 3.2324904132198875 3.2470660045137016 3.2635368485917073 3.281238402445055 3.2993576098835224 3.3169135368110805 3.332703658311129 3.3460353554385187 3.358954768341951 3.3678627899592906 3.372619862386652 3.377870408888259 3.385114774834581 3.3939236625645846 3.4035769685178936 3.41325345382751 3.4220872603783894 3.4291884228092457 3.43385781507877 3.438240189805847 3.442891504837448 3.447468161396034 3.4516181250699187 3.454999788999214 3.457308911482893 3.45837246980945 3.4585550519027377 3.4579077764278123 3.456001419080966 3.452440682443 3.4474481078554926 3.4412962363825366 3.4341108658294255 3.426062075783974 3.4176484111800196 3.40934205028867 3.40151023161597 3.394330260959831
3.2414860232531266 3.234418432997547 3.2292090473597037 3.226242156758584 3.225745034720508 3.227794547563038 3.2323221964262396 3.239114317088523 3.2478049749071873 3.257859967292016 3.268549887012011 3.2789053683370835 3.2890919224345962 3.3012339483593305 3.313908779074539 3.3252791878908345 3.3348778824101344 3.343832820216247 3.35421592665056 3.3659664099257363 3.378449446067551 3.3908792773799337 3.4024025208657056 3.4121355106504323 3.419181638992015 3.422955784880814 3.426141615393588 3.429326982353822 3.4322205042202483 3.434548566069663 3.436076274572075 3.4366307796057405 3.4363401446909605 3.4355847977986516 3.4338433723276487 3.4307686802902086 3.4264241298136024 3.4206263919913273 3.4137386090367414 3.4061936620436186 3.3984064197980968 3.390760408948079 3.3835997712554517 3.377226088069464
3.2650421808707417 3.2532759380152605 3.242544392296656 3.233312014975011 3.225918129918739 3.2205787383216147 3.217383964964446 3.2162876595478136 3.2170865786622866 3.219388030959161 3.2226546544121 3.228669052347323 3.2381038212798305 3.2501911933803584 3.263797321299196 3.277780016148112 3.2915212171005632 3.3049377034698786 3.3186790765067986 3.333667997451363 3.349277856217699 3.3647258374362576 3.3791663409826045 3.391726768568334 3.4015270418735697 3.407690643050066 3.4101298725199727 3.412135467078066 3.4139858579526288 3.415462899599082 3.4163853738204835 3.416626015166568 3.4161327820885456 3.415260671381285 3.4135791658620622 3.4102892491272727 3.405380483594228 3.3992267273490855 3.392228608836435 3.3847946348889004 3.3773247545730682 3.370197313344268 3.363759754856508 3.3583231150719253
3.274409481919327 3.2578346437452232 3.2414772310772535 3.2258734250309042 3.2114663891051674 3.198606394470977 3.1875437844395504 3.178410391301099 3.171190443411156 3.1671478009769345 3.1675587625428325 3.172462183055889 3.181549423640292 3.194158113352895 3.209366473604673 3.226214386661539 3.2439381376794834 3.2620169128344694 3.2800347655444435 3.2984107904442874 3.3173356484786263 3.3359875521299807 3.3535118314257204 3.369043047136146 3.381719252221953 3.390690942016187 3.395127568709246 3.3962165780228575 3.397205342195624 3.3980011652380777 3.398465114073159 3.398504846396054 3.3980855356823545 3.3970456585209994 3.3943198326355817 3.3899556739987964 3.3842634169587025 3.3775967085046537 3.3703374996818143 3.362880519303118 3.35561864056917 3.3489300400807416 3.343167732308776 3.3386518717580174
3.2696645213878046 3.248196065684347 3.226117338265215 3.2040266822850048 3.182463068895251 3.1619082705008945 3.143047504421106 3.127365138786242 3.1157671530280133 3.108961059015347 3.1074184775514473 3.111286657197569 3.120333712211253 3.1339588904760647 3.1512875313138426 3.1713334003000586 3.193157183377481 3.2159404477541162 3.238967165495234 3.261575064072124 3.283929106467975 3.305897610161855 3.3266041412821736 3.345185932828308 3.3607990832584735 3.372622426704607 3.3798609620263695 3.3818830717601847 3.3821630185990754 3.382419686379833 3.3825478478931794 3.38248248572933 3.38195450061078 3.3798632291744277 3.375748404104682 3.3702006300077945 3.3635945547453936 3.356273968875857 3.348612520740773 3.3410006174617104 3.3338320295069095 3.3274909375042756 3.322340089340806 3.3187107470456274
3.2512433637730234 3.2249169537466766 3.197344636467763 3.1693380305080376 3.1417890647774676 3.1156719050166033 3.0920323041550506 3.071955366357651 3.056502087459348 3.0466097391081073 3.042964444301949 3.045874527779524 3.0551894782726876 3.070305465620246 3.0902675102988058 3.113934004638746 3.1401394596175094 3.1678002413996027 3.1959503205148163 3.2237319687493624 3.25037266805913 3.275707483637525 3.29962412752077 3.3212656722503766 3.339807882686481 3.3544596197890972 3.3644622223772833 3.3690905621362974 3.369139160905989 3.368975017660291 3.368870083030434 3.3685337712421046 3.366862654974578 3.36350388423808 3.358274315508151 3.351524150858998 3.343888946284232 3.3357850492825807 3.3275862222023362 3.3196870477106346 3.312490312542706 3.3063935406524925 3.3017753277060065 3.2989824160582115
3.2282748363057885 3.197360540599046 3.1649830643697765 3.131969640931291 3.0992540171031266 3.0678920083646606 3.039066662280285 3.014069458001458 2.9942385169242924 2.98083609435862 2.9748658061974798 2.976868992618398 2.986779098507533 3.0039107188210727 3.0270978520925382 3.054917980178188 3.08590837570231 3.1187110111093816 3.152134501827539 3.1851567791478383 3.216899699460303 3.246597491069245 3.2737563079188825 3.2983897348140023 3.3197778401753784 3.337162630885782 3.349823168994008 3.357073870349603 3.3584115409452955 3.357924603074334 3.357542137722416 3.355977857957352 3.353039567723136 3.348343183099447 3.3419927435188246 3.3343081562015744 3.3256621084446776 3.3166538090018327 3.307785478597162 3.299463554304868 3.2921082033672344 3.2861389762223707 3.281958685008804 3.279794541335015
3.2055949553527934 3.170169582577008 3.1329924039064356 3.0948836874062806 3.0567942922203453 3.019839988206989 2.9853330492538976 2.954794052935398 2.9299113928439917 2.9124034526743467 2.9037535523903175 2.90486061743719 2.9157556260023134 2.935558684329204 2.962713224824482 2.9953545016173977 3.0316306834728146 3.069888640569916 3.108734948389456 3.1470215800860903 3.1838009336955477 3.2182768273540616 3.249762895177593 3.277651044401275 3.3017208248229277 3.3216673126136413 3.3368092095663027 3.3465004304507846 3.350129013650239 3.3495176687954586 3.3480363179530106 3.34516156168087 3.3408449566677705 3.3348003517702978 3.3272875476397936 3.31862780795544 3.309191349249846 3.299394104249882 3.2897402003848546 3.2808543390558667 3.2731978473277015 3.2672156562813734 3.2628342080991697 3.2599852175750432
3.184128051796532 3.1443742916407587 3.102516416628723 3.0593381198922502 3.0157690662407655 2.9729406854981777 2.9322549710659467 2.895452310547952 2.8646348267081745 2.8421540125198046 2.83024636097183 2.830411105480196 2.8428172953780146 2.8661906636828722 2.8982865469678094 2.936568127359481 2.9786923170082846 3.0227085830881757 3.067068369563814 3.1105561734597513 3.1522062279775134 3.191230397011333 3.226933073546305 3.258425936761722 3.2853373415568172 3.307419553760221 3.324515066482306 3.336411183365119 3.3425340571061293 3.342579752023755 3.340289211128824 3.336482447582814 3.330695630039014 3.3233049655367584 3.3146022623170954 3.3049091707982483 3.294597497347605 3.2840883704249406 3.2738492535710497 3.264371039658176 3.2558671805682 3.248673368339289 3.243090347017426 3.2393682168413918
3.1647957512918428 3.1210260595088455 3.0747559212075233 3.026699539322495 2.977715800361338 2.928881696549433 2.8816017550581643 2.8377577783868753 2.7998684287364166 2.7711239550219293 2.754985995769723 2.754071049066283 2.7687922926644317 2.797059433925869 2.835392544707891 2.880265120982885 2.9287774361193817 2.9787465282096095 3.028566911438039 3.0770280272452006 3.1223977128517877 3.1638331676535234 3.2011798619209655 3.2343066378082805 3.2630679124838906 3.2872760617814976 3.3066815077993366 3.320959130157239 3.3296254029375367 3.330819325976714 3.328802461960066 3.3255435583265798 3.3205142668734844 3.313527905698849 3.3043898201215907 3.293626759471099 3.282323981227539 3.2707732023289053 3.2593335792998106 3.248397967981401 3.238386668874999 3.229734068031866 3.2228634819769613 3.218169683212706
3.148483287970576 3.1011591178263167 3.050928497958604 2.998408054196979 2.9443354332866045 2.889646360914684 2.8356085410796306 2.784052467393385 2.737740589695483 2.7008068112389445 2.6787109783622354 2.676401333420537 2.6948322049534648 2.7300494286769847 2.7762861920150126 2.828696593751695 2.883933000951896 2.939779960302756 2.9935382727844413 3.043625131225286 3.0898229344648502 3.13204118200731 3.170244281753166 3.2044017423443876 3.23445192504165 3.2602749027241265 3.281672369936869 3.298353790725836 3.3093058462387823 3.312431170824272 3.311106888108212 3.3086272288902188 3.304787898140336 3.2993641727816523 3.2920933967588613 3.2826927967377073 3.2708772122030383 3.2576741401770137 3.244543061163587 3.231912755783521 3.2202608346135353 3.210103941875172 3.2019702787259687 3.19634900438172
3.135949812968513 3.085735424841132 3.0322008294144274 2.975899519839805 2.9174165574466735 2.8574738862347204 2.79704731840092 2.7376105599590286 2.681664717028424 2.6338439089328283 2.6024846826770585 2.59802654034348 2.622971765289151 2.6683753078242844 2.724325208885798 2.784802431228332 2.846070004494745 2.9042661934386396 2.9585691277620096 3.008804113217184 3.0549686385124053 3.0971401370830405 3.135418079034605 3.169882786970008 3.200563406035445 3.227412096489859 3.2502837677678014 3.268905593413452 3.2813975952947265 3.2863414105589177 3.285759191081138 3.2843360624695848 3.281936364567512 3.278272162238531 3.273016240793968 3.2658235907606477 3.2563528531092074 3.244287604293441 3.229767670401052 3.2153050954625115 3.2018186583432406 3.189919099717464 3.18027111150845 3.1735300205162478
3.127531811609062 3.0755484555706403 3.019594002187989 2.9604767005635573 2.8986673838785517 2.8346658729409637 2.7690858589248375 2.7027936621833613 2.637292847978558 2.575985341103515 2.528753139414892 2.519897100934764 2.5580977152222024 2.6179716173905385 2.6843621420386263 2.750916277722231 2.8134726598621014 2.8715475643337007 2.925110368430815 2.9742995431592365 3.0193308506860714 3.060446124730772 3.0978768460786696 3.131813288153844 3.1623762630525234 3.1895913441704313 3.2133668857815993 3.23321931841677 3.246819852169625 3.253004098295315 3.253443610963961 3.2533458274513825 3.2526651611989097 3.2510362215093886 3.24805282593145 3.2432932183479446 3.2363448413986897 3.2268292720906815 3.214428523972454 3.199047034082361 3.1835184981110287 3.1695867364452446 3.1580866212267704 3.149916257867171
