_RESULTS/CROSS_VALIDATION_POSTPROCESSED_CLR/Berg/TZ/8comp/1/Berg_TZ_z_1000_kriged_reverse_8comp_spherical_1.asc
ncols 100
nrows 90
xllcorner 5.6208707817415728
yllcorner 50.959635321741573
cellsize 0.00013419651685393446
nodata_value 1.7014100000000001E+038
[rows 19 to 37 of 90, columns 42 to 83 of 100]
-6.707092578046893 -6.767084724261939 -6.558930716235835 -6.181220016356029 -5.731122777716542 -5.286821139597499 -4.933186324846474 -4.689093850076783 -4.552845037371042 -4.510497390273358 -4.541842788611181 -4.624096490032689 -4.7339046548100026 -4.863029802559975 -5.051711817739518 -5.29215471279737 -5.5714184814635495 -5.880099667747166 -6.216383126255591 -6.579572189645798 -6.8597684380814545 -7.009188551824742 -7.011143166364487 -6.862576916344313 -6.546966486154472 -6.130484706460049 -5.6752611826257695 -5.215215794080339 -4.769034987688794 -4.349013620760086 -3.964661708009179 -3.6241123368251458 -3.3347149834159535 -3.1029072188182716 -2.9300546734636503 -2.7905708319624614 -2.6548557523075744 -2.5245841919520933 -2.4014902185797125 -2.287367820566195 -2.1840804453453315 -2.114113004929351
-8.297530343468003 -8.247134556556922 -7.740488271172948 -7.012364061931935 -6.271336631934426 -5.637984299555207 -5.177190569717305 -4.892489950858879 -4.765300074103843 -4.767268245765413 -4.86741134173484 -5.035501330748979 -5.24321811995901 -5.479436926388077 -5.774873914048005 -6.125290924455934 -6.517490618691124 -6.945875459030093 -7.413966839898833 -7.941989294864323 -8.449760364617033 -8.853649520401937 -9.045213959244375 -8.796597332680287 -8.16806029056162 -7.456102074670008 -6.766401978654899 -6.120712178501881 -5.523609337118937 -4.977361335320682 -4.484755477668175 -4.049381984687298 -3.6754479291570186 -3.364720175294055 -3.1176189901206985 -2.930712087068877 -2.758055824495222 -2.5933071272873054 -2.437727456641257 -2.2927484763005834 -2.1599601143030003 -2.073285094218141
-9.928505069971726 -9.746667561569188 -8.769234886468764 -7.591951267409245 -6.536359966882223 -5.729894084123805 -5.194086300957915 -4.905102161128528 -4.820733022215739 -4.895232814188396 -5.086385666900708 -5.357313536382758 -5.675814094154569 -6.037292223507382 -6.451410940792922 -6.915081519294965 -7.4182100944680265 -7.9534234764608005 -8.52476800366874 -9.166495360947653 -9.824058699134085 -10.419254806852713 -10.948708743120909 -10.571567482172016 -9.536999845241423 -8.579748581037867 -7.709113067034785 -6.916896005390697 -6.196273970319924 -5.543462734780487 -4.9573172707547215 -4.438633132277856 -3.9891610328678486 -3.606206817685551 -3.292038904507508 -3.0508390721173804 -2.8443877339761707 -2.647829714939714 -2.4620445244710263 -2.2881604062402348 -2.1284230691039836 -2.03193364608663
-11.485318627119332 -11.09239446549999 -9.322120000737234 -7.681267310518724 -6.367078682336701 -5.457276977845067 -4.917382483137876 -4.6865836114750685 -4.694364707017792 -4.877279779235342 -5.184218965212353 -5.574631694957779 -6.014801257825916 -6.5109262506458006 -7.056848956007309 -7.636613676314852 -8.244810373617435 -8.866976862154628 -9.501011114030613 -10.18887336085253 -10.869233859883316 -11.430989325427516 -11.779762830004652 -11.372423283695865 -10.39261706687762 -9.38170195939339 -8.43091092088969 -7.553123110978223 -6.749036069248687 -6.017617005937705 -5.358452462326614 -4.772203086853865 -4.258496097758209 -3.8139425836370044 -3.4418521961142576 -3.146460259761722 -2.9089631919250882 -2.6840651281771533 -2.4710271838924096 -2.2707627672142667 -2.0918768691265752 -1.9901756903792425
-11.36638656925436 -10.823352628441654 -8.841662125833091 -7.04663172169034 -5.644491148612657 -4.749065078180225 -4.313273747231682 -4.225857133330294 -4.38479696723938 -4.713285840724707 -5.157123499710053 -5.677099851443493 -6.248508862300658 -6.885372200065158 -7.569049843533591 -8.272095918691523 -8.981495751362692 -9.67277175581338 -10.334642744586965 -11.00540826834541 -11.60167862524359 -11.982724881706567 -12.039214532984378 -11.603103817885385 -10.80136412122013 -9.862952587090208 -8.915450231468228 -8.008814166693814 -7.161589691966762 -6.381213964258123 -5.671593592469139 -5.035496789277034 -4.4710729728661285 -3.9771972653400898 -3.55767564778612 -3.2163842129117546 -2.946121935295561 -2.695025318904157 -2.4565975110266782 -2.232040308647323 -2.043786058272177 -1.940448887327641
-9.376162070680245 -8.793429223505981 -7.327446846690171 -5.69225606134775 -4.357037969929056 -3.602500457793036 -3.406237872044333 -3.5575274810376767 -3.9208997351545958 -4.42002454418954 -5.010464026104958 -5.662250473280054 -6.371374465657025 -7.148907533893016 -7.971731121417937 -8.807314689542652 -9.62388388000632 -10.380632219060685 -11.053258316568801 -11.664656111752448 -12.125790802158232 -12.323758029198496 -12.207401655477488 -11.724067603419115 -10.985544237833333 -10.114811918812963 -9.20024614465143 -8.296613179087805 -7.433620883249356 -6.627503044924527 -5.887891167557457 -5.21913078665475 -4.618359040086706 -4.084454284225746 -3.622239799940687 -3.2376665457581417 -2.9325333921976986 -2.656881774191196 -2.3951699942091076 -2.148063339291771 -1.9627385304141083 -1.8629526242447092
-7.379195949680035 -6.700942490541079 -5.436416526494821 -3.9072084064655406 -2.6046799982904068 -2.111938026791898 -2.3090485355587655 -2.773242511331345 -3.3633601700466764 -4.034272178323283 -4.763675716494333 -5.538339502526664 -6.38052008077442 -7.288946802698451 -8.247990663551004 -9.227896268220668 -10.176280317014616 -11.019731066153607 -11.69164405916576 -12.204325341915435 -12.502724227964315 -12.537031026671455 -12.295886991543604 -11.762646670254561 -11.037491863018408 -10.207370676788075 -9.327480722797333 -8.442299674810954 -7.583485345505688 -6.770964022586756 -6.016362779443322 -5.322349518325823 -4.688373248151895 -4.118575183712718 -3.6193825505937087 -3.1983404114943665 -2.8619461883915167 -2.5657198033672306 -2.2814583829193564 -2.0277872046757617 -1.852269867304654 -1.7587010830568586
-5.585139932295064 -4.851836231971564 -3.678161511421477 -2.1749649277640417 -0.575579630068046 -0.6060500208962232 -1.2804351805587824 -2.0231371585594005 -2.798216429503318 -3.6088955680972647 -4.451587366425044 -5.337353734566775 -6.291466431973458 -7.31221973194941 -8.389642653265017 -9.504457276952328 -10.61175931745688 -11.612222896857253 -12.264292270858695 -12.611968199097722 -12.728264307806029 -12.619981664448094 -12.282711150325072 -11.70594839428538 -10.9799605853372 -10.178081723209461 -9.337334896766695 -8.48812996201308 -7.654835768042833 -6.85273469025736 -6.089293217863419 -5.374817107696321 -4.713050410782546 -4.113432502570576 -3.584164222766593 -3.1302512408313703 -2.7596375543080285 -2.432358594897269 -2.1227697406569 -1.8788020990939032 -1.718751584667859 -1.6315713092739785
-4.052375548597016 -3.3508664643367374 -2.342780139321223 -1.11682883878784 -0.010403886657700756 0.008824492382890625 -0.6481143752027196 -1.466072088414694 -2.3358610523102725 -3.230160088995221 -4.14843580258553 -5.122248009925576 -6.159548554776977 -7.256693150887337 -8.408933600280015 -9.609902952732575 -10.858514139866998 -12.152281372877018 -12.697989294895159 -12.78753260085157 -12.748334499557009 -12.541873900011622 -12.142678877938357 -11.543182443196685 -10.835119789262967 -10.073628274758965 -9.278417177062655 -8.471026555988606 -7.665136930111936 -6.872312365514902 -6.108266557113273 -5.384051414801227 -4.704856895107718 -4.08166164962382 -3.5254220082546457 -3.0460497489960936 -2.6458853830827325 -2.288278630188507 -1.9704611496483617 -1.7289417993345249 -1.574600510420976 -1.4852950938493665
-2.7803438229275614 -2.188796888221405 -1.4238621588177083 -0.6077305839183351 -0.02697127257616394 0.015894921428022624 -0.42778029566364095 -1.1489040225909393 -2.0085525915732783 -2.9201833717500154 -3.884414967968852 -4.90987589127222 -5.9897389257453755 -7.117528116973579 -8.285620545926802 -9.486719487660517 -10.719077511488928 -11.887080090827833 -12.486837300349825 -12.620312965435565 -12.539442186754732 -12.28768443650703 -11.876511643969415 -11.294244990240047 -10.623416277226577 -9.908027676314713 -9.161702215121252 -8.39260202748853 -7.611376315248041 -6.8349631681620995 -6.078611932932919 -5.353487703409348 -4.66570841459086 -4.02735157135996 -3.45045161946005 -2.9458014361628138 -2.5199628919367556 -2.1488645739856462 -1.8392098740630238 -1.6042636057774076 -1.4535834138572865 -1.3405872490148365
-1.748936592485948 -1.2992238346627496 -0.776445191382185 -0.2950075994900989 -0.009037910986381625 -0.04222180709324386 -0.38996377097837254 -1.0014688206840812 -1.784047847856168 -2.6846684715570825 -3.665419589130005 -4.705056986032506 -5.789623640147326 -6.906276368094828 -8.041618151523302 -9.188620704319442 -10.297453860824636 -11.256104944104464 -11.915504641819314 -12.190738696435115 -12.165191227956289 -11.936838698422441 -11.532908398962999 -10.971149089777521 -10.350036937900784 -9.687589997682437 -8.98706172813401 -8.253781687384702 -7.50257837014246 -6.74866464381884 -6.006642631042441 -5.287847817777049 -4.598824211151162 -3.9523993085813514 -3.3615364866010635 -2.835186055790519 -2.392639712895675 -2.0323370845230757 -1.7339484912022711 -1.5090981936090102 -1.3536624689012269 -1.217120145485084
-0.9385770474413828 -0.6329595461366719 -0.32054420953569585 -0.07212165417721428 0.025588321115574963 -0.08889387412976957 -0.41598976106537844 -0.9417804074231357 -1.6512927962601223 -2.5148695804448913 -3.4865248875744905 -4.513835318763757 -5.577752398541818 -6.660285322900512 -7.7544263961046465 -8.830345254650922 -9.834471240151046 -10.701088538656407 -11.360451280785629 -11.683222455684136 -11.723484058486735 -11.53725368616713 -11.156556271762183 -10.618284418391728 -10.03294683794233 -9.421539776494127 -8.763178206078274 -8.067296958350974 -7.348570036888216 -6.621683010940404 -5.899294672740658 -5.192720021185705 -4.508478055151547 -3.8598224294806953 -3.259412429690701 -2.724772049226406 -2.2968797552584146 -1.9449117548971815 -1.659626551990297 -1.447116946231882 -1.2725196399303305 -1.1134846142247992
-0.354954510502838 -0.16257776193638174 0.0008189799844893209 0.09161030719239704 0.06150769461987071 -0.12172522413818943 -0.4592757240076999 -0.9433523944383473 -1.6071478265646115 -2.4206239865837365 -3.3465583168040975 -4.3487144346663245 -5.382380758384743 -6.4355188769763885 -7.4843125024263895 -8.496465165752975 -9.430206513061679 -10.251887233420808 -10.8686670397318 -11.202638474034716 -11.276822697724377 -11.122106802426037 -10.765566797873927 -10.266670303300774 -9.723471410124018 -9.14022546727982 -8.52809160112338 -7.876271433037596 -7.192300348225564 -6.490365464567465 -5.785096916752819 -5.08881456731031 -4.40735451311914 -3.755635050977536 -3.158731078860843 -2.64909377998143 -2.2401608936191026 -1.8962540193187596 -1.6210436067984422 -1.4068601339376745 -1.2081074016448476 -1.0275692115581312
0.03365194871528576 0.15806582525953017 0.22315048386428193 0.20864787760680636 0.09059653491001773 -0.1466559019083129 -0.516621533735206 -1.0154215094147063 -1.6430137374408935 -2.4109233702250625 -3.284172402882641 -4.237390814052241 -5.243815963828144 -6.2667249213379606 -7.272695665490593 -8.23430443077562 -9.121078885681237 -9.898173598568235 -10.458071489529566 -10.775079332409897 -10.860125145250475 -10.73106355655653 -10.40279351261852 -9.958977458910837 -9.456778438707657 -8.90272506692546 -8.314938021771036 -7.7059222161908405 -7.060166482952378 -6.386304571584221 -5.698433978032875 -5.010967307280163 -4.333722552546219 -3.695522795843276 -3.1183921602870885 -2.6256657015241878 -2.2279542100872636 -1.8918373346476853 -1.6206429561126823 -1.380591034844823 -1.1578048585738836 -0.9566975717283208
0.2921024206993721 0.37348099758657405 0.3743100822461778 0.2895107379403288 0.10548318607547236 -0.1941840441926499 -0.6091805651243645 -1.1378946110379347 -1.7644544172585266 -2.4970257102774793 -3.3359621820358463 -4.250046497663348 -5.209063505235133 -6.18350097355986 -7.146275076398961 -8.068961125824861 -8.921349898302312 -9.621986019160365 -10.12377555532678 -10.421233216382863 -10.510460063018266 -10.39522055905278 -10.094087083053944 -9.702746690396957 -9.238261931067736 -8.715304237829681 -8.151381618305088 -7.563911014063146 -6.9575925983017255 -6.314708352196245 -5.647284614619669 -4.980443600955833 -4.334159577171867 -3.7255133795954904 -3.1694265137233515 -2.69101424611115 -2.2867114871042005 -1.9405815566282305 -1.6390429249408114 -1.365348820877374 -1.1184669204642197 -0.8977941340155389
0.47173827175476335 0.5212619258387874 0.4745839546503152 0.3262977273349126 0.07384747203279174 -0.2826043177620283 -0.7458915899976861 -1.3182533265250824 -1.9820703250456573 -2.7162333565532686 -3.5276041702301995 -4.4056120459994075 -5.320879041732258 -6.245445382909219 -7.153062724291891 -8.024198515836561 -8.798616683301999 -9.420750682038456 -9.876274503504588 -10.147714845503726 -10.226895272369273 -10.111899695591577 -9.846226784322555 -9.49842949778372 -9.070691802119866 -8.579359192301302 -8.041017894931088 -7.47221703244537 -6.891702064314879 -6.294054844197629 -5.674046435565981 -5.049690833460072 -4.438555363534626 -3.855072730827673 -3.319333438104974 -2.8520567667970047 -2.4331957824023003 -2.0455767596386045 -1.6821599834678926 -1.3598974797309613 -1.0864579900053064 -0.8475403243176949
0.5988313285506557 0.6020455530920117 0.4999823250198152 0.29045770024873097 -0.023926725435458263 -0.44032442549106854 -0.9657682511805237 -1.5911760182730599 -2.29837648463392 -3.066201484648381 -3.8723812610066255 -4.719462072805012 -5.596361304542603 -6.476926086054059 -7.338102572011658 -8.128722188407703 -8.78798664523541 -9.3238243641995 -9.71580518299501 -9.945544785258285 -10.000618817764444 -9.880066058373872 -9.658770418575607 -9.349118980429015 -8.958520134254087 -8.503084488827582 -8.000193775682645 -7.4677121836251 -6.9236281224355345 -6.380138893746077 -5.813559472599474 -5.232762907101137 -4.656267565560101 -4.096655513631682 -3.576070597823491 -3.1070974556105218 -2.645892586919409 -2.1898802788345044 -1.7607290798276936 -1.3784177747699313 -1.0593381112964422 -0.8025203858968113
0.6223986354052284 0.565533010224458 0.41618815556044453 0.15396063808011684 -0.21555833680780534 -0.6923438291076667 -1.2784657188332966 -1.9593385630493916 -2.7154186141357712 -3.524233242070193 -4.361744905607379 -5.205620013215267 -6.050207454473842 -6.892182858920647 -7.684522462312236 -8.350669559515637 -8.9046055165892 -9.351228596310934 -9.67141754256891 -9.848145597052103 -9.867659021040119 -9.761242649635875 -9.579074649413887 -9.307141758816156 -8.956334374462358 -8.542124729622692 -8.081337688268102 -7.5908110246847045 -7.086733176334102 -6.5848977173128675 -6.074291318431223 -5.538745954138516 -4.995813361775147 -4.459220116153446 -3.9487745948411552 -3.43156949362283 -2.896504920516437 -2.3658638584854206 -1.8659421137156424 -1.4210943223742587 -1.0504524572173928 -0.7611466601102834
0.5530918031788201 0.4348150789599847 0.24155983068709608 -0.064728509912519 -0.48511431188357745 -1.0201654590506055 -1.6658618514891048 -2.4049342459349994 -3.2164847526481215 -4.076579587008743 -4.959336935216674 -5.837123005930721 -6.684149163230561 -7.455732110085387 -8.108843750995481 -8.6551618081307 -9.105579073537625 -9.45909829280997 -9.703498271261497 -9.823479451834492 -9.819626931287312 -9.749934740846783 -9.608778278684083 -9.380613348106612 -9.07411857216756 -8.703419291638635 -8.285470498246525 -7.839775255271171 -7.380696802009545 -6.920742711275107 -6.463720717286666 -5.976357304956172 -5.4668333212918 -4.945874730795612 -4.394363958586744 -3.7967603498606715 -3.1791294356530004 -2.5660098718109907 -1.988427569150758 -1.4775659832013701 -1.057160400336889 -0.7358283574832192
