_RESULTS/CROSS_VALIDATION_POSTPROCESSED_CLR/Berg/TZ/8comp/1/Berg_TZ_z_90_kriged_reverse_8comp_spherical_1.asc
ncols 100
nrows 90
xllcorner 5.6208707817415728
yllcorner 50.959635321741573
cellsize 0.00013419651685393446
nodata_value 1.7014100000000001E+038
[rows 57 to 75 of 90, columns 0 to 41 of 100]
0.0694758036578561 0.02761404350979868 -0.01212648805688843 -0.04937225488485886 -0.08414719943521298 -0.11666984778805423 -0.14717061307736856 -0.17575033462377398 -0.20226908762486673 -0.2262394228150526 -0.2467015805393904 -0.26208406210340995 -0.2701194620249412 -0.26800876798802165 -0.25351804906460895 -0.22965857394102396 -0.19864259563533637 -0.1638935240132453 -0.12503452796838566 -0.0831859742437937 -0.04194030774898616 -0.004159609263536201 0.028272734027437907 0.05629500004066468 0.07950800838739802 0.09733921792379308 0.10950517462802722 0.11599411093812373 0.11348744140476241 0.10022541571595034 0.07160316675392409 0.031103144899468194 -0.01623714318277425 -0.06605421208265905 -0.111413565971482 -0.1538787937635433 -0.19563826477369428 -0.23778161163960587 -0.28050706846425144 -0.32346503916664315 -0.365988768705128 -0.40715881304068713
0.1481722447820728 0.10504092805375642 0.06207308313441384 0.019772449233449785 -0.021691008183939542 -0.06235065804941042 -0.10231012803508377 -0.14162052606960684 -0.18019159612143032 -0.21766136246819756 -0.25296102914986696 -0.2842526750959151 -0.3085842246413053 -0.32168675549711523 -0.31876410417552403 -0.3002022642766706 -0.2690838754164735 -0.229367423454381 -0.18198587933352328 -0.13192911994590784 -0.08330242911991148 -0.03868584143524734 0.0021588648997240556 0.038537795457903035 0.06978274218075686 0.09553116436797227 0.11570574435103553 0.13054583627598026 0.14055798036982015 0.14284958144868865 0.13094309812538363 0.10583210908097318 0.07074550673333102 0.02807806546868974 -0.014371895105314891 -0.05501242125836869 -0.09487939241011167 -0.13463511335935796 -0.1744255309442132 -0.2139549075746685 -0.252581550509541 -0.28935215040827744
0.22006722182956706 0.17631571820287095 0.13102552009700896 0.08476051381856697 0.03779107422214045 -0.010324766759637227 -0.05970027030877911 -0.11004966304656738 -0.16105169087211813 -0.21222037711377761 -0.26268889976256893 -0.3108062437160741 -0.35338637968423536 -0.38456506757492614 -0.39541997468023293 -0.38043553595034796 -0.34446523617232816 -0.2931521975224949 -0.23460211255760988 -0.17510052549339605 -0.118122644229821 -0.06434454282591451 -0.014917356909457724 0.029414822712027222 0.06824114843969165 0.10140811548094608 0.12900113457913176 0.15136137017727314 0.1691192038873629 0.18315245781594724 0.186408979017197 0.17508716098633959 0.15151439841807046 0.11724951184756793 0.07958550503605555 0.04250661094605357 0.005769071352390243 -0.030817079865730457 -0.0671878009569652 -0.1029743042598894 -0.13750664618057995 -0.16980765112683105
0.28465311356850176 0.24098320826548592 0.194243438285287 0.14398034454459674 0.09046921961516141 0.03430259159446791 -0.024103216963718088 -0.08445376661918313 -0.14651595157848907 -0.21003371006600324 -0.27457439294832064 -0.3391872346520288 -0.4015386453179566 -0.4555864659417712 -0.48663668654991676 -0.4748102799374756 -0.42419093672314534 -0.35424522818857906 -0.2803494089906178 -0.20848583657035102 -0.14120219763531527 -0.07884632709402939 -0.021803998304437355 0.02955035149096119 0.07506054243575033 0.11474692524006924 0.14879988650105058 0.17758815055155308 0.20166385655487673 0.22173924385705845 0.23592774005565542 0.23723769009509565 0.2246099651437502 0.1992570483716597 0.16759711831605872 0.13536546614063383 0.10282767432870377 0.0701795666663435 0.03771786770639318 0.005927110598616725 -0.024482250503556124 -0.0525507921879268
0.34133757268961945 0.297622938341086 0.24767108456289 0.19258022129752217 0.13325659197166018 0.0703887218500805 0.004474607343832315 -0.06415150647769796 -0.13529380551201298 -0.20886665372899138 -0.28484862785749687 -0.363174118058067 -0.4433944148176392 -0.5232250570686154 -0.5890214217810894 -0.5781164317740144 -0.4964644954191926 -0.4044485506764883 -0.31445506550589086 -0.22963693633122007 -0.1514228754403143 -0.08075962071623677 -0.01766388359803428 0.03929529448165325 0.09021385380831959 0.13521317271519628 0.17452035753088135 0.208472180282939 0.2375059503164737 0.2621227912496147 0.28216401529804547 0.29135791516893816 0.28844428249168463 0.27203019824699626 0.2472033490517006 0.2207350232112376 0.19322425753245875 0.16514735380994472 0.13699696272324602 0.1093654875341622 0.08299246975479369 0.05878875765577429
0.3904396153892629 0.34283051535726466 0.2890305305042431 0.2299285254792114 0.1659947411401228 0.09782751469002393 0.02604727536100626 -0.04889735493734204 -0.1267208490592754 -0.2072952134178434 -0.29064541319051873 -0.3769406681751102 -0.46646691534252094 -0.5594994053145259 -0.6538641636308486 -0.6391615955903027 -0.53200107833021 -0.42780403773209796 -0.32894652265253077 -0.23629842663934375 -0.15059257608563925 -0.07250979412480274 -0.002684355995842602 0.058600447455807614 0.11339703305741311 0.16231072310898575 0.20553158003614824 0.24331478014775532 0.27596323814027046 0.30378904357130165 0.32704846502239815 0.3420741156611533 0.34429679487046416 0.33402064820395816 0.3161401345708939 0.2960728410108251 0.27418762768455884 0.25115105776010926 0.227598900647922 0.20420291928563716 0.1817123636991741 0.16097222112631449
0.43093140637059646 0.3798579360758625 0.32199430630483344 0.2583372187679598 0.18974411067617547 0.11694525284409962 0.040558196361818455 -0.03889624935782188 -0.12097393972146797 -0.2052734031040664 -0.2913605430690456 -0.3785717338685104 -0.46541614261873354 -0.5466743884694041 -0.6019900745785043 -0.5900109088942274 -0.5145187777163507 -0.4192528151161272 -0.3218757805681671 -0.22746668039164963 -0.1382769577945504 -0.055661821696837976 0.019391646127720708 0.08609099144305898 0.14396676321354773 0.19532984085004335 0.24109072590146474 0.2813828666755027 0.3163627882268335 0.3461719613528268 0.3708843009562804 0.3897158201996217 0.3965127850433001 0.3901297889467012 0.3759912376358701 0.3602796404091818 0.3433550404835781 0.32549391163850866 0.3067433579508294 0.2878118327681157 0.2693836605559342 0.25213492143430694
0.46273066977555977 0.4089421701900758 0.34787801440693583 0.28064836758129286 0.2082647125443573 0.13165244121683484 0.05166759171924051 -0.030879625095681984 -0.11518567990051798 -0.20037693815946045 -0.28534369463417897 -0.36836270394080683 -0.44510461084969055 -0.5059417317180446 -0.5373922989566144 -0.5246577282133253 -0.4691564048387875 -0.38777059202831543 -0.2971967921909824 -0.20519885803725235 -0.11569627893918066 -0.031029474010421554 0.047226714229095856 0.1179073031454092 0.18009240944530092 0.233319224163137 0.2803013347657959 0.3218497421729041 0.3579687088564171 0.38864339321153757 0.41379565882816727 0.43323697619415064 0.44404088767436245 0.44127353277552883 0.43119693424963207 0.4190771930681009 0.4054579557856387 0.39105821277342234 0.37619078733241584 0.36115641970449314 0.3463276677741649 0.3321621506581039
0.4856513774896794 0.42985046604722954 0.3663691601899182 0.2964381872180064 0.22123295724306014 0.14188963549272904 0.05952644126956985 -0.02472561443599508 -0.10967152064661101 -0.19395685237018268 -0.27581523202999714 -0.35079710819036647 -0.4137425816749416 -0.45829311404432405 -0.476402683873 -0.46186584725488955 -0.4156417009889042 -0.3454852388652083 -0.2616946232089967 -0.1734872823366841 -0.08536866057449732 -0.0003142326253624539 0.07959338264624238 0.1528131468002094 0.21814415203012227 0.2746073837423615 0.3221005195668194 0.36376739559532717 0.3999469482188896 0.4304810856121608 0.4551607654819397 0.47368839148100056 0.485572697340103 0.4862566682856326 0.48053635870152456 0.4727553612098826 0.46355027832300055 0.453242593022525 0.44213514831033557 0.4305429717589343 0.41881462247024065 0.40734044192904567
0.49939646696017237 0.4422258780930674 0.37701459343141447 0.30511331594555047 0.22786112678271575 0.14660590216863123 0.06272891014680892 -0.022323664674874455 -0.10699133595991805 -0.1883978719103292 -0.263143397172098 -0.328013546970773 -0.3790458536658672 -0.4115302266735654 -0.4207590617092678 -0.4038885970122148 -0.36181848749904755 -0.2990324974618921 -0.22153768398825036 -0.13664164941531087 -0.05031076711157134 0.03431490849146368 0.11487565897557284 0.18955969298724873 0.2569313692338183 0.3158122115262327 0.36519751883635654 0.4060647075362952 0.4413561168021149 0.4708599275424402 0.49425330570651393 0.5111457526467551 0.5210531222758785 0.5239979138331774 0.5236306170902303 0.5209842265949198 0.5164637887133916 0.5104192000742471 0.5031694113406933 0.4950237223919724 0.4862965087936586 0.47731252081646447
0.5035796139716314 0.44561800167143023 0.3792629746529495 0.3059754134578019 0.22724642160191333 0.1446223171474882 0.05993509148034215 -0.024199805436718513 -0.10537402148037056 -0.1810159318259097 -0.24831922909957416 -0.3042144741020021 -0.3453962298765867 -0.36854468343408864 -0.37091756670215115 -0.3512720253495012 -0.3105918332375328 -0.2519728478144281 -0.17971533315504196 -0.0983179455773604 -0.013396322590776055 0.0706216233422462 0.1513164274752815 0.22674178446525128 0.29530908623776 0.35569022597817945 0.4067406491728192 0.447563520290325 0.4811553255443971 0.5088574878183567 0.530249353281486 0.5448609108283806 0.5523458350430321 0.555152181429529 0.5596883313364689 0.5623391568249586 0.5626534454316061 0.5609876627529022 0.5576572923391472 0.5529514518967663 0.5471432264608342 0.540493637593393
0.49798690185798816 0.4398164626160012 0.3730386681385763 0.29933027429479486 0.22051618282265717 0.1385948040087781 0.055759505826817324 -0.02559053755728702 -0.10285852597107736 -0.1732850771588047 -0.23401487448563407 -0.28219921803657155 -0.315151016720995 -0.33059156221448327 -0.3270198128087902 -0.3041347418555118 -0.2630934977710533 -0.20639187894286626 -0.1373934971382892 -0.059762344290818725 0.02296404698982557 0.1065633096430213 0.18720833782515878 0.2629300081488758 0.3320721539844361 0.39321740197737604 0.4451247091099155 0.48667575058827284 0.518221737718134 0.5434677574263755 0.5622399358582535 0.5741921962181299 0.5795845606443265 0.5827167027458484 0.5882175919336756 0.5953868234492186 0.6006375688435591 0.6034282974040267 0.6040571995817368 0.6027828343258168 0.5998317373729732 0.595402259889026
0.48895605831932276 0.43125149411759384 0.36501723662945673 0.2919806502842215 0.2140433021517294 0.13331582412464227 0.052147787231568765 -0.026860476413473777 -0.10088427951969348 -0.16696226294235195 -0.22215852895092736 -0.2637860170523527 -0.2896498074332228 -0.29826669878615975 -0.28904029686949073 -0.26237558917421744 -0.21968767805417566 -0.1632556199247327 -0.09593779448846274 -0.020841519148221854 0.058951764329476464 0.14055707270437046 0.22100451043275116 0.2967606523004863 0.36602260526567004 0.4273410893067127 0.47942325788631224 0.5210894396999881 0.5513721519249046 0.5736186960935319 0.589346833540581 0.598938122136009 0.6025577089683158 0.606582069418017 0.6125618314924823 0.620177841038501 0.628984030453405 0.636283542403479 0.6408998291550205 0.6430534093240827 0.642919928557234 0.6406346885047922
0.4794966464267394 0.42270746139894594 0.35736979303266103 0.2852269296292037 0.20821557422107617 0.12851377943525832 0.048588236968826304 -0.028776647552563706 -0.1005018810968662 -0.16333810413853567 -0.21412980617892252 -0.25019417958795453 -0.26968919093930155 -0.27181310112408275 -0.2567844281703864 -0.2256882064259884 -0.1802923605048634 -0.12286780534213149 -0.05600482158863529 0.01756875111993672 0.0951430837653029 0.17413502440483541 0.2521462783395403 0.32698120167053873 0.39601021203495546 0.45701283297905737 0.5086841614053899 0.549815893422952 0.5792657168368045 0.5981973522823154 0.6111333048805696 0.6180501609250737 0.6212924962590575 0.6262278556280805 0.6327468080198572 0.6405381194621009 0.6492151177185262 0.6583218138779348 0.6667686571393043 0.6723560938580105 0.6750247135145288 0.6748576830099015
0.46959923469708414 0.4141904978175931 0.35011528418716675 0.2790917347111326 0.2030389281846524 0.12414015039174409 0.04491811541988522 -0.03169298685447253 -0.1023229561304273 -0.1632795990894591 -0.21091784534419533 -0.2422777167320187 -0.2557274673739498 -0.2511872281305527 -0.22981809794590258 -0.19350440757901533 -0.14446736690354123 -0.08507523806372397 -0.017759536340639315 0.05504162630444853 0.13093793913219787 0.20763448560335007 0.2829677488122284 0.35494933518813304 0.4216798859621926 0.4813834285237056 0.5321478747201426 0.5721602764723247 0.6002556190644366 0.6165614799412775 0.626527820782133 0.6309018442047198 0.6352728005700207 0.6411261813102811 0.6482290653047862 0.6562771581357378 0.6648937990377364 0.6736334154181307 0.6819873506778859 0.6894242523065882 0.6955807071753023 0.699505414873501
0.459229635349118 0.4057149213390579 0.34332923572519514 0.2737228016366222 0.19873651668812886 0.12047732301470337 0.041425712545915316 -0.03542256635493335 -0.10641212665078892 -0.16721122797215626 -0.213218250250772 -0.24065941188432105 -0.24793348685566885 -0.23597954501359752 -0.2073219594958593 -0.1648864294803093 -0.11141143309261015 -0.04936178272256353 0.018987438581336336 0.09147394267519315 0.1661053410721549 0.24087976146026513 0.31381139587366647 0.3830128635927618 0.446700583066602 0.503194290147293 0.5509120141208692 0.5883622363487674 0.6141924724642446 0.6284131098241209 0.6349622087792941 0.6389444734057997 0.6442702317466563 0.6508317277743894 0.6584564148680883 0.6668232741757186 0.6755560384128652 0.6844787362218291 0.6933155688053972 0.7017630645116774 0.7094965513514435 0.7161804765882054
0.44831101523361294 0.3972816477179565 0.3371202412630653 0.26937287786543895 0.19574409709271312 0.11817195279512638 0.03895400645144187 -0.039039819719719926 -0.11203084898503479 -0.1749381478860521 -0.22145159544238102 -0.24579966698043698 -0.24607296575581517 -0.22514583657767862 -0.1878337437075055 -0.1383788717786094 -0.07993651106941779 -0.0149123789215998 0.054813201952365276 0.1274492777404478 0.20114764225029613 0.27410434967745434 0.3445590933695163 0.41080440498913157 0.47119509343146104 0.5241543355636458 0.5681758151644724 0.6018225267851792 0.624204151513656 0.6352492989883713 0.6390404821758844 0.6438527611738734 0.6499412730722417 0.6571802828221709 0.6654365649245269 0.6745641492966264 0.6843983911053515 0.6945974454610749 0.7047408869528259 0.7144974929038432 0.7234983206753709 0.7313442750805047
0.43719372609491947 0.3888363220177171 0.3315751422711378 0.26633294102951 0.19464074193071468 0.11819267513268494 0.03895292242661563 -0.040622105760371174 -0.11709921294220393 -0.18505030888487117 -0.23560736157026896 -0.25799986676233777 -0.24902090263814491 -0.2163683090488695 -0.16885360053092957 -0.11187620007161803 -0.04843593267439028 0.01969225748219461 0.09085408683214802 0.1634830814359879 0.23603446203090717 0.30695785541797194 0.37470079101976483 0.43772248472938985 0.4945085738574665 0.5435830014863332 0.5835159695345402 0.6129405457326269 0.6316903511519703 0.639886141113837 0.6440424651343377 0.6494992237473189 0.6562317818952705 0.6641272333286143 0.6730654226371393 0.6829126730007553 0.6935143180015083 0.7046858333022771 0.7161545195693301 0.7273265095146426 0.7377444565631378 0.7469365782901323
0.4292935795613336 0.3805081122662927 0.3266745921793817 0.2648128975734002 0.19598854821727063 0.12164016493131091 0.04333128946582798 -0.037127920313399065 -0.11733287346119192 -0.19311963542922883 -0.2542896259436178 -0.27718933624354203 -0.25293578928970084 -0.20476074168680225 -0.14647714864480121 -0.08254669185715668 -0.014684781127895064 0.05576984374013205 0.12761708375714842 0.1996394999952077 0.27055925574643724 0.33903916815429747 0.40369973616811455 0.463140258554081 0.5159587089163373 0.5607681255940687 0.5962088303814181 0.6211561836919901 0.6362799347044554 0.6449894247009709 0.6498519221101152 0.6558495311251002 0.6631241215022514 0.6715792801846253 0.6811125172901565 0.6916083220460327 0.7029296176640226 0.7149068940420235 0.7273241501779085 0.7398854693845974 0.7518808884904203 0.76264283799886
