_RESULTS/CROSS_VALIDATION_POSTPROCESSED_CLR/Berg/TZ/8comp/1/Berg_TZ_z_0_kriged_reverse_8comp_spherical_1.asc
ncols 100
nrows 90
xllcorner 5.6208707817415728
yllcorner 50.959635321741573
cellsize 0.00013419651685393446
nodata_value 1.7014100000000001E+038
[rows 0 to 18 of 90, columns 0 to 42 of 100]
-4.1536509832210795 -4.1536509832210795 -4.1536509832210795 -4.1536509832210795 -4.1536509832210795 -4.1536509832210795 -4.1536509832210795 -4.1536509832210795 -4.1536509832210795 -4.1536509832210795 -4.1536509832210795 -4.1536509832210795 -4.1536509832210795 -4.1536509832210795 -4.1536509832210795 -4.1536509832210795 -4.1536509832210795 -4.1536509832210795 -4.1536509832210795 -4.1536509832210795 -4.1536509832210795 -4.1536509832210795 -4.1536509832210795 -4.1536509832210795 -4.1536509832210795 -4.1536509832210795 -4.1536509832210795 -4.1541799823910806 -4.157770820766362 -4.166774615203731 -4.181912412831075 -4.201520001050806 -4.224062147702097 -4.247935917695845 -4.268795536253102 -4.285614656804444 -4.298843553271532 -4.3090677374452575 -4.316964180978628 -4.323239718895986 -4.328557524545276 -4.333468063884236 -4.338378529900469
-4.1536509832210795 -4.1536509832210795 -4.1536509832210795 -4.1536509832210795 -4.1536509832210795 -4.1536509832210795 -4.1536509832210795 -4.1536509832210795 -4.1536509832210795 -4.1536509832210795 -4.1536509832210795 -4.1536509832210795 -4.1536509832210795 -4.1536509832210795 -4.1536509832210795 -4.1536509832210795 -4.1536509832210795 -4.1536509832210795 -4.1536509832210795 -4.1536509832210795 -4.1536509832210795 -4.1536509832210795 -4.1536509832210795 -4.1536509832210795 -4.1536509832210795 -4.1536509832210795 -4.1536509832210795 -4.157345245318974 -4.170053847768404 -4.189943566371577 -4.215122623673769 -4.243798758440187 -4.272262132531253 -4.295543355737052 -4.313623793619076 -4.326834397359251 -4.335712254886967 -4.340974408693103 -4.343465119171336 -4.344073116871383 -4.343619106057778 -4.342724730624898 -4.341704334686179
-4.1536509832210795 -4.1536509832210795 -4.1536509832210795 -4.1536509832210795 -4.1536509832210795 -4.1536509832210795 -4.1536509832210795 -4.1536509832210795 -4.1536509832210795 -4.1536509832210795 -4.1536509832210795 -4.1536509832210795 -4.1536509832210795 -4.1536509832210795 -4.1536509832210795 -4.1536509832210795 -4.1536509832210795 -4.1536509832210795 -4.1536509832210795 -4.1536509832210795 -4.1536509832210795 -4.1536509832210795 -4.1536509832210795 -4.1536509832210795 -4.1536509832210795 -4.154092657405321 -4.161045804137084 -4.176979268110164 -4.201500872858395 -4.232515878219202 -4.267981559411764 -4.301727858849373 -4.32929889004568 -4.350560002964618 -4.365615724671122 -4.37483359476171 -4.378849192370226 -4.3785442521697 -4.3749898383656385 -4.369346368291268 -4.362711103471952 -4.355904407166738 -4.349209228113047
-4.1536509832210795 -4.1536509832210795 -4.1536509832210795 -4.1536509832210795 -4.1536509832210795 -4.1536509832210795 -4.1536509832210795 -4.1536509832210795 -4.1536509832210795 -4.1536509832210795 -4.1536509832210795 -4.1536509832210795 -4.1536509832210795 -4.1536509832210795 -4.1536509832210795 -4.1536509832210795 -4.1536509832210795 -4.1536509832210795 -4.1536509832210795 -4.1536509832210795 -4.1536509832210795 -4.1536509832210795 -4.1536509832210795 -4.1536509832210795 -4.155132276702673 -4.165782328352939 -4.185106869201313 -4.213575571328037 -4.2501370843853135 -4.292510236980784 -4.33307894632295 -4.366884885655727 -4.393471073926882 -4.41261255515793 -4.424369299834922 -4.429128503542505 -4.427625864261019 -4.42093480102525 -4.410413043308608 -4.397595858415987 -4.384019874103785 -4.370942356355568 -4.358882848987355
-4.1536509832210795 -4.1536509832210795 -4.1536509832210795 -4.1536509832210795 -4.1536509832210795 -4.1536509832210795 -4.1536509832210795 -4.1536509832210795 -4.1536509832210795 -4.1536509832210795 -4.1536509832210795 -4.1536509832210795 -4.1536509832210795 -4.1536509832210795 -4.1536509832210795 -4.1536509832210795 -4.1536509832210795 -4.1536509832210795 -4.1536509832210795 -4.1536509832210795 -4.1536509832210795 -4.1536509832210795 -4.1536509832210795 -4.155557693780624 -4.168485154033097 -4.191896374639775 -4.223907004660974 -4.265082274139254 -4.313930371369349 -4.3627644094357665 -4.404638529638874 -4.438746434729183 -4.464465437713352 -4.481430079419851 -4.489609236948511 -4.48937478433711 -4.481547427058732 -4.467404450528194 -4.44863626006415 -4.427242373162537 -4.40535729901535 -4.3849541794038815 -4.367294831825229
-4.1536509832210795 -4.1536509832210795 -4.1536509832210795 -4.1536509832210795 -4.1536509832210795 -4.1536509832210795 -4.1536509832210795 -4.1536509832210795 -4.1536509832210795 -4.1536509832210795 -4.1536509832210795 -4.1536509832210795 -4.1536509832210795 -4.1536509832210795 -4.1536509832210795 -4.1536509832210795 -4.1536509832210795 -4.1536509832210795 -4.1536509832210795 -4.1536509832210795 -4.1536509832210795 -4.1536509832210795 -4.154982444174331 -4.168237843453619 -4.194071477995632 -4.230398110829381 -4.275323757992689 -4.329373142321224 -4.38715280522092 -4.4385772426338 -4.482189680664532 -4.5169632870274015 -4.542047622402404 -4.5568667915277645 -4.561228595648323 -4.555430151140193 -4.540339309679615 -4.515919448332137 -4.482480382263027 -4.444349482225823 -4.405912877359481 -4.371257609693341 -4.343840947106364
-4.1536509832210795 -4.1536509832210795 -4.1536509832210795 -4.1536509832210795 -4.1536509832210795 -4.1536509832210795 -4.1536509832210795 -4.1536509832210795 -4.1536509832210795 -4.1536509832210795 -4.1536509832210795 -4.1536509832210795 -4.1536509832210795 -4.1536509832210795 -4.1536509832210795 -4.1536509832210795 -4.1536509832210795 -4.1536509832210795 -4.1536509832210795 -4.1536509832210795 -4.1536509832210795 -4.153941445773668 -4.1651207669687045 -4.191088568141512 -4.229810586060383 -4.27915369364961 -4.337152616075712 -4.402853667999189 -4.464724732033256 -4.519305371554822 -4.565233485753932 -4.601202974490487 -4.626057598811535 -4.638916807286616 -4.639263548904935 -4.622173251307074 -4.5872355231026765 -4.538692618032194 -4.481336484249443 -4.4203181207055 -4.360851913209459 -4.307845725501908 -4.265478735199122
-4.1536509832210795 -4.1536509832210795 -4.1536509832210795 -4.1536509832210795 -4.1536509832210795 -4.1536509832210795 -4.1536509832210795 -4.1536509832210795 -4.1536509832210795 -4.1536509832210795 -4.1536509832210795 -4.1536509832210795 -4.1536509832210795 -4.1536509832210795 -4.1536509832210795 -4.1536509832210795 -4.1536509832210795 -4.1536509832210795 -4.1536509832210795 -4.1536509832210795 -4.1536509832210795 -4.160201350385182 -4.183576543290074 -4.222038726866241 -4.2735418542798325 -4.335923601639653 -4.407078894685651 -4.47954209524787 -4.545770900976977 -4.604201565629743 -4.653197735807112 -4.6911111749458465 -4.71638566750351 -4.7234564782580355 -4.704926232965629 -4.663498525082038 -4.602909060461583 -4.527776899564109 -4.443536113622234 -4.356182107700095 -4.271831251527589 -4.1961058039940955 -4.133279786733776
-4.1536509832210795 -4.1536509832210795 -4.1536509832210795 -4.1536509832210795 -4.1536509832210795 -4.1536509832210795 -4.1536509832210795 -4.1536509832210795 -4.1536509832210795 -4.1536509832210795 -4.1536509832210795 -4.153638274668393 -4.153120022571459 -4.152302218310345 -4.15166773802806 -4.151496152614909 -4.151855456094749 -4.152600018716813 -4.15337495412639 -4.1536509832210795 -4.155466633445722 -4.173205429249836 -4.208348953845808 -4.258968421339131 -4.323027142204538 -4.398357943786626 -4.480361358291092 -4.557993607728592 -4.629248656677072 -4.692351775858894 -4.74536710441362 -4.78593682988061 -4.801505832176636 -4.787482047648494 -4.745779649443985 -4.679070575440051 -4.591084404731172 -4.486796448248634 -4.372392983128065 -4.2549443488590954 -4.141781642138307 -4.039617409048656 -3.9534526954217792
-4.1536509832210795 -4.1536509832210795 -4.1536509832210795 -4.1536509832210795 -4.1536509832210795 -4.1536509832210795 -4.1536509832210795 -4.1536509832210795 -4.153467837589695 -4.151064422071453 -4.14682006218317 -4.141829662225378 -4.137027999108858 -4.133163726518388 -4.13077661286986 -4.130180006628961 -4.131450210685757 -4.134423844354812 -4.13870346758377 -4.143670885211892 -4.157429589583374 -4.1896464632519645 -4.237429613549988 -4.299723457769197 -4.375960700731524 -4.463998883690662 -4.553599924146025 -4.6368991104673 -4.713884754167196 -4.782591415269852 -4.839609191411632 -4.8684719545786015 -4.8651511832423076 -4.8305118310951425 -4.765820300742751 -4.673205943789445 -4.5561770558649535 -4.420012412022047 -4.271820276179867 -4.120139592542769 -3.97578122746911 -3.850122867041285 -3.7478169874294767
-4.1536509832210795 -4.1536509832210795 -4.1536509832210795 -4.1536509832210795 -4.1536509832210795 -4.1536509832210795 -4.153269398922398 -4.148907080181868 -4.140882879095653 -4.130650659923843 -4.119559956608243 -4.108823923552127 -4.099485836426647 -4.092386426842909 -4.088134784444382 -4.087085648681234 -4.089325530508116 -4.094669253497172 -4.1026673218121505 -4.114022249419927 -4.143457083394225 -4.192892897252804 -4.259311961916162 -4.339487294905639 -4.429989830068608 -4.52917170602002 -4.6252731418499256 -4.714712086139485 -4.798106743614063 -4.872190848305721 -4.918179599514846 -4.930719171550013 -4.910025701042431 -4.856146552314519 -4.769340170370536 -4.650747350163797 -4.503270668841243 -4.332355470561174 -4.149874315326178 -3.9711587646698256 -3.8051804081335363 -3.660578094090451 -3.5441720819807205
-4.1536509832210795 -4.1536509832210795 -4.1536509832210795 -4.1536509832210795 -4.1536509832210795 -4.150393220653096 -4.1408503313092115 -4.12670239982229 -4.109605827390983 -4.091151313749334 -4.072830217739815 -4.05599603032733 -4.041822884571887 -4.031264060647586 -4.025014253576716 -4.023479665129745 -4.026759537611987 -4.034641530104426 -4.046611557590341 -4.06775196528175 -4.112348543219075 -4.1784707204400435 -4.263022216275126 -4.362708010298411 -4.474047639746864 -4.589421799175689 -4.693523509112704 -4.789621652100683 -4.879611170867017 -4.944999246434333 -4.976583893116262 -4.974603504067526 -4.93867291451428 -4.867810662963771 -4.760791360745442 -4.617053761627445 -4.439614478218195 -4.243667657522766 -4.0380666385555655 -3.832923110475159 -3.6404924298755867 -3.4731578892177217 -3.341166936886842
-4.1536509832210795 -4.1536509832210795 -4.1536509832210795 -4.1534007908972095 -4.146749268422815 -4.132390633082751 -4.112140844679521 -4.087818109363125 -4.0612202106687905 -4.034093990434489 -4.00809660793584 -3.9847492608856703 -3.9653855055995377 -3.951097960719796 -3.942688620564315 -3.9406287224042567 -3.94503365836649 -3.9556566580987313 -3.9719046934916884 -4.004978388960272 -4.064092981648774 -4.146269345556892 -4.248313557239925 -4.366851891994749 -4.498353463958791 -4.631545610186125 -4.752883559370507 -4.859555172532774 -4.9452533919823916 -4.997098461212937 -5.015731829963174 -5.001263296990323 -4.952824798340074 -4.86831371446972 -4.7444743612954 -4.582987204264092 -4.393729327613995 -4.1780858385585775 -3.943981556549593 -3.7056298963817142 -3.48014879618411 -3.285076009441749 -3.135585832016102
-4.1536509832210795 -4.1536509832210795 -4.153087388646922 -4.144199129449067 -4.12593863696719 -4.100191298670533 -4.068882018690136 -4.0339612589970475 -3.9973827496756376 -3.9610710068329773 -3.926877404550668 -3.896524848153569 -3.8715431554967044 -3.8531998582108558 -3.8424336880965733 -3.839799597329669 -3.8454338623884112 -3.8590452359216427 -3.8807205273159204 -3.925953274208971 -3.998885337716333 -4.0963960033545135 -4.215162680012632 -4.351711062139668 -4.502341403487434 -4.652423977443805 -4.791643794443812 -4.912427307279561 -4.989790453169849 -5.028840003121984 -5.035700874999557 -5.010663643439596 -4.952760665948132 -4.858916655122427 -4.729586929248606 -4.569036246019717 -4.368392198396899 -4.126806102819072 -3.855793764193903 -3.5754486008083104 -3.3086978281589277 -3.0793000885917876 -2.910489867235677
-4.1536509832210795 -4.153254623153035 -4.143784234504294 -4.123080116615267 -4.093042751394068 -4.055641084939741 -4.012909094429563 -3.9669355156647605 -3.9198438408865726 -3.8737594533443787 -3.8307611516726965 -3.7928157504456936 -3.76169723720258 -3.7388960268769305 -3.7255283588031376 -3.722259222359379 -3.7292525026663523 -3.746158230120879 -3.7744977765792687 -3.8311632830582 -3.9171833671980503 -4.029243414918954 -4.1638469514135465 -4.317383990532439 -4.4856245874905625 -4.652177327682283 -4.808650080353273 -4.93227623758421 -5.008617996824973 -5.040101143878777 -5.035684471598698 -5.000835034911592 -4.9320616889674955 -4.834837193549027 -4.718217401929688 -4.566038145248696 -4.357801012574016 -4.086230409054425 -3.7698080162504874 -3.4392035517372563 -3.1230182275810145 -2.8493589478965373 -2.6540283272725924
-4.153631901252135 -4.145661807578496 -4.1244721740088846 -4.09192991368603 -4.0499872697278505 -4.0006882553493845 -3.9461713051386873 -3.888665213681689 -3.830474389425807 -3.773948547842527 -3.721431724101527 -3.6751866830237483 -3.637294291418306 -3.609533566542604 -3.5932560100495246 -3.5892747550329345 -3.5977911261348696 -3.618375650649605 -3.6539758149437676 -3.7213817654609547 -3.8197712170535327 -3.9455648211212937 -4.095031700164768 -4.264377859836755 -4.448819237283035 -4.631188925901558 -4.798302441330582 -4.921290915106486 -4.99710096038125 -5.027103039227737 -5.010773511761118 -4.957663453080015 -4.878947034440873 -4.795097511945575 -4.7002933539539935 -4.572659882005589 -4.367722415215504 -4.0576435586516055 -3.683863422409428 -3.2982524632515653 -2.9309613338715836 -2.6042993064960966 -2.3631048750742094
-4.1490949070536605 -4.1297977810223525 -4.097040955970183 -4.052710458878267 -3.9987950338936207 -3.937399317219486 -3.870754762610137 -3.801225035000321 -3.7313008355477937 -3.663577133579254 -3.600704191786482 -3.5453038534915136 -3.499846168970227 -3.466490223723829 -3.446906670298384 -3.442113688275552 -3.4523649071017894 -3.477120016037766 -3.520182866128956 -3.597727274818629 -3.7078298335491233 -3.8465544982638042 -4.00986105138329 -4.193713156735579 -4.392991028343703 -4.590250898711053 -4.76023790794368 -4.882356824585654 -4.956527405998586 -4.977631404763471 -4.947889531718318 -4.875364818151065 -4.797650960109615 -4.724235018338561 -4.653271262827259 -4.572439841096521 -4.40326415858299 -4.025369487470349 -3.581628066757699 -3.1492162582955237 -2.7476925563684373 -2.3867101596989877 -2.071901213017027
-4.137787893934924 -4.107502953190965 -4.063431389410051 -4.007459860770999 -3.941592978411834 -3.8679742807441144 -3.7889076030754154 -3.706875694819749 -3.624550396291463 -3.5447851683459697 -3.4705767663399487 -3.4049800538181514 -3.3509617901940794 -3.311190286900056 -3.2877805997552976 -3.282044032598166 -3.294309908079111 -3.323877955828288 -3.3744889311392594 -3.4617321681346414 -3.5830157454730887 -3.733932173744042 -3.9100466620357457 -4.107019880257122 -4.319697425992058 -4.528584894393271 -4.698109658467255 -4.817837964102123 -4.881020391051813 -4.88843339679751 -4.842937036449142 -4.76367825364816 -4.680757602865333 -4.604402609272478 -4.536258973717713 -4.477570635053964 -4.384566795903634 -3.9074717508966756 -3.4278696769012846 -2.981075259665392 -2.579753378937154 -2.242179746801693 -2.0136338240671057
-4.121448296830315 -4.08063417230824 -4.025625226067091 -3.9582869848402127 -3.8806139274230222 -3.7947586436066754 -3.703065244487413 -3.608104891811216 -3.5127082047981917 -3.4199840682060803 -3.3333067428486243 -3.256244545223802 -3.1923987946902286 -3.1451313813171056 -3.1171944568284617 -3.1103346315369444 -3.124995509435779 -3.160236209423865 -3.2186747990341713 -3.3154284639099423 -3.4475522417020414 -3.610030705669735 -3.7979484870807214 -4.006613721621117 -4.23106449639596 -4.446919214959545 -4.615079759276335 -4.723854244068198 -4.772987202589869 -4.76461071705781 -4.704892861927286 -4.623170469770402 -4.527670353611227 -4.431291696046211 -4.332337269442792 -4.212692703052999 -4.00438036736415 -3.638378951204511 -3.206128819340702 -2.784782428786624 -2.4105038620416575 -2.1163449051808114 -1.9442053602454976
