_RESULTS/CROSS_VALIDATION_POSTPROCESSED/Berg/IZ/4comp/4/Berg_IZ_z_710_kriged_reverse_4comp_spherical_4.asc
ncols 100
nrows 90
xllcorner  5.6208707817415728
yllcorner 50.959635321741573
cellsize 0.00013419651685393446
nodata_value 1.7014100000000001E+038
[rows 72 to 89 of 90, columns 41 to 81 of 100]
0.013849537389836804 0.014943286801542355 0.015745821138114166 0.016154408087009027 0.0161080711758121 0.015611428540030276 0.014733141513182422 0.013584849578031171 0.01233964267291251 0.01121734976644985 0.010234072503253169 0.009386325985650404 0.00866222919646096 0.008049207901972298 0.007535156719264634 0.007108932886410923 0.006761355397893257 0.006485921801049576 0.00627937518826261 0.006142246039472916 0.006079505220064293 0.006024576597137161 0.005902361196609126 0.005723284743501482 0.005501860620511768 0.005254706097665279 0.004998683562890196 0.004749484278059784 0.0045208331563602626 0.004324324449352396 0.004169792901339204 0.004066096449722816 0.004022221732805868 0.004021417121898113 0.004021417121898113 0.004021417121898113 0.004021417121898113 0.004021417121898113 0.004021417121898113 0.004021417121898113 0.004021417121898113
0.017208003113758474 0.018826995097403855 0.020033716381536223 0.020647069535823907 0.020564818518793 0.019801080547896168 0.018480933215443803 0.01679567821498675 0.01494583839909427 0.013118118590331428 0.011529621203744192 0.010192183512184637 0.00907740453597887 0.008155146822869075 0.0073970902990438975 0.006778636280657921 0.006279730578481763 0.005885097334699513 0.005584235027245026 0.005371416029211836 0.005245876765447494 0.00519335572590331 0.005113492618844588 0.0049964195301706845 0.004851753577515514 0.0046908219370744185 0.004525580687994538 0.004367765141407324 0.004228400408221632 0.004117716449997693 0.0040454549399317145 0.004021417121898113 0.004021417121898113 0.004021417121898113 0.004021417121898113 0.004021417121898113 0.004021417121898113 0.004021417121898113 0.004021417121898113 0.004021417121898113 0.004021417121898113
0.021508733330603786 0.023927186291995788 0.025775749542457566 0.026730996955799467 0.026602271816331433 0.025416231371569724 0.023404403579641145 0.02090370199994301 0.01824175912962889 0.01566634682248969 0.01332827334129767 0.011353204025697217 0.00976238655023544 0.008487050107939332 0.007468019875974042 0.006657000056273059 0.006016079715377277 0.005516577201097118 0.005137825586228124 0.004866206453782073 0.004694603066639439 0.004621462642508106 0.004571447853711237 0.004498566873877189 0.004409503972786558 0.0043123747951789235 0.004216118032147573 0.004130024497410765 0.004063497361306192 0.004026098987262927 0.004021417121898113 0.004021417121898113 0.004021417121898113 0.004021417121898113 0.004021417121898113 0.004021417121898113 0.004021417121898113 0.004021417121898113 0.004021417121898113 0.004021417121898113 0.004021417121898113
0.026922244955716906 0.030563562595536154 0.033444017028941314 0.03496786630001565 0.034761059688713444 0.03287687148135626 0.029764599305618797 0.026032500850093662 0.022212610333088276 0.018655790612748472 0.015538093609475417 0.012912010453413628 0.01075939932672009 0.009062583560985566 0.007747810213137407 0.006729357496066625 0.005942930843103356 0.005341272846551677 0.004890551296152487 0.004567687018622527 0.0043586176046291015 0.00425748814669282 0.0042268151913701256 0.0041870742140075875 0.004140467461059195 0.0040932375868859465 0.004052593145053361 0.004026503187739229 0.004021417121898113 0.004021417121898113 0.004021417121898113 0.004021417121898113 0.004021417121898113 0.004021417121898113 0.004021417121898113 0.004021417121898113 0.004021417121898113 0.004021417121898113 0.004021417121898113 0.004021417121898113 0.004021417121898113
0.033538741427213706 0.039045546908416336 0.04361848008641785 0.04612509671480963 0.04578112085408817 0.04270158147963155 0.03781243323136941 0.032235135389624296 0.026807510453088643 0.021979817001989647 0.01791162096599954 0.014596402843678493 0.011951572642577192 0.009870603517884649 0.008249098030753913 0.006998261105537347 0.006051742114884306 0.0053413615324818245 0.004816755602760198 0.0044436334071332444 0.004200250987699172 0.0040754452684014005 0.004051026389218046 0.004038027644894837 0.004026398137718715 0.004021417121898113 0.004021417121898113 0.004021417121898113 0.004021417121898113 0.004021417121898113 0.004021417121898113 0.004021417121898113 0.004021417121898113 0.004021417121898113 0.004021417121898113 0.004021417121898113 0.004021417121898113 0.004021417121898113 0.004021417121898113 0.004021417121898113 0.004021417121898113
0.041218890264990454 0.049514419968757016 0.05691326901191071 0.06121203812444171 0.06061057422844267 0.055386728873526775 0.04760383990461662 0.03933758028812095 0.03179371332519173 0.02542861891813683 0.020285596244132405 0.016231688570318266 0.013082043610069405 0.010655755395162851 0.008796796864640851 0.0073788263051634 0.006303306473937289 0.005495408854146368 0.004899702745658222 0.004476450205478655 0.004198800781238977 0.004050981600130769 0.004021417121898113 0.004021417121898113 0.004021417121898113 0.004021417121898113 0.004021417121898113 0.004021417121898113 0.004021417121898113 0.004021417121898113 0.004021417121898113 0.004021417121898113 0.004021417121898113 0.004021417121898113 0.004021417121898113 0.004021417121898113 0.004021417121898113 0.004021417121898113 0.004021417121898113 0.004021417121898113 0.004021417121898113
0.04933097109495575 0.06153967254710292 0.0736630238503151 0.08149640395703313 0.0803555953556715 0.0710389778260945 0.05861874409638393 0.046713538699485316 0.036659819895355356 0.028639291409785654 0.022417564741606166 0.017659963508537643 0.014048085723378479 0.011315218774392125 0.009250598414366804 0.007692883522443991 0.006521004116294531 0.005645484902409694 0.005001255841659743 0.004542127917834176 0.004236823608799799 0.004066404216594038 0.004021417121898113 0.004021417121898113 0.004021417121898113 0.004021417121898113 0.004021417121898113 0.004021417121898113 0.004021417121898113 0.004021417121898113 0.004021417121898113 0.004021417121898113 0.004021417121898113 0.004021417121898113 0.004021417121898113 0.004021417121898113 0.004021417121898113 0.004021417121898113 0.004021417121898113 0.004021417121898113 0.004021417121898113
0.05644347856778471 0.07326260829131913 0.09270008313271484 0.10831187073410786 0.10578176844413165 0.0881431295875101 0.06905350356478504 0.053059964346998736 0.040588790874187645 0.031121443958316744 0.02401558393104515 0.01870634602146041 0.014743636943797744 0.011783682176699279 0.009569599506974882 0.007911879768807556 0.006671928260933476 0.005749176575217183 0.0050714090362185445 0.00458774133625089 0.004263728209234364 0.0040782055014121086 0.004021417121898113 0.004021417121898113 0.004021417121898113 0.004021417121898113 0.004021417121898113 0.004021417121898113 0.004021417121898113 0.004021417121898113 0.004021417121898113 0.004021417121898113 0.004021417121898113 0.004021417121898113 0.004021417121898113 0.004021417121898113 0.004021417121898113 0.004021417121898113 0.004021417121898113 0.004021417121898113 0.004021417121898113
0.06041730957666669 0.08051083825508705 0.10722451235838494 0.13990153121726182 0.13234701230244458 0.10037921280817785 0.07531526076230949 0.05655064748472201 0.04264662773062002 0.03238248665667586 0.024810973377560955 0.01921961266829742 0.015081133102680803 0.012009115607171267 0.00972212967090538 0.008016080967904956 0.006743484483198099 0.005798232201801466 0.005104584879910461 0.004609367516288624 0.004276604443076291 0.004084067081827822 0.004021417121898113 0.004021417121898113 0.004021417121898113 0.004021417121898113 0.004021417121898113 0.004021417121898113 0.004021417121898113 0.004021417121898113 0.004021417121898113 0.004021417121898113 0.004021417121898113 0.004021417121898113 0.004021417121898113 0.004021417121898113 0.004021417121898113 0.004021417121898113 0.004021417121898113 0.004021417121898113 0.004021417121898113
0.05960216862247038 0.07897268170075983 0.10385244336298485 0.12994843689516802 0.1247996949420892 0.09762435965792214 0.07400039961604096 0.055838052218439536 0.042232534882638846 0.0321308799728831 0.024653154547654217 0.019118167042414123 0.015014618111090715 0.011964782303920453 0.009692183220100936 0.007995648993343605 0.006729466604015284 0.005788627720208907 0.0050980903160234275 0.004605131425382052 0.0042740766363804136 0.004082906372224424 0.004021417121898113 0.004021417121898113 0.004021417121898113 0.004021417121898113 0.004021417121898113 0.004021417121898113 0.004021417121898113 0.004021417121898113 0.004021417121898113 0.004021417121898113 0.004021417121898113 0.004021417121898113 0.004021417121898113 0.004021417121898113 0.004021417121898113 0.004021417121898113 0.004021417121898113 0.004021417121898113 0.004021417121898113
0.05436636192165809 0.06969501010144691 0.08649030143561129 0.09882535361615097 0.09692119986509877 0.08266863454332074 0.06591466864212384 0.05121916169451323 0.03947398419881997 0.03042710760742077 0.02357291972419728 0.018418530706065125 0.014553330690095104 0.011656028220134703 0.009482946864255529 0.007852535819416648 0.0066311023662229355 0.0057211571070816735 0.005052455382265592 0.004575401165064788 0.004256414115161183 0.004074934669880298 0.004021417121898113 0.004021417121898113 0.004021417121898113 0.004021417121898113 0.004021417121898113 0.004021417121898113 0.004021417121898113 0.004021417121898113 0.004021417121898113 0.004021417121898113 0.004021417121898113 0.004021417121898113 0.004021417121898113 0.004021417121898113 0.004021417121898113 0.004021417121898113 0.004021417121898113 0.004021417121898113 0.004021417121898113
0.04671708773118422 0.05753415854794107 0.06785732756580244 0.07425005017003812 0.07333457494303476 0.06566381749428754 0.05498082523647443 0.044351970901517566 0.03513666861547551 0.027650619741103714 0.02176893914007214 0.017229376707315804 0.013758896130090528 0.011118892368529896 0.00911608309183026 0.007600100996727125 0.006456843246621003 0.005601314134813812 0.004971365567826203 0.004522749048120004 0.0042255091661976794 0.004061645524166291 0.004021417121898113 0.004021417121898113 0.004021417121898113 0.004021417121898113 0.004021417121898113 0.004021417121898113 0.004021417121898113 0.004021417121898113 0.004021417121898113 0.004021417121898113 0.004021417121898113 0.004021417121898113 0.004021417121898113 0.004021417121898113 0.004021417121898113 0.004021417121898113 0.004021417121898113 0.004021417121898113 0.004021417121898113
0.03863211147101669 0.04590305200834699 0.05221885579107556 0.055806733517481354 0.05530857837798155 0.05092984621243733 0.044245370241632984 0.03695764547446945 0.030155617767144823 0.024313492263693545 0.019527646949189726 0.015714811730239437 0.012727592852190087 0.010411160929963423 0.008627048260429466 0.0072605833293125635 0.006220962355470487 0.00543849786764512 0.004861204832334696 0.004451687783979423 0.004184727686121459 0.004045736567485017 0.004021417121898113 0.004021417121898113 0.004021417121898113 0.004021417121898113 0.004021417121898113 0.004021417121898113 0.004021417121898113 0.004021417121898113 0.004021417121898113 0.004021417121898113 0.004021417121898113 0.004021417121898113 0.004021417121898113 0.004021417121898113 0.004021417121898113 0.004021417121898113 0.004021417121898113 0.004021417121898113 0.004021417121898113
0.03125871178017998 0.03607246807729302 0.03999943813243685 0.042123474404507075 0.041833228146909804 0.039217365707585085 0.03500242526321961 0.030106142846273273 0.025255687660345527 0.02087307666341772 0.017130853667661452 0.014047900714536519 0.011566362120677241 0.009599651661586597 0.008058181025160639 0.006861256280579203 0.0059413718728993665 0.005244753040906508 0.004730321280640085 0.004368243324011248 0.0041386678872199515 0.0040309865067900755 0.004021417121898113 0.004021417121898113 0.004021417121898113 0.004021417121898113 0.004021417121898113 0.004021417121898113 0.004021417121898113 0.004021417121898113 0.004021417121898113 0.004021417121898113 0.004021417121898113 0.004021417121898113 0.004021417121898113 0.004021417121898113 0.004021417121898113 0.004021417121898113 0.004021417121898113 0.004021417121898113 0.004021417121898113
0.025033063021228347 0.028218780690626152 0.03070775251690676 0.03201318086140211 0.03183648117688772 0.030219887605944407 0.027523511551613446 0.024248067510471424 0.020848859210877372 0.017641564023662508 0.014796554552163145 0.012375222870992597 0.010372205635573464 0.008748314430763104 0.007451802227355475 0.006430393138114731 0.005637241415523065 0.0050333537761438245 0.004588183892992672 0.004279459447760193 0.004092883262178885 0.004022122946641111 0.004021417121898113 0.004021417121898113 0.004021417121898113 0.004021417121898113 0.004021417121898113 0.004021417121898113 0.004021417121898113 0.004021417121898113 0.004021417121898113 0.004021417121898113 0.004021417121898113 0.004021417121898113 0.004021417121898113 0.004021417121898113 0.004021417121898113 0.004021417121898113 0.004021417121898113 0.004021417121898113 0.004021417121898113
0.019996970587127273 0.022117751609695157 0.023724254891748814 0.02454947284797057 0.02443846675175687 0.02341280124679128 0.02166114003499838 0.019463037599842123 0.017097810714868218 0.01478426483472482 0.012662003839797336 0.010800734013572257 0.009220265330366456 0.00791021195204566 0.006845040161413515 0.005993993016795778 0.00532694761163021 0.0048175300404120795 0.00444460275453281 0.004192936464309042 0.004053633631451935 0.004021417121898113 0.004021417121898113 0.004021417121898113 0.004021417121898113 0.004021417121898113 0.004021417121898113 0.004021417121898113 0.004021417121898113 0.004021417121898113 0.004021417121898113 0.004021417121898113 0.004021417121898113 0.004021417121898113 0.004021417121898113 0.004021417121898113 0.004021417121898113 0.004021417121898113 0.004021417121898113 0.004021417121898113 0.004021417121898113
0.01602244776728287 0.017446293679063012 0.01850041911163387 0.01903388771043717 0.018962439916881648 0.018297673426690527 0.017142870501797587 0.01565805434013656 0.014014309691766542 0.012358090804463387 0.010794338455406147 0.009385708613856044 0.008160666286401176 0.007124129483751957 0.006267069754373567 0.005573762957450511 0.005026681748255152 0.0046095457277762295 0.004309145842493221 0.0041164906639505104 0.0040277237627149845 0.004021417121898113 0.004021417121898113 0.004021417121898113 0.004021417121898113 0.004021417121898113 0.004021417121898113 0.004021417121898113 0.004021417121898113 0.004021417121898113 0.004021417121898113 0.004021417121898113 0.004021417121898113 0.004021417121898113 0.004021417121898113 0.004021417121898113 0.004021417121898113 0.004021417121898113 0.004021417121898113 0.004021417121898113 0.004021417121898113
0.01293078187539133 0.013895603541817491 0.014597519313552014 0.014948823692349851 0.01490192429498229 0.014463319214343837 0.013691627607349504 0.012680701245674709 0.01153609166913529 0.010354434146909598 0.00921122233162452 0.008157287163941353 0.007221270074298052 0.006414875080757191 0.005738551669645967 0.005186384009779688 0.004749804077589044 0.0044202170817051875 0.004190825961254001 0.004057993250333803 0.004021417121898113 0.004021417121898113 0.004021417121898113 0.004021417121898113 0.004021417121898113 0.004021417121898113 0.004021417121898113 0.004021417121898113 0.004021417121898113 0.004021417121898113 0.004021417121898113 0.004021417121898113 0.004021417121898113 0.004021417121898113 0.004021417121898113 0.004021417121898113 0.004021417121898113 0.004021417121898113 0.004021417121898113 0.004021417121898113 0.004021417121898113
