_RESULTS/CROSS_VALIDATION_POSTPROCESSED/MHZ/GZ/3comp/5/MHZ_GZ_z_355_kriged_reverse_3comp_spherical_5.asc
ncols 100
nrows 74
xllcorner 5.5967023332191781
yllcorner 50.982320383219182
cellsize 0.00019249356164376555
nodata_value 1.7014100000000001E+038
[rows 40 to 59 of 74, columns 44 to 87 of 100]
8.151055647740517 7.901920056837272 7.640266738719303 7.3860691041036945 7.154810085820956 6.962082418839199 6.807828281131586 6.687795075063102 6.598770247057748 6.5415139882987985 6.5258472374661665 6.555133338662951 6.615508167790097 6.671593365730294 6.717575803274327 6.749692877531014 6.76514191059779 6.7622406825685895 6.740438812792891 6.700761696575562 6.652665115491839 6.600284369225304 6.543459228599145 6.483700666817464 6.424658807646293 6.373276228360569 6.335377851773734 6.3088606171212165 6.291036006821874 6.27803739894052 6.265724207720346 6.254129649467706 6.243411779022392 6.233813272224896 6.225675996563686 6.21943924809711 6.215578950942356 6.213935051337827 6.213951708935907 6.2140576411157395 6.214139629432618 6.214193317036947 6.217102773702286 6.226177073736813
8.322089676203152 8.040724402381054 7.742881043303797 7.459494402597762 7.217042981566819 7.0220941903228375 6.872932859981716 6.760395233027216 6.6739354862244555 6.624988726237933 6.621729320843482 6.664788593486157 6.745592835959268 6.82359825900491 6.887992739461845 6.934161394180436 6.958788693753261 6.960039577884143 6.937567447303332 6.892373180982933 6.831172541929758 6.764657157768974 6.690510416757489 6.602533684778475 6.516729657117288 6.43951028555836 6.376156654899987 6.331296407286781 6.299483815306525 6.278470367953533 6.265224536906744 6.253138623779312 6.242344544956864 6.233033054293961 6.225367157894695 6.219500099639248 6.215579328142275 6.213747516727016 6.213687602720805 6.2137726335889365 6.213839243166102 6.213883208696327 6.21437841305306 6.219702855605632
8.434829226103782 8.121665727774117 7.795544623544208 7.4946045791684845 7.24463715347749 7.051459650710651 6.914864764111579 6.826205617942378 6.752501572639753 6.716429518077795 6.73185829874368 6.795581836310541 6.900154264198241 7.0032852949013815 7.0884805384081835 7.150127140589178 7.184331699101137 7.189108762103878 7.164332606751931 7.1115096994361835 7.034970734701021 6.9482384879008405 6.851388725606862 6.739252983492062 6.628577891933348 6.526060985168422 6.437432176100858 6.367808067888069 6.32025947431574 6.28602429621499 6.265229164608573 6.253134294537889 6.242335060096782 6.232990503069868 6.225284364127707 6.219376764363054 6.21541777595906 6.213552613225624 6.213465621634586 6.213528851582736 6.213579290110441 6.213612961489007 6.213627307723046 6.215181689099185
8.472120511886429 8.131797484361632 7.79078429692766 7.480925445039549 7.226125385580255 7.036092541740689 6.910747434565229 6.849138954538897 6.805959070618421 6.800922422688338 6.8474188430358796 6.941325179808583 7.075695724629607 7.207781133547504 7.316477206416154 7.395092332920901 7.439156848768043 7.44661799093845 7.417653105206409 7.354240629779908 7.2597599811956846 7.146601480249924 7.021661524684236 6.889366440695737 6.755668676747923 6.628389702079727 6.514699732675108 6.420379632470673 6.350444247201514 6.303012420455229 6.2694679461403915 6.251899563651545 6.2413545040831 6.2322305751733 6.224697921530139 6.218933821615216 6.215105282327694 6.213362604663892 6.213298850482177 6.213340032699387 6.213374051089878 6.213397235812327 6.213407216982333 6.213403002300423
8.421039986444296 8.066676223206771 7.7236831966796 7.4134874949537775 7.156301527553194 6.970569889069539 6.861514950962519 6.8218150993016105 6.827227941041595 6.873139594451345 6.963693568291124 7.097670109726982 7.2689538031988885 7.433853656885733 7.568667899363761 7.665521773698983 7.7194624264072225 7.728612571538926 7.693699165915406 7.617387062601537 7.503650534215843 7.363842474875877 7.211670771675522 7.054213108935252 6.895359604433987 6.742614019706665 6.60371261762029 6.4849367047732756 6.391527940720361 6.3271122594971825 6.28128461541745 6.252003394174059 6.239465340475107 6.230775260534087 6.223633461298951 6.218214176979548 6.214685446909084 6.21321764448222 6.21319873228545 6.213218150687923 6.213235917772911 6.213248703421673 6.213254351103417 6.213251956433085
8.281602470570757 7.934410004748951 7.600231288598038 7.295274315400969 7.038042966435039 6.861675662740279 6.785179946353001 6.786035278083173 6.84071979431108 6.939558533506486 7.080660665232802 7.262012369400052 7.476363321693956 7.677159492734149 7.8400414181228815 7.955722965430789 8.019032207313208 8.028773211379264 7.986590413985904 7.896005813840695 7.7620535897795895 7.595884102193234 7.415712238027009 7.230420923405434 7.043976110340237 6.864541138041057 6.70009700988659 6.557152239592844 6.441019406746474 6.356194712457394 6.298478000982599 6.25796309626081 6.236880016433151 6.228727854418546 6.222150040617285 6.217248977435089 6.214200626272703 6.213173067490513 6.213173067490513 6.213173153662111 6.213175201423648 6.213177911364704 6.213179356403476 6.213178727071175
8.070750800573688 7.750843372034781 7.437655054688802 7.14351427494142 6.883684178065802 6.7207224075937155 6.6956687539446555 6.749914430277146 6.855535082472825 7.006030960918534 7.1990867634012385 7.43165907454473 7.692644911377304 7.9308819877134615 8.122380808292332 8.2561164550723 8.327416312019537 8.336748974794585 8.286969803835312 8.182071736561364 8.027695277381065 7.835436329301356 7.626621240985278 7.411715388782058 7.196027692784064 6.98904660954858 6.799018091656421 6.632506750219486 6.494725922879961 6.389958898385747 6.318896265890631 6.267987777674075 6.237056272250407 6.226237318987265 6.220373868344042 6.216134739079476 6.213704369981102 6.213173067490513 6.213173067490513 6.213173067490513 6.213173067490513 6.213173067490513 6.213173067490513 6.213173067490513
7.818300182440844 7.538979337273388 7.25982239783977 6.990028695396519 6.735710301081255 6.5686526242995535 6.624280617713126 6.72754550024431 6.877574976473497 7.0745930756960185 7.3172793333836434 7.601533055361568 7.9089050211119725 8.183901424834099 8.402241165678516 8.550892780062338 8.627610563427988 8.636420599238807 8.581055575903166 8.464228316954186 8.29082315526515 8.073281538624233 7.835816722827871 7.590105854509964 7.344533498168021 7.110018757530079 6.895092808288846 6.706243513127565 6.548428361688141 6.425593778640497 6.340438186173502 6.280162625867401 6.240492716310304 6.223485040296775 6.21846100087013 6.215007259494827 6.213315777696717 6.213173067490513 6.213173067490513 6.213173067490513 6.213173067490513 6.213173067490513 6.213173067490513 6.213173067490513
7.552207370719613 7.320382551304664 7.086410981616294 6.861497529866617 6.665782183142291 6.567033496665181 6.60628390239556 6.727944062210437 6.908053403164203 7.142867123113347 7.429694826472915 7.762552217340277 8.110965282917755 8.418994395763876 8.658872283320315 8.815481716009973 8.893972426430551 8.905218539881329 8.851154645905886 8.728767895393037 8.539867047881064 8.298693953138061 8.033071701806884 7.756185061532929 7.48135824644711 7.220569540356199 6.98252533583801 6.773473317440443 6.59796905640461 6.459519754646899 6.3610862877725785 6.292703145058525 6.2455908917349685 6.221667416778538 6.216589556129072 6.214023637818007 6.213173067490513 6.213173067490513 6.213173067490513 6.213173067490513 6.213173067490513 6.213173067490513 6.213173067490513 6.213173067490513
7.292830978993649 7.109029503832123 6.924124411971186 6.751194012600652 6.617156067971807 6.563441193970696 6.609510356122169 6.740360879728781 6.940724599084214 7.204083018948057 7.527181138188804 7.9011364294861695 8.279013224895829 8.612128682717021 8.863412203187481 9.01539494602957 9.093320600764828 9.117666025515033 9.079589478119482 8.96253046791452 8.762836467402662 8.49979667193886 8.206000205876288 7.899340293976048 7.59757581178055 7.313405663258342 7.055418716802636 6.8294181851627025 6.639436672490158 6.488483823477595 6.379099863502089 6.304007566177656 6.250951507147488 6.221571541288946 6.214952424800172 6.213356452601445 6.213173067490513 6.213173067490513 6.213173067490513 6.213173067490513 6.213173067490513 6.213173067490513 6.213173067490513 6.213173067490513
7.052258937288605 6.911918082137497 6.772355779424726 6.645662264791835 6.559427864072272 6.540503655512659 6.604670863939452 6.748368575114987 6.965065083970661 7.249928845855962 7.599434040202698 7.998154753409121 8.390857988381436 8.735724920322582 8.983105879363947 9.11138771492533 9.199506224711104 9.258627627228881 9.257436456051257 9.157354426886444 8.948212000255076 8.663148860558131 8.341049181887168 8.008139316135294 7.6840480553446335 7.3814013554590305 7.108250128065535 6.869773128643371 6.669429812892069 6.509747041560246 6.3928720921782825 6.312727469724355 6.255425272030787 6.222209340022303 6.213751017680082 6.213173067490513 6.213173067490513 6.213173067490513 6.213173067490513 6.213173067490513 6.213173067490513 6.213173067490513 6.213173067490513 6.213173067490513
6.836832842860717 6.7326647129942 6.6310292321620254 6.542119241252811 6.492263331122583 6.501845819719931 6.585370380216054 6.743195122304045 6.97347181554729 7.274732588435881 7.642731174911753 8.046463861795653 8.439156976116156 8.780194900527242 9.013688886100256 9.1252572257185 9.243836850288208 9.3465333836591 9.396058858502961 9.312644245070837 9.08165444513914 8.770053695094639 8.423350999975336 8.07126424357605 7.7324213013572995 7.418424786048522 7.136490117107693 6.891147650731884 6.685363892268514 6.521294974503826 6.400810280431507 6.317847205040696 6.258168290948897 6.222861973776038 6.213190281215622 6.213173067490513 6.213173067490513 6.213173067490513 6.213173067490513 6.213173067490513 6.213173067490513 6.213173067490513 6.213173067490513 6.213173067490513
6.64979660971132 6.573852048046266 6.502071189899469 6.442624745883826 6.419909581958866 6.45240440272682 6.552975469507509 6.724918635965982 6.969240431530806 7.284038762614127 7.658202472442062 8.049501365672999 8.428827242403731 8.758225846308806 8.997523849282606 9.148632972848421 9.275049009777046 9.4001587528612 9.512223666089966 9.417376550986377 9.139011936842714 8.800017693695922 8.438780191798049 8.079571186298507 7.736640819409496 7.420365246459344 7.1372828943417375 6.891513859857416 6.685766584576319 6.522033030735634 6.402079193293667 6.318758996516394 6.258693257759681 6.223127804243909 6.213173067490513 6.213173067490513 6.213173067490513 6.213173067490513 6.213173067490513 6.213173067490513 6.213173067490513 6.213173067490513 6.213173067490513 6.213173067490513
6.492964312315917 6.43781851694938 6.3884851498428095 6.351074661721465 6.347636122298056 6.398517028257618 6.5163591884543655 6.702946449939254 6.958652331881213 7.281216534435793 7.641391247391255 8.012571277500562 8.37136729752118 8.688380242160408 8.937614425757934 9.118668165699498 9.258721398115197 9.376546123846516 9.450190016443932 9.350716708947768 9.080232343858913 8.743851105128849 8.385183084702016 8.03000066072663 7.694655696769494 7.386098595943663 7.110014842546199 6.870552670712439 6.670494271225301 6.511924476217645 6.396708393585454 6.315319585358094 6.2569073540215046 6.2226965112051325 6.213173067490513 6.213173067490513 6.213173067490513 6.213173067490513 6.213173067490513 6.213173067490513 6.213173067490513 6.213173067490513 6.213173067490513 6.213173067490513
6.36760728233712 6.326854270065048 6.293630531219896 6.272045272419283 6.2827804977859305 6.351767798092174 6.48467488207603 6.68283679211715 6.946773296473248 7.259620188761681 7.596922118471988 7.943264572429576 8.278556487039731 8.579933295997568 8.82886978054911 9.020158738756368 9.16048193776102 9.251107872384612 9.266072712845952 9.152647353810508 8.915882731576914 8.607626176448404 8.270513666203176 7.93231872788769 7.610982478193574 7.317963477688048 7.056558992162522 6.829787534232112 6.640809055137371 6.492036652972153 6.385314553143849 6.30787675960512 6.252783386466663 6.2209349517631525 6.213173067490513 6.213173067490513 6.213173067490513 6.213173067490513 6.213173067490513 6.213173067490513 6.213173067490513 6.213173067490513 6.213173067490513 6.213173067490513
6.274943422658438 6.243299128395324 6.220931087766826 6.2116168480180605 6.236087807650261 6.319425483631012 6.464030974252684 6.6710556968047285 6.929645497539 7.219889435319303 7.531286532597995 7.849977824256557 8.15901291975466 8.440161134814165 8.677081783322354 8.860945143264233 8.988022017003583 9.050582482415342 9.027753519036361 8.904286957131333 8.690977600702295 8.415337651268736 8.108970101035576 7.7971382497321065 7.497759711453613 7.2230723363270215 6.981071103948093 6.77244987820618 6.599289440640127 6.464481564926312 6.368604748609598 6.29660457738536 6.245989507489375 6.2182268358114205 6.213173067490513 6.213173067490513 6.213173067490513 6.213173067490513 6.213173067490513 6.213173067490513 6.213173067490513 6.213173067490513 6.213173067490513 6.213173067490513
6.21642728473357 6.189621310078353 6.1744924316933165 6.177374141491621 6.213513748826649 6.307612322174924 6.461147149770434 6.663501041265363 6.9013582020698445 7.167255982860526 7.451292806730141 7.740950811637376 8.021561049286092 8.27768805698385 8.494438771765662 8.660603161937466 8.766211818745454 8.80063931943523 8.754935432638245 8.631149754876756 8.437373243861849 8.192108480748606 7.9183019888002235 7.636864808289326 7.364241732419403 7.112514674424748 6.8903556974886415 6.703113221698883 6.5495579602943375 6.431840138708042 6.3468655459226975 6.281754826662091 6.237379914579006 6.215354704467764 6.213173067490513 6.213173067490513 6.213173067490513 6.213173067490513 6.213173067490513 6.213173067490513 6.213173067490513 6.213173067490513 6.213173067490513 6.213173067490513
6.190683730447965 6.168353919863128 6.16038219157288 6.173488392004285 6.220724268685331 6.321390909566538 6.466785811480726 6.6503123449629875 6.866224832119416 7.107099616841511 7.363497801322786 7.623914858697025 7.875215413076296 8.103645994552215 8.294495386539857 8.434748302904366 8.514527295641 8.526107367726848 8.470665583506278 8.351200615883034 8.17535581970135 7.957358241124794 7.71460967570567 7.46402277931241 7.219963403956522 6.993697396189889 6.79376755990089 6.626660678109808 6.494701019869398 6.396179016297854 6.321368400785969 6.26477902298251 6.228199531450826 6.213403018283302 6.213173067490513 6.213173067490513 6.213173067490513 6.213173067490513 6.213173067490513 6.213173067490513 6.213173067490513 6.213173067490513 6.213173067490513 6.213173067490513
6.192667672300544 6.179776863366128 6.179019200097508 6.2041505610455685 6.255868854284688 6.343350673782817 6.471310168128788 6.635009409870209 6.828534907205112 7.044525798115643 7.273820823193924 7.50535865814724 7.726620484225615 7.924422683075659 8.085370393385691 8.197664883885958 8.252622659123904 8.249650476890242 8.19011465015467 8.076921018017504 7.917670520317942 7.723987747698718 7.509634675839484 7.288377958118654 7.072507925610558 6.872236699188325 6.695744499958765 6.549562136297761 6.438822805419919 6.3582235963952805 6.294170496438911 6.247432812169828 6.219971366858705 6.213173067490513 6.213173067490513 6.213173067490513 6.213173067490513 6.213173067490513 6.213173067490513 6.213173067490513 6.213173067490513 6.213173067490513 6.213173067490513 6.213173067490513
6.222272489861745 6.2202594275271705 6.22126019243237 6.2448039137382265 6.291618161235569 6.364345212006681 6.4744749871783265 6.618026840363012 6.789021099029453 6.980146865380678 7.182503874672913 7.385557967835757 7.577446162414524 7.745730357506766 7.877924174861758 7.9635313412965925 8.000191166110774 7.987034553684431 7.924829831161989 7.817703657240497 7.672977335215685 7.500507801547199 7.311532478089676 7.117389999096757 6.928537360323948 6.754049302425731 6.601547926847336 6.477411774020897 6.386758541327592 6.31987048365389 6.2675340177920145 6.231686686403503 6.214435175676632 6.213173067490513 6.213173067490513 6.213173067490513 6.213173067490513 6.213173067490513 6.213173067490513 6.213173067490513 6.213173067490513 6.213173067490513 6.213173067490513 6.213173067490513
