_RESULTS/CROSS_VALIDATION_POSTPROCESSED/MHZ/GZ/3comp/5/MHZ_GZ_z_180_kriged_reverse_3comp_spherical_5.asc
ncols 100
nrows 74
xllcorner 5.5967023332191781
yllcorner 50.982320383219182
cellsize 0.00019249356164376555
nodata_value 1.7014100000000001E+038
[rows 19 to 37 of 74, columns 0 to 43 of 100]
45.37583879238166 45.36603026984033 45.359559982068426 45.35960605632939 45.364665540159166 45.37413646733084 45.38739400696727 45.403539849797944 45.42153142324292 45.44024757035277 45.458558118329165 45.475352550108234 45.48898863445046 45.49335269689464 45.482785711726656 45.45885318245764 45.423936576720244 45.38129638310376 45.33565928155859 45.29320182225136 45.227679369201454 45.13050543500173 45.00591494317654 44.857468793279466 44.68760407440875 44.495717463955096 44.28008580478107 44.037341615669426 43.76218546921342 43.45069180959784 43.10560984053921 42.743594182425454 42.40518688305589 42.16486359419071 42.11037327996925 42.267480428351774 42.58783964698428 42.98849579288741 43.42989026306644 43.91224030467477 44.379265329472986 44.80249802336449 45.17270100261908 45.48952924328933
45.352977607196856 45.34067581046496 45.33274512527834 45.334381754933894 45.343315397615385 45.357853849972116 45.37706228019329 45.399682281587225 45.42441581523928 45.450363535842556 45.47622595778187 45.500455667510856 45.519287280498574 45.52413958422379 45.51556510808429 45.49495755666837 45.46332868706319 45.420982472633604 45.36844308933465 45.31186350642911 45.23972211286578 45.13610639802228 45.00826419474903 44.8619805977884 44.70091788887993 44.5278527714356 44.34347339109886 44.1463924257469 43.93475880372207 43.70824282459182 43.47083372315527 43.236409588882935 43.03148589515193 42.90120698990417 42.88446909916346 42.9934994979762 43.20765683921589 43.48578017264832 43.78579425402006 44.109290436952364 44.45703222447585 44.795493817750355 45.10618125342065 45.38044625126254
45.32953830292273 45.31396217720447 45.303953476884864 45.30576339941606 45.31859813161182 45.33853034449185 45.36409081352832 45.39359220911759 45.42584406732716 45.459244984857634 45.49223650334963 45.52304463690623 45.54270687822976 45.548753142750215 45.54294828899258 45.526589418197446 45.49920554626301 45.45689582468514 45.3955086305231 45.320305585787416 45.23638282116214 45.124936009354954 44.99181134125269 44.845210834076596 44.69212723055136 44.53730542299928 44.38295128722533 44.22903940235883 44.0741089195538 43.91796424865094 43.764051384324915 43.62131774300801 43.50666749247243 43.44683575871755 43.45800006768808 43.54658214115308 43.703053643511296 43.90584854781475 44.12926172888587 44.35381927637766 44.58942912910395 44.8396547644558 45.083313447681135 45.30716408916232
45.30651570195238 45.28657073657865 45.27312885163515 45.27379695240925 45.290058840589076 45.3166786305106 45.34981450121238 45.38731556002505 45.4271623914215 45.4676088818382 45.50712798627386 45.54121236283097 45.56117173807254 45.568537625675475 45.5654626364141 45.55364331222261 45.532411027223 45.49142024306665 45.41554381399999 45.3162041945065 45.21059251619208 45.08853375465275 44.94770781926164 44.79934952601939 44.65293592706426 44.515225298642505 44.38940106964993 44.275418828904186 44.1714864303498 44.07541794879645 43.987678985774416 43.91278154968912 43.863678799633725 43.85351695075011 43.88802322851886 43.970500553021694 44.096172794638825 44.253104395041184 44.42551649925067 44.59793912611937 44.7667969209009 44.934126453012304 45.108837643539964 45.27767619146402
45.28559589126554 45.2599534960587 45.240641557095415 45.23821578767669 45.25729742290333 45.292795439429426 45.33561608831649 45.38186741880613 45.42932313544029 45.476413475620205 45.521711903561595 45.55635617050567 45.57652773041882 45.58454831202551 45.582676645549135 45.572964527534644 45.557049959251714 45.525270830730456 45.419033920890705 45.29269315214934 45.15969741185795 45.0240851073508 44.87440745762726 44.721770582933175 44.579415659769715 44.45693250915729 44.35831727959856 44.28229010177333 44.224780317953076 44.181742922946746 44.149679787107345 44.13043712979793 44.13216649335961 44.16014507281972 44.215079484672934 44.29872122688033 44.40861177640016 44.537796119106254 44.67628760537749 44.81285929843853 44.94322500109467 45.06865580509683 45.18420848300312 45.29636929662031
45.26951660973746 45.23743628169819 45.20858006158977 45.19841229641393 45.22281076495599 45.269679542182935 45.32324877545286 45.37783045452886 45.43209728435546 45.485017263264226 45.53418214186909 45.56882983041494 45.58874845607229 45.595892233573494 45.591834314035125 45.577209066448766 45.55091627195594 45.497226493526355 45.38963707325031 45.247810518082 45.091737147184034 44.93231285387388 44.77086594326415 44.60948188016953 44.467312846570636 44.358770161145536 44.28847931995935 44.251702663796216 44.23962302809797 44.24432516707459 44.26106695936484 44.2902629199983 44.33375882951448 44.39327762667785 44.46687829313342 44.55562304871209 44.65826620006616 44.77062061642328 44.8861755552446 44.99702671452495 45.09772637624876 45.1940580052388 45.282641180911355 45.359520726887105
45.26181940552324 45.22554305582299 45.186885094701644 45.15456591527167 45.19827970843148 45.25746854678502 45.31906587049003 45.38011434381908 45.439240359825604 45.495920157545875 45.54578100377146 45.578762165846385 45.596174679560164 45.599532365694266 45.589717857078575 45.56719198728915 45.525975808078705 45.45364665058019 45.33934921616973 45.18715044845562 45.01139017935634 44.82382908078103 44.6376536603223 44.46022212992093 44.31172633355603 44.216161607614566 44.17870849160202 44.18656254446239 44.2226014509421 44.27426949425391 44.33672546480928 44.407438017288534 44.48580056010338 44.57194100298305 44.66220346139159 44.75754682780867 44.85744751265119 44.95934584991226 45.05888894164209 45.150408924947136 45.22843375286711 45.30014610722157 45.36530807773339 45.42018041254206
45.264891248733406 45.231218219871714 45.19838350147693 45.18199538851723 45.21304853077117 45.26744907605043 45.3276364692671 45.39017303273094 45.451469714145546 45.509669557891655 45.55805675442935 45.58826604834898 45.60184888189456 45.60040862873194 45.58539843096565 45.55356411475377 45.498734153859175 45.412533508840404 45.28763931824969 45.12384212331392 44.92964531665412 44.71380105098297 44.488938633100425 44.27794847259289 44.1105094452709 44.02738752229821 44.03400175577773 44.09669698537042 44.18501165847285 44.28436379125173 44.388571558812586 44.4954628450577 44.60326996216936 44.7106095252103 44.814828519880194 44.9165079840702 45.0155208446562 45.110309562653384 45.19789631175265 45.27412542883942 45.33414941735027 45.38477239681578 45.4291695287756 45.463857863061264
45.27997776224263 45.25475238842134 45.23432672075982 45.230715199934295 45.25354633289535 45.296738429461364 45.350175099559024 45.40815224645873 45.46760966977839 45.525258820483636 45.57083637542754 45.597575618338475 45.60770081186668 45.60394442689287 45.584255691113 45.54432512140607 45.47830402816672 45.38005534102797 45.245062748066935 45.070625494800936 44.8607133142831 44.61962979002095 44.35517423261747 44.08620118762427 43.866442085477544 43.795832732893594 43.873071770746265 44.00362034733003 44.1461429133445 44.28882686728443 44.428444570918195 44.5647032223781 44.69689180271909 44.82056474020808 44.93474538270756 45.04109991258073 45.13926720146011 45.228231268897936 45.305889609177726 45.36910142326167 45.41385045522839 45.44606632793863 45.471764116708115 45.48768991200169
45.305305117934836 45.28889402428913 45.278260474807446 45.28040540355386 45.30083166339266 45.336845827927924 45.38309355195309 45.43477623285451 45.48841569162526 45.54143090268158 45.58329552953166 45.6069371917729 45.6164595342612 45.61132808898104 45.588417779389225 45.54304016240274 45.469745195337126 45.363261806577576 45.21951830099476 45.0373454325557 44.818081886584864 44.5616142582853 44.27056770583234 43.95003761754882 43.6193583661863 43.555148168179564 43.750218743726535 43.94411131368031 44.12772416487118 44.30168315528184 44.46686590103159 44.62426449088817 44.77383968834667 44.90864113556556 45.02907675291937 45.137053936819385 45.233159398365366 45.31617746661812 45.38451032545205 45.435672741014585 45.46634433277508 45.48211136097969 45.490594444135795 45.49127841418535
45.33727185892033 45.32861681189241 45.32546698594681 45.33150460691019 45.35102716636612 45.382594204141945 45.42279162817175 45.46795046511445 45.51485658250546 45.56085748090158 45.595954020179875 45.61763869948525 45.62745486055066 45.622368165787705 45.5984240647729 45.55089226526017 45.474679533389214 45.36481741797528 45.21720014487107 45.031187648079616 44.810006879716624 44.55360830221675 44.264781760381744 43.952718186122624 43.653119673969066 43.58659357823377 43.754130050945896 43.9504085716943 44.14542508807096 44.33253370568197 44.510783247769595 44.68005388766337 44.838469423909594 44.978667261598936 45.101237976014914 45.20784676407396 45.299139725189654 45.37249744418522 45.42751685079369 45.463646553900226 45.47903459824356 45.4808952891897 45.48337582582485 45.486900443720444
45.37324072057572 45.37127596757097 45.37425519991521 45.384038020900434 45.40309955474381 45.43158531764843 45.46680287705212 45.50577254357045 45.545656066780424 45.583959965842254 45.61419917921773 45.633704707797314 45.64226320284187 45.6364074466611 45.611544910949 45.563344327685954 45.48745881323354 45.37905416324349 45.23348559106283 45.05128355171008 44.83620306760333 44.59426274339569 44.33273524399009 44.07432516464808 43.87090587846318 43.80507026101906 43.8821800040927 44.029609560553496 44.20251524485183 44.38259558414202 44.56143806427676 44.73343321433174 44.89190610494012 45.03167932454754 45.148857349948294 45.241674953521446 45.31359482738113 45.36728402923781 45.40314415437041 45.42287205547769 45.428273726380695 45.42993757259646 45.43661189098852 45.452719165771406
45.41131493144231 45.41524516432354 45.42355276411343 45.43731741885733 45.456460245887484 45.48255138506763 45.513538263766655 45.54676250890343 45.57966830488215 45.61036370993825 45.6376640820824 45.65374772428286 45.6581017798857 45.64792220555371 45.61945361031124 45.569420033739306 45.495047665426895 45.39162103077773 45.25213797023343 45.07811508589084 44.876460491177205 44.658226606004014 44.4380430861289 44.23457450822969 44.082517194592285 44.021337378570344 44.0569462041959 44.16098515504244 44.30260643933565 44.461539670565706 44.62598895449766 44.78730801628368 44.934479613454684 45.0554356335256 45.1488968815129 45.21839312196769 45.26807227402866 45.30222140731398 45.32360505583514 45.333706694973294 45.33395619332416 45.33732086858923 45.358345660933026 45.396671290414695
45.449998511121095 45.459252962170694 45.47234455476508 45.489812076418076 45.51053607666354 45.534616225111414 45.561877556101805 45.58976030559519 45.61582685284634 45.63779744580705 45.65797469544241 45.668700534193064 45.668235368232196 45.653425848815374 45.62110347579666 45.569275087713514 45.497226668703114 45.40207814315523 45.26947156990529 45.10325364433198 44.91631304966609 44.72253422109352 44.53907696011938 44.38244344884634 44.27193089934546 44.224152685873065 44.24152783171136 44.316659081535285 44.43085660513623 44.567388592616666 44.71391100757987 44.85172436731993 44.966689672035294 45.05663991709422 45.12079246730456 45.1628057429744 45.18736006281171 45.19955907244621 45.20375979608401 45.20156496465668 45.196367558840485 45.21233279250498 45.25396160400299 45.31657095397594
45.48798346258763 45.50212571979543 45.519574616608935 45.54052429964035 45.56354056279303 45.586991427183406 45.61088761808423 45.633106821719224 45.647738766494165 45.65905328862409 45.671700610088365 45.67726178993442 45.67147963429905 45.65136169183638 45.6148100997059 45.561295437274346 45.49147841442148 45.403287290044545 45.273938681961035 45.11624629546605 44.945698107864 44.7762430729635 44.623847960110595 44.50453654917778 44.42717278330879 44.399745539944085 44.42081602615312 44.480545609106066 44.573657667157484 44.690004015604515 44.80729138189493 44.90656778266159 44.984520184954796 45.03881717809111 45.06858139132671 45.0777848525681 45.07187122572219 45.05710322940687 45.039586295515406 45.022161373595914 45.02089222837115 45.05370523720366 45.117861731453225 45.207947261669986
45.52404363453672 45.542712723105524 45.56451108386159 45.589288452325114 45.61501381477238 45.63947790378376 45.65957555981513 45.670542589382286 45.672949144556796 45.67418719211677 45.677793188825724 45.67755568621462 45.665230455926476 45.63847710596525 45.596458731133566 45.53968402383698 45.46807716481887 45.37591620837288 45.2533514845618 45.10918540838041 44.957688488136775 44.81237978172708 44.68793519392674 44.59929240380893 44.55145998137327 44.54556509086219 44.57818702177751 44.640528630800056 44.72189007723527 44.81120345582164 44.888268275606386 44.94739784306163 44.98535553557754 44.99963683688969 44.9897154022535 44.96010726328182 44.91733897086935 44.86935572564204 44.824484047741905 44.79480298095888 44.801959300622286 44.852816525419286 44.94360727179216 45.066714901351865
45.56037589616016 45.586105277941726 45.61422023809851 45.64427855156345 45.673926378160225 45.69962845597501 45.71302154501067 45.71260658810042 45.701190252184645 45.68786216495215 45.676634761402745 45.66675715759852 45.64592521203808 45.61046235234782 45.56054331109826 45.49676507515573 45.418835712279325 45.32379461928384 45.208961021836615 45.0805917428317 44.94958786221796 44.82790156911937 44.728984822278335 44.667219921900674 44.648103974059865 44.6656364596204 44.713623211061275 44.78368260782776 44.860065127233 44.91631333971869 44.95652465358624 44.97750139191208 44.97500462180908 44.94547775776091 44.88884382840995 44.810611409352106 44.71976409642329 44.62847279279526 44.55085519797063 44.51185361670746 44.52759644696719 44.600151936301835 44.7233385395772 44.88663027638628
45.60206973111451 45.63507879040363 45.669639732924026 45.70540162672593 45.739713810516655 45.7633046804988 45.771560652433195 45.76341816853132 45.74013988894455 45.71043937184929 45.678746511640846 45.647605845713386 45.61089332265886 45.56332242563359 45.50319281744543 45.43080211211795 45.347318452683716 45.251555760389664 45.144719506201696 45.03222233053649 44.92203789562509 44.823287534006504 44.74726958591733 44.71029371616253 44.72126705926877 44.7648809263254 44.830608451011805 44.91219179528125 44.983325115078436 45.02734294908772 45.03971115268222 45.0262454243368 44.98366520399051 44.907560806061724 44.798218006393775 44.6612157054392 44.50678767194226 44.350205832016485 44.22186481079636 44.161024194889656 44.18287064366623 44.2812398451377 44.445276003428255 44.659525857877455
45.64655438662123 45.68654207178536 45.72742945035348 45.768980797984185 45.8051355873239 45.82672968427585 45.832193186063385 45.81902274946861 45.78608228604332 45.73919280873963 45.682872617626266 45.623124912211125 45.563538325468656 45.49653360652605 45.422592655980395 45.34244848815231 45.25429256944579 45.15964772878041 45.06189017266517 44.966072626694746 44.87793047341423 44.803195696317886 44.74794852346711 44.730880775155114 44.7790379153177 44.85406830517747 44.94824466584063 45.04411675374161 45.11399581935206 45.149171713307254 45.14251874081286 45.09619872552052 45.01358529927595 44.88916713757344 44.7228203568687 44.51933140656224 44.28953241744615 44.053704230579356 43.86271919757988 43.7591810245238 43.76101327820274 43.87665772020959 44.09388382616826 44.37558690510062
