_RESULTS/CROSS_VALIDATION_POSTPROCESSED/Berg/GZ/4comp/1/Berg_GZ_z_500_kriged_reverse_4comp_spherical_1.asc
ncols 100
nrows 90
xllcorner  5.6208707817415728
yllcorner 50.959635321741573
cellsize 0.00013419651685393446
nodata_value 1.7014100000000001E+038
[rows 0 to 17 of 90, columns 42 to 83 of 100]
0.20016009889489117 0.23307232382984203 0.2729698382032202 0.3211151086128717 0.37888451368789294 0.4478916910311548 0.5298826660477849 0.5503888472758343 0.46546043182004276 0.39385830444023046 0.3337874485477907 0.2836310016903066 0.24192074728468244 0.20734382774266683 0.17876042302605982 0.15519515619990604 0.1358238434387413 0.11995805428523959 0.10702923160445629 0.09657355742313437 0.0882183349799829 0.08167037450563377 0.0767067044780227 0.07316786875551382 0.07095410797971845 0.07002486760533068 0.06999371797564512 0.06999371797564512 0.06999371797564512 0.06999371797564512 0.06999371797564512 0.06999371797564512 0.06999371797564512 0.06999371797564512 0.06999371797564512 0.06999371797564512 0.06999371797564512 0.06999371797564512 0.06999371797564512 0.06999371797564512 0.06999371797564512 0.06999371797564512
0.19845214601189018 0.23016936008836156 0.26823453162701133 0.3136057350850605 0.36688332549579267 0.42652776373463014 0.4819309560849399 0.49033963815178366 0.4407400948956592 0.38078036812423544 0.32592394850981166 0.2785515050316997 0.23846819656384838 0.20492458248825376 0.17702944444302318 0.15393789153106138 0.13490087909258544 0.11927584989096264 0.10652351990922443 0.09619940877083984 0.08794396036211406 0.08147313829788132 0.076570502093999 0.07308138148475479 0.07090964454170808 0.07001761723276537 0.06999371797564512 0.06999371797564512 0.06999371797564512 0.06999371797564512 0.06999371797564512 0.06999371797564512 0.06999371797564512 0.06999371797564512 0.06999371797564512 0.06999371797564512 0.06999371797564512 0.06999371797564512 0.06999371797564512 0.06999371797564512 0.06999371797564512 0.06999371797564512
0.1931079492736854 0.22207631053836285 0.2560056773187436 0.2949490291364597 0.33783675427288995 0.3806416852351945 0.41255162003524853 0.41665273910149747 0.39019423664362923 0.34875812082761654 0.3050735389029219 0.2645146466842288 0.22876175144609565 0.1980378982651067 0.1720566139581644 0.1503024284834567 0.13221938592030677 0.11728690347777795 0.10504541270523109 0.0951040153286077 0.08714004709032708 0.08089543541058729 0.07617242292321046 0.07283013195343854 0.07078295777011005 0.07000164517436931 0.06999371797564512 0.06999371797564512 0.06999371797564512 0.06999371797564512 0.06999371797564512 0.06999371797564512 0.06999371797564512 0.06999371797564512 0.06999371797564512 0.06999371797564512 0.06999371797564512 0.06999371797564512 0.06999371797564512 0.06999371797564512 0.06999371797564512 0.06999371797564512
0.1848386346026405 0.21007460429483615 0.2386777261827493 0.2699985412059747 0.3021711120359173 0.3311776609919682 0.3503588885775684 0.352854582725985 0.33724359834274525 0.3095343425617899 0.2770145899586875 0.24450200211957007 0.21439672934789383 0.18764135251675096 0.16443418640583746 0.14466290486258823 0.12802272857508082 0.11415359146662372 0.10270579060031353 0.09336481105385168 0.08586194316913726 0.07997786154934451 0.07554316083054681 0.07243820426691305 0.07059382714245048 0.06999371797564512 0.06999371797564512 0.06999371797564512 0.06999371797564512 0.06999371797564512 0.06999371797564512 0.06999371797564512 0.06999371797564512 0.06999371797564512 0.06999371797564512 0.06999371797564512 0.06999371797564512 0.06999371797564512 0.06999371797564512 0.06999371797564512 0.06999371797564512 0.06999371797564512
0.17460106045734344 0.19574201411263997 0.21886575374387776 0.24302916540382669 0.266384165658115 0.28592685636609666 0.2978413119896383 0.2990505562695749 0.2891627324948896 0.2704353718301892 0.24681304175724345 0.22171453749700262 0.19735701703754055 0.1749318094301792 0.1549519533659077 0.13754320059154448 0.12266125771228244 0.1101147722553079 0.0996706322425003 0.09109942509326331 0.08419482513744006 0.0787836468435827 0.07473108717845402 0.07194400699279785 0.07037418512264872 0.06999371797564512 0.06999371797564512 0.06999371797564512 0.06999371797564512 0.06999371797564512 0.06999371797564512 0.06999371797564512 0.06999371797564512 0.06999371797564512 0.06999371797564512 0.06999371797564512 0.06999371797564512 0.06999371797564512 0.06999371797564512 0.06999371797564512 0.06999371797564512 0.06999371797564512
0.16335100263793081 0.18050407730525037 0.19862561038645846 0.21677587288987474 0.2334563345241072 0.24663834845782684 0.2541479997579098 0.2544688263731774 0.24753279156971442 0.23464308553719113 0.21759167919133707 0.19859729347788674 0.1793987477861179 0.16112430297525943 0.1444014064181894 0.12951009929934018 0.11653109017369066 0.10544894373314914 0.0961384129113235 0.08845158702601878 0.08224479685267616 0.07739299511540794 0.07379865863823065 0.07139803649893987 0.07016679919864577 0.06999371797564512 0.06999371797564512 0.06999371797564512 0.06999371797564512 0.06999371797564512 0.06999371797564512 0.06999371797564512 0.06999371797564512 0.06999371797564512 0.06999371797564512 0.06999371797564512 0.06999371797564512 0.06999371797564512 0.06999371797564512 0.06999371797564512 0.06999371797564512 0.06999371797564512
0.1518859001032681 0.16542540111773896 0.1792760400131884 0.1926399159604362 0.204410003040238 0.21326828391431438 0.21795953149396488 0.2176987379680308 0.2125037458618857 0.20320987440811425 0.19090307321789488 0.17667715375554438 0.16179912154029086 0.14720896200274017 0.13351709041925258 0.12106839120705616 0.11001896218501515 0.10043875023142593 0.09231719953074906 0.08557628001732744 0.08012923637222952 0.07589681775856644 0.07281839649823448 0.07086037954345414 0.07002384313716767 0.06999371797564512 0.06999371797564512 0.06999371797564512 0.06999371797564512 0.06999371797564512 0.06999371797564512 0.06999371797564512 0.06999371797564512 0.06999371797564512 0.06999371797564512 0.06999371797564512 0.06999371797564512 0.06999371797564512 0.06999371797564512 0.06999371797564512 0.06999371797564512 0.06999371797564512
0.1407887249948186 0.15119375103218682 0.16153116499434264 0.17118019367544876 0.17936190273679575 0.18523221658808528 0.1880549709059646 0.18741202561932963 0.18335300116880784 0.1763938048995457 0.167345529051363 0.15675721198368348 0.14536006509661803 0.1338880454073581 0.12287346300360294 0.1126624932442223 0.1034531879310203 0.09534392837663122 0.08840586032066793 0.08262688104055634 0.07796809864999438 0.07439094094285872 0.0718691330886155 0.07039841777571433 0.06999371797564512 0.06999371797564512 0.06999371797564512 0.06999371797564512 0.06999371797564512 0.06999371797564512 0.06999371797564512 0.06999371797564512 0.06999371797564512 0.06999371797564512 0.06999371797564512 0.06999371797564512 0.06999371797564512 0.06999371797564512 0.06999371797564512 0.06999371797564512 0.06999371797564512 0.06999371797564512
0.13043872944208793 0.13819275601386238 0.14569666577154006 0.1524931488102915 0.15804854445834518 0.16182379104907502 0.16338031229692593 0.16249165871469198 0.1592148187055558 0.153884905432964 0.14703442937854427 0.13916400411840715 0.13051207909842616 0.12160223870255735 0.11287197077781402 0.10463577543594824 0.09709982883637887 0.09038528730014077 0.08458167759696823 0.07974598027523302 0.07587736906414409 0.07297161815308613 0.07103310844287561 0.07008515359938888 0.06999371797564512 0.06999371797564512 0.06999371797564512 0.06999371797564512 0.06999371797564512 0.06999371797564512 0.06999371797564512 0.06999371797564512 0.06999371797564512 0.06999371797564512 0.06999371797564512 0.06999371797564512 0.06999371797564512 0.06999371797564512 0.06999371797564512 0.06999371797564512 0.06999371797564512 0.06999371797564512
0.12105130620412832 0.12659187228589894 0.13183168337414297 0.13644555062102698 0.14007155220438203 0.14236235830815186 0.1430509619573077 0.142012548031848 0.13930020999205378 0.13513949480861762 0.12988372552516436 0.12394203651788394 0.11743130335235351 0.11058950608972386 0.1037646619300676 0.09722718425389458 0.09117226350098705 0.08573122313690225 0.0809946026417166 0.07706042063431733 0.07396522608926191 0.0717328339498566 0.07039431850852051 0.06999371797564512 0.06999371797564512 0.06999371797564512 0.06999371797564512 0.06999371797564512 0.06999371797564512 0.06999371797564512 0.06999371797564512 0.06999371797564512 0.06999371797564512 0.06999371797564512 0.06999371797564512 0.06999371797564512 0.06999371797564512 0.06999371797564512 0.06999371797564512 0.06999371797564512 0.06999371797564512 0.06999371797564512
0.11272267179169246 0.11642302599424749 0.11986010985560858 0.12280567536654118 0.12501056079720374 0.12624389852509593 0.1263364208541827 0.12521653079795714 0.12292872889224898 0.11962866624359188 0.11555689099642039 0.11100050005017259 0.10613587380312187 0.10094671949678238 0.09568922854445451 0.09058890901116622 0.08582126648781835 0.08151620603294045 0.07776706080945067 0.07468022722068099 0.07233093055579183 0.07076556295506561 0.07003833489861917 0.06999371797564512 0.06999371797564512 0.06999371797564512 0.06999371797564512 0.06999371797564512 0.06999371797564512 0.06999371797564512 0.06999371797564512 0.06999371797564512 0.06999371797564512 0.06999371797564512 0.06999371797564512 0.06999371797564512 0.06999371797564512 0.06999371797564512 0.06999371797564512 0.06999371797564512 0.06999371797564512 0.06999371797564512
0.10546826399451582 0.10763695641085383 0.10964129551859461 0.11131489018533398 0.11247442114865355 0.11295493549909168 0.11264097526286664 0.11148791767159914 0.10953069609198089 0.10687892141137871 0.10370034615874053 0.10019759077464208 0.09655545781884853 0.09268149319199608 0.08870397380164464 0.0848082017234765 0.08114772446432746 0.07784511663050012 0.07499654687828923 0.07270064753820846 0.07106612895465206 0.07015893078707074 0.06999371797564512 0.06999371797564512 0.06999371797564512 0.06999371797564512 0.06999371797564512 0.06999371797564512 0.06999371797564512 0.06999371797564512 0.06999371797564512 0.06999371797564512 0.06999371797564512 0.06999371797564512 0.06999371797564512 0.06999371797564512 0.06999371797564512 0.06999371797564512 0.06999371797564512 0.06999371797564512 0.06999371797564512 0.06999371797564512
0.09925190805741901 0.10014194052582374 0.10101411180029897 0.10172691592149675 0.1021238002401006 0.10207205051571294 0.1014849213197141 0.10033156287525613 0.09863871192743211 0.09648533591352952 0.09399142881287031 0.09130338225155743 0.08857802623704056 0.08575139336876876 0.08281764325955693 0.07992855690915356 0.07721697756561126 0.07479600219688921 0.07276131844478188 0.07120645034397992 0.07025815288860404 0.06999371797564512 0.06999371797564512 0.06999371797564512 0.06999371797564512 0.06999371797564512 0.06999371797564512 0.06999371797564512 0.06999371797564512 0.06999371797564512 0.06999371797564512 0.06999371797564512 0.06999371797564512 0.06999371797564512 0.06999371797564512 0.06999371797564512 0.06999371797564512 0.06999371797564512 0.06999371797564512 0.06999371797564512 0.06999371797564512 0.06999371797564512
0.09400697237295559 0.0938306633950924 0.09382683949445164 0.09383142709740898 0.09368089335106908 0.09325601919246897 0.0924876723281518 0.09135391140654928 0.08987595771721091 0.08811252349480042 0.08615195501048262 0.0841029172387501 0.0820851265783166 0.08009191695075338 0.07801291860814742 0.07596815283848332 0.07407269579892807 0.07243033069888662 0.07113480328206463 0.07027780707510164 0.06999371797564512 0.06999371797564512 0.06999371797564512 0.06999371797564512 0.06999371797564512 0.06999371797564512 0.06999371797564512 0.06999371797564512 0.06999371797564512 0.06999371797564512 0.06999371797564512 0.06999371797564512 0.06999371797564512 0.06999371797564512 0.06999371797564512 0.06999371797564512 0.06999371797564512 0.06999371797564512 0.06999371797564512 0.06999371797564512 0.06999371797564512 0.06999371797564512
0.08965312037921831 0.08860348017158322 0.08796578760917048 0.08747219182799695 0.08693297921259167 0.08624366258182088 0.08535276426945335 0.08424691940763182 0.08294444967285851 0.08149065557917864 0.07995263555339475 0.07841353342681484 0.076966947878002 0.07563592189238981 0.0742642527690867 0.07293514720270396 0.07174948368890305 0.07080322913951684 0.07018833924937083 0.06999371797564512 0.06999371797564512 0.06999371797564512 0.06999371797564512 0.06999371797564512 0.06999371797564512 0.06999371797564512 0.06999371797564512 0.06999371797564512 0.06999371797564512 0.06999371797564512 0.06999371797564512 0.06999371797564512 0.06999371797564512 0.06999371797564512 0.06999371797564512 0.06999371797564512 0.06999371797564512 0.06999371797564512 0.06999371797564512 0.06999371797564512 0.06999371797564512 0.06999371797564512
0.08611712373987654 0.08441385708466419 0.08340138298560486 0.08256172939166057 0.08172954195371847 0.08083739961387384 0.07985435508835831 0.07877470515411311 0.07761471511353112 0.07641001905559593 0.07521304802096435 0.0740897576754311 0.0731160415562088 0.07232707735958332 0.07155144855740475 0.0708403343929446 0.07028423705902885 0.06997355057390078 0.06997005597464942 0.06999371797564512 0.06999371797564512 0.06999371797564512 0.06999371797564512 0.06999371797564512 0.06999371797564512 0.06999371797564512 0.06999371797564512 0.06999371797564512 0.06999371797564512 0.06999371797564512 0.06999371797564512 0.06999371797564512 0.06999371797564512 0.06999371797564512 0.06999371797564512 0.06999371797564512 0.06999371797564512 0.06999371797564512 0.06999371797564512 0.06999371797564512 0.06999371797564512 0.06999371797564512
0.08356646826598768 0.08153119581236697 0.08024151477754832 0.07907115206511692 0.07796710861854197 0.07689159956882849 0.07582243692283809 0.07475676266659297 0.07370809477268635 0.07270500839109105 0.0717895478868103 0.07101544311443463 0.07044655868854535 0.07012071516055494 0.06986328583275841 0.06970364272332916 0.06972476377044855 0.06987752155046435 0.06996850749377831 0.06999371797564512 0.06999371797564512 0.06999371797564512 0.06999371797564512 0.06999371797564512 0.06999371797564512 0.06999371797564512 0.06999371797564512 0.06999371797564512 0.06999371797564512 0.06999371797564512 0.06999371797564512 0.06999371797564512 0.06999371797564512 0.06999371797564512 0.06999371797564512 0.06999371797564512 0.06999371797564512 0.06999371797564512 0.06999371797564512 0.06999371797564512 0.06999371797564512 0.06999371797564512
0.08337543694780077 0.08053761297095173 0.07856743459266365 0.07696230486774205 0.07555701964941654 0.07428820496224231 0.0731263394032606 0.0720622205867602 0.07110282387536496 0.07026925082414223 0.0695952671466949 0.06912618985314196 0.06891826046653966 0.06900656137951419 0.06921530503879672 0.06949287953798164 0.0697141435069802 0.06987239231073317 0.06996578879472337 0.06999264219226742 0.06999371797564512 0.06999371797564512 0.06999371797564512 0.06999371797564512 0.06999371797564512 0.06999371797564512 0.06999371797564512 0.06999371797564512 0.06999371797564512 0.06999371797564512 0.06999371797564512 0.06999371797564512 0.06999371797564512 0.06999371797564512 0.06999371797564512 0.06999371797564512 0.06999371797564512 0.06999371797564512 0.06999371797564512 0.06999371797564512 0.06999371797564512 0.06999371797564512
