_RESULTS/CROSS_VALIDATION_POSTPROCESSED/Berg/GZ/4comp/1/Berg_GZ_z_355_kriged_reverse_4comp_spherical_1.asc
ncols 100
nrows 90
xllcorner  5.6208707817415728
yllcorner 50.959635321741573
cellsize 0.00013419651685393446
nodata_value 1.7014100000000001E+038
[rows 57 to 75 of 90, columns 43 to 85 of 100]
2.3185663771273433 2.3542338331616826 2.3847607023054613 2.4056250428016437 2.411862353376171 2.4015678537250764 2.3789022609011186 2.3508441660676973 2.3208777008539765 2.290264729544118 2.2603202517619394 2.2318821241278273 2.205344491156834 2.1807336262031423 2.1576877337811764 2.1354189652234314 2.1130284282964276 2.091693032479413 2.0805577306756042 2.0850497331566307 2.0954134078472393 2.1082483439002777 2.1235325513541747 2.1395651546373284 2.1439467755204893 2.12200160112389 2.098229635710557 2.074324903974328 2.0509537058622334 2.0286441930640304 2.007820760423458 1.9888096172384635 1.97184404334575 1.9570726352259644 1.9445708754878075 1.9343553970186222 1.9252588691468897 1.9159934027210124 1.9082562038720514 1.902160545945898 1.8977098397251855 1.894918806806201 1.8938096012283314
2.281618890629848 2.3105985234051363 2.334038404834936 2.348948754626984 2.352688010170665 2.3443542880940527 2.326351047641389 2.3034364260324827 2.2777353069239488 2.2506122141951854 2.2233188709524643 2.1965716784650513 2.1706732130267725 2.1455732617586323 2.1208840241309876 2.095915081219637 2.06983388729427 2.0421745839076513 2.0266734855070587 2.045837688782457 2.064109991764103 2.0819223429018705 2.099751137925565 2.1137422313875347 2.1158332263934225 2.104381394296589 2.086686683747152 2.066999422624009 2.0469011560279475 2.02721316785023 2.0084798299189925 1.9910938776958282 1.9753395068154156 1.9614140547547705 1.9494439153584187 1.939492189903437 1.929955996079584 1.9200639352657982 1.9115968993012686 1.904731841375939 1.8994986358433104 1.8959255619392497 1.894072581796551
2.2412773887556177 2.2646181971452743 2.2826768542557136 2.2934789723553934 2.295482801279994 2.2881844546676806 2.2730711653989304 2.253804346420807 2.231497469663772 2.2073056526544543 2.18230348827533 2.1571880954256057 2.13232615850475 2.107809205832303 2.0835248778467834 2.05930511280828 2.035334855304358 2.013758220427495 2.005679618804115 2.017775388485672 2.035491336332075 2.054071926824718 2.0720599428135573 2.084289591858175 2.0872360107576213 2.0811984310868943 2.0691735748078774 2.0540620459676493 2.0376294439923663 2.02091939844387 2.0046106548226494 1.9891796872506453 1.9749718662018898 1.962236986772743 1.9511510730797397 1.9416931509900401 1.9319176879065643 1.9217010197413353 1.912828865651172 1.905488770345368 1.8997284202508842 1.8957578266881454 1.8940058793822097
2.199670358997467 2.2183682051509708 2.2322936588619156 2.2401074583348812 2.240837831778362 2.23416878328886 2.2209705474923718 2.204200932052072 2.184529996451186 2.162914867674773 2.1402268935447997 2.1171133152953754 2.0940110483587944 2.071204373617948 2.0489397949958192 2.0276605429388943 2.008517152677611 1.9943795990130142 1.9900771442914604 1.99709304022972 2.0109702421602367 2.0276722324935856 2.0443691949144416 2.0555776632335507 2.059628472337922 2.0569031631802615 2.049029427488568 2.037871042543468 2.0249004260370187 2.0111509785344444 1.9973475656186064 1.9840147332591813 1.9715412967291062 1.960217725179147 1.9502596424817875 1.9413000737107962 1.9314249832459183 1.9211117095944659 1.9120797141289008 1.9045658162357724 1.89892315962319 1.8953307424091663 1.8939443428084086
2.1583518467768963 2.1732356024582407 2.1839274625082337 2.18948937108864 2.1892711015476465 2.183059289324361 2.171286629071303 2.156165778825714 2.138535123803037 2.1191475742874024 2.0987013119505034 2.077788625330287 2.0569002340319065 2.0364795834733207 2.0170356509516636 1.9993364558454498 1.9846878262910719 1.9751158747607875 1.972746051051025 1.9780442734241708 1.989256519835084 2.0040480248856425 2.018624341104755 2.0286171063144405 2.0332677748786407 2.0327379138997776 2.0279220633084525 2.0199821728955794 2.0100519988898364 1.9990454510788438 1.9876600558373654 1.976426438808716 1.9657514747067304 1.9559487572568153 1.9472596167335154 1.9385839521722286 1.9286776403649761 1.9185937932572654 1.9099702532065415 1.9030182941403382 1.8979190587263934 1.894842082418526 1.8939326933274876
2.118473963425907 2.130205528272267 2.1383228978939104 2.142149266337945 2.141229962759444 2.1354154027842536 2.124818899048026 2.1107684078063866 2.0947303708276044 2.077257852649473 2.058915138626723 2.0402396831504164 2.0217437836613237 2.0039553837677677 1.9874963518621118 1.9731873453496367 1.962129528369538 1.9556231430936093 1.9547366327048799 1.9596764129525663 1.969634253168932 1.9830670353870559 1.9952838181072352 2.0040885372232426 2.008873032810191 2.0096392659532563 2.006890698987116 2.001402730217846 1.9939976228873095 1.9854141658362432 1.976267909923942 1.967058991704174 1.958194630617395 1.9500114253413179 1.9425640328397016 1.9342267624609757 1.924695042285289 1.9153789091448592 1.9074974581140614 1.9012487666577265 1.8968175635145947 1.8943763036375814 1.8939326933274876
2.080654669669639 2.090016783214298 2.0960532314095075 2.0985229281414925 2.097098144350812 2.09167336852125 2.082025477249664 2.0687788830986817 2.0539945252713916 2.0381606971681836 2.021739481756231 2.0052126736300626 1.9890808564321862 1.973886751025486 1.9602552417206935 1.948930489659109 1.9407693096529237 1.9366313296413276 1.9371424030675537 1.9424459502000917 1.9521602724913618 1.9640142781810044 1.9742754435918985 1.9820093211696506 1.9867153796405836 1.988309948676114 1.9870655568167033 1.983483962374794 1.9781598952832782 1.9716822392541633 1.9645837626352642 1.95732625637389 1.9503039468697352 1.943853530730395 1.9372295537536506 1.929302635755335 1.9202547860985648 1.911839444972464 1.9048153609335883 1.8993837901371002 1.8957323709533354 1.8940359429407316 1.8939326933274876
2.0450947300111717 2.0532468319395356 2.0575816225899803 2.058980995364089 2.0572065784487994 2.052067233729816 2.043144141356341 2.030777132417389 2.0169816518225154 2.002540277045033 1.9878350158317004 1.9732911821796373 1.9593734014195074 1.946593990683829 1.9355255356843375 1.926802028757583 1.9210864484325074 1.9189865884984885 1.9209300425413796 1.927058871917952 1.9368361859409835 1.9467800937826476 1.955487666791244 1.9623098983896696 1.9668466679891652 1.9689819447839843 1.9688561606390573 1.9667954745713447 1.9632281225825696 1.9586141045923506 1.9533996489634036 1.947994594895825 1.9427652483213018 1.9377294872632858 1.9315047518394115 1.9239555250551605 1.915572862247503 1.9081531004433459 1.902083513752466 1.8975671682522184 1.894793515218795 1.8939326933274876 1.8939326933274876
2.012400821769521 2.019826587586413 2.0232972661292683 2.023846712221526 2.0218183479160654 2.0167210880434765 2.008456892813382 1.9972182168925225 1.9842045537193957 1.9709352512448406 1.957734924981171 1.9449733284611772 1.9330663123991367 1.9224742311641372 1.9136991205656064 1.9072712201441564 1.903715315714812 1.9034942069962362 1.9069422595844396 1.914192680666199 1.922967689951805 1.9313804113602284 1.938861466178509 1.9449329553828165 1.9492809166036091 1.9517865723673242 1.9525170231962592 1.9516864814912172 1.9496048516890379 1.9466292041629343 1.9431271274891193 1.9394538207034444 1.9358955493238632 1.9314132214271114 1.9255222128720422 1.9183044788369175 1.9108596743513662 1.9045103539963477 1.8994747021785048 1.8959559504444174 1.8941439776931308 1.8939326933274876 1.8939326933274876
1.983066203542674 1.9896342495663022 1.9933036425820172 1.9934070228105691 1.9909380108972572 1.985857892773628 1.97820537260105 1.9681435809611867 1.956093820926765 1.9437999270372537 1.9319015373409167 1.9207159708099613 1.910606668937554 1.9019762322004994 1.8952567082074312 1.8908924021886642 1.8893121014020946 1.8908926077498764 1.8959228987820569 1.903227328732068 1.910692573704087 1.9178881088212345 1.9243957902438107 1.9298595824113898 1.9340348960406861 1.9368137091315722 1.938224017837083 1.9384091316794516 1.9375961728237416 1.9360631634370358 1.9341111699466669 1.932044187990182 1.9292658241866663 1.9250252466090332 1.9193984530897643 1.9126222551631662 1.906331522021209 1.9011094082831432 1.8971705573605537 1.8947166156062896 1.8939326933274876 1.8939326933274876 1.8939326933274876
1.9574707238126159 1.9630194932721845 1.9669742171345685 1.967546398696372 1.9647234029985285 1.959686552411134 1.9526076118442517 1.9436295863407207 1.9329932264664884 1.92154626915041 1.9107630894240335 1.9009592332218193 1.8924478395949902 1.8855764039128193 1.8807150554205732 1.8782403077077328 1.8785139667374773 1.8818598552159203 1.8875975670624576 1.8938214493834544 1.9001976064826034 1.906406665294866 1.9121337606209556 1.9171094068899732 1.921142925263724 1.9241416122431199 1.926113743697689 1.927157889190923 1.9274436804840689 1.9271897035315257 1.9266429704559724 1.925426894194279 1.9227516107318758 1.9186668256012642 1.913232648478123 1.9073096767926618 1.902206004143596 1.8981519511362355 1.8953576931399756 1.8940215705615242 1.8939326933274876 1.8939326933274876 1.8939326933274876
1.9359622029047316 1.9405895153689152 1.9441073957305215 1.9452635895263037 1.943248765952777 1.9384151957708027 1.9318766334975825 1.9239012480020776 1.9147019189550691 1.904572837532449 1.8947380671263643 1.886141619822904 1.879051298592627 1.873765746193086 1.870603130531708 1.869887422474148 1.871932978872725 1.8761166442954522 1.880949178480797 1.8862090537316154 1.8916617292491043 1.8970560573557103 1.9021492261395323 1.9067336868903817 1.910659961687403 1.9138509082449973 1.916305746063156 1.918094816398348 1.9193478612156452 1.9202392297606858 1.9203693281875 1.919090685581267 1.9164277993460093 1.9124183919934572 1.9073205060356375 1.9025967727638124 1.8986985459825567 1.8958397234567315 1.8942243993948424 1.8939326933274876 1.8939326933274876 1.8939326933274876 1.8939326933274876
1.9188350889084924 1.922336864801033 1.924960499282217 1.9264284473833726 1.925500053459302 1.9220012198463483 1.9162342192857027 1.9091902847653326 1.9013212616539037 1.8928861729354096 1.8842527237189297 1.8767115982714804 1.870890696669361 1.8670470149228278 1.8654562505751477 1.866390922577838 1.868930665153 1.8722514248117037 1.8762004872852633 1.8806007779129281 1.8852566064152496 1.889965956833179 1.8945373980948625 1.8988082541581353 1.9026603654062142 1.906030601649419 1.9089148040758241 1.9113654394755901 1.9134665371043198 1.914634101815457 1.9145088233791197 1.9130781384792466 1.910349035931242 1.9063626439402501 1.902223490739022 1.8987053670774654 1.8960198414305882 1.8943717798553978 1.8939326933274876 1.8939326933274876 1.8939326933274876 1.8939326933274876 1.8939326933274876
1.9059990054466922 1.9083602074237043 1.9101606865568155 1.911254617148555 1.911299685616993 1.9092841827861209 1.9053242889106055 1.899732238045333 1.8931148646169307 1.88625897687965 1.8794670200635828 1.8731385470509316 1.868459114006025 1.8659393297438023 1.8655453470681962 1.8662935555144988 1.8679678113691371 1.870439858590472 1.873566789047494 1.8771917940209437 1.8811490880644366 1.8852728779778731 1.8894091425148023 1.893428178785449 1.8972356603046536 1.90078037678496 1.904057681567126 1.9069201141922898 1.908777331340893 1.9095098084326638 1.9090652308497102 1.9074160162894749 1.9045540690522198 1.9011417601037066 1.8981711314041891 1.8958485550100397 1.8943739500297878 1.8939326933274876 1.8939326933274876 1.8939326933274876 1.8939326933274876 1.8939326933274876 1.8939326933274876
1.8976387910800425 1.8989364344196105 1.8999723440612297 1.900618027297583 1.9007975708126335 1.9001785695871494 1.8980061025970176 1.8945118127503817 1.8900414979854132 1.8849913975074375 1.879971942781295 1.875610633297191 1.872142983492063 1.8697489631453554 1.8685419991744028 1.8684096126523373 1.869234550717876 1.8708922768418366 1.873250008148003 1.8761680824683067 1.8795040641646936 1.8831194062589989 1.8868878491932024 1.890704270723747 1.8944925666466383 1.8981199930818649 1.901123677038196 1.9033192526062683 1.9045908188659704 1.9048514954239186 1.9040405484956162 1.902119722502167 1.899516869362768 1.8971983360884528 1.8953728868220863 1.8942297019780447 1.8939326933274876 1.8939326933274876 1.8939326933274876 1.8939326933274876 1.8939326933274876 1.8939326933274876 1.8939326933274876
1.8940515374632705 1.8943487814925541 1.8946678549976959 1.8948941938174282 1.894960333877718 1.8948479736908121 1.8943482897702475 1.8928691900710017 1.8906694037519138 1.888086497913176 1.8851739579550109 1.8820617522166652 1.8789385398146397 1.8760729884526408 1.8739500630200863 1.8729425845598704 1.872936134945133 1.873811233008188 1.8754447374974843 1.8777113965244636 1.8804872232910603 1.8836545177970596 1.8870928922546708 1.8905226438796514 1.8937177786601829 1.8964990775201953 1.8987068057994545 1.9002042294575794 1.9008790589310351 1.900643130922453 1.8994307917232112 1.8976120199406574 1.8959863379402686 1.894733387955024 1.894026453632825 1.8939326933274876 1.8939326933274876 1.8939326933274876 1.8939326933274876 1.8939326933274876 1.8939326933274876 1.8939326933274876 1.8939326933274876
1.8939326933274876 1.8939326933274876 1.8939326933274876 1.8939326933274876 1.8939326933274876 1.8939326933274876 1.8939326933274876 1.8938413096840856 1.893074691506292 1.8916794819967386 1.8898366743218347 1.887723570782133 1.885510662351085 1.883357866394116 1.8814102246046995 1.879829887275734 1.8790848456035882 1.8792190110259035 1.8801240446728693 1.8816691081906927 1.883704009771149 1.8860639582066772 1.8885755439969705 1.8910633525952822 1.8933565174010667 1.8952945595091735 1.8967320182951812 1.8975416028167558 1.8976158293284386 1.8968691791604246 1.8957711356702194 1.8948186591145748 1.8941555167761446 1.8939326933274876 1.8939326933274876 1.8939326933274876 1.8939326933274876 1.8939326933274876 1.8939326933274876 1.8939326933274876 1.8939326933274876 1.8939326933274876 1.8939326933274876
1.8939326933274876 1.8939326933274876 1.8939326933274876 1.8939326933274876 1.8939326933274876 1.8939326933274876 1.8939326933274876 1.8939326933274876 1.8939326933274876 1.8936270176600125 1.89281282947114 1.891653498423117 1.8903045564984307 1.8889104350368877 1.8876008801046988 1.886487215680692 1.8856587134091922 1.8851946100152486 1.8853353887033821 1.8860565655695143 1.8872234615757508 1.8886895493223876 1.8903011840808215 1.8919027823317602 1.8933419741303785 1.8944742754782096 1.895166921811447 1.8953016462702075 1.8948756160807274 1.894399038737741 1.8940465577461536 1.8939326933274876 1.8939326933274876 1.8939326933274876 1.8939326933274876 1.8939326933274876 1.8939326933274876 1.8939326933274876 1.8939326933274876 1.8939326933274876 1.8939326933274876 1.8939326933274876 1.8939326933274876
1.8939326933274876 1.8939326933274876 1.8939326933274876 1.8939326933274876 1.8939326933274876 1.8939326933274876 1.8939326933274876 1.8939326933274876 1.8939326933274876 1.8939326933274876 1.8939285567494863 1.8936820844964815 1.8931551423783781 1.892478835671474 1.8917699971579616 1.8911281454925384 1.8906325942764763 1.8903399375372252 1.890282135761439 1.890465389491714 1.8908700805928373 1.891493887258845 1.8922572989761448 1.893021296618953 1.893649112665961 1.8940100227771848 1.8940169507648514 1.8939489443824893 1.8939326933274876 1.8939326933274876 1.8939326933274876 1.8939326933274876 1.8939326933274876 1.8939326933274876 1.8939326933274876 1.8939326933274876 1.8939326933274876 1.8939326933274876 1.8939326933274876 1.8939326933274876 1.8939326933274876 1.8939326933274876 1.8939326933274876
