_RESULTS/CROSS_VALIDATION_POSTPROCESSED/Berg/GZ/4comp/1/Berg_GZ_z_710_kriged_reverse_4comp_spherical_1.asc
ncols 100
nrows 90
xllcorner  5.6208707817415728
yllcorner 50.959635321741573
cellsize 0.00013419651685393446
nodata_value 1.7014100000000001E+038
[rows 18 to 35 of 90, columns 40 to 79 of 100]
6.05626629929263e-05 1.4812635632803633e-05 4.942472146984512e-06 2.646255376638908e-06 2.1403969559474105e-06 2.2023420792357796e-06 2.5800118421064486e-06 3.2690081133730744e-06 4.377984486672325e-06 6.130569507690782e-06 8.929358333298925e-06 1.3494059450129305e-05 2.1134099552536436e-05 3.4289805987038656e-05 5.759815233318949e-05 9.881934712090658e-05 0.00016092356374788053 0.00024388333208742597 0.0003414059513892061 0.0004380325255337953 0.0005109805825692217 0.0005392392272189808 0.0005496002572647565 0.0005556891986205122 0.0005566127705432609 0.0005566127705432609 0.0005566127705432609 0.0005566127705432609 0.0005566127705432609 0.0005566127705432609 0.0005566127705432609 0.0005566127705432609 0.0005566127705432609 0.0005566127705432609 0.0005566127705432609 0.0005566127705432609 0.0005566127705432609 0.0005566127705432609 0.0005566127705432609 0.0005566127705432609
9.0375938407657e-05 2.7396900077767283e-05 1.0566489937499586e-05 5.552550819880635e-06 3.939250369799493e-06 3.507109186368115e-06 3.641319192680705e-06 4.199696993241972e-06 5.231670611123506e-06 6.92949037218627e-06 9.671939210602633e-06 1.414990174561881e-05 2.1622244049756133e-05 3.4420030779041675e-05 5.694697433788327e-05 9.626752122851892e-05 0.0001545633560510354 0.00023188661749464233 0.00032247532637183393 0.00041226235866138005 0.0004804254295798318 0.0005098113808597371 0.0005282749948715983 0.0005435029935157776 0.0005535642401702355 0.0005566127705432609 0.0005566127705432609 0.0005566127705432609 0.0005566127705432609 0.0005566127705432609 0.0005566127705432609 0.0005566127705432609 0.0005566127705432609 0.0005566127705432609 0.0005566127705432609 0.0005566127705432609 0.0005566127705432609 0.0005566127705432609 0.0005566127705432609 0.0005566127705432609
0.0001282027180792689 4.625322830393144e-05 1.971976507715052e-05 1.0469605165377612e-05 6.9662619474669945e-06 5.6338419361492115e-06 5.308549769404926e-06 5.62004814891473e-06 6.515083133223464e-06 8.132259521005874e-06 1.0813106615231532e-05 1.5209378772125575e-05 2.2522383328078022e-05 3.498453677653582e-05 5.682324894004322e-05 9.403687361528472e-05 0.00014788806850430568 0.00021833825057135598 0.0002999956950621793 0.0003802165140322035 0.00044051065196724893 0.00047017981673189445 0.0004956661487560013 0.0005191932668786575 0.0005386739480128239 0.0005518726621774392 0.0005566127705432609 0.0005566127705432609 0.0005566127705432609 0.0005566127705432609 0.0005566127705432609 0.0005566127705432609 0.0005566127705432609 0.0005566127705432609 0.0005566127705432609 0.0005566127705432609 0.0005566127705432609 0.0005566127705432609 0.0005566127705432609 0.0005566127705432609
0.00017066784911721247 7.032258370993307e-05 3.263898534715289e-05 1.7774012739333046e-05 1.1506373828935433e-05 8.76469812309625e-06 7.683040712635375e-06 7.568949594134417e-06 8.215419385388549e-06 9.680456166291503e-06 1.225445152527217e-05 1.654377406377295e-05 2.3691368087514493e-05 3.5835487705466424e-05 5.703798220225852e-05 9.168865970821984e-05 0.00014039687393902682 0.00020291486243887428 0.000274242712681654 0.0003432134636438351 0.00039371561885542724 0.00042423452552964823 0.0004553203253966753 0.0004858509912031144 0.0005137034064493416 0.0005364499905908927 0.0005515444773573879 0.0005566127705432609 0.0005566127705432609 0.0005566127705432609 0.0005566127705432609 0.0005566127705432609 0.0005566127705432609 0.0005566127705432609 0.0005566127705432609 0.0005566127705432609 0.0005566127705432609 0.0005566127705432609 0.0005566127705432609 0.0005566127705432609
0.000212932200111772 9.778838350787026e-05 4.885924059493901e-05 2.7470871264796718e-05 1.7660350320946785e-05 1.2984979430693168e-05 1.0813315103075505e-05 1.0060257148790685e-05 1.0317245771641392e-05 1.1532920903943636e-05 1.3929937750575874e-05 1.803363186934815e-05 2.48544517607167e-05 3.636800277214569e-05 5.627792017184584e-05 8.68237229513591e-05 0.00012859469049933232 0.0001811087160936616 0.00024009851589877046 0.0002964596730572682 0.00033749539454756193 0.00037200025578610474 0.0004090994527754057 0.0004465509931144567 0.0004815829533355801 0.0005127197346077107 0.0005373838711707918 0.0005527403598093925 0.0005566127705432609 0.0005566127705432609 0.0005566127705432609 0.0005566127705432609 0.0005566127705432609 0.0005566127705432609 0.0005566127705432609 0.0005566127705432609 0.0005566127705432609 0.0005566127705432609 0.0005566127705432609 0.0005566127705432609
0.0002520361215161049 0.00012648186773603207 6.735691800266619e-05 3.916663074410076e-05 2.5287195314560512e-05 1.8233775449882996e-05 1.4653730521082074e-05 1.3042049115032387e-05 1.2755715334835387e-05 1.3556832131841593e-05 1.5528511597406363e-05 1.911545764287217e-05 2.5232586371532477e-05 3.5640784877269613e-05 5.3204381427597766e-05 7.846154401433166e-05 0.00011202771351979333 0.0001532714438138604 0.00019873949425977075 0.000241432134949326 0.0002747883556512914 0.0003110553175429704 0.00035210717453684705 0.0003963291284544725 0.00044106860216683655 0.0004825642139629196 0.0005163980042100439 0.0005412475966598583 0.0005548469970500778 0.0005566127705432609 0.0005566127705432609 0.0005566127705432609 0.0005566127705432609 0.0005566127705432609 0.0005566127705432609 0.0005566127705432609 0.0005566127705432609 0.0005566127705432609 0.0005566127705432609 0.0005566127705432609
0.00028596838873612136 0.0001543760356515692 8.685220558707865e-05 5.218005704085698e-05 3.4031453565662486e-05 2.4305943836276874e-05 1.9062095295770398e-05 1.635611816898872e-05 1.5203062423970507e-05 1.528196270523716e-05 1.6597874001670652e-05 1.946715850901027e-05 2.4642407828395243e-05 3.363158041675666e-05 4.790418083915042e-05 6.736426211248752e-05 9.251941071802911e-05 0.00012272176928595076 0.0001553403086862611 0.00018530205994885028 0.00021402473078069968 0.00024919176338293527 0.0002907314143844247 0.0003378102986658439 0.0003885319185834545 0.0004396835099258824 0.0004866858935976189 0.000523893741263295 0.0005470303192660205 0.0005564972541083445 0.0005566127705432609 0.0005566127705432609 0.0005566127705432609 0.0005566127705432609 0.0005566127705432609 0.0005566127705432609 0.0005566127705432609 0.0005566127705432609 0.0005566127705432609 0.0005566127705432609
0.0003136045634255139 0.0001798950206089808 0.00010611235676068389 6.572509521656964e-05 4.341805546177934e-05 3.0902195887273805e-05 2.3667011944975044e-05 1.9449941048214203e-05 1.720860633670885e-05 1.6432602927988505e-05 1.697367812108531e-05 1.9004595102221763e-05 2.3101647156905055e-05 3.038347500562737e-05 4.0844286542928535e-05 5.469749887841917e-05 7.218866108511206e-05 9.275437534515155e-05 0.00011450911988086643 0.00013516092272426646 0.0001604324213854762 0.00019244200722252325 0.0002317158407250341 0.00027821317629588027 0.00033093581322487647 0.00038752877192435245 0.0004440029362743217 0.0004947617459214336 0.0005331128984505552 0.0005529409579834396 0.0005560023151528995 0.0005547389572949756 0.0005534999175022978 0.0005527474653300814 0.0005527188565442189 0.0005534226482405779 0.0005546385847125852 0.0005559209513945153 0.0005566079901582757 0.0005569853758692426
0.00033458675030092545 0.00020204120249425555 0.00012416966519450504 7.90915296181928e-05 5.296785427599756e-05 3.731942646677517e-05 2.774252482293243e-05 2.192807279102522e-05 1.8544649294905057e-05 1.6874349121303635e-05 1.6609200773099036e-05 1.777416240855342e-05 2.076864817387658e-05 2.588779598812531e-05 3.279616913836378e-05 4.181700239619136e-05 5.304540751196032e-05 6.604272664510745e-05 7.953711568194278e-05 9.530355455133831e-05 0.000116505459684035 0.0001442159162426003 0.00017943973560272802 0.0002228290076393254 0.0002742770806496402 0.0003324280398099219 0.00039421054373423074 0.0004533152941820833 0.0005014124438587646 0.0005316653474423418 0.0005388693605995814 0.0005336791882852332 0.0005297048514450585 0.0005275609277832343 0.0005274822756922925 0.0005294773144999386 0.0005333281973563963 0.0005385868366985769 0.0005447052560403343 0.0005547915265655236
0.00034916023316915347 0.00022038765506735008 0.00014042933682258877 9.176917716440113e-05 6.164178316001599e-05 4.2741916433949875e-05 3.093573677633945e-05 2.3593631858655258e-05 1.9122865720756117e-05 1.660823408406314e-05 1.5587060301791994e-05 1.594249084651193e-05 1.778535294605787e-05 2.0668637306286536e-05 2.4672729040503412e-05 2.9982122230512216e-05 3.661271059236343e-05 4.423836228709133e-05 5.303816733909004e-05 6.543955284689058e-05 8.256258086628611e-05 0.00010563173459277091 0.00013596552196040845 0.00017474675857869664 0.00022264458793049967 0.00027811871449185034 0.00033678924663308515 0.00039402077966041286 0.0004439320433339805 0.0004801356073300834 0.0004968744722884988 0.0004926413191037615 0.0004862472619099155 0.0004828862641262155 0.00048276401674952245 0.0004858878374332063 0.0004920671345133729 0.0005009019230248018 0.0005145628587333367 0.0005355935723961242
0.00035798758017079805 0.00023498419086886567 0.00015467960642457992 0.00010260330754772461 6.863806033591992e-05 4.690957682391878e-05 3.313127668812342e-05 2.4435716989813413e-05 1.9010508696151008e-05 1.5764435041876777e-05 1.409374292981799e-05 1.3743399235832731e-05 1.4231737240347092e-05 1.538180106795355e-05 1.7311062673353514e-05 2.0096862315581657e-05 2.370030432789825e-05 2.811711324197584e-05 3.4631926378186415e-05 4.4117861043542555e-05 5.755857896690899e-05 7.621393303396191e-05 0.00010156343517858692 0.0001349709668631052 0.00017572599039437602 0.00022266193716272668 0.0002736457208198671 0.0003251544389292754 0.00037243100057997503 0.00040999841471545286 0.0004325181652362876 0.0004360077194009365 0.000429131968988276 0.00042484391011372104 0.0004246886423091368 0.0004286716026107286 0.0004366497156492511 0.0004493337725180792 0.000470790393115768 0.0005010758647853544
0.0003619613330062324 0.0002462184539098713 0.00016623033824096205 0.00011086087964336935 7.390576606247634e-05 4.986565272837255e-05 3.444138999391051e-05 2.4614375602567523e-05 1.8401195479128478e-05 1.4562055935110638e-05 1.2370454223602312e-05 1.1183312382594455e-05 1.059441769190693e-05 1.0621106882029749e-05 1.1285064322412408e-05 1.2572403031629748e-05 1.4468821334447436e-05 1.7564285400979413e-05 2.2359430526138246e-05 2.9480582839645174e-05 3.9831009665643095e-05 5.462567398640631e-05 7.507277140307965e-05 0.00010132199340864292 0.00013358824149310142 0.00017142710768725702 0.00021341072212518726 0.0002569807732014951 0.00029850833182452246 0.0003336241551054685 0.00035782308208088317 0.000367266447203334 0.0003646476295957115 0.00036007404400495294 0.0003598983760023059 0.00036441691099603295 0.00037359463217236105 0.00039066247635211347 0.0004176916790502955 0.00045486894751793476
0.00036203453429522114 0.00025444680158802254 0.0001742102241338643 0.00011684155816447569 7.773355746913137e-05 5.1897623140555006e-05 3.514984984019903e-05 2.4405609042269546e-05 1.7560972810584845e-05 1.325682141477855e-05 1.0462207597327658e-05 8.527214075310054e-06 7.32412037280901e-06 6.777548873560058e-06 6.818883739321516e-06 7.390540375138899e-06 8.701764458959802e-06 1.0943783827108695e-05 1.4443180703326677e-05 1.9737876317442863e-05 2.76301860523625e-05 3.90135959035104e-05 5.4315807265827e-05 7.414632392281562e-05 9.883467967841302e-05 0.00012818119745116747 0.0001612475877191014 0.0001962287191248406 0.00023047222895590294 0.00026069060544508263 0.00028336870348731255 0.00029531958880450867 0.00029666534026552446 0.0002946369458429071 0.000294453473838459 0.00029918333248385735 0.000309690176060431 0.00032960134864099086 0.00035981820924667124 0.00040121038490749557
0.0003590828296926293 0.000258602800061157 0.00017933254028192687 0.00012113612117967387 8.062171744872418e-05 5.3437909897040204e-05 3.563238056239752e-05 2.4136260461651078e-05 1.677499186635594e-05 1.1867419943140854e-05 8.448271876535253e-06 6.146922600113859e-06 4.711798418989126e-06 3.983827285503681e-06 3.861848724107612e-06 4.304652373696339e-06 5.28298758861048e-06 6.912976830119544e-06 9.466458682239909e-06 1.3400309535604497e-05 1.931203026991686e-05 2.7593174681468365e-05 3.881294024315513e-05 5.348984914160324e-05 7.192276961374085e-05 9.402200611062927e-05 0.00011915434501073358 0.0001460506177288241 0.00017282075702647988 0.00019710087941716913 0.0002163257968258161 0.00022809055687537198 0.00023162912734064642 0.000232672310004954 0.00023309436036701578 0.00023775334558233076 0.0002493420347588681 0.00027021712544826013 0.00030139388568803437 0.00034436634237316164
0.0003534332352157118 0.0002593563661209748 0.00018246822746063721 0.00012444784230291133 8.314999328348716e-05 5.496701040737476e-05 3.6285807673915456e-05 2.410898843505266e-05 1.5886839546216347e-05 1.0324026570345806e-05 6.647632893339903e-06 4.288249973736467e-06 2.861603666209967e-06 2.2035102916291506e-06 2.1824973994174202e-06 2.5803835979703745e-06 3.3251217875388973e-06 4.51901534518583e-06 6.394654433525632e-06 9.315056470384902e-06 1.3567292769160288e-05 1.9551572399612148e-05 2.7721395317410586e-05 3.8472720864570395e-05 5.203367906635918e-05 6.834086591564884e-05 8.6932751205387e-05 0.00010689617997221302 0.0001268941370569958 0.00014528228822509185 0.0001602966186372404 0.0001702773962661472 0.00017441347260532757 0.0001769652342639521 0.00017892783715701125 0.00018349619184068289 0.00019525856594059088 0.00021559582498416994 0.0002458885542024969 0.0002881415386996601
0.0003462177104235863 0.0002577448940038386 0.00018444095324337268 0.00012744982166916767 8.587570434939095e-05 5.694421854297166e-05 3.718455109239315e-05 2.364526149425411e-05 1.4657562033787683e-05 8.869051913088428e-06 5.2476554236236944e-06 3.0839160976837073e-06 1.8354143363289829e-06 1.207197235960346e-06 1.3232958783901177e-06 1.6857964767037507e-06 2.247786918867954e-06 3.1245943132748407e-06 4.517159594704379e-06 6.628845420220264e-06 9.697774320664694e-06 1.4050386177350551e-05 2.0023527443148762e-05 2.790082727803336e-05 3.782828855282104e-05 4.972559502076136e-05 6.32189052406661e-05 7.76219164685661e-05 9.198086934272226e-05 0.00010517829596499673 0.00011606915617843478 0.00012361390933989923 0.00012727673059156487 0.00013019580019006373 0.00013330033013578453 0.00013790838646191678 0.0001489597685244548 0.00016771202846141694 0.0001957839192023162 0.00023554359671940713
0.0003402537802222291 0.0002555065247062516 0.00018590399591502887 0.0001306928741308082 8.879992686138761e-05 5.807917989799985e-05 3.6660066669233886e-05 2.2381176038282484e-05 1.3296758674778257e-05 7.757476431986872e-06 4.478127894401503e-06 2.5843324031493483e-06 1.5218580806687534e-06 1.0188540605600253e-06 1.046639912124317e-06 1.2848395763834043e-06 1.680050256946044e-06 2.3200228374627552e-06 3.3430515522733293e-06 4.877498969638379e-06 7.13451023645659e-06 1.0359425254679007e-05 1.4795223271541546e-05 2.0630055479508317e-05 2.7932046263159586e-05 3.6587345600817957e-05 4.626358177144099e-05 5.6418372693025436e-05 6.635921582787515e-05 7.534079911235651e-05 8.26683702925669e-05 8.777232867114969e-05 9.045034335682525e-05 9.306616556629516e-05 9.636588666848565e-05 0.00010109425866434127 0.00011091786543214439 0.00012748480759554055 0.0001525293089671582 0.00018862624237743744
0.000340109910093577 0.0002565671629700683 0.0001865991095899906 0.00013107622715741407 8.81068620745508e-05 5.6885462816064574e-05 3.5459124723828366e-05 2.1460723957939452e-05 1.2693664858456743e-05 7.3977337870747085e-06 4.2971663338125094e-06 2.536969854525972e-06 1.5859539587499613e-06 1.146302159497389e-06 1.0417005221022514e-06 1.1354819910713583e-06 1.3867529227592131e-06 1.848539419027671e-06 2.5933563998981534e-06 3.7402390050429832e-06 5.455981485872103e-06 7.92304960443926e-06 1.1309608053798296e-05 1.5725483218170914e-05 2.117163519242567e-05 2.749885429793978e-05 3.439470456184118e-05 4.141234443361361e-05 4.804026522062419e-05 5.3793310781069714e-05 5.829209419005603e-05 6.129907249401003e-05 6.290144611154876e-05 6.491314134087511e-05 6.78654347876353e-05 7.241998192883571e-05 8.08023785255594e-05 9.49635089877516e-05 0.00011664926041848906 0.00014849730642506074
