_RESULTS/CROSS_VALIDATION_POSTPROCESSED_CLR/Berg/TZ/8comp/4/Berg_TZ_z_250_kriged_reverse_8comp_spherical_4.asc
ncols 100
nrows 90
xllcorner 5.6208707817415728
yllcorner 50.959635321741573
cellsize 0.00013419651685393446
nodata_value 1.7014100000000001E+038
[rows 57 to 75 of 90, columns 44 to 87 of 100]
3.442355785380607 3.395501506686333 3.3454698404729175 3.3011287525143365 3.2797587697844417 3.27959364876303 3.2982058234650413 3.3307898300231784 3.3681335368890477 3.406675454516652 3.4487327415543074 3.4961254836283007 3.545889618452188 3.594788376334689 3.638723001974007 3.6754984574576457 3.7104110944100337 3.7724204772749337 3.8752310985904646 3.978003776914477 4.061431116910671 4.1212993482254285 4.156679459992495 4.168087330800752 4.1572757192143905 4.126760964666893 4.0797811393002705 4.020288324548728 3.952916984661485 3.883944578131056 3.818915183619105 3.7620347056587016 3.7173117322304763 3.6862199774368047 3.650219624313838 3.605972339644458 3.556622624056463 3.510086188643996 3.468101861070865 3.431945735554791 3.40290177493585 3.3822723729939947 3.3713833703369795 3.3671820540191897
3.443026674080291 3.3965385658289597 3.3465654175959925 3.293674344304438 3.251409360889159 3.230000502529347 3.22693957195148 3.2362825560135873 3.2512272984923327 3.2683317256627338 3.284997294386293 3.30566701304533 3.3286221533858624 3.3495198550194196 3.3646048986242434 3.3698723004125464 3.362002520919991 3.3852163136119198 3.51728835393778 3.6301696064192326 3.7211839907442186 3.7899477455324098 3.8367399908131388 3.8625124319443676 3.869101488153999 3.8589624060158103 3.8351581556450136 3.8013362316137966 3.761664526366655 3.720345419183083 3.68158168787136 3.65078387791426 3.631971013473193 3.6112710736658893 3.581771363912485 3.544316217895547 3.501795448045942 3.4622259064034817 3.4274417882235824 3.398713971724388 3.3773197749366077 3.364550609324739 3.3607723579820576 3.358916974960179
3.440409848732772 3.3954851145700276 3.3468186733225664 3.2951161079321647 3.24136471606484 3.199733995106698 3.1761304644449067 3.1633311371696986 3.156353586956004 3.1520075178502647 3.1476484897509707 3.1441016277710387 3.1442687636443742 3.1446554264682214 3.142148858685324 3.135252858150464 3.129224483329733 3.161018689372271 3.253598696703815 3.353214950965793 3.4404762264599222 3.511351803786797 3.5648312615044757 3.601368863711831 3.6224026930000126 3.6300560793221908 3.6269815828294005 3.616084480031556 3.6008673675243674 3.585205042869374 3.57321520361064 3.569064117984366 3.5632497108197687 3.547797599921799 3.5239962185883313 3.4926796728546603 3.4567955731953837 3.4242450714436092 3.3967691144975163 3.3756180124841384 3.362051199529636 3.357328128279963 3.357106827652853 3.3571062808862586
3.4349934076528417 3.3926983437236227 3.346447705305196 3.2970530317169917 3.2453332891985385 3.1923001916209723 3.148878573885198 3.1153460868031453 3.0882590919493182 3.0655228059590853 3.0449025198230424 3.023965557227444 3.0053849825717407 2.990618713813602 2.9783325321176 2.9700594532690148 2.973715774544381 3.0048145923797938 3.067622291479358 3.144858044654021 3.2209059415735233 3.288451706255251 3.344437473732601 3.388233991556879 3.4204911681740358 3.442697806436091 3.456992441486688 3.466047894136604 3.472977408321869 3.4812421719638333 3.4944528913124047 3.504285305834428 3.5040886309153407 3.494698079807052 3.4769810391269744 3.451799781988323 3.4226872194807707 3.39727541520776 3.377113878263776 3.3634084130629356 3.357314534295577 3.3571062808862586 3.3571062808862586 3.3571062808862586
3.4271662640046854 3.3884373727548014 3.345585423228036 3.2995062657125165 3.2510913303812643 3.2012470054653814 3.1479869485821035 3.0953459540924926 3.0509626184876586 3.012575851722846 2.978006076000592 2.9453466506329575 2.9133706944693936 2.886522477403441 2.8670235816877505 2.8569625067747455 2.861465518921729 2.886561783406897 2.9327080367256286 2.9924610480774803 3.0565640714573563 3.118361845192312 3.174127516198678 3.2224696509970414 3.2633844450866984 3.297833583278584 3.3275024185281157 3.354646478312105 3.381977730178169 3.411844906202979 3.4352316768623825 3.4488155486300798 3.4531434519906936 3.4488649502014366 3.436687060957661 3.4173392281660413 3.395211104866113 3.3770578482399025 3.364150744463525 3.357656651087498 3.3571062808862586 3.3571062808862586 3.3571062808862586 3.3571062808862586
3.417152002623222 3.3828048300157714 3.344237948329962 3.3024000113698655 3.258221653105341 3.212291813907256 3.1615742878766473 3.1059234732634122 3.0476082122163923 2.9951720270012343 2.948416292270571 2.9058915456703787 2.866691497894802 2.8309449898518464 2.804124213244954 2.789686794172386 2.7902535641714796 2.8080457937680907 2.8424797783426747 2.8894865912152454 2.943484861347939 2.9993758140617746 3.0538600664340376 3.105284020382602 3.153237739018877 3.1982650038307527 3.2416502367608544 3.28526473240869 3.327963791400744 3.3620674256510483 3.3871635057348155 3.4034589991909385 3.4113225007319774 3.4112379754404185 3.4037649598223108 3.389524845596824 3.3743569139878304 3.363349345635486 3.3576484233253168 3.3571062808862586 3.3571062808862586 3.3571062808862586 3.3571062808862586 3.3571062808862586
3.403996986604189 3.374735346495983 3.3413352915608483 3.3050077553383574 3.266884489537522 3.225493797382234 3.1787261910594444 3.1273207609267626 3.0721879134775447 3.0144919445003096 2.9572079610866897 2.905947854936797 2.860521084402612 2.8210123616344207 2.7883752513058333 2.7675193989774356 2.7618953018928813 2.7720797909253507 2.7971625967410336 2.8345106964548603 2.8804207589053292 2.9312217702021512 2.9843006114231443 3.038098761841743 3.092047806646539 3.146424922858781 3.200924754895147 3.2496418627038954 3.2910787339279297 3.3248246307561353 3.350723032647715 3.368824898357045 3.3793447118596447 3.3826203493751783 3.3790778804641537 3.3696191157502655 3.3612916498932717 3.3572996303552785 3.3571062808862586 3.3571062808862586 3.3571062808862586 3.3571062808862586 3.3571062808862586 3.3571062808862586
3.388397073150565 3.365321931284825 3.3384189538478424 3.308846058202918 3.276873247599514 3.2396676790116157 3.197520959993274 3.151209380524454 3.1016011756262665 3.049687456902098 2.996718073287642 2.9444153228360825 2.894600991954158 2.8512645373296994 2.8166036492879165 2.7916953075493733 2.7789378486428298 2.7815288897077086 2.7986038339966752 2.828220346008738 2.8676557281482085 2.9143773340532286 2.9663703743246024 3.0223058495940522 3.07901336761235 3.1332173772097445 3.1834159172857666 3.2284810055105857 3.2676114946527752 3.300288574328457 3.3262335898813205 3.34536789429117 3.3577750239654027 3.363665889784276 3.3633477349840497 3.3587999726192983 3.3571062808862586 3.3571062808862586 3.3571062808862586 3.3571062808862586 3.3571062808862586 3.3571062808862586 3.3571062808862586 3.3571062808862586
3.3728012606204523 3.3564671960681594 3.336561742584676 3.314047418073054 3.2866696622372027 3.2540350492975336 3.2168700292847694 3.175968822252719 3.132214016027322 3.0866016556102 3.040270362624454 2.9945320609837 2.951215157457837 2.9123612363650384 2.8799174790267683 2.855812647210071 2.8417050757461877 2.8386808454895673 2.8485680533899598 2.871110364487725 2.9039599830871587 2.9445372782635593 2.9902256404465666 3.038589632651973 3.0874915058101595 3.135133425910917 3.180057056800472 3.2211225502099214 3.2574789072862 3.288531221600601 3.313907162525991 3.3334238667370832 3.347056086728669 3.3549063739473906 3.3571779792191956 3.3571062808862586 3.3571062808862586 3.3571062808862586 3.3571062808862586 3.3571062808862586 3.3571062808862586 3.3571062808862586 3.3571062808862586 3.3571062808862586
3.3575270742448255 3.34831082587531 3.3357729369832296 3.3184822118538366 3.2956113310829607 3.267846235528854 3.2359191414062405 3.200623879095532 3.1628330061557133 3.123516016694648 3.0837567003150346 3.044765316595582 3.007877509411184 2.9747214819081513 2.9473211375105484 2.927193930258487 2.915566756009638 2.9132140237504838 2.920203726761371 2.93591455418327 2.9598534344689873 2.9912741484768985 3.0280561508468837 3.068126559895197 3.1095981112489857 3.1508267288734135 3.19043261501934 3.2272986520315574 3.260555947081885 3.2895625366462298 3.313878708749541 3.3332409863230152 3.3475351956426356 3.3557267988637993 3.3571062808862586 3.3571062808862586 3.3571062808862586 3.3571062808862586 3.3571062808862586 3.3571062808862586 3.3571062808862586 3.3571062808862586 3.3571062808862586 3.3571062808862586
3.3432707669735477 3.3409207550643507 3.333976893634109 3.321122771297646 3.3030165109746834 3.2803426551119323 3.2538247299133234 3.2242387002351336 3.192426397802576 3.1593074968370436 3.125887620925562 3.0932585833320747 3.0625847594694693 3.035067938255223 3.0120493874682808 2.995259986189201 2.9856953363718257 2.983854929670583 2.9897007722734656 3.0028842402856535 3.022659978274027 3.0479846139705775 3.0776366943389366 3.110324018432977 3.144794548099789 3.1798368899291107 3.2141824577262197 3.2467601404999322 3.276703346157423 3.303122523535976 3.325132808660989 3.341948581050441 3.352829574336176 3.3570730179977737 3.3571062808862586 3.3571062808862586 3.3571062808862586 3.3571062808862586 3.3571062808862586 3.3571062808862586 3.3571062808862586 3.3571062808862586 3.3571062808862586 3.3571062808862586
3.3317361403400745 3.3321184695161414 3.3295326750951024 3.3213423744998023 3.3082005230151146 3.290778065272635 3.2697759048085135 3.245936806804162 3.2200557972926425 3.1929873435247678 3.1656470558286425 3.1390048492966263 3.1140657137059784 3.0918340965590616 3.0732593901900067 3.0593858675647394 3.051506016454444 3.049970652479041 3.054861059072793 3.0659141748236998 3.082552914357184 3.103951024564461 3.1291129350870355 3.156951020241428 3.1863486267199117 3.2162045306555562 3.2454599357496225 3.2731117964266896 3.298216762677865 3.3198894135170134 3.3372974594067775 3.349655671466357 3.3562195878507253 3.3571062808862586 3.3571062808862586 3.3571062808862586 3.3571062808862586 3.3571062808862586 3.3571062808862586 3.3571062808862586 3.3571062808862586 3.3571062808862586 3.3571062808862586 3.3571062808862586
3.3208491776773776 3.321177573190673 3.32185739221619 3.318513197678804 3.3104900536946924 3.298433072729452 3.2830075146448903 3.2649100218024842 3.244877070577873 3.223688933055692 3.2021673800875807 3.1811651481404595 3.161545089236256 3.144147367813526 3.1297435959658477 3.1188783612375466 3.1123251694975744 3.111046735946828 3.115119883775446 3.1243372841581576 3.1382394959907605 3.1561574709671816 3.1772670965839906 3.200645149462072 3.225318546395874 3.250302646492614 3.274627818229931 3.29735569042305 3.3175874418449536 3.3344665430504765 3.347177980622231 3.3549454796004756 3.3571062808862586 3.3571062808862586 3.3571062808862586 3.3571062808862586 3.3571062808862586 3.3571062808862586 3.3571062808862586 3.3571062808862586 3.3571062808862586 3.3571062808862586 3.3571062808862586 3.3571062808862586
3.309209525350738 3.30958788040936 3.310838445262573 3.312016455761534 3.30923354084876 3.302624697988499 3.29280721309769 3.2804207623475885 3.266135091448057 3.25065206088937 3.234700995681971 3.219026442708747 3.2043676147389957 3.1914049208410056 3.1806626733856858 3.17262082941133 3.1676251158742765 3.1665707340213194 3.1699303726825914 3.177536291387888 3.189013917943823 3.203810673923686 3.221234163988371 3.2404931566220627 3.2607358053670836 3.2810815915742904 3.3006455872750737 3.318555244763159 3.3339608391403264 3.3460410242511047 3.354004918148732 3.3570919044915954 3.3571062808862586 3.3571062808862586 3.3571062808862586 3.3571062808862586 3.3571062808862586 3.3571062808862586 3.3571062808862586 3.3571062808862586 3.3571062808862586 3.3571062808862586 3.3571062808862586 3.3571062808862586
3.2948330062338105 3.297471324627674 3.2989100157900006 3.301468215993701 3.303808978245222 3.3027129356321048 3.298519177186596 3.291801100922744 3.2831563499788508 3.273207681251921 3.2625967386307098 3.251958884448119 3.241854185396465 3.232839861813406 3.225410428654486 3.2199578821651 3.2167410315701916 3.216030700883808 3.2187566856208845 3.2249254936993705 3.23422546465971 3.246192163812842 3.2602357473607495 3.2756713859970814 3.291748953854263 3.307679253023467 3.3226553172134805 3.335868443942015 3.3465193617675446 3.353825335748261 3.357024132020255 3.3571062808862586 3.3571062808862586 3.3571062808862586 3.3571062808862586 3.3571062808862586 3.3571062808862586 3.3571062808862586 3.3571062808862586 3.3571062808862586 3.3571062808862586 3.3571062808862586 3.3571062808862586 3.3571062808862586
3.2777451659469015 3.2849455929767273 3.286616043383263 3.2896469574868945 3.2938603281601333 3.2981062274168185 3.2995466567103686 3.2984509304986958 3.2953394786977888 3.290727780149143 3.2851505250231057 3.2791467054566033 3.2732356092889243 3.2678944535155527 3.2635335510195627 3.2604709177849895 3.2589087751619306 3.258914673333347 3.2610701019714323 3.2659399400422635 3.273260619149495 3.282635718233429 3.2935563330655144 3.305423987206076 3.3175738125569336 3.329295942012913 3.3398538161681475 3.348498843736694 3.354481430097255 3.357058753848753 3.3571062808862586 3.3571062808862586 3.3571062808862586 3.3571062808862586 3.3571062808862586 3.3571062808862586 3.3571062808862586 3.3571062808862586 3.3571062808862586 3.3571062808862586 3.3571062808862586 3.3571062808862586 3.3571062808862586 3.3571062808862586
3.2589282094561094 3.2712168426245887 3.274053655311885 3.2776555406357573 3.282645604152005 3.288733089545141 3.295259653195101 3.29967574529773 3.301891726068893 3.302365277526059 3.301567218744638 3.2999661959252653 3.29801020692583 3.2961061529640903 3.2945985664695114 3.2937488953634726 3.2937169979146526 3.2945466054883963 3.296346659536566 3.300028747948899 3.305531622112899 3.3125122744236943 3.3205265370612382 3.329046582754041 3.337479158603643 3.3451830198484536 3.3514844814716462 3.3556904897518565 3.3571062808862586 3.3571062808862586 3.3571062808862586 3.3571062808862586 3.3571062808862586 3.3571062808862586 3.3571062808862586 3.3571062808862586 3.3571062808862586 3.3571062808862586 3.3571062808862586 3.3571062808862586 3.3571062808862586 3.3571062808862586 3.3571062808862586 3.3571062808862586
3.2390161833296425 3.255732790743912 3.2610120577966 3.265321572713666 3.2712240593642803 3.278335444522789 3.2862771652132055 3.2947066192178127 3.302145573748205 3.307555969057464 3.311350669161869 3.313941227203404 3.3157188432121374 3.3170352464964097 3.3181841117604165 3.3193838222573957 3.32076258765019 3.322346996438804 3.3240656731840073 3.326650833478941 3.3304689589836536 3.3352196645005634 3.340511218431396 3.3458740962767677 3.3507754468509714 3.3546333315657213 3.356829863973523 3.3571062808862586 3.3571062808862586 3.3571062808862586 3.3571062808862586 3.3571062808862586 3.3571062808862586 3.3571062808862586 3.3571062808862586 3.3571062808862586 3.3571062808862586 3.3571062808862586 3.3571062808862586 3.3571062808862586 3.3571062808862586 3.3571062808862586 3.3571062808862586 3.3571062808862586
3.218835817433531 3.2392218365001266 3.2475487331346424 3.2527533182653485 3.2597596969422122 3.268051976560092 3.277163995143901 3.286705981304785 3.296360973210012 3.3058548583625846 3.31405347281029 3.320627677342956 3.325925332783561 3.3302559700636816 3.3338744799968136 3.336966672996272 3.339637201470063 3.3419004518388125 3.343674954814353 3.3452721003301633 3.3475163048005374 3.3501755090313576 3.352900962882361 3.3552716791460755 3.356806015081103 3.3571062808862586 3.3571062808862586 3.3571062808862586 3.3571062808862586 3.3571062808862586 3.3571062808862586 3.3571062808862586 3.3571062808862586 3.3571062808862586 3.3571062808862586 3.3571062808862586 3.3571062808862586 3.3571062808862586 3.3571062808862586 3.3571062808862586 3.3571062808862586 3.3571062808862586 3.3571062808862586 3.3571062808862586
