_RESULTS/CROSS_VALIDATION_POSTPROCESSED_80-20/Berg/TZ/6comp/1/Berg_TZ_z_125_kriged_reverse_6comp_spherical_1.asc
ncols 100
nrows 90
xllcorner 5.6208707817415728
yllcorner 50.959635321741573
cellsize 0.00013419651685393446
nodata_value 1.7014100000000001E+038
[rows 60 to 79 of 90, columns 0 to 42 of 100]
15.490963381239297 15.305965202707167 15.077153102906356 14.807295185303849 14.500013995011063 14.159800683548212 13.791981598775449 13.40261177900601 12.998405837032385 12.58678254162028 12.17618456732421 11.777083768459388 11.40483949448706 11.087684968429933 10.883866735011923 10.86449264709927 10.983954671826254 11.152147427647213 11.3180074074459 11.456730048225475 11.557767439331537 11.61844878765957 11.639258076948252 11.622751905517834 11.57314352292418 11.496227439459004 11.399446300049165 11.291999174952629 11.184865478255814 11.090529947246445 11.012327448217983 10.93750678504396 10.873338969401498 10.824822272626944 10.808552816257427 10.83482577431565 10.894296137584302 10.977050052231057 11.074197268537095 11.178667547845128 11.285508630653947 11.391972160452195 11.497542620650643
15.327495669289332 15.129104858635595 14.890085306513596 14.613037870756315 14.301299414845875 13.95899392265156 13.59092204575908 13.202422421092116 12.799227585226266 12.387345556774633 11.973024600597565 11.56295694639549 11.16530674832399 10.79465627176903 10.505283421124858 10.516098691173049 10.768383722906679 11.035297895650578 11.269897050573316 11.462708170762797 11.611682810815593 11.717556288890098 11.782578473233725 11.810084018132686 11.804801592898315 11.772718468125865 11.721111532361943 11.658537100314877 11.594674044060186 11.53988451059622 11.501931576691685 11.464639050312773 11.428755927748355 11.39550037308437 11.380398921485314 11.400093377927359 11.448602918767786 11.518887212575661 11.604122983889049 11.698501322477314 11.797658692906609 11.898867661646442 12.001070138564192
15.199246235660382 15.000383076552145 14.759312241078689 14.47999485169808 14.168041707595727 13.82826201957542 13.465128830348426 13.083560961767752 12.688769916464196 12.28610221416135 11.880890071556507 11.478327284954947 11.083416842584409 10.701268087213968 10.34072820162757 10.369849630648769 10.72071947499497 11.038110400749265 11.31226961704215 11.541644608165006 11.726601005349748 11.868823682618702 11.971084116579291 12.037111826800988 12.071318455593858 12.079340812805754 12.067899691320383 12.044628436535195 12.017817990518218 11.99593950405305 11.9868893400234 11.982437220550999 11.96900048199218 11.949295123374972 11.939721128399357 11.958280304185092 12.00081408739275 12.062461314689102 12.138120829217836 12.223137012601564 12.313732959718443 12.40722862904564 12.502309597255824
15.099774249363799 14.905347397750049 14.670820996106478 14.400044696947967 14.097401887185908 13.76773552344753 13.416247746699305 13.048392411507173 12.669789166362063 12.28620636861318 11.903713365383783 11.52928197155379 11.17281676027016 10.85349390442232 10.6277106979666 10.640251998606113 10.878295299127565 11.171570967128543 11.448750076633626 11.693373183866978 11.900371342504675 12.069001509290764 12.200748436492644 12.298560591055033 12.36650087464357 12.409231644982867 12.432483805826745 12.442786275831835 12.447038258672231 12.452042445860293 12.463870151095682 12.484230593366014 12.4920783593478 12.484114462788558 12.479446713768265 12.498088970162394 12.537328487871688 12.593312966676292 12.661715097883745 12.740560872666626 12.826001149449098 12.914356950306994 13.002786682760844
15.030198412001125 14.843504578939552 14.618916770800539 14.360266842415664 14.071900304125773 13.758635455432408 13.425714953345025 13.078776686219781 12.723890314435563 12.367746047952672 12.01817883167268 11.685457190316095 11.383152309192674 11.133784196702994 10.9859457104833 10.993442983345263 11.152506975942437 11.401096787148585 11.662021319781935 11.906769401546956 12.124342349621305 12.310425596088374 12.464317692109157 12.587503989754067 12.682954961983844 12.754685991864417 12.80706101656376 12.845284273509938 12.87490168911127 12.90123622457538 12.928852664389435 12.9609686970552 12.988431973262898 12.9922864776946 12.995646155895683 13.016392602261934 13.053882518425977 13.109085884910346 13.177906971166939 13.255597933266952 13.337706811800695 13.420298635082183 13.50004489320986
14.990779534794848 14.814875955972786 14.603352125228733 14.360068933139347 14.089402237738364 13.796236148190513 13.485965347363221 13.164537908485269 12.838591500721286 12.515773629426802 12.205261837876211 11.91508187369651 11.659857979058396 11.463466072111316 11.356106574477847 11.361506275616529 11.477908252587742 11.679590796416173 11.92351645445653 12.16293000370175 12.384507466194579 12.581635053520838 12.751674024564405 12.894575485651533 13.012039605078037 13.106982096828052 13.183026181533494 13.24377109672103 13.293403431745688 13.335928514062475 13.374636510914778 13.41163275305171 13.447109735587674 13.463027347858688 13.477114011343517 13.50794820377461 13.556102660162825 13.618136794947638 13.690010121573822 13.767430662225019 13.846142003406506 13.922125334554197 13.991702094836375
14.981060934003679 14.818704927723916 14.623021836865297 14.397922299544048 14.147839868236106 13.877752463073524 13.59322252948329 13.300484897597661 13.006618610051824 12.717441727991183 12.440267953209993 12.186622656777386 11.971424982619935 11.812904196673754 11.729709943971633 11.73402164608918 11.824735250297216 11.988104152815811 12.205138760279254 12.440416220561454 12.66392738231637 12.8685304255124 13.050484302242523 13.208553329256567 13.343291982085132 13.456510125624781 13.55084982892646 13.629093643201893 13.693791398839986 13.747766802199582 13.793216805858716 13.831314312184395 13.861871968316875 13.88636172984003 13.922771033007228 13.973205709216455 14.035683125867351 14.107263065724297 14.184329259107228 14.262866099795456 14.33870220711949 14.407699496810315 14.46587290936022
14.999988847207277 14.853595463092843 14.676128635587943 14.471543384648717 14.24432014761003 13.999504885186898 13.742302259408953 13.477155163396615 13.210305893480898 12.949253825953964 12.703003117167604 12.482367314019223 12.29994999422669 12.169250943308223 12.102294859762695 12.106049089694524 12.179650624040562 12.314778665491247 12.498881238865259 12.718658242755412 12.944894574731741 13.155673077429125 13.346970274587209 13.51685153614795 13.6650008984529 13.792283909023695 13.900358920657684 13.991295339463703 14.06656008106296 14.127660169892856 14.175853250512734 14.21152242795943 14.236266624650382 14.266318140004921 14.326769411591393 14.399379815093905 14.478729825153403 14.562167950771235 14.646310582696099 14.72726556513966 14.800844690235365 14.86274775191043 14.908704005537723
15.045434521121459 14.916905853165055 14.759061895390854 14.575588655994709 14.37051722454545 14.148303147000826 13.913930566175495 13.67304801957089 13.432134814680023 13.198676458206759 12.981289075033043 12.789672990158108 12.634203865900709 12.524940531185342 12.469983659614298 12.473588016530625 12.534957515585038 12.648523683916613 12.805544009400268 12.996042571255376 13.21024299619848 13.427294921980968 13.626648505685582 13.806043949852073 13.96460152986416 14.10245826945779 14.220452688337074 14.319810729626889 14.40157166918523 14.465909815184455 14.513221854561253 14.545570655350692 14.572180891816938 14.61103049848207 14.679687095510863 14.772655078895658 14.870977648606557 14.968239137232311 15.061134578636267 15.145765352001966 15.217831095838902 15.272816485192358 15.306159965071128
15.098800564149666 14.98944056650657 14.85156831959161 14.688910248427579 14.505539112803637 14.305952245312675 14.095170313975524 13.878855857224409 13.663435052739336 13.456176823951976 13.265147418430248 13.098938624901441 12.966090941110703 12.874209270259197 12.828894431509633 12.832773758005029 12.885013281026545 12.981563505034133 13.11603323216132 13.280791200600591 13.467902214464505 13.66972269262033 13.874923289388065 14.06236485752363 14.229083874809023 14.374705958641435 14.49942887279996 14.60376845778083 14.6882671988885 14.752417736980187 14.796877619090266 14.832933566227863 14.863212161756644 14.913636221295897 14.989003156481717 15.085488956203589 15.198023519797838 15.310763582722679 15.413920707200537 15.503479304313336 15.574934950504375 15.623490094564477 15.64425667741717
15.149287160964025 15.060593532163221 14.944085506951074 14.803471939556598 14.642789088466612 14.466475182320531 14.279466025406743 14.08730833963428 13.896264084270985 13.713335820125161 13.546100958628537 13.402261688951212 13.28894354753636 13.211928122420618 13.17502746382411 13.179709505220764 13.22501628957099 13.307793908213734 13.423186249434153 13.565254321297305 13.727558962888327 13.903602525816861 14.087105745450469 14.272148680839733 14.44539636248609 14.596579971461077 14.725425694742297 14.831892571224376 14.915958687986874 14.977033156046005 15.024531800548303 15.063375570126716 15.103045350364555 15.165401497086517 15.2481760960784 15.347567558165071 15.458767259947221 15.575994167510194 15.689962093648557 15.785725900943929 15.857668684487928 15.900800512880128 15.92277941375914
15.193245863576543 15.126383527898652 15.032265319719768 14.914521907601408 14.77707256616265 14.624194298594206 14.460619943597964 14.291668881135875 14.1233839847632 13.962575890590085 13.816584549686862 13.692601914451155 13.596717996151748 13.533197264525509 13.5043052819457 13.510487888090381 13.55058728315657 13.622025795072897 13.72103196758318 13.842940955725606 13.982527714882579 14.134311381566148 14.292938154131182 14.454550714768722 14.613309201726137 14.76319314902689 14.895439687264474 15.001699594699991 15.08136985201646 15.139353398723918 15.188017882354277 15.227951592525779 15.283203280763782 15.357599903042306 15.44823075208878 15.551315653846165 15.66208674769447 15.77480039638271 15.882790164185664 15.978998827270377 16.062441672177957 16.127964699057063 16.17438311810132
15.226946996375453 15.18278676688423 15.111774235325873 15.017404416985713 14.903402077652588 14.773780413408103 14.632942558471543 14.485851533843396 14.33827160376589 14.19697142055517 14.069530540348108 13.963278521913235 13.883640365684617 13.83328486946568 13.812728606668829 13.821317792796398 13.857665848798002 13.919655710375126 14.00438281378961 14.108279529874443 14.231029596075695 14.368675882606889 14.514308683700783 14.661166031202058 14.802820313798193 14.933324724350516 15.04732053615247 15.140106070491036 15.208398931460401 15.263869233115098 15.306360303029102 15.34852947874041 15.408228000824522 15.485640382552457 15.580367232476226 15.687647756781203 15.799948213722805 15.915048784099842 16.02939338467445 16.13902053557735 16.239649378397843 16.326821621662397 16.396169156810462
15.246646328319684 15.225809013896804 15.178371459236695 15.107645688520766 15.017095801721394 14.91037457998489 14.79141314382618 14.664624788665886 14.53531171731513 14.410280023885369 14.298129960491618 14.207669548640181 14.14416829548649 14.107862858942768 14.096689081514791 14.108740717439527 14.142548039187385 14.196560133716737 14.27440342851699 14.376002485476306 14.495401129811714 14.626201600097833 14.76180749192863 14.895660192082838 15.021451383472936 15.1333026928454 15.22590685545557 15.294626261904028 15.341666316947997 15.379656746049594 15.41149139017157 15.456891135878855 15.517380218943075 15.593075865426325 15.68423575638681 15.791147689974732 15.9140107502664 16.046008935003176 16.17773833526249 16.30485483660225 16.422467720240338 16.52524660729996 16.607716277162673
15.250816686905457 15.251536763279642 15.22795760251573 15.180999921829095 15.113826606463366 15.02966188362076 14.931833597552489 14.823942968362052 14.710367509493667 14.597507654594216 14.495858218131112 14.419060940653669 14.373457421844083 14.353729187975425 14.35349341782009 14.369897188641817 14.404258219968243 14.465436113174649 14.550892412835905 14.655790430950747 14.774541638196117 14.901022655796634 15.02882247607786 15.151491896457056 15.26277894896082 15.356838225357084 15.428403412759492 15.473072767054255 15.501941310971922 15.523703610265496 15.556180076028243 15.601971311285043 15.661251501050039 15.734481478438218 15.82227108632226 15.925247014324167 16.043907664044816 16.17846222975467 16.32648273628044 16.472586368460814 16.60925494015984 16.73015934509994 16.82838743755291
15.251847382938852 15.257464670896825 15.256593382198492 15.233449066036611 15.189598756051964 15.127836637788636 15.050850813665045 14.961250886428815 14.86185147114817 14.756949728405122 14.657480044847734 14.59079735356424 14.569448473602284 14.570386646383678 14.581974709889392 14.608364776531287 14.660226610673844 14.735521468052031 14.830753630258005 14.94137793832791 15.061996088962015 15.186596564624843 15.30881320270401 15.422189899408389 15.520439986887643 15.597686722605255 15.64866937666568 15.671472959616818 15.683662988688384 15.70455413260696 15.73758188977273 15.78191187938657 15.838084265269664 15.906993094599589 15.989698183940176 16.08727301770042 16.20063822356876 16.330370634226323 16.476474148199586 16.637390169558728 16.79530610706826 16.93735725651401 17.054844044022254
15.25231841995231 15.257907067867224 15.26224708633665 15.261160464578394 15.240642664314427 15.20139650199494 15.145622275432197 15.075150646129739 14.991333952563837 14.895066078146632 14.788206219131744 14.720281115668584 14.740555303963951 14.761777872552909 14.789900894969552 14.839492799169365 14.910524697183671 15.001090565803468 15.1078701102147 15.226380295589564 15.351219174196117 15.476315670224736 15.595193749612307 15.701251535418553 15.788047613593866 15.849578786749266 15.880527462735273 15.885936342883134 15.898099087375774 15.920083503243237 15.951569690771224 15.992143129561127 16.042816365134733 16.105015606394467 16.180352724399707 16.270456973208823 16.376797597891347 16.500479853915017 16.641984761252854 16.800811352449024 16.974441751791314 17.141046912398565 17.28241163204233
15.252229901077666 15.257824301615756 15.262183725324391 15.264555108581993 15.263266759810012 15.246808616533396 15.21307221329306 15.163744153703451 15.100177098309384 15.023821180451376 14.940039378021556 14.891865444715066 14.908683706852536 14.939047247137815 14.98941202316368 15.059933624241037 15.149602331508168 15.256104580905019 15.375860763071683 15.504182657707927 15.635463608709681 15.763397145503017 15.881230227195719 15.9820528553059 16.059116145919333 16.106158932396518 16.12306156335396 16.13098694518258 16.145620584364796 16.166609316103823 16.194034212513703 16.228053199601167 16.270284449068264 16.322793095819826 16.387841278332544 16.46770797014174 16.564515324644102 16.680038854318035 16.815459396131875 16.9709857013798 17.145231413600705 17.332859071497822 17.503900908589088
15.251581691154046 15.257213056049807 15.26170468029719 15.264362463162307 15.26435177295574 15.260687301611808 15.249251920051224 15.22279236550263 15.18329278271729 15.134892167147122 15.087545037497256 15.060715097312896 15.065949381677074 15.106932516318503 15.174397202726981 15.26349040313104 15.371142471135201 15.494017656396064 15.627947253430236 15.767824921895219 15.90766901740452 16.04077473055457 16.159939726675233 16.2577601864138 16.3277578424593 16.373476140651277 16.395092039718016 16.40781688176429 16.423009129586248 16.440504625823266 16.460850055511063 16.48496237471455 16.51521813719194 16.55443614744606 16.60561474441663 16.671742779623848 16.755644422593868 16.859833084198186 16.986330374087917 17.13637159827487 17.309842210992368 17.50410816713123 17.707139143387167
15.250374408426609 15.256052444116989 15.260748327973387 15.26385972849866 15.264699335766723 15.26252189131787 15.25661204457144 15.246509667324565 15.230917058181381 15.208484227738728 15.186418338717594 15.174357280188405 15.195080915376769 15.251229836270468 15.335488644275033 15.442474016871355 15.567937022230687 15.707655459401106 15.85683838473281 16.009885820920303 16.160342682209475 16.300978430742337 16.424559360130374 16.529711655161222 16.612786925499332 16.66955775723232 16.69740505016395 16.713609840206935 16.727126892468608 16.738156911891274 16.747835146576804 16.758092973758938 16.7722385903281 16.79397011636379 16.82708919064971 16.875304824053643 16.942107569109186 17.03068635355289 17.143850338229527 17.28390053731901 17.452344335640873 17.649177293901353 17.870835401041553
