_RESULTS/CROSS_VALIDATION_POSTPROCESSED_CLR/MHZ/IZ/7comp/2/MHZ_IZ_z_250_kriged_reverse_7comp_spherical_2.asc
ncols 100
nrows 81
xllcorner 5.5967107548124995
yllcorner 50.982328804812504
cellsize 0.00017565037499993607
nodata_value 1.7014100000000001E+038
[rows 20 to 39 of 81, columns 44 to 87 of 100]
4.1884094396614415 4.120519551330145 4.036684798108572 3.9374821033189824 3.8243297098234192 3.7039040372098597 3.6351177353403226 3.725686349513314 3.8431201090171543 3.9420929010367747 4.014141557699535 4.060129316903898 4.083787226435357 4.084616932704131 4.0674013007476395 4.043377304641751 4.026969635143806 4.024643621589033 4.044501714980766 4.076187371909869 4.106593089087137 4.128830649574027 4.141169108618851 4.148388491299514 4.171777693359706 4.247071161963617 4.372960471181145 4.545009402249441 4.723789593054367 4.885088827985376 5.025033379830679 5.139704795017117 5.223824347313312 5.286450266668687 5.338165351402342 5.382119547504119 5.412076599846258 5.418528703430133 5.393288350939681 5.332910343383392 5.2419756669005855 5.13244757140081 5.034090815533967 4.994219259870119
4.2770844350898845 4.215402262054507 4.142167597349962 4.060132176419088 3.9755174355499765 3.9046194167273187 3.8837210212514868 3.9361166964005343 4.0260879117484105 4.116006501875005 4.18815586237888 4.240288958360714 4.272180424551066 4.283458200554644 4.278134182699723 4.26403048375337 4.236757502802565 4.208145276715287 4.186003409303408 4.168921622805152 4.151691144532477 4.130243164995069 4.10300603121999 4.074279451951028 4.082024974172402 4.146801612266616 4.266335203545021 4.432769952496418 4.605588654629144 4.769119475759317 4.915584431256029 5.040511853461499 5.137729993097577 5.213626778127699 5.279622961070684 5.33626486111172 5.372655438783192 5.376484370376854 5.337900146713712 5.253218229539138 5.1223939646038765 4.962037839217329 4.809125867535008 4.713652426593709
4.388134760822975 4.336575240354629 4.2789699919229465 4.219602510729042 4.166378237422606 4.132789334227245 4.135713963823038 4.181509547246723 4.255846255436076 4.33662846608534 4.40758105597769 4.4638581460101925 4.500838424439573 4.517479236460288 4.51648206323468 4.491093164295754 4.442971981085005 4.384128566539511 4.322760349446639 4.261056686028205 4.198091301555651 4.132513870161754 4.0646297570208 4.003554573548135 3.99363277999125 4.043590713168334 4.153123859756878 4.310013993276576 4.475381299507518 4.641417298857478 4.796091378079347 4.934099033428847 5.048292157131324 5.140596300124537 5.22586714516086 5.301627551826106 5.352794818312289 5.3626945162744315 5.316789132449606 5.20634323328665 5.025726961131602 4.793903492405392 4.555427463856246 4.38524564786728
4.514109610665503 4.473638594890084 4.4334402314535515 4.3967019079230845 4.370372806536321 4.363453463002401 4.384146177911192 4.434132217984059 4.505441105440541 4.583968762942994 4.658146083277961 4.719674948008257 4.759906525758773 4.77647740004279 4.765737493508144 4.71715923123401 4.642078059861467 4.551000195590199 4.451372382551265 4.347619302500394 4.241806357253959 4.1349587690978105 4.0273907271145335 3.9366946661774636 3.9040315107360497 3.9349295239585382 4.030122213522881 4.174571553209188 4.332367041365151 4.500401451590389 4.665267582887618 4.819857939897384 4.95609943502354 5.070705438952245 5.183798382173522 5.287734519329557 5.3638183973120555 5.3911174323977455 5.348989738330595 5.218351533689446 4.987648982712333 4.672465269505164 4.312363840756936 4.01225801655043
4.648242720507773 4.615984509923162 4.592841162836359 4.5763657339324215 4.572055737868596 4.585774687999768 4.62185852005411 4.68056061260404 4.756672754968495 4.840814372620135 4.925443624205358 4.996619235084658 5.039975526091672 5.050386199562979 5.014433210432507 4.9363629582629045 4.830222371920837 4.705824271155137 4.5696067576011945 4.427982078074528 4.2835461856651795 4.137237032548089 3.989626825344634 3.8696935055524464 3.8107109094882397 3.8181779013657358 3.894253757278223 4.023808714702052 4.173637016597198 4.34348312713829 4.520504810441872 4.6952662340529985 4.858672303093488 5.004056684286383 5.153202258327779 5.296304507202979 5.412252207977996 5.474545486284752 5.452645770904806 5.31576116676998 5.048301736381175 4.664409839260549 4.188981468369735 3.654229918149059
4.78351759812225 4.756421687427298 4.746646959501049 4.747733875320427 4.761490345452146 4.791836965367947 4.841377421054538 4.910117748925734 4.994755311854323 5.091618873906977 5.194108532651113 5.283699846368294 5.332660329582766 5.324138726201896 5.253036085411601 5.140891588725528 5.002252763663895 4.845633520172408 4.677940570748413 4.502458479030831 4.321983209501177 4.136886382193403 3.9502607170924637 3.8013029748737583 3.7133291072595602 3.692828165553829 3.744139398027979 3.8554800652266357 3.9959513016075636 4.167535332320485 4.358581202419363 4.557012680253426 4.752183286916392 4.9383407489780495 5.129759706767902 5.321601857211385 5.49300478821897 5.614112644185801 5.640801607737211 5.517764151251822 5.229218692702155 4.815022002055939 4.330581889778367 3.8838159787086184
4.911780810145233 4.889204539052673 4.888031104483561 4.902724145564838 4.931347177082193 4.974980349091382 5.035508720624517 5.1130340071597 5.2067886264918215 5.318323065320829 5.44271504049427 5.565442483420886 5.630086646104844 5.580012841463833 5.465976005293267 5.320169297800879 5.1523449229917455 4.969563831023782 4.7747760361599525 4.569144143978262 4.35656905216659 4.138366744653422 3.9194606586398413 3.744816737944186 3.627829609968395 3.574883880659912 3.59438358397823 3.681208666815348 3.8067843633147556 3.9758780979426103 4.179223145653946 4.402437229195131 4.634217393601611 4.869216315448915 5.105637589319586 5.3500100755103706 5.587366997675211 5.792571359731404 5.9092628901863575 5.8240722533134335 5.509702008866322 5.08090469941822 4.637479357952474 4.277004335224341
5.027739405098199 5.00855880777971 5.010643869066004 5.0347724714466935 5.074682792399043 5.129408464797621 5.198198934239013 5.281489942388312 5.382768956649066 5.5021888569857 5.637862339143045 5.787588553278868 5.890958005849973 5.774722081398982 5.630958531559927 5.463251625584179 5.276720352019079 5.074348499362308 4.8607953979528595 4.6365911640345105 4.401631254448006 4.156834524924271 3.911818545940724 3.7113241588470367 3.5637195713146887 3.4739760974034497 3.453653874216453 3.5078877264119956 3.6134851643417973 3.7787472855104145 3.9952811312582472 4.243298721659342 4.512068286392151 4.791577551578392 5.072401115099519 5.363404841517737 5.660836655517293 5.954637169496231 6.217799708212274 6.207984118920057 5.806649363254138 5.3598107773772785 4.946422945170128 4.615299851219997
5.128069654822738 5.110683631844338 5.113543899958635 5.139310527570804 5.186081943066995 5.248294483766056 5.32292196562624 5.411726112610427 5.515655383320857 5.632487495967052 5.7571713290234845 5.874617764968446 5.931764155965411 5.86800396478891 5.734096063712957 5.564309590888039 5.373116549833421 5.167164951498708 4.946703719050628 4.711209824589413 4.460049097579984 4.194652432985693 3.9306380470345723 3.705573989785509 3.526470539875529 3.3974459399214267 3.328638148892135 3.337160556535329 3.413207132551189 3.5732546919247503 3.8090893920662534 4.092413116836006 4.4033809761413565 4.723043527561398 5.0401481969522814 5.358393231746885 5.6863304616713695 6.0128296685128015 6.3182300260070114 6.351332438186891 5.975390848818299 5.56962003228557 5.196417906927119 4.886207917990978
5.210882003941433 5.193227783382376 5.194474488929074 5.217419475171708 5.2637791692261375 5.329112027773132 5.409476819271937 5.501716195732065 5.603627232918503 5.711228678003333 5.816585033972616 5.903934519976359 5.944729309739609 5.90086297973438 5.7864830353791294 5.632640837491515 5.453351902415323 5.252894366168925 5.032675831939899 4.792677679140187 4.532180492581655 4.257310656516369 3.9804929008027754 3.734527964124201 3.526166579330858 3.3572392969601683 3.234787478272425 3.178496395241951 3.2054499592949077 3.358309126092515 3.633376965215991 3.9728855578957543 4.330453272529893 4.684443747633386 5.025748226514105 5.349155705174978 5.663845648234853 5.957116074306625 6.171371625634366 6.190714686884369 5.988138823594702 5.689302377389395 5.38023954389308 5.1007553734211
5.275168160260406 5.254977920022337 5.252061709205498 5.269814808179811 5.310412707179475 5.375837537355283 5.460560988859028 5.5542181145899505 5.652113105255079 5.749338370380968 5.837847537850331 5.9073528171554015 5.940136205225642 5.903695547406529 5.812615330330235 5.682593156217596 5.521159158189689 5.332308431822575 5.1186866469703745 4.880862893616171 4.620842690411005 4.347933143552547 4.066200703066664 3.805953007296016 3.5753322622176658 3.372963856752527 3.199830638647849 3.064613617687292 2.999522916241002 3.149356928217697 3.5142724657146034 3.919083136124132 4.314426875453454 4.689260771883286 5.038551726349589 5.356822181111211 5.638112859484695 5.8788604162452325 6.042884592751121 6.074372523937793 5.962026713415474 5.756692503112798 5.514475968785124 5.272542896515015
5.320726707836777 5.29581606884458 5.285970382915301 5.296942418340084 5.334587865036806 5.3968845332976825 5.478509569779756 5.569035609122372 5.657467411196766 5.740646993963773 5.813820522220252 5.870845982965536 5.898658976637249 5.874421562725942 5.807015137908718 5.702180253248092 5.564650906816867 5.397263710237684 5.20086265090954 4.976098752132179 4.730149235258944 4.467800259246731 4.191225890415263 3.9258862872185434 3.6848589621348173 3.465144050807564 3.2640510214411593 3.081113991226 2.919492384842784 3.071193498488651 3.5359160722159793 3.971551208087498 4.376821814668725 4.751197937650901 5.091811867122376 5.393383275338167 5.646677991696911 5.842182999300571 5.972332469151812 6.015186263321334 5.95389790382048 5.812444587707394 5.624626274265628 5.418559457121308
5.3479700732149595 5.3174932302886155 5.300553497976048 5.303995979020736 5.339976612561466 5.39461558773595 5.460331329899681 5.5350414431526405 5.611506983836275 5.682357777454629 5.743589391681617 5.791722653161912 5.822092068600593 5.813900895065344 5.768432687190554 5.688356918561103 5.576320036649223 5.433975880419369 5.262907439639367 5.069385483378371 4.853787442869199 4.615496119017433 4.35593207520526 4.095853351552925 3.8582932995626975 3.6418864197188716 3.449980279420518 3.3022620635727433 3.2479250601257013 3.4111772424113216 3.761587760908686 4.149972166066783 4.5263969951520595 4.876764995283948 5.193695015655507 5.470233294384427 5.6977401421128056 5.865632968123816 5.968694148800121 6.0103502705112275 5.979362810646953 5.879243161992646 5.730862546283712 5.554180573180691
5.360565509152488 5.328445481382244 5.3074380711681455 5.296147495611147 5.323043419181686 5.362459686569022 5.409769722686726 5.464993064199947 5.522845161695852 5.578745090256558 5.629588314748749 5.6729974176739315 5.711770205125301 5.720457582050407 5.6965995327572045 5.641471590286303 5.556333838764541 5.443832490208799 5.30945667252048 5.153638849040681 4.9757008415620145 4.775010561834587 4.551671725625373 4.311585155943848 4.08909971704753 3.895279718364571 3.7456089917877446 3.659020755083402 3.6755010094788156 3.835864590485019 4.106328138735721 4.425219723120943 4.750662481593155 5.060756391104901 5.343582048769349 5.589866826401163 5.7910915954567175 5.939251491019912 6.028350510680799 6.060151584353936 6.041825833691028 5.967354333957098 5.845554267942697 5.690541703574093
5.363371524032935 5.331684149094758 5.3053915298228205 5.287994659020831 5.28929252844927 5.305477877984859 5.331364441889558 5.36563014920628 5.40447288166494 5.44247505904802 5.478054875516855 5.51892052511696 5.5651456136315325 5.591322327519455 5.589399896266712 5.559963091752941 5.507209059960286 5.433838694954562 5.340434425182428 5.226805548116754 5.092067771019387 4.935626862003241 4.75835263177665 4.561768542627814 4.372631663859305 4.217868969284828 4.113664778301716 4.074759316749572 4.120912321569826 4.261805379056843 4.486294069769972 4.747746879504665 5.021038218921701 5.28712926471002 5.532484049033628 5.7468543920410236 5.92189540108448 6.051068648948513 6.130285030465497 6.1593770041510965 6.1415199894379615 6.0804936766021775 5.9750301830803485 5.834097433075433
5.354955901559193 5.316334620404025 5.279109657788174 5.248929970845012 5.230364863041465 5.223738024856962 5.227401039928597 5.240448184686408 5.260191407564532 5.280828656041184 5.304308886563408 5.340661142096618 5.389061724628264 5.429311496662479 5.449699385455691 5.45201970689442 5.436855075334357 5.404612944392578 5.35529277714633 5.288445234268688 5.20322589965189 5.099522400137956 4.977881895483906 4.8382316822316955 4.69748276819911 4.5887664793733345 4.52377411291911 4.5183856192545475 4.574033459922543 4.689911131636645 4.865700174443522 5.0818992107051155 5.308801917013297 5.533098960568535 5.742606044504187 5.927043339943733 6.078063725047597 6.189462763570727 6.257767559223117 6.282947857245006 6.268725355978072 6.215541730889526 6.11793120334315 5.983581794793332
5.3291783474281775 5.276552220844431 5.226327092347863 5.181469432102575 5.145009153130978 5.118323572010894 5.1014385615243985 5.094225349250344 5.095144669669068 5.098700307783635 5.112354821826221 5.144116825520346 5.194714588408728 5.254235888993156 5.30094529153667 5.3351067033125625 5.357119791346076 5.367078277247484 5.36428747504148 5.347634556206113 5.315905210111571 5.268908161128963 5.206246361883398 5.128153041499706 5.04549899220182 4.984279558053148 4.956303287673391 4.9725235522637945 5.030349365289531 5.117167573445404 5.237662439772345 5.4025118096326965 5.590920892857562 5.779434808580615 5.957522679312225 6.115424490281283 6.244892394461614 6.339728702605647 6.396387545062858 6.414505120518865 6.397062919444888 6.348598214238228 6.263603377482847 6.136357252770209
5.295083291701341 5.225626379728648 5.158376147093565 5.096474696490176 5.0418804360932645 4.995870260096302 4.959243208033009 4.932762400819743 4.916019689168847 4.904634723184299 4.911845843569677 4.941812724289599 4.995769364076005 5.072255344346129 5.145436173540773 5.211614660045499 5.270802799154146 5.322656865973618 5.366481302500878 5.40124071130001 5.424908401847801 5.436788063875935 5.4351333745498644 5.4227209535526 5.405127854713852 5.387178848130459 5.391842205171941 5.418850742730892 5.482102178810745 5.531159125547695 5.593310218385071 5.701484153795849 5.847727212393284 6.008688231936826 6.162041068141206 6.298691587333591 6.410473151707138 6.490904894709929 6.53599581001092 6.544907989137948 6.5201385020997655 6.467033890886578 6.387477932758911 6.268130000805456
5.255212429106742 5.172950218263812 5.089980671609342 5.0111616799954275 4.938477722844816 4.873538148272495 4.817812221443782 4.772859022937848 4.738381020251707 4.71301347981839 4.712696703122971 4.739395835390561 4.794910960329177 4.882410701910698 4.982003991122386 5.080221188686802 5.176644476183314 5.270401513386559 5.3603791285766 5.44530697746835 5.5240320030512535 5.595715135640721 5.65678856344294 5.7124198889187054 5.759348585874514 5.790715994911302 5.810015163730119 5.8328281460856335 5.864352216354445 5.884651187515968 5.912826244284967 5.978667748835609 6.079634644792476 6.206298390334377 6.342094057215996 6.4640605904037445 6.563281585250545 6.632603906373088 6.667160220533344 6.665528505311813 6.630139767932583 6.566575163013671 6.4818159097037 6.3651072612240345
5.214980033156859 5.121533379331778 5.025132448690471 4.930104845474101 4.840160053268234 4.757139864432398 4.683212791053921 4.619702321452321 4.566375037908061 4.526864133935186 4.516887389243806 4.538129188025887 4.592944636919151 4.685363441091127 4.8085702815344495 4.938740377259851 5.072292198371467 5.207839703151963 5.344113658112366 5.479022279840391 5.611459986574032 5.740547873426962 5.865342814574835 5.989202650148613 6.100704910943226 6.178731651700102 6.2088736980802315 6.20918350846518 6.19759077233885 6.187010992005128 6.192423908006383 6.227227776345243 6.293028355528437 6.383802575368842 6.489906067950049 6.599557753792654 6.692480785499994 6.755236110380729 6.7812411276613815 6.768193753390222 6.719109741131367 6.640945517833849 6.542143887904954 6.420061718096223
