_RESULTS/CROSS_VALIDATION_POSTPROCESSED_CLR/MHZ/IZ/7comp/2/MHZ_IZ_z_180_kriged_reverse_7comp_spherical_2.asc
ncols 100
nrows 81
xllcorner 5.5967107548124995
yllcorner 50.982328804812504
cellsize 0.00017565037499993607
nodata_value 1.7014100000000001E+038
[rows 20 to 39 of 81, columns 44 to 87 of 100]
4.414995827254035 4.376954074700492 4.321783754740784 4.248882934469441 4.1586138594899795 4.05678913239322 4.002439344573334 4.1043237898762435 4.227460694548261 4.326327244573235 4.392241673900266 4.426827996317776 4.43503136663567 4.418077640566073 4.382302059943722 4.34040282967056 4.307849907946279 4.294052597344836 4.308012913869153 4.338268855076109 4.370316281256781 4.396443977678354 4.414440007345684 4.426559203510352 4.452943816834074 4.528559151057599 4.650542859476578 4.8139519373161725 4.982679128549022 5.133266241424 5.261833488868756 5.364615297165759 5.436589818629185 5.487463682309884 5.528773050821927 5.565716965199841 5.5936319454501255 5.604890791837791 5.593919713803991 5.5595593377999535 5.5053841063373525 5.437990964429453 5.381824248130468 5.378948289838723
4.522119212016984 4.489160492525101 4.443053381128488 4.385412068169369 4.321527751620341 4.267073605958206 4.2581759196029445 4.318474395331442 4.411837859571056 4.499850520699744 4.564523001584029 4.6046444777896385 4.620837542852466 4.6142281116456685 4.590749425026092 4.5599970361735265 4.520037588077551 4.482585825529485 4.455765055762841 4.437857024926545 4.422961303858434 4.4064021622605365 4.386207603128325 4.364549476022647 4.3769479172557535 4.44282675176731 4.55845054716637 4.716546643145461 4.880156809029864 5.0337699160008755 5.169464155078112 5.283056398411542 5.368860788889288 5.434211794456759 5.491952040165793 5.544669705047923 5.582994587191752 5.596327919868126 5.576580876073383 5.52106869378532 5.4278320019866495 5.309651834011888 5.198765784719545 5.139600473339557
4.65531296321485 4.631665105569035 4.599916017444699 4.563251543409274 4.5287359163968866 4.509422887045951 4.522512578109322 4.574247765145514 4.649901694938569 4.726964839068773 4.7891499964194 4.832726626929617 4.853623019930384 4.851983471169369 4.83266976342952 4.7912304841405735 4.7313593566125265 4.665772023304015 4.601257712953749 4.539807454787849 4.480171721281348 4.420628097725855 4.361719928322051 4.310977869845941 4.308216051095241 4.360293201316728 4.466654299294378 4.616047049271361 4.773019508886226 4.929790290066849 5.0740024270043955 5.200689405859761 5.30328984365112 5.384754501130109 5.461922029356559 5.5348393323915905 5.590201598725216 5.612583805679157 5.588512731564757 5.509780198476165 5.368640764033079 5.1812762379467445 4.987482064941108 4.854711379172109
4.807045200549146 4.793810140529712 4.778362753966021 4.7628167369060765 4.753762358084177 4.75986609713123 4.789156156806317 4.8431941430324414 4.913855764110102 4.986872010554816 5.05114407082041 5.099199366209609 5.122706244940811 5.12025674023856 5.0907666724018785 5.026250040231047 4.939438002413748 4.841944065205073 4.740766832233438 4.638617715660791 4.5380791832689455 4.440398444410622 4.345232405122875 4.267812778450958 4.244001128375446 4.2784524808631685 4.371604092506853 4.5096440665091855 4.659837852572563 4.819055608183267 4.97349845044667 5.116379252377931 5.240290313306742 5.343001734632707 5.447181856232199 5.547378653892132 5.626699726277591 5.666183422215355 5.646964098597814 5.549481740208932 5.3602489356942815 5.093421493660536 4.78461893167867 4.528726651101493
4.970084023337659 4.965154184146634 4.966374533741188 4.970478827550659 4.982394569502393 5.00766999617613 5.050533402498805 5.111253034393559 5.184676284497819 5.261558772465458 5.335307329505369 5.3922129598047 5.417970886958551 5.408212502821278 5.352866082740723 5.258403415715955 5.14015555878822 5.0089380119337035 4.87196475835933 4.735056278178104 4.599738502825382 4.466355334265328 4.333994694056491 4.2287395504022545 4.180776923058099 4.193733712451834 4.269366554024307 4.393813378547689 4.536840621464887 4.698126594869714 4.864442313293299 5.026623825729819 5.176309173906164 5.308052678186797 5.446448957924403 5.58353592877298 5.700025320473432 5.771515852581455 5.769736112462215 5.665403401472358 5.441248399363629 5.108901070880931 4.6910552271343455 4.216783568563474
5.136736414939386 5.1394313537406315 5.154826704241526 5.175756221099478 5.2044243436242414 5.244513656144094 5.298645652978767 5.367032040966922 5.44666265298012 5.534660955855419 5.625321793666289 5.699997018153592 5.730362164664886 5.70016557647626 5.608454651878262 5.479022252871783 5.327670714763755 5.164111107708335 4.997532674689591 4.830709968221371 4.6632984112642335 4.493890836820221 4.324385523417265 4.191562508382322 4.117016301433193 4.104473108471526 4.1575145371060716 4.265374850912073 4.3999468678811855 4.563067671747179 4.742773510504488 4.9272303772771595 5.106610112595732 5.276855443214772 5.454684841693513 5.636944161668736 5.804496693137056 5.9300372032145034 5.972833475164859 5.878977866566773 5.632105888991551 5.268828133463688 4.838691456930796 4.439930784549398
5.298607387772938 5.30842090762573 5.334716908763358 5.370085118085289 5.412154944229084 5.463265482928312 5.525673936921597 5.599936791775249 5.686024644762486 5.786920850886503 5.898384161878461 6.005997758312751 6.0513220122062386 5.9771697688877055 5.840704990321184 5.676553368258972 5.49575232553782 5.308007063782215 5.116687390582211 4.922182170948225 4.724787456569946 4.5237726219601555 4.323192413652628 4.165822305786328 4.064011092212288 4.021968203118666 4.0461083529864 4.131826703615211 4.253260102152877 4.414834080747296 4.606732492142601 4.814620826605947 5.028122182559808 5.244497321854567 5.46371843446717 5.693991267619622 5.922513996187342 6.1265058843284335 6.252564035630523 6.19126074358996 5.915306581836328 5.532952500762863 5.136199925269075 4.8119797299461755
5.4498039290939095 5.465491024750382 5.496953323291423 5.543399072457539 5.596896035140139 5.657166001985226 5.724802374215644 5.80127972660769 5.8919533448248735 5.998206410026217 6.118994943552238 6.252858895843196 6.337202163098139 6.193282474827574 6.025750127734676 5.839206916937162 5.641323393273988 5.435670481566185 5.225876451870985 5.012241011395581 4.793296897396171 4.5667943747745285 4.341430311627419 4.159752760930612 4.029086729738087 3.953340901522048 3.941313650060354 3.997426364929067 4.1009481887004124 4.259736637817879 4.464806814217913 4.696637207275999 4.946200728780253 5.205079480912351 5.464960930118475 5.737857974527194 6.0220312700457015 6.308112437011434 6.570452967168563 6.5769811443942885 6.213678048573961 5.808233198739879 5.4341084146643395 5.133653620252795
5.585936861391991 5.606077764358546 5.640334087673372 5.689433153904857 5.749969642399904 5.815821162891801 5.886162515320547 5.965099478008617 6.055354305958974 6.155904482610414 6.262525084168634 6.360258805938601 6.3943872882006385 6.30481515744967 6.147146495564737 5.959522550070118 5.757850745708516 5.54804658845283 5.330592397114759 5.105070228859061 4.870379142867678 4.624478803552911 4.381694104856699 4.177333307283542 4.017377078079639 3.905013728004602 3.848801187564768 3.8631352599726467 3.939728737145967 4.09438844336279 4.318225912280481 4.584220586063071 4.87478833433826 5.172333776926032 5.467371380383929 5.765590529261023 6.076787889733693 6.391396284803266 6.690704644926339 6.734233813091938 6.390545708401405 6.018909670779816 5.677410157554766 5.393413579710464
5.703645244376972 5.726762734350618 5.761972728126414 5.809188042104333 5.868431490963205 5.93506662050564 6.007399574084211 6.085994415903214 6.170532619022853 6.2582718507047534 6.341944404956198 6.405817608521469 6.421069582231269 6.351432970672316 6.214254847504476 6.043285521911654 5.852915524140198 5.647966824518072 5.430181026593054 5.199724149619946 4.955848770926324 4.701732672461617 4.447819293163295 4.2246687396608085 4.0379846102722246 3.88870713644096 3.782685935082248 3.7374220175166384 3.7686184412288455 3.9172555030506855 4.178945025820635 4.499337314095943 4.8347156079264 5.165369680138777 5.484746162024749 5.788345932483758 6.086065407080523 6.366420652636501 6.5758825172826265 6.602819714633156 6.4197674829648435 6.1453706518606594 5.860441855462062 5.601859702530456
5.800015826866952 5.824803098493376 5.859616376533283 5.903155697006043 5.95461671808577 6.0175698993625675 6.089855401471176 6.165216991797195 6.241606641142306 6.3153040249628924 6.378865488682544 6.422057484606841 6.4274061579146 6.364652429687109 6.250669497026976 6.102905935193997 5.929745570554981 5.735829581971472 5.52414209091131 5.29549915498575 5.0520863523194075 4.801103898764744 4.543877852972366 4.3086181731812 4.102316267085263 3.922770386104851 3.769911432625734 3.6509809329616694 3.5960380487013177 3.742869331982371 4.091276890210139 4.474428478593556 4.84586312504599 5.197325607256544 5.525187311076966 5.824510638714078 6.089988882953175 6.319207983147578 6.477856463234499 6.513121429036248 6.412373891438288 6.223312122616216 5.998521206497736 5.77259159937221
5.872279070452741 5.897557241194967 5.9313886632817665 5.971528698017249 6.017070694770166 6.070237021879829 6.133477308072548 6.2010743694588495 6.264606630689495 6.321618897082611 6.367586835981672 6.3964012581134355 6.395438320662695 6.343242621028118 6.251917275056325 6.128329379793428 5.9779406751128485 5.804246898357556 5.608664029232268 5.392350303235553 5.162930999154208 4.923355114448555 4.672624968356141 4.43434168920821 4.220160964457146 4.026227617663471 3.8487706388967613 3.686038578341061 3.540339527985972 3.6907286484863544 4.135152596268402 4.547812128492688 4.928954765231819 5.2806103933815915 5.600645249524147 5.884398942489926 6.123264538756876 6.308524273018786 6.433533887402607 6.476848814900064 6.421833874251247 6.29077566056288 6.1151892219597235 5.921169975459546
5.9178792398557345 5.942610828858115 5.978188699403207 6.020167657622564 6.056504586075266 6.09209356237217 6.13377930756383 6.181949018947454 6.231230374456613 6.274271876360992 6.306955871056847 6.325772325424864 6.325350219706043 6.287579684788851 6.217064901491219 6.117069102211008 5.990883667881493 5.840808654602711 5.669063961168303 5.482608141727693 5.282354082456037 5.066685203868963 4.833802371504704 4.602603152336493 4.3941883865174995 4.206156646856563 4.040252952467444 3.9140742927136447 3.8731672312820264 4.035052350187628 4.3706093199595015 4.737929284111742 5.091814051428389 5.420649544993717 5.71812277203179 5.978073566948821 6.19248379304719 6.351258880302015 6.449540883477536 6.490589132277688 6.462237948062448 6.368526549650297 6.2287713681236525 6.061345981879205
5.938003547472296 5.962856860823675 5.998583733563926 6.040481354885873 6.0554444686810935 6.070642595112594 6.092057948776459 6.119590114022186 6.149097960033988 6.176593411839536 6.198626020621335 6.211913756198751 6.217688680091297 6.1957502501565695 6.145718826603552 6.069396279199826 5.968649321168874 5.846806819877274 5.7101173723525225 5.559693779998636 5.395496514550065 5.216103791484002 5.018674757837583 4.808496465888316 4.617262224963539 4.454500986362949 4.333501864150825 4.270131739797698 4.3001301704660495 4.459958839616956 4.71795858202 5.017262708966946 5.321648406681402 5.6115369122712915 5.876122640087323 6.107079697445539 6.29648715758946 6.436664741351708 6.521644954768975 6.55286924361037 6.535920125385482 6.465378829542235 6.350049421851614 6.2027391343729645
5.937216761146332 5.958689627359905 5.981588122292822 5.998941483379874 6.005319846344435 6.007296373932967 6.011719590647202 6.020614378252248 6.031955235475007 6.0418639040364965 6.048808941517829 6.0581982170723645 6.070199526679534 6.064944238512951 6.035780128501099 5.983800888850403 5.913869508827366 5.829402925330057 5.731722458738897 5.621403638860284 5.498331734964005 5.361156611274893 5.208185065554455 5.041044252155389 4.884986551683283 4.764479579929565 4.692764392843684 4.680878209642357 4.743562002152788 4.886106935771996 5.09806819920836 5.339762273190661 5.591740783460805 5.837587145237461 6.065281657508642 6.265373036603607 6.429880417897588 6.552300625666423 6.6283989045876925 6.657572371591953 6.641888935272656 6.583793963287903 6.48394249343625 6.3505498426568305
5.916337626505671 5.925490922066878 5.929779911216418 5.92816333035848 5.920116201185635 5.908503749407105 5.897350422313612 5.889238604320762 5.8838637320480025 5.877847078144343 5.872905622470383 5.876930177800883 5.890573845903905 5.898644953805498 5.890715626784976 5.869070455951035 5.834999424294315 5.789611188518469 5.733694274013441 5.667667465561405 5.59162120684815 5.504554701352592 5.405050919262129 5.29355191179881 5.186368325618275 5.114604957028952 5.087427407852708 5.11578264206786 5.193781089574717 5.313753194140916 5.47594911388892 5.670137063340304 5.874347414373642 6.07790502739344 6.269900069246061 6.440630106294584 6.581951614567726 6.687620086165332 6.75390932259487 6.780309904445351 6.769814304011822 6.721023898318562 6.629829074699031 6.504629390449479
5.873604888293969 5.8640855644914245 5.850345021883207 5.831426181189716 5.807546160657654 5.780801946635838 5.753988960991922 5.729583756793646 5.7082640217372065 5.687290050790614 5.673135790457256 5.672598768026853 5.688611985251788 5.715922359557935 5.734055021295809 5.743615633183621 5.74543882156755 5.740135391425825 5.728044433747586 5.7092341078776805 5.683532764820892 5.649385708615862 5.605413149283277 5.552777558545778 5.502623157723838 5.479993046782674 5.49541579938359 5.555339362186617 5.646285643043161 5.739036460310117 5.841716391819725 5.981476293795313 6.145377623449752 6.312862467037118 6.47395216948612 6.619069164890597 6.739968954753217 6.83032203535412 6.886307330073283 6.9071196531884524 6.89511820548997 6.853835142382671 6.777188441886384 6.661726488838271
5.821439548789118 5.791235830226722 5.756450659327867 5.717710065285713 5.675753144951397 5.632123678458824 5.588992534345101 5.548751451585507 5.512768323424151 5.4794853513263755 5.460127372393013 5.458645521016993 5.478709945644933 5.523060056501205 5.567493801465207 5.608541712190907 5.646641327509521 5.6819965112872355 5.714512523300177 5.74385947412082 5.769461871768144 5.78907605745713 5.801072678860144 5.809431070116618 5.820885250709813 5.841203932236597 5.892574762833176 5.9731255067794455 6.0905419405493175 6.143265130628683 6.178698359065289 6.261051307947007 6.3837521097687295 6.524609795041888 6.6623123527404315 6.787654433642462 6.892366755722519 6.969824082973023 7.01579871209187 7.029082572261991 7.011652200131408 6.968195269228571 6.899852194735338 6.795497716408953
5.763768487267318 5.716239683209186 5.661650256690423 5.603438093520591 5.5428023076690005 5.481397293593605 5.421407471674709 5.3653903574095425 5.314865917017824 5.270633385188747 5.245829109366066 5.24279170638346 5.265632097313876 5.3215207179755835 5.392027905940246 5.464543370833431 5.538778114959789 5.614400171384272 5.690928530382081 5.767825436309232 5.8441395509402545 5.917172648911858 5.9850576406160325 6.054378751574452 6.124064247464464 6.18950460171993 6.254088623536938 6.330296014222166 6.413386686807818 6.445885566294735 6.457532842793675 6.504594003454295 6.587989109809712 6.6988969233878235 6.821555234983038 6.934306189987597 7.028292586701349 7.096328726489773 7.133425418997261 7.1378914945337755 7.111721435761519 7.059927454082336 6.988942895438086 6.890160050942821
5.705117491215697 5.641951984315804 5.570242633834624 5.493333761475684 5.414385423716142 5.335212400332778 5.258595374897856 5.186858821029811 5.121193891753282 5.065903277177132 5.034019880934329 5.02779205110069 5.051506714180256 5.113279390664865 5.207190487859615 5.310950004605519 5.421205275135734 5.536924503786504 5.6574516922712705 5.781342061823824 5.906502955691597 6.030427246222093 6.153377232416075 6.281330970739362 6.405986116175943 6.509910175425553 6.579859860360403 6.62799976740146 6.659430354174341 6.671372107133679 6.678924213865297 6.707592765468526 6.76478669223615 6.846722495824776 6.944886074807702 7.048281648023787 7.137961703173535 7.201130283706149 7.231280838162268 7.225968533263487 7.187807948121058 7.123170575213495 7.039854388038491 6.937191349412877
