_RESULTS/CROSS_VALIDATION_POSTPROCESSED_CLR/MHZ/IZ/7comp/2/MHZ_IZ_z_1000_kriged_reverse_7comp_spherical_2.asc
ncols 100
nrows 81
xllcorner 5.5967107548124995
yllcorner 50.982328804812504
cellsize 0.00017565037499993607
nodata_value 1.7014100000000001E+038
[rows 57 to 75 of 81, columns 0 to 42 of 100]
-10.377405662773926 -10.603239550509802 -10.784812741844624 -10.913775519031965 -10.992210857062855 -11.024241913100386 -11.008258553885332 -10.959697630791826 -10.913721805842004 -10.904610941332002 -10.937779146140826 -11.011315729135745 -11.117941529776756 -11.246999521638676 -11.386992637758198 -11.528455038328275 -11.666062015622554 -11.78461029524512 -11.824544286774328 -11.77741030719302 -11.703912824218019 -11.665608169823814 -11.672746712497236 -11.713933115099904 -11.747937925563065 -11.503791748343344 -11.169647075200832 -10.906269470587748 -10.739285403559537 -10.682379373515747 -10.742497481777207 -10.883008963214237 -11.04878701346493 -11.227620221048017 -11.39113403499709 -11.45750465926099 -11.3256789208756 -10.93397999679484 -10.344456220365288 -9.673525816392145 -8.99703571768654 -8.354759579383794 -7.717744785170538
-9.971267802556039 -10.208417786111468 -10.40961952259526 -10.563194515571317 -10.664454025264899 -10.729383102457158 -10.76354447735276 -10.774979707455312 -10.78759730651906 -10.83149777057191 -10.910074980221 -11.02036476666733 -11.15370051999539 -11.29706509940986 -11.436320490902016 -11.56116937313074 -11.666768704675944 -11.730512146318965 -11.748403587406504 -11.705208641440025 -11.634163084926712 -11.596374880415873 -11.593515109963233 -11.595280482907706 -11.549795651176751 -11.389947579173938 -11.163822091241173 -10.961733696375873 -10.82893768274019 -10.786090857797957 -10.843012070764983 -10.972172015313015 -11.108399438152956 -11.230618909252698 -11.299494937599789 -11.25948588436772 -11.062582212793536 -10.686868026961065 -10.160403061847987 -9.548313842860612 -8.911446906960942 -8.291898982166963 -7.673080562451974
-9.565439036345406 -9.789950843013681 -9.994405703795985 -10.16950938566315 -10.303706336345657 -10.398284198567211 -10.472767399139858 -10.532708770541289 -10.59384047948688 -10.684589415463867 -10.807096539341883 -10.957133526180229 -11.124031896286532 -11.290374197255922 -11.435370531504761 -11.544395552761745 -11.607225030932588 -11.624045496346785 -11.610805397791873 -11.568146534994852 -11.489809672791623 -11.437232047784168 -11.40768613006962 -11.371027106358323 -11.300336135400947 -11.177027275556577 -11.02142206395548 -10.877619815489798 -10.7816816017216 -10.755202474534515 -10.804538458479788 -10.904913045995281 -11.019074027961725 -11.094093047797196 -11.092038998531127 -10.985261774343842 -10.749738973977493 -10.377814417296172 -9.886559246447394 -9.313741155686063 -8.707957727554117 -8.106230750831728 -7.506982682301366
-9.175679964457961 -9.387595040737427 -9.58615894172871 -9.763915775487161 -9.915154699118432 -10.036844614373607 -10.139887225750545 -10.237921459916878 -10.338506004376232 -10.468437670650943 -10.630957496148246 -10.821736146097567 -11.030267188981348 -11.235519947807838 -11.405138549831275 -11.506347202887182 -11.526146239479203 -11.493620992058275 -11.434648900009313 -11.36372778725342 -11.277780232693441 -11.205912466920086 -11.148372128485814 -11.08618854360078 -11.006469452702405 -10.90398433045702 -10.790212776900857 -10.688887289849404 -10.624018521538028 -10.613112004175154 -10.653509912394139 -10.723619567915822 -10.807911579223004 -10.842319373093845 -10.793039527432882 -10.644816068205936 -10.385940068548432 -10.014994119022077 -9.544451301069229 -8.99845222640972 -8.413119930111097 -7.822665461431157 -7.232629520374187
-8.808966369173966 -9.0084166576917 -9.201060058823968 -9.38081198094206 -9.543282954323528 -9.686320359876945 -9.810425860470936 -9.92955469000513 -10.055889874839153 -10.213843425951804 -10.410937109730128 -10.644734676568435 -10.907512145387889 -11.177569164245282 -11.395263453450287 -11.469393816942947 -11.424001801741696 -11.33058878144854 -11.223464301392543 -11.114237913282134 -11.005813727603163 -10.913249023335338 -10.832882455544778 -10.754341764768762 -10.671101385473142 -10.582016446203994 -10.494403513443045 -10.422244264131994 -10.381061158191907 -10.383550761007438 -10.415791934708743 -10.463001468555369 -10.501416137599872 -10.493545318034025 -10.415260848379138 -10.242930698539789 -9.97148883943663 -9.602582444081285 -9.146304472726232 -8.620343839817467 -8.048495943481425 -7.461829143978973 -6.8641784863936195
-8.47154955504484 -8.65817615296171 -8.844113780093442 -9.024252952440625 -9.19502477497826 -9.354728356197253 -9.503716243225007 -9.644336226823224 -9.789043757703071 -9.963250855898579 -10.182788395407858 -10.44729641810018 -10.755046529802495 -11.095265576150176 -11.398437088333461 -11.412419024649413 -11.26903292501115 -11.116560497895552 -10.970809695299778 -10.833391787065008 -10.702986226823096 -10.571727864568865 -10.47039820117298 -10.381996641685038 -10.298052658242604 -10.218675740250655 -10.14877676614143 -10.097135951072431 -10.073904814709337 -10.086908763957346 -10.113286201787945 -10.131716594799602 -10.130896838215103 -10.079824401861654 -9.967790878697114 -9.782862595232853 -9.507587816071805 -9.14387384760052 -8.700327647385308 -8.190600609724871 -7.632120067513808 -7.04285540256253 -6.442058758257501
-8.169330080949674 -8.342330253168296 -8.52021614215677 -8.69853879366191 -8.874203149178289 -9.045668275801178 -9.213041595671147 -9.37800685282368 -9.54347859817769 -9.723249463847992 -9.949165803578715 -10.222657664734296 -10.53734720728731 -10.874792583760389 -11.196667080770048 -11.17645426358197 -11.002907614359156 -10.832728545075877 -10.673487557782241 -10.525242887265597 -10.382238553753137 -10.227468940505501 -10.083573654361995 -9.975573195186392 -9.89247820172551 -9.82133497330682 -9.764818019759243 -9.72874487496977 -9.719954087233928 -9.73919204908124 -9.74930457530361 -9.742396661936464 -9.711564327468944 -9.627948834587002 -9.483737033340898 -9.274039308682365 -8.99569396400143 -8.641687639276343 -8.212666508644656 -7.719552477587938 -7.181807207593173 -6.616334672737824 -6.030307501061426
-7.908137578459192 -8.066387374535697 -8.234531701753061 -8.40753287842655 -8.578644644720734 -8.748453970431758 -8.919218810509461 -9.093844328241426 -9.275582670980002 -9.467993568363033 -9.690612583541142 -9.94728594886151 -10.224344711857068 -10.495169021251987 -10.693011821541685 -10.722555104325036 -10.624491733773313 -10.485638993845722 -10.34049010259398 -10.198670025074573 -10.049993794144239 -9.889982734930243 -9.720834177679386 -9.580441706289669 -9.474724949840192 -9.399671455092218 -9.352871778208026 -9.329753229198564 -9.326235904434679 -9.337356994938844 -9.33310383700047 -9.308140578057214 -9.255331707287302 -9.148013224472649 -8.981137058912212 -8.751988490519508 -8.459164438527587 -8.103415974484411 -7.693972642329513 -7.2405034341361185 -6.751309080801219 -6.221734274211146 -5.661502943566301
-7.693911901389201 -7.83255428318741 -7.975179460162039 -8.121604505256986 -8.272803093896544 -8.43036591782401 -8.596364034552751 -8.773106513441101 -8.962727629859174 -9.161278470605225 -9.367800188152751 -9.593251709272085 -9.824127267221556 -10.036531457739816 -10.189013483368234 -10.243981494334406 -10.206864613770275 -10.111416266610838 -9.994070818959758 -9.862784416738293 -9.71795122143881 -9.561775178085231 -9.395211424458275 -9.230158274986405 -9.101462949349443 -9.00855330149318 -8.944916826911527 -8.906113014702848 -8.889957292849566 -8.890812872574287 -8.87617880851253 -8.839686148842677 -8.771676574352128 -8.64870817061678 -8.469277080533093 -8.233892587921156 -7.944770859882055 -7.606258672332254 -7.225024822756703 -6.809974566936729 -6.360886959223173 -5.872919346253426 -5.356772725174444
-7.516157686777241 -7.61194190441085 -7.717174896306207 -7.832688001356652 -7.9598297805785325 -8.100344125614043 -8.254555682841552 -8.42095685675983 -8.598382924535054 -8.784267651611296 -8.97384515791378 -9.170698929545699 -9.370921855804342 -9.552335014354524 -9.689274542596575 -9.763250922743742 -9.774048549443384 -9.735391357440745 -9.653135472748007 -9.53483215591126 -9.400174086185087 -9.254126953173188 -9.099083123538962 -8.935822187805412 -8.781282125999759 -8.661013766858819 -8.571735027535231 -8.51042106491231 -8.474714051566433 -8.459746304749686 -8.433613359100235 -8.388971641280007 -8.311984715328906 -8.184473405232456 -8.006762216488285 -7.780341826728669 -7.508193116148266 -7.195079186768778 -6.847702725954162 -6.47127811506862 -6.057098961931972 -5.612363736018007 -5.149097896611455
-7.349980517171276 -7.400467381501848 -7.464528196046231 -7.543196931462509 -7.637470077250202 -7.748150773840205 -7.875618163646187 -8.019511959545952 -8.17832419194988 -8.348889448585098 -8.525771134321904 -8.70147142984313 -8.87838407111216 -9.044686633631265 -9.182852213417803 -9.280440640079519 -9.333871235952117 -9.339640898980122 -9.29951467743794 -9.21753164461281 -9.09773963830275 -8.961081730858895 -8.814704893006178 -8.660987182409901 -8.502236455919014 -8.355826853870091 -8.242943829257499 -8.160997087104338 -8.107707913764976 -8.079812337385961 -8.04752061549931 -8.000163288713377 -7.918159901459701 -7.791263787869883 -7.620627119187181 -7.4085021494539305 -7.158508339596487 -6.875860149039831 -6.566809384711694 -6.224489061674931 -5.851358024269579 -5.458048841068791 -5.058564956789768
-7.169589439007075 -7.172862105221868 -7.1920902074441875 -7.2288867192792905 -7.284815793586218 -7.361186552115896 -7.4587664060580465 -7.57741767163867 -7.715675328378128 -7.87030095243256 -8.03587590122171 -8.204558601646637 -8.368042794068804 -8.527708543384776 -8.673064327367992 -8.792679112788274 -8.874079903067763 -8.914109519489482 -8.91317597447692 -8.872195842564716 -8.79137521984884 -8.67183139421141 -8.536527694660823 -8.394862656027732 -8.249721260144906 -8.1041847539019 -7.9705310708497565 -7.869856353474379 -7.800988288997749 -7.762129257449308 -7.72868019836917 -7.681449658492864 -7.5985059801277925 -7.476626384001482 -7.317581382767527 -7.124231979236416 -6.900737211140122 -6.6526457010681765 -6.375464447471977 -6.068395442836401 -5.740067438052073 -5.401796332976951 -5.0684656222369
-6.978213006656465 -6.93200191277815 -6.903807866955496 -6.895881742921418 -6.910475016043485 -6.949594326668525 -7.014662336932666 -7.106100703969943 -7.222878779520935 -7.362101852655541 -7.518741331844916 -7.685636543174667 -7.8539194832235015 -8.01540643518816 -8.167414451060516 -8.299483918141284 -8.403515672521184 -8.474629720721623 -8.510230184672396 -8.50882411953158 -8.469146097543847 -8.389748889883649 -8.272369071656053 -8.144229072728834 -8.014156572557345 -7.885463533644646 -7.761741538037613 -7.648772998167951 -7.566218298725347 -7.517343693967836 -7.486890272299755 -7.440427277573782 -7.3601117090457615 -7.246961607370277 -7.103242340352239 -6.932299793117728 -6.738652188832495 -6.518278360292081 -6.269844018271457 -6.000050719726395 -5.717745638879592 -5.434307519768306 -5.164177704505682
-6.785692784859818 -6.687878038183281 -6.609779842420588 -6.5543612115742835 -6.524711190790114 -6.523771618711532 -6.553941236668828 -6.61657811631112 -6.7114674273930826 -6.836368715469888 -6.986783262301095 -7.155601894387324 -7.33159709857345 -7.503980403127573 -7.663097320265836 -7.808481160483363 -7.934780026964237 -8.035383451722241 -8.105676916982688 -8.142384525184116 -8.14297036010976 -8.105251583795274 -8.027230028173621 -7.915785036083943 -7.8016151486228456 -7.69057193847804 -7.586273912970954 -7.492618390445329 -7.413797732893972 -7.357552290778667 -7.329940334716725 -7.283730564152758 -7.209094005548916 -7.107753879048593 -6.982366965554395 -6.836135078177563 -6.663974315491659 -6.46623029169524 -6.247975899011951 -6.016011913241675 -5.779068629822351 -5.5480271846737175 -5.336099695494243
-6.595061607648302 -6.447845879646813 -6.3195294631617065 -6.2147192418158665 -6.138127783622358 -6.0942716975700995 -6.087001454666443 -6.1188744562282515 -6.190457771307943 -6.29973081201331 -6.441798762041964 -6.6090768656445364 -6.791969556839028 -6.979911311171493 -7.162527116970702 -7.330640484474844 -7.479919574904095 -7.609374859514935 -7.713119043511018 -7.786575693810426 -7.826204863428427 -7.829162115788058 -7.793084726988129 -7.71598949568133 -7.618104933048871 -7.525140967035256 -7.440686644865354 -7.368555938554369 -7.3128101665490854 -7.277745081732031 -7.258254485131774 -7.217201563014637 -7.150813647107184 -7.06378833736597 -6.956401512731187 -6.82417486309177 -6.669257459216703 -6.495420075958504 -6.307832653827375 -6.1131935128451556 -5.919843493270285 -5.737835283902977 -5.576796818310399
-6.398814774965084 -6.202789028120974 -6.0250048033239185 -5.870793113633712 -5.74594435040461 -5.656441760290118 -5.607940529609592 -5.604959043532983 -5.649870757141327 -5.741957357027219 -5.8768918247873465 -6.046929263168315 -6.241800597911315 -6.450018803589741 -6.6602041150403055 -6.862121764990947 -7.047289060220069 -7.209154201297836 -7.345418997327548 -7.454275343933612 -7.531456821930656 -7.5736037704048 -7.578035803582177 -7.542602480259429 -7.469482657096846 -7.394742314300041 -7.330320355906744 -7.279919270804897 -7.247463585780869 -7.234818582153711 -7.227190550301003 -7.213326744313256 -7.172182469957982 -7.102287853422573 -7.006604799032788 -6.888817318910647 -6.752894158349629 -6.603160595191816 -6.444381638494907 -6.281849536323107 -6.121457358374579 -5.969721325099579 -5.833687849310705
-6.201214489014048 -5.9596889188465205 -5.730295254011226 -5.523823034125697 -5.347227404071872 -5.208251232158441 -5.114911035199727 -5.074464658412422 -5.091885420550859 -5.1682342501279726 -5.299646598740348 -5.477529672777828 -5.689937550579793 -5.923486728870226 -6.165089252822528 -6.40311290679816 -6.627932840428844 -6.832017001069112 -7.009721073672434 -7.1569414527297175 -7.270769217270792 -7.350166586273827 -7.393139758669247 -7.397409738322685 -7.361203877232985 -7.304837167499009 -7.260457643781539 -7.23184350769835 -7.222545177654135 -7.2221468033397365 -7.2221468033397365 -7.221399271250904 -7.199103527355947 -7.148321633660401 -7.072572484279032 -6.9755881666740285 -6.861358986342748 -6.734183157119217 -6.598716425023752 -6.4600115057472 -6.323528731938477 -6.1950879350931505 -6.080720461433884
-6.004298067460963 -5.727309126461987 -5.447011473167496 -5.185649409181652 -4.9535922040103255 -4.760539703375563 -4.617505241646227 -4.535612927789158 -4.523770915129997 -4.585715888534045 -4.717918545962771 -4.909815906072714 -5.146283834290135 -5.410801923301921 -5.687871070503647 -5.964255278454006 -6.229317564979899 -6.474855131959391 -6.694722393707771 -6.884400130680056 -7.040587938315395 -7.160854418339499 -7.243356696559953 -7.286627815742766 -7.289423441827119 -7.257320527640588 -7.23164941272312 -7.222151848908934 -7.2221468033397365 -7.2221468033397365 -7.2221468033397365 -7.2221468033397365 -7.216853286772264 -7.186108572659711 -7.131041958318703 -7.055381727437839 -6.963076922950703 -6.858326326511729 -6.745600010405087 -6.629643433386287 -6.5154487484014725 -6.408172608859651 -6.312977276483163
-5.816262088270191 -5.505635437189744 -5.1862167325914825 -4.869730355050912 -4.578526332270459 -4.325957237693455 -4.126601711593085 -3.997051464532863 -3.952540992777073 -4.001339574789108 -4.140081178444297 -4.354120070343026 -4.622661191022095 -4.924426668154556 -5.2409349871143425 -5.557445490404268 -5.862697768490183 -6.148275132846528 -6.407956283667447 -6.63716321049629 -6.832517976145834 -6.991495916875161 -7.112159690848287 -7.192959974243972 -7.232590089078459 -7.230555311802978 -7.2221652138137244 -7.2221468033397365 -7.2221468033397365 -7.2221468033397365 -7.2221468033397365 -7.2221468033397365 -7.2221468033397365 -7.211931728459248 -7.178025203524877 -7.123934923727241 -7.053520516578849 -6.970831619928997 -6.880108327476905 -6.785761974130625 -6.692325088279873 -6.604357633566268 -6.526298028307868
