_RESULTS/CROSS_VALIDATION_POSTPROCESSED_CLR/MHZ/IZ/7comp/2/MHZ_IZ_z_125_kriged_reverse_7comp_spherical_2.asc
ncols 100
nrows 81
xllcorner 5.5967107548124995
yllcorner 50.982328804812504
cellsize 0.00017565037499993607
nodata_value 1.7014100000000001E+038
[rows 38 to 56 of 81, columns 0 to 43 of 100]
2.8060749978764408 2.8139879756112034 2.858942996219828 2.917736759751689 2.9861101810434136 3.063670230455387 3.1545127490473712 3.269471624697939 3.40715190470148 3.564822173382393 3.7414453496802653 3.9342278789468628 4.137604845035427 4.3427742119045245 4.543426928790822 4.7289100550443415 4.89008324080548 5.014423944123765 5.085092334266481 5.086729352495148 5.025165663707721 4.922611663665406 4.795457293725069 4.653247074269872 4.502359992172758 4.34783811249396 4.195563543922977 4.055294869726168 3.9320664594070363 3.8290294645847442 3.7485202390633336 3.694710148493968 3.674506740955599 3.6802236337828127 3.710755253788096 3.7660549323880064 3.8404448825675828 3.9207943217710373 4.003689261653229 4.086660233902207 4.1672376765713235 4.2425166726329175 4.3087291057433506 4.354960597876548
2.7997597692391043 2.8363521979974875 2.8877810623528464 2.9439066781937164 3.005595868848792 3.075444834466641 3.166350491955513 3.2812116058385636 3.421173190086226 3.585875006964129 3.77149655815676 3.974064698503556 4.187401762178048 4.401896833152886 4.6092179500637185 4.7999459214548805 4.960219885637087 5.07780776828238 5.140492377301028 5.146478053589886 5.098483299461898 5.007598081286369 4.885902097641643 4.74311204837209 4.586752896290899 4.422924411866462 4.257419005079969 4.101345147609213 3.9606821759919986 3.8390702043095493 3.7424353837767383 3.677626784024474 3.6498205751552577 3.6569121581662927 3.6891240466731596 3.7450326186635015 3.8179450349937016 3.896165815109946 3.9765054620635705 4.0562537907416845 4.132857924625425 4.203855566918932 4.261428909395263 4.2962902486887735
2.9630932432330206 2.954294945419284 2.97808280521722 3.0156068346873064 3.0613318231435906 3.124222587308383 3.2095746575927864 3.3181266878462514 3.4524950738641116 3.6158761623828424 3.807840458775638 4.019892259202984 4.241840590875808 4.463850180671921 4.675078505440443 4.867687303633839 5.0295978228918266 5.143988265368383 5.204037968048384 5.212341745072827 5.17057207917479 5.085074226996638 4.964972176593367 4.819443250961194 4.656543644461225 4.483141420042683 4.305814758644453 4.135218394153775 3.9795521256694917 3.8470017618940218 3.742633820109021 3.670761171693789 3.634348270581026 3.6391730970709837 3.6738511166145855 3.731649146551042 3.803272777646228 3.879520333701153 3.9572998342885164 4.033751504361542 4.10622006271557 4.171220814631331 4.214926153195018 4.2337744927960514
3.137768915002754 3.1149205498682573 3.113976478709633 3.1272870508045374 3.1563857148720236 3.209214448446476 3.2836846107088 3.3797948031637475 3.5014886699125904 3.657583814005289 3.851980435410485 4.072538342785848 4.303263323875055 4.531488099356554 4.746644853026458 4.9395411890790335 5.102035309615305 5.215449397923015 5.274422759976045 5.281292585711811 5.238113475067361 5.150616955782625 5.026708227790319 4.874899608088505 4.7033053150176976 4.519491517408 4.331017594317814 4.151509656328177 3.9913877040057075 3.855094510672562 3.7476082627147353 3.67199212992552 3.63027076160977 3.628110656501823 3.6652947625057783 3.725697548595534 3.79641161558422 3.8710806462607885 3.9465023903747305 4.019741130122108 4.088113365741668 4.143440310813485 4.172310124155207 4.175970153762103
3.3225555276535546 3.2947740229572036 3.27875671558573 3.271077956063568 3.287354378415664 3.3278711375884766 3.3888650178620536 3.4684946679792454 3.5689421826561727 3.7087995367872835 3.9110411383521857 4.142046053811643 4.377777523053656 4.608098801011888 4.825351847732753 5.019798431431615 5.17885198130455 5.287659848557605 5.343009533800804 5.345491774871621 5.297092044926713 5.203157700512194 5.071222550817273 4.9097986224791885 4.727992978256749 4.535140570119756 4.341957855998669 4.158596243417408 3.994734941432448 3.855721642191436 3.747031845807979 3.6717574880192814 3.631725720151454 3.6278117537394365 3.664152269960682 3.727216141708984 3.7977139274948923 3.871286638435699 3.944620375247834 4.014768580845734 4.0783879801691105 4.120850316405387 4.136538837437096 4.1259258844589395
3.5159391245547296 3.4874408588394816 3.4624762193879097 3.44302614229252 3.4481242388687026 3.4768779675510864 3.5256069787920756 3.591303228727493 3.6712220390399906 3.768718427558941 4.0016211860613335 4.238390485930896 4.474060585201429 4.702855315117936 4.917797139638702 5.107882806906158 5.257971004352629 5.359328925597454 5.409727486132822 5.406454751814651 5.349982398003679 5.246219085125982 5.103517033480518 4.931280056528557 4.739807968692071 4.541552431880193 4.34418854552318 4.156730248820331 3.989222001904198 3.8480887359186826 3.7388524224640514 3.665204465679012 3.629292342781993 3.631265777180963 3.670728309587936 3.7365318096135773 3.8076980797339632 3.8807007229880015 3.9521771341401655 4.019260046971765 4.075232616232754 4.106602511715661 4.110083560080291 4.086112669561858
3.7160299786080766 3.6896432488288666 3.6597050764589127 3.6367169852175985 3.632366938722053 3.651120545405666 3.6910424766115826 3.751054361863759 3.8336713682352905 3.957618575773121 4.145935681604622 4.365229744655646 4.591546099874059 4.814063813567884 5.020615833771269 5.201972018249291 5.344153777220446 5.439159805532246 5.484288616918387 5.472682789250708 5.404905638883513 5.2871647247506175 5.129697530416741 4.943950668033406 4.744178520415407 4.539839214255101 4.337391528426158 4.145808891232336 3.9749440843845005 3.8318265543142767 3.7223122760526275 3.6513526168906583 3.621863527922491 3.6333360424749905 3.6808551025135685 3.7521088027402145 3.8270750191831255 3.899817085244129 3.9694157986527587 4.032525229530504 4.081122650685383 4.102381815425889 4.094695421411151 4.058455563649899
3.9213170309021184 3.8987128383461713 3.8673920153293686 3.8435856814343654 3.8330622203042903 3.84291291777155 3.8761364710326807 3.933947782823087 4.0208145855391555 4.145788039902274 4.312926848585058 4.5102835374651224 4.721388755447582 4.929798738354741 5.125960173263004 5.299563422705512 5.435147469557691 5.527258206087447 5.56828958368448 5.545587487498239 5.461661703263246 5.324838245072655 5.148502165186418 4.949142984483218 4.740005324160649 4.528655628757031 4.321020947441815 4.126045437004281 3.9525478296548737 3.8074304383615654 3.6972325359665446 3.629440514890707 3.609160222018462 3.634413935333053 3.69208122920039 3.7712546146845023 3.8546022025075604 3.929710010380977 3.998010299241169 4.056601940000053 4.097690469632567 4.109631088362102 4.091879747997499 4.0447996437057725
4.130519646581825 4.113513199437462 4.082243511356128 4.056528702154608 4.042166404327803 4.043562753173047 4.069562091079714 4.122992000644264 4.206974780367501 4.324980458873786 4.476910310521989 4.656074816535184 4.8474308926486165 5.040161890236301 5.22610320320729 5.393918737644967 5.52852133018968 5.622935750240044 5.661238583756365 5.625367013881311 5.518058791485435 5.355696869505399 5.1573623588394675 4.943334838644194 4.723902635516454 4.505932546399594 4.294460529992835 4.0981759579869115 3.923885721443133 3.77729227892621 3.6649498300177386 3.599013430571128 3.591834253066139 3.634575241426324 3.7057971929361284 3.7953845458714004 3.8894056403674266 3.9714599392621177 4.040186948568854 4.092755547816196 4.12597300650323 4.129053007025754 4.102255113370568 4.046996499696394
4.340279782577344 4.331507112158906 4.299484786420819 4.268245737031851 4.247679944978926 4.243253927785188 4.2603590260440924 4.306083349008915 4.382388455110832 4.49072914651091 4.629634091250444 4.7900758765491815 4.961924454989252 5.138833772011497 5.314291136916169 5.477808864246656 5.619020115194552 5.725807572253004 5.76871116147381 5.713757987119052 5.569192313893629 5.371257632192086 5.149419488759278 4.919899989265497 4.691281514455804 4.468950213147429 4.257000329199556 4.063409228892259 3.8924493454816966 3.747508407498786 3.6319019161730974 3.560423866484645 3.572700923003216 3.6394793525052003 3.7273829118741784 3.8287890222381353 3.9346443483987215 4.025318445435752 4.095748099364935 4.141737505260545 4.166287294519729 4.160333347304202 4.125072373089838 4.064308114553914
4.545139131056917 4.549296238533973 4.510680576399876 4.468299261149678 4.439486541926237 4.429517425292115 4.4405452117519015 4.477309634404428 4.544518869409518 4.641760498219725 4.765293950843899 4.905153767617452 5.056937277916978 5.216292983216583 5.378750851391628 5.537857447223408 5.689611235051167 5.822254036078083 5.892507420410415 5.809508106468884 5.604767909617297 5.361940408866013 5.114319431713092 4.8709434957199385 4.636894095683175 4.414587715445844 4.20763616311562 4.022752820208809 3.8622127501111203 3.727855146913443 3.619600710704541 3.5376892072937474 3.5765130629088486 3.6654640240956695 3.7668302840809447 3.877874157145447 3.9920678247144 4.089217580100721 4.161413713155787 4.203743420038002 4.218294684390489 4.202273101736447 4.1581661853118925 4.091312746014814
4.729275307183551 4.761873396659407 4.696835445789142 4.640792397608821 4.606055689511579 4.593464205447891 4.603043588105652 4.634831330062632 4.691048229676802 4.775061705968332 4.878913584963678 4.997121801206432 5.126961820932996 5.2652846362166645 5.409297593660602 5.559077287622182 5.710438911295672 5.8626014789954155 6.0096607259910515 5.864431763269361 5.585419609113117 5.309884868441921 5.046193209601606 4.7949968273727706 4.559494539552708 4.342277852230398 4.146995269899824 3.9778227281258483 3.836369899934831 3.7251753656330124 3.6464931242671943 3.6096572630604884 3.6409488036054887 3.723270706931083 3.8279469028474047 3.9440613656606174 4.0628436904864635 4.1626768693320635 4.2335480092082225 4.272592915354596 4.279467488264598 4.252402010241339 4.197116069156147 4.1186486524500046
4.835605279850753 4.872063810009405 4.818360294777471 4.76911019744286 4.740200698642667 4.731124455448999 4.7406661683562605 4.769205842722342 4.81795500824938 4.8860247736788445 4.968389176836611 5.063407540972271 5.168713249131441 5.281490801306931 5.402966197372772 5.53117908468626 5.657708010334183 5.774603332118652 5.841652538388759 5.720406518047911 5.468379362963871 5.199293155422977 4.938396602254016 4.690968951952412 4.461638798895695 4.254648735444935 4.0773146070895985 3.9306697040424887 3.8154936899736502 3.733151324818856 3.6846085236965314 3.677465473354261 3.7181615712330975 3.7994048539331566 3.9058453809847973 4.025424569843906 4.146366906427673 4.245310241848697 4.311113410442643 4.3425534309312805 4.3412093431002425 4.303244974134265 4.2378843581879915 4.148161542604381
4.86730344974865 4.892808586101143 4.8754055115230575 4.85313948482681 4.840721203824582 4.8397965763321 4.8502240949039646 4.874506325055112 4.915881951444434 4.970354271930441 5.032725254257695 5.103326901152626 5.181884766339869 5.268649188755766 5.36310729335295 5.4594654290115425 5.544524235672108 5.6018080681754645 5.596713321689406 5.484049857968574 5.279190458560082 5.038751189114152 4.794682099327481 4.5602892629208185 4.344073009071873 4.1546405893974185 3.999226880894352 3.879215239512671 3.791252778907042 3.7361210624996333 3.715881124195827 3.7335073114388475 3.7898099180272844 3.879632041495261 3.9928481317960536 4.118234888136773 4.2405757684441445 4.334650117249718 4.391109767698969 4.411357049760396 4.399412778711095 4.351352178898261 4.276289371066676 4.177989622012827
4.871613708488859 4.898590266726755 4.901196497791325 4.903295082263819 4.9107800468136595 4.920487975090766 4.9303878161791825 4.9480705625637516 4.9800000286965265 5.020178429472152 5.066010823965714 5.116413939415864 5.1726288915422725 5.234322377084594 5.298980821266852 5.360273396857629 5.403477121852583 5.4128707513137675 5.368820630100911 5.250934986212096 5.0684416923461075 4.852338496678692 4.627339975768513 4.409324739706723 4.2104976796136375 4.0434999646853385 3.912005055608458 3.8163066984144502 3.7556330562752662 3.7287337259927082 3.735562512556053 3.7768306512567253 3.851755375998186 3.956246904861294 4.08236340418696 4.218136654006998 4.341819955558754 4.42798988551026 4.470838511610081 4.476272117551737 4.4507985432341535 4.394090140617439 4.310785937678363 4.206458691344933
4.85631844619425 4.888398994010149 4.9046368291024205 4.924463755992578 4.952759862357403 4.975968694098155 4.978579640671361 4.98640715217757 5.007823690203781 5.034660711807001 5.065436803346186 5.10152669319098 5.141452279422872 5.1824380288298775 5.22051689246631 5.250004271397053 5.258661197574591 5.233643049405571 5.164055616934734 5.037586468635895 4.863461230502774 4.661474747221183 4.449886998516124 4.244317490651811 4.061878187822681 3.9158894900859407 3.8100042605581943 3.7421382833819345 3.7092362611374012 3.71039439956115 3.7431214883850106 3.807038573554721 3.9013901997882074 4.023504823215173 4.167002508092918 4.319614421446615 4.448199099848637 4.521965189039021 4.544813082254477 4.5321349267908015 4.492242483805491 4.4274784810296195 4.338334021030677 4.230812288716475
4.82197452949523 4.859391995225195 4.884443647824157 4.912723691417684 4.954068585493236 4.99542507575451 4.9827700898969685 4.984447663987341 4.998370206439783 5.0168380235023715 5.0393191738528404 5.06437861832759 5.089787630597302 5.11245769303369 5.128315884534125 5.1321536475594 5.115640801902556 5.067352260244415 4.979713427022365 4.844155846168109 4.670489484295195 4.473005277525821 4.265813337683676 4.066327042206156 3.8962109314941227 3.772762187555565 3.697256635505154 3.6608992107220977 3.656938492638369 3.68356242969287 3.7400778303955087 3.8243489531268637 3.9362856562819335 4.0743956516742035 4.235066693835655 4.41159970038316 4.55848662556141 4.6063412548715545 4.6013848033199105 4.570873524698009 4.518861967451016 4.446737624027894 4.3553857180587725 4.247774285976675
4.768741496036517 4.809466833804775 4.83954679883737 4.865846122896928 4.899057031635231 4.9254203898939135 4.934156514552868 4.943499820519056 4.959289921329539 4.975910362887131 4.993181167848431 5.009779107470026 5.023438316188115 5.031075803486077 5.028876580452259 5.012420180873821 4.976600127456484 4.912316913888029 4.811019347328983 4.667661874163116 4.491814189282095 4.294481948397801 4.087242399577096 3.885982111565102 3.7182596159369496 3.6200789349610196 3.5827776475793716 3.58086018965726 3.604967309065447 3.6538991617873124 3.7296929331817696 3.830286094682838 3.955068180901454 4.102361375161814 4.271264611608541 4.456249593950441 4.623690628788419 4.641157937007343 4.622377975817728 4.584037333786938 4.526277428356783 4.449517510928908 4.35854257490219 4.254150706732461
4.696536283111198 4.7388796443245935 4.771189443749151 4.7936979469341905 4.818158015575956 4.8412428091778565 4.859869841185977 4.879146669797307 4.89973138399695 4.917096599678258 4.931781191735719 4.942766538044815 4.947925567697868 4.9443305877300245 4.9285469866619005 4.896979490200299 4.846282444026725 4.7711685722057835 4.659999362960672 4.511464021386966 4.334197660382739 4.138991766406709 3.934178941766184 3.725337429368557 3.53443548189318 3.475088372967492 3.4855704288150418 3.514699762894168 3.5613410693923155 3.6275844333951817 3.716351900473652 3.8280822247232207 3.9590760989884037 4.1078588247186385 4.271973068928394 4.432780275085096 4.553162582267274 4.60233498922757 4.6012956131035665 4.568976391016293 4.512987323348932 4.436175308920729 4.345467474913506 4.247364354741783
