_RESULTS/CROSS_VALIDATION_POSTPROCESSED/MHZ/GZ/4comp/5/MHZ_GZ_z_355_kriged_reverse_4comp_spherical_5.asc
ncols 100
nrows 74
xllcorner 5.5967023332191781
yllcorner 50.982320383219182
cellsize 0.00019249356164376555
nodata_value 1.7014100000000001E+038
[rows 0 to 19 of 74, columns 44 to 87 of 100]
5.361486236054485 5.245390029776928 5.1640026128520065 5.123635734688479 5.129678961194658 5.186277885568917 5.295917319099758 5.459334007953435 5.6759443177816085 5.940657388701192 6.2440896329486355 6.570979278872288 6.896560214710392 7.181452228878661 7.379838711417309 7.476383987002959 7.487709660876241 7.427766480899396 7.30070853902791 7.1473031503598445 6.99873682414401 6.8581930565157645 6.728114435581214 6.61052405677261 6.507192968031345 6.419737325753629 6.349681608589002 6.298504556096574 6.267675745966997 6.2585590268549 6.2585590268549 6.2585590268549 6.2585590268549 6.2585590268549 6.2585590268549 6.2585590268549 6.2585590268549 6.2585590268549 6.2585590268549 6.2585590268549 6.2585590268549 6.2585590268549 6.2585590268549 6.2585590268549
5.045551718125595 4.899817812780589 4.792616371313615 4.731002374576905 4.72130191662042 4.768726763227525 4.876854806427458 5.047114892682244 5.279704414733813 5.571298647426117 5.914398661607114 6.296895798807476 6.6983045891027135 7.073612158500446 7.325516618552495 7.435342519629076 7.466339027986292 7.436584646025148 7.345175442226237 7.193510196337435 7.035925211147403 6.888246817076639 6.752332456760982 6.629837172532955 6.522289546191703 6.431139164933404 6.357791650510988 6.303637954480862 6.270080759402726 6.258559029264724 6.2585590268549 6.2585590268549 6.2585590268549 6.2585590268549 6.2585590268549 6.2585590268549 6.2585590268549 6.2585590268549 6.2585590268549 6.2585590268549 6.2585590268549 6.2585590268549 6.2585590268549 6.2585590268549
4.715771160418637 4.5396132918188155 4.40495203271606 4.319639220783048 4.2910910993004165 4.3257648762803615 4.428395532175028 4.601227709724216 4.8442995167387375 5.155305507219694 5.527671253368767 5.951746680111816 6.414560866276984 6.898376152114221 7.201612556739838 7.303061835123333 7.363341619099521 7.373580603342221 7.325136350619601 7.210599184889939 7.050884341289769 6.900272949042406 6.76199412292575 6.637531274502918 6.528304291628528 6.435690183064367 6.361043873929645 6.305719484021729 6.2710919940591765 6.2585788938012215 6.2585590268549 6.2585590268549 6.2585590268549 6.2585590268549 6.2585590268549 6.2585590268549 6.2585590268549 6.2585590268549 6.2585590268549 6.2585590268549 6.2585590268549 6.2585590268549 6.2585590268549 6.2585590268549
4.3862277821521864 4.178971598130408 4.015121427658489 3.903436563146543 3.8527440949751677 3.8711724351344636 3.9648647364231007 4.136677691653817 4.385867909776751 4.709228139939485 5.098919548264368 5.543231291451667 6.024011142393379 6.500301014399325 6.8506751291131485 7.049039104291074 7.175584088480869 7.242718822110085 7.246199068678711 7.179895244209374 7.0421570106193485 6.89326131715909 6.7563631630950445 6.633047834983296 6.524799439970478 6.433037725437442 6.359147395326634 6.3045041623754265 6.2704992229316945 6.258562621583883 6.2585590268549 6.2585590268549 6.2585590268549 6.2585590268549 6.2585590268549 6.2585590268549 6.2585590268549 6.2585590268549 6.2585590268549 6.2585590268549 6.2585590268549 6.2585590268549 6.2585590268549 6.2585590268549
4.077464613950346 3.8313222408369993 3.636289540820856 3.4950184704545375 3.4183190313893483 3.4169265112959333 3.4991473685364913 3.668318565178357 3.9219428027550194 4.253855819532434 4.653035210952232 5.103558511939876 5.580869020370032 6.042692071930107 6.4310851263612925 6.720751220515352 6.92666575980778 7.0597157387052105 7.120400480182551 7.1052323419358 7.009963548603861 6.867804406575373 6.7358704535597305 6.616713189027029 6.512030466428823 6.423387414895562 6.352271703012498 6.300134653854811 6.268424815675709 6.2585590268549 6.2585590268549 6.2585590268549 6.2585590268549 6.2585590268549 6.2585590268549 6.2585590268549 6.2585590268549 6.2585590268549 6.2585590268549 6.2585590268549 6.2585590268549 6.2585590268549 6.2585590268549 6.2585590268549
3.814203032800824 3.5154842171956675 3.2808305831590596 3.1057867145261837 2.997874943189855 2.972334511213046 3.0415635400693626 3.2094955558007143 3.4700174613342467 3.8115913801273953 4.218898080458445 4.673068586791732 5.149386840673566 5.614786172531488 6.0333177961013345 6.38154774649749 6.653154611673257 6.847848755696136 6.964176498529841 6.999126255379664 6.949230001280346 6.825972045024112 6.702043211112143 6.589695985598443 6.490919223238885 6.407485499222545 6.341034672336162 6.293132913973251 6.265317786603121 6.2585590268549 6.2585590268549 6.2585590268549 6.2585590268549 6.2585590268549 6.2585590268549 6.2585590268549 6.2585590268549 6.2585590268549 6.2585590268549 6.2585590268549 6.2585590268549 6.2585590268549 6.2585590268549 6.2585590268549
3.602974787002391 3.2521461084998102 2.964200761804013 2.7469474311590325 2.599982834602299 2.5435875564648933 2.599095650956956 2.771602462682361 3.046878486064843 3.4039664901179587 3.822469906607445 4.282521408424808 4.762177434297335 5.235834133936415 5.677022411111951 6.064365779533806 6.384514336178331 6.629749038910209 6.794700643847753 6.874923144283467 6.866657325796533 6.770912073388252 6.657271855382431 6.553863783702172 6.462961830728567 6.386557531640107 6.326460518546884 6.284370648116634 6.261932622512181 6.2585590268549 6.2585590268549 6.2585590268549 6.2585590268549 6.2585590268549 6.2585590268549 6.2585590268549 6.2585590268549 6.2585590268549 6.2585590268549 6.2585590268549 6.2585590268549 6.2585590268549 6.2585590268549 6.2585590268549
3.4507227170135852 3.049733606455668 2.7078689886415255 2.43264333099134 2.2344315133697217 2.134419889311197 2.175654604005577 2.3661222916348543 2.670590070889539 3.0518027007327233 3.485166306781605 3.952602853997881 4.436476268818634 4.917029527415869 5.37335585120638 5.786194186450172 6.140017962080189 6.42317535771523 6.6269976068829255 6.745010847885159 6.77245161874415 6.706352626368535 6.604498852944618 6.511582009009991 6.430094770013276 6.362216750015367 6.309915638518141 6.275023492687371 6.259296018019736 6.2585590268549 6.2585590268549 6.2585590268549 6.2585590268549 6.2585590268549 6.2585590268549 6.2585590268549 6.2585590268549 6.2585590268549 6.2585590268549 6.2585590268549 6.2585590268549 6.2585590268549 6.2585590268549 6.2585590268549
3.365056221825614 2.918542102039007 2.526778876542298 2.190251755140223 1.920981213726273 1.7501809982252667 1.7752048561899478 2.0134471088007095 2.36649234569459 2.777369710582015 3.225038897448576 3.6975437524575625 4.1826969485695935 4.665638580132993 5.129403001854356 5.556677500011527 5.931550606721012 6.2405489063013295 6.472732053521966 6.619699043692413 6.675496839763305 6.6360820754027605 6.5469197467467195 6.465506018878613 6.394548671450045 6.336359866851643 6.293033312703949 6.266515910010073 6.2585590268549 6.2585590268549 6.2585590268549 6.2585590268549 6.2585590268549 6.2585590268549 6.2585590268549 6.2585590268549 6.2585590268549 6.2585590268549 6.2585590268549 6.2585590268549 6.2585590268549 6.2585590268549 6.2585590268549 6.2585590268549
3.3529394454178956 2.8692479194042506 2.4389693209690653 2.054440831816056 1.7125334774627652 1.4237165421921048 1.422340922340307 1.76947292406069 2.1736436023231533 2.604161976378676 3.056523588919912 3.526425803349749 4.0057509460228005 4.4832881757556065 4.945111689306786 5.375864523963793 5.760191807786116 6.083897502201836 6.334732648908696 6.5028110682889135 6.580637888181765 6.5628537875878 6.487752814205193 6.418404481563413 6.3587149056362895 6.311066750716128 6.277638182310937 6.26046411992473 6.2585590268549 6.2585590268549 6.2585590268549 6.2585590268549 6.2585590268549 6.2585590268549 6.2585590268549 6.2585590268549 6.2585590268549 6.2585590268549 6.2585590268549 6.2585590268549 6.2585590268549 6.2585590268549 6.2585590268549 6.2585590268549
3.4185582903252723 2.908814698673845 2.4580638470610885 2.057047701202558 1.7014721993728128 1.4094337165575375 1.4041068554428116 1.7381972558287138 2.130388476435919 2.54809581575854 2.9855963471785008 3.4390840737533104 3.9023327924000797 4.365814729602814 4.817159042972886 5.242151405596224 5.625908196287898 5.9540181350905215 6.213520041406525 6.393580737796409 6.4857489247601094 6.483833885385012 6.4253009353157875 6.3715908011148334 6.325033998684629 6.288515530118813 6.265679007412284 6.2585590268549 6.2586810445101335 6.259058084885277 6.259407148009884 6.2595409986727955 6.259397817972706 6.259043896366038 6.2586707474786065 6.2585590268549 6.2585590268549 6.2585590268549 6.2585590268549 6.2585590268549 6.2585590268549 6.2585590268549 6.2585590268549 6.2585590268549
3.55885666332997 3.03650266144537 2.5824056111428333 2.194825573244071 1.8824330164805978 1.6911592866621874 1.699728360899264 1.9113684867334668 2.2312323625143056 2.6030688485337445 3.0062844897868453 3.431164568481363 3.8693800689604494 4.311056894996745 4.744233099797702 5.155268782728573 5.529664424698339 5.8530443415783 6.112133638601794 6.295529464908296 6.394082560947951 6.400894058583821 6.3584195197605355 6.321423761596748 6.2915805999144485 6.270548264275401 6.260878232118426 6.262419323127652 6.264727989981584 6.266723405072148 6.268057399319174 6.268514879980247 6.268024630071577 6.26666301404935 6.264650006814318 6.262338170255817 6.260196237320491 6.258789568103004 6.2585590268549 6.2585590268549 6.2585590268549 6.2585590268549 6.2585590268549 6.2585590268549
3.7653330445975075 3.2428837967887243 2.7956541304595466 2.431484146741323 2.162907037535203 2.0211549452724005 2.03135788938983 2.1795337134926376 2.4302636675252574 2.7467912073048506 3.1061277244935326 3.494374716645774 3.900675048088352 4.314096593358473 4.72251131931987 5.112525406758428 5.469961468797152 5.78063836915743 6.031253211185465 6.210138594339103 6.307689460368413 6.316854515886723 6.2907093040135225 6.2707197005046105 6.2600103757278465 6.259582076742655 6.268201238442718 6.274740518210802 6.279415540109413 6.283154438946011 6.2855534960815485 6.286361607825729 6.285495345016326 6.28304416137219 6.279264813027853 6.274565992977702 6.269485809991772 6.264665591808372 6.260823449792675 6.258730318111591 6.2585590268549 6.2585590268549 6.2585590268549 6.2585590268549
4.026373619333444 3.510329338056431 3.0773928724432764 2.7333780710577296 2.492801568217679 2.372628882890536 2.3782891231163847 2.4890058880193657 2.688479767204085 2.9547565673718776 3.2691714681805157 3.617456666500332 3.9876130268379475 4.367994164170348 4.746308389288447 5.109373093742498 5.443382023272778 5.734504983884201 5.969640335399771 6.137098045299122 6.2270179750433226 6.235475639835297 6.226691638798944 6.2274822861930925 6.2381897260712424 6.258199233547838 6.2779462851475065 6.293124260743448 6.302090426021686 6.307728915056805 6.311293808800554 6.312486644206657 6.311207825737157 6.307564132518946 6.30186067627039 6.294578984538708 6.286345514952065 6.27789608461535 6.270041307958298 6.263636691368525 6.259559267254461 6.2585590268549 6.2585590268549 6.2585590268549
4.327564277328643 3.82255448758068 3.4055469652074044 3.0806363733074145 2.8558703908228193 2.7426229438101615 2.7400163603387475 2.824340531772287 2.985238944196776 3.2088691420592377 3.4810711577790414 3.7889999332224864 4.12079747257193 4.46476144548436 4.808741816764255 5.139938543623062 5.445072329542852 5.710844403702888 5.924550107075494 6.074657858101308 6.151195246558134 6.161900772377953 6.173944341840638 6.196224940932884 6.227730303285972 6.260022847794848 6.289359379572224 6.31363315104269 6.330859606774028 6.339824433601588 6.344682957179948 6.346303980872251 6.344566022853491 6.339599314108622 6.331773855079098 6.321667293376441 6.310019945141393 6.297685842487985 6.285587416047034 6.274678562847886 6.265917862166825 6.26025149800998 6.2585590268549 6.2585590268549
4.653039488297884 4.163876713434092 3.763568077517465 3.455868442217803 3.243997458112622 3.1314395193265536 3.118921956050905 3.18151419470507 3.310964777153473 3.497681467164286 3.730690374524358 3.9988417956429565 4.291050299967575 4.596075283947061 4.902265532105943 5.197466849173087 5.469150430856191 5.7047468805117285 5.892108728302701 6.019973392785271 6.080152739121751 6.102274158866914 6.135303614795569 6.177122063294018 6.220706300155984 6.263355701068764 6.3026847041231795 6.336394986952974 6.362315758335327 6.378457273365747 6.3851248986387334 6.3872303301473625 6.384972986131025 6.37851571616323 6.368317758514904 6.355086122899273 6.339709750166421 6.3231912526837935 6.3065997784601775 6.2910247461905575 6.277489029094668 6.266983139535326 6.260463498210887 6.258735364156882
4.986440817275269 4.518987984571578 4.1377803456807385 3.846322414165346 3.6443757204043394 3.535802636869742 3.5162243167358365 3.559024266743902 3.660535245446538 3.8136622801189533 4.009461255338444 4.23820872249551 4.489765808396308 4.753652223447621 5.0190209774046926 5.274654466021682 5.509037564978853 5.710532660784078 5.867658258179252 5.970588155615986 6.01727435175201 6.058426447556404 6.107311679148187 6.160401333481593 6.214991713031359 6.268437341915798 6.318157642932675 6.361652189024889 6.396538494683789 6.420617707726716 6.432015101269719 6.434679113017724 6.431822911414763 6.4236562417004635 6.41076472804029 6.39403350283062 6.374607926363707 6.353701693971946 6.332491701156576 6.312133995208363 6.293736550130001 6.278349400621592 6.266965990403831 6.260530767029064
5.311699511969431 4.872914006924371 4.514973335732826 4.239943115409667 4.048404046422252 3.945456913703348 3.9221664396241627 3.9513224154250084 4.02924865827069 4.150868533839702 4.31021753394592 4.49929076677507 4.708869300862464 4.929385308681235 5.151049765877126 5.363894609657768 5.5577269588232205 5.722047985982018 5.8463427341794 5.923458428304141 5.967125214511576 6.0200130908261915 6.080272267793429 6.144869550891503 6.210889987371961 6.2755138771114565 6.335985038503471 6.389599485327929 6.43373439474423 6.465928277301708 6.48400825415145 6.48805419765332 6.484491541353419 6.474323158336393 6.458360357132735 6.437845255831412 6.414090126982199 6.3884729498927415 6.362352061145711 6.337012996782351 6.313648086597457 6.2933568629718755 6.27715753477575 6.266002986075709
5.613767903533321 5.211181935311416 4.88155630348989 4.625625148880501 4.447926987280686 4.35339144781949 4.32604461785929 4.342453475258221 4.400372553093127 4.495495780229656 4.621882270114262 4.772445816674731 4.939381127121675 5.114512942103781 5.2895403023541725 5.456076962986745 5.605363954968099 5.727726278651402 5.814738152045447 5.864427605139264 5.917802647810482 5.982365456460014 6.0545375992931225 6.131022687191394 6.208757127922363 6.284812074847329 6.356302541328763 6.420334365647536 6.474013142415361 6.514537313432799 6.53938288818717 6.546743235349013 6.5423234440934355 6.5298546303712 6.51048212899884 6.485660072115189 6.457042571552163 6.42629231352333 6.3949688894915 6.364484079875816 6.336099295822619 6.310944107549179 6.290042410030722 6.274339014080242
5.879271472682756 5.520210600537162 5.223941355681915 4.992906703149658 4.833519497755642 4.7503838609860365 4.7181059152232345 4.721933602395583 4.760002176899516 4.828504401373562 4.922072418572618 5.034217069741254 5.157807795842469 5.285587679904852 5.410654668589123 5.526649401673862 5.627192748036833 5.704845059073385 5.754917309679273 5.8041665510627976 5.86959690923305 5.946552346907043 6.031008058991841 6.119512603205862 6.208980989533981 6.296487357334306 6.3790998704011574 6.45377117995887 6.517306974897852 6.566456238291465 6.598168852190681 6.610003926998403 6.6047481090135625 6.589570175875009 6.566044743333775 6.536170563023477 6.502075390647432 6.465758423481968 6.428982320667028 6.3932612455541 6.359893464119394 6.330007341048298 6.304606143475938 6.284606249641709
