_RESULTS/CROSS_VALIDATION_POSTPROCESSED/MHZ/GZ/4comp/5/MHZ_GZ_z_125_kriged_reverse_4comp_spherical_5.asc
ncols 100
nrows 74
xllcorner 5.5967023332191781
yllcorner 50.982320383219182
cellsize 0.00019249356164376555
nodata_value 1.7014100000000001E+038
[rows 38 to 56 of 74, columns 43 to 85 of 100]
19.14503149932044 18.534093921271307 17.876255665367292 17.200636686182754 16.537937548609495 15.92074475124875 15.383833387248162 14.964335211008098 14.706387870365312 14.61995732079919 14.696557789048045 14.915015395207575 15.245839225749936 15.631989062596496 16.03926518659414 16.444827984757808 16.8299643842618 17.180467598803183 17.486460808244157 17.740057419768924 17.926743492944215 18.045938412587084 18.103102908413852 18.10561981542303 18.091832579301716 18.11269001599704 18.149933094215513 18.19325537819448 18.239638519896413 18.28735140313509 18.335282478800785 18.378306694592784 18.41231281903558 18.437517911253778 18.454060854105812 18.461985954281808 18.46125633397936 18.451783552908143 18.43345892692155 18.411300228182938 18.390444729211353 18.371441723151978 18.339020860769388
19.326609276985195 18.651007220862947 17.91322652063652 17.150420613390324 16.394583153064872 15.680434916609997 15.053976532220068 14.579120125872738 14.297345152480858 14.224910358614437 14.347525662751115 14.626195857367918 15.020755922330931 15.472567697520509 15.931300554670244 16.375561693545365 16.789175975040123 17.160184189965673 17.47985898491932 17.743254323093392 17.941687527166923 18.065179101100924 18.11968562494428 18.115179701357302 18.077446841143082 18.07623723559798 18.11328100552014 18.168817192765527 18.226629822538193 18.28388108549082 18.339411675250254 18.392102599127057 18.436038212725403 18.46980774741916 18.49364301747754 18.507675430766643 18.511942279851873 18.50640141027961 18.490943103566526 18.468812000996206 18.44808735235124 18.43173999569914 18.416167332350707
19.528114328524172 18.806973573090087 17.999840131777763 17.154148007752728 16.306499132429682 15.498049759910787 14.791195051993036 14.240274236175859 13.918086645359255 13.871938416094698 14.070715062458946 14.43755564350046 14.910808890359197 15.438576812453592 15.958965734511462 16.45003287677418 16.896532472484935 17.287177828087806 17.614182086497795 17.873041245723556 18.06148475139429 18.167556992385016 18.195921248331626 18.170064210661334 18.11509442657689 18.090195218025144 18.10046787773946 18.147054666507113 18.211839055033995 18.275893149858973 18.337602398547023 18.395313380249565 18.447520334783587 18.4890282955335 18.51941637622878 18.53886372937167 18.547439372298204 18.545193644955017 18.533251373272016 18.51494547406716 18.498527338838848 18.485570068700007 18.47695832559918
19.74961187956746 18.990425867343845 18.13943699598824 17.226480358238284 16.30482002230646 15.43111028855815 14.634559924918152 13.968100810118575 13.561551580228077 13.569648619399269 13.901160665383033 14.385273973151191 14.945777845939242 15.544393361935398 16.121142322878296 16.652727577097785 17.125383721286916 17.52880692023399 17.856121048428957 18.103697336922245 18.270771895277964 18.35105312088313 18.33632523290022 18.266855518019298 18.211179952268616 18.164688000886436 18.1437640146846 18.154869908050486 18.204735191479063 18.268641279914775 18.33146942970364 18.391686597130366 18.446574341704718 18.494436607615413 18.530939157583045 18.55605456724169 18.570260083229012 18.574058212638203 18.56795499414324 18.554475689383672 18.541951429302873 18.532009774748257 18.525381778077723
19.98169148996125 19.19677733435298 18.322361877854 17.380830649635293 16.435254554931383 15.52596490420844 14.660979344612487 13.85757495889397 13.23054382422762 13.393731831366676 13.927005787145058 14.525298534248012 15.158666979336797 15.811792573716552 16.431781374090523 16.99275631449388 17.481563996186562 17.888443764298227 18.207527045077995 18.43672131147424 18.577145932622173 18.629880439281624 18.585247333449146 18.483221851156575 18.391879772891436 18.304427177371757 18.242464280043393 18.212719040716678 18.222812259674928 18.27496314557565 18.33381619376673 18.391714115365506 18.446593965055154 18.49546876939106 18.53717770446924 18.56806482903627 18.5878318944681 18.596878956526787 18.59559142375768 18.58636315108607 18.577392853568288 18.570174436337673 18.565323586167853
20.198791808096946 19.410428632619535 18.541485742988463 17.627966205796813 16.71154705464459 15.821126681240344 14.967503572612465 14.166373839074511 13.533845910783782 13.722350170193096 14.285998023638705 14.913463735346003 15.575132984009295 16.255185763501387 16.898996334148336 17.474578186103756 17.966887953692318 18.36561245604677 18.66584565296816 18.86780256880957 18.976090611178755 18.99929823385283 18.938185581858264 18.81438752556514 18.649883978460213 18.501495026231165 18.388586007992398 18.312820977601273 18.27979482437335 18.296160818107882 18.348187636864992 18.400456673464713 18.45218965271179 18.499899472146055 18.5410752569344 18.575000335834975 18.5992918665482 18.612577352559985 18.61512277973305 18.609626099118888 18.603933034942425 18.599205316597033 18.59597000434786
20.359538163382148 19.6052945688957 18.784393995859755 17.951512860696447 17.121004611026553 16.31143814179616 15.556706618956698 14.910861114257813 14.525437829506918 14.581588113931264 14.98442095457716 15.549738570330879 16.192871880979936 16.872444748625455 17.52035030150789 18.095281414757203 18.577341278309873 18.95443545919779 19.222695021219458 19.38539267138736 19.451216589601295 19.433198876795295 19.337177274011196 19.168157537536352 18.942065947808633 18.734601789047872 18.568273664096154 18.44441512527249 18.367260418784056 18.342429151332965 18.373071622409405 18.418380417885928 18.46373555211491 18.508432662594675 18.54763487970929 18.579795492222352 18.604167962493797 18.6199888539195 18.625440164881233 18.6233329009103 18.620688865742174 18.618263649247794 18.616514804850517
20.42513263080501 19.74974916911676 19.028173351016882 18.314930075081396 17.61733141127981 16.942292606023678 16.325003515482397 15.822120287227898 15.544031380776124 15.570063950382956 15.874275174264385 16.368529479980584 16.97632566028218 17.641564137545775 18.28068659630083 18.843169423254817 19.302053181107286 19.642759203228728 19.863305255356615 19.971378408245172 19.98029810449721 19.906008768784623 19.75696225673045 19.53004159927973 19.244178652263386 18.983253321076766 18.7660386877584 18.59532569493913 18.475134602493828 18.410455538303033 18.406864356599122 18.44376712669759 18.48184558923337 18.52050314204202 18.556859686942094 18.5864695655411 18.6085061247569 18.62220203325195 18.626817019070206 18.626817019070206 18.62680534057943 18.62652777676189 18.626160342901617
20.394615732479167 19.830294626493945 19.241003314686534 18.66972120158355 18.131498259626692 17.633215472001613 17.171481794118602 16.760572051332232 16.538223092933794 16.566706952226756 16.832602666878785 17.286780066706196 17.870749327544157 18.5246708654174 19.153174318883675 19.698064828177657 20.123262141701872 20.411724227403276 20.566062831238057 20.601501477521563 20.53749461661495 20.39281503035378 20.177147272269945 19.88341185727757 19.540336763469774 19.23121590164624 18.96760191350398 18.753535209820775 18.59327430108577 18.491534438309216 18.45344372796977 18.474601446583044 18.50489237892038 18.536327096508213 18.568075556315357 18.594458162593654 18.61351317307997 18.624430933169233 18.626817019070206 18.626817019070206 18.626817019070206 18.626817019070206 18.626817019070206
20.289898647168407 19.851144807424323 19.399887878010855 18.970611282329553 18.585441411305347 18.26827356821333 17.999344938866642 17.617591528661126 17.451594893461404 17.511263755699257 17.781918745488266 18.231718544388336 18.816168601084236 19.473551863721926 20.101481312681802 20.63271192277178 21.017050381081265 21.235213880078906 21.301229934467965 21.244309130514175 21.092250957376653 20.86618118412625 20.575096029559802 20.209016762912494 19.81638583133006 19.464769551332708 19.160382667380105 18.907994094660843 18.712127279077663 18.57739867158066 18.508645633267733 18.5087312560404 18.53103876451239 18.555028466853102 18.580463344742746 18.6030584661406 18.618578667843856 18.62617612823587 18.626817019070206 18.626817019070206 18.626817019070206 18.626817019070206 18.626817019070206
20.134819753391763 19.81779535554607 19.4938669395718 19.18888375746679 18.920386060118968 18.69457140799445 18.485065753413018 18.292206202565573 18.23289859798283 18.358683838169465 18.66713342194619 19.141911817058627 19.75161339026929 20.431016188845792 21.07957333888704 21.613967407801702 21.954350215348157 22.077828427572165 22.027788252614297 21.859018503217705 21.608017621378494 21.295264291851883 20.925585121273798 20.48882819995806 20.058924100500935 19.671767403973277 19.333395205156876 19.048950062148045 18.823151500513728 18.660594523753847 18.56594185627619 18.54400260550747 18.558412211172488 18.57497337578312 18.593419406932195 18.611469489621417 18.62299698734197 18.626817019070206 18.626817019070206 18.626817019070206 18.626817019070206 18.626817019070206 18.626817019070206
19.947897953410088 19.7389787199033 19.525001139168076 19.323863716143553 19.146309158787794 18.993917934799715 18.870917797403646 18.81537537704733 18.872267225994264 19.07943907040855 19.446956425723922 19.96393102770849 20.61346561346991 21.326423365562096 22.023641010160695 22.600902858128265 22.901207052698755 22.886881117126517 22.686920303216876 22.393638241763615 22.042774500330644 21.64706444586737 21.20236944311443 20.713604362548793 20.255834754423102 19.841691309589983 19.477336009642286 19.168175471337502 18.919108304605235 18.734769706807857 18.61974693067935 18.578758154365463 18.5851899313524 18.594547294359145 18.606151249508553 18.618825000114803 18.625993460126903 18.626817019070206 18.626817019070206 18.626817019070206 18.626817019070206 18.626817019070206 18.626817019070206
19.74214995259658 19.624355075401223 19.502645756913918 19.38941509852783 19.292383825963004 19.217406773291586 19.18099107043799 19.227138232215662 19.38031946201369 19.663772633076384 20.08968592272357 20.652404507217067 21.332187448101454 22.069207198469435 22.821877330774946 23.51544749352004 23.80594497379002 23.560616874010876 23.194392328654814 22.787808864793547 22.353481446739206 21.890309157173917 21.38229915997558 20.871768341467643 20.397310862233375 19.966172671105994 19.584891394864005 19.259223449870603 18.99430743729095 18.794901024847743 18.66561762924848 18.611133577988877 18.609662614096298 18.61221213899974 18.617279898890487 18.624221426869298 18.626817019070206 18.626817019070206 18.626817019070206 18.626817019070206 18.626817019070206 18.626817019070206 18.626817019070206
19.5258751843323 19.48219080267127 19.436636348177558 19.39812280888327 19.373062084429375 19.36997389490857 19.410205165516118 19.536536572353338 19.764707060207407 20.109160128551803 20.571218180524195 21.14931925186347 21.807912473533715 22.5096655188124 23.23462204373261 23.942945658140403 24.223486542066738 23.841034648178134 23.41184505823173 22.962020205952463 22.496549321108468 22.0011158188011 21.46762941407391 20.955689006061792 20.476887389475756 20.039598100314727 19.65111033427541 19.317688166308937 19.044813858436747 18.83746924678031 18.700401786774517 18.638354634140548 18.630279270437768 18.62654917010555 18.625510540502376 18.626739715599594 18.626817019070206 18.626817019070206 18.626817019070206 18.626817019070206 18.626817019070206 18.626817019070206 18.626817019070206
19.30330612612991 19.31835914964931 19.334396301289335 19.358146115552625 19.394647585547286 19.452637993139344 19.557512105328517 19.746861759698632 20.018655778783746 20.3769504380237 20.83225648194519 21.37990061259233 21.973933224767123 22.58492866203748 23.177900500695383 23.6583305733379 23.82544290680792 23.633023620022865 23.27450272469385 22.839758070008973 22.398953597256092 21.931698864086062 21.448118556032313 20.96289327751533 20.492075914670128 20.059541214717093 19.673690175949353 19.341398089119625 19.06858868915571 18.86057038561539 18.722330327637042 18.658782774737183 18.645676571622722 18.636288786569306 18.629665179257575 18.626817019070206 18.626817019070206 18.626817019070206 18.626817019070206 18.626817019070206 18.626817019070206 18.626817019070206 18.626817019070206
19.075325295932654 19.136544305625875 19.201093470104507 19.275073515757683 19.361566535164137 19.467954895838172 19.621783813063683 19.829861668566622 20.101440134857317 20.447899266565795 20.87502674405057 21.352074044424064 21.851853954153672 22.346417802236996 22.79118452041348 23.114042651491733 23.229820850017997 23.122533793332725 22.856828318746633 22.495705709561875 22.09468127666028 21.692574199328167 21.278584343778377 20.858716171129878 20.439034836812382 20.026889578694274 19.653074355095683 19.330478902600507 19.065530725249896 18.86394713162214 18.73104445774183 18.671998006169446 18.654695162314166 18.640328553519815 18.629829415849304 18.626817019070206 18.626817019070206 18.626817019070206 18.626817019070206 18.626817019070206 18.626817019070206 18.626817019070206 18.626817019070206
18.84034608090414 18.93906550931204 19.040733614489426 19.153708320882544 19.278585645395978 19.413214013591716 19.570341194452883 19.77108379682134 20.02625605944198 20.344390284885442 20.709657073411865 21.096622143881135 21.490358645781125 21.865393322773365 22.185886056246428 22.407193094168154 22.487768822916564 22.418120401797953 22.222416977896046 21.93670774221968 21.627650396915982 21.30673083022699 20.972110731115627 20.628696467688478 20.281595106034633 19.93475450879579 19.59232021145445 19.287252399567752 19.03739854302036 18.848930633173268 18.72755389964172 18.677786306767608 18.656384379732042 18.639292577083644 18.62927282679258 18.626817019070206 18.626817019070206 18.626817019070206 18.626817019070206 18.626817019070206 18.626817019070206 18.626817019070206 18.626817019070206
18.59533911431237 18.727924623452274 18.857252615214346 18.99907926488992 19.141925142537456 19.2647011053419 19.409687474892387 19.590564061240016 19.81636612982279 20.078979037466635 20.35881146083673 20.64885066438312 20.936184043864504 21.200788982916468 21.416939529435453 21.562242013614917 21.613340362505625 21.560715611885296 21.417242353664196 21.233730866196964 21.02805843712584 20.798572129293586 20.551975254822263 20.29336786593787 20.027167087092906 19.75692297725737 19.485195452209418 19.215974332438478 18.987615980072732 18.81829617143381 18.71413006007935 18.674959086134734 18.652929520136137 18.637162847531435 18.62841661433798 18.626817019070206 18.626817019070206 18.626817019070206 18.626817019070206 18.626817019070206 18.626817019070206 18.626817019070206 18.626817019070206
18.339281775726697 18.50593701789434 18.655337142318825 18.811498207827796 18.932790540525318 19.036990511231437 19.160046061953555 19.310933517683644 19.48210519240837 19.663087188263123 19.851893878251676 20.043301978696444 20.228154579575705 20.39306772061965 20.521480615326634 20.602236627598963 20.62348451295641 20.593500000680276 20.53240164748145 20.448180519693988 20.33584662113371 20.199979569605624 20.045594402890455 19.876624640246337 19.69650687147143 19.508175319069856 19.31394949772218 19.11551173574548 18.920987178693576 18.776222644042974 18.69603611193125 18.668357049650798 18.648327754541487 18.634457952960695 18.627507823216337 18.626817019070206 18.626817019070206 18.626817019070206 18.626817019070206 18.626817019070206 18.626817019070206 18.626817019070206 18.626817019070206
