_RESULTS/CROSS_VALIDATION_POSTPROCESSED/Berg/GZ/9comp/5/Berg_GZ_z_90_kriged_reverse_9comp_spherical_5.asc
ncols 100
nrows 90
xllcorner  5.6208707817415728
yllcorner 50.959635321741573
cellsize 0.00013419651685393446
nodata_value 1.7014100000000001E+038
[rows 19 to 37 of 90, columns 0 to 42 of 100]
0.7926277423609286 0.8045583589082099 0.8202364411837227 0.8394166165097182 0.8618255167825508 0.8871330532748493 0.9149188178776165 0.9446332270866548 0.9755545715153344 1.0067463063993767 1.0370246573021689 1.0649553762630295 1.0889081608395355 1.1071995875967562 1.1183349181906606 1.1213052301650916 1.1158318636512161 1.102438498445828 1.0823114492185806 1.0570236447031107 1.0282477381885131 0.9975464969315198 0.9662717860231818 0.9355688594013095 0.9063092633712515 0.8777544403867512 0.8481094662309798 0.8182723599639442 0.7890382379545664 0.761057447545001 0.7348604404135479 0.7108830651186412 0.6894913676093392 0.6688648539513177 0.6473975129703025 0.6254870419086191 0.6035580245665213 0.5820848579139976 0.5616332052597438 0.5429296530790193 0.5269617332454035 0.5150586708414095 0.5081541205592477
0.797346089430361 0.8114845155181112 0.8296056509570193 0.8515184216993926 0.8770075089357139 0.9058025703142841 0.9375399498797014 0.9717147755440235 1.0076221529750087 1.0442888404011608 1.080403468156125 1.1142672712033275 1.143810370389221 1.1667426082969925 1.180899199397746 1.1847474902243396 1.17785250355917 1.1610220084252398 1.1360309951871115 1.105112882784024 1.0704945456944164 1.034119182684989 0.9975478404467558 0.9619823674140215 0.9283612784004012 0.8952356009200872 0.8613477096010411 0.8276462893253024 0.7948949330821091 0.7637016832097338 0.7345472169581235 0.7078116038954266 0.6838000614434996 0.6619154539038221 0.6393736237944825 0.6162590749668444 0.5929498729653943 0.5698564565082458 0.5474623550144543 0.5264101207588177 0.5076790753920741 0.4919656489930281 0.48063951436338
0.8020063311062331 0.8181367660925332 0.8384912700651302 0.8629395714127728 0.891335943053688 0.9234884174406762 0.9591183591920978 0.9978062544973934 1.0389188538596343 1.0815131737698014 1.124217134750994 1.1651017468398381 1.2015985950571184 1.2305879812000458 1.2488448468717832 1.2539169247909758 1.2450801164992285 1.223660602327935 1.1924361413010138 1.1546401058787452 1.113217074064368 1.0705142814544737 1.0282658062134657 0.987696098995377 0.94964413732435 0.912141860300705 0.8743389576626591 0.8371441758879942 0.8012731378152625 0.7672821398820993 0.735598173749758 0.7065461011539108 0.6803736937720317 0.657061099148897 0.6337506903045768 0.6097571121765827 0.5854104210862408 0.5610458637747902 0.537026826444739 0.5138047506710587 0.4910979380938423 0.469019886092472 0.45185643380619134
0.8062527031668496 0.8240979851822637 0.8463972424903197 0.8730836891045664 0.9040885938665721 0.9393131412476721 0.9785897613907815 1.0216271029430852 1.0679302031690567 1.1166837836766923 1.166583157371545 1.2156010961321955 1.2607158421937108 1.2977573647674685 1.3218034660302669 1.3286646369737432 1.3170258595187203 1.2892611466547927 1.2499573127290866 1.2038419627029742 1.1546923630929735 1.1051787223928686 1.057079621826257 1.0115424827786081 0.9692306220500333 0.9277970698675827 0.8865618476460146 0.8463706509650696 0.8078786363106626 0.7715853224542972 0.7378645343628228 0.7069909004580941 0.6791637491107821 0.6545221186604264 0.6308030139014584 0.6063354635204735 0.5814178068411817 0.5563316335905525 0.5313433594514215 0.5059788555730144 0.47855865371027484 0.45022651154605214 0.4239692659143783
0.8097654705908452 0.828985787951614 0.8528585558449262 0.8813773842293642 0.9145507086299274 0.9523789350605926 0.9948218587432044 1.0417499584805887 1.0928694169078514 1.1476036200533526 1.204900080706109 1.262908109022391 1.3184525290971616 1.3663197574873864 1.3989694699629018 1.4086339956199987 1.392605825918511 1.3556938560676202 1.3059249442658705 1.2500676463451021 1.1925853226916503 1.1361770313880293 1.0824316680142716 1.03227095147109 0.9861532768491101 0.9414737059870109 0.8974611012340301 0.8549039996301879 0.8143925231397228 0.7763710965357864 0.7411664967999182 0.7090128451602489 0.6800743123374972 0.6544658373410523 0.6306815927089093 0.6061943110149968 0.5812527001760719 0.5561358855344534 0.5308156749955965 0.5030088698848246 0.4731469609399298 0.442518762929604 0.41368824537510046
0.8122773632128159 0.832475048503171 0.8574718206496343 0.8873114175643477 0.9220698624312242 0.9618397073114069 1.0067067777947862 1.0567136686564473 1.1118011537971908 1.1717122280171368 1.2358265977126603 1.3028472643852116 1.3701415814860693 1.4322948292062592 1.4785509774833918 1.493141368303578 1.4693050010476671 1.4187083135620986 1.3559144765904159 1.2895589152787037 1.2239606226032147 1.1612871312313593 1.1026520590509645 1.0486219596825228 0.9994338490644098 0.9524404460431976 0.9064805531377198 0.8623168360721013 0.8204826261186307 0.7813771549352388 0.7452922696809189 0.7124356781915641 0.6829528265939186 0.6569476777606825 0.6333927605367471 0.6093421342483321 0.5849271648569557 0.5604767307653382 0.5342206514645874 0.505256972341898 0.4752018320643459 0.44626377677813395 0.42257388076808855
0.8135902030130593 0.8343213628801605 0.8599282927271249 0.8904871062305522 0.9261211478269369 0.9669927862143152 1.0132903744823976 1.065205289761103 1.122892652519701 1.1864084360435516 1.255610470855497 1.3299826749883625 1.4082262877663139 1.4869654846022247 1.5555232849959792 1.5808888785488202 1.5401453991577427 1.4697683934763035 1.3931857383339497 1.3175933279106833 1.245584024041334 1.1782737182658483 1.1161662207743668 1.0594627612486838 1.0082000444530914 0.960012588604969 0.9131060896709869 0.8682034554264849 0.8258202543110333 0.7863285498671392 0.7500026807768225 0.717041275583398 0.6875890012524625 0.6617583792563463 0.6387972437093804 0.6155940149338914 0.5921813486348951 0.5682236048502756 0.541047617100287 0.5117831818758581 0.4822934638171179 0.4548800065489171 0.4323932067816067
0.813589422507895 0.8343821820705092 0.8600446682092028 0.8906612570755195 0.9263731813832209 0.9673840584890155 1.0139388502473483 1.06631694789733 1.1248081701599275 1.1896618134294483 1.2610229437734959 1.338873290896059 1.4229829782937056 1.5128273768120168 1.6070698793065121 1.66578725963736 1.5820970971694124 1.4943101046325824 1.4096734993929965 1.3295556268998827 1.2546596647710528 1.1853503849199283 1.121780480583069 1.0639659399734538 1.0118363735069607 0.9636602346674433 0.9169122505152273 0.8722103568738031 0.8301004546679999 0.7909515318422502 0.7550412586404669 0.7225780332983581 0.6937234656759254 0.6686159059192407 0.6466300226558465 0.6246066925462437 0.6025485446292411 0.5782640714530421 0.5505968897502888 0.5212559679008512 0.49207839524351643 0.46500877352655495 0.4418823640491081
0.8122540386379735 0.8326329757562112 0.8578129536133495 0.8878579178971174 0.9228774137616828 0.9630453730042007 1.0086052506100778 1.0598647768361291 1.117159735324952 1.1807676380514756 1.2507783436243713 1.3269476485115645 1.4084790440051695 1.4932898380288415 1.5737829946606052 1.6091051792534148 1.5576797989006064 1.4803292147308313 1.4004346919976258 1.323008688617421 1.249827671984236 1.1816896393271876 1.118958798328612 1.0617677502995047 1.0101160172717913 0.9630591257448788 0.9175957530821746 0.8740647987634514 0.8330627913778711 0.7949898558409222 0.7601484467519357 0.7287750494655681 0.7010641963445571 0.6771940082456531 0.6565332540848738 0.635933412459767 0.6149471646258113 0.5901559481012181 0.5621606611159604 0.5326445955988838 0.5032952042918635 0.4756984144054388 0.45113647847654464
0.8097040254972478 0.8292986077877134 0.8535197115467053 0.8823674544730844 0.9158936034164556 0.9542114664021415 0.9975139133844105 1.0460852499153046 1.1002601925870705 1.1602578421880565 1.2258777506772127 1.2961350657397035 1.3687275408973592 1.4386334463857768 1.4943765507633857 1.5149024315427253 1.4892732646023548 1.4343455606107707 1.3680617733574332 1.2992071830314174 1.2317771765075167 1.1677046535167606 1.1079654641441135 1.0530460720885444 1.0031639170973843 0.9581210126728874 0.9150174098965024 0.8735959556729659 0.834509178364874 0.7982210218577239 0.7650776796475537 0.7353595033567751 0.7093070421552423 0.6871485591228869 0.6680914615911185 0.6490771595229917 0.6285776211339849 0.6034833341282999 0.5752004653908618 0.545338146691937 0.51542401729878 0.4867911968600297 0.46044169249889777
0.8062463228930727 0.824654300650203 0.8474308565409143 0.8745011270245527 0.9058230080191009 0.9413998120850624 0.9813172612126926 1.0258041379039562 1.0752431465567744 1.1299123568634821 1.1893518825479608 1.2517866046946717 1.3137888297473392 1.36960270457073 1.4102743073042776 1.4254382496626088 1.4108040642265263 1.372467123787133 1.3203878260870252 1.26231874581892 1.2029395475747597 1.1449115245146722 1.089796831962069 1.0384839042877125 0.9914648870573785 0.948994826221007 0.9092084006512458 0.8707446717476216 0.8343157644107474 0.8004698698644119 0.769610735670923 0.742074224777583 0.718156390356032 0.698142654976078 0.680860867295843 0.6635267081505638 0.6431497975738417 0.6179107870643887 0.5893636723022911 0.5590346137950154 0.5283233397172036 0.4984060672243011 0.47014903027826366
0.802108574077931 0.8189769404140476 0.8399118133778487 0.864747101625157 0.8933204309916265 0.9254796764831251 0.9611320339851062 1.00039039049675 1.0438163424503681 1.0922122951112292 1.1451270931974584 1.1999273825962764 1.2525444963402177 1.2977797504748514 1.329447971665199 1.3419184307747827 1.333059535753508 1.3056229099035868 1.2652054649922009 1.2174110875871909 1.1665410054015362 1.1154671815669748 1.0659394192281788 1.0191345790804107 0.9757845972067939 0.9363315624335709 0.9003489669950836 0.8655604700923997 0.8324371683823215 0.8016175577747988 0.7735701247502802 0.7486928556986506 0.7273428902501334 0.7098668384165361 0.6943897015067788 0.6785885067606581 0.6583996007151965 0.6331813488975929 0.6044355954936779 0.573615079974218 0.542029599880253 0.5107662066468633 0.4806328334837656
0.7984297764769025 0.8133988860445199 0.8319563409223965 0.8539405290858318 0.8792399859692194 0.9076159090754456 0.938525595072604 0.9717611664652825 1.0079901273302134 1.0497776406694925 1.0972249920312898 1.1457163221356954 1.1907893571191472 1.2282827668040608 1.2540531455498292 1.2648046827084114 1.2593624169630466 1.239211354609045 1.2077180173494018 1.1687802708995825 1.1258673191032667 1.081671002629994 1.0380731753256445 0.9962434491159513 0.9570591776363815 0.9211073159905863 0.8887376119798833 0.8581866504511713 0.8289030170154003 0.8016049760951575 0.7768270726791806 0.7550309092730421 0.7366365045399957 0.7219527682491309 0.7082302265670216 0.6938107671615436 0.6740824799112876 0.6490894118731279 0.6202806118439634 0.5890500604280468 0.556649613502291 0.5241219263486796 0.492260123739271
0.801041079385362 0.813876972133345 0.8295836186346514 0.8479067844046262 0.8686221281059555 0.8915102787860504 0.9163295194811117 0.9428108794496631 0.970588079563252 1.0055758860967716 1.0501036512594193 1.0933142989982918 1.13204975498763 1.163486164751037 1.1849058634018184 1.1942868376237132 1.1909518337238614 1.1758190258600996 1.1510561196907962 1.119396313423803 1.0835251418426652 1.0457373224186937 1.0078342497041135 0.9710838266163992 0.9362849340927234 0.9041073267930737 0.8750253924815331 0.8488418990828581 0.8238081753546498 0.8004307365474359 0.7793046139887265 0.7609520400133486 0.7458543974849517 0.7338868925222514 0.7219449352755726 0.7089171909901796 0.6899553263509777 0.6654465804382487 0.6367896379312123 0.6053332278162968 0.5722949634284885 0.5387021848573967 0.5053591142897446
0.8110063278185784 0.8216095188445148 0.8343993447853032 0.8490655205618024 0.8653357831900346 0.882957137639484 0.9016821406052944 0.9213029832357706 0.9421637520867683 0.970739787137497 1.0087181633223123 1.0455832245662913 1.0782320074289833 1.104437684487121 1.1222617601389702 1.1303572302010212 1.1282983114391236 1.1166974010324764 1.097025533294059 1.071238340329004 1.0413917571543392 1.0093727352383541 0.9767688319475532 0.9448408525867834 0.9144306385510796 0.8861224463642674 0.8604458746760332 0.8377965057382903 0.8172988849645972 0.7981447056710791 0.7809761262149623 0.7663696699651106 0.7548640141786335 0.745260195043617 0.7351094791768211 0.7236044310494963 0.7057546984531258 0.6820486455842361 0.6538367715528288 0.6224324785985378 0.589035226976153 0.5546756577321099 0.5201853668453547
0.828536105158444 0.83679321362615 0.8465781386581713 0.8575636762931765 0.8694948029297708 0.8821948962556913 0.8956123847242546 0.9100082505085967 0.926561194967484 0.9478528831986452 0.9743496361265634 1.0031737743945257 1.029890831612245 1.051375643088082 1.0660340907884902 1.0728515415466675 1.0715118092800586 1.062430374461255 1.0466404749837854 1.0255699850289912 1.0007950540012138 0.9738425379117023 0.9460697465697474 0.9186142814088598 0.8923811584887089 0.8679029570402585 0.8456669717545079 0.826107029846867 0.809557157182704 0.7948384892070993 0.7818601741122292 0.7712446469334803 0.7633982488637041 0.7556765405985458 0.7473142491442494 0.7375290952422351 0.7211759918367923 0.6986468855919861 0.6712443388559531 0.6402520724162212 0.6068610334263363 0.5721164068761164 0.5368874019987427
0.8540387574536706 0.8598015933648114 0.8664373794326488 0.8736344731500667 0.8811985548619293 0.8890733232663086 0.8973989176518723 0.9066382284491458 0.9177126322099272 0.9316827728678904 0.9486384243950738 0.9674388655518593 0.9867753315498412 1.0040787832451386 1.0159336313051615 1.021500768908864 1.0205124874238092 1.0132473918742586 1.000447425263424 0.9831735489730971 0.962641980950062 0.9400815360743121 0.9166340949875371 0.8933006651538662 0.8709238856450052 0.8501314000539238 0.8312864260961071 0.8148275273170115 0.8011972612319744 0.790634328135689 0.7820127614308149 0.7755798494582373 0.7706379533352361 0.7647532245214997 0.758165770562 0.7502967892431257 0.7358562552472616 0.7149251138934488 0.6887556050925457 0.6586031207965436 0.625654216515101 0.5909740854771655 0.5554750453548845
0.8881249380500189 0.8911893072244949 0.8944436382612454 0.897616642839312 0.900598721230279 0.9034557664365278 0.9064552924574254 0.9100900588447178 0.9150203263535556 0.9217998020827135 0.9304763096796903 0.9405382999990709 0.9512971811923395 0.9622481763657151 0.9715982880459628 0.9759912806378045 0.9751252102325313 0.9691861737638129 0.9587168564680589 0.9445182631286466 0.927537296851119 0.9087635959524742 0.8891508551374223 0.8695674017634467 0.8507730451412885 0.8334120174449461 0.81785251319726 0.8044550286608652 0.793696986818838 0.7859879913070108 0.7815180793070077 0.7791518199358309 0.7761842534348562 0.7721238344105894 0.767288443936557 0.7614552776692532 0.7493623832117364 0.7304834059765569 0.7060150953465372 0.6771818248994534 0.6451650090790018 0.6110502726783512 0.5757940021802292
0.9316227027209724 0.9317079823587524 0.9312322874719047 0.9299884048909817 0.9279732258055327 0.9253798142097301 0.922582073940972 0.9200942571528807 0.9184687075659917 0.9181172468690983 0.9191466097562652 0.9213645763890401 0.9244662845219113 0.9282438016955444 0.9327112551644824 0.9360154189841615 0.9351397048444954 0.9301859453446706 0.9215596047354413 0.9098753293316078 0.8958782407634487 0.8803690215815687 0.8641431143590115 0.847948668910604 0.8324629686570961 0.8182841268406827 0.8058616692725947 0.7954574562670556 0.7875573786194818 0.7825701801266131 0.7808756535541697 0.7808109136540602 0.77970112438516 0.7774411180443705 0.7743267335228182 0.77049321153336 0.761185898733004 0.7448293176053647 0.7225569668145001 0.6955558609367363 0.6649971625226047 0.6319827032423008 0.5975092859565131
