_RESULTS/CROSS_VALIDATION_POSTPROCESSED/Berg/GZ/9comp/5/Berg_GZ_z_355_kriged_reverse_9comp_spherical_5.asc
ncols 100
nrows 90
xllcorner  5.6208707817415728
yllcorner 50.959635321741573
cellsize 0.00013419651685393446
nodata_value 1.7014100000000001E+038
[rows 38 to 56 of 90, columns 43 to 85 of 100]
1.3353784222125669 1.3318073639459032 1.328522254690147 1.3207145547649062 1.3071633702914183 1.2883148205166568 1.264713374454072 1.237056738759125 1.2077233260609606 1.180541672784108 1.1550639844930075 1.1317621577906691 1.1069998141778674 1.0736463715105102 1.033712741343741 0.9897065287547614 0.9441572472622756 0.8993944075116769 0.8573664105765383 0.8195500678233426 0.7869683837552384 0.7598405386772732 0.7382784682697073 0.7226757318799384 0.713446735142776 0.7111000868639901 0.7162730264684123 0.7286943071315699 0.7460405399751852 0.767956490217563 0.7940206063269408 0.8233762179060137 0.8554029476428817 0.8899765609795046 0.9270144919463531 0.9654026348328636 1.0057140120865324 1.0499424502091315 1.0989234639337484 1.1524551144693382 1.2037067633201772 1.2461644506664644 1.274165432869547
1.3520943110249066 1.3485481941772985 1.3431963387368417 1.3313868795805588 1.3133850803937495 1.289698585933722 1.261193051986873 1.233540278988969 1.2078754296598972 1.1835781090309703 1.1607159484916802 1.1376422087627913 1.1046875149197823 1.0619474482228881 1.0122788659017932 0.9587292786343633 0.9042880129492062 0.8516138950768116 0.8028077887396668 0.7593012379669644 0.7218904966530243 0.6904784686819089 0.6649947768368791 0.645568256466877 0.6324272711612484 0.6259543686922858 0.6266840298796914 0.6352823816477475 0.6524235680990073 0.6759048308916732 0.7041179800789271 0.7362320109661709 0.771546286078109 0.8091650872925339 0.8488584915384567 0.8897557339837596 0.9310830091164433 0.9752724635096544 1.0253857337144678 1.0850339001642242 1.1488099255009585 1.2055274999219923 1.247914906802748
1.363857481989583 1.3603037193269603 1.3519517759262725 1.3364902088302686 1.3144124696173265 1.2875149296529744 1.2630368384742547 1.2411116296515423 1.2207994831901572 1.2011249860980828 1.1813322397728676 1.1538653804984254 1.112532152682016 1.0602757452593141 1.0004859883504378 0.9367151180543681 0.8727299628220074 0.8117822308590088 0.7562634124609559 0.7075514586563459 0.6660818842566817 0.6312911983356267 0.6026687687843446 0.5800555276161379 0.5636310748414979 0.5537214725073879 0.5508346539786068 0.5555860854790848 0.5686985018760478 0.5911193872564626 0.6210655359862548 0.6555344972763623 0.693733102324093 0.7346871123255976 0.7770931804102638 0.8203215747628168 0.8628677441447657 0.9053414402526381 0.9522998765805724 1.0176845277627042 1.0952841148899364 1.1658002912154892 1.2212340758591902
1.370162969984871 1.365919949446336 1.3547618175366423 1.336165184693319 1.3126676721642216 1.2929906729199288 1.27672270038911 1.2623155353533813 1.248380410412968 1.233705557482803 1.215578431682539 1.1815330449055481 1.1308413178761079 1.0673496982657222 0.9955651920991414 0.920194692767425 0.8457479961041162 0.7760829990711068 0.7139363951706249 0.6606088355227547 0.616039081738336 0.5790431762344119 0.5485750188733332 0.5240484726362109 0.5053330029814443 0.49265117221819676 0.4866750685265018 0.4883282892007694 0.49833857211076077 0.5174037879146687 0.546129061690503 0.5826820136827098 0.6235474911958632 0.6677668374207166 0.7138529350139746 0.7602114689584505 0.8056313049430797 0.8486391528612275 0.8885032483887967 0.9624832877691669 1.0512898626280855 1.131929029496365 1.197408550040192
1.3726617779759693 1.3675338580310636 1.3546026220079828 1.3356599464991536 1.3209921206491548 1.310915318879091 1.303640283996281 1.2974465751817743 1.2906948342718407 1.2814852324586135 1.2605656903578948 1.2179285545243552 1.156803594760564 1.0816107003282485 0.9974653668601811 0.9098255959400794 0.8240798485535886 0.7450108883094996 0.6760576124830824 0.6185627419059001 0.5716966052492977 0.5332275824775325 0.5013095289794095 0.4750591221027216 0.4544214690812383 0.4398646405746085 0.43204426138973895 0.43155203430211164 0.4392858029058869 0.45608470172628834 0.4822987406343641 0.5184142861791682 0.5618637520342367 0.6093520136049779 0.6595204307760938 0.7107578421196693 0.7615174207109938 0.8117429169581136 0.8665111300526817 0.9385348413370758 1.0233311914366077 1.1067211450371626 1.178476099954124
1.3749684093178176 1.3688451250272788 1.355073063648598 1.344623765320492 1.3404169588152184 1.3405732300843165 1.3431955905549262 1.3463311102153164 1.3461705045062655 1.3398853237281345 1.3138961288373163 1.26373845333261 1.1929799311565423 1.1063656181800239 1.0095205981488988 0.9086252240425308 0.8100767689013488 0.7200376024556088 0.6434501137856024 0.5821897584978374 0.5340988413712058 0.494978051879156 0.46181996183098745 0.4335822650446172 0.410541231366796 0.39363376805451 0.3839480961228791 0.3824327936299267 0.38954448930185115 0.40524644055167613 0.4301577089080165 0.46463324961494074 0.5090626657123987 0.5598135906312115 0.6141667456548457 0.6708410757714527 0.7286982983948129 0.7875718699921153 0.8519658284861817 0.9259416254683578 1.0074885568145053 1.089582072883801 1.1646970675068982
1.377051435533456 1.370101779092481 1.3624381537621018 1.3629076371634548 1.3697417161645542 1.3810552668758707 1.39451002842918 1.405064164599118 1.4105117529495494 1.4069753804839775 1.377816400585393 1.3219874826603764 1.2430136995654741 1.145766258795577 1.0361866807959714 0.920990975570606 0.8074562073653199 0.7034214710543668 0.6169333066444811 0.5523553268127052 0.504839023659532 0.4659727829992697 0.43136294876821085 0.40034393629911513 0.3739387573113168 0.35381929968690046 0.3417551990282884 0.3391323292165963 0.3463540009359947 0.3629847280115241 0.3882053332915407 0.422248586190008 0.4658906882676134 0.5192216048936322 0.5776048848655517 0.6394273206290914 0.703816441323237 0.7703243355522023 0.8410268565024236 0.9176595686147345 0.9987842476083472 1.0799205518066295 1.1554616031212324
1.3788049349490423 1.3740963505540233 1.3773177911219485 1.3890933767338862 1.407723286089834 1.4307735029019182 1.4524998308032877 1.4706627682423292 1.4836368712001908 1.4839930865987712 1.454541282613565 1.395780867684791 1.310954741219716 1.2048076741609166 1.0833435062539027 0.953511520308078 0.8229289905466672 0.7001850074626342 0.5976931284802686 0.530703323809006 0.4873091712411171 0.4490266651787948 0.4117109538902748 0.37630425432751624 0.34496548318789644 0.3202766016477992 0.3049862391872279 0.30109632798686464 0.30897914247664526 0.32745869264961847 0.3549385349510044 0.39024825090473214 0.4339197303887102 0.48763640019615606 0.5496986298530016 0.616029616429428 0.685787198692879 0.7581325120962259 0.8339470992421237 0.9138558072715177 0.9958799427677724 1.0767529588109697 1.1520374422094855
1.3803004079063792 1.3838912612101482 1.398148309568397 1.4216763970237567 1.4524687917928518 1.4843631539473774 1.5148423671675277 1.542360922877509 1.5651097232031008 1.5717530924822882 1.5457815299529731 1.487934683530955 1.4009067121237964 1.289029335153426 1.1581259353665125 1.0152352677003704 0.8681243527391214 0.7245980074811385 0.5926765320857592 0.5262076394045921 0.48966203062295216 0.4484685558708511 0.40515687427399305 0.36278897257131487 0.3243593576305442 0.2931652179250974 0.27308848659086654 0.2677406982949964 0.277420181235998 0.29904764821859575 0.3296471855821208 0.3676808874997352 0.4126795627648345 0.46631875268286443 0.5305441978837993 0.6006518054032487 0.6746702774176834 0.7514231531996833 0.831113628878209 0.9139705144446657 0.9978447675127707 1.0794909080529265 1.1547901129929699
1.3839882925841205 1.39792173620776 1.4232916951639027 1.4588535966766596 1.4987501329205324 1.5395592009686352 1.5800460002566525 1.6186908655210404 1.6536347715151618 1.6700450941807936 1.6522234604448043 1.6003653524373145 1.5163413991237056 1.403729811280765 1.2678855220763614 1.1159788744396668 0.9568929019535171 0.801210023844656 0.6648927783492264 0.5793740917269591 0.5232712575729415 0.4687300239237792 0.41412378976483244 0.3616710917843385 0.3139308683320463 0.2736720879708529 0.24577748619921025 0.23864699763428412 0.2527347315085957 0.2792940903200285 0.3136130688333849 0.3544185108491739 0.40166297984438176 0.4559509382182112 0.520443873578376 0.5935997553584746 0.6709008572578186 0.7508941942631997 0.833496002179256 0.9186153095536825 1.0039550460750775 1.086356623574894 1.1619388438439004
1.3905499057275639 1.414552626820747 1.4509947825985683 1.496031126780975 1.5441465657527167 1.5944780031293175 1.645980771191874 1.6973145028302585 1.7467571908650683 1.7771484296180202 1.772857315382945 1.733229987227651 1.659073578817059 1.5527761431486768 1.418628806000645 1.263405028849282 1.0970711408562384 0.9333512374503731 0.7893049300243848 0.6771019743346871 0.5890174688217633 0.511794493486208 0.4407209402877506 0.3756202044819881 0.31730048977435027 0.26651192556404496 0.22528682839627534 0.21508122440346833 0.23944016494409828 0.2715059586920525 0.30885582097234743 0.3516837775939989 0.40056832037757734 0.4562681484319016 0.5203807971582514 0.5952866487655422 0.6749772176915989 0.7571875629647824 0.8418472547006959 0.9284938636150963 1.014700854209717 1.0973165846109783 1.1725821183720428
1.398459064309763 1.432113184955475 1.478367730998555 1.5304203063133135 1.5867443889681 1.6468051002956685 1.7098679309689762 1.774941558663115 1.8406842382057995 1.8893625236557399 1.9042268108113924 1.883857201478566 1.8279158447254122 1.7371546868305 1.6137614222867258 1.4623543571578297 1.2916012661244565 1.115209934529268 0.9493651884737423 0.8050864619093888 0.6828507191451995 0.5779123687341445 0.48676730810473573 0.4075010957658029 0.3392945239193836 0.2816856999986328 0.23584211944976982 0.22357177781613613 0.24774995882258002 0.2798481056213906 0.3173932509408376 0.36059812064684715 0.41006351927783236 0.4665620363960268 0.5310055858064412 0.6060936511826878 0.687310213264263 0.7707976264802463 0.8566986154902393 0.9440910589356816 1.0304312683370844 1.1125424252316642 1.186731597055479
1.406583712010836 1.4489500851473613 1.501806509739056 1.5603497085503641 1.6244496669523485 1.6939051849956317 1.7683884919752342 1.847407118431561 1.9302386464551267 2.0007082252667954 2.039768368996972 2.0455875246640036 2.0169844888926995 1.9530131481862507 1.852723888876988 1.7157936724241307 1.5451274768450658 1.351049789008857 1.15189216824236 0.9661996366737764 0.8041320083647111 0.6671998710104581 0.5531322982680622 0.4588937476105451 0.3821370233758344 0.32219758047495833 0.2817825308454307 0.2681056743533113 0.279645756765463 0.30544883961788855 0.33994416494550667 0.38165025777557493 0.4304925685420313 0.48693236035701576 0.5516941032331729 0.6262169628885268 0.7081364852530141 0.7920268773821648 0.8783498821876562 0.9656557490609711 1.051292450595138 1.1320473078530673 1.2042695711801272
1.4141814020191006 1.4628640651726688 1.5201836780647138 1.5842243408714454 1.6551452961487179 1.733026549335986 1.8179395228723976 1.909973360024638 2.0091677658238614 2.1030305916222165 2.1695616907934236 2.2068598884243484 2.213762551840904 2.1885871194061575 2.1275575671857365 2.023028043455723 1.8646506675901926 1.650731148925043 1.4042024534371724 1.1627245340474501 0.9516797264070044 0.7779256890626991 0.63867425689627 0.5287814279461489 0.44362323094965084 0.38087413030761413 0.3405365306603168 0.32332014931000336 0.3268122653252735 0.3456608270238465 0.37558677078808067 0.4144994580246645 0.46172095918490513 0.5173122710414483 0.581721436306016 0.6556091525443788 0.7374067649892109 0.820955089527072 0.9068545772781598 0.9931845225899448 1.0771934185242868 1.1556340836583963 1.2248935005488197
1.420331339409842 1.471983149317135 1.532830163568338 1.6011362373852576 1.6773101962447017 1.761800967274714 1.8551253009938047 1.957905456038772 2.070917176488351 2.1867563113014783 2.2809774840880497 2.351314333263946 2.3977930805541616 2.420183970178289 2.415383658692832 2.371229029753548 2.2558337244526796 2.0269603893167285 1.7080878130847947 1.3879072617204835 1.1174852921682146 0.9038350128294237 0.7389783009184646 0.6133739416602557 0.5194735430507 0.45216161346290085 0.4087341647711311 0.38714423937355763 0.3845730275438223 0.39744997920922426 0.42265607012256107 0.4582120488144087 0.5031726521180896 0.5572912533238545 0.6207410119818523 0.6939190300975673 0.7745919856132768 0.8573457199026487 0.9420009669280098 1.026403809758535 1.1077816971091508 1.1828630794486816 1.2480812551542244
1.4242181284284445 1.4756596339119208 1.5389091607498142 1.6101158496436785 1.6898597371405353 1.7788242404192565 1.877831461406802 1.9879115228969975 2.1104022924818144 2.243115385831287 2.361372518024102 2.4608425017539144 2.543246287136373 2.611537447573121 2.668528916049427 2.711333352210005 2.7044761590813207 2.4898524051915913 2.037946205522752 1.6123443943344706 1.281174078239683 1.0321062998436128 0.8457441597724414 0.706808315373102 0.6047226547028002 0.5322914963695304 0.48467958083803153 0.45854840690341114 0.4508451285593519 0.4586425464978698 0.4794648941941218 0.511566219870041 0.5539343230375954 0.6061299304331798 0.6680953757773528 0.7399832970359719 0.8191427446892176 0.9004694932212488 0.9831626672808781 1.0647504687183995 1.142423981560092 1.213031239147823 1.273070730263372
1.4248811436419635 1.4743266435472293 1.537888560977789 1.610465053336926 1.691852049551226 1.7828431543659837 1.8843910372148225 1.997682596701299 2.12424880738444 2.2654320298474913 2.4006307159028886 2.51976630529628 2.6251095392292796 2.721197597978097 2.8152655082878812 2.9178412370941245 3.043312852046839 2.9596549118643685 2.2711928437262205 1.7724611631644147 1.410539028516974 1.1449799028770953 0.9481245361695789 0.8018295137353788 0.6942595802506333 0.6175951018765452 0.566222997779397 0.5360475960012244 0.5240030708688846 0.5274891031369745 0.544396094013985 0.5731740119351256 0.6128186008918648 0.662774331180796 0.7227992171345019 0.7928224089782943 0.8705194470676318 0.949508714696921 1.0292233472801624 1.1070873101762535 1.1801453329921572 1.2451605781505397 1.298851689540369
1.422471777286344 1.4687040028447764 1.5295996066708075 1.6019777125441221 1.683018836392484 1.7734907496026635 1.874283563961001 1.9864599334653208 2.1113232732931064 2.250509104637747 2.3934449038682746 2.519882627064235 2.630084359253548 2.7257888854534236 2.808933307388056 2.8769864668504885 2.8963298571718994 2.697172085528326 2.238718917588143 1.8101350461547119 1.4784908125411607 1.2271561017725274 1.0362495515757177 0.8915287404622992 0.7832523597222871 0.7046248807334005 0.6507391243243464 0.6176586241887989 0.6022485460878968 0.6022237232982064 0.6157543504006927 0.641457677510218 0.6783655629909363 0.7258509144722807 0.783524325110122 0.8511995866501522 0.927632937105878 1.003339462632672 1.078998282109651 1.151980314965166 1.2193063997836353 1.2777755474981345 1.3241213544795698
1.4174958181635091 1.4594057634584436 1.5152954379160162 1.5849485734442639 1.6637837355152139 1.7513694255088557 1.8483693492381765 1.9554909163819454 2.073477235576353 2.203071347767815 2.3415544049584125 2.464294507609127 2.5641186685905657 2.6375668851171192 2.6778118708013325 2.668755630642751 2.574875414299805 2.354033977541955 2.0436249482612463 1.7409647349968822 1.48451738086419 1.2744862375741477 1.1052796129367053 0.9713651080018577 0.867842901173559 0.7905274408147697 0.735913798548151 0.7010859486495516 0.683501428682009 0.6808713077005978 0.6916365499330158 0.7145879246340276 0.7488151822769386 0.79365035308868 0.8485859645524677 0.9143980974859979 0.9889317762656344 1.0604847113068723 1.1309698573016054 1.197885657774439 1.2582652418968254 1.3089874769056873 1.3469384490100798
