_RESULTS/CROSS_VALIDATION_POSTPROCESSED/Berg/GZ/9comp/5/Berg_GZ_z_710_kriged_reverse_9comp_spherical_5.asc
ncols 100
nrows 90
xllcorner  5.6208707817415728
yllcorner 50.959635321741573
cellsize 0.00013419651685393446
nodata_value 1.7014100000000001E+038
[rows 54 to 71 of 90, columns 40 to 79 of 100]
0.001365115645802087 0.001365115645802087 0.0013977587657728243 0.0015227291285695437 0.0017519373441778222 0.002104747571867005 0.0025357579805101635 0.0030484799981134697 0.0036620502933404344 0.004402884905637173 0.005308511107154649 0.0064337862008302495 0.0078533258553661 0.00938596834408738 0.0108947577341548 0.012393797262644102 0.013961195178228535 0.015756202474950305 0.0180482197198463 0.02127458876683194 0.019393760791471447 0.007421745167761952 0.003033850460442316 0.001338333658380146 0.0006403579490661502 0.00033342320049650835 0.0001896771820776307 0.00011861167592267451 8.219123197322169e-05 6.411860094729949e-05 5.6866190812968325e-05 5.694886882905115e-05 6.343980996719419e-05 7.70322026503033e-05 9.977573017282284e-05 0.00013510099351604792 0.0001879069197387817 0.00026449606940446283 0.0003720985353213403 0.0005176130953135099
0.001365115645802087 0.001365115645802087 0.0013957114414659196 0.0015166981630802296 0.0017392142869100972 0.002096634311123552 0.0025828501886449823 0.0031772865327200817 0.003908508374454492 0.004815862936882455 0.00595490450744074 0.007406041988462947 0.009288573524399506 0.011580716599574943 0.014021674274648295 0.016601919521954316 0.019361065194236596 0.02235414141896885 0.025457979898401113 0.02727540804249477 0.021757885679714657 0.011196346886344792 0.005138919455239111 0.00241984512935205 0.0012088772426389132 0.0006485791998769196 0.0003765875952156531 0.00023827254014631465 0.0001653450045366199 0.00012645500607287087 0.00010738201112232609 0.00010145324947722354 0.00010542176899196973 0.00011864349418305061 0.00014216736582404183 0.0001783505030225274 0.0002306268525822748 0.0003031844411869469 0.00040078715287377364 0.0005374590926759366
0.001365115645802087 0.001365115645802087 0.0013898488009736318 0.001500856826313676 0.0017090098811093934 0.002044785623840123 0.0025503793199339645 0.003199652086578533 0.004014279425514141 0.005043675956066971 0.006356413474395212 0.008049184101535337 0.010260083521136772 0.013125528970306336 0.01633698896827437 0.01972908212697266 0.023147344277612347 0.02624517876774045 0.02813962424176795 0.026911645145939994 0.02083413456168174 0.012780159939679715 0.006931089828495295 0.0036652086613729097 0.0019826360069746998 0.0011238903261975902 0.0006774226191501451 0.00043856241843387016 0.00030718538954121755 0.00023384797344811977 0.0001937012088028817 0.00017457142701502574 0.0001711796117018877 0.00018055118161846326 0.00020207143208165676 0.00023663346124921922 0.0002860520433188614 0.00035252406522234337 0.00044434247169581465 0.0005759570407543223
0.001365115645802087 0.001365115645802087 0.0013814842936409279 0.0014772714956984353 0.0016644847892665416 0.0019691023551838445 0.002437227794555032 0.0031051306782021396 0.003957448073378677 0.005046151073858943 0.00644447709780084 0.008251369212105498 0.010599571850110932 0.013662737816623664 0.017300234087231997 0.021044489920854108 0.024507269314529127 0.027020340164654086 0.027532251276970055 0.024913130670259954 0.01928519211061278 0.01300260993771732 0.008110639586159629 0.004848129597256351 0.002877324523058172 0.0017451452128973265 0.0011032941663836108 0.0007368608419228496 0.0005245696721365834 0.0004001830827192804 0.0003277702843439857 0.00028779239423695334 0.00026968041975809873 0.000269130016212261 0.0002837622952927798 0.000312444735175784 0.00035511919385852714 0.00041380537669254196 0.0005060386270713347 0.0006341502310445104
0.001365115645802087 0.001365115645802087 0.0013727257953777148 0.0014489009082664758 0.0016100438230354055 0.0018767040019002426 0.0022861490980830837 0.0028992589343303384 0.003740137714137101 0.004819597200986145 0.006206956808717595 0.00799052496994578 0.010278834327570409 0.013195258157265046 0.016793159680314 0.02048368254169047 0.02365486121532485 0.025561508253141837 0.025352273646256508 0.02251354264058209 0.01754916254121176 0.01245960149527357 0.00881101355846784 0.005853813139275158 0.00378837659346849 0.0024591877677471547 0.0016357083604740291 0.0011316169712145712 0.0008225859515187771 0.0006322120463939333 0.0005151919149930898 0.0004450212934698897 0.000406254498314511 0.00038991075529263506 0.0003908603765462458 0.00040737303999230704 0.00043814876997923865 0.0004946046730974857 0.0005900593950771748 0.0007144077563521556
0.001365115645802087 0.001365115645802087 0.0013663742145566806 0.0014193305009610425 0.001550796807509846 0.0017755111569295813 0.0021217742332181218 0.0026357889371461593 0.003387823768425326 0.004396640989458334 0.005688203022177888 0.007332610634570014 0.009406577526534154 0.011980497714069917 0.015088754168267543 0.018459119948656597 0.02125715267686304 0.022809899354532297 0.02251964076497109 0.020202583090483162 0.01643034780834663 0.012537598760530152 0.009321079853199955 0.006652053082710626 0.004617023478824983 0.0031841980716946897 0.0022231038245482293 0.001593914681050281 0.001185721416568922 0.0009213587717371569 0.0007504934909464441 0.0006413016166718183 0.0005739112246539107 0.0005359171501540574 0.0005194806953915675 0.0005195388109756208 0.000543452006093164 0.0006014049898274404 0.0007011049207796821 0.0008203265133819856
0.001365115645802087 0.001365115645802087 0.001365115645802087 0.0013925312661731617 0.001492056009811992 0.0016733172383297935 0.001956223867650088 0.002373802494908028 0.002976270363073109 0.0038357768719584386 0.004971773245860494 0.006400857965750357 0.008170238860062618 0.010309378483837138 0.0128035650997347 0.015552212082466692 0.01799218297722958 0.01940251205246645 0.0193735474216422 0.017844276866004392 0.015242323438627588 0.012302281529157211 0.009550374607383793 0.007173872859466575 0.0052607629839715835 0.0038196136902395187 0.0027857743210020634 0.002066316267007171 0.0015736629000370087 0.0012387345072444559 0.0010118256305295802 0.000858883024704189 0.0007571217380071214 0.0006913817882406461 0.0006515606779979766 0.0006420440615611288 0.0006682875905660762 0.0007338731859144374 0.0008390553919176349 0.0009523244815245152
0.001365115645802087 0.001365115645802087 0.001365115645802087 0.001372711338643776 0.001438982009839008 0.0015771245043120054 0.0017996212983178977 0.0021284697731387544 0.0025969420197041087 0.003251913392284007 0.004155886322645432 0.005335620565836763 0.0067707360083458555 0.008465434682589165 0.010384412264643358 0.012428947067064563 0.014406547627700928 0.015749311634065146 0.01604517712138608 0.015240563563185726 0.013577367849766504 0.011473948730743823 0.009307069413158078 0.007312155990643747 0.005615048896519849 0.004260095923807552 0.0032295211836091617 0.0024715251336567615 0.00192551566877021 0.001536680158173182 0.0012612827406138058 0.0010667516165263015 0.000929708414791554 0.0008345119574536113 0.0007834186164262123 0.000774052584981264 0.0008049918499216367 0.0008807566522984721 0.0009841180687215306 0.0010863048046121184
0.001365115645802087 0.001365115645802087 0.0013643226828564969 0.0013618998973465141 0.00139288198440194 0.0014892138733304762 0.0016571722609244987 0.0019093973093482477 0.002264572575025559 0.0027515149906935862 0.003406793356386897 0.004271908821193836 0.005376957224493164 0.006668031248580818 0.00809685811330912 0.009582597146617201 0.010996197868807527 0.012161525490724212 0.012695834832580606 0.01244222267939658 0.011509034482213014 0.010130300269174915 0.008562053163913173 0.007009180421741558 0.005605838926614011 0.0044202898322580385 0.003468121370361715 0.002730753441909772 0.0021735491349107023 0.0017587271756779564 0.0014522654842383945 0.0012263994459293798 0.0010651405084497229 0.0009652734693576705 0.0009155249441047112 0.0009101260929294039 0.0009489778809287342 0.0010326865205301451 0.0011239635634857853 0.0012073976663235922
0.0013421648766621828 0.0013270447980594014 0.001313368515269635 0.0013031251482785056 0.0013020957200857168 0.0013563506822470105 0.0014741618615993896 0.0016628552181287637 0.0019347036373332368 0.0023054697760421547 0.0027915446088424695 0.003404490326641706 0.004154456258699067 0.005060309392204151 0.006092294956149337 0.007151256757244706 0.008147150456242295 0.0089755208715226 0.009534425647765863 0.009637468382193192 0.009231023847587231 0.008433404597176931 0.007403852390341116 0.00629444378246861 0.005222634573283506 0.004262735119067519 0.0034493264335954585 0.0027872255109626168 0.002263229059732836 0.0018560252864250188 0.0015457039685487664 0.001324588362297974 0.0011751073563916789 0.0010833270905531176 0.0010407233812846674 0.0010438556274783924 0.0010944738698687143 0.0011726880461010213 0.001244261212574906 0.001301944779895339
0.001250032188886449 0.001219203361524163 0.0011941828809639674 0.0011769005095482667 0.001165620749096819 0.001181610230777376 0.0012533318970639144 0.0013835743364579323 0.0015795592394097363 0.001851535294054952 0.0022104866999222003 0.0026641545361385344 0.003210689554040972 0.0038300537496937146 0.004490718411564382 0.005186827909449289 0.005868351079400731 0.0064492587497625535 0.0068561257719872756 0.007045549192205893 0.0069711744481131 0.006593285861457342 0.005995755175521962 0.005277972366534364 0.004528703708749956 0.003813894218110201 0.003173715553265176 0.002625955911597897 0.0021805368220916103 0.0018345454410371134 0.0015743389069544779 0.0013860650698137667 0.0012579879215706502 0.0011815764131215606 0.0011519917201217563 0.0011684689043852657 0.0012264983272148341 0.0012841731133135372 0.0013292936433912097 0.001356389637100166
0.001105116742513424 0.0010623404369847589 0.0010290795278348143 0.0010067277762419826 0.00099520354926914 0.0009923418923135157 0.001026786279892044 0.001109334876827107 0.001243382834571739 0.0014351790394237902 0.0016920203754348015 0.0020194337333223366 0.002416847182930895 0.0028717774024271283 0.003353692211421297 0.003810473923622835 0.004221283002377343 0.004576229459773845 0.004837065586940997 0.00497312839844283 0.00496842883378848 0.004824969817260365 0.004534402526315362 0.004125445908389572 0.003658104493900026 0.003184178241950206 0.002741168448863461 0.0023513848015916314 0.0020244852777635378 0.0017614272142053213 0.001558327766070176 0.0014094945528412553 0.0013094996215572805 0.0012545060994725479 0.0012431750373471712 0.001276199750909314 0.0013190419087143264 0.0013504783677087816 0.0013647235311809664 0.001365115645802087
0.0009308571494266583 0.0008810386676276997 0.0008433501152082803 0.0008184867462253844 0.0008067343200455401 0.0008055579428732013 0.0008171641077062756 0.0008643908834271854 0.0009520447229701168 0.0010836077624177213 0.0012639184530813922 0.0014971779849163014 0.001784010489511434 0.0021175044442431202 0.0024788585251397407 0.0028342881792498007 0.0031357674019336632 0.003352021189147708 0.003507298873210294 0.0035878127015908563 0.00358491364153054 0.0034995167795670514 0.003341628970935819 0.0031280307254866616 0.0028734713040827918 0.0025939365935360847 0.0023160989488792724 0.0020591895802440003 0.0018348692560524694 0.0016487905792424938 0.0015026264810318296 0.0013959945609594174 0.001328036941171583 0.00129865906779301 0.001309572503751717 0.001338091274323364 0.0013559142943211189 0.0013637868449567724 0.001365115645802087 0.001365115645802087
0.0007499111615774753 0.0006979881245647256 0.000659554518520828 0.0006345800169874072 0.0006229106895026974 0.000623820217001949 0.0006349925762857222 0.0006600436595055332 0.0007152688015170374 0.0008041657888712011 0.0009299460357314281 0.001095954013169244 0.0013036501729635339 0.0015498757846939273 0.001823686160987776 0.0021037019087280914 0.0023576011081159827 0.002545520343389209 0.0026443070735836984 0.00269233910502618 0.002690104701369682 0.002638027074735783 0.00254157070430727 0.0024101272492163418 0.002255351550140669 0.002089406475953887 0.0019235051556652097 0.0017669829851388965 0.0016267589297291184 0.0015078464103634483 0.00141446501908228 0.0013493082024471912 0.001314558893287729 0.0013139934278632562 0.0013345426284188215 0.0013505630384050005 0.0013609989228063918 0.0013650835946303998 0.001365115645802087 0.001365115645802087
0.0005801235211401293 0.0005302097181750422 0.0004939760866676566 0.00047075307599706495 0.00045998886300976303 0.00046139346947878744 0.0004737994280655957 0.0004964509752507203 0.0005318335606719065 0.0005918338478125096 0.0006801512633548947 0.0007995358892948073 0.0009519337158261536 0.0011365624007887054 0.0013475630073476437 0.0015717505935465993 0.001787490065791163 0.001965991472059804 0.002075924530613121 0.002108195276457242 0.0021061881452605078 0.0020738856833186427 0.0020143897833684917 0.0019331430290284663 0.001837076180308195 0.0017336778782393793 0.0016301903722470334 0.0015330680459692107 0.0014477532625237466 0.001378755680830696 0.0013299856005750306 0.0013052951756888605 0.001309220541598386 0.0013295739218247523 0.001346118853339905 0.0013579492086036589 0.0013642614283556653 0.001365115645802087 0.001365115645802087 0.001365115645802087
0.0004327551493084108 0.00038769115503122534 0.0003555826074316438 0.00033527692730608036 0.0003259387396777335 0.0003271559135797052 0.0003388815963707979 0.00036048854885826207 0.0003923852778725417 0.0004358197555331331 0.0004990600867740359 0.000586776181249342 0.0007011541569742727 0.0008428587266051997 0.0010092623620773457 0.0011925514505818206 0.0013783550278442366 0.001545840079772112 0.0016701462128703205 0.0017273468258868965 0.0017261100484105814 0.0017059725038886169 0.0016695093941141129 0.0016200209451902314 0.0015618241261522426 0.0014997623079326017 0.00143877376757663 0.0013836009574754035 0.0013386862216102613 0.0013082692609540155 0.0012966886901982948 0.001308365004700394 0.001327396550672111 0.001343418777130218 0.0013555716972755284 0.0013630346205542585 0.001365115645802087 0.001365115645802087 0.001365115645802087 0.001365115645802087
0.00031270565629037457 0.0002740003537666306 0.0002469321417471047 0.0002300444874321509 0.00022234041611803485 0.00022334232929153053 0.00023311314964530203 0.00025207551916375305 0.0002805112630416802 0.00031959429478019817 0.0003706913405136241 0.0004373531076168264 0.00052593870276371 0.0006381081480643046 0.0007732844146855366 0.00092718567544555 0.0010904000926136297 0.0012478122532612933 0.0013796590271315612 0.0014646701233614096 0.0014855534959494537 0.0014732512166430163 0.0014518477107130757 0.0014234773518430593 0.0013910218158868439 0.00135786209732796 0.0013276676996403225 0.0013042756598988915 0.0012916993094976767 0.0012942982803538963 0.001311446888782429 0.0013283116708365742 0.001342936835334731 0.0013544816596092442 0.0013621294577190212 0.0013651017930550865 0.001365115645802087 0.001365115645802087 0.001365115645802087 0.001365115645802087
0.00021996324715050432 0.00018800624584738285 0.00016608256497088777 0.0001525965790497707 0.00014649619773279973 0.00014728766131945275 0.0001550356598034114 0.00017036356242873096 0.00019428267119517875 0.00022791633151402247 0.0002730882094151253 0.0003317713730182952 0.0004057287224799418 0.0004980200284400988 0.0006119048743686529 0.0007454923042290262 0.000892800814106211 0.001042839744905454 0.001179782243354866 0.001284819996638828 0.0013397646474084723 0.0013400678065055595 0.0013292446233262652 0.0013160299152284022 0.0013025601271296253 0.0012914826348101316 0.001285887469527665 0.001289315468587131 0.0013031242619776587 0.0013180525655662049 0.0013321933461410691 0.0013447554222826422 0.0013549401848871733 0.001361956680451669 0.001365036490422349 0.001365115645802087 0.001365115645802087 0.001365115645802087 0.001365115645802087 0.001365115645802087
