_RESULTS/CROSS_VALIDATION_POSTPROCESSED_CLR/MHZ/IZ/3comp/1/MHZ_IZ_z_180_kriged_reverse_3comp_spherical_1.asc
ncols 100
nrows 81
xllcorner 5.5967107548124995
yllcorner 50.982328804812504
cellsize 0.00017565037499993607
nodata_value 1.7014100000000001E+038
[rows 20 to 39 of 81, columns 0 to 43 of 100]
4.933434811931358 4.8599336364545085 4.804914043507308 4.7773108573975405 4.767110764158939 4.773500670649838 4.792849649641427 4.819062074351889 4.8458118967750465 4.867845538308655 4.881353080041168 4.883929083594456 4.873954799190013 4.853485466585761 4.828952669881781 4.799312298998066 4.765912872915747 4.734477878536136 4.711919930915371 4.704217273413835 4.713053715644082 4.738531059172038 4.776064415474092 4.81901137103478 4.8635515093307475 4.907718857439565 4.949739298261186 4.9892275113350735 5.019791349552293 5.0373844083014 5.041408702031368 5.032252815677957 5.011058001548814 4.979655675339081 4.940933359651538 4.899412057354819 4.867654729875636 4.859332190947911 4.8780926576439585 4.92132058449158 4.981350297504684 5.052351786356766 5.13126625524498 5.213849743787905
5.0427393552627 4.98163029515085 4.935565419231347 4.90487712864126 4.886157056437596 4.878294644238275 4.879220192811367 4.885129048449529 4.891616124383178 4.894580655579666 4.890716294041438 4.8783696306852775 4.8568411193382355 4.825678361568759 4.785112432644539 4.738979289409813 4.691650019538422 4.6487906702237565 4.616935327726765 4.601269250615657 4.602953053635131 4.627230078473596 4.666642074612091 4.713016290499532 4.763356982656601 4.815965602687592 4.87000462287083 4.919677429941766 4.959932901083278 4.990029270146969 5.009826915444526 5.0192692843372555 5.019037045019595 5.010829440148722 4.997138523264141 4.980894648274338 4.966204612118491 4.968995631427667 4.991506369011811 5.031691641474815 5.08470625547525 5.144980534910636 5.211312179831416 5.282270168943619
5.152538644937815 5.102338285047634 5.0650831080591425 5.037106885394383 5.013074838787531 4.993849268208308 4.979909590635293 4.9688603866099035 4.9577199394107145 4.943837721060493 4.926078498878563 4.902254724677498 4.870813139927929 4.830467895597261 4.777723648411271 4.714916663290593 4.649964215186863 4.590765437175656 4.545057791887816 4.519451784816807 4.516763964707529 4.543007735637998 4.588182974305257 4.640658709280694 4.698116195607498 4.7589604745692 4.817252981080862 4.870507719545195 4.918173302967903 4.959533971661263 4.993174839068336 5.019305872634745 5.03850839199699 5.051562907886759 5.0585730578692285 5.057424733412281 5.056105138802222 5.068614491226641 5.095876361171523 5.135924321419838 5.185116963458531 5.239251791229166 5.295151845567038 5.354700896988482
5.25003088804614 5.209441267908703 5.180097670089175 5.156640708478635 5.137073600751244 5.114658155514147 5.090454847169446 5.065939719282059 5.041190499017688 5.015896899727352 4.9875710724041795 4.954114576234532 4.914021217356911 4.8628632251468185 4.798804544188852 4.724138426440225 4.643091083291339 4.563189849244508 4.4981926262654754 4.460942785636961 4.45951249731866 4.49146846584938 4.544586293472247 4.604849132051344 4.668199647839075 4.729794000483644 4.788365133643959 4.84359934909737 4.895656234937243 4.944812879582734 4.991005478287909 5.032250544717519 5.067866268314831 5.095335829480538 5.1141148242564665 5.1248359148266704 5.136178225296628 5.157655172995538 5.190313832095834 5.231930839312069 5.279097399120271 5.328658743684736 5.378091351176324 5.427684137325379
5.3303380360666255 5.298227318737678 5.275885513152183 5.257024680136288 5.241162475488491 5.223575107746617 5.200271002523024 5.172458085975782 5.142471496879856 5.109304316898497 5.072822998978111 5.031852724847461 4.983728609935537 4.922647430190976 4.848398579961594 4.762230338901467 4.666719581434944 4.567326246547537 4.478043571132628 4.429884064148039 4.439342419875623 4.481660257444042 4.541187821535109 4.604326150732218 4.665670737844774 4.72468471293661 4.781815022685362 4.837766043871011 4.893109219972682 4.948146575529696 5.001853392793756 5.052739490957392 5.097172974713233 5.13358350166965 5.161143173238244 5.1832308631338835 5.205692334552792 5.235528380321494 5.2741422060635035 5.318854897156637 5.365092775250028 5.410507399708052 5.454775372860443 5.496828335572063
5.392069719612433 5.367631149532596 5.352007891033164 5.338203771957869 5.3253401405253085 5.3126584654788935 5.295392749790452 5.274676546654018 5.249511123830057 5.218344473713226 5.179433949695858 5.133348683043395 5.078129133781502 5.009657396557186 4.927867921781112 4.833127285369194 4.726269000873065 4.60879208581508 4.48527162011386 4.428559468354919 4.468041383247718 4.519449452413904 4.576697834822231 4.637454352236514 4.694757938593966 4.749055164805518 4.801886595702865 4.854584464907292 4.907925932257677 4.961981030881207 5.016268219126454 5.070105010000472 5.1214326692422985 5.165157775857417 5.200664179640693 5.233771354581036 5.265547039148155 5.30255333221137 5.346795287443579 5.396399166220837 5.442113819639106 5.482920720755106 5.522960083815372 5.5602263941083505
5.43400043984994 5.416602289323458 5.407842355200444 5.40000645660877 5.3909303587392765 5.381582290335143 5.373732427588741 5.362119950244616 5.345576651504664 5.322667506243603 5.291735049101575 5.250467926978607 5.192746207369625 5.12095650950693 5.035722316745443 4.93738573720301 4.826640188909302 4.7052055705202145 4.586059788660114 4.532043776019717 4.558812418186937 4.601756445109842 4.649198021003445 4.699192358006869 4.748827975684025 4.7948926996518 4.839919325411783 4.886188332445501 4.934962971164184 4.986133347798419 5.038564235325234 5.09081626165226 5.141707101875647 5.189264450526562 5.234266268429664 5.276672824679998 5.3161101354356095 5.358941747748266 5.406995272697214 5.458348245506762 5.504343210837733 5.544163596611774 5.582028164701967 5.617050150493438
5.454984022294411 5.4439057487574525 5.442124526990051 5.441939837886379 5.437141447428242 5.431860690201511 5.4305900559125675 5.429225402328795 5.422894383104624 5.410269705124518 5.389778062180648 5.3580506130992385 5.307756829648485 5.238345099412579 5.1547206653029365 5.058034577809618 4.951004462833345 4.843679709892799 4.755153790324907 4.70778063080421 4.705064340629331 4.72579470302094 4.754613023191757 4.786647734486476 4.821700477904341 4.855858198476012 4.889943153309781 4.92759490268975 4.970757221534459 5.018724688416101 5.069026855856292 5.1190245780489105 5.166800729226982 5.214875836573714 5.263982084456961 5.312280444620777 5.357741130720491 5.405017029637301 5.455029146891421 5.505310165968512 5.552053068124769 5.594154712604841 5.633323003865093 5.668611299827728
5.454062320239776 5.448220434606306 5.451372831637398 5.456294259205907 5.4567486806620815 5.457469488053808 5.462429725655049 5.470323755163673 5.47624046560864 5.475904609484814 5.467856067373648 5.447490369151908 5.408426629178804 5.349525618734544 5.271934963840258 5.184090093851651 5.093021557865412 5.008592490040101 4.939712595731114 4.896145569567002 4.878952682029183 4.879234481576895 4.887379515242002 4.898535732312498 4.9120293049736246 4.9289444421083255 4.948330234694124 4.974845890521739 5.011942897451407 5.057354220676105 5.105862003314117 5.153094076206552 5.199281366755431 5.247419396247359 5.297225521921119 5.345032933244932 5.391444036808888 5.442121781137533 5.493741170852707 5.5442433381719045 5.592190925399966 5.637316409384669 5.678542436475817 5.7145627354235735
5.429956021561808 5.425955039865457 5.4308074083318925 5.438134670056613 5.446595257264079 5.457133852626476 5.470721234337507 5.486729362666572 5.503558523644753 5.51719307213662 5.5232388856336545 5.515978947071378 5.490251635145596 5.445111453025958 5.382924951564571 5.312887655608648 5.245307942480273 5.183370496249288 5.1312047783066985 5.092153285750728 5.06713450609233 5.052054447214375 5.0414709425026585 5.031683032629495 5.021856233948789 5.013458086558113 5.011795456910331 5.023686390375202 5.055762294442652 5.101046934449328 5.148561636967856 5.195091464362418 5.241354117526391 5.287552782527744 5.334473594419095 5.379769892934192 5.423130882780548 5.471769319680792 5.524577008412958 5.576576729419396 5.627224787369296 5.674767909677534 5.71768005406859 5.754412425443196
5.379279114185453 5.376060841951609 5.3821750493218055 5.3949061090812105 5.411801261378991 5.4321869443797794 5.45558842263564 5.481099289336319 5.5072464100796585 5.5321704896880375 5.55310971163073 5.560503291799822 5.549675864280505 5.5231592434240975 5.487826439394729 5.444520229219894 5.400492598974254 5.359561244642663 5.323142823013011 5.2919526582966645 5.264180150153615 5.238197315017538 5.212252715149229 5.183772807503157 5.151626407528383 5.116164568308692 5.081908400530497 5.069682484897262 5.102494456529669 5.152581853335715 5.202540602735425 5.249241052193433 5.2928518238436935 5.334509016383935 5.375504181375012 5.415734199091393 5.455161340709162 5.499242010011139 5.54896289681028 5.603670204623919 5.656725083857833 5.706175146976666 5.750350885139341 5.787567157895965
5.302243242375084 5.299652910927668 5.3074227460677115 5.32698538403356 5.353009768818305 5.383513750585841 5.41733633243766 5.453193454582496 5.489565487394129 5.524708090932547 5.556608336802437 5.5781111607298 5.5879466500348505 5.590854447500644 5.586301844895097 5.5732292049906675 5.5533058938634445 5.5332514243220166 5.512764618429921 5.4905956879704885 5.464634353808094 5.433370817391769 5.39592701783563 5.352836627094606 5.302919773544211 5.245472734006782 5.179621939166738 5.11201837876046 5.169266253084557 5.226015964443307 5.2743948509613325 5.316047835303323 5.35293501783719 5.386889483065462 5.419456635643707 5.451859527497473 5.486611783582768 5.5257360155476105 5.571825082976476 5.624900179470321 5.679944273771905 5.730840017805866 5.775859448646788 5.8132493834132255
5.199509875458657 5.19760538492519 5.208034899092 5.23434465703245 5.270325928200534 5.311491258901571 5.356198265241681 5.402865218181813 5.449923149557028 5.496579087071098 5.5420624065342805 5.580998554456562 5.616200558037657 5.647929931565039 5.674118483334509 5.691878870525711 5.699160418581209 5.701005804223613 5.697679538211618 5.68582366985287 5.66374664462827 5.631251096732595 5.588047021064133 5.53527888996511 5.474642639184122 5.407040404947867 5.337076191385031 5.28816616993539 5.296775706004904 5.327925056666512 5.360051552001283 5.389269993274168 5.414722771858044 5.437937202533508 5.460418707184763 5.484882252613508 5.515079360840649 5.550823261688004 5.593051493824362 5.641754165729772 5.696007734694928 5.747869544362053 5.793293884892687 5.830498787675355
5.080124324581176 5.076670329455743 5.08925766716156 5.120791875239043 5.166803522896592 5.219311429683265 5.276273116483929 5.335918319965071 5.397055140775252 5.458735640690148 5.520078729688264 5.5803748726242235 5.640058369355199 5.697536751500788 5.751845729351607 5.800313727296477 5.838694434210504 5.865763961124447 5.882285226936117 5.881830707302117 5.863479775739447 5.829836366653457 5.7836730540084345 5.7266247081717685 5.661770462827968 5.592687535314436 5.526513916047482 5.477327898927031 5.455613293006229 5.4531882964657985 5.45818691395555 5.4652404440161355 5.473000011486062 5.481713907045486 5.491857472220692 5.508508344689946 5.534565391088575 5.568186818809521 5.6084672792419905 5.654226430428782 5.704329126075202 5.756225787584276 5.801750862505147 5.839656847860043
4.960886910268406 4.955935728254839 4.971202434209353 5.008061243250448 5.062415427709361 5.125833053954275 5.19377585628978 5.265063408933372 5.33908963711415 5.414935330517002 5.492233059322797 5.575380261714987 5.6618554035662525 5.749255428236652 5.834664117418483 5.9147728332432665 5.985279464865699 6.041224501033044 6.080618248346517 6.091930016957859 6.076135974079959 6.042074565827035 5.994518080028658 5.934135333232898 5.863293065689666 5.789151858520774 5.719446959817896 5.661451462212641 5.617918255561491 5.587209269288342 5.564625751293498 5.546735105006798 5.532216635352637 5.5212254451148715 5.516086929911568 5.523383912493097 5.544837234743815 5.575776649539888 5.614130830060096 5.658465364577745 5.707599339024877 5.760229817941303 5.8083545290803915 5.849035460576754
4.843650564997976 4.838259178905467 4.858335657060436 4.902331686623784 4.964090289645547 5.037917203372918 5.116144614128981 5.197134395853059 5.2806329961955 5.366867087455581 5.463654229038533 5.574394404394785 5.689612897399176 5.806104519710962 5.92095475454028 6.031122575042214 6.1331441325286695 6.22227485602281 6.293027230975523 6.314499072526287 6.296274346804687 6.260895648323095 6.212198327046837 6.150980921631252 6.077811856541154 5.996744790576991 5.915334834386747 5.839818272722944 5.775116921701103 5.719868110598822 5.671381567800043 5.628521700349317 5.5907928010396075 5.558959400965132 5.539696396018053 5.537684045590584 5.554469769513133 5.5826318515664575 5.619120850789796 5.662289836232827 5.710909794347648 5.763942094824866 5.81648915491428 5.859641842420263
4.7296002825228625 4.725896608130542 4.754526263783492 4.80823959006688 4.877999599500987 4.958642094253485 5.045643905872572 5.134474174056152 5.22672168961403 5.327746262834109 5.4448964262736315 5.57892790287277 5.7208278924573275 5.864219653867529 6.005728836198334 6.14225548769232 6.270818886740482 6.388591009011194 6.499831711511407 6.524642999109147 6.50357466339904 6.471430666346342 6.427040303816504 6.369055073998378 6.296401829811946 6.209636931797752 6.11524917570732 6.0193173714868395 5.927689984971324 5.845093723189636 5.7722844168474055 5.705510481018432 5.644875689365919 5.594231539818834 5.560270421566195 5.5505298982627345 5.564129364112457 5.589931423422357 5.624439969813336 5.666155469223003 5.713938057194115 5.766771369869511 5.822345262440616 5.870081476931093
4.619950373041937 4.62312664032507 4.667112337893144 4.733133788788194 4.810322662542784 4.894622505796023 4.984830464558732 5.08087689230663 5.186175962465078 5.302215046112965 5.437165495436665 5.590102568491776 5.753512056201959 5.920755882309599 6.085571965611505 6.243560299919612 6.390561272336048 6.520708869359592 6.624801489765451 6.676006407125206 6.681414913916789 6.664861433095019 6.631828795201667 6.581962393885992 6.5130318796835205 6.422895453265118 6.3150167603105345 6.197361228262864 6.0780415848516345 5.964644441713047 5.862650654853028 5.773401161836109 5.69386755428714 5.627610621859985 5.576074491582746 5.562600304498039 5.5746765596832555 5.597651458613651 5.629583277901535 5.669349038891715 5.7158810556313995 5.7681529391865105 5.824945864207675 5.872289077690391
4.515944702277593 4.5429658509249204 4.610819973916412 4.687673207183699 4.768270870043608 4.8518450487344 4.941242322320263 5.044318069239177 5.159766176953909 5.288439231350814 5.43834255654042 5.607119393537489 5.789049320430775 5.974772407021541 6.159285014584091 6.334715587130936 6.49486874924297 6.6321141579113485 6.7378490024887885 6.804870362854427 6.835246520317576 6.838891530400492 6.821770289862194 6.7845407665531825 6.723549384252458 6.632719060904346 6.510778820687544 6.368946336992412 6.2201560216541285 6.075896527242027 5.943748692996766 5.830028235196976 5.737850447795751 5.661912503773479 5.605432599594561 5.582957033964697 5.5875650232220675 5.605468166520338 5.63378433990158 5.671002559470982 5.7158533363787045 5.767187700192075 5.822661951246365 5.862908445743547
4.476822947079097 4.533561886642724 4.608119006921309 4.683007978127501 4.758272694858668 4.835784246392349 4.924972289299252 5.028137113723902 5.146387358627703 5.284291120160417 5.44639635927542 5.628995013022423 5.826437997450583 6.028455056542002 6.227639234131484 6.417837679069365 6.589503124573118 6.734625438276383 6.845842572507852 6.924697325690115 6.972176460099347 6.993191047904225 6.992309131656906 6.970728248918453 6.923414577297646 6.8363788811058805 6.698327328095123 6.52656560972832 6.345629482397675 6.1709154541933255 6.013100990957064 5.879137578958968 5.772713863137778 5.691765736583133 5.633350790889624 5.60393842331599 5.599796846209917 5.611564225146675 5.635703816837384 5.670027372331548 5.712902119670686 5.762979012933894 5.8111593437742375 5.842646488936435
