_RESULTS/CROSS_VALIDATION_POSTPROCESSED_CLR/MHZ/IZ/3comp/1/MHZ_IZ_z_1000_kriged_reverse_3comp_spherical_1.asc
ncols 100
nrows 81
xllcorner 5.5967107548124995
yllcorner 50.982328804812504
cellsize 0.00017565037499993607
nodata_value 1.7014100000000001E+038
[rows 19 to 37 of 81, columns 0 to 42 of 100]
-3.639668151226975 -3.3469586981272283 -3.125143304517602 -3.0189162072277353 -3.070109623123862 -3.275810832560252 -3.614880625518709 -4.056175454159885 -4.570681419085365 -5.135434802328288 -5.732865752658911 -6.349229762577347 -6.9742632972625564 -7.600455736963626 -8.213921183508571 -8.793197919421894 -9.303440398716104 -9.709498298587683 -9.976079035366796 -10.07236114768604 -9.99731834522613 -9.769190719930116 -9.441199604702838 -9.055407050739046 -8.636269665846187 -8.17866373906827 -7.692151968145514 -7.188722230546921 -6.680070618509545 -6.1947663497115535 -5.741723216390589 -5.322608497131734 -4.939222397531319 -4.594472981018047 -4.29394807065146 -4.051130231216472 -3.901622950790565 -3.8441764001359 -3.877412763706438 -3.9902581015243883 -4.162406292371269 -4.401745930651957 -4.697255155700949
-3.646168176337712 -3.364004794343008 -3.1563936435992765 -3.048305760197155 -3.077221785839256 -3.2451465032970392 -3.537737793879907 -3.9324926211721296 -4.405170766523713 -4.933690458067188 -5.4992963678372995 -6.08625751759368 -6.67743298086073 -7.255404231122507 -7.8048553327308 -8.296706648424514 -8.703903756875958 -9.010297163485134 -9.195402184853991 -9.239944339337791 -9.155174792443072 -8.966145813020955 -8.700219753136366 -8.378817548755162 -8.011336056668052 -7.592878958714836 -7.143118274443086 -6.675965895905519 -6.20168513295931 -5.730108560652532 -5.286233075128722 -4.879387247574568 -4.512114089260079 -4.18829756034983 -3.914636502597235 -3.7025705921178664 -3.578788336690593 -3.5287708800843105 -3.5524804530364817 -3.6481249881154345 -3.8001269587585687 -4.006156160388258 -4.282534713128095
-3.6815458827284515 -3.4104129016356493 -3.2118926635523923 -3.095735277717381 -3.1000260992350888 -3.2358079563086277 -3.4913119714963257 -3.847401143024544 -4.281709440091337 -4.771892995119037 -5.297259066126459 -5.833758470343558 -6.360289269056785 -6.864917195137443 -7.324989205755294 -7.711178727915883 -8.014721817038387 -8.226693561130055 -8.338137515189533 -8.340890540783281 -8.239861146192112 -8.080407779795014 -7.869523786669867 -7.613298798501246 -7.305675139545288 -6.947037877553996 -6.550351704076997 -6.126571141078194 -5.694815446465844 -5.266828716284954 -4.849605436733871 -4.460229341360181 -4.113188901088066 -3.8131242944230053 -3.566776960630832 -3.3839087896872058 -3.2725229754220826 -3.2208583251023417 -3.236673544936224 -3.324110810803253 -3.4770318625068253 -3.6809557550859817 -3.9439242097083054
-3.7125205356101456 -3.44672143204035 -3.2535169001128366 -3.1343629166440206 -3.1164041976853327 -3.226176958368886 -3.4518408263512255 -3.7744074856302565 -4.17183732754685 -4.619205261690306 -5.083942672950039 -5.549592623712289 -6.003190407261979 -6.42794274916484 -6.785954886685081 -7.066450140171349 -7.266192210080752 -7.384073833673073 -7.422144851148612 -7.383293643945542 -7.272262299725907 -7.137327774015825 -6.976548513615486 -6.779042640993437 -6.529165171734654 -6.232304561333317 -5.900574731465012 -5.543720328670473 -5.165908612765214 -4.780328568818142 -4.40773085035398 -4.056560540923586 -3.7358510088072063 -3.4626911440846415 -3.243835951873519 -3.0849756201717176 -2.974618717723674 -2.914185249744362 -2.919292890888366 -3.003789909035195 -3.1723357464515436 -3.4097058669810645 -3.688486638971677
-3.7161105892716324 -3.446921752808653 -3.2511927574399464 -3.13106554202222 -3.101338692955476 -3.19588496912329 -3.4038203585826827 -3.7023920749922157 -4.06201352524346 -4.449015921291245 -4.847309263991086 -5.243058645332881 -5.623739306665298 -5.9545387744042975 -6.211512112217237 -6.3895902345427595 -6.48645715160957 -6.506073612688988 -6.464027872395276 -6.380851000319315 -6.273865918551351 -6.164334321389275 -6.049067823534419 -5.904251604191878 -5.708641785820539 -5.470529943024285 -5.197512456973987 -4.899545726606659 -4.5869433440783185 -4.266687243948042 -3.946421719648877 -3.6489332625113544 -3.3823360237167224 -3.1511181192875526 -2.9617671094633193 -2.8224318932121557 -2.7060450404351446 -2.629126854796149 -2.6124926598388063 -2.685604800943011 -2.8750337898225675 -3.1660546279754254 -3.5071497691113125
-3.6900409840639643 -3.4076938060394615 -3.1989367298109257 -3.0721654140846137 -3.0423535317196047 -3.1319425137334185 -3.3388741769529036 -3.621241845176865 -3.93750532052698 -4.26815559078052 -4.6027751333276505 -4.93039828808867 -5.232326862730008 -5.467706146638752 -5.627299570590866 -5.7065080125005405 -5.702818865472144 -5.619929663488478 -5.481764181976755 -5.353718387948649 -5.272481281919294 -5.19459742938452 -5.116318832729882 -5.016253162955338 -4.86634882867811 -4.670960651407283 -4.445670028194659 -4.205085957078113 -3.9597662340804303 -3.715812270934771 -3.474957469171318 -3.2394833846934654 -3.031625284935922 -2.858238745838581 -2.7224783340781116 -2.6087551770683737 -2.4939905023138174 -2.399216117965028 -2.345679255508786 -2.382535795480611 -2.59763711591959 -2.9714624661007587 -3.3954166176547105
-3.6442406601869233 -3.338862680385625 -3.1036127955444823 -2.96021353201607 -2.9402661318712395 -3.044324738894166 -3.253608519685232 -3.51395053491468 -3.798042548378877 -4.087025806282156 -4.366300242045417 -4.627444681347594 -4.844228770493105 -4.9888774413361565 -5.05729109645897 -5.0457281458842616 -4.950928631929326 -4.770863409175887 -4.510847303822397 -4.336885721780394 -4.319838502544358 -4.278616604254939 -4.231215951886195 -4.169302553740427 -4.051274769341179 -3.8905323864452375 -3.7057089504297784 -3.513393531467008 -3.325706273406822 -3.1492148185364877 -2.9858582404751504 -2.8351481379859518 -2.6960608169508467 -2.5873640335742145 -2.507654358987571 -2.4245087559661638 -2.3306745758355483 -2.239833689835203 -2.15809286579461 -2.1072198477222672 -2.3604134375941985 -2.865356788493769 -3.365315583879428
-3.595204148704589 -3.2602915429567143 -2.9813075282454227 -2.7990734637138193 -2.794208429065205 -2.9480662011565997 -3.1611167142346663 -3.4062767697343688 -3.66032333134217 -3.9088445247140564 -4.141023838781581 -4.343842978333054 -4.476537674457619 -4.535655348076713 -4.5204911725493595 -4.429801164738535 -4.263171994420814 -4.022597962625927 -3.7419987546629807 -3.57069968640526 -3.541094451575803 -3.5073702122018267 -3.4703566390966416 -3.4152099761145043 -3.3165589734245615 -3.1801329182410916 -3.0276199774570802 -2.8789944303509145 -2.747616527617298 -2.637829650730443 -2.5470147305069997 -2.470039021702193 -2.4027654205553812 -2.3542586384940813 -2.3221839356457625 -2.2803056525312932 -2.225218600353309 -2.170432505984209 -2.122468799359785 -2.1071835636385092 -2.383579207965716 -2.903554451922046 -3.420831383611299
-3.565035429489688 -3.207664249179216 -2.8778254461867228 -2.6036666402272406 -2.624356839798242 -2.857287076803815 -3.0889722625899405 -3.3072977609855885 -3.5213510919033633 -3.723879325333616 -3.907782210114711 -4.055455777518381 -4.124720389967658 -4.111215719021736 -4.024937835885927 -3.8676696501679846 -3.650170838321478 -3.4090579259607035 -3.1882882126497605 -3.035693650083349 -2.955107616590709 -2.8961063833923584 -2.839597766588973 -2.773522581490078 -2.676667862750209 -2.5524492141206787 -2.4215984316608274 -2.3111028538747256 -2.237491162601043 -2.2007987220746834 -2.190007063049605 -2.192968889353537 -2.201961734940925 -2.1971350396012808 -2.1843818144209406 -2.1834366297345627 -2.18402591575955 -2.1959575562445046 -2.239446963415001 -2.3628359142323268 -2.650189677447309 -3.0816552801161112 -3.5456116683795336
-3.5728517122108943 -3.222773443294635 -2.887378570306569 -2.573737749700064 -2.5894942994240537 -2.826635300691372 -3.0408582191940567 -3.2213535939125952 -3.3812048684094944 -3.52938063586106 -3.6601047259392936 -3.7485766375530325 -3.759343537981859 -3.6901051912200975 -3.544581720737823 -3.351744712916856 -3.139973601168255 -2.9311500234418943 -2.7453135889720395 -2.6061209930412508 -2.5107686757102616 -2.4249631178284066 -2.346091872804225 -2.26379830900116 -2.1522136661743962 -2.0231421578034503 -1.8985523577955874 -1.817633292702113 -1.8058208906962063 -1.853245250629918 -1.9320287545164767 -2.0200301025067855 -2.093764315842132 -2.1317648488318923 -2.139474840248253 -2.1552212543810016 -2.195920785903441 -2.282043826181839 -2.412860165229694 -2.6175982657968833 -2.917339466618648 -3.290693967340961 -3.6940924071643035
-3.6147388893600754 -3.2892968481577314 -3.005676418283297 -2.810503467858303 -2.7757231396397435 -2.879522355672499 -3.0187673984828196 -3.1481313168444136 -3.2532647662752137 -3.33815512407509 -3.4102250714401343 -3.436745701227755 -3.3896562795508567 -3.2683758776259486 -3.0934453910991455 -2.900750341603792 -2.715512421433063 -2.545767433617627 -2.3998813155812266 -2.281188338362422 -2.185420670505062 -2.0885225568891848 -1.9989000715361689 -1.9050241371569587 -1.7766634030213444 -1.6190361546305514 -1.4729975414933874 -1.405267070326178 -1.4668604923406097 -1.6185875756528096 -1.797060377841306 -1.9567176101113581 -2.0747016250925103 -2.1496813076476187 -2.1853195843699647 -2.214147169611663 -2.2745683597496456 -2.398144700141393 -2.5954559802739903 -2.84571568664143 -3.143168216676721 -3.481201971813983 -3.836509320937444
-3.6476237951893133 -3.356622950913256 -3.1273148155668014 -2.981785522510406 -2.9185995909749307 -2.9367168540629924 -2.9969457245419635 -3.064696245062308 -3.1208068266850093 -3.1555409945315973 -3.1663876750260025 -3.130590698417056 -3.026130304635383 -2.8729423491176416 -2.706636221621916 -2.5319854728113036 -2.369577903141103 -2.2329706038620243 -2.128157226752119 -2.0531065714697725 -1.9783244165151546 -1.8921958314118115 -1.8122486195674323 -1.72206755943132 -1.5886648768209604 -1.3981248095469176 -1.182862991989471 -1.0800097695844268 -1.2538663374830232 -1.5401238201423215 -1.8004367181769352 -2.0047312537661863 -2.152593650564868 -2.2508295123247875 -2.30836018712428 -2.344494075578643 -2.4167237157672563 -2.5550833098931873 -2.767150474739367 -3.0341707207434077 -3.327662005921054 -3.6402509571498243 -3.956862682499956
-3.6463960307842704 -3.3863956129559023 -3.193759438519672 -3.0628519435044472 -2.9797607025700525 -2.9458148887188234 -2.94478776895268 -2.9559221885476896 -2.9630580984984256 -2.955603651519338 -2.926378740867797 -2.8389689773126987 -2.6983899242629468 -2.5518545563713184 -2.4005739642030397 -2.2466367595454013 -2.1022847268628997 -1.99367942231423 -1.9296432756055895 -1.9026882885792444 -1.8797450255899966 -1.8452073698692093 -1.8027140631993017 -1.7427288052109144 -1.6355416434272785 -1.4463082168529535 -1.170598742814824 -0.8556232585832877 -1.2865907318539564 -1.6684806367601412 -1.962002024207047 -2.178065954258515 -2.3299706910867863 -2.4311069190488412 -2.493552312122352 -2.5309828461913684 -2.605588176230378 -2.744739278141184 -2.9368463448371234 -3.187500423226944 -3.4750889244727365 -3.7659892345793295 -4.048936121153641
-3.5934528476991074 -3.35636866471067 -3.18385572741702 -3.054413623896566 -2.957479186947345 -2.889912599843931 -2.8445491560004292 -2.8094763722931866 -2.7731613243164226 -2.7285841535124504 -2.671197395636792 -2.5707725202072034 -2.4504505372716014 -2.320470687655366 -2.1826693990953547 -2.0451051213171283 -1.916948865190232 -1.829620635954849 -1.8056051174379153 -1.8337379734770858 -1.8847713130879393 -1.9421470844571918 -1.9838491561994944 -1.9886872541296778 -1.9488411921402378 -1.8333566466900821 -1.6492645688873608 -1.538826401578322 -1.7325926724665432 -2.013859765842632 -2.2515077024337087 -2.4292548056474352 -2.5524921186153735 -2.6354134488810708 -2.691969851850912 -2.736023310552814 -2.8158212956060753 -2.9436275727084498 -3.1100533966243176 -3.325225406733263 -3.5905321313553147 -3.860549938963106 -4.11171309928004
-3.506384338503632 -3.278959861280861 -3.111267431303313 -2.973537282980108 -2.8638771379536685 -2.773008295727915 -2.698804244780863 -2.6333701472030313 -2.569974308911461 -2.503010220129849 -2.427949195128045 -2.3422378803180326 -2.2520967213282086 -2.1536245022845186 -2.046251676549388 -1.9327019108101515 -1.8229915377480364 -1.7492773786218931 -1.7597788702731787 -1.8548889516601115 -2.0083323536255797 -2.189462523948211 -2.3518613941977 -2.456241798500649 -2.490650860167115 -2.452604306732823 -2.3664416923182676 -2.32160159329844 -2.386943930724147 -2.5154082746375632 -2.6380170566187173 -2.728030445833622 -2.7856476531045464 -2.822586314862373 -2.8528119727769052 -2.896733993077663 -2.9757463338373347 -3.0989997175824597 -3.2612040895820806 -3.457086601243643 -3.6820189737287605 -3.927744252757986 -4.147216887283673
-3.447573811994178 -3.2238170784502955 -3.0543746623127688 -2.9056442658166146 -2.778796689665957 -2.664381983337158 -2.5581645755786555 -2.460788707572423 -2.37257765303713 -2.2892718667850254 -2.2086322123207074 -2.1558022460946127 -2.105102535761734 -2.0488164714552477 -1.980569283434388 -1.8975761990664273 -1.805482612294214 -1.7339268426368486 -1.7627950393851304 -1.9429792426884198 -2.241765596324207 -2.577276543241952 -2.869972749503229 -3.0668715780020093 -3.1595403512123394 -3.1812507540402932 -3.149443813090918 -3.108490981557469 -3.0911669875219867 -3.0927184993657626 -3.0898644581622285 -3.068735203125789 -3.0311212276035215 -2.9913237855771273 -2.973269681252848 -3.0044707434429645 -3.0736121349849084 -3.193997852643857 -3.3546530238084196 -3.544905222594107 -3.7571588939221523 -3.9833511725826654 -4.1764859599958415
-3.4180897703951816 -3.1957063124795835 -3.0263873192717092 -2.8713636833829845 -2.728108977618045 -2.5944567960691396 -2.461294987483008 -2.3312840187749106 -2.2085148737524722 -2.096412902912559 -2.0271788371350654 -2.0199617083243924 -2.0214226629241834 -2.018593621473558 -2.000927842876866 -1.9591424395855928 -1.887979357278355 -1.798151483486877 -1.7858036302689442 -2.082786424386131 -2.5972094570948085 -3.094901763670005 -3.4961649488640623 -3.7794790711134763 -3.937018759303189 -3.989333737256435 -3.9724105518059454 -3.901779357825626 -3.806149674622257 -3.695758445957637 -3.56979241926462 -3.4283241006567775 -3.2781703377238633 -3.1391662977477677 -3.0579795535438175 -3.065940341966683 -3.131655190679009 -3.256518098583791 -3.419224541856064 -3.605607658689818 -3.8075041651829586 -4.018892881807387 -4.209796430295231
-3.4164613931266476 -3.196818052532573 -3.035583384949976 -2.8815627271598974 -2.7261015288233397 -2.5693373614298745 -2.4115347165157077 -2.2515312026854497 -2.0989641580867033 -1.966995591299538 -1.908003268747155 -1.9351761384353612 -1.9991895342268746 -2.064707939178219 -2.1168168079689655 -2.142316394354511 -2.1285293818121014 -2.063331246317314 -1.9415393196759076 -2.4281857894618613 -3.1412289598549537 -3.7469431947748157 -4.233701106304425 -4.588652362562942 -4.800354146378062 -4.867711764101925 -4.8305191214789165 -4.707866275431375 -4.521044209770045 -4.297181847400742 -4.051560228878529 -3.7893639603964884 -3.518976002637012 -3.2651168941236395 -3.0915946645649677 -3.078787964912929 -3.165146768834299 -3.3042303393748607 -3.469988941134436 -3.6510799442090827 -3.841205352031767 -4.035210138407312 -4.219748691566959
-3.4426444278534887 -3.2350322593231264 -3.098016642751765 -2.9528807631398584 -2.786645049089902 -2.6030702969495962 -2.412211223311605 -2.223367594732135 -2.0488358885566917 -1.90829013901147 -1.8634397041836417 -1.9183422288255647 -2.0352652098463393 -2.1817095676630034 -2.3256741591956205 -2.451511040738433 -2.553185752172838 -2.6417498641944785 -2.8051179313309254 -3.265406525449253 -3.9142855430379675 -4.539859310643345 -5.073025165187369 -5.480415713686735 -5.733229505773737 -5.807963042808117 -5.721064160129799 -5.517525667197621 -5.22560636142718 -4.880877578523678 -4.513749233649107 -4.139973014330328 -3.7662023639509026 -3.4043721489316536 -3.072192959911943 -3.0829998219685115 -3.2129102297607988 -3.359114675882287 -3.519579611301349 -3.6897511919583015 -3.864955951042038 -4.04019756507509 -4.20886108084097
