_RESULTS/CROSS_VALIDATION_POSTPROCESSED_CLR/MHZ/TZ/7comp/3/MHZ_TZ_z_180_kriged_reverse_7comp_spherical_3.asc
ncols 100
nrows 81
xllcorner 5.5967107548124995
yllcorner 50.982328804812504
cellsize 0.00017565037499993607
nodata_value 1.7014100000000001E+038
[rows 57 to 75 of 81, columns 44 to 87 of 100]
2.7371895139885045 2.7555732043253105 2.767931669177457 2.774992983738616 2.777550221962932 2.7772233964249398 2.7744056125522305 2.7689471794817555 2.7597209299961927 2.740326538496908 2.7097546393724805 2.669447060027635 2.6218168342965433 2.5697892753230263 2.5161534622305544 2.4630884501970063 2.4112457634789415 2.3623522098222947 2.31716952097685 2.274627212339202 2.232039055053157 2.1844704480520027 2.1300559641752557 2.0720947520699133 2.013282095931683 1.993857983792675 2.056038133348411 2.1195076404823734 2.1811898325371355 2.2394813807607235 2.293633075207665 2.3430900464712314 2.387479150141624 2.4266666939045236 2.4607648775426476 2.4900688865188347 2.5149570383563393 2.5358008027001113 2.5528444024203485 2.56516054788805 2.5723838324967265 2.57446714602799 2.5709944065556503 2.565889134689805
2.712630608976368 2.734842113011828 2.7510627574127864 2.761933562417033 2.768076099704837 2.7709821940331265 2.7711576724107543 2.768594839967983 2.762525060283625 2.7472576066577257 2.721731751238365 2.6872291481447834 2.645622579333149 2.5990846756160013 2.54973586673839 2.4989930747769513 2.4471900041899017 2.395250204351468 2.3446614605788456 2.295032650868107 2.2444700652515563 2.1907484281947216 2.13318260549614 2.0736144100873313 2.0183048497993528 2.0011646502316904 2.0446005125272593 2.1027106248601983 2.161776773536698 2.2191334880431044 2.2732316545917497 2.3232360867147164 2.36875693328428 2.4096114180426365 2.4458022392891796 2.477473149286245 2.5048472276467812 2.5281666105865663 2.5475218220583775 2.561877733691698 2.5709609869090575 2.574375502868919 2.571295367578093 2.566472311413115
2.6824763570563785 2.706509858341325 2.7264436158982908 2.741022224486336 2.750738618851661 2.7568874586888152 2.7601960476566885 2.76076120634376 2.7582183603586574 2.74736255940931 2.7269236793863283 2.6978935569730442 2.661809558708962 2.620383132561892 2.5751432006094115 2.526681075535351 2.475835408597414 2.423176602884538 2.3697505626291697 2.3159919488765097 2.261632083209608 2.2060432662378124 2.1499363082154686 2.096694815184255 2.0549037352249195 2.0421883000750722 2.066814204253382 2.110336740171692 2.1607911144004994 2.2127815820486454 2.2637834560953287 2.3123898895955546 2.3575356509953833 2.398750794722906 2.4358644884360796 2.468856008626489 2.497797220622158 2.522802434655829 2.543732227694893 2.5594849469397865 2.5694555101852696 2.5729652833207326 2.569947691399624 2.565484053095706
2.653186538355459 2.672546248842668 2.6937635321615403 2.7120495158570255 2.7254620336067856 2.7349206465829297 2.7414778335592733 2.7452971159230035 2.7464051963586353 2.740187977272282 2.724908508784677 2.7012180218775925 2.6704340306494614 2.633889734195093 2.5922364141012655 2.546439517318396 2.4973685023422756 2.445607549817881 2.391761818789298 2.336953041370561 2.2815783959657114 2.2265664584537648 2.17355710637733 2.1260711862975876 2.0932669579831735 2.0859478778121923 2.1015894978867293 2.1333752221604287 2.1742852769617493 2.219277806392589 2.265277993234264 2.310417134727234 2.3535196739427757 2.3938329689114815 2.430854170821766 2.4642475347024124 2.493929049273084 2.5198887889835455 2.541583437098526 2.557445344962648 2.56708024814811 2.57019425045224 2.567020924468882 2.5629858310409945
2.62620584096817 2.6404082334091425 2.65689130572013 2.6748768740270026 2.6920029666909495 2.704959982276324 2.7148521795949883 2.721978757761418 2.7265980457884544 2.725275686455588 2.7152093303548273 2.6968384899333344 2.671192880060815 2.6388661667365483 2.600843436097792 2.558110503404739 2.5115048180923316 2.4616951123477886 2.409212632377034 2.3551824811631357 2.301064940020483 2.2479058013458237 2.1979600067286045 2.158576719085363 2.1356646507603934 2.1306900782185108 2.1413190772556887 2.1650472783584753 2.1978244903620556 2.2358784086494925 2.2763640820131554 2.317292276430007 2.3572976225275655 2.3954459261847183 2.4311027913877847 2.4638451167126556 2.4933807287361374 2.5191958242556045 2.5400491276485084 2.5550668317139142 2.563941514994374 2.5663755236695263 2.563313119181917 2.560227857807977
2.602477218370405 2.6115328440999446 2.623337011799689 2.6372098204597605 2.6520807098556816 2.666855599827734 2.6801331002617093 2.6905649353479477 2.698443005789437 2.702063173408922 2.6972847066050867 2.684078222006157 2.6629009496493374 2.634718742603548 2.600503131980457 2.5611712056761755 2.517555220858508 2.470400468082428 2.420403151936163 2.3683400485572923 2.316127507742864 2.2677583652884303 2.2270629223350813 2.1973973407392764 2.180995942510938 2.1763633846854433 2.183766235799731 2.201862464825187 2.2281977801570667 2.2601015996832667 2.2952340527485173 2.331748062214416 2.3682545644889705 2.403731498447368 2.4373290770892724 2.4683627174993026 2.496334704909028 2.520678870222327 2.539984394942522 2.5536869829404667 2.561428962527703 2.5628726034520657 2.560222226257615 2.5581065656461104
2.5830041569195337 2.58686742051792 2.5941511109845115 2.604411545722566 2.6161452638728604 2.6280704812494804 2.6397012625365575 2.6511712986234857 2.6618425703515234 2.6698878965462636 2.6700748071961886 2.6614547355055542 2.644715449029597 2.6207663538366424 2.5905134377328634 2.554833556053769 2.5145603261251153 2.470490301493445 2.4239306707511283 2.3772440330414835 2.3326811157902103 2.293229999810632 2.2616086436298994 2.2398176568304082 2.226482350067545 2.222337788899028 2.2276996954727046 2.2418160758986265 2.263150639700483 2.2898330789077845 2.320024172974887 2.352105653339697 2.3847337835612117 2.416823035042747 2.4475051260899416 2.476084950816525 2.502001151715226 2.524205482085771 2.5415002163354266 2.5534394141088907 2.5596195916744184 2.5597485672167686 2.557950292599595 2.5567958358918874
2.5690342364817536 2.5675676551891575 2.5702936679145183 2.5778187742331786 2.586813598522286 2.596157083792093 2.605256617788418 2.6143792785793254 2.6231446451417217 2.631045427754492 2.6342258823224474 2.629388515665547 2.6168106598185057 2.597195207257345 2.5714152726981236 2.540499994279462 2.505623217089905 2.4681006614692316 2.4293992540030898 2.391163030999793 2.355471516051001 2.32452409598269 2.300479001987624 2.2823799407771963 2.270994248533572 2.2671591296931743 2.271077248959667 2.2822633750539905 2.299679394029687 2.3219746499160894 2.347717515058526 2.3755526654398307 2.4042785316813498 2.4328686237635218 2.4604624419953405 2.486343527830415 2.5097796958433345 2.529306916287842 2.5442115164794328 2.554006797384454 2.5582503863255113 2.5575365415311397 2.556668715169649 2.556443311966421
2.5621287489417566 2.5563597413981456 2.555063599681544 2.559386716551822 2.5653004089702502 2.5718597869392212 2.578469605747846 2.584850806575663 2.5913389411775265 2.5975934237267118 2.6022637304531653 2.600270758702447 2.591339397674015 2.5761521494123523 2.5555465034648615 2.5305071073306205 2.5021590638357445 2.471765215725088 2.440728419608313 2.410601025388982 2.383318154437884 2.3600742628397557 2.3399988864588512 2.324311581659366 2.3143421784297096 2.3106748172032847 2.3134429890900874 2.322309918380738 2.3365384284100856 2.355126324149113 2.376952978940596 2.400896706541454 2.4259088272446827 2.45104940440154 2.4754966009674835 2.4985366817443944 2.5188903774484848 2.5354621134590647 2.547675542300168 2.555012313126157 2.5570005059661414 2.5565010661325647 2.556443311966421 2.556443311966421
2.561985359354323 2.5539171417489013 2.5495108532397146 2.5491345471900306 2.5512367370289453 2.5546509870740213 2.5586749806624107 2.562809034702117 2.567084865106496 2.5717225399411525 2.5764104797648453 2.5773931886940975 2.5721833826953358 2.5614450250185365 2.545983118872433 2.5267386801705505 2.5047834612298696 2.4813155722971967 2.45765569021752 2.435235771681988 2.414254145940137 2.394908429199507 2.378200059113978 2.365075414162169 2.3563322224223673 2.3527353188692226 2.3545429248858016 2.3615069494328838 2.373080956954298 2.3885003037361647 2.406876445174089 2.4272814448690037 2.448810049874673 2.4706175364537484 2.491937692848007 2.5117500176163348 2.528703082460212 2.542121359332392 2.551412236023083 2.556036829898736 2.556443311966421 2.556443311966421 2.556443311966421 2.556443311966421
2.5628040939562493 2.555509977195394 2.5497279800590142 2.5458124252565995 2.54437361537475 2.5447594497635158 2.5463002904698273 2.548504480361824 2.551019402488344 2.5540826752724404 2.5577536798918565 2.560798573853318 2.5593592781330465 2.55306416170732 2.5426857861617385 2.5291204692279803 2.5133828958641575 2.4965997725105993 2.479226299731907 2.461279787895889 2.443825300656183 2.4277895297418026 2.4140026095009826 2.4032248969171337 2.3960803504814265 2.3929924956645072 2.394139013783232 2.3994976556066483 2.408811677275302 2.42148564644547 2.436803836087186 2.453994150093865 2.472277349503286 2.4909016138846587 2.5089730070635183 2.5251257952098096 2.5385934536839536 2.5487240633115964 2.554886450409288 2.556443311966421 2.556443311966421 2.556443311966421 2.556443311966421 2.556443311966421
2.5632440066358964 2.556691515871577 2.5513069655422704 2.547220143515075 2.5443513319904882 2.542534538608277 2.541781877520266 2.542183625815372 2.543427645216211 2.5452970472009087 2.5479344977071374 2.5508204618675365 2.552856870481035 2.550978208791122 2.5456017309153567 2.537423411014906 2.5267033491774984 2.514014396550894 2.500001135166718 2.4853885251683887 2.4711617745168115 2.458094319517238 2.4468829340532765 2.4381508354793704 2.432401183367287 2.429974373505679 2.431018335119534 2.4354787690828914 2.4431111442646 2.4535105076237724 2.4661513396228614 2.480429062530319 2.4956968106417716 2.5111389091005574 2.525474864691604 2.537892076461541 2.5476561561334834 2.5540635542579007 2.556441056219846 2.556443311966421 2.556443311966421 2.556443311966421 2.556443311966421 2.556443311966421
2.563216482903045 2.5573468482330557 2.552401972203344 2.5485006514148547 2.545646332744988 2.543774153091044 2.542807555828303 2.5426885456372146 2.5433837820204657 2.5448804754949435 2.5468934730484056 2.5490566772825916 2.5515594453826047 2.5531172504939956 2.551210072030051 2.5462273653534266 2.5387121774608215 2.529236505924149 2.5183983978832285 2.5069100609472397 2.495654151723593 2.485276020413965 2.476367971909494 2.4694501617374893 2.46493747801755 2.4631101599253085 2.4640936329915 2.46785155795336 2.474193195524602 2.4827929662661363 2.493217774001174 2.504956959743092 2.5172437883734244 2.529001446115683 2.539498965855426 2.548024532169031 2.553882029005266 2.5563954324797766 2.556443311966421 2.556443311966421 2.556443311966421 2.556443311966421 2.556443311966421 2.556443311966421
2.5627730994649074 2.557559734071646 2.5530911696844925 2.5494842653373144 2.546782672339401 2.5449785702956906 2.544042213965174 2.543943758518446 2.544663343828581 2.5461892858413178 2.548015859750745 2.549755862548706 2.5514192491984637 2.553249726232724 2.5542960633765297 2.552427546828387 2.5480274871529 2.5416331254280493 2.533796647866811 2.5252605672671606 2.5167565463336308 2.508838779633076 2.502016960469183 2.496732334198902 2.493333636144712 2.4920563078432223 2.4930083635846305 2.4961653083781132 2.5013748032871623 2.508369890408195 2.5167758477790865 2.5258123330506375 2.534744668460344 2.5429306077745832 2.549711833083809 2.554426518693142 2.5564181094609024 2.556443311966421 2.556443311966421 2.556443311966421 2.556443311966421 2.556443311966421 2.556443311966421 2.556443311966421
2.5620113598618195 2.557432905754668 2.5534636037057186 2.550219031939727 2.5477639958559566 2.5461239919116614 2.545301692960693 2.545291518694519 2.5460888680676717 2.5476090436289978 2.549225413561448 2.5507707645469053 2.5522013429977997 2.5534782834080914 2.554624414295084 2.5554383157368425 2.5540587639024257 2.5506169938581897 2.5456476832218575 2.539906530422861 2.5339680524566575 2.5283214822898463 2.523410474816094 2.5196147864043565 2.5172324558535837 2.5164647335644603 2.5174058976689437 2.5200394534367474 2.5242405702699657 2.529602816001588 2.5355981034139132 2.5417385116441027 2.5474817397526004 2.5522479554102726 2.5554341985740447 2.556443311966421 2.556443311966421 2.556443311966421 2.556443311966421 2.556443311966421 2.556443311966421 2.556443311966421 2.556443311966421 2.556443311966421
2.5610381021820476 2.557071071539376 2.553610922909827 2.550770442979375 2.5486254420971868 2.5472212096504445 2.546582216888684 2.5467217296615745 2.5476490991611436 2.549062910034179 2.550469114019448 2.5518148935320166 2.5530568135996825 2.5541555984002904 2.5550753772892123 2.555783012896929 2.5562475400117077 2.555635936342598 2.5534472614286208 2.55035186178891 2.546820091194075 2.5432872498949175 2.540143605384015 2.537720213397652 2.5362754840240473 2.5359840087435583 2.5368897708490956 2.5388501661639293 2.541674414996526 2.5450807456729816 2.5487053367301873 2.552116208935517 2.5548276542156168 2.5563140069765837 2.556443311966421 2.556443311966421 2.556443311966421 2.556443311966421 2.556443311966421 2.556443311966421 2.556443311966421 2.556443311966421 2.556443311966421 2.556443311966421
2.5599554802405056 2.5565737453103794 2.5536225309629152 2.5512101837309427 2.5494174794325253 2.548301275258112 2.5479003908950646 2.54824196422452 2.549287438043283 2.5504967605513125 2.5516971630499095 2.5528430294433204 2.553892292232764 2.5548061674398115 2.555548743813951 2.5560865419380874 2.556388101164086 2.556443311966421 2.556443311966421 2.555963306885348 2.5547465295434435 2.5532002383356147 2.5516732165502747 2.550444000497547 2.549711002088771 2.549584927035542 2.5500843398305193 2.5511349053874985 2.552572400254872 2.554149128429779 2.55554300002088 2.556368309595262 2.556443311966421 2.556443311966421 2.556443311966421 2.556443311966421 2.556443311966421 2.556443311966421 2.556443311966421 2.556443311966421 2.556443311966421 2.556443311966421 2.556443311966421 2.556443311966421
2.5588563127574164 2.5560324346157577 2.5535829752297476 2.5516106633362288 2.5501974804700573 2.5494066149977432 2.549286040087344 2.549872695047661 2.5508504635200553 2.5518621911470585 2.552863561642687 2.5538121837733403 2.5546680116064984 2.5553934084204912 2.5559530086328794 2.5563134835610897 2.5564432761698552 2.556443311966421 2.556443311966421 2.556443311966421 2.556443311966421 2.556443311966421 2.5563770548735345 2.5561810361071986 2.5560187563569854 2.5559879848459848 2.556105094635928 2.5563044872985166 2.556440880862829 2.556443311966421 2.556443311966421 2.556443311966421 2.556443311966421 2.556443311966421 2.556443311966421 2.556443311966421 2.556443311966421 2.556443311966421 2.556443311966421 2.556443311966421 2.556443311966421 2.556443311966421 2.556443311966421 2.556443311966421
2.557823411150223 2.555530057866639 2.553570847105274 2.552042260394227 2.5510251461579996 2.550585613782551 2.550777160475711 2.551489292023674 2.5522903205174754 2.55311584738402 2.553926062974546 2.554681929176931 2.5553457610671146 2.5558814933783807 2.556254737484023 2.556432712726194 2.556443311966421 2.556443311966421 2.556443311966421 2.556443311966421 2.556443311966421 2.556443311966421 2.556443311966421 2.556443311966421 2.556443311966421 2.556443311966421 2.556443311966421 2.556443311966421 2.556443311966421 2.556443311966421 2.556443311966421 2.556443311966421 2.556443311966421 2.556443311966421 2.556443311966421 2.556443311966421 2.556443311966421 2.556443311966421 2.556443311966421 2.556443311966421 2.556443311966421 2.556443311966421 2.556443311966421 2.556443311966421
