_RESULTS/CROSS_VALIDATION_POSTPROCESSED_80-20/Berg/GZ/6comp/1/Berg_GZ_z_250_kriged_reverse_6comp_spherical_1.asc
ncols 100
nrows 90
xllcorner 5.6208707817415728
yllcorner 50.959635321741573
cellsize 0.00013419651685393446
nodata_value 1.7014100000000001E+038
[rows 0 to 18 of 90, columns 0 to 43 of 100]
29.051478977603512 29.051478977603512 29.051478977603512 29.051478977603512 29.051478977603512 29.051478977603512 29.051478977603512 29.051478977603512 29.051478977603512 29.051478977603512 29.051478977603512 29.051478977603512 29.051478977603512 29.051478977603512 29.051478977603512 29.051478977603512 29.051478977603512 29.051478977603512 29.051478977603512 29.051478977603512 29.051478977603512 29.051478977603512 29.051478977603512 29.051478977603512 29.051478977603512 29.051478977603512 29.051478977603512 29.07097475201596 29.203393545552693 29.47487739548019 29.886745852014535 30.417880924736597 31.047704774292562 31.752540506913263 32.46393250179157 33.16061679216325 33.841255255154216 34.50365804717767 35.14357459456721 35.75321972560198 36.31982708968833 36.8248955702078 37.24525692765972 37.55718587569594
29.051478977603512 29.051478977603512 29.051478977603512 29.051478977603512 29.051478977603512 29.051478977603512 29.051478977603512 29.051478977603512 29.051478977603512 29.051478977603512 29.051478977603512 29.051478977603512 29.051478977603512 29.051478977603512 29.051478977603512 29.051478977603512 29.051478977603512 29.051478977603512 29.051478977603512 29.051478977603512 29.051478977603512 29.051478977603512 29.051478977603512 29.051478977603512 29.051478977603512 29.051478977603512 29.051478977603512 29.120099698475588 29.367849623253722 29.774174503124307 30.31670447273792 30.973563063044256 31.6918721515294 32.39617660039894 33.08357675233016 33.754438109802926 34.40975713692773 35.050172981104645 35.67441756361538 36.27715032821339 36.846308853994 37.36060418504591 37.78881940279242 38.09385514586966
29.051478977603512 29.051478977603512 29.051478977603512 29.051478977603512 29.051478977603512 29.051478977603512 29.051478977603512 29.051478977603512 29.051478977603512 29.051478977603512 29.051478977603512 29.051478977603512 29.051478977603512 29.051478977603512 29.051478977603512 29.051478977603512 29.051478977603512 29.051478977603512 29.051478977603512 29.051478977603512 29.051478977603512 29.051478977603512 29.051478977603512 29.051478977603512 29.051478977603512 29.055613454428205 29.120858259543503 29.326073180177342 29.710535279592133 30.250601061820664 30.922922708552164 31.63987225566546 32.3361809367003 33.01012945993171 33.662047651393536 34.29427592080359 34.91073971857221 35.51597119533337 36.11337621703938 36.70250430840129 37.27508532840401 37.80988325977949 38.26770169681748 38.591452305047596
29.051478977603512 29.051478977603512 29.051478977603512 29.051478977603512 29.051478977603512 29.051478977603512 29.051478977603512 29.051478977603512 29.051478977603512 29.051478977603512 29.051478977603512 29.051478977603512 29.051478977603512 29.051478977603512 29.051478977603512 29.051478977603512 29.051478977603512 29.051478977603512 29.051478977603512 29.051478977603512 29.051478977603512 29.051478977603512 29.051478977603512 29.051478977603512 29.065346207112714 29.165127623456666 29.348931378542243 29.690890538003394 30.210554186857568 30.88284599975621 31.600520519926235 32.2929530926043 32.956154985159344 33.58854186273369 34.19138118691516 34.76900139931979 35.328601450751506 35.87946300736129 36.43131154192724 36.99145461571086 37.56007408720144 38.12261830789639 38.63805884047604 39.025072141855944
29.051478977603512 29.051478977603512 29.051478977603512 29.051478977603512 29.051478977603512 29.051478977603512 29.051478977603512 29.051478977603512 29.051478977603512 29.051478977603512 29.051478977603512 29.051478977603512 29.051478977603512 29.051478977603512 29.051478977603512 29.051478977603512 29.051478977603512 29.051478977603512 29.051478977603512 29.051478977603512 29.051478977603512 29.051478977603512 29.051478977603512 29.069329283081117 29.190472995742063 29.41038285288599 29.717683452957466 30.194162602857638 30.847664015413002 31.57182757010987 32.26796965719421 32.928978825111976 33.54990046247615 34.12873170246958 34.66717289676247 35.17117713521564 35.6511115368277 36.12131567238366 36.59881449154022 37.10086319909943 37.64071949258222 38.22013679478806 38.81428486366209 39.33673151496575
29.051478977603512 29.051478977603512 29.051478977603512 29.051478977603512 29.051478977603512 29.051478977603512 29.051478977603512 29.051478977603512 29.051478977603512 29.051478977603512 29.051478977603512 29.051478977603512 29.051478977603512 29.051478977603512 29.051478977603512 29.051478977603512 29.051478977603512 29.051478977603512 29.051478977603512 29.051478977603512 29.051478977603512 29.051478977603512 29.063943415478278 29.188153500841096 29.430848180699765 29.773476699376072 30.207009281754427 30.815803249910502 31.546517067031676 32.25474277057773 32.92512637448225 33.548693876947766 34.11877439200258 34.6320929092879 35.08989511141842 35.49892999512817 35.87205584024922 36.228208551635696 36.591494492294224 36.98922651882239 37.448733126124594 37.99251456779116 38.629993077145464 39.33632270522847
29.051478977603512 29.051478977603512 29.051478977603512 29.051478977603512 29.051478977603512 29.051478977603512 29.051478977603512 29.051478977603512 29.051478977603512 29.051478977603512 29.051478977603512 29.051478977603512 29.051478977603512 29.051478977603512 29.051478977603512 29.051478977603512 29.051478977603512 29.051478977603512 29.051478977603512 29.051478977603512 29.051478977603512 29.054197947030826 29.158925296527066 29.402783737908734 29.767922839947353 30.235745748944982 30.796862244437833 31.514535927154824 32.2410141836912 32.93159035807968 33.57359179363986 34.155432960814984 34.66775137714125 35.104814870960276 35.466101372294446 35.75783650488025 35.994155142708216 36.19748421318681 36.39777719111435 36.63037126097806 36.932404763508686 37.337701496195336 37.869039698928944 38.51936454633958
29.051478977603512 29.051478977603512 29.051478977603512 29.051478977603512 29.051478977603512 29.051478977603512 29.051478977603512 29.051478977603512 29.051478977603512 29.051478977603512 29.051478977603512 29.051478977603512 29.051478977603512 29.051478977603512 29.051478977603512 29.051478977603512 29.051478977603512 29.051478977603512 29.051478977603512 29.051478977603512 29.051478977603512 29.112821335634624 29.332155228534663 29.694493647553465 30.182400593133796 30.777328740144867 31.466588048825724 32.212830139425684 32.930062109350274 33.60308794706059 34.21637470813994 34.754903540718686 35.205436266418225 35.558249642159616 35.809278975518296 35.96241739863352 36.031471665567054 36.04108087784837 36.025878719197266 36.02733321224735 36.08779738674487 36.2406635181991 36.49199129981543 36.77508690060864
29.051478977603512 29.051478977603512 29.051478977603512 29.051478977603512 29.051478977603512 29.051478977603512 29.051478977603512 29.051478977603512 29.051478977603512 29.051478977603512 29.051478977603512 29.051478977603512 29.051478977603512 29.051478977603512 29.051478977603512 29.051478977603512 29.051478977603512 29.051478977603512 29.051478977603512 29.051478977603512 29.068476688504774 29.23475828847958 29.56532463093936 30.04403339073028 30.65399266510888 31.376841187197048 32.159238921405695 32.90282214882525 33.61228439845079 34.2700025414013 34.85716714928832 35.35450597329206 35.743566293227815 36.00874207582383 36.14011336839735 36.13685895382929 36.01052343638855 35.786956535916275 35.50559670105524 35.21506104788832 34.96439784013817 34.78919270169029 34.69060080290024 34.606889723983315
29.051478977603512 29.051478977603512 29.051478977603512 29.051478977603512 29.051478977603512 29.051478977603512 29.051478977603512 29.051478977603512 29.051478977603512 29.051478977603512 29.051478977603512 29.051478977603512 29.051478977603512 29.051478977603512 29.051478977603512 29.051478977603512 29.051478977603512 29.051478977603512 29.051478977603512 29.051478977603512 29.135051515707115 29.402726085636104 29.83997656230162 30.431576781169127 31.16132515747004 32.01121775446186 32.83846914065776 33.58069347095201 34.285241241094106 34.93215023171826 35.499148930056926 35.962049673949956 36.29581632959204 36.47672549525118 36.48599187973551 36.31481658423264 35.96992931076506 35.47764910216406 34.88407156676941 34.24973233212055 33.644139482972214 33.12771548775916 32.71290485137172 32.36657284180232
29.051478977603512 29.051478977603512 29.051478977603512 29.051478977603512 29.051478977603512 29.051478977603512 29.051478977603512 29.051478977603512 29.051478977603512 29.051478977603512 29.051478977603512 29.051478977603512 29.051478977603512 29.051478977603512 29.051478977603512 29.051478977603512 29.051478977603512 29.051478977603512 29.051478977603512 29.06457571044136 29.2374209357299 29.599738688207548 30.137611353561716 30.836834424922426 31.682044153082238 32.638485709521184 33.49669935813404 34.241040512802556 34.944504406752976 35.5870769322577 36.143258954472046 36.583703888964585 36.875659105657526 36.98482358862448 36.8796080526428 36.538432555912394 35.95917329259097 35.167461913659544 34.23149533735101 33.24710094678262 32.29467310184886 31.446367656155306 30.746620068682667 30.198338450874257
29.051478977603512 29.051478977603512 29.051478977603512 29.051478977603512 29.051478977603512 29.051478977603512 29.051478977603512 29.051478977603512 29.051478977603512 29.051478977603512 29.051478977603512 29.051478977603512 29.051478977603512 29.051478977603512 29.051478977603512 29.051478977603512 29.051478977603512 29.051478977603512 29.051478977603512 29.106495963428358 29.36058027336262 29.809315348493655 30.43994376635002 31.23935794591372 32.19315796166203 33.223424198359005 34.11897192055059 34.876346823607825 35.582704848663674 36.228519933627894 36.785938462290815 37.22101899881169 37.49291955147827 37.55450248458481 37.35636797214403 36.85671655603861 36.042213183603366 34.9684878833397 33.701216753406 32.33771938791257 30.997252471883147 29.79720485929714 28.826283567736315 28.12014982306928
29.051478977603512 29.051478977603512 29.051478977603512 29.051478977603512 29.051478977603512 29.051478977603512 29.051478977603512 29.051478977603512 29.051478977603512 29.051478977603512 29.051478977603512 29.051478977603512 29.051478977603512 29.051478977603512 29.051478977603512 29.051478977603512 29.051478977603512 29.051478977603512 29.051502179533063 29.1650323641233 29.490507701664274 30.01580582706505 30.729313687739694 31.619045000063473 32.67164042141839 33.75325902960336 34.69043860252563 35.47671242654376 36.18879470853072 36.844910628785094 37.41652536649218 37.86694310831689 38.14852190986977 38.20038363537102 37.949741838263684 37.340523346982096 36.361864936362515 35.01276065113444 33.36699107775402 31.564769443516383 29.780552220561766 28.19377381165008 26.95357796970371 26.130239271161628
29.051478977603512 29.051478977603512 29.051478977603512 29.051478977603512 29.051478977603512 29.051478977603512 29.051478977603512 29.051478977603512 29.051478977603512 29.051478977603512 29.051478977603512 29.051478977603512 29.051478977603512 29.051478977603512 29.051478977603512 29.051478977603512 29.051478977603512 29.051478977603512 29.05884436527575 29.22880071233722 29.614489111172677 30.204816034101796 30.989233800755745 31.95683161622554 33.09361239497415 34.21409401472772 35.19458935034726 36.027982594778045 36.74789714814666 37.41843086474369 38.01485602081595 38.50113146222287 38.826940885162635 38.92001215973853 38.699704385725084 38.08609900188558 36.965017624290795 35.30929963297937 33.224175700282586 30.911872806536756 28.61313011519224 26.582246284053753 25.061589764671698 24.182950893853278
29.051478977603512 29.051478977603512 29.051478977603512 29.051478977603512 29.051478977603512 29.051478977603512 29.05148550654073 29.05178507374463 29.05211788439101 29.052147339421207 29.051848404408194 29.05150834107782 29.051478977603512 29.051478977603512 29.051478977603512 29.051478977603512 29.051478977603512 29.051478977603512 29.073556639679882 29.288034468512652 29.72149098240215 30.363702040713715 31.205035830540968 32.23552818667303 33.4352015711332 34.591752644371226 35.61405276826781 36.496970226199906 37.24220483765187 37.92543056000227 38.55028487098094 39.083835405806404 39.46558941809058 39.652881534527104 39.58494080680177 39.06754879302773 37.86856585098351 35.89127305538961 33.30653553918983 30.42290449023119 27.542677229828467 24.975058088162232 23.109498399599165 22.25110743588082
29.051478977603512 29.051478977603512 29.051478977603512 29.05334924518554 29.05792068810599 29.063638576346996 29.069194161376483 29.073561234928157 29.076026988333886 29.076214763574683 29.074096523123043 29.06999379073007 29.06456696741198 29.058794096770214 29.053941127130926 29.051526335456774 29.051478977603512 29.051478977603512 29.088628429273676 29.334869495309057 29.802545639868903 30.482085772214035 31.36455509413278 32.440722432463446 33.68461437167682 34.87289747929914 35.9320964640298 36.85898096835732 37.65093363629286 38.339110618509466 38.967309363562194 39.506489834534484 39.94976705513106 40.31907239133397 40.50914862169126 40.27155808025061 39.1354301720076 36.7927591074694 33.632407132906714 30.170730398109413 26.721581175107474 23.531951130430333 21.107372436665113 20.435412134341885
29.05161894358368 29.056430509361935 29.066475950103566 29.079648363902027 29.094009155866623 29.107834832688823 29.119664971829508 29.128347918966995 29.13308028712636 29.133436399534546 29.129384537629694 29.12128816998435 29.10989202155281 29.09629455543857 29.08190983180596 29.0684225313162 29.05774009971743 29.051945565957304 29.099011558184333 29.363605445266938 29.85110705278382 30.552335562304624 31.458776317247462 32.56164489517466 33.832800192335064 35.04627640564405 36.134412286997545 37.09532942535242 37.92583686218396 38.599087361092614 39.175638415641295 39.692530766804374 40.21706467030432 40.74840870714303 41.23428002662725 41.517987417436174 40.80188147331502 37.86706028316708 34.071659525240804 30.1827365452526 26.399338730787935 22.81700014743133 19.497456061306533 19.383566052412444
29.067831463332837 29.08697808895938 29.110230365523133 29.135279672021852 29.15998125343237 29.182411011410657 29.20092529289383 29.214219127220414 29.221377464808167 29.221913871972788 29.21579205846897 29.20342751062709 29.18566901878456 29.163762452822024 29.139301166067888 29.11416849671142 29.09047789119762 29.070515381818623 29.106982642857393 29.37091354494672 29.863334843001432 30.569952478919664 31.482357798994364 32.591879830824794 33.87328515313271 35.103873513820126 36.210837240373756 37.187386242337425 37.999156075091086 38.64760329315387 39.1511120403246 39.63402145841777 40.16979177170774 40.74371833804107 41.33856082532532 41.92888460681586 42.055008482355156 38.292518878879264 34.27279557431176 30.366678534187496 26.690746106692814 23.405110335680536 20.96717592227517 20.286317449400475
29.10923733323476 29.14330954020457 29.180408315500777 29.217993027622047 29.253676564713405 29.28529434271442 29.310979303453834 29.329236937102486 29.339012712018043 29.339743804635226 29.33138816275746 29.31442671841132 29.289838423972675 29.259051729186936 29.223879123553566 29.186442785643795 29.14909912848368 29.114368521561573 29.129588958827156 29.36781982912765 29.83911679536665 30.53381113450908 31.433960231022724 32.52981465434329 33.80272786497195 35.041718216733415 36.151674895635914 37.090393638513866 37.85448812508841 38.45207119253352 38.90462728842359 39.32458966997476 39.776264425620774 40.232808494128506 40.6239275742061 40.743388244418014 39.89787465143487 37.36590078262745 34.005194330198485 30.5599565197691 27.346860948042057 24.620304713751054 22.710925077530856 21.87031012559992
