_RESULTS/CROSS_VALIDATION_POSTPROCESSED_CLR/MHZ/TZ/1comp/1/MHZ_TZ_z_355_kriged_reverse_1comp_spherical_1.asc
ncols 100
nrows 81
xllcorner 5.5967107548124995
yllcorner 50.982328804812504
cellsize 0.00017565037499993607
nodata_value 1.7014100000000001E+038
[rows 38 to 56 of 81, columns 0 to 42 of 100]
1.0874912614271288 1.0989156705910463 1.1140466784850762 1.130665948094995 1.1480282438003822 1.1655668775033199 1.1826714860782879 1.1986365573633626 1.212551166886012 1.2236123558645258 1.2316371553083556 1.2367503456192548 1.2396215681921101 1.2415903279727087 1.2430371489034293 1.2445044206006723 1.2460498926267645 1.2473119443558558 1.247434027321057 1.2457167399448925 1.2423896313714897 1.238420616302297 1.2343562270356174 1.2302780176006654 1.2260221489439096 1.2213145083691503 1.2155570189395082 1.2074452577519714 1.1966705312952286 1.1829184769645005 1.166218775352689 1.147342514271099 1.1282225624828313 1.1097886911834993 1.0945354214930538 1.0887037643231785 1.0874153728866984 1.08494442102417 1.080657764838561 1.0746160083860132 1.0669800839285015 1.0579318247552911 1.0478989173234636
1.0818894741682539 1.0961442451028216 1.1128370907375011 1.1307196138920461 1.1494105319980967 1.1683926687616222 1.1869658074443448 1.2043492929510278 1.2196599235396999 1.231956893709012 1.240533041632334 1.2456024508007175 1.24777545416705 1.2484845006812022 1.2484767819383715 1.2479787546479584 1.2473369087541497 1.2463309692194893 1.2450041980311242 1.242733278167624 1.2395130050572036 1.2357034780811322 1.2316185827398083 1.2273627391085564 1.2228652383188392 1.217955880643776 1.21232896188637 1.2047225608444616 1.194683522623456 1.1821488598964527 1.1674008238534328 1.1519392612901243 1.1368199556635987 1.1232480936808968 1.113374331741461 1.107479208649814 1.1041821792970916 1.1007688396337172 1.096103038332736 1.0898483328902384 1.0819516859472453 1.0724569861866469 1.062872898287457
1.0867722405212046 1.0982794076435531 1.1139303567327459 1.131878502761237 1.1512517464843137 1.1712895577517362 1.1912351774470709 1.2101587402734884 1.22680876912287 1.2398107243141403 1.2484225076781372 1.2528522700392881 1.2540640740795541 1.2531806090671835 1.2515197941026621 1.2492488922967877 1.2464812224587971 1.2437919174242738 1.241436703636947 1.238693649516219 1.235437849446694 1.2316520863525566 1.2275316617888699 1.223253590700959 1.2188552402124209 1.2142597684915881 1.2092950991777707 1.2028147951336892 1.1941315593599544 1.1833964215643098 1.171477738522003 1.1597967229765238 1.1487820526858865 1.1394632706234475 1.1330054754519732 1.1281892335515822 1.1242970207820215 1.1201959833988215 1.1151356421143768 1.1086968811783136 1.1006804471480571 1.091252796819102 1.0828590381989305
1.0904246957150696 1.1012844007849256 1.1159204186944 1.1333925187015732 1.1529290329780615 1.1736702032545847 1.1948693712928093 1.2155519001448638 1.2340900260793168 1.2479306542267368 1.2554421969815466 1.2580344927375802 1.2577274018304931 1.2554357227027875 1.2520567980459538 1.2481617919057066 1.2436802273151668 1.2397097729572335 1.2362667592226573 1.2324274760457712 1.2281727496480188 1.223723800792363 1.2192951868919428 1.2150339799577823 1.2109920180020073 1.2071279360700538 1.2033571003233994 1.1989350495944917 1.1930171905450946 1.1855513532040114 1.17774260010381 1.1700007817071798 1.162652345757522 1.1568282944374473 1.1530426643646108 1.1496369046503523 1.1460258006474873 1.1418571261531636 1.1367689301246027 1.1304424669393036 1.1226375041548404 1.114257181302214 1.1069535207406958
1.0927181692272923 1.1033316535862263 1.1173918630158728 1.134314636743483 1.1536630028164445 1.1747183289284027 1.1968354826778034 1.2192822801280456 1.2406828340735705 1.2565132870985412 1.26137458600788 1.260797388714021 1.25833404200271 1.254685523534391 1.2499174171882719 1.2445375188796894 1.2386335773952009 1.232375628834009 1.2267991821964626 1.2214705636123824 1.21618058093487 1.2111315025941565 1.2065102671110324 1.2024646709820968 1.199141100541964 1.196591532024783 1.1947915510905533 1.192985920531781 1.1901344386834012 1.1865145755621997 1.1832068433341563 1.1800946053523602 1.1772027238343317 1.1747853647772832 1.1731947566844485 1.1712204298064632 1.1683608663737854 1.1646540622266424 1.1600070750810088 1.1542337982467057 1.1471220822662562 1.1403075523444177 1.1342584025172133
1.0935747238194755 1.1039296049401441 1.1175501764716345 1.1339385294691215 1.1528073542282087 1.1736556429012095 1.1959013950287032 1.21903455372561 1.2426078574708208 1.2650281453377792 1.2624278661017343 1.2593507226937504 1.255624489931133 1.2510822774042731 1.2455150210711452 1.2378674307460078 1.229297019157973 1.2205381674110856 1.2128157852326924 1.2061129358438818 1.1999124382454778 1.1944368666315106 1.1899034565875288 1.186495202262448 1.1843412061989602 1.183502171259547 1.1839611253513 1.184986462369076 1.1854464218766592 1.1861103515516611 1.1873563340484796 1.1887621480227168 1.190136393352301 1.1915902368584954 1.1932507184654655 1.1928145679786648 1.1907706055889935 1.1878052442042302 1.1839843587756749 1.17922153827862 1.1733145564546978 1.1681473782819398 1.163880768197184
1.092982046721052 1.1029329002753243 1.1160867314911664 1.1319529779573279 1.150072386976915 1.170145673602177 1.1914769751371126 1.2132600247990275 1.2340554589304766 1.2492959546014157 1.2535572269877542 1.252319369019437 1.2491167538146999 1.244459336834601 1.2371886770366658 1.2274690910112924 1.2165864451500445 1.2055863624456453 1.195758051364255 1.1876502110935032 1.180635987857492 1.1748325909362711 1.1704809562675618 1.1677871438765322 1.1669058313445027 1.1679221076182247 1.1708336573222118 1.174859939314427 1.178974936272543 1.1841582713319276 1.1900833540503655 1.1959668345109815 1.2013198168729213 1.2061939142548321 1.2108996266972483 1.2134246676671316 1.2130408330641997 1.2110465917915347 1.2083832183564167 1.2048387240159333 1.2002344196826462 1.1971448694739175 1.195224601387807
1.090965766417898 1.100338606036253 1.1129598059269283 1.128280998246567 1.145607812625723 1.1645086293346265 1.1842350314500993 1.203654671004626 1.2210187420776866 1.233690783279641 1.2399821096934376 1.2412575511924397 1.2393015858595124 1.233645719950125 1.2247079180665315 1.2132977488715906 1.20080534406619 1.1880727271864198 1.1762478145904158 1.1665601374098238 1.1587667735987783 1.1526488466401854 1.1484823737826282 1.1465112157769288 1.1469301084559274 1.1498613057732399 1.1553307482008297 1.1624452393467979 1.1704979799765758 1.1804134557937078 1.1913044494386453 1.2017819405110235 1.2108067036342696 1.2185045038614564 1.225454324572527 1.230851935289305 1.2334648836876085 1.2335123529470768 1.2319728069943954 1.2294405674751925 1.2265595792512012 1.2259227782006836 1.2269061606669103
1.0875233751390234 1.0961259810127475 1.1082093183992885 1.123063849868757 1.139763643179418 1.1574234940280181 1.1754047642009409 1.192599316496245 1.2076009654205995 1.2189300580150035 1.2257818398455054 1.2284248032133203 1.2261201111732452 1.2193508169729 1.2089521058994608 1.1960001932022084 1.1820080177112515 1.1680321579561477 1.1547617555945806 1.1434008550774617 1.1346813294922082 1.1282162934108881 1.1241780084380417 1.1228633458306607 1.1245234366198857 1.129329676691459 1.1373259873406139 1.1474845258212782 1.1595554313596868 1.1743941220536782 1.1907900858837328 1.2063561566577192 1.2186095480376826 1.2280310584408973 1.2364742030622737 1.2444359466207344 1.25005030140213 1.2529478471976927 1.2529787996596011 1.2516901180206783 1.2507178545085682 1.2527231647920145 1.2571041882915481
1.0828596547601674 1.09045308974696 1.1021481244524023 1.1168088910382266 1.1330691194375404 1.149809751150673 1.1662057463454953 1.181569694979337 1.1948819025163313 1.2052261776820221 1.212100641428481 1.2141596822802592 1.2107641696311284 1.20275931082612 1.1909016120060387 1.1763856929194791 1.1609726745378175 1.1456156576224221 1.1310189686639722 1.1184940687846663 1.1087984600869911 1.1019507326302946 1.0979066087621578 1.0970951795811934 1.0998447712675286 1.1063821690300717 1.116700215173448 1.1296723938170832 1.1454915243811707 1.1650835648321471 1.187543270477273 1.2098257967876642 1.2241405460155033 1.2335896788657719 1.2430864010285054 1.2530323074288947 1.26128291675149 1.2669991041053283 1.2699587992588848 1.270301955544208 1.2710774579594308 1.2754737361576964 1.2831126851567027
1.0773813510010648 1.0835553972269696 1.0954201445362772 1.1103920769414064 1.1263998578179055 1.1423787189789447 1.1575633940933412 1.17137174514575 1.183312572761625 1.1927725532383164 1.198767734181291 1.1991924413806654 1.1943685017279395 1.1849314962077955 1.1715255442937549 1.1554453563907996 1.1385837183507612 1.1216222952312571 1.1053998557202678 1.0916125835896011 1.0810360412458615 1.0737880355311986 1.0698570234469882 1.069471716915535 1.0731322866451238 1.0811783935377222 1.0934560201752774 1.108832408281083 1.1277020909040065 1.15096469118479 1.1780663455004186 1.2080639894003502 1.2223731597381413 1.2322285277671219 1.2433067915884375 1.2551920105724739 1.2664825684230532 1.2752358263463788 1.2812049365511358 1.2841888000700445 1.2861952199085742 1.292068603590776 1.3008746076353157
1.0724256833798191 1.0758082069205006 1.0896403686171965 1.1051611662980143 1.1207333611418886 1.1358124507754024 1.149898105885717 1.1624813839393342 1.1731655823407006 1.1816806814692624 1.1856980604919947 1.1842743697989 1.1777976946183284 1.166764721370214 1.1517432200382838 1.1342368125394282 1.1158431624633738 1.097138998924825 1.0787536454824866 1.0636959046902563 1.0520408548608673 1.0436924613512606 1.0393609615599444 1.0392668869014674 1.0437883811432447 1.0533040803011975 1.067225657020391 1.084610881010612 1.1056583509334654 1.1309132095290868 1.158919429070774 1.1861360576954074 1.2067364494009272 1.222525354965155 1.2373625249441431 1.2520605890395236 1.2663888988524257 1.2783620248127974 1.2872310374463023 1.2928487018018426 1.296141842273524 1.3024565979080185 1.3098735018191232
1.0730420014249984 1.0758956168135658 1.088282880950795 1.1025444954279364 1.1168411925587316 1.130622988220387 1.1434461793819126 1.1548900416014827 1.1645729716859359 1.1715418535399025 1.1733565761003713 1.1699847502508915 1.1617339293144724 1.1490099796919848 1.1325939100835873 1.1136635477791972 1.0937389518301426 1.073462153212989 1.0537048259275126 1.0365465975196004 1.0228114335130634 1.01269741700966 1.0069820527257896 1.0064838857443856 1.0115024637585892 1.0221404199941437 1.0374159415008204 1.056581575529678 1.0793387204064377 1.105943524850312 1.134479690964662 1.1622121888208687 1.1866593004882553 1.2077626679358713 1.226866834386726 1.2447610268152332 1.261608402741388 1.276768927004725 1.2888624005524152 1.297708088406409 1.303160905306037 1.3089897125934726 1.3132972409398138
1.0788021989640384 1.082498883312859 1.0912100890374308 1.1026406531461195 1.1148734074541755 1.126959675324818 1.1383252055573494 1.14853467506257 1.1572352978348595 1.1623581804852907 1.1621243433571822 1.1567901904499676 1.1467302218022657 1.1325369836140402 1.1148696710417398 1.094512363016036 1.0730408459566851 1.0511895724205864 1.0297878613920761 1.0103641615912422 0.9940441503492086 0.9815354741791029 0.9737902436585786 0.9718799068320277 0.9767145267081165 0.9880422871918499 1.004666768365397 1.0257663093705234 1.0505363031514632 1.0788062421584643 1.1087285420114514 1.1382382909082702 1.1657595261627973 1.1907764984402238 1.2135544703171337 1.2344282752426161 1.2537425020487754 1.2720865316692027 1.2879703395858364 1.2999328973551605 1.3075339550176133 1.3125593162334948 1.313870545333893
1.0852636895990189 1.0886803077150597 1.0953792478905064 1.10434985186735 1.114404254704486 1.1246450487774389 1.1344470474818495 1.1433507195751167 1.150823741880244 1.1539741946305566 1.1519621575081622 1.1449678131159582 1.1334976947986155 1.1180768641681342 1.0992077229808443 1.077480016771341 1.054408568397655 1.0308139876428029 1.007403566242433 0.9855845501435689 0.9664708030865485 0.9510466429343469 0.9405766542280987 0.9365657048526568 0.9402907662370407 0.9515663811023849 0.9698034544836681 0.9935347829539501 1.020881200044136 1.0513225520087857 1.0832568986864566 1.1149572374745895 1.145158827699565 1.173201053518191 1.198899956245143 1.2227037562420953 1.2452261726906857 1.2661834701834782 1.285019992365632 1.2999285811727463 1.309757594991351 1.3143484957887492 1.3133459437442228
1.091539933700156 1.0944062218480735 1.09968109191346 1.1067578473152284 1.1148812158222872 1.1233529937616178 1.1316037010597184 1.1391875940521627 1.1451715030651533 1.146494249648072 1.142869681086077 1.13468510364038 1.1222518111284754 1.1059160781060613 1.086079500547727 1.063204007223678 1.0385558751846848 1.0131564419236865 0.9876458149348583 0.9633543645604747 0.9412489534904814 0.9224029786137957 0.9083512366055535 0.9012013401739802 0.9026419072434114 0.9138140864165882 0.9341871875639889 0.9611659176104985 0.9918693656728865 1.0249545225708205 1.0592226124743715 1.0931616609151178 1.1256804365910247 1.1560922357187389 1.1845787501795866 1.2116738935000868 1.2370465839785163 1.2603037082313868 1.2808876985756583 1.2981012775595313 1.3101684709628156 1.3151782907512637 1.3127442642189333
1.0974854189580117 1.099717973913186 1.1038312326602502 1.1094018707861797 1.1158871291841994 1.1227636121951758 1.1295543027285133 1.1358571750883857 1.1403040498514518 1.1401555707530573 1.1354318449048408 1.1263228748550724 1.1130775635037042 1.0959973603462378 1.07543059435237 1.0517687829347975 1.0257928912337249 0.9987709257943633 0.9713625394823163 0.9447218382262924 0.9195694199440156 0.8968669957255476 0.8782116636904345 0.8660060957963058 0.8640684295128671 0.8759474336572937 0.8998913095276456 0.9311173305618561 0.9655936013920505 1.0013114183522958 1.037773285682477 1.0736967774645705 1.1080867090161644 1.140720655941791 1.172201337748724 1.2020362698453975 1.2298088388197583 1.2550229085820592 1.277091206772025 1.2954104142392324 1.3093022462439894 1.3160900454373916 1.313334872103852
1.103078481893024 1.1046530414926583 1.1077471196579485 1.112064044424014 1.1171559866769167 1.1226231995783977 1.128102031567823 1.1333357704396956 1.1366488585695789 1.1354769945933205 1.1298900263773979 1.1200601509098573 1.106209149133594 1.0886027083327012 1.0675445787447664 1.0433710349611403 1.0165094077832835 0.9881625173554205 0.9593157874040847 0.9307844638720392 0.9030183993698384 0.8766436216820837 0.8525123728504511 0.8328898515360019 0.825377297387218 0.8391968560911668 0.869502170864005 0.9062744138647543 0.9447387096081998 0.9829160487274915 1.0208896635736973 1.0580186374824385 1.0937214076752726 1.1287067340355341 1.1625270434655144 1.194568945867083 1.224350072764184 1.2513060363625945 1.274846134292179 1.2943501662281043 1.3091611123140936 1.3175381052754251 1.315484351817617
1.1083374347105193 1.1092578339050398 1.1114504564568537 1.1147159169730725 1.118698852435411 1.1230951608762976 1.12762513141363 1.1320348663092843 1.1344595792746195 1.132519331392482 1.1263138336459761 1.1160060479070903 1.1018003253749233 1.0839376401890781 1.0626900111226203 1.0383543013663319 1.011245393197608 0.9821102516938542 0.9525208837359173 0.922931969842713 0.8936109524256612 0.8645410383359888 0.8356265098564721 0.8080813672802836 0.7876526760535028 0.8082971036453412 0.8485144384316331 0.8902766176145664 0.9315494924994651 0.9714643169592347 1.0100305368750113 1.0475889264600258 1.0846761224427321 1.1213514032996694 1.156865795445299 1.19059170372061 1.221947803174126 1.2503071418964196 1.275052767861888 1.2955658444201634 1.3112161534682503 1.3206595391958174 1.3196434392572605
