CROSS_VALIDATION_INTERPOLATED_TRAIN_FILES_80-20/CROSS_VALIDATION_CLASSIC_80-20/Berg/TZ/Berg_TZ_5_train_z_63.asc
ncols 100
nrows 90
xllcorner 5.6208707817415728
yllcorner 50.959635321741573
cellsize 0.00013419651685393446
nodata_value 1.7014100000000001E+038
[rows 36 to 53 of 90, columns 42 to 83 of 100]
0.90472214179470556 0.85951536190195632 0.81120962992090773 0.75807769164744565 0.6988765636565224 0.63305524061228646 0.56089781476803935 0.48357637807926268 0.40309915399645957 0.32215378251828974 0.24386108281012156 0.17146820305983362 0.10801940391226938 0.056046177323776258 0.017315454052816981 -0.0073340514853168781 -0.018050134986610622 -0.015917504338281152 -0.0028119184201003955 0.018818794221799523 0.046216296134283158 0.076582719129943522 0.10732989410084734 0.13628144848559626 0.16181068790382283 0.18290656570416183 0.19916916548836622 0.21074388434522831 0.21820917595474257 0.22243594382847046 0.22443746393031599 0.22522733560708294 0.22569987037347472 0.22654309209614659 0.22818973043706947 0.23080680270032308 0.23432008371866819 0.23846633970375905 0.24286390510709624 0.24709113180754105 0.2507624243901716 0.25359285972753765
0.87323919195023381 0.82256516697620563 0.76847746645891413 0.70966232032343934 0.64532980042148314 0.57537121429797811 0.50045207855325591 0.42202169414194934 0.3422303561257713 0.26375780447210617 0.18956953152632774 0.12262868575072158 0.065598525015674092 0.02057236323804601 -0.011135624283059586 -0.029113856369872432 -0.033878072108571994 -0.026797622875846722 -0.0099361913074238473 0.014170187439673909 0.042768721267748916 0.073148129661844863 0.10287093421822666 0.12995679347073738 0.15300180416863932 0.17122752275164255 0.18446200157603554 0.19306239204358855 0.1977939671676992 0.19968342626459118 0.19986504412309303 0.19943684924415536 0.19934097418903954 0.2002781372003149 0.20266145175933931 0.20660996982715529 0.21197803613891206 0.21841306059496746 0.22543197726487851 0.23250558848641906 0.23914018774656834 0.24494718245254479
0.8087266236997982 0.7551456441528086 0.6984859663736338 0.63773745405423554 0.57241736702001511 0.50268870721867143 0.4294163183465356 0.35414701379898722 0.27900894869064274 0.20653629148948036 0.13943617301761158 0.080323943515499041 0.031458276414015773 -0.0054914291894366807 -0.029616790655223324 -0.04086082823338355 -0.040017357463525693 -0.028641641485813052 -0.0088856348622456394 0.016720168613823083 0.045511058889377481 0.07493006995444948 0.10274144874498772 0.12719491775213926 0.14712740715351288 0.16199714367190415 0.17185291961131605 0.17724812775449911 0.17911411227093527 0.17861022693913003 0.17696866325212099 0.17535079902738193 0.17472888489163507 0.17580280821975547 0.178956985785787 0.18425767589821582 0.19148666326315045 0.20020376583008631 0.20982823559254898 0.21972802899257871 0.22930611520334909 0.23807434207595635
0.71803958924025291 0.66404350843086202 0.60781482315671909 0.54854322781599396 0.48591958175653027 0.42022581450581664 0.35236638022388622 0.28383146985693841 0.21659008646003788 0.15292038015975629 0.095193784206247078 0.045636857201032194 0.0060989347565879592 -0.022146113541995111 -0.03853966290992944 -0.043302747233627981 -0.037417983118401166 -0.022532421612674741 -0.00079445671158359654 0.025354560672635307 0.053408942025646861 0.081021512033919107 0.10619704310173619 0.12743765408455701 0.1438283497238543 0.15505842197491254 0.1613817533514334 0.16352534301937144 0.16256003758916832 0.15975016552867122 0.15639946840603919 0.15370952982926689 0.1526641309628608 0.15394903944689503 0.15791216866932559 0.16456435135101 0.17361665302862495 0.1845466317511909 0.19668354213747333 0.20930135683861933 0.22170865660313704 0.23332579616412674
0.60920604057120675 0.55706103324202993 0.50388235133337056 0.44896810732273945 0.39206876659747103 0.33345798559078121 0.27395000072707093 0.21485653861463874 0.15788311695492152 0.10497253652465163 0.058111027496311585 0.019118539587795941 -0.010552091337742209 -0.029982586784577575 -0.038902517139626752 -0.037734412886272273 -0.027565332391930986 -0.010048779940303537 0.012750657803396015 0.03855106497992955 0.06506266051863821 0.090189559772274913 0.112202590767329 0.12986646699608623 0.14251075826114684 0.15004094941563129 0.1528925741908021 0.1519372243989319 0.14835361916613937 0.14347954581769157 0.13866124041288877 0.13511574539952764 0.13381921525410551 0.13543041932936259 0.14025428309494842 0.14824572317696344 0.15904976571176072 0.17207042732858474 0.18655841242007787 0.20170652799874778 0.21674187112018256 0.23100518449681032
0.490545902605101 0.44217314713201994 0.39415710709502538 0.34582953582842202 0.29691061590833939 0.24756849361717109 0.19843115955406632 0.15054542571107707 0.1052837108298956 0.06420609698008875 0.028891567480468366 0.00075733224754034878 -0.019112264973986381 -0.030106142305110606 -0.032178454936074963 -0.025880352772284732 -0.01232728352846213 0.0068943463892557344 0.029869976271659104 0.054532306046793433 0.078849156924115982 0.10100295509120058 0.11954290161107475 0.13349488535607415 0.14241964074699612 0.14641578933745272 0.14607048175466456 0.14236571390276812 0.13655251649762357 0.13000777544978062 0.12408928421123766 0.12000379000524034 0.11870046913518188 0.12079878449138094 0.12655547429514097 0.1358709846147643 0.14833148291118925 0.16327911893656694 0.17990077510764418 0.19732437456892271 0.21471193661059981 0.23133987466233485
0.36992954265515438 0.32682868077366556 0.285516012255841 0.24530089431583058 0.2058092020268715 0.16703753302526056 0.12936596553002766 0.093525128189927975 0.060518432800880373 0.031506055972835761 0.0076627156094119797 -0.0099744923837939425 -0.020649758904384724 -0.024005638265940543 -0.020158358875249582 -0.0097212671341830592 0.0062272110278752402 0.026227778823446624 0.048566961673000925 0.071431638311928641 0.0930738114424699 0.11196734238239564 0.1269399087837226 0.13726684800426467 0.14271828251293886 0.14355634820701416 0.14048480984615946 0.1345582574451778 0.12706195126364339 0.11937588116065033 0.11283754784496976 0.10861734233751653 0.10761833775991214 0.11040909824925924 0.11719414985173883 0.12782251458243343 0.14183066621908602 0.15851286999037062 0.17700946952954513 0.19640249873373003 0.2158080800809922 0.23445632247690382
0.25422575378793333 0.21744084703471173 0.18378795140612625 0.15251689151056047 0.12312041736081678 0.095387261868508072 0.069420038343017215 0.045614184052888057 0.024598451077774613 0.0071423065658908214 -0.0059597369682370116 -0.014013199629434508 -0.016542523903473466 -0.013388366216573494 -0.0047702425326799913 0.0086942980509168433 0.026017337491011761 0.04591256179523856 0.066903524516361446 0.087455834173697039 0.10611821695933618 0.12165664747842553 0.13316688856902081 0.14015358230779637 0.14256805977818343 0.14080175811467693 0.13563699097726925 0.12816128411126693 0.11965510839120638 0.1114652762402947 0.10487730487010344 0.10099963102847558 0.10067077926197081 0.10439767602491068 0.1123296234607201 0.12426843960089318 0.1397114062282776 0.15792038272577913 0.17800809879536986 0.199031454611794 0.22008170057657905 0.24036254876282218
0.14895477775152316 0.1190783607627344 0.093489751944069721 0.071359585123986075 0.052031318387764397 0.035075677149343454 0.020316032191351668 0.0078210011849536576 -0.0021358691860016987 -0.009145378370060353 -0.012752940893469178 -0.012558678883517915 -0.0083143511922895152 -4.0793145519857354E-006 0.012102382990068022 0.027431698482614258 0.045127676292376351 0.064109096218023132 0.08315834333601585 0.10103075157478289 0.11657208408558242 0.12883070612812267 0.13715176103786222 0.14124286918587059 0.14120420609927567 0.13751985152726723 0.13101156373434256 0.12276015450457259 0.11400299824839377 0.10601856248804428 0.10000996649527709 0.096999362219286414 0.09774343444175114 0.10267772733066638 0.11189414083588498 0.12515221210208358 0.14192115363761168 0.16144649132412126 0.18283288377652659 0.20513353760796021 0.22743663615235832 0.24894029199598938
0.058134118757652592 0.035342130372449237 0.017736784831021063 0.004404793419640507 -0.0054570445002052326 -0.012484886014725166 -0.017114256735825423 -0.019573656087131963 -0.019906271861910685 -0.018017275764843355 -0.013740721850981463 -0.0069172007850485662 0.0025283657768426226 0.014519730162803113 0.028782840781578917 0.044826990933166555 0.061957091498720918 0.079316476870691155 0.095955669410093619 0.11091918188734792 0.12334014420891845 0.1325315487303641 0.1380632858253466 0.13981578837996303 0.13800378318052317 0.13316702307599099 0.12612855371551654 0.11792464293649499 0.10971358034166911 0.10267280593822889 0.097895005343406866 0.096293787255645996 0.098528344976330673 0.10495424736273866 0.1156044838133775 0.13020147723865089 0.14819740076870114 0.16883720005295935 0.19123657666185034 0.21446605619435136 0.23763222909741527 0.25994824494966529
-0.015713886161931701 -0.031604972677537257 -0.041705278478757213 -0.047005028983794939 -0.048437186487517825 -0.046817958028414847 -0.042805512497345349 -0.036880908922790695 -0.029352924285152349 -0.020385610683027355 -0.010044440294601553 0.0016456918602743287 0.01463908745119416 0.028813557076561302 0.043928800805692308 0.059605342498177782 0.075327698693531481 0.090472157222787841 0.10435620448870891 0.1163037240903301 0.12571796054152939 0.13215314334863631 0.13537570008448779 0.13540711515813281 0.13254255559552372 0.12734213299583699 0.12059478314376226 0.11325786884739833 0.10637839394235854 0.10100383741350899 0.098091825472358118 0.098428006358051975 0.10256055272684746 0.11075779998978849 0.12299287296713723 0.13895609363858832 0.15809288890210316 0.17966221602992383 0.20280852281030978 0.22663918079825518 0.25029925990743113 0.27303639543897884
-0.071433491255550707 -0.080896245031501446 -0.084268054205894866 -0.082600807380746599 -0.076930743509044941 -0.068217177824033359 -0.057294901169393869 -0.044844395117049768 -0.031382229406083761 -0.01727167723719461 -0.0027510431177975581 0.012025137351547477 0.026938597700546074 0.04186093931658702 0.056615502106148907 0.070953433026742063 0.084547799977488958 0.097007000803173454 0.10790597361643231 0.11683119959208926 0.12343352567024124 0.12748165674707415 0.12890890167077626 0.1278464194359831 0.12463771132027174 0.1198312610906469 0.1141507881626308 0.1084452506680178 0.1036232019413641 0.10057806528425176 0.10011209905424789 0.10286711313491807 0.10926931678441983 0.11949410090860148 0.13345428109263269 0.15081264547779283 0.17101691487404519 0.19335278713026546 0.21700891039275627 0.24114662240874679 0.26496719385101319 0.28777008021758554
-0.1090286874017215 -0.11274916243466396 -0.11036782443861179 -0.10297795586790773 -0.091687375701362317 -0.077556606103417858 -0.061546832606230006 -0.04448184236893668 -0.027026832912358051 -0.0096851340403760477 0.0071882548749590824 0.023359499459793709 0.038680016703167619 0.053047709189684988 0.066371419621602507 0.078543992427364373 0.08942789574991894 0.098855397699562586 0.10664309220232607 0.11261843643702035 0.11665417310669832 0.11870528854006709 0.11884264571331488 0.11727768578636807 0.11437357987342386 0.11063981841192791 0.10670926055222729 0.10329888766491294 0.10115763981554168 0.10100648792811096 0.10347706766375597 0.10905560308489982 0.11803840613436006 0.13050399352554715 0.14630497159424646 0.16508055240868558 0.18628818961838522 0.20925067955459065 0.23321344231575214 0.25740577729826775 0.28109976620113802 0.30366114400842131
-0.12941710750744825 -0.12822090885499601 -0.12116817918094219 -0.10937122237810221 -0.093976294597719418 -0.076102628312476078 -0.05678801965633748 -0.036945076717644187 -0.017331367288902305 0.001464702389652961 0.019022206357516058 0.035071982893564474 0.049470275307020278 0.06216627230130245 0.073168595549776033 0.082515576599392543 0.09025329731595072 0.096423981311362039 0.1010656272635567 0.10422200839405146 0.10596056202283138 0.10639446418096293 0.10570447977210271 0.10415608610213881 0.10210790104860151 0.10000854623498609 0.098380609297253258 0.097792147411369462 0.098817966374548566 0.10199447230147507 0.10777300248844635 0.11647702761358922 0.1282683911442126 0.14312682656489661 0.16084548553000563 0.18104332578382323 0.20319320994456275 0.22666273410991872 0.25076338869973053 0.27480283438294872 0.2981349396237708 0.32020275548235322
-0.13417662062006905 -0.12896162587934196 -0.11834572768422394 -0.10343811129621625 -0.085391854709447601 -0.065345199497818252 -0.044366768526490546 -0.023408607566146045 -0.0032704532112551032 0.015422369677038805 0.032226412732544507 0.046873503803246536 0.059252176219097175 0.069380452708924817 0.077374070402803113 0.08341442842701452 0.087720161002285996 0.090525362095211559 0.092066252303724561 0.092576664467612202 0.092291325425734871 0.091454711947105277 0.090332414253227744 0.089221560295613372 0.088456990087482562 0.088410509006908722 0.089481612691593909 0.09207942390659879 0.096597027426722382 0.10338072326027728 0.1126977385364055 0.12470647934188703 0.13943336767952702 0.15675968355205866 0.1764206975536598 0.19801789593876509 0.22104348431975024 0.24491484418961978 0.26901542517355614 0.29273784719097706 0.31552484300663775 0.33690408642014225
-0.12530800299571243 -0.11698700263660561 -0.10387819370895457 -0.087067449856403079 -0.067686702448222863 -0.046858658871939518 -0.025643409620227514 -0.0049904616090697407 0.014300402094948456 0.031606661807734138 0.046497271581542987 0.058733128209942448 0.068254776377796034 0.075159585668787277 0.079671585421565716 0.082107664124770302 0.08284387814050001 0.082285186974748153 0.080841117298378617 0.078908779909423021 0.076863475182748775 0.075055984372944556 0.073814707571402516 0.073450197999785943 0.074259437967620578 0.076527431363458825 0.080524317639463661 0.086497150153243441 0.094656585207808647 0.10515982416114261 0.11809206144599105 0.13344926196830756 0.15112521863946313 0.170905491644403 0.19247005055490429 0.21540534563617453 0.23922529514696589 0.2633994835577777 0.28738590348670023 0.3106649825329883 0.33277149222954672 0.3533212437344615
-0.10502861879245637 -0.094483541800005982 -0.079866241174794683 -0.062222141484793658 -0.042639004009157211 -0.022196002822238714 -0.0019131234184300849 0.017296009642644106 0.034664616061663767 0.049603582769038673 0.061720371840454258 0.070824809243700021 0.07692178440598868 0.080192132219571666 0.080964047929220517 0.079678162674428676 0.076849793649898218 0.073031845398813994 0.06878140194771093 0.0646322874792295 0.061074898399648525 0.05854355780694262 0.057410656955908496 0.057986058755886388 0.060519748776252352 0.065205589806564934 0.072184273761006307 0.081544120517227425 0.093319147367554034 0.10748468899724992 0.12395163527348099 0.14256093218345917 0.16308025488988553 0.18520466058416532 0.20856257639736064 0.23272774991129058 0.25723691079367145 0.28161201093000382 0.30538517424877298 0.32812401505546435 0.34945484583329167 0.36908150483836499
-0.075604652688279539 -0.0636527463757951 -0.048393725896008294 -0.030819057554674484 -0.011954833285168914 0.0071842228179276324 0.025641570264596819 0.042563871872081049 0.057241201108638784 0.069139411378522836 0.077922054310102157 0.083460025721494274 0.085828181978726548 0.08528935935710677 0.082267384409116295 0.07731163499372079 0.071056381458863338 0.064178432086071935 0.057356504140237935 0.051235270880403222 0.046396270492154168 0.043336914972574497 0.042457835892445589 0.04405788324672133 0.048335371808441135 0.055393733116307187 0.065249622129773643 0.077841735839180276 0.093039066812146076 0.11064793772831658 0.13041782032141333 0.15204650937046504 0.17518559583603707 0.19944729862669219 0.2244135579299609 0.2496479024929194 0.27471005992388087 0.29917269078892061 0.32263910710455335 0.34476048071820486 0.36525092057698266 0.38389892032642992
