_RESULTS/CROSS_VALIDATION_POSTPROCESSED_80-20/Berg/GZ/2comp/2/Berg_GZ_z_250_kriged_reverse_2comp_spherical_2.asc
ncols 100
nrows 90
xllcorner 5.6208707817415728
yllcorner 50.959635321741573
cellsize 0.00013419651685393446
nodata_value 1.7014100000000001E+038
[rows 38 to 56 of 90, columns 44 to 87 of 100]
28.080034662973098 28.388816470395994 28.732985230647785 29.114768035404154 29.521335693978155 29.92426094614384 30.292430556317672 30.587428161127473 30.765607184006743 30.801103845536804 30.681713004585838 30.43016590969637 30.145409120550493 30.08590829864518 30.4064167270387 30.901935900725373 31.423164842904622 31.92065299787556 32.380900411707984 32.78811349352538 33.10084009217138 33.290037551781914 33.36332735005374 33.34245897207467 33.24798921925711 33.09226147290456 32.88500364577898 32.64037363845483 32.347139347674805 31.93806963858268 31.381514824727947 30.683252669038435 29.86357521727765 29.004061149110054 28.148011721622634 27.32280693656437 26.555967888228604 25.911164091665402 25.44882354462307 25.1780009843734 25.05433847390449 25.04047698764198 25.097995548130147 25.199642230676396
28.501743278300083 28.825535068253433 29.185817578618117 29.586459224498707 30.012158476050793 30.43443340749953 30.806812793970856 31.09292493030059 31.25980557292093 31.273318191566112 31.10704983759407 30.763884840065035 30.274836220368854 30.022467588752473 30.61688906406223 31.25873427060146 31.860002640443792 32.42371452332844 32.948326563237444 33.41842386690713 33.777354497269 33.98149683977289 34.04662427142923 34.01819561767561 33.92684541718126 33.78540129172692 33.595654329427035 33.35155446927412 33.04229548794882 32.624622900937155 32.036123670137094 31.270279150094098 30.35477035815446 29.37967491175142 28.392102227268445 27.43214793198125 26.523001558586557 25.75045749041832 25.23309637503087 24.983151665907034 24.89939580137628 24.91625638628379 25.006304655627005 25.135464412399305
28.896828131573983 29.251740013133354 29.63524502515358 30.05912253116461 30.508543991654413 30.93785989663812 31.32059010896332 31.628456467660516 31.825365425204964 31.86803615990111 31.725627317400996 31.390081221204458 30.92015874181444 30.706073686072 31.18626153477293 31.78609558726681 32.38197015882359 32.960825538271266 33.51690906968955 34.03830316092475 34.454915876767025 34.65232623014262 34.67602908427718 34.62835513998348 34.54019320488589 34.4186240348055 34.26173992849526 34.056367334105104 33.764677941890625 33.35003437458107 32.73013189309337 31.89077601647798 30.87739333125259 29.791599321193875 28.68246850177635 27.58637217996771 26.5156806674559 25.552550229775218 25.006483518276507 24.845887551325387 24.82389420332426 24.87040856986285 24.97496007682381 25.123072984490243
29.25390293981753 29.646703063059554 30.063623042400568 30.510097408032617 30.960263957116297 31.399269916145062 31.809394038877087 32.16661339053373 32.43558451332033 32.56663547229195 32.51638987622157 32.2682825852229 31.94909078769934 31.82303752849242 32.03449076502609 32.45916448646134 32.96996257165251 33.50985474381102 34.05259616004642 34.588070045610706 35.08922477934399 35.23179212129443 35.19277128353573 35.13325997535118 35.05735944051957 34.964755511733905 34.85078822041979 34.697145988078695 34.46831467296168 34.095658106506654 33.44893239936542 32.52293062037974 31.406689273791926 30.2233658377612 29.021851165509517 27.83026984351096 26.649482275826653 25.43115449137174 24.945920713170697 24.883093104127767 24.88331071873994 24.928576909815703 25.023722193050695 25.16951263542434
29.563175256273393 29.991897126362478 30.441323698928652 30.890576970193905 31.341192781400075 31.79158090487835 32.235038426772924 32.656645525653474 33.0311892827393 33.31574546878737 33.414782982325114 33.2435338237293 32.95377969603368 32.789006341518494 32.8618901392292 33.142570215610554 33.551315864053336 34.02120467608029 34.507194570744524 34.979081838110645 35.365818458528295 35.53645474916318 35.54777151836914 35.51372655612746 35.46245822587842 35.40090115037592 35.32948515243943 35.23097545228245 35.082006757495606 34.81566201265014 34.1708620302114 33.11547157924814 31.893931621166583 30.64008129300643 29.39228865617249 28.179179360532476 27.03239702754677 26.018141332373663 25.410915897927705 25.176383637546667 25.096590838935928 25.09396532727984 25.153722847480736 25.273881490794597
29.81549544421253 30.273982175737263 30.726535863765527 31.17388044716493 31.62489231950304 32.083627739370854 32.55007923401059 33.03060469160108 33.52120843610052 34.00993837506639 34.349693306684586 34.17006117964155 33.77736223898501 33.53665532339503 33.52371660810228 33.71668055650834 34.05170286220708 34.454799213497914 34.86442508721559 35.24070973568154 35.52976758871323 35.69431893005733 35.756711725513654 35.766127033354486 35.750824924314486 35.72140185279132 35.67296598444344 35.596886481035845 35.49808782023504 35.376345129787964 34.764255566580985 33.54721739916176 32.26659385195981 30.99269760608234 29.749621091967406 28.57075856908945 27.507339290676157 26.612660148871477 25.97503499247729 25.603874477684048 25.4128177493349 25.338379880457225 25.34722763204661 25.42850763542927
30.003101584589654 30.465913078765826 30.908879317402295 31.34540413144535 31.78631545718072 32.23902738231353 32.71593316920369 33.22184259302856 33.767632055767265 34.38862970605599 35.10394707072589 34.74618001109743 34.24984074336406 33.97953487756114 33.93988355802941 34.104752284227054 34.41637996960073 34.787001221262294 35.126532933400114 35.40595281566395 35.61918005786842 35.76237083989111 35.84941732008138 35.89855336063387 35.921453753994264 35.914773081144986 35.86462426181156 35.76870318825877 35.62237892554911 35.376577441926585 34.753302099717956 33.691034907545955 32.47229786483955 31.24203640157385 30.04723675280518 28.92959219800503 27.94094187804402 27.111566407656333 26.473205334993345 26.038582373416858 25.76611378413112 25.62018933613759 25.57758237516497 25.618105419781163
30.113129997854216 30.560208028291697 30.985831749704438 31.39911417115276 31.81667827301914 32.248618401280474 32.70438115294786 33.184552069155195 33.69436126004226 34.225551355695934 34.619516460893024 34.549638514643064 34.25716167784356 34.0689108932945 34.06563298417548 34.25358310177613 34.59859186277336 35.00326009945706 35.28618835078755 35.450753503569054 35.59452722439161 35.71969274766907 35.826557631860446 35.91211632282174 35.969464895687324 35.975894882130916 35.91378989911277 35.77299512054292 35.5409506677308 35.17381599763647 34.5434663709925 33.6186498832346 32.526683790669935 31.379317828521298 30.25970115740054 29.2155776487765 28.295217156663366 27.517510353237324 26.89289036116052 26.43244976664648 26.110742634279198 25.910768261202545 25.819377608464126 25.823821349192883
30.149790276268064 30.572922563579795 30.971818476315534 31.351299310763054 31.737547688811713 32.13118572379718 32.53492447159579 32.94951568784799 33.36680879318624 33.75265729230426 34.00268455082474 34.02601776109802 33.91081926975597 33.835559505123506 33.89295194002673 34.1189044262129 34.51536785437975 35.05480788395954 35.26914603180995 35.29774484341795 35.399755908056164 35.52848342824439 35.66455808817383 35.794145251417724 35.89071269779763 35.920659839158425 35.84822627966082 35.65754321614664 35.35179556757625 34.918704377402236 34.280631985762206 33.43889026038339 32.467153957498304 31.418438811444695 30.38370745618874 29.418010288281156 28.565100851016485 27.837663440355705 27.237527817948497 26.771940542791604 26.42456360909597 26.189754515252762 26.06064882520433 26.03035795717657
30.124630903405002 30.517987976844914 30.882586510901316 31.226695313551538 31.568287039889746 31.909537013628007 32.24713193785252 32.577144310534464 32.89010007595871 33.15935972269165 33.33101245565282 33.37625190168279 33.34085085274879 33.33667781743214 33.43382395247502 33.66915528225563 34.04453086747945 34.49119612364521 34.740115632587504 34.8405710641879 34.9824510038122 35.15809300839352 35.347184410601976 35.53018976816204 35.68434453021754 35.766249117088556 35.69508473051105 35.448977031460764 35.08244678682983 34.60966196709672 33.969465826459185 33.19247032234877 32.32076705416006 31.37739725234421 30.42741680389292 29.540909739340513 28.756509450012224 28.081048808902263 27.51380280933796 27.055167612478176 26.698835692900396 26.44511305139725 26.291621768295432 26.2347538308042
30.0442117969865 30.40331121179883 30.73371508959021 31.042130494472385 31.33441415658439 31.61657227923833 31.879872148670056 32.11968749853611 32.33362482883634 32.50727374345221 32.61311923551092 32.64234735671212 32.62174291560351 32.63269465365491 32.72892593128988 32.93676282678544 33.247313427629926 33.59641857357998 33.8871322670428 34.116887341972415 34.35218459860479 34.60913608923594 34.86192920719135 35.10411316463278 35.32772216578878 35.50991838936368 35.462612428196714 35.13083919167731 34.72071730206031 34.22972394995878 33.60793305545368 32.89387551138998 32.10631659826707 31.26596787714085 30.402087655736494 29.59395025539544 28.87917628776002 28.257670346244602 27.727725658342333 27.284690226014835 26.93149898856956 26.67144099237035 26.505198563188102 26.43177139520344
29.919484895676398 30.247328553803005 30.549800813354054 30.822640819165 31.0626201337304 31.279285130020966 31.46574272227609 31.616680487672568 31.737815638485028 31.824675740985153 31.862427401420216 31.849258363582557 31.802091613929008 31.78074420120692 31.83835059630808 31.997274279470428 32.253978793664814 32.57195412549248 32.90292686848564 33.2282728683805 33.55771307468967 33.894551880957906 34.21302660618172 34.5061280011165 34.76900136774944 34.98149817408847 34.954742820668166 34.63655507843913 34.24327772520251 33.765152730075634 33.19247310833806 32.54621514827221 31.83961766406665 31.091721834481213 30.318890603948272 29.58835300299356 28.9437969095233 28.377806015688023 27.88562078314103 27.465033494949477 27.12391503221021 26.867353281764807 26.698085864330455 26.6170647500586
29.771909104082088 30.075445987841608 30.348676520964695 30.58374187300254 30.773213178106406 30.921598253265508 31.031562252943633 31.097536375052492 31.130648939986294 31.13411726225416 31.098655447778107 31.02416184780657 30.923195409447167 30.833488018261363 30.819942363743586 30.914075886890963 31.129032470677092 31.447591048921304 31.82926149634568 32.23363216672812 32.64157981914994 33.04664651896045 33.42647312861512 33.75606191014578 34.02288336577189 34.188351562439095 34.17549523663045 33.97290777556778 33.65337628583364 33.23019019117982 32.72638695694414 32.15496729426747 31.53009100470513 30.868849870878563 30.188259933836438 29.535528315296695 28.96093544866411 28.450220034022074 27.994822562929127 27.601639397013916 27.279276869418556 27.03389013745886 26.86957615298764 26.788698933811318
29.59733629817185 29.889389649336533 30.1407459092029 30.34020186356628 30.481264440186003 30.56369833021808 30.598670071037464 30.58513486602813 30.535260197971365 30.458444499782296 30.34721724328981 30.200196440046973 30.025414654249367 29.845228757201355 29.727706447838464 29.733558803654702 29.907219989063194 30.244874108315535 30.688315103660592 31.171385918704164 31.65320814330091 32.11532766133311 32.544075986240685 32.90386390770762 33.1761241571651 33.33567898570491 33.35367169496107 33.22890908405363 32.98938516590137 32.64722246103335 32.22174919345887 31.730004162724356 31.18781083418396 30.611759334504175 30.01945813389371 29.446594876982036 28.94072113510786 28.479577754860628 28.062523174599484 27.700346911462585 27.401777550910904 27.173568990907544 27.02069255960579 26.946503240361906
29.39625921303212 29.679616642466605 29.918333278161057 30.093062606298375 30.191172037903346 30.217711916737027 30.18287463098343 30.097419241746042 29.972250026032143 29.821275793098046 29.637592266872414 29.41658694728521 29.159547450939122 28.8778303328249 28.617529168191215 28.483593126745195 28.596385557341762 28.986208672257284 29.526568761114056 30.09870581931499 30.64847437608458 31.1568192707974 31.61460803460137 32.00182720362413 32.289772418136074 32.46575047856777 32.520291595255536 32.461590521963345 32.30340365239259 32.04109300027936 31.695461560633127 31.284430527908956 30.82450633642471 30.33199605778786 29.8234507448428 29.331698437210136 28.888967520152992 28.473161228543166 28.095671932993323 27.767115292881623 27.496145435607044 27.289808509976655 27.153608932305374 27.091571239154742
29.168075243701963 29.444324398432638 29.67983504043038 29.839541675987586 29.889443654101346 29.86378166732714 29.7762021027183 29.631722599883155 29.44503973996347 29.231298794443145 28.985130971126722 28.698522585344826 28.365595749093643 27.984303796316564 27.56546580800355 27.204207567691846 27.20928895874391 27.75062462293565 28.43372901771935 29.09071073998053 29.68901283259477 30.22410094969823 30.69465330111154 31.091676904022066 31.399524927168223 31.599833041736105 31.69601163131671 31.71341067167629 31.622703714498407 31.433958928403733 31.164919451252835 30.83247953618629 30.452735174598107 30.041416816767562 29.614140899120738 29.198865533854068 28.807186314884625 28.437496861102936 28.100936503207507 27.80787364323683 27.56737209426472 27.386568336949363 27.271257084167356 27.22588903316574
28.93065675714092 29.173668993515978 29.404167119414353 29.576169175389573 29.557275607936457 29.49034508989769 29.368264434872195 29.184869904671128 28.952507484126993 28.690535484151848 28.399033003393942 28.068790693842722 27.6903945243214 27.253096524706656 26.742882987719746 26.145466649008664 25.877803980926352 26.767756405703473 27.54694233837548 28.231164662200918 28.83346042231042 29.36387514341938 29.826804330569757 30.21603980835701 30.529585374869857 30.76076375161852 30.925355451694465 30.997740023299535 30.965840964216806 30.843488705538164 30.645761596894737 30.387905574548103 30.084961921187226 29.751759352199514 29.402354240067734 29.045222936219545 28.701862708075442 28.377822467477664 28.08346397866633 27.8282306524685 27.62054754438396 27.46811740225981 27.377057930414917 27.35206226115738
28.701911282441305 28.893336185849893 29.056175903757847 29.166325368394975 29.16871375884372 29.093271235631274 28.955867636662987 28.75694071233964 28.50359890560725 28.210128499251912 27.893676116216177 27.547729642385256 27.16641206579232 26.746062857565416 26.292577921426847 25.867662437048743 25.806636377690374 26.32668319480303 26.971681103829546 27.57569582830714 28.120311814619974 28.608071522266386 29.03976445061458 29.40725175623967 29.721834998313934 29.99827576739645 30.213790682865056 30.32705487789614 30.346473971203814 30.283600585367328 30.15133685072354 29.963208113502205 29.732937220051575 29.47358357764355 29.18826813402023 28.875693416937835 28.579278088838983 28.300235518673457 28.048156208907006 27.831975487256738 27.65977167761352 27.538665575708617 27.474734628724303 27.473115651955293
28.493660032506163 28.634275790565344 28.7256478470413 28.77094039143605 28.75746093915515 28.683785863700884 28.544757539305266 28.34437279072436 28.09349079409146 27.79510889114408 27.4725360002517 27.135657627214204 26.7869792505466 26.437619700383543 26.12008291430079 25.915278535140185 25.950912063953126 26.24871830726871 26.672678955095513 27.119208116167915 27.555484860446196 27.96871964631118 28.35380717460231 28.71131439615474 29.042169676317087 29.339010618808757 29.56397819402382 29.711009817325273 29.775164654805597 29.765437052576736 29.692893002786462 29.569433909733068 29.405828530031002 29.2060479028894 28.9680970971135 28.696572762836947 28.445347942970955 28.210547678736646 28.00060430917347 27.82395711161449 27.688326606905665 27.60060168494735 27.56674024496689 27.58936670198035
