_KRIGING/CROSS_VALIDATION_CLASSIC/MHZ/IZ/train_1/MHZ_IZ_1_train_z_250.asc
ncols 100
nrows 90
xllcorner  5.6208707817415728
yllcorner 50.959635321741573
cellsize 0.00013419651685393446
nodata_value 1.7014100000000001E+038
[rows 0 to 19 of 81, columns 46 to 91 of 100]
34.2103336385394 34.1924633967239 34.1799678363593 34.1728468521097 34.1709506485282 34.1739380808013 34.1812572320929 34.1921488887644 34.2056721684672 34.220750255108 34.2362327501542 34.2509695417691 34.2638895312724 34.2740764037112 34.2808332787694 34.2837288165831 34.2826192531023 34.277643711189 34.2691935469711 34.2578598673191 34.2443660980589 34.2294941189259 34.2140127625503 34.1986164274946 34.1838794593643 34.1702292627978 34.1579383350018 34.1471330191236 34.1378150833398 34.1298913770479 34.1232067615113 34.1175760907226 34.1128119951229 34.1087463598737 34.1052444992494 34.1022119855319 34.0995948371957 34.0973742988911 34.0955577721532 34.0941676037952 34.093229426213 34.0927615823039 34.0927668707829 34.0932274395845 34.0941031768841 34.095333458601
34.2449766181588 34.2207893276338 34.2038985042041 34.194439501003 34.1922952637587 34.1970445592695 34.2079409906718 34.2239236429563 34.2436584097541 34.2656072655017 34.2881206646919 34.3095458925351 34.3283418946822 34.3431894189815 34.3530847801452 34.3574066179401 34.3559477586048 34.3489084266027 34.3368519663287 34.3206290865481 34.3012805783085 34.2799307996002 34.2576846138615 34.235538955024 34.2143171724394 34.1946304360405 34.1768664927923 34.1612026194059 34.147637171157 34.1360328794491 34.1261649482782 34.1177678036119 34.1105757288991 34.1043542416421 34.098920661777 34.0941537192233 34.0899931639414 34.0864311614268 34.0834977959611 34.0812432835374 34.0797195277949 34.0789634408593 34.0789840090958 34.0797544464191 34.0812100118535 34.0832512701209
34.2886362852541 34.2563570928651 34.2338552267511 34.2214767772393 34.2191704332357 34.2264234949774 34.242239957323 34.2651617603515 34.2933320197254 34.3245966071363 34.3566374966447 34.3871279133272 34.4138960290114 34.4350815282916 34.449268623737 34.4555806017576 34.4537248563503 34.443983210707 34.4271492522044 34.4044212375639 34.3772646588633 34.3472618442325 34.31596650682 34.2847790125267 34.2548538799416 34.2270455703399 34.2018930058138 34.1796383933637 34.1602724721744 34.143596515485 34.1292912337261 34.1169838116376 34.1063062119412 34.0969401344969 34.0886462659337 34.0812774543309 34.0747770837066 34.0691651754098 34.064515616453 34.0609284167825 34.0585010224196 34.057302447574 34.057353342473 34.0586141343033 34.0609821730318 34.0642975405744
34.3423025806325 34.2998442277128 34.2703077895143 34.2543458063295 34.2520163998193 34.2627044967575 34.2850997478215 34.3172325928031 34.3565670092609 34.4001451668331 34.4447750886886 34.487247684419 34.5245649170213 34.5541574993876 34.5740694962658 34.5830893093119 34.5808119035213 34.5676252187714 34.5446232728373 34.5134578777023 34.4761485046343 34.4348743382006 34.3917732834175 34.3487697221879 34.3074469406286 34.2689726269499 34.2340780898278 34.2030851353727 34.1759697424241 34.152449166864 34.1320787864705 34.1143464217838 34.0987544201233 34.0848828569226 34.0724303029987 34.0612314151751 34.05125297788 34.0425719058176 34.0353401013926 34.0297419245381 34.0259503330505 34.0240874416398 34.0241943184403 34.0262133573747 34.029984700576 34.035256191546
34.4065927250752 34.3515683160646 34.313373865619 34.2930850198208 34.2909244245905 34.306165025398 34.3371086555918 34.3811418561452 34.4348671468349 34.4943035096545 34.5551442011854 34.6130535172621 34.6639778553287 34.7044418599377 34.7317990927307 34.7444095646047 34.7417237944739 34.7242640217242 34.6935061305768 34.6516785507397 34.6015046535906 34.5459212134747 34.4878064539319 34.4297471757675 34.3738665295929 34.3217238444419 34.2742874624877 34.2319724540196 34.1947285679302 34.1621603132454 34.1336605358906 34.1085406625156 34.0861441218553 34.0659335255198 34.0475463632849 34.0308178398413 34.0157728484121 34.0025918598918 33.9915576537024 33.9829912500981 33.9771860085734 33.9743485224244 33.9745536251176 33.9777186232545 33.9835990400312 33.9918050915014
34.481598051821 34.4113596866656 34.3627062486982 34.3372729444603 34.3355134393193 34.3565814681104 34.3983108996401 34.4572968632989 34.5290757891124 34.6083962797862 34.6895651481357 34.7668442499391 34.8348653812058 34.8890244917882 34.9258147606798 34.9430620072393 34.9400356954458 34.9174233498836 34.8771733258349 34.8222276636995 34.7561802790991 34.6829036941973 34.6061887354698 34.529436286497 34.455429695983 34.386203032758 34.3230065548945 34.2663587425996 34.2161655661978 34.1718829774184 34.1326977569627 34.0977040657584 34.0660572984186 34.0370921133326 34.0103970227422 33.9858431652267 33.9635695917058 33.9439314428259 33.927420659763 33.9145711719247 33.9058616079818 33.9016282617621 33.9019992161786 33.9068573106978 33.9158354169245 33.9283428754829
34.5667618175799 34.4784682017703 34.4174149371288 34.3859499019907 34.3848347831133 34.4131005845702 34.4680298439848 34.5452690364271 34.6390685772304 34.7426400439677 34.848610242797 34.9495403381139 35.038467391988 35.1094179211849 35.1578409949811 35.18091363863 35.1776841139596 35.1490375957507 35.0974909668109 35.0268451695758 34.9417410027971 34.8471744863297 34.7480294472721 34.648678051395 34.5526864337781 34.4626452472155 34.380127063346 34.3057569792469 34.2393714602019 34.1802342253823 34.127276648941 34.079332754499 34.0353441413545 33.9945168508934 33.9564193000024 33.921017368558 33.8886492032229 33.8599480847178 33.8357265640225 33.8168386572602 33.8040387684491 33.7978557914196 33.7984983398792 33.8058024295707 33.8192267584998 33.837893920122
34.6608178250244 34.5515311455642 34.4760493502806 34.4375974223644 34.4373306469958 34.4741590212233 34.5447320732828 34.6435886693905 34.7634686734224 34.8957732438626 35.0311476462496 35.1601458440072 35.2739223250644 35.3648869204631 35.4272559277893 35.4574397261148 35.4542235041288 35.4187218723916 35.3541163232724 35.2652119988425 35.1578722712688 35.0384025264639 34.9129564164754 34.7870290385729 34.6650843145422 34.5503419069396 34.4447263625321 34.348961387626 34.2627776830594 34.1851946436868 34.1148342063169 34.0502280528594 33.9900856895466 33.9334991448827 33.8800690319711 33.8299458022289 33.7837887777326 33.7426536780706 33.7078264380394 33.6806265380404 33.6622061099494 33.6533710815812 33.6544472526644 33.6652076607055 33.6848687205358 33.7121527574826
34.761816211567 34.6286250840569 34.5366617376216 34.490196501691 34.4908693826248 34.5374779648504 34.62596500288 34.7496115999191 34.8994321321868 35.0647542446077 35.2339509207315 35.3952733219882 35.5377159748467 35.6518340326587 35.7304296046061 35.7690330016406 35.766125424949 35.7230797720357 35.6438312850285 35.5343238487799 35.4018049993814 35.2540585778076 35.0986662028436 34.9423777766322 34.7906499354301 34.6473841875173 34.5148684071069 34.3939007508515 34.2840569198416 34.1840512783754 34.0921393655431 34.0065124239288 33.9256419032705 33.8485417691658 33.77492759195 33.7052630303549 33.6406959847706 33.5828979189213 33.5338299528876 33.4954673238244 33.4695185254478 33.457175832331 33.4589294475081 33.4744684390995 33.5026791223325 33.5417375383178
34.867252103469 34.7074137733855 34.5969623429109 34.5413761065102 34.5428723594259 34.6001532698748 34.7083961359145 34.859495417975 35.0425517592045 35.2445871517729 35.4514451953877 35.648812978299 35.8232803928017 35.9633385928676 36.0602164063368 36.1084647273944 36.1062244140762 36.0551500866642 35.9600048874374 35.8279826144881 35.6678466117179 35.4889939233878 35.3005558236461 35.1106324720741 34.925733600129 34.7504641934618 34.5874600694234 34.4375482912865 34.3000850716204 34.1734107104599 34.0553568526171 33.9437443537275 33.8368182575243 33.7335779215913 33.6339738320685 33.5389573057396 33.4503845468322 33.3707917511515 33.3030720686649 33.2500967107609 33.2143295333281 33.1974854580133 33.2002772646559 33.2222829115147 33.2619482402641 33.3167204288988
34.9742955419546 34.7853874209238 34.6545607962916 34.5886480879876 34.5905328422234 34.6588483830185 34.7879704374593 34.9683127083269 35.1869193090171 35.4283282599961 35.6756557502934 35.911824045406 36.1208314470486 36.288946371729 36.4057047643138 36.4646040103649 36.4634173443545 36.4040969228772 36.2922845818759 36.1364984022812 35.9471022296646 35.7351878236277 35.5115022419797 35.2855371102993 35.0648657230384 34.8547748333938 34.6581975248318 34.4759178348877 34.3069909624182 34.1493066855692 34.000217677103 33.857156967623 33.7181776304137 33.5823608570364 33.4500546038789 33.3229231305903 33.2038074201355 33.0964167539705 33.0048910322719 32.9332894946552 32.8850716812509 32.8626384555094 32.8669934226154 32.8975684938096 32.9522338776226 33.0274861796471
35.0800997566974 34.8601684545212 34.7072690248912 34.6297062050186 34.631109359912 34.7100796144381 34.860184549514 35.0703109598521 35.3253678005926 35.60730769704 35.8964063430986 36.1727077572031 36.4175151561548 36.6147888060096 36.7523096933365 36.8224849105266 36.8227072126175 36.7552330487801 36.6266027120515 36.446683317108 36.2274604874306 35.9817305641287 35.7218483229544 35.4586665040285 35.2007677390665 34.9540440542987 34.7216320791529 34.5041703817792 34.3003136762331 34.1074189762945 33.9223107074865 33.7420334394766 33.5645099212817 33.3890365199443 33.2165667403628 33.0497555709302 32.8927623196802 32.750836137721 32.6297343036617 32.5350452936122 32.4715029443872 32.4423813379585 32.4490505682403 32.4907517286903 32.564618228617 32.6659349664509
35.1821440022245 34.9298397758855 34.7534228340989 34.662749146262 34.6622578294025 34.7505640125834 34.9204555931339 35.1593056422251 35.4498901410805 35.7715726686708 36.1017839635022 36.4176884782516 36.6978983516107 36.9240751079682 37.0822575974803 37.1637751846214 37.1656477306154 37.0904335441372 36.9455542788516 36.742190646917 36.4938939426299 36.2150875036699 35.9196355101384 35.6196350511231 35.3245466818095 35.040727057619 34.7713736890256 34.5168441826465 34.2752756999164 34.0434069291161 33.8174942097156 33.5942136097577 33.3714494147778 33.148884841075 32.9283318735183 32.713763514076 32.511042774701 32.3273768132916 32.1705585541538 32.048087421925 31.966280289428 31.929488857771 31.9395279051493 31.9953906440395 32.093286665179 32.2269912919913
35.2785523995207 34.9932385614734 34.7921672371967 34.6867750822256 34.6823529113517 34.7775837965725 34.9645425320527 35.2291689611728 35.5522015533905 35.910525124919 36.2788483638871 36.6315869091536 36.9447930472815 37.197951812135 37.3754626688103 37.4676502080498 37.4711958503551 37.3889497777592 37.2291581720852 37.0042130225746 36.7290883059547 36.4196582481809 36.0910965167132 35.7565309401154 35.426082884798 35.1063629240055 34.8004347982076 34.5082063208736 34.2271643810454 33.9533438051192 33.6824061288913 33.4107023517963 33.1362013495735 32.8591813762703 32.582605498081 32.3121328146805 32.0557553503265 31.8230934151001 31.6244258311146 31.4695695954474 31.3667493943299 31.3216048139085 31.3364686620559 31.4100140482811 31.5373156907219 31.7103109433454
35.3683268653517 35.0501569450957 34.823649243557 34.7017928924941 34.690744266574 34.7893127384915 34.9889645887643 35.2743574802854 35.6243875458828 36.0136942584614 36.4145258361398 36.798824525526 37.1403541875425 37.4166709102222 37.610738536257 37.7120192445955 37.716923804071 37.6285804123623 37.4559641428429 37.2125075488951 36.9143740228947 36.5786094974485 36.2213907412862 35.8565615248402 35.4945981202153 35.1420829073921 34.8016998613631 34.4727072996329 34.1517972411924 33.8342193587472 33.5150303392599 33.1903246655613 32.8583085944909 32.5200945926686 32.180118900662 31.8461207231788 31.5286673133399 31.2402622639319 30.9941291426927 30.802811248439 30.6767616972746 30.6231083426066 30.6447606401971 30.7399810331477 30.9024779229445 31.1220016999606
35.4514436259111 35.101403329917 34.849073927667 34.7089056219048 34.687900667917 34.7850527056539 34.9913583759147 35.2904124027909 35.6595626130743 36.0715603403646 36.4965956556875 36.9045608367959 37.2673473434017 37.5609603825093 37.7672387359603 37.8749999949864 37.8804914167061 37.7871071689621 37.6044218891733 37.3466739873581 37.0308963954052 36.6749275730653 36.2955372906936 35.906872077924 35.5193716487722 35.1392406485404 34.7684907655742 34.4055057519409 34.0460319734924 33.684461947235 33.3152574251449 32.9343503101757 32.5403627797394 32.1355024365225 31.7260152469718 31.3221196950264 30.9373996963608 30.5876981163339 30.2896202459567 30.0588171826676 29.9082612634762 29.8467394125243 29.8777696438578 29.9990915307379 30.2028007857026 30.476104671674
35.5287889213769 35.1487042741591 34.8706048043713 34.7102447791051 34.6754146806759 34.7653439361338 34.970725421089 35.2743702353433 35.6524622377955 36.0763370959996 36.5146618357229 36.9358433445683 37.3104561421684 37.6134601669786 37.825986079454 37.9365024559342 37.9412444405238 37.8438691443762 37.6543967474445 37.3875829949677 37.0609346355081 36.6926143227733 36.2994816074978 35.8954844002562 35.4905586172656 35.0901236269318 34.6951888572292 34.303021593478 33.9082731223131 33.5044218770587 33.0853675294746 32.64699769406 32.1885485221392 31.7135930364437 31.2305189266602 30.7524028630542 30.2962512111576 29.8816534457363 29.5289759670788 29.2572978529054 29.0823420989915 29.014673562356 29.0584107767298 29.210633525111 29.4615706206321 29.7955391126473
35.6019460572823 35.1944625446943 34.8911236607026 34.708766041895 34.6558697557263 34.7319383263173 34.9275435195918 35.2250389659074 35.5999035944871 36.0226280279728 36.4610065702337 36.8826496993375 37.2574952414272 37.5600796935892 37.7713418796616 37.8797725655867 37.8817934019429 37.7813381723176 37.5887056838777 37.3188415462904 36.9892715605709 36.6179427503409 36.2212257156134 35.8122970767448 35.4000617260015 34.9887026711481 34.5778726351434 34.1634749920771 33.7389270719597 33.2967578027485 32.8303633304864 32.3357276401167 31.8129106318515 31.2671159754701 30.7091791411663 30.1553656076965 29.6264408185452 29.1460624722546 28.7386418516574 28.4269089171472 28.2294785571918 28.1587374548686 28.2193434701871 28.4075525908816 28.711473057944 29.1122116475701
35.6728849084181 35.2414241657091 34.9139004974031 34.7079507196397 34.6326036731864 34.687655438245 34.8637441429795 35.1431220764761 35.501075974104 35.9078961891442 36.3312443649456 36.7387227495591 37.1004144744441 37.3911515846336 37.5922831465053 37.6927619459442 37.6894419587635 37.5865708842035 37.3945590929739 37.128193132947 36.8045248060571 36.4406966800257 36.0519590117581 35.6500952744086 35.2424127067015 34.8313818870979 34.4149361236075 33.9873754640538 33.5407655239412 33.0666788378229 32.5580950339747 32.0112551238565 31.4272559341643 30.8131770851122 30.1825603729858 29.5551146152381 28.9555989650487 28.4119393078977 27.9527434901248 27.6044838388768 27.3886892689388 27.3195160982252 27.4020356589775 27.6314880224081 27.9936169486522 28.4660441380115
35.7436361363634 35.2923362878422 34.9422517097469 34.7114839821478 34.6094288316195 34.6361680625863 34.7825864113454 35.0312025915006 35.3576537111111 35.7327206367397 36.1247314352596 36.5021362914414 36.8360179410861 37.1022946492385 37.2833940156041 37.3692270286796 37.3573687853949 37.2524454926398 37.0648230713895 36.8087759318574 36.5003723312207 36.1553370808227 35.7871416269837 35.405530460451 35.0156308436428 34.6177212855155 34.2076632725018 33.7779374604284 33.3191728101331 32.8220147589885 32.2791449740502 31.6872401352331 31.0486429674419 30.3725209339384 29.675313916101 28.9803280482163 28.3164203750176 27.7158326018949 27.2113580495947 26.8331432710507 26.6055109313737 26.5442223655412 26.6545639151237 26.9305405196506 27.3553069450488 27.9027872599123
