_RESULTS/CROSS_VALIDATION_POSTPROCESSED_80-20/MHZ/IZ/2comp/1/MHZ_IZ_z_125_kriged_reverse_2comp_spherical_1.asc
ncols 100
nrows 81
xllcorner 5.5967107548124995
yllcorner 50.982328804812504
cellsize 0.00017565037499993607
nodata_value 1.7014100000000001E+038
[rows 0 to 18 of 81, columns 0 to 43 of 100]
8.796211748455415 8.677134776619406 8.56654873163301 8.47158103588427 8.395355660788843 8.335132488050592 8.297373241475803 8.281391074969642 8.280374751553603 8.285869733244597 8.289028212157676 8.2849037899664 8.270352274955204 8.242947361085106 8.202184986206605 8.147496353454972 8.078522965460316 7.995203849263464 7.8977345811840864 7.786546697807209 7.6622872584018 7.726285762254113 7.8880611256696636 8.045170813265008 8.20499898469736 8.36781930213195 8.536946768593578 8.710360858149519 8.885546154393102 9.059756495161087 9.230593852248862 9.395657853695294 9.551752072602923 9.695550531382931 9.823753598518211 9.932488822225768 10.017737313828555 10.075519517746736 10.105015917799264 10.120731740703045 10.124841223738208 10.119684281986796 10.116493375072283 10.125921693295986
8.72563885857926 8.592573278562703 8.464875912821633 8.350323528177885 8.255696541596128 8.184867912447807 8.150125956694158 8.14844827759581 8.165573008761895 8.187189527413238 8.202972565452075 8.208797889403073 8.20363997588288 8.186750499977641 8.156429354141201 8.111582257154845 8.052426973026375 7.979852054420196 7.89621814925676 7.808690922691586 7.74652191670091 7.7877615937290825 7.909833118954457 8.049856115732394 8.20035913344099 8.35969235032888 8.528175825309965 8.70335827478851 8.882581011614151 9.06193545665579 9.238193317594808 9.409706635962891 9.57352597448788 9.725832659755019 9.862638924259475 9.979781346437088 10.072937432210546 10.137698391944411 10.173053100943523 10.192960161200885 10.198186296540506 10.196410355097742 10.206278508122068 10.227872679145692
8.680523296631447 8.53491375068985 8.38999443103762 8.252369609576757 8.13159463503703 8.042704809728937 8.015381326250166 8.039083767558362 8.081570324521127 8.121848100429888 8.15209283569067 8.170227210458346 8.175273585706597 8.167296880955488 8.146982257709485 8.114744232668732 8.069873877490478 8.014765455807513 7.954752941545672 7.901528714512615 7.878501553877795 7.911765158137039 7.995626495245105 8.106040706711596 8.237375881303068 8.386139830763627 8.548300452986565 8.719921033530493 8.897601450404538 9.078910300136647 9.260501314772101 9.438076319208133 9.60848584349161 9.767778213170464 9.911836849986118 10.036325655885895 10.136640434259604 10.207900798196103 10.249547490951109 10.274351185122208 10.282621449714679 10.293501458766015 10.315092137877912 10.347150732523808
8.666089005428839 8.512032330636687 8.353820507526406 8.19460814215229 8.039775737129895 7.910669456103547 7.903012066430097 7.970804680939738 8.041726638574682 8.100544034567834 8.144488371269782 8.173179448029456 8.187205665746447 8.18770822169505 8.176253194840074 8.154860590102903 8.12572306243378 8.089838214770749 8.052942077778203 8.025235959473392 8.020599368837972 8.049883459285088 8.11119531234247 8.195575139617088 8.306199660573686 8.440824836100708 8.593326371873133 8.758579397731221 8.933667060770588 9.114838032073425 9.298232402880375 9.479824867577744 9.65492023650338 9.819458788281219 9.969260450209456 10.099909314937067 10.206624089712353 10.284104391762833 10.333261031736905 10.364151422736933 10.38328890313416 10.407117238492383 10.438326285413753 10.47877690171201
8.68621941594671 8.530579759030243 8.36857321807288 8.201504027418583 8.030134966037075 7.847310939113443 7.877657666176884 7.9786648988395426 8.064440459785796 8.132709488987445 8.183868737170462 8.21888582774809 8.239137823689521 8.24641735547154 8.2429068137254 8.231154246810723 8.214236863258959 8.195578429207345 8.177391408815843 8.166509940118925 8.170957536669016 8.196108519136336 8.241432772231452 8.304674122166622 8.396457644900538 8.516497167050566 8.65861720857348 8.818409102714218 8.990331197542742 9.169462516714391 9.351598019269849 9.533015866698518 9.710573105553939 9.87841749216702 10.032179313567212 10.167502930474644 10.27964525046014 10.36314447220529 10.422193144026606 10.46240052937519 10.498284534646961 10.533063901317227 10.570494840774721 10.616325525305683
8.741955653701066 8.592692543613973 8.438800728471023 8.284389529319741 8.139894000902839 8.031959301786193 8.022457120970811 8.08399185988012 8.156548900107959 8.2200871488691 8.27021867323491 8.306277908877707 8.3291230516487 8.340570395141386 8.343109985311854 8.339503940849633 8.332552093740055 8.325504103220709 8.32129498025269 8.321195390910562 8.329605680986301 8.349401623676007 8.380630856036605 8.425261417650129 8.500051350550146 8.60713199666963 8.741998369459754 8.896724794250106 9.064442805324843 9.239899861712104 9.418812042030137 9.597385899070627 9.772959386427777 9.941767742470157 10.097292372152014 10.235240884556045 10.351187859782872 10.44076289394982 10.512597695762098 10.570502586043041 10.624460180174063 10.666212979354892 10.704260248572789 10.751616651130504
8.830892181967947 8.694562419855826 8.557230280842884 8.425919944928124 8.31446740161101 8.243343452396392 8.225871937442921 8.255953968306791 8.305842589687977 8.35622842378531 8.399156298839767 8.43170879697638 8.45357574282117 8.466185163238999 8.472320364097257 8.475012402400013 8.476175024047311 8.47739528348244 8.481188717907846 8.487835912409297 8.497058803801522 8.510218888836317 8.527231784133667 8.553356524997847 8.611286823029886 8.710185983448298 8.840625388835845 8.990704579305529 9.153220942572284 9.323291905074873 9.49691848679293 9.67045623674989 9.841051720143739 10.006380062937145 10.16096533443607 10.298667344779174 10.415514590434153 10.51110084280146 10.596677050427836 10.681467269073938 10.758689920230612 10.797900099533896 10.828219311324823 10.874088573873383
8.947958858578398 8.828473995168942 8.710889483901283 8.602621135790347 8.515042569219574 8.462504482510644 8.446573397915023 8.46139730624588 8.493433845548202 8.52979418610339 8.56309564333586 8.589523000089214 8.60775903356794 8.618562891206382 8.625385143473066 8.632937536405056 8.641050371930929 8.648448056065545 8.656155373366314 8.665675552163085 8.673878363782176 8.67993318475437 8.683027939344305 8.689966395363845 8.727427830484055 8.82549298068754 8.95429612669515 9.09884193030412 9.25426666546746 9.416777692674156 9.58282770000423 9.74894185835066 9.912147047956369 10.070226797811943 10.219655627004745 10.353419915241018 10.466641581823497 10.5661155666168 10.660381287414118 10.771278801574697 10.897781682748102 10.903108209063019 10.92453268382006 10.97169481687737
9.086858423132584 8.985914898096688 8.888084011099444 8.799598368887168 8.728655978611407 8.686618514616798 8.675056000805837 8.683345368738317 8.703962997578632 8.728988690354363 8.753148111317662 8.772973186510995 8.78662973809133 8.793667003152402 8.796710478782428 8.809721835182062 8.824340765876444 8.835837701524397 8.845170446122772 8.853690619896485 8.859880855408809 8.859546351816059 8.851977479054824 8.849152676394603 8.874226353161454 8.965765356695913 9.08547310788661 9.219864066737374 9.36493746325203 9.517202850731373 9.673214647077367 9.829486129406387 9.982879878241116 10.131064163337603 10.270555676201006 10.396206820155735 10.50275303486161 10.600652566708616 10.691725740270515 10.796312490208141 10.893418909189073 10.939523934764681 10.977817908164129 11.035621744207639
9.241163330377411 9.15927935938256 9.08022300572968 9.008517371909546 8.950719751818106 8.91547422266785 8.905783132992184 8.912152624791934 8.92622477819282 8.943264558179902 8.960198233519852 8.974575556214859 8.984825063590373 8.990341280278065 8.993431541764318 9.008534459914195 9.025986901053013 9.039591428538813 9.04903839525959 9.054678744871152 9.056492225980213 9.049514736018512 9.03477810066283 9.032773207198977 9.061552129168852 9.13116944905048 9.231293130761875 9.350153312068315 9.48141918683209 9.620766416898725 9.764395445887681 9.908588626189522 10.049975180695501 10.185924348708207 10.312535520760278 10.425466202438399 10.525302747804686 10.614261423968019 10.692286080338055 10.77846432614177 10.861088733470847 10.927633927578103 10.989718344852161 11.06422193878272
9.404734247750536 9.342095945068316 9.281019671162964 9.224168171314089 9.177782054430487 9.147243053168244 9.135078870386923 9.1403863488765 9.151127850438543 9.16306145939642 9.17500676057231 9.185738526350555 9.195574469942242 9.205797778843483 9.217913768352577 9.234346567958738 9.251943568048912 9.266043763510758 9.27432801919584 9.275911352888357 9.270899579494687 9.255929887278796 9.235423222109143 9.230216184179564 9.24982200728651 9.30143453430424 9.381668084880507 9.483191972581588 9.598532343654977 9.722955208060384 9.852310209208431 9.982597378674466 10.11023304357856 10.230612092832727 10.337148577035283 10.431040621453594 10.518164843357281 10.59246964487362 10.654340566311998 10.724876694951524 10.799531725929457 10.873184560124544 10.95108910644334 11.042319437860861
9.571478109604442 9.52743314247143 9.483088693015398 9.44006956118869 9.40378117230973 9.377008635602078 9.362215336461823 9.361271460372768 9.370172823228106 9.379145288679895 9.389106720119873 9.402507773709631 9.418312294855554 9.435807616727848 9.454977949973124 9.475407959421469 9.494692451890245 9.509231104977637 9.515858695161016 9.512530670012934 9.498751327798246 9.47365652916314 9.44868847414226 9.436806249106832 9.443730508908358 9.47665915729319 9.534365695955712 9.613514922265495 9.710501780115273 9.818852376899837 9.932652733004685 10.046084593442236 10.150821355525268 10.244895009969474 10.327378449729325 10.405974726060206 10.479007295047202 10.538650582598194 10.585024692350833 10.641413357182397 10.707576226997995 10.781229504954258 10.866465455117618 10.968195206130682
9.717322118247807 9.687899650505065 9.65860677733772 9.629296107831358 9.602345347955657 9.578682179567153 9.562215066035728 9.557168775806664 9.565024502717083 9.581975254655939 9.601289096418993 9.621502243236101 9.64453363788207 9.669640886062728 9.69588251420411 9.721790317639336 9.744767502964166 9.761143307766066 9.766794910283132 9.758205975256368 9.73402283574524 9.6989974239824 9.667783428829173 9.646277500978826 9.638699395822544 9.652522024835323 9.688236002349342 9.743778641236442 9.816527553125422 9.903745840787542 9.995113134552833 10.079764648697271 10.156236525314512 10.224088414119814 10.290010764595483 10.353951176317 10.41291953320647 10.458915513370016 10.490315122373996 10.53177677567665 10.586942452604543 10.65555767099187 10.741747882456513 10.848049731430951
9.823914521356063 9.809235846865326 9.79656907688554 9.783368770949927 9.765609787337548 9.74200071324315 9.720916104988135 9.710977860731832 9.720629361773533 9.748263389985716 9.786741245266208 9.826379220097566 9.86354750773945 9.897285542762562 9.931332388048952 9.964034383220755 9.99260823072983 10.013001934576184 10.019617032261058 10.006192040850705 9.97013862835109 9.926804288176266 9.886145454267849 9.852499496702642 9.829488482217108 9.823458717575525 9.837160063749572 9.869176962518624 9.917061908882886 9.970007404720315 10.024116227707914 10.077889409918289 10.126720290518113 10.176478446038068 10.227437101887098 10.277704917648917 10.323876766601728 10.35770339261829 10.374404958205014 10.398648490701024 10.439454055600622 10.499007891349335 10.581333756378529 10.687417120767856
9.885079007261218 9.883955594821913 9.889551126970868 9.897975948790354 9.890817582885743 9.860528754543664 9.830768827230324 9.821382303539163 9.837220468644508 9.874547165270926 9.927033430477723 9.989022365805814 10.050352798218682 10.105816969741799 10.151475342287156 10.191920274709783 10.22754944407526 10.254451299288199 10.26573927616674 10.249561491611058 10.204427216190798 10.149575915415724 10.096212719276773 10.0486123980961 10.01006332978551 9.983950660477475 9.975542940540679 9.983578179328584 9.996340545373759 10.00972616459292 10.02412650259807 10.042855312435343 10.071580121732728 10.104518354752784 10.14072847274125 10.178704001862254 10.214550286188427 10.238415075808868 10.24067256646313 10.243933063891433 10.266557343108696 10.314048060061069 10.389166852888303 10.49169934243833
9.89487649863628 9.902673847293421 9.923389611374335 9.960505673870692 9.97226876381357 9.918766806166186 9.885133942952578 9.882482053267264 9.908410525474297 9.95866709748896 10.025874210526469 10.104191961601952 10.187937674274101 10.269356181839123 10.339929477441157 10.394596631459775 10.437284714376736 10.471632898549107 10.492664929608933 10.485213764158969 10.428178443678132 10.356314144956198 10.287930622573207 10.2232857910733 10.165667832374638 10.117462262805363 10.084513196063913 10.058577730285375 10.033285215722392 10.010002517470289 9.993692697659252 9.987391789479547 9.993207214291713 10.00891834740397 10.029826997879569 10.056239005583244 10.085252999689684 10.103705807980369 10.091066641970441 10.067586452417007 10.069049602892358 10.10281554335657 10.169197802996802 10.266533656650683
9.849798822854703 9.858013085508963 9.879557741403138 9.916123524095408 9.929062763649917 9.891281651766125 9.874339298931083 9.887758051300796 9.929771941637924 9.99655271090186 10.081967255708793 10.17862481009726 10.280634168962045 10.381687348229905 10.475149003530362 10.553662100495844 10.6090886923848 10.646466528481103 10.67449235729176 10.694950124033905 10.611641679587002 10.520387182461704 10.432293411214456 10.347728543566598 10.269753693403086 10.200766472839694 10.137346138547356 10.073986747975198 10.01539159620939 9.964277620343141 9.922861463990138 9.893930631376977 9.879266643950062 9.880202277535853 9.891027258852334 9.906482386253538 9.929105432461375 9.954154250779439 9.919007180351176 9.864834545264888 9.84638502735379 9.86757213133461 9.925864581571615 10.01809417963412
9.751153765866002 9.751864186294865 9.761877645691493 9.777773184167625 9.784862237610504 9.785468301156772 9.799102602833782 9.836838031775647 9.900406150676345 9.987406668830836 10.093410534630207 10.210904328973793 10.333072100367003 10.453317964232609 10.56453700434085 10.659217033534876 10.729507630970456 10.770552342656174 10.791936951937632 10.777880336259734 10.710502899507034 10.616496863539043 10.515670358612535 10.414460695974933 10.318591813947453 10.230253391905176 10.137348302645693 10.044301174786561 9.957649398767622 9.880094016175045 9.814360549293811 9.762915491232912 9.727288736197284 9.708851753303977 9.707528958392956 9.714448612472312 9.726770887936812 9.73340990589599 9.69034422093255 9.628962558692605 9.599238719414616 9.612098160034405 9.66475444970225 9.753366194763613
9.604631241852063 9.594062854307923 9.591145742600279 9.594562176872184 9.605577712221274 9.629516008223302 9.671000362286723 9.735034372443794 9.822932028933709 9.932776952282529 10.060578002345292 10.2005623011213 10.344430268919425 10.484986755345588 10.614562966051478 10.72480328260306 10.811588658396442 10.863092921335236 10.866754412476217 10.83165407106441 10.759048367957721 10.661373934960777 10.55097471787933 10.43696669606891 10.327067846176579 10.21618001188715 10.097907990631755 9.978022630236023 9.86448664057449 9.761851426987732 9.673041955897101 9.59974736686902 9.543211298225193 9.504459620041724 9.484288278729581 9.476875494992452 9.471959261273087 9.457333967427441 9.417605653340757 9.367169202759017 9.334279523101447 9.343061084349467 9.393042199643563 9.480260752333662
