_RESULTS/CROSS_VALIDATION_POSTPROCESSED_80-20/MHZ/IZ/2comp/1/MHZ_IZ_z_63_kriged_reverse_2comp_spherical_1.asc
ncols 100
nrows 81
xllcorner 5.5967107548124995
yllcorner 50.982328804812504
cellsize 0.00017565037499993607
nodata_value 1.7014100000000001E+038
[rows 0 to 18 of 81, columns 42 to 83 of 100]
0.0965693435749154 0.0968437681937061 0.09747650425201225 0.09841988188847703 0.09962187913118653 0.10079394650359588 0.10098234421627073 0.10007258205337596 0.0980744180110391 0.09503480378846094 0.09104322983223484 0.08623412160784996 0.08078415190722299 0.07490316484383318 0.06879903971252069 0.06256280130906958 0.05641518262928869 0.05058568517275439 0.04527897675702682 0.040695888448890265 0.037084115450435017 0.03478451651809017 0.034076178704971746 0.03482479677926135 0.03663203894655349 0.03922094873521008 0.04248964680700958 0.04632560734092931 0.05044373008457482 0.054755992360754874 0.05917560186238303 0.06360310606010448 0.06792479186086961 0.07201345042159775 0.0757312011845514 0.07893422998809613 0.08147926612984001 0.08323149253239381 0.0840734023880501 0.08413518328291239 0.08413518328291239 0.08413518328291239
0.10009853626114147 0.10067103207059908 0.10166438487587395 0.10308648568089464 0.10481985288190172 0.10644178912754632 0.10697142494922098 0.1063087210968751 0.10443349723185091 0.1013643326854229 0.09716946090800874 0.09197503781841851 0.08596682056871086 0.07938172866341352 0.07248839505185971 0.06545274254331483 0.058463082240813445 0.05178072303039928 0.04561738545914037 0.040152313732984654 0.03561165156923104 0.03252504371954294 0.0317739393561961 0.03296826467420072 0.0351133135938544 0.03785385741713511 0.041132669662497665 0.044988602823693775 0.049246125999351305 0.05367979660769925 0.05821181488873536 0.06274843488606939 0.06717949892349623 0.07137980894545033 0.0752122843514222 0.0785328995883544 0.08121141268647036 0.083122096031814 0.08412831787642058 0.0842765950307469 0.08430127710564533 0.08430466489538732
0.10491134953211449 0.10570273923734991 0.10689326973813455 0.10853231413344877 0.11065382608616231 0.11282156418102234 0.11386160954034792 0.1136296622764241 0.11206260961789344 0.10913403425369707 0.104872735366477 0.09938086081734794 0.09284502363002646 0.08553240165651546 0.07776713971292963 0.06983913296412984 0.061928486434769614 0.054336395639028146 0.0472941782362684 0.04094803068224787 0.03538179919036971 0.03079240589894423 0.030275437673252553 0.032298298339056355 0.03472026835424439 0.03750837855633506 0.04071843365797556 0.04442888526499561 0.048688218362295 0.053179961149064814 0.05776475790963708 0.062352022662534035 0.06683350903613071 0.07108718272870683 0.07502188777355934 0.07849979632370058 0.08135563512760105 0.08342830230141295 0.084572773991044 0.08480285138166362 0.0848579378385158 0.08486533505880316
0.11093898966727668 0.11187330103719789 0.1132058695617508 0.11502819421060814 0.11739638430177148 0.11990995087852499 0.12154732997324226 0.12198458778931547 0.12097970118116205 0.11843978266678462 0.11432683298341255 0.10869109699445555 0.10170092255117251 0.09365267477702426 0.08494595184793173 0.07600555682635664 0.06708559865950196 0.05854138132813592 0.0506666890756163 0.043648040452296 0.037623329973974926 0.03303221638441163 0.032048689689633494 0.033578904664384256 0.03573010187287121 0.038291721019503414 0.041278730282697025 0.04475265807442848 0.04879904368400025 0.05327771974185523 0.057852162230877455 0.06242952195151143 0.06694197109526485 0.07131285900999224 0.07539129473093062 0.07901098498989129 0.08199848165989793 0.08418392029941961 0.08541384036330259 0.0857014009159606 0.08578994880461907 0.0858017650504581
0.1180729250555462 0.11901971914223758 0.12040807536090165 0.1223768778998385 0.12500119752246752 0.12793965790532638 0.1300627351270464 0.13123581547181917 0.13112848759769521 0.12932713528901127 0.12568835706668616 0.12016259723403307 0.11285851593214406 0.10408800501662029 0.09435129668999027 0.084244783916424 0.07418364837930266 0.06460969391774997 0.055921088738048644 0.04839692576313219 0.04231032262498366 0.038140198118306316 0.03643114626031731 0.036731945704699204 0.03812861486971789 0.0401873260597448 0.04278549947840964 0.04592048119989162 0.04964339559508077 0.05396887343553523 0.05847478877824915 0.06307037513742378 0.06767214409718074 0.07214354276133879 0.0763265626341644 0.08004677004278966 0.08312158864672572 0.08537168973779424 0.08663481606685983 0.08695823893487532 0.0870843061777739 0.0871010856140717
0.12609314564697383 0.1268572124564577 0.12819598856008294 0.1302712839814649 0.13316096647010334 0.1366386333747335 0.13946356825051398 0.14140190248210782 0.14232670337005143 0.14173704252555105 0.13905161249735315 0.13404282334179782 0.1266732333630417 0.1172238113510341 0.10632527544893286 0.09482266184002022 0.08339670146170011 0.07262122374421455 0.06301035963737353 0.05489552330027561 0.048523746081912844 0.04411626917836094 0.04173648295495659 0.04107620900666432 0.04163706582512192 0.04305306076629443 0.045145174446434476 0.04785587947946244 0.05119770479640052 0.05523394687902633 0.05972213220411444 0.06435425235116699 0.06901033812557883 0.07354668595093539 0.07779724792298709 0.08157845227789591 0.08469770698156953 0.08696548024864272 0.08821025720894131 0.08856232123577777 0.08873121833390572 0.08875367447709546
0.13451673644888923 0.13490695276089604 0.1361280293464584 0.13829234260951626 0.1414606589466335 0.14555200307527835 0.14930955684447084 0.1523233626379198 0.1544463789739614 0.15541874873436756 0.15436564981830006 0.1505166602356199 0.1435130657293785 0.13347312180243814 0.12119045641680858 0.10792183690495458 0.09476570838955051 0.08249674856216352 0.07172912972379611 0.06278288576195201 0.05580206725220264 0.050813440562518866 0.04770434874383112 0.04620249192839302 0.04596343274135112 0.04669772436466929 0.04822331539667977 0.050453528960804066 0.05337833095668134 0.057137308053522046 0.06159389140869459 0.0662315935244359 0.0709102536582753 0.07547841575369822 0.07976136091474284 0.08356569786483775 0.08668807035961776 0.08892797885543847 0.09010403826163534 0.09050470487763157 0.09072336322500454 0.09075243019068296
0.14240200198958516 0.14249539804785186 0.14365629400210436 0.14593562563413318 0.14939362151405935 0.15408064109060077 0.15897022121819152 0.16334662533482347 0.16708863077387243 0.16993029911049554 0.17127669768218348 0.1695905354027365 0.16372121100321294 0.1532551573361701 0.13917110342073208 0.12352100251913353 0.10809766309331827 0.09395203806743957 0.08174304210356269 0.07171045387805325 0.06386688058662109 0.0580971234921081 0.054194083645879965 0.05188454834831432 0.050879755642516775 0.050932867895213556 0.051869800611358124 0.05359166777355811 0.05616280827150331 0.059662896765828616 0.06402232013250746 0.06863916631207466 0.07331146627101558 0.07788019805933746 0.08216193320758011 0.08595318986555447 0.08903930101430733 0.09120799963029713 0.09227791886624732 0.09277767204765217 0.09305519215053913 0.09309210165700306
0.14874245574717618 0.14898636691793712 0.1502499514923149 0.1526846464630935 0.15641179136938427 0.16155116866236574 0.167641263990385 0.17355332635717294 0.17922347467719088 0.1844798005013374 0.18884199579966668 0.19080317084833634 0.18752312970645027 0.17694897842994936 0.16017663294391604 0.14112915178559354 0.12278032830845814 0.10640249589482953 0.09254043446134239 0.08125777325743495 0.07240931509730429 0.06575899159893561 0.061029335901354224 0.057930605545484584 0.05619010618454625 0.05557935709129021 0.05592946146722278 0.057196747200774445 0.05945298084518724 0.0627019600188097 0.06692536800203823 0.07149763309516483 0.0761361385121455 0.0806751675087137 0.08492317216260106 0.08866681641449935 0.09167986127016582 0.093737428032879 0.09474785389090364 0.09537375842859078 0.09572484809653088 0.09590848413810339
0.15333871197563384 0.15405071136669032 0.15553420445553498 0.1580974354536512 0.16199794669046874 0.1674253743141447 0.1744206657040236 0.18181991482635176 0.18942855254747695 0.19729206340609798 0.20524956692863275 0.21240496996170027 0.2146709466314492 0.20473681944369201 0.18308676918506633 0.15923828757147052 0.13753122582532412 0.11887124140482037 0.103389580604912 0.09088096392577234 0.08103369975758919 0.07350989850521995 0.06794728538604693 0.06405594618536643 0.06159742973982868 0.060361841467986434 0.0601975259528244 0.061135904565965044 0.06311633202475876 0.06613114827945196 0.07020442849905148 0.07470865268304688 0.0792855865060004 0.08376427818474189 0.08794633733869874 0.09160947363533585 0.09451606771265199 0.0964277898088854 0.09757284644403738 0.09881559501740962 0.10001677265276784 0.10098148868291468
0.1554253559220048 0.15659990115151057 0.15852585436475397 0.16148688291541477 0.16566216275845996 0.1711898603081742 0.17845999855294611 0.18701290568517165 0.19612109788340848 0.20603487663508357 0.2170252270105586 0.22930949143325935 0.24166789522524468 0.23507739495619737 0.2033208666363682 0.17462418658565798 0.15033274758715132 0.13004671091318928 0.11337034014876696 0.09965796559556885 0.0886057583016079 0.07996101509163127 0.07343571189316106 0.06874418771083138 0.06562764437453944 0.0638677187091287 0.06339332950596255 0.06420786571385029 0.06621562841129586 0.06936124778983913 0.07358742218813448 0.07815046277594905 0.08263708380001729 0.08702265299203182 0.09110564971245877 0.09465666546841374 0.09744525773627673 0.09976147739577032 0.1022169927365562 0.1047625964435585 0.10712248795018685 0.10904076161555155
0.15500808231697616 0.15627677859544517 0.15838260408117577 0.16158489055033826 0.16606552765302496 0.17195670922504996 0.17936297609514637 0.188296162425501 0.19808210136932486 0.20874771644220605 0.22052466370132795 0.23345248247269315 0.2457485423336348 0.23981194718171112 0.2111750867146862 0.18329429150295032 0.15905355410913574 0.13795654225215265 0.11997780007010848 0.10508374459929976 0.09306064001783278 0.08360986863774168 0.07640955331320072 0.07115313237474295 0.06757124838972173 0.06545703622266139 0.06482604648272332 0.0655944988384931 0.06767681684168705 0.07103372106726635 0.07562727575653998 0.08071344749554445 0.08572903838718007 0.09029414037718593 0.09424483887394317 0.09781091848344715 0.10145190724216234 0.1051825872053778 0.10916597478076949 0.11315366318339745 0.11685720831433546 0.11997231580561948
0.1522335678399564 0.15324793922941352 0.15524555053805902 0.15842277249306835 0.16291797070075076 0.1688269469173984 0.1762119936634601 0.18509788016354348 0.19498085302466817 0.2050435261938071 0.21536120661768487 0.22491645249206937 0.23037992598574233 0.22432741653343816 0.20624571676029338 0.1837260805864994 0.1607886684907277 0.13977480177980556 0.12155170525583393 0.10630922977594595 0.09392214295992497 0.08412584812032488 0.0766116678703062 0.07107948945603287 0.06726498176146052 0.06501797161089441 0.06435764878757218 0.06516406884078323 0.06736856914481218 0.07095340485995923 0.07589039078978801 0.08142902389752621 0.08706357563816522 0.09241434778338714 0.09724280908855201 0.10162546727694496 0.10593160380400164 0.1107671861944198 0.11604438522652905 0.12147303753576055 0.12667622943608334 0.13124040746206828
0.14721575941017911 0.1477319946638265 0.14940411809683504 0.15234205731347947 0.1566116874563564 0.16224269875780756 0.1692243567743327 0.1774839955912614 0.1868360248592787 0.19614100828744385 0.2042893676806879 0.21061535723899152 0.21292106648337178 0.20821271319998733 0.19494850433116218 0.1760103703006108 0.15539235954450833 0.13572514709651953 0.11825735091029978 0.10343262811466043 0.09127108281651364 0.08158955472861339 0.07412641710891604 0.06861063595809268 0.06479759457056831 0.06261771670848948 0.062043959582199784 0.0629614928690127 0.06532312297730991 0.06913646102850798 0.07436181352989227 0.08025635939751283 0.08637196991368765 0.0921057755030572 0.09794749223778425 0.10358797792474285 0.109081842343409 0.11507665906432922 0.12179529194327457 0.12890122269048102 0.13589434065941874 0.14219064816999735
0.1400908861331737 0.14001993449493663 0.141275203569984 0.14386523740729398 0.1477725454053363 0.1529526256100617 0.15931898037565795 0.16671167695096864 0.174841802582602 0.18318689230644328 0.19014695818700944 0.1945110468255953 0.19571602571131722 0.1910752645855739 0.17943227470963335 0.1630764992663633 0.1448886578023834 0.12709596996984943 0.11098061288479025 0.09711572082541274 0.08563752547867906 0.07644752493430299 0.06934260469450419 0.06409225691293424 0.06048610118531291 0.05851869236884324 0.05811959806196497 0.05919746912943813 0.06172912105269774 0.06575308604556969 0.07118078409459704 0.0770506049433954 0.08263624777246807 0.08872749623632839 0.09530403463651549 0.10242062572764178 0.11003498728978903 0.11773399983337815 0.1259983406928557 0.1350293403948698 0.1441566901185214 0.15249248660660272
0.1310616905894084 0.13049501673031386 0.13138233572453842 0.13363380408619804 0.13715674896926483 0.14184363258386354 0.14755021945628358 0.1540627641000474 0.1610518993627972 0.1680147317922827 0.17421359808119866 0.1781308940867674 0.17799315166351615 0.17257628367080877 0.161841340093419 0.14737247221284566 0.13133289672945384 0.11548414850563091 0.1009622133197429 0.08834840300811882 0.0778362105464695 0.06938893713126278 0.06285597601348115 0.058048102368623886 0.054797620572383354 0.053153040768041504 0.05309395649226977 0.054518133225655074 0.05739578395188119 0.06176162011043504 0.06695214263211555 0.07191185780309053 0.07725220875911229 0.08337612937381296 0.09044545993188308 0.09860197114133708 0.10778541854800032 0.1178207952999562 0.12813232278756573 0.13931927143152972 0.1510352798946784 0.16175302045751713
0.12046359019208111 0.1196489568502448 0.12032789009539076 0.12234217266267668 0.12554856993350233 0.12979945311406374 0.13491921020911016 0.14067560487255837 0.14674702494219277 0.15269174639685215 0.15793601141854002 0.16114926339922714 0.15963527167689395 0.1537385240597463 0.1436049023079691 0.13061175834362346 0.11640928372415023 0.10237910195393728 0.08946735091111663 0.07819805652416315 0.0687743435313478 0.061194289484821994 0.055346714600997354 0.051147897688431 0.04855504921927404 0.047535942920280766 0.04797925431776193 0.04982172435634537 0.053069893792085904 0.05733033580298399 0.06168453923609457 0.06605700735637851 0.07126122023998341 0.07753879546281757 0.08500170499070174 0.09370990232196687 0.1037112322372274 0.11500246742469147 0.12745196352081353 0.14093330104264562 0.15591389906744127 0.16946640874755708
0.10882887742019724 0.10807711834970726 0.10875220108294435 0.1106732070530148 0.11367710235568604 0.11760132870042238 0.12226350312200329 0.12743927882731237 0.1328410547128019 0.13810376700684984 0.14263601515661173 0.14403253733406837 0.14154439090822668 0.13531301702991017 0.12573753941992538 0.1139903193465099 0.10137317738893102 0.08898036826095751 0.07758226724819126 0.0676244316011386 0.05931039899904247 0.05266775378990157 0.04778355889529161 0.04447169474270112 0.04256661181339243 0.042088638741999106 0.04298352875303947 0.045215738577965486 0.04850809792814755 0.0522189495689622 0.05583457211627385 0.06002338468047154 0.06527213074475921 0.07163530286452034 0.07919840427516726 0.0880776023133006 0.09841092115469616 0.11033646968888731 0.12394813777318106 0.13921592896871077 0.1569871377721119 0.17416497718833593
0.09686253105657695 0.096426982116441 0.09727646440558527 0.09924050507887593 0.10215968020474611 0.10587586092289385 0.11021744911202623 0.11498350979752794 0.11993044586684623 0.1247662133107323 0.12813242331818264 0.12820320525453063 0.12491226319403927 0.11826039693515168 0.10897783189798022 0.09831460802767966 0.08711504571433079 0.07636166625501153 0.06657288431923136 0.05802284388934285 0.05092710591472679 0.045491497274625495 0.041537360402742786 0.038903957574571886 0.03749360563006477 0.037360604532860574 0.03849550474457583 0.04079273035828393 0.04367288154682272 0.046845446329355465 0.05018189815595103 0.05441127552711529 0.05962326093553368 0.06587272008860408 0.07325766652559372 0.08192355163813583 0.09206227189585642 0.10389604127180982 0.11762496444911082 0.13327586405530892 0.15025971946115715 0.16705401007701925
