_RESULTS/REVERSE/TZ/5comp/TZ_z_710_kriged_reverse_5comp.asc
ncols 100
nrows 90
xllcorner 5.6208707817415728
yllcorner 50.959635321741573
cellsize 0.00013419651685393446
nodata_value 1.7014100000000001E+038
[rows 54 to 71 of 90, columns 42 to 83 of 100]
0.9524243056314177 0.7515905742864396 0.5810692253186279 0.4490216783254832 0.35348090379238856 0.28800309235202093 0.24546809025481853 0.21974247581000012 0.20600826567369976 0.20083025868858861 0.20251806190126545 0.21047353102317085 0.22203277205649868 0.22954721796278427 0.22292840152400975 0.19708692755744406 0.15631128211359321 0.11123214600030605 0.07193759764233494 0.04326709133637436 0.024928884177740425 0.014212080735606075 0.00827173532304542 0.005047157393743361 0.0032908911553199654 0.0023166502987482292 0.001762610093633269 0.0014369597502866907 0.001229422174315793 0.0010654838103794021 0.0008976501045098006 0.0007223020484920004 0.0005691418941965218 0.0004586778828262945 0.0003892613072252529 0.00035038510122234776 0.00033242635732742273 0.0003291581554437683 0.0003377681727682685 0.000358659516341485 0.00039553438300460797 0.00045599210510517246
0.8643710356868786 0.7357670494815713 0.6154266726107671 0.5139002698562711 0.4347034228800469 0.37683461835003296 0.337176042030765 0.31197744703858316 0.2974931729322292 0.29049645608130586 0.2895171205095096 0.29550760625890304 0.30872554183067247 0.3231571509258696 0.3254515397611028 0.3030299307612328 0.25486975860159455 0.19301123472670562 0.13337637852038062 0.08610452235477553 0.05340265299990885 0.0327503855008353 0.02040554958698363 0.013214544454715791 0.009041405010532815 0.006592887346113699 0.005127236028670021 0.00422252439698089 0.0036266494418885947 0.003170980423381089 0.002739846539820131 0.0022896010716058437 0.0018571997633628017 0.0015013428652383366 0.0012443641846582784 0.0010740687295209732 0.0009678756841497228 0.0009067614183036189 0.0008791264192847411 0.0008808476267070142 0.0009145289835307926 0.0009890980572523568
0.7245963804918317 0.6508067415797866 0.5744395062111454 0.5041566610621739 0.4445712058362048 0.3969732928741866 0.3605753752181006 0.3336419722815361 0.31424696830260707 0.30080066529458827 0.29284348474728605 0.2917460369535925 0.29917094130814953 0.3127700605875568 0.3227833657529456 0.3148092043020619 0.2803642511017064 0.2257600013307598 0.16671787440951885 0.11585924423534462 0.07787861778492985 0.051957793282232496 0.03520376105575858 0.024679485073262664 0.01813477070667726 0.014055634678746402 0.01148496903756037 0.00982675979893135 0.008697612499507866 0.007830776002262459 0.007030734216947001 0.006180998998269796 0.005276485141653907 0.004404247210293661 0.0036579489456631973 0.003076289996835733 0.0026484320732771843 0.002344971869715452 0.002139238945638977 0.002014991609997955 0.001966937752610564 0.001999335776488544
0.5703391819307763 0.5300498284793506 0.4830599827889814 0.43515486117437446 0.39015188746126866 0.34995494158473495 0.3151626813231046 0.2858050289783489 0.2618357799578542 0.24326776795211705 0.23027553976611936 0.2235076680427928 0.2238134512216091 0.23037045781659607 0.2379581686519922 0.23652206181088375 0.2174790493283245 0.18273389519882752 0.14264146998326707 0.10629550898177081 0.07758711948328403 0.05670306575521206 0.04225699510288676 0.03256389590763547 0.026178233267502002 0.02202069074461338 0.019330700980850095 0.01757355051449905 0.016356814406088792 0.015374154097781402 0.014382062657850261 0.013212266165509178 0.011809596555404459 0.010251695037562495 0.00870056182167427 0.007308074882642066 0.006155174731232257 0.005254918716110562 0.0045851283569494404 0.004115909456406708 0.0038232528888062613 0.0036935118066545865
0.42905688665818437 0.4063283821514065 0.3762726652767136 0.3423981183786865 0.30749782743805193 0.2735546158934414 0.2419599955160019 0.21377211412853642 0.18979641827234442 0.1705027236745222 0.15603098920474734 0.14642992782926054 0.14172157978005853 0.14112402978713595 0.14160713942527167 0.13777873153755177 0.1257090178887862 0.10709379828217086 0.08692314275246688 0.06892949072841326 0.05454298594075381 0.043793818172234274 0.03614544280042426 0.030937857431926237 0.02757411589679523 0.02556818333083722 0.024527304993802117 0.02411208425134246 0.02400059799209436 0.02387474204934131 0.02343970660910303 0.02247463154717469 0.020894399196511003 0.018785777341717266 0.016380438962170018 0.013963061072067243 0.011767965300522489 0.00992651642960821 0.008476051898290066 0.0073975557713628366 0.006650717191417766 0.006195510458583797
0.3133249028065841 0.29882407215332024 0.27800054365281357 0.25296586124474135 0.22572062964595685 0.19803710342913045 0.17145419426583147 0.14724149205133216 0.12629276099838557 0.10904478411311608 0.09553690479997384 0.08557231708159696 0.07873713295130434 0.07408861829804074 0.06985588224452705 0.06409734628006732 0.056312147542195316 0.047744827359510474 0.03987470932842434 0.03345024443511764 0.028613954266296624 0.025241172324563 0.023136472217020906 0.022115478668108327 0.022026991171640774 0.02274182542906039 0.024120786828548693 0.02597189869009781 0.02801296577564531 0.029864459403716622 0.031097329322360416 0.03133793061438007 0.030392353682985672 0.028324796580462875 0.025439595115840728 0.022170747695809418 0.01893814013309692 0.016043486757874276 0.013641289915197679 0.011768394327489535 0.010393690884587617 0.009460218046893811
0.22489739524171765 0.21385251625584836 0.19797921943259905 0.17862893156264675 0.15725619538230876 0.13529989945806734 0.11409254213251446 0.09473772719802931 0.07797826381143584 0.0641367157335178 0.05316423395295353 0.04473805348288578 0.038322464821076124 0.03321112602280658 0.02870431536791125 0.024448484725481154 0.020557647175551672 0.017305270021326806 0.014827438644647776 0.013108589703943695 0.012077450334315717 0.01167202812890685 0.01186516989175441 0.012669940842517649 0.014132720438795527 0.016312171203764818 0.019238428332998783 0.022850582327746276 0.02692532483668765 0.031033094588756912 0.03457242876040078 0.03691044739335127 0.03759082375996511 0.03650520255426823 0.03392750294603526 0.030394126275456138 0.02650694459388421 0.022764394869732932 0.019482272865440693 0.016800784727919175 0.014737084365769261 0.01324328113352562
0.160392867890939 0.15068087518942144 0.13755985847308294 0.1219858976421177 0.10506364678730587 0.08793253554937165 0.07165064210354467 0.05706245609015928 0.044685276405130245 0.03467231313244435 0.02686895878676289 0.020924411459650537 0.016412939545361376 0.012944422087764374 0.010245513620767753 0.008169896484501194 0.006636031995059275 0.005568291497685924 0.004889090852791754 0.004536296094834275 0.004476644094929655 0.004711715207340778 0.0052817492492433045 0.006269686980802791 0.007802925620795065 0.010044840526169616 0.013162788143890686 0.017259015743692558 0.022265281011806574 0.027836784074329407 0.03332006630603097 0.03786817631764661 0.04069945870758137 0.041382067726812966 0.03998107528675575 0.036989195715012906 0.03310456078149805 0.02899409044062291 0.025147001139561524 0.0218399462268969 0.01917627552335849 0.017149999067822035
0.11489687327262549 0.10581298463711944 0.09450103248510865 0.08170259176502503 0.06829009263871554 0.05515729671611469 0.04309627393110264 0.03267735027211906 0.024173751161552966 0.017568246803816932 0.012635423552389322 0.009053966852263978 0.0065015301533237185 0.004708153263681301 0.003468753083487575 0.0026318875568768973 0.002085538260692349 0.0017492561507502977 0.0015703296180747772 0.0015207441071941278 0.001595243823483591 0.0018121895821094003 0.002218481646283378 0.0028988507802156084 0.003987754327224417 0.005677392724692792 0.008207304362770418 0.011813368842609414 0.0166189466444801 0.022484261097855753 0.02888900707462518 0.034959971211153365 0.03970209663775723 0.04234949427166695 0.04264037843967233 0.04085944723102774 0.037654164285335974 0.033764792070732866 0.02981319359931225 0.026211191069993083 0.023168155345878773 0.020746490920779882
0.08359515831509433 0.07505541652438008 0.06522304072540698 0.054695282643900854 0.044156844881630776 0.03427638784152354 0.025593791326474005 0.01843091321053487 0.012862153492370887 0.00875610207431271 0.005861468045899573 0.0038939638563663943 0.0025949219571341584 0.0017568905613923752 0.0012265269192384151 0.0008970699891865918 0.0006980993945059842 0.000585947253308224 0.0005361210379111928 0.000538377068977971 0.0005947560251402602 0.0007208957525730396 0.0009512724786206707 0.001349335493251718 0.002022890800440544 0.003141832495664686 0.004947340082402461 0.0077296273359790165 0.011744939880644102 0.017062617485241575 0.023393220342190713 0.030016615991290123 0.035921804703903853 0.04014203938290319 0.04210882328025792 0.04181770289585955 0.03973667919420337 0.036558207632282444 0.03295380383820372 0.02942973480676502 0.026292364982778618 0.023681396181001478
0.06241465215715309 0.05448697403258231 0.045977551479954235 0.03735466271296383 0.029127543503673532 0.021756740728240017 0.01556638571460503 0.010691450930332492 0.007081689508536547 0.0045554091712218595 0.0028727157807240905 0.001797226268078772 0.0011316772450887865 0.000729233937384339 0.0004895874974396297 0.0003486922683330208 0.00026789821448251934 0.00022519994928510743 0.00020932357829232475 0.0002164468481231638 0.0002492152453345767 0.00031806317627472436 0.0004454598228742035 0.0006743761844360672 0.0010824905965188443 0.001802004595792192 0.0030389072866394778 0.0050733960957790895 0.008210254158746308 0.012653353029383387 0.01832531802083874 0.02473064949409213 0.030994375305037788 0.03612175901938143 0.039358045155888866 0.040437862347039395 0.03959714052109172 0.03738947767924743 0.03444798141376343 0.031310717544375796 0.028347410148498786 0.02576379817779954
0.04821515928775369 0.040923794446744516 0.033567612127684054 0.026486873890557365 0.020029330548910183 0.014480575378773172 0.010004345428774163 0.006617771927124655 0.004210827953310786 0.002596839616123105 0.0015688577823239017 0.0009414061698820634 0.0005704863495136232 0.0003557315308053278 0.00023279804110921742 0.00016302126302441633 0.0001243358656014664 0.00010480850712462578 9.867307515556192e-05 0.00010432146884068862 0.00012384036824371604 0.00016408636256191444 0.0002398526307196766 0.0003803665338206001 0.000640911684595515 0.0011207818962277784 0.001984772796720121 0.003475365589685919 0.005888560368485175 0.009482334512096876 0.014317406323186455 0.02009941851498085 0.026145747121365005 0.03155647440731491 0.03552699291965933 0.03762393260640453 0.0378746771191397 0.03666007569313255 0.03451448913203344 0.03194883594698108 0.02935313471941506 0.0269744358420916
0.038738220649678724 0.0320318151517191 0.025625007906572777 0.01973489780214621 0.014571050973596482 0.010285786343758638 0.006936525004871017 0.004476699673202989 0.002777888700509294 0.0016705669824681178 0.0009848161634255577 0.000577560962323283 0.000342974785588376 0.0002103357557140793 0.00013598812172920696 9.457149798270051e-05 7.204045958454435e-05 6.100793069410742e-05 5.803235313250833e-05 6.231300511320204e-05 7.54593418813762e-05 0.0001023455378113567 0.00015351630539365505 0.0002502024894716461 0.0004336072153469667 0.0007800253442334456 0.0014207248393006886 0.0025577506647140014 0.0044541142276941946 0.007369310593415958 0.011429899241650615 0.016480326264525502 0.022015300980530852 0.027280053956359525 0.031517117983148116 0.03422496293792444 0.03528623763900451 0.034923983644469234 0.03355154187752819 0.031614260985317666 0.02948505609335191 0.02742442511052577
0.032436994545954896 0.026216013262513348 0.020550643490517755 0.01554536227565308 0.011298057955026421 0.00786571329633262 0.005240407519071274 0.0033461856753237485 0.002057199499180578 0.0012274488873280447 0.0007190056898903973 0.00041970307951196006 0.00024852477595335216 0.00015227626214452553 9.856307654412263e-05 6.876371454996463e-05 5.265317084188058e-05 4.490217014464446e-05 4.307557340789919e-05 4.6695688178429226e-05 5.711952711107232e-05 7.825847656106467e-05 0.00011853496451697169 0.00019495966253559383 0.00034074123512272585 0.0006178700274880796 0.0011341981165861788 0.0020585015961682726 0.0036166133390965944 0.006044278383358608 0.009484591474726401 0.013860234846900646 0.01879916739143368 0.023690755897042504 0.027871815491173242 0.03084649952552458 0.03242079691107098 0.032699596762500324 0.031982649212636584 0.03063482450510962 0.028988056106503905 0.02729333142867119
0.028281771679209203 0.022430700803129058 0.017320710855961013 0.012956179476920827 0.009346814331925498 0.006482865345423646 0.004317717401822981 0.002764871994576628 0.0017095540585015186 0.0010284677154560416 0.0006087347300504966 0.0003596405586802247 0.00021577955189979746 0.0001340316250403898 8.79368954357558e-05 6.214061745067201e-05 4.813066167452167e-05 4.144128754984086e-05 4.004489657262774e-05 4.360694673195574e-05 5.3422143667469175e-05 7.307610488876934e-05 0.00011017813916808114 0.00017990883153562036 0.00031153632694605487 0.0005590220725136059 0.0010152033074825617 0.0018241649476254255 0.0031782637657259507 0.005280593919123796 0.008263079484814168 0.012082663854046834 0.01645565493335321 0.020891705233661812 0.02483313682635345 0.027831602408746246 0.029669356178642553 0.030376310318220922 0.030161106642866607 0.02931069790900458 0.028106013378183838 0.02677388821083557
0.025593162772479687 0.020001845798280113 0.015294440840941706 0.0113866736271863 0.008218074322862942 0.005731377567982591 0.0038568915929989215 0.0025067110348176583 0.0015794363366941988 0.0009715542988292368 0.0005894949222221337 0.0003575981379422118 0.0002204100308746489 0.0001405480742202726 9.448418514896345e-05 6.820261779736285e-05 5.3740069381386714e-05 4.68382136630867e-05 4.5558686113465474e-05 4.964131014649025e-05 6.0484477676422335e-05 8.180945384925936e-05 0.0001213216995824062 0.0001939977775248306 0.00032789795224565923 0.0005732146205820878 0.0010136920638418993 0.0017754884626085428 0.003022430779645818 0.004923269277717779 0.007585094231279968 0.010971862418915058 0.01485384750000765 0.018833389143260427 0.02245118361364023 0.025323724674118968 0.02724304467664377 0.028199388761136285 0.02833585136183244 0.027873160476897633 0.02704129043255 0.026036223770550572
0.0239181633951188 0.01849298792850238 0.014070156828654257 0.010486043590359975 0.007622752249723783 0.0053874919627997855 0.003695823881998879 0.0024620686889865167 0.0015977841507371906 0.0010163028162448612 0.0006394628517794442 0.0004028758810400555 0.00025790070901731934 0.0001705247314519888 0.00011847814243858756 8.795979346571777e-05 7.083772841301079e-05 6.263869837059514e-05 6.131257131103163e-05 6.665891948088749e-05 8.035639500758793e-05 0.00010667800720048669 0.0001541788683017964 0.00023887237576738742 0.0003895268843285853 0.0006553286003672055 0.0011145668312708093 0.0018796205435832494 0.0030892790730344226 0.004878416871144267 0.007323394334400703 0.010380394240924013 0.01385136672105077 0.017408592453997247 0.020677891112974352 0.023343394449882256 0.02522441528018949 0.026295833622010642 0.02665724585602305 0.026477409872044482 0.025940914882428355 0.025211941073023197
0.022945345176584406 0.017614363418715952 0.013390095914245196 0.010037114689352394 0.007389021872369528 0.005324711604128578 0.0037489202370713137 0.00257881707116427 0.001737309561018244 0.0011520876965656988 0.0007580095239351003 0.0005000774932554824 0.00033508826062094425 0.0002313844167015169 0.00016717682315479593 0.00012827892510365368 0.00010594930341895241 9.521429956299988e-05 9.378240866516505e-05 0.00010154670419961307 0.0001206836429857256 0.0001564554070231186 0.00021896956374794027 0.00032627914410711563 0.0005091542577394294 0.0008172814979649563 0.0013250887397594543 0.002132745389379152 0.0033554065003468746 0.0050947383781266 0.007394722858084304 0.010197427320102523 0.01332420072960458 0.01650145192618179 0.019426913538930474 0.02184805138093739 0.023618177457134 0.02471131028398602 0.025199869278149746 0.0252137089486098 0.024899591868395455 0.024392274719746844
