_RESULTS/REVERSE/TZ/5comp/TZ_z_500_kriged_reverse_5comp.asc
ncols 100
nrows 90
xllcorner 5.6208707817415728
yllcorner 50.959635321741573
cellsize 0.00013419651685393446
nodata_value 1.7014100000000001E+038
[rows 0 to 18 of 90, columns 43 to 85 of 100]
1.7017936903407238 1.7828061708974503 1.7537728950928932 1.6158848607660443 1.3937285760974956 1.1287478792068013 0.8654538869952056 0.6368579288455117 0.45773826125897893 0.32754709414245564 0.23769275420280445 0.17774245868558286 0.13867289313844838 0.11381238195254886 0.09864675861488353 0.09028531710245792 0.086944678443321 0.08755091158503338 0.09145470545061749 0.09822824709682061 0.1075178828172472 0.11894047824996641 0.13202296833649804 0.1461883732360286 0.16078616968849632 0.17515435964346404 0.18869247608565173 0.2009245218153694 0.21153766081555064 0.2203917127611017 0.2275023841931325 0.2330063071045007 0.23711802843891894 0.2400882255871119 0.24216948227700677 0.24359239294307064 0.24455184204848676 0.24520159882308484 0.2456547953686977 0.24598802331138547 0.24624728512787314 0.2464545899456432 0.24661444705211547
1.6515604124933914 1.8219824742508814 1.8886479795980113 1.8347346438009962 1.6688101855673991 1.4230900233316168 1.1436544536036846 0.874999612411487 0.6469061671683828 0.47053186938093583 0.34304242944101526 0.2550192853098102 0.19606484317302741 0.1574900467440178 0.1329558147972934 0.11817988533586858 0.11039735808671435 0.10786416206539579 0.10947633587455004 0.11449581277895961 0.12235704009696878 0.13253613531644873 0.1444746681548277 0.1575543831043454 0.17111560432652395 0.1845051330509861 0.19713546214962926 0.20853856039411753 0.21840214895531013 0.22658186470476527 0.23308860932223252 0.2380563218639851 0.24169950460070327 0.24427041664314028 0.24602327311007235 0.24718892650644508 0.24796017413115612 0.24848586023467878 0.2488712617657993 0.24918240193170593 0.249452458900799 0.2496890125904776 0.24988134486177643
1.4984051742924687 1.7428690636656992 1.9058559232211076 1.9518903117592208 1.8702048306327153 1.6785433722402876 1.4173032325392168 1.1349084956482762 0.8719853644349681 0.6525093549115304 0.4836916707065816 0.3613354881548692 0.27623651062957827 0.2187357056725158 0.1808481117728354 0.15672857508370608 0.14237941626159856 0.1351604547969657 0.13333883316636835 0.13574113797910597 0.14150439542507226 0.14990877548149192 0.1602774586176948 0.171931814951686 0.18418939356789357 0.1963911191883749 0.2079446805024044 0.21837178961504425 0.2273465348298243 0.23471316531571135 0.24047750352582728 0.24477517879510452 0.24782685289776737 0.24989218403883895 0.25123122523593006 0.2520772538566631 0.25262113641200473 0.2530051596261619 0.25332359366971363 0.25362749185001426 0.2539318293401478 0.25422370117248333 0.25447077960741854
1.2793719300217186 1.5678197771738918 1.809489912762986 1.9522639120941283 1.961983359012173 1.8374290725162106 1.613259105233003 1.3430692711123036 1.074220272442391 0.8355700012206329 0.6396021592979975 0.48811349936849324 0.37656964061529563 0.2975059700959022 0.24314323262059853 0.2068636754784055 0.1836526651782891 0.16995157396768207 0.16330721735312914 0.1620198346926982 0.16486073727874154 0.17087001969719287 0.1792241898055674 0.18915957706812106 0.19993977806409302 0.21085960079851013 0.22127875317700985 0.23067275244274343 0.23868087747043595 0.24513075224381198 0.2500296442577305 0.25352708399081547 0.2558627352193359 0.2573141924768012 0.258154471660882 0.25862295606820274 0.258909225755128 0.2591471044980849 0.2594158311230928 0.2597457108684193 0.2601263322010537 0.26051610767707717 0.2608523725172343
1.0416384264703697 1.3389443148442457 1.627931463150438 1.8454870012403188 1.9272010884249722 1.8397995883293754 1.615311334788327 1.3368923913294295 1.0765682520204414 0.8622369449319425 0.6920627484337135 0.5567036763523887 0.44932036514149293 0.3660014762450532 0.30359523403225186 0.2586707331813881 0.22771982762353382 0.20761999953348564 0.19586084332874265 0.1905285002178556 0.19017475143838425 0.19366348270175338 0.20003704899005692 0.20841878633367777 0.21796069298795445 0.2278422962672431 0.2373161937647187 0.24577818256163994 0.25282824982149327 0.2582946691838617 0.2622136360858562 0.2647765158186059 0.2662649013255984 0.2669905349898445 0.26724927818876054 0.26729127848422274 0.26730535214755874 0.2674140724458065 0.2676761150376163 0.26809316988491877 0.2686196167163217 0.26917388209020265 0.2696508350143191
0.8244850519882718 1.1021245250817575 1.403058319503986 1.6586217916580464 1.761650100433414 1.6229519482727734 1.2962615439659106 0.9533854521987486 0.69998796359179 0.5402955331390971 0.4446592689645097 0.3860174776011147 0.3461415306591023 0.31447289270714934 0.28651047282816783 0.26173429463470504 0.24117954135624114 0.22575380815203303 0.21570198777160027 0.2107300603648097 0.21025324493783495 0.213550679224816 0.2198180504233783 0.22817441133413408 0.23767928797970964 0.24739216946251544 0.2564711690928513 0.2642764002329298 0.2704358998185488 0.2748517199340204 0.2776531443722907 0.27912178638027707 0.27961376252513637 0.27949481424490175 0.27909424184491466 0.2786769942018415 0.27843033984722365 0.2784609780109249 0.2787990681980511 0.2794067005447048 0.2801893450330617 0.2810095561923071 0.28170256133710175
0.6490013748930369 0.8913981512450054 1.1748863687435087 1.422648050861207 1.4627638916282297 1.1661958316950378 0.7389207224682677 0.434400682650557 0.2710672960825506 0.1906398761577598 0.15276598901973248 0.1375334324642566 0.13550600272477437 0.14163887063703073 0.15239736897024825 0.1647850165875613 0.17656496769429963 0.18678356478627178 0.19574567761244632 0.2043944875632567 0.21363617873117086 0.22396304927352964 0.23536299156905147 0.24739175880205008 0.25932845704569585 0.270371539636746 0.2798298309691016 0.28725829111657386 0.29250917687440076 0.2957053095704197 0.2971666522493809 0.2973236105080293 0.2966391828493284 0.2955495396981568 0.29442436328597804 0.29354428295199303 0.29309138987685107 0.2931489087633715 0.2937069595949021 0.2946725037452552 0.2958826635447663 0.2971213433283467 0.29813928582467325
0.5193626101448603 0.7226014366387074 0.968945952191527 1.1568524990412323 1.04101888949166 0.6240923162570627 0.29548709622759206 0.14150901632828744 0.07754083240968118 0.05053621045062225 0.039234226786903255 0.03569524507842877 0.037083857763716845 0.04266628106661086 0.05264897171328248 0.06754826105551802 0.08762235874898248 0.11234886381837401 0.14025047710282978 0.16930496642272988 0.19765421228732263 0.22403451967609192 0.24773312648341816 0.2683408755624941 0.2855870723832287 0.2993179112236883 0.3095405806495628 0.3164539088100145 0.320437432383425 0.32200767572717187 0.3217598979934123 0.32030907335424263 0.3182379581753298 0.3160563467318679 0.31417308011411405 0.31288021552143286 0.31234719772822994 0.31262233085487273 0.3136393511695087 0.31522805738852866 0.31712920099541964 0.3190146538402908 0.32051388630841804
0.42996517722953054 0.5964504848209744 0.791674894323615 0.863698771738714 0.5871732541336135 0.2500538702427564 0.09449146541723737 0.0396350326878644 0.020005016793703187 0.012444534350746644 0.009528585550838905 0.008835117217624738 0.009667696352393703 0.012101913760484943 0.016767110837790356 0.024884346882831487 0.03833634646555191 0.05948688441073796 0.09033594713943947 0.13086794254325865 0.1776321071839424 0.22451770189207038 0.2657694155697621 0.298403021340725 0.3222013369811458 0.3383823678691192 0.348483291863168 0.3538827982948232 0.35572707387678315 0.35499024314646555 0.3525348858576944 0.34913629161914805 0.3454767603988385 0.34212658523028366 0.3395249687376241 0.33796733310033245 0.33760007784019214 0.33842129111374636 0.3402858961461328 0.3429151642344438 0.3459123096727833 0.34878702963797625 0.35099165046696484
0.3718235184787885 0.504871616651106 0.6336934327972185 0.5583595425350647 0.26033478939942206 0.08475078422999995 0.027816633383867622 0.01071018231505412 0.005119911827397892 0.0031040814888579752 0.002387670606378227 0.0022955192622193077 0.0026875616764124844 0.003708077637240464 0.005816663674666018 0.01000612893080953 0.01822789256195355 0.03396873998960715 0.062431227975561776 0.10867280676955726 0.1721669839613087 0.24220292197473853 0.3035766264259757 0.3478630429283922 0.3756507451836822 0.39126848246461443 0.39876191621559903 0.4008942427906439 0.3994462388259167 0.39566457206359934 0.3905420982322234 0.38493566340115426 0.3795892696830074 0.3751181032616029 0.37198519147360276 0.37048373322705697 0.37072723975837063 0.3726454508097927 0.3759843771024948 0.3803115387128613 0.3850306127967419 0.3894116854840125 0.39264283016534074
0.33593639816070225 0.4364501852000861 0.4835116141183195 0.30619816906442604 0.10191468502935963 0.02791800371137308 0.00831447261862569 0.002996249992465258 0.0013753987660381122 0.0008240873080859642 0.000646827409202945 0.0006561463380688648 0.0008375666550354243 0.001298487775675797 0.0023489333140294917 0.0047582654163511075 0.010366678013196497 0.02333059865477157 0.05185768712416384 0.10758174623991462 0.19493753125707072 0.2945304337112666 0.3747969839568195 0.4235422391637281 0.4478870953513346 0.45785706355878175 0.45987405349791977 0.4572657562419426 0.45179660969400687 0.44461885508029914 0.4366870705110494 0.4288792857431372 0.42199089052418437 0.41669017376870743 0.41347502228996297 0.4126423129461758 0.4142682312637705 0.4181943521493263 0.42401696722494875 0.43108269533589083 0.4384992434419559 0.4451738394027933 0.44989094702993104
0.3148549986985339 0.38250619825011173 0.3504905301790834 0.15700986364726213 0.041187475711906035 0.009953543255167657 0.002717909851777197 0.0009197534074862765 0.0004073871199182349 0.00024324172922389855 0.00019716709690008642 0.00021427742057456735 0.0003035766282855239 0.0005392053179150272 0.001147497273926981 0.0027899589742583606 0.00739081887382456 0.020325632469774705 0.05480173069248601 0.13341604075249344 0.2635601841811177 0.3974843531774585 0.4823086291116745 0.5198252149416099 0.5320322245229754 0.5329940808447201 0.5286965416936421 0.5214385135048236 0.5122993674360821 0.5021179342674184 0.4917781330969422 0.48221437944005907 0.47432607129858295 0.4688844904677192 0.4664616312297442 0.4673824937033225 0.47169084927861027 0.47911826929120965 0.48905314990349497 0.5005169932998746 0.5121658928453678 0.5223419892216498 0.5291978724101054
0.30434685495163666 0.3442547821873052 0.26030933245925725 0.08865715771716727 0.019470977226601897 0.004172943551612728 0.0010362532678294513 0.0003271286202690612 0.0001395438757416029 8.329614435245792e-05 7.028478753221302e-05 8.282134478807167e-05 0.0001322121161350991 0.0002737113998866969 0.0006978127071513834 0.0020730769035353248 0.006785584310274646 0.023063806415576673 0.07525129642288839 0.20629455963787371 0.40201279724847483 0.5464425944561635 0.6041479685009062 0.6177424708073783 0.6163606807810211 0.6101581295047407 0.6017551944804688 0.5917069145947834 0.580357984522531 0.5683471598984143 0.5566260935869422 0.546313909212318 0.538523997589971 0.5342209707770089 0.5341212258070451 0.5386253849152085 0.5477619468148875 0.5611257225852767 0.5778081968964444 0.5963359463730045 0.614652857992183 0.6301947535471281 0.6401011568820054
0.30305080157417785 0.3303126806359642 0.2238261641863146 0.06304593431285688 0.011746132560209227 0.002195626261090325 0.0004870164934216408 0.00014158177594762576 5.7768841172556367e-05 3.444066030834858e-05 3.0378912219306247e-05 3.914313566206566e-05 7.12295899124706e-05 0.00017423763228509523 0.000539946093009987 0.001988143449993566 0.008140281081032739 0.03437335974826715 0.13238322712264142 0.36605496769841744 0.6004982235911959 0.6918188636502508 0.7061286824405325 0.7011117217638984 0.6933305899712051 0.6853796318178452 0.6767287475230063 0.6667331404165346 0.6553905726547767 0.6434049013246597 0.6319969878846934 0.6226384023306161 0.6168020912148509 0.6157728776683811 0.6205184555197985 0.6315944579214722 0.6490492933322506 0.6723043686784006 0.7000095419810268 0.7299079378289449 0.7587810473760037 0.7825694556889304 0.7967548940689785
0.30650817684919807 0.34132741380676557 0.23959588578078392 0.060914760349085224 0.009546828886848251 0.0015176990652292957 0.000294198122729718 7.754502602174542e-05 2.9988275641798894e-05 1.7796081429673446e-05 1.643357155708862e-05 2.3275235379663853e-05 4.8660758075387964e-05 0.00014195588370842992 0.000539901199420629 0.002485919455260541 0.012804510499801544 0.06645043998713146 0.27569990014980145 0.6155953102390685 0.7683352985848096 0.7848304600236222 0.7749485114076589 0.7660027398360171 0.7604871192857935 0.7563766832383944 0.7515670986392735 0.7449039974943374 0.7363742931880383 0.7269654038343174 0.7183548346889911 0.7125486066219622 0.7115599434467453 0.7171705349779164 0.7307638104739356 0.7531843404714857 0.784568918328604 0.824113188125016 0.8697808004905401 0.918026071064996 0.9636722641166338 1.0001333058538158 1.02013904152679
0.3045673557308907 0.35880727837425025 0.30505093228782765 0.08121424702001928 0.010679060395417656 0.0014089742510486217 0.00023391273913136103 5.512644041179602e-05 2.0041746866915085e-05 1.180014951497221e-05 1.1413078198721897e-05 1.7820921176222015e-05 4.298845832541206e-05 0.00015023883785086748 0.0007039740928844127 0.004061146173009198 0.026170691242203326 0.15783594330801393 0.5515862755870755 0.8151507627812998 0.8416347331315185 0.825463456134206 0.8147820077125043 0.8127520728243606 0.8158626790860932 0.8203346972741647 0.82340122732526 0.8237127689760606 0.8214060093005839 0.8179014381568608 0.8155117611470138 0.8169897741620975 0.8251298598837127 0.8424716587941558 0.87107946608607 0.9123205195908177 0.9665541292154048 1.032675739680941 1.1075394734714201 1.1854079928237657 1.2577203097176275 1.3135491943142004 1.3410337571481996
0.29060421421877614 0.35950223130306475 0.3908614761551441 0.14086174710633068 0.01621228195439256 0.0017488917323051083 0.00024549653933054924 5.133837967911849e-05 1.748977982991261e-05 1.0214930492565549e-05 1.0363771505611232e-05 1.7875041329843862e-05 4.98119870223112e-05 0.0002084765735358545 0.0012002661724845479 0.008615351854488806 0.06739436788706973 0.3897261638113889 0.8079140973632227 0.8681641250553978 0.8444315721931359 0.8295960740401245 0.8298092705721988 0.8406032918428783 0.8567865346625714 0.8738889742642508 0.8887427941079183 0.8998810309709044 0.9076664675672429 0.9140872427260218 0.9222984854894806 0.9360781561212309 0.9593471493930553 0.9958082191176186 1.048648419602144 1.120174108224911 1.2112294802144314 1.3203058455151317 1.4424027624890632 1.5679600838463266 1.6824690572519163 1.767496375541508 1.8035842012688412
0.266350549976952 0.341071842562761 0.4372392495838007 0.26860346711475824 0.03173653183986659 0.002814818391515785 0.0003341554895933468 6.221476519859242e-05 1.996824518073047e-05 1.1635829189545073e-05 1.2440888657094142e-05 2.3753133507322884e-05 7.637156512442473e-05 0.0003807773569516222 0.0026671518350856673 0.023329447880001995 0.19870786281355568 0.7109587196769626 0.8611591852567033 0.8312754175563051 0.8082721538533849 0.8068364149682055 0.8224460431132982 0.8492218648650595 0.881516684607214 0.914428244740844 0.9444312516967297 0.9699651648912172 0.99170212622869 1.0123752326703652 1.036265807215512 1.068574313504553 1.1148692371832616 1.1806667287964872 1.2710296973488961 1.3899551116242785 1.5392826369206276 1.7169581417390372 1.9148000369368299 2.11647022021566 2.296944209813342 2.424900969338948 2.4686264602969143
0.23699364792269567 0.31394181627820444 0.435593859465082 0.4365726647068151 0.07306145808317208 0.005571648159001515 0.0005696763449055234 9.615794940249894e-05 2.957532216633378e-05 1.7436967075020677e-05 1.9830337744602053e-05 4.205339906128583e-05 0.00015549858417215638 0.000914288701806026 0.007647067253503282 0.07700229451962393 0.5013590050350998 0.8182433400028913 0.7932700536444987 0.7580070248874834 0.7495221266183867 0.7643372395242506 0.7966921795495848 0.8407423661124654 0.8906816762219651 0.9412407653672371 0.9885565809137705 1.0310356701175316 1.0698152125878608 1.1086524733551726 1.1533761061463266 1.2112002173507013 1.2901460277147574 1.3986020945459354 1.544801772537026 1.7357930952656635 1.9753957118407783 2.2608261320970033 2.5783487619391874 2.899534257211989 3.1808944097380243 3.3694974020493915 3.4147853651714204
