_RESULTS/POSTPROCESSED/MHZ/TZ/1comp/MHZ_TZ_z_90_kriged_reverse_1comp_spherical.asc
ncols 100
nrows 81
xllcorner 5.5967107548124995
yllcorner 50.982328804812504
cellsize 0.00017565037499993607
nodata_value 1.7014100000000001E+038
[rows 20 to 39 of 81, columns 0 to 43 of 100]
8.541453236238292 8.546368388627426 8.549749190034426 8.55173194698188 8.552775605459779 8.55294666072305 8.55237362929263 8.551228006771504 8.549703308849988 8.54800381497535 8.546329688409248 8.54485922916497 8.543661713142837 8.54272666290735 8.542006528583919 8.541141466374027 8.539774964066325 8.537755558946476 8.534916849404611 8.531159623423076 8.52653033764398 8.521058400677623 8.515260913830517 8.50975624423359 8.505787168836484 8.505349772464745 8.508629929233312 8.515345794012298 8.524802757291175 8.535892125309399 8.547260045266993 8.556518637029438 8.560574739810999 8.556169632475024 8.548743140767737 8.549586872024403 8.558035197073863 8.557960895767263 8.525110300820547 8.441438588096906 8.303157984775966 8.121549591082347 7.91355761304439 7.687798155145168
8.534249186029905 8.539022409496758 8.542336384682352 8.544557976373754 8.546048041042775 8.546794784309103 8.546908038247432 8.5465645300661 8.545963213799078 8.545294921127095 8.544722725130924 8.544343192179696 8.54420791424832 8.544349856563459 8.544550975766379 8.544400188417214 8.543775872081953 8.54246410657645 8.540175291926005 8.536654910000056 8.531855044218693 8.525316901090793 8.517846186977968 8.510459088552102 8.50527501906697 8.503868810322475 8.50641929288459 8.512680105444437 8.522038855660057 8.533364884245076 8.545044122462228 8.555005055345276 8.560358260165815 8.557760190489903 8.5509810923711 8.551003841974772 8.55809546559081 8.55862108519036 8.530309172061097 8.454831301372403 8.32635322612393 8.156618216897 7.9595019398724345 7.74489873093906
8.526094805524812 8.530656532501803 8.53386830048187 8.536369275745766 8.538358705945354 8.539772098721267 8.54068020653589 8.54122974052824 8.541598328753317 8.541946653638721 8.542365089840324 8.5429778771407 8.543869842462813 8.544988815153859 8.545887512294167 8.546489589833385 8.546685240985564 8.54620878544085 8.544614632323475 8.541400135632834 8.536232417065287 8.528476020618523 8.519005733138552 8.509511538987816 8.50275839908319 8.500082535861274 8.501775932344914 8.507663754152512 8.517205399495678 8.529196289408631 8.541915588568518 8.553040462303665 8.559792777637183 8.55901219045936 8.552340074979748 8.550760401970967 8.556745338380981 8.560151414692942 8.54076851003341 8.478711576778364 8.365495341314162 8.211349559635089 8.028400498422796 7.828809428172385
8.518116953346393 8.522333235289496 8.525317204482826 8.52788344639442 8.530127789357485 8.532008593712131 8.53360316137477 8.535056247670934 8.536393195347294 8.537674017018068 8.539058346223078 8.540671205337928 8.542586176440686 8.544440599633337 8.546041874973003 8.547429970576632 8.548527758426768 8.549054380049723 8.548377467117952 8.545543500727886 8.539604798131997 8.530278969008371 8.518486712215887 8.506573804616552 8.497847392077038 8.493604477365 8.494492347490919 8.500403194179666 8.510521768081132 8.52349563887122 8.537477590859242 8.55019219079855 8.558764729070381 8.559936550846587 8.55326926422162 8.549317695889105 8.553533389814751 8.560279960782102 8.552703707173853 8.509510458817138 8.41737966874732 8.281600394556861 8.115113845343995 7.93251839204702
8.51103241254478 8.514834618590164 8.517530117561058 8.52003036466908 8.522364448077212 8.524487883104822 8.526465668964658 8.528362798913083 8.530273747900102 8.532395336437968 8.534722059669667 8.537315855196926 8.540102611445905 8.542596046468313 8.544882254799553 8.547051634331737 8.549099346205848 8.550828053048608 8.551496181567462 8.549073466809565 8.541643978277474 8.530104193147697 8.515762256125328 8.501105956193916 8.490146643819493 8.484590234658217 8.484900058154611 8.49085051400167 8.501616664604782 8.515789863461745 8.531411195804461 8.546044746873365 8.556871740220377 8.560518172636847 8.554506900032335 8.547474322626753 8.548270837084592 8.556359355146533 8.560150162120468 8.540001209214402 8.474577641074308 8.359456149698406 8.21144403007246 8.048093475615005
8.505232590247958 8.50859298851456 8.51094786744422 8.513256019472937 8.515505450569199 8.517662182570607 8.51973003946479 8.5217292988558 8.523858959671388 8.526320025149433 8.52929397445981 8.532795806594685 8.536210378450432 8.539261394025893 8.542132821081031 8.544960165008614 8.547822481275926 8.550716909307354 8.55340063833153 8.551476215373905 8.540997988954368 8.526733964577655 8.50991674790621 8.492650072212715 8.4798588399084 8.473045437087604 8.472707538530512 8.478697142404132 8.490207242382066 8.505769010865404 8.523312424978718 8.540272931255407 8.553717668663026 8.560386001883819 8.556682394926737 8.54711106634824 8.542932690551437 8.548484957123936 8.55804050415864 8.55883634444958 8.524422326809999 8.431525144656012 8.305061993902822 8.16398894717575
8.501000267077908 8.503910323409317 8.505880691118458 8.507891035111372 8.509870046066808 8.5117570997871 8.513535745996293 8.515380197967065 8.517477445247055 8.52001509495374 8.523170340695025 8.527003884239246 8.53080041735088 8.534240737788041 8.537476463954473 8.540646548300685 8.543824693862714 8.546961341386911 8.549308088861054 8.546272119755029 8.534615138334882 8.518595138904422 8.500022489181967 8.481372233539025 8.466891706827752 8.458779030617817 8.45772157180363 8.46375057656955 8.476127481147536 8.493297228046737 8.513016349779596 8.53257203887612 8.548959013805774 8.558999588719724 8.559218386185272 8.54929991508718 8.540579086525334 8.541554759028886 8.551205087995992 8.5601731508811 8.547108015002241 8.483193239760038 8.384473954329783 8.270416280420966
8.498520663537347 8.500962114233776 8.5024971687414 8.504162737290097 8.505583823231763 8.506615064632292 8.507667392271156 8.50895414838446 8.510666615105816 8.512995180781463 8.51610751312761 8.519878499753714 8.523594253673163 8.527296472470319 8.53070802260192 8.53382368862449 8.536632930028263 8.538681983054932 8.538377657415984 8.533229976283103 8.52172406143393 8.505296373139101 8.486336212063431 8.467102645772547 8.451459169050253 8.441940374378916 8.439988833644389 8.446004175253 8.459410998932228 8.478483966013378 8.500651728390576 8.52297068791696 8.542405785841188 8.555926915768685 8.560549110128674 8.553685056308087 8.54271954249948 8.539735164636458 8.548000323893389 8.559391784902692 8.554131372316245 8.515536056656007 8.447623715101603 8.363943504948795
8.497906242340287 8.499818298503444 8.500590853929054 8.50128251419989 8.501551602785971 8.501425700530543 8.501499156485242 8.501975597394633 8.503048780931348 8.504906366559911 8.507713608894072 8.511100924779607 8.5144190170306 8.517835819972397 8.521293832943714 8.524285632134408 8.526396144398747 8.526583696984403 8.523802942039802 8.516746269239277 8.504584704894672 8.488381872816781 8.469707731304524 8.450320971848098 8.434136502999628 8.423180068837107 8.419891382217294 8.425687105700332 8.440382120863363 8.461831829395758 8.486782619331336 8.511939870872443 8.534292850643075 8.551084485794243 8.559827809955657 8.558343770407348 8.548302977418446 8.542601125841738 8.547933820293608 8.55847510180267 8.558329854321787 8.537628023116877 8.4962010868113 8.441024200138676
8.499079157441738 8.499940992157404 8.499484761979474 8.498632050531135 8.497534339069265 8.496268679469855 8.495209105265557 8.49464797053301 8.494825808787096 8.495949696311508 8.49818677987461 8.500915398558767 8.503605074937695 8.506406309869375 8.509385586927372 8.511866521429342 8.512701608529715 8.511294763916059 8.506771091697109 8.498153208958383 8.485418971300204 8.469645183850185 8.451596681875463 8.43241356971354 8.415684914336104 8.403616272343683 8.398288682658364 8.403276799204825 8.419807246382579 8.44447724666358 8.472583041803771 8.50048889345128 8.525381970111603 8.544891480223212 8.557053274216663 8.560503506675344 8.554870749541196 8.548057628926646 8.54964216816363 8.557422173473869 8.560399314200415 8.55201665030383 8.53069734392394 8.499338743560209
8.501434786262884 8.50113933104634 8.499474321817695 8.496960306402132 8.494256176352916 8.491538874776266 8.489105013668857 8.487263589246446 8.486292545526709 8.486427694435719 8.487840781030688 8.48972578233083 8.49162601859454 8.493627880309713 8.49534622909869 8.49647919257899 8.496041935494645 8.493283416825475 8.487564743961318 8.478275320156067 8.465803035978176 8.450692948537823 8.433638833002071 8.415231140619877 8.398148545535665 8.38474921026173 8.37671554311191 8.379470692154216 8.399468511618725 8.428673188151249 8.459969339807733 8.490128751686846 8.516873024521074 8.53829322638881 8.552909812688236 8.55992301550408 8.559477234701104 8.554250173588567 8.552478504637335 8.556372288229563 8.560247373255084 8.559199798840094 8.551450276347463 8.537700897186323
8.505024193401418 8.503602410556796 8.500756843973205 8.49655956628291 8.492057750267787 8.487613536647002 8.483538786107895 8.480167631181983 8.477812198518404 8.476735846904171 8.477117864232177 8.478048105416962 8.478780986391238 8.47920687094775 8.479233933684165 8.478707609953597 8.477111272417611 8.473315009367957 8.466857654805377 8.457652560175813 8.446346593729928 8.432815611367387 8.417311081675672 8.40061232914028 8.384104266420799 8.370453018172624 8.359944716391208 8.354425760338051 8.385084049532926 8.418271935792228 8.451324268635826 8.482528762617623 8.510119436034964 8.532496404358705 8.548501067222276 8.557700404195351 8.560572048941774 8.55905524565131 8.55586063746724 8.556001440109096 8.5586949019064 8.560463615176761 8.55992663764937 8.556828991175971
8.50993749448357 8.507450966496927 8.503418554286895 8.497658045841623 8.491199688946958 8.484805034222278 8.478850185531414 8.47372305158523 8.469778932112144 8.467207568349991 8.466078791127492 8.465372989502736 8.464430040505063 8.463203223003386 8.461592925774951 8.459468714104613 8.456663141205315 8.452150598362886 8.445397416038421 8.43703251880092 8.427476868006686 8.416428715344862 8.403669895092513 8.389643092119675 8.375479721060962 8.364213609452758 8.357623399748139 8.36151206597845 8.384291849430022 8.415326497463822 8.447430668671956 8.478067341674821 8.50549764298233 8.528060637117326 8.544666354262336 8.554956313403403 8.55960460071487 8.560537867777764 8.559085261705496 8.557046011807293 8.557346101381079 8.558523960352522 8.559682103015087 8.560370705792598
8.515746800750117 8.512535491337326 8.507431824121586 8.50028950126553 8.491716808722545 8.483070604438803 8.47489318078262 8.467566434920984 8.461442692797307 8.456783653717734 8.453733387165354 8.451368722125054 8.448852958409168 8.446117870181196 8.443068780613176 8.43958749521651 8.435607308255074 8.430657544035087 8.4240828041205 8.417138017712329 8.409933474383985 8.401958008930427 8.39287075490633 8.382646667062112 8.372143966439003 8.364136191588516 8.362403685396018 8.370305539219556 8.389626077826483 8.416734764506117 8.4467773872132 8.47640583727097 8.503224732153184 8.525426726297834 8.54195282872318 8.552365680959381 8.55787523647355 8.560280698005569 8.560437754408595 8.559357068453693 8.55807151648311 8.557286962157594 8.556771438202919 8.556269269897628
8.522288856267718 8.51847710819278 8.512349250148704 8.50380337869194 8.493190049335968 8.481836575239466 8.470786080477561 8.460665454386792 8.452030005282198 8.445194104767335 8.4401870203482 8.436323560527512 8.432523910626092 8.428664617189545 8.42458291448759 8.420123544034647 8.415224101275925 8.409850876930753 8.403719907899534 8.398671952765284 8.394492334331915 8.390128359880666 8.38489732815265 8.37850733157434 8.371681722563926 8.36681310983749 8.367992163890957 8.377357107345864 8.395194473235314 8.41961292324763 8.447539114963933 8.475972023132258 8.502288619707747 8.524304219922707 8.540477378378585 8.550378149180439 8.556033254911748 8.559118418874096 8.56040832843956 8.560519740166422 8.559991369791057 8.558918078752205 8.556787156286147 8.553780005349685
8.529416594649614 8.525073985239958 8.517904330316773 8.507884563913631 8.495444965485401 8.481365529833436 8.467267197598344 8.454036431482828 8.442356402314141 8.43277814901443 8.42574318815731 8.420709691574528 8.416058832742008 8.411535454036656 8.406924266847295 8.402009300494008 8.396638618209508 8.390816116109539 8.384799738635786 8.382205043189474 8.381894707491385 8.381030930656513 8.378939457942565 8.375972685408819 8.37280288173929 8.370999007868777 8.373510100871586 8.383108674698766 8.399822986013643 8.422355224605733 8.448550908550741 8.475936557293744 8.501948379791136 8.524031682964395 8.539515544001464 8.548315408805474 8.553510616168097 8.556806877743028 8.558887471668632 8.560058621688183 8.560535507996992 8.560524517368389 8.559738123522976 8.556963778328818
8.536832342736584 8.532029038055258 8.523761779536947 8.512175198268139 8.497844369969117 8.481477160496343 8.464265049039234 8.447840359252336 8.43309119052425 8.420788670038819 8.411385643002447 8.404911623743562 8.399861448001374 8.395255728959453 8.390772616303833 8.38614442196776 8.381147973916804 8.375626541480587 8.369132917383558 8.369864920338344 8.37293210030909 8.374519325060636 8.374968370762057 8.374774821357565 8.374593831186825 8.375351752127008 8.379090997443813 8.388122792943125 8.403473304774979 8.424262876663287 8.448916995311732 8.475369679790443 8.501338572395449 8.523487593317219 8.538435689453141 8.545832037213756 8.549712488624598 8.552642138515308 8.555139141499764 8.55720105695049 8.558769311101752 8.55982462517191 8.560478157124098 8.560285180478026
8.54415744014801 8.538899190360347 8.529382233378158 8.516156269724624 8.499928114228455 8.481463857546862 8.461666463539414 8.442074959122564 8.424404780081202 8.409518395795349 8.397971903979657 8.389974525415415 8.384407135305036 8.380270198636923 8.37665989013143 8.373173795151443 8.36966658706826 8.366277818437323 8.364017857029548 8.365164902828248 8.368189072784004 8.370908675612048 8.373001091712046 8.374753122569766 8.376671698859747 8.37936689603055 8.384271897864389 8.392781867747749 8.406412338334379 8.425218170276679 8.448044847791804 8.473289868555149 8.498258295485082 8.519925791206342 8.536822588205018 8.541556365695936 8.54311054209603 8.545349406174244 8.54804423639315 8.550893264189705 8.553639666152884 8.556082490696799 8.558073971346124 8.559749923231061
8.550903934565055 8.54481110627961 8.533853899887442 8.519143748082042 8.501228491995006 8.480820261552093 8.458922407946593 8.436853216516633 8.41633121581349 8.399021305652298 8.38565160573846 8.37643844739373 8.37077738715006 8.367088830805061 8.364926414206584 8.36331603355309 8.36207048852932 8.36150514273544 8.362094922569758 8.363923457116798 8.366793453897692 8.369898546477273 8.37286447750316 8.375776771203117 8.378968191657252 8.38287965059904 8.388321315904026 8.39689949411776 8.40894130715008 8.42537484149529 8.445874812872614 8.468541416997374 8.49018689631442 8.50929909191662 8.523598687133688 8.529165680691692 8.530955624396144 8.533233963743475 8.536322769101654 8.54001967855519 8.544054670022694 8.548157514788395 8.551964536322162 8.554544904203585
8.554539332841545 8.547532488969342 8.535998292128408 8.520527133303359 8.501436835207084 8.47942317943304 8.455669579000052 8.43160638693099 8.408889922748818 8.389348380257152 8.374572465995762 8.364741156873446 8.359355649943092 8.35670466173497 8.35588969474818 8.356555211579419 8.35786495348857 8.359881811289807 8.362022882450857 8.36460647899484 8.36767166302542 8.370962552118979 8.374304728575336 8.377744458208113 8.381505056764253 8.385903252891195 8.391394537606702 8.399535930216887 8.410817016284016 8.42515700033676 8.442300208909472 8.460249153575566 8.477358242392665 8.49211040048746 8.502466909933643 8.508616563521484 8.51209563412863 8.51528804000987 8.519127882215532 8.523787552330479 8.529165069329082 8.53505305934258 8.540287777666 8.544265781375861
