_RESULTS/CROSS_VALIDATION_POSTPROCESSED_80-20/MHZ/IZ/2comp/5/MHZ_IZ_z_0_kriged_reverse_2comp_spherical_5.asc
ncols 100
nrows 81
xllcorner 5.5967107548124995
yllcorner 50.982328804812504
cellsize 0.00017565037499993607
nodata_value 1.7014100000000001E+038
[rows 54 to 71 of 81, columns 40 to 79 of 100]
5.4083738019452426e-05 4.0687486283176004e-05 3.04702070218608e-05 2.4009462745571716e-05 2.1136426708958253e-05 2.169164528341665e-05 2.67489991926883e-05 3.951086321178684e-05 6.736012710924317e-05 0.00011440918741629449 0.00018337547222017572 0.0002639414123358365 0.00032597642695685557 0.000378063832310293 0.0004280284319380366 0.00045688044028256215 0.0004459282346184905 0.00038886736499490863 0.0002873133696493949 0.00018955469701351985 0.00010863181044553055 5.18099318924567e-05 2.1696415201284165e-05 9.333361790314286e-06 5.4591423155781096e-06 6.782649049722014e-06 1.9035806162340364e-05 7.041692738598442e-05 0.00022427212574795385 0.00048668860001859025 0.0006689310328087515 0.0006241803767323681 0.00045041880300816935 0.00026707606627229575 0.00014090229046648844 7.581465503954103e-05 4.739633119069618e-05 3.6344758346808746e-05 3.23951694626803e-05 3.0419240417952837e-05
0.00011052632503654372 8.812317867137117e-05 6.984395627057846e-05 5.643405926497427e-05 4.853389755083217e-05 4.7236366735315266e-05 5.2998661901534135e-05 6.847708700413194e-05 0.00010070363854564231 0.00014472422809397778 0.00019491118736400845 0.00024152299348913426 0.0002615265013033544 0.0002731306810621353 0.0002801566850148603 0.00027390663882148505 0.0002486442582204342 0.00020526096920789148 0.0001519253603411246 0.0001002348404464347 5.873986383363702e-05 2.8918815392142613e-05 1.2463532822608337e-05 5.038529131477761e-06 2.2092385085057188e-06 3.004140969595141e-06 2.0154857700180163e-05 0.00014287552476446272 0.0007205446982441467 0.0019566134875000155 0.002663145948587573 0.0022544143380771623 0.0014825516709363505 0.0008214862547425897 0.00042544170630145757 0.0002260672314052666 0.00013246387875078366 8.80238811575777e-05 6.473254011866194e-05 4.980917462255153e-05
0.00022676553191194746 0.00018589854211645363 0.00015137614559842445 0.00012303658634627544 0.0001050714410424743 9.538523535644838e-05 9.680578672493809e-05 0.00011104533889995835 0.00014356126795598133 0.00017871884838900626 0.00020684712584166423 0.00022010247273029291 0.0002130661014436146 0.00020303855821522806 0.000191414947749446 0.00017396882843879013 0.00014902707912013374 0.00011816170868337003 8.592023128913166e-05 5.738239675077385e-05 3.6859618820194916e-05 2.0987762987261883e-05 1.0591975927289083e-05 5.102173268483809e-06 2.6226864554278236e-06 4.398778151101296e-06 4.25592250122661e-05 0.0004507531667633436 0.0035716222055344696 0.011647798076813235 0.012532612661411436 0.008340353961765365 0.004594381960867706 0.0023093585791529813 0.0011389755117216156 0.000581898094486632 0.00031901633231959067 0.00018971178515698198 0.00012031100002921447 7.870735865076671e-05
0.00045830258048758015 0.00038511768824249916 0.000320328791986392 0.00025545991007581113 0.0002073958379898661 0.00017646817907931872 0.0001611772545922897 0.00016674499095270287 0.00019233211192316236 0.00021223766830950143 0.00021618963864851573 0.00020190542613860118 0.00017480958234540183 0.0001539268547422784 0.0001351253005814686 0.00011567604238605412 9.532607356751157e-05 7.558588058921556e-05 5.7474392412265956e-05 4.1926030030060366e-05 2.9464850567727553e-05 1.9842718447716257e-05 1.3259637774359547e-05 9.702994410638742e-06 1.0001011113447598e-05 2.4247377862185094e-05 0.00015716042281116417 0.001649687022115397 0.020066926122832007 0.09052721649551197 0.048849731878426686 0.023873778821817727 0.011305932614541693 0.00534266168531444 0.002563275251455578 0.0012696709394437384 0.0006589330096597177 0.0003588660941960248 0.00020775663892262487 0.0001294845721710352
0.0008978658031679812 0.0007699999834926955 0.0006484919950739809 0.0005195766083896666 0.0003999819633550272 0.000313518678628722 0.0002573477821436621 0.00023578800405782625 0.00024215442110531797 0.00024054027174620445 0.00022019072783864059 0.00018492168890151464 0.00014444901208588947 0.00011888566842738301 9.950585805642481e-05 8.395788819181946e-05 7.05877559860352e-05 5.8594571842269624e-05 4.7869524003252456e-05 3.861856869043062e-05 3.1135299044314145e-05 2.494033899579129e-05 2.113544017761782e-05 2.219663161134511e-05 3.4490568777078086e-05 9.605828012898776e-05 0.0004950360644066525 0.0038400403555567337 0.03206704465102875 0.10787523625311554 0.08120749946809341 0.04221266038231984 0.020359756979213967 0.009652205235839413 0.004618530366902157 0.00226735876659998 0.0011643263137373543 0.0006352359895942962 0.0003693192565279575 0.0002277816031532803
0.0016813579633972648 0.0014631139520885732 0.0012362601850304728 0.0009872143920213164 0.0007502801887969758 0.0005526420275561361 0.0004232570089749131 0.0003446316289465587 0.00031391174593873396 0.0002837528367930153 0.0002372498250892328 0.00018329640314027653 0.00013235403518160156 0.00010287734033062825 8.52269723833797e-05 7.256856016013024e-05 6.277148781262398e-05 5.4787564957079405e-05 4.8201791944852376e-05 4.296498721184773e-05 3.947022114440934e-05 3.89268974992261e-05 4.170584425642717e-05 5.3526116427266755e-05 9.60435332540638e-05 0.0002613833502073902 0.0010548416986370453 0.005330004078877079 0.024248888997397917 0.06107067584775642 0.0684967649193988 0.04728868541508806 0.02659379655143349 0.01383410129124594 0.007078956255708759 0.003697038153467523 0.002016209137390441 0.0011470729037916288 0.0006821161986781762 0.00042375081518744134
0.002968414583971586 0.0026019793194766265 0.0021835525317671907 0.001724942379720923 0.0013016092089252998 0.000963320427397396 0.000703717200352757 0.0005247202866881897 0.0004249797561423655 0.00035659768283691754 0.00027833115750615665 0.00020228134846914735 0.00013851870255044305 0.00010339391407304983 8.544492745205025e-05 7.371215138803767e-05 6.573057428066253e-05 6.027053999616828e-05 5.676765093909841e-05 5.5327404205601e-05 5.688496429305008e-05 6.562685528155085e-05 8.776650671428642e-05 0.00013418765658451765 0.0002512994669082506 0.000620973300189575 0.00195113650274097 0.0067984345502994535 0.02083775385737333 0.043089176261598805 0.05456074120924746 0.04677699582002404 0.03169176025428633 0.019009318905375702 0.010829719965893879 0.006123268082313474 0.0035359177571088704 0.0021197961813049803 0.0013083086034726844 0.0008303509031768968
0.004861517867139381 0.0042493161392294105 0.003509531697332326 0.002749904900524022 0.0020957729193460924 0.0015642759254533224 0.0011468263531939956 0.0008258628750756994 0.0006026788807970913 0.0004728499029430337 0.0003516619656695662 0.0002463104309580952 0.0001663903485803931 0.00012016909405009159 9.894798365135911e-05 8.658531949663924e-05 7.947227321865194e-05 7.607627565272213e-05 7.597189010650179e-05 7.965883270273766e-05 9.086900976619623e-05 0.00011773655187880047 0.00017893922954153465 0.0003149598144293301 0.0006309606443048564 0.0014528417469623742 0.003723501393766905 0.009748423490552615 0.02259400201706378 0.04037193794711524 0.05224850709839433 0.05049321509401038 0.039423299286299035 0.02691065417345915 0.0170695849011028 0.010504696461003988 0.006461657945966589 0.004054361885806866 0.002617988082096095 0.0017156734026346405
0.007220290672821984 0.006217109071570018 0.005093122742191842 0.004030282785754239 0.003105666695073469 0.0023401718907442286 0.0017267034765560882 0.0012465640948505663 0.0008824280654248983 0.0006546859250075252 0.00047336571438951744 0.0003305677483970826 0.0002257087303133452 0.00015960417298012416 0.00013068548361232037 0.00011580856071706788 0.00010881830852621101 0.00010793359564007993 0.00011293983687185707 0.00012688851834405783 0.0001582117497274197 0.0002227612533966354 0.0003609280610145512 0.0006827981911439121 0.0014353319096623626 0.003180784879395581 0.00716955185094407 0.015620450232550171 0.030165519079652203 0.048075411238031385 0.0612678479074963 0.0628454893738395 0.05398809816914601 0.04084458972218842 0.028496577059103374 0.01902163415258555 0.012486684785955113 0.008222553093978903 0.005454474908628278 0.003590357136841825
0.009442584980727186 0.008103065314383952 0.006694271797997103 0.005369047830063774 0.004197503539647961 0.003203884946594271 0.0023872203064003424 0.0017335860274443793 0.0012234548394449013 0.000883080710711107 0.0006632977127568005 0.0004798955808670153 0.0003375624904524286 0.0002391712145050411 0.00019439926019829506 0.00017368691788600466 0.00016616376903198608 0.0001693572447591083 0.00018555601768062497 0.00022351949446461464 0.0002984040747341933 0.00044549620460602996 0.0007467472427689673 0.0013938208640510176 0.002853403912236704 0.005970355984694298 0.012406272220012934 0.02445095598748845 0.04325026187315195 0.06557842719648992 0.08326599255352865 0.08884877895293708 0.08160832466678797 0.06669051719225516 0.05008867022006217 0.03550793797835425 0.024216887707692536 0.0160804496322388 0.010458944103003895 0.006669896856677678
0.010711786330396971 0.00929770096709749 0.007839228317050192 0.006431345605106034 0.005136984998166228 0.003993666551724454 0.0030185832571086335 0.002213739745310182 0.001570639823935969 0.001113890352043576 0.0008675606023729937 0.000677787817387579 0.000515453863799323 0.00038663189449276194 0.0003160691093352593 0.00028557946064134245 0.00027727048464691004 0.0002917807217376481 0.00033654072422955136 0.00042560435381501185 0.0005899345294256647 0.0008944092340522218 0.0014755180759819541 0.0026216253226735973 0.004931077577772858 0.009778194131284028 0.019246799698154696 0.03547356236862842 0.059118560991146554 0.08659724333409041 0.10982603673291688 0.12066822541506972 0.11641872910235225 0.10067094384643242 0.07973549328328293 0.058941308215444035 0.04123393233853331 0.027540783447124528 0.01764146952967583 0.010854553210733328
0.010138750631278129 0.009210351116797773 0.008093936931186955 0.0068854254615681905 0.005671123138921299 0.004520594996772081 0.0034837000673585087 0.002590643866877251 0.0018540523617289184 0.0013177058316272965 0.0010308823881929863 0.0008704112117754762 0.0007228308819994936 0.0005930070194045315 0.0004989029413555271 0.00045823839060836946 0.00045946227378095 0.0005037252459212713 0.0006028435418548815 0.0007853705031981419 0.0011086064279520098 0.001682931688657058 0.0027168570909919696 0.004591675944875228 0.008021781498150854 0.014547614318060394 0.02661355668199752 0.04677638632291277 0.07467835411287198 0.10644522946953804 0.13429577618258323 0.15001449602889094 0.14955826258324836 0.1347629483966179 0.11126570556690384 0.08518372961742784 0.0609861742326654 0.041020250007159725 0.025962229604579518 0.015470815464797599
0.007960101864336855 0.007859977686311158 0.007361573903683777 0.006584841515075334 0.005643947934129598 0.004641712585137366 0.003663041078030669 0.00277084576275495 0.002007412944182416 0.0014471145888080362 0.0011387432035756856 0.0009909498108767664 0.0009060406829266152 0.0008195691098032323 0.0007476019095735224 0.0007102552614790824 0.0007378904786535829 0.0008363717518403321 0.0010306988451261525 0.0013736188825457908 0.001963619433300114 0.002975153554672605 0.004699971270332102 0.007583852247083163 0.012491633942816053 0.020901046029423137 0.03464936515402453 0.05562334446156101 0.08465949541713244 0.11784840400788334 0.1474994591721156 0.16616453274399245 0.16935003702192336 0.15733407058068236 0.13430350378056366 0.10599325101267482 0.07758054624495309 0.05264737784235361 0.0330333238980475 0.019918754795921204
0.005410079031418508 0.005901636467647784 0.005964155567631717 0.005657738643502458 0.005076797261220874 0.004326490495025549 0.0035078060672065637 0.002706135990039512 0.001997055251652972 0.0014665364198926363 0.0011676035842791217 0.0010271315666133085 0.001002475103742499 0.0010258610197566252 0.001060078672363977 0.0010645118043189114 0.0011375068769983922 0.0013233411451640188 0.0016682257600555484 0.0022626649468731478 0.003266964435587898 0.004944101838271915 0.00767703725263538 0.011948634479931143 0.018731408800744084 0.029089795822268817 0.04395643808182753 0.06387324767579984 0.0884053495898021 0.11546308860628351 0.14107589194289166 0.15938319128179368 0.16489162853004827 0.15684598878754566 0.13769922976568125 0.11176994650862128 0.08372896247283419 0.05754580185979875 0.03681908471085408 0.023771513901228555
0.0035024117387028137 0.004131670392673142 0.004454979993353617 0.004459918017296957 0.004183101092651591 0.00369486461920647 0.0030821991098996643 0.0024316746294652442 0.0018404083065046274 0.0013889820276982688 0.0011381231686449428 0.0010319975923124595 0.0010383489039445944 0.0011616724410604205 0.0013576478003906169 0.0015173167375150834 0.001668836739888155 0.0019782105075690478 0.0025347345411975107 0.003483288114103822 0.005073784755357948 0.007696340180153542 0.011847885112046236 0.01805427706127106 0.027126230664564786 0.03917271979867508 0.0538955110833348 0.07086123193900358 0.089268822332642 0.10755024740638762 0.12331400202256113 0.13380768884973432 0.13674405476995952 0.13109672048876578 0.11746945003003227 0.0979038486147847 0.07530639764503284 0.053825765526075084 0.03799369363745963 0.02666363642582419
0.0023060857953569377 0.0028867898301019085 0.003279510057452157 0.003432658931577173 0.003343598353300221 0.0030501732618212684 0.002616223289747184 0.002114843099875172 0.0016474959381564964 0.001283529909401117 0.00108819774220076 0.0010198371792951274 0.00105988983880739 0.0012250761159609295 0.0015366439630214316 0.0019196294593050763 0.002305125222926966 0.0027711526148259122 0.0035833570936220135 0.004962423426025788 0.007278045264996633 0.01111018429505112 0.01716509657526322 0.026110411403279195 0.03797557558984381 0.05076570303334763 0.06295472186137611 0.0744614178033331 0.08532834539067441 0.0949941599027333 0.1023688301939929 0.10619635399172601 0.10548582173044299 0.09985830565058305 0.08968346501902294 0.07597520685721007 0.06169113732810629 0.050156180515338177 0.04038430308147769 0.03161206548105954
0.0015886072771378607 0.0020643726046590026 0.002435540578580983 0.0026406960439255504 0.002655060187690169 0.0024912465879704626 0.0021908118233445227 0.0018111520897383777 0.001447333067784495 0.0011645563281039693 0.0010236963764966704 0.0009932866495523357 0.0010676931551155153 0.0012751977042904214 0.001617636235247002 0.0021048302495239512 0.002782691015412694 0.0035988417165235096 0.004671142053349392 0.006466112252250148 0.009492037849324727 0.014575702048638745 0.02286747064637635 0.03574135364775688 0.05138538154243146 0.06237369689330233 0.06816228449662941 0.07206161429761439 0.07531284078813996 0.07785260677251711 0.07915852010230617 0.07864403539650643 0.07588992582037174 0.07077941659009405 0.06362492402251617 0.05724209812407846 0.05272311440948467 0.049635645312856386 0.04667015701307784 0.041434542357528435
0.0011597096118267734 0.001533374622482455 0.0018505489271010615 0.0020556142899094522 0.002116482342082386 0.002030809229250826 0.0018231398687513693 0.0015365304349221785 0.0012529129110884483 0.0010431668927401892 0.0009517501352323268 0.0009568577512704651 0.0010642706949501083 0.001303826545065546 0.0016625133821149191 0.0021761930163591444 0.0029163828603206033 0.003990452464428395 0.005519698498647765 0.007618883867957755 0.011048852497526249 0.016844264466292252 0.026670518703164336 0.04403180348642612 0.06713994203293712 0.0687900727256181 0.06487348220294949 0.06191946775447126 0.05983042817872017 0.05805819455932765 0.056091647117627604 0.053540860182254096 0.05018014625749313 0.047010723859976164 0.04507682844720598 0.04472397473925404 0.04640772634527109 0.05069762977731848 0.05755189986992046 0.060794249903624815
