_RESULTS/CROSS_VALIDATION_POSTPROCESSED_80-20/MHZ/IZ/2comp/5/MHZ_IZ_z_500_kriged_reverse_2comp_spherical_5.asc
ncols 100
nrows 81
xllcorner 5.5967107548124995
yllcorner 50.982328804812504
cellsize 0.00017565037499993607
nodata_value 1.7014100000000001E+038
[rows 38 to 56 of 81, columns 0 to 41 of 100]
0.365966775790597 0.3596914958640335 0.3499979240047037 0.3401911105465043 0.3308015210831621 0.3219973905711726 0.31375826605268387 0.30582551063192964 0.29852917778351507 0.2919324733696879 0.28541018304474586 0.2790768551719791 0.2730363335965493 0.2673343110976117 0.2620276292674026 0.2574883069349313 0.2537573271950579 0.25074029047083124 0.2480973504142621 0.24554085285657914 0.24312476885027787 0.24115696011535406 0.23991627994045966 0.23970556233586376 0.24097741383791527 0.24431642705308151 0.250088316051748 0.2582144104626406 0.26833956446419055 0.27997825452362984 0.2926582361096744 0.306054212428951 0.32036573333425855 0.33522598091491923 0.3489513606585731 0.355471597425714 0.35627402249497175 0.35430640730347013 0.35018979753454693 0.3442284756430017 0.3367044779927288 0.327929988250958
0.36147292525156255 0.3528400246465759 0.3427576136087255 0.33331597626840603 0.3246313472175184 0.3166586026386069 0.3089765728859268 0.30163918512253685 0.2947927367755162 0.2882475658541786 0.2816694366689032 0.2751959279334912 0.2689254292769542 0.2629161590295549 0.25718991456609275 0.2518492375695393 0.2472822822957021 0.24340243244917992 0.24014309715221974 0.23730898004722112 0.23484966157050605 0.2328434567893519 0.23142736102330697 0.2308407656715742 0.23163023477162753 0.23489545474440293 0.24167617725886723 0.2517651904360168 0.26394308187243476 0.2772554076701597 0.29108784768114143 0.3064011343087848 0.3227776388461232 0.33874898213279486 0.3515156363655247 0.35910030572754875 0.36187147729655356 0.3611565020327367 0.35790849897905763 0.3526644601122735 0.34581104415396396 0.33769635784599367
0.34318682230881625 0.3388582909155729 0.3314497405641085 0.32369713539854444 0.31641117152371434 0.30937403595150725 0.30250706210386014 0.29595089163838056 0.2898245630819604 0.28375136404147455 0.27731697335412125 0.27083565810182963 0.26447227671192464 0.25830036876519497 0.25236692280734996 0.24669265207781518 0.24143373735304546 0.2369718056794909 0.23332111703300726 0.23029598692641123 0.22781802344430013 0.22584651848862156 0.22435757220919095 0.22338166932904246 0.22323021731602316 0.22556804503118041 0.23393742595692033 0.24662364585633498 0.26090871450201264 0.2756849056991345 0.2911019494317414 0.3082351575930233 0.3265063549757393 0.34259537590919253 0.35463160689907736 0.36255551611351355 0.36640867528126936 0.3667985740214427 0.36449272665679056 0.36007504999857187 0.353983567160684 0.34668384713722017
0.3255897371808131 0.32279630238658474 0.3178304932364863 0.3121486102564642 0.3064281419680011 0.3005468572820864 0.29472197979405235 0.2891035949218487 0.2838030417270976 0.27840567158038826 0.27252122356206887 0.2663410603452987 0.26004174886871095 0.2538366258282406 0.24783436533552575 0.24198472860467818 0.23624904476198055 0.2315096734868041 0.2276611467496146 0.22463385485060106 0.22235122522808376 0.22068041222236567 0.21948922231706147 0.21863688950859383 0.21797264116871057 0.21745745046189732 0.22940988998828155 0.24451258181510616 0.26008533180147536 0.27582924891161087 0.29307757821490554 0.3119894994015435 0.33101014873920315 0.3468754783261608 0.35839110196733687 0.36625684553239113 0.3705193356760897 0.3715772224292933 0.3700133992452159 0.3663526248930595 0.3610114729709492 0.354770338608834
0.308791133576501 0.306796533850001 0.3035262300867385 0.29965538253919455 0.29534481418765957 0.2907507724850742 0.2860944149341635 0.28151524054944854 0.2771153893991685 0.2725115166964357 0.2672909703180308 0.2616423801360472 0.2557463581646294 0.24976216300610876 0.24369300792985363 0.23760573231901652 0.2318720940267519 0.22711643671653256 0.2233098288328995 0.22045930593037172 0.2185685459479008 0.21749162592756469 0.2170956151597968 0.21730368661058652 0.2183148551026161 0.2219453495476603 0.2320594583872449 0.24642693099700422 0.2620913043357385 0.27867139659863893 0.29737793015296987 0.3174713145517764 0.3359466437464476 0.3514682151587141 0.36269567803316544 0.3701487884381436 0.37430015573024134 0.3755665132178578 0.3744324090566087 0.3713516013778162 0.3666867311837945 0.3616274086712419
0.2928731997315251 0.29139477482426335 0.2893531457681 0.28687888309432774 0.2838716885166198 0.2805739877703973 0.2771284196854273 0.27363434523732744 0.2701736537277517 0.26644641331460095 0.2619743011766219 0.2569367984017788 0.251438620387402 0.2455861302397968 0.23954262958682374 0.23355320113544142 0.22819579054520578 0.2237048906234477 0.22009662678012581 0.21754877872362513 0.21621053837207732 0.21594544165925317 0.2166504477083367 0.21839095061180663 0.22177038803100182 0.227924868069246 0.23799618375775783 0.25142461902475005 0.2666822696581095 0.2840853196861634 0.30399361011506476 0.32407117243070055 0.3417083858346755 0.3561594865228664 0.3668321147124435 0.3735885762496256 0.37731968543519295 0.37845158650489563 0.3774538487915892 0.37474694157648186 0.3707308295669986 0.3667870591515386
0.27789885208470955 0.2767851235493536 0.275711722883034 0.27437370578125153 0.27258404428662897 0.27054889341725125 0.26830837991943907 0.26590348956970855 0.2633876283781131 0.2605597501465209 0.2568027399689426 0.25223074997599343 0.2470117274754261 0.24134030402874662 0.23550538662989368 0.22977414114880224 0.2248166540849342 0.2206966493618451 0.21736834052113632 0.21525950619859782 0.21459852868012208 0.21529346818317177 0.21728448054379432 0.22079133892712066 0.2261683022514384 0.2339899108874696 0.24468182083882223 0.2580002842888948 0.2732733885258058 0.2915858045022707 0.31232286387922903 0.331816925485104 0.34836955272419795 0.36129261623929293 0.37041278621751555 0.3759164273972833 0.3786793192961662 0.3792872386416351 0.3781065803867958 0.3755362608250749 0.37209099534289025 0.369161462311122
0.2639972481834252 0.26300141522860193 0.2627385879246703 0.2624669612698758 0.26190909197896234 0.2610928925092115 0.2599951705210863 0.2585842540219643 0.2568676366827575 0.2547550427653035 0.2516341687542737 0.24755005557401777 0.2426961532982674 0.23738239590011387 0.2318174761855103 0.2263632648825867 0.22173705103328273 0.2178740150572492 0.21485833716797004 0.21331730960808015 0.21343252227344786 0.2152710315065095 0.21876347091283757 0.22392315332327423 0.23094136487600758 0.24010961611593684 0.251611323847225 0.2652983945457166 0.2811134584849133 0.3005383262642296 0.32169680817923507 0.3406762984787117 0.3558709098118773 0.36671840065227385 0.37344130624636457 0.3768082672749198 0.3780106134841583 0.3775907102824714 0.3758633282138015 0.37311839681329284 0.3700315305173151 0.3679954500640366
0.2509099987223975 0.2498801851622192 0.25016273511700127 0.25094518895991175 0.25170729568806205 0.2520900961086585 0.25205450978938754 0.2515493992139276 0.2505720813415319 0.2491289997417938 0.24668961786023444 0.24314810728855385 0.23880167461132082 0.23388297784964038 0.22859127874776458 0.22338255033512144 0.2189137810335554 0.21511543122425975 0.2123676737835411 0.2115106822030058 0.21272348086312542 0.21593988368342276 0.220918724647607 0.22756798040625917 0.23596778088088563 0.24627330757845425 0.2585820355870932 0.2728099291167785 0.28942925232146055 0.31011548174713316 0.3317237609904681 0.35056879599628876 0.3640197593980515 0.3718904605876708 0.37554873170329844 0.3761057512582478 0.3749658269967354 0.37304961447712276 0.37033516157646185 0.36702282568816236 0.36385854379166643 0.3623621867822743
0.23869521277480493 0.23750727541892377 0.23843240374765146 0.2403087800057662 0.2422751593474614 0.2438247000817882 0.24477260300050152 0.2451029238607247 0.24478143939111072 0.24379303336798755 0.2419010363709131 0.2388973816420534 0.23505681533677023 0.23055149815207437 0.2255639516486706 0.22057551396019415 0.21601137223790992 0.21207692701016603 0.20957854399593417 0.20974776767298842 0.21257985656159412 0.2173619131990482 0.22378156019363737 0.23174124553671732 0.24127665342830568 0.2524874163685196 0.2654441743399529 0.28011637916928483 0.29739820597658917 0.3189525858885458 0.3413893529393112 0.3613431840195934 0.3721113099843314 0.37563477039573134 0.37583985668438263 0.37354778048654 0.3697312104441159 0.3655951548744224 0.36136674016498344 0.35697466914665477 0.35299681236955205 0.35111954880051305
0.22757906830562502 0.22594285026036356 0.22797830949161435 0.2313232092459324 0.23450683211390946 0.23702818159796918 0.23870482485214917 0.23944846688402385 0.2393916132805166 0.23862189395923777 0.23718810091483752 0.23480415887065734 0.23154411534768493 0.22756799353413293 0.22303728327869465 0.2183199008103094 0.21363624618296026 0.20928034603104298 0.20642357840710748 0.2077962510421372 0.21284667290240605 0.2195607911057372 0.2274823380155166 0.2366001230578376 0.24697678523103098 0.2587911016779065 0.27209601024330415 0.2868753802313511 0.30421479790041195 0.3255463266046137 0.3476907718972325 0.369516949077463 0.3760763534496786 0.37577318704297796 0.3733558205935011 0.3688474001526059 0.36268172804857635 0.356193912027296 0.34963210059473426 0.3432316476031184 0.3374669384997302 0.3336274804265262
0.218528861071513 0.21533649574971372 0.21994997217893134 0.2248702246131709 0.2289854970486319 0.2320454288274453 0.2339909622675588 0.2349133016161436 0.23495272863597103 0.23428727331757893 0.23317348092890847 0.23142427542406593 0.22882822232787106 0.2255322805285011 0.22165658082459336 0.21726871846636242 0.2127321460809903 0.2080688586620646 0.20344991350475672 0.20687865576888065 0.21447939244927705 0.22285846658709557 0.23199277768203957 0.24206873898433814 0.2531654022603615 0.2652653407447849 0.2785268194996393 0.29293881549416473 0.3094774489100335 0.3291384702368221 0.3482056734529007 0.36394355490280145 0.3715806509791988 0.3723247522330373 0.36938646493209165 0.36371874539667637 0.3558425275581212 0.3472070420382583 0.33817740421226 0.3289013199991256 0.3197551939304291 0.31198172252228795
0.21550519414603778 0.21267058590396615 0.2169540142256825 0.2218484618633446 0.22585720848742324 0.22879261206641 0.23068698086154826 0.23162193471053025 0.2317041758315286 0.23110989238293136 0.23018432769448893 0.22897443955123067 0.22710350652754424 0.2246116762078035 0.22140602178735233 0.21764283091228548 0.21388418827437758 0.21034945991261383 0.20813092201831546 0.21129521448439886 0.2186988572143305 0.22760559124025073 0.23746418021863958 0.24811587201601087 0.25961029628891397 0.27190503533362836 0.28483270201258587 0.29841755073892484 0.31343382210667076 0.3308842438388259 0.3470351806734669 0.3596968073536919 0.36682414684027786 0.36833848795064356 0.3654690492165549 0.35914569565847065 0.3500776150173078 0.33957268130676505 0.3282417203582069 0.3161872847899956 0.30353564822721557 0.29155427749372553
0.2178115103306496 0.21642573758803574 0.21854130016748405 0.22183930616556108 0.22491105831200087 0.22728745996350436 0.228845658031774 0.22959683089720148 0.22961286522035665 0.22912574704226132 0.2283680188480699 0.22745516416639652 0.22633748597685258 0.22456371655440577 0.22210188474485384 0.21923652731396176 0.21668740959054242 0.21492799561819476 0.21491058980506283 0.21822268923957847 0.2248483927660906 0.2335848631168062 0.24366157952797118 0.2546704559841073 0.26633378495510196 0.27849990497635646 0.2910224571700188 0.3036741532154558 0.3172956023198764 0.33281918846106157 0.3466202728519704 0.3572150494357233 0.3634529194975267 0.3649964154798733 0.362201801935053 0.3555676323477761 0.34573577191493543 0.33384106384253187 0.3205191578858171 0.3060931403557899 0.2908570048722026 0.2757507111200502
0.22162585996353926 0.22072607937577488 0.22181227731042788 0.22372771471616096 0.22571768125330063 0.22733451176814584 0.22837981587376424 0.2288049751755504 0.22865788828842162 0.22820935507022946 0.22761584132437968 0.22697579451114955 0.2262084218961482 0.22505545156249826 0.2234183408216803 0.22154812187691633 0.2202065194575947 0.21990023410368326 0.22118563416502973 0.22501361608781414 0.23150846810801126 0.24011746803936368 0.25024419640768153 0.2613937552068307 0.2731391214075484 0.2848838625798264 0.2965297998279477 0.3084579387365109 0.3205347625950307 0.33400080262196064 0.3457836987221136 0.3547336019534963 0.36004345708516716 0.36130700226266577 0.35851447869779834 0.35186012068755324 0.3419503748993837 0.32974595574574805 0.3154427500381927 0.29954237531744854 0.28287939729206596 0.26601038494850776
0.22617151921488937 0.22533243124123561 0.22575099384347036 0.22672710432402277 0.22779551337065732 0.2286552091475819 0.2291291895909554 0.2291528739600109 0.22878430965643506 0.2282939213452937 0.22776397346503702 0.22711926878273644 0.2264127940047569 0.225731020614909 0.22493745004040014 0.22405306208837006 0.22372577085066886 0.2244983905097634 0.22672165215085824 0.23115357118432428 0.23787275231053306 0.24656942071566534 0.25679041054694773 0.2677998714949076 0.27878996118181504 0.28971771988712847 0.30090242628223374 0.31208778647349356 0.32296809016251565 0.33447822832721885 0.3445508144235256 0.3521499012654459 0.35662595209489567 0.35754356393681047 0.3547098710447575 0.34811696405124276 0.33841988599527517 0.32632070446402767 0.3121007264080823 0.29642337406913993 0.2797105728124043 0.26232568995104955
0.2312263305180314 0.23021208833354834 0.2301218612827975 0.2304571606247563 0.23080844875691214 0.23100462725140933 0.23092666645615773 0.23052686994915703 0.22989232005231405 0.2291664442950613 0.22836831109752181 0.2275675274838245 0.2268540437632809 0.22633285081015692 0.2261212642645436 0.22616877928884307 0.2266748669682633 0.2282648336093452 0.23126386780517802 0.23630664398554801 0.24339480396436472 0.25229177456997787 0.26217535717389506 0.2724212695546081 0.28271828223888085 0.2932384426713049 0.3037196292889206 0.3140941337325164 0.32417573689526114 0.33418895700901974 0.3428768499746067 0.34939569795903297 0.3532120079462678 0.3538798353409162 0.3510948164780298 0.34474570633749957 0.33555853790769696 0.32403687923591096 0.31076454584654156 0.2960040825195311 0.28004650339472215 0.2633982213131661
0.2366633465090996 0.2354305761485513 0.23487661785386113 0.23475622986022107 0.2345642004399429 0.2342108136247107 0.2336166219822016 0.2326932203733206 0.23153488748056875 0.2303489627900621 0.22919335522448556 0.2281533555836191 0.22733714184494802 0.2268661262338629 0.2268640473497968 0.22744612333894937 0.22866727722512045 0.23085817295218858 0.23455282527901797 0.24017083206719544 0.24758715034792275 0.256071549805821 0.265297244979159 0.2750248622435636 0.2853640001173393 0.29527357961051964 0.30469319595520356 0.3140665361265725 0.32334828989242553 0.33233714683864285 0.3401518128670931 0.3459966739891865 0.34949055026031434 0.35016287837521703 0.3476357980598492 0.3418334246883589 0.3336077229433018 0.32336062661204246 0.3112818790991666 0.2976596637052656 0.2828867149327696 0.26747309184076257
0.2425185801689438 0.24104557048583927 0.2400582142079874 0.23949427545724736 0.23882187628309096 0.23788893205661943 0.2366564459857975 0.23510780863847994 0.23338046400218532 0.2316872776376137 0.23009979742382125 0.22872249582204804 0.2276864385969997 0.22713529926094578 0.22720476907092682 0.22799930915925978 0.22957329860314726 0.2321633119864041 0.23649420298261226 0.24254008048384101 0.2495670814735116 0.25735610872016146 0.26580803312455753 0.27558782871227655 0.28656127095981504 0.2953310764850628 0.3032707284523683 0.3116292058832437 0.32019460337045097 0.3285825147081265 0.33593930936796584 0.3413764296334493 0.3448216118069323 0.3457716329492636 0.34381643426201985 0.3393471207560628 0.3327556053625108 0.32405647292451095 0.3134127300631776 0.3011411530665668 0.28770036491464407 0.2736702079752289
