_RESULTS/CROSS_VALIDATION_POSTPROCESSED/MHZ/TZ/3comp/1/MHZ_TZ_z_90_kriged_reverse_3comp_spherical_1.asc
ncols 100
nrows 81
xllcorner 5.5967107548124995
yllcorner 50.982328804812504
cellsize 0.00017565037499993607
nodata_value 1.7014100000000001E+038
[rows 40 to 59 of 81, columns 44 to 87 of 100]
8.281059079634428 8.737788976214675 9.137716804176888 9.462772590938604 9.695608485232059 9.769695113203218 9.608273798689586 9.2339908983899 8.68819907664894 8.049585964195856 7.360654526795113 6.661660193807363 5.985854724667472 5.361298281718919 4.816167050533894 4.376457915194813 4.050830279374409 3.8259665857375182 3.7011752627496652 3.680310480123784 3.7698460248797443 3.9771304104711724 4.308192002262088 4.765494073588235 5.345657656446454 6.0342038518301635 6.806730898024852 7.628923950993875 8.449796334194168 9.21602728419689 9.883246214404286 10.41618333069354 10.791088768574475 10.986762784783338 10.995559117430224 10.823901685333947 10.485219967035892 10.070329986628291 9.702990796685436 9.394765207092828 9.150039333033858 8.972336116089522 8.864963469554937 8.831626119649954
8.686651479465105 9.115031169681762 9.477344071569851 9.757019069037064 9.94847795491639 10.031265246220832 9.898282994224967 9.552133142836364 9.053600929665182 8.461040211445772 7.8123431909743815 7.1459948042389 6.495354836663983 5.893895688690069 5.365431803682701 4.921149396769639 4.590711416863803 4.36982039547862 4.251663746654398 4.237930058679927 4.33243472187444 4.5398418236253875 4.8639825346464844 5.305894482026632 5.861548915103251 6.5163427000499095 7.246200946604348 8.017160810150822 8.785840401190482 9.500018504152322 10.110285944367014 10.581558224546644 10.887996131068647 11.019075403749257 10.973881931060125 10.759051721941969 10.39607832133361 10.022502296118978 9.68827074005452 9.40363876662193 9.176801916268671 9.014846831680758 8.924107762033744 8.89730730365116
9.084897308615435 9.479695275762277 9.806510235294695 10.052972555759206 10.209454369757886 10.26863903521629 10.170274742567068 9.855255522087242 9.406794364606293 8.868705472312106 8.271410085925146 7.64925879064229 7.034780598390703 6.465877349967217 5.964301712587204 5.540904950592243 5.2078921796974464 4.987175135164 4.870558851509953 4.8591678534989216 4.954849937931859 5.160179019781829 5.477145539840273 5.9054627146942344 6.440384279867188 7.066987987545841 7.76146997508273 8.488984727463784 9.202576573349178 9.847471352028338 10.377669827051731 10.759037520492337 10.978441259162315 11.032310046734102 10.92262681605931 10.655768436568987 10.299221565342902 9.966524974846024 9.67108924783212 9.422449162234848 9.228550284730334 9.096224864354307 9.026961482115299 8.986749133881728
9.489170364726094 9.856609745050198 10.148079245075158 10.353001152278246 10.464540593989758 10.47828344935376 10.386009483743393 10.11668575556796 9.727528931837647 9.25119552341342 8.71464974194935 8.147567072170906 7.580946256836807 7.054196140106184 6.587842255774475 6.194233903335651 5.882544315471067 5.664278068865193 5.550675109192558 5.5404225344527305 5.6348197950695535 5.835483223348071 6.143312927827236 6.557101071873035 7.071419586865679 7.670939209582382 8.332184322344782 9.018166433652583 9.673118067146119 10.230987738614765 10.64827802428296 10.91635432106778 11.03616421333445 11.004748950462567 10.824772314875224 10.51574130993961 10.19775532158356 9.905555512085867 9.649354752197702 9.437905658776574 9.278825823919531 9.176148566592353 9.102057712465905 9.047741120773626
9.910774119501301 10.244031516762139 10.490072673618494 10.642290184881222 10.698639721101323 10.658472350772643 10.522389077923952 10.310434764818904 9.991518971989171 9.585134096853938 9.117524687775575 8.615029662836664 8.106795196563302 7.631744961228951 7.209410493901124 6.853174156775192 6.57351670982065 6.378805923554634 6.268479109059453 6.256898709655628 6.347380088939038 6.540185657603091 6.8348260722385135 7.228954236822238 7.716272180494503 8.281929524190112 8.905536942571898 9.553687509249672 10.163792480586103 10.631443378078869 10.910036223153144 11.039311341023435 11.040363509047616 10.915388095544447 10.664250262045012 10.370960587792743 10.093714003341967 9.842601827438651 9.62661381082236 9.453795907095575 9.327683864570368 9.224912781167149 9.14042319344379 9.074224793776125
10.336503966379672 10.628779416925624 10.817421169636972 10.904797521539939 10.896671954548994 10.796484097096913 10.61457924356906 10.41205967664625 10.172600629336543 9.845302702918833 9.454506555160927 9.024820346444702 8.58369317231438 8.168819445377519 7.798768838879357 7.487340855262511 7.245898930367281 7.083854791223844 7.001168547416145 6.991068507181107 7.071963425311513 7.250317454263236 7.524252875287024 7.890166383199881 8.340281688629219 8.860489906691392 9.434291990408376 10.03869380052585 10.633561483537083 11.014530224335763 11.10906078900312 11.097995796378434 10.987557646197903 10.770617317479529 10.496428141128913 10.235671423294692 9.996040647216631 9.784913629769523 9.609490195317983 9.467941306943949 9.343513056987202 9.236420604646536 9.147666127943841 9.078277155961489
10.753084661022605 10.99666708746724 11.111292582858233 11.121005115559747 11.04183598175067 10.87918219345517 10.67160153228931 10.458314747139353 10.245827549052992 10.00615477681112 9.700023290149446 9.35038060538027 8.983195519685694 8.635180944384983 8.324197344279504 8.06392009053794 7.86607654347726 7.74066646425682 7.690356806645032 7.70478318211539 7.788042781218933 7.945997133874797 8.190151534269592 8.516986818753276 8.915957149829264 9.372899881956776 9.871054026784511 10.38768786188692 10.882335370547743 11.159649005498483 11.157970045211982 11.053963612775721 10.858159863151382 10.606943714069834 10.365026076041497 10.139748032781872 9.937863425862622 9.764319028378596 9.608320805086553 9.467629406601384 9.343264520275278 9.236227211720495 9.147521519618964 9.078176355852111
11.14636393225101 11.327494400333373 11.341595827722093 11.26505580728348 11.115293413792642 10.907547880103664 10.689912206036999 10.470655730797525 10.254592729055634 10.046380625814171 9.82974003805753 9.566605501462021 9.278692965470741 9.002220915292238 8.755042788223822 8.550424410107972 8.400019118463955 8.313963720085159 8.29624807945525 8.334418533131377 8.431222393571591 8.589327015373623 8.808982414532988 9.087621431181336 9.421326006184737 9.797241440637821 10.19465385626392 10.582095952180943 10.903191620310485 11.068801658413879 11.051168006927002 10.900786130253596 10.690966232116333 10.479271093816113 10.27649485652922 10.088082228689196 9.91036688806252 9.744603951915222 9.592272254444818 9.454656440397594 9.332925865349644 9.228185855231155 9.141515834854385 9.074001086246202
11.474416441448234 11.55544072544042 11.460476422118678 11.311424689311593 11.107107408933855 10.88806994930672 10.667725093766935 10.448731316905116 10.234220163156646 10.028083755832128 9.83400380029903 9.650952847053732 9.446638355086169 9.244648432528587 9.06397577784608 8.917451401715565 8.816414724637903 8.770791079072954 8.784667266762868 8.84398001680442 8.950245637106596 9.105194593506889 9.30785672143945 9.55252367300211 9.828336756056151 10.121894904509977 10.413204245034665 10.672586110418992 10.85813310166739 10.925363077575119 10.859884270986194 10.72533643083883 10.561298519806888 10.385150704430252 10.206759258753868 10.031957663681759 9.864503976573824 9.707046126173967 9.561604304144312 9.429826391345419 9.31313391308472 9.212813040409952 9.130076926399793 9.066112647220478
11.470644350733929 11.552295712679058 11.458601196946804 11.28043386014271 11.07140115484675 10.85159188950003 10.627053053327474 10.403831538279494 10.188333721667318 9.986762431221706 9.798562758307924 9.625075139950615 9.469620883091299 9.341470018171433 9.228362406885763 9.140588611399853 9.089103067533099 9.083436362110172 9.126680467875772 9.20355696545538 9.314863942491996 9.461306516543209 9.64050689995188 9.844242024194147 10.062228037504141 10.28033742219664 10.478999981371308 10.63258456100725 10.711169730636893 10.714913607669263 10.659152907695638 10.555976371756001 10.421871315309895 10.270813604601562 10.112731908682639 9.954372021510476 9.800395934915962 9.654165901720233 9.518233397962234 9.394636966391898 9.285087582849345 9.191089293928483 9.114022487104545 9.055205363681985
11.400022023992422 11.454886026005767 11.372407618991833 11.218037348626547 11.028282378369695 10.817799221026196 10.596073782475388 10.370958801763996 10.149864150237809 9.94003635283487 9.748518140430695 9.580960472309169 9.43235728220259 9.31325997990972 9.236346956861913 9.201161709272654 9.198146643746048 9.230858837045774 9.300265411998017 9.390727587183 9.502929669122066 9.636646638445837 9.787281613905094 9.946818474550073 10.105445561357477 10.249603703960778 10.364336589653586 10.449364111898074 10.496846034115444 10.499652577062 10.457325906705885 10.37633485098791 10.26682682913894 10.13905552541894 10.001586972113522 9.861016314796736 9.722306705130126 9.589226725292283 9.464711546151335 9.351125258071209 9.250444585545264 9.164388180262305 9.094510199165013 9.042270948750385
11.32104591846115 11.343569114345184 11.282426166598967 11.158293087816084 10.990307111439186 10.793151593271439 10.577973400471768 10.354103032403069 10.130036517404509 9.913813114526143 9.713085925567768 9.535085330411663 9.386584090136589 9.270483836711172 9.194211786461263 9.159237811760775 9.165928148469565 9.214795433041466 9.29688958698994 9.393310628597996 9.501953664080888 9.620023638439484 9.742547186265911 9.865624512343361 9.984575450766874 10.093635246524864 10.18597721285927 10.254198132282735 10.29154173629625 10.293730658241174 10.260499800899849 10.195701084722403 10.105892993120175 9.998481558599893 9.880402145051402 9.757555972467033 9.634747958006548 9.515841243141663 9.403962135762772 9.301687376601851 9.211195993838164 9.134387555785182 9.07297397787666 9.028552113209413
11.24368371757181 11.267290143907486 11.22326899668596 11.120076920672888 10.970051326774035 10.785445259610823 10.577294245475304 10.355589581703994 10.129619572037372 9.908149349895222 9.69945367508977 9.511287813315281 9.350865562524186 9.225683206124993 9.14989925974472 9.115114653637809 9.120839987693131 9.167548215066647 9.241244208471647 9.327888290799223 9.425306475905701 9.529166640873434 9.636091054581824 9.742424550479296 9.843852335108688 9.93539589535825 10.01159251584268 10.066979645622748 10.096932630711892 10.09867980902638 10.072053088920045 10.019536981541362 9.945584828767885 9.85560846198927 9.755103614738806 9.649122194242592 9.542061972610993 9.437654566567653 9.339046214924702 9.248907408733151 9.169540941602827 9.102977315696421 9.051055624643592 9.015491631565796
11.2096480412704 11.236781222282728 11.203413718238009 11.113942761731824 10.976635604227953 10.801403841199663 10.598511751129216 10.378064985417453 10.149837001592536 9.923175137512613 9.706912953835992 9.509297538126987 9.33795704778319 9.199924837430661 9.108156685810528 9.073088451874066 9.078491375397991 9.122627527798885 9.186915101127457 9.26311045628229 9.34747395790776 9.437093829243421 9.528975553629596 9.61970137259086 9.70542055017891 9.781924172081983 9.844858765199353 9.890120579523504 9.914410920270713 9.915823535391036 9.894244438116154 9.851377251422209 9.790381332221378 9.715294585968815 9.630464951254112 9.540133652514363 9.448201180282394 9.358138602743674 9.272989633680728 9.195418904853751 9.127778178457222 9.072175443131288 9.030540191665029 9.004682724586099
11.221403805026881 11.252335477335889 11.226180062277386 11.145337320874473 11.015802881088229 10.845901561310578 10.645209679647508 10.423815233910116 10.191837500055048 9.95910516027073 9.734938358428911 9.528016289133175 9.34632548297668 9.197184007710032 9.088091058366137 9.037355499530417 9.042752272570043 9.082332144292735 9.136514333031325 9.200374923491232 9.271475922590525 9.347261906830607 9.424899740408147 9.50126723812969 9.57298567951197 9.636522141043596 9.68838636144835 9.725429433250458 9.74521226199686 9.746360564363416 9.728792953159543 9.693735094304209 9.643514205271842 9.581213320926356 9.510299060267293 9.434311747171689 9.356655984645453 9.280487997344814 9.20867609443379 9.143807894343515 9.088223376141642 9.044059883498019 9.01330102417382 8.997825352985773
11.278495592796842 11.313958457436097 11.293067843484693 11.217128522870105 11.090959125105893 10.92208552432762 10.71981385974816 10.494388955598065 10.256323929338501 10.015913993431772 9.78291743666364 9.566378447023482 9.374566380224381 9.215008309538778 9.094593974634641 9.02329017068919 9.017623353605734 9.048586832957373 9.090766736206767 9.142051501069659 9.200176999353 9.262699391660597 9.326982762488417 9.390211847249871 9.44944316439245 9.501708474651315 9.544179354519065 9.57438750590414 9.590472513144281 9.591405102959667 9.577124738505562 9.54854803093447 9.507445174922372 9.456223907999972 9.397681571221044 9.334779438848468 9.270470696237837 9.207589835535167 9.148795875229418 9.096555723094133 9.053154111047016 9.020719380677608 9.00125773307345 8.996321441669584
11.381234242835786 11.421715079273454 11.404960527005017 11.33094503795217 11.204039492398298 11.031711354034137 10.823575261251484 10.59040604984545 10.343303435502989 10.093088848573833 9.849932440020478 9.62316940092131 9.421257824722373 9.251837758241946 9.121861078752278 9.03748215408714 9.00721384797373 9.021671557324 9.051718379637522 9.090610698782923 9.136160564255212 9.186058457790768 9.23787539550388 9.2890879028776 9.337133824789843 9.379505413165278 9.413880851947125 9.438285545788128 9.451261667090462 9.452013573112698 9.440494705517459 9.417412843431123 9.384152253714811 9.342633643991514 9.295145668611061 9.244181226874867 9.19230161782613 9.14203869039238 9.095834783452993 9.056014425890991 9.024779869647753 9.004223036067673 8.996347988747754 8.996321441669584
11.540614958725737 11.575720064206935 11.562601797943133 11.487814117870014 11.356003254497855 11.17536928909354 10.956564750243858 10.711415679708908 10.451892231119796 10.189433378730522 9.934587908741312 9.696884321148367 9.484828250873841 9.305657977446353 9.1660036757135 9.071959118299052 9.017011957797633 9.00364568924849 9.021580821566943 9.048340865846585 9.081764219951088 9.119682885798584 9.159868274234388 9.200060761784986 9.23802286012166 9.271618233121789 9.298914526925175 9.318301600922402 9.328609674184237 9.329206945603616 9.320056587440542 9.301720161445381 9.275306654230715 9.242378799645802 9.204836281435774 9.164796553927964 9.124489548303464 9.08617554338999 9.052088911941214 9.024405900955346 9.005232307195318 8.996606336732434 8.996321441669584 8.996321441669584
11.75207328474553 11.778883613175184 11.763133571316805 11.686522961636 11.546061233156912 11.352014661180709 11.117261732941383 10.855459496045905 10.579793648755906 10.302340144035215 10.033856008080763 9.783808729486733 9.560516578052113 9.371331563323213 9.222833388695276 9.115538473957653 9.040882943226508 9.001690595345547 9.002455999422741 9.017375761922349 9.039126281033276 9.065677917886504 9.094986889305918 9.125024865256307 9.153826188374657 9.179552781905274 9.200573686825205 9.215552165564793 9.22352943616164 9.22399190567414 9.216909727650282 9.202739098216089 9.182387825776452 9.157150990753294 9.128628500481392 9.098637744975886 9.069132679561633 9.04213690185859 9.01969423541482 9.003837069709546 8.996570650220956 8.996321441669584 8.996321441669584 8.996321441669584
12.009555370688286 12.031771621005943 12.003178883030397 11.919766680631112 11.765821372643737 11.552629478846033 11.296425732313267 11.013357763165011 10.71807522047266 10.423316113682318 10.139992555175576 9.877451384332433 9.643762097532438 9.445983184939537 9.288002416344138 9.161955062302617 9.069295983500028 9.013130213772861 8.996321441669584 8.999730075743246 9.010235588027617 9.025975849947807 9.045071995292126 9.065694286467503 9.086102304072197 9.104697195524025 9.120082872718745 9.13113057552568 9.13703910593719 9.137382130500527 9.132134934220424 9.121676005726604 9.10676317313296 9.088488433895838 9.06821883285733 9.04753198130099 9.028154103619832 9.011906486768611 9.000663737451102 8.996325013861833 8.996321441669584 8.996321441669584 8.996321441669584 8.996321441669584
