_RESULTS/CROSS_VALIDATION_POSTPROCESSED_80-20/Berg/GZ/7comp/4/Berg_GZ_z_250_kriged_reverse_7comp_spherical_4.asc
ncols 100
nrows 90
xllcorner 5.6208707817415728
yllcorner 50.959635321741573
cellsize 0.00013419651685393446
nodata_value 1.7014100000000001E+038
[rows 19 to 37 of 90, columns 44 to 87 of 100]
20.460741269826187 21.518232153817955 22.62537819096331 23.704940189462935 24.710606055410977 25.603118285964012 26.368255285236188 27.00829610978471 27.534551638831527 27.962047630428987 28.306300484001667 28.58616103386365 28.827967199586695 29.043732004460093 29.24084525351106 29.42183509791269 29.582944744275302 29.72088817734836 29.96048275270929 30.320043006160937 30.69807096881263 30.888297986585826 30.88527973995003 30.76140575324694 30.572851538105787 30.348323783894333 30.1008361446286 29.836304373250776 29.55753193973292 29.26596065233519 28.96245992861008 28.648481224993322 28.33443524847222 28.04467456477769 27.80406325320047 27.615011369316395 27.479859575709376 27.400879799003814 27.380236784587886 27.419652982314386 27.484272904819345 27.547077341262927 27.605713633506053 27.65776865408465
20.158479426082916 21.46316528252412 22.785407560723574 24.02030248273106 25.112177087432492 26.031058914054412 26.777987229393478 27.370822788476122 27.833799636562865 28.191502076840464 28.466192069816305 28.677015511755066 28.849803163606293 29.00892988552596 29.16518672740726 29.32449157888204 29.48655788606245 29.645086257073928 29.912108781212048 30.3396959205646 30.833005292402397 31.06578960277923 30.99539140535007 30.808859956407623 30.586455522706736 30.34703072036106 30.095772262558647 29.833984425890463 29.561818580519763 29.279155746317354 28.98591796814402 28.687647497498915 28.39301159988824 28.107515359248143 27.866987720754043 27.678987623141687 27.545752899216723 27.469477973309235 27.45226240156961 27.496019566864515 27.570909892334722 27.64393453498552 27.712446054950163 27.77525474494711
19.99000660368474 21.639935234980605 23.213769951786027 24.594957082686868 25.737219159792602 26.633621832390908 27.311353533445438 27.810258291887624 28.169790672227684 28.423852236697183 28.600080389136483 28.719621252345117 28.803436567500963 28.884499918184463 28.981105574835563 29.101428761137615 29.24590482319198 29.409447935173205 29.69089997882665 30.18399810573839 30.867324148380714 31.123740268868488 30.933645132639242 30.714841055657633 30.4849368600864 30.251567823352328 30.01224775272233 29.76503877100651 29.508565654495545 29.24193922845049 28.965429078909967 28.68991581913301 28.418045003520003 28.149087326243738 27.912903063589557 27.729918350716293 27.60236087744528 27.532428719686266 27.522229473735653 27.573674006875937 27.659395959438093 27.748376408635966 27.838182075388996 27.92331520727705
20.180459875143907 22.22922151300714 24.038983347552502 25.514328423510165 26.633672591794245 27.42953881694923 27.96847125808567 28.312009828371558 28.508092915098526 28.60272911210216 28.630902115712026 28.619773822389906 28.591431531774212 28.572171286685144 28.592436508261976 28.663625381550485 28.78702210054604 28.950847157773683 29.228797871602296 29.703636261978723 30.29379788642948 30.61775952655827 30.569156489828885 30.432305531465804 30.254184809227137 30.057191910138542 29.84943083803198 29.630381041776932 29.399473281270815 29.15634067153132 28.904795977524067 28.656178397602268 28.410239638873968 28.16603735937052 27.93943935166654 27.765391715533532 27.647194749485536 27.587142106034634 27.587435897014988 27.65431166395645 27.76458174493551 27.88057330465413 27.996495239274484 28.106138569814764
21.153170306737092 23.433402717742926 25.382976242964457 26.847523010530022 27.822808033536734 28.392920028819496 28.672482999864503 28.763189089152526 28.734242704788638 28.63202812676625 28.48881651331956 28.328699924472968 28.171679530679526 28.03796821658166 27.962835996498363 27.966354406123223 28.051321562874488 28.20078196074205 28.46788874957414 28.903545785355632 29.405463367580975 29.817107845573272 29.979200711184212 29.985515884941012 29.9075864285723 29.774603474467394 29.615531686417718 29.436656061196416 29.240097625170687 29.027108680540852 28.80724936428561 28.588903462303843 28.371535839173724 28.152332559052915 27.93053273958807 27.752832579655934 27.633654014938664 27.58013193759924 27.60602337783853 27.714766910960602 27.86866897756421 28.028794238422623 28.181737093584946 28.31858216727559
22.950484871816876 25.286330352013238 27.29566546339016 28.601450442620997 29.21093870920014 29.37481854572238 29.29569090923693 29.085706259559263 28.805960649138047 28.492560459002604 28.168919020339118 27.85196446773821 27.55638241264754 27.29876599236034 27.118095604371234 27.05268000191784 27.109500163812182 27.25814196293311 27.537399438087668 27.972044856175877 28.48215724138606 28.99104005775247 29.337430124126602 29.50033786668516 29.522759005485078 29.460072980574974 29.34222087274546 29.199027568089004 29.0394645311557 28.862066167925832 28.675474056938597 28.459779983312174 28.21881049226119 27.965237188967944 27.713079684058595 27.51119017906597 27.382674064527794 27.347189629158343 27.410298529189266 27.570473073272346 27.784024028560843 28.018369421587202 28.259213893795582 28.488958686644605
25.048242765241085 27.543697907540647 29.698856707204047 30.612558706794204 30.57808352615443 30.21113726242285 29.73146032291195 29.211613464627717 28.683734708944435 28.165892225772726 27.669413162360524 27.20191246837174 26.779722355905022 26.41625009029881 26.134703861562507 25.9934550383429 26.02992122278694 26.20419762467558 26.53465570235426 27.01269624801798 27.57577467101205 28.178576643011972 28.670113379655284 28.990861884783705 29.15245478837509 29.169838855806105 29.106591719490442 29.01004144163757 28.885132690184285 28.69528847101143 28.453700158023228 28.170153637362006 27.85966368801236 27.544637771539332 27.250184843904574 27.02557435900632 26.90246471671799 26.89069873054708 26.99299034591333 27.205582173800646 27.47954308595019 27.790145690568202 28.122416610856092 28.45767732021629
26.89205988030298 29.560275651516488 32.32598303800114 32.390726106391796 31.5240204329807 30.671465602757646 29.856956415113444 29.088696958035282 28.36411045646146 27.682301303634866 27.047266852933433 26.472739533622068 25.952769559398313 25.48292224422881 25.075871395578236 24.818686549365687 24.85593959839776 25.113853670288893 25.536163748139607 26.08589100069455 26.720744062056497 27.41379441594632 28.02357685279156 28.500851479790708 28.86677106568622 29.103974920062203 29.198572668404655 29.174382007380856 29.01957187546894 28.754755586860785 28.41607151711057 28.03001746972465 27.617284630674995 27.18713381935356 26.767092459941384 26.432409961665954 26.241771727606995 26.223459394028303 26.366027852690326 26.629446712701245 26.963745279980067 27.351631350950512 27.77761648569293 28.22240172537278
28.024317605560285 30.342464688117875 32.34962344971962 32.48893562537466 31.62465720706701 30.6629345161329 29.72425597506482 28.828548481259432 27.98129548896089 27.196541569613373 26.48837680892962 25.846381090624458 25.25692719797971 24.704418474778905 24.17384976743343 23.686768678651646 23.737982597367083 24.113507167983485 24.61901099431114 25.241006338393106 25.947832427167803 26.761122246204515 27.58699727561619 28.325056291756294 28.94317251709428 29.414197221462 29.664561276661168 29.64013797603907 29.430233729141047 29.08363401061875 28.638294907965324 28.123125618842938 27.56986711041625 27.00947493893241 26.463514734248665 26.002310325968587 25.682535351171033 25.53513701098132 25.589801706873878 25.85316570568458 26.246866276137947 26.711880075665288 27.232089310321726 27.787688834143825
28.418708249847768 30.11753128730094 31.352992285838106 31.641044064927005 31.14611476926742 30.326235042513737 29.403421367168725 28.46571820745128 27.56875785879448 26.74845758430372 26.006148366650457 25.334624686928738 24.720920792857694 24.15049457372641 23.61611499661394 23.18177083179916 23.156819979771353 23.451773648635317 23.921805147933306 24.54453953497028 25.404420078142127 26.465199369146664 27.541590365771818 28.533379022051502 29.398638596034704 30.035402600899868 30.36588289231199 30.383422704381452 30.12312594402113 29.685074169296875 29.121170769316013 28.463286567972716 27.74737225825724 27.017757117419315 26.33247525550944 25.733851643291022 25.27596099628803 24.993067361772543 24.91585400509162 25.03576393520182 25.35837250887816 25.88269436983256 26.495942913716863 27.160280546871245
28.392294184855427 29.68734957440703 30.572476682548356 30.83808019273182 30.51719468400072 29.838151668149628 28.97725259790941 28.05788758777059 27.169105369439556 26.344858998089336 25.60000581082329 24.937179639492907 24.353274585862263 23.837094445860917 23.395111544482326 23.087552716370258 23.00106581163812 23.180540310795834 23.614397168650715 24.349806325357665 25.35726283823215 26.602436018797764 27.90516895668912 29.132110785440986 30.17132213065076 30.909872594174143 31.3160117870584 31.37573934499804 31.102821664196107 30.564782039600836 29.867780852270663 29.050231673190126 28.15322935657495 27.240532996992563 26.36974468229265 25.61392510285001 25.00572570832343 24.57845438641384 24.356006941964278 24.32778396452817 24.512209595316186 24.927907371919332 25.584454582007126 26.353922601975505
28.293449710910114 29.3317043173015 30.010273580684334 30.2205571586098 29.96465425708712 29.360149486690627 28.555669565682006 27.681133844174045 26.809779661437116 26.002216357429937 25.300362296921552 24.701227656618656 24.18870959471881 23.75239250120485 23.396969048186783 23.150208504436385 23.055651477221097 23.248308362383156 23.815298323125013 24.70405583150999 25.87541513409026 27.274993928788643 28.731094815475295 30.13671741705067 31.270333299590686 32.07550125661769 32.532009812666324 32.62706666784446 32.34645381329166 31.730150034424415 30.883535033288002 29.88628784483979 28.790879196252227 27.67283338145158 26.58979828301129 25.632396000799268 24.85613366187213 24.27257306901479 23.8862995583718 23.705774996975894 23.752001760943106 24.04124262184598 24.586206431681468 25.392359801264202
28.252495922125348 29.114171243140564 29.65358737967392 29.806091831964576 29.5673047411647 28.994694415885235 28.23689892034577 27.387434814795647 26.542107616860932 25.779156761523076 25.145181583342907 24.630139240233532 24.202390989470327 23.84603305755432 23.55938182448226 23.35148252124145 23.340072166704587 23.726532217054423 24.47896110460896 25.5545441794952 26.908237397711552 28.43781319987145 29.976494895993884 31.362158326027835 32.53387399720635 33.383936245971 33.86794632931469 33.97109633669597 33.69455810495584 33.06588551243065 32.11637691073091 30.95955670830579 29.661079363587845 28.307683814809415 26.984424407432133 25.79571263356263 24.81148338092524 24.046575810278842 23.48300491312684 23.146405431901986 23.056093704163054 23.22479270027839 23.660545539940514 24.367992765523486
28.31744481720267 29.048922167279606 29.488301132475737 29.590645355551366 29.347891756289794 28.81302259587693 28.085705056526844 27.270231875844274 26.428887775046412 25.675615179611004 25.12572931901238 24.71740282278932 24.37789668078788 24.092345329171913 23.86007790422507 23.72499108305355 23.958874925567553 24.582772508223453 25.52847452293154 26.745540847583094 28.217772351450364 29.82218372693409 31.35706095310624 32.69798967018339 33.82402558552912 34.703013343397885 35.21409407123783 35.320985961489455 35.01764022091007 34.34160277027459 33.32622037619784 32.046510494308066 30.615040822635216 29.09039921091355 27.54165046551737 26.092726334761696 24.861461190739863 23.87300907513941 23.121377790814755 22.626046081094138 22.403407384494294 22.46102946816437 22.80084972658533 23.421415157220274
28.4935650075766 29.128414351578257 29.497141146571032 29.563091471142545 29.321198753123497 28.84321721088345 28.190435676314955 27.40439917638119 26.53108416243702 25.67816470421256 25.283117333326267 24.99135456852775 24.718354143979855 24.481410513617227 24.291785681531273 24.388986496758434 24.875556944107252 25.66646754589643 26.743723933250507 28.093006217479072 29.68437758287154 31.33643229784925 32.837457377159105 34.134593627667016 35.20671403505405 36.03816540404089 36.574545208220236 36.688200460643294 36.359531599673446 35.61907825226499 34.50302056711444 33.08755370897809 31.50010977284097 29.8028462171641 28.09026418906404 26.466828973910456 24.97805763885957 23.72590689960327 22.774958124721916 22.120379696490676 21.773269501124595 21.73349503486153 21.994785862777864 22.548429380015435
28.764260218034053 29.33338953683176 29.658716141183273 29.707158291049602 29.50407549465356 29.12441179093475 28.569769761851262 27.85405587336039 27.029072247326752 26.23590813591446 25.809539877822797 25.505957926219907 25.232350138413068 25.005670029949805 24.95362203669482 25.27212379446631 25.911213231938348 26.852567786393188 28.07958274152534 29.577988632265818 31.269814341206807 32.92462643351459 34.39159653110224 35.645446683491215 36.66697624734904 37.439594047369155 37.94731629087899 38.076936259347534 37.73060017394032 36.92966673698861 35.698358289348334 34.10774207237971 32.33244837614742 30.431221102999878 28.524169824361373 26.702431350941954 25.032352449358118 23.579643273628374 22.414988757504275 21.60442321074796 21.145973406801335 21.027614546465966 21.231670053703606 21.740525308756084
29.104308759264306 29.63815831241825 29.947402865055416 30.01139798702015 29.90749472603231 29.64119127131722 29.20463424857002 28.611364991472154 27.91074554342108 27.228082501609443 26.683478900906586 26.254026957165156 25.90497178527164 25.679709212810657 25.773541651478084 26.233916835453496 27.03184771340749 28.137586342086244 29.528343233021957 31.176803826776073 32.92910974639961 34.558934903718104 35.986851717013444 37.19490134014237 38.16917174105251 38.89383070521452 39.34791216980064 39.48543296391538 39.138475010353474 38.288471368067114 36.942243594107815 35.16641940586066 33.13549631506023 30.99668142012498 28.837186503114516 26.760689234059303 24.877523996785502 23.273885875635912 21.99873948860987 21.05332876283322 20.50454380347288 20.332927996617755 20.50476068154498 20.991621669877517
29.486121288202277 30.013905550336574 30.335358121884344 30.48070266010474 30.496467871172005 30.36092567658691 30.060888740166252 29.603149434366593 29.022006266644677 28.380033883423366 27.74853703199327 27.173401190710543 26.71562545469033 26.471242025840063 26.66187385263755 27.27457852697132 28.246453842639962 29.528624102840105 31.090260174960637 32.842045038608596 34.61466400484874 36.2063885388124 37.58155362047325 38.73491604094379 39.663371396149046 40.35462487159591 40.78156273204488 40.9036719675295 40.586854767577265 39.71124789978538 38.260153326955745 36.291463924843335 33.965275707694005 31.505291984727947 29.023236395982526 26.63942155985729 24.501704754116084 22.726753122164176 21.37698482796702 20.433464911631294 19.838407313883735 19.647120866233617 19.814934016209495 20.30118132383027
29.884656820088264 30.43113576537885 30.812243735022033 31.073736994613903 31.227530051816128 31.242636189301106 31.097683989377504 30.784461180696443 30.310784035143318 29.701353994866313 28.99336574246641 28.274122608075796 27.620716844998856 27.326590384107664 27.628124788750902 28.42581833631351 29.591483042540528 31.055337454177796 32.76002024780517 34.56166573180274 36.312480705204806 37.83512523596173 39.12460323524921 40.200532943960404 41.080101286345844 41.75614522199054 42.19417650540856 42.3320893198587 42.07337320186557 41.21310190390255 39.67748723570239 37.503307719992854 34.84269910146876 31.979659024687322 29.099933522676263 26.343476660213316 23.89636891655208 21.924086295945017 20.51270231928325 19.63427594350692 19.1463290414316 18.982322014012183 19.17553259788001 19.678027828921927
