_RESULTS/CROSS_VALIDATION_POSTPROCESSED_80-20/Berg/GZ/7comp/4/Berg_GZ_z_355_kriged_reverse_7comp_spherical_4.asc
ncols 100
nrows 90
xllcorner 5.6208707817415728
yllcorner 50.959635321741573
cellsize 0.00013419651685393446
nodata_value 1.7014100000000001E+038
[rows 38 to 56 of 90, columns 0 to 42 of 100]
2.663938373927027 2.7868035813371304 2.913099229246985 3.0391707652273108 3.15981329762526 3.2684881905520533 3.3573611639475276 3.4179517419239516 3.4427251181372234 3.4274157419540976 3.374991345683901 3.30205755972537 3.2173438432919235 3.1283162103606745 3.0415149962916863 2.9620182868516904 2.8881943731881283 2.8187489981890113 2.7552686835570115 2.698735817813586 2.649652303009909 2.6081201199382718 2.5738578284297002 2.545130919772023 2.528846554032301 2.524623827048732 2.531727234518077 2.545836840148114 2.554421801672897 2.557322269082686 2.554450321048192 2.5440171543298264 2.527531797742154 2.509255620993613 2.488025957654619 2.464671345847652 2.436329382434541 2.40121610324731 2.363130556613602 2.323823259459093 2.2761017315147067 2.2179419330838215 2.148283299359653
2.672617844872445 2.7833970968272443 2.8910211937282377 2.994558115113095 3.0894394256009923 3.1702190397589627 3.2309945704444285 3.266034267619935 3.2708655899929475 3.2435578538854593 3.1916888145492788 3.1276207860722556 3.0561864651853408 2.9827668849451854 2.9124249364019326 2.8494500212869696 2.7965189036179647 2.749073973234621 2.7070096399581316 2.6713883509386154 2.6428004261128577 2.6206081499205496 2.6011118578991286 2.58411756423189 2.573752605847439 2.5734357685471125 2.582214908413648 2.590434973904515 2.5891949357297768 2.5788815973188135 2.558477803982256 2.5301226910240455 2.4960066106953613 2.45846823154422 2.424680642007054 2.3913963551760595 2.3559302858210573 2.3190703002123456 2.2844896915253248 2.2491435076931046 2.2059538838519415 2.153152920978639 2.0897444284821174
2.683543242265633 2.7829668637358727 2.8753234521639746 2.9578124711584475 3.029242156567735 3.085579211967297 3.1225933461229367 3.1364957513882747 3.124664501413974 3.0868495190307166 3.034800369053701 2.975729943546586 2.9132506456119174 2.8514336324694587 2.794226973078458 2.7451534933289214 2.7072339872787627 2.679850996607952 2.658123949755601 2.6429622198333607 2.633445540449834 2.6259837393898455 2.621117946388805 2.618937891740577 2.6181882132146774 2.623718764166679 2.6340539756868906 2.6348054650311767 2.6212454947544437 2.5927417280008016 2.552802427535059 2.5053781807588367 2.4537069876296296 2.400026823079811 2.3462083748236444 2.2985528348576376 2.261895725344862 2.2294913200007676 2.199500529152033 2.168770121228375 2.1309123380365627 2.0845138517546995 2.02866589336429
2.6982550520103827 2.786389793097504 2.864849342168236 2.9304691143491177 2.98076631290955 3.01535518111392 3.0318936796199902 3.0279409721415385 3.0018453179619686 2.9552913695081466 2.9012868012746553 2.8443656467160903 2.7876068485205034 2.7342309348599785 2.6873357066900856 2.64978344187169 2.624181946157839 2.612552845272305 2.609671130063736 2.612167517777128 2.616330514593326 2.6233579179998507 2.634135183381707 2.6485835963263393 2.6635386798122758 2.678072835678414 2.688514534055863 2.679999024313219 2.6487826587330177 2.599006855415347 2.537356668134553 2.4699024091441757 2.4008880193487316 2.3328184319014307 2.267863303875205 2.212417233347924 2.1700220586421364 2.137130370805138 2.109166177632683 2.0822830939388823 2.0502554813535756 2.011426222606172 1.9647140828090468
2.718150606173271 2.7950595656664143 2.859724174653059 2.9097101522214825 2.9432758724277766 2.9591899432571127 2.957710709291028 2.9385835231722957 2.900258195050475 2.84577499882269 2.7881085278257514 2.7311447257766788 2.6777356283081852 2.6304151226501755 2.591562500029984 2.5634680222809276 2.5483685711110264 2.5485007613480075 2.5611242740481823 2.575227702942124 2.591942485552377 2.613020047038216 2.639697371827987 2.6720457198637817 2.7065074415455976 2.7366490867857 2.745228952927281 2.724354918347422 2.671791467749831 2.596682580928201 2.510910463589831 2.4229889852504995 2.3376337934594553 2.257663706862128 2.190185767091257 2.1356508345826697 2.0923558227797114 2.0582575506162177 2.030330787992371 2.004559328487084 1.9757400298497472 1.9433362030605985 1.9064855381648185
2.7445349358868643 2.810140207162937 2.8607278079570904 2.8948703442043633 2.9121814480751853 2.9128720295461625 2.8973901459114697 2.8659835175613027 2.8178750845768588 2.7551157242982476 2.691980799630187 2.63348362239756 2.58190759065123 2.5389952419842623 2.50646583989492 2.486119806564406 2.4798800439556588 2.4893751877890664 2.5097333818603236 2.533506215896687 2.56120029381269 2.594919061093346 2.63651281498493 2.686763239423578 2.7417635869003067 2.786914986186097 2.8015227049241744 2.7690401252142336 2.688520042088147 2.5822138631947027 2.470463478729289 2.3630255789925068 2.2637581304280108 2.1798459358554756 2.1132497985161316 2.061700710836095 2.022787755940902 1.9929704559257106 1.96836570108493 1.9449964448575465 1.9201541751887314 1.8950508652804514 1.8701438331421512
2.7786995277251663 2.832655930217137 2.868298382336358 2.885668650848543 2.8860872538681495 2.8712775889598823 2.8429481669027243 2.802732146374991 2.751732760569161 2.6780470452939573 2.60945444849711 2.550369231813702 2.501231157661328 2.462708656143357 2.435791779323242 2.4218066403428407 2.4224386810116996 2.435380860012356 2.4587424697245166 2.4891429591215988 2.5251664477444367 2.5688450776676044 2.6214385382072365 2.68427828234607 2.751768234286656 2.8125945855500176 2.851043724518805 2.8144366752610313 2.6905773218013813 2.5472117802428738 2.4110685618664927 2.2879184319390236 2.182365605153122 2.099458881755402 2.036306301063002 1.9899819264070275 1.9575096604467834 1.9345663615564352 1.9184720328928866 1.90350383288566 1.884618437933188 1.866277414721525 1.8574206666253108
2.822011499011862 2.863535819531167 2.8824941434443403 2.8813318648677986 2.8636141989579413 2.832491416345201 2.7902908820526235 2.7387475939832906 2.6777329611737115 2.607876247300382 2.5429310433149546 2.487330430895542 2.442179929287966 2.4082135854954805 2.3863295642751816 2.3777136281463584 2.3824583779464885 2.395387421235806 2.4184750415230054 2.4507464028309864 2.4879578916630596 2.5327572384969064 2.58821100103452 2.6541804538614984 2.72070125615361 2.7873815613039787 2.8546177382886007 2.837208421630513 2.6493043679499535 2.4783075941452255 2.327735505524684 2.1975164036491934 2.094135504414839 2.0157561397055805 1.9588205010079054 1.9200634697656638 1.8962629067147212 1.882638052447344 1.8762573502888373 1.8738328629907426 1.867988222643117 1.857608788838188 1.8730446972541583
2.875997957282657 2.9034919504662438 2.902612558797688 2.8802805765926784 2.843025313522002 2.795358343815413 2.741847889416901 2.683095512722078 2.617576477287971 2.549887733826518 2.489587280355666 2.438670302701762 2.398294247053643 2.3692043359090116 2.3521911230287915 2.348292579103617 2.353497076401652 2.3652239326114866 2.386310981798988 2.417342321646962 2.4527711079666217 2.4944709800181784 2.5430530006851186 2.593245087571506 2.6430077304217208 2.689740181239128 2.7182712842710273 2.670897734647719 2.5280626902540226 2.368900975495577 2.2203611806856354 2.095320525117129 1.99923103743005 1.9288055991550201 1.8807079294238354 1.8517223350228988 1.83871434926667 1.8368695905356476 1.8431977274277687 1.8555462119612245 1.8714015920082034 1.8892378697498677 1.9134401663652176
2.9424165317990867 2.952327204848425 2.9259818775107465 2.879329109437798 2.8233834369707007 2.7645806919450444 2.703688500978478 2.640167483265632 2.5730080398345425 2.506568092353145 2.4498435394464524 2.4033382590791885 2.3675725916581705 2.3430719652704566 2.3304858206659196 2.329655733118592 2.3339439067417826 2.343953510748408 2.36227396457511 2.390194383149278 2.421633355320464 2.4547405770091064 2.4856956763334006 2.5139805261900836 2.5361215041718155 2.546970002542011 2.5335863776530143 2.4721360873737876 2.360575641475364 2.227152820845094 2.0956019433070723 1.984820518949428 1.899539075934573 1.8396405270145189 1.8024872576623823 1.7851232323797983 1.7846559151596133 1.796632224608288 1.8180219438840937 1.8472984568291853 1.8837124451783889 1.9253096190952674 1.9684513160494224
3.023312283523818 3.0056318424424613 2.945013336142323 2.875510213801458 2.806927825094727 2.7401829625354472 2.6745875204784646 2.6090082046781964 2.542397372712875 2.477622076580442 2.423984303582163 2.381512944213771 2.3500971546212934 2.3299174618394893 2.321414219204479 2.321791464286693 2.325030547336085 2.33300912416746 2.348064869961324 2.371557343367739 2.3931302823128435 2.409501481655481 2.4205672113189483 2.425389715728006 2.4199174487626056 2.3992748805814674 2.356556834281277 2.285831698968492 2.1872452093801207 2.07238308485441 1.9597086044953398 1.8665280639641568 1.796465464450957 1.74984711170013 1.7252791449120926 1.7209574447792353 1.734298212367786 1.761562514502149 1.7994433170751765 1.8467860709164798 1.9027959152282645 1.966096582415873 2.032843496645824
3.121052771937185 3.03772075267759 2.947140947181729 2.86511061558882 2.7899757519918076 2.7199501179290184 2.653349957356389 2.588687728617709 2.5248126023243334 2.462858393265289 2.4123181856632114 2.3737205815523654 2.346476521375794 2.3304242777718134 2.3257274692093555 2.3262426483463763 2.3284674197039754 2.3343224713515425 2.3441756030697274 2.3562598324377895 2.3628498490458605 2.3619173728511136 2.353183390574142 2.3357736322107825 2.3064067535900477 2.2617410633701347 2.199253802996398 2.1181963196809166 2.022635656883693 1.9189291232778904 1.8215804453665976 1.7431616396158005 1.6876800869049728 1.6562531972488415 1.6475611447114318 1.659017092659291 1.6879944147377177 1.7317758959068195 1.7870815791535803 1.8531213268622626 1.9293005769947456 2.014577476047704 2.1054451759319868
3.0348306549956154 2.996734599806258 2.9210890163800443 2.843455495414723 2.7708629738112935 2.70334612541272 2.639820625140091 2.5790919445779137 2.520143330094675 2.4627750884840807 2.4156187132287297 2.380954413985271 2.3578518135288737 2.3458530476647934 2.3443344449108774 2.3449927772460364 2.344620072321499 2.3434737334408973 2.34246731719005 2.341606898859564 2.3332127612583573 2.3154739216164937 2.2882620430430305 2.2511062293466044 2.202210264437241 2.139411882463461 2.062608036192932 1.9728859566705181 1.8745570679391137 1.7752668581568476 1.687822115325406 1.6197583430065536 1.5762918496021474 1.5593321776086113 1.5669314603002522 1.5953187581171777 1.6411971356233044 1.7023540734868916 1.7758525970170507 1.860954202085495 1.957469562245226 2.0646872681791884 2.181196831398294
2.9172814724767995 2.907972090444928 2.8648338886968503 2.8086321643191714 2.749514924292918 2.6912680036703267 2.635088443033458 2.5811236235730473 2.5291304087391975 2.478678357124917 2.435324084292319 2.404719937455853 2.3853611097563014 2.376081800668145 2.374544978570428 2.370874662862793 2.363823616230263 2.354146828220934 2.342768097999074 2.3293850788168275 2.306508134863421 2.273058910142757 2.2292834382088347 2.175274815773106 2.1106661859228595 2.0341810193365006 1.9466287979586134 1.8497566208515874 1.7476320460338504 1.6473941779561012 1.5633917502957304 1.5002878403202229 1.4653311637036315 1.4623007304618163 1.4869921423544892 1.532706514808746 1.5951078603326083 1.6724052009641757 1.7629731209595445 1.8659565365555095 1.9818590904011697 2.110717652438442 2.2531570062786908
2.8065296100687616 2.811175553514258 2.7913402111481544 2.7569158791653368 2.7157860509057774 2.6724016594101285 2.628880246725544 2.586040234254678 2.5440206517948694 2.5026299289410026 2.4637887996895436 2.435839069141434 2.4181941972155028 2.4094786948367752 2.4062723775561174 2.398412442628332 2.385264837962044 2.367626162771424 2.346541289260563 2.3211665539838395 2.2846053290634694 2.236829535869318 2.1785761089301943 2.1105323072716726 2.0333620019210854 1.9467386742795096 1.8512486960932157 1.7489997550255894 1.6434154534138354 1.5409128280672377 1.4537935290241861 1.388698475552982 1.3571438537778329 1.3693421860350303 1.4132205655331052 1.4761391056111433 1.5535577001990795 1.6447211878065557 1.7499208671004784 1.8685385405903987 2.0016557509921906 2.1502804053633606 2.317206949698737
2.702798250337664 2.716447237893253 2.712802864799698 2.6965454106729205 2.672661703945611 2.6448222148202967 2.615235587917932 2.5850100282794632 2.5545276067311016 2.5237205386983637 2.492430033586872 2.4677374368181764 2.452301935177051 2.444518697929709 2.4401424021316167 2.4288298861850404 2.410216923299562 2.385230032882484 2.3551626233079137 2.3182176024258623 2.268891906751446 2.2082432888832617 2.1375400053242917 2.0580174755714156 1.9709221720913093 1.8769879749043608 1.7761960333834432 1.6708032755958668 1.563526738137072 1.459807806095246 1.3686600346979967 1.2933607546880246 1.2535344176889718 1.2897776725140424 1.3546303182673072 1.4318988648386 1.520761392263665 1.6223329704320415 1.738282942606117 1.8692523117085968 2.016157151924551 2.1808712036494793 2.3681169845698005
2.6060429421645064 2.6263674019733885 2.634629875447237 2.633016340222143 2.624448503006818 2.6115181714400872 2.5960602593460367 2.5791382833968632 2.5611795799752324 2.5421288935014124 2.521585740097421 2.501433913958346 2.4887420707376586 2.482312950089675 2.47746049371272 2.4634654236510842 2.43999953116557 2.408228589680076 2.369841868702715 2.3214511707209096 2.260270127626763 2.188137504388037 2.1068437732241443 2.0180953796169585 1.9235349295479969 1.824243774493554 1.720697393990856 1.614701132713023 1.5086114101191577 1.4073503828444174 1.3185879085034677 1.2432333889800498 1.1987045622454686 1.2500349121285332 1.3224853327554404 1.4055468194310143 1.4999971699892356 1.60740063880216 1.7296444550497871 1.8686380197886057 2.0249665596191484 2.2005852549699823 2.401147584273591
2.5160674640536502 2.541654792125001 2.5591012446565324 2.56934257707479 2.574001659829194 2.574754755128017 2.572940035596066 2.5694027459428983 2.564477952844052 2.5580291977525214 2.549507568694366 2.538065682080855 2.528735083842095 2.524179738685757 2.519643394329197 2.5037357165790723 2.475929478645676 2.4377807413608883 2.391055450487534 2.331394173353668 2.259169118679685 2.1768055836212614 2.0865680102596684 1.990537438485477 1.8903789727019327 1.7874092704162645 1.6832424099359093 1.5790042053896942 1.476975402673393 1.3821173686455175 1.303426642210786 1.24642244526089 1.2271979827397934 1.2570337213520693 1.3185089627989464 1.3980221073719452 1.4920942047273664 1.6007392848119288 1.7251735407069595 1.8671734321204503 2.0281922101923446 2.2088898311166005 2.414400428042673
2.432599655022306 2.4624117034913358 2.487132076520035 2.507050801509194 2.523007228365376 2.536016365109417 2.546972595002611 2.5564671601390088 2.5646923456000517 2.5713916803868657 2.575832470014181 2.5768091910971123 2.5735547228553353 2.571584166910357 2.568184304350948 2.551106338710844 2.5192671834139366 2.4748560646444595 2.418854582742676 2.3481436344525983 2.2655490360187387 2.1740561842544874 2.0763113972504637 1.9745193451941576 1.8701850594009979 1.7652363430589457 1.6616234812909896 1.5608444210099297 1.4646411323706126 1.377759847768236 1.310098635822084 1.2670067965735399 1.256210617414428 1.2804775679078129 1.332340885291835 1.4051622642713013 1.4953064862762089 1.601763116203408 1.7249533367428582 1.8660338898999924 2.0265172394872737 2.2069465710285745 2.4095936266679407
