_RESULTS/CROSS_VALIDATION_POSTPROCESSED_CLR/MHZ/TZ/1comp/4/MHZ_TZ_z_63_kriged_reverse_1comp_spherical_4.asc
ncols 100
nrows 81
xllcorner 5.5967107548124995
yllcorner 50.982328804812504
cellsize 0.00017565037499993607
nodata_value 1.7014100000000001E+038
[rows 36 to 53 of 81, columns 42 to 83 of 100]
-0.5274134235201544 -0.551385272683093 -0.5829620078835054 -0.6201207796137215 -0.6614493046751768 -0.704381930937583 -0.7342240823268564 -0.7297114862792353 -0.6898663045427873 -0.6142247118795898 -0.5027365828712208 -0.3553561366235707 -0.18252930430986716 0.00692276188115698 0.20901467722919737 0.41869773066221744 0.6333215488219284 0.8503480774543959 1.067984659750208 1.2782279057281776 1.467260983268791 1.6088371553254877 1.6598388653298695 1.5884173973638533 1.4171951403749348 1.192871160309772 0.9492506708831476 0.7052883668546135 0.46952218276466623 0.2473467279904757 0.052255233880592056 -0.1012268455276781 -0.217918779799191 -0.3121431569951086 -0.38915285952080547 -0.4497952693122623 -0.493500645342917 -0.5191916199331887 -0.525606269840867 -0.5091343571398008 -0.47822507890973676 -0.45302086243868156
-0.5272118159465039 -0.5454559901058306 -0.5704302114406545 -0.6017677935272683 -0.6385448253955275 -0.6788468342599004 -0.7115076386031028 -0.7108838656918441 -0.673494805042018 -0.5978603611267471 -0.4843559343188912 -0.33514820628008285 -0.1625510784547234 0.023572786462685624 0.21781978251295347 0.41442485420201697 0.6117029498146243 0.8077594078866064 0.9969907028680896 1.1696437142840639 1.311371222834584 1.4017682276344523 1.4182786599416561 1.3487743145236548 1.2032176597629234 1.005604416304475 0.7808037741065734 0.5500495685776989 0.32366463343046975 0.11233493966699032 -0.08135195950103119 -0.2113884145821614 -0.299243193079416 -0.37398060803993244 -0.4362777888741071 -0.48519447496324747 -0.5193119395063619 -0.5370362377119136 -0.5354526987677309 -0.5092638604495104 -0.474529186212021 -0.4462606359294457
-0.5218182211680984 -0.5345759041712144 -0.55324015754783 -0.5800032721037558 -0.6133829333334069 -0.6513376710810038 -0.6872093337241701 -0.6937050981146546 -0.6628289695868153 -0.5907024112102224 -0.47814016483578464 -0.33147196254875494 -0.16522849396482034 0.013937093977184845 0.19751811366361366 0.3784745751363809 0.5564976037547218 0.7302286771337849 0.8913667802271406 1.0304977009793512 1.1353207611628433 1.1912416253525795 1.1847566744108422 1.1103189015019923 0.974561259130228 0.792679733126364 0.583700526618097 0.36861754843983213 0.164074724879388 -0.02221082027138599 -0.18495268472614787 -0.29663891521578367 -0.3705559595095742 -0.4312111252017836 -0.48116608297089936 -0.5195269114142492 -0.5446147327533568 -0.5535601056270155 -0.5411497697523513 -0.5059308944233701 -0.4688275750112614 -0.43848768691253825
-0.5072741156683207 -0.5188776331723937 -0.5336926479756093 -0.5559515276026004 -0.5858320635183789 -0.6216731659537778 -0.6605198132337771 -0.6785880085689591 -0.6613683502812033 -0.5985140865034617 -0.4879192875427054 -0.3445749239235678 -0.18618222888496758 -0.01877200573790383 0.1518902564975032 0.3164623804061622 0.4750577394212589 0.6257313472688255 0.7606425401499257 0.8708490391223989 0.9467021791481522 0.9780343195905463 0.9562818195081186 0.8769798011501091 0.7437382592733817 0.5687976809272943 0.3699064267480388 0.17344833851176378 -0.0018087788323974952 -0.15124767682661444 -0.27260400858726375 -0.3633169169071792 -0.42924036115631997 -0.4804000711548118 -0.5208008208499706 -0.5503467409755745 -0.566288227194838 -0.5639929455269079 -0.5407623534097863 -0.4989625004974597 -0.46078447094908215 -0.42941887931518535
-0.4844071890953041 -0.4961029536846859 -0.5111591059007362 -0.5299101104338804 -0.5555741728283545 -0.5884682529110993 -0.6276709589860459 -0.6623244058237983 -0.6695871874303416 -0.621758841900514 -0.5066447833165921 -0.36660373509315203 -0.21798684907749946 -0.06488154685011321 0.08817526958604233 0.23517939586884756 0.3748465713626276 0.502708294137789 0.6138182016468008 0.699662013032611 0.7526797084180852 0.7654890471282993 0.7313073428900656 0.647493928152375 0.5160224828916431 0.3443408170737174 0.15182577594099445 -0.02864875818848367 -0.17112598841702348 -0.27856247064710943 -0.36242726010869214 -0.4276754191995742 -0.4797581493169212 -0.521505381893216 -0.553925454637137 -0.574299488854314 -0.5793676837078081 -0.5663853743600553 -0.5326766766769518 -0.4884028237148935 -0.4504156099612703 -0.41904214264393286
-0.4550677921430665 -0.4663062057368579 -0.48122021942221804 -0.5000796270688252 -0.5228658164082275 -0.552278131370186 -0.5909765985565217 -0.6343011130966474 -0.659116288203097 -0.6274494906825978 -0.5163786717177835 -0.3881454184739422 -0.2541893159048937 -0.11815610071783955 0.01563433077354326 0.14273157134708653 0.2615258050075813 0.36775790694266125 0.4569676531777685 0.5224260178707241 0.557498427576413 0.5558207699080142 0.5127871231470891 0.4264859058388177 0.297820679559373 0.13361352123287923 -0.055725656404603585 -0.23390722772341 -0.3343431184477526 -0.3933592919034968 -0.4421706904535559 -0.4838991135913072 -0.5214995251817411 -0.5535156958604833 -0.5764189425250565 -0.5870835389334775 -0.5823966400442464 -0.5594544531526568 -0.5172534761076539 -0.4747347352728509 -0.4380791693625874 -0.4076038399659798
-0.4200798158458717 -0.4301337896389555 -0.4440961937684317 -0.4622390396480652 -0.48611856359480954 -0.5167627104343243 -0.5521164307392858 -0.5903043423414424 -0.6127538527740171 -0.5876547347779664 -0.5102174999646568 -0.40551496884781124 -0.2914074413256362 -0.1747695906823926 -0.061100916841700936 0.046241245898459904 0.14347812040199937 0.22726380820808728 0.2945955015000202 0.3421566314183731 0.36302625598047517 0.35157431766247577 0.3045719052461446 0.22212130822857362 0.10566851846699743 -0.04258772045596282 -0.21884238321680133 -0.4078102776834799 -0.4502975436283328 -0.47187071853877094 -0.4962316260677496 -0.5213782574815068 -0.5468564776457878 -0.5701762961714931 -0.5855497599267967 -0.5881680548387132 -0.5747361906940429 -0.5423587839522346 -0.4983018232440564 -0.4588045982846252 -0.42442868516777155 -0.39555576902518663
-0.3805649710473542 -0.38863554254692806 -0.4008937012079391 -0.41920993830734565 -0.44568446012271473 -0.4781601058357936 -0.5133495817694025 -0.5464688946392859 -0.5692132631609629 -0.5572661536353699 -0.5040310985427102 -0.4232317322724884 -0.33019953710864486 -0.2331946407055211 -0.13929258901369748 -0.051475303582067866 0.024523747320151446 0.08685411389461672 0.13437590382957793 0.16538826211535856 0.17408026212430727 0.15754064111731847 0.11399805290362697 0.042731837507891 -0.055280942377110176 -0.17643044236322555 -0.31101617548482785 -0.42696229339804137 -0.4818058697109072 -0.5005435828737582 -0.5127962334767856 -0.5283879077543783 -0.548602509165725 -0.5686980719495407 -0.5801615904196942 -0.5773326780264821 -0.5563050700140504 -0.5170383643088108 -0.47734830648609994 -0.44163550257726925 -0.41033177250431585 -0.38341241053410846
-0.33797491805517615 -0.3431959326931645 -0.35397436159367657 -0.3745311440514866 -0.40376974149956196 -0.4386148061991234 -0.47495192756009 -0.5078566088557781 -0.5318418287516848 -0.5370135350731506 -0.5060888519371846 -0.44694509438237884 -0.3733540762803699 -0.293794467029997 -0.21738330964100971 -0.14886381662640996 -0.09433412781094094 -0.05204238333643274 -0.02016748326141704 -0.0002457034679675951 0.0029636840836727574 -0.013196962048248495 -0.05005080151255081 -0.10769631126136073 -0.18425848654125157 -0.2746442426916606 -0.3676001999606915 -0.4416514080318438 -0.4815058649424704 -0.4920189268382215 -0.4929684637246948 -0.5039954433767521 -0.5280778382032074 -0.5509256909307378 -0.5613102843591962 -0.5540430080071113 -0.5264190895691414 -0.4907149274554423 -0.4559384790442358 -0.4240186746136948 -0.3958495509797547 -0.37146718101538634
-0.294150457477148 -0.2956240530734044 -0.3066082469524025 -0.3296685226735032 -0.36279206503753286 -0.4016888262776323 -0.4414517005939088 -0.4773085885382336 -0.504621883861495 -0.5183325301713988 -0.5101562039078604 -0.472542714061268 -0.4174433440760283 -0.3522565012555692 -0.28841865785548465 -0.2385980437167572 -0.20570095183822296 -0.18136204307223477 -0.16175456799391047 -0.14915981331468306 -0.1472784590281412 -0.1600745903608954 -0.18809928545435672 -0.23085051094703504 -0.2861619967110264 -0.3491468702311249 -0.4100845488460471 -0.4550343070436866 -0.47631524079888043 -0.47198478353962525 -0.44935249983785386 -0.45501914545111133 -0.49574564227351114 -0.5231302357817696 -0.5315108956675765 -0.5187242307262045 -0.49234991604721967 -0.4640225458298083 -0.43513451317469437 -0.40696262085903395 -0.38159116905307666 -0.36055781262800063
-0.2515724013237809 -0.24947626706648016 -0.25983264092317776 -0.28607324295412806 -0.3252899575500353 -0.37053786513687703 -0.4160076893833024 -0.45732887926482935 -0.48989706868009547 -0.5097488006806217 -0.5147211535356354 -0.4991501374428614 -0.46241957222240393 -0.4091943681357353 -0.34743438710050617 -0.3158784950715343 -0.31066179819800555 -0.3025065919843745 -0.29171834151600584 -0.2826607058838083 -0.2789571792976914 -0.2851209601724251 -0.3023783709006905 -0.33028974441792697 -0.3664926823887954 -0.40715643448122624 -0.4437561169163255 -0.46772259834591484 -0.47465374442369446 -0.4623693328322667 -0.4347047686546358 -0.4360950077954013 -0.4715017707094019 -0.49278968515456173 -0.4937291952224375 -0.4791196710273613 -0.4597636418094437 -0.43745540499174973 -0.41383063941766374 -0.3903282425813258 -0.36873485268553463 -0.3517487014138297
-0.21412499296592094 -0.20823025423778438 -0.21460958069507086 -0.24573540276205946 -0.29479988469336127 -0.34834199981042596 -0.4008936814002822 -0.44884523747592053 -0.4881108318449145 -0.5159203465363643 -0.5299147643309277 -0.5284440066320073 -0.5134097261155687 -0.4795939038986965 -0.4309279721097078 -0.4140865970344944 -0.4225956251628 -0.42042787718895597 -0.4119053411265641 -0.4015612842940742 -0.39279374344570667 -0.39030312364919745 -0.3955408092769407 -0.40843583101170117 -0.42760564503390597 -0.4499555059564934 -0.4678506973941299 -0.4767928084824305 -0.4748522345377275 -0.4629146382753641 -0.4473106458330921 -0.4447725304103186 -0.4551227851519484 -0.4598138444457037 -0.4552220856220764 -0.44523051907376043 -0.4303945464100954 -0.4124431194109983 -0.39344864829945814 -0.37506346460576623 -0.3586282750598342 -0.34566928146799447
-0.18774962057095118 -0.1796865391068224 -0.17573067708458937 -0.2167695775676899 -0.2771881857874156 -0.3379628256087901 -0.39712715585668007 -0.4514864519991786 -0.49847948649565865 -0.5358523738610763 -0.5612334818168474 -0.5722351133611191 -0.5710316330924038 -0.563397638260132 -0.5492914622776969 -0.5416631529665038 -0.5410312665347641 -0.5345241374310767 -0.5213415527584084 -0.5049713100697135 -0.4881072292711146 -0.47531762879013295 -0.4681740109246145 -0.46692347766288844 -0.4708375786913517 -0.4766155980794853 -0.47907215439964945 -0.4762589154979031 -0.4677143243131381 -0.455260686327978 -0.44183305856437183 -0.4327874750503588 -0.42823627271269754 -0.4276272495203651 -0.42521898573967654 -0.417696560610095 -0.40561286660516727 -0.3911024043274974 -0.3761796557526532 -0.3623925277373381 -0.3509504660488948 -0.34287265214067975
-0.17360317292748742 -0.1708354165737627 -0.18019422660844514 -0.21755783342396912 -0.2749915352445038 -0.3379878566912425 -0.4010955693000587 -0.46152895811272987 -0.5171950597550755 -0.565948379081286 -0.6052499622125089 -0.6318748542750205 -0.6440414058150378 -0.6477423213731894 -0.650028016979273 -0.6522010560368345 -0.6488375389045287 -0.6366097378567762 -0.6157680134482015 -0.5899690499621992 -0.562733342358009 -0.5385295539508484 -0.51894303771213 -0.5044806045265993 -0.494617414067267 -0.48525236646793934 -0.47431784828540835 -0.46097316580575676 -0.44536767580205333 -0.42895827791368824 -0.41212076484368126 -0.4003715908774716 -0.39824266227110866 -0.4026816876238255 -0.40369455442632907 -0.3972753414505463 -0.3861117818055049 -0.37375229527428605 -0.36220624322605055 -0.3526783505892668 -0.34608015098678746 -0.3432179540668043
-0.16724674752014554 -0.17269678431626187 -0.19201187855494123 -0.22961182850896175 -0.2829226702078004 -0.34460820319514923 -0.40958438874169967 -0.47495365612824 -0.5386931066394179 -0.5990628727398468 -0.6540151215993204 -0.6997558628192444 -0.727976465480993 -0.7378772736607411 -0.7423322686084257 -0.7428735413901528 -0.7350958040476501 -0.7169752771766096 -0.6884113036548112 -0.6521045364955317 -0.613232483107667 -0.5771805367710503 -0.5454569259196884 -0.5187215515923582 -0.4950657349912059 -0.4719226141348981 -0.44877516130518763 -0.4253168614097173 -0.40218984644000755 -0.3836337459629814 -0.37097643658370505 -0.36535463564201265 -0.3692521241226321 -0.38249962152612604 -0.38982591336729855 -0.3815789586155568 -0.3697786533602811 -0.3593029132849385 -0.3512118495446708 -0.3460785719260534 -0.3444531793326702 -0.34692332329208064
-0.16452108647567082 -0.17632977802319716 -0.20134083811428033 -0.24082133140068307 -0.29265572026754577 -0.35314775452017 -0.41910965736361255 -0.4881445753315272 -0.5584665693975963 -0.6288280544481759 -0.6982608665998371 -0.7650075949237859 -0.8130484893358445 -0.8248771131223454 -0.8307431836883954 -0.8306824125855228 -0.8148752539192494 -0.7817771637560856 -0.7375998440468632 -0.6877794959225896 -0.6364512435758036 -0.5882444437316225 -0.5449910829528125 -0.5062365046631894 -0.4695296569534153 -0.4349994817772628 -0.40336200989382165 -0.37567138669998407 -0.35336316243157706 -0.3381654606093697 -0.3298971455266676 -0.3284365653070182 -0.337366264541633 -0.35830798169361017 -0.3761916748635208 -0.3633888061132677 -0.35335995714494106 -0.3465210910247479 -0.3429287203663214 -0.3428155970775883 -0.34655488650045146 -0.35448340294654834
-0.1628472312203473 -0.17905479831286877 -0.2073664263601768 -0.2477936047739866 -0.2992650157886899 -0.35960256822958575 -0.4263365719742958 -0.4976303672140068 -0.5722721984318058 -0.6491545953926976 -0.7274600807289355 -0.8053079353667385 -0.8663827621021505 -0.8911235680798135 -0.9074069682070254 -0.9148121485363989 -0.8941128751421967 -0.8440037421802966 -0.780865683919917 -0.7145159148542415 -0.6500243350270047 -0.5902578800917262 -0.5356405490389862 -0.4850247099798368 -0.4384173581104453 -0.3963729568824235 -0.3598528857407295 -0.33003363349038 -0.308035008750823 -0.29480596445525425 -0.28909254641232374 -0.2899363176160549 -0.30097029983950113 -0.32068409504873224 -0.3351879815252311 -0.3372865411027555 -0.3356541039853626 -0.33532219194054647 -0.3377082665765911 -0.34345318510155226 -0.35250671245596765 -0.36423711267889836
-0.1608495914940533 -0.17914274881576184 -0.2087906406096855 -0.24969394717118926 -0.3010011328863973 -0.3611974132178424 -0.42845412757223916 -0.5009622131545985 -0.5774500029621916 -0.6569458637967421 -0.7377023154186396 -0.8149122196973757 -0.8790068005784537 -0.9261687892925112 -0.96335621200456 -0.9910102369235783 -0.9695969567301146 -0.894768688506133 -0.8129341844745723 -0.733102116706328 -0.658664572712074 -0.5904075408088603 -0.5263199741697377 -0.46618969221454637 -0.41073518539920206 -0.3615889177911619 -0.32020119912416733 -0.28801993385955604 -0.26594880804066695 -0.2541049217752991 -0.24999388102553993 -0.2527602978642587 -0.2650970518155452 -0.2844858380083262 -0.3013564363834962 -0.3122964832240176 -0.31990706960578047 -0.3274217060384795 -0.3364478688121559 -0.3473163009964569 -0.3604226385540743 -0.37324299642372366
