_KRIGING/CROSS_VALIDATION_CLASSIC_80-20/MHZ/GZ/train_5/MHZ_GZ_5_train_z_180.asc
ncols 100
nrows 74
xllcorner 5.5967023332191781
yllcorner 50.982320383219182
cellsize 0.00019249356164376555
nodata_value 1.7014100000000001E+038
[rows 19 to 37 of 74, columns 0 to 42 of 100]
39.776393414501484 39.765600359205351 39.801015641615905 39.869559776176544 39.948685930108468 40.008043569027365 40.012972039336134 39.929550725711593 39.730559639806714 39.401402033003109 38.944890787861695 38.383861779269111 37.760867252006548 37.134685370630947 36.57397260983646 36.148962250479187 35.922544591101101 35.942244955602305 36.234488088224992 36.802115223587407 37.625486272726405 38.666790415423932 39.876561752729543 41.200994203583264 42.588562604832205 43.994703188045293 45.383826829230088 46.728609440761048 48.007167317481205 49.199224803872838 50.282599444079992 51.23121429969234 52.015425969367016 52.604831122235694 52.973035505249285 53.103303415993764 52.99369305466648 52.660304458056949 52.137622226398598 51.4755449364269 50.733416266900328 49.972042525910652 49.245144493302199
39.483312886684388 39.461532393191931 39.491516284745288 39.557896325813459 39.634514817493979 39.68647712980156 39.674310639274964 39.559881025770338 39.313287807269376 38.919622202074876 38.384315018466808 37.735894316740058 37.025326500461702 36.321684477873447 35.704570119509256 35.254374952418118 35.041945047357586 35.11940388398979 35.513721107132852 36.224114711361693 37.22363712119116 38.464478305119044 39.885801035929774 41.422465075138916 43.012901167913085 44.604682409779954 46.156941879304966 47.639560864593136 49.029820750544559 50.307794504077776 51.452014855694443 52.436835285399269 53.232426652597965 53.807640877974507 54.13519558848148 54.197979377596099 53.994907062454914 53.544760832706267 52.886838449754251 52.077904576915898 51.185748256432042 50.280401471662408 49.424599586627195
39.260840537882672 39.242108976866774 39.283435121101235 39.367623668064368 39.465300176767997 39.537273415380426 39.539274649209787 39.428660867343893 39.172185630718218 38.753565937172141 38.179410024602987 37.482188447295925 36.719341210522813 35.968261888211728 35.317668029359908 34.856598075118967 34.662804873512812 34.792514351545194 35.273321922668117 36.101432612587516 37.243623565305128 38.643393238276445 40.229958878608755 41.928250311201793 43.667937972736624 45.389849949974817 47.048802667280384 48.612737923760093 50.058924531809538 51.368645556664262 52.522098713179943 53.495117629473725 54.258805787218591 54.782387842754844 55.038715252534729 55.011125575434093 54.699927675991461 54.12677359571564 53.335586742879187 52.389448781171012 51.363731391061179 50.336588256955167 49.378508840932156
39.137984554344257 39.137344219904776 39.207135667394624 39.328914844711221 39.470711290661967 39.58960291597144 39.636911919869391 39.565559920327317 39.3385889202264 38.937446175623975 38.368458432936038 37.666057738475146 36.891777240887905 36.128747691050023 35.472263844238697 35.01778295841379 34.848288821667026 35.023165183346364 35.570505958943102 36.484173067952938 37.726014877205415 39.232665552390785 40.925471662260804 42.721528714768866 44.543681746689629 46.327678650425838 48.025385918090919 49.603918861353378 51.04148573159496 52.321479241611911 53.426700318850649 54.335487111592784 55.020976093312186 55.453874021288598 55.608175040549327 55.468445941639416 55.036822235202131 54.337825695759307 53.419538748001656 52.350450791734303 51.212241021584177 50.089659621394915 49.059310411085036
39.137766793123532 39.169935412042435 39.284109703079622 39.461266902019702 39.667665730799882 39.857521639395202 39.978501546877126 39.979545149183508 39.819950148231442 39.478223158426175 38.959016710021316 38.296622105940173 37.553976204676289 36.816897876022807 36.18415806756289 35.754824737273239 35.614925781558867 35.825694908596276 36.415438938343797 37.376418658457709 38.667192451403835 40.219826355343912 41.950448642164702 43.771022644689765 45.600061815248253 47.3703493737532 49.032475444955722 50.553997262019607 51.915036202707469 53.101917359698916 54.100850008340529 54.893550246584624 55.456145247187209 55.76180822632621 55.786570451377344 55.516885486634436 54.956993921044266 54.134082568649724 53.099663705682573 51.926412910129415 50.700704172977339 49.512033461340437 48.44120973360895
39.274419428076925 39.352430791319065 39.524193778381743 39.770830943926555 40.057813645682529 40.337616800924806 40.555329053475987 40.656714415699341 40.59762650962945 40.353222625668067 39.925236367533159 39.345722411927255 38.676191427181962 38.001833803533913 37.421443782953816 37.034515024427193 36.927596948592097 37.162232117371062 37.7665695298288 38.732095281147522 40.015964016884695 41.548346840795531 43.243258752104708 45.010696790643124 46.767748058749888 48.446654325729511 49.998575517740193 51.392808916427242 52.612263987971915 53.646824778962383 54.486659602311249 55.117461354504144 55.519040336128697 55.667780647029815 55.542432364819533 55.131798370224885 54.442310432556162 53.503412127950121 52.369094993811004 51.114764770193617 49.829647248952391 48.605934759787139 47.526597735497084
39.551221460008364 39.685199679484228 39.923776704736682 40.248950168445205 40.626477834287186 41.008389235734313 41.338514190204151 41.560534240715242 41.627458131096901 41.510960731947378 41.208831857636795 40.748934283567294 40.188573808190995 39.608963056220333 39.105370658615911 38.774403993652072 38.700491887929815 38.943870035312628 39.532158585242911 40.456984855500323 41.676163362908369 43.120889207634704 44.706449205726386 46.344311671032699 47.953262104073005 49.467554276714338 50.840780974762268 52.045173890392519 53.067090878797174 53.900299804479673 54.539122409193141 54.973450787347772 55.187104353752787 55.160087443358151 54.874257578792879 54.320979296586131 53.508748513276259 52.468673362064543 51.256113991459131 49.947614745461827 48.633307311375937 47.405975405009748 46.348717452057301
39.959296767699072 40.155522986160392 40.465302009310903 40.872187268304984 41.343302947273443 41.831596638696112 42.281089845759936 42.63466295506413 42.843312587807262 42.875361209412063 42.72390461012283 42.410926810732548 41.986997202965284 41.526216667885095 41.116957878415818 40.849772698321871 40.80444019933617 41.03836604400162 41.578352975069379 42.417166238281411 43.515426760318249 44.808354958044319 46.215966614590229 47.654684763824022 49.04811848127386 50.335023089543611 51.473144701646291 52.438616216808114 53.221595473220475 53.819683201225175 54.231128331062138 54.449806185707359 54.463442845278877 54.255678047045976 53.811523573654767 53.124839180531993 52.205845900373639 51.086577672678985 49.822567756515269 48.4898807885343 47.177638178002098 45.977197231165206 44.969898300630391
40.477580754963824 40.737977922622477 41.118191177818332 41.603905619172167 42.164606195470796 42.75547114470659 43.322164356065173 43.808112474791841 44.163276065905222 44.35298123253321 44.365186112153054 44.214685404854038 43.943206909047959 43.615055307213325 43.308778378760664 43.106104836437154 43.079968893987115 43.283669690840327 43.743053810533979 44.45307537648344 45.379277244186554 46.463805891606967 47.634709788718084 48.816657470255521 49.940982744099202 50.953178209488655 51.816576896377029 52.511854803021038 53.03295541149042 53.380856591179125 53.55707385544639 53.558802217697888 53.377133029166629 52.998950564261435 52.412117808595397 51.61264858345227 50.611962946708793 49.442187592180296 48.157830001743449 46.832937017078947 45.553856670220782 44.408715715162458 43.475472258591907
41.07401135721507 41.396113793235529 41.841108576125109 42.397232918541746 43.037151628136485 43.719415092950001 44.392644569691313 45.002094905015767 45.497705029189078 45.842329341875185 46.01865711233927 46.033435497178374 45.918014388509562 45.724861370249656 45.520432891563885 45.375486239964076 45.354432747697416 45.505556324368328 45.853799424659627 46.397364914696638 47.108677229449341 47.939422961882798 48.828612328465667 49.712030305110972 50.531206477490684 51.240188124373603 51.808930230283778 52.222911315176631 52.479469478054583 52.582122339643774 52.534599149596858 52.336351474722647 51.98090065043418 51.457617638252614 50.756599027373909 49.875434455458631 48.826077000688869 47.639881228218115 46.369206528339561 45.084718839153055 43.868484753484857 42.803907799881699 41.964282096673287
41.70784419103326 42.08524480114913 42.585303694940549 43.199036221272777 43.902854427416031 44.659544238174519 45.421738629470099 46.137611462759963 46.758025557814335 47.243986094861484 47.57307400776314 47.743618912603381 47.775715170168183 47.708727732917978 47.59557175911155 47.494655587717673 47.46082990930725 47.536895394844436 47.747141233001201 48.094026533767476 48.558536980819838 49.10405598064122 49.682915793524586 50.244277204876298 50.741741173739982 51.139188114154933 51.413765563043867 51.55562126564115 51.564758387674104 51.446088949139806 51.204204824127444 50.839451361171399 50.346545964094616 49.716306371856263 48.940204685979793 48.016657554346722 46.957409404581583 45.792212668133921 44.570304344522185 43.357856058931127 42.231472535934245 41.268714801417943 40.537314856437789
42.332861276942339 42.756055584370046 43.298639929047184 43.954417404347623 44.703809473277431 45.51434240076081 46.343356048610971 47.142738553483824 47.865056761456913 48.470111530027026 48.930783551836797 49.237095321827127 49.397694210901534 49.438407618183248 49.398045958460699 49.322130281104492 49.255602958543903 49.235770743375397 49.286693303783323 49.415970314194382 49.614438215915669 49.85873960196993 50.116174154673374 50.350790588340629 50.529434574623309 50.626495302542537 50.626405674969959 50.523494071776085 50.319442301886298 50.019217784461944 49.626758597044386 49.141779288270854 48.558792273207004 47.868858047560735 47.063827205513078 46.142110036457439 45.114498425160647 44.008411864659259 42.869196047751778 41.757714758538413 40.744298055012649 39.89994308608518 39.286307758637534
42.901157818028238 43.35864589914847 43.929871574242384 44.611217535741375 45.387048493610635 46.229733829034799 47.101596462545331 47.958668200867123 48.755760749165134 49.452067261282252 50.016362003528442 50.430901650869373 50.693344751926944 50.816351093926514 50.82492975663348 50.751995487718176 50.632897995339292 50.499857420354758 50.377245246901509 50.278491598040162 50.205099617961665 50.14785104043662 50.08986084118655 50.010764875978353 49.891086669315612 49.715795057205582 49.476261650268953 49.170229633791223 48.79992873002729 48.368987182349287 47.879159917281342 47.327999423081607 46.708392654688694 46.0104075372019 45.225250766813943 44.350501337243557 43.395325799024661 42.384234700092613 41.358158582008329 40.372164281786915 39.489870686671054 38.77537828486664 38.284114939137034
43.367156598180884 43.846633412108915 44.432758273105335 45.124087964797639 45.908546756652257 46.763047288776988 47.654739132638639 48.54383357306088 49.387646184043561 50.145253397034566 50.782031109394595 51.273358377637948 51.606918788218053 51.783278832073194 51.814713470875844 51.72253005691546 51.533368837573207 51.275101893201494 50.972996399708023 50.646746970291673 50.308819606748315 49.964303159471328 49.612167117012618 49.247530134040915 48.864318554546941 48.457603400863107 48.024990310840664 47.566699507186996 47.084359434176264 46.578949989293264 46.048649733479621 45.487460468912616 44.885345669801836 44.23024186142743 43.511772943540379 42.725957149880202 41.879798217304639 40.994518332048067 40.106374693877584 39.264473278652197 38.525643698165425 37.947109769460596 37.578216119373558
43.691505349816012 44.180971863981298 44.76968462113291 45.457811882343449 46.236180175475795 47.08558530508418 47.9774485065047 48.87582044381621 49.740491201891913 50.530768494075389 51.209380123567954 51.745955816615478 52.119636438348962 52.320514640128906 52.349793108915563 52.218723291599133 51.9465388847875 51.557714863172947 51.078958481577985 50.536365122968135 49.953137067765155 49.348157662611627 48.735540470129891 48.125058474795267 47.523151198599507 46.93406913501623 46.360699023430499 45.804743452287852 45.266181373817844 44.742243304390342 44.226398374327331 43.707973815681243 43.172950044040803 42.606194966237496 41.994983854776308 41.333210339933558 40.625361276507746 39.889212609047213 39.156357842016988 38.470084425270301 37.88067544193823 37.4387976725708 37.188096587889156
43.84454192696316 44.333201083049744 44.914548113029795 45.589698448044686 46.351521553827979 47.183755890303757 48.061217442167532 48.951140130270275 49.815500033918426 50.614027785283966 51.307531954721654 51.861145958895847 52.247157170715255 52.447154255569075 52.453314247624107 52.268733075429523 51.906784041460142 51.389576732811207 50.745688015793974 50.007437279953407 49.208054688346138 48.379111758508287 47.548524753306566 46.739303767699667 45.969035763048495 45.249914472461271 44.589026111592915 43.988610239683666 43.446143835853576 42.954301893612865 42.501053215061859 42.070270391687629 41.643205434687118 41.200992084164881 40.728024603159099 40.215720018176214 39.665905757455562 39.092982654576325 38.524144279300351 37.997274765023207 37.556624631549553 37.246861715620611 37.106486271637188
43.809049268134103 44.287902754920012 44.854760689375766 45.510983331205949 46.250511926973815 47.058913480582831 47.913308797052863 48.783236433017521 49.632370957107128 50.420912502114902 51.108410189495672 51.656769836858544 52.033207656788704 52.212925074095892 52.181283828068146 51.935260789282736 51.483979082097377 50.848170824990234 50.058540437774909 49.153156076316989 48.174165062451436 47.164256914116137 46.163338873431712 45.205822548011284 44.318762079758358 43.520884061148834 42.822374198005178 42.225193902084328 41.723717892660176 41.305593986554101 40.952872725553334 40.643564149822595 40.353789914515048 40.060585503964845 39.745192546941183 39.396431321302785 39.013546509604424 38.607855588289389 38.20264409187083 37.831038610937298 37.531987507678281 37.344894809984403 37.303778109506013
43.58205927729783 44.044180128120715 44.592262136158737 45.227233912075732 45.943122903266968 46.726157139645949 47.554586355325256 48.399267334324264 49.224969306539919 49.992297060469426 50.660104421670908 51.188264433709719 51.540651693355485 51.688157732505516 51.611499519176874 51.303513440948137 50.7705887467134 50.032923707207885 49.123406631427812 48.085123640201857 46.967733757931512 45.823165637657596 44.701215535991494 43.645623801510823 42.691078343208915 41.861380832046891 41.168783371105022 40.614329168978557 40.188954274399322 39.875131812434262 39.648928496491152 39.48243501080988 39.34656859659701 39.214195452422899 39.063389979214989 38.880483337358029 38.662423144434683 38.417934792815643 38.167081575756939 37.93906242819461 37.768415829782583 37.690137990440022 37.73448491840319
43.175505749905057 43.616014861301068 44.143471245916288 44.757777623065664 45.452140498107028 46.212346965909816 47.016643406812875 47.83623215836684 48.636351346827382 49.377884981536099 50.019456628215465 50.519966828718239 50.841513626502277 50.952568656539597 50.831172020247308 50.467787515109976 49.867374241950557 49.050230772114176 48.051283518530227 46.917715383206186 45.705118564800586 44.472633768374351 43.277730563697517 42.171336902090545 41.193928480123105 40.372975211628045 39.721879756623082 39.240307053603786 38.915650673815918 38.72533135930415 38.639655305913436 38.625027166839473 38.647362603777765 38.675541998514987 38.684686773280603 38.65895141627955 38.593457212396487 38.494998084082056 38.381255695379508 38.278468117834073 38.217766949364368 38.230669182903505 38.344411615694881
