_RESULTS/CROSS_VALIDATION_POSTPROCESSED/Berg/TZ/8comp/4/Berg_TZ_z_1000_kriged_reverse_8comp_spherical_4.asc
ncols 100
nrows 90
xllcorner  5.6208707817415728
yllcorner 50.959635321741573
cellsize 0.00013419651685393446
nodata_value 1.7014100000000001E+038
[rows 0 to 18 of 90, columns 42 to 83 of 100]
0.1837118710168586 0.20830822419955147 0.23770158133934013 0.2722521415517551 0.3120208976743133 0.3573816183609793 0.40858542481725646 0.4209148767630054 0.3683796222077007 0.3217215728521253 0.2807245084649636 0.24503773331977446 0.21422645735280182 0.18781602600547537 0.1653300818822032 0.14629321183764474 0.1302666495883822 0.11685822826633085 0.10572468291541917 0.09657190940484096 0.089153876589163 0.08327088959686565 0.07876784994239486 0.07553310138353644 0.07349842511643043 0.07264078134143655 0.0726099508066968 0.07260751763654211 0.07260498884227354 0.07260265805209289 0.07260088059760146 0.07260005259761595 0.0726000353114455 0.0726000353114455 0.0726000353114455 0.0726000353114455 0.0726000353114455 0.0726000353114455 0.0726000353114455 0.0726000353114455 0.0726000353114455 0.0726000353114455
0.18710204862261756 0.20986717226120832 0.23652438275954488 0.26779762913596084 0.3042768564404686 0.3439016163014542 0.3792269895056142 0.3843545539499455 0.35271889216767144 0.31305892305143596 0.2752620223400263 0.24134538528735547 0.21164066317498012 0.1859757441709329 0.16399764065018974 0.1453146303997296 0.12954052362833707 0.11631595147488444 0.1053188858863712 0.09626937870112863 0.0889310693308202 0.08311102208066827 0.07865897613937026 0.07546683406661782 0.07346908762497444 0.07264485852562622 0.07262013455792725 0.07261685552171117 0.07261314531832004 0.07260926251118129 0.07260555987598541 0.07260247391941821 0.07260049522471701 0.0726000353114455 0.0726000353114455 0.0726000353114455 0.0726000353114455 0.0726000353114455 0.0726000353114455 0.0726000353114455 0.0726000353114455 0.0726000353114455
0.19080052920249196 0.21084645319097134 0.2334889606427596 0.25881636054789336 0.2863537350604176 0.3140255367349272 0.3350364292635002 0.3375248548871635 0.3197773040450228 0.2914384274273691 0.2606433903274624 0.2311536091167089 0.20436510147108047 0.18067979022438027 0.160086698316297 0.14239596175737027 0.12734665273380213 0.11466042187954185 0.10406942481003922 0.09533095338457596 0.0882348447847057 0.08260699097407814 0.07831096046511277 0.07524907326314528 0.07336392723876924 0.0726412360056981 0.07263119996984899 0.07262766460227447 0.0726233790290898 0.07261851712276844 0.07261338025239342 0.07260839910636148 0.07260411324254244 0.07260112615166096 0.0726000353114455 0.0726000353114455 0.0726000353114455 0.0726000353114455 0.0726000353114455 0.0726000353114455 0.0726000353114455 0.0726000353114455
0.19490733223301882 0.2115299137734137 0.22938593205733115 0.24811149419381892 0.26672758518281814 0.283145253129007 0.2939193826283139 0.295109883407304 0.2840237746183241 0.2642681585685528 0.24066195031938348 0.21649105578272482 0.1935268623336696 0.17259913275759764 0.15401545774732586 0.13780672469562344 0.12386357653735537 0.11201270166988854 0.10206010144079003 0.0938157836033292 0.08710779502544728 0.08179016302155924 0.07774754721229732 0.07489843928073667 0.07319822594822198 0.07264282240265117 0.07264076072779291 0.07263776279753625 0.07263373747598212 0.07262871988635007 0.07262290870673947 0.07261668154638211 0.07261058426967813 0.07260529215367237 0.07260154254380383 0.07260004063719076 0.0726000353114455 0.0726000353114455 0.0726000353114455 0.0726000353114455 0.0726000353114455 0.0726000353114455
0.19968451895113473 0.21239722413848428 0.225169168839789 0.23749019362125195 0.24843404686319936 0.2565653120876787 0.26017416044343167 0.25812536336463343 0.25036099894098585 0.2364254371913824 0.21868755846258958 0.19950394355378112 0.18049473403317684 0.16261773093968163 0.14636551553925478 0.13193706226748642 0.11935789294033683 0.1085581716922559 0.0994220135477793 0.09181818249274833 0.08561904977155324 0.08071233173244403 0.0770086129003203 0.07444672170059356 0.07299847125334431 0.07264687136955741 0.07264633670590492 0.07264486630850504 0.07264214841350516 0.07263802026590747 0.07263252513689422 0.07262594163158155 0.07261878195235527 0.07261175810644932 0.07260571640917635 0.0726015418365666 0.0726000353114455 0.0726000353114455 0.0726000353114455 0.0726000353114455 0.0726000353114455 0.0726000353114455
0.20546590508218932 0.21393557389585224 0.2216003706802262 0.2280367771016745 0.23261610536807303 0.23455906337940613 0.23316855611359996 0.22823224229351455 0.220377937640218 0.21018617934972383 0.19688904143145658 0.18190380850988608 0.16651734278715719 0.15162028410801695 0.13775897429880546 0.12522545679182112 0.11414088947920974 0.1045200011345025 0.09631704232756676 0.08945720259598382 0.08385763186522305 0.07944146804638355 0.07614747000391495 0.07393721774686071 0.0728014081497839 0.07264349086582807 0.07264553433357028 0.07264677690224387 0.07264661122847457 0.07264461152488566 0.07264061254758021 0.07263475181440608 0.07262747405291396 0.07261949943635757 0.07261175775224588 0.07260529059835699 0.0726011243481508 0.0726000353114455 0.0726000353114455 0.0726000353114455 0.0726000353114455 0.0726000353114455
0.21258716165428712 0.2165363007276466 0.21915477930726873 0.2202296531896773 0.2194747888879634 0.2166044747211069 0.2114793181072043 0.20429380667555752 0.1956648019584263 0.1864746827849157 0.1764571767651241 0.16483415190241102 0.1525519904938801 0.14035624133948657 0.12876350317932167 0.11809546827970187 0.10852706548202576 0.10013204239273889 0.09292010438898533 0.08686497572394865 0.08192478281127749 0.07805668518149944 0.07522760947751875 0.07342270145052504 0.07265288379244861 0.07263033141230053 0.07263620479612294 0.07264154756305694 0.07264536608513525 0.0726468999533718 0.07264572391910652 0.07264179946396357 0.07263547996115392 0.07262747555342518 0.07261878292725839 0.07261058325335817 0.0726041104910153 0.07260049327953975 0.0726000353114455 0.0726000353114455 0.0726000353114455 0.0726000353114455
0.22134252338817298 0.2204623594769529 0.21806013621493212 0.2141753162461976 0.20882058040830684 0.20203675235305196 0.19397369288462954 0.18498638522022828 0.17558212710220902 0.16638156791859676 0.15795621506480537 0.14896598666325314 0.13924654106259574 0.12938872779725286 0.11984112450311407 0.11091418054070865 0.10280316755488346 0.09561668295198056 0.08940364757415464 0.08417599768215407 0.07992663355978723 0.0766432947894527 0.07431945265627789 0.07296340702642405 0.07259568319084152 0.07260540272616808 0.07261659086165255 0.07262763566207356 0.07263704709769679 0.07264365376542342 0.07264672499938854 0.07264602353872589 0.07264180203567899 0.07263475653393928 0.07262594611791601 0.07261668342293504 0.07260839757730948 0.07260247071536402 0.07260005207733894 0.0726000353114455 0.0726000353114455 0.0726000353114455
0.23195565269924587 0.2258458649576107 0.21835918402693244 0.209774167641352 0.20032207851210343 0.19022705975499396 0.1797656001540109 0.1692877088860177 0.15917862817993847 0.14985885825820588 0.1417466472642955 0.134639126291004 0.12699216304890848 0.11910031274541158 0.11133466995668384 0.10397361042082784 0.09721066301686629 0.09117040349525167 0.08592652653613357 0.08151889860507883 0.0779682963107615 0.07528869763419613 0.07349763050907027 0.0726253991439207 0.07255157951981496 0.07256720798280179 0.07258547637857536 0.07260405541980969 0.07262082774842388 0.07263413624088265 0.07264291446064314 0.07264672397179402 0.07264572758063804 0.0726406208236397 0.07263253484461517 0.0726229160475481 0.0726133828464041 0.07260555811098553 0.07260087808519064 0.0726000353114455 0.0726000353114455 0.0726000353114455
0.2445473850912009 0.23268561725435866 0.21995307078147827 0.20681018279864238 0.1936058996505455 0.1806239518227952 0.1681423811777556 0.15641790199217143 0.14570078154261956 0.13623902756709375 0.12826938018188633 0.12198113191449898 0.11599242059297185 0.10972509192335626 0.10347782370471571 0.0974896857106554 0.09194022080646472 0.08695719186612151 0.08262791125588838 0.07901141516055483 0.07615000149721358 0.07407960775340745 0.07283918114831908 0.07247523087437151 0.07249145882961602 0.07251489750713386 0.07254235639633164 0.07257054247223658 0.07259656547656844 0.07261822552832108 0.07263412119219617 0.07264364225811092 0.07264689929265104 0.07264462123337558 0.07263803555144886 0.0726287347435711 0.07261852685181852 0.07260926547228362 0.07260265647407478 0.07260004460871616 0.0726000353114455 0.0726000353114455
0.259085152733124 0.24083052962955306 0.2226200068609086 0.20499228550718732 0.1882929751841125 0.17275146155897111 0.15853999796191245 0.1457763381605988 0.13455885478360483 0.12497774251864402 0.11712046307543161 0.11107946890864598 0.10632500865994832 0.10138716077532647 0.0964159926716677 0.09161176333924173 0.0871347644260386 0.08310836388932426 0.07962578509297821 0.0767585836930782 0.07456547763970503 0.07310085261767707 0.07242290936383838 0.07239126471645405 0.07241478138622451 0.0724484736923769 0.07248765290264086 0.07252774328542115 0.07256494771890365 0.07259651758895319 0.07262077350495201 0.07263700864267564 0.07264535094462438 0.07264661713700606 0.07264216770733235 0.07263376084129855 0.07262339849389342 0.07261315638346902 0.0726049916145777 0.07260052764742711 0.0726000353114455 0.0726000353114455
0.275303474360547 0.24994668770664952 0.22601691249054334 0.20397183509251088 0.1840106947277367 0.1661946597345054 0.150509457182969 0.13689758291438292 0.12529407541382384 0.11564171252961325 0.10790084075797794 0.10205934206754098 0.09798967213493014 0.09413579654542661 0.09022965015195418 0.08643686142737539 0.08289751277705537 0.07972679861320298 0.07701905213384751 0.07485376620371585 0.07330249168524908 0.0724358000796508 0.07227464242596415 0.0722884699329374 0.07232194365881804 0.07236910553659906 0.07242301105105611 0.0724774375132603 0.07252763085717129 0.0725703981584718 0.07260392732206555 0.0726275468008829 0.07264150314644305 0.07264677070983695 0.07264488603658982 0.07263779440164403 0.07262769568802491 0.07261687778034671 0.07260752824407846 0.07260152106120543 0.0726000353114455 0.0726000353114455
0.2926533743144969 0.2594762263419929 0.22967703434655629 0.20335379094851772 0.18039998669547036 0.16059940540245973 0.14369292764092068 0.1294213160094377 0.11755226920218263 0.10789208218617144 0.10029226801452772 0.09465612801458156 0.09094292038423299 0.08797403597382694 0.08495583540257058 0.08202480495058304 0.07930220713259702 0.0768937591724765 0.07489221004741407 0.07338203184809751 0.07244540124148575 0.07215969529389091 0.07214726587754121 0.07216727829493005 0.07221474128214322 0.0722796599233922 0.07235171426159212 0.07242278060320262 0.07248734017854169 0.07254205298067308 0.07258523122795653 0.07261642290607614 0.07263611301377597 0.07264550558432781 0.07264635182389036 0.07264079926514215 0.07263124383006106 0.07262017061575873 0.07260997248494053 0.07260274126569666 0.07260003629379487 0.0726000353114455
0.31441550433342874 0.271441062468905 0.23446007794697496 0.20319906890535464 0.17715790034188048 0.1556695872291774 0.13780949100457934 0.12307237515495259 0.11106418158172442 0.10146908381312518 0.09404746922729519 0.08863569329050237 0.08515037962840043 0.08288049297513346 0.08060618943681712 0.07841227937817226 0.0764037173021739 0.07467693074963792 0.07332174720371872 0.07242559863355706 0.0720786453755165 0.07201827109228799 0.07199967402728231 0.07202946834296084 0.07209738382765067 0.0721856215353788 0.07227921562655565 0.07236849211429981 0.0724478560120327 0.07251436462067548 0.07256679926487304 0.07260512563902408 0.07263017361460321 0.07264342878343116 0.07264687651768273 0.07264286618014504 0.07263397601737555 0.07262286475485531 0.07261209900013654 0.07260395049773996 0.07260016666882559 0.0726000353114455
0.3424395392467521 0.28827257341834805 0.24323363488879735 0.20623579510939993 0.1761528193609651 0.1519503397689272 0.13272798731517382 0.11764796121293195 0.10563134878314508 0.09617955982610886 0.08898058424384331 0.08382059071871353 0.0805821149300145 0.0788255397215501 0.07718141720043382 0.07562504388888973 0.07424806467169494 0.07313875338202638 0.07238361635900548 0.0720679732983653 0.07195249190233712 0.07186239605443777 0.07183250030055613 0.0718798273218507 0.07197886726236823 0.07209653000817841 0.07221358747101055 0.07232078113057461 0.07241375479626247 0.07249063110100067 0.07255096614946664 0.07259527148977042 0.072624766151579 0.07264122204235082 0.0726468444302619 0.0726441604497037 0.07263590067037126 0.0726248627577721 0.072613747878036 0.07260496414785823 0.07260039997739022 0.0726000353114455
0.3757214055779165 0.3092877200155432 0.2556097788397409 0.21255401233924429 0.17825086625959227 0.1511268056307305 0.12988569783346712 0.11348647500258212 0.10111997762016656 0.09183423544864017 0.08481817415879214 0.07990926568958587 0.07698812320896806 0.07573063706376451 0.07468280386419122 0.07368834265943 0.07288152476721893 0.0723444232693094 0.07213361230097146 0.0719923601388522 0.07184198486676115 0.07170341563273154 0.07164701820645705 0.07173296755542362 0.07187805618800092 0.07202728464590236 0.072165169712915 0.0722866265350842 0.07238975543871903 0.0724740658813957 0.07253992630589831 0.07258834937234288 0.0726208804858432 0.07263951623660217 0.07264662572015913 0.07264486300448676 0.07263706360252223 0.07262611808202278 0.07261481549175944 0.07260565159063946 0.07260060460146829 0.0726000353114455
0.4128356622641281 0.33377509050169535 0.2711762333818589 0.22183400483744256 0.18312873628184143 0.15267898458792606 0.1282494534942121 0.10917507307773723 0.09478517432834943 0.08442838857633354 0.07744646789401749 0.07292275219831906 0.07059707753471813 0.07020866339232892 0.07041015717924078 0.07088216320844092 0.07152545711707999 0.0720731250533337 0.0721105388601848 0.07195758409489796 0.07178533474362679 0.0715956416144829 0.07145129061839393 0.07164232707155906 0.07182816310605282 0.07199591362507883 0.07214411600893321 0.07227208654370477 0.07237965470372272 0.07246713344791504 0.07253531274192888 0.07258544783017838 0.07261923477598128 0.07263877031929172 0.07264649460906539 0.07264511554327995 0.07263751230079489 0.07262661348710608 0.07261524367177574 0.07260593371681806 0.07260069763273236 0.0726000353114455
0.452322121751112 0.3611801293873537 0.289725356014833 0.23278401010794653 0.1862303794402392 0.14940863869948187 0.12110435237317259 0.09989185353782978 0.08442180445136609 0.07356778285518138 0.06648447078145717 0.06254113036964361 0.06092007052727809 0.06130265874117881 0.0625451922595217 0.06430885227987575 0.06634023107961257 0.06841693191585457 0.07025476302077929 0.07151100252750685 0.07181735204786019 0.07166082517250498 0.07158880594967323 0.07169575968828235 0.07185617271016118 0.07201325930869792 0.07215568405014208 0.07228005105062718 0.07238517859589401 0.0724709216077045 0.07253783319902808 0.07258703353247466 0.07262013529341171 0.07263918004634025 0.07264656893259881 0.07264498038340679 0.0726372697333367 0.07262634486028419 0.07261501101036866 0.07260577997225665 0.07260064632449315 0.0726000353114455
0.49218485468675544 0.3903837329615096 0.3043937276070864 0.23453928639771662 0.18015866621905072 0.13912441837960596 0.10890074135708604 0.08709108265193391 0.07169183616086879 0.06116382708477626 0.05441316545378377 0.05074398142256329 0.04971865565666292 0.05059027138650545 0.05233120994673776 0.0547093394290983 0.057620072152588964 0.060897312498041235 0.06429708327454355 0.06748874240564703 0.070063236086484 0.071569311486604 0.07177924646001939 0.07183471874181266 0.071945851703165 0.0720730863102144 0.07219691523082244 0.07230891260802792 0.07240537344177683 0.07248483173095902 0.07254709916730827 0.07259285068359517 0.07262341428496752 0.0726406382016889 0.0726467840963612 0.07264442327074731 0.0726363231408912 0.07262531423805545 0.07261412900441826 0.0726052068766199 0.07260046843466389 0.0726000353114455
