_RESULTS/CROSS_VALIDATION_POSTPROCESSED/Berg/TZ/8comp/4/Berg_TZ_z_710_kriged_reverse_8comp_spherical_4.asc
ncols 100
nrows 90
xllcorner  5.6208707817415728
yllcorner 50.959635321741573
cellsize 0.00013419651685393446
nodata_value 1.7014100000000001E+038
[rows 36 to 53 of 90, columns 41 to 81 of 100]
0.02804811140926776 0.014845255474366898 0.007215831532814183 0.003244053431447804 0.0013607613887105983 0.0005420399389905842 0.00020631982937729422 7.630225278632422e-05 2.820090785002205e-05 1.0795329896289866e-05 4.498184086044922e-06 2.193775708962893e-06 1.3705867580920802e-06 1.1630322326922423e-06 1.3071248768638946e-06 1.820368373602003e-06 2.9018658831382617e-06 4.882215527352463e-06 8.291184178116284e-06 1.3961843482152065e-05 2.303133297459185e-05 3.6893503758270355e-05 5.701828791366576e-05 8.45877848619332e-05 0.00011996493267374925 0.00016212060639150426 0.0002082582972190118 0.0002539024668871491 0.0002935768004940674 0.0003219101593205699 0.0003347383189360505 0.00034011044524724345 0.00036455711168378993 0.00041529930302758354 0.0005034698017029114 0.0006466772560907105 0.0008701191096405252 0.0012202520624935366 0.0017719404848811733 0.0026232982896250544 0.0039028373550920813
0.026890394244514036 0.014182352608654525 0.006884844150255266 0.003118331830220589 0.0013200156158670296 0.0005273371091624967 0.0002002770048486329 7.421859375370058e-05 2.7693348367480788e-05 1.081579713913087e-05 4.643245709176384e-06 2.3249644504118988e-06 1.4415206326883546e-06 1.1487898765216567e-06 1.1747226369031227e-06 1.4734762933839063e-06 2.1142151890461904e-06 3.267225757863248e-06 5.209947474577694e-06 8.336686768252196e-06 1.317112310775554e-05 2.0325911318035957e-05 3.040385967206094e-05 4.381907960852162e-05 6.055649555253639e-05 7.99417070697408e-05 0.00010054014358762227 0.00012029898354784822 0.00013695561383047415 0.00014858329212100565 0.00015401468521605862 0.00015644880154801536 0.00016997348741964796 0.00019954186775923837 0.00025346158162288773 0.00034533210528833887 0.0004972447568265621 0.0007423244399074975 0.0011457354724922725 0.00180269227778706 0.002846429054575671
0.027420356861869097 0.014471423200640229 0.0070516849006614785 0.0032167182078475707 0.0013785210097400065 0.0005515651889786544 0.00020987116695420205 7.807132569281337e-05 2.9326046021167078e-05 1.1559541566811914e-05 5.002564791549911e-06 2.497875207507055e-06 1.5071286829554633e-06 1.1331835755866788e-06 1.060479542296347e-06 1.1988052032474651e-06 1.5605779673432685e-06 2.239330810474314e-06 3.374120795990953e-06 5.132799625066173e-06 7.745940671239036e-06 1.1470281211497768e-05 1.6532007741980465e-05 2.303722738556753e-05 3.086248388793031e-05 3.956729562774931e-05 4.838852769643119e-05 5.6362419060393476e-05 6.256650761208424e-05 6.63988358186987e-05 6.775485253202627e-05 6.891701065297131e-05 7.558351625960871e-05 9.14800681113434e-05 0.00012229512255044586 0.00017804871732882735 0.00027636557454216156 0.00044511783836557805 0.0007332121039650742 0.001228207629796215 0.002058022859967028
0.029962748728617858 0.015825218168764848 0.00773293273683184 0.003555230418073448 0.001538219870427778 0.0006181873906193705 0.00023609419448361374 8.806705947475895e-05 3.3110333254156394e-05 1.3012902121423458e-05 5.573601088382854e-06 2.721099349312153e-06 1.5802976749824013e-06 1.1237494217718043e-06 9.68791220846134e-07 9.925150719855003e-07 1.164005329697221e-06 1.590442586504432e-06 2.278180721001714e-06 3.2947558258736653e-06 4.737952456714277e-06 6.711057511577146e-06 9.289127872636052e-06 1.2472775973430309e-05 1.613716750200454e-05 2.0002203809741744e-05 2.3653606733431256e-05 2.6629465043720565e-05 2.8556538051716085e-05 2.9289716583826087e-05 2.902882955148367e-05 2.943467464370522e-05 3.237403590787397e-05 4.041248966517559e-05 5.728826002200569e-05 9.010608279047023e-05 0.00015221417959166689 0.000266704882445746 0.00047211681567773875 0.0008423354113187444 0.0014953944580402751
0.03490725088346991 0.018558978312187186 0.009109589587603 0.0042048424266529294 0.0018278426632422162 0.000739927110057015 0.00028402007149794337 0.00010609840639305542 3.971612234950562e-05 1.540507662103018e-05 6.43465713516592e-06 3.0230194521106894e-06 1.6726089063745683e-06 1.1171413464684146e-06 9.067556309727169e-07 8.752679006092924e-07 9.632840134007517e-07 1.2167530978979184e-06 1.630343632264972e-06 2.2319951194478904e-06 3.0481296299983934e-06 4.1183021310704895e-06 5.462639799276475e-06 7.054834476586741e-06 8.797126252441963e-06 1.0514040375782808e-05 1.1978013710704285e-05 1.29661314588032e-05 1.333177495709332e-05 1.3067642512422017e-05 1.2454467987973062e-05 1.2369990488659693e-05 1.350223035188644e-05 1.7389721793559833e-05 2.6503122264596884e-05 4.5797106031380394e-05 8.51701992846447e-05 0.00016313440784904943 0.0003119098467017156 0.0005914803389333676 0.0011081286187002892
0.04304766573697542 0.02317113735319719 0.011470532083905987 0.0053141015924573305 0.002307909013248039 0.0009426384442186493 0.0003645744629137694 0.00013648069837207742 5.075483680755776e-05 1.9309773801124543e-05 7.779879413039409e-06 3.463642696594742e-06 1.7915850847964784e-06 1.1153813592002542e-06 8.693670231927589e-07 8.16948601950625e-07 8.699006129986668e-07 1.0182271078413206e-06 1.262094119104422e-06 1.6134321639039673e-06 2.083532649724208e-06 2.678755619005045e-06 3.402733492421865e-06 4.227665692994419e-06 5.081342481839827e-06 5.852108493339861e-06 6.413668680239578e-06 6.661071233511282e-06 6.5439830692158865e-06 6.0878324257593445e-06 5.553458835875135e-06 5.267072954400908e-06 5.557942565717658e-06 7.383904489041663e-06 1.2448383876995484e-05 2.4220188850912005e-05 5.0083573057367037e-05 0.00010484805824306293 0.0002159789674733847 0.00043299805438456465 0.0008500621969137333
0.055737818774981567 0.030529085930406125 0.01528444891910606 0.007117048168703751 0.0030986299173530814 0.001274735679024336 0.0004986626469935519 0.00018787805024085967 6.961461468925162e-05 2.5991198917071134e-05 1.0058712677052971e-05 4.187651451622575e-06 1.961724073123258e-06 1.1172330395883459e-06 8.461653960348785e-07 7.97249742397898e-07 8.361483646354385e-07 9.295565903112123e-07 1.0711464168722788e-06 1.266969669487788e-06 1.5265249638588778e-06 1.8638787678996835e-06 2.2707938574443696e-06 2.72201603985013e-06 3.160819061003421e-06 3.511982667882384e-06 3.7051524246083703e-06 3.696572118694094e-06 3.4795006880763336e-06 3.1000555224451675e-06 2.725226473228884e-06 2.414399864253087e-06 2.3160633629944175e-06 3.1635418660004543e-06 6.2980675590591666e-06 1.4119964649829268e-05 3.234559312428425e-05 7.31361376842107e-05 0.00016017630061734495 0.0003363105708445716 0.0006845873188050219
0.07508791946685917 0.04196249550882146 0.021254032752154654 0.009978321680539089 0.00438783721298234 0.001830172183295442 0.0007256726982611524 0.0002775107839777334 0.00010342144747069578 3.8281389138241536e-05 1.4367684886491553e-05 5.598809392053126e-06 2.3007360270774923e-06 1.1209075412155808e-06 8.565291952602031e-07 8.559116372543149e-07 8.965220465032136e-07 9.484815698318493e-07 1.01112749728479e-06 1.0952225974605454e-06 1.2150542261076674e-06 1.3978948681357015e-06 1.6420551272087272e-06 1.911478005672035e-06 2.153458964668785e-06 2.3125662837334355e-06 2.3513973232059507e-06 2.2610672408631846e-06 2.057276139470801e-06 1.8156216822930602e-06 1.5882026050486137e-06 1.364252777393968e-06 1.1375278065498084e-06 1.5756026255835247e-06 3.951642462002424e-06 9.831038116759567e-06 2.403761852144494e-05 5.7044646118725e-05 0.00012990709176585255 0.00028122415214081216 0.0005855231236395295
0.10418527170888552 0.05897775926769109 0.03017720415087354 0.0144054987445746 0.006475338174610468 0.0027690548692994098 0.0011240989194500459 0.00044001975689662203 0.0001674832418001432 6.271680633295402e-05 2.3491582377121048e-05 8.903498114345689e-06 3.3546498071502856e-06 1.2640424172187987e-06 1.0798507470570673e-06 1.1270256487765808e-06 1.137591842720391e-06 1.1190139143510535e-06 1.0840316939727585e-06 1.0541279089395868e-06 1.0585931076976464e-06 1.1405457738818895e-06 1.304907374219436e-06 1.4913713733240484e-06 1.6371560896724434e-06 1.699124751917188e-06 1.6630511698314488e-06 1.5436438634626853e-06 1.385099739043165e-06 1.254848486709254e-06 1.1554053849028571e-06 1.0853215002594895e-06 1.100168785388185e-06 1.6206944093077382e-06 3.5577966166810544e-06 8.63299471351484e-06 2.114021861464189e-05 5.0646651075842324e-05 0.00011671623246314273 0.00025553379919931665 0.0005359597701945669
0.14253941962755537 0.08041032038019631 0.042410353615471214 0.02101658944322356 0.00982744445271057 0.0043718421438616265 0.0018426807537351418 0.0007467483846331857 0.0002952187214433335 0.00011464228583706402 4.4526486858111315e-05 1.746537721690247e-05 6.9844401207843435e-06 3.241303353896045e-06 2.2315361064103003e-06 1.958032960734482e-06 1.7656424252476436e-06 1.5642836909992434e-06 1.3523341222798517e-06 1.152375404434852e-06 1.0108708539947146e-06 1.0254372578453443e-06 1.1697452571906954e-06 1.3274521824594776e-06 1.4189046437062115e-06 1.415546432314039e-06 1.3244373111487167e-06 1.1840783664335317e-06 1.0709992474796914e-06 1.0151515058931592e-06 1.02355377810682e-06 1.1109200661724385e-06 1.359634463402756e-06 2.1077510152089726e-06 4.1561253236423055e-06 9.321214381493019e-06 2.1868245983709904e-05 5.1192970601263296e-05 0.00011645770809887474 0.0002529793974890924 0.0005266535401426441
0.16044488652160815 0.10124787600497799 0.057795118529817585 0.030559462718569803 0.015162312860583674 0.007127232148649299 0.003163506228552448 0.0013465644258069693 0.000559905864018924 0.00023003487683199617 9.462699228024545e-05 3.961517013450594e-05 1.7391106172491158e-05 8.775209759384419e-06 5.527058926606341e-06 4.1410296705424485e-06 3.2765013665444406e-06 2.5975313324431277e-06 2.0153099674408123e-06 1.5129179163654851e-06 1.0913643517635674e-06 1.0720643812797633e-06 1.2586996081300303e-06 1.3958085438615977e-06 1.432744416604492e-06 1.3571806901783211e-06 1.199137949100269e-06 1.039664866961304e-06 9.381097912901857e-07 9.322758430316125e-07 1.0431147222909269e-06 1.296697001276393e-06 1.7940036211192987e-06 2.908970159355512e-06 5.520071030022111e-06 1.1642738746623683e-05 2.5866670852355166e-05 5.811805844122603e-05 0.00012820661703565566 0.00027195785251302044 0.0005548064510891793
0.18032131285879982 0.12308249058675565 0.07676533424886989 0.04406381610746784 0.023578301871874954 0.011871635124188295 0.005617270318746368 0.0025407582342105808 0.0011178239361472194 0.00048695306709384967 0.00021346100630403265 9.5592308599979e-05 4.490144870750238e-05 2.3412608242796867e-05 1.4090240089070645e-05 9.616985107001581e-06 6.898398155782647e-06 5.013313011841929e-06 3.6177000788881583e-06 2.5763206962792565e-06 1.8671195427933887e-06 1.6682586595104803e-06 1.7365460122806924e-06 1.774926694780628e-06 1.7074696483220283e-06 1.516675077018556e-06 1.2781974449485259e-06 1.0570090121613488e-06 9.156667904914987e-07 9.421905456084081e-07 1.1877838380211997e-06 1.6722973909315682e-06 2.531561879170637e-06 4.260335370610129e-06 7.968815388506364e-06 1.6111704991771197e-05 3.3983125189336846e-05 7.275145506341975e-05 0.0001539294021426309 0.00031509097507918354 0.0006235945900131777
0.2007834696832214 0.1471106768304592 0.1000676413359537 0.06285457630664142 0.03668525094483513 0.01997910331306745 0.010139232996681518 0.0048760644937714485 0.0022696284201719217 0.0010481541419803328 0.0004888274298826192 0.0002321253165206211 0.0001144080595860881 6.0800992317033456e-05 3.570715337460218e-05 2.312377031615727e-05 1.563989039061423e-05 1.0773552056551375e-05 7.499052746863866e-06 5.307121151455289e-06 3.940418881372175e-06 3.252224038672353e-06 2.9324841676933563e-06 2.68756768604742e-06 2.392237813374655e-06 2.0373126315004247e-06 1.6585178613667627e-06 1.2983528183642643e-06 1.0091954661114044e-06 1.043559386530123e-06 1.5606204247612555e-06 2.4340660022210784e-06 3.901597929135873e-06 6.7019250460821086e-06 1.2366956113716411e-05 2.4116658945340144e-05 4.8533535978579476e-05 9.868063655337495e-05 0.0001989245723735722 0.00038968061312847794 0.000742587460819021
0.2257458519926389 0.1732802828168625 0.12738100279973688 0.08785685546621219 0.056170333108057385 0.03313366795883702 0.018069186017064167 0.009262093594899755 0.004565798726377757 0.0022264951523760855 0.001097612399105533 0.0005480216061881303 0.00028059075819125267 0.00015162486840515497 8.81344237123201e-05 5.544022982824541e-05 3.646752792149905e-05 2.445923901451321e-05 1.674553152715568e-05 1.1777548431998767e-05 8.636424720925818e-06 6.731458026201277e-06 5.525802502344445e-06 4.653307375757739e-06 3.962287126230838e-06 3.308727241397201e-06 2.67366886418696e-06 2.0976222450101226e-06 1.6448704997477096e-06 1.7259040501225902e-06 2.6257465308005102e-06 4.137713885911681e-06 6.679973849522503e-06 1.140793484258799e-05 2.0541654036519095e-05 3.853430259477751e-05 7.402699460630526e-05 0.00014288056480560332 0.00027313487210199665 0.0005091265374538059 0.0009291173062913239
0.25269573848560334 0.20289027846770655 0.15758205235544456 0.1174794510758467 0.08246561875314133 0.05306265780451593 0.031243193668022796 0.017076601329735198 0.008886027142421385 0.00454641494465667 0.002350239500135764 0.0012263127339374054 0.0006494561335062083 0.00035746100591446916 0.00020785732012582877 0.0001287684488471471 8.403535082857144e-05 5.58886782535005e-05 3.800725777458683e-05 2.6476569858859013e-05 1.9027912183506883e-05 1.423581152528573e-05 1.1168630679365901e-05 9.089476441426844e-06 7.56718011829494e-06 6.319147309728451e-06 5.227279982216266e-06 4.361872283225268e-06 3.897547576389824e-06 4.202034523313952e-06 5.5720759326998406e-06 8.130228928043341e-06 1.2653366186156027e-05 2.091252125795599e-05 3.62337218338461e-05 6.496630161336383e-05 0.00011874380301135161 0.00021763741038991854 0.0003935320384398959 0.0006954382792034512 0.0012105917717073142
0.2767709355689627 0.2327598899758373 0.19162171201442124 0.15350243845674957 0.11631068898605819 0.08114306697531781 0.05160048502940161 0.029972389779108096 0.01633813373866565 0.00870314663622147 0.00468104223362169 0.0025430607275389603 0.0013920411104733836 0.0007831120990955463 0.00045945632851636636 0.00028375029343602535 0.00018499100226129615 0.00012356169695453595 8.401658702196548e-05 5.826198288385673e-05 4.1718190081970166e-05 3.106488806924072e-05 2.407582438911065e-05 1.9334737311572895e-05 1.6005947532389993e-05 1.3543123459219473e-05 1.1594933763609203e-05 1.025953792141871e-05 9.787419683401572e-06 1.0561373348854148e-05 1.2965944267132503e-05 1.7494646480308125e-05 2.5788644254807934e-05 4.058401478441368e-05 6.695030643142016e-05 0.00011403502384252904 0.00019758411602729614 0.00034296538512660187 0.0005872139724282359 0.0009829408293659803 0.0016275726099972765
0.29367989461490634 0.2589140901081853 0.2258035362440226 0.19481312059216505 0.16029867132743367 0.12175865450624078 0.0827042805903773 0.049751784410113645 0.027786211575181918 0.015222450197772134 0.008465146210587379 0.0047814124319922775 0.0027109656205363416 0.0015661642559428868 0.0009342799363752474 0.0005814091782127609 0.0003803574321619552 0.00025961115267844777 0.00018023713790234162 0.00012741251028821165 9.245919924733179e-05 6.928515203083354e-05 5.375907447757202e-05 4.320072512127005e-05 3.5966829619301955e-05 3.097457780298415e-05 2.732796812477849e-05 2.5095665817178673e-05 2.458956375224869e-05 2.6254417030077046e-05 3.058765010422467e-05 3.909943672700942e-05 5.461261502316435e-05 8.144795005022852e-05 0.00012730212967500365 0.00020522828828819552 0.0003361984533110515 0.0005514314128277434 0.0008922983268575594 0.0014212417046258082 0.002237036028576653
0.29911779032051117 0.2760810519712542 0.25409603228763883 0.2338927963945984 0.20950353004268182 0.17709546774345716 0.13118744019489645 0.07929747984914212 0.044325931693085116 0.02471701615341889 0.014126165259307388 0.00826977172396297 0.004871005071929995 0.002911582482796524 0.0017873975054048586 0.0011380881476025359 0.0007576745571184528 0.0005302415029881861 0.00037902867901188465 0.000274576094253122 0.00020311641096931152 0.0001543538335433753 0.00012100290299373788 9.815313754094484e-05 8.266839160692556e-05 7.241693715554822e-05 6.52712321220449e-05 6.11206352200035e-05 6.029388827916278e-05 6.327494614289132e-05 7.115933105437566e-05 8.759031256863452e-05 0.00011664625187340608 0.00016513233043007216 0.0002444335660534225 0.00037259414352873416 0.0005764278793684852 0.0008922294354650784 0.0013637914134664933 0.002070087981180322 0.0031073715672625363
