_RESULTS/CROSS_VALIDATION_POSTPROCESSED/Berg/TZ/8comp/4/Berg_TZ_z_63_kriged_reverse_8comp_spherical_4.asc
ncols 100
nrows 90
xllcorner  5.6208707817415728
yllcorner 50.959635321741573
cellsize 0.00013419651685393446
nodata_value 1.7014100000000001E+038
[rows 57 to 75 of 90, columns 42 to 83 of 100]
0.061628528818668496 0.06037285448306796 0.059947535286986306 0.060598641094654314 0.06284109631734935 0.0653351313195119 0.06409057674914358 0.05922612323995203 0.05142556015773997 0.042119602409196655 0.03306082628020395 0.02508702105504747 0.018934404006651324 0.014641923761436464 0.011732116775103833 0.00987136100539671 0.008819480952675452 0.008454172519972016 0.008768685651296555 0.009894460284189981 0.012150130169719364 0.016158641891993494 0.02300726973443679 0.03449487900128914 0.05370964534236403 0.08590922890030411 0.13818468369440096 0.217114220114941 0.3266112934537012 0.46315179086050323 0.611603810464238 0.7452442779812132 0.8321787445084841 0.8468486181049163 0.7813823860449008 0.6572168115635223 0.544203202226101 0.4531471126020244 0.3814167645888051 0.32603392943613907 0.28421494203961056 0.25363286869007023
0.06965292781507033 0.06797038610456818 0.06734523641631057 0.06796488825413433 0.07015577712839957 0.07429564788359824 0.07691011793585435 0.07468096543549539 0.06820206836606585 0.05903673396695948 0.048966385142186 0.0392486296832486 0.030827980871340033 0.024695291396961846 0.020540261763899805 0.01790780970619993 0.01650928188169427 0.016214762083566803 0.017054553535212007 0.019251996190777446 0.02329225414640599 0.03002833099628967 0.04080287684689892 0.05773623442983418 0.08433181753639273 0.12575163626397526 0.18669943888503265 0.2708822555496596 0.3778494708912188 0.499534263906848 0.6185289117589697 0.7104140904021004 0.7509212821271977 0.7255778483039628 0.6382527374611838 0.5423476334144276 0.46056607527545357 0.39299495567479303 0.3386316892333635 0.2960029801331493 0.2635779300427294 0.24001538436109446
0.07967757407380442 0.07790472473789209 0.07686460450763694 0.07716077106115202 0.07898265012073451 0.08250005951414065 0.08769630953525362 0.08991204032505441 0.08665511231670316 0.07940453212797324 0.06982226844759307 0.05940023898940892 0.049422063785061476 0.041173820362033146 0.03546705228198813 0.031850600525002465 0.030023537468401144 0.029871017885400176 0.03147987212140441 0.03517848540224234 0.041608614891937665 0.051832043278665606 0.0674585144913466 0.09066511141811555 0.12482038053257927 0.17325253129353027 0.23870569229436514 0.3215037797923147 0.4172377080361324 0.514989998638341 0.5977102273324579 0.6459727820890259 0.6446196256458501 0.5897087212485859 0.5163360850949759 0.4495053889508843 0.3911205055552744 0.3418462635476929 0.3015387202433577 0.2696257289580598 0.2453969778096027 0.22820741821733345
0.09116046594423427 0.08959347103588777 0.08861787734852729 0.08844561132700542 0.08959829310947448 0.09227599840510048 0.09642131329430913 0.1017763133938444 0.10381693337907028 0.10079476175740068 0.0938990242873286 0.08475860433651823 0.07488389904221605 0.06539948345981883 0.058019715087659886 0.05336931146568828 0.05116929819800449 0.051343864564530765 0.054045145847123444 0.05969433420234153 0.06904008660071753 0.08322468658193198 0.10378406062661469 0.13218462839811526 0.17111554265288215 0.2223051891515504 0.28588324856016767 0.35911022624074423 0.43501530260408483 0.5021667637217495 0.5464737660794691 0.5552238345573 0.5223175191466183 0.4717969894658533 0.4221920099353563 0.3760258715749853 0.33489656530773987 0.2996270990693776 0.27048739547307904 0.24742001044428544 0.23033521600237483 0.21938446923480834
0.10387478069272306 0.1024568684584955 0.10161843784290278 0.10150949062718397 0.10225772327452239 0.10394809486599342 0.1067986995304734 0.11067406341676111 0.11564426737347622 0.1190690351529877 0.11774394232908013 0.11275685309754661 0.10548458161915328 0.09726615894801564 0.0892616370567687 0.08372787902737215 0.0813180938641657 0.08201553821268963 0.08602787216477081 0.09381913373189571 0.10611696088846426 0.12354782837734829 0.14679850788058602 0.1770995994095538 0.21607335366818553 0.2635963287145954 0.3176983186920012 0.37370748592949743 0.42386181679598905 0.4584716812941129 0.4681301121715364 0.44815570780466785 0.41706560088091416 0.3837329331075368 0.35040612222910605 0.3188673492915399 0.29038123594334186 0.2657652643569148 0.2456288972372668 0.2302893628328927 0.21996414840444609 0.21494401047421094
0.11746463426597989 0.1161305279151869 0.11532481245549091 0.1151545173032406 0.11569529127495715 0.11696551734705814 0.11890148690144042 0.12146553445989539 0.1252836310325288 0.13048456835480168 0.13617126108217406 0.13811990245817604 0.13649101488587048 0.1324956604088844 0.12736654760688068 0.12227456662269756 0.11991574493812704 0.12125202877419827 0.12635537029422012 0.13542639589570873 0.14876972125884885 0.16662395962091198 0.1890516509576958 0.21713263189736032 0.2507443469013051 0.28823816507987876 0.32635157919245145 0.36003110406843963 0.38288370859471194 0.3884832031739849 0.37712233284537144 0.36040033334821936 0.3403615101987329 0.318589241296832 0.2965840948369917 0.2756332452321071 0.2567563127463889 0.24071816309174818 0.22808970192896602 0.21933840917408887 0.21493772276638665 0.21452381575848303
0.1314242837104394 0.13010453542790695 0.12922373968629255 0.12885185411152486 0.1290398851629546 0.1298266141695785 0.13116305637335823 0.13337455882001964 0.13686415400984667 0.1415300918359459 0.14723798491048642 0.15382436694664842 0.1600717994869055 0.16315245006912688 0.16382187168280515 0.1631284840203645 0.16204362463238622 0.1631667905047355 0.16789218007584827 0.17620664682037876 0.18799186160771472 0.2028824789599456 0.22086193121394335 0.24230972493579725 0.2658100873934267 0.288984369041665 0.30844839499395 0.3200914877817356 0.321318663825845 0.31752382239785265 0.30997669860474475 0.2993633387561648 0.2865945608073417 0.27268396865589073 0.2586373967416191 0.2453750075764317 0.23369546763633062 0.22428139485093299 0.21773981371151926 0.21467134064655072 0.21452381575848303 0.21452381575848303
0.145251430087067 0.14392489737843045 0.14295788689257688 0.14241082295344523 0.1423134067474682 0.1426503495257293 0.14351418558645837 0.1455236574531203 0.14869486663575215 0.1529327458243627 0.15810979242591577 0.1640680738104414 0.17062073711246675 0.17755325864995566 0.18459701362085085 0.19015679345976058 0.19397210140853724 0.19674687645965494 0.19987252573623235 0.20542734690862877 0.21301790065090973 0.2220309945597072 0.23292822494385612 0.2447855140361199 0.2558619770129622 0.2639143682132801 0.2689004582720142 0.271619753361997 0.271814426716042 0.2694658575162381 0.26479723339017164 0.25824298686588876 0.2503933988218911 0.24192872232548304 0.23355841876698918 0.2259780584677812 0.21985128410092358 0.21581951984406192 0.21452381575848303 0.21452381575848303 0.21452381575848303 0.21452381575848303
0.15911332189308275 0.1577506177956461 0.15664952091142523 0.15584526244251512 0.15534171852856438 0.1551438125875636 0.15585083828869872 0.1576542929967895 0.16049717720064674 0.16428885179883124 0.16890645322520417 0.17419637398912988 0.17997575896856083 0.18603421935065906 0.19213616104933756 0.19802420842797144 0.2034241741610321 0.20805190648184235 0.21162216578036017 0.2138653668757946 0.21575003584383012 0.21864806146925592 0.22261501608783124 0.22707352398752012 0.23147639667440087 0.23532361128728382 0.23819174437052473 0.23976818149235218 0.2398813298027108 0.23851886956865986 0.2358291083798474 0.23210506788488902 0.22775561866402583 0.22327130648387605 0.21919366112305438 0.21609591778516363 0.21458119639432444 0.21452381575848303 0.21452381575848303 0.21452381575848303 0.21452381575848303 0.21452381575848303
0.17257667358445206 0.17111804104114922 0.16979923977878267 0.1686356613729034 0.1676189570114927 0.16725586221044136 0.1678793932841307 0.16946819307561833 0.17196742548398453 0.1752895062389209 0.17931515888931548 0.18389473489822192 0.188849852466295 0.19397555050501059 0.19904326642836964 0.2038049925562896 0.2079989349634066 0.21135689826095339 0.21361346616178226 0.21451685805136175 0.21452381575848303 0.21452381575848303 0.21490786111991778 0.21614191278293304 0.21777624105255075 0.21940696458943038 0.22070857353598794 0.2214487445110418 0.22150247014404686 0.22086083901521272 0.2196316922739693 0.21803195177162732 0.2163740358154562 0.21505080122780984 0.21452381575848303 0.21452381575848303 0.21452381575848303 0.21452381575848303 0.21452381575848303 0.21452381575848303 0.21452381575848303 0.21452381575848303
0.18505745718659494 0.18341401648073677 0.18180384840219865 0.18019398593512714 0.17904556388003057 0.17873335733139278 0.1792693975501897 0.18063300313153605 0.18277102247122368 0.18559845016555918 0.1889994106721785 0.1928285434158288 0.19691289711805748 0.20105452312084848 0.205034017744654 0.20861527921960016 0.21155170517371458 0.21359396341578446 0.2144993305252693 0.21452381575848303 0.21452381575848303 0.21452381575848303 0.21452381575848303 0.21452381575848303 0.21452381575848303 0.21452381575848303 0.21454821688091222 0.21460936546492923 0.21461506646122597 0.21455800827509733 0.21452381575848303 0.21452381575848303 0.21452381575848303 0.21452381575848303 0.21452381575848303 0.21452381575848303 0.21452381575848303 0.21452381575848303 0.21452381575848303 0.21452381575848303 0.21452381575848303 0.21452381575848303
0.19659875333685253 0.19397544367740993 0.19202844728387364 0.19042916743705335 0.18947844740648945 0.1892194968041086 0.18966397229363338 0.19079183662091534 0.19255160151455863 0.19486096576256903 0.19760788513269642 0.20065215069672665 0.20382760262166225 0.20694515411567913 0.20979682782123177 0.21216100021548898 0.21380900084841206 0.21451312206280837 0.21452381575848303 0.21452381575848303 0.21452381575848303 0.21452381575848303 0.21452381575848303 0.21452381575848303 0.21452381575848303 0.21452381575848303 0.21452381575848303 0.21452381575848303 0.21452381575848303 0.21452381575848303 0.21452381575848303 0.21452381575848303 0.21452381575848303 0.21452381575848303 0.21452381575848303 0.21452381575848303 0.21452381575848303 0.21452381575848303 0.21452381575848303 0.21452381575848303 0.21452381575848303 0.21452381575848303
0.2067296379155321 0.2025641461340628 0.20053876619562447 0.1992929949534684 0.19854748091052907 0.1983438191398628 0.1986932375932457 0.1995764377088423 0.20094386939872705 0.2027164600960043 0.20478685077320824 0.20702122826172425 0.20926187884549313 0.21133061441716902 0.21303322903372712 0.21416512150091802 0.21452381575848303 0.21452381575848303 0.21452381575848303 0.21452381575848303 0.21452381575848303 0.21452381575848303 0.21452381575848303 0.21452381575848303 0.21452381575848303 0.21452381575848303 0.21452381575848303 0.21452381575848303 0.21452381575848303 0.21452381575848303 0.21452381575848303 0.21452381575848303 0.21452381575848303 0.21452381575848303 0.21452381575848303 0.21452381575848303 0.21452381575848303 0.21452381575848303 0.21452381575848303 0.21452381575848303 0.21452381575848303 0.21452381575848303
0.21495683304061977 0.20993324004680217 0.2073236995367525 0.20642115803393948 0.205885832433152 0.2057388278728738 0.20599084340834814 0.2066234921219687 0.20758962198945244 0.20881416494693228 0.21019556871116454 0.21160789679211495 0.21290370657838018 0.21391782722282038 0.21447215145488854 0.21452381575848303 0.21452381575848303 0.21452381575848303 0.21452381575848303 0.21452381575848303 0.21452381575848303 0.21452381575848303 0.21452381575848303 0.21452381575848303 0.21452381575848303 0.21452381575848303 0.21452381575848303 0.21452381575848303 0.21452381575848303 0.21452381575848303 0.21452381575848303 0.21452381575848303 0.21452381575848303 0.21452381575848303 0.21452381575848303 0.21452381575848303 0.21452381575848303 0.21452381575848303 0.21452381575848303 0.21452381575848303 0.21452381575848303 0.21452381575848303
0.22160064352538064 0.21581582953827072 0.21244604217531532 0.2114726625842348 0.2111489790753373 0.21105905894340032 0.21121294634959079 0.21159338286370583 0.21215617700237377 0.21283117702539986 0.21352389527179086 0.21411785631800703 0.21447775621733683 0.21452381575848303 0.21452381575848303 0.21452381575848303 0.21452381575848303 0.21452381575848303 0.21452381575848303 0.21452381575848303 0.21452381575848303 0.21452381575848303 0.21452381575848303 0.21452381575848303 0.21452381575848303 0.21452381575848303 0.21452381575848303 0.21452381575848303 0.21452381575848303 0.21452381575848303 0.21452381575848303 0.21452381575848303 0.21452381575848303 0.21452381575848303 0.21452381575848303 0.21452381575848303 0.21452381575848303 0.21452381575848303 0.21452381575848303 0.21452381575848303 0.21452381575848303 0.21452381575848303
0.2261706064632729 0.21970854434623013 0.215648893539799 0.21415016413712354 0.21403523305549937 0.21400166395834486 0.21405869491081397 0.21419042979921293 0.21435623715075008 0.2144918338510549 0.21452381575848303 0.21452381575848303 0.21452381575848303 0.21452381575848303 0.21452381575848303 0.21452381575848303 0.21452381575848303 0.21452381575848303 0.21452381575848303 0.21452381575848303 0.21452381575848303 0.21452381575848303 0.21452381575848303 0.21452381575848303 0.21452381575848303 0.21452381575848303 0.21452381575848303 0.21452381575848303 0.21452381575848303 0.21452381575848303 0.21452381575848303 0.21452381575848303 0.21452381575848303 0.21452381575848303 0.21452381575848303 0.21452381575848303 0.21452381575848303 0.21452381575848303 0.21452381575848303 0.21452381575848303 0.21452381575848303 0.21452381575848303
0.22958960776741064 0.2219824144916052 0.21700398092228973 0.2146879239669213 0.21452381575848303 0.21452381575848303 0.21452381575848303 0.21452381575848303 0.21452381575848303 0.21452381575848303 0.21452381575848303 0.21452381575848303 0.21452381575848303 0.21452381575848303 0.21452381575848303 0.21452381575848303 0.21452381575848303 0.21452381575848303 0.21452381575848303 0.21452381575848303 0.21452381575848303 0.21452381575848303 0.21452381575848303 0.21452381575848303 0.21452381575848303 0.21452381575848303 0.21452381575848303 0.21452381575848303 0.21452381575848303 0.21452381575848303 0.21452381575848303 0.21452381575848303 0.21452381575848303 0.21452381575848303 0.21452381575848303 0.21452381575848303 0.21452381575848303 0.21452381575848303 0.21452381575848303 0.21452381575848303 0.21452381575848303 0.21452381575848303
0.23286196654059388 0.22416952127582151 0.21824432077869851 0.2150762607202687 0.21452381575848303 0.21452381575848303 0.21452381575848303 0.21452381575848303 0.21452381575848303 0.21452381575848303 0.21452381575848303 0.21452381575848303 0.21452381575848303 0.21452381575848303 0.21452381575848303 0.21452381575848303 0.21452381575848303 0.21452381575848303 0.21452381575848303 0.21452381575848303 0.21452381575848303 0.21452381575848303 0.21452381575848303 0.21452381575848303 0.21452381575848303 0.21452381575848303 0.21452381575848303 0.21452381575848303 0.21452381575848303 0.21452381575848303 0.21452381575848303 0.21452381575848303 0.21452381575848303 0.21452381575848303 0.21452381575848303 0.21452381575848303 0.21452381575848303 0.21452381575848303 0.21452381575848303 0.21452381575848303 0.21452381575848303 0.21452381575848303
0.23577810720950337 0.2261581606721276 0.21943436677925032 0.21555709194461264 0.21452381575848303 0.21452381575848303 0.21452381575848303 0.21452381575848303 0.21452381575848303 0.21452381575848303 0.21452381575848303 0.21452381575848303 0.21452381575848303 0.21452381575848303 0.21452381575848303 0.21452381575848303 0.21452381575848303 0.21452381575848303 0.21452381575848303 0.21452381575848303 0.21452381575848303 0.21452381575848303 0.21452381575848303 0.21452381575848303 0.21452381575848303 0.21452381575848303 0.21452381575848303 0.21452381575848303 0.21452381575848303 0.21452381575848303 0.21452381575848303 0.21452381575848303 0.21452381575848303 0.21452381575848303 0.21452381575848303 0.21452381575848303 0.21452381575848303 0.21452381575848303 0.21452381575848303 0.21452381575848303 0.21452381575848303 0.21452381575848303
