_RESULTS/CROSS_VALIDATION_POSTPROCESSED_CLR/Berg/TZ/5comp/5/Berg_TZ_z_355_kriged_reverse_5comp_spherical_5.asc
ncols 100
nrows 90
xllcorner 5.6208707817415728
yllcorner 50.959635321741573
cellsize 0.00013419651685393446
nodata_value 1.7014100000000001E+038
[rows 57 to 75 of 90, columns 43 to 85 of 100]
1.2298185300298445 1.1573529922816883 1.083216880769663 1.0096032613824486 0.9387424586047631 0.8719810113889623 0.813311767394946 0.7693137562028858 0.7366137602804399 0.7082930224355394 0.6834638722023287 0.6677022770087948 0.666835859171524 0.684193378789445 0.7218758094595896 0.7808072047130995 0.8644801195179092 0.9815088652688571 1.153524411520404 1.3874860906926663 1.6504737927645707 1.9213921970627126 2.19008332975457 2.44924830740226 2.6416433326802506 2.6619467117234494 2.6569384119807893 2.632254715619381 2.588471121262818 2.5268953619445673 2.4496967114693433 2.3597179317252284 2.257690140398969 2.1441315817910693 2.021504394784931 1.8922563239600054 1.7608614163069958 1.6346938424031445 1.521331023157746 1.4238773673232807 1.3450279758081094 1.2873955829834702 1.2535175160370224
1.2477129053683695 1.1797805936355619 1.1097034300535622 1.0393695684659774 0.9704856211234989 0.9042244424341905 0.8447251295323605 0.7995315738481712 0.7642014395186938 0.7333939324602847 0.7065355227053534 0.6844175325304444 0.6762027445420301 0.6849699111849599 0.7111316691868849 0.7570478042262802 0.8232956074847966 0.9096334524963157 1.0470708612018615 1.287437580071947 1.5356237878389392 1.785189931672807 2.026705742762883 2.243449153444023 2.395177462161929 2.457968038196252 2.470691144149137 2.4566280498904223 2.4228527764611383 2.3726268361550504 2.307278741621972 2.227169276842477 2.134270194528062 2.0307162603825906 1.9187262306317476 1.8005541423871505 1.6814223947502198 1.567498882167286 1.4663174655477902 1.3809884283315645 1.3141575983576115 1.268403159808423 1.2460537380054215
1.2607203884098397 1.1983618962679983 1.1332567433769243 1.0671193270319947 1.0014585397798208 0.9374380404524048 0.8786447866378236 0.8332761324436982 0.7957568118429756 0.7630554922036903 0.7347303691551006 0.7114779171349356 0.6982394233612456 0.7021508336669133 0.7234326937767036 0.7625327887624068 0.8206977752184622 0.9031586942567461 1.0359405763096166 1.2323505498644558 1.4495112265293852 1.666730282075234 1.8721896593053882 2.0508387409875333 2.182469429602735 2.2582139770793974 2.289437351576318 2.290245198500682 2.2680340567291157 2.2269345090974024 2.169601547170561 2.098188326013028 2.0147404737633012 1.9213174856315383 1.8200097914897109 1.7131777602189666 1.606662084291471 1.505573331178467 1.4173146810848258 1.3448879608434001 1.2908910484600273 1.2570134742089942 1.2437703759285235
1.26866313391937 1.2127639338125633 1.1535118875587662 1.0925386702604656 1.0312914766218304 0.9709788219227913 0.9142845361992353 0.8689298787047302 0.8297971062308849 0.7957295308059164 0.7676105464060834 0.746250334403705 0.7322032457253543 0.7316171335100252 0.7490809641486235 0.7854453768059887 0.8430867582167482 0.927958156240669 1.0500090584263713 1.209572533014165 1.3899129762685019 1.5733706887175458 1.7458486639919908 1.8949150743539849 2.009714219982621 2.0850950436632383 2.1241261390063895 2.1337077421019695 2.1199344214223808 2.0870966430504225 2.0382421047879307 1.9757876053352925 1.9018811985193085 1.8185743792097044 1.7278898203451565 1.6328066226294986 1.5391133003716828 1.4513642753308786 1.3766627855075422 1.3173980816285993 1.2746993434298313 1.250461333338967 1.2434703555300815
1.271457608885953 1.2227811188220816 1.1701976398728493 1.1153051612511464 1.059546011654303 1.0041894833263343 0.9510068326067752 0.9052042483803208 0.8652166751465323 0.8318504312269517 0.8053305728136967 0.7860190847248074 0.7745275639531934 0.7720226266649055 0.7854529928606632 0.8184799202151675 0.8731565479014899 0.9528380316355967 1.0603810294335847 1.1933406493995906 1.3421713388454746 1.4944301989054893 1.638659333514261 1.76500364301658 1.8651791126028845 1.9351052918216245 1.975471083297434 1.99011686527186 1.9830262902727513 1.9576736948628253 1.916919650641915 1.8631741782563775 1.798588147456778 1.7251832050564222 1.6449219447606578 1.562117065552088 1.4812717747001307 1.4065578878467022 1.3439479758690227 1.2955815038487986 1.2634799863908954 1.247848581494084 1.2434135601960978
1.26904037022013 1.228237988757586 1.1830471484868388 1.1350544443895543 1.0857184525081807 1.0363686268380947 0.9877902928453685 0.9422462745375088 0.9033912970256075 0.8713805019278519 0.846475518296322 0.8290987426099677 0.819892893039379 0.8197939842777403 0.8303588859095813 0.8582036031557319 0.9066323474526954 0.9768260637013074 1.0687380481188278 1.1792447064347422 1.3015901462148756 1.4269103380475707 1.5469330699943655 1.6536891609225588 1.7408427564784936 1.8048361403016027 1.8450337830587484 1.8629447868293556 1.8610947186796634 1.8421956202225878 1.808772576987486 1.7630849823752146 1.7071641329277778 1.6428714018646533 1.5723669197166938 1.50077305657024 1.4307212832332954 1.3677322394939588 1.3167237056862287 1.2797712631456772 1.2574928770692546 1.2455766520936304 1.2434135601960978
1.2617573031649116 1.22893757565106 1.1917606674841241 1.1514613443808548 1.1098278141739637 1.0684627234657766 1.0255852030037726 0.981522874783379 0.9438777200453539 0.9131747239074559 0.8897203065931387 0.8739524598102562 0.8664832889599879 0.8681406424481043 0.8799988556980292 0.9034018862557521 0.9432144133705739 1.0018924521322807 1.0781555505860376 1.168812346395076 1.2685856813348197 1.3712349297610156 1.4705519435539043 1.5601598804151875 1.6350291429920318 1.6920058403930358 1.729898736761653 1.7491106955219538 1.7510399109394303 1.737539345666986 1.7105742215214033 1.6720619217483987 1.6238218232918573 1.5675737088020911 1.5068692289683818 1.4458766853635574 1.3867505743258073 1.3358870214102907 1.2968936793045418 1.2700419159778902 1.2521932633556672 1.2439169550492437 1.2434135601960978
1.2513065899666291 1.226026859471084 1.198141917728634 1.1671588432226763 1.134735927592103 1.101359153348148 1.0635168033501947 1.0223029678733684 0.9857774913853472 0.9562079608936029 0.9339087519744028 0.9192914979489755 0.9128876857199091 0.9153596822287685 0.9274850406520372 0.9500836017748504 0.9838394026296249 1.0302799090975494 1.0913199380166752 1.1640705905441917 1.2443276972129949 1.3277959632757985 1.4092700569078003 1.4837444410400966 1.547148725879472 1.596701201404447 1.6309949205061782 1.6498235949927254 1.6538528505597858 1.6442768670231538 1.6225529225310917 1.5902359429236137 1.5488922139343844 1.5006281275007267 1.450056292652868 1.3994215497004836 1.3516319191116932 1.3131065480547077 1.2832694348296594 1.261156065048307 1.2476116497036713 1.2434135601960978 1.2434135601960978
1.2421109947550437 1.2236406950916396 1.2046114443079714 1.1833759726345916 1.1603550239164142 1.1328086099611157 1.100319215160717 1.0638455145109769 1.028295441175489 0.9995992335994683 0.9780834787728883 0.9641032110867723 0.9580811240473236 0.9604970330299532 0.9718484828763265 0.992563961947025 1.0228497397592429 1.0624687923535507 1.1105039534332934 1.1669098904325157 1.2303532064704017 1.2971533170599316 1.3630526219784194 1.4240585267729693 1.4768278929854608 1.5189216380002866 1.5488908516310125 1.5662017662215975 1.5710533681490002 1.5641609740094677 1.5465637001553039 1.51948202337856 1.4843087030781894 1.4448854813350622 1.404015429638435 1.3634144811678417 1.3264569585107953 1.2951827982576205 1.270486916301978 1.253284788652373 1.2444437198012661 1.2434135601960978 1.2434135601960978
1.2353595113757292 1.2228381727368727 1.211434543394119 1.1998119937754723 1.1836828386326912 1.1616850788975026 1.134768211137498 1.1039013896096945 1.0707470004501383 1.042616407335278 1.0214831422862993 1.0076289927284483 1.0013596359073125 1.0029824089853219 1.0127597827761705 1.030829701182712 1.0570886316860968 1.0910473402175374 1.1316926199322486 1.1778193579004483 1.2278965100635095 1.2799902336464077 1.3320985078495808 1.3810047293619334 1.423924059167413 1.4587220728324788 1.4839944680541968 1.4990428432965497 1.503774583141246 1.498567163798802 1.4841329016565838 1.4614058371827987 1.4331164470559337 1.4023554581152133 1.3695593027225348 1.3351665060650044 1.3041373695811866 1.2784936605864081 1.25921764741992 1.2472365170901047 1.2434135601960978 1.2434135601960978 1.2434135601960978
1.2317103843113966 1.2242532007880809 1.2201113559311214 1.2137858293022823 1.2031455726172253 1.1868683774657627 1.1656611420794252 1.1404887967041786 1.1123421098962525 1.0846663450363565 1.0635197153702514 1.0493192010591943 1.0422588363178051 1.0424969335995948 1.050111639708035 1.0650355725510074 1.0869715181440813 1.1153003660158514 1.1492935661873027 1.1881406940130539 1.2301298955466706 1.2732451863229424 1.3153488696268139 1.3543714272450147 1.3884846084891311 1.416261064861703 1.4366807090034093 1.4489909466653066 1.4529215888519043 1.4486116491463357 1.4362793421592106 1.4173710352535531 1.3942147698895675 1.367583300089268 1.3382045014754678 1.3089520800625567 1.2838702183459993 1.2640151889698006 1.2503644645286869 1.2438468800927984 1.2434135601960978 1.2434135601960978 1.2434135601960978
1.2317941961244032 1.2291940503792762 1.2281228533166395 1.2249741698699432 1.21795581146526 1.207252993346997 1.1918277018543475 1.1723720023643789 1.1498528826232848 1.1252768438528078 1.1037475934508887 1.0887840592490328 1.0804813539476177 1.0788762001588408 1.0839085797781893 1.0953712312691617 1.1128508360553107 1.1359517883987844 1.1642254165098467 1.1964996573281699 1.2313120852818649 1.2669977197366296 1.3018059484227147 1.3340320658818297 1.3621392825095444 1.3848506861982544 1.4011991421358032 1.410533588060054 1.4124894597774431 1.4069364959836275 1.395048712496265 1.3786191783133988 1.3582755094326917 1.334662823181646 1.309005404595422 1.2857872060669282 1.2666887109405998 1.2527173411556098 1.244835873064412 1.2434135601960978 1.2434135601960978 1.2434135601960978 1.2434135601960978
1.2343230497789877 1.2347437969065558 1.2339449964277536 1.2331709401364983 1.2294013766463903 1.2222447173342883 1.2121356613023362 1.1983717047009093 1.1813988026323516 1.162160663983693 1.141832318458004 1.1257500819163284 1.1158406489131008 1.1120454409872333 1.1142043568340902 1.1220215506357647 1.1353906579564543 1.1539540784170796 1.1769003279449903 1.2031809992038311 1.2315418166842407 1.260583646573479 1.2888461266792648 1.3149008652341325 1.3374390170979225 1.3553399116667255 1.367712357551723 1.373906586184507 1.3735343212372084 1.3677342798099115 1.3574363503622628 1.3430768664370016 1.3251618435736248 1.304290503008333 1.2839559900518187 1.266722081270474 1.2535967398068895 1.2455545901671081 1.2434135601960978 1.2434135601960978 1.2434135601960978 1.2434135601960978 1.2434135601960978
1.2337203429139088 1.2389284469872734 1.2384555614994146 1.2381217888677414 1.2373394317523252 1.2334462941612903 1.2266243054357637 1.2173906018167677 1.205830109258711 1.1917889328944118 1.1761285202664076 1.1600251985009515 1.1482206537697557 1.1419783000777617 1.141153337315532 1.1457725577001856 1.1554700875388189 1.1696744089264768 1.1876286330723973 1.2083968921834258 1.230891109401655 1.2539174733283744 1.2762376128158441 1.2966360797942502 1.313984385312789 1.3272928281042256 1.335744264090661 1.3390641349476646 1.338073361067638 1.3329336916895682 1.323874155867089 1.3112287478554836 1.2954056913346892 1.2786522170064452 1.2641089859667998 1.2527604572015556 1.245565173830408 1.2434135601960978 1.2434135601960978 1.2434135601960978 1.2434135601960978 1.2434135601960978 1.2434135601960978
1.2295718056037177 1.2400500733545068 1.2415669012345487 1.2413695770604138 1.2413147110161555 1.2405612613215786 1.2369479780598651 1.2308243751947627 1.2226933534933784 1.2130567155259686 1.202080342790639 1.1899475625646228 1.1775903401635122 1.1690559477931268 1.165720392180624 1.167297576259351 1.1733730145676344 1.1833904800936517 1.1966479920596527 1.2123063497598536 1.2294117838750944 1.2469318570231658 1.2638011173817139 1.2789709627805084 1.2914573153427515 1.3005540237205775 1.3063837423585942 1.308754148423304 1.3075572553589514 1.3028276169244788 1.294721499023324 1.2834931384640422 1.2706933282534125 1.259353396434519 1.2504386151225115 1.2448617303790832 1.2434135601960978 1.2434135601960978 1.2434135601960978 1.2434135601960978 1.2434135601960978 1.2434135601960978 1.2434135601960978
1.2226157509758901 1.237945672731099 1.243188632787101 1.2431194671772499 1.2430992384874862 1.2431336035441878 1.2425576457526035 1.2395121963262237 1.2343173874184628 1.2274568313542866 1.2195035163701269 1.2110020763138678 1.2024620934351122 1.1941946050386576 1.1882899748884195 1.1868041741676116 1.1893260921436988 1.1953217897007449 1.2041415967623763 1.2150291724002658 1.2271405054771187 1.2395720031481 1.2514240950614552 1.2621502622299527 1.2711941295459626 1.2780430636600644 1.2823085121332982 1.283733735140634 1.2821924561492246 1.2776799210186183 1.2702985680678713 1.2613753109271897 1.2534331554258413 1.2473183343938516 1.2438706882487045 1.2434135601960978 1.2434135601960978 1.2434135601960978 1.2434135601960978 1.2434135601960978 1.2434135601960978 1.2434135601960978 1.2434135601960978
1.2140422771882813 1.2335388802837461 1.242756769477247 1.2434135601960978 1.2434135601960978 1.2434135601960978 1.2434135601960978 1.2431642107154246 1.241072324004054 1.2372647623186288 1.232234838806322 1.2264659209567141 1.220423092198332 1.214542969079126 1.2092219470215786 1.2049815488912827 1.2038825065538707 1.2059841758430654 1.2106737478051321 1.2172996952234065 1.2251867514059938 1.2336560891250974 1.242049071164136 1.249752217432208 1.2562207223260642 1.26099804215043 1.2637297028192485 1.2641703881348054 1.2621843401838182 1.2577450496698275 1.252382501828352 1.2477343114604462 1.2444999854257082 1.2434135601960978 1.2434135601960978 1.2434135601960978 1.2434135601960978 1.2434135601960978 1.2434135601960978 1.2434135601960978 1.2434135601960978 1.2434135601960978 1.2434135601960978
1.2056102225781078 1.2286413487033374 1.24120450638838 1.2434135601960978 1.2434135601960978 1.2434135601960978 1.2434135601960978 1.2434135601960978 1.2434135601960978 1.2425794842165083 1.2403577379538127 1.2371938472434927 1.2335120113925715 1.2297063047635013 1.2261309261360578 1.2230899673871314 1.2208274244797168 1.2195924715476385 1.2204785936256533 1.2233521867492945 1.2276062687430631 1.2326365993324848 1.2378602302103157 1.2427347974415177 1.246776709433451 1.24957650234498 1.2508100374621913 1.2502448057839541 1.248012178023891 1.2456875294519012 1.2439687097850862 1.2434135601960978 1.2434135601960978 1.2434135601960978 1.2434135601960978 1.2434135601960978 1.2434135601960978 1.2434135601960978 1.2434135601960978 1.2434135601960978 1.2434135601960978 1.2434135601960978 1.2434135601960978
1.1980119421990607 1.2239676118220926 1.239286272800395 1.2434135601960978 1.2434135601960978 1.2434135601960978 1.2434135601960978 1.2434135601960978 1.2434135601960978 1.2434135601960978 1.243402273176292 1.2427297431931517 1.24129185967234 1.239446286014739 1.2375117972479157 1.2357599982129148 1.2344074143170485 1.233608588010616 1.2334508112215443 1.2339510206269682 1.235055981781471 1.2368509115728334 1.2390958000439567 1.2413066135403423 1.2430503959679546 1.2439574495421692 1.2438243556490425 1.2434927899595742 1.2434135601960978 1.2434135601960978 1.2434135601960978 1.2434135601960978 1.2434135601960978 1.2434135601960978 1.2434135601960978 1.2434135601960978 1.2434135601960978 1.2434135601960978 1.2434135601960978 1.2434135601960978 1.2434135601960978 1.2434135601960978 1.2434135601960978
