_RESULTS/CROSS_VALIDATION_POSTPROCESSED_CLR/Berg/TZ/5comp/5/Berg_TZ_z_710_kriged_reverse_5comp_spherical_5.asc
ncols 100
nrows 90
xllcorner 5.6208707817415728
yllcorner 50.959635321741573
cellsize 0.00013419651685393446
nodata_value 1.7014100000000001E+038
[rows 19 to 37 of 90, columns 42 to 83 of 100]
-2.3670160890322682 -2.3560358912541486 -2.3330729360273557 -2.307786683152991 -2.2909571506822255 -2.281637135831154 -2.27619192556827 -2.270920353119169 -2.2605787450784707 -2.2397391392499535 -2.2038091828680377 -2.1496917962705844 -2.0761211471920555 -1.9843884654101827 -1.881696011383673 -1.7727508691837317 -1.663210158780284 -1.5615700530728935 -1.476969812133881 -1.4140366095280301 -1.3691397680275366 -1.3485411829802014 -1.3679605615879094 -1.4542208834377286 -1.5875292054274266 -1.742361891394251 -1.9064023461042534 -2.0714346196137363 -2.231792269942785 -2.383172772162147 -2.522035519837527 -2.645301455308603 -2.750192704996627 -2.8339664475783968 -2.8920334829493335 -2.9317376823160317 -2.963049331893031 -2.98577248103101 -2.9997399019170694 -3.0048167576924443 -3.000902310737889 -2.9888033095698074
-1.9571516599621404 -1.9617552492311194 -1.98290429797565 -2.015465873947183 -2.0569779483616273 -2.101597191812285 -2.144857423139767 -2.1824456862623065 -2.2082284539738124 -2.2158554027361195 -2.200090972096984 -2.157636354795857 -2.087515519329118 -1.993692288110786 -1.8850548901641127 -1.766291523779878 -1.6455756374624366 -1.533944450801877 -1.4390654070524858 -1.3625769724783623 -1.2983239925750447 -1.2554688946858394 -1.246017152703933 -1.3082019633682433 -1.4471455349651028 -1.6230049254947896 -1.8049017828509493 -1.9856278320515623 -2.1602187470816725 -2.324757171101944 -2.4759246982052163 -2.6107856457351715 -2.726665105467999 -2.8198685718995216 -2.886159645227047 -2.926506367859631 -2.955952640928968 -2.9767203337224033 -2.9886436884537164 -2.9915914489403166 -2.9854710228959322 -2.9715349620284988
-1.599934554577515 -1.6130052322295447 -1.679925103065047 -1.7675709210099724 -1.8638090066534754 -1.9620473367892148 -2.0567460160865485 -2.1416944920718963 -2.2083898742812966 -2.248511163463961 -2.2556216854111093 -2.22600324157772 -2.1589609378304244 -2.0610645785800674 -1.9442324538962936 -1.8136648086009686 -1.6810661974912366 -1.5575214303410974 -1.4517759282876355 -1.3608367304047337 -1.278581269180488 -1.2140754976897874 -1.1695658294677145 -1.2114166897839196 -1.3434322940958652 -1.5211343027027424 -1.7187711849280944 -1.9129694833614206 -2.0996655420809875 -2.2753438539718625 -2.4368981537518732 -2.5815240540186633 -2.7064740984969853 -2.806898440905209 -2.8799068859510704 -2.923773370536666 -2.9508068019987808 -2.9691037897793153 -2.9784868198601777 -2.9788152635965353 -2.9700277440727882 -2.9540006215096715
-1.3009639801413146 -1.3231732970484886 -1.4506142688332286 -1.584950051790804 -1.7259438382995322 -1.8737546017680935 -2.0212668708075947 -2.15771576239076 -2.269818937414949 -2.3459420607705224 -2.3779048102329776 -2.3614038702942874 -2.296650790623433 -2.1937587882568277 -2.0638319055886587 -1.9187828966805132 -1.7701583918281147 -1.6314942488817268 -1.5138983570814613 -1.4078609803129747 -1.3129386321082477 -1.2386090981594309 -1.1907106345878997 -1.2095895375884362 -1.3089145844063403 -1.4585361570033246 -1.652583767322963 -1.8567626406829132 -2.0527827603486832 -2.2371814523190365 -2.406922057362319 -2.5592657980872335 -2.6908253536298767 -2.7967487717301243 -2.874867411480738 -2.923290954538636 -2.9478550196780167 -2.9632113696195996 -2.9696049108131897 -2.9668719729465365 -2.9551960119276193 -2.9367531399401234
-1.180261357129468 -1.203144844409655 -1.339102178069329 -1.486127079102498 -1.6524206008633027 -1.843317405761109 -2.0462928711461563 -2.239752913720271 -2.4020598876090618 -2.5172335805741484 -2.5756476208919636 -2.572729136370428 -2.509596000271713 -2.398018851673969 -2.2512025346098827 -2.084587802887416 -1.9126734314648004 -1.7536547670338722 -1.6199973613702419 -1.5010222649754656 -1.4007956223347597 -1.3266067967451047 -1.2824424336758982 -1.2807614496580317 -1.340138544545998 -1.453466828464451 -1.6154500152347722 -1.8189506374722135 -2.0213541740628753 -2.2118852392369566 -2.387456590104617 -2.5453334777247543 -2.681113885779815 -2.790766351707298 -2.8723218259771244 -2.923903516690044 -2.9472086672177342 -2.959220962063846 -2.962243815697671 -2.956077633249167 -2.9415064643232536 -2.9203735461175473
-1.2576885623924507 -1.2714212073992401 -1.3532680324673874 -1.4738630939744939 -1.6418348865427275 -1.8722359134532363 -2.1396950532685675 -2.3988915260244665 -2.616725121726233 -2.7738923895225716 -2.859636563701707 -2.8690131166927455 -2.805739835421535 -2.683044103621324 -2.5133049489314505 -2.3144683892170113 -2.111485759191534 -1.9303826687089993 -1.7820674845313322 -1.658641233727938 -1.5609624927328907 -1.4893749075859926 -1.4419435170493904 -1.4216256752637755 -1.447469919176071 -1.5228258732440705 -1.6456251374285296 -1.8162237413160023 -2.013709102915195 -2.202040210644668 -2.379426636326273 -2.5404604397222705 -2.6783522226048198 -2.7899251750727307 -2.8732140486149818 -2.9263431430585105 -2.9488461961242503 -2.9571955394866327 -2.9565523730547025 -2.9467481788001337 -2.9294449716786075 -2.905503187916547
-1.4051774688110479 -1.418290477912241 -1.4660307690818326 -1.5430603971715373 -1.6847229842388718 -1.9640111242393348 -2.3182635942705505 -2.6524728964751345 -2.9277556244380674 -3.1263726439691393 -3.23804927859573 -3.2586761863127536 -3.195918607415454 -3.0581866129110313 -2.8629511385300734 -2.6316339098933783 -2.3907782012739114 -2.1750955324389234 -2.006838359709027 -1.8852243210489361 -1.7952281469905893 -1.7254604703967626 -1.6703247122249407 -1.630492151250192 -1.625416364815314 -1.6641685878969787 -1.7475641701548812 -1.8773092378098337 -2.053259909825427 -2.232091024050831 -2.3986708917986546 -2.551616764568954 -2.68732838723166 -2.7982532954245047 -2.8802621924163154 -2.9319546778895207 -2.9526200343076803 -2.9570788584031744 -2.9525696284796177 -2.939496613674111 -2.9194488689891185 -2.8928170426733826
-1.6167351735976396 -1.641996729631541 -1.6817092493091053 -1.7250254207913387 -1.7777103196723756 -2.1581115196169165 -2.6178442201231187 -3.019761442044546 -3.345318080743793 -3.5813989710281082 -3.7183002707046344 -3.752395142398701 -3.690392162066261 -3.546275971733463 -3.330861957239049 -3.060534033040467 -2.761877253481373 -2.476300123231365 -2.287996148620889 -2.185441548764204 -2.1080169511486346 -2.036258203956105 -1.967476901564543 -1.9042936319467596 -1.867552895876706 -1.8712721344000471 -1.919588662591741 -2.014124265670641 -2.1571267827341916 -2.3261643275316954 -2.4806897699137878 -2.6186590184779854 -2.737008042578159 -2.8359678216591395 -2.9128887078819714 -2.958473085657455 -2.971327518047254 -2.965452773811309 -2.9522840436317153 -2.934601413526628 -2.9118700328203126 -2.8829706235753907
-1.8872408899778663 -1.9429580932992978 -2.0130303068158915 -2.097893753589891 -2.2396290834936896 -2.608800485935844 -3.0769433960274086 -3.510173848933746 -3.872688823880102 -4.142984694532542 -4.305106485455039 -4.359086745571031 -4.31055718379264 -4.162997784411286 -3.9275873446315486 -3.620438685651817 -3.2547106145864695 -2.841082672483927 -2.6503750159242494 -2.588602737761754 -2.5123484638932805 -2.4252025725789896 -2.3323781976234486 -2.2416459132548114 -2.178213895349383 -2.153644411938311 -2.1702306295501135 -2.2303336246685577 -2.336684752656783 -2.48479577958465 -2.624551146863563 -2.7449624697904396 -2.843270732345178 -2.9200296554856577 -2.9763994728885708 -3.012022745353332 -3.0155574447205193 -2.9981147861172506 -2.9732323887344694 -2.9433083519538576 -2.9098719280433283 -2.876536169600367
-2.2007796657611323 -2.301702826953955 -2.430133308952988 -2.600320327612697 -2.849793633872421 -3.218552418204694 -3.6640361446023095 -4.107814420414338 -4.499429474782981 -4.803083315877975 -5.00304991514626 -5.090578387420816 -5.055942395253524 -4.904096355072502 -4.652093332348182 -4.321213870481782 -3.925618121613979 -3.51359595788534 -3.263715255455087 -3.135671154969821 -3.015739787457118 -2.8908432013939303 -2.7681255206851736 -2.651202889787057 -2.560661347495348 -2.5063510051570344 -2.4906915660619897 -2.5162924016795123 -2.5861234510604407 -2.7029266279749704 -2.8252230027745053 -2.925605257739501 -3.001583557895001 -3.05395622935895 -3.0840866890790375 -3.0936923876677573 -3.0831597925721868 -3.054341273423974 -3.0179346759697356 -2.9755136287229167 -2.928860460528507 -2.883226667358635
-2.538946370846833 -2.690706578568247 -2.883157207789802 -3.1296488654533747 -3.448495811692246 -3.8478496703776184 -4.304255142364906 -4.769384112394137 -5.196439261189715 -5.552281500494818 -5.8106615977697 -5.936842769993768 -5.9146020787304865 -5.753586155950245 -5.481984133424306 -5.126018676978436 -4.72556403327806 -4.337119046895091 -4.024049067548689 -3.7920047714500686 -3.6006449946021455 -3.430786528938712 -3.272453550831147 -3.1236783169894204 -3.0036058236501324 -2.918599981517373 -2.8705671406783564 -2.8619700023754504 -2.8957974925627896 -2.9755512629168757 -3.077111455730845 -3.155107700248479 -3.206562327694774 -3.2324546720737595 -3.234358463623728 -3.214208021715663 -3.1747740330249354 -3.1325635835718084 -3.084299961442118 -3.029121093459711 -2.9698627831883884 -2.9122189335650934
-2.8767984206401014 -3.0794372796218683 -3.330988856238636 -3.6400817739311786 -4.014551473036391 -4.453794506341239 -4.941627078689288 -5.445448067670904 -5.930917700195493 -6.370471167628072 -6.70720546889167 -6.882297944265103 -6.867125504529888 -6.6807844659494595 -6.365558415580448 -5.973952229555312 -5.554165512793269 -5.148195711048289 -4.7864558362008465 -4.4862066094349675 -4.238536181210927 -4.022816813556036 -3.825624462049242 -3.643689145985782 -3.493846238676157 -3.378492968340622 -3.298885620329971 -3.2572610487839455 -3.2561401290492173 -3.2990114769179675 -3.374035523977422 -3.427421728441679 -3.452298439249327 -3.449742645761088 -3.421541240739369 -3.3702039278961498 -3.3000817016833612 -3.231493949697786 -3.1700088818622776 -3.1018031946439146 -3.0308479402697204 -2.9613836163117733
-3.1896153547778607 -3.442043261640948 -3.745836795576305 -4.106820021263581 -4.528535546978058 -5.008621020149169 -5.535771597337252 -6.0923901081051355 -6.665654201017002 -7.213845947702689 -7.6626152608622276 -7.908518075464956 -7.88287043398517 -7.62870517832827 -7.2441680091785035 -6.8024813343049395 -6.34945777745031 -5.913168344940747 -5.516755990526186 -5.179843188620644 -4.89194265883966 -4.6380816894763806 -4.4073100840313115 -4.201283255328347 -4.0311106763810285 -3.8944011618048417 -3.790402072839648 -3.720092292394394 -3.685837420307973 -3.6911607490188985 -3.731107157062046 -3.7509672574996946 -3.7402642574386213 -3.7017585723527895 -3.639993884406282 -3.5569784122002224 -3.455575236040683 -3.357721277583165 -3.2725010558534637 -3.191858975372979 -3.1094321939975025 -3.0282285611938775
-3.4638092637342988 -3.762101576550388 -4.110216383150293 -4.513089373704123 -4.972979958793261 -5.488221965181218 -6.054468612754863 -6.672719671415753 -7.337498724730532 -8.013161306717993 -8.627168355979254 -8.988844806823831 -8.899868283570854 -8.520809626101158 -8.04633003228002 -7.5512488351275175 -7.065811405708603 -6.606313189507579 -6.198134342502435 -5.842903610639151 -5.536550138949883 -5.269171139291979 -5.026728064613657 -4.812635142354538 -4.630818202045933 -4.477810741176104 -4.352631600516156 -4.256246534133104 -4.191115347758473 -4.1608848052779015 -4.164186418135131 -4.147369397369951 -4.095981490779692 -4.013435424642918 -3.9046428935034583 -3.775144798312982 -3.6360300403925208 -3.508586108318162 -3.393766508836211 -3.2970632034438045 -3.202943830566059 -3.1099486279794686
-3.695193839067168 -4.030981766166995 -4.413703675495768 -4.847506493796788 -5.335023228748593 -5.8773474327172215 -6.474130693551151 -7.140531425097046 -7.870596233270424 -8.646409879631488 -9.4422703034071 -10.090395389928442 -9.772020285445182 -9.2292032431749 -8.686853571986552 -8.163356869525966 -7.665248318752152 -7.211272752850231 -6.813023354749798 -6.473073541083904 -6.17941789089816 -5.917873743881283 -5.677174589404132 -5.464808979877258 -5.278142802860691 -5.113893399248955 -4.97145016268819 -4.852215191737351 -4.759019931889819 -4.695758953904761 -4.662585947808505 -4.607442755090141 -4.514601358722841 -4.386567031664047 -4.228553724133267 -4.04670759301096 -3.8580084950118314 -3.683986020555544 -3.535854183106256 -3.4147282788813436 -3.3084437022319175 -3.20348487595981
-3.8820714901231335 -4.2447421441848 -4.651646990411694 -5.107033081018898 -5.612381149022137 -6.1669511813188445 -6.7787744670731716 -7.45748788546975 -8.191882158320393 -8.966180451686945 -9.744644301659578 -10.319064929024853 -10.098908117248058 -9.608100500203676 -9.097605050623793 -8.598656022438933 -8.12978077112528 -7.719920794762992 -7.3698271896225895 -7.06953778835895 -6.806251812167876 -6.565771909065461 -6.343062103486304 -6.142534912384447 -5.95845410164619 -5.788427339122129 -5.632958420103211 -5.494466736107477 -5.3765821879446865 -5.283827564106735 -5.216457496481372 -5.122072104155345 -4.986214054919409 -4.810771258393792 -4.601426067477678 -4.3659517404787636 -4.128066880728727 -3.9046073564582624 -3.7073524276931566 -3.546440673788374 -3.422741135614459 -3.305575387877246
-4.024370047569716 -4.403758251868789 -4.826006901503935 -5.290619415552149 -5.7969413361775946 -6.34309688793213 -6.945243299726545 -7.600147231865549 -8.289046931454088 -8.97830858422481 -9.593629167398284 -9.968635423743443 -9.95214735593085 -9.664852573503946 -9.273117976629234 -8.853684298508444 -8.47130022641549 -8.141579039239009 -7.860173429202513 -7.618073987338728 -7.402410785810724 -7.199597863485776 -7.011537082276384 -6.832967255473891 -6.658693952416105 -6.488147478267399 -6.324021472482814 -6.170577783919785 -6.032495784583874 -5.914493657400961 -5.814964873883126 -5.680334446376008 -5.499774115765649 -5.275202084098501 -5.012459156921122 -4.724657693465193 -4.4378786691201135 -4.165504325740323 -3.918646021057388 -3.7081055452233906 -3.5441394897826624 -3.4127873976073055
-4.1096167148429075 -4.491920350382112 -4.91771933671513 -5.378629506645462 -5.872330677943676 -6.39948118744657 -6.9754542053383135 -7.587004171387753 -8.208981780176021 -8.800317806270813 -9.293850857792265 -9.600684320604682 -9.665510995967356 -9.525346951734157 -9.263798125237265 -8.97109842788344 -8.702895781199482 -8.470526496876923 -8.274518968640502 -8.107624681736436 -7.956760236058616 -7.813802138632553 -7.674510517913063 -7.527432711328702 -7.3689736931087895 -7.201905108032441 -7.032580303128082 -6.867915214169499 -6.713822156083138 -6.575096146442008 -6.445504731373591 -6.2704893167556195 -6.0438337966743445 -5.7685898620694935 -5.450738414362688 -5.1144359647679245 -4.778991620387572 -4.4568532628860975 -4.160107970343628 -3.9002311801969767 -3.688024140867729 -3.523310162447033
-4.130809947016795 -4.501767829801347 -4.919348193212217 -5.367321786674754 -5.8394725300960975 -6.34077520151304 -6.881087167486992 -7.442358894064773 -7.998053799317175 -8.510645303535542 -8.931212501679678 -9.208855414986328 -9.315900840524165 -9.269576800878312 -9.132581101060312 -8.971875633306812 -8.821643867713249 -8.694877225787142 -8.595570134194865 -8.517886033922185 -8.451260443695551 -8.390323831767276 -8.315803151388845 -8.212083384511363 -8.076004823827734 -7.915585199196182 -7.743157449201332 -7.570876934765047 -7.405846952927263 -7.25225359350799 -7.094739051390999 -6.880393116586194 -6.607066371837419 -6.2795759810844345 -5.911020994080914 -5.52652877316573 -5.140913838707969 -4.768195529052852 -4.4215166280216485 -4.112970650377855 -3.8536644415240824 -3.649072423817449
