_KRIGING/CROSS_VALIDATION_CLASSIC/MHZ/GZ/train_2/MHZ_GZ_2_train_z_250.asc
ncols 100
nrows 90
xllcorner  5.6208707817415728
yllcorner 50.959635321741573
cellsize 0.00013419651685393446
nodata_value 1.7014100000000001E+038
[rows 0 to 19 of 74, columns 46 to 91 of 100]
28.5939070462181 28.6809012809311 28.7413421984714 28.7661025817604 28.7493113241812 28.688987132928 28.5871570363242 28.4494586931556 28.2843135961178 28.1018250598218 27.9125878606689 27.7265912737166 27.5523586300124 27.3964060916215 27.2630363714106 27.1544243335826 27.0709115388111 27.0114106848591 26.9738273635132 26.9554297893178 26.9531288898682 26.9636629482672 26.9837060573311 27.0099338735221 27.0390824271925 27.0680276215465 27.0938980798247 27.1142167616484 27.1270518672301 27.1311486437915 27.1260127804933 27.1119230517587 27.08986372345 27.0613825878705 27.0283945139651 26.9929598226624 26.9570697274549 26.9224673710137 26.8905241143553 26.8621792289663 26.8379398113107 26.8179289132401 26.8019649102777 26.7896542297373 26.7804819965717 26.7738896302755
29.1005563377214 29.20108408673 29.270241499912 29.2962315815579 29.2713354636271 29.1927476470583 29.062749116391 28.8882190686387 28.6795978588003 28.4494979941391 28.2112010626105 27.9772712248873 27.7584663510225 27.563050942625 27.3965299930615 27.2617485343058 27.1592513915555 27.0877777487142 27.0447740264222 27.0268388756266 27.0300552052618 27.0502052062785 27.0828964346387 27.1236447213747 27.16796142786 27.2114803887983 27.2501385463883 27.2804000546495 27.2994929223958 27.3056152189706 27.2980672941318 27.2772772418441 27.2447060367365 27.2026414735541 27.1539106697845 27.1015546910951 27.0485130717638 26.9973604378808 26.9501242877346 26.9081959817735 26.8723302810153 26.8427157759685 26.8190912461656 26.800881690438 26.7873313735214 26.777617826196
29.6773544732405 29.787971355333 29.8630162817249 29.8875753878925 29.8517112052669 29.7515397013807 29.5894760448525 29.3736527359299 29.1166523762989 28.8338009170055 28.5413169607532 28.2546026623459 27.9868996710937 27.7484379272626 27.5460998835718 27.383530875083 27.2615646877408 27.1788094612966 27.132251059411 27.1177697251139 27.1305179592274 27.1651593687061 27.2160083964736 27.2771322735958 27.3424770951821 27.4060621849968 27.462257155304 27.506122721556 27.5337681190266 27.5426619920775 27.5318337809563 27.5019187292937 27.4550275253956 27.3944542912657 27.3242662199505 27.248837865663 27.1723990019893 27.0986568423203 27.0305344282553 26.9700425201587 26.9182783132935 26.8755256686091 26.8414211135417 26.8151480543125 26.7956268507859 26.7816778664463
30.3118882097993 30.4266106560259 30.5028267727254 30.522089888622 30.471869310984 30.3469094641604 30.149569270053 29.8891497734757 29.5803857332042 29.2414010752097 28.8914867316178 28.5490458495833 28.2299753005795 27.9466363680092 27.7074403091287 27.5169638813876 27.3764361088141 27.2844096954351 27.2374463427964 27.2306935932253 27.2582954838006 27.3136432810166 27.3895216883724 27.4782311358309 27.5717652125615 27.6620971808531 27.7415889174731 27.8034906777526 27.8424624188763 27.8550266376988 27.8398640652653 27.7978868366515 27.7320631734056 27.647013501537 27.5484392821674 27.4424732593891 27.3350479185021 27.2313674092948 27.1355414865444 27.0504057098059 26.9775185514156 26.9173000535599 26.8692621776398 26.832278551737 26.8048486736486 26.7853248627005
30.9848289938064 31.0949380116599 31.1655950288958 31.1744704824767 31.1060858675706 30.953492611532 30.7187282523712 30.4120640182806 30.0502560131025 29.6541574131918 29.2461162946195 28.8475658765361 28.4771229282738 28.149372556864 27.8743675699707 27.6577406569941 27.5012415130662 27.4034795362174 27.3606732407642 27.3672667571795 27.4163523349881 27.4999151065121 27.6089751135986 27.7337304367221 27.8638004424613 27.9886335493018 28.0980897765291 28.1831490308702 28.236646846994 28.2539127951053 28.233190031193 28.1757470907587 28.0856472462186 27.9692034700749 27.8342033737148 27.6890257012961 27.5417807434777 27.3995910669456 27.2680923715872 27.1511874287978 27.0510402868337 26.96826260219 26.9022243788546 26.8514182579266 26.8138166386205 26.7871789578162
31.6704539256156 31.7646230850866 31.8210953205267 31.8134097843332 31.7228336283557 31.5403924804511 31.2674676274259 30.9149820079959 30.5014256439294 30.0501367347925 29.5863295629533 29.1343374341744 28.7154323401888 28.346423833076 28.0390668370081 27.8001591345769 27.6321113209675 27.5337375402555 27.5010413109025 27.527841807419 27.6061794056124 27.7265308279187 27.8779329428236 28.0481463034363 28.2239800266742 28.3918532094851 28.5385975162825 28.6524290048414 28.7239542231159 28.7470424779718 28.7194020812184 28.642742754371 28.5224789669606 28.3670125027635 28.1867073058964 27.992718844531 27.7958542273335 27.6056177668997 27.4295478436265 27.2728885844604 27.1385791598152 27.0274968190958 26.9388641147116 26.870726918556 26.8204235099922 26.7849889983913
32.3379785001086 32.4028021452544 32.4349882077385 32.403831087609 32.2871152681981 32.0735202309536 31.7633822037326 31.3678448076851 30.9066881697477 30.4053102935418 29.8914156473148 29.3919371832626 28.9305960819286 28.5263234806276 28.1925741696569 27.9373955291202 27.7640063791262 27.6716038980233 27.6561489953637 27.7109640678192 27.8270859596564 27.9934230369334 28.196843944246 28.4223601482115 28.6535487009831 28.8733011192681 29.064894417199 29.2132836613427 29.3064364392882 29.3364890491134 29.3005136214174 29.2007440082632 29.0442028986717 28.8417809582722 28.6069154534604 28.3540791486618 28.0973079219482 27.8489672020501 27.6188937803568 27.4139687639444 27.2380990374372 27.092524613373 26.9763366026066 26.8870861144879 26.8213824568594 26.7754100843328
32.9536086352062 32.9745537505946 32.9716140918881 32.9098872714263 32.7635543273638 32.5186697992278 32.1741089123724 31.7407157023048 31.2389794244809 30.6957665547068 30.1407211092058 29.602910852885 29.1081604973347 28.6773140257327 28.3254549045356 28.0619308394115 27.8909123210516 27.8121768480671 27.8218498043899 27.912929214761 28.0755459436284 28.2970313665827 28.5619526875684 28.852312191606 29.1480833109759 29.4281795185986 29.6718403078295 29.8602992025605 29.9785019448082 30.016594317808 29.9709128650317 29.8442870331896 29.6455813702453 29.3885433047563 29.0901437819819 28.7686774204236 28.4419104602855 28.1255283703154 27.8320543685886 27.5703081242334 27.3453753749407 27.1589842799789 27.0101441191564 26.8958972993453 26.8120590178961 26.7538582114153
33.483087489981 33.4458226843476 33.3971999047986 33.2983451380598 33.1198476624165 32.8449313794679 32.4706033949006 32.0068368722357 31.4741503060225 30.9001571700735 30.3157472020766 29.7515186471766 29.2349313497436 28.7884356490756 28.4286030720955 28.166090581596 28.0061463395032 27.9493281045801 27.9921517184219 28.1274957894007 28.3447278212102 28.629651075817 28.964468191692 29.3279941804804 29.696318845015 30.0440236664315 30.3459225134717 30.5791516236158 30.7253183078525 30.7723606562283 30.7157895940161 30.5590786202249 30.3131150176059 29.9947948236059 29.6249931978603 29.2262386723628 28.8204453581457 28.4270114827291 28.0614929115651 27.7349348751954 27.453824628131 27.220536914913 27.0340962721184 26.8910759909879 26.7864833179346 26.7145289209942
33.8944119139198 33.7863918007515 33.6830230279728 33.541863940816 33.3300727212898 33.0279399002682 32.6302472736836 32.1455242498219 31.5935937772045 31.0020190445478 30.4021487629906 29.825410080486 29.3003380700856 28.8506037137335 28.4940621963832 28.2426409548433 28.1027595770254 28.0759387151158 28.1593088142796 28.3458496427494 28.6243441913162 28.9791766984868 29.3902085595391 29.8330017873969 30.2796168170154 30.7000971602812 31.0645926108587 31.345903172056 31.5220900353175 31.5787342712949 31.5104490133025 31.3213651024263 31.0244889037663 30.640033028822 30.1929990794754 29.7104064404117 29.2185903573408 28.7409363976735 28.296298021476 27.8981936885593 27.5547365906113 27.2691432198436 27.0406121589 26.8653618366626 26.7376532636213 26.6506821455343
34.1603488234865 33.9724676145309 33.8080507458012 33.6216569293891 33.3773272027304 33.0524421591584 32.6392914585409 32.1444406188066 31.5863107740723 30.9916083652816 30.3913251396925 29.8169736017284 29.2975551813623 28.8575238605451 28.515761829329 28.2853776924378 28.174009875479 28.1842861257262 28.3141505945679 28.5569002006877 28.9009359509032 29.3293911791121 29.8199082568944 30.344869391076 30.8723332972872 31.3677956931105 31.7967056173081 32.1274745888327 32.3345602329877 32.4011323101015 32.3208608574699 32.098501243265 31.7491605841137 31.2963659172059 30.7692619193221 30.1993984559125 29.6176002060575 29.0513429986852 28.5229196236187 28.0485023592243 27.638043653733 27.2958345994841 27.0214806454161 26.8110546218384 26.6582332499455 26.5552921449126
34.2604067860069 33.988497144141 33.7606449164707 33.5291092505606 33.2552703595882 32.913759997371 32.4942322776512 32.000872772216 31.4500772784507 30.8669502074646 30.2813505268803 29.7241522692914 29.2242143393294 28.8063173033666 28.4900779812376 28.2896475079962 28.2138731003919 28.2665761847671 28.4466662739924 28.7479481120342 29.1586522792713 29.6608832337028 30.2302919876056 30.8363118088215 31.4432305244125 32.0122204013328 32.5042368671577 32.8834784347184 33.1209266923497 33.1974045123915 33.1056294692901 32.850895168771 32.4502528282262 31.9303338542653 31.324188832967 30.6676666349241 29.9958905480731 29.3403083535617 28.7266298062726 28.1737651351788 27.6936917351387 27.2920420164021 26.9691425701709 26.7212411382218 26.5417143626702 26.4221288759453
34.1820108613366 33.8279646206803 33.5390807056376 33.2661027903903 32.968321237269 32.6179133912578 32.2018970852972 31.7218060830521 31.1915257985151 30.6339389800127 30.0771019201761 29.5506063673874 29.08260925807 28.697777857595 28.4161555955737 28.2527539800858 28.2175556205282 28.3155905826612 28.5468198704284 28.9057032259175 29.3805065662513 29.9525726265764 30.5958930987791 31.27734807354 31.9579034699317 32.5948877471014 33.1452385324424 33.5693700554376 33.8351232798865 33.9211744960839 33.8193242264029 33.53526332378 33.087680175462 32.5058703807104 31.8262685774309 31.0884829656466 30.3314453018744 29.5901958863154 28.8936387029258 28.2633798539417 27.7135586809182 27.251438353456 26.8784612901767 26.5914900965306 26.3840235203889 26.2472674445463
33.920772535546 33.493102361551 33.1508443189267 32.8440336706307 32.5305125232716 32.1804092057488 31.7782479296165 31.3228050173399 30.8251478471998 30.305493164921 29.7895842192242 29.3052179574922 28.8793833306442 28.536244485968 28.2959696518191 28.1742156545479 28.1819648279991 28.3253931446775 28.6055230591166 29.0175601373082 29.5499924956951 30.1837014813761 30.8914460470336 31.6381066086788 32.3819901306803 33.0773151143056 33.6777478011276 34.1406048179814 34.4311367814038 34.526218003534 34.4168207957421 34.1088449426373 33.6221631827147 32.9880647456995 32.2455554949953 31.4371420611349 30.6047555776729 29.7863631865523 29.013611465792 28.3106049665887 27.6937066706507 27.1721015624982 26.7488097456241 26.4218640870221 26.1854510114836 26.0309148092214
33.4799134182872 32.9936525767844 32.6109026541506 32.2817514220333 31.9632474973828 31.6239466436312 31.2461457625526 30.8259242181381 30.3714175241187 29.8999356192241 29.4345925724234 29.0010454469623 28.6247761597953 28.329134278553 28.1341389802449 28.0558595173599 28.1060889200653 28.2920121845486 28.6156458357811 29.072970187872 29.6528535829011 30.3360350471795 31.0945429902529 31.8919465205228 32.6847450147487 33.425008904647 34.0641260114431 34.5572410642624 34.8677683951676 34.9712678870283 34.8580347784175 34.5339600497769 34.0195261904628 33.3471412961218 32.5573021790801 31.6942481199524 30.8017873205108 29.9198552958183 29.0821422898383 28.3148707784175 27.6365807520368 27.0586383506685 26.5861416827167 26.2189446956642 25.9526216762224 25.7793086332067
32.8690583073682 32.3449942880075 31.9393294577974 31.6028482267985 31.2924081156633 30.9754859668971 30.6325027204928 30.2570447921689 29.8543878492881 29.4389015779808 29.0309612043082 28.6539236561839 28.3315716262852 28.0862274830845 27.9375353476604 27.9017446740206 27.9912332092805 28.2139972678768 28.572911530291 29.0647004853944 29.678735839811 30.3959358213425 31.1881486840434 32.0184173660834 32.8424269082407 33.6112386883326 34.2751518670257 34.7882616978363 35.1130752583817 35.2244578237576 35.1122507419891 34.7821184447138 34.2545019712698 33.5619037212183 32.7450191866884 31.848397730014 30.9163226207846 29.9894607008595 29.1025930592416 28.2834709726233 27.5526169555253 26.9237592272037 26.4045663771364 25.9974207323664 25.7000929399312 25.5063074156202
32.1027290112846 31.5660654260335 31.1587879143903 30.8328402047973 30.545372429735 30.2632319345637 29.9653476710528 29.6431191883449 29.2991899985637 28.9451438683828 28.5987038522428 28.2809494081015 28.0139238911995 27.818820083588 27.7147454451321 27.7179184755344 27.8410610633519 28.0927439749516 28.4765131668256 28.989756805011 29.6224358682326 30.3559542629265 31.1625442418156 32.0055535512712 32.8409236726117 33.6199510498962 34.2931610251667 34.8148562820953 35.147696835424 35.2665872245782 35.1612214324215 34.8368601654049 34.3132403855558 33.6218656415465 32.8022119226011 31.8975383329865 30.9509827330846 30.0024633019492 29.0866517044592 28.2320085480892 27.4606518138637 26.7887149517953 26.2268575579543 25.7806949796888 25.4510648861061 25.2341922339389
31.1989211169876 30.6775408059884 30.2923854199188 29.9967882525114 29.7484984183859 29.5140783851304 29.2713233108346 29.0098006093485 28.7298584664803 28.4405985561857 28.1573457836573 27.8990888491258 27.6862354757996 27.5388590574718 27.4754454180503 27.5120124257065 27.6613967035087 27.9324945969407 28.3293091165766 28.8497763224027 29.4844954868229 30.2156293705725 31.0163329104395 31.8510756463297 32.677127025336 33.4472810244824 34.1136420319464 34.6320353953844 34.966411229315 35.0925380801559 35.0003655713354 34.6946638905835 34.1938733674766 33.5274403193958 32.7321891506954 31.8484166884274 30.9163630037719 29.9735312612339 29.0530567994753 28.1830444497836 27.3865815087554 26.6820432962997 26.0833494738271 25.5999719991524 25.2366815995744 24.9931837702658
30.178119049521 29.7006649389405 29.3623299765931 29.1178043544043 28.9255224739956 28.7519509522606 28.5740282812901 28.3798365700847 28.1678199741149 27.9450017182037 27.7246882267518 27.5240970629867 27.3622291633265 27.2581559655221 27.2297408617127 27.2926914432464 27.4597669883223 27.739957534709 28.1375075959997 28.6507667912202 29.2709862544998 29.9813087850953 30.7562837557839 31.5622416133871 32.3587696490598 33.1013467263837 33.7449530457519 34.2482275119714 34.5775653483577 34.7104892403721 34.6377183627456 34.3635913789862 33.9048212251436 33.2878914276209 32.5456592188251 31.7138422941796 30.8280065465015 29.9214637929206 29.024196499182 28.1626384079004 27.3599383795249 26.6362718133536 26.0088465297332 25.4914396592017 25.0935302529833 24.8192836723084
29.0630006970806 28.6569941794215 28.3896459175678 28.2167023003728 28.0971290903471 27.9972973557 27.8934414357371 27.7724463590573 27.6312441157244 27.4752302778259 27.3161511269327 27.1698682821116 27.0543051231059 26.9877451446545 26.9875159812186 27.0689806489113 27.2446900738779 27.5235402513566 27.9098249154212 28.4021700211957 28.9924574314764 29.6649603043052 30.3959862109095 31.1543248706343 31.9027087131692 32.6003219021025 33.2061684354905 33.6828855646193 34.0004275490832 34.1390008624666 34.0907329826399 33.8597914936782 33.4609867648474 32.9172097972778 32.2562905939849 31.5079454464248 30.7013895870684 29.863951759665 29.020710820502 28.194875759195 27.408437222815 26.6825844216716 26.0375095170661 25.4914654792103 25.0592225796446 24.7502958719686
