_RESULTS/CROSS_VALIDATION_POSTPROCESSED_80-20/MHZ/TZ/7comp/3/MHZ_TZ_z_0_kriged_reverse_7comp_spherical_3.asc
ncols 100
nrows 81
xllcorner 5.5967107548124995
yllcorner 50.982328804812504
cellsize 0.00017565037499993607
nodata_value 1.7014100000000001E+038
[rows 0 to 18 of 81, columns 42 to 83 of 100]
0.04176894191930224 0.04269329373922066 0.04391742791247434 0.04538673044357501 0.04704172736587379 0.048820493457077035 0.05065968004120198 0.05249483944864514 0.05426060373231631 0.05589106387029121 0.057320521301118664 0.05848466829063732 0.05932218200878661 0.059776670671877793 0.05984517144417117 0.05984517144417117 0.05984517144417117 0.05984517144417117 0.05984517144417117 0.05984517144417117 0.05984517144417117 0.05984517144417117 0.05984517144417117 0.05984517144417117 0.05984517144417117 0.05984517144417117 0.05984517144417117 0.05984517144417117 0.05984517144417117 0.05984517144417117 0.05984517144417117 0.05984517144417117 0.05984517144417117 0.05984517144417117 0.05984517144417117 0.05984517144417117 0.05984517144417117 0.05984517144417117 0.05984517144417117 0.05984517144417117 0.05984517144417117 0.05984517144417117
0.039092517446907664 0.04014729156699531 0.041531113312965405 0.043178140924835864 0.04502240241402589 0.04699775954917436 0.049038472464722184 0.051078914861871584 0.053053036556728835 0.05489426962396138 0.056535997887261144 0.057912588834475205 0.05896092995394016 0.05962238023412014 0.05984517144417117 0.059836030620118996 0.05980944000332619 0.059780970690840554 0.05976209740271117 0.059759127508651484 0.05977299088674564 0.05979920891735371 0.05982804375533374 0.05984482248924373 0.05984517144417117 0.05984517144417117 0.05984517144417117 0.05984517144417117 0.05984517144417117 0.05984517144417117 0.05984517144417117 0.05984517144417117 0.05984517144417117 0.05984517144417117 0.05984517144417117 0.05984517144417117 0.059850336011383364 0.05986420973798029 0.059880734212099475 0.059895047623526314 0.05990373146076792 0.05990492287884631
0.03647742287360682 0.03768653292113054 0.03925085900315947 0.04108953069732899 0.043126775499971126 0.045292870148304736 0.047523080336321806 0.049752272258011015 0.05191492367312959 0.053944796421886064 0.05577517508178851 0.057339806133168456 0.058561948839427946 0.05933200289991061 0.0596157968890777 0.05951233683310754 0.059391149807343516 0.059296746160086226 0.05924190439791152 0.0592336477407609 0.059273011584438644 0.05935500906665528 0.05946879654864639 0.05959803051410683 0.05972139929398131 0.05981330891658118 0.05984517144417117 0.05984517144417117 0.05984517144417117 0.05984517144417117 0.05984517144417117 0.05984517144417117 0.05984517144417117 0.059846042202970254 0.05986565033207946 0.05990387704562228 0.059951720572440845 0.060001138213255686 0.06004530153549675 0.060078813602539256 0.060097881764923373 0.060100439895218016
0.03397485050882777 0.03537322715450057 0.037142976035700465 0.03918528762187545 0.04143759640713125 0.04383956247064967 0.04630410097626734 0.048750238659621206 0.051100023387097536 0.053280337899304 0.05521640850029116 0.056770969896086904 0.05790930161532844 0.05863809171470809 0.05891679908646589 0.058754335483276986 0.05853471897719443 0.05837169504054323 0.05827941218491341 0.05826565179505118 0.05833156139242151 0.05847161492404502 0.05867380309989903 0.058920039666686526 0.05918675661533557 0.05944565595873188 0.05966458804402678 0.05980853377874711 0.05984517144417117 0.05984517144417117 0.05984517144417117 0.05984517144417117 0.05986326800375592 0.05991598148520579 0.05999227724972708 0.06008145303931458 0.060173573225388494 0.060259772268555625 0.060332528225511516 0.06038589806718124 0.06041570609204859 0.06041967768183041
0.031648298294839734 0.03330024888285254 0.03539883450572339 0.03781683683940826 0.04044423453740115 0.043185010473768964 0.045948850985760986 0.048648212861796464 0.05119967289457046 0.05346848225608169 0.05529629030831628 0.05665162894808811 0.05753071381679597 0.05795406468288832 0.05796259768630253 0.05761945501845167 0.05728642454577023 0.05705251839109415 0.05692153125555222 0.05690207960509747 0.056995435049164614 0.05719547621026561 0.057488918573389114 0.057855798078394416 0.05827016296185655 0.05870092132786624 0.05911279885234946 0.059467376515001724 0.05972419512902346 0.059841925843152635 0.05984732547322876 0.05988868769164057 0.05997336207089024 0.06008896967761533 0.0602232803780586 0.060364570605047546 0.06050196725109268 0.06062577235159117 0.06072775922228576 0.06080142881036544 0.06084221526463081 0.06084763168550422
0.029718079290137728 0.031882259261537274 0.03445661792321598 0.037303591667260175 0.040320155734485545 0.04341292275331601 0.04648906472641186 0.04945471183324525 0.05211931125397208 0.054314884253994604 0.055987587694935115 0.05711229584779351 0.057694633886555734 0.05776889922040768 0.05739298620326791 0.05664112721844134 0.05586286024642743 0.05539473630871682 0.0552202167470041 0.05519489477636357 0.05531655067035086 0.05557837180160485 0.055965610995340455 0.05645619409943898 0.0570215623245087 0.05762766224355425 0.05823601299479223 0.05880481046930773 0.05929005862061775 0.05965186502048707 0.059892898842343584 0.060019629198022256 0.06017175236228909 0.06035092964789906 0.060543858089945606 0.06073779498444716 0.06092092446458731 0.06108270880432462 0.06121421100268315 0.06130837373798755 0.061360241444661755 0.06136711612426153
0.028606610359843146 0.03134057666728581 0.03439405390971562 0.03766689669447099 0.04107350915947831 0.04452408754060395 0.0479209670580701 0.05104979082534273 0.053702933833754164 0.055798075845018356 0.057281505878558917 0.05813377185245177 0.058372385529135276 0.05804840003059288 0.057239603377164834 0.056041232374756556 0.054773034385233114 0.05382481214341743 0.05328455147021485 0.05319891404417228 0.053349812159780116 0.05367533669104346 0.054158969425734595 0.05477614679440604 0.0554953399865338 0.05627925829432828 0.05708606690616459 0.05787056797036805 0.05858950195475575 0.05924882474224333 0.059808292782960924 0.06020710198500928 0.06044359477817798 0.06068617584085125 0.060937559546846695 0.061183984697087274 0.0614126907438203 0.061612301895850825 0.06177317967683998 0.06188772388026007 0.061950606390660565 0.061958930234205636
0.02861603100106437 0.03182714557182483 0.03529451364060629 0.03895811778407251 0.04274078944224291 0.04654778693126792 0.050180193993214724 0.053362326889034084 0.055975135536175634 0.057930338429343 0.05917632186652527 0.05970037446001574 0.0595348785999646 0.05875183659591012 0.05745302769331253 0.055758045605674704 0.05398979001822852 0.05256085218172487 0.05156267800599976 0.05107424435503594 0.0511511653872839 0.05154280388161615 0.052125945734785774 0.05287293652500015 0.053748715337553786 0.05471233678239856 0.05571838997284022 0.05671895023936812 0.057715166171606436 0.05868175162569345 0.059556022016751926 0.06027291955202886 0.060766569134944264 0.061077762314842084 0.06138660273446486 0.06168457702696932 0.061957985491333176 0.0621946325607734 0.06238421352834544 0.06251863379939458 0.06259224213575233 0.06260197621361466
0.030049225282270275 0.03347672383781093 0.03723922799077526 0.04123933157605468 0.04537705383531429 0.049490913789347224 0.05323960924243889 0.05644580137435346 0.05897732920730905 0.060738518892292176 0.06168053415590301 0.06180370192042597 0.06115715448758105 0.059839329870895984 0.05798138631479174 0.05573162794881352 0.05344546229717779 0.051533924117680215 0.05008781840810227 0.04918326240815219 0.04888693807546163 0.04923705423461193 0.04992393757703139 0.05080488801094914 0.05184047148330499 0.05298549723704071 0.05419068834613818 0.0554342282951551 0.05671897672832948 0.057984701981176265 0.0591656899715107 0.06019321000368398 0.06099690776679831 0.06150783098611431 0.061872202916072996 0.062219890654314686 0.0625362697618757 0.06280836701014453 0.06302528912450371 0.06317855325979922 0.0632639596862854 0.06336290728121212
0.032731734253154 0.03626446783895914 0.040260503878440074 0.04455984539793235 0.04903502924540923 0.05333316167356817 0.057170286868702874 0.06036371952526158 0.06276155471567328 0.06425955919325796 0.06481326275181025 0.0644418708076833 0.06321866022627391 0.06127340852952506 0.05877331199513415 0.05590068281819251 0.053074304471483334 0.05067493791256103 0.048791073145866413 0.04749372313483222 0.04684121072213621 0.04688408031542263 0.04760550297370342 0.04861931801927456 0.049814253149222644 0.05114269797221454 0.052559031156145075 0.05407444574693337 0.05564037340253936 0.05719326194433075 0.05866853048250188 0.05999444397324488 0.06109677846185931 0.0619007013124435 0.06237495060475991 0.06276949013864895 0.06312608198994124 0.06343104453010211 0.0637160668904604 0.06417966566344142 0.06475531943222279 0.06533961979082639
0.03581025657569931 0.03955439358461275 0.043932514243941 0.048737735547122595 0.0536473929300018 0.05814022342106453 0.06204308068828535 0.06518338614902022 0.06738543376165525 0.0685359193415239 0.06859832721375317 0.06761628726925015 0.06570041334915791 0.06301626700211105 0.05977633604597199 0.05620742850122152 0.05281524021576489 0.04991799059678714 0.047603722354399504 0.045916454805179134 0.04490616659541038 0.04461922827041954 0.04509694219598623 0.04621185555864274 0.04755833342609914 0.04906806310277191 0.05072406881798533 0.052522179261882816 0.05439722938243107 0.0562754625606904 0.05807461017949843 0.059704473736529415 0.06108914059016575 0.06217162276435117 0.062874011252371 0.06331266004039475 0.0637166801913555 0.064384062994404 0.06536076518132919 0.06652257567619078 0.06774407331609231 0.06890064419047437
0.038824132462357386 0.042870014147116095 0.04767556910091809 0.05305312626385053 0.05851828697733092 0.06359284505082417 0.06786638286178373 0.07097001675089334 0.07290635256152977 0.07359928751661063 0.07302811649092161 0.07127569804854772 0.06850854946733662 0.06494548008390041 0.06085098049624352 0.056521367580188955 0.052536920265425266 0.04910556014536275 0.04631830750992657 0.04424168535520791 0.04290831558877614 0.04234337527719886 0.042574591609856986 0.04362104835656011 0.04511909301381096 0.04680932966443614 0.04870211905010702 0.05076025898677107 0.05291934869761939 0.055106203697970514 0.05723790535998055 0.059221923096256866 0.06095746451280366 0.06233815943304126 0.06329098576588196 0.06393011549094604 0.06499868923607452 0.06649223580807902 0.06825467492431847 0.07017670422098697 0.07213578954883355 0.07399159008182066
0.04150578878217621 0.045938716801043604 0.051239205440419815 0.05719932354583063 0.0632636376802652 0.06899244408161256 0.07390683859993653 0.07749684520494537 0.07932415280307845 0.07942147433874668 0.07805634473478629 0.0753641067812497 0.07158036659902269 0.06699115017762365 0.06191864784713329 0.05674159186317871 0.05202896381393581 0.04799066607073973 0.044738441822368226 0.04232847476974839 0.040768981129864414 0.040038629431662275 0.04011098566204027 0.04099086587214952 0.0425970420321133 0.04447050051862515 0.04657789060755123 0.04886886107711019 0.051281863137600386 0.053745741539532696 0.05617817307582765 0.05848539600410566 0.060563303885752345 0.06229997392970414 0.06373972651734613 0.06519543834603334 0.06692739849006336 0.06908059735025757 0.07156897016363663 0.07428175216943604 0.07707768280280858 0.0797838394690759
0.043635152835524285 0.048509108752068354 0.05436237630175439 0.06092691723999569 0.067670267973629 0.07413455851790585 0.07976398756684237 0.08396107621619354 0.08617842604117337 0.08603911597623541 0.08371557710053104 0.07989118785699177 0.07490563269842093 0.06913235584335445 0.06289280985531986 0.0567420869548753 0.0512412137929778 0.04657504089885909 0.04286456386422992 0.040160166411421575 0.038438962071676123 0.03762996622326037 0.03765945159887558 0.038484049564465876 0.04008956983435751 0.04213779665751202 0.04443262895408268 0.04692461345430314 0.04955691078358555 0.052261743684524936 0.05495840635723553 0.057552763732048984 0.05992296250181886 0.06194206851962338 0.06412171070284964 0.06640378319273264 0.06880601337806562 0.0716667190004451 0.0749660047653204 0.07859050832872438 0.08238090419540857 0.08612502845762719
0.04502746768238315 0.0503556858616829 0.056788213431151785 0.06398652211429079 0.07147644919698246 0.07878681206250007 0.08528594397554473 0.09023778790361314 0.09294003795206 0.0929077128753098 0.09001076760061136 0.08483970209409684 0.07845077472317954 0.07124728735666697 0.0636812998454307 0.05654274028630214 0.05021121262535134 0.04488488889202642 0.04071090757540842 0.03775468057939968 0.03595542645288962 0.03515925056573985 0.035220336862211064 0.036060461296383614 0.0376672950648928 0.03989195718856757 0.042341116853822934 0.04499743502630762 0.04781048671791035 0.05071683896220075 0.05363799017455291 0.056375479785334165 0.05870415532600783 0.06126467995328289 0.06414108456990317 0.06722482978633788 0.07045509575327427 0.07413093008567859 0.07832159742863452 0.08298515081088155 0.08794953560475727 0.09295770099689975
0.04553966691894731 0.051290019138533496 0.05827164293184139 0.06611137225742525 0.07443085992658525 0.08274472816394238 0.09032618113278798 0.09624965698008717 0.09957613065784401 0.09966174964530825 0.09638845672690739 0.09013851513249475 0.08204880214578303 0.07321173200406061 0.06435980897370075 0.05621160303173848 0.04901933271060649 0.042982425527761124 0.038303460110345196 0.03513505921670658 0.03337804529805357 0.03271056118791369 0.03287501313858071 0.03376885360673675 0.03539301567134415 0.0377551916663162 0.040367932901651526 0.043147258773367045 0.046099554734229886 0.04916608643958935 0.05208645019931318 0.054586474716205646 0.0571982485807886 0.060275925541311885 0.06376595322822706 0.06758469063640053 0.07164554949346642 0.07626463196280815 0.08147252464062595 0.08729882358922267 0.09363351713539436 0.10017316609756571
0.04508482449541405 0.0511761760927837 0.058616059248616424 0.06708792906983263 0.07629591207624337 0.08576963108289389 0.09470286455529298 0.10191628074575451 0.10606967727900968 0.1062479611769547 0.10242952427921477 0.09522859725724014 0.08547971670789621 0.07498017870675187 0.06496996372506306 0.05585685344392616 0.04782670044711007 0.04102635601046488 0.03570701296388556 0.0323375740898014 0.03083261485375503 0.03042573747101172 0.030730390946249336 0.03167896360581332 0.033316606931970354 0.03574061864167718 0.03851352385964141 0.041420814237876705 0.044469629981630246 0.04745527746078211 0.05008536902698253 0.052534246858445384 0.05548585558928453 0.058971849407935 0.06296675211442297 0.06741903135965226 0.07225371821960633 0.07779927498168523 0.08417707664377871 0.09130378064440504 0.0992093894641623 0.10758796469023842
0.0436479149058561 0.04994220377106741 0.057725002796162085 0.06675288195546326 0.07682406555877469 0.0875494793489099 0.09813198071032177 0.10711855678897109 0.1124193737754167 0.11253617081788905 0.10781872900121126 0.09936167035268317 0.08839696436628404 0.07655461971270124 0.06552692471595112 0.055606946985780954 0.04689527964406635 0.03941387759597239 0.03321042793871148 0.029483815803108264 0.02866820829284653 0.02854583340928262 0.028924574208873226 0.02986551827400164 0.03147122916607957 0.033890485279910725 0.03677571962285549 0.039813492757873645 0.042802817655063885 0.04547835914665415 0.047808076456153356 0.050405225330023645 0.05358456065874707 0.05735574918109164 0.06172234168661751 0.06666989319602974 0.07216029369146203 0.0785559543331349 0.08608065054986781 0.09469093310293882 0.10434713275064128 0.11489135553383077
0.04128752636606832 0.04763661572195877 0.05560270731433701 0.06501813801394925 0.0757800945418276 0.08765251882526984 0.10004886240921437 0.11153171554252833 0.11863580730303715 0.11809187906832341 0.11178075510073109 0.10198252667605577 0.09022094516134227 0.07775908074576914 0.0659748774180266 0.055526863169003314 0.04646499359978962 0.03880571255449902 0.03254081566518746 0.02877353844014848 0.027848237883082216 0.027625415244493714 0.02790156444367387 0.028736318499660386 0.030231924854683217 0.03253825160855213 0.03538305738020294 0.03833421398288902 0.041023769426478965 0.04336437961413932 0.045536338777201014 0.04822678117841531 0.051519709229158356 0.05544305921092429 0.06002727981482514 0.06529610567858452 0.07126339988920512 0.07835783706631416 0.086899294158696 0.09696127830531022 0.10846927322499406 0.12125769846576459
