_RESULTS/CROSS_VALIDATION_POSTPROCESSED_80-20/MHZ/TZ/7comp/3/MHZ_TZ_z_180_kriged_reverse_7comp_spherical_3.asc
ncols 100
nrows 81
xllcorner 5.5967107548124995
yllcorner 50.982328804812504
cellsize 0.00017565037499993607
nodata_value 1.7014100000000001E+038
[rows 38 to 56 of 81, columns 0 to 43 of 100]
30.9616467920312 30.76315214534023 30.578268404448316 30.411319924676363 30.267216875221937 30.152293825675862 30.07569152204845 30.050676059783974 30.089577080746388 30.199446144778776 30.376039600040816 30.602804313983118 30.842091973328973 31.03245889849345 31.15921813528933 31.233769729274936 31.25775828591355 31.231932145135083 31.18359070563177 31.149471611445467 31.128288152594685 31.11930654367272 31.122692488457066 31.139265847744774 31.1699877975389 31.215115389900827 31.275520819501036 31.35084386579433 31.423437966440037 31.454935878184553 31.415129528312 31.291783706237446 31.11436930571508 30.917325439995853 30.791169051539303 31.036445042406935 31.501886402224848 31.976595265885994 32.412836430216714 32.78786797331664 33.085260413445134 33.292788414888506 33.391549178629816 33.262765694849065
30.750649308459288 30.539331518768943 30.34021793646221 30.15614938115737 29.990626776349373 29.849619633287876 29.745822445503684 29.69630477961158 29.72085834197884 29.835350882427576 30.0397744692172 30.311623680392923 30.614426462675493 30.880685510594574 31.074438653296927 31.191126778135004 31.25016059137198 31.260858057172573 31.251868756805944 31.253647145655165 31.26548668962186 31.286533312430446 31.316499755221937 31.355344325185502 31.40282721833747 31.45795745948639 31.519138236637072 31.58665887292043 31.64773179820939 31.6851712603736 31.67262721612532 31.61903692801506 31.544737263392197 31.489474912875977 31.54073197514601 31.782100796249065 32.16961396841826 32.59583574767061 32.993537836351734 33.325911626158685 33.570328677933205 33.71278787070587 33.67457907300689 33.39489296100172
30.504162125016514 30.28181068434287 30.07112426030752 29.872884968845536 29.688099815342923 29.522441205954447 29.387967298041378 29.30466265921588 29.30399514973673 29.420557693222875 29.66280040262622 29.995235493638223 30.36255465724169 30.709135507039537 30.974762904232367 31.147106222989574 31.241750204287666 31.292158067766724 31.316107002228065 31.34605698102947 31.38319376463085 31.42683702985234 31.476557968893555 31.53188332554499 31.59199668822416 31.655457664914017 31.720135723261766 31.7864193875045 31.84582709937352 31.885650628413902 31.90918283649131 31.94020313718402 31.9778764861208 32.04574808039323 32.19592786610234 32.45789549726463 32.80515470315174 33.17780017465898 33.519974006862284 33.791711682907106 33.96677648106069 34.01687206313751 33.836802939980885 33.48479650889565
30.226520955906537 29.996548354156783 29.77952004378585 29.573708281729814 29.377376540615103 29.193385570067743 29.02858553545449 28.90058196931613 28.851998255697065 28.958631728137423 29.25885191640859 29.677517307439675 30.11986141380144 30.531284897455375 30.86518746457839 31.09718810156571 31.23796745784606 31.321185024202897 31.37110939607809 31.42118686308784 31.47643383979916 31.53656160051427 31.601183583240868 31.66961487562049 31.740756939706436 31.813052315686846 31.884532485495615 31.955585465914787 32.021349934546016 32.074695148020275 32.14030106724173 32.23117183922229 32.35451003082001 32.51841234244034 32.7315048836805 33.01050117724228 33.33326161236182 33.65777550450311 33.93924269376632 34.140390175012776 34.23488030318957 34.179143807341944 33.93774084789484 33.545120311757856
29.920889323405742 29.68811349939705 29.472651753767416 29.27021017449935 29.076539251195022 28.889070065253442 28.706474187984483 28.53361666675908 28.401131527378354 28.454506857659624 28.86429608452766 29.402181242804016 29.91944130338007 30.375450409075377 30.759950430285894 31.04762229162648 31.234360820906087 31.34191180803076 31.410905382821337 31.473402472162533 31.54068671141241 31.612886361593894 31.68958870666792 31.769822163323823 31.852181508033155 31.93498634835825 32.01647782373427 32.097133329646724 32.17453527671602 32.253170414751104 32.36049060982597 32.50029850117917 32.67547297643763 32.88790130876272 33.13488558070182 33.417739841212914 33.71686304124387 33.99434736264933 34.21203839636489 34.33611789546175 34.354132635076255 34.2485306365035 33.984380134734884 33.585192657196835
29.588604579736305 29.358625873939896 29.154881956903246 28.97089752404409 28.799497068095786 28.633471366742675 28.465509067127172 28.28920821884637 28.099372587940387 27.934539509707633 28.61784528677011 29.242088814371304 29.79774646146756 30.278527236045715 30.679583525555593 30.998236788326793 31.218228799669173 31.346609034835748 31.42812019316914 31.496549372158515 31.571538522223875 31.65353466587385 31.741683098822993 31.834325979763793 31.92944097405841 32.0249855856923 32.11913039452141 32.212445931040016 32.30404245185158 32.41274474338383 32.555515134290744 32.73219031429568 32.94131946341079 33.178568679842286 33.43433679772596 33.69710232252988 33.95518242300163 34.17535075054163 34.32145848375715 34.36143996512505 34.35782166767291 34.24557963418319 33.993190607353554 33.625531921755844
29.228722630963283 29.006903042078115 28.826419266807708 28.678193245667995 28.551585034428527 28.436479459405557 28.32590029910071 28.221142423034408 28.150187340784615 28.252848410310033 28.693020086902454 29.25037839153947 29.782264606451562 30.25040594556697 30.641618001006304 30.951994216591594 31.18278512639443 31.326777549392638 31.412816101925184 31.484824941215873 31.565673226954953 31.657812872652553 31.759007139204364 31.866161528979355 31.976187948277857 32.086416420810544 32.19470816065365 32.30180482709424 32.40994080993008 32.545175252301476 32.71432496321714 32.91458330358668 33.1408590520093 33.384535797444094 33.63213922738438 33.86592324960978 34.07380091642687 34.227163899419224 34.291999736550125 34.277215404427544 34.29921098405326 34.208938140305015 33.997253458235484 33.6914676319503
28.843018546817078 28.63083266741778 28.484644996663732 28.390011941635763 28.330038383638147 28.29106971566297 28.26843630607706 28.272770707595097 28.3414860291428 28.543963484698782 28.913799311280403 29.378975030923016 29.85069991055805 30.278741381097856 30.63959868240771 30.924121965903783 31.132452123927486 31.271820194176165 31.35719488249749 31.43300063238163 31.521010231129775 31.62662834077818 31.744535216692842 31.86923952088772 31.996260926041035 32.1222436870607 32.24469607905073 32.36490613079791 32.489163835977095 32.64369835442709 32.82889732516174 33.03954726645928 33.26770804543946 33.50185692641855 33.72622552208483 33.92086997930113 34.07015330236041 34.14952505434739 34.13761382196869 34.13591212877568 34.19927894700528 34.154905998557766 34.006384345631055 33.785070215758985
28.44688971586111 28.24310538786692 28.143117085797847 28.121326733924494 28.147452198118234 28.20072325155289 28.27576683538408 28.383223149679086 28.54860407481585 28.801599062306195 29.147831578524798 29.553211312999277 29.967409446845743 30.348167983682895 30.668874344208476 30.91620748076035 31.088259645378024 31.194333428551335 31.257511461830095 31.335003795092835 31.437216331033756 31.56324492351511 31.703229030396045 31.848613988914177 31.99380183965416 32.13513397322767 32.27009308335601 32.40106372763133 32.53769874810158 32.70309650430074 32.893756093434874 33.10244803644807 33.31910161724324 33.53027219300176 33.71889973998965 33.86466123113676 33.951311826890546 33.96966762393593 33.91801076057687 33.95784406866593 34.07938198602443 34.10254013752081 34.03422043171521 33.908759731777224
28.041130815759185 27.840121235854458 27.806063984573825 27.883005032789736 28.011874507166425 28.162552301144235 28.32907804859176 28.520011958766332 28.752481738924864 29.042735013951116 29.38773554124146 29.76499074554992 30.140863415912282 30.4825661736553 30.764843600127 30.971938158055018 31.098825783446465 31.154883309476727 31.17067521515413 31.220004198902235 31.327743927500013 31.475759242371975 31.64301034227436 31.81063383472894 31.973080972763213 32.1272402444283 32.27131994038561 32.409156182886875 32.552111420461024 32.71949131346671 32.90545736952388 33.10119186128397 33.29511713450718 33.4726202032879 33.618127698843864 33.719012224933664 33.761217353096114 33.73058701862747 33.6745459296512 33.767411838072 33.965781041735504 34.07901543861121 34.108010449991724 34.07856192055789
27.635213181965838 27.41444441824847 27.48906437246973 27.70014017412752 27.94049275804515 28.182068977019803 28.42708912052707 28.69137469499344 28.983789338064327 29.30872188007747 29.66121458995829 30.024968291869204 30.375788008670945 30.68761294850792 30.937359491160638 31.107606144556165 31.18857028520195 31.183439017265336 31.13176856622201 31.159706283633092 31.28056350094719 31.431032147052672 31.59277224877944 31.764021132402036 31.937846441811583 32.09960250116193 32.24786335087765 32.38742707820048 32.52938581816826 32.690042769585126 32.86226688934842 33.03749201746563 33.2051141994078 33.352645270690715 33.466278348326995 33.53154108060903 33.53544961239592 33.46521124312082 33.43393831941784 33.58886935262066 33.883104675549 34.11340915748698 34.27096397968028 34.36407983138404
27.30428101947761 26.967961242714978 27.27745449836889 27.63620675130456 27.96753439450471 28.28511557330727 28.60265554666962 28.927432671819986 29.265334429007744 29.617948365962466 29.97993157409551 30.338221455797083 30.673815444644543 30.96513491497543 31.191318815959 31.334501049456957 31.381035360783677 31.322152544992626 31.159068245093724 31.200831957319163 31.35141506821515 31.495183124609703 31.634051004744723 31.7733017139263 31.918016221583123 32.069736803699996 32.21353581902539 32.34815910734089 32.48290556017948 32.63268926618408 32.79029725010447 32.947141772543425 33.09206652991601 33.21217075142266 33.29432555159548 33.32615976230141 33.297408232008834 33.201234006458066 33.207743622564074 33.429047594192 33.82992167130085 34.19925678873819 34.51963580341942 34.81327038573881
27.393224317875415 27.09492420221989 27.39542190243651 27.77149240123608 28.1427808123147 28.50883808428871 28.872547031701874 29.237980080548294 29.6077872696928 29.981134657492547 30.352117423798262 30.70929861911648 31.03670940092703 31.31594552782874 31.528615883566484 31.65861464784615 31.694388260658535 31.63368496504025 31.51101153903185 31.495447690375585 31.580636106170406 31.678483260308354 31.774875141721857 31.86963537839249 31.96719856200244 32.0726565025495 32.19590342502298 32.320486598254554 32.44259366528899 32.57799023572247 32.719263524058526 32.85549194793131 32.97502000923985 33.066054573616704 33.117450086265364 33.1196703876909 33.06564849011495 32.95901732682198 32.99748821430374 33.269973488907134 33.76686349746637 34.28390754470952 34.779324421703286 35.27678353366632
27.866752721292613 27.700267733683777 27.827651667700426 28.12197766139164 28.477212560351795 28.853137197915057 29.237107147448544 29.625044106470543 30.014609231562417 30.40199728248178 30.780186537764315 31.138320757672886 31.46221045916402 31.73577401396901 31.943104803423754 32.07102118390001 32.11263514373508 32.07411659229354 31.98706682524412 31.93215399245445 31.934523410428433 31.963470434250844 32.000949006963694 32.04157788957784 32.084831873100036 32.13715894734484 32.21020331421652 32.30891719947507 32.41786920891682 32.53692871985328 32.6579839288261 32.77019658867714 32.862689632948495 32.92522705127706 32.94901896889904 32.92761308722547 32.85463095959258 32.73421972869368 32.788224729583376 33.09976897644501 33.67300876707429 34.33444194909852 34.986343365914315 35.63702858084148
28.401771989297984 28.28643659892962 28.372235861104407 28.60953743589664 28.9319587622843 29.29751115017485 29.68444912775592 30.081445323134254 30.481209417620143 30.87686846572335 31.259952936530855 31.619530657554996 31.94234723666109 32.213862374444204 32.42004526108047 32.54986195313372 32.59856381268892 32.571678386585475 32.48834742050464 32.40655281935734 32.35065340863174 32.31405348781651 32.288227128341276 32.268803674694816 32.25562362024841 32.25662703150673 32.27866340275021 32.330623692382545 32.41453315306326 32.51341530902977 32.61147871018338 32.69833814061748 32.76424779115007 32.800820916139855 32.801802870021106 32.75870184337372 32.66145427642771 32.525462515929256 32.58274669478093 32.91762421731611 33.53277393477194 34.32181699833552 35.10385129187271 35.86639177326735
28.928208216771843 28.857904897935022 28.94690128541265 29.160545816551075 29.459490456067044 29.811413872145277 30.19392491508216 30.592284281257182 30.995878861215232 31.395410634563873 31.781040364095475 32.141431665501116 32.46365999501044 32.73395558183227 32.939211355158704 33.06912108751184 33.11865449681955 33.09006092873235 32.99709015583149 32.89074713151685 32.78944348441875 32.69594275771353 32.60953399097074 32.5295492437452 32.4620836740959 32.415114515200976 32.394432237985235 32.40175960177049 32.43892978286445 32.51147715568666 32.58558376907542 32.64753982802191 32.688950989368706 32.70340675533611 32.68120468688404 32.61149153966637 32.49404168892674 32.342010846906746 32.386817351186004 32.725090553050144 33.355590060248666 34.22609345448647 35.108666023524094 35.938519877939214
29.436524161405593 29.414900814339294 29.521315714638487 29.73247172525403 30.021202616044825 30.363997868777886 30.74127974046576 31.137896328078245 31.541753875099506 31.942093449910153 32.32806414428091 32.68784339554258 33.008427828859475 33.276164284239755 33.47800955631726 33.60334817382716 33.645933010896115 33.60515793520215 33.4967520650817 33.36584708193854 33.225207238671146 33.08169718141197 32.93945261266394 32.80537684837276 32.68948242714082 32.59869437772347 32.53551608684507 32.50184551722426 32.49915722975061 32.53254582513609 32.58588641888468 32.62542209664602 32.64554362524507 32.63779805382122 32.587828237277044 32.49543138913361 32.361875095017155 32.19503945199165 32.209029174161145 32.52432807359266 33.13309521449205 34.00101557101852 34.953936958342105 35.839313219996995
29.9282461932784 29.95028222191279 30.07948611215489 30.29983525351856 30.58862193741031 30.928207161130423 31.30224987508152 31.696592039974412 32.09893755738003 32.4979231443353 32.88211781756847 33.23927888861896 33.55608940784865 33.81854818193782 34.01308488696988 34.12825104555608 34.15650845629041 34.09537116186486 33.970121745196245 33.81394764413949 33.637103151153944 33.44855071758508 33.25894758537486 33.08097597092786 32.923448478653775 32.791112034371636 32.68707919793407 32.613654870768 32.5724908558554 32.56546933588129 32.59453390049004 32.6194666524346 32.62426197067632 32.59176204061077 32.51786211057027 32.404528289732 32.253347023176346 32.06869490632955 32.01714567625007 32.27022712852098 32.821512263862836 33.63626456825953 34.627011697324264 35.57040087547856
30.394759145597313 30.45629481891697 30.61018524778846 30.84467851745144 31.140000540389252 31.481046216233395 31.854135544255048 32.246479369283996 32.64623565370848 33.04201965810151 33.42219772405227 33.774246891923305 34.084443745277895 34.338151863485635 34.52090709669527 34.62021389293063 34.627490397519885 34.54213689077481 34.39931359996207 34.21708444663515 34.00605367638972 33.7808795730181 33.55651220915105 33.34280518093082 33.14807241997913 32.97781879900508 32.83601127290067 32.72544157687507 32.64800388111847 32.60493702599517 32.59911560338472 32.608580783426056 32.59001617626076 32.531621043945876 32.432899557068225 32.29586622969593 32.12285192931799 31.920172373173887 31.7885067923367 31.955448399303616 32.42592678206521 33.16700248865859 34.11804953624211 35.124575913435976
