_RESULTS/CROSS_VALIDATION_POSTPROCESSED_80-20/MHZ/TZ/7comp/3/MHZ_TZ_z_250_kriged_reverse_7comp_spherical_3.asc
ncols 100
nrows 81
xllcorner 5.5967107548124995
yllcorner 50.982328804812504
cellsize 0.00017565037499993607
nodata_value 1.7014100000000001E+038
[rows 38 to 56 of 81, columns 0 to 42 of 100]
24.46399536732526 24.026713913374227 23.572219612688823 23.113392024752166 22.66570654882758 22.248024538880777 21.889923280932297 21.637598493676904 21.51519532038577 21.539047774608967 21.711299973970153 22.016573337040068 22.415390149950706 22.84340163895062 23.271086020855485 23.674325687195473 24.034982934785535 24.339643741507434 24.62939102211424 24.975121510337317 25.36816115815767 25.801435179701958 26.270249873166566 26.77181275799379 27.304455837059926 27.866445316220705 28.471120714241078 29.168816961951038 29.95358825166295 30.816397604296093 31.734966691577497 32.67106881493005 33.55050456213448 34.32255460520403 34.85265861281847 34.66609607641805 34.020342326864046 33.245746272437316 32.40159574358372 31.51010058167007 30.589061181221215 29.656664334556122 28.727062275654426
24.28119358632955 23.803951504110792 23.30380834226366 22.79267016949395 22.285382833689653 21.805066009607053 21.401686143958777 21.109319234861193 20.962888118607008 20.993045318785107 21.208489679383273 21.58637868038106 22.082375091207233 22.62210446261354 23.15676638641955 23.660182199193518 24.11195497784506 24.499622061723088 24.857080263796316 25.259232667192904 25.699136229827463 26.1698572414653 26.66661129462462 27.186076405713465 27.725491349909547 28.281553944037253 28.854981654043133 29.49640596804542 30.209831549902127 30.97885189600533 31.78520820262972 32.561555124285725 33.259524732024566 33.81069159976552 34.07555846589708 33.911236366201166 33.37587980958225 32.628516818754086 31.762404733577505 30.825337702619915 29.849475616043392 28.862325122247974 27.85862361968911
24.127985713452404 23.616188959680994 23.075416372893855 22.515830740713923 21.950808195308284 21.42144049514982 20.96321699956688 20.611166144531342 20.418591950449212 20.445682366368416 20.716724530856094 21.190917488248044 21.79544429579438 22.458163299425614 23.106458459158826 23.711017113847184 24.25365276704792 24.722746946968574 25.13815198678122 25.58183273987155 26.051617368484685 26.54090878419506 27.045157277723863 27.560993188204407 28.08521670103578 28.613740747037365 29.14176694373774 29.71221176685822 30.340991672987073 31.011997761844988 31.679330825868167 32.274796366656716 32.7724974488708 33.11998919748218 33.22195278635674 33.012291524501045 32.508532192500624 31.78425206980058 30.912113049967505 29.94674267885966 28.930701055051404 27.89529411854574 26.853808858990085
24.012361159969593 23.47402281723395 22.90121887134106 22.301853567310488 21.697209642081326 21.126392936116016 20.607093890114616 20.172476366862064 19.893862256640237 19.895054498343946 20.24927932765254 20.86011381448189 21.594875962357186 22.373853411255855 23.135862609698226 23.83845678960287 24.46774777999584 25.011398106322012 25.475413509601637 25.94397199663236 26.425472748994178 26.913964223990877 27.405625615391127 27.89764146199999 28.38701712306172 28.86950279214092 29.33875722952337 29.828247388586306 30.36479524101461 30.928212690475654 31.44204193849205 31.869572065593843 32.184729699033554 32.35140258814871 32.32284543386959 32.04513823068898 31.52227824477966 30.792619183595875 29.907035270529335 28.91556865068142 27.86457618528113 26.802421169394336 25.80883932519975
23.939989841256963 23.385627081078077 22.793162936257545 22.169833101194904 21.551461874173054 20.95442913138835 20.385582127269394 19.860906616258063 19.434957746063876 19.339295953505847 19.856380079160648 20.660038399438076 21.531258866388132 22.408117306201902 23.262361237171465 24.053377340837535 24.758057599138255 25.36585665602719 25.871134707339277 26.346658805137924 26.82092258878041 27.289043969261158 27.748600513183348 28.198046253921717 28.635322803227343 29.056617996044242 29.455608647758325 29.8586403265381 30.29959343725752 30.740259572641193 31.105803842796 31.378070362905476 31.535705042381046 31.552490700180574 31.403088502508215 31.048719111963326 30.479565156827764 29.719861113470646 28.806215904186804 27.781893017475117 26.70564108013615 25.68237134072075 24.75820147802439
23.91311426417256 23.355080546625366 22.758391300093756 22.13818713855026 21.529902665938113 20.93706491987746 20.36091276887675 19.802599788313533 19.263010122902045 18.80909799875999 19.752834869179058 20.708421084808624 21.662464877357525 22.600241333659397 23.50518703448973 24.35841751149589 25.123936218805564 25.782953049513342 26.32535527191794 26.79005907547054 27.237790704310388 27.666116590987382 28.075027055396884 28.465102333598537 28.835593191126435 29.183302140235046 29.502036664499926 29.815959400357656 30.161186388730695 30.47238036628983 30.699668880356416 30.83027277358788 30.84738636811218 30.73239378495333 30.469402466006972 30.03970418568204 29.416488970838227 28.61421379311682 27.661269665348463 26.59562220517279 25.547244702284864 24.582007334400238 23.728183917148005
23.929613794948736 23.380890376155033 22.796892611703427 22.20688434349542 21.634909571064036 21.08407943697615 20.560935842187035 20.081704888765138 19.701705526705613 19.65391979822666 20.222595917881563 21.083005255524103 22.01576450653785 22.957942750958523 23.87860161102376 24.75323894244572 25.557814314468736 26.25594002549943 26.826271097245446 27.274308238068507 27.6760990931961 28.04515733800012 28.385395260013173 28.700442826143103 28.991250842446835 29.255257187467837 29.48632359807978 29.71071387541181 29.957240282761138 30.145032271173598 30.245722162440703 30.24854128614854 30.140340836161922 29.907625009635737 29.539781531849364 29.029673499326865 28.347027920878826 27.49451818465661 26.494390738645592 25.415131009290786 24.42623209150246 23.514891492547036 22.722208941060533
23.98409444551948 23.45607015623123 22.903290206456596 22.363701081567076 21.851314086021848 21.373400904664816 20.945887568605613 20.602730133902448 20.417010985464618 20.515042630253003 20.97267551464899 21.694996074890945 22.549254428668878 23.454310828350376 24.36262933540977 25.239400694195112 26.0529964615792 26.772082814973025 27.360961227097828 27.796774562428627 28.132621963099467 28.422328973621653 28.676358660327978 28.902381537971937 29.102943885919842 29.27567685876201 29.414132577547036 29.55109401576915 29.698853545133048 29.774207224745812 29.76091798755125 29.64997163054912 29.431030070942654 29.094123436135362 28.631979015039487 28.042423729970416 27.301104433977315 26.396692748831995 25.35717174025113 24.321019444005152 23.388551831339985 22.523778388106187 21.77515683228964
24.07198265900911 23.57378366884779 23.068470203892378 22.593709957447867 22.156917630327563 21.767952114531653 21.447703969519733 21.232647428109217 21.178718493150132 21.349370759277996 21.772064883207573 22.407216935376066 23.181887979822864 24.032961570918122 24.912538307371655 25.781336399181377 26.600943380400754 27.328435836404058 27.918267465835534 28.339472648028224 28.599688933105178 28.788610968544038 28.93991357204675 29.065484037877436 29.168291623984434 29.24508604010348 29.28957793688083 29.343221010066202 29.39726116824289 29.37236882878865 29.258527749129343 29.048229710199617 28.73335003073199 28.306505866333413 27.762760934532977 27.101424506647 26.31005132880454 25.375912744329916 24.33616004885842 23.362498364667907 22.488726013889828 21.666628493736866 20.940443267100218
24.18157050156115 23.718965554873535 23.274595426625527 22.87642754325269 22.52365184822707 22.226126852208424 22.00535349011584 21.892979140756207 21.925059253081695 22.13105802477001 22.526581579781737 23.09522638926847 23.79827736042744 24.591828489853356 25.43553352504825 26.292331689339065 27.12294034530859 27.8759208330153 28.478653316378928 28.867901931997007 29.055856051851585 29.126114336401145 29.1617256428676 29.180134626414567 29.182025028608294 29.161707489961458 29.11575181246593 29.09175023444656 29.061163315152154 28.94929500566531 28.749098195167804 28.45443244883627 28.05904463199281 27.55764654843769 26.949233275963145 26.241201499791572 25.428995736207042 24.486027439232807 23.482668815950245 22.582772574706844 21.781816982206003 21.015140662686125 20.307158432957902
24.30147073908224 23.87290152292495 23.505185434377548 23.194490958562078 22.927406612183816 22.71506465198738 22.575636582003938 22.52534246633838 22.594497078173674 22.808454047293765 23.178002431841737 23.695379228994568 24.33805478793903 25.076470715255223 25.87989418343964 26.718182134499664 27.559282757060565 28.35799566920979 29.012317928408677 29.349821846780433 29.430054796426404 29.393185138977902 29.318663148670616 29.235277339284 29.13728718437076 29.022469598485944 28.895093161743517 28.800688732535512 28.697446778369283 28.512771767212307 28.24123589229789 27.879567626891678 27.425107959993817 26.87675911459432 26.23537570123016 25.505943006716393 24.688691211107074 23.755047513480143 22.820840052197656 22.012815990612708 21.312819324034557 20.6422484372748 20.007705235973074
24.438855534642396 24.01836563755409 23.764305414909835 23.544068387658474 23.353885313869664 23.200578613994214 23.10066101674191 23.08088908811204 23.16601176307887 23.374790537735233 23.71592617633296 24.186219805424038 24.77216167221747 25.45369133389818 26.207848805658106 27.011024498206087 27.839782693381572 28.670438032723272 29.468638882299558 29.689280264682633 29.634648495166573 29.53631037548967 29.390313066952885 29.227450075733096 29.051340586849538 28.845976128162466 28.648512083996536 28.49107227563698 28.32989831766037 28.091086094872324 27.770395752720233 27.361836544003115 26.86360424821333 26.278941008316746 25.613437787929165 24.875659146903534 24.06843270800052 23.166415983567727 22.323600961062866 21.630010618244032 21.06929142919065 20.559345145289583 20.10955903628511
24.68462422289509 24.31398900977772 24.10106713397399 23.9303750002439 23.772943315614494 23.642350049594597 23.5615766084816 23.55318979831956 23.637215251128225 23.828650370432353 24.13520594402665 24.556242958715515 25.083357028997078 25.7021159111252 26.393925553026666 27.13710144709825 27.906099511356985 28.66422704633947 29.312215541712288 29.582684602361365 29.582378946043548 29.496133979277012 29.35200468300164 29.150284792234498 28.916415427374133 28.6589429446402 28.41480297213562 28.203540061019606 27.998323239307517 27.714358513014677 27.344313245413147 26.89081184185847 26.35766525763784 25.750479000456068 25.077205174579138 24.348572684027275 23.56858306709887 22.719840923384485 21.974284585020314 21.400984441043274 20.996839823214035 20.688110985809352 20.490014639270925
25.02389949428351 24.729634279473363 24.502663317782538 24.31999957362852 24.16065544498655 24.032947734525077 23.953206655288135 23.939233872347064 24.007242760353666 24.169700826845794 24.433701889971044 24.800076316194154 25.263327671177084 25.812099378197445 26.429550078747475 27.092751478954476 27.76945211391584 28.408294669305818 28.921406989463765 29.216366748978178 29.31101865908648 29.282193490316548 29.170910075806734 28.98919679428449 28.73721406011434 28.454953928053367 28.196006111567844 27.948157125772248 27.693847709795815 27.36444990196134 26.955011647982914 26.470262029211476 25.916352734927685 25.3013566868592 24.635673150152982 23.9323131151193 23.193056981385578 22.40338514927057 21.75112356722434 21.29977222482494 21.054518452320075 20.956976124576727 21.004310947499082
25.3549099141905 25.11282484512621 24.880898356636973 24.67803508019233 24.504160448631886 24.364595427731977 24.270918823876013 24.236942607891766 24.27589919363296 24.3984782761619 24.611411722100872 24.916536942613433 25.31025977899308 25.78319012165766 26.319565896713097 26.89594751312997 27.47861920143828 28.020187754545645 28.461988238324665 28.757808411250537 28.90498138661277 28.931569891291133 28.863454226480034 28.71367956380552 28.49276856524956 28.247230185291105 27.982188462689738 27.70605774800924 27.412722531419497 27.050440560834275 26.614193570896028 26.110960976745183 25.54931341083998 24.93981579072833 24.295302360420127 23.627918338164655 22.9320562993223 22.203942788760404 21.639009926253937 21.302417046961416 21.200349707279976 21.300968517229936 21.562149679454258
25.650895692706666 25.43906988950657 25.20358202515411 24.983788745972337 24.790486641635013 24.62964205021586 24.510730907230528 24.445039693076197 24.443793598532096 24.51659501521565 24.67018487718278 24.90745266467406 25.226582266399717 25.6201829701179 26.074262613316645 26.567014979697458 27.06778548026019 27.537706250333333 27.93522373771976 28.228152755239687 28.406224237646533 28.476430936337373 28.45041223378014 28.337008353933808 28.175752955409152 27.982150814193986 27.74589373461159 27.471903085830103 27.16495688506987 26.785128785835322 26.333484089886383 25.823216250931992 25.26529720451924 24.672729370315853 24.05702889195174 23.429316688890722 22.78101219458791 22.114591524493548 21.62511659420088 21.388526536194444 21.409713715061482 21.676490406911995 22.107305404540497
25.89490529662795 25.698287239988225 25.463580064481985 25.2272717854989 25.011543292129513 24.823102560345873 24.670578418650294 24.56386781446631 24.513051145664992 24.527292487865775 24.61383212392798 24.777021328700663 25.017287317423037 25.329940275853364 25.703875098141605 26.12049268019207 26.553550664290576 26.971054302369186 27.339639044877227 27.63137891058459 27.831799374133958 27.937183742066896 27.94935163090989 27.89346911886498 27.79540014947248 27.642087812999844 27.440080824390726 27.1955080753954 26.913483090193235 26.567882831373375 26.12219603618979 25.617002562512205 25.072437327514084 24.50323003255196 23.918828973540595 23.33561845267785 22.73674854234026 22.13150330425704 21.70118348887486 21.538831719409686 21.641413553431427 21.996753704967045 22.539272242988982
26.071929060595572 25.888973227324353 25.658948005140044 25.4054781008029 25.164554677030075 24.943813277468927 24.75136999536231 24.596321812178036 24.488173358958193 24.43615727905761 24.448516957876198 24.531674097741178 24.68912338774888 24.919946570896727 25.21709193629339 25.565993211712712 25.944458352103183 26.32466327958689 26.675703310144623 26.970510727010776 27.191181578073454 27.327414984641518 27.390733890163272 27.406909631551475 27.35702760064308 27.24513592748481 27.078895590785212 26.864991153686308 26.609341310928432 26.31047220076585 25.90936174108776 25.441392631243502 24.934169939385203 24.399136640614547 23.85493350693476 23.313912376408442 22.75815857370334 22.202083711682832 21.78865658615152 21.6537668716329 21.795128874408494 22.197772719625988 22.82480361867997
26.180276545504018 26.01031940711705 25.785977948664918 25.519520605840988 25.250953087102353 24.994389857898806 24.757398895736227 24.548462858597894 24.376753939912142 24.251840534864694 24.183340926208395 24.180382044864743 24.250571030509157 24.398178864145702 24.621591438758887 24.910864970304768 25.24688962145138 25.60301822277904 25.94695744962483 26.25079491412126 26.492988569521252 26.675162848087712 26.813247832467802 26.884636658013157 26.881184985603774 26.810544027563658 26.680113014071118 26.496829768850205 26.267176516529595 25.997298769666997 25.657362108660838 25.230903832585273 24.76189758726074 24.2662594765506 23.76595251039418 23.259558937600328 22.74238720097502 22.233819558653735 21.824416729595647 21.695914643404148 21.853394685329878 22.28026027431641 22.94651024141502
