_RESULTS/CROSS_VALIDATION_POSTPROCESSED_80-20/MHZ/TZ/7comp/3/MHZ_TZ_z_63_kriged_reverse_7comp_spherical_3.asc
ncols 100
nrows 81
xllcorner 5.5967107548124995
yllcorner 50.982328804812504
cellsize 0.00017565037499993607
nodata_value 1.7014100000000001E+038
[rows 19 to 37 of 81, columns 44 to 87 of 100]
0.453882626343189 0.44806132268235793 0.44298947401535266 0.4375541601204432 0.43091383706708664 0.42339978023803476 0.4380222965982794 0.5630601430336627 0.7369673467401181 0.9464379594186016 1.1871313845105649 1.4491188432510709 1.7229262100076976 1.9946949248191421 2.2485405347902483 2.468614474961368 2.635874595797114 2.727578382056427 2.744883309929073 2.7169067986674076 2.6648998287646752 2.600164557686751 2.525141498204499 2.4156382009012285 2.2744138227832007 2.1097819698435516 1.9299746282397816 1.7455665670128506 1.5724634565442386 1.420534597069083 1.2909275611070323 1.182725276831854 1.0939848344084753 1.0230675629207888 0.9687127740798218 0.9285938950742254 0.9033057319462584 0.8978154123589602 0.9261871010798268 1.0147052167767585 1.1772715504999092 1.3975443805134595 1.644897722438854 1.8898327793713496
0.46853629875480884 0.46511803197145885 0.46260788845967316 0.4599573062238392 0.4566993259932326 0.45499321087383987 0.48258617436133305 0.6083092231078691 0.793938063874647 1.0234706006917391 1.2879365791191233 1.5705454445967597 1.8500148976511575 2.1145711220792274 2.350753717201047 2.5439923006929037 2.681357293328951 2.75503077897606 2.770314969073265 2.7439720059730965 2.692538745025998 2.62694195958521 2.5512079212987473 2.442961079477513 2.2990614362179156 2.1286884495005207 1.9445250073232154 1.7585976467987146 1.5971941014192441 1.457394708208044 1.335678446481094 1.23186085100849 1.1486785426496593 1.0853463578752287 1.041486947190405 1.0160057890609373 1.0117765551491682 1.0360567522516926 1.102037330921278 1.2272444334093586 1.4191669626599772 1.6648661103500952 1.938366292832279 2.2025137764225065
0.49309940171476263 0.49504007038702663 0.49920454854946883 0.5056498395199854 0.5165236933436725 0.5399587656178234 0.5983168731002062 0.7210040593006186 0.9106585610684139 1.1549858440980059 1.4314168963610752 1.718626621888594 1.993365398375759 2.2388579089413203 2.446111704041168 2.605009218892585 2.7104254124600358 2.7629644065555716 2.769891257886263 2.742891828696745 2.6932885057989164 2.6288631968186973 2.5529877727761234 2.447536721236366 2.3011379196270876 2.1303660746034474 1.9476967856204865 1.7672953126576654 1.617616657215363 1.4916429967940912 1.3826859760463592 1.2895113037207597 1.2123317004966943 1.1568761788777626 1.1246192499686032 1.1149729724133635 1.1326217808760535 1.1861580380146122 1.2884831845182225 1.4542472829837452 1.6846466817214671 1.9720517136965245 2.2890390439554333 2.5823948394129017
0.5270244831982037 0.5371422595141666 0.5514719474104168 0.5714246788372506 0.6010455579748699 0.6495622314883728 0.7339643656693415 0.8738871548296177 1.0771458575810748 1.3293877723503638 1.608536769932186 1.8927470383256026 2.1530907333765392 2.3682075380156755 2.535452603427214 2.651954908019804 2.72050860214829 2.7475659951490745 2.741590778453369 2.71124879432127 2.663351853687408 2.601587990335857 2.5292682855258115 2.4325589456385495 2.2935422798031038 2.129536068188538 1.9534953037461296 1.7828920730476532 1.6448998738570748 1.5334914617422395 1.4377722686467842 1.3568549182920224 1.2907283096143782 1.2410536616360195 1.2155285788257153 1.217384853001557 1.2537221880026226 1.3335266012198295 1.4691755400201008 1.6700066246904022 1.9454613241052052 2.292363960396392 2.68182831792264 3.030887522576519
0.5692714024549433 0.5898931035717253 0.6166688275669528 0.652535036476486 0.7034118588895697 0.7783528943912629 0.8903529221291518 1.0556696241916157 1.2735455848955866 1.5319940756839012 1.8127759017116711 2.089254679245544 2.3262892515823896 2.499807055325566 2.615226363317848 2.680345754670894 2.705941725551367 2.7026347055518767 2.6793343746374383 2.6426055019112824 2.5999327560595784 2.55311349890538 2.4945176394576656 2.407850462249401 2.279428155838796 2.125021103387202 1.9591258709076707 1.8014769182457369 1.6770267711853482 1.58074347432361 1.4995160308460325 1.431502476393831 1.377381117544988 1.3386475571633332 1.317392376280544 1.3247447645456853 1.369596023741166 1.4642074173159483 1.6189129492377516 1.8459530064052179 2.16300615247349 2.5818370935720942 3.090555097806546 3.576518222287875
0.6163508282372343 0.6521571287202823 0.6938496578822786 0.7485555250289048 0.822247592422496 0.9234754662001172 1.0639837937424514 1.251989544403563 1.4827360545302708 1.748433201634742 2.0329057371085555 2.301218410384928 2.508289170109323 2.6274505318807235 2.677659907226317 2.68198336269781 2.6586090890949405 2.6201835054174305 2.575949105998837 2.5389721937679877 2.510551509911248 2.4846618558655242 2.4463519248007017 2.369013437805677 2.251932086865223 2.109803824713566 1.9588520883936171 1.8180827817851384 1.7102322589537415 1.63070386031498 1.5656831391133652 1.5114755793589745 1.4692149701313792 1.4406640394298678 1.42604984959138 1.433449464823348 1.478849003101458 1.5715751331634393 1.7220606620732968 1.9601989343458293 2.310889011401358 2.7873307190424668 3.408217948717998 4.175611871254955
0.666008888539372 0.7226009979927098 0.7844967169230274 0.8580547815373306 0.9538334424094791 1.0800836102820057 1.2449567812622928 1.4472755145829364 1.6869485351176932 1.9598267237247213 2.2509837278182356 2.518059710618483 2.692952912210648 2.7402224327510876 2.7093628957012483 2.644941692807065 2.568819487669654 2.4942196408573842 2.4374004049888542 2.400886697229206 2.3835685402093123 2.38140517606715 2.3782490993926033 2.3109604869952007 2.1986698784333583 2.074443572248901 1.9464681130878954 1.8283780941818626 1.741460421298404 1.6814483484144185 1.6347237269408035 1.5954807547388452 1.5650475299203017 1.544283075994233 1.534502699761851 1.5399723531537342 1.57572982981765 1.6516050871885881 1.7900459524084846 2.0196796649023585 2.3690678012639124 2.8457471085311608 3.4315297422486033 4.014071242171538
0.7191228890301962 0.796056963415361 0.8812647122876622 0.9778614587951463 1.0934967907068474 1.2412606691303274 1.4183989335130127 1.6260763782183207 1.865790014091624 2.1388208715342785 2.4342735519125367 2.717729970874252 2.8725155168894885 2.813423319929526 2.6874703653236853 2.554369097914653 2.429981616460939 2.331718568236641 2.262129094802581 2.2207440058773793 2.206263969740533 2.215823758709474 2.241213368822769 2.1923696998955835 2.0981079775034734 2.009492758702335 1.917273202229547 1.8298840710899018 1.7692659599285054 1.732403548736929 1.7062622960237022 1.6833223102697268 1.6644613996011557 1.6493549930753866 1.6410427750084062 1.6432295276830784 1.6641524622625814 1.7186825121228206 1.8270154156563447 2.029686437762153 2.3559969437124373 2.7835541558911068 3.2582672550212814 3.6490478324384594
0.7742804386836015 0.869893881073628 0.9775590827506031 1.098400585844799 1.2355356205012895 1.3952589914845464 1.5731099973490363 1.7736762126008165 2.0011385892647175 2.254666482700973 2.5277198919052095 2.8086654604138324 2.9803711986753494 2.778127509546682 2.5812267293388276 2.3996048024206535 2.249154224784576 2.1332566745610886 2.0508162325831 2.000723853916236 1.9804857283377597 1.9833368201127404 1.9945268531056375 1.9837235559988966 1.9498990897435005 1.9144737097674664 1.8712843324405541 1.8233067507838645 1.794494541943795 1.784734653082027 1.7813820133833174 1.7760605718634679 1.767613221536827 1.7571222602004346 1.7482252271703784 1.7514084598236361 1.7632832693554215 1.7900755634101175 1.8461922535907516 2.004536084926028 2.322602564461909 2.6948968586415356 3.070233209909552 3.364308574764116
0.8288027485063099 0.9408169629979779 1.0683035836821442 1.21113984838213 1.3696633171976353 1.532883731012638 1.7003349084108346 1.8835290332869188 2.083051596731329 2.2931429092961317 2.5009485225543515 2.674100734719217 2.7191195430416366 2.5816413186008424 2.383297243141193 2.192833332742103 2.032899929996772 1.9060213685042233 1.812985053964303 1.7536918476017211 1.7259206178154438 1.7234470892021545 1.74392641960454 1.767507154403283 1.7861604014303276 1.8021770746919463 1.8141804075341252 1.8129093127623046 1.8204990318403307 1.841432882064982 1.8626490696817204 1.8746171577732464 1.8760616147974005 1.8699450744065502 1.866810985827325 1.877614094905709 1.8877703547117868 1.8996487329832716 1.931527880211822 2.0598109278302403 2.3414023164609428 2.64954812005017 2.939659641160504 3.1645408800195134
0.8792545390586788 1.0051390581308592 1.148935108952193 1.3095645661797028 1.483259463328701 1.647634078650432 1.7988466403593757 1.9558208543800482 2.11574672831046 2.269098684794328 2.3983934078120615 2.4723792075549396 2.448440492067114 2.3188922635151457 2.137436847758056 1.9574624674882726 1.7975342652151192 1.6650981878221778 1.564173857729289 1.4972799791888307 1.4646661099118916 1.4685297852032688 1.5081720616504308 1.565462683983171 1.6294345415760976 1.6939235786954085 1.7545455739524467 1.8045623235540924 1.8515181370083598 1.905798043542314 1.9521832899708418 1.9807595379181044 1.9923721200059807 1.9941002922799396 2.0056661482114913 2.026008153195293 2.0424360314282097 2.0597793944573586 2.109420850087214 2.2311549541053752 2.433999019342982 2.6669147792844643 2.883022136041102 3.044328338542521
0.9224070607691854 1.0594207267220752 1.215523785321979 1.3885021163437659 1.569892036249636 1.7346041021160905 1.8715936203507972 1.9963764025622932 2.1123660853599 2.2096109870384595 2.2738886933409943 2.281559646146356 2.2115629541871447 2.070478865837394 1.8984325018372568 1.724649032605088 1.5647599396397993 1.4288555669596705 1.321511389948803 1.2481363933986218 1.2156699578833048 1.232959100583763 1.2947639410828797 1.384460559287012 1.4888358969636908 1.5982036800264519 1.7045805358189865 1.801094502368788 1.8893010608557994 1.977974245371162 2.047521643298728 2.0919776148847107 2.1135374064579446 2.1329255629481056 2.1617446593182676 2.1942814714349486 2.221295916708673 2.2491751537019473 2.304824770372786 2.4115059864203854 2.5643534474591725 2.7350112571121783 2.8898653468966575 2.998081155696081
0.9558305844307502 1.1011043780717606 1.2652959516081876 1.4458904179197718 1.6315454346164353 1.7950105150993476 1.9241021228582484 2.027570165276729 2.1201916574521484 2.187890852071324 2.2131480625601574 2.1786446376666393 2.074576982325506 1.9182696169971698 1.7416543396267372 1.560396440546169 1.387412519031539 1.2333058222347522 1.1074787513829678 1.0215026904462468 0.992567641668964 1.0227504663752784 1.1067437590013531 1.2279135368613614 1.3704637964547552 1.5230209679213444 1.6753240498866184 1.8177075190033272 1.9428401102557293 2.0610945521161526 2.1514727115752414 2.2086439362494223 2.2434206008096447 2.2801101425147112 2.3251779725672868 2.3706875131503713 2.410491719567753 2.4489772360301343 2.503296755393757 2.594662966653926 2.7126153907967456 2.838021588173299 2.946519356500691 3.0135494156205276
0.9847338326407961 1.1363605819186746 1.3064272515928288 1.4917264500579734 1.6777161643007479 1.8522219701181293 2.0020466455111263 2.111946843268893 2.1945307286558258 2.2417669365508783 2.2379154576153844 2.1699501840602187 2.0366168935170936 1.8637279861860958 1.6737112754826775 1.4774402365108394 1.2863161950340662 1.11047506074129 0.9602558464107496 0.8519165455579557 0.8058724796311487 0.8421904824645023 0.9512257081417678 1.1040703704375454 1.2828099457773248 1.4770128660519295 1.6758725094076241 1.8655816001108747 2.031241560454058 2.1658162208315366 2.267299359246795 2.3319291579210475 2.380497305316423 2.4297495393966426 2.487259180084988 2.5437906489463398 2.5942769322490724 2.6416297347453006 2.6961705426477725 2.77595895979458 2.8693232448587573 2.963916224158951 3.0407941998183787 3.079567203540562
1.0178636743475318 1.1773909385963421 1.353209957943795 1.5509277340308338 1.7641748900397751 1.9670114789651916 2.1403740258397437 2.262366437573802 2.3410296775336863 2.3767651401955128 2.3507963522389397 2.253848089475813 2.094754096796773 1.9023227110375376 1.6918085499457405 1.4737076724105675 1.259353776861997 1.0604846409111326 0.8876261921781455 0.7477945713609196 0.668404820214954 0.7166277451667313 0.845711926497347 1.0228975682806878 1.2338042936923488 1.4668728125546164 1.7114954186508595 1.9507977308855606 2.162820606250844 2.3148284479176264 2.4117408282416637 2.4682861888146177 2.5184756331616116 2.572808497014755 2.637110246765509 2.701552113095871 2.7601762314601572 2.81432479121955 2.87043781408607 2.944016354225592 3.0249517148950478 3.101458713459925 3.160953153566777 3.185625477944899
1.0598255105076921 1.2271803812194404 1.424429269355727 1.6589214740490859 1.9111163626284382 2.15204731328766 2.358518581551338 2.5033208446922686 2.5803397676569557 2.6028050861552163 2.558643585369898 2.4398568937331406 2.2568885093688826 2.039667228962859 1.8014434446034355 1.5544428816041087 1.3157248914698767 1.096133401860679 0.90251871208088 0.7390236784070658 0.6152024121302223 0.6884319774609163 0.8259901024056903 1.0026897946853974 1.2264704719706572 1.493797939428053 1.78555703614325 2.081003947645937 2.342851355543599 2.5189642450768055 2.599663983087166 2.634719096976177 2.665406935594365 2.7052695758645613 2.7639009809554898 2.830506379673639 2.8947081464630022 2.9546606142389926 3.013207845168604 3.0846881698988264 3.163136954379684 3.2368513410012496 3.2931386711272754 3.3210938595911044
1.1121579816033338 1.3049851233063683 1.5418063189813107 1.8221218441490827 2.1253853480692873 2.4170909850448794 2.66805094660462 2.8410911727818515 2.921638272011699 2.9300972540471246 2.8619745628888933 2.7237672598110723 2.524972863612335 2.285925992337357 2.0193616015512106 1.7433517432894383 1.4759707359894891 1.2307693012533214 1.020419398290723 0.8574840643813945 0.7694409334304246 0.7922497598863052 0.8970577145165278 1.0569385293224285 1.2731648280107435 1.5552937451011952 1.8968798496673434 2.2611361112065618 2.582471310687896 2.7815152867674806 2.839823069140288 2.834048397175246 2.8304417652833687 2.8452606838028016 2.886943895380337 2.9455676966794417 3.005723676479383 3.0649622219858697 3.1229003517531426 3.1966714799912808 3.281236641621519 3.3677846317942834 3.44453965508498 3.49989240595633
1.1924152968375978 1.4235004960858268 1.7081985500141001 2.0445126396527327 2.3989391440445056 2.7264793701789527 2.998193540560619 3.182627046757557 3.2620704813936037 3.2580441986926383 3.1777528282829564 3.027344401547746 2.821256648815923 2.5883197000082543 2.325091409873069 2.0421069037658404 1.7533181903942496 1.4785066810690022 1.2443082193469055 1.0725074286284535 0.9791538706054186 0.9725286962074016 1.042345033619611 1.1768089647653903 1.3784630542736054 1.6583980532020555 2.0361327551604185 2.48418333901652 2.8953464345832223 3.1055075716386766 3.1095346183366837 3.0505995555528727 3.001092300699676 2.985989454845326 3.008107613282399 3.0583216198081735 3.11433681440598 3.1687083299227683 3.2242437292299737 3.3001877639996726 3.394454970785463 3.5018370013853093 3.6117054328530385 3.712594981159588
1.3213517407981492 1.5966560089107285 1.9190008598436856 2.277644104224164 2.6534922734385673 2.9999122971872785 3.286475371504227 3.4815394999949865 3.566183192220266 3.5718079602074524 3.5021873248972026 3.3586415613320724 3.1569269582162724 2.9291816266771775 2.6784528782676986 2.3981377344472468 2.106221961119853 1.8255087086474882 1.577178639283895 1.3789908547543492 1.2556954401887854 1.2142600795612501 1.2478245487947426 1.352251324387395 1.5320167378624907 1.8012659986421677 2.1809523308540038 2.6886729450356324 3.2625819659743462 3.4359936466686003 3.330597297778369 3.2319050789838557 3.155612525755342 3.1144229385577527 3.1190685509955114 3.1618311572751403 3.2135754800411096 3.260850118213157 3.3163110954255384 3.395695303400529 3.498503298241746 3.623820767713812 3.7694473754000772 3.9272369296777376
