_RESULTS/CROSS_VALIDATION_POSTPROCESSED_80-20/Berg/GZ/3comp/3/Berg_GZ_z_500_kriged_reverse_3comp_spherical_3.asc
ncols 100
nrows 90
xllcorner 5.6208707817415728
yllcorner 50.959635321741573
cellsize 0.00013419651685393446
nodata_value 1.7014100000000001E+038
[rows 72 to 89 of 90, columns 42 to 83 of 100]
0.0009744873461794557 0.000848377336600556 0.0007936172118035077 0.0008009403502843661 0.0008714852517285674 0.0010169195678603146 0.0012611102471711724 0.0016342122185861734 0.002152057257426253 0.002852378333533399 0.0037760751124551292 0.004957779749247082 0.0064167887406867295 0.008145102955132492 0.01011450130899617 0.012358082861502124 0.014909703176534882 0.017572257876198143 0.020021346965656387 0.021830272806031375 0.02332451405924423 0.025183247113743094 0.027376855077725467 0.02985963600412588 0.03244823548661379 0.03493933963304676 0.037122745499843755 0.038784797329027995 0.03973883755552668 0.039855147672251255 0.03908251718926888 0.03745573361865857 0.035420652671523355 0.0337003644362163 0.03243297448274106 0.03173950854632601 0.031648680286346306 0.031648680286346306 0.031648680286346306 0.031648680286346306 0.031648680286346306 0.031648680286346306
0.0005269147803850226 0.00044655349774396543 0.0004120767496160823 0.00041648304389726824 0.0004606672011808228 0.000553600757585148 0.0007140792735988603 0.0009740449065504106 0.0013804259773737293 0.001975871201443058 0.0028203758752897608 0.003982112770923244 0.005523390091357764 0.007482980165585884 0.009852526446052126 0.012550494415248607 0.015417891244631736 0.0183909927501468 0.02118449107469403 0.023340405094291652 0.024594644016765536 0.02598033306729832 0.027617516855800692 0.029406941381845388 0.03122405231516202 0.032921991375033606 0.03434177494988985 0.03532882690640588 0.035752974696548576 0.03552745625069209 0.034623705566338474 0.03347913243432521 0.032517661829935186 0.03186497185528918 0.031648680286346306 0.031648680286346306 0.031648680286346306 0.031648680286346306 0.031648680286346306 0.031648680286346306 0.031648680286346306 0.031648680286346306
0.000278145293392551 0.0002280584477368498 0.000206950437557537 0.00020963427090098642 0.0002367686559035912 0.0002950251834551197 0.00039873311229356715 0.0005731397310331665 0.0008593821164682514 0.0013208555059625116 0.0020354131673530357 0.0030898761735301144 0.0045868435420486076 0.006618081603494389 0.00923306797067148 0.01239771648320501 0.015951887587508307 0.019581737214910466 0.022838692127880138 0.0253419910867848 0.026597828239985626 0.02741977760171487 0.028456038309228902 0.029607408404316346 0.030762201370052072 0.03179890053148715 0.032593650733968416 0.03303162758955464 0.03302018852116959 0.0325743547813217 0.03210308455216565 0.03175901864976058 0.031648680286346306 0.031648680286346306 0.031648680286346306 0.031648680286346306 0.031648680286346306 0.031648680286346306 0.031648680286346306 0.031648680286346306 0.031648680286346306 0.031648680286346306
0.00014469765502721872 0.00011373706669589002 0.00010095860258306433 0.0001025734851465181 0.00011905962637270787 0.00015530956586943615 0.00022210509226344114 0.00033914047838159674 0.0005398906755170125 0.0008783829895818227 0.0014370872900059469 0.002333153370244532 0.003698090195279386 0.005664948149181886 0.008344497561368533 0.011765915110040492 0.015812825667731546 0.020169193718506093 0.024306500606772696 0.027544542844658584 0.029199586467003564 0.029520234399709723 0.02995198309157295 0.03049430479973207 0.031042800905383312 0.031492502879944595 0.031742901239871626 0.03173029072285801 0.03166440408004649 0.031648680286346306 0.031648680286346306 0.031648680286346306 0.031648680286346306 0.031648680286346306 0.031648680286346306 0.031648680286346306 0.031648680286346306 0.031648680286346306 0.031648680286346306 0.031648680286346306 0.031648680286346306 0.031648680286346306
7.514842665099176e-05 5.584966516837465e-05 4.807576524780188e-05 4.9051135783614226e-05 5.91233504293559e-05 8.189177214709849e-05 0.00012550268445001302 0.00020537747866924616 0.000348800440307027 0.0006016990783377477 0.0010373019206023047 0.0017647640449784936 0.0029330606250651315 0.004721920655437897 0.007305643751270136 0.010767264679174987 0.015046284715882307 0.019854184829630573 0.02463260457089412 0.028602720911802302 0.030929975817104105 0.03132584187091 0.0314668724950772 0.03159397270371572 0.031648680286346306 0.031648680286346306 0.031648680286346306 0.031648680286346306 0.031648680286346306 0.031648680286346306 0.031648680286346306 0.031648680286346306 0.031648680286346306 0.031648680286346306 0.031648680286346306 0.031648680286346306 0.031648680286346306 0.031648680286346306 0.031648680286346306 0.031648680286346306 0.031648680286346306 0.031648680286346306
3.974258406052229e-05 2.7330750443384034e-05 2.246435357320896e-05 2.3070032466561037e-05 2.940512475818715e-05 4.417170742753403e-05 7.366350058300589e-05 0.00013021491541064935 0.00023646101013905004 0.00043193317167482297 0.000782027919527264 0.0013879748556934724 0.0023936995671317704 0.003981625632452493 0.006346138254161344 0.009634367814682607 0.013854064688415652 0.018770007365649488 0.023837467764021594 0.028235594624528067 0.031041770392944847 0.031648680286346306 0.031648680286346306 0.031648680286346306 0.031648680286346306 0.031648680286346306 0.031648680286346306 0.031648680286346306 0.031648680286346306 0.031648680286346306 0.031648680286346306 0.031648680286346306 0.031648680286346306 0.031648680286346306 0.031648680286346306 0.031648680286346306 0.031648680286346306 0.031648680286346306 0.031648680286346306 0.031648680286346306 0.031648680286346306 0.031648680286346306
2.2143529374250613e-05 1.3628532364695742e-05 1.0366520965783386e-05 1.0770210318027353e-05 1.5032472585338263e-05 2.52425446779041e-05 4.646776939788893e-05 8.89672282139358e-05 0.00017215003038200758 0.00033093716899687564 0.0006247976715689078 0.0011484823067284056 0.0020408471087375456 0.0034841480708391413 0.005682208354107637 0.008805545470178191 0.012900213036079466 0.017778254725855026 0.022936617073471235 0.027570538988983023 0.030731515236410892 0.031648680286346306 0.031648680286346306 0.031648680286346306 0.031648680286346306 0.031648680286346306 0.031648680286346306 0.031648680286346306 0.031648680286346306 0.031648680286346306 0.031648680286346306 0.031648680286346306 0.031648680286346306 0.031648680286346306 0.031648680286346306 0.031648680286346306 0.031648680286346306 0.031648680286346306 0.031648680286346306 0.031648680286346306 0.031648680286346306 0.031648680286346306
1.3833143535731647e-05 7.307270020592817e-06 4.7804403955182225e-06 5.09935189887536e-06 8.380152397340564e-06 1.6228782123989744e-05 3.300258423134134e-05 6.773656671133822e-05 0.0001378695104491397 0.0002754229214602899 0.0005360137533112478 0.0010099801375367333 0.0018323557622182268 0.0031843510751587947 0.005274631551960508 0.008287564196449144 0.01229325607513564 0.017134830886662584 0.02233833695674266 0.027112913408974707 0.030496985439280984 0.031648680286346306 0.031648680286346306 0.031648680286346306 0.031648680286346306 0.031648680286346306 0.031648680286346306 0.031648680286346306 0.031648680286346306 0.031648680286346306 0.031648680286346306 0.031648680286346306 0.031648680286346306 0.031648680286346306 0.031648680286346306 0.031648680286346306 0.031648680286346306 0.031648680286346306 0.031648680286346306 0.031648680286346306 0.031648680286346306 0.031648680286346306
1.0753172047908101e-05 4.914092969471283e-06 2.3664056399497693e-06 2.7581747507012944e-06 5.883548205588231e-06 1.2834907630447136e-05 2.7804945983938468e-05 5.932781487397523e-05 0.0001239817644570965 0.000252494654908568 0.0004987320659093094 0.0009509750723901922 0.0017423865084383778 0.0030534648453790824 0.0050947508299917866 0.008056569010922257 0.012019758378196922 0.0168416849009049 0.022062172601999556 0.026897593402750542 0.030381411864956073 0.031648680286346306 0.031648680286346306 0.031648680286346306 0.031648680286346306 0.031648680286346306 0.031648680286346306 0.031648680286346306 0.031648680286346306 0.031648680286346306 0.031648680286346306 0.031648680286346306 0.031648680286346306 0.031648680286346306 0.031648680286346306 0.031648680286346306 0.031648680286346306 0.031648680286346306 0.031648680286346306 0.031648680286346306 0.031648680286346306 0.031648680286346306
1.1411038123806075e-05 5.364849777975704e-06 2.900705923524686e-06 3.2419571941360475e-06 6.347082680233817e-06 1.3461157987691084e-05 2.8770067559926096e-05 6.090009203981355e-05 0.00012659426822300433 0.00025682986275447125 0.0005058117486981906 0.0009622219706352504 0.0017595922372755197 0.0030785704109687166 0.005129349752662458 0.008101117057605703 0.012072641948997279 0.016898525416375345 0.0221158955865369 0.02693967796812521 0.030404249810046493 0.031648680286346306 0.031648680286346306 0.031648680286346306 0.031648680286346306 0.031648680286346306 0.031648680286346306 0.031648680286346306 0.031648680286346306 0.031648680286346306 0.031648680286346306 0.031648680286346306 0.031648680286346306 0.031648680286346306 0.031648680286346306 0.031648680286346306 0.031648680286346306 0.031648680286346306 0.031648680286346306 0.031648680286346306 0.031648680286346306 0.031648680286346306
1.615464433559545e-05 8.853945156585548e-06 6.139129195394553e-06 6.4732859491587264e-06 9.97284929180553e-06 1.8400156345808953e-05 3.628801514051397e-05 7.298366724391914e-05 0.00014643812939297229 0.00028943407729395014 0.0005586093306098189 0.0010454865026954118 0.0018861516527526776 0.003262162340900305 0.005380997303883247 0.008423453679740709 0.012453324890819656 0.017305466251950705 0.02249805495189198 0.027236279248737918 0.030561740014690114 0.031648680286346306 0.031648680286346306 0.031648680286346306 0.031648680286346306 0.031648680286346306 0.031648680286346306 0.031648680286346306 0.031648680286346306 0.031648680286346306 0.031648680286346306 0.031648680286346306 0.031648680286346306 0.031648680286346306 0.031648680286346306 0.031648680286346306 0.031648680286346306 0.031648680286346306 0.031648680286346306 0.031648680286346306 0.031648680286346306 0.031648680286346306
2.739133343786588e-05 1.7161163711182835e-05 1.3339771590503298e-05 1.379421250639228e-05 1.8590422072399678e-05 2.999273920313163e-05 5.340695273994467e-05 9.96661989489933e-05 0.00018908186225001053 0.00035788001884708414 0.0006672318107349071 0.001213787897726972 0.0021379628705258252 0.0036222430596034388 0.005867992593705484 0.009039276307344878 0.013171314845311883 0.018062515782601495 0.023197478172763603 0.02776616580576074 0.03082678831456208 0.031648680286346306 0.031648680286346306 0.031648680286346306 0.031648680286346306 0.031648680286346306 0.031648680286346306 0.031648680286346306 0.031648680286346306 0.031648680286346306 0.031648680286346306 0.031648680286346306 0.031648680286346306 0.031648680286346306 0.031648680286346306 0.031648680286346306 0.031648680286346306 0.031648680286346306 0.031648680286346306 0.031648680286346306 0.031648680286346306 0.031648680286346306
5.0831560269598404e-05 3.4964707569047806e-05 2.884785757517914e-05 2.951703057645086e-05 3.684456526557809e-05 5.3752760928641945e-05 8.706114941320696e-05 0.00014998731482355335 0.0002665129939668187 0.00047805102244088076 0.0008523489586391567 0.0014930956131573277 0.0025459399333835194 0.004192863239795459 0.006623806098175015 0.009975885558768325 0.014241185405826098 0.019165889772331066 0.02418976142469773 0.028487345909211877 0.031148266410068348 0.031648680286346306 0.031648680286346306 0.031648680286346306 0.031648680286346306 0.031648680286346306 0.031648680286346306 0.031648680286346306 0.031648680286346306 0.031648680286346306 0.031648680286346306 0.031648680286346306 0.031648680286346306 0.031648680286346306 0.031648680286346306 0.031648680286346306 0.031648680286346306 0.031648680286346306 0.031648680286346306 0.031648680286346306 0.031648680286346306 0.031648680286346306
9.800795471905453e-05 7.19454750625485e-05 6.152461721201032e-05 6.247074705771748e-05 7.42698559860489e-05 0.00010069214675037859 0.00015064677441040022 0.0002408059311959533 0.0004002940230369822 0.0006774949651386992 0.001148522524674046 0.0019252445269661049 0.0031579613461237407 0.005024465142999179 0.007695269997671786 0.011268023965341073 0.015676467036145888 0.020601059319258742 0.025431081595963637 0.0293332357292261 0.03145046283314755 0.031648680286346306 0.031648680286346306 0.031648680286346306 0.031648680286346306 0.031648680286346306 0.031648680286346306 0.031648680286346306 0.031648680286346306 0.031648680286346306 0.031648680286346306 0.031648680286346306 0.031648680286346306 0.031648680286346306 0.031648680286346306 0.031648680286346306 0.031648680286346306 0.031648680286346306 0.031648680286346306 0.031648680286346306 0.031648680286346306 0.031648680286346306
0.00019070696329236825 0.00014677369155502196 0.00012856361995211327 0.0001297478567810431 0.00014913654808606773 0.00019142229459282706 0.00026843546567054214 0.0004015342827384619 0.0006265339619118108 0.0010004019414386407 0.0016087580024522377 0.002571406606664334 0.004040435826673677 0.00618270970718736 0.009138117823747167 0.012950221562675371 0.0174798083300377 0.022332637997494652 0.026850170161154614 0.030208714309014964 0.031634001398289084 0.031648680286346306 0.031648680286346306 0.031648680286346306 0.031648680286346306 0.031648680286346306 0.031648680286346306 0.031648680286346306 0.031648680286346306 0.031648680286346306 0.031648680286346306 0.031648680286346306 0.031648680286346306 0.031648680286346306 0.031648680286346306 0.031648680286346306 0.031648680286346306 0.031648680286346306 0.031648680286346306 0.031648680286346306 0.031648680286346306 0.031648680286346306
0.0003679216013126697 0.00029360394526607757 0.00026174466291952646 0.000262892864088092 0.00029474306845489803 0.00036264703809264976 0.00048228985028906177 0.0006809856013100923 0.0010026152417672593 0.0015137384961156132 0.002309322146828649 0.003514647812277161 0.005277581209592932 0.00774367694125054 0.011007926513200093 0.015044309128475049 0.019629053198454552 0.02429187733587608 0.028340126816149943 0.030988113799404114 0.031648680286346306 0.031648680286346306 0.031648680286346306 0.031648680286346306 0.031648680286346306 0.031648680286346306 0.031648680286346306 0.031648680286346306 0.031648680286346306 0.031648680286346306 0.031648680286346306 0.031648680286346306 0.031648680286346306 0.031648680286346306 0.031648680286346306 0.031648680286346306 0.031648680286346306 0.031648680286346306 0.031648680286346306 0.031648680286346306 0.031648680286346306 0.031648680286346306
0.0006953443419547715 0.0005713077133108921 0.0005164927914135599 0.0005169600359847613 0.0005684880843634516 0.0006762316088004532 0.000860593490738764 0.0011558568674760257 0.0016146911357980329 0.0023129574190169817 0.0033526265296964348 0.004858849658207132 0.006965439143183453 0.009782643707220377 0.01334439531771498 0.017541274049456036 0.022059916425300675 0.02636381139658592 0.02975287753369991 0.03151785390666835 0.031648680286346306 0.031648680286346306 0.031648680286346306 0.031648680286346306 0.031648680286346306 0.031648680286346306 0.031648680286346306 0.031648680286346306 0.031648680286346306 0.031648680286346306 0.031648680286346306 0.031648680286346306 0.031648680286346306 0.031648680286346306 0.031648680286346306 0.031648680286346306 0.031648680286346306 0.031648680286346306 0.031648680286346306 0.031648680286346306 0.031648680286346306 0.031648680286346306
0.0012758241971831889 0.0010743560813331794 0.0009829497770050375 0.0009817423776748056 0.0010628792899933564 0.0012297072871726286 0.0015078140792773875 0.001938693341232357 0.0025831409614011833 0.0035238115174457013 0.004864189690639158 0.00671982440723499 0.00919680041178076 0.012353618679133312 0.01614777187640118 0.020378257358736874 0.02464791555355088 0.02837787713244486 0.030900185877602966 0.031648680286346306 0.031648680286346306 0.031648680286346306 0.031648680286346306 0.031648680286346306 0.031648680286346306 0.031648680286346306 0.031648680286346306 0.031648680286346306 0.031648680286346306 0.031648680286346306 0.031648680286346306 0.031648680286346306 0.031648680286346306 0.031648680286346306 0.031648680286346306 0.031648680286346306 0.031648680286346306 0.031648680286346306 0.031648680286346306 0.031648680286346306 0.031648680286346306 0.031648680286346306
