_RESULTS/CROSS_VALIDATION_POSTPROCESSED_80-20/Berg/GZ/5comp/2/Berg_GZ_z_500_kriged_reverse_5comp_spherical_2.asc
ncols 100
nrows 90
xllcorner 5.6208707817415728
yllcorner 50.959635321741573
cellsize 0.00013419651685393446
nodata_value 1.7014100000000001E+038
[rows 19 to 37 of 90, columns 41 to 81 of 100]
0.1879529276137842 0.16661867227635463 0.14438148452362007 0.12244728845566591 0.1020190306491374 0.08407748804880845 0.06962451473201318 0.058319471365740214 0.04966833113499382 0.04324013733190025 0.03868869058722408 0.03576702775462225 0.034341165637874344 0.03441095330738689 0.035913254912605164 0.038239899552412776 0.041493734677073624 0.04568524854993906 0.0506580904944011 0.056393602752470996 0.06270206249603849 0.06901177288327652 0.07423202570125088 0.07687031231190945 0.0759903428888522 0.07239600417284728 0.067435206328881 0.06203680263209175 0.05671414089606439 0.05171445433565893 0.04714266150604206 0.04303104940971667 0.03937546531910405 0.03615409672044988 0.033337427745689464 0.03089364541705214 0.028838594615465653 0.027187246703444225 0.0259078208819902 0.02497753096214365 0.024383273962307217
0.18971679095380886 0.16790546836597936 0.14481365090274975 0.12197212376149523 0.10081829141132059 0.08227987300393684 0.06733919290944486 0.055739369477227636 0.04692225679153117 0.04039950609823161 0.03577597957769667 0.03276295902796728 0.031188021706266576 0.031009569027167068 0.032214282805745134 0.03439263589469809 0.03722649974573619 0.04064989786335392 0.04467846223430141 0.04925326239375347 0.05416587663740854 0.05895197116498775 0.06291749315152652 0.06528700849583104 0.06549025521333589 0.06361329908727766 0.06036199208794916 0.05647497782253144 0.05238390679594759 0.0483579414810554 0.044549246932245774 0.04103582132141814 0.03785111639499183 0.0350026683224108 0.032483494969691405 0.030279054667599777 0.028385133328870202 0.026854402721433804 0.025674314483241038 0.024827828883476573 0.024306437701457562
0.19314218387679716 0.1707918709644148 0.1466574281069248 0.1227631100785886 0.10071970288945441 0.08145959016768226 0.06584822397726074 0.0538187271725848 0.044742415948959446 0.038066433268108324 0.03333986431892003 0.030227427264815653 0.028516502050184238 0.028126598460209283 0.028958796855888994 0.030688427341415254 0.03293765858680986 0.035607859742390696 0.03871794612680178 0.04228139137934281 0.04611461431040685 0.04985626841056163 0.05306689955287902 0.05528684376285714 0.05614240716251227 0.0555116904659108 0.0536057370321843 0.05092001611246932 0.04790045134011213 0.044780553930345156 0.041718110357848656 0.038811876408542334 0.036119031884272006 0.03366905277798093 0.0314736825257112 0.02953380937210302 0.0278450044345046 0.02645933167227666 0.025400165009372717 0.024656905246338096 0.024226333827425915
0.19934776812868177 0.17598289329223638 0.15041427007404046 0.12512616979303012 0.10190062465622791 0.08172269831455338 0.06521237123130179 0.05257435062868646 0.04312253501338891 0.036225319798746415 0.031544060011020406 0.028815695371057843 0.02758342432966301 0.02754911464625517 0.028322735854412282 0.02976186109353874 0.03171405253712362 0.03379428830988641 0.035963223784986245 0.03819234465507805 0.04042838811479791 0.042620266250091035 0.04475907265415672 0.046795904285470966 0.0480472067181744 0.04823383086994263 0.047398851914042604 0.045707857754373554 0.0435588279318314 0.04122119328898994 0.038835371223586775 0.03650172706314224 0.03428769016635155 0.03223587778675327 0.030371241405742325 0.028706732189710045 0.027247580132584374 0.02602665660497392 0.02510519984475275 0.024481224613471273 0.02415715358939186
0.20946162407596333 0.18427058017617176 0.1565951483223896 0.1293708382802087 0.104550591177452 0.08313070342889338 0.0655123650839852 0.05203122120883612 0.042699886463939324 0.03676993587570246 0.033152148031468494 0.031151651639844815 0.030388816020942795 0.03062789071971632 0.03145218447152338 0.03276715017683645 0.03454361324625269 0.03627676923765922 0.03778471222161675 0.03903591668546265 0.039918364560150854 0.04043613511295681 0.04068284011345674 0.0408212656597882 0.04108303570390884 0.04161736964983154 0.0416524903516222 0.04093346910423926 0.03954105175434447 0.03784712045964544 0.03604404413484178 0.03422298490602455 0.032451832613892194 0.030778729254850118 0.02923633531666742 0.027845862514576922 0.026628245989826167 0.025630723194163266 0.02490911757571757 0.024457830406932096 0.0242736174424777
0.22467273640921953 0.19649779828518923 0.16568672954005983 0.1357625881293154 0.10884258046424743 0.08580527624953134 0.06747501307680603 0.055116535503925854 0.04714286451460362 0.04213091113899558 0.03919968261824505 0.03781175815004216 0.037649978971955315 0.03833491550322826 0.03941097219301897 0.040776882231671883 0.04239443828586378 0.043638858828060186 0.04399755889736397 0.04364186408885164 0.04271758543264375 0.041355444298945006 0.039722517292758365 0.03804443813132147 0.036577746818310324 0.03552349424981945 0.03514650136931767 0.03533829508826732 0.03506993668839476 0.03435908981668893 0.033357654620471466 0.03206420525199954 0.030687676518822576 0.029370433555940316 0.028238623410736102 0.027294110040705827 0.02650637208947102 0.025857955743189318 0.02540770243242894 0.025170969337219854 0.025130946753151754
0.24327453054798975 0.2113603145825444 0.17656141399230152 0.14326809663016776 0.11389238791298709 0.09143453969682726 0.07557979583252206 0.06445224169828422 0.05737979039761949 0.053267770307729945 0.051317046781605494 0.051026883627279765 0.05204808366152773 0.053643559143614974 0.05538849250853421 0.056609615240781376 0.05699041838644934 0.05650482519175402 0.05467408814692117 0.05196836859387379 0.0487127130210595 0.04506335553055679 0.04126734140267535 0.03764022858328503 0.034471215722240656 0.03192766103329614 0.030172721273716643 0.02938066553226299 0.02963887722604647 0.02980938312272922 0.029691994735120814 0.029341597523982833 0.02888495283042119 0.02830177608071474 0.02779050395533827 0.02741724298375154 0.027132775332478338 0.026884509258060282 0.02672645490578225 0.026716671880705787 0.026776280012942605
0.2638620229941044 0.22653850877908688 0.1865492655263113 0.14936948190046634 0.12228876253642075 0.10495162547975241 0.0911804048780865 0.08152360817683835 0.07586020409505477 0.0732873916552687 0.07280957487150753 0.07423369934321687 0.07708266508115343 0.08019133379155977 0.08206987513301875 0.0823474121121484 0.08090200892011631 0.07775695508954594 0.07230015908528994 0.06582916004269092 0.05918267697943971 0.05226134770160408 0.045502471297322156 0.039389947639484967 0.03423908716532084 0.030140790286916734 0.027039874371695 0.024912005690767413 0.023863280769212288 0.02398553536749864 0.024439209277158258 0.025050367108893374 0.02574428395770114 0.026407639629022386 0.0268982889338575 0.027205632331321134 0.0276123758230562 0.028078206666317204 0.028585963480610467 0.02909590025051374 0.02930587490718259
0.2863882877361641 0.2411912958150712 0.19457735131558854 0.15951730272006193 0.13777725229975757 0.12450797318412725 0.11478687323450514 0.10680074053841053 0.10137733847250946 0.09909679422618774 0.09998008013109368 0.10376279302525734 0.10838611576896626 0.11173013917265508 0.11330406686085823 0.11264268848029155 0.10945043888362295 0.10370820136172283 0.0944725823723896 0.08568687756067629 0.07609535961635291 0.06450176981223425 0.053106973912186835 0.04341586712953014 0.03549305296703582 0.029144594752117028 0.024365511897605312 0.02102657223452413 0.018970037938483918 0.018218696343073288 0.018871976989567274 0.020124579933081713 0.02160702691069548 0.023238878637643807 0.0248939895661782 0.026393603241267896 0.027591674570582113 0.02881688010014866 0.03013010769209225 0.03135536710066959 0.03220690015157303
0.30992916654196523 0.25349447759487065 0.20616389025133589 0.17734837591358277 0.16064461049748904 0.14819563622534487 0.1381187125706957 0.13069280299506922 0.12648000947262092 0.12579335889650894 0.12947521276625837 0.13519042818127783 0.1401530999625357 0.14386338100266155 0.145562705828829 0.14442902764106394 0.13990818210247885 0.13199691927692617 0.12031885541832442 0.1078739646285048 0.09455322795321425 0.07955792404202196 0.0641951173470754 0.04925637790019596 0.03706845265162958 0.028106331057933906 0.02181533758338804 0.01758586308754341 0.01504271906601682 0.013892772839679962 0.013962450416509913 0.015305608863970557 0.017181869108943128 0.01939689516891185 0.021880575310905735 0.024491588447581366 0.026995689226703246 0.029128540326471213 0.03124499132297373 0.03320852023227368 0.0348304140202393
0.3303235977581712 0.26442307609986504 0.22377813325096715 0.1981950732466605 0.17868662489103046 0.16430651142357533 0.1543015230643759 0.14844166124236732 0.14687501945627734 0.1499008844404059 0.15566894504095513 0.16140197842790646 0.1670589638047008 0.17202968781035263 0.17476997029284344 0.1732103281620395 0.16681688807138392 0.15627021675253017 0.14208000432557444 0.12512696065957213 0.10704691678974114 0.08825082958153843 0.06920162196607994 0.05190315909755884 0.03747575837562434 0.0264710646759885 0.01919697306803256 0.01462806867386359 0.011951531896905464 0.010612391188180139 0.010327402893230447 0.011120752083165911 0.013023282524136271 0.01545002819482532 0.018378487199997552 0.021751617143656497 0.02538482864664191 0.02890432320646851 0.03185418616203551 0.03462876334287867 0.03713588189214233
0.3346045500837463 0.2736667262008865 0.23387171689266234 0.2043944006780488 0.1831906519006683 0.1687300469517009 0.16003955371416645 0.15671018487750388 0.15883317405370478 0.16515975786263673 0.17112681753535147 0.1770687708684138 0.18348017315170212 0.18865549127721706 0.1911368732251455 0.189003605700356 0.18125465927178702 0.16854581061835885 0.1515034768068351 0.13081634509083628 0.10852564869728692 0.08557005617533613 0.06463164447099125 0.04718198275258588 0.033535844786926526 0.023292650293623308 0.016053166502865243 0.011762627964696164 0.00933097118091524 0.008061123917947619 0.007622475997658408 0.008008239995271789 0.009465263680433053 0.0118147352663074 0.014842643497992695 0.018602031586959472 0.022988566477167755 0.02760034773816868 0.03193169071803267 0.03562276228898292 0.03911215058570382
0.30992344478605466 0.25957265941155727 0.22094679134121628 0.19266112906240448 0.17290850751970954 0.16030855029467397 0.15403596357450555 0.15384029311431788 0.15916687615589425 0.16537833234163854 0.1714450804951515 0.17618819392375196 0.18065489873122484 0.18604730763795144 0.1900648336047115 0.18910599324577462 0.1812145994123199 0.16695870745845126 0.14739635725375302 0.12335453364889194 0.09705336032605229 0.07272876823684729 0.05263347564797349 0.03717568692675792 0.025796219831168136 0.01772949348057152 0.012324170330093847 0.008753503247950895 0.006739769237831385 0.0057295702326550695 0.005392732342400353 0.005629906932153329 0.006608789520362731 0.00866108898455097 0.011571573374457923 0.015379760423886387 0.02005943926692096 0.02543647166613699 0.031085585802705134 0.03622866173612262 0.04078396593395242
0.25552142236402875 0.22001024140913356 0.1896549707971761 0.16659868011357387 0.15061027247796188 0.14108128463993938 0.13764063130696177 0.1398622571536858 0.14533192258096847 0.15045507304071645 0.1534380853797041 0.1551705419923177 0.15855763632311898 0.16648176059369504 0.17432171932648421 0.1761101296484589 0.16902729316604237 0.153806192461125 0.1319114028484703 0.10423814788132815 0.07708933013461092 0.054245839909714225 0.03695295095205807 0.0248214426194072 0.016643041066459804 0.011360727639070822 0.008016612798676841 0.0058376200439783825 0.004417531079093361 0.003706909688135281 0.0034909208199598446 0.003690788591230924 0.00440399117295799 0.0059368199701068415 0.008474766793551965 0.01205778564110018 0.016842258061265023 0.022753637439493244 0.029443519180318754 0.03625285256568567 0.04221321387321516
0.1957144229023375 0.17191653466944948 0.15038335085420135 0.13346982263681462 0.12179694809700051 0.1152444747067136 0.11356388554347586 0.11658497786439002 0.12019182362208462 0.12218276607504468 0.1229914863080817 0.12278802744556969 0.1234014110106684 0.13717292165730002 0.1504962039939627 0.15553158259958386 0.14952457771852956 0.13359297688160218 0.10835842070939952 0.07943040653053351 0.05378196795436054 0.03472650554133591 0.021999266224419226 0.01398164018449776 0.009069134943387139 0.006171766920776214 0.004426473496764752 0.0033342268472161805 0.0026197199588211717 0.0021866914753662496 0.002070003589520648 0.002228047949837018 0.002733087417589385 0.003803905826809477 0.005786008232495854 0.008839935214736083 0.013315682358778315 0.01946140249045782 0.02716473661364522 0.03558728884612036 0.043490732748048905
0.1442540804447418 0.1273799179083704 0.112290676652685 0.10025969220095542 0.09175948215447315 0.08702342526616319 0.08631453677292761 0.08794359550179322 0.08846113515730238 0.08869311927067246 0.08936976774321241 0.09092988071291513 0.09524306643698881 0.10904181120099635 0.1241051279820021 0.13186921430331863 0.1273181799773084 0.10983480970978587 0.08175249884370314 0.053742842062631614 0.03263605281503916 0.01909980894578788 0.011160953955126353 0.006681937506111424 0.004214416520791056 0.0028638869865270384 0.002094862674006886 0.0016389672519860831 0.0013584328849556926 0.0011792168290395524 0.001125662021105526 0.00123482074932033 0.0015612005045658138 0.0022650846475690692 0.0036995784552414437 0.0061069700308800795 0.00996127766670924 0.015822137827642222 0.02399687930118473 0.03406025326513981 0.044444408717689135
0.10401179613891832 0.09104801102353392 0.07980275319867931 0.07082761119883497 0.06447545682694122 0.06093864005947256 0.06015335045800976 0.05915455936782644 0.057897799571070135 0.05735444653957311 0.05837909839138552 0.06191181315402923 0.06946230465613859 0.08232360556776612 0.09761723325312775 0.10773969437633535 0.10468421036839048 0.08423670552833668 0.055868863026490266 0.032254202480075087 0.017258614552178194 0.009039457188970174 0.004836218094168564 0.002724208296734866 0.0016781716144833798 0.0011438091517208487 0.000858162589464837 0.0007007920900831707 0.0006143076670580604 0.0005699041054246998 0.000559192773659663 0.0006282245430924273 0.0008238152148406127 0.0012548612757309916 0.002194733347336481 0.004001065103662596 0.007110207993797924 0.012336717300717536 0.020428414045176736 0.03153070007074439 0.044410658426585356
0.073379204152045 0.0629211198390191 0.054265024744941694 0.04754864044811721 0.042774491428075524 0.03997378950269587 0.0380836628665159 0.03579269605563478 0.03377688950648062 0.032759246496031624 0.033423874197561425 0.03663543080947437 0.043598693255422996 0.055539636909447354 0.07158874561305709 0.08515990107438833 0.08286182993952033 0.060900990095713356 0.03500141277221402 0.01725968438850164 0.007964640713648802 0.0036756666340982944 0.0017810661690465291 0.0009436404678429953 0.0005702754062032916 0.00039325122968399085 0.0003055710857876521 0.0002626539625682707 0.0002450040897805708 0.0002438911232747204 0.00025547923817260384 0.00029537990955351363 0.0004039000108433519 0.0006501585352939907 0.001217997328238287 0.002470734348084252 0.004879892803579151 0.009304952786350887 0.0169232504596186 0.028537205371512046 0.043477397464725884
0.05120926338573623 0.04298623830841231 0.0363725716348257 0.03129407144936353 0.0276152190271257 0.024995087829379557 0.022549130883201957 0.020009496863971375 0.01792002998836144 0.01668055719514763 0.016653031624628247 0.018374773834075188 0.022975349607988638 0.03258057288419413 0.049283917215382084 0.06804819407322767 0.06836804263221 0.04466322703141953 0.021224464633489013 0.008660395419847835 0.0033910931363141518 0.0013647363730008488 0.0005928537822126373 0.000292736000312968 0.00017147143893760547 0.00011917792540076633 9.643928843259321e-05 8.830268226752918e-05 8.830187374544972e-05 9.455906937388711e-05 0.00010704566253269029 0.000129552090841363 0.00018534156326182358 0.00031696859409617193 0.0006405981917089061 0.0014466749775403137 0.003223353357483227 0.006842312247845336 0.01376877457187747 0.02552717585322376 0.042191505266082285
