_RESULTS/CROSS_VALIDATION_POSTPROCESSED_80-20/Berg/IZ/6comp/1/Berg_IZ_z_500_kriged_reverse_6comp_spherical_1.asc
ncols 100
nrows 90
xllcorner 5.6208707817415728
yllcorner 50.959635321741573
cellsize 0.00013419651685393446
nodata_value 1.7014100000000001E+038
[rows 57 to 75 of 90, columns 41 to 81 of 100]
0.04611204769608223 0.040568617694697176 0.034987209046117115 0.030123645416239197 0.02603893294578693 0.022748618327973664 0.020321937899629456 0.018803217994204386 0.018144494063159163 0.01848055213061838 0.0196898940923419 0.021666553371364763 0.02452558088359947 0.027682309268425864 0.030305729438584866 0.03267072637065228 0.035240415150949306 0.038713147276693394 0.04435377481096579 0.05332345166306521 0.062074767649907076 0.0645235757765151 0.06319981886981374 0.06065514572072139 0.057786117611397944 0.05525982935693197 0.047468054854741586 0.029096638646969156 0.01863270267156086 0.012851640578621476 0.009650070518095175 0.007930285342163909 0.007194131590413646 0.007188925648025615 0.007797781899179472 0.009025070192927375 0.0109700906426054 0.013633921657383067 0.017280586208776642 0.022430880334790616 0.028883312000045624
0.048366925329129784 0.04323542497321115 0.038134349450327565 0.03358731250998916 0.02969329831506365 0.026489039217161673 0.023960252061202857 0.02219423706282298 0.021360483296029246 0.02169273117973216 0.023037469037503228 0.025332529944292012 0.028762571184251382 0.03349604656696207 0.0385271139727007 0.04391620631427458 0.050319815301678006 0.059236082551244365 0.07316368000891457 0.09637427712251555 0.11949863742677663 0.11100991102949474 0.10682246546911672 0.10311327474727999 0.09868806930079224 0.0916132453719552 0.07639620270175071 0.055206095095179666 0.03864452883782292 0.02808428515133298 0.021721556127042147 0.018059133549251778 0.016148020966726937 0.01544406075620357 0.015786237048541887 0.01709491538444676 0.019188012694212386 0.02191434058551032 0.025673742490676603 0.030824381545743143 0.0367540718079529
0.05027747966125059 0.045524821577416996 0.04099549603477207 0.03694505298115785 0.033392678275311186 0.030401563763709723 0.027987913721665328 0.026128708286999182 0.02512343928709578 0.025446318976217977 0.026897637958754265 0.029488197105194326 0.03345713630511357 0.03932391892412987 0.04728911694702064 0.05660120390265393 0.06811018924592094 0.08342540695692437 0.10497759625883914 0.1342417385606447 0.15736838363228908 0.15719179357873617 0.15253557062848916 0.1489750525413816 0.14316526403413785 0.13174433298332838 0.1128800553522343 0.08961930762222511 0.06873828177529526 0.05328399117005041 0.04280934960298597 0.03609991858119592 0.032103250691783436 0.030097612155143786 0.029636645304209792 0.030241272641898773 0.03153392264898854 0.033373105857510306 0.03642119038607807 0.04066649763409589 0.04507878344334477
0.051768047715966145 0.047382028302588586 0.043491342057828 0.03995784783634675 0.03688344225480989 0.03426326358313591 0.03211622728396839 0.030457412040778703 0.02940558612732174 0.02965934367053582 0.03114828253665456 0.033944526505280175 0.038409441461084506 0.045163655312262935 0.055208423712851125 0.06846529705524966 0.0848890375624169 0.10576192900514346 0.13204589348399662 0.16160913703270233 0.1851281670386436 0.1946740197007113 0.19469209508543062 0.19043330156739852 0.18306376163427077 0.17153597108001825 0.15301564645500654 0.12962334440980053 0.10647741199380578 0.08711952082143512 0.07252905797627379 0.06225664052576297 0.05546142970421969 0.051364189122624256 0.04904641040952055 0.04781073381132909 0.047212229418358516 0.04714556803435798 0.04850387347435026 0.0507537192250705 0.052560004426470734
0.05278251894574253 0.04880154159092156 0.04551258251820041 0.042588507387357956 0.03999744476240415 0.03781285264709831 0.03607565282170322 0.03477486818319567 0.03398193678788452 0.03421533854128281 0.03564634489583513 0.03862861187146201 0.043492109004539745 0.050829997498789775 0.061621235110532066 0.07733355505357094 0.09758254324654463 0.1222125469130751 0.150947456925486 0.18093579214602978 0.20614894957529042 0.2214246913923928 0.22687550297194364 0.2248829744021325 0.21709873313206723 0.2041180189175817 0.18609496528156133 0.16473288266722974 0.14281640232581008 0.12253195742071707 0.10560862436423973 0.09250274747863496 0.08287868544156314 0.07567405207368082 0.07013579182396916 0.06568898536893557 0.06178327750776967 0.05895317918475226 0.05775431267794212 0.057504081507104295 0.0571050768325344
0.05328653599781203 0.049761175248542684 0.04690227209154803 0.04470017263566465 0.0427018008451024 0.04100337467795633 0.03967889196360828 0.03878663250672867 0.0383512438856204 0.03875776699629254 0.04040633022598079 0.043483647580280914 0.04850539858007624 0.05604305714492456 0.06694293359095611 0.08244740256721032 0.10412059985328995 0.13073502898461703 0.16051915982805584 0.19088727322257526 0.21766909012177435 0.23698390156889682 0.24719119745626802 0.24861833578450884 0.2428892703284675 0.2309507714237855 0.21380701358177887 0.19328047678119192 0.17176487342442254 0.15143612335963483 0.13367109918440845 0.1187779158604055 0.10617728955876618 0.09554698405133082 0.08646137475641856 0.07847464636767311 0.07140695321236717 0.06658001270218253 0.0638122497922307 0.06181941301841314 0.05963998446365788
0.053566988123488424 0.05059917529519132 0.048063708157390556 0.046507800880972484 0.04517725321537843 0.04403515350744655 0.04320628376791111 0.042795216609176005 0.042718013598020126 0.04316223841708308 0.044953320433442794 0.04826951638211403 0.053351821219780216 0.060700297263952374 0.07114629225127872 0.08560771648266632 0.1051950768133439 0.1310040065923006 0.1609500397661196 0.1914673380498623 0.21930697427173965 0.24120536340579854 0.2549813999897745 0.2602488648559769 0.25796058149017725 0.24887734553885854 0.23423294775986528 0.2158076892059736 0.19569199252968184 0.17569737708819586 0.1566271271299547 0.1391859760009781 0.12363802959656765 0.1098968264400444 0.09769137364840043 0.08668786859792187 0.07768066061728784 0.07143143741364825 0.06723718190200255 0.06351572709567455 0.059651322085723366
0.053999097972159904 0.05158879490539415 0.049469047245965625 0.048152738238810625 0.047622672506872195 0.047206725926036135 0.047031978858102744 0.04715455814329501 0.0473824275114913 0.0478500801032356 0.04949849657375596 0.052699728461455465 0.05772607404158769 0.06496385511760687 0.07482155911688262 0.08791244121127488 0.10502167965138665 0.12677851158672873 0.15335022222316094 0.18298820024032228 0.2108470895048831 0.2340070482209323 0.250300620644791 0.2592742590489399 0.260880543277988 0.25561077376817365 0.2445514632586999 0.2289541947980768 0.21032100290012368 0.1903284403225021 0.17034610191995686 0.1512882129162479 0.13362506531858248 0.11748885886057299 0.10280315103125062 0.08977640118290263 0.0799164621578871 0.07272933515195269 0.0673166294938355 0.06214201447100135 0.05779954958453074
0.055000322712180694 0.05313764178772316 0.05147451458629245 0.0502353453352691 0.050209365171388944 0.05058852374182711 0.05112888171580102 0.05167160333805915 0.05221380031356753 0.05284734474459364 0.05417922302764473 0.05702411479672914 0.06158263056114423 0.06816712180567384 0.07721250699935538 0.08906254959459532 0.10398696641910078 0.12222196300809235 0.14367862881246996 0.1677518081822004 0.19319330089072495 0.216334244208383 0.23426145736879525 0.2459505147091972 0.2507589979017965 0.24871806003000244 0.2404833183371489 0.22721720757975078 0.2103840277495439 0.19148982191384903 0.17184834654354322 0.15244357600367994 0.1339043866842042 0.11655973320938598 0.10059151736638684 0.08760152450013309 0.077684460358003 0.07017164801939002 0.06418892438421975 0.059495888817285396 0.056033048910759206
0.05666916804402755 0.055354426912353635 0.05415816239878385 0.05314475253102063 0.05303878160638485 0.05411025322423043 0.0552293025475198 0.0561719795240415 0.05702570800200989 0.0578834058236262 0.0589343526803134 0.061203011482018524 0.06504792626926816 0.07066700743956562 0.07833343025067409 0.08837897008352065 0.10101576843371131 0.11602106110651807 0.1331370250129649 0.15175077441899545 0.1708242832739744 0.18920761952454987 0.20577572519526272 0.21846376841367626 0.22513860008230424 0.22555930079573802 0.220111436774178 0.20967068876851153 0.1954265414788272 0.1786709778935473 0.16060653032735822 0.14221887059964472 0.12422880158781865 0.10710894996798888 0.09228097080970234 0.08054271059295086 0.07170831883850652 0.06556038154564194 0.060803523218034616 0.0571331483696088 0.05452038154394969
0.05905920104440557 0.05831568801651483 0.057616453745103574 0.057016845609500426 0.05679222572561926 0.05759228273137675 0.05910400915110764 0.06044492894394032 0.06159277544366132 0.06263887412706576 0.06367761146709536 0.06518314670551775 0.0680908839862268 0.0725297576198913 0.0786404267939209 0.08658827663335618 0.09653280127177291 0.10845327025892579 0.12170636133690708 0.13568398391936354 0.1496942542816391 0.1630656266972969 0.17477799225972218 0.18378998875420244 0.18919244108152466 0.19035615421915425 0.18704883528059899 0.17945567837687035 0.16819475861336516 0.15429659065145854 0.1387998054749145 0.12262438889639443 0.10663185773533461 0.09232365484862143 0.08096391453530766 0.07229545176940687 0.06605542438044061 0.061518419992100115 0.05788392855653635 0.05515931049209468 0.053360640089584736
0.06224900598683146 0.0621262816248735 0.061977729356589094 0.06184798177829723 0.06157834972896627 0.06168873328886961 0.06265147953469197 0.06424938920503107 0.06565725208544762 0.06684223125924207 0.06789867383279795 0.06892186630157382 0.07069491799629084 0.07378912872119464 0.0782421759007093 0.08410083359697205 0.0913970229748815 0.10011895731275935 0.11000232207915106 0.12026017532877628 0.13046274327719068 0.1399462515556908 0.147975194967071 0.15382996321140968 0.15690628588361802 0.15681024636628224 0.15342721116990435 0.14694544930964273 0.1378253170223315 0.12672076348747188 0.1143745423312408 0.10151442692858702 0.08953104984625115 0.07959508465907657 0.07169065561049974 0.06574034365704128 0.06152638445496157 0.05815398810859449 0.05551859974798823 0.05366643835594263 0.052648921293126594
0.06634521128635339 0.06692447374539462 0.0673724606697099 0.06749478611346099 0.06725648485489942 0.06675216066942082 0.0668076637096494 0.06757399676214979 0.06894172747073259 0.07020298614100046 0.07120586088072366 0.07204619882667168 0.07285076202384598 0.07448226782690466 0.07723669430688314 0.08107925711966633 0.08596255052312608 0.09180908581256769 0.09862154527489266 0.10605953927065238 0.1132840628064179 0.11979527113540364 0.12507247606674615 0.12862476848205437 0.1300566380894401 0.12912756492398192 0.12579201780461682 0.12020929369126919 0.11271954693378385 0.10379137234609276 0.093977691761715 0.0846574139484709 0.07657015870648315 0.06986399579973229 0.06460854183791273 0.060826132692286476 0.05789598505424677 0.055523099032833215 0.05378117994312058 0.05274090678590869 0.052467356881428846
0.07148446425508793 0.07273933709141302 0.07354470230309873 0.07385254887774359 0.07364650200057772 0.07294542769884463 0.07199473574728642 0.07160235088389809 0.07177658264426037 0.0724471000434302 0.07330768225384277 0.07389813734005106 0.07429862989445585 0.07464378686750305 0.07570816668232438 0.07765331505080644 0.08040809534737582 0.08397715937704346 0.08828837277949039 0.09323431731293975 0.09815552939687106 0.10242312358170631 0.10567180605865606 0.10757025573853252 0.10786353192594252 0.10640969855223174 0.10320246984538348 0.09837412360936129 0.09217737358755879 0.08517805013256129 0.07843922879175794 0.07231326793376289 0.06702231626165595 0.06272303667697779 0.05953192142341439 0.05715514954927306 0.0551718763524829 0.05367205832783477 0.05274226253975493 0.052467356881428846 0.052467356881428846
0.07740786030515447 0.07920618684667292 0.08041300551920835 0.0809469393586756 0.080773402560431 0.07991239150630222 0.0784356572526383 0.07670707110179623 0.07546799467598733 0.07468858477881656 0.07429997311080422 0.07423296261578019 0.07422705091235568 0.07402749942923227 0.0737368626687322 0.07402423389625429 0.07507629163402624 0.0768023571116788 0.0791106695418741 0.08190503635706872 0.0849785399703104 0.08757194630364432 0.08934412175942932 0.09007349747021341 0.08959837865090443 0.08783898871823109 0.08480980679238354 0.0807245644993997 0.07625011273857746 0.07172573727207018 0.0674164888084941 0.06354815773689293 0.06030747439878412 0.05785219934435376 0.05606114221945494 0.05453835852732072 0.0533702507144689 0.052652227883244807 0.052467356881428846 0.052467356881428846 0.052467356881428846
0.08382687259984578 0.08627105875676953 0.08797744946681416 0.08879152700329278 0.08865028385940865 0.08757563297434984 0.0856703882493444 0.08309633602424803 0.08024815705646104 0.07784586097714793 0.07587587496472988 0.07427349132230722 0.07299545027578072 0.07199023853388137 0.07120034258411752 0.07047948817575767 0.07007066560327882 0.07027469437830319 0.07099266305723849 0.07213078679990116 0.0736006087761971 0.07495829514462664 0.07566973520664017 0.0755876444558011 0.07462744115744 0.07294874410931612 0.07071679693793116 0.06810240604860457 0.06529888394175194 0.06250460773825885 0.059910380561347475 0.057693515747167884 0.056019329881816154 0.054806817480173575 0.053759817386669365 0.05296732049141521 0.052525643074633886 0.052467356881428846 0.052467356881428846 0.052467356881428846 0.052467356881428846
0.09099698581796178 0.09414084889407554 0.09637537438016493 0.09747884412308366 0.0973320736322393 0.09595130184641831 0.09348352951699447 0.0901669129733623 0.08627662757842894 0.08215790566582236 0.07851175665047899 0.07540209625418724 0.0727648603058681 0.07053553468670817 0.06865268936601022 0.0670613657146665 0.06571622410296109 0.06461240593483672 0.06400772238957413 0.0638746486318426 0.06412374970626712 0.06461160097350789 0.06478612840986488 0.06452575152228812 0.06383139312233344 0.06274810086553952 0.061359487347237326 0.05977890656054042 0.05813941310747218 0.056584751371115766 0.05526335481356273 0.05432574751088941 0.053622813606894866 0.05302086099390154 0.05260598735356462 0.052467356881428846 0.052467356881428846 0.052467356881428846 0.052467356881428846 0.052467356881428846 0.052467356881428846
0.09899481680562135 0.10305578129024674 0.10598878210313568 0.10745271405036945 0.10725738141394484 0.10542897859370415 0.10220060386846311 0.09793443906189242 0.09302471217798279 0.08782591083967453 0.0826193810590657 0.07786174382893085 0.07380594340533025 0.07035934949163589 0.0674371640997495 0.06496631367919244 0.06288785037510268 0.06115850467614186 0.05975179312690886 0.058669483757918084 0.058060971015089606 0.05792779776923075 0.05785686420182462 0.05757678926483952 0.05708642494130178 0.05641563946634442 0.05562231073637644 0.054787848984418 0.05401240295597831 0.05341111298027079 0.05305665532134755 0.05275793866299038 0.05253814973188739 0.052467356881428846 0.052467356881428846 0.052467356881428846 0.052467356881428846 0.052467356881428846 0.052467356881428846 0.052467356881428846 0.052467356881428846
0.10774183094144883 0.11301604316207457 0.11691351225972062 0.11889003799421954 0.11862503171056132 0.11616337888982899 0.11189420288624502 0.10638556728968823 0.1002051187815493 0.09381661427475459 0.08755344690268464 0.08163372902418851 0.07619146791789722 0.07147681390640573 0.06751553737738662 0.06419839869101325 0.06143857847490843 0.05917115125419574 0.05735227472260561 0.05595853650664622 0.05498673695996446 0.05445437052840772 0.05420699500889554 0.053900226095513815 0.05355431559022815 0.053190449406335376 0.05285292515908762 0.052607302708496 0.052519732489233445 0.052477454464250665 0.052467356881428846 0.052467356881428846 0.052467356881428846 0.052467356881428846 0.052467356881428846 0.052467356881428846 0.052467356881428846 0.052467356881428846 0.052467356881428846 0.052467356881428846 0.052467356881428846
