_RESULTS/CROSS_VALIDATION_POSTPROCESSED_80-20/Berg/IZ/6comp/1/Berg_IZ_z_710_kriged_reverse_6comp_spherical_1.asc
ncols 100
nrows 90
xllcorner 5.6208707817415728
yllcorner 50.959635321741573
cellsize 0.00013419651685393446
nodata_value 1.7014100000000001E+038
[rows 18 to 35 of 90, columns 0 to 40 of 100]
0.01218261382970005 0.012996445731302413 0.01417841539265943 0.015769793373258602 0.017823992878744668 0.020400655952999953 0.023555874921006154 0.02732651761529324 0.03170705130673225 0.036619036333074076 0.0418775245692442 0.04716531432762926 0.052033484861807894 0.05594875623113837 0.0583958095391746 0.05901238070164273 0.057702236072290344 0.05466746768336831 0.050165556393021074 0.044191982204869036 0.03754397906208457 0.03095364087020799 0.024919793577663028 0.01970715373986973 0.015406074552928882 0.012172665742214126 0.009892143772096108 0.00841569064554251 0.007523871838459619 0.007067722692320836 0.006962401126968231 0.00711683069667048 0.00751562531216112 0.008015434437150871 0.008611316360000464 0.009436050321012229 0.011096000365366468 0.014744537767017524 0.02064154442839666 0.028748015629035787 0.038853292791419525
0.012568132831961896 0.013619643666344553 0.015103563212031984 0.017088685713498915 0.019663283093221205 0.02293029606627551 0.026997156761937292 0.03195654409870571 0.0378539264489481 0.044639029434475744 0.05210363570046411 0.05982000598325054 0.06711261643533006 0.07311128218086084 0.07692202197797998 0.07788976114157892 0.07583707669389597 0.07113493858434432 0.06439577273200493 0.055833117588288954 0.04660439836687154 0.037724268915534646 0.029818207263966043 0.023163856601886842 0.01779324131803453 0.013814310348292343 0.01119697391774359 0.009548290818063037 0.00856958351242423 0.008094480817694448 0.007995493839410861 0.00819350355614401 0.008724713461163106 0.009524399223095604 0.010551253106003609 0.012022365370494125 0.01442368252457277 0.018409724386830657 0.02434887001182979 0.032163841866294555 0.041230313023225496
0.012999628912960061 0.014292462767195301 0.01609283353785499 0.018502909847553685 0.021655568018731364 0.02571253529445606 0.03085615699150573 0.03726890626155808 0.045092409889478574 0.054356688057780725 0.06487440063230542 0.07611148827583511 0.08708283603133743 0.09637375352558873 0.10240569780167325 0.10395400644333225 0.10067786889501303 0.09328552617071921 0.08309261486097648 0.0708423291638642 0.0581822300977362 0.0463669421355683 0.03609430717980406 0.02761578652038171 0.0208878320728534 0.016079473827244853 0.01301779037266186 0.011103939461286282 0.009994442986907003 0.009498589673741183 0.009418461924643901 0.009711785063249318 0.01043454710139809 0.01164382449725134 0.013242057495694565 0.015435589145849115 0.018596854501964303 0.023147335600801476 0.029309845843788304 0.03687296152936641 0.045011738698463484
0.013447174717806841 0.01497763183710901 0.017098152423701614 0.019949445509067378 0.023718348570305938 0.02864156089407101 0.035003338075373654 0.043119147914023104 0.05329195281339516 0.06572140956027463 0.08034312111303224 0.09658806573500994 0.11310888629944592 0.1276490344200745 0.1373794680924803 0.13991598827337198 0.1346440558303242 0.12345815013080107 0.10872389699123147 0.09176511113068944 0.07448474210686991 0.05862488389034809 0.045061071345153234 0.034036041258535606 0.02551924095989214 0.019629288561202874 0.015858781953602095 0.013498623113301824 0.012125561955715933 0.011478624675839058 0.01134548168921228 0.01173499132772351 0.012732815016877614 0.014445513619948358 0.016764658800749527 0.019804493926868588 0.023843261106585575 0.029124123142803632 0.035671782753120905 0.04309359234436794 0.05046253525556838
0.013879270525135021 0.01563330012935953 0.018061992257389057 0.02134769014351773 0.0257379104970008 0.031557687899676536 0.03921848337018924 0.049214741541371565 0.06209061268511802 0.07834521652788129 0.09822548385883129 0.12134231609674749 0.1460862392235579 0.16903861611690976 0.18516982625959533 0.19076288140687117 0.1842069689561522 0.16762906277712666 0.1455439317710327 0.12132217463810693 0.09726839194499137 0.075677969600401 0.05754413132610987 0.04302477756774167 0.03233153004103907 0.02492005450347694 0.020106776464281627 0.017090295845462445 0.01533075192409451 0.014447354992673606 0.014203514547001911 0.014615260509035461 0.015799759853350456 0.018017349396986456 0.021254291382193022 0.02534811458053762 0.03046632366217005 0.036674212459787345 0.043758090063179385 0.05109727335357541 0.05767776468800231
0.014264235515410208 0.0162152776830515 0.0189206531837516 0.02260385480961546 0.02757442946934191 0.034251407120860104 0.043188563042464254 0.05509413485135893 0.07082752689131182 0.09133508982531191 0.11744776274974986 0.1493958506191826 0.18581977737419333 0.22292564843243357 0.2538016668588746 0.26736224842533 0.25808581522346635 0.23125630363111513 0.1967060918019024 0.16139792571795256 0.12787841261955044 0.0985680039924119 0.07437465645815247 0.05548339844410263 0.04199203309834044 0.032566130266789235 0.026264938593694734 0.022306983055403934 0.019987851809623362 0.018750673909930196 0.018346381275033564 0.018783615777058747 0.020189872769434646 0.022853387753765456 0.026944883896139308 0.032313224451388824 0.03884192392672245 0.046277648521093166 0.0540801189960341 0.0612976304234954 0.0667129511383866
0.014572462640953413 0.016680748573691055 0.019610178807595077 0.02362016438437802 0.029075867059204133 0.03648336566947754 0.046533750228272344 0.06015299737776493 0.07854637037185071 0.10320682142601838 0.1358113620061811 0.17781951415686176 0.23090564014452652 0.2938432718672649 0.3534474005424815 0.3826351406010616 0.36532769987278724 0.3182218991308969 0.26352943937021955 0.21237191216650705 0.16680625441477692 0.1279407815901266 0.09625647910500916 0.07231796876587099 0.05529083369845862 0.04329774275052241 0.035013177400294596 0.029729734631682717 0.02660192572034413 0.024855238358652665 0.02421069777875021 0.024664248664620005 0.02635602000138331 0.029610625651915263 0.03469365020668616 0.04123391506869737 0.04939028285380091 0.05852918630949859 0.06738276571431849 0.07445310472507438 0.07811828362195872
0.01477918923663589 0.016992960882579858 0.02007422608764579 0.02430804944559449 0.030100079950994906 0.03802126718150488 0.04886814067467024 0.06374066838752876 0.0841361943706664 0.11204800381979826 0.15003052972104208 0.20288583951217615 0.2771963630796609 0.3765970226052864 0.49040471428171634 0.5539570815396072 0.508962195739324 0.42377759655431124 0.3415037726679744 0.27126116331468925 0.21272037624385917 0.16355109388462233 0.1236814539958732 0.09425046370093629 0.07305680039771052 0.057910132446251116 0.04722260290420013 0.04010460998314727 0.035828867672721476 0.03335329352414102 0.03234489692672402 0.03278442995357925 0.034830945982240596 0.03886370195750008 0.04524190779831372 0.05333218329723664 0.06309642789539514 0.07422199542283438 0.08475195034029855 0.09183295013285141 0.0932510408423511
0.014867248099376444 0.017125993385749314 0.020272355988901782 0.024602722719700206 0.030541537200192807 0.03871587341178222 0.049980829442330815 0.06550695090465423 0.08690994883502334 0.11639988309535566 0.15823324076940662 0.2200544954617507 0.311041693898734 0.44349130578665086 0.6310444546152219 0.7930385010485322 0.6499925058279588 0.5218056552892762 0.41683624852666795 0.33138364441715484 0.26193078967186734 0.20392271177629975 0.156653312057726 0.12170911421224735 0.09602261158384373 0.07724287991979115 0.06378187606114881 0.05433835472734712 0.04845752581369048 0.04494308139786674 0.043379499426277314 0.043732796681851455 0.046192642668883385 0.05122324772654449 0.059286581132667854 0.06947710098101761 0.08158643172074873 0.09493846352899486 0.10777691634874334 0.11553221413745282 0.11429985598858837
0.014829186198557243 0.017070156877109038 0.020240355819098742 0.024661947472933158 0.030765565345233302 0.039154947929167516 0.050665858815171896 0.06644266733777063 0.08803377810566501 0.11809315428151039 0.162446760434464 0.22785766125506765 0.3231717594654046 0.4579972041571916 0.6309061260462737 0.7480940498836105 0.6828878719404022 0.5735805317712039 0.4718452638377088 0.38391242006191895 0.309464356899329 0.24652193702736175 0.19424656441910376 0.15467121867433392 0.12466672887955427 0.10202215025848108 0.0853971230299346 0.07343411939501988 0.06536493001709487 0.060371971331678126 0.057953749722205954 0.05806524257748926 0.0609423511609522 0.0671754210562327 0.077333084822887 0.09026732439283361 0.1057764024115733 0.12293104789999747 0.1389770005196768 0.14866985438794914 0.14440860340330802
0.014734064859656582 0.017052635333201557 0.02033142499216866 0.024872135204161285 0.031097359031807298 0.0395859824525693 0.0511164990716762 0.0667151257706377 0.08781816982639615 0.1182890072308 0.16281959282057668 0.2268871974362284 0.31610636943939974 0.43167507007313266 0.556636778971104 0.6378070997511761 0.6331505629912243 0.5739341803096495 0.4988570665090952 0.42291424405751576 0.35208686143903156 0.2885023242076774 0.23496841056838044 0.19261978339151403 0.1590972536381666 0.1327209346242897 0.11266249686081965 0.09787732031840302 0.08743081036482755 0.08033217228570147 0.0765889311369599 0.07614962784536793 0.07930713228805047 0.0868149874795205 0.09930759468379059 0.11553192253665398 0.1356866619306257 0.15908970957716703 0.18216470836654713 0.19595284857564327 0.18809681058153133
0.014812050391142369 0.017223432867678683 0.02060077042444371 0.025237447119655376 0.031532955947639274 0.04001558130909553 0.05136361211511882 0.06641609133712084 0.08714946036338937 0.1172190135643934 0.16016356502626783 0.21985436804979938 0.2987863792305872 0.3938377524674067 0.4895381981425496 0.5574844526524925 0.5767108683057574 0.5528928236030686 0.5049478706144955 0.4479053227487701 0.3881898451599793 0.32878442637476846 0.27712377913037733 0.23463880743423582 0.19899828182013105 0.1694400526540141 0.14579867344571967 0.1277911003404457 0.1147878600038644 0.10531024002230047 0.09951706957931254 0.09796983096523769 0.1010264343976847 0.10964693192650732 0.12424940148702414 0.14362594140605 0.1688309309289355 0.200557324062072 0.2368209255772139 0.2644781675235667 0.2506506892957683
0.015075792870945893 0.017579088380720403 0.021050747942491274 0.02576850517421308 0.032096636589119446 0.040493663071085095 0.05150970497442604 0.06592668510740123 0.08636014755445628 0.11543416261533876 0.15589679049754712 0.21026275375307285 0.27920812286761204 0.3587755497142605 0.4377201347688975 0.49933359864109234 0.5305110046287266 0.5297724865048173 0.5048036049297906 0.4651490690533816 0.41820705282208 0.3676326306820185 0.32007958734848463 0.2795972477067167 0.24366434221538813 0.21175918290313062 0.18450276336561208 0.1627742038583448 0.1465630643430023 0.13470514868015201 0.12650341801523807 0.12303852868208863 0.1253459860805114 0.1344134242971941 0.14984353026730268 0.17075212552726238 0.1989205124631388 0.2367152517074801 0.28701003709825357 0.3498826761678478 0.32889510686006995
0.015533306286783143 0.018133380087883164 0.021701944891979023 0.02649581258245169 0.03283692714692051 0.041104001909807196 0.05170496267183337 0.06576267959240958 0.08572551451521444 0.11355026305828013 0.15132030698994803 0.20063129116948425 0.26136713890205904 0.3300517969843213 0.3988433260721709 0.45703546322575755 0.49546372950521544 0.5105272257872875 0.5042767213977966 0.4815449064112306 0.4473015723948538 0.40560659826341094 0.36495496451931786 0.32729693435890084 0.29209934637652457 0.258683943942578 0.22783897214591248 0.2016522171538452 0.181277238087721 0.1663443923422828 0.15584613819665613 0.15034166365627075 0.1508139234540541 0.1589628782328661 0.1728576736263113 0.19209571688906169 0.21813160925571762 0.2526609982178711 0.2966843282302067 0.3418769811006725 0.3150365579089187
0.016229994620658182 0.018943231575843 0.022626587590588037 0.02751083421644368 0.03386700785797459 0.04198584420774897 0.05217327022583961 0.0660757014811993 0.08552295629417456 0.11208409564207693 0.14732961337847894 0.19228909988124812 0.24659818974378014 0.30755129696921385 0.369710154919674 0.42586295472261704 0.46930862902142495 0.49605470724520906 0.5053856883630633 0.4988087642052789 0.47860039450453445 0.44695965618183 0.41240685188907783 0.3795474622927784 0.34457269477509134 0.30880098713129595 0.27406406853409515 0.24236500997229368 0.21660591280677643 0.19772898603364575 0.18425679324336827 0.17653047389694987 0.17522818260615947 0.18065801739389029 0.190267960075991 0.2041734939144967 0.222631475633735 0.24492345315712585 0.2669559211088182 0.27523365256967186 0.24865360556971441
0.017199802293188186 0.02005223247730805 0.02388388600109495 0.02889836761807767 0.03531440782247862 0.0433326752589002 0.053318335880577515 0.06710459216808609 0.0860383527478384 0.11141584793024617 0.14444048885126984 0.18576173270926252 0.23499479204316417 0.2901574654705167 0.3475158583812929 0.4021571829387516 0.4492085665605067 0.4850519836761779 0.5078015071229764 0.5168855334988123 0.5122049826279288 0.4935290193935916 0.4661715053491816 0.43731732073037227 0.40313937338657724 0.3626965916924437 0.3207214829578121 0.2819190422220163 0.24953390760034272 0.22543921805638417 0.20834387961154874 0.1977336568083777 0.1941351709835333 0.19601262171010883 0.20010131177054 0.20635102814424403 0.21460717053893144 0.2229874640363122 0.22703793613855347 0.21959574103854052 0.19382568251080903
0.0184848906497182 0.02151198753673678 0.025539301661329474 0.03074372075629199 0.03729200899013662 0.04529625000601414 0.0552998684772044 0.06907022855792465 0.08761448628467987 0.1119445375483193 0.14295488665100672 0.18114650895439557 0.2261667516028906 0.2765897509756263 0.32992999352746427 0.3829444283870356 0.432283909891903 0.47513652204666446 0.5094866860318962 0.5338210824507678 0.5464066691141547 0.5445160824290951 0.5282652040840425 0.5038631962305458 0.46873140490647086 0.42098454600538443 0.36763471379767365 0.3177212756075759 0.2763524589504815 0.24567699179611585 0.22462135196938504 0.2109201855466124 0.20440038863234586 0.20107837327545403 0.1993710223148968 0.19881379648462766 0.19838879488643246 0.19627881866246757 0.18983778236641133 0.17576722401744213 0.15050855643917194
0.020142215273766507 0.023390336802301886 0.027677073920037813 0.03315463937242612 0.039939271303093334 0.04805525316051287 0.05827834460439735 0.07216636948660891 0.0904759394501696 0.11394783476511876 0.1431785693752763 0.17845383242762045 0.21957845947634816 0.26564887316843633 0.31501843055675094 0.3657292096445716 0.415760775740569 0.46335153893793607 0.5070904693271476 0.5456129534079811 0.576788400885958 0.5963236368934596 0.5980930560992841 0.5826898211542038 0.5428057248532342 0.48194993009924614 0.41188833458336616 0.347642227156274 0.29560277648561695 0.25685144486340294 0.23073994260851796 0.2140979823267046 0.20368233827895124 0.1952424423768511 0.1882042362209675 0.18193012445456405 0.1754644038438084 0.16754507374950622 0.1567902525090419 0.13967873263664216 0.11658376542356011
