_RESULTS/CROSS_VALIDATION_POSTPROCESSED_80-20/Berg/IZ/6comp/1/Berg_IZ_z_180_kriged_reverse_6comp_spherical_1.asc
ncols 100
nrows 90
xllcorner 5.6208707817415728
yllcorner 50.959635321741573
cellsize 0.00013419651685393446
nodata_value 1.7014100000000001E+038
[rows 0 to 19 of 90, columns 44 to 87 of 100]
65.29945018865546 65.30099010326195 65.25343541560592 65.16172186190873 65.03309140311563 64.87483355265753 64.69296474418668 64.49181718318067 64.27439053270261 64.05326949335166 63.83833396765179 63.63395438794769 63.44171228276896 63.266193243310745 63.112417552928626 62.985001439422064 62.8881946327189 62.82589009580484 62.801610460706414 62.79821944598868 62.797258527249014 62.79881674192275 62.80274968307229 62.808692039990156 62.81608761192332 62.824230170666084 62.832306554657826 62.839433326070996 62.84467966237126 62.84707103963066 62.84712061908853 62.84712061908853 62.84712061908853 62.84712061908853 62.84712061908853 62.84712061908853 62.84712061908853 62.84712061908853 62.84712061908853 62.84712061908853 62.84712061908853 62.84712061908853 62.84712061908853 62.84712061908853
65.48861398576514 65.47825267889026 65.42112940612992 65.31882885261766 65.1789215705913 65.01171769869588 64.82470105030103 64.62263384279154 64.40815293259938 64.18235591482143 63.947604842272085 63.719117359594236 63.50366946177783 63.30653978783533 63.132610877719905 62.986433219927704 62.87225056899006 62.79399365665633 62.75524920435305 62.74844539279909 62.74693659371224 62.749384374695936 62.75559063452578 62.76505859728544 62.77704434871784 62.790626276108696 62.804777799766356 62.8184301054113 62.830515263708406 62.83998416083701 62.84579672473194 62.84712061908853 62.84712061908853 62.84712061908853 62.84712061908853 62.84712061908853 62.84712061908853 62.84712061908853 62.84712061908853 62.84712061908853 62.84712061908853 62.84712061908853 62.84712061908853 62.84712061908853
65.67997521188255 65.6497990474737 65.55761553377585 65.42478777775028 65.26816623705524 65.0896459706608 64.89708585638645 64.6949189952361 64.48486973669199 64.26198947609632 64.02494821193555 63.77703422877807 63.54000730531547 63.32269858628183 63.12987790242145 62.96608098021457 62.83561732601958 62.742540183200255 62.69058508819898 62.67780958115677 62.675574662737446 62.67920068692748 62.68840093514265 62.702463625602135 62.7203426598456 62.74077642832358 62.76240756525936 62.78388208980945 62.803915821601365 62.821324381404644 62.83501802907491 62.84396416030293 62.84712061908853 62.84712061908853 62.84712061908853 62.84712061908853 62.84712061908853 62.84712061908853 62.84712061908853 62.84712061908853 62.84712061908853 62.84712061908853 62.84712061908853 62.84712061908853
65.86967448797013 65.81590845760226 65.67593517324262 65.49045520519829 65.29332257763134 65.10102381461651 64.90483772901959 64.70497614475003 64.49502804951769 64.27374976492074 64.04169795419674 63.79881156002282 63.54713758180802 63.310895857475245 63.100110837702886 62.919392646305326 62.77324175049962 62.66605451548073 62.60316347846931 62.584982136810055 62.582984331646166 62.58815937777792 62.600116920255054 62.618497224496906 62.64307497075653 62.672504126840145 62.70372688134641 62.734958668198814 62.76461251301888 62.79131698916613 62.813903268246285 62.83135738015546 62.842744156819386 62.84710534550422 62.84712061908853 62.84712061908853 62.84712061908853 62.84712061908853 62.84712061908853 62.84712061908853 62.84712061908853 62.84712061908853 62.84712061908853 62.84712061908853
66.05307876066446 65.96519082669636 65.75345098722121 65.50496475696599 65.2609663059808 65.03850005551686 64.84124033149156 64.64175391195982 64.43419050759962 64.21859439782743 63.99444603039816 63.76099703778829 63.51743795965299 63.26735115101276 63.04026203260962 62.85107545406608 62.70240542267235 62.59595566891559 62.533544613285926 62.515894298280394 62.51666422311596 62.523765812480505 62.536619077799735 62.55456820854239 62.57705039133678 62.60378076968628 62.634906681258315 62.671104246276464 62.71190278307871 62.74983108409693 62.782781599191175 62.8097808265331 62.83002099989988 62.842746236192035 62.84712061908853 62.84712061908853 62.84712061908853 62.84712061908853 62.84712061908853 62.84712061908853 62.84712061908853 62.84712061908853 62.84712061908853 62.84712061908853
66.19516227370451 66.03532291587622 65.72663886721575 65.42762441192134 65.15432047983222 64.91073052223206 64.69584452101884 64.50112272849739 64.30300436123522 64.09828401929431 63.8855103659837 63.66334990041956 63.433963580824695 63.20677898685829 62.98870089363192 62.80647642426798 62.66322307953622 62.56074745524135 62.501013641408086 62.485342026840925 62.48917363183406 62.49881261472582 62.513400235984584 62.53185065351652 62.553126651133596 62.576526089416085 62.601901266688465 62.629777565719195 62.661378187318775 62.69858097073896 62.74180400247348 62.77976302460226 62.809782085508104 62.831362260514545 62.84396942606945 62.84712061908853 62.84712061908853 62.84712061908853 62.84712061908853 62.84712061908853 62.84712061908853 62.84712061908853 62.84712061908853 62.84712061908853
65.97842948215123 65.80403062450682 65.48734153894257 65.18927279708944 64.923749362549 64.68917762372831 64.4759007242954 64.28430324306656 64.10387436977135 63.915897221973125 63.718707748960846 63.52552749159639 63.33850305925019 63.15273225253984 62.96376687755534 62.79115044691268 62.65563801861022 62.55926275949285 62.50429071418554 62.4923440547554 62.499587940326094 62.5124877698899 62.529774831245575 62.54973840393443 62.57068126094217 62.59136274346931 62.61130016441094 62.63089306540952 62.65140696164047 62.674877705974055 62.70398552583308 62.74192103142033 62.782777534557965 62.81390679504246 62.835026483749076 62.845802345138004 62.84712061908853 62.84712061908853 62.84712061908853 62.84712061908853 62.84712061908853 62.84712061908853 62.84712061908853 62.84712061908853
65.36668050893293 65.24987164086077 65.02399135215484 64.7786159194608 64.5511563841667 64.34212504343049 64.15338865579676 63.986126565883104 63.83775449618494 63.680388933280916 63.52986959572844 63.387606945463595 63.24818676019134 63.106767015183415 62.95904414899841 62.80576207001981 62.68025394896913 62.59192111278373 62.54355404622962 62.53690933320771 62.547938609712475 62.564935468165984 62.58602426392573 62.60857810544563 62.629981941479706 62.648316919564316 62.66275632856135 62.67365740385693 62.682450995624926 62.691448316158514 62.7036460194632 62.72256214093351 62.75209649625676 62.791309554021446 62.8213294643658 62.8399937304819 62.84707253207142 62.84712061908853 62.84712061908853 62.84712061908853 62.84712061908853 62.84712061908853 62.84712061908853 62.84712061908853
64.6659097399072 64.56312313752292 64.40263797491357 64.22253610757075 64.04603806632132 63.878998001509316 63.72983768976953 63.59958900944817 63.49278193703367 63.42055515705618 63.34258870503026 63.25667184786733 63.169020097643234 63.07501819186836 62.97058707915162 62.8522563672251 62.73903287007111 62.66039034844153 62.62006654284151 62.619658470555265 62.63480830373733 62.65686126416148 62.683029920174945 62.70932502500545 62.73185481643561 62.747873701479875 62.756259407111244 62.75749006038174 62.75335780675183 62.74662404901989 62.74072746355293 62.7395779842142 62.747421423284834 62.7687317616869 62.80390627978745 62.830520828828604 62.844686968047924 62.84712061908853 62.84712061908853 62.84712061908853 62.84712061908853 62.84712061908853 62.84712061908853 62.84712061908853
63.916555110984255 63.823879522563644 63.711892485419995 63.593345981939734 63.47083810101528 63.352537429868825 63.245071380989735 63.157410819666495 63.11934321030294 63.12923525093594 63.14625772094941 63.13918564375292 63.10791770098305 63.064169548850344 63.00477379703413 62.926761872977934 62.834238254744754 62.766767490108464 62.735561923198155 62.74129975553874 62.76078264388546 62.78901527669222 62.82180433922795 62.85309454326573 62.87722514292231 62.8905036667774 62.89167181631103 62.88160307914258 62.862723137172175 62.83846149605709 62.81284902239304 62.790269995973546 62.77533356523905 62.772809074833646 62.78755749592124 62.81842009552997 62.83943805409488 62.84709395479177 62.84712061908853 62.84712061908853 62.84712061908853 62.84712061908853 62.84712061908853 62.84712061908853
63.135667395496576 63.056044870415974 62.98903369504103 62.92902230033069 62.866471217678374 62.80521051132051 62.75107543951217 62.73871547400153 62.7730404072132 62.8487747100263 62.94543293549436 63.02088379977384 63.06540509204785 63.07365947716236 63.060461359249196 63.02361989548184 62.961715128265325 62.90746530644103 62.8868428597324 62.89851279896905 62.923822845652786 62.96090108714928 63.00306566005226 63.040800441423286 63.06670828069228 63.076202158296546 63.06825055869019 63.04454640935497 63.00849239043422 62.96442193339475 62.91710345533327 62.87147146042972 62.83251637818697 62.805267342748586 62.79479478948707 62.80615321899883 62.832297902425395 62.84570301589003 62.84712061908853 62.84712061908853 62.84712061908853 62.84712061908853 62.84712061908853 62.84727300844397
62.32325789635579 62.266856078179146 62.25145035146902 62.25377075508509 62.257667559391784 62.25992867779346 62.28883317061911 62.36135045335307 62.4708975804304 62.612734718742026 62.77853552991789 62.9231603273284 63.032700033543364 63.10442797847804 63.13907737268328 63.14455046739863 63.11911489845645 63.0810406638747 63.07156890610002 63.086200296423044 63.11746599164834 63.165954658895 63.221924943006904 63.27076166080371 63.30018031067587 63.304166002010234 63.28428423383903 63.24385249612578 63.187639540091 63.12109956002131 63.04984505974212 62.979401859249066 62.91513968719992 62.862307865541986 62.82610854324913 62.81172468420097 62.824195490344636 62.84280730753481 62.84712061908853 62.84712061908853 62.847780910337505 62.85418017438752 62.865016979982116 62.87763447802589
61.480752675670544 61.46656094968769 61.51710059523984 61.592115747250695 61.66979136468122 61.75432458506447 61.8774568964499 62.033889497710035 62.21828164930008 62.42647001621938 62.654645932273624 62.86667497511602 63.03603711517389 63.161173305704686 63.24100357831679 63.28963302695703 63.30161091263816 63.28522281481054 63.285295406971464 63.29940393131472 63.336505184742165 63.39963961491322 63.47342935050778 63.535615718123395 63.57017060547354 63.57052639387037 63.53689703393612 63.47584242348846 63.39599289085628 63.304071314820966 63.20656715242241 63.1095779849358 63.01881050413013 62.9396764559055 62.87743155422293 62.83728427083809 62.82438139541632 62.83918382225019 62.84823528727627 62.85929309736999 62.87920807696308 62.90446059273586 62.93178241240296 62.95824070168832
60.59089012185258 60.6651223501938 60.811217155438925 60.972670526357966 61.131673599405985 61.31517738271979 61.529582557338436 61.76704308247797 62.0227974558434 62.293818994687086 62.577744153991254 62.851782602817664 63.077674420947794 63.25411763231408 63.37956063937106 63.457857541542616 63.50774485039493 63.51724822852355 63.52163671963219 63.53070843649702 63.57268519638052 63.656621068819376 63.75522021316692 63.833130820067616 63.87095964008699 63.8644160742896 63.817018142507024 63.73529703553138 63.628191497863696 63.50786980836431 63.381886363906936 63.25680882978494 63.13858224645974 63.03269205878277 62.944361160622165 62.878727185506335 62.84090834340987 62.84404116659991 62.87833451011665 62.91324064750681 62.954869412648186 62.99974963061241 63.04428982311487 63.08524908793682
59.61574908462548 59.83655417756483 60.12313529577106 60.40930371979738 60.67881763825175 60.96063189487189 61.25902193217369 61.56951761169063 61.88891938580552 62.21594466141516 62.54991041670217 62.87720161950618 63.15491710096502 63.38003016625133 63.55131153340755 63.66565470906129 63.739007755720436 63.777821736941384 63.78034816772443 63.77465757514388 63.817003834172525 63.93440415822075 64.06903526066947 64.1636690397893 64.20017646155895 64.18071341154561 64.11391228089335 64.00961648638518 63.8771022779816 63.726023085248116 63.56960383695417 63.41526479100486 63.26902609069135 63.136320899365714 63.02223934682017 62.932379271036865 62.886572394877206 62.892989977214405 62.94663039499439 63.00641646774664 63.070521804403555 63.13580958985228 63.19833107698898 63.25449645207528
58.62481636396952 59.0371028880234 59.47487753485964 59.88739732924826 60.29013401315269 60.691239245480375 61.075890444638695 61.4471398937159 61.81919881138903 62.19297063490225 62.56964468884042 62.94155871412953 63.26545640014194 63.53630862528479 63.75332938286149 63.91285371439581 64.01412134887401 64.07062182833802 64.07570135065508 64.03854381600965 64.06227487699127 64.24528431238294 64.42834239966685 64.53265743200602 64.55699455525838 64.51492454136026 64.42121970848669 64.28896972283718 64.12910669408352 63.950605195741815 63.76280199892038 63.578596420856904 63.40435237743949 63.24529260092228 63.1075591404396 63.01437221536331 62.973402652322406 62.98503413589992 63.04897208089725 63.13424842900777 63.22158098212396 63.30808073035221 63.38940038765889 63.46154947349635
57.8014986394089 58.36508355148481 58.92393092952878 59.44905299617002 59.970003132077586 60.47689539298797 60.95596393435697 61.40078885909009 61.8151065626095 62.22470089973097 62.63544071034642 63.04344650685493 63.40705618784548 63.72038075152729 63.98350872299916 64.19297363555697 64.33938128077166 64.4169252661177 64.4455349893533 64.39340463054884 64.31439409346568 64.65475110728875 64.86197641772941 64.94817551436076 64.940022482688 64.86126850722472 64.73130809614244 64.56523211894982 64.3746232127263 64.16846032352393 63.95385318074239 63.74009067841152 63.53857088165932 63.35509239977025 63.21453461477036 63.12709875086631 63.09296545178756 63.11194592288777 63.1832807767183 63.29184195765289 63.40315035405998 63.51170981332635 63.612725513934066 63.701741247391695
57.30541472119391 57.88654042012132 58.50924076098567 59.121512680503976 59.736137114995735 60.328610041287746 60.88453410619354 61.39888680640675 61.8718854107422 62.3102220951184 62.74523855189845 63.18033352580842 63.57604226843959 63.92755886555486 64.23650310037343 64.50067939839504 64.69923733236877 64.82431979887114 64.9178899162692 64.98013896296861 65.05978192092428 65.25301893763955 65.38526971188871 65.40793392065908 65.34084991371483 65.20931786569194 65.03363048717043 64.82857331379962 64.60483514257376 64.3703711746799 64.1313578234694 63.89287871320223 63.66570795749432 63.47607835612878 63.34148812153415 63.26187260458342 63.236781393800634 63.265428663201305 63.346503881648 63.47399864496788 63.610033719822724 63.74156024162502 63.86327964053022 63.97018929252102
57.018871707939354 57.57656706924181 58.233170309969836 58.91249046096696 59.59839888702035 60.25604159327863 60.870221987412144 61.43742619741581 61.95996884145577 62.44245181291619 62.89538660033762 63.34740097473467 63.76595543703011 64.1493010377192 64.50113768051513 64.81219370419416 65.06661851851248 65.26151529928042 65.45023552707987 65.64137008420687 65.8123445257114 65.93252995441019 65.95894232269366 65.88569314334876 65.73783743716099 65.5410290197794 65.31341826842146 65.06700867769804 64.80998718235307 64.54832107601771 64.286682516843 64.02894984901583 63.78995970011309 63.60601493077643 63.47964895220295 63.410152776085184 63.39646751160083 63.43722078650602 63.53053735918461 63.67522052166089 63.83672886714867 63.99219905537863 64.13576792766568 64.26178869517932
56.783084442516376 57.37345407422851 58.078938724317375 58.82050176190005 59.561594613110046 60.265408372789786 60.91880923015811 61.5211751599278 62.07740654927625 62.59416214932406 63.07813664921342 63.53714566724181 63.967339627904764 64.37318883177524 64.75246923556779 65.0970242042815 65.40480520556629 65.67430895449438 65.96097354254292 66.26029119134826 66.50715973079325 66.59680807876249 66.51901962277965 66.33472099605784 66.09637057197435 65.83114697644727 65.55229450004904 65.26701098628916 64.97991197187787 64.6944691794798 64.41361950641698 64.14230256306195 63.911802178405296 63.73622603450737 63.62061770366005 63.56369443274637 63.56385362542415 63.61918348388272 63.72726314570082 63.889700001118236 64.07739953636552 64.25785531583834 64.42458071113775 64.57117126382039
