_RESULTS/CROSS_VALIDATION_POSTPROCESSED_80-20/Berg/TZ/4comp/2/Berg_TZ_z_63_kriged_reverse_4comp_spherical_2.asc
ncols 100
nrows 90
xllcorner 5.6208707817415728
yllcorner 50.959635321741573
cellsize 0.00013419651685393446
nodata_value 1.7014100000000001E+038
[rows 38 to 56 of 90, columns 42 to 83 of 100]
0.3427871840529303 0.32001394004840517 0.3005472496621606 0.28331550213048623 0.2634495260744462 0.2386273075490356 0.20975281499434942 0.18056371386955217 0.1537763447230323 0.13131175871742776 0.11426554979074087 0.102255113491681 0.09475860947203969 0.09008010454682024 0.08453674800853399 0.07437009140580012 0.05858691595886539 0.044806514605359664 0.03539949660654638 0.02960555362474714 0.02659292527350635 0.026051216736196262 0.028035576541815585 0.03324819719642656 0.0430676053196028 0.059377179972194716 0.08473218057270124 0.12223323195728927 0.17421287400609872 0.23882467988515318 0.3082807342845 0.3752166590446679 0.4300261817838553 0.4629993808121211 0.4689481502954431 0.441157684014233 0.3884955761106241 0.3271512987697375 0.2712999552310309 0.2257521690677051 0.19142974158438883 0.16776782879136484
0.3101615581375808 0.2863403782320192 0.2657597542578929 0.2464749008492917 0.22408530145020564 0.19730512082659435 0.16810156151479955 0.13992471983405136 0.11586465532888146 0.096778098460719 0.08263874377734959 0.07326489110113442 0.06817989250139923 0.06601584094722332 0.06647815729452221 0.06277705201976022 0.04420202228764121 0.031720221357404356 0.02415075536067554 0.01963785846460092 0.01717371202529121 0.016390073915259266 0.017410112682187708 0.02116073503542027 0.02898545403242217 0.04261571840224403 0.06477655328342362 0.09935567383423351 0.1507556216582964 0.22154704000486147 0.30526735242435366 0.3874538988897228 0.45422189387704986 0.4914380586896608 0.49374238439795864 0.4571715649748764 0.39433713460351383 0.32143843499953867 0.2565574793487242 0.2073904076545634 0.17555809552693605 0.15612160142154557
0.27988337471056485 0.25534098068155564 0.2339012737599005 0.21199956885140314 0.18811888002862312 0.1609681027539713 0.1329653450118423 0.10798226481836942 0.08713705650676545 0.07070285014495523 0.058580687881141104 0.05052648488654107 0.04573320260478441 0.04337522746226874 0.04303951878052034 0.039808547800807066 0.02897063225996876 0.020936543360876563 0.015862835208066223 0.012728538088345261 0.010886425846685487 0.010023840470588343 0.0102477001991143 0.012926166478019297 0.019252075846651496 0.030438518563951997 0.049262447296203944 0.0802582293725051 0.12964109653500927 0.2035432429483673 0.30188227998787254 0.4071114171707719 0.4921077945916094 0.5324156043027309 0.5256205253622789 0.4759673175344458 0.4010640969367871 0.31731510627766635 0.24143137870879672 0.1852114303053321 0.15833711385828284 0.1466290367898798
0.2525332530708584 0.22767018861609375 0.2052820284181143 0.1817480252677809 0.15725667707714386 0.13122838285794858 0.10661371799918602 0.08485326153430522 0.06661869938857606 0.052116595291193446 0.04126752832401586 0.03378364684532912 0.02889175657400537 0.026031058947338915 0.024137048442163623 0.021390277198600836 0.017089405766178227 0.01304296489773241 0.010102308454199087 0.008177369361757772 0.007003751307487209 0.006352926903231118 0.005999733479075907 0.008142612059677822 0.013308669793150908 0.02221498761322477 0.03765281956058509 0.0644018316091404 0.11013417126180247 0.18526702654746674 0.29735855566178404 0.4324821005456456 0.5429243718138537 0.5819318536153949 0.5602633372737483 0.4953272733713053 0.410170853513776 0.31994235784492747 0.23633831753240736 0.1676982452069555 0.149107700629423 0.14495340069069837
0.22907682735768575 0.20423421873309017 0.1811345870686841 0.15704502426523093 0.1331919632562164 0.11002336233294827 0.08835092683903104 0.06910015880349324 0.05281113693999227 0.03969364382900267 0.02968957839913068 0.022451287096976524 0.017773243515651346 0.015316098070167957 0.013915793929297602 0.012328213915616709 0.010222920465461707 0.008114195898937887 0.0064511185128522785 0.005343988660935876 0.00472786127959803 0.004523765400231091 0.004799675709441417 0.006380144971728169 0.010077460936302962 0.016857028117988396 0.029023341704508702 0.05100965513967423 0.090940173222157 0.1627833361776722 0.28663275177885245 0.46696245082076027 0.6071289439047856 0.6197320696089325 0.5764178551717944 0.5048144835945206 0.41928008297689495 0.3310857747130958 0.25127939232306 0.19335491234739938 0.16622301826634114 0.15486671365915664
0.2105982986941726 0.18593098165362126 0.16236385430060946 0.1383725407377593 0.11673601140354169 0.09610349637657423 0.07661775198416973 0.05921419514208082 0.04439110888040754 0.03228328121986013 0.022831221192314594 0.015627481317018025 0.01101220695722525 0.00941584248472503 0.008806213666279875 0.007905478281593202 0.006634146179193517 0.005315231907691242 0.0042543428681324595 0.003589052458552395 0.003327777900508946 0.0034533124697622725 0.0040274444249703495 0.005390002515817865 0.008134115616520676 0.013202200611406461 0.02241885623140522 0.03941951090067772 0.07141288737190848 0.13255506904717418 0.24959519542334685 0.47078440052131243 0.6378998417668549 0.59296720633064 0.547220570188571 0.4879656381087986 0.41833199206917204 0.3442351186612912 0.2744346795858335 0.22279962196587658 0.19109323633153086 0.1718709959437771
0.1967631637278466 0.17231935550017563 0.1485695854374065 0.1260563960002168 0.1065273365020626 0.08799960281643981 0.07025495513770957 0.05420795106433502 0.040389090444779306 0.02901444872021196 0.019970224862551598 0.012820862359702354 0.007575810630065986 0.006916876401939167 0.006651733058917744 0.005912618964587768 0.0048717674558481 0.00380307728582039 0.002949524391365532 0.0024582110985022472 0.002378778901451244 0.0026831435305121765 0.0033638800982210043 0.004583144093352537 0.0067317096032823084 0.01050106435683479 0.017203720982577105 0.02949484141279429 0.05274872448642439 0.09737183428082401 0.1809345952268964 0.316646496320266 0.4362947015256951 0.4685723181496749 0.46624065532094255 0.4411395783519994 0.39962789536484944 0.3479806746488724 0.2931893737202646 0.2467735248381178 0.21367450697548873 0.1900597682875709
0.1872435010107173 0.1629742275164092 0.13978597859967762 0.11931481340237944 0.10146650236834659 0.08473828970987192 0.06842171052536869 0.053400433523120364 0.04028773495067502 0.02939510797567758 0.020614563723978883 0.013753700679599839 0.009293834048886214 0.0073680998546977305 0.006345512087113085 0.00531166825776401 0.004171722564442176 0.003077651233532273 0.0021996213681013677 0.0016869012562243406 0.0016969772181136906 0.0021428277630970863 0.0028854785676774575 0.0039864309300200965 0.005693451438401285 0.00845582293743242 0.013123598059047023 0.021433549853795524 0.03691851443089902 0.0659840422977995 0.11716775361558981 0.1919665707422433 0.2720643742171905 0.33213838671412926 0.36552790326961254 0.37608926912472174 0.36514193352457025 0.3381321264407067 0.300870357908763 0.263152157051727 0.23125353571564167 0.20615691769761768
0.18179368085846273 0.15765083073041805 0.13610496960679075 0.11738188373999858 0.10095750900168907 0.08577273368537575 0.07069874781292308 0.056511138185409766 0.0438894211428599 0.03318147196443295 0.024337730750070133 0.017243050848630738 0.012352680926055657 0.009327212492029412 0.007300937671014957 0.005695592148308047 0.0042418160969893825 0.002959373680257729 0.0019279923782415827 0.0011960982610675567 0.0012907308002452632 0.0019058737567132424 0.0026814830946626563 0.0036699793064361354 0.0050205118817308715 0.006987967713752888 0.010052874244093117 0.015275177124856815 0.024990832948801476 0.04329344544376189 0.07485968810261837 0.12074294430798203 0.1769557180380086 0.23318828633047095 0.2782630001210089 0.3097402083406184 0.3226291807989445 0.3173249125734188 0.297085169700661 0.27017996710238934 0.24291418625763941 0.21874924989619982
0.18028651010088578 0.15668428660490694 0.1370187588553845 0.11987834914704457 0.10474664655437178 0.09089532272303649 0.0770821083019344 0.063612642991815 0.05123408692934858 0.040517896887601795 0.03111297714542078 0.023156057120165528 0.017139456021139608 0.012791313217962525 0.009560736406787063 0.007130131007226738 0.005151611990087468 0.003543567329665781 0.0023332530008691407 0.0015998668740593912 0.0016101907099929072 0.0021346685005775514 0.00284460868090605 0.0036920342905140792 0.004728546484771716 0.00606387718132202 0.007903839703511144 0.010837944411958431 0.016725062168356 0.02879262922439362 0.04984323079529145 0.08099106224870722 0.12248771251927872 0.16918211463725166 0.21398800957542255 0.25272850368541727 0.28005054024510606 0.29068497857339454 0.28475090786424145 0.26860542080939676 0.24814223730745522 0.2275693612573467
0.18274413961863428 0.16020854567888929 0.14233024934173316 0.1267518806401158 0.11286500087124798 0.10006783283412819 0.0875331231393388 0.0748354000386136 0.06282543431214788 0.051977488088731774 0.04167271001353909 0.03236795460129182 0.024703936944890554 0.018625059611308364 0.013789810731547494 0.010147003833327506 0.0073363179741726 0.005182339644175216 0.0036661888894174433 0.002821179922756809 0.002639026455061921 0.0029239373682580735 0.0034486685346698086 0.00410254634017348 0.004847182261045864 0.005702403160053397 0.006689825231616701 0.007920561116880196 0.011402251923857156 0.020600360273529173 0.03610956756477786 0.05915885954541794 0.09101505572411349 0.12908807756978408 0.1695517010592074 0.2086203782849435 0.24234160020585224 0.26291481142748224 0.2675212103989715 0.2607738036217274 0.2475917306385658 0.23299867650024716
0.1894096339184797 0.168036162457793 0.15186891976999242 0.1377539024668374 0.12494301595995647 0.11313050507158601 0.10212069232365731 0.09072941016518347 0.07953887853675981 0.06854802416309504 0.05734823941191135 0.04642636230394641 0.036696756594519264 0.02840312015208744 0.021416317382240858 0.015943270856079276 0.011792415771410098 0.008663227626086584 0.006458092052467379 0.005120149569091945 0.004515443879224397 0.004416343738982081 0.004611232365848192 0.004981761600742974 0.005437909492465807 0.005967101212683914 0.006573043986113182 0.00734454518516795 0.010045008560690207 0.01739843052197663 0.02951677927623813 0.04772289864649095 0.07296149328931398 0.10432036521028407 0.13973471443294463 0.17642571831393555 0.2113683178391783 0.23706097984667074 0.248533976001675 0.2491378652874127 0.2433494142041049 0.23513029112053493
0.19975577220979285 0.17911495296251687 0.16470442833244292 0.15223170875183364 0.14083199323286216 0.13040499438583797 0.12107301086247 0.11190204287873867 0.10217757799410657 0.09156219868886324 0.0799269886247374 0.06750191752772597 0.05554245368757743 0.044655618514527776 0.034999737479941825 0.02685253171766866 0.02057541221198278 0.015703021517768683 0.012030080349784283 0.009468909308492096 0.007865768959119127 0.00697183340160361 0.006549988476684364 0.006454600406233675 0.00658315097269738 0.006893186012364181 0.007472254173567408 0.008658321330886587 0.011487373793711732 0.017372337161375342 0.027222253892965884 0.04219156182491823 0.06291423116167452 0.08925430269990725 0.12008769103363072 0.153470532999423 0.18703362590852976 0.21454404555927048 0.22993275363298546 0.23602066549372197 0.23723520290354952 0.23494766808460985
0.2132609062284406 0.1932298427451971 0.1805889186267559 0.1700650933974649 0.1605168411151024 0.15203122018026763 0.14476795797572073 0.13872292434084268 0.13147060815608386 0.12233933012841725 0.11139230765370299 0.09823094534214036 0.08443791498445148 0.07103307697105839 0.05850714835886643 0.04708642132462221 0.037717327891559085 0.029921599257904878 0.023226500014425798 0.01777817529349111 0.013813397744365083 0.011195604524630462 0.00958326528979787 0.008689114128895933 0.008347694055768797 0.008440769468370725 0.009053393058464448 0.01050501001482162 0.013445605924245744 0.018758956018257503 0.027306525360783554 0.04006750480434016 0.057711442902422486 0.08035103910077934 0.1073560886863381 0.13733902921633306 0.16833214366039403 0.19561788641754846 0.21290460324784583 0.22384025042267602 0.23074507865584534 0.2336441402694441
0.22808806016587418 0.21049100023935552 0.19928521145737144 0.1909041238908519 0.18359641975858793 0.17770129821179279 0.173459054175931 0.17095093234260345 0.16765065429018938 0.16172203635597576 0.1533701076210174 0.14116950365563175 0.12685508368178466 0.1119125810165329 0.09726217945487461 0.08326268247682549 0.07044176917510846 0.058723936116384906 0.04604185546563253 0.03357991815245195 0.024077125052677867 0.017871102815974118 0.014059320470639954 0.011836381319907248 0.010731513120363393 0.0105105212583229 0.011095693274843103 0.012701121709026656 0.015760529043851258 0.020840280381675243 0.02859553958009549 0.03995513411096725 0.05549430957511494 0.07540116989698256 0.09928425927459607 0.12609050554678491 0.1541647979791166 0.1797784810227838 0.19852689700664253 0.21364151104993004 0.22498300045791841 0.23223488388713168
0.24303553177729675 0.22917208306227815 0.22043476158969885 0.21420472772951826 0.20903054817249783 0.20607076885485193 0.20635870419401114 0.2085526917803581 0.20991381509707865 0.20944333573509502 0.2062251958948663 0.1976941172050621 0.1852238235288752 0.17080790008440566 0.15600934190665972 0.14182245699843637 0.12842245129859983 0.11565542897320226 0.09295199295586745 0.062075917871891415 0.04043406282491152 0.027634615443857407 0.020192873149815247 0.015921749535745655 0.013679004503970945 0.012927474285858168 0.013427114394888817 0.015161912393765143 0.01836533556771977 0.023246060810012136 0.030605596215144838 0.04108991209436164 0.05517045535852996 0.07301688234350444 0.09432884907455136 0.11823591144409955 0.14330234952872214 0.1667923480806541 0.18761391507842265 0.20586524519622035 0.22070301564359618 0.23151774038251025
0.2573570017499369 0.2475133446547281 0.24221645867004396 0.23982730342129835 0.23635329088475343 0.23450961149747157 0.24265907817903326 0.25109626938070795 0.2577244107159282 0.26360890984437085 0.268074146150576 0.2665835158021977 0.2589843060628148 0.2476314537326267 0.2347609986561815 0.22232176753650784 0.21195380165259492 0.20588614571160016 0.17979689110352878 0.10304176967662727 0.06252531814741859 0.040395666800423335 0.027917083984462188 0.02081125056903118 0.01699815787388303 0.015499190852205887 0.015858410538849253 0.017773845615035155 0.020992282936475554 0.025916509083212802 0.033123011576702874 0.043062663762866 0.05608900294479887 0.07230442884450058 0.09141666999841892 0.11264323357297362 0.1347733284907261 0.1576950063611067 0.18003747250735685 0.2005640387214808 0.21821579094553598 0.23205896426163816
0.27028050744221277 0.26457710240394444 0.2629156882634115 0.2652668469047403 0.26867493757735966 0.2731879708041317 0.2843410467369607 0.29850320663168 0.31095898911073083 0.322518187557138 0.3344974753805244 0.343190035386858 0.3432742611488588 0.33681916490385566 0.32605324170340694 0.31269494147088217 0.2968330392615916 0.2724220920183032 0.21618000944299787 0.13986434818790994 0.08674920939926903 0.055377159873509045 0.03707557438652239 0.02637627073799475 0.020432342163434362 0.018000973223276717 0.01824552709013368 0.020262039860190595 0.023710477077648617 0.028878880127647416 0.036081607724281296 0.04565567261956738 0.05784092196904207 0.07265286849340555 0.08976565888261553 0.10850124782158391 0.12894595310376752 0.15220335317441136 0.1756129181894955 0.19783237838002132 0.21767621824406802 0.2340202671885185
0.2809249301390222 0.2791465455407364 0.2814712562401869 0.2883436931347484 0.3002210303480949 0.3141793194995805 0.33150920077441925 0.3507869565668277 0.3687798942205385 0.3858992776173398 0.4030563248004107 0.4202581667305737 0.4298163808374619 0.4289139940691954 0.41869281411286596 0.3993931804011094 0.36865754359445896 0.3198437554968214 0.24800490429435756 0.17076513238650873 0.11150155428456975 0.07251029197807797 0.04814222553744034 0.03309051283127914 0.02397509221297891 0.019972595379968566 0.020617952717891505 0.022993545206322658 0.0268203143718287 0.032272842022931535 0.03949870318030803 0.04873908216743553 0.060129496282120706 0.07359459387116887 0.08889218846177101 0.10621510277187698 0.12620625912106168 0.1499240288299927 0.17416346172797095 0.19769766759122576 0.2192726213941306 0.23763053396475012
