_RESULTS/CROSS_VALIDATION_POSTPROCESSED_80-20/Berg/TZ/4comp/2/Berg_TZ_z_0_kriged_reverse_4comp_spherical_2.asc
ncols 100
nrows 90
xllcorner 5.6208707817415728
yllcorner 50.959635321741573
cellsize 0.00013419651685393446
nodata_value 1.7014100000000001E+038
[rows 0 to 17 of 90, columns 41 to 81 of 100]
0.027675785942450192 0.0293225184100166 0.031569746855119644 0.0347383041708341 0.039274909297857166 0.0457011508869982 0.05455864685245938 0.06648231244941458 0.0721216846330553 0.06431574286874195 0.057971200981626975 0.052805457350081665 0.048486622986286046 0.044819547098025186 0.04165830691076986 0.03844936082488855 0.03531841043569643 0.03248514716113242 0.029995719983529165 0.027466007502500264 0.02495031341383183 0.022533330916358823 0.020556241417147493 0.01924338204439177 0.018511133439014196 0.01830490466458778 0.018596815492492428 0.01927252500845392 0.020064700762133316 0.020893879627711442 0.02166392730308305 0.022255152413749656 0.02253179428102012 0.022537578229644632 0.022537578229644632 0.022537578229644632 0.022537578229644632 0.022537578229644632 0.022537578229644632 0.022537578229644632 0.022537578229644632
0.0279236592177719 0.029135130283827075 0.030882204816413624 0.033576072152789675 0.037654567168026266 0.043448708157823965 0.05112636772196162 0.059654196446979765 0.06349098803851093 0.060203971728717165 0.05526792347569261 0.05060558966851265 0.04658782409384238 0.042706148303890974 0.038476734075376336 0.03431134809930314 0.03049971548274416 0.027210904540066524 0.024523899634321018 0.02218751978449871 0.019991610742280234 0.017986775847531607 0.016314181808218156 0.015249949915324747 0.014727998623420653 0.014700248248858058 0.015151975272202921 0.01600132787609142 0.017048906953199165 0.018239851813269443 0.019496087856478952 0.020706086894305455 0.02172501050825726 0.022383809994368273 0.022537578229644632 0.022537578229644632 0.022537578229644632 0.022537578229644632 0.022537578229644632 0.022537578229644632 0.022537578229644632
0.028294978418903157 0.028826076784182725 0.029741487289419753 0.03160193074416287 0.03494433365290969 0.039944492023962296 0.046096157346150406 0.051891943778155945 0.054970879868491834 0.05429226249417136 0.05138273159867557 0.047746791498486235 0.04319120889436896 0.03813340998306718 0.03321091302482361 0.02864893560904007 0.02465630008612738 0.021337752192048663 0.018705541273200236 0.01665999794482849 0.014872113217056492 0.013317318662425665 0.012035471101435173 0.011245903577428629 0.01091982692396669 0.011021001428060886 0.011549192710349297 0.012447271644043528 0.013593687061233579 0.014966189148417752 0.016517669385590485 0.018164198064077736 0.019777108044696526 0.021182485259841136 0.022173262656512913 0.022537578229644632 0.022537578229644632 0.022537578229644632 0.022537578229644632 0.022537578229644632 0.022537578229644632
0.02912837144781566 0.02873036672690934 0.028437183322036767 0.029137411464918654 0.031695725372950435 0.03614288776608768 0.04154771441313115 0.046397658269088406 0.04915941593990167 0.049419931584764674 0.047645771840730766 0.0435528633329849 0.03808279255722586 0.03236053394789038 0.027079379949902636 0.02256388825407625 0.018794908752874546 0.015767108615229793 0.013433763960819602 0.011710791252745557 0.010339804795672548 0.009202208190910367 0.008293943131466693 0.0077543074610120005 0.0075812803226952465 0.007751832563829859 0.00827788502431463 0.009118927910379025 0.010226540797612291 0.01160854489165256 0.013253404986450246 0.015116302956175507 0.01710459158059145 0.019067121624452156 0.02079409000162903 0.02203455721558355 0.02253579619927185 0.022537578229644632 0.022537578229644632 0.022537578229644632 0.022537578229644632
0.031011699769443086 0.029484919284784646 0.027475771443081377 0.026506362215476982 0.02854152005358819 0.03314785741898003 0.03847893510848067 0.04305296949283722 0.045787482521222576 0.04621658435660002 0.04354305197289834 0.038442140757707036 0.03237276346150744 0.026421349564787946 0.02119769575494995 0.016934788179523014 0.013617676293855446 0.011058138382340325 0.009143351959105877 0.0077662005047559905 0.006764112030862489 0.005971711509713444 0.005366527162602388 0.00502446285264647 0.0049534451637024135 0.005141914771849452 0.005607408155991533 0.006325650994412446 0.007300660022920924 0.00856341931819695 0.010134864840746216 0.012011460019567327 0.01414688178187979 0.016433084374657566 0.018687343938357442 0.020654666282087838 0.02203479263859332 0.022537578229644632 0.022537578229644632 0.022537578229644632 0.022537578229644632
0.03493143186387139 0.03237744425266465 0.02815706779763659 0.02404090704854662 0.026535944373868 0.03224705773912891 0.0376966930662667 0.041954351497510645 0.04442063461648194 0.04366109282692304 0.039364281855300415 0.03329280858087367 0.026853171463780752 0.02097266004303522 0.016088880945061893 0.01228725683646607 0.009462633536875556 0.007418239832815613 0.005939350177233331 0.004903312868883401 0.004192560884154631 0.003662549053987466 0.003277893738020923 0.0030753336656004398 0.0030618281897187975 0.0032340281793684623 0.0036083313246183637 0.004178541393488149 0.004976096626272533 0.006046839078185195 0.007436112725616599 0.009176221942292931 0.011267592741991983 0.013654998266117501 0.01620401425291803 0.01868745837623906 0.020794601462081914 0.02217386385743433 0.022537578229644632 0.022537578229644632 0.022537578229644632
0.0423814016742205 0.039756808249029114 0.034212545487873974 0.028230399119175558 0.030129647740678927 0.03532639293653767 0.03993063260197855 0.04325029348977893 0.044261152691685055 0.041333796043737485 0.035521381789934456 0.028570024807189908 0.02194928753096631 0.016336862790211203 0.0119446256960757 0.0086960985650787 0.006388829430130609 0.004799363060908818 0.003709865083124542 0.0029683493238882776 0.002479661201084283 0.002136522954937828 0.0019005975480466716 0.0017876404911628511 0.0018001912516075562 0.0019397569585507723 0.0022179364265905548 0.0026445176162195163 0.0032597205665713743 0.004115979919760159 0.005273309112392909 0.006790153224685518 0.008706744924067615 0.011020250116424124 0.013654515605277171 0.016432773032372342 0.019067450909098983 0.021183393451078652 0.022384459831078982 0.022537578229644632 0.022537578229644632
0.05516412370572904 0.054743175903577 0.04949642611076966 0.04351874128850867 0.04176402439919607 0.04329579875298281 0.04541633214329612 0.04670543404046344 0.04466354348398974 0.03929078083871838 0.03203580914181567 0.024451180621517566 0.017813699760033802 0.012590387540411804 0.008746808498115492 0.006053219974274013 0.004230213019343443 0.0030269606959618727 0.0022463577785432876 0.0017355759436753927 0.001409633064702751 0.0011930250956462714 0.0010521638800275992 0.0009922963688247558 0.0010124231350668409 0.0011160894215324047 0.0013099915403690394 0.0016142477960998179 0.002067346203664736 0.0027218057976157203 0.003643476948366649 0.004906338086412366 0.0065797582940809824 0.008705698586333665 0.01126599698644926 0.014145444406809924 0.017103990878086367 0.019777606307008578 0.021726073735099345 0.022531968360504726 0.022537578229644632
0.07439567926883775 0.08111557774785166 0.07587862405495982 0.06529454426245843 0.058282859178468385 0.05503890668224566 0.05354430854317462 0.05109198300170223 0.04537670517899495 0.03746777852651097 0.028884638748374467 0.0209377240506145 0.014439973720466279 0.009669381045321541 0.006368529050361174 0.004179394592610603 0.0027704909310541587 0.001882112756917213 0.0013304110205962353 0.0009879961165040066 0.0007761028742615635 0.0006418450386599071 0.0005594403214965147 0.0005289439241921937 0.00054782941460823 0.0006187560129839737 0.0007483732460731302 0.0009575661356638865 0.001279939502484727 0.0017639496830091168 0.002474735527102361 0.0034926478385688318 0.00490507327597356 0.006787718374312395 0.00917303080837694 0.012008250992653811 0.015113960328745435 0.01816336294205799 0.020706666831086976 0.022255990634006472 0.022537578229644632
0.09603004017601759 0.12189444106233793 0.11144208336893047 0.09019687368805762 0.07671846183951256 0.06845558478344484 0.06283737859653384 0.05550373414105741 0.04600968511904655 0.035731664034674336 0.02605953994233006 0.017941954438758217 0.011749024693250816 0.007449752542591942 0.004647453440677691 0.002887812992987977 0.0018118737445338045 0.0011649750114936942 0.0007801290124076761 0.0005527740068799066 0.0004173334631631996 0.00033496904989283976 0.0002874497467749159 0.00027230308404600084 0.0002869389600804474 0.00033242914858367376 0.0004166613136058962 0.0005568910405445084 0.0007811052131350014 0.0011317133873911503 0.0016691716348954388 0.002473590906396937 0.0036409548016970517 0.005269367342073374 0.007431050320506836 0.010129405839192439 0.013248604469590992 0.016514561630874666 0.019495125204193837 0.02166445062802489 0.02253446732159126
0.10676696044788145 0.13013711036993825 0.12720208558097876 0.1085093329308014 0.09266427371235532 0.08101893545116154 0.07112384810198401 0.05911528744570821 0.04621865516240469 0.033977873037964505 0.02353806412860265 0.015432492369841708 0.009636542440162887 0.005800746763199483 0.0034333543726379327 0.002021886005471841 0.001200056360083537 0.0007286108344580563 0.00046029801076648063 0.00030851470340572133 0.00022208509391541628 0.00017140329273677046 0.00014400318505894286 0.00013636045093208524 0.00014606616315997734 0.00017432285391435129 0.00022816334785663562 0.00032095357862981584 0.00047535107298518744 0.0007273199795976274 0.0011308564113190263 0.0017618733553773436 0.0027181587372943255 0.004110564648354048 0.006039801626904625 0.008555411915609774 0.011600733440240294 0.014959975423848434 0.01823628777374431 0.020892967112036503 0.022372978997604678
0.10635673451731467 0.12373397701949379 0.1268004593368507 0.116967184790775 0.10342873886707152 0.09083745353188083 0.07719468479724159 0.06139877067980798 0.04583192864840146 0.03217797917155838 0.02131759599073662 0.013392180643611199 0.008020203226320166 0.004613396408906331 0.002598938610486688 0.0014530880756647374 0.000816141024361872 0.00046717143561250435 0.0002773251924966466 0.00017438533411634328 0.00011847916740747565 8.689362953470458e-05 7.100424636976175e-05 6.698303886926171e-05 7.287315253966083e-05 9.028422067423269e-05 0.00012448973381226159 0.00018585461611090638 0.0002926237929158568 0.0004747897816307464 0.0007796452481084279 0.001277141862810486 0.002062734343868976 0.003252924086910248 0.004967072724035256 0.0072899316020525835 0.010215315093334043 0.013583681348460833 0.01704178353281481 0.020061235626487938 0.022041708528530556
0.10301428194155436 0.11897470707954844 0.12492648463407574 0.12025080869509035 0.10957336158287534 0.09710421124367358 0.08068798536264378 0.0622368921797502 0.04487279991935793 0.030415626297916686 0.01946330961020197 0.01180608067394539 0.0068211086912507435 0.0037755799115581053 0.002034456307786476 0.0010842437064893017 0.0005777799654480707 0.00031198042414222726 0.00017358833868545492 0.00010172254323672435 6.436112084153281e-05 4.419849688689551e-05 3.4710887740539375e-05 3.2298294347303674e-05 3.591160225119763e-05 4.683933321119863e-05 6.901992914084666e-05 0.0001104286133437723 0.00018565428537788413 0.00032003404713481685 0.0005550067372451083 0.0009541983223734767 0.0016087883890146602 0.0026364092878700366 0.004167524370146736 0.0063120715475388535 0.009103971708692841 0.012432912944379784 0.015989822671230124 0.019265490269633707 0.02163633468916584
0.10138466792419777 0.11793430282687094 0.1253162871268236 0.12241467733983986 0.1128527129405175 0.10003536119481778 0.08184353004884393 0.061839554754854906 0.04359179429243858 0.028837642163933773 0.017984270125904714 0.010618636674279196 0.005963178784665199 0.0032015340356119234 0.0016625481753442628 0.0008502491808181612 0.0004323507791152528 0.00022111052534871343 0.00011541749020382691 6.275610572006484e-05 3.644852914224688e-05 2.301312141566324e-05 1.6897712431659972e-05 1.5342781841857924e-05 1.7661484033723973e-05 2.481820349826097e-05 3.9847197871957656e-05 6.90795583118615e-05 0.00012446228386130996 0.00022740088693007078 0.00041448384290461226 0.0007445006416291882 0.001303715801598831 0.0022085021896130655 0.0035952430419493833 0.005590804566223288 0.008258886929181355 0.011528706668189262 0.015130328843508923 0.01857724928460954 0.0212362158737655
0.10276356207534701 0.1218195841274031 0.13000408237105937 0.1262753100330657 0.11575295002113432 0.1014483426140877 0.08154763642927086 0.06068989056417042 0.0422094312146701 0.027511147592229623 0.01687645236536781 0.009787083441663997 0.005389479037047805 0.0028313594804516896 0.0014314377244239503 0.0007093229865409056 0.00034750875362499017 0.00016985213058626287 8.377561193358582e-05 4.2366303307423144e-05 2.2361870752018563e-05 1.2629569248719977e-05 8.295276653754922e-06 7.2116424647994996e-06 8.84179013005087e-06 1.3915954648363954e-05 2.4876638110329452e-05 4.700220450833052e-05 9.050854422720677e-05 0.00017414414928941852 0.00033070354299568553 0.0006144731397883726 0.0011089163453288674 0.0019280394586056536 0.003210852227294005 0.005094794118947215 0.007663925834194905 0.010876211335202132 0.014492185721529906 0.018045887531303234 0.02090200824785044
0.10654788799384868 0.13130033816668493 0.1388237246170573 0.13093543299459645 0.11810708175179999 0.10225917948731301 0.08130427879486529 0.059796049450073566 0.04104613533223367 0.026496510336071075 0.016140266996686626 0.009282107053712888 0.0050614609248475955 0.0026285121465005872 0.0013090451002889514 0.0006364627821041835 0.00030456749060498334 0.00014443396277372114 6.841498568071024e-05 3.267603908302348e-05 1.5764843006625274e-05 7.816459946013206e-06 4.285109538204168e-06 3.371382031004051e-06 4.759055747437013e-06 8.861896616587496e-06 1.776623643483313e-05 3.61935506036366e-05 7.338867076210956e-05 0.00014655392198138577 0.000286197299250562 0.0005434825578345436 0.0009986167788589232 0.0017659727184178803 0.0029848383355364273 0.004798295655270933 0.007302453207568617 0.010473054742249448 0.014090338464646697 0.017702782096142924 0.020675955963066334
0.10877850738220743 0.1431077583408099 0.1452737171839269 0.13259812474562802 0.11856370175295988 0.10239942367749241 0.08123391932779561 0.059542890767270214 0.04066147516554586 0.026065491995362827 0.015793420280796822 0.009088691413637329 0.004958564067975727 0.0025739048036978215 0.0012790438647195363 0.0006192120045591989 0.0002944102929743059 0.00013827282962130137 6.441169449379536e-05 2.982368428436189e-05 1.375520177754242e-05 6.283544307453303e-06 2.8466800233417306e-06 1.6134892668368477e-06 3.3550553528165674e-06 7.246715529710905e-06 1.5518925099670333e-05 3.276497994743751e-05 6.790558867048166e-05 0.0001375836643948489 0.0002714157681925224 0.0005192226617907865 0.0009593157862702293 0.001704868777816393 0.0028987100418268194 0.004684287784157641 0.00716223708705816 0.010315254378538972 0.013931464882939329 0.017565362654004348 0.0205833221233207
0.10492843672723756 0.1283117825271677 0.13550323056278413 0.12829392208411433 0.11660924157254657 0.10183477116474537 0.08143449246396055 0.060013292960174616 0.04111809068657258 0.026401411689881308 0.016003930873536954 0.00922217931805608 0.005078692762943616 0.0026651175863161413 0.0013390160807361764 0.0006556332607613233 0.0003152177688180051 0.00014932632478168259 7.011262457610238e-05 3.2997377997607874e-05 1.5593991643804043e-05 7.4595090195758944e-06 3.815124831409876e-06 2.8220214669187453e-06 4.286142987272636e-06 8.404024785936354e-06 1.7252332451097247e-05 3.554716364132716e-05 7.246396707047149e-05 0.00014501027550322312 0.00028323422999235924 0.0005373175226583571 0.000985556555905888 0.0017402066229126574 0.002945202363741972 0.004745901637412516 0.007238101168483419 0.010400731990070366 0.014017635053494348 0.01764001995678449 0.020633793042615298
