_RESULTS/CROSS_VALIDATION_POSTPROCESSED/Berg/IZ/3comp/2/Berg_IZ_z_125_kriged_reverse_3comp_spherical_2.asc
ncols 100
nrows 90
xllcorner  5.6208707817415728
yllcorner 50.959635321741573
cellsize 0.00013419651685393446
nodata_value 1.7014100000000001E+038
[rows 19 to 37 of 90, columns 0 to 42 of 100]
16.819384459989774 16.819384459989774 16.819384459989774 16.819384459989774 16.819384459989774 16.819384459989774 16.819384459989774 16.819384459989774 16.819384459989774 16.819384459989774 16.819384459989774 16.819384459989774 16.819384459989774 16.819384459989774 16.819384459989774 16.819384459989774 16.819384459989774 16.819384459989774 16.819384459989774 16.819384459989774 16.819384459989774 16.819384459989774 16.819384459989774 16.819384459989774 16.819384459989774 16.819786033145224 16.829945176925378 16.854400313210295 16.90081018210578 16.96741181807846 17.050809873186452 17.14741838563219 17.25302086266673 17.36216738403497 17.470850174840365 17.57511402434094 17.670997361234733 17.754678129999306 17.822654193837092 17.871943746977298 17.90028556976704 17.906316512403116 17.889703221868707
16.819384459989774 16.819384459989774 16.819384459989774 16.819384459989774 16.819384459989774 16.819384459989774 16.819384459989774 16.819384459989774 16.819384459989774 16.819384459989774 16.819384459989774 16.819384459989774 16.819384459989774 16.819384459989774 16.819384459989774 16.819384459989774 16.819384459989774 16.819384459989774 16.819384459989774 16.819384459989774 16.819384459989774 16.819384459989774 16.819384459989774 16.819384459989774 16.819384459989774 16.82636081026248 16.847680040532683 16.88160930563114 16.930948552758323 17.000335787045113 17.08640675973446 17.18548301033757 17.293642156151037 17.406501666500564 17.518450598773455 17.62506244197368 17.72216498418875 17.805766624309165 17.872277601798885 17.91874592706034 17.94307328831094 17.944176805424235 17.92207283296064
16.819384459989774 16.819384459989774 16.819384459989774 16.819384459989774 16.819384459989774 16.819384459989774 16.819384459989774 16.819384459989774 16.819384459989774 16.819384459989774 16.819384459989774 16.819384459989774 16.819384459989774 16.819384459989774 16.819384459989774 16.819384459989774 16.819384459989774 16.819384459989774 16.819384459989774 16.819384459989774 16.819384459989774 16.819384459989774 16.819384459989774 16.819384459989774 16.82215670589948 16.839671232161542 16.871870196104794 16.91701724150283 16.973352550747386 17.045393976263725 17.13423212022156 17.2361254416614 17.347052947220828 17.462701228464322 17.578477222545573 17.688799505942697 17.788608843287907 17.873615048501378 17.939982955554896 17.984628659583045 18.00548331983992 18.00166870043698 17.973549716064056
16.819384459989774 16.819384459989774 16.819384459989774 16.819384459989774 16.819384459989774 16.819384459989774 16.819384459989774 16.819384459989774 16.819384459989774 16.819384459989774 16.819384459989774 16.819384459989774 16.819384459989774 16.819384459989774 16.819384459989774 16.819384459989774 16.819384459989774 16.819384459989774 16.819384459989774 16.819384459989774 16.819384459989774 16.819384459989774 16.819384459989774 16.8194950456264 16.830391096189956 16.857994933458894 16.900680774330823 16.956745651700007 17.024379255416306 17.10190761939818 17.193572599030098 17.298616989933173 17.412954353611017 17.532147816379055 17.651416067578253 17.765699254170187 17.869709176512096 17.95776126336325 18.025409290050593 18.069233189401825 18.087043644142618 18.078113931798 18.043211576585023
16.819384459989774 16.819384459989774 16.819384459989774 16.819384459989774 16.819384459989774 16.819384459989774 16.819384459989774 16.819384459989774 16.819384459989774 16.819384459989774 16.819384459989774 16.819384459989774 16.819384459989774 16.819384459989774 16.819384459989774 16.819384459989774 16.819384459989774 16.819384459989774 16.819384459989774 16.819384459989774 16.819384459989774 16.819384459989774 16.819384459989774 16.822534485921928 16.842521629185846 16.8796230900539 16.93226636974253 16.998800192830117 17.077460493641002 17.16633045268527 17.263498144365435 17.371934383331638 17.490256681912847 17.61394383978225 17.738026882873438 17.857117242280676 17.965533786789315 18.05757382708632 18.127940704114412 18.17203439906484 18.187149087463585 18.17266990781966 18.129896827536754
16.819384459989774 16.819384459989774 16.819384459989774 16.819384459989774 16.819384459989774 16.819384459989774 16.819384459989774 16.819384459989774 16.819384459989774 16.819384459989774 16.819384459989774 16.819384459989774 16.819384459989774 16.819384459989774 16.819384459989774 16.819384459989774 16.819384459989774 16.819384459989774 16.819384459989774 16.819384459989774 16.819384459989774 16.819384459989774 16.819384459989774 16.828699675625433 16.85701604569651 16.902883622568766 16.964795585088236 17.041169799187347 17.13031252343917 17.23037406568597 17.33929442587703 17.45473897316665 17.577448485543975 17.706451482767864 17.83664451027716 17.962313834144496 18.077190316039175 18.174689658261762 18.248434594305614 18.293080848101916 18.30526567855238 18.284274661317113 18.23205640860318
16.819384459989774 16.819384459989774 16.819384459989774 16.819384459989774 16.819384459989774 16.819384459989774 16.819384459989774 16.819384459989774 16.819384459989774 16.819384459989774 16.819384459989774 16.819384459989774 16.819384459989774 16.819384459989774 16.819384459989774 16.819384459989774 16.819384459989774 16.819384459989774 16.819384459989774 16.819384459989774 16.819384459989774 16.819384459989774 16.82030579627177 16.8366687773005 16.872422634968256 16.926172576555746 16.996486480438296 17.08186548842397 17.180707553257896 17.29126155102649 17.411568599757658 17.539386149129825 17.67208952229849 17.807421497995556 17.944822520696604 18.078817050446673 18.202530601619983 18.308264830632293 18.388019001916962 18.434662749621207 18.443620545297208 18.41422846177421 18.349759763417552
16.819384459989774 16.819384459989774 16.819384459989774 16.819384459989774 16.819384459989774 16.819384459989774 16.819384459989774 16.819384459989774 16.819384459989774 16.819384459989774 16.819384459989774 16.819384459989774 16.819384459989774 16.819384459989774 16.819384459989774 16.819384459989774 16.819384459989774 16.819384459989774 16.819384459989774 16.819384459989774 16.819384459989774 16.819384459989774 16.822818552072537 16.845235601250913 16.8874029264133 16.947993340320412 17.025653167893907 17.11897483280766 17.22646255622792 17.34648839355419 17.477234371945556 17.616614365327514 17.762166283051823 17.910901091553608 18.05909127047285 18.202962412794708 18.337963055098346 18.45527594690031 18.54462405444869 18.59582107873447 18.60187776854236 18.56211519386064 18.48224692374649
16.819384459989774 16.819384459989774 16.819384459989774 16.819384459989774 16.819384459989774 16.819384459989774 16.819384459989774 16.819384459989774 16.819384459989774 16.819384459989774 16.819384459989774 16.819384459989774 16.819384459989774 16.819384459989774 16.819384459989774 16.819384459989774 16.819384459989774 16.819384459989774 16.819384459989774 16.819384459989774 16.819384459989774 16.819384459989774 16.82597855359441 16.853339184955217 16.90076837415912 16.967002157480525 17.050762173784506 17.15073139320211 17.26552387922667 17.39364596181445 17.533444603300456 17.68303613762188 17.840204111462672 18.00224710870114 18.16574361677655 18.326178418728013 18.477368852898728 18.610849193536026 18.715255866121776 18.775549659750894 18.77940633801888 18.725913345717384 18.625877160640826
16.819384459989774 16.819384459989774 16.819384459989774 16.819384459989774 16.819384459989774 16.819384459989774 16.819384459989774 16.819384459989774 16.819384459989774 16.819384459989774 16.819384459989774 16.819384459989774 16.819384459989774 16.819384459989774 16.819384459989774 16.819384459989774 16.819384459989774 16.819384459989774 16.819384459989774 16.819384459989774 16.819384459989774 16.819384459989774 16.8289938054775 16.86009393639491 16.911518630886018 16.982056976728963 17.070495074253934 17.175595303128397 17.296071018089417 17.430554664880336 17.577556018179735 17.735405054096738 17.902169922786896 18.07553239432223 18.252985027878623 18.43099255130372 18.603756095648823 18.762512136973886 18.892884109426095 18.97192912029901 18.975251381579607 18.901787719885917 18.775117895514548
16.819384459989774 16.819384459989774 16.819384459989774 16.819384459989774 16.819384459989774 16.819384459989774 16.819384459989774 16.819384459989774 16.819384459989774 16.819384459989774 16.819384459989774 16.819384459989774 16.819384459989774 16.819384459989774 16.819384459989774 16.819384459989774 16.819384459989774 16.819384459989774 16.819384459989774 16.819384459989774 16.819384459989774 16.819392626772967 16.831257966504754 16.864817938617932 16.91887819126869 16.992265330786 17.083811677135884 17.192337513631518 17.31663011641658 17.455418307831067 17.607340527692113 17.770903226258916 17.944868940270865 18.128074965831985 18.317810880676735 18.510711275251687 18.70236648656281 18.8862416758782 19.050245726819607 19.164689701230518 19.16999340093748 19.06283591395966 18.905466814487813
16.819384459989774 16.819384459989774 16.819384459989774 16.819384459989774 16.819384459989774 16.819384459989774 16.819384459989774 16.819384459989774 16.819384459989774 16.819384459989774 16.819384459989774 16.819384459989774 16.819384459989774 16.819384459989774 16.819384459989774 16.819384459989774 16.819384459989774 16.819384459989774 16.819384459989774 16.819384459989774 16.819384459989774 16.8194430995166 16.832368686864836 16.867056788847513 16.922327728266254 16.99702604445166 17.090006323326694 17.20011701109907 17.326181764260525 17.46697754410922 17.621265725339494 17.78893915895782 17.96866667879656 18.158261203989195 18.35525376539323 18.55680939361827 18.75961244577243 18.959674061796182 19.151774638337603 19.32461726964124 19.335330966601575 19.168584956612982 18.989908149311677
16.820620744655436 16.82048241227366 16.820117313768627 16.819673631288943 16.819393434000812 16.819384459989774 16.819384459989774 16.819384459989774 16.819384459989774 16.819384459989774 16.819384459989774 16.819384459989774 16.819384459989774 16.819384459989774 16.819384459989774 16.819384459989774 16.819384459989774 16.819384459989774 16.819384459989774 16.819384459989774 16.819384459989774 16.819429201543436 16.83214049625471 16.86660050613013 16.92162656103619 16.996059536935757 17.088749462338047 17.198539005286083 17.324244336167 17.464883237007328 17.62086448858308 17.79073400284213 17.972454803761305 18.16374667382597 18.36200526149995 18.56418696618094 18.76661582343635 18.96454254400721 19.150521811353887 19.302993021029224 19.31179278245665 19.171289898689786 18.991259436336055
16.831023012290107 16.830573334217227 16.82928035749618 16.827310289639282 16.8249338030926 16.82251721937354 16.82051142236179 16.81943948468011 16.819384459989774 16.819384459989774 16.819384459989774 16.819384459989774 16.819384459989774 16.819384459989774 16.819384459989774 16.819384459989774 16.819384459989774 16.819384459989774 16.819384459989774 16.819384459989774 16.819384459989774 16.819384459989774 16.830610942487525 16.86349162676428 16.916823480612184 16.989422534845936 17.080108030690496 17.187683788914992 17.311250249003812 17.451549322444908 17.607167685102144 17.776098113661874 17.95608529238298 18.144525472990786 18.33831315902362 18.533577725294037 18.725156513800933 18.905342239945906 19.06045265177962 19.162338644555376 19.168938323106154 19.07158482496388 18.905646719494882
16.851523488810468 16.850741855095038 16.848460625355703 16.844868222982285 16.840270361781524 16.83507857956376 16.829796009230293 16.825001772297494 16.821335298778585 16.81948163307742 16.819384459989774 16.819384459989774 16.819384459989774 16.819384459989774 16.819384459989774 16.819384459989774 16.819384459989774 16.819384459989774 16.819384459989774 16.819384459989774 16.819384459989774 16.819384459989774 16.828039338588326 16.85802354983201 16.908254533951357 16.977505054712587 17.0645412625725 17.16832340925829 17.2898513057871 17.427998764544515 17.580775272351076 17.745954519153045 17.920976650831925 18.10280719857172 18.28771996906827 18.47093768627891 18.645995143491014 18.803581861408084 18.929709875314703 19.004807472623625 19.001991242051563 18.912505628595405 18.756569040859087
16.881548942682237 16.88041049414629 16.87706835985974 16.871738696562165 16.864770647198917 16.856631202325957 16.847886713346185 16.83918303522363 16.831226077810154 16.82476411971814 16.820572728461887 16.819384459989774 16.819384459989774 16.819384459989774 16.819384459989774 16.819384459989774 16.819384459989774 16.819384459989774 16.819384459989774 16.819384459989774 16.819384459989774 16.819384459989774 16.824898250582702 16.850729326388947 16.89652805606113 16.961010099893247 17.042906473578363 17.143088485456097 17.261180204522013 17.395217866659 17.54303173210674 17.702161155361022 17.869740116932302 18.042338138943652 18.215732955849695 18.384580758169385 18.54195053240729 18.67876425878022 18.783533482802284 18.838175553147995 18.81468929084353 18.72003516843679 18.56507225497396
16.920530574143438 16.919005089384335 16.914513985330217 16.90730854977419 16.897792458275774 16.88650144980119 16.87407898742133 16.861250770282112 16.848800531831248 16.83754882269498 16.828335680553064 16.822007410790572 16.819407222594187 16.819384459989774 16.819384459989774 16.819384459989774 16.819384459989774 16.819384459989774 16.819384459989774 16.819384459989774 16.819384459989774 16.819384459989774 16.821858608265433 16.842362177757753 16.882498862925623 16.94091898787198 17.017528351634862 17.113297578138646 17.226374438352497 17.354660652180932 17.495820382919135 17.64719029466339 17.80566381057204 17.96754206797299 18.128345525680782 18.28259043539786 18.423570469534635 18.54328152667907 18.632520794898426 18.657700042178636 18.613440736358253 18.507193629392518 18.346291943125188
16.96790164901184 16.96595201512623 16.96020418794455 16.950954711855097 16.93867675782861 16.92399231924112 16.907639707435578 16.890440561751564 16.873269699798062 16.85702986173674 16.842632171143205 16.830982198318296 16.822970942265783 16.819469796390827 16.819384459989774 16.819384459989774 16.819384459989774 16.819384459989774 16.819384459989774 16.819384459989774 16.819384459989774 16.819384459989774 16.819769913869788 16.833869865701452 16.86723471727119 16.918767792371668 16.990085949177825 17.080138390877348 17.186899485009576 17.308149498732234 17.441417005364812 17.58389301312325 17.732327380312558 17.882908229620018 18.0311328170627 18.171696084472455 18.29845868249657 18.40461378671899 18.4739328061535 18.46963913767746 18.40444517093875 18.283267170805978 18.111847225465397
17.02309506044645 17.02067512194612 17.013537177937607 17.002037217458998 16.9867384732905 16.96837257493835 16.947795481144485 16.925944470270878 16.903800677598525 16.882359480948185 16.862609166195256 16.845517075646 16.83202185016623 16.82303025010227 16.819417181273295 16.819384459989774 16.819384459989774 16.819384459989774 16.819384459989774 16.819384459989774 16.819384459989774 16.819384459989774 16.819384459989774 16.826365481796824 16.851982044734584 16.896817082281228 16.96184974057074 17.045124698539016 17.14452687499423 17.25775593597513 17.382261091883414 17.515165492786974 17.6531817797449 17.792525050293026 17.928838666639972 18.057164118022857 18.17200885428592 18.2674967356754 18.309945400714472 18.279679283666912 18.193974838035903 18.05630412014258 17.871552057304264
