_RESULTS/CROSS_VALIDATION_POSTPROCESSED/Berg/IZ/3comp/2/Berg_IZ_z_250_kriged_reverse_3comp_spherical_2.asc
ncols 100
nrows 90
xllcorner  5.6208707817415728
yllcorner 50.959635321741573
cellsize 0.00013419651685393446
nodata_value 1.7014100000000001E+038
[rows 57 to 75 of 90, columns 0 to 42 of 100]
17.634358039638492 17.64166818963256 17.65029542289373 17.6600314195629 17.670660819234993 17.68196768072792 17.69373547861459 17.705739636094602 17.717732808279155 17.729423209250637 17.740446547237624 17.750335229726772 17.75849889589311 17.76425139946798 17.76692115098078 17.765952105144443 17.761364819584912 17.753665201986593 17.74340531266459 17.731205960104464 17.71770659528126 17.703428687957068 17.688792895047797 17.674145438120966 17.659781673546078 17.645964694066276 17.632940206852343 17.620945947679566 17.60998219763847 17.600218752461856 17.59204321528024 17.58590344972516 17.58225167326149 17.581055510637906 17.580746664934892 17.580961824238322 17.581554578268026 17.582438387448846 17.583573552249327 17.58494574587437 17.58654951524357 17.588360156596885 17.59378904579698
17.635559462207308 17.64345639273285 17.65269464109557 17.663088342097254 17.674448023496307 17.686584139531195 17.699305924594643 17.71241414988845 17.72568650233845 17.738853336476488 17.75155981202774 17.763309980378413 17.773397272668376 17.780866313672007 17.78463895557245 17.783832303400136 17.778450114955042 17.76930749679824 17.7573255437174 17.743468613032007 17.72848035591411 17.712904995393053 17.69715223261623 17.68154770095198 17.666366599217625 17.65185581006753 17.638249440389774 17.62578120156602 17.614687251717033 17.604998905414906 17.59694374114991 17.590887481877925 17.587171308833476 17.585930561985762 17.585691176708107 17.58589976320965 17.586469193600962 17.587330583858257 17.588439444215258 17.58976887269587 17.591300273738593 17.593015502092648 17.59867244571502
17.636159475140023 17.64452119714012 17.654256250530594 17.665197098317613 17.677175958946993 17.690027235664335 17.70358660969741 17.717685473738612 17.732138944767975 17.746723853168138 17.761138751137256 17.774929477937633 17.787352816218842 17.797171082484688 17.802584707564677 17.80192843222517 17.79520150348558 17.783945957038693 17.76987877488351 17.754233149694105 17.737776306365546 17.7210071421872 17.704282091380957 17.68788241529944 17.672049992660842 17.657007603836327 17.64297173704855 17.63016173585948 17.618806687786766 17.609146389179536 17.6012523607337 17.59530933845141 17.591598678457085 17.59031936761744 17.590213478829416 17.59046998677138 17.59104127905491 17.591879269318884 17.592944660793254 17.59420715857137 17.595641645674657 17.59722358097548 17.599551737482912
17.636154397788502 17.64484445778407 17.654939913873324 17.666287606166804 17.67873694137933 17.692142145890166 17.706362393330004 17.721258960831133 17.736688199079587 17.752487535796558 17.768447208920126 17.784247526383265 17.799302738221716 17.812345263714484 17.820545742062205 17.81996233788125 17.810652957066612 17.79645986167407 17.78007131360318 17.762711481802384 17.744986239914322 17.727261836504976 17.709805044028656 17.692838609809165 17.676565920078847 17.661183603834946 17.646885336965482 17.633874095541664 17.62237179257202 17.61259921241309 17.604770405741007 17.599009296497346 17.5953967610183 17.594135066248214 17.59419642363291 17.594537959608274 17.595136560133927 17.595961230447212 17.59698085465246 17.598166765489168 17.599491987159237 17.600929062292494 17.602447713852616
17.63556090001068 17.644431910406404 17.65473446750979 17.66632540191963 17.679065830797786 17.69282340147581 17.707473341616893 17.722898006997887 17.738984653194876 17.755620773434597 17.772684861113042 17.790025244345628 17.807397613203225 17.824204473982004 17.83779938504844 17.836960978656922 17.82253803813965 17.80499996804231 17.78664974909734 17.768067236577682 17.749533184722154 17.73125195261792 17.71335910922703 17.69598419745283 17.67934834784761 17.663669888164815 17.649164620376297 17.63604616907297 17.624524888955776 17.61480472583116 17.60707729338626 17.601513002204292 17.598241436787873 17.597244968624658 17.59754987835675 17.598000561219727 17.598647314890567 17.59947170694386 17.600450612829157 17.601559104762153 17.602771091921436 17.60405864608188 17.605390834908754
17.634418547049734 17.64331665840309 17.653662500703724 17.665318109935935 17.67815002984815 17.69203115869963 17.706841793608024 17.722469743593695 17.73880952336549 17.75576069693054 17.77322535685107 17.7911043217236 17.809289877351652 17.827640899942303 17.84567541037152 17.84423004945373 17.8260343387399 17.80732010903894 17.788468865132867 17.769645731354995 17.750867666732237 17.73224914491117 17.714011792070867 17.69637540078571 17.679558535019293 17.663778369459386 17.6492498182184 17.636183829447134 17.62478459443081 17.615245370341167 17.607742773169 17.602429914122553 17.5994296050826 17.598829607830922 17.59967975529515 17.60059635442791 17.601476388534763 17.602319910452785 17.603266176317085 17.604301273632668 17.605401354720673 17.60653952363905 17.60768543629245
17.63279117511135 17.64156118522481 17.651783145766768 17.663319567899702 17.67603612265532 17.68980249745048 17.704492240710987 17.7199811560864 17.736143512314793 17.75284438906135 17.76992364516743 17.787157758213638 17.804150460289435 17.819915313639314 17.831184416004227 17.83058172102382 17.818690055743172 17.802626517976396 17.785078726153177 17.766770085965113 17.748185563649596 17.72966368666306 17.711484776808827 17.693903782686117 17.67716273993374 17.66149531086692 17.647127556128904 17.634276494436335 17.623147100600686 17.61392810596145 17.60678700242893 17.601864912488296 17.59927233813694 17.599086977656324 17.600281947836248 17.60161975158997 17.60299217197885 17.604281053174493 17.605347114800875 17.606315223502705 17.607307811994584 17.608299819066993 17.60926226684624
17.63076675278779 17.639257327400156 17.649192106195592 17.660430011787998 17.672830544725628 17.68625322725678 17.700555478514616 17.715587973917984 17.73118571752018 17.747151065638032 17.76322005188431 17.778991069806303 17.793725085242418 17.805977255398652 17.813289890736776 17.812942440714977 17.805091554069765 17.792255657915625 17.77659331519972 17.759468270167407 17.741661376149985 17.723680129529935 17.70590582748101 17.68865769857785 17.672221433007437 17.656861601569485 17.64282607846664 17.630346112273763 17.619633911934613 17.61087892390747 17.604243746865748 17.59986058604759 17.59782911922097 17.59821167765457 17.599787464619656 17.601514907994584 17.603283868815076 17.604977062011955 17.606473621682532 17.607651470083905 17.608525129458524 17.609366112040213 17.610160467923972
17.62845561763536 17.6365240311336 17.646018609108253 17.65679180439673 17.66869345710339 17.68156879888095 17.695254382690393 17.709570698103892 17.724309306399807 17.73921051838111 17.75392185872076 17.767860037216057 17.780198267056416 17.78975260392724 17.79501111721711 17.794749435619913 17.788667793249545 17.77797533278261 17.764215635736477 17.748540746595673 17.731814320114367 17.714651869603767 17.697523083643553 17.68081423372891 17.66486177405882 17.649968993899005 17.636412852063348 17.624445097070744 17.61429023776334 17.606142193683525 17.600161055078008 17.596471061340992 17.59516054600721 17.59623522600575 17.598242695672887 17.600412757119415 17.60262877551771 17.604769676703274 17.606713071033695 17.608337172545667 17.60952150929454 17.610254152862755 17.610895417063876
17.625987218853272 17.633503110402803 17.642419637455514 17.652581333749158 17.66382700989476 17.67598667629807 17.688876220363507 17.702288699474327 17.71598041400169 17.72960844034264 17.74273214117991 17.754804925534778 17.765105718149414 17.772739475452536 17.77675698996876 17.776119931142947 17.770758654472598 17.761427625672756 17.74915508329375 17.734852740923714 17.719262749763317 17.703027053495234 17.68666561854331 17.670616784610562 17.655264143489063 17.6409514015959 17.627988482839253 17.616651892844725 17.607181946650137 17.599779116424422 17.59460134568239 17.591763593022762 17.5913401483714 17.59318604159717 17.595685981022534 17.598358981466898 17.601078306940753 17.603716243381037 17.60614685277207 17.60824737552108 17.609898433067983 17.61098322364613 17.611521802991202
17.623505684329903 17.630353521887653 17.638572283913845 17.64799850992577 17.658460526735688 17.669774853623913 17.68173334988025 17.694077552123723 17.706522489043355 17.718729404983666 17.730285486946173 17.74068610617103 17.74933168636084 17.75556403819033 17.758382936546223 17.757198744071253 17.752113800222023 17.74360515222185 17.732372531553736 17.719164476490146 17.704612787891858 17.68927985610199 17.67370134094589 17.658348842496096 17.64364521581062 17.62997336178772 17.617678396367182 17.607064840204806 17.598391294886984 17.591865325744966 17.58764089828718 17.58581974669733 17.586456798198054 17.58909270937511 17.592157302122505 17.595402431551005 17.59868777286953 17.60187655118994 17.604837806573105 17.60744708396235 17.60958590719185 17.61114034983344 17.611998934848856
17.621156898047794 17.627234970521606 17.634647753899312 17.643220371404354 17.65276520699025 17.663078431368202 17.673935152235178 17.685082925054154 17.696233563436962 17.707053828954106 17.717157129442256 17.72610140384169 17.73340286817227 17.738319048889657 17.73998728759448 17.73824309369135 17.733177751735223 17.725124550407685 17.714588488846232 17.702152899148206 17.68840724830854 17.67386779775821 17.659005849122174 17.6443121582253 17.63024250345804 17.617218610432353 17.605623981977452 17.595795262536182 17.588011923398593 17.582488004154634 17.57936919118147 17.57873674527285 17.58061753342737 17.58398820799732 17.587703197737323 17.591599631040864 17.59552028523071 17.599317496458095 17.602854564513077 17.60600536166401 17.608652766899187 17.61068637243139 17.611999739036953
17.618878907475015 17.624094910712884 17.63059950450678 17.638212548609438 17.64674087723507 17.65597540062618 17.665687353508684 17.675623768667343 17.685502592585202 17.695008540790333 17.703791975457015 17.71147475288438 17.71758099188765 17.72113727262866 17.72180090763612 17.719487759339152 17.714279744821287 17.706426822792505 17.696312755747005 17.684404089854194 17.671204089725396 17.657222681917677 17.642946978178223 17.62881382127558 17.61530388702552 17.60288122182146 17.59197474317079 17.5829606685418 17.57614369933236 17.57174306883769 17.5698887826479 17.570629808721833 17.573811725613993 17.577916268943458 17.582382909247322 17.5870202068526 17.591651247242968 17.596116629127188 17.600274290433376 17.603997457725836 17.607171636861604 17.609691200441056 17.611455850553224
17.616726583043178 17.62101019384441 17.62654121391744 17.633136613026 17.640600840852596 17.648723707176735 17.657277885353235 17.666016314823434 17.6746701060486 17.682948069739723 17.69053968811536 17.697124006883335 17.701933300754995 17.704288941128418 17.704047480091706 17.70116140454782 17.69570324089776 17.687869026204623 17.677961793555227 17.66636399555819 17.65350997387105 17.639865693332318 17.625917051981393 17.612163524360742 17.59908412939565 17.587161114248968 17.576882688358495 17.568678784456974 17.562887930505795 17.559733135263777 17.559316771189696 17.561636720903913 17.56596990278128 17.570939940404173 17.57627619701592 17.581753372388686 17.58717333769897 17.592365759305263 17.597185174429438 17.60150649278172 17.605220089569855 17.60822767641618 17.610482610434666
17.614859951961527 17.61815583252943 17.622664476730073 17.628202307735837 17.63457430662198 17.641572713504324 17.648975714359842 17.656546460585066 17.66403301876872 17.671170170222215 17.677684300977003 17.68319196366456 17.686733410937112 17.68801991059314 17.686949381324943 17.683493772655243 17.67771531195089 17.669770883838858 17.659905027358366 17.64843612909403 17.635741915193357 17.622248860642294 17.60843191101983 17.594852167366458 17.582030608162498 17.570497910735636 17.560775862288438 17.553336467395305 17.548569419745775 17.546713307774958 17.547848437892142 17.55181638115033 17.557158639438164 17.563153361523653 17.569493242250587 17.57591542813453 17.582201700293528 17.588174245047316 17.593688321232044 17.598625919756145 17.602917990727278 17.606500592863803 17.609308124809722
17.613443421710315 17.615709583059246 17.619161279061338 17.623616498967433 17.62888321166854 17.63475882092965 17.641029842213722 17.647472137200808 17.65385220511394 17.65993019553338 17.66546540333809 17.66983038916285 17.67223814399078 17.67256372024811 17.670730319048747 17.666718942238568 17.660580204600954 17.65243915662011 17.642493628875258 17.631011442898057 17.618456740091382 17.605227562100744 17.591691694343517 17.578302146053158 17.56560258595906 17.55421694966183 17.544807370666746 17.53799142644344 17.53423489414769 17.53376795219727 17.536573018627152 17.5416877479893 17.547894205960976 17.55482434770392 17.562187505344482 17.569657825159375 17.5768824403851 17.58369506667322 17.589969318282346 17.59560926211614 17.600539728359397 17.604698622265147 17.608030890660174
17.612643092872982 17.613849149057867 17.61622122076438 17.619580640702683 17.62374029088534 17.628504688023618 17.633670418297235 17.639027205630484 17.644359988919387 17.649452447284723 17.654066284100963 17.65729391206971 17.658685640653605 17.658146852218294 17.655615797239467 17.651075974281497 17.644565102648006 17.636180741093415 17.62628775641282 17.61517971718779 17.603018153497434 17.59004258870279 17.576587297896094 17.563104967887174 17.550191367201908 17.53859376623728 17.529170183908 17.52276343298372 17.519999234261768 17.521111157275566 17.52558627590642 17.53184528239342 17.53919890186747 17.547140366031584 17.555311112058252 17.56349105364275 17.571569019676375 17.57928549619752 17.586348711040937 17.592679615916957 17.59821895891393 17.602918927234413 17.606737017675993
17.612525467566364 17.61275009733832 17.614029632532752 17.616289312725083 17.61934834546272 17.623019633057773 17.62711074465222 17.63142550590552 17.635766467500613 17.639938520046858 17.643616277440994 17.645816347547 17.646300698859918 17.64499020393126 17.641831710083913 17.63680723020867 17.630027857974618 17.621910418405314 17.612488709240708 17.601795280499722 17.589925783030065 17.577054731056243 17.56346223682315 17.549575700696636 17.536026347405333 17.523704821736825 17.51376054873788 17.507437522881926 17.505683295414393 17.508584699858567 17.514577933905358 17.522489665765196 17.53139646141719 17.540629620768495 17.54977943140004 17.55863479854437 17.567119368685226 17.57524219711735 17.582991385179184 17.589968094649574 17.596066852903927 17.60125667540679 17.605508968034982
17.612525467566364 17.612525467566364 17.61276635310702 17.61392947636112 17.615900210150716 17.61850057797423 17.6215494521811 17.624864431249517 17.628264440259134 17.631573202921818 17.634331300918223 17.635614796961686 17.635296521920356 17.63330809798365 17.629601198505007 17.624373916047954 17.617995571452642 17.610371414089336 17.601428732827088 17.59113679712679 17.579517075232552 17.56666127076035 17.552763638689516 17.538177601669297 17.523510506643937 17.50976464986871 17.498476656645582 17.491620604110025 17.490770331284995 17.49526555479643 17.503536597162345 17.513815138860686 17.524750389999273 17.535541198950135 17.545791244844846 17.55535374710219 17.564225269941964 17.572481177853135 17.580237504315733 17.587604606196535 17.594190651635714 17.599801569404676 17.604422897435057
