_RESULTS/REVERSE_NEW/Berg/GZ/1comp/Berg_GZ_z_710_kriged_reverse_1comp_spherical.asc
ncols 100
nrows 90
xllcorner  5.6208707817415728
yllcorner 50.959635321741573
cellsize 0.00013419651685393446
nodata_value 1.7014100000000001E+038
[rows 36 to 53 of 90, columns 40 to 79 of 100]
0.07504413771532774 0.05776468601167652 0.04003590415471317 0.025174930677386863 0.014284537515155469 0.007326778300963695 0.0034442481658189094 0.0014668128693862575 0.0005656683376048159 0.00020355458020045734 7.120804910709269e-05 2.5641174132863552e-05 1.0321897665992025e-05 5.156479326073876e-06 3.347662610681609e-06 2.6573737664646337e-06 2.3865898231225294e-06 2.3265420757484573e-06 2.2624310447296787e-06 2.129872492373608e-06 2.0123504191472476e-06 1.9826762499278113e-06 2.1008261121237428e-06 2.3608756923688744e-06 2.7341062655812573e-06 3.3963015658468297e-06 4.495029938914692e-06 6.256386629861526e-06 9.024072102141429e-06 1.328954845524473e-05 1.9702284373657518e-05 2.900898319911534e-05 4.3362326017102016e-05 7.102452882881422e-05 0.00012686190188907352 0.0002426417226514748 0.0004754520031576014 0.0009234963786595221 0.0017837631619938624 0.003367526279987271
0.06880301212344099 0.05106460485780835 0.03403177425183576 0.020575894868052124 0.011394258269067032 0.005748844386989817 0.002646505236451285 0.0010989825551471176 0.0004195074474379493 0.00015256822220282085 5.5298516208622e-05 2.114039326000693e-05 9.119355497944045e-06 4.756148837487393e-06 3.113321683337843e-06 2.527535182155629e-06 2.41354602263119e-06 2.3881796364441876e-06 2.239100658582843e-06 2.0069217301552286e-06 1.8114513457621123e-06 1.7203110724069079e-06 1.7465180546261115e-06 1.8168703530193056e-06 1.9792067269983915e-06 2.336772407745923e-06 2.9705600366966544e-06 4.016336399628419e-06 5.680025313819892e-06 8.201504229455835e-06 1.1929413550662421e-05 1.7303777172724477e-05 2.5471446168631386e-05 4.16555376057682e-05 7.56829186280033e-05 0.0001504986194540441 0.00032350347711947977 0.0007101446452551061 0.0015321659411991516 0.0032121631948702034
0.06009299513762631 0.04260074481544137 0.027245013821277714 0.015868909395661893 0.008525086180444804 0.004229700329963196 0.0018889372198808924 0.0007654718312494412 0.00028859072158287844 0.00010513313966179702 3.871951259196686e-05 1.528824915069436e-05 6.934068601843149e-06 3.789486101081173e-06 2.6442041200277142e-06 2.37364808941254e-06 2.542305397653307e-06 2.6329773410991027e-06 2.299518050257747e-06 1.9071437588004026e-06 1.6303454713344573e-06 1.4861247768382949e-06 1.396180446874233e-06 1.343415381277973e-06 1.3775341388223505e-06 1.545940827073586e-06 1.8784416940688402e-06 2.4235539686047987e-06 3.260350785596445e-06 4.519021269512607e-06 6.376902751581679e-06 8.98946290091476e-06 1.3052213420503858e-05 2.121725612315104e-05 3.990895097813705e-05 8.606570318003233e-05 0.00020713077786445756 0.0005184425728102707 0.0012828908209910031 0.003037664617495572
0.04980923344441413 0.03384715765744831 0.020719089059309952 0.011575597656213481 0.006005797342321155 0.0028852611518181614 0.0012478631315901777 0.0004923148987710286 0.00018211334721089667 6.56262871269279e-05 2.4499447135164408e-05 9.975560003781139e-06 4.701184726791644e-06 2.757452166812426e-06 2.0953663413008276e-06 2.0781520890408672e-06 2.608128953225085e-06 3.081370998416996e-06 2.263009144495376e-06 1.7260431347855462e-06 1.4254091797624496e-06 1.22109411455689e-06 1.0638163061881717e-06 9.477983751174962e-07 9.102194613154755e-07 9.725255400668333e-07 1.1372215294769642e-06 1.405637659249548e-06 1.7910352072700428e-06 2.322963952928667e-06 3.0562126996193506e-06 4.116587810132064e-06 5.962243318335893e-06 9.82797235937074e-06 1.9452914371290834e-05 4.605558254455136e-05 0.00012517118412784802 0.00035948917650916465 0.0010322181568652932 0.0028215953735412974
0.039175534751779276 0.025644292412957063 0.015050782545674815 0.008039270052277902 0.003991841207435445 0.0018255660037108821 0.0007610486724197884 0.0002913662162823642 0.00010546639443850903 3.828911416066449e-05 1.4646257853513552e-05 6.224825522909646e-06 3.0960784630733694e-06 1.9035605492976006e-06 1.5071720504071257e-06 1.5615958444220085e-06 2.00308157022328e-06 2.344384361054078e-06 1.8639252179433789e-06 1.4583192904865238e-06 1.161662957153461e-06 9.330862437179337e-07 7.573416887985002e-07 6.242533856773121e-07 5.548281999308202e-07 5.707555084366657e-07 6.551829909447755e-07 7.817587760533424e-07 9.456289492365492e-07 1.1506770795138701e-06 1.410835469749709e-06 1.7839345236744908e-06 2.5277585898523347e-06 4.20767614133285e-06 8.817647109095001e-06 2.3217485829719822e-05 7.203610128222443e-05 0.00023764089938470124 0.0007868433526892914 0.0024987911221866586
0.02919610039099001 0.018517700700316178 0.01042648817789213 0.00530847007957756 0.002497856383920725 0.0010760275427365072 0.000429701902790025 0.0001615176128245122 6.014406822296379e-05 2.2899231251160157e-05 9.21186870528279e-06 4.06712410769684e-06 2.064226342238389e-06 1.2738200220028303e-06 1.0051735690628385e-06 1.0397465540594004e-06 1.2521433762476066e-06 1.4208097149572407e-06 1.3587758246383482e-06 1.1476590553319832e-06 9.142967258831941e-07 7.053037372002824e-07 5.443227233388142e-07 4.225534354030354e-07 3.4080295625228814e-07 3.476992060600295e-07 3.981472124525065e-07 4.5906035775601116e-07 5.278601707442786e-07 6.02161462629188e-07 6.815377070126718e-07 7.980930797837578e-07 1.0394063822109836e-06 1.6483862311496776e-06 3.653955714018751e-06 1.1101942516977909e-05 4.035872153734241e-05 0.00015223501127959783 0.0005645282053067499 0.0019996914735694264
0.022129898510150008 0.013514279401328634 0.0072413430956081324 0.0034920374889937525 0.0015545709020528676 0.0006395749579717503 0.00025013860860666366 9.697037681175723e-05 3.792901499468254e-05 1.5228862741332221e-05 6.409226153313867e-06 2.904257220774715e-06 1.467361317034079e-06 8.698168781639633e-07 6.607327423071576e-07 6.873346029106745e-07 8.481810683016376e-07 9.978606861086107e-07 1.0075430485116742e-06 8.88526709754317e-07 7.201582411594308e-07 5.521765989528307e-07 4.175099172181335e-07 3.2197914884746537e-07 2.677793018543757e-07 2.5866925694125284e-07 2.763144286310879e-07 3.008784789883345e-07 3.2556278625186303e-07 3.465195904954928e-07 3.632032660737139e-07 3.938543008409318e-07 4.5711845364619975e-07 6.25075391397133e-07 1.4111194260498863e-06 5.280662129150116e-06 2.283228663020925e-05 9.721297365860177e-05 0.0003879931504868616 0.0014142956769337119
0.018403878433561668 0.010971667912146573 0.005546118920254366 0.002500064337366221 0.001047053320900965 0.0004136178808760947 0.00016375680427480608 6.584356048010788e-05 2.711699342189615e-05 1.1531081053602402e-05 5.126991065061209e-06 2.4079436350430304e-06 1.2125266862924403e-06 6.676100257040637e-07 4.5251479607266267e-07 4.993380144028284e-07 6.716064919393781e-07 8.123545482058567e-07 8.339230498092183e-07 7.394077115928343e-07 5.9503220320343e-07 4.5408878257707713e-07 3.453623346336357e-07 2.723090507128245e-07 2.3317141610869983e-07 2.1910379692011302e-07 2.1898576180515292e-07 2.2327900884772595e-07 2.2651261725729248e-07 2.2586699401458718e-07 2.2672262104574517e-07 2.3595599610926702e-07 2.535441097437576e-07 2.800590651117139e-07 6.136151794491233e-07 2.9703754675509844e-06 1.433599157448838e-05 6.451710681582167e-05 0.0002635916422836481 0.0009439787898541648
0.016510288228358195 0.009988387615854629 0.0046154729922060905 0.0019092211834798596 0.0007551248268955833 0.00029619532618343814 0.00012091556996265169 5.10179557727672e-05 2.2375489314284747e-05 1.0237449903604337e-05 4.905247791471567e-06 2.4732606441260614e-06 1.3092439692399232e-06 7.039283267301206e-07 3.6930448822529094e-07 4.720413204041992e-07 6.830091684248604e-07 8.244856790942167e-07 8.279642586372351e-07 7.07046505283851e-07 5.403651632107847e-07 3.9645867527954083e-07 3.062450367781954e-07 2.524223307484686e-07 2.221584831715616e-07 2.0608158560400703e-07 1.962043594693075e-07 1.8796645320103213e-07 1.7911438620066284e-07 1.7146529447940912e-07 1.7210571860188004e-07 1.8264816670120702e-07 2.0782019946709372e-07 2.749823718515083e-07 6.128376755803119e-07 2.3868972539813203e-06 1.0791245995201345e-05 4.695013226319699e-05 0.00018537043715146108 0.0006348954496849191
0.013617660481859988 0.009158834415696298 0.0037418594971250726 0.001480031855098424 0.0005780121204586696 0.0002342219709769611 0.00010036544092945518 4.522001717137856e-05 2.145058154824512e-05 1.078041753399155e-05 5.710999601478683e-06 3.1916218508898733e-06 1.8622162338422072e-06 1.1258121449310854e-06 7.804084481336349e-07 8.005347788929849e-07 9.844164164206544e-07 1.0971838377076789e-06 1.0369731621896992e-06 8.250943877100688e-07 5.690067208796106e-07 3.726796726935776e-07 2.9166957592906323e-07 2.6557321393203045e-07 2.418986461927005e-07 2.207148879123903e-07 1.999602656537265e-07 1.7996609090040962e-07 1.6224443520232716e-07 1.5377316806879362e-07 1.5732323852385497e-07 1.768395236826778e-07 2.2507872607854644e-07 3.502090100144381e-07 7.779137087561737e-07 2.485818967764765e-06 9.576406603811382e-06 3.803832377036953e-05 0.0001397620959785126 0.00044959651164333265
0.009074577721646144 0.0053218624148477665 0.0024964149395830604 0.0010509445476771819 0.0004368964294747723 0.0001893516808599543 8.715423426193355e-05 4.262048762077629e-05 2.2178059744752443e-05 1.2380044460727052e-05 7.391447983584929e-06 4.667733902355716e-06 3.1131859716072224e-06 2.1946825045887294e-06 1.7572218751892976e-06 1.707699520026462e-06 1.84735969294972e-06 1.8841114451560076e-06 1.6745501028074745e-06 1.2528299941874165e-06 7.802132335913282e-07 4.038972797381534e-07 3.3105373948977997e-07 3.4842872642291973e-07 3.205502256227024e-07 2.7906636567987853e-07 2.3634055637802733e-07 1.9754216639947014e-07 1.7093459810092378e-07 1.5963277921550596e-07 1.6655071541212917e-07 1.9882113243999733e-07 2.762553823103088e-07 4.6300694769347324e-07 1.0142371168162174e-06 2.872124059867964e-06 9.521265689531637e-06 3.3785422742335674e-05 0.00011386217946561247 0.0003411640989131241
0.005607596217211245 0.0031426984923151706 0.0015435832052214126 0.0007008502128324734 0.00031820129123100583 0.0001499270154521114 7.518321496684013e-05 4.0485494358028325e-05 2.352797503139264e-05 1.4764986773739075e-05 9.988098291262853e-06 7.243753359549775e-06 5.540223498911907e-06 4.478397220461533e-06 3.964619788763317e-06 3.903928305393976e-06 4.068967371088505e-06 3.996518581195427e-06 3.4759620094117232e-06 2.588696948686668e-06 1.6420230759253048e-06 9.458436895002371e-07 7.11405535494823e-07 6.483549777031216e-07 5.430561914973231e-07 4.25071792253294e-07 3.254431577092754e-07 2.536191787572017e-07 2.080083064632291e-07 1.8673244039847478e-07 1.9597243099644294e-07 2.467895973458049e-07 3.6368655920965247e-07 6.297068249071391e-07 1.3516036788782109e-06 3.4860137982773063e-06 1.0217763552868936e-05 3.220086710614791e-05 9.955953846126901e-05 0.00027734611834524185
0.003560456305298405 0.001902225410274362 0.000951236399448621 0.0004609844817226973 0.00022760681781170723 0.00011696644486940397 6.423791512816826e-05 3.814018636179333e-05 2.4706887305290468e-05 1.7480591495788288e-05 1.3549348536889859e-05 1.1334263326843824e-05 9.91761685190431e-06 9.106468099693742e-06 8.893788565137348e-06 9.228841515134965e-06 9.863135004892655e-06 9.90542011233432e-06 8.879049228694703e-06 6.953456376364573e-06 4.804532746414082e-06 3.119130210703876e-06 2.15681083812008e-06 1.5881996245942322e-06 1.1315340624682176e-06 7.643633906974024e-07 5.287750835911618e-07 3.8217441359758895e-07 2.924502647354554e-07 2.425623510628678e-07 2.50149861433214e-07 3.354661485645754e-07 5.107830252501818e-07 8.900513959882956e-07 1.8446440641025635e-06 4.383179097808522e-06 1.1566783593667531e-05 3.2582521288769225e-05 9.24593374699477e-05 0.00023981028185839906
0.002385085783006387 0.001230858610490919 0.0006029629015110533 0.0003049138181721148 0.00016113816353828362 8.899855611213268e-05 5.272770408044378e-05 3.427534764199544e-05 2.485998166473355e-05 2.00617995683815e-05 1.797020080984503e-05 1.7278401108975095e-05 1.7325240042886702e-05 1.8049920827146666e-05 1.9597158480343366e-05 2.2027333810876125e-05 2.50973135498362e-05 2.7037012011487774e-05 2.6015988346915313e-05 2.195566900438651e-05 1.62382218769053e-05 1.0847765635666786e-05 6.953893942688264e-06 4.373893076249544e-06 2.6719602719269873e-06 1.5962124250643452e-06 9.954176598301097e-07 6.659356943599537e-07 4.826532008033875e-07 3.863175180246682e-07 3.8996771776116643e-07 5.157372800389365e-07 7.719692424103534e-07 1.3190345863606674e-06 2.5877646997819202e-06 5.686001034656611e-06 1.3656438337058255e-05 3.476414427409381e-05 9.032092519635788e-05 0.00021859901581079886
0.0016624596282464156 0.0008409852717478778 0.000403432280976035 0.0002036301335688488 0.00011065304485380108 6.444151704495637e-05 4.079719014385473e-05 2.897480931025792e-05 2.360241528363058e-05 2.1943083068074334e-05 2.27634887865297e-05 2.5204304078668872e-05 2.89940120091902e-05 3.429981681582301e-05 4.1688921711234854e-05 5.168937521343277e-05 6.428285666710372e-05 7.677033532021571e-05 8.171763378790617e-05 7.518369159585607e-05 5.816681145597683e-05 3.82896492199268e-05 2.254137397024671e-05 1.2576614312795833e-05 6.846458411630451e-06 3.686419168708032e-06 2.071684155345625e-06 1.2908485854269744e-06 9.048831997392857e-07 7.345174978163165e-07 7.270956560141859e-07 8.82621009121973e-07 1.2465708571003492e-06 2.0292926208067202e-06 3.7285063314986785e-06 7.583332962774517e-06 1.6689462592229346e-05 3.871920901302129e-05 9.207814515358701e-05 0.00020827591492512124
0.001189905779534845 0.0005954040588973553 0.0002852149009500058 0.0001426721163435508 7.760264356403203e-05 4.5515206050160346e-05 2.9728974650555132e-05 2.2778211916451443e-05 2.093774297109138e-05 2.2659862168333245e-05 2.730170340425938e-05 3.48602793805453e-05 4.591463496211277e-05 6.151993054862606e-05 8.380438392026294e-05 0.00011555910609502206 0.0001593662177440282 0.0002142019084860111 0.00025933329174783254 0.0002642367829812316 0.00021251025056130514 0.00013567111578417215 7.36071075511447e-05 3.678512580228356e-05 1.791099695115449e-05 8.780427693171742e-06 4.506402037099829e-06 2.6260498738951075e-06 1.7797787934535247e-06 1.4265394632916886e-06 1.3716875392859593e-06 1.5717570157108965e-06 2.0914892847905976e-06 3.195133181853086e-06 5.483680943013724e-06 1.0343408179388563e-05 2.0969250686387554e-05 4.463330215175421e-05 9.738471142321771e-05 0.0002058125107627196
0.0008808719174317618 0.00044074305882055986 0.00021312969293206855 0.00010703534472486226 5.759055061952195e-05 3.3257626076565425e-05 2.1472532828183028e-05 1.707818991638125e-05 1.765050718730819e-05 2.23292427981669e-05 3.121527824460276e-05 4.5690616014772996e-05 6.825721435267898e-05 0.0001025835029000716 0.000155396069154005 0.0002374434058950062 0.000364468739727443 0.0005542970597013881 0.0007930055634420729 0.0009436166843758195 0.0008105323308508092 0.0004865955964671579 0.0002339457438363055 0.00010321447324410722 4.500966391501911e-05 2.0195420042347095e-05 9.678163712560418e-06 5.303217763600616e-06 3.4690615230061205e-06 2.7230328713946834e-06 2.550852203851637e-06 2.7970645540387236e-06 3.5240044822944308e-06 5.076843117567332e-06 8.164250509403211e-06 1.4335765211382075e-05 2.6905760785388986e-05 5.283741462903427e-05 0.00010629511865748743 0.00020952433522743397
0.0006785954548549732 0.0003442629039004856 0.00016987927281949814 8.696097380152226e-05 4.676932872205411e-05 2.629433325068978e-05 1.598168422994948e-05 1.2605141221994506e-05 1.5360558164818617e-05 2.3020284005339194e-05 3.660336306106084e-05 5.984153026075837e-05 9.878104744513284e-05 0.00016301682253206152 0.0002701193773597038 0.0004519186780003165 0.0007658471678608738 0.0013127576815021396 0.002237945506416511 0.003355075576915535 0.003206972423999117 0.0016391499231998982 0.0006662967267504621 0.00025957515938925685 0.00010263959904417179 4.2594400985349904e-05 1.928267805995003e-05 1.0179005020691208e-05 6.474623950108627e-06 5.014817116255477e-06 4.613631139152509e-06 4.854490656071625e-06 5.882535812404181e-06 8.05937246494591e-06 1.2214004241523018e-05 2.0063036801351836e-05 3.502957053892172e-05 6.377518284871262e-05 0.00011881711837086806 0.00021887496963565
