_RESULTS/REVERSE_NEW/Berg/GZ/1comp/Berg_GZ_z_710_kriged_reverse_1comp_test3.asc
ncols 100
nrows 90
xllcorner  5.6208707817415728
yllcorner 50.959635321741573
cellsize 0.00013419651685393446
nodata_value 1.7014100000000001E+038
[rows 18 to 35 of 90, columns 40 to 79 of 100]
1.7437983060485936e-06 4.394843387091253e-07 1.7328291123116765e-07 1.130681093666904e-07 1.224078973168658e-07 2.093870710684403e-07 5.168519863950305e-07 1.6364204084729674e-06 5.848088251496982e-06 2.08884561521561e-05 6.730598106736584e-05 0.00018141544381774824 0.00039071042791898855 0.0006602405573242578 0.0008793287478566813 0.0009422942837591211 0.0008378159840183014 0.0006406024438508496 0.0004373689606759769 0.0002768836490801293 0.00016865860779926746 0.00010246588967824097 6.424884557011459e-05 4.290228857515156e-05 3.1337404595480886e-05 2.5552121517512885e-05 2.3539192890197097e-05 2.4563608573892393e-05 2.883513586076089e-05 3.7494003923781415e-05 5.282599979404043e-05 7.85846915050271e-05 0.00012016751533844292 0.0001842171979447305 0.00027721417839354133 0.0004030770623420295 0.0005606620449518896 0.0007426671790592286 0.0009369692892840509 0.001129955174138992
6.006195891595364e-07 1.7095359161434925e-07 7.895641303032412e-08 6.196063323879481e-08 8.174157633656931e-08 1.7009517417092583e-07 5.02318164204098e-07 1.8464452354748497e-06 7.3573577443030244e-06 2.795546240579994e-05 9.119909645285401e-05 0.00023719338615405303 0.00047184804898969915 0.0007095806039047852 0.000816419610774872 0.0007395027756403926 0.0005480163328702136 0.0003469710832513451 0.00019632106221170492 0.00010383332974062004 5.36549128852478e-05 2.8277676237735893e-05 1.5831908089981925e-05 9.76968805529385e-06 6.851772883613389e-06 5.58275688987296e-06 5.344170704380225e-06 6.005719280433011e-06 7.824206023000504e-06 1.1550314571343622e-05 1.8744238086941718e-05 3.231406575159127e-05 5.717343443928229e-05 0.00010061252505190566 0.00017162536429737057 0.0002785315043741338 0.0004252679980530222 0.0006082482618365182 0.000816094491047019 0.0010328887471837173
3.0934555619429673e-07 1.0498020076700124e-07 5.9096149040408044e-08 5.703056312145877e-08 9.199714744252226e-08 2.2934959771367073e-07 7.846397448715942e-07 3.197962559823725e-06 1.3437635811664225e-05 5.110926167130316e-05 0.00015877014696681255 0.00037614063733891956 0.0006571105408522576 0.0008441163870358041 0.000814166640303029 0.0006116875693126814 0.00037470309573520285 0.0001966568743398541 9.300622961577892e-05 4.1670693713823845e-05 1.8578765906043036e-05 8.646379084731376e-06 4.395035747994985e-06 2.541533193951757e-06 1.7287162991060593e-06 1.4152407356378339e-06 1.408727171111686e-06 1.6982644428061292e-06 2.436094886209454e-06 4.0378180900107276e-06 7.447889913034835e-06 1.466534285069347e-05 2.958276020435294e-05 5.8917202751161995e-05 0.00011244978896018491 0.00020137611477429377 0.00033426807029019053 0.0005122307398364866 0.0007265124778584539 0.0009607325200762212
2.5902914110088736e-07 1.0939318396166394e-07 7.70003887319942e-08 9.194957430422913e-08 1.7889796644435838e-07 5.173024844574117e-07 1.9537006524891186e-06 8.314871330772639e-06 3.446227761162801e-05 0.00012252010278279853 0.00033954932251809196 0.0006916868750736832 0.001012584963481122 0.0010739785289990333 0.0008509650369714008 0.0005267404367607462 0.00026822490845169496 0.00011857503375759063 4.800416178426164e-05 1.875201197098087e-05 7.438736366744779e-06 3.1496392286790954e-06 1.4924545492992217e-06 8.258949746931142e-07 5.525574506888814e-07 4.57460938343679e-07 4.72914378534477e-07 6.064763995626594e-07 9.44107130085781e-07 1.7235778504034213e-06 3.533700297863331e-06 7.759999766434478e-06 1.7424797016089582e-05 3.8392350285059064e-05 8.03132325054179e-05 0.00015588187483137495 0.0002771166001219817 0.0004495137928819917 0.0006676969665757588 0.0009161381079085251
3.67405301409791e-07 1.9839265384562982e-07 1.7605796275527325e-07 2.570972281372821e-07 5.847324007765892e-07 1.8683284915918284e-06 7.32175797088113e-06 3.0324648953360443e-05 0.00011517290010269537 0.00035638456427327856 0.000826375451301777 0.0013727594149829595 0.0016195656501667315 0.0013852407588822908 0.0008946260574510544 0.00045948528304084546 0.00019847718590837001 7.622072126931375e-05 2.7446357456696232e-05 9.752219279052456e-06 3.5930454121256537e-06 1.4408769583261336e-06 6.588810563208089e-07 3.583721350259279e-07 2.399648185068571e-07 2.0236861661850787e-07 2.166750894295153e-07 2.920927057499692e-07 4.838652140168164e-07 9.484837050866171e-07 2.0991385318660226e-06 4.984320014639437e-06 1.2081100673145506e-05 2.860480719008505e-05 6.388930086463194e-05 0.00013138831566974902 0.0002454862234975137 0.000415217654653645 0.0006384479152704077 0.0009010944491377572
8.737360409719059e-07 6.084240898089091e-07 6.735812627093609e-07 1.1676684809054467e-06 2.961198935143738e-06 9.830799361349081e-06 3.72233022092722e-05 0.00013907601395259675 0.00044917654854505175 0.0011297398772579308 0.0020690643575043514 0.0026836345601884337 0.00248291620130833 0.001694932534198987 0.0008977461764103123 0.00039083758604730785 0.0001481923904152417 5.166372676502812e-05 1.740237545352492e-05 5.93066770052315e-06 2.1376530761725625e-06 8.513833546477539e-07 3.9106301820352343e-07 2.1551424413377916e-07 1.4723515457035145e-07 1.2743766699338667e-07 1.407701460450866e-07 1.9666347473840602e-07 3.3885205709981277e-07 6.926408202139487e-07 1.600561818657176e-06 3.968036620488114e-06 1.002903741738411e-05 2.4703952421671393e-05 5.722560441565498e-05 0.00012162270263888885 0.00023397268143842453 0.00040597846282340225 0.000638188835645057 0.0009180038085551154
3.270934082377625e-06 2.9055154099762087e-06 3.8996159675695466e-06 7.668798902785238e-06 2.0431916102043476e-05 6.573298047004742e-05 0.00022311381854546783 0.0006977951802065764 0.0017878933407841728 0.003444248140619234 0.004759857485252046 0.004679933814073416 0.003353560901292851 0.0018354729907653477 0.0008139217242288251 0.000310965474196103 0.00010837921526469534 3.620964006608674e-05 1.2098118249996543e-05 4.196466180399796e-06 1.565945149096795e-06 6.515772305231532e-07 3.1349410106728463e-07 1.805964115761265e-07 1.283320138724225e-07 1.1480063172924246e-07 1.3020107700431945e-07 1.856380371181549e-07 3.2480231468407617e-07 6.716387664882121e-07 1.5660246851212312e-06 3.9116145540894586e-06 9.955096866870586e-06 2.469512093263318e-05 5.764301939395359e-05 0.000123548383555556 0.0002398932930510189 0.0004204210101171206 0.0006677832953150267 0.0009706497372596989
1.7280045089211198e-05 1.9020841269038906e-05 2.9616954586940414e-05 6.24166614607632e-05 0.00016347192203803955 0.0004744069476432895 0.0013433438199689537 0.0032884035653270335 0.006308651752497953 0.008901953862206794 0.009017464740441307 0.00663785435138446 0.0036991842859888558 0.0016559377827576245 0.0006361035660646224 0.00022329107730475602 7.554932385986551e-05 2.568548760742915e-05 9.05647397850375e-06 3.3970153904895706e-06 1.3880515456234584e-06 6.336352558517617e-07 3.3222671253845846e-07 2.058905367062217e-07 1.54792934238024e-07 1.4387397115970085e-07 1.6657328497527322e-07 2.3865731331837813e-07 4.142571165831836e-07 8.41879722988589e-07 1.9180034871510664e-06 4.6696327254873355e-06 1.1589247803568762e-05 2.8112739511781457e-05 6.444578263610086e-05 0.00013635278978449742 0.0002627230464021065 0.0004590861365028308 0.000729922286148126 0.0010650335055008354
0.0001117827055679157 0.00014593984812470131 0.00024957998042282375 0.0005293232762916414 0.0012742827100888552 0.0031196155029944933 0.00692392557289917 0.012577789084814129 0.017351672823401082 0.017488673452344342 0.012864242078213982 0.0071325987781464244 0.003156299367724552 0.0011958892639023818 0.00041644114036408096 0.00014172129412324747 4.937105931658513e-05 1.8151999394475223e-05 7.170669802260793e-06 3.0765223350570874e-06 1.4473409830343828e-06 7.561662753178972e-07 4.4656700006314814e-07 3.046141414317542e-07 2.453346844284426e-07 2.3746739784391772e-07 2.786920606575902e-07 3.952683151366935e-07 6.663505684489258e-07 1.29739588303909e-06 2.8092016836849723e-06 6.48283330921732e-06 1.528013852477558e-05 3.5397090206905835e-05 7.810873107311497e-05 0.00016053702332187404 0.0003032564601899439 0.0005238756100249119 0.0008290759391192502 0.0012100673512630777
0.0007575680065570527 0.0011117783794902766 0.0019668720124274295 0.003942885202079455 0.008203599230115018 0.016012996238672455 0.02657898598822068 0.03464177350532294 0.03373975832050088 0.024208301331456336 0.013068376468143692 0.00559014221891181 0.0020369003801452845 0.0006841988977069238 0.00022782900569657492 7.959825039048781e-05 3.0260604403273166e-05 1.2729167605718556e-05 5.936233455043268e-06 3.051724255592443e-06 1.719166496073328e-06 1.0605727135877478e-06 7.216789255194759e-07 5.495197758306901e-07 4.768379102474821e-07 4.796830954064333e-07 5.656569429901934e-07 7.828867974550715e-07 1.258483629067733e-06 2.2991589925503942e-06 4.630141440789383e-06 9.917940253957232e-06 2.1782731962317823e-05 4.7416705868427925e-05 9.944365264840021e-05 0.00019673604190110103 0.0003622450060203427 0.0006168196289651445 0.0009708250207488906 0.0014179992865272473
0.004628446263730005 0.00720530137462391 0.012428178097869192 0.02224537582332333 0.03802229134898667 0.05684219623179841 0.06876744501320048 0.0636860413254632 0.04399208590592802 0.0228521496101495 0.009318980480586285 0.0032019115923290885 0.0010091838704914245 0.00031747572281710625 0.00010702092038057595 4.060019754699273e-05 1.775153214232921e-05 8.953631865684103e-06 5.130327448379471e-06 3.2639613631965906e-06 2.2562910313722545e-06 1.6713998468847101e-06 1.323087069136063e-06 1.12811996836681e-06 1.051988924608011e-06 1.0918493103962297e-06 1.279519779254267e-06 1.704619175922627e-06 2.5734183992745722e-06 4.3432660031654366e-06 8.014930933403654e-06 1.5727046756768603e-05 3.184265697171708e-05 6.463109428675146e-05 0.00012823873768983397 0.00024384583169406666 0.00043817074512873523 0.0007378278440561443 0.001160165534125738 0.0017041761658560203
0.022445274343259707 0.03501004072396168 0.05580157510906544 0.08515714645989263 0.11558617858949115 0.13005441555112496 0.11461396054359965 0.0763781211178923 0.03828990475198783 0.014899912141011504 0.004802687047565061 0.0013986561256558376 0.0004041662059460722 0.0001262776713659658 4.556601762855005e-05 1.9733012205105706e-05 1.03510592678564e-05 6.472269111082606e-06 4.667448950569007e-06 3.7310310587216278e-06 3.1877116962423684e-06 2.8368072252769213e-06 2.5997399223455247e-06 2.460366172153559e-06 2.437512405382927e-06 2.576508895279677e-06 2.960313765973589e-06 3.746524744870778e-06 5.2478584734196445e-06 8.09744104402592e-06 1.3581288634287365e-05 2.4278689966225037e-05 4.5202773956531607e-05 8.559558812232941e-05 0.00016124541421359552 0.00029650708594518424 0.0005242358234890655 0.0008812868904390897 0.001398248107286739 0.00208530325840722
0.07880554096669733 0.11701196839477197 0.16517995787014358 0.20894016400652055 0.22297398579781746 0.19015551289481494 0.12433489330150205 0.06124477863479991 0.0231410613820972 0.007090021948877309 0.001915200394147634 0.0005031688495035588 0.00014179673119481037 4.659309398224074e-05 1.891132123706611e-05 9.726722863143275e-06 6.297372992407891e-06 4.964504745765876e-06 4.53353362533903e-06 4.538844108689445e-06 4.742299243844981e-06 4.990145473919673e-06 5.1945905416214356e-06 5.347416517001367e-06 5.5178811608708765e-06 5.832922758581377e-06 6.468372422585782e-06 7.679053894924389e-06 9.888158044422344e-06 1.3869637295738846e-05 2.1098437855878037e-05 3.441032335090715e-05 5.919654697625035e-05 0.00010541186708593749 0.00019055938631627468 0.0003432686943707584 0.0006058273928665958 0.0010322238499102757 0.0016772648335360745 0.0025748091406767445
0.19122631650414496 0.2600670374145122 0.31764066582125816 0.3313849214514586 0.2810191960225661 0.18525643010081722 0.09232289527863818 0.03493716917197908 0.010483221321415645 0.002690387857349476 0.0006504674014367034 0.0001644731002084902 4.796602148585793e-05 1.7434141449063213e-05 8.275274241274527e-06 5.186763252569658e-06 4.1953717593066685e-06 4.166992044961014e-06 4.761480481874282e-06 5.847557712729729e-06 7.2727991413712e-06 8.778679843877411e-06 1.0062590791612449e-05 1.0938839114795625e-05 1.1450259442260497e-05 1.1841119146747968e-05 1.2460308041441855e-05 1.371461351355122e-05 1.612984932579279e-05 2.0534951895751797e-05 2.841685964374644e-05 4.258494563950211e-05 6.842163276411303e-05 0.00011617287289998021 0.00020486028591913956 0.000368153029033894 0.0006612148582935251 0.001164306837488674 0.0019742936430361146 0.0031737025414764895
0.32278238951881694 0.3941883438406611 0.4150595542475343 0.3604715808112531 0.24692667547174424 0.12880341912823476 0.05073528063203119 0.01553588628264704 0.003941622703895901 0.0009060093199085067 0.00020942098530131586 5.414349182227655e-05 1.720101093477126e-05 7.190945431530305e-06 4.0917802593657675e-06 3.156018870122118e-06 3.1741409101888437e-06 3.902271318281899e-06 5.424130009176831e-06 7.884178399339864e-06 1.1214386645752373e-05 1.4901207764734057e-05 1.8079291540070606e-05 2.0028638113371878e-05 2.0637498816602612e-05 2.0392430560684688e-05 2.0025852238792963e-05 2.023439494893424e-05 2.1658671676723628e-05 2.508086548668748e-05 3.179965060984998e-05 4.4289120320474974e-05 6.746341928874968e-05 0.00011118888890359791 0.00019514410906588698 0.00035749942535503857 0.0006681689301046797 0.0012432426069779398 0.0022471220186227213 0.0038564873415903593
0.39853807483755554 0.4348888403689626 0.39677054908110604 0.29008171210118305 0.16350921530943663 0.06970152943886672 0.02278539347489787 0.005996862456804509 0.0013727488486521828 0.00030136450980253817 7.066784287994586e-05 1.964949814069335e-05 7.067060523744308e-06 3.4810465690279996e-06 2.3951517857876956e-06 2.258211595898971e-06 2.7660777809493875e-06 4.0747643146626e-06 6.611918979966551e-06 1.085793288467303e-05 1.6827790735024384e-05 2.3480495846088735e-05 2.8878281058384964e-05 3.1409578827439345e-05 3.091690271275822e-05 2.855149621967347e-05 2.579565165647135e-05 2.376429201316831e-05 2.3146801580651635e-05 2.451759744364104e-05 2.877904624505041e-05 3.7789972829992805e-05 5.5536468882911974e-05 9.063722171856425e-05 0.000161794502529246 0.00030912630499037205 0.0006153546554851936 0.0012378807779492597 0.002437455614419687 0.004555790696033609
0.38539784165916136 0.37618387714580614 0.29946861527857704 0.1870095388738996 0.08917195416342112 0.03244456142648646 0.009298560920815461 0.002232638265821666 0.0004893133880073114 0.0001084108953715104 2.703672964045539e-05 8.381866361159257e-06 3.4900581746165336e-06 2.040520321452351e-06 1.6844530441960649e-06 1.8990245260198964e-06 2.737804218036655e-06 4.626968439574305e-06 8.341243598357742e-06 1.4690393625072243e-05 2.3566418151942963e-05 3.2923793142320386e-05 3.936850377199805e-05 4.062328625335491e-05 3.721790253821112e-05 3.156347213455489e-05 2.5987524662860843e-05 2.1778495647631974e-05 1.937818150798987e-05 1.8944266736454864e-05 2.0856551673752834e-05 2.6239444341599685e-05 3.7894072627098766e-05 6.247934818915848e-05 0.00011586046789094884 0.00023593527366482113 0.0005112397440467431 0.0011358447335301726 0.002486366919283392 0.005156390664488267
0.31278533068496134 0.274317289407725 0.19279716451872847 0.10523466446305794 0.04403396968339567 0.014334138074669277 0.0037930179642885926 0.00087500356655038 0.00019268011680315637 4.490375236659473e-05 1.2290171964563626e-05 4.329512137835702e-06 2.0975617004166407e-06 1.4421705883440404e-06 1.3960193680914503e-06 1.8177910667738893e-06 2.9521209156481596e-06 5.444977275747931e-06 1.034603972808069e-05 1.8549712790930068e-05 2.934012125742745e-05 3.932093336091214e-05 4.412558051143057e-05 4.204824316300043e-05 3.520504362467157e-05 2.714275952722969e-05 2.0310941484939354e-05 1.5539519853014705e-05 1.274034504328377e-05 1.1638662607832822e-05 1.2200280201615767e-05 1.495505908969121e-05 2.160567044638335e-05 3.6656483037378484e-05 7.19360962674265e-05 0.0001590371395209942 0.00038196664976827144 0.0009537749055807399 0.0023597958886903895 0.005514116217490368
