_RESULTS/REVERSE_NEW/Berg/GZ/1comp/Berg_GZ_z_500_kriged_reverse_1comp.asc
ncols 100
nrows 90
xllcorner 5.6208707817415728
yllcorner 50.959635321741573
cellsize 0.00013419651685393446
nodata_value 1.7014100000000001E+038
[rows 0 to 17 of 90, columns 40 to 79 of 100]
0.008232797233840294 0.009997269207598277 0.011843307810289042 0.013555937898230834 0.014867194091639892 0.015528059345284588 0.015396677114617953 0.014496829728339973 0.013010428945621844 0.011207699925356019 0.00935624693339021 0.007654634804851272 0.006210402326339964 0.005053649159332447 0.004165389061924943 0.003504086755246112 0.00302338578638091 0.00268106107246382 0.0024419914183967783 0.002278000267468562 0.002166537426235912 0.0020893119157811466 0.002031384075070449 0.0019808325967806996 0.0019288450980188357 0.00186992194182545 0.0018018648314252308 0.0017253531772328933 0.0016431262733793376 0.0015589711327348376 0.0014767759039730497 0.0013998430472526135 0.0013305305027651363 0.0012701787800593522 0.0012192268187409257 0.0011774171266932647 0.0011440172977652523 0.0011180172198270583 0.0010982861352130356 0.0010836881054488187
0.01098359319250494 0.01334154810126049 0.015748985512566475 0.017894834312588852 0.01941382484786594 0.019995278489228132 0.01950178828709039 0.018031008567149683 0.015879464345656423 0.01342931953575256 0.01102446486271607 0.008894875133529377 0.007144793872429802 0.005783193411365596 0.004765846360120343 0.004029219402102794 0.00351041568335595 0.0031555720106076182 0.0029213041252515027 0.0027729962210074994 0.002682312143401946 0.0026252130417443753 0.0025810658119405517 0.0025329068286708382 0.0024684564356286026 0.0023811389300740947 0.0022703425078257544 0.0021405294450745843 0.001999385843890268 0.0018556314869915436 0.0017171636550133034 0.0015899354768033446 0.0014776047580192732 0.0013817409131757156 0.0013023086509231954 0.0012382038690977287 0.0011877155839971072 0.0011488706790746762 0.0011196667951025936 0.0010982174831383122
0.014671148995993054 0.0176270575015005 0.02051436666869924 0.02292191975666199 0.02440969095220812 0.02465215874076832 0.023571288905782768 0.021379472713358702 0.01850025116974036 0.015413090337152522 0.012509840515369443 0.010024523621719711 0.0080399093043071 0.0065357932107566645 0.005441788026022267 0.004674994970372952 0.004159581483428214 0.003833164953037615 0.0036459553951414107 0.003557007589889478 0.0035302455160021212 0.003531878200919514 0.003530156179156513 0.0034976157063133333 0.0034148468530738538 0.0032738432473025845 0.0030789248697927966 0.0028443879136566827 0.0025897537246963 0.002334580632402808 0.002094639380742765 0.001880216924033307 0.001696260597492416 0.0015435615672155208 0.0014202115380361733 0.0013228646687024953 0.001247635459690132 0.001190649118807911 0.0011483343606399 0.0011175532438057905
0.019466756644483208 0.02281264802953438 0.025837441738998067 0.028074287400855467 0.029089885141533715 0.028636637309015563 0.02676329846805138 0.02381348204837652 0.020304503947942615 0.01675421642455927 0.013546301249093558 0.01088239710139706 0.008809166141918436 0.007277877495408152 0.006200060722326775 0.005483453466021976 0.005048407272246077 0.004831041534235467 0.004779307738760437 0.004846234128504562 0.0049833487819431 0.005136985270231312 0.005249935205146505 0.005269378214511978 0.005158756551618988 0.004907950376542619 0.004535780992995213 0.004082797684443657 0.0035978779024991164 0.003125063553851869 0.0026955429951978386 0.0023258665664607214 0.0020204955420824893 0.0017759818963004265 0.0015848330900853263 0.0014382445054380323 0.0013276729380330976 0.0012455585324184714 0.0011855380616997851 0.0011424066249683719
0.025411025617943134 0.0285660756153822 0.031015656431646322 0.0323621513585518 0.032320861755704415 0.03083010323300031 0.028099616200064917 0.02455959212606315 0.020728508502224664 0.0170663675762421 0.013880587295823622 0.011309091908225695 0.009359687029769113 0.007967862569387429 0.007045154860690923 0.006508041572147919 0.006289205963157269 0.006336625122213941 0.006605048837235466 0.007043083939181367 0.00757958180876361 0.008115487212090097 0.008529217844471294 0.00870044552776113 0.008546553275240504 0.00805384468876088 0.007283888119132928 0.0063495902967339885 0.005374957613335781 0.00446021367552207 0.003665619220028227 0.00301344994099581 0.0024995467136349953 0.0021059913425785243 0.0018104935461580743 0.0015917141563154716 0.0014315081683592737 0.0013153775014474163 0.001232106839184972 0.0011731490862098245
0.032223830627371 0.034102863959103204 0.03490994876732805 0.03450949840810854 0.03290087009599093 0.030245986828395854 0.026855352294190882 0.023125561414320248 0.019448705771215307 0.016131732876544833 0.013356669849477547 0.011187338099338015 0.009605648174674197 0.008554422756623947 0.007971145459720804 0.007807446805983103 0.008035250134387342 0.008641364825327565 0.009610618609343707 0.010897196455898194 0.012388631668096912 0.013878421958881035 0.015074926959386102 0.015668847047867748 0.015446119851989393 0.014386401065373568 0.01267879540577813 0.010639878216953436 0.008588837112069397 0.006753801887592497 0.005243968043742348 0.0040730286353045115 0.0032004544205529485 0.0025663996191163307 0.0021123513208329606 0.0017897519403264907 0.001561562297553511 0.0014007538483911321 0.0012879959059736502 0.00120952739974779
0.03903502296170657 0.03811160386895776 0.036144648975550336 0.03339115726479904 0.030114584182648032 0.026570557904868702 0.02299937283707416 0.019614324690511945 0.01658526032462562 0.01402512327098173 0.011987934285695915 0.01048054626335367 0.00948364586091569 0.008974813684906387 0.008948143052950538 0.009427677464684554 0.010472499162924755 0.012168316774145559 0.014595070682477248 0.017757994074617298 0.0214826370818733 0.025314055964561728 0.028512296333651727 0.030236795175454714 0.029895480871734485 0.027457626440385602 0.023490634185839344 0.01888064671019873 0.014446345891776189 0.010693803111230915 0.007791353901749055 0.005679872265636852 0.004202057203027786 0.0031894611514579037 0.0025016583729244087 0.002034867759672229 0.0017171356431809335 0.0015001168580234877 0.0013516616251080665 0.0012503066647101505
0.04417565489159379 0.038971931071581055 0.033653132007239794 0.028684673346848186 0.0242891362209394 0.02052805580477026 0.01738066928045481 0.01479745867481026 0.012727936841093067 0.011131105917518848 0.009978243441168384 0.009255298208566328 0.008968850253209872 0.009156987299984135 0.00990504990788737 0.011364836007221622 0.013771722073413883 0.017443415536396674 0.022724970806994267 0.029827692396694163 0.03853258917388751 0.047847922601354384 0.05590685007200478 0.0604472987258289 0.05985020820937222 0.05408958374104621 0.044801283769363036 0.03438051029736718 0.024847218585080537 0.01725118884417697 0.01175165998370357 0.008013756261106767 0.005565557552548861 0.00398876127500359 0.0029755534522451846 0.002320137969097055 0.0018915636790759552 0.0016082171559555654 0.0014193143692471345 0.0012928870325853955
0.04539585480280256 0.035465479112592145 0.027443676083761515 0.02135548133679054 0.01690028841103794 0.013701150674680062 0.01142541731702743 0.009822147110484167 0.008721042162561404 0.008019544643550272 0.0076705239200077924 0.007675916777215131 0.008089354688532774 0.009030737674042576 0.010716233349191822 0.01350606834015661 0.017964311733785817 0.024898480175350776 0.03528962200132818 0.0499505008093454 0.06876707704984614 0.08969369234754575 0.1083030157019998 0.11896155983804546 0.11763530342368128 0.10444355480825163 0.08369968653909278 0.06132612231596674 0.04188109581165767 0.02729362370688436 0.01740327253966151 0.011117882470657675 0.0072613084358071865 0.004923493712673041 0.0035003279426924676 0.002621563545681815 0.002068779533060546 0.0017145940178625782 0.0014842395875664816 0.0013330058671731455
0.04093340859987148 0.027813493522681004 0.0190405014467563 0.01343711389497533 0.009937200021625162 0.00777480020481737 0.006458476758049334 0.0056929388670858005 0.005311455694122561 0.005232435136496286 0.005437508256802132 0.005967069430394549 0.00693267983549773 0.008550765088299966 0.01120744799737721 0.01556716343757142 0.022726931516306986 0.03436547759321872 0.052697762184007575 0.07982918943659015 0.1160673860918378 0.1574964104147994 0.19478001622714453 0.21585207767928302 0.21233573737301858 0.18507481593162012 0.1437835618557383 0.10097944971665099 0.06551141230402854 0.04032969686871315 0.02424366063636325 0.014621217202774244 0.00905134148833447 0.005851129424277472 0.003993078851216786 0.0028912123883316656 0.002220867619446154 0.001802772181001664 0.001536582618355456 0.0013647185973710934
0.03117701070994425 0.01816868193414644 0.010919461938002984 0.006983021464191031 0.004854487399399379 0.0037091498424822278 0.003120346612240751 0.0028757849252502242 0.0028784835135827096 0.0030999719032445967 0.0035642738027577138 0.004353536495108239 0.005635964057028848 0.007726074454794129 0.01119814834562906 0.01708307169903972 0.027167419273220278 0.04432395936837557 0.07253153180478933 0.11577675888128655 0.17490819265566687 0.2430757004294752 0.30377678940777236 0.33633990376706674 0.327475982250159 0.2801168117483672 0.2117753085572034 0.14359233534029997 0.08938546458286802 0.05262075771652032 0.030238448951618827 0.01747242930489715 0.010406080437514143 0.006505777244344584 0.0043184246610726736 0.0030583605229406756 0.002309687081207783 0.0018514995031985544 0.0015641585524349515 0.0013809003229093768
0.019319290440939083 0.009583399568658 0.005054785470113639 0.002949100331442831 0.001952730189853136 0.0014840265181829335 0.0012922877796739225 0.0012748903772738958 0.0014011230067647014 0.0016845545248275013 0.002180132654022666 0.0030002888126739566 0.004355808240131179 0.006638779295061355 0.010579995182587242 0.01752776489796875 0.029880423104333184 0.05157077922488682 0.08808449291680288 0.1447938829481407 0.22232412975274393 0.31031009496548656 0.38577252052591376 0.4220153890435009 0.4040755680743364 0.3386128255801658 0.24991931423983543 0.1649753645125435 0.09986466338710347 0.05721662009950749 0.032082946351022004 0.018157414547675 0.010637444596539439 0.006569872452037074 0.004324922494404019 0.0030475803338180503 0.002295840204185021 0.0018392400223086794 0.0015547429383032383 0.001374439581663753
0.009452005691814504 0.003996284391227758 0.001866060402409206 0.0010086854856439789 0.0006496405441603365 0.0005034567831005109 0.0004661721563878984 0.0005056281770873082 0.0006252762838567804 0.0008565648494830493 0.0012664312832154172 0.0019798290686805203 0.0032265419483564067 0.005432863722816129 0.009393769152698234 0.01657245016514429 0.029544838576639813 0.05243498448712073 0.09071973976214401 0.14912619670423385 0.2266440439887954 0.3108301686926312 0.37795803910564757 0.4034229262032933 0.3765241731123432 0.30771172160487387 0.2220327458009061 0.14396219771807828 0.08614680068099409 0.04914003894757131 0.027620185456611553 0.015760179968807173 0.009350031644885298 0.00586482190369695 0.003926576550312784 0.0028144224830232065 0.002154769940306232 0.0017516755389209002 0.0014996820587970092 0.0013400304679314636
0.0036010272185588617 0.0013130143675238594 0.000553021728993741 0.0002838184131499437 0.00018295929743603488 0.0001491083176404991 0.0001513886653388373 0.00018573494014831752 0.00026474718337671764 0.00042076313245000593 0.0007183856869483254 0.00127924203353359 0.002327236806984499 0.004270223064268832 0.007842533393575796 0.014330401476344155 0.025853175837786638 0.045506365055053156 0.07683904446892857 0.1218766792503552 0.1775790794803034 0.2329749691428772 0.2711919411346514 0.27775344199602103 0.2497553329453778 0.19803597218558763 0.14017409366684058 0.09043096534072288 0.054668129055867806 0.03194516627691992 0.018599697253500053 0.011078813931743528 0.006890091620190504 0.0045351217379737884 0.0031809609146915634 0.002379932741979911 0.0018926383940050888 0.0015892809784299362 0.0013976210126494376 0.0012760556287266817
0.001079698460409242 0.0003473641361116105 0.0001358159840438312 6.83983873532351e-05 4.5710726070117645e-05 4.0570365944837454e-05 4.6654739785312684e-05 6.656749820429233e-05 0.00011171859800231661 0.00020877314531917769 0.0004135792978936635 0.0008353631258256472 0.0016745071360596499 0.003277721883775256 0.006213345323746508 0.011356665760700076 0.019929714768198596 0.03334689694527325 0.05262453205389236 0.07721605571635431 0.10371219966642484 0.12570493182597575 0.13605597476248457 0.1308419411886747 0.11197372519214935 0.0860384992193687 0.06033943130964083 0.039513042746060226 0.024815190171294174 0.015363021311006114 0.009615988658864972 0.006212833944522374 0.004205869845647909 0.00300952415339507 0.00228311680495369 0.0018331919009571484 0.001549964874855888 0.0013701704644375925 0.001256385376308321 0.0011857380521869529
0.00026546434092279355 7.794576646151067e-05 2.938695667335185e-05 1.5115060749721658e-05 1.0893753799308152e-05 1.0920286880206123e-05 1.4673507182205645e-05 2.493836161478848e-05 5.0044993797886205e-05 0.00011064477168444567 0.0002534822593021118 0.0005735502792652823 0.0012405221997866043 0.002517610945171147 0.004757078357607305 0.008356632231857944 0.01365605574078577 0.020748100800402527 0.02921034650974478 0.03787609374421556 0.044901160667606556 0.048346676528294344 0.047117108203938725 0.041621835371680384 0.033578431293358635 0.025082830013708434 0.01768322075517645 0.012033451863118936 0.008091831970338255 0.005495826261533149 0.003839423898555861 0.0027957248143592336 0.0021383398100994736 0.001722262052595132 0.0014579807244788144 0.0012907874502207546 0.001186934522149393 0.001125126965146478 0.0010915218313419998 0.0010768585986290526
5.764143406798e-05 1.6134015111732024e-05 6.137443857204215e-06 3.3701246063435843e-06 2.7277651905061425e-06 3.1960285613346845e-06 5.150356706918985e-06 1.0600176681692272e-05 2.5597708234159056e-05 6.67067980047075e-05 0.0001744111275926147 0.00043259653226320307 0.0009808246312065394 0.001993442039760071 0.0036104023170765963 0.0058432691674171885 0.008507581313399085 0.011220801409860487 0.013476959944567766 0.01478922392308523 0.014864005325808831 0.013728032805010029 0.011721929202879261 0.009347620474449097 0.0070636101507617136 0.005151282942945205 0.0037004177657905444 0.002672675288432198 0.001976960452717732 0.0015194747456217848 0.0012249262045656154 0.0010398349976682975 0.000928539024848395 0.0008678239753954187 0.0008424359178331748 0.0008419322230556317 0.000858704633967378 0.0008868818377103719 0.0009218280743065292 0.000959981279373773
1.2274475119540007e-05 3.446828802346661e-06 1.3902236855945954e-06 8.524365653700906e-07 8.044484095807224e-07 1.1328022223366808e-06 2.2265804599391435e-06 5.579450652134333e-06 1.611966490417333e-05 4.873047544964666e-05 0.00014188553043151708 0.00037389057668905706 0.0008571005808837218 0.0016774043047782761 0.002795635775209196 0.004000690558827774 0.0049835699330650135 0.005486407598233817 0.005416178680260324 0.0048598859557897256 0.004016818743244144 0.0031029359351792698 0.002278387739179645 0.001621710651961158 0.001143623364807221 0.0008172005571006546 0.0006043389281301957 0.0004707151960935599 0.000390879165573079 0.00034802626351487125 0.00033195876097343984 0.0003369391115077412 0.0003599348544887672 0.00039924480035741965 0.0004534087644212408 0.0005203982481974002 0.0005971943172249282 0.0006798609293708335 0.0007640808916744697 0.0008459248051578174
