_RESULTS/CROSS_VALIDATION_POSTPROCESSED_CLR/Berg/IZ/3comp/1/Berg_IZ_z_500_kriged_reverse_3comp_spherical_1.asc
ncols 100
nrows 90
xllcorner 5.6208707817415728
yllcorner 50.959635321741573
cellsize 0.00013419651685393446
nodata_value 1.7014100000000001E+038
[rows 38 to 56 of 90, columns 0 to 41 of 100]
-1.8846537656148044 -1.8680675755727971 -1.8466377718387739 -1.8211078608420876 -1.7928217439750758 -1.7632527680717607 -1.7336408910590542 -1.7053934301116997 -1.6799813726869224 -1.658579759840362 -1.6419766763049128 -1.6305955312312495 -1.6245964653907723 -1.6239792171228284 -1.6286387370265534 -1.6383697549140228 -1.6523491383009605 -1.6697156023993638 -1.6898102679672173 -1.7118595598569537 -1.734998147408094 -1.758297749259279 -1.7807603818208755 -1.798287835721001 -1.805741627354027 -1.8085853104695095 -1.805077329991337 -1.7972614052315043 -1.7860050464223813 -1.7715903988495931 -1.7558948035192317 -1.7429847685729194 -1.7338933631494964 -1.7336941861709865 -1.745123189408354 -1.7672557672874456 -1.7989515691797104 -1.8383250004607727 -1.8795880828633802 -1.9183727770629788 -1.9523744549487958 -1.9790514487587554
-1.8816069503042028 -1.8640481490927654 -1.844546728991557 -1.8209077402297904 -1.7943197531085453 -1.766367016851617 -1.738490403782163 -1.712333132362569 -1.6895981669569808 -1.671533249908654 -1.6587565258476222 -1.6513427457803451 -1.6490711032971879 -1.651634922234381 -1.658729213728043 -1.6700489550070716 -1.6851801768697374 -1.702999681698179 -1.7227630839111718 -1.7438061357605112 -1.7654022742962887 -1.7861556052079925 -1.802555842455683 -1.8149617416247865 -1.8226852832641527 -1.8270359072289193 -1.8267503822778168 -1.8228046972081444 -1.8167432815000675 -1.8099485893600564 -1.8064114823120847 -1.8072980307346531 -1.813409656882535 -1.8256521344081924 -1.8471429352701039 -1.8798019594961939 -1.9226513031025192 -1.9702079143534543 -2.0158306523814455 -2.056576432452756 -2.0891462758143327 -2.1103035064435556
-1.8803295491639727 -1.8610177761162592 -1.8404519925201919 -1.8183434060101695 -1.7931160639006987 -1.766246711328098 -1.7394434955300524 -1.714708480500172 -1.6942165235571405 -1.6794398210609365 -1.670739151973207 -1.6676237270341827 -1.6693420264176817 -1.6752492859152865 -1.6848758285154288 -1.697863167743356 -1.7138842526409626 -1.7322680726710364 -1.7518914484735864 -1.7721844664216362 -1.7912155737371194 -1.805210583555572 -1.8144395018982105 -1.8196996393680105 -1.8266725912296466 -1.832678818548398 -1.834992734249429 -1.8342604765921384 -1.8335703616600787 -1.836586568097045 -1.8445619705626166 -1.858471433064308 -1.879133859665126 -1.9071420676620976 -1.9429879602277118 -1.9883484662858675 -2.0398236143907575 -2.093557506291096 -2.1447540161303422 -2.189351867352079 -2.222502654039565 -2.2396600042322814
-1.8812067339314777 -1.8602826064832148 -1.8376577386748052 -1.8138597524099491 -1.7892811551162064 -1.7629382689454691 -1.7363653751159198 -1.7120735862685177 -1.6932028466629812 -1.681841116551554 -1.6778261876444034 -1.6795892133613337 -1.6856302944795252 -1.6949998680790004 -1.7071629928008294 -1.7217903530042633 -1.7386188037180683 -1.7573377000873187 -1.7768725463663235 -1.7949379577387663 -1.8072247897240523 -1.813949911200226 -1.8156792458106141 -1.8133688011084974 -1.8155965385207924 -1.8228166682735008 -1.827246338780509 -1.8304538869564315 -1.8373735069157902 -1.849489478593436 -1.867964243354679 -1.8938490457381867 -1.9280039502647683 -1.9710133863559935 -2.0225708684191224 -2.0791268143864072 -2.1412040095338236 -2.2047402700519982 -2.2648985389723406 -2.316726571061541 -2.3534913040095367 -2.36845264248983
-1.8846073106095282 -1.8623224172551893 -1.8378453916415136 -1.8116440018887032 -1.7843746749033116 -1.756980946707916 -1.7296967362718354 -1.7043236458237794 -1.6859437650899176 -1.6785398095551867 -1.6804804345866304 -1.687902116158513 -1.6984801026803475 -1.711223993489108 -1.725730390648089 -1.741801676587525 -1.759283525167114 -1.777997697443516 -1.7961746220097392 -1.8079522399871866 -1.8131925851610289 -1.8124485881669992 -1.8063136218975835 -1.796407802673299 -1.7922002268479176 -1.7956937720158228 -1.8037681809385027 -1.8129422713936736 -1.8266368160754798 -1.8466973886692257 -1.87442398885443 -1.9109749500554092 -1.9572810139958259 -2.0135864353598487 -2.0763398656041736 -2.144818956085367 -2.218501770316503 -2.2930790226495485 -2.3655978223545033 -2.430118069836864 -2.4767558303286705 -2.4933139456517974
-1.8908398037594945 -1.8675598830291524 -1.841597305845729 -1.8133829119960385 -1.7834741292566836 -1.752566102654343 -1.7216378167086979 -1.6925748976384865 -1.6718528862195527 -1.6703586194375366 -1.6805022421027382 -1.6939888277103796 -1.7087444852174274 -1.7243373559656379 -1.7406964775314324 -1.7578103467625557 -1.775638926433077 -1.793673045622468 -1.80628671476886 -1.8114106573676774 -1.8094511241653615 -1.801006646795317 -1.786691989759682 -1.7689116642378344 -1.7584633412007658 -1.7575943814161268 -1.7665058601355121 -1.7806005651946706 -1.7998662028771377 -1.826513866978634 -1.862018294093995 -1.9076767657150633 -1.9644422219860118 -2.0292874888162884 -2.1008811616509404 -2.179683332767225 -2.265206623451734 -2.352826642586746 -2.4394406959282793 -2.520569913605817 -2.5845806875195994 -2.607959614170362
-1.900101095588428 -1.8762750409181348 -1.8493145695685353 -1.8197154552085517 -1.788058956304056 -1.7549140698513628 -1.720793781264616 -1.6858984426343422 -1.6518249155863174 -1.6637501891309334 -1.682607024293855 -1.7016003566186577 -1.7204200770849947 -1.7388990024019673 -1.7569316847193712 -1.7744745954559353 -1.7915490077878333 -1.8042944079560095 -1.8090604674072892 -1.8062052340386314 -1.7964071137421196 -1.7802506750703186 -1.7586781844445345 -1.735108545080295 -1.7196674674867256 -1.7137783650885414 -1.717871841833837 -1.7324687799646514 -1.7559092882641556 -1.7875830685776828 -1.8291766883844174 -1.8821595816117789 -1.9453919910051218 -2.0157966148780027 -2.0941953184682163 -2.181026578605221 -2.275859866174179 -2.3744923378396052 -2.4751294193719517 -2.5755134005099687 -2.6678466858771634 -2.7131184443680953
-1.9124321122416013 -1.8885189929339703 -1.861049493879868 -1.8307717034637006 -1.7985240874392407 -1.7651269632959181 -1.7315150074309151 -1.6998478100693406 -1.6791098527249801 -1.684239141496697 -1.7024872423565203 -1.7233316880298344 -1.744291533662098 -1.7644275367102982 -1.7832495949714111 -1.800515828432361 -1.8148669310360686 -1.8199868403845838 -1.8160237659768212 -1.8038425392532262 -1.7841405299708002 -1.7585236644237894 -1.7287674309699927 -1.698875832989053 -1.6773125814803538 -1.66517342146797 -1.663037037931081 -1.6717006287838463 -1.6940204267954098 -1.7289529500887986 -1.7747514486613685 -1.8324440596707903 -1.8982003609859177 -1.9721746508794413 -2.0551253404999965 -2.147239468306459 -2.2478906076960663 -2.3528040792437546 -2.460400208020581 -2.569988453040414 -2.6805902747933943 -2.7748213971209834
-1.9276973842467835 -1.9040519212326181 -1.8763751726927054 -1.8459536604648452 -1.8140809822232336 -1.7823177307794944 -1.7549031610938561 -1.7344518669049473 -1.7249155979301927 -1.7296988771933335 -1.7449983963445777 -1.7647894139484837 -1.7855740980523906 -1.8056123676252946 -1.8239916361833945 -1.8402454797534105 -1.849239843475757 -1.8471030050058095 -1.8349479865137401 -1.81382800098263 -1.7843209065528032 -1.7480045408262757 -1.706696908831044 -1.6645713371024367 -1.632800392293856 -1.612982966927991 -1.6032082493216588 -1.6043472901301692 -1.6195877665474328 -1.650667675640355 -1.6980710423813763 -1.7563733854740506 -1.8226940888413814 -1.8983199229627634 -1.9836819549785527 -2.078397200810296 -2.181214839369386 -2.2870411841912515 -2.3925373678169954 -2.493931565156802 -2.580815734786753 -2.617654980314363
-1.9455973740033259 -1.922284229655247 -1.8942943460601538 -1.8639468129716728 -1.8348010268616313 -1.8109832422306194 -1.793162154901568 -1.7826059459414472 -1.7809839098175322 -1.7887368919677686 -1.8039150246871538 -1.8231286885253841 -1.8434639965280466 -1.862972573290177 -1.880462018837376 -1.8942805204450315 -1.8968545517359574 -1.8873599388105402 -1.8668765534208425 -1.8365617410715684 -1.796971344467409 -1.7496380098733442 -1.6964187178599062 -1.6409165912896204 -1.5944278997685186 -1.5601919167901568 -1.5399088316175642 -1.5319646492222045 -1.5383677301529293 -1.5610644827131548 -1.6011448761210003 -1.6542994773832906 -1.7193410851667106 -1.795014190499192 -1.8811655171112176 -1.9765155999532424 -2.078777049167473 -2.1818041040953147 -2.2797454032186053 -2.36602878196675 -2.4284870916857813 -2.4482029163771934
-1.965708126890798 -1.941990300206498 -1.913059880354783 -1.8862915092012802 -1.865487563690182 -1.850727495196374 -1.8422319867277057 -1.8404780934485627 -1.8459041949460926 -1.857985497628038 -1.8751203372462972 -1.895037486395865 -1.9154551400681896 -1.9345484527395442 -1.951042146181421 -1.9608837783206763 -1.957144831565313 -1.9403262329100563 -1.911488283035748 -1.871851796998147 -1.8220018982083 -1.7634461704088467 -1.698078685929579 -1.6287584124181376 -1.5665015465098402 -1.5155880711791603 -1.477965130775252 -1.4565857464800365 -1.452314276501982 -1.4644772150259016 -1.4931105683469392 -1.5350315273083057 -1.591941726490467 -1.6641889944351322 -1.7500407231468513 -1.8452825490332492 -1.9458523916856598 -2.0450340166901086 -2.1348390522316714 -2.208280419080532 -2.256198104748565 -2.2689650006018347
-1.9875324515904296 -1.9595836649032372 -1.9340889222709023 -1.9157001853168878 -1.9039705489144534 -1.8985606744565744 -1.8992708658065542 -1.9059662612914094 -1.9183524788652744 -1.9356235744596182 -1.9561296129532657 -1.9779955922526955 -1.9993189048387108 -2.0184373881662636 -2.0340550815920606 -2.0392022842060475 -2.029432074050263 -2.005457134305396 -1.968350136529243 -1.9193886303056924 -1.8592153892577126 -1.7893627005243888 -1.7117660598146496 -1.6286671090416975 -1.5498305669685293 -1.4812854434387241 -1.424964362756974 -1.3844100287040524 -1.3640970487289645 -1.363369975220007 -1.3772348456991748 -1.4058721254198863 -1.4525323363197105 -1.5179500000017891 -1.5995685019837302 -1.6923408354604736 -1.7901679908506423 -1.8856011904972294 -1.969013864872402 -2.033759695815796 -2.073425476400354 -2.0826522242088283
-1.990083605762682 -1.9723890869948097 -1.95782534367305 -1.949590307341766 -1.9478141028374267 -1.9521609279151346 -1.9622041352348603 -1.9774268183175379 -1.9971077817501428 -2.0201861130160395 -2.0451464011522837 -2.070061724854329 -2.0931744217278694 -2.1129132291955184 -2.1275077176242796 -2.12833677211209 -2.112956392266594 -2.082102448324674 -2.036906005265102 -1.978717922158593 -1.9082681295128203 -1.8271848194475906 -1.7374603380410054 -1.641200225728761 -1.5453574816153894 -1.4586160996335238 -1.3829147452246513 -1.322289745117696 -1.2804525579580432 -1.2608752718587295 -1.2569367002366545 -1.269589800613924 -1.3047342059918017 -1.3642032374300044 -1.4437275977068218 -1.5353117839468318 -1.6306637079830635 -1.722214511659081 -1.8004179146726682 -1.8592495476331843 -1.894109455060338 -1.9018695452388257
-1.992098763120069 -1.9859442946351513 -1.9835291681128262 -1.9864744562771377 -1.995274712657202 -2.009740126001 -2.029358722506799 -2.053391102095964 -2.0808495106641884 -2.1104568446838585 -2.140654279678298 -2.1696187570784518 -2.1954095151075195 -2.2164366418448584 -2.2301309618816214 -2.2273683963397466 -2.206890162091034 -2.1695029422712366 -2.116455592627854 -2.049202995001421 -1.968617777993968 -1.8765078514991937 -1.7749532499992031 -1.666092850442407 -1.5540486523256107 -1.4490772800153164 -1.3542079822003132 -1.2732565858468052 -1.2089965073427473 -1.1640545034904715 -1.137114445330793 -1.1295894006287728 -1.1513138557952156 -1.207319704933279 -1.2891859753870487 -1.3832277115569123 -1.4785568527662418 -1.5676796873931516 -1.6430295839829927 -1.6983066769695703 -1.7303010792905054 -1.737126863365794
-1.9993873343080197 -2.003064304902986 -2.0116674771213794 -2.025621943726789 -2.0450999023022214 -2.0698473387778775 -2.099261517780626 -2.1324461706311815 -2.1682195676696288 -2.2051141343827596 -2.24140846465602 -2.2752163045649096 -2.304581820172193 -2.3276196389133474 -2.3409185686127287 -2.335359456662382 -2.310333758762814 -2.266772822616859 -2.2061206191381033 -2.1299748083354895 -2.039457608776405 -1.9366430469658482 -1.8237468523802387 -1.7029730816018418 -1.5767191651722308 -1.4541205524106158 -1.3413126176853405 -1.240944102966362 -1.1548571335326003 -1.083871878052318 -1.02643906764255 -0.991175826707047 -0.9949740540374601 -1.0537724910145247 -1.1455317003428072 -1.2457301326087382 -1.3424797536103248 -1.4298256253769963 -1.5030544859132133 -1.556024159826479 -1.586215273394961 -1.5924597749660858
-2.010532202469306 -2.0232717983557285 -2.0419081032858943 -2.066273294416105 -2.0961661181733326 -2.1311479388889403 -2.170486270001247 -2.2131444537169407 -2.2577750271622516 -2.3027221982328894 -2.3460556214154566 -2.3856566365125067 -2.419367121683183 -2.4451788065571316 -2.458868357790414 -2.4513392375061316 -2.4222973181058114 -2.3728679825907957 -2.304796596768762 -2.2198686432152557 -2.1196389646257017 -2.006524191051787 -1.8829373220099526 -1.751196374436632 -1.6134967170332934 -1.475151843538691 -1.3464023497698987 -1.228973117746758 -1.1239838344957502 -1.0302843724459703 -0.9433813341815676 -0.8687411747094447 -0.8383624570141355 -0.9194785708409496 -1.0287232019527124 -1.1345486941066436 -1.2311821244508085 -1.315620788853407 -1.3854371129331673 -1.4364134423175905 -1.4653554822800712 -1.4715011007274947
-2.0241360842115883 -2.0453558298403154 -2.073255765420806 -2.107374905717953 -2.1472484506489917 -2.1922566946361783 -2.2415348248636224 -2.293920880375899 -2.347921059112497 -2.4016918890525902 -2.453054968012381 -2.499568820313539 -2.53868301473287 -2.5679861654980036 -2.5829553138432875 -2.574284069368776 -2.5416717038019523 -2.486538380559024 -2.411086118327937 -2.3173460464263025 -2.2075851667810458 -2.084612986085332 -1.9511032364406506 -1.8095397172812473 -1.6622242381864467 -1.5128588169279564 -1.370704544353416 -1.23978009469602 -1.1210604534090933 -1.0129071952738524 -0.9101111630589682 -0.8150541932499269 -0.7588054288169459 -0.8516853556149642 -0.9597386919226165 -1.0606455737128355 -1.1513465440252064 -1.2297629662402159 -1.2940348473544856 -1.3421263260956235 -1.3701060865047667 -1.376866781188153
-2.0388509785706805 -2.0679695643892555 -2.1044338960705584 -2.147638371197087 -2.1969613546587103 -2.251656318154066 -2.310760811990125 -2.3730225940827254 -2.4368359579712076 -2.500189073714917 -2.560637321953803 -2.6153354964346294 -2.6611793510253765 -2.695107559427656 -2.7123449602223726 -2.703159192039686 -2.667188096925302 -2.6062569512551734 -2.523144098110725 -2.42039760556505 -2.3012000154863843 -2.1688155748366995 -2.0262225307057435 -1.8761010534754716 -1.7214999219707674 -1.5660815906877028 -1.4139521402351363 -1.2734485139346345 -1.1467092534698968 -1.0334930739055372 -0.9315489657139875 -0.8518635324178707 -0.8248299564217008 -0.8675647874507073 -0.9444617489927214 -1.0271941474349404 -1.1052684354341171 -1.1741267250674685 -1.2310822924279845 -1.2742574035699856 -1.3013608224949804 -1.3095581781508443
-2.0533925899802945 -2.089766382129234 -2.1340733429434313 -2.1856453040379504 -2.243784850961656 -2.3076832157257154 -2.376336086219396 -2.448458656638591 -2.5223956232347406 -2.596024337608358 -2.666661601377367 -2.731011771594463 -2.7852404954116694 -2.825305682168625 -2.846092167816914 -2.8371177748100243 -2.7976137429510364 -2.730208613871688 -2.638610029497209 -2.5264174764105927 -2.397773265371829 -2.2564227782744744 -2.105640626032192 -1.9485677410478097 -1.7891797315094715 -1.630233268581248 -1.4742847859658421 -1.3275134814551142 -1.196958905059732 -1.0841996364705513 -0.9885832375590109 -0.920600932922248 -0.8959121059383233 -0.9176397549868689 -0.967091097836476 -1.028290953970653 -1.0905187967403691 -1.1476626478456449 -1.1960892831806977 -1.233491642879453 -1.2584130203371142 -1.2687263884724853
