_RESULTS/REVERSE_NEW/MHZ/TZ/5comp/MHZ_TZ_z_710_kriged_reverse_5comp_test3.asc
ncols 100
nrows 81
xllcorner 5.5967107548124995
yllcorner 50.982328804812504
cellsize 0.00017565037499993607
nodata_value 1.7014100000000001E+038
[rows 0 to 18 of 81, columns 0 to 41 of 100]
0.2859254907259836 0.30044183729208984 0.31470871425328545 0.3270938675166502 0.33587306672980394 0.3396284469167192 0.33763373577266054 0.33005716207693003 0.3178823513701509 0.30258553445217673 0.2857196403539901 0.26857231255666175 0.2519963440339218 0.23642121157187848 0.2219936232395523 0.20877058170941537 0.19688679538630688 0.18663526262017513 0.17843948389964231 0.17274550369184946 0.16989064840182108 0.16999677576785233 0.17290837606636997 0.17818087419465123 0.18512777531978525 0.192934377608316 0.20082094483818946 0.2082024605061906 0.21478236973004752 0.22055091697196577 0.22570762238101677 0.2305526304999857 0.23538385615935775 0.2404161132337679 0.2457248451027127 0.25121512075651603 0.2566201112421637 0.2615349237453811 0.26548710093234285 0.26803422250451536 0.2688663849049191 0.26788427619457755
0.29793865981123047 0.3157042178524279 0.3332411380158301 0.34850310791684314 0.359305586980576 0.36385243654444194 0.3612510334616827 0.3517797310586733 0.3367706520878575 0.31816766027585164 0.29797364924886505 0.27781350540640415 0.2587328139896189 0.2412261570244645 0.22541479148379734 0.21127627940960114 0.19884032704556104 0.18829044444174375 0.17995164028325747 0.17419195960148942 0.1712940171441819 0.1713458799385667 0.174175152851371 0.17933462426797123 0.18614869182471946 0.19382665885041683 0.2016239469556191 0.20899822998666023 0.215699429398731 0.22176535424452215 0.22744181704657182 0.2330699462361023 0.23897597241014853 0.24537946396172872 0.2523241456311451 0.2596353572526902 0.2669135939072752 0.27357585868781265 0.2789496653060792 0.2824078167846044 0.2835122606824651 0.2821239961151811
0.3100583809174186 0.33107066062730156 0.3518533249787735 0.36992710361728953 0.38263251141342913 0.387798014987805 0.3843930949442386 0.37285490775418545 0.3549152286450202 0.3330198881621856 0.3096300469418795 0.2866941196246084 0.26542597099535115 0.24635983369586692 0.22956881952267522 0.21492932557194516 0.2023420592624935 0.19185408788492114 0.18366502152386296 0.1780425773973586 0.17519999848921566 0.17518542819318297 0.17781227834502858 0.18264357877808762 0.18903926833574497 0.19626793780856372 0.20366025508448768 0.2107527541723778 0.2173671029756101 0.22360127440311303 0.22975031550883482 0.23619424889375815 0.2432836836519124 0.25123753437900637 0.2600587000411772 0.2694764201357355 0.2789320446470381 0.28762818586530947 0.29465111635722885 0.2991515098395268 0.30053929989296185 0.2986320652375324
0.3222655574556744 0.3464194281827029 0.3702751603327695 0.3909105034517717 0.4052007519649863 0.4106380227728156 0.4061187046825467 0.3923093488785535 0.3713910201698932 0.346322997930172 0.3199997449566332 0.29464813386208716 0.27160405463554976 0.25140580686318065 0.23405574841750296 0.21931516105255033 0.20694418346734084 0.19683989645436448 0.189060410020525 0.18375706968238176 0.1810615075873575 0.18097666284727287 0.1833055840126452 0.18763571535447834 0.19338668542833354 0.1999173415995593 0.20666546587654347 0.21327273899057322 0.21964928849299323 0.22596035307494342 0.23255061074490702 0.2398362269156657 0.24818855021556613 0.2578213671650619 0.2686893780033584 0.2804123160481422 0.29225071858046076 0.30316382510717943 0.3119655391556565 0.3175590360411902 0.31918984058545796 0.31663617535324917
0.33517495608794146 0.36242580455636275 0.38918780121640995 0.41207040827775765 0.4274954168181184 0.43268079209487975 0.4265517657232365 0.4101102460924644 0.386055324964506 0.3578696407177048 0.32883999389688046 0.3014065192291183 0.27696441052086823 0.25601094044062067 0.23845291913595773 0.22392692488428048 0.21205029078444534 0.2025681447964296 0.19539143715241744 0.190546000266313 0.188072847183439 0.18792561162910523 0.18990132148549763 0.19362538180447184 0.19859744470798243 0.20428900835727204 0.21026438436020342 0.2162835960672929 0.22235162265364727 0.22870195340666255 0.23572657658230278 0.243873989039433 0.25353193244365857 0.2649039615805571 0.27788936422976906 0.2919873520205096 0.3062624354219041 0.31941357585329205 0.3299690283193574 0.3365803254452411 0.3383358596704772 0.334991044019113
0.35021354440624786 0.3808177404544064 0.41056254498564343 0.4355102085855141 0.45160448097731776 0.4558499823857707 0.4473383449135419 0.4275693023733676 0.39988243739304197 0.3683282168729498 0.3365573994872731 0.3071553121423135 0.2815038045557754 0.26000320261452164 0.24243182662268561 0.22828843293065615 0.2170470559479791 0.20830502629692266 0.20182862548866684 0.19751648099943653 0.19531497521233315 0.19512645764953057 0.19674551594884368 0.19984484792982185 0.2040159585477387 0.2088528576013474 0.21405146251138332 0.21949049193599104 0.2252672225598057 0.23167957121703692 0.23916230797787863 0.24819085601317203 0.2591627390520466 0.27226318222875 0.2873263810262376 0.3037204957410468 0.32030526376450175 0.3355172817483892 0.34760897263892465 0.35500372935542673 0.3566655706523928 0.35235986586508283
0.3696518682071079 0.40444779489979776 0.4377737856480937 0.46496166331126704 0.4813680080973408 0.48381708981351673 0.47174636250451746 0.4474063781227871 0.41499931295809556 0.37926416312605926 0.34422830895338025 0.31256534832918065 0.2855640233856481 0.26345681125327003 0.24584471654298798 0.2320629269149055 0.22143458309073794 0.2134124331238782 0.2076246736889515 0.2038475522340798 0.20193462986957753 0.20173755255893586 0.20304982796251467 0.2055933764494836 0.20905166296891942 0.2131372480367459 0.21766978292500105 0.22263736806476853 0.22822138791049384 0.23477779256316852 0.2427782353457159 0.25271769752438 0.2649932622512097 0.2797585562137655 0.2967677991266659 0.3152453348511962 0.3338418923450205 0.3507436853156882 0.36396045722814285 0.37173927611740004 0.37297891612487627 0.3675050801292729
0.39648369652861964 0.43718430542767933 0.4754978743190777 0.5056732952457085 0.5222303116029081 0.5217988032312479 0.5044098145047151 0.47346392783406793 0.43440462567199983 0.3928949143192288 0.35340882991377554 0.3186631473643182 0.2897599901288223 0.26666965688483396 0.24874309069662354 0.2351061915594623 0.2249096469179988 0.21745770764746275 0.2122463218876533 0.20893772415623144 0.20729887997424212 0.20713305765468668 0.20823085866577845 0.2103571232015282 0.2132760727455176 0.21680351877238638 0.22086623199279545 0.22554730371641585 0.2311020515084209 0.23793768494022316 0.2465564417132861 0.25746372141347873 0.2710419491592111 0.28739365573957093 0.306171069935786 0.32643684209586743 0.3466291903370479 0.36470533899644264 0.37848336621003265 0.38610843745965184 0.38649510778386253 0.3795958717769784
0.4341562011598187 0.48363767917337547 0.5294360993231805 0.5641105121262512 0.5808859199260847 0.5761275974888368 0.5508321485615827 0.5101815576778165 0.46146585550284525 0.41165269135368543 0.3657865004509928 0.32657470363514945 0.29480574204253496 0.2700560357031168 0.2513218435534805 0.23744975302421528 0.22737933820969028 0.2202519250422594 0.21543241025045834 0.21247709674540477 0.2110739980542774 0.21098043170832567 0.21197909499552145 0.21386512460455132 0.2164648005634192 0.21967568913449126 0.22351165176844207 0.22813568733391848 0.23386782988040733 0.2411611401246654 0.2505428880626745 0.26251899733931966 0.2774399687589297 0.29533202250835655 0.315715689726291 0.3374665915329902 0.35880292396370617 0.37747634060314544 0.3911726167724459 0.39802201714475344 0.39704963731754217 0.38841312915880255
0.48606455341317323 0.5486033128113956 0.6057235960318892 0.6473310133517399 0.6646087981974554 0.6535300045608522 0.6166359990954972 0.5618650786152346 0.4992603117235883 0.4376337877273176 0.3827496994239137 0.3372069105683906 0.30128900991873797 0.2739926787774249 0.253816893120103 0.23923418824797152 0.22891848473165954 0.22182363878257982 0.21717873210848979 0.214439317686556 0.2132208777007727 0.21323605914512533 0.2142525732073395 0.2160804298830124 0.21858695011218737 0.22172927579646542 0.22558954177915655 0.23039803919600974 0.23653314886262722 0.24449100685297606 0.2548204233413734 0.2680189369362769 0.2843869345376322 0.303845422857391 0.3257469020367654 0.34874616698425187 0.3708257729245588 0.38954962961892237 0.4025285379908634 0.40796625639845263 0.4050972773551039 0.3943683952643128
0.5545780951961234 0.6358580191173527 0.7095394107741751 0.7614769653897439 0.7797098136483571 0.7596402107286212 0.7062210240681237 0.6315555689229183 0.5496845050159677 0.4719374640606591 0.40491872288628983 0.35092465665273076 0.3094518453105426 0.278669127982669 0.2564003589371774 0.2406313195096303 0.22970653467417312 0.2223623615308393 0.21768338522822617 0.2150266923606945 0.21393972229811253 0.21409069089015406 0.21522506060301455 0.21715316121955092 0.21976451520157175 0.22305707522285576 0.2271665221741893 0.23238187268484417 0.23913711023013348 0.2479719694047893 0.25945650933050557 0.2740739215651204 0.29205818006749096 0.31319578584439856 0.3366312067750972 0.36075755015449007 0.3832965369874547 0.4016314794054572 0.413345192465681 0.41679472088086883 0.41151707641199897 0.3983297190056012
0.6393279859073273 0.7458210152478787 0.8421998496982019 0.9085067724679855 0.9282233258773648 0.8959751306158427 0.8202734678486453 0.7191708511922492 0.6121849800480941 0.5138612785580484 0.4316626690881438 0.36726902614860907 0.31902554749827766 0.283986282312383 0.2591114705334608 0.24178945455344186 0.22997664573282087 0.22216554130159902 0.2172888636825206 0.21460723461081077 0.21360401516760946 0.21390366386081183 0.21522420923418056 0.21736556201362506 0.2202257116152246 0.22383021030163092 0.22835864993046612 0.23415429840629703 0.24170720867009413 0.25160423405427523 0.2644399354320384 0.2806816014960735 0.3004852977448099 0.3234777218255094 0.34855694598981385 0.3738114422753217 0.39667024573632836 0.4143318558689034 0.42438294767097107 0.42539685718294745 0.4172905178457913 0.4013213521898168
0.7348566098873205 0.872053066222739 0.9965387153708914 1.0808341694199177 1.1024641778085136 1.0551067384190147 0.952017651842852 0.8189439420864465 0.6822068310257715 0.5600627515691721 0.460694290438043 0.38478299591744664 0.3291642644557018 0.2895322244368721 0.2618430145965427 0.24281662931329062 0.2299903404287176 0.22160314096001102 0.2164371452443179 0.2136623270980887 0.21270397358425078 0.2131459836617577 0.21467792293497992 0.21708433053262505 0.2202644788095378 0.22426440386924942 0.22930261615913403 0.23577502078008086 0.2442297691075907 0.2553057235233621 0.2696276888767836 0.2876501552192564 0.309447007473412 0.3344690785829249 0.3613392866811366 0.38780578335067245 0.4109746042484194 0.4278480910001136 0.43603198902512014 0.43435505406979513 0.42316507216957333 0.4042051603797068
0.8287207587196584 0.9980685063782038 1.1523754514121636 1.2558701234615155 1.2794659776411164 1.2158728428832632 1.0837341857076732 0.9172943880470604 0.7501184375167346 0.6041410715578353 0.48798562603594675 0.4010597400848354 0.3385236159512914 0.2946485457430432 0.26438244651112475 0.24379605119292164 0.23003103515456175 0.2210939010144109 0.21563324800883193 0.21274194840523877 0.21179766607747635 0.21235122987568295 0.214068294828388 0.21671988079323318 0.22020629702677905 0.22459261291680194 0.23013462380188002 0.2372800824373359 0.2466362271249097 0.2588973124243232 0.274724017510182 0.29456445948892435 0.31841463082342425 0.3455480861363779 0.3743033894791488 0.4020730195819009 0.4256239858954117 0.4417522485763739 0.44808207638982295 0.44370623701791023 0.4294162491935004 0.4074508015942704
0.9022583054142136 1.0978735844033038 1.2766969334772094 1.3959183449636114 1.4208548462890418 1.3435135356242487 1.1872690172532692 0.9936050097873605 0.8020529209462524 0.637378099130449 0.5083353657543823 0.41313595070319703 0.34551271262110006 0.29857910073244276 0.2664889514104764 0.24481442561445987 0.23039950146858698 0.22107890982266246 0.2154048113510458 0.21241631913238332 0.21145959290049626 0.2120649986589321 0.21388493857998161 0.21668573526313134 0.22037512361212983 0.22504055179824886 0.2309753345990501 0.23867697142659286 0.24880895014796922 0.2621194525253672 0.2793070567979292 0.30082058854130184 0.32659080329292095 0.3557313578633742 0.38631627465757806 0.4154009002962247 0.439425515379535 0.45498049419439734 0.4596947811546747 0.45289786470532567 0.4357894078730107 0.41106665963340644
0.9358510577259874 1.1434107566578133 1.3331954633061984 1.4591119295155532 1.4839896973467666 1.3997332301400347 1.2321237725480167 1.0260672915048554 0.82375657928134 0.6510866685863027 0.5167201583965987 0.4182350738765234 0.34868601916728703 0.3006640316158569 0.2679763303038896 0.24598144884125495 0.23139637575892458 0.22198228185706198 0.21625028148609407 0.21321793392232746 0.21222126553240517 0.21278768220592076 0.21457281056835187 0.21735358428920792 0.22105747228822417 0.22580150746664704 0.2319174704638495 0.23994775469252605 0.25060356966074626 0.26467827919083203 0.2829038343839279 0.30573457573609086 0.33305530069407785 0.3638569515164783 0.3960027020270984 0.4262715232160942 0.4508271568420421 0.4660739684897994 0.46962199151048795 0.4609729681551452 0.44164592735845537 0.4147074002030481
0.9173697796093881 1.1172463342867773 1.2992431027793845 1.4193362237766989 1.4423033807333723 1.36073584383835 1.1994125703412657 1.0012188276380238 0.8064444887403791 0.639907831766901 0.5100317214505107 0.4146352790854257 0.3471539255926223 0.3005165340933941 0.2687710149636945 0.24742682688195175 0.23328718750286248 0.2241591947267801 0.2185782600542131 0.21557736464939323 0.21450711683703552 0.214913389522382 0.21647658359646205 0.21900521352244623 0.22246381705465224 0.2270092972677201 0.23301306948115413 0.24105465322836203 0.25187875206465393 0.26630768558355744 0.28509488791504456 0.30870098034012766 0.33698790256065186 0.3688773410360142 0.40210564026670026 0.4332757173587578 0.4583620591978338 0.47362309218771703 0.4766207782429363 0.4669331855963572 0.44626274986716535 0.41790901699316424
0.8486160716558593 1.0224174499170413 1.1792196159717927 1.281966112676407 1.3013814534235861 1.2314186474364794 1.0927445375043177 0.9212760486594671 0.7512191534898012 0.6042408113647857 0.48831842609743253 0.4022633688935787 0.3408438104799744 0.29811829903516474 0.2689260687311824 0.24927411473500602 0.23625621410345168 0.22783985564384202 0.22264696471916348 0.21976146082557085 0.21857378567288918 0.21867232320089106 0.21978798413836326 0.2217865583231239 0.22469106641323489 0.22871105521478607 0.23425914362622668 0.24194245283119367 0.2525212835249587 0.26682564432650757 0.2856131939799438 0.3093477997313751 0.33789229685352157 0.37016085350216454 0.4038644425973436 0.43555441379933807 0.4611271644020988 0.4767498179692028 0.4799057243990103 0.47013527919978515 0.44915958603453376 0.42034575499093263
0.7447314061280769 0.8813666925525866 1.002909364731361 1.0818622531432347 1.0968902187291418 1.043606761909881 0.9369911439154863 0.8034369693224661 0.6687601038104033 0.5501435925328739 0.45476997305357914 0.38269710215397057 0.33049448006742127 0.29380039675667996 0.26859000375796216 0.25160053713397496 0.2403601634114941 0.23307939040257253 0.22851227459329326 0.22582126695420446 0.22445949315105132 0.22408310577679563 0.22450242997242442 0.22566983179189487 0.2276911948346727 0.23084336975511272 0.23558262770618402 0.24253430584765712 0.2524560000266838 0.26616323554680943 0.2843991788138089 0.3076258782646824 0.3357283963827048 0.36767283194232325 0.40124494220335294 0.43306950591527354 0.4590784697760432 0.4754057418601564 0.47942813046671257 0.4705346227384128 0.45029814549212566 0.4219850054288315
