_RESULTS/REVERSE_NEW/MHZ/TZ/5comp/MHZ_TZ_z_125_kriged_reverse_5comp_test3.asc
ncols 100
nrows 81
xllcorner 5.5967107548124995
yllcorner 50.982328804812504
cellsize 0.00017565037499993607
nodata_value 1.7014100000000001E+038
[rows 60 to 79 of 81, columns 43 to 85 of 100]
22.80308094713294 22.76371500336583 22.60519436817142 22.295818540996734 21.8187351937215 21.18945229541155 20.46758945022855 19.750730246981927 19.149576869434608 18.756927257196086 18.624384688006394 18.75229238441303 19.092021978901826 19.55952492128241 20.059003178042808 20.510698732673955 20.871677614556813 21.141200895096453 21.35113630118087 21.547426840781224 21.768608553992433 22.027490567884083 22.30422933465151 22.557771293377474 22.752399342567696 22.88091019375206 22.963206760787966 23.01993483288161 23.04563182828008 23.006022088452337 22.861127557674934 22.594299993367827 22.225105996137813 21.79996889975417 21.371587910352936 20.98170047361388 20.653910756642134 20.395059165534068 20.200578599075616 20.06016330178109 19.961987927566664 19.89514744867435 19.85068476881795
23.24336046589398 23.268720581645837 23.202711619097148 23.0168303011012 22.68985119605173 22.22145174189574 21.64530105236007 21.030315831010544 20.464848617436058 20.030796886602655 19.78052563272176 19.72524205535141 19.836381491828345 20.05771989760225 20.324259439136185 20.581998283900056 20.801859910615164 20.983603502893526 21.149803110401372 21.332633191353782 21.557330690779036 21.82786995143972 22.121943470622472 22.400251987751453 22.626789991045587 22.78626699695898 22.88392226031614 22.927984999379703 22.912062701806416 22.814510979193244 22.61511246253712 22.31404197284914 21.937892458854147 21.530131994008546 21.135019264791705 20.7852761700928 20.49769851524625 20.275128889851057 20.11125900220049 19.995472669197454 19.916389956079268 19.863875712871113 19.829830489969012
23.560918437718843 23.625338860320667 23.61789629898184 23.513366721319002 23.28865288691472 22.93304665107536 22.46137391923601 21.920053535539108 21.37852879158311 20.908870764207784 20.56434063913847 20.36660195413566 20.30483805130639 20.34474021442767 20.442964401238086 20.561952724878374 20.680517218670865 20.797439177486446 20.92770151556829 21.092825590286203 21.308323942362634 21.572906029601157 21.86480790283696 22.14846839999895 22.388837047373375 22.564026914341653 22.66697100783578 22.69620036471898 22.646242004559063 22.507867449964646 22.27789900381317 21.96898953334366 21.610554900098986 21.240399168992866 20.89336363508206 20.593405337227807 20.351382874863592 20.167215022089213 20.033898459335443 19.94140631342544 19.87950234995274 19.839305996113428 19.813865919132994
23.752580764850425 23.836836605296398 23.862325901636925 23.806802204577092 23.646893170921036 23.36569844100325 22.965382749837485 22.47610250069851 21.952686925749642 21.458980071878614 21.048430746803774 20.750602111016452 20.568006420800376 20.482058388453787 20.46413506853935 20.48727419780286 20.534839756763297 20.603962195337818 20.703246783467815 20.845789551791814 21.039947486221564 21.28145796699403 21.550670760686984 21.816865079070592 22.047766149204076 22.21859323282287 22.31511198332326 22.33043612212755 22.260956993902674 22.1066522007769 21.875413886118857 21.586324213393492 21.2677049031395 20.950471582528742 20.660713730745268 20.4150617575707 20.219906491672145 20.073450084662838 19.968897507221033 19.89745171021717 19.85044769318489 19.820516935190945 19.80198224199893
23.842670443020392 23.934376009918754 23.97509357647444 23.944830733611333 23.820942659671392 23.583764779508883 23.228233140288204 22.774033966519166 22.265569027984654 21.75992224302286 21.309532847937028 20.948648060429186 20.688546820786367 20.521143148018414 20.42753876879148 20.38754974584677 20.38703372185343 20.421164091635248 20.49320962106995 20.609672629997632 20.773727633814094 20.97960136504941 21.21042968296332 21.44080808479941 21.642897531983117 21.792856384669154 21.874429479359243 21.87913019791648 21.805221210373052 21.657764574704995 21.449553685327892 21.200790003170557 20.93604481420913 20.679314009643885 20.449396636425828 20.25739624777638 20.10673296883891 19.994918087034186 19.915986064038947 19.862708993471966 19.828153116523513 19.8065116324844 19.793364571934816
23.85771255971722 23.949369366492498 23.99325331523861 23.970642019699454 23.860296176187468 23.642745796396262 23.310511617672763 22.877970570390822 22.38278587211219 21.87639935299854 21.40881677900906 21.015761468713084 20.713186241836905 20.499304816385393 20.3612941953251 20.28316598601755 20.252029442449544 20.2611795774059 20.309674419442526 20.399116073799135 20.529128973960788 20.69341778739275 20.878094958081636 21.063066802954246 21.225872728526916 21.346208287481364 21.40929791746829 21.407424688229302 21.340203942966326 21.214390248444534 21.04320349892367 20.844570526624608 20.63810238636777 20.441568492660924 20.268085585526652 20.12485967305342 20.013539739474766 19.931644184072823 19.874345211444393 19.8360501499797 19.811497500408695 19.796331970836352 19.787269118250396
23.804653582975583 23.891294154524907 23.93003773924978 23.90254223406733 23.789505037080378 23.57407516081463 23.25025319615718 22.83119835795305 22.350636306678144 21.854993893931255 21.390363569976493 20.99107866014745 20.67437068214902 20.441517915820125 20.28317486088297 20.18589255038076 20.13745520568591 20.12973441105465 20.158815824026775 20.22298296260046 20.31968035680736 20.442780583887902 20.58128771436607 20.72001701156001 20.84196599913548 20.931415501523457 20.976662637932957 20.971728585895146 20.916969819129818 20.818769596834315 20.688387383850245 20.539996720017253 20.38818779425998 20.24553984828171 20.120926180652443 20.018916659424246 19.940207127402996 19.882693987847862 19.842734026962493 19.816235189430632 19.79940249715385 19.789122171068993 19.78306262937065
23.667014014083048 23.744784733930043 23.773205327084927 23.733865216352136 23.609809369288918 23.38836811944618 23.067445171802667 22.661449710008174 22.201742034515807 21.729846946330984 21.2866473086401 20.902888976568235 20.594611299766857 20.36392267633917 20.203292456607194 20.100912254809142 20.045174643010487 20.027224063505432 20.041404382605418 20.084067570840077 20.151574223196633 20.238414044671497 20.336212298763016 20.43400219796601 20.51964636601248 20.581877490407383 20.612280820334945 20.606687032863736 20.56572477030915 20.494507024519912 20.401550557176698 20.297138746710143 20.19147813967502 20.093085084907393 20.007769300680962 19.938364304133852 19.8851050453421 19.8463901919992 19.819636191537807 19.80200288532098 19.790883786374152 19.784154395548903 19.780232452382503
23.420433631695005 23.486335844888824 23.502411336555333 23.450316724317897 23.315658465535858 23.090379094367737 22.776917828283313 22.391569908424263 21.963662738779355 21.529589264322254 21.124176240590742 20.7732978618789 20.49038388739375 20.277119699988916 20.126924237544287 20.029290606377206 19.973454889083783 19.95058291226642 19.954352621763967 19.98029206889786 20.02448077229771 20.08226340538557 20.14749652722702 20.212595915545904 20.269345739075934 20.310171327002074 20.329453849559023 20.324502331848787 20.295943154961197 20.247459376594023 20.184964686066834 20.115419576213732 20.045577163132165 19.98095137034365 19.925213893580707 19.880078340703335 19.845584511191518 19.820609345142774 19.803421777913194 19.792147315309126 19.785078811978526 19.78083168153984 19.77837893000009
23.055571265131853 23.107825873712127 23.11242714314891 23.051702283909627 22.913785792523445 22.69461590950954 22.400265731820458 22.048100872145593 21.664891340381807 21.281605505549305 20.92675533710848 20.62097975197207 20.374636336884652 20.1885386189242 20.05676494828417 19.970099423700315 19.918950559798503 19.8951450498099 19.89251590457883 19.90655826090487 19.933592353046556 19.96988540739439 20.011085894361937 20.052155643006987 20.087793285692296 20.11317885186409 20.124779909641788 20.120962872860723 20.102232380354902 20.07103957508847 20.031219508785476 19.98721087669132 19.943256879822222 19.902771881994127 19.867990335195113 19.839919461319198 19.818532593514625 19.8030937636498 19.792502750281134 19.785580875419594 19.781260688225917 19.778679626759153 19.777199876161422
22.59196969218476 22.630342364199773 22.626275022988022 22.563553578727863 22.432613702424074 22.232175213500202 21.97024513461794 21.663767754686788 21.33614004719854 21.01278731704264 20.716183153725783 20.462062796193546 20.25791381618564 20.103743126289338 19.994314145044385 19.921807510698887 19.878071028605483 19.856029048183412 19.85020250762638 19.856543266878486 19.87189624161937 19.893401246234387 19.918072714628693 19.94268329275547 19.963956095400892 19.97896844367047 19.985610947039888 19.982941397204605 19.97131767012183 19.952268352830547 19.928139003859158 19.901612540212337 19.87522801860923 19.851008050224042 19.830259734965043 19.813556472470935 19.800859719358336 19.79171494069838 19.785456921359117 19.78137850023823 19.77884188964078 19.7773331506761 19.776473148911506
22.074601313301915 22.1003322907087 22.091053633457516 22.032690718749883 21.917674511917237 21.74624154774335 21.52663478890851 21.27397066764566 21.007645529222767 20.747714383867383 20.511254368140396 20.309809526889207 20.148527283257756 20.02689602029528 19.940484546169138 19.882942573672132 19.84767973731848 19.828928559629716 19.82216552567564 19.824039030148455 19.83202416925184 19.84401709075378 19.85802759783922 19.872053849476668 19.88414664166734 19.892608355699284 19.896235246040032 19.894507381844917 19.887655833712625 19.876580968885975 19.86264355126694 19.8473865244375 19.832259659341716 19.818409581949965 19.806570443002638 19.797057480994773 19.78983897089218 19.784648896896435 19.781103847970318 19.778798555417872 19.777368638813638 19.77652109534622 19.77604016691048
21.55791395844176 21.57327611962261 21.561869019865366 21.512146784202585 21.418236957834417 21.2809391183002 21.107539526763954 20.910454178286262 20.704885463926118 20.50598697688767 20.326268220171457 20.173912446770004 20.052324365947506 19.96077785213498 19.895724859876868 19.852253089287945 19.825297750983136 19.810412562450637 19.804088881575698 19.803729176225456 19.80742610874887 19.813689963928486 19.821228648979528 19.828834999228718 19.835388378536944 19.839940090631714 19.841830646367402 19.840784053500307 19.836938380055642 19.83079686729001 19.82311096817329 19.81472701947478 19.806436013772117 19.798860236776765 19.792395319697437 19.787208250134977 19.78327758063805 19.780455248612558 19.7785302755628 19.777280620547412 19.776507119872104 19.77604988657417 19.775791351327534
21.088749740665786 21.096454020754372 21.08513223742324 21.045820795476708 20.974077317652668 20.870716879924668 20.741503918849023 20.595905596804524 20.445186461767655 20.300293477007987 20.170050171064343 20.060069404165993 19.97253615251554 19.906729183225504 19.859968036731605 19.828639004070588 19.809039806983577 19.79791795601693 19.79269988392522 19.79148456602821 19.792903218959644 19.79593894866816 19.799773622435087 19.803697026462647 19.80708386057446 19.809422000074033 19.810363212109287 19.809765883996928 19.80770700618555 19.804454225558658 19.800403404354306 19.795998016750367 19.79165082443493 19.787685228664564 19.784305699685177 19.781597324276998 19.779547160034497 19.77807664385131 19.777074822231057 19.776425322424153 19.77602395907457 19.77578720271109 19.77565370098614
20.6963727738033 20.699034322362575 20.689092978473425 20.659946767111688 20.608339510689024 20.53487913937577 20.443741279688492 20.341677093653338 20.2365886755201 20.136028447628643 20.045979526247653 19.97016480828682 19.90995116851374 19.864737882368956 19.832612604923906 19.811046898260095 19.797464032672103 19.789600934783323 19.785665071168783 19.784335769648244 19.78467635098932 19.786017361066634 19.787853438633913 19.7897758285242 19.791444581473108 19.79259162707294 19.793039095771263 19.79271641677688 19.791663818727358 19.790016969164576 19.787975067330567 19.785760320641938 19.783578863085047 19.781591673191617 19.77990006730931 19.778545699200258 19.77752137023094 19.776787277943026 19.776287615463588 19.775964013760426 19.77576429784296 19.775646682062707 19.775580503042473
20.39106155696263 20.390845516604568 20.382839898768484 20.36241904700742 20.327281549162187 20.277797673946367 20.216775361667153 20.148744144288738 20.078962327008078 20.012404364918797 19.95296488773544 19.903028008175163 19.863428318653593 19.833720353426205 19.812612730550715 19.798421289622155 19.789436584828568 19.784158077224404 19.78139691583935 19.780279348199972 19.78019280347866 19.780712327831854 19.781533622882 19.78242619105458 19.78320935038979 19.78374652789609 19.78394952322477 19.78378401446687 19.783269718192738 19.78247223055011 19.781487375334628 19.780421684524068 19.77937371636497 19.778420229561466 19.777609347710793 19.776960646068716 19.776470377556286 19.77611926862506 19.77588046031241 19.77572592712003 19.77563065063989 19.775574612497586 19.775543133910272
20.168344284674607 20.16681595634425 20.160800159348685 20.14720601598829 20.124469596732055 20.09277550802561 20.053891947505054 20.01069129310607 19.96649931852553 19.924444625376378 19.88695832326696 19.855511778372374 19.830601690130525 19.811925457722026 19.79865551543469 19.78972263429232 19.78404461413013 19.780671995544886 19.778852584643065 19.778034726294187 19.777835071753323 19.77799367976746 19.77833220897776 19.778723271628138 19.77907273855945 19.779312650328492 19.77940039312274 19.779319597260866 19.779079311174815 19.7787097957563 19.778255134959984 19.777764214951976 19.777282162088873 19.776844039879578 19.77647175685199 19.77617413955044 19.775949347873382 19.775788455817676 19.77567909011246 19.77560836679618 19.77556479757379 19.77553919737422 19.775524835462022
20.015166186715888 20.01330738756618 20.009049619173556 20.000418869457423 19.98639471019995 19.96704484312744 19.943417690975668 19.917240812866176 19.89051712411425 19.86512637378473 19.842522888239593 19.823580300171038 19.8085859015387 19.797348314469374 19.789363040570745 19.78398228276467 19.780551629581282 19.77849715450766 19.77736424666698 19.77682007841587 19.776634915141063 19.776655655015833 19.776780768381727 19.776941318031568 19.777089163793534 19.77719117519188 19.7772272210733 19.777189611070778 19.777082213768374 19.77691834572713 19.77671740570778 19.77650086971502 19.7762885263768 19.77609572075469 19.775932011797806 19.775801216818426 19.77570247940654 19.775631844292786 19.775583854345367 19.775552837666847 19.775533741951186 19.77552253060369 19.775516247296043
19.915421957676614 19.913746790978376 19.910893036198182 19.90565358518418 19.897389453967413 19.886107656651234 19.872395479421392 19.857240797802458 19.841793872452225 19.827134213510956 19.81409527408663 19.803175421280567 19.794535594408238 19.788061950117942 19.78346132222818 19.78035877927693 19.77837601872411 19.777181342690074 19.776512055113177 19.776176099083006 19.776041579123298 19.77602173924189 19.776060554486257 19.776121563521357 19.776180590472766 19.776221776484377 19.77623579377746 19.77621907161179 19.77617313487071 19.7761035697255 19.776018540687083 19.775927080226616 19.775837499706498 19.77575623300861 19.775687277048544 19.775632214957138 19.775590667937383 19.775560958596834 19.7755407823696 19.775527747980508 19.775519727340967 19.775515021244814 19.77551238583147
19.853738143187055 19.852442179325703 19.850624691497913 19.847577967693756 19.84291801387978 19.836627575499087 19.829017982853216 19.82062724122281 19.812085987760376 19.803987065431535 19.796787959350475 19.790761516604288 19.78599476961769 19.782423591872035 19.779885329256867 19.778172497058637 19.777075900054932 19.776412138060913 19.77603598369693 19.775841376246937 19.775755756352773 19.775731863939143 19.77573979696355 19.775760754201038 19.775782825389964 19.775798548325866 19.775803673986232 19.775796560946883 19.775777751777348 19.775749477583958 19.775715024214936 19.775678028555806 19.775641834105752 19.775609025301847 19.77558120369002 19.77555899878996 19.775542251095096 19.775530279663773 19.77552215253108 19.775516904133987 19.775513675902204 19.775511782679427 19.7755107231305
