_RESULTS/REVERSE_NEW/MHZ/TZ/5comp/MHZ_TZ_z_355_kriged_reverse_5comp_spherical.asc
ncols 100
nrows 81
xllcorner 5.5967107548124995
yllcorner 50.982328804812504
cellsize 0.00017565037499993607
nodata_value 1.7014100000000001E+038
[rows 40 to 59 of 81, columns 0 to 43 of 100]
10.572619342597351 10.276230362699339 9.876636481480299 9.454851402190764 9.040127875617959 8.64944146091855 8.296357522449698 7.995206979333153 7.764950565280506 7.625635532315532 7.585028101010101 7.629374028776603 7.736922281856402 7.888093218344533 8.064215054384258 8.25675793854389 8.456103428961422 8.659369546872806 8.868524680014604 9.10317828376517 9.362199423593452 9.647073072173413 9.95664063419416 10.28727988519855 10.633943246545432 10.989923264191042 11.347237858508013 11.719423749002049 12.109500897627006 12.507659387880537 12.877419324423576 13.166902383322872 13.3661095393387 13.440869862378484 13.334734024922678 12.991498416228039 12.434068472457486 11.734243484916112 10.967478232330402 10.187568204134505 9.43122876560125 8.724763059754961 8.10683418605054 7.60238115191315
10.372056149352273 10.102460546612454 9.742013057105039 9.33848402360073 8.926256886868051 8.525741111662256 8.150547311500839 7.816672675535295 7.550496063877536 7.393393545016309 7.368368993687464 7.443975729790318 7.579316632003875 7.751134164157887 7.944031614760659 8.148502663956172 8.363278750864959 8.589709716227443 8.820310442453355 9.082837807515494 9.376879246060373 9.695627351348108 10.033397505079332 10.384636861443187 10.743143274369805 11.101524080814887 11.450990430553002 11.801929298352205 12.162164290207977 12.516321098404914 12.805564324736393 13.001444423018926 13.086461152215268 13.036473173167696 12.833363185527402 12.442515258683574 11.876156465914896 11.186027935835527 10.432140208012026 9.66478388381238 8.921936347767522 8.24398786376063 7.6793440191449704 7.2300331137638425
10.195186827291538 9.938700871893573 9.60472681157998 9.219985323026359 8.817995237828267 8.415849645137136 8.025578116757275 7.659322600663167 7.33957637061813 7.14404590114577 7.162382657349475 7.287369043648025 7.451321092161605 7.63835043715313 7.844284459397288 8.061415072021056 8.297428593696186 8.566526128451862 8.83831122325574 9.131143183343603 9.453027481171734 9.795628943856972 10.151603014508877 10.51412684582341 10.87667445816227 11.231849269479527 11.570836070024814 11.899549780517294 12.228064045554847 12.525618081035352 12.732081233557874 12.831877938055616 12.812983807849953 12.66764784721589 12.389640805078162 11.948763171466757 11.357151131621796 10.662333644444791 9.913881134353296 9.156659667838758 8.431679482473108 7.803523939147908 7.292115043035899 6.897946405038541
10.044180876368582 9.799176469521178 9.485986425631149 9.121585762872899 8.73440760216126 8.340362693024774 7.9499549899234925 7.571373383079623 7.21059332775886 6.893204071972556 7.040533778733633 7.202081141760915 7.379049071075065 7.572086826855388 7.781607236902863 8.021945934740907 8.300532514964553 8.613649694567282 8.926327277430156 9.242246772216225 9.583475163285602 9.941142430843016 10.307213471924284 10.674400398048437 11.035553998752674 11.382971987586858 11.70764199912688 12.014158571459916 12.312744087552401 12.550249661897194 12.68237644758543 12.695228251588498 12.579712910948684 12.336170825682213 11.974809975844405 11.486772879175552 10.873260223695722 10.170765788848446 9.423648091130675 8.672893553560488 7.98425998094289 7.403706450788998 6.938298571301986 6.59156035708712
9.919425872871763 9.687881074061119 9.39459466409212 9.054046067180865 8.685992454303538 8.310181539860007 7.938760218376016 7.584994565946223 7.272624522085959 7.0797822492651985 7.096195995639008 7.217229905320472 7.376857773611118 7.56317216641208 7.791455542384066 8.060342139315946 8.376420071273701 8.726189101263351 9.075754577613619 9.412726745856695 9.76476200190708 10.12871309969591 10.496412620143518 10.860558920009584 11.214041490331592 11.549252239129387 11.857316979388246 12.143854976914216 12.413652492215089 12.600169851724239 12.67085843771551 12.608072979336438 12.403007793536906 12.063544337806334 11.609781755512875 11.046085968003904 10.396537031813924 9.68467735850012 8.937545890342905 8.204236365119542 7.560718930688683 7.020942425646309 6.593143504386026 6.286510926910414
9.821363267459057 9.605429800822955 9.332820805534523 9.01754823551934 8.673946322360745 8.32313803054842 7.982885672015559 7.671812875999796 7.418733379703872 7.266588315848202 7.239718092146849 7.30882323059702 7.438586342254368 7.631542781312281 7.878019074773905 8.171353633494029 8.516991903673842 8.893723888585871 9.273753175249277 9.633685654269724 9.987350855205888 10.348195359399481 10.70881310081563 11.062529771017768 11.402645066962208 11.721897932697441 12.011879232461064 12.281859549327413 12.526885680234374 12.67781005116204 12.705185563649998 12.581462134694899 12.291939824637861 11.854309228256716 11.299582101212845 10.655419186443538 9.947418593631003 9.212075041740816 8.46691493544415 7.770992629929517 7.169724248582936 6.66387379981207 6.26347908796684 5.985171940567369
9.754187541639833 9.556110101627743 9.304327961509992 9.01322299758116 8.697083940444692 8.373412411927092 8.065734344452217 7.793490493752267 7.5790824969865 7.445099855377359 7.401433440403118 7.437981008332987 7.559551283713349 7.7569323809589505 8.015862475128657 8.331315924117423 8.704193853782986 9.103906343002409 9.507975823201097 9.88908376538798 10.240216955183191 10.587777914416728 10.932417323747243 11.26853894663092 11.589879853187913 11.889469258572108 12.159956726472181 12.415791543662694 12.641970369099734 12.774217176315151 12.783539029547544 12.622157586762539 12.249576683440145 11.700434116159917 11.040340550364151 10.316569122396098 9.552649436345058 8.781369484068787 8.042065786753401 7.391176795454688 6.830518107292092 6.3530321165501125 5.9677443629894595 5.6971370813727775
9.71474105604624 9.537400277212747 9.305295886895328 9.035138761025687 8.74397050739517 8.448953442237993 8.169416592907282 7.927028305234642 7.734265751324833 7.597205077348369 7.5261260419630345 7.542420226048158 7.655218866271038 7.850945097489379 8.117437158147194 8.452207833761955 8.84729812077684 9.275839885932305 9.71472452481713 10.12888510817841 10.499131189740751 10.833594603702627 11.153928974155674 11.465830276131266 11.763305723981595 12.03915971521459 12.288178386636346 12.528680283573463 12.73811492859551 12.861661613941589 12.8806133800902 12.731699498336043 12.26117591097502 11.576983485481783 10.818832413719754 10.029358828260012 9.224787862827744 8.426865157158057 7.68926641614823 7.08223017005226 6.565085528475745 6.117279834383084 5.741412368593772 5.452338647112806
9.697302995972596 9.544585234971976 9.326956092060913 9.07176836264468 8.801770682326472 8.53344267771359 8.276378497524558 8.032196012339222 7.822910734701181 7.663743301822137 7.5730853422265305 7.583785650533582 7.691100489576104 7.885523472896241 8.157618368446776 8.503876517470378 8.912437071047256 9.3673595430357 9.841635028108334 10.279808293842272 10.667671006581077 11.01727992808447 11.342209208173305 11.641837001316249 11.911262361420077 12.15907749905877 12.384088009687272 12.603529634898791 12.789742934908062 12.893094356189765 12.905492921345502 12.811836473662733 12.218409448774684 11.436840549826801 10.622829839077784 9.795218161358482 8.968723388321811 8.157283789943623 7.434530071940296 6.8581099751040915 6.393014637526079 5.988182122455818 5.639863759541903 5.34482502592625
9.688134302398657 9.571678038774607 9.35192017738251 9.107178050295625 8.85728766724665 8.59347753636553 8.320783094948611 8.059538247112249 7.829081772360369 7.6470208528420445 7.5516177508929125 7.557988862881207 7.660848779310675 7.853424008562423 8.127838842949517 8.471416770248135 8.884076566334628 9.356484259482261 9.87618191348387 10.317668920986879 10.708771393231288 11.081954566336675 11.424882870332038 11.74053997147673 12.018775783445825 12.242253099042635 12.441534910356925 12.63226147762191 12.784543844920874 12.843712753705585 12.784088791761464 12.533538073481088 11.99139092256388 11.251438697389053 10.439822242959476 9.60658507914724 8.778194363525285 7.970746651074078 7.273817187275691 6.7291150431261455 6.315127247365313 5.969336654320459 5.683179541510808 5.472320776918246
9.640130957308417 9.541362984884945 9.345097923809666 9.122013664223227 8.863009758287266 8.577885149935339 8.287092613813094 8.009310002598093 7.76062491130762 7.563994490728075 7.4649545574797695 7.466184579761009 7.563843072354613 7.75285772704141 8.017789120887343 8.349267270270657 8.752777654594226 9.21736394667445 9.718041650020226 10.182790751999773 10.605841438262464 11.00965549115942 11.387804677868722 11.727242662970653 12.02513062268872 12.269806903225108 12.460143576337535 12.617750731722408 12.73134134265611 12.736309892428704 12.597263589669708 12.273922187681585 11.744829808264338 11.054429207124013 10.275602694957067 9.462271666044922 8.649388605057204 7.862916766267651 7.19169692039367 6.671901818583175 6.297932842927969 6.0242549071056075 5.825674375215097 5.731409869540817
9.548733478443234 9.454228164115612 9.2986177806433 9.07229528971722 8.79482861410348 8.491433094212763 8.183191416682648 7.8883194704285735 7.622176127398725 7.422447099929823 7.319286246303023 7.313408939076832 7.404020105623155 7.579866461940182 7.827591513358538 8.141154116192553 8.525865371245681 8.969008709970936 9.446843570964504 9.921793988151114 10.376375430382783 10.811666231955739 11.223338131884777 11.600422101808201 11.926924296735091 12.200092867748115 12.421320679687577 12.565414896916824 12.631591039452102 12.579111584363076 12.383494082529227 12.02731919165325 11.510758083739555 10.863295832489325 10.131342811251535 9.358909277908516 8.576308135950077 7.80596233819682 7.154841744514393 6.661916825447942 6.32750696680667 6.12358282525701 6.010227360140178 6.008943021996893
9.451220460368068 9.368893194698698 9.20376261846175 8.960570151211394 8.666612694487968 8.346411083960541 8.02114696098871 7.708903387837494 7.427337302962861 7.22476299330569 7.117405581997639 7.105557292765305 7.181077367639278 7.336080156580898 7.5644481276563145 7.858093411584946 8.221251072200417 8.64394625297849 9.107311754868935 9.583123233600608 10.053708682593118 10.511448055371556 10.949400242587254 11.3576423834325 11.72363004557034 12.033879179633642 12.26552306082832 12.405691101108072 12.431092442622399 12.331255140272463 12.100664318067086 11.73372406022923 11.237406547869124 10.634558581673701 9.958761715374989 9.238434906458375 8.494480248506795 7.762501947575751 7.1469783472156125 6.685857313886107 6.387212361598882 6.240683564269898 6.198944591574515 6.266421015163752
9.358127617956999 9.262512537758354 9.070791864434797 8.80721427359181 8.495552797858792 8.158222678332043 7.815603871290048 7.485442248854074 7.190779314079197 6.981139390205507 6.86435200819316 6.835238729466889 6.890691552958921 7.026619475361982 7.236982412882048 7.513271463744029 7.856572913470691 8.262566575836482 8.71484675006479 9.18804795366891 9.6653004046773 10.13504725067363 10.587875769936291 11.005609831118273 11.377785566428608 11.698974051862923 11.948360929874616 12.099136278466338 12.12864111571331 12.005130601192798 11.758040391989862 11.395515280656282 10.927270017707562 10.372481085798588 9.748954884660991 9.07445516473119 8.37832182137431 7.694376025848587 7.123330491206822 6.710351473242351 6.458899392808417 6.358627496645417 6.369071010581149 6.473284321780165
9.261733571634073 9.133479923183382 8.915279918269272 8.629405623561063 8.298483897302262 7.942987290849768 7.582163136292578 7.233203561918726 6.924779194511853 6.699314532248453 6.560072449461842 6.50727639860382 6.5396271240994 6.654375683515014 6.846863854476407 7.109720196662192 7.437809517119261 7.832141826251727 8.276335120187364 8.745954466554563 9.223695722218558 9.69356307348785 10.125091951898895 10.51500088836368 10.876367738739251 11.207410115155625 11.478361298054638 11.65292670117844 11.706906344360196 11.612006243651111 11.366073302472028 11.019321022204293 10.585609434093495 10.076145019729253 9.496809861378608 8.873985831170394 8.232445919488105 7.602910060952488 7.0764250558259425 6.705355770548861 6.494611768461897 6.434795823658876 6.483886128804718 6.608475304857212
9.15134766524781 8.993374759548747 8.750369864173603 8.44184680761402 8.090772856962737 7.71619274962939 7.335551518449726 6.9630810998899655 6.631103310270703 6.380413305423806 6.214483068960124 6.134468481631316 6.1405052720871245 6.231647168796775 6.405136622971272 6.655271085240303 6.973310426006576 7.359338506889467 7.797656319860626 8.265108290886609 8.739316607197503 9.178908727298463 9.570482694016595 9.91988945407252 10.25299411762164 10.594539923019033 10.895387407796814 11.096395441214648 11.174806544348764 11.120493290005392 10.905786001969137 10.590188160991291 10.199221284967079 9.730271473874968 9.200414187727024 8.63226149018906 8.04706586324529 7.4722662664434125 6.980262766231861 6.638627128539089 6.455351016099795 6.424583187648011 6.514803257901779 6.66915811168462
9.036713122535568 8.852280289043104 8.58603614105706 8.254969840884332 7.881014699620407 7.482320691730794 7.075359976818843 6.67538643886108 6.317033184621229 6.038039288043948 5.841926361200711 5.73095001890222 5.707063268495856 5.771736797856749 5.924815976739646 6.162755168903165 6.476989524268668 6.8586551474368385 7.294922296713439 7.7612379969720715 8.210988733475663 8.62177959076522 8.98133781591618 9.281778751429204 9.54207738893512 9.911057653064214 10.252095064517167 10.473317905378847 10.569286939838095 10.541505619174217 10.376564044409676 10.093423984372835 9.736412557104634 9.310085760665414 8.83208822330936 8.31942606249637 7.79217218843463 7.275534809452272 6.819368196613394 6.504870317223436 6.344947920679724 6.33635179263562 6.452785038767623 6.6370687095613725
8.907547949593337 8.70017456877155 8.412256385368433 8.059934886832465 7.662851222649883 7.240673016044914 6.809274292961301 6.383501739360761 5.997240084037164 5.687370229513668 5.457766430342489 5.311837063511811 5.253740280475654 5.288207085965855 5.41878970460645 5.644873744846145 5.958973854970252 6.343784788253169 6.782591184476246 7.233318301340814 7.667227069016118 8.065219657013651 8.410218072530611 8.695511623704139 8.938370356311975 9.285742594713762 9.611115715574888 9.825436344054022 9.924106874402497 9.910050919999385 9.785448438640534 9.536880784640624 9.210990641212211 8.827759362962633 8.401336038973408 7.944288561847035 7.476209723208867 7.0193560355750595 6.604629234737952 6.314505261384213 6.17358278058014 6.1815141833316245 6.31424161665235 6.516853134206868
8.762519776158598 8.535086938664618 8.230076932727947 7.861135360815169 7.4454400710870825 7.003068767261711 6.5502495326016845 6.101315646678831 5.686628864290608 5.344184225658716 5.078270250411194 4.893224407509078 4.795646234274238 4.794673726712945 4.899524212799205 5.114035590065729 5.431080010965623 5.827707494565548 6.264770689511822 6.709342853278801 7.13875208391155 7.532363978311209 7.878955543672511 8.1796100016974 8.457067782462925 8.742178151237349 8.999903243152144 9.18023496052641 9.265599000764867 9.254118499620406 9.14857500712726 8.932758988592605 8.637763831653546 8.297370107170988 7.9206059000966045 7.519279995674472 7.1107452112412775 6.714319858689921 6.350085956815361 6.081680302668004 5.955559882963907 5.974228245282616 6.114478905549358 6.323915305556128
8.62466918216648 8.372430235798141 8.04849255838027 7.666115548541906 7.238113137101804 6.780089421624061 6.309993424481075 5.841683043323602 5.399963217033778 5.024663903268558 4.720738267943587 4.49268804602175 4.349177093274814 4.305025434285189 4.378846242479801 4.5824747578761125 4.907644137600189 5.322630014662829 5.7695304259502675 6.215978668725108 6.64446522813078 7.036748549605816 7.38508985154176 7.690477508390605 7.962582751378392 8.207465031217714 8.41096143969682 8.550304682223944 8.61216179744489 8.593483757427274 8.493365182973491 8.295407921616992 8.030459173412485 7.731110322519272 7.4029278908320935 7.057222069737707 6.708237762322937 6.3724691493486185 6.067172855123822 5.823464984787603 5.7085769268433335 5.73233458662916 5.870245764255699 6.075202180864628
