_RESULTS/REVERSE_NEW/MHZ/TZ/5comp/MHZ_TZ_z_250_kriged_reverse_5comp.asc
ncols 100
nrows 81
xllcorner 5.5967107547500001
yllcorner 50.982328804750004
cellsize 0.00017565049999994641
nodata_value 1.7014100000000001E+038
[rows 19 to 37 of 81, columns 43 to 85 of 100]
18.366444226226545 18.521294699272275 18.630179625631897 18.690143705374226 18.702197804569114 18.667754895577357 18.586445840183373 18.45562852086574 18.271374268688508 18.030500325928518 17.733134450598328 17.385213626951675 17.000240625230305 16.59965677366137 16.21143584026155 15.866957075081178 15.596733325559994 15.425934674921624 15.370698048153947 15.435954849109839 15.615095102927029 15.89138088106265 16.240696322709606 16.634993200769024 17.045701416805677 17.44647736659219 17.814941080015306 18.133385055638257 18.388680536982115 18.571701063858388 18.676588506516055 18.700219143099932 18.64233097182061 18.5068076178682 18.304262944165213 18.055084336230173 17.79074318290278 17.550577276365566 17.372807486741632 17.282364598657455 17.281746224502402 17.351072578316863 17.458494934576933
18.441282551136176 18.581649770761416 18.676019970916737 18.721236494755225 18.718458959308382 18.66956910733941 18.57494005567634 18.4329299399239 18.24084102447255 17.99683291017873 17.70222220110343 17.36358798696964 16.994109771745812 16.613660910821284 16.247426126180862 15.923181989286125 15.66775755645205 15.503427305500514 15.444985110042964 15.49802638138235 15.65863640459248 15.914364139433356 16.24612168522177 16.630523814366015 17.042194099637985 17.455711547584247 17.84708911427315 18.1948523208601 18.4808414713015 18.690810144069182 18.814842688280002 18.84768014414639 18.78923270780098 18.6456790049932 18.43127393501068 18.1700932354219 17.89577132520705 17.64695467304594 17.457955018139607 17.34776483483727 17.313611063501895 17.334208033351768 17.382116145245014
18.520901800634814 18.645636417721047 18.72462003244533 18.75429284230772 18.73585988088641 18.671703276621965 18.563107375402684 18.409724380874213 18.210481999542722 17.96533082597561 17.677196842146067 17.35357469941112 17.007313993809667 16.656333558231257 16.322251499004707 16.028184947963283 15.79616553103885 15.644672664647569 15.586705139638113 15.628638885158658 15.769914867697777 16.00341592269536 16.316270533501164 16.690809528441168 17.10551459368807 17.5359855107853 17.956103376296973 18.339569578173567 18.66183198015153 18.902169972303838 19.045571650372906 19.084132044045948 19.018001680829567 18.856174400571977 18.617256479029827 18.32961517458734 18.02935171878701 17.754473331811152 17.535518399060713 17.386259588055257 17.30029873951255 17.257334747861336 17.23668214783779
18.59977779122938 18.70873954582303 18.77245050642326 18.78677003802054 18.75279202209915 18.673319082350982 18.550570751434982 18.385629833555647 18.17929486443996 17.933641220161224 17.65357796558589 17.34784524165126 17.029140713709946 16.71335699410061 16.418185427614873 16.161491817478076 15.959838430406354 15.827359469930432 15.775009029124359 15.810081161561959 15.935859590907503 16.151252739846544 16.450301326264523 16.821550417881536 17.24747442990585 17.704358905671434 18.163126720712448 18.591425108445087 18.9568783004465 19.23093999872179 19.392511395288114 19.430602519407305 19.345755910483746 19.150408203573758 18.86841427688457 18.53340753705296 18.184936531775513 17.861457102585078 17.591149699375684 17.38446711168541 17.233608119469928 17.121178832914786 17.034025709077145
18.674929812751177 18.7683815653469 18.817447559318936 18.817325050773196 18.76882027658182 18.674963434261755 18.538761512005987 18.362662837729413 18.149373590243936 17.90323808707015 17.631387454687598 17.344102336209236 17.05421457697304 16.775794445241726 16.52267783321549 16.307419103062937 16.140979717649547 16.033042791328604 15.99252567364906 16.027794413728415 16.146229058960188 16.353010204241272 16.649207852310862 17.029469804704508 17.479860886663246 17.976630362684435 18.486711800234005 18.970433644827867 19.386259788653312 19.69663984785999 19.873602875511853 19.902838609096666 19.7856215826944 19.538648622752895 19.19216612934304 18.78643249377758 18.366017990843343 17.971706579589522 17.631556308571437 17.355108750694505 17.13518634014424 16.958126717686113 16.81728172444494
18.746568646761766 18.824560844876622 18.8596399004282 18.846420666961315 18.78526512551949 18.67914091609319 18.531519872297594 18.345929920095692 18.126775781363687 17.880564445202367 17.616666048935784 17.347053778875242 17.084976282849055 16.843069846948392 16.63176763908837 16.458781560593117 16.32991368675858 16.250776023922622 16.22853882706942 16.27280363793706 16.395036489077306 16.60645970645675 16.914701859843507 17.3198219346229 17.810609389209866 18.362285511138452 18.936718906255102 19.48581810661963 19.957865790758444 20.30551964364294 20.493536532007113 20.504367899217208 20.34058254281288 20.024099033573894 19.59281817171096 19.095145624609316 18.582496365072902 18.100158942305182 17.678496184040114 17.32838936204353 17.044603028188003 16.81679909429406 16.642369869338403
18.81746539338441 18.87959399118935 18.90121986381509 18.87662698598995 18.805617061221625 18.690731992138197 18.535432665831028 18.343833605938308 18.12158220193962 17.87696783450985 17.621341964764213 17.36829800735445 17.13167964599159 16.92315727181763 16.75050245465492 16.617510670508317 16.52578808764646 16.477705569215725 16.479230252097672 16.541353653935627 16.6793524289681 16.90981201131953 17.245927994334963 17.692004008515486 18.238364056119828 18.858112559484834 19.507142329707584 20.12824976879151 20.65909523747002 21.042391107714 21.235780227274674 21.218933206597356 20.99642112927425 20.596283333770668 20.06513339077031 19.460773877716704 18.842993982911448 18.263442448981255 17.756796345484567 17.33692149305217 17.001034680566004 16.740857681200694 16.55473712719179
18.891513227297015 18.93728894984152 18.9462584976563 18.912724540335617 18.83583181689199 18.717277161507514 18.559918321403345 18.367799436665734 18.147148714379632 17.90741517203614 17.661413998129653 17.424052295882035 17.209801820388133 17.02984015621667 16.89020052848324 16.792016360558158 16.73404761433339 16.716580012075184 16.74508325415452 16.832039490719833 16.996008735487575 17.257884715085332 17.63504000488259 18.1345405931459 18.746916781762067 19.442182410994718 20.169751922342012 20.863298359449693 21.45027604505459 21.864168319098447 22.05635147040783 22.00452561580905 21.715929147154224 21.22522759494965 20.588162141232065 19.872387880300213 19.146727398700662 18.47014960540598 17.882776685828265 17.40230719261146 17.028330588472805 16.753161228332345 16.573347719822117
18.97251819427645 19.002256812134647 19.00047886091721 18.961803462265816 18.884570330872506 18.7691473738486 18.6171110430079 18.431668159500333 18.218832187038988 17.988434677740425 17.75407325922155 17.531514332379196 17.335795630004366 17.178067204400858 17.063639007020193 16.992404104353135 16.961809660272394 16.971337559608106 17.026672157358618 17.141754295394144 17.337657256123286 17.638241177037585 18.063416549468666 18.621402056658326 19.30168057240024 20.07054830982638 20.87109539746421 21.628797989523456 22.262418274067656 22.697974038986338 22.882167166737915 22.79178102258272 22.437075824349602 21.859082661168696 21.12202352916806 20.30263961534753 19.47815882393856 18.71456699329243 18.05744516396908 17.528375339358266 17.12896577373995 16.85105833546195 16.68772956316981
19.064061982812476 19.07990708921168 19.071360643564304 19.03342769395544 18.96333739780214 18.85953541894349 18.72155349240576 18.550923535094917 18.35259572994746 18.135978443864172 17.914769468604412 17.70516450532655 17.522747673483323 17.379155396797895 17.280027332702737 17.225444196406333 17.213026886551635 17.242619019860765 17.320646039967087 17.462240084324403 17.68997343433548 18.029132204230397 18.500430935115737 19.11169812443768 19.850401964236163 20.679052094429853 21.535420532668727 22.338817795592494 23.002050885798074 23.446542352308768 23.616612236744686 23.489250413100752 23.07750527031085 22.427438956589665 21.60978005009798 20.708177829262397 19.80623600014223 18.97534091456902 18.26544795143563 17.7013887596158 17.286386692695512 17.011455664443627 16.865913080989582
19.17034425725684 19.17699158683105 19.168390857653804 19.139637396663836 19.08627732685503 19.0040557825505 18.889572982953588 18.741785219524882 18.56374350389623 18.36373041173614 18.155050029935563 17.954136507008972 17.777331339849464 17.63742623971922 17.541470371442315 17.491037853551532 17.48515480494288 17.524850320277878 17.617449666208273 17.77867669003601 18.031344989644055 18.40051425746107 18.906022160018434 19.554009389824767 20.32942312094823 21.191608876185263 22.07494093743926 22.895681284606635 23.564557430389193 24.002249344513483 24.153533569945562 23.996615109831502 23.54632337060125 22.851217351068243 21.985216274576906 21.035400959859064 20.08853922489802 19.218762506424238 18.478480713926672 17.89464949217908 17.47173722022098 17.200243581527523 17.066672480326144
19.296958534704252 19.30188373641311 19.302840193226977 19.294304399103808 19.269225324998963 19.21960497886546 19.138041150038337 19.019931074719786 18.865643719176205 18.681845547655062 18.481310833603555 18.280960022511202 18.098516996497832 17.948871902474256 17.841613693081086 17.78092040344671 17.76806076512566 17.805576432617695 17.90136323562537 18.07075262795088 18.335323870847745 18.71823865810116 19.236965454923542 19.895046842444533 20.674963035354953 21.534210966427533 22.406462757660286 23.208850807828004 23.8546618864067 24.268300673352798 24.398118228389322 24.224306195703775 23.7617185482155 23.05784245711628 22.18542387381825 21.23059983850117 20.27938165360774 19.40544265139142 18.66131468716302 18.07471228788343 17.651015252246758 17.38092640370395 17.249837877318722
19.45041144874675 19.463686212169996 19.48640667580345 19.51135715518359 19.527622779489825 19.522110532694757 19.482113999381166 19.39838456405391 19.26790284680751 19.09551466756632 18.89380148347826 18.680992845146893 18.477362494368542 18.30120936811989 18.165883658754463 18.079071639129182 18.04468340213548 18.06655391503794 18.15230590339139 18.315525623894967 18.57492733651772 18.950184421334278 19.45520623098017 20.09050119659147 20.83670056767357 21.65131708865518 22.47044794165804 23.216266004059417 23.809335653835433 24.18222752795923 24.28988181522108 24.11500499985812 23.670295051447262 22.998085237128567 22.165135182436543 21.251974800563648 20.339820064026437 19.498677978009045 18.778899643673373 18.207613130936632 17.790802067916044 17.52017513138572 17.38189167159512
19.63601288531216 19.669869253121025 19.728514831039938 19.801720931833064 19.873150484434227 19.922975117442217 19.931657408249453 19.8841238592471 19.77336331828729 19.60252349769005 19.38485291866142 19.141338447720592 18.896559631322397 18.673942438746447 18.49194860176936 18.362509006563737 18.292177614506734 18.28536719186145 18.34813064063584 18.49066289074257 18.727115670960828 19.072256347505448 19.535620217116573 20.114736788613087 20.78948188168806 21.51954800033339 22.246556825969346 22.901449430480827 23.415985929322503 23.734449749298584 23.820765915314734 23.66053346395322 23.262315861281614 22.659548104258114 21.908565425659397 21.08004244749392 20.2468160433893 19.472468786846964 18.80323762575996 18.26453246743296 17.862649813933075 17.590934100165285 17.43787569900436
19.854879272436033 19.92301408557404 20.032728552194197 20.169348803124663 20.309384154049788 20.42443912259897 20.486473435560708 20.473382700174454 20.37371015619053 20.189376196470892 19.935671154072967 19.63838161544403 19.32870038423655 19.03728723918598 18.78921160188985 18.601276115717624 18.48237615382773 18.436397288015222 18.4661790419227 18.576680850214505 18.775805096416246 19.07221834871336 19.470647442419722 19.966125051147316 20.539178105792104 21.15385666212403 21.759948007821357 22.29984299927641 22.718818861132387 22.974642030254632 23.041388280909448 22.907836967570294 22.577374022042136 22.07212841255606 21.4348381206877 20.7231537382489 19.998867504415134 19.317139407421468 18.71872353485291 18.22648989713363 17.84675422061306 17.574788394843395 17.402344171796578
20.10135534245556 20.21777582041758 20.393247678054884 20.607225536384174 20.82731089033786 21.014678320642076 21.131119033265282 21.14638730893432 21.044351150629783 20.826535521012072 20.51211238655157 20.134209787826958 19.733387367232716 19.349958346588323 19.01722454314941 18.757424108517853 18.581277024341635 18.49075317955261 18.483582886708593 18.557513657376486 18.712549472114368 18.95026354031516 19.27044043981843 19.666375420770468 20.12074617713465 20.603878319081982 21.075613089868046 21.491132050865495 21.809614030742676 22.001839149594403 22.05148800792456 21.950572234601633 21.697604056860673 21.30308871809988 20.794984148071237 20.216348749459538 19.61650931136546 19.04115207590633 18.52483830118142 18.08741889235761 17.734915537229018 17.46440821258397 17.27106742256927
20.361866376224945 20.539117821695726 20.792584536171628 21.094517018251782 21.401989582365815 21.66404954231999 21.830860036325426 21.863185085185954 21.74031001341776 21.46456561394687 21.061228596124135 20.57366372556371 20.054835095781094 19.557315775849997 19.124336744516693 18.784085763391232 18.548433573306855 18.415827557938382 18.376784620941077 18.41973683991162 18.5351355536557 18.716572468829916 18.958899092061408 19.25449570217396 19.589533543013363 19.94203401312148 20.28288557740089 20.580125030924865 20.80559305157501 20.940737984566447 20.97663929919981 20.908032604690394 20.729898491018776 20.442921785140076 20.061368532879317 19.614034189761313 19.137809402888223 18.668919222002348 18.235738574387693 17.85499041093637 17.532091395265866 17.265425498671775 17.05298730901199
20.61544656217171 20.86238286218168 21.20128045921799 21.596020507811232 21.991814882890186 22.324252798311832 22.53083050991984 22.562915420774956 22.395725914502503 22.033958686402883 21.511477652663277 20.88493038913297 20.222789007767712 19.592512926333367 19.04895157045175 18.626702856053594 18.33798774181471 18.175929697460983 18.121512001267458 18.15157081982453 18.245248857566388 18.387227121464267 18.56738446600624 18.777849006781036 19.009253154068873 19.24808020967872 19.476357815657458 19.67405339538938 19.82354022782042 19.91378547333086 19.940188841804055 19.89900280323476 19.783178313907936 19.58667102705378 19.313047538602255 18.9790312127572 18.6106146129642 18.23568983416939 17.877205553759925 17.549062421569662 17.255842381224323 16.99647450286047 16.77059767165794
20.835578049518706 21.155240170863056 21.580099543479633 22.06475146454642 22.541623763591453 22.932054692162957 23.160439937632905 23.168935196703718 22.929689114658412 22.45161253269638 21.77969797962618 20.986790528448278 20.159764240359017 19.383431427288333 18.725889449150227 18.22858676087152 17.903216674820484 17.73560310474216 17.694638224068644 17.743043106889182 17.84669382954901 17.980254119261307 18.12837943188322 18.28328719363466 18.440549257810204 18.595212754963462 18.7397790500712 18.864588397031053 18.960210739774833 19.02025562319589 19.041606330202818 19.020496118777043 18.948799211196366 18.816934912506024 18.621753663142098 18.371499825560726 18.08412221478798 17.781332641102544 17.482125261299363 17.19831641894433 16.933609184912022 16.686667926227585 16.45729265727744
