_RESULTS/CROSS_VALIDATION_POSTPROCESSED_CLR/Berg/TZ/9comp/3/Berg_TZ_z_250_kriged_reverse_9comp_spherical_3.asc
ncols 100
nrows 90
xllcorner 5.6208707817415728
yllcorner 50.959635321741573
cellsize 0.00013419651685393446
nodata_value 1.7014100000000001E+038
[rows 57 to 75 of 90, columns 0 to 43 of 100]
2.6975326136772937 2.68732053062803 2.6915066389213784 2.7095384323721783 2.740160361171105 2.7816898171025874 2.832246006362526 2.8898919050196605 2.952695981346203 3.0187417435104327 3.086113995091905 3.152882138051446 3.2170909143214943 3.2752918830569673 3.3207148038160716 3.3550491636885917 3.3780299846767505 3.388636563853108 3.3937670522693106 3.3981528218956014 3.4018370324657377 3.4048754749686774 3.4078776222276317 3.4152877567942825 3.4285258355714543 3.4479760989725876 3.4736974441531743 3.5052832053766343 3.5400285740953192 3.575635249183623 3.610941649014202 3.642666724879022 3.66705676749054 3.6820757522707046 3.6885814312589766 3.6889660932172754 3.68534867121297 3.6789912575678416 3.670436261536984 3.6597415502652892 3.6466362874573734 3.630598671614101 3.6122167211155567 3.5820726525219007
2.8362715368391953 2.829427331003931 2.8343433088095296 2.8507415080712835 2.8777589475838683 2.914117466574993 2.9582816955760975 3.0085753474105847 3.0632108101162503 3.1203069738705276 3.178199153393539 3.2351433156840756 3.2892815282098318 3.338645614991248 3.37946774435279 3.408488713525743 3.4260050442176126 3.4332776924484447 3.438583890600005 3.442721083324837 3.4456617531213647 3.4479175995279694 3.4532843863135554 3.462955117993848 3.477349092772434 3.4966533676429066 3.520744708063485 3.549099769114024 3.580636491678371 3.612186187319245 3.6421629691892594 3.6685678015134315 3.68914284161916 3.7026171776806813 3.709125629694305 3.709755038764889 3.705753757310761 3.6980480675251077 3.6871257176004093 3.673085080324111 3.655710356882189 3.63743614354402 3.6209772033511003 3.593201124343204
2.9613883296058257 2.957903427954773 2.963882955676867 2.979214898737642 3.0032895797892794 3.0344657917272713 3.0713891998679816 3.1130512575352487 3.1582571142858735 3.2056550058992013 3.253749545070889 3.3009073531776085 3.3453616124843317 3.3852194096844097 3.4184732675088205 3.4433354346330005 3.456740397328079 3.464572207187505 3.4698992276535456 3.4733864030258763 3.4760574310446537 3.4809847687206283 3.488893929840607 3.5002179031634393 3.5152224967447885 3.5339521401889176 3.5561700257516997 3.581296262322227 3.6083530683205485 3.635920663340894 3.661800473943598 3.6841832047133263 3.7015832007436655 3.7130950650400445 3.7185747351007086 3.718464112155477 3.713423816772813 3.7040254893433078 3.690600113983319 3.6732022092124605 3.6543366946675007 3.6375362710020616 3.622882478361912 3.5989916988167105
3.0712831604343807 3.071113512618643 3.078306279840771 3.091519669819972 3.1102497357088907 3.1343080848894527 3.163190679774338 3.196134022131084 3.232156810659329 3.2700867894686203 3.3085764706236946 3.346112856613485 3.381025837682004 3.411498485248879 3.435580761261486 3.451840169408916 3.4645410884577106 3.4755396023014242 3.483706222992457 3.490394728408806 3.4966917182384534 3.504393789572085 3.5143503107210607 3.5268740498334803 3.5421169867987534 3.5600286633194216 3.5802624792149427 3.6022425780817358 3.62523357937539 3.648071898020631 3.669639168440576 3.6887842339108654 3.7033973651203875 3.7127617803660478 3.7166176060997276 3.715071009718292 3.708411629455626 3.696926930317496 3.680842542426156 3.6633797863710016 3.6468045567414253 3.6316308771709327 3.618167847158052 3.5994255264158923
3.1644350695249193 3.166392684389308 3.1714772614600486 3.1803582010185973 3.1934011838788114 3.2106305440569023 3.2317692473534105 3.2562757683346284 3.283373044549746 3.312068528666404 3.341167278797943 3.3692814980081245 3.394840034504032 3.416100492138096 3.431165278704756 3.439988578449634 3.4502286024132323 3.4635251230831434 3.4781913953289685 3.492220204695173 3.5054516608192166 3.517635890610178 3.528707649303509 3.540193048661795 3.5529590904045962 3.567503083768332 3.58398377954812 3.602188157913093 3.6215187643819555 3.641013914107035 3.6595115747283833 3.6765796659311647 3.690845054162329 3.6999956657714153 3.7026980760304973 3.6992427578166107 3.6905121637616616 3.6773547600443757 3.662910802144694 3.648197938014311 3.633864040995872 3.620393850521339 3.6081090446879687 3.594198523373222
3.2419134654556028 3.2392373593888575 3.2398814898985604 3.2441409630167364 3.251634262293189 3.262221506439187 3.2758268352904256 3.292113864754295 3.310502016060081 3.330177391456598 3.350099768952694 3.369008626858978 3.385431345377441 3.3976959999382785 3.4052940810626815 3.4137583064334853 3.4244231023362457 3.4391626359997827 3.4571732862043216 3.477379023007398 3.4955680046098165 3.5098614959606347 3.520761588274785 3.528960167442725 3.537818668697935 3.5484909951945665 3.561197441081347 3.575816573912855 3.5918792768281658 3.6085899191918958 3.6248795590740275 3.6400685273081814 3.6534866427758463 3.6636657168976168 3.6691447229894956 3.6684168036866964 3.6623567467000853 3.6520983797297597 3.6404999450429125 3.6283271891557716 3.616150570225262 3.6044197591710487 3.5934276104383405 3.582675911011746
3.303011746251986 3.2950805962148646 3.2894262621776584 3.286476017108815 3.286433917907932 3.2892976112975085 3.2948764531223684 3.3028067172481803 3.3125612573721233 3.3234531951794 3.3346353910069944 3.3450989810407092 3.3536747015744424 3.3601286273007016 3.368760149450672 3.3797912173134455 3.3927011411663406 3.40896760528296 3.4273205877149273 3.444035618371599 3.4589900201423944 3.4721203702175827 3.483201209219522 3.491495369786277 3.497189012364166 3.5038151123843972 3.5127345274441923 3.5239302216588624 3.537054191955691 3.5514439562989804 3.5661638148583172 3.5801789457589224 3.593132483964308 3.604591172370725 3.6139324714449605 3.620331531088124 3.623018181873832 3.621241876604516 3.61411529110729 3.6039442886517596 3.593272357623079 3.582659524660892 3.5725484843855884 3.5631143971207977
3.3476272963539335 3.3343800383600954 3.3224294695266234 3.3123128823115153 3.3043853113046593 3.298828001435944 3.2956555488211805 3.294718385646939 3.2956988007696384 3.2981009862666393 3.3012380824110727 3.304221040569136 3.3076686907730446 3.3148839104355416 3.32566459639617 3.3394858719899148 3.3556257082103036 3.3700227901037274 3.3827866775157682 3.3943160213019548 3.4046234254319763 3.413684860845105 3.4214258714635037 3.4276985163102647 3.4322516118588347 3.4350756384543377 3.4399045563544064 3.4477615446940573 3.458392926517548 3.47133185481237 3.4859271248644874 3.501388156137277 3.51723524304696 3.5332389567625757 3.548389617358286 3.5616866033306933 3.572047744044756 3.5780653614636666 3.5789557733630812 3.57401057276704 3.5643726758957275 3.554663836801122 3.5455315880089975 3.5373479504884076
3.3757243558743246 3.357097104252431 3.338822053928835 3.3215369129114807 3.305736554459272 3.291776587271861 3.2798726135984673 3.2700917904176157 3.2623349824944006 3.2563106876261685 3.251609477580402 3.2506382532591593 3.2546562892547155 3.263461905744525 3.276621013278406 3.29320646715796 3.3073380567561528 3.317275371284844 3.3243591756102604 3.3306152287625275 3.336119971631712 3.3409011756660574 3.3449690977689697 3.3482884677935565 3.35074132911391 3.3520847461128045 3.3528397208795635 3.357347312470056 3.3660854414461996 3.378663978816081 3.394465155235647 3.4126835619906832 3.4323894884550694 3.453212247339623 3.4743707178217313 3.4940408473396376 3.5109178566217856 3.5241252153600775 3.5328147076184697 3.536158352940895 3.5333382164651375 3.5250098365516016 3.516907790395401 3.5100344414122167
3.387307633845125 3.363244222440419 3.338599621134537 3.314102591719255 3.290378821606047 3.2679530775534564 3.247243877784463 3.2285461325583675 3.2120039904307274 3.1992983770006482 3.1921758976432306 3.1910051443204663 3.1958475764186876 3.206450597316276 3.2219965166358744 3.2358411452475737 3.245671229866969 3.2517909801602465 3.25450887788609 3.2554237197650155 3.255961547570963 3.2562159279938947 3.2563052818346208 3.2563380420033123 3.25636526178961 3.2563246983971372 3.2559824623697997 3.257266102809953 3.2642683939753194 3.2767572564118925 3.2941189143970027 3.3154940974903555 3.3398362569717035 3.3658727710200465 3.3921230218186507 3.4175073714469275 3.4409475945507864 3.4614105065627134 3.477913794247705 3.4895224601497583 3.495339664695268 3.494495169480683 3.4879948625243533 3.4824287099043247
3.3824257216509452 3.3528909775605875 3.32183069809199 3.2900532085737533 3.25830501645983 3.2272756973478285 3.197907162904506 3.17209759691299 3.151089241094904 3.1359224328638895 3.1274013331446837 3.1259992999128885 3.1317957882253062 3.144425006687335 3.1574961787732585 3.1668868052280548 3.1727797739120485 3.175334446321575 3.174761048642309 3.1713693841916633 3.1667550402276112 3.1621818860380477 3.157903967362837 3.154210619011923 3.1513663520579174 3.1495369910053963 3.1487086068850774 3.1487694706630265 3.1541631749280703 3.166833562882238 3.186140726928379 3.211127780599687 3.240296995360098 3.2712060976692814 3.302640390056115 3.3340136167601306 3.364202389737165 3.392020236430392 3.416360842610913 3.43619575146501 3.4505636591354154 3.4585551492486397 3.459295932960927 3.455233871852616
3.361539348028798 3.326631092021351 3.28947745103306 3.2511427982230487 3.2127950263436666 3.1757102412906124 3.141263199622099 3.1108928827441265 3.0860317329022493 3.067992320897051 3.057820164606101 3.056143762656415 3.0630695793391087 3.074478891766889 3.083015036820841 3.0885368236121113 3.090979750787592 3.090304627013186 3.0865921538123455 3.080095203216773 3.071256692095761 3.0614856567560778 3.0523427820393696 3.0443464532445246 3.0380299896835457 3.0338497855565416 3.032073518158027 3.032666420092057 3.0369725460182866 3.0501141189091707 3.0718088479598924 3.1006559362780144 3.1339421132124667 3.170134211160243 3.2078204233182226 3.245662491226159 3.2828283596808343 3.318116896810066 3.3503090092129795 3.378299178084458 3.401080135654383 3.4177216166551063 3.4273466722456325 3.4291283983499725
3.335311854669923 3.2953947827450554 3.2530007530371887 3.209216475890341 3.165263698995936 3.1225198830316336 3.082526919688669 3.0469716109194396 3.0176148984242506 2.9961479680092395 2.983974394107891 2.981963085620502 2.9890215860555065 2.9959049829800226 3.0007307478582894 3.0031635097813156 3.002791918316667 2.999315686661972 2.992655863211073 2.9830036216595226 2.970829041701094 2.956864664670439 2.9423398224583464 2.9292927458189135 2.9187083574541517 2.911416018562963 2.90805236076653 2.90889439501119 2.9138870067154166 2.927829831424846 2.9522922082698946 2.984451434247587 3.0224236822745563 3.0645483096740445 3.1091122025807376 3.1544621369010537 3.1990817107278864 3.241951335557712 3.2819767494423377 3.3179967762910425 3.3489820977707336 3.3740056235679945 3.392210064778352 3.4025699922643864
3.30935902628561 3.264563341317458 3.2169707176175244 3.167661803417003 3.11788076585726 3.069077970733411 3.02294959231464 2.9814535637384663 2.9467626141485215 2.921099789422833 2.9064195743990497 2.903984463876051 2.907593184175166 2.9107834246827595 2.913014471111684 2.9133805030363025 2.910997134978079 2.9052412177560254 2.895856146366562 2.8829758022430783 2.867111641281296 2.8491255733911607 2.830192578862186 2.8117439826342965 2.7958546814809626 2.7844353756789797 2.7786167338627257 2.779103436287004 2.7859381470709934 2.8012241023708224 2.828076208440173 2.864210005091703 2.907742000019356 2.9565858629573034 3.0086572967580576 3.0620107110732158 3.114911200726685 3.165857978852416 3.213664422894307 3.2575068572899117 3.2963920033975977 3.329416255559734 3.355030173144268 3.371785051012921
3.2846985562680135 3.235272723753428 3.182649735569799 3.127867384261887 3.072144693777956 3.0169498181903553 2.964083484034431 2.915761044277115 2.87464068753513 2.843688051909689 2.825737265105841 2.821177769829338 2.820463136079887 2.821388176686945 2.8225306375638475 2.822135151188582 2.8187041123330254 2.8112566052371175 2.799372911705135 2.7831552949793044 2.7631771888760297 2.740445062135727 2.7163519145359 2.6924908720320353 2.6710252823408656 2.6543038194640345 2.6446946331673664 2.644017062976204 2.6527138383985234 2.6704283367714328 2.7005126715832675 2.7419372156105197 2.7921327808740712 2.8486348809229693 2.9089224939112177 2.9707318943420367 3.032125384449827 3.091489656267153 3.1475042993869105 3.199073202908205 3.2448693780022007 3.283884651638897 3.315124292521335 3.337614165419649
3.2623426477181003 3.2086830565017186 3.1513688110942866 3.0913542396988882 3.0297724421952146 2.9680238429214114 2.907907681559266 2.8518013947782936 2.8028511175178714 2.7650116475434254 2.7425642167319344 2.733235136647443 2.72963494739113 2.730347685006848 2.7324140834349393 2.7328412552645993 2.7294217017338713 2.720864245849394 2.7066625001384237 2.6869331117918533 2.6618404143169885 2.6324685059346704 2.6007359525170854 2.5690278407341576 2.540165854082902 2.5172724679539806 2.5034434041853117 2.501188920250616 2.5116669730526717 2.5327530776184117 2.5679384936373735 2.61710261130275 2.6766541534276085 2.742956332097502 2.812675752795334 2.8833575103484534 2.953296313957119 3.020618277536082 3.08383198862805 3.1417130849269714 3.1932441744869595 3.237557929974139 3.2738759723635784 3.301477703920401
3.243259076776095 3.1859341966309818 3.1244807717913345 3.0597350420364178 2.9926826764877967 2.9245513015218108 2.8569708324651706 2.7922494092213164 2.7338143256410574 2.686736253846487 2.6573068441309715 2.641687633632265 2.6374533638610522 2.641002624571711 2.64657841683226 2.6495476742647677 2.6471063739364435 2.6378674807896667 2.6206669726512386 2.5954187264395876 2.5632347763650802 2.5257070677682907 2.484946855982418 2.4436690786793367 2.4052738861941543 2.3738214941515765 2.3537149595484412 2.3488965010147136 2.3608962705771894 2.387380473760931 2.430053848048944 2.4892362509257 2.560072698355725 2.637991581249656 2.7190695501238484 2.8000722309004162 2.878361589541006 2.952565937872042 3.021932605223307 3.0853524100473826 3.141949603600144 3.1910227743660795 3.2319785722115064 3.2642479098221044
3.228319965834669 3.1680807514395366 3.103280149331442 3.034621650999698 2.962905184745763 2.8890980596614044 2.814474727082859 2.7409082238843556 2.671502818744208 2.611915625667736 2.5703189580081087 2.5480721546898004 2.5472474013080637 2.5582132423492188 2.570189947153673 2.577074171360734 2.5758126672282673 2.564147069246208 2.542147953905409 2.5106155346533416 2.470771170692104 2.424262367858386 2.373261348594677 2.320651896858136 2.2702902476246374 2.2272458820622023 2.197714014742256 2.1879906067350783 2.200480229007498 2.233868458952772 2.2869073206187727 2.358816001215588 2.4429713048112496 2.5337294903505807 2.626701703331519 2.718528393588457 2.806605595434502 2.888871356068476 2.963911694630788 3.0320227624870606 3.0927357446020367 3.1455499167212175 3.1901071303518362 3.226095361026487
3.218242323738318 3.1560102528757645 3.0888902608731232 3.0174710382709664 2.9423794511289043 2.864312124393754 2.7841038332646253 2.7028927545745285 2.6225795794260858 2.5473353738585542 2.4850358503131647 2.4542206991999014 2.465659400641343 2.489990713058643 2.510098840233249 2.520136927408415 2.517405112798895 2.502042743972802 2.4747436263770948 2.436504573248419 2.388586376604959 2.3325654713386728 2.270474498875781 2.2050701934013306 2.1402963631259504 2.0819831087083225 2.038523167860083 2.0199561537449613 2.0322267907921114 2.0750348572663038 2.142613928869351 2.2305846229636126 2.330089529921559 2.4346028968404267 2.5396225677250546 2.6419504656430806 2.7392022913157876 2.8295198902649377 2.9114142655538124 2.983768239680114 3.0474299082989766 3.1027429722391187 3.149629384440221 3.1881260879518716
