_RESULTS/CROSS_VALIDATION_POSTPROCESSED_CLR/MHZ/TZ/2comp/5/MHZ_TZ_z_125_kriged_reverse_2comp_spherical_5.asc
ncols 100
nrows 81
xllcorner 5.5967107548124995
yllcorner 50.982328804812504
cellsize 0.00017565037499993607
nodata_value 1.7014100000000001E+038
[rows 0 to 18 of 81, columns 43 to 85 of 100]
1.912696883973648 1.9175285905846393 1.923170796567317 1.9293330117361418 1.935742885969411 1.94215395522507 1.94834637902149 1.9541242742894827 1.9593118949873776 1.9637498061788754 1.9672915267369167 1.9698007659055927 1.9711492239581685 1.9713516697034026 1.9713516697034026 1.9713516697034026 1.9713516697034026 1.9713516697034026 1.9713516697034026 1.9713516697034026 1.9713516697034026 1.9713516697034026 1.9713516697034026 1.9713516697034026 1.9713516697034026 1.9713516697034026 1.9713516697034026 1.9713516697034026 1.9713516697034026 1.9713516697034026 1.9713516697034026 1.9713516697034026 1.9713516697034026 1.9713516697034026 1.9713516697034026 1.9713516697034026 1.9713516697034026 1.9713516697034026 1.9713516697034026 1.9713516697034026 1.9713516697034026 1.9713516697034026 1.9713516697034026
1.9018500065550556 1.9079282504020025 1.9146252938040438 1.9217872160367437 1.9291718353609473 1.9365139219548333 1.9435860926486999 1.9501914682368824 1.9561567612290665 1.9613265816374257 1.965559023285967 1.9687223405330128 1.9706924772940497 1.9713516697034026 1.9713516697034026 1.9713516697034026 1.9713516697034026 1.9713516697034026 1.9713516697034026 1.9713516697034026 1.9713516697034026 1.9713516697034026 1.9713516697034026 1.9713516697034026 1.9713516697034026 1.9713516697034026 1.9713516697034026 1.9713516697034026 1.9713516697034026 1.9713516697034026 1.9713516697034026 1.9713516697034026 1.9713516697034026 1.9713516697034026 1.9713516697034026 1.9711378153646284 1.9705630511846313 1.969877935114217 1.969284018464561 1.9689234791945225 1.968874000722142 1.9691458491212042 1.969681480151224
1.8892206666207663 1.8970988963501088 1.9056673696519788 1.9143699626887842 1.9228153065328302 1.931088763015393 1.9390174503186912 1.9464107976590932 1.9531033772915438 1.9589476722167791 1.9638089986420861 1.9675619589553899 1.9700879545954995 1.9712734275542758 1.9713516697034026 1.9713516697034026 1.9713516697034026 1.9713516697034026 1.9713516697034026 1.9713516697034026 1.9713516697034026 1.9713516697034026 1.9713516697034026 1.9713516697034026 1.9713516697034026 1.9713516697034026 1.9713516697034026 1.9713516697034026 1.9713516697034026 1.9713516697034026 1.9713516697034026 1.9713516697034026 1.971315617306049 1.970503346380266 1.9689174333564665 1.966928107521613 1.964868090664699 1.963022546693872 1.9616192076905696 1.960819589958626 1.960712253086109 1.9613089170252573 1.9625439381128063
1.8751573032045463 1.8850760623744809 1.8957002824300397 1.9064071006827805 1.9166873895750867 1.9261210483710158 1.934851590970519 1.9429659776009247 1.9503121429675672 1.9567538901691592 1.9621658745618709 1.9664303188045111 1.9694348232902985 1.9710708794559444 1.9713516697034026 1.9713516697034026 1.9713516697034026 1.9713516697034026 1.9713516697034026 1.9713516697034026 1.9713516697034026 1.9713516697034026 1.9713516697034026 1.9713516697034026 1.9713516697034026 1.9713516697034026 1.9713516697034026 1.9713516697034026 1.9713516697034026 1.9713516697034026 1.9713516697034026 1.9706020785616702 1.9684146011057604 1.965237862153859 1.9615085725543624 1.9576373463833916 1.9539972503858527 1.9509112400009303 1.9486394472011606 1.9473675998648199 1.9471979761676137 1.9481441353698647 1.9501302035799846
1.8602578646149228 1.8724706440803809 1.8852688349103326 1.898005986561177 1.910185926677881 1.9214010403538326 1.9312972545004836 1.9400332078479026 1.9479331107647695 1.9548743483655884 1.960741895695484 1.9654259673936265 1.968820408224391 1.9708216362718405 1.9713516697034026 1.9713516697034026 1.9713516697034026 1.9713516697034026 1.9713516697034026 1.9713516697034026 1.9713516697034026 1.9713516697034026 1.9713516697034026 1.9713516697034026 1.9713516697034026 1.9713516697034026 1.9713516697034026 1.9713516697034026 1.9713516697034026 1.9712624825846254 1.9695479699667535 1.9660266220737634 1.961193417750025 1.9555403785844923 1.9495481186998966 1.9436746774754168 1.9383417348388574 1.933918820826803 1.9307067505922868 1.928922087691666 1.928684742152574 1.9300106458684823 1.932810754282694
1.8453791024718398 1.8600586179661565 1.8750332525807927 1.8897221334463945 1.903687714589004 1.9165640684895602 1.9280253722778469 1.937770890360388 1.9460980266759003 1.9534203162145072 1.9596323697024722 1.9646315885472359 1.968317269865457 1.9705900336279665 1.9713516697034026 1.9713516697034026 1.9713516697034026 1.9713516697034026 1.9713516697034026 1.9713516697034026 1.9713516697034026 1.9713516697034026 1.9713516697034026 1.9713516697034026 1.9713516697034026 1.9713516697034026 1.9713516697034026 1.9713516697034026 1.9711385743777936 1.968744096658106 1.9640958961495887 1.9577140536005084 1.9501287238465352 1.9418745841854976 1.9334821090209924 1.9254650799002004 1.9183041333454296 1.9124268636670436 1.9081859856877823 1.9058380964214454 1.9055262576562941 1.9072695309177237 1.9109615413071321
1.8317473536381026 1.8487684089141836 1.8656986875050807 1.8821096282503196 1.8976450128906601 1.911983654679879 1.9248257741849297 1.9358868502993036 1.9449115491251283 1.9524787973476327 1.9589108983573063 1.9641104065806165 1.9679804517459696 1.9704245609756412 1.9713465429824397 1.9713516697034026 1.9713516697034026 1.9713516697034026 1.9713516697034026 1.9713516697034026 1.9713516697034026 1.9713516697034026 1.9713516697034026 1.9713516697034026 1.9713516697034026 1.9713516697034026 1.9713516697034026 1.9711751459651854 1.968539142615534 1.9631392304732163 1.9555022943353544 1.9461756744614847 1.9357254920275362 1.9247322278367551 1.9137823924860715 1.9034551216046185 1.894302899023331 1.8868265417581607 1.881446119208552 1.878471340319743 1.8780764238676146 1.8802846674689642 1.884966311431982
1.8208278946804541 1.8395188622692171 1.8579027115501705 1.8756507775423683 1.8924469285303158 1.9079881746825529 1.9219842326066727 1.9341564319200308 1.9442363348762393 1.9521067167122452 1.9586252010466285 1.9639031190786576 1.967845182580876 1.9703561086523143 1.971340618154169 1.9713516697034026 1.9713516697034026 1.9713516697034026 1.9713516697034026 1.9713516697034026 1.9713516697034026 1.9713516697034026 1.9713516697034026 1.9713516697034026 1.9713516697034026 1.9713516697034026 1.9713211159599042 1.9690142979739882 1.963393821961101 1.9549767191660667 1.944306498004654 1.9319552469096832 1.9185242013904582 1.9046415106219903 1.8909554817232517 1.8781212597773393 1.866779043227711 1.8575229793823111 1.8508621702746981 1.8471785336163133 1.8466894321599923 1.8494240730573621 1.8552202038904793
1.8135871081232013 1.8328878628460563 1.8520605840691748 1.8706786442688692 1.8883776139755912 1.904828479789957 1.919726531110681 1.9327852299812989 1.9437321391037632 1.952305944579929 1.95879416404571 1.9640257693855285 1.9679253060393525 1.97039678467051 1.9713443850612555 1.9713516697034026 1.9713516697034026 1.9713516697034026 1.9713516697034026 1.9713516697034026 1.9713516697034026 1.9713516697034026 1.9713516697034026 1.9713516697034026 1.9713516697034026 1.9713516697034026 1.969977101448303 1.964797541161889 1.9562343642720084 1.9448101001499534 1.9310796995582773 1.9156352163931663 1.899109588847232 1.882178048921956 1.865554836732991 1.8499819794055092 1.8362063733143963 1.8249421520301383 1.816818388735058 1.812319978106853 1.8118297611792167 1.8153766632536634 1.8226712638736315
1.8098112082924627 1.8288807124025852 1.8482758605324512 1.867337101339196 1.8855958891407463 1.9026661174169 1.9182108350441858 1.9319250283552634 1.943525682635065 1.9527455507615477 1.9594066181002352 1.9644688739191902 1.968212641812945 1.9705394364372655 1.971351515716875 1.9713516697034026 1.9713516697034026 1.9713516697034026 1.9713516697034026 1.9713516697034026 1.9713516697034026 1.9713516697034026 1.9713516697034026 1.9713516697034026 1.9713516697034026 1.9709758823384196 1.966994183190868 1.9590415700966817 1.9476089995856634 1.9332181025414812 1.9164280124488196 1.8978430784143194 1.8781208501702171 1.8579789177504866 1.838197866797944 1.8196157516831595 1.803107527798432 1.789594470567259 1.7801193867186014 1.775232637167882 1.7751841644391124 1.779917092109021 1.7890619451714216
1.8093588650890688 1.827682484002543 1.8466766192602708 1.865661396579584 1.8841473650863114 1.9015787136599973 1.917529702275119 1.931674075305352 1.9437158632691114 1.9533799594838308 1.9604060307078686 1.9651862570628356 1.9686227016144697 1.9706893904972993 1.9713148371203746 1.9713510640115417 1.9713516697034026 1.9713516697034026 1.9713516697034026 1.9713516697034026 1.9713516697034026 1.9713516697034026 1.9713516697034026 1.9713516697034026 1.9713516697034026 1.969362393393069 1.962855739378557 1.9522675400039677 1.93807888310569 1.920802933815792 1.9009936864910943 1.8792568219063783 1.8562626015393497 1.8327599408040327 1.8095891433393942 1.7877013453749433 1.7684932814351986 1.7530868647379658 1.7423548207734636 1.7369981910962293 1.737397046592328 1.7435016361560787 1.7548198449188155
1.811683902955551 1.8293725775986363 1.8478141964710246 1.8663208255893518 1.8843870537728555 1.9016324027196363 1.917719972479661 1.9320224110434572 1.943773207509585 1.9528458890056144 1.9592244284777152 1.9630761230481897 1.9657135519971345 1.9673414989949247 1.9679584989871834 1.968569956071692 1.969409617718764 1.9703086479749248 1.971045180703235 1.9713516697034026 1.9713516697034026 1.9713516697034026 1.9713516697034026 1.9713516697034026 1.9710614976920515 1.9668722368249658 1.9580359016230915 1.9449938865516185 1.9282114151187388 1.9081850406658363 1.885452746210739 1.8606074530245207 1.834314761760344 1.8073353513637318 1.7806732307043869 1.7558772335902972 1.7340490242129465 1.7163386713554922 1.7039301569163348 1.6978469276355703 1.6986909999395827 1.7064312772361592 1.7203753848907515
1.8162848884699279 1.833544539594283 1.8514473954340234 1.8693717220238715 1.8868393462033808 1.903289278605089 1.9176549088297696 1.929939072138949 1.940016573176152 1.9477000437685164 1.9530008304599904 1.9559238112815227 1.957641239265289 1.9587360467324786 1.9593900123414714 1.9606155555951073 1.9624093577915602 1.9645796580518429 1.9668761366443985 1.9689993303972988 1.9706105433415912 1.971341424099877 1.9713516697034026 1.9713516697034026 1.97008512394 1.9639176067805308 1.952990103363887 1.93772600513726 1.9185694649273353 1.8959927461131671 1.8705066370678884 1.8426753064215393 1.8131375049809635 1.7828523958679812 1.7533184466307354 1.7255032839046334 1.7005659237505553 1.6799353731639655 1.6652356380156328 1.6580177086993344 1.6592880949954987 1.6690605287106859 1.6862880267077471
1.823008094757554 1.8399868078037473 1.8573617142587984 1.8745977519783021 1.8902252900944805 1.903617145330743 1.9149323216365426 1.924360344547145 1.9320991829515806 1.938104971371538 1.9420632221761949 1.9439686910745793 1.9446519858851548 1.9451268761138452 1.945941523015118 1.9478281371504134 1.9506456851386869 1.9541737734960836 1.9581270541589884 1.9621675238395802 1.9659171088379574 1.968969418680875 1.9708999403449072 1.9713516697034026 1.9687443108129192 1.9608783527724098 1.948143274850258 1.9309425148033375 1.909695739877855 1.8848451777785147 1.856864993204928 1.8262754274457405 1.7938760903007585 1.7611094165378907 1.7287329002155423 1.697642713457844 1.6690736770040195 1.6447267541037431 1.626813741977054 1.6177731782719444 1.6194132575316047 1.631857788587097 1.6533624801905513
1.831924239894338 1.8486347186631469 1.8652126193836314 1.8796961657492792 1.8918061944597098 1.901731593742085 1.9097014096104146 1.9159673684489282 1.9207853607735514 1.9243960193565108 1.9267284074721107 1.9274001762503745 1.9269798985713398 1.926831632194732 1.927946309937021 1.9305515219179887 1.9344773055421411 1.939466924068681 1.9451913456646663 1.9512655481318926 1.957264630245694 1.962738237515139 1.9672224666674214 1.970141536634376 1.9673387597839733 1.9580907555143616 1.9438760548886087 1.9250783348484568 1.9020873364619688 1.875312715779694 1.845201973186084 1.8123342079630593 1.7781095288528201 1.7431836419612978 1.7081193871603362 1.6736938067216602 1.6410691119052607 1.6120721610232474 1.5895583461275198 1.5774456257555869 1.5793065507611481 1.5955631268248243 1.62289764386272
1.843211861792275 1.8591603946533013 1.8726097124397425 1.8833781924034614 1.8917088692313158 1.897880229117603 1.902198438111012 1.9049859414946448 1.90656643150164 1.907246241878425 1.9072925554095748 1.9064690952941479 1.9048500524663885 1.9042895626159102 1.9057392542632037 1.9091345028456097 1.9142723300993778 1.920849037366688 1.9284803648934243 1.9367234316307715 1.9450974889685528 1.953101540915961 1.9602279850163082 1.9656107690359739 1.9645649497987125 1.9556192473405765 1.9400591448121833 1.919814017689806 1.8953127837149768 1.866971498429727 1.8352099146165797 1.8012642508017616 1.7659835696285886 1.7296544265390668 1.692625506137913 1.6553841405319036 1.6187316352018657 1.5843150907768018 1.5552684818755629 1.5376070130177215 1.5392747017993598 1.5616690019727488 1.5972256879011266
1.856777756009326 1.8695543535084507 1.8791672555463321 1.8859341361569713 1.8901933263311836 1.8923059585037465 1.8926542074401185 1.8916347995234757 1.8896469733942505 1.887074232369544 1.8842599174499581 1.8814390825968297 1.8785670075015022 1.8778331742004473 1.8796575618407434 1.8839330092553523 1.8904121516369983 1.8987293967261274 1.90842966600562 1.9189983471050878 1.9298880915765326 1.9405400529761407 1.9502904899288285 1.9578381299227638 1.9584633212339213 1.9511996320567857 1.9360068738506917 1.9146951083247263 1.8891398928895435 1.8597406957625744 1.8272580664679596 1.7930652079957723 1.7574299390888481 1.720539449261982 1.6825836830060785 1.6437872663194075 1.6044887707410371 1.565370387600761 1.5282794608250607 1.4999759001752897 1.5000104485558698 1.5341319074689261 1.580708378991901
1.8709657941678384 1.8797507026186735 1.885172256055541 1.8876198841851004 1.8875008707203242 1.8852432313131906 1.881297248623049 1.876132909844195 1.87023070969625 1.864063586591801 1.8580687192396792 1.8526107575972333 1.8486966758797734 1.847791308548675 1.8500419137394037 1.8553134945043492 1.863297352727567 1.8735445304399105 1.8855080321916853 1.8989586220950982 1.913074752847611 1.9263886051979942 1.9381186972801254 1.9472180097118172 1.9493693061916655 1.944111157078508 1.9309699996551128 1.9100059663181903 1.883889805248569 1.8540280279843682 1.821859974783243 1.788119032862612 1.752975159294753 1.7165668706101471 1.6790014157263986 1.6403554534459472 1.60067655346979 1.5599883396041094 1.5183174149961807 1.475974491548962 1.468535856748625 1.5246768617540836 1.580225983778786
1.8855796014942763 1.8899367908150366 1.8908153187832502 1.8886354529255425 1.8838447980354855 1.8769180454232202 1.8683607069795087 1.8587108438449953 1.8485338371054663 1.8384055381849633 1.8288799342622766 1.8207650722684077 1.815597727290508 1.8144929825519336 1.817238371620699 1.8240110228141493 1.8369300119128706 1.8545871045724238 1.874850283459804 1.895650432899044 1.9149658341444349 1.931617793569762 1.9448545546035156 1.9536792957373168 1.9538333466715694 1.9452345678238057 1.9289837330963429 1.9064635709521471 1.8797498275488147 1.8502820569077547 1.8191037834368093 1.7865479414301433 1.7528004211485853 1.7180212705069 1.6823532080305241 1.6459401034207133 1.6089725366183816 1.5718263871827545 1.5356205111006862 1.5054984659838602 1.506788048171099 1.5490539047942526 1.6008942963675739
