_RESULTS/CROSS_VALIDATION_POSTPROCESSED_CLR/MHZ/IZ/9comp/2/MHZ_IZ_z_125_kriged_reverse_9comp_spherical_2.asc
ncols 100
nrows 81
xllcorner 5.5967107548124995
yllcorner 50.982328804812504
cellsize 0.00017565037499993607
nodata_value 1.7014100000000001E+038
[rows 40 to 59 of 81, columns 44 to 87 of 100]
4.285703984140525 4.2600590496780555 4.214402922792019 4.15088977305791 4.0751470394449445 3.99059451076714 3.8998000433040287 3.806013442716386 3.713083636946235 3.6269336438025763 3.553848571767968 3.4975971538624036 3.4646530818608254 3.470950750469139 3.5177726490400048 3.594338872341348 3.6881641917857766 3.7950382900391078 3.9128583843083895 4.039902004196223 4.170099169766049 4.301199652831431 4.436303373312485 4.581793510590571 4.733035122254335 4.878206356944293 5.005715213657192 5.10841836783954 5.184142745386001 5.22719341048312 5.248291224566147 5.2697833292554455 5.303914133760138 5.35378802071404 5.416962338518948 5.487490460532836 5.556962217663259 5.615284627512613 5.6500623931906215 5.655723829372725 5.635197449744409 5.595087166497108 5.542050077889771 5.479627224101827
4.219996596166297 4.177978801575089 4.1131335806351945 4.029504818504403 3.9338236560783586 3.830697802257773 3.7227934368344133 3.613474785822315 3.5068547569698434 3.4096028005759207 3.3285102082239977 3.268406227539092 3.235270641808672 3.248450124468812 3.3103146699554964 3.415390019354605 3.545026849406109 3.6895409867748126 3.8446893653807876 4.005845573555918 4.167046181603699 4.327002201129352 4.489595546038055 4.653771941282443 4.815707273557489 4.966755818095799 5.080304881623252 5.162706354000237 5.217016318050778 5.2447696087771725 5.2641527740225476 5.28771643441751 5.322036696560286 5.369398161427088 5.428622147331446 5.495370123226039 5.561980852864116 5.616650785787547 5.64478732362835 5.638066646043663 5.601627839539434 5.545579291818564 5.476985738759207 5.4029173920493925
4.163318716527093 4.10559646033071 4.02525927066853 3.925843235349285 3.811377097938494 3.68934802071964 3.5636703249900616 3.4378203542315493 3.3161335270592867 3.205752452292968 3.1143050229787055 3.050115980268068 3.0226980222975888 3.045919288737012 3.1239640882452537 3.2504208610458467 3.4147729637058206 3.5969582135797893 3.787950544047268 3.979693959552495 4.168688204880951 4.350474556535066 4.528064077468862 4.7028622397295194 4.871385630181892 5.030648141136978 5.124945612782721 5.194180820820438 5.241589888994998 5.2639414654773855 5.271509622762494 5.288515541636469 5.3203890644597935 5.3647800971259585 5.421034949418745 5.486414461656608 5.555172827316813 5.614934578435137 5.639778198150327 5.60971698013015 5.543851461040901 5.462836438453535 5.376006371308113 5.2979243657625155
4.118043775377582 4.0459220840102095 3.9513529281886766 3.8371168318333773 3.707102762367735 3.569903005378235 3.4274551600096417 3.2845407161966227 3.14672231565336 3.0211524567387666 2.9201839311539435 2.8550710936207295 2.8335892348728295 2.866756714154867 2.9629771088588424 3.1123357459394008 3.3029034220833386 3.5215183690331826 3.7446529382505616 3.9621763064979914 4.1698227713678495 4.364603410617786 4.550921074921936 4.728811056961261 4.892605434403174 5.030390713738486 5.130564175922423 5.200460782051377 5.246516159340148 5.269401668221859 5.275707202953085 5.283446721782415 5.304151947536391 5.34265171006905 5.393720529132147 5.455710642935744 5.526126159475564 5.599401348079712 5.639831366367549 5.567818701145401 5.467563256506512 5.364934544355032 5.273288052825927 5.195939200827906
4.086708637033031 4.001938918309842 3.8932920699477025 3.7641580887327373 3.6186554668025197 3.4653097064478295 3.3109264047396527 3.1556135600132196 3.003821371384322 2.867204996985917 2.7590024233972374 2.688360032767913 2.6689623005894414 2.7144084543617617 2.8332576199099355 3.009383190413883 3.2243258531850536 3.4628262992324483 3.708956576611734 3.9457057277614362 4.167716921295922 4.371899180883899 4.5623952921634015 4.738731261978806 4.895038437212621 5.023176428223296 5.118891889802973 5.1874046193490555 5.232410137911006 5.254757464434007 5.259312007287887 5.262625991452518 5.276547633599625 5.30485996479552 5.347452040981006 5.399312436804863 5.459676435584059 5.524254699457706 5.559406587930714 5.471137869884752 5.360338640110596 5.259594265686425 5.1739576884576 5.103417303490651
4.071992428297921 3.975217950722039 3.852448617712608 3.708338883640769 3.547926865028951 3.3786966337353705 3.2100908837837965 3.044369039412901 2.8854664914021937 2.7448711056448456 2.629676391773762 2.548359393110752 2.521992388552585 2.58371248812122 2.7339924934986755 2.940776785937066 3.177292256247357 3.4278830566936684 3.682706965845682 3.9325396194299147 4.16577701397841 4.376170698699174 4.567450102950272 4.739927708939461 4.888918056893111 5.009422572817105 5.098346937179463 5.161142358958315 5.201308946573737 5.220476533951784 5.220974427870138 5.217667034751152 5.222012112086541 5.238943757004685 5.270026260110012 5.3112142456707225 5.352596255341534 5.383772552223284 5.378684818052389 5.318704810156823 5.234435147262883 5.150387095064356 5.075900812916421 5.012310435032475
4.075038775384441 3.966731505923524 3.829197639344048 3.6700412767200175 3.495514302443042 3.3123314067957788 3.130445085647337 2.9566581784865433 2.798528757156123 2.6579277420173764 2.539651292939613 2.4462932144608174 2.3912233433221557 2.4763381896234833 2.6808141701989197 2.9173713818382567 3.1689180474504113 3.427251380091676 3.685024951111048 3.9337448003752846 4.167709374181738 4.380771984893643 4.569925405713232 4.7366014193472585 4.877376357552792 4.989167295006617 5.069903879670836 5.1234133259198416 5.155211216340205 5.167217268715673 5.160959467571695 5.1496786355660635 5.141317154069217 5.143372122709186 5.156559062387933 5.179760093872977 5.201311265240052 5.207996225130575 5.192227534077356 5.14971857860256 5.089285228074851 5.024312932438617 4.96395934370973 4.910721365773503
4.096231720858088 3.9760205875650123 3.821740196617981 3.648129559859658 3.461389914115244 3.2670929255201653 3.075362105177651 2.8998065422344506 2.74670272320066 2.6137411601397353 2.5054729910019256 2.424027803015683 2.3761343505813852 2.482283849013154 2.710453871378694 2.953994491123026 3.208656347984347 3.4671885280739154 3.722509074380482 3.9659043022342546 4.191461168841433 4.394065653369979 4.572993478570439 4.7306321427054 4.861264372830839 4.962201288497896 5.0324479773645905 5.074046498917696 5.094349764039539 5.095446520919989 5.079693067452105 5.058611836843107 5.0370383290217795 5.02206129886663 5.015769868725267 5.017482722450847 5.025427287340011 5.025471557868037 5.010865298198537 4.980017495523585 4.937271164473034 4.890204265853274 4.845333379438676 4.8030435664955595
4.130498546022197 3.99439211576824 3.8238480336544125 3.639769308502743 3.4447619044600386 3.2433362977446434 3.048803666945676 2.875855282759839 2.730088383834162 2.6122971738452367 2.528182619323319 2.4878584726756166 2.5086082380692685 2.6245922180112746 2.8229649385551028 3.0543264144829307 3.299159146496656 3.5500275184927843 3.797555563919933 4.03177193116423 4.245990793162787 4.434808962235362 4.595803117703164 4.733258557315378 4.845122045701538 4.929385002043846 4.984848618251508 5.0119675969985975 5.017985989659972 5.00547557395582 4.977575500231904 4.9455869765745 4.913082163826614 4.883632608837179 4.8637182607938945 4.8536088995155655 4.852182154027463 4.850594494739004 4.839256860130693 4.81789230751915 4.789222599323104 4.758026034242463 4.727581478404499 4.691032045227843
4.133214395990808 3.996960522691352 3.8274612334791174 3.640990792261734 3.4432869632774277 3.2399044087915527 3.0499846911501156 2.8830793248022495 2.7456884769689687 2.645278252449176 2.5895544464945095 2.5915391205210083 2.6577204616806087 2.7912594647663544 2.980750405706697 3.2022057158010617 3.4353960947589566 3.6736816643396555 3.90964301815389 4.1318133150026135 4.332378773720403 4.505273459185068 4.646640584614426 4.761022497987612 4.8492286845671915 4.910470703767301 4.944548646532032 4.95194525484794 4.9397199480640674 4.911468423737664 4.871225998820746 4.830416634450435 4.790427703328546 4.752880669571552 4.721943656564195 4.701603404608755 4.691412583445285 4.688695135558996 4.681604568830531 4.668769458736495 4.652198320332984 4.634964590145295 4.611394724494366 4.578937757743761
4.139660557605679 4.001368908718157 3.8362623944858596 3.6527877711212797 3.457148206065613 3.258333969958322 3.076765823533727 2.91777810694047 2.7873848431739896 2.697307343855651 2.665839371691372 2.7089132883716753 2.8143497357796905 2.968910611816745 3.1614035474389888 3.3780294042685446 3.605503448257102 3.8330016932245243 4.055777734614171 4.264607321055185 4.450250035145942 4.6055287595332794 4.72600099366484 4.814180700584454 4.875534663972392 4.910759759715337 4.920730730590915 4.90630290275254 4.874113714714577 4.8285963908757585 4.775346735247958 4.7252173584026975 4.67766355664033 4.63397419052337 4.595380080268933 4.566254262613294 4.549212182196069 4.544260309452017 4.541923027151901 4.537132242688106 4.531408955334201 4.52001689192241 4.4992192964393265 4.470412625583847
4.1514792650459444 4.01209829873922 3.850816614539426 3.672571826180886 3.4822563485257185 3.2934053258095446 3.1234147626668043 2.9754062858305677 2.8530913667496347 2.7634132730649386 2.743049189365206 2.840439307038582 2.983885822487112 3.1584471660938194 3.3567753101216713 3.5707804164373025 3.7932828974029182 4.016702470723399 4.231055673373527 4.427173935003338 4.598084608647166 4.734673827949492 4.832195254485309 4.891673397167536 4.922505112612763 4.928582475912572 4.911932399449393 4.873834298334656 4.820565932316094 4.756914339040918 4.69129488184779 4.631873653041915 4.577180656188448 4.528090323491274 4.485768647619467 4.45139443960446 4.4290840771302085 4.421577782148042 4.424054729176543 4.426480145078932 4.423799240425366 4.412937647323227 4.394157786980717 4.3685003930769915
4.164951137484717 4.026075853224851 3.869071840152053 3.697464187104121 3.5153617144055493 3.341220234615306 3.18735774862423 3.0568970514596727 2.953524461490077 2.8836502994106117 2.8851094420358145 3.0088260524831383 3.1726643950346642 3.360962976960961 3.5622183351929886 3.771269203494187 3.9879712537732055 4.2081507726622736 4.421363795641546 4.614176231744479 4.7735120355184 4.8911086937088974 4.962465035351605 4.990872804277068 4.9870249195060445 4.960968512153823 4.915734236926425 4.852746463110687 4.778057578472702 4.696829182783587 4.620033349165356 4.552001688462055 4.49101556362569 4.437552559743055 4.392744172435842 4.357813276411699 4.334160515545217 4.3252119332292 4.329465309764586 4.331166587338333 4.327042779137026 4.3160894186762295 4.298749047685668 4.275775625796936
4.177321313989286 4.040936806696763 3.889574688923093 3.726174152394833 3.555574106296327 3.3988572634487264 3.264837806541727 3.157712183938707 3.083805958209843 3.0557957846481987 3.0948572212757055 3.2080599994911494 3.3733244866316476 3.57025912675368 3.7706489726615917 3.967687895403578 4.1771135041823895 4.395148783555184 4.6102597636034295 4.808007102484011 4.968910160756657 5.072254286950276 5.1126359921869975 5.104772366313497 5.063722640021047 5.003406163273698 4.928781725752987 4.8407976604519405 4.745320223137625 4.649047889298287 4.562474983599624 4.4870874133326275 4.42101243694253 4.364436239259406 4.318453675981821 4.284322949931796 4.262276029482615 4.251095027726965 4.250460067868477 4.249205840311508 4.2429303688223206 4.231497645827766 4.215161240492633 4.194471533821423
4.185507999340139 4.053759962593633 3.909707318579527 3.756069365162671 3.5996690457100593 3.4617459289323187 3.3491437398983974 3.2667728668351135 3.2217170961342774 3.224582142659434 3.28424374475078 3.398903241447525 3.561068839746252 3.759284400693751 3.9552770168978486 4.1422387598954735 4.346635651042506 4.56360852165094 4.783067886918238 4.992679485064968 5.1676385553762 5.263480020931163 5.267993772125271 5.2195820332891625 5.143477896242453 5.049929190837877 4.9471232439883845 4.83564890096263 4.721231752592854 4.614050477721265 4.519668227365694 4.438651644336947 4.368988969196762 4.3102315675909155 4.262229557898129 4.2252935809982946 4.1998627474905295 4.18657447976897 4.184832254901794 4.181606748958375 4.173152664623178 4.1609773080852435 4.1453175551129675 4.126578540050525
4.186530016647411 4.061527297081001 3.9264116659561497 3.7839652043878935 3.643745583359069 3.524734704521852 3.4330243947645918 3.3733844797880943 3.3519188408121265 3.375913499131473 3.4483878398642274 3.564339535410777 3.71876352452542 3.9001545736688104 4.089771509595143 4.282180118991857 4.485468563059413 4.698945097081514 4.918681655909098 5.139640962768451 5.348622761406421 5.447934880981016 5.3899485982673525 5.301735095941599 5.199822890048171 5.0856038426665755 4.961370802304746 4.8312419391125845 4.703708252025525 4.589029086629241 4.4884094881545815 4.402002366929283 4.327278150970047 4.263800710141806 4.211900876836986 4.171993502631979 4.144623380271123 4.129734223695306 4.126679922312283 4.124089213022569 4.116957828304609 4.105703970397913 4.090976574726656 4.0739151236033475
4.177788377801329 4.06141765838963 3.936636792523564 3.807588939743373 3.6841057625395957 3.583223460563541 3.5106897126551653 3.4705964901579636 3.4676143620735997 3.5064857613709006 3.5867864398647655 3.7021824505698224 3.8484529379322217 4.0174599890112965 4.197874606332821 4.384396901868382 4.57790294555457 4.777809298166086 4.983819210400303 5.192493080738112 5.393430085274914 5.484373693298858 5.410512974673672 5.312747703346702 5.204127168224188 5.084702774073031 4.953156591940293 4.811879605851794 4.678910956113297 4.559884695444668 4.455382061962633 4.365451755921829 4.287525405059622 4.221412744542503 4.167490436618824 4.1261935884922885 4.097160196140775 4.080617578673899 4.076844123002474 4.07456574491414 4.068776318702161 4.059899324511474 4.048464480212538 4.0350782883921585
4.1572229235769065 4.050994729952883 3.937833174687966 3.8245516418132692 3.7177426765286214 3.6337497424076632 3.5783185977273493 3.5546894155122852 3.566218329247689 3.615904397293377 3.700666398355163 3.8142918768877396 3.950835065421232 4.103123203201157 4.266642095564233 4.438374253935602 4.6153361456005735 4.794619978288315 4.973591412489881 5.1450673136974405 5.285874389220311 5.348925040374212 5.32111008955188 5.245034962951069 5.146088831063675 5.031872891987019 4.9039806628146865 4.7711743937156434 4.6445366141062 4.5270874714632106 4.421923642392011 4.330980476286269 4.25196389331315 4.185076706306066 4.13034820041179 4.087707572052489 4.057606666697371 4.04066151433588 4.036967908722227 4.034837652514641 4.030005983713892 4.02285178086545 4.013936095292871 4.003974881999313
4.123328360159998 4.028280397883873 3.929442839469829 3.8327839617406387 3.7425333290884115 3.674079238266971 3.6337814485063 3.624042774449356 3.647157295066372 3.7048654422101492 3.7908959645383247 3.895259919732136 4.015621832156243 4.149566277830117 4.294171943939323 4.446049741030892 4.600868096807907 4.755014397482468 4.902824621296112 5.0355969951842265 5.135912222902167 5.183406759380168 5.172658111034149 5.117795119519086 5.034421103747288 4.931230589348526 4.815463698628961 4.701147242108176 4.591416900055679 4.486912023906009 4.389751450202076 4.300320961630087 4.221670765420208 4.154569747630229 4.0993988807403765 4.056616350241706 4.026792920389889 4.010640888842091 4.007644878373395 4.005593685847269 4.001571515579314 3.9959270789924743 3.9891701486167763 3.981949951107517
4.076759499920916 3.99306890981572 3.910456404684675 3.8307616921845233 3.7572353174345587 3.7030680953616173 3.676225698273734 3.678349323831042 3.7109095238033585 3.772363220678548 3.8495754489675513 3.9403236916168427 4.043942195486343 4.158869533993364 4.28267587933162 4.411155278450253 4.540930184861203 4.66779177515772 4.785502406502743 4.886506474110503 4.960233721323053 4.996119157968358 4.990866909600204 4.94964739432885 4.8805821901888535 4.7928295640728 4.698508688979093 4.605773313040439 4.5164273448204195 4.431254578994291 4.350470989636556 4.271800336598389 4.1958051449447975 4.129722398004644 4.075607270596859 4.034056508900552 4.0057578931719755 3.9915191211932832 3.989445294720374 3.9874076677998835 3.984064221178558 3.9797449848140873 3.974923809952991 3.9702003326838793
