_RESULTS/CROSS_VALIDATION_POSTPROCESSED_CLR/MHZ/IZ/9comp/2/MHZ_IZ_z_90_kriged_reverse_9comp_spherical_2.asc
ncols 100
nrows 81
xllcorner 5.5967107548124995
yllcorner 50.982328804812504
cellsize 0.00017565037499993607
nodata_value 1.7014100000000001E+038
[rows 38 to 56 of 81, columns 43 to 85 of 100]
1.8894481017649483 2.0596932901155314 2.203195475319793 2.3135959156483312 2.3893177347814714 2.427083231241049 2.427289706572142 2.393530783139971 2.3307991517131645 2.2469052925718214 2.1568786242101528 2.0717204889914163 1.9945321188660041 1.928358727818046 1.8772285060310931 1.8356579176449905 1.8015196833184066 1.778008899829982 1.7661313402569079 1.7667114979257836 1.7803975141731265 1.804349274267411 1.8252155154680938 1.8462677445666087 1.8737810409449054 1.9080554436594221 1.9464273753402588 1.9847533462875735 2.0242894107066394 2.062945021174445 2.0742668769794657 2.071672223717388 2.07910380853592 2.0978778520297903 2.125202000040367 2.154805991090853 2.177277719104249 2.189264693513981 2.188011214818787 2.1717870702650774 2.1406354897243736 2.096646666621029 2.0435124810261915
1.7375541895443394 1.877148169971076 1.99005505576524 2.0721169988755936 2.123203268980217 2.144057714041823 2.1346799661800935 2.0968978013428563 2.0354256288361614 1.9577973306123113 1.8780477200080732 1.8061817567197245 1.744842721680477 1.6969675936546764 1.6668505504641669 1.6532140918271723 1.6492141567109788 1.6571472396288365 1.6791475124393627 1.7162749972173104 1.7684219765599487 1.8270865742299018 1.8795844723589117 1.9269733870946315 1.9819654542502652 2.042156446024877 2.0963083839173025 2.135488852008486 2.162947712249824 2.1812586600174653 2.1877954865734486 2.1884612425033727 2.1941007450491536 2.2085734758123063 2.230957131118581 2.2580448089778153 2.285177216269253 2.3033902769197994 2.3064496519580016 2.29123945593183 2.2571442269988977 2.2067703090275606 2.1450100344201806
1.5794720270660636 1.6878716315253415 1.77196653793403 1.8288832688333192 1.8565172525059361 1.8590889522267007 1.8372076267036734 1.793850367656123 1.732179135513923 1.6589962488587995 1.5882805493084484 1.5286745691127188 1.482636796479385 1.4527267025930524 1.443356882255722 1.455341864410739 1.48578089863582 1.5302994212695284 1.5910239056046063 1.6675820940585226 1.7583950019788848 1.84925617941738 1.9344855756083588 2.0157325727670607 2.0982754148293257 2.179210886624899 2.2428009273513303 2.275356658357345 2.2843036941321477 2.2852129334599462 2.283223929314208 2.282289023479384 2.287217356821302 2.300338300348289 2.321233921690882 2.34739348724493 2.3745424426685924 2.39662693305592 2.4060258732725943 2.393605789270524 2.3559069920918083 2.296963294318224 2.2242622212380807
1.4324346953943556 1.5062897283130254 1.5580833565598189 1.5874781303449355 1.593447279479561 1.577218918394617 1.543079399259074 1.492568689596948 1.4281441688599141 1.3578029916706238 1.2943687697591795 1.245568110221039 1.2138415854027604 1.201640615189719 1.2168139268760405 1.2597275732279378 1.327445896134861 1.411597097334454 1.511230279505021 1.6268497790675698 1.7512555442361488 1.8719513961811245 1.9870343574207252 2.100000954910098 2.209792979051188 2.312942115369749 2.3959164200481085 2.4108946186155267 2.393862569400972 2.37423584165409 2.3589534538562273 2.353964331957371 2.3581273038085793 2.371213220835992 2.3927010024407362 2.4206494663661524 2.451397223233382 2.478718117249888 2.4924778214411853 2.479705616642955 2.433742189602528 2.3615742731343596 2.2751749875579756
1.2994009609574593 1.33852363445677 1.3581475075274738 1.3586789151707965 1.3407509008500293 1.3067195479542684 1.2589843255787432 1.199266128110006 1.1301437507692953 1.0610328366997863 1.0028127439040255 0.9630624715082745 0.9466897540214845 0.9595155963285056 1.0035613774200214 1.0781119425005987 1.1797863773622197 1.3037249717682875 1.442433577617705 1.5948984120220109 1.7473537561411137 1.8948118395968079 2.0329119767318105 2.1649403198703334 2.292607912889876 2.413104523725177 2.5263717245758786 2.5104566572393128 2.4756165533740724 2.445577244299824 2.4212629924403073 2.406024764450681 2.4057561415077426 2.4192986696524628 2.442067575406197 2.472818760726283 2.5091652540197518 2.546330266745901 2.573103002552944 2.5644701807192156 2.5015424300750224 2.4056601346076594 2.2997383962222258
1.184568700533048 1.1897909793309045 1.1779049574084879 1.1495758638878975 1.106183084878786 1.0501031282526476 0.9897096425681676 0.9200335838215656 0.8449524741494651 0.7752800068537681 0.7200348482791581 0.6918243846275851 0.6969123301408542 0.7356289812840805 0.8084534500088363 0.9150693930160467 1.0507752091819291 1.2103790410979351 1.3880975942359586 1.570075002898214 1.746117566218037 1.9119218972074665 2.0641136467247874 2.206798359946056 2.339299339605109 2.453408011614342 2.5273588100324487 2.5408513711873093 2.519660029231585 2.4911914567481794 2.4645968399963243 2.4446478481407006 2.43647293912897 2.4436042787499983 2.4665559597480295 2.4987540088614724 2.538930722412237 2.5854688600509066 2.633920134264606 2.648962316298121 2.5501222419920455 2.4257930381570527 2.3037423248689466
1.0938809559691252 1.0642951134969483 1.020004068693098 0.9627403141598073 0.8935549982258785 0.8138345433737579 0.7320321318710117 0.6538080662059294 0.5758299119944883 0.505806019908166 0.4575473513818986 0.4450949995740713 0.47014623344229 0.5338035920796371 0.6360233122765397 0.7756327204087636 0.9458446929256792 1.1391089871526365 1.3431258553269931 1.545993862804531 1.7402459676388613 1.920642677328694 2.083099608824044 2.230723625594755 2.361253188270377 2.465282825017834 2.5287248646482268 2.5469128705699458 2.5372561807946328 2.5138288227080423 2.487195030604168 2.463857605609577 2.4499802905636994 2.449479137155736 2.4649204998796996 2.4951710130265146 2.5329477722406386 2.577172237802487 2.6246198724791414 2.6419804402621136 2.5338464858754675 2.404991749713769 2.2844879150122583
1.0294539589435658 0.9632565750121715 0.8864428901988096 0.8008709546179662 0.7061891854127071 0.6027019848220688 0.49667569136686274 0.4001964411178841 0.3184652443795142 0.25207602727020606 0.21576710450359582 0.21876679935521337 0.2629250540629424 0.35007155789233435 0.4825160637492413 0.6561391807617315 0.8605508617456724 1.0816335775778232 1.3041025948532088 1.5219896662768095 1.7317061831681175 1.9247530516599092 2.0950460785209946 2.244733237369255 2.3720646730060864 2.469529317975786 2.52916631343971 2.5476041679513575 2.540691629087525 2.5193845647777113 2.4914575113054442 2.463957350221189 2.4433770445208287 2.4339366798391353 2.438321641809649 2.4581737849106116 2.4887660753738365 2.519043625247668 2.5387663931664957 2.521891602388053 2.4485790348151344 2.346979103654994 2.24257961703104
0.9932684078886114 0.8881425553218781 0.7792989439244482 0.6675234609626988 0.5484301374803507 0.42071557851506647 0.28958212874442624 0.17176099298562564 0.08065191493912605 0.020910170614016232 -0.005496752957653506 0.011616379503499141 0.07395736292656507 0.1811091504066613 0.3461181403525946 0.5590032875775663 0.7939126714365655 1.0359626472324135 1.2762033625769105 1.5078512797593056 1.727472483941821 1.9287879870634783 2.1053528016248055 2.2556846271771684 2.3797478794466684 2.4721288841967737 2.5282276794791496 2.54578202693622 2.5356148061429895 2.5118927768729487 2.480126480054385 2.4465232167313804 2.41776195294961 2.397712471046889 2.38905903047069 2.392877990700903 2.4084964131563096 2.423237343475148 2.423052128230986 2.3975083797890937 2.3413890883604793 2.2638498759998105 2.1789963231191622
0.9895749406868015 0.8403153774620861 0.7017527486794765 0.5686469442461685 0.426255503308521 0.2733050128891641 0.11707341478128708 -0.022709948342734654 -0.12601031587926315 -0.1836499108865226 -0.20220541363210698 -0.17103777923501173 -0.08650828848135816 0.04826300769941838 0.2467110421314862 0.4891581783408001 0.7456704666825292 1.007107512337569 1.2639984733424432 1.5086690105146225 1.7373423137727066 1.9435450324687613 2.1211610836347354 2.2688010322866696 2.38853526270609 2.475330508231722 2.5262660151086225 2.5404811018661437 2.523792201948818 2.493611059199935 2.455178167518344 2.4132740146003067 2.3747319724994673 2.3429270741357056 2.320218562068879 2.307473830054516 2.304254375415153 2.3071516547935236 2.2996531564569413 2.2743223784433733 2.2294269749962665 2.1695149184738645 2.1026343663193034
1.0300959410977588 0.8276402941797826 0.6677437819095146 0.5156207427026556 0.3473416250461685 0.16708695058477785 -0.013563335861182635 -0.17367117590470738 -0.2920675851713608 -0.35753530454912896 -0.37164189961429583 -0.32682641899233045 -0.21424777997734856 -0.04084645633200967 0.18386467595539369 0.444265963836859 0.7202797683105556 0.9992338150845599 1.2715001011722131 1.5284001954654167 1.7655036039345804 1.9759295984669185 2.153454477683702 2.295181888441714 2.4054056152309196 2.482195200733787 2.5240492063215867 2.5307563653493346 2.5053348630246535 2.4654166028459636 2.4175723616174816 2.3656493259421207 2.316189313402517 2.272642315139292 2.2371131621716116 2.2111219916313205 2.1946885610109375 2.186727999789907 2.177030382073067 2.1544528686963673 2.1186803392322604 2.0725904332323553 2.0212820744757014
1.1307782019703148 0.913775373233383 0.7131301774823958 0.5210060601537287 0.3200439672420292 0.11275461545343579 -0.09325790650853616 -0.27248296535858474 -0.4105397486925362 -0.49477479219963594 -0.5131016088308131 -0.45952560602924697 -0.3219247249333983 -0.11507621148552905 0.139307895539295 0.4226793338138528 0.7190395263394044 1.0152292680203168 1.3017546925957808 1.5702090569296778 1.8152939356690871 2.029334067186091 2.2057914785146004 2.340671073728932 2.43895959348651 2.502115210905745 2.5302398620813453 2.5242956937434373 2.4865267471570447 2.433608307204393 2.374174440787999 2.311650465684984 2.2517328663098706 2.1978440365757077 2.151720405104609 2.1146804466489426 2.0873870847004987 2.0696125329724966 2.058443505154636 2.039930545991443 2.012417319744917 1.978046644578589 1.939960154236962
1.2748198171063965 1.04159590475754 0.809355355850784 0.5788914113308086 0.34760225938188216 0.11439421885334355 -0.11333139616912025 -0.31115110348750674 -0.4722288479426029 -0.586883022832116 -0.6345579495433862 -0.5848197319117419 -0.4145014397096187 -0.16689173381735456 0.1195401518638246 0.4267730838942426 0.7426538722935178 1.056151435207262 1.3566262728441782 1.6361675109451421 1.8890820853014856 2.1062741585545592 2.2804060784634097 2.4072866116146407 2.4902946515347804 2.5361716650953223 2.54692396190214 2.5248112794277286 2.472185914454581 2.404406895710263 2.3318889953479207 2.2579771584464905 2.1873578692474442 2.1233752079989596 2.067648241173644 2.02128548008569 1.9852816296824032 1.9602548143503964 1.9464774993124896 1.9327927113947179 1.9131374459019055 1.8892487487312197 1.8597720005645748
1.428433890382937 1.1777446236723714 0.9227523520085344 0.6683168305869323 0.41393386174476565 0.15872396082969886 -0.08494775534377363 -0.2980122141485677 -0.47845166776601156 -0.6229075351063016 -0.7217770153267187 -0.7024752601521291 -0.46547150701384576 -0.1751532343137474 0.13645673544419457 0.46150547864537816 0.7927777716861099 1.1208691967376065 1.4353084974931516 1.7268106160045678 1.9879863082176068 2.2083442992158773 2.3786880666317973 2.4948561991806217 2.55924627406639 2.5832369163762197 2.5725609584249085 2.5308833762418996 2.4609494180487235 2.3771581037968623 2.290791095700153 2.2053473414653118 2.124378670533141 2.051011281140243 1.986843439636579 1.9330126378925518 1.8904546316097472 1.8602984675700898 1.843706510849432 1.8350676439053517 1.822926315410521 1.8065132318561528 1.781990236581155
1.5789841946102898 1.3138412163456794 1.0449356397407779 0.7749353565568358 0.5046746797005955 0.23472364223731734 -0.015655794455883054 -0.233958243620076 -0.4186005178309218 -0.5667395654973324 -0.6698466888614407 -0.65135765828527 -0.4044213188737362 -0.11277480330926837 0.19975016133788515 0.5296043180807701 0.8692451254090702 1.2076175500900792 1.533668444666614 1.8385166989595083 2.111079082171243 2.336089530043658 2.501183129903282 2.6019305798427865 2.6438135861072123 2.640349955640171 2.6041070102833928 2.539967231461235 2.4508210719554606 2.3507283322053247 2.2506797584469083 2.154239240124412 2.0637709168037826 1.9821434876669692 1.910945954835428 1.8513204422222937 1.8043436742310952 1.771143762068353 1.7532049423848945 1.748223372297216 1.7415506205624396 1.7287259675228408 1.7081911422049374
1.7220308473124089 1.4491022325182024 1.1719775519921432 0.8931835600228125 0.6143517968929256 0.33868545941258255 0.0899455678596961 -0.12298252129235276 -0.2959521516473673 -0.42004508768927584 -0.4723090822841445 -0.41217320022595727 -0.2304113833993222 0.021935205907376742 0.30916274674758415 0.6281680282431245 0.9691695300952572 1.3118955477154248 1.64590417388735 1.9638050623069232 2.2517327381954715 2.487540137466317 2.64737384929822 2.7250791618880927 2.736922116882364 2.701775919431112 2.63662513131568 2.548351100151512 2.4393067919961293 2.323701680635501 2.211242023492306 2.1049714134716337 2.006344726138562 1.9179585768288732 1.8413599338744002 1.777675568118522 1.728064405205747 1.693496512709147 1.6747331564362002 1.6715089750234997 1.6676455324490391 1.6568340218191873 1.639658539110142
1.8537739652303078 1.5784069193254777 1.2988704022772135 1.0176558458318392 0.7369703298002114 0.4638889554780309 0.22344811309581392 0.023170417771733787 -0.13051582475888468 -0.2262764797939123 -0.24485506720982642 -0.17176066102397347 -0.016681553622209355 0.2015236683168451 0.4593758107489716 0.7576219997095941 1.0883587772589602 1.426109257466263 1.761859962685269 2.09016241861371 2.397771552842726 2.655975546684922 2.812499543255366 2.8533763154470635 2.8248534096132256 2.7573989770541374 2.6633028532351837 2.551499263552003 2.4237982135350853 2.2947363022407985 2.1721969979937787 2.0579332879323684 1.9529466690270465 1.8596277444807368 1.7793169606245143 1.7128304143810575 1.6611431489314454 1.6253533793528459 1.6067526920033928 1.604226615909917 1.600902178648627 1.5917875221703224 1.5775003674864605
1.968333819058726 1.6967203176294592 1.4206898880104852 1.142916425446308 0.8663046657355453 0.6026388000381843 0.3747637295977271 0.19030551417919295 0.05639490097646971 -0.016706586892662356 -0.01578881248468944 0.06240628462054332 0.20363757692555495 0.3995363314998407 0.6388291228464821 0.9148532778012438 1.2190093307529415 1.5394508376601739 1.8671055922827664 2.196061740648761 2.5193201000363463 2.8209877120754387 2.9848316836618762 2.9545145458220436 2.88211099926007 2.788055034398124 2.6744546436009644 2.54366224202374 2.4012398276423212 2.262537657811648 2.1327956721894292 2.012720931849147 1.9031044262126877 1.8061477027918782 1.7230738630769982 1.654826365418478 1.6024433990743598 1.5670982555793675 1.5482711642376796 1.5442906602233695 1.5416204898231372 1.5342703743693598 1.5226713430190661
2.0615533858544683 1.7999375949984158 1.5330041323320518 1.2638119151629787 0.9976922907014418 0.7475730294814799 0.5344189281421395 0.36623414084734374 0.24982710524331186 0.19356429770099037 0.2064930479034226 0.2859263459117385 0.41709592628025227 0.5957886977679795 0.8152898535679993 1.067598101492571 1.3440177909570556 1.6364323583021443 1.9419893958738115 2.2525518563598306 2.5608935598071705 2.8535552674678586 3.0082993371198974 2.959890093793635 2.87670222001663 2.7749370316761395 2.655495431070399 2.517811315261637 2.36735338989648 2.2238159432769757 2.090137155845671 1.9669625149127956 1.855199298036586 1.7570018852941787 1.6734559067811727 1.6055149292459292 1.5541271318592433 1.5181605215446183 1.4976277113307959 1.4929074258223027 1.4905675332689678 1.4846076840011153 1.475461778147721
