_RESULTS/CROSS_VALIDATION_POSTPROCESSED_CLR/MHZ/IZ/4comp/3/MHZ_IZ_z_90_kriged_reverse_4comp_spherical_3.asc
ncols 100
nrows 81
xllcorner 5.5967107548124995
yllcorner 50.982328804812504
cellsize 0.00017565037499993607
nodata_value 1.7014100000000001E+038
[rows 0 to 18 of 81, columns 0 to 42 of 100]
1.5596984946448644 1.592925022585435 1.644613271187607 1.7119213169310858 1.7879012567780574 1.8614310780867152 1.9289529135043038 1.987585134982666 2.0347025092998767 2.067425785012445 2.082352041249418 2.0756594774749226 2.045166757035134 1.9902788503212208 1.9082247101355176 1.7993643055160455 1.6659351740738904 1.5113952259238375 1.3401153072600143 1.1569704695073912 0.9669497182558664 0.9012976074948588 0.9066252845738321 0.9149229244030672 0.9272645839241859 0.9445328625323498 0.9654950966226543 0.9936935079981938 1.0316329641150563 1.0815030368536485 1.134719031114567 1.179636199451603 1.2161427414412702 1.2440901048368715 1.2629379953233453 1.27323082125904 1.2756477312464172 1.2707640138685987 1.2604514108955358 1.2537282421075506 1.2523296048101378 1.2560696616503808 1.2721027557819273
1.550079661175558 1.5940941932123953 1.6586272734295138 1.7408680369094054 1.8338140008319108 1.925353359318846 2.0110341094329933 2.0880586467493885 2.1543884357563834 2.2072761141453534 2.2428307273357406 2.255902519345323 2.238722502738323 2.187214104838626 2.1027071792588807 1.987995642237703 1.8458315694062981 1.68095565005359 1.500078590780627 1.3133207717505668 1.1445569344516517 1.047853613723136 1.0130805054247214 0.9995600364031627 0.9964473878928373 1.0000966097245083 1.0088223468445905 1.0234336072439238 1.0453228984918468 1.0792300515255602 1.125372684110039 1.1653879577584947 1.195070674853224 1.215303195681314 1.226962836025247 1.2309181599052996 1.2280204682130873 1.2190746336238956 1.2064084115279525 1.199310906165533 1.1995781675552677 1.2115010494241998 1.246657858935072
1.527111382528605 1.5805878925800663 1.6569878405250549 1.7538110876237927 1.8647282849990026 1.9758866908793884 2.080332784963865 2.176054378165828 2.262968153832702 2.338577571112338 2.3952702520697606 2.4252324669800576 2.4233860261523477 2.38489251509726 2.3062531183211314 2.188336445319597 2.039609576996615 1.8673466609066809 1.681662838425652 1.4969578211090444 1.33444654945163 1.2160330806686148 1.1426218133705033 1.0993825538723718 1.074555216026088 1.0605681572324674 1.0552779471179334 1.0584483008167536 1.070180598123575 1.0888683982495193 1.116176829135728 1.1457112390958843 1.1655635317135529 1.1766424536383577 1.1798844575091127 1.1762530203401098 1.1667525592759904 1.1524345868439034 1.1365667001760544 1.1286993098759661 1.131526697272146 1.1592632446818922 1.2138698146706408
1.489244239319714 1.550248022709048 1.6367359811752373 1.7468578205504064 1.8762020362756169 2.010027921160742 2.1325278040239413 2.2459924364561603 2.354838554222499 2.450627377422947 2.5267467811163886 2.5773499474554398 2.59556642672349 2.574404918998306 2.5084475553488597 2.3959418580348597 2.2414829767814948 2.060789823467746 1.8679038624650124 1.678299589411211 1.5084643696468898 1.3713311736948472 1.2703323447592427 1.200537073531326 1.1533273669893525 1.1209975235703387 1.1011227333499503 1.0922108456127935 1.0897005271798552 1.0932055670856617 1.1038789645339342 1.1200485889971745 1.128929486611425 1.1297445977071718 1.123452637673402 1.111064052593821 1.0936828383760473 1.072580152998982 1.052602706708005 1.043302856316658 1.054159638826488 1.0986012311466724 1.1731410389515444
1.4352847011091197 1.50122936998295 1.595001644161221 1.7152649915454705 1.859587995875403 2.0175446788804225 2.156113592993217 2.2890309568107625 2.416574518928776 2.532811768719914 2.632583766474483 2.708932919994713 2.7529269997555676 2.7543512138543482 2.704236123841159 2.599015064424501 2.4433922866722666 2.2507839307934665 2.0449769797144945 1.843383884727381 1.660201269993957 1.5053604464533767 1.382942711205569 1.2916634994916745 1.2247441251530946 1.1758227639052223 1.1415672408449524 1.115323178487358 1.0963532790415353 1.0852326851221044 1.0828071809444562 1.0889069135135787 1.08651404744908 1.0761610664618277 1.0594256176638748 1.0373091777384218 1.0109147107242205 0.9816024088897637 0.9565909427473047 0.9455169895585461 0.9677467585706638 1.0289788693685162 1.1243221608677
1.3646551296929195 1.4324854544786294 1.5300754098642344 1.6560973260924416 1.8078528734874837 1.9734159605566823 2.136932211347889 2.2921020442030424 2.440288225697202 2.5802125419946718 2.707441942484891 2.8147866177753196 2.8914586430427347 2.9226313577164333 2.892432768346217 2.792803890230642 2.631149097405399 2.4261956969606286 2.2013629019088743 1.9826000177085423 1.7834441413427937 1.6122148379160226 1.4727527325494927 1.3648616342811886 1.282283827356085 1.2189874917357266 1.1666889078024565 1.1236338616165213 1.0896971808158886 1.0651553775066942 1.0506179143739085 1.0469179349844646 1.0391500561278426 1.0173453549615614 0.9895542990632699 0.9570981178965668 0.9209581809874874 0.8826533884507894 0.8515289834958321 0.8398452340353996 0.8716940516518931 0.9501675602445485 1.063984946981902
1.2775531239392417 1.3440326074044053 1.4420087601507148 1.5702248474303444 1.725936753379592 1.9019332095053372 2.0803633285174805 2.2537394498753347 2.423103887745897 2.5876620577165017 2.7441976017955465 2.8865587747675114 3.003601377497274 3.075326670331018 3.0722111426734617 2.9738303061853006 2.7946950322251345 2.5691150086102015 2.324959533274062 2.0864238777748048 1.8713764625585125 1.6863338198507647 1.5342025602923322 1.414554219750181 1.320583871472372 1.2413114050489777 1.1734556675188796 1.1163258325998355 1.0696101946413812 1.0334023715048797 1.0081719997659535 0.9947104348735679 0.9827968949924942 0.9545977681970982 0.9154852430841016 0.8725767047275873 0.8267094667358419 0.7804287300500438 0.7425770531859663 0.7288850430665071 0.7637071889221131 0.8555541681816528 0.9862123504396678
1.1749540493796569 1.2367999373590117 1.3319642931527629 1.459664454038533 1.6178680721611005 1.8001871899975876 1.9874166355930536 2.1751822394038154 2.3629971777090133 2.5498877997750267 2.7338153298187056 2.9110167384215684 3.0736890015341953 3.201888216186114 3.243072104725322 3.1346688446206 2.9172788433933885 2.6611453290839906 2.3986985378233583 2.144668086295717 1.9170097144535725 1.722615364780475 1.5630413335111801 1.43693006162765 1.3320991564928786 1.2404972321981782 1.1611481657673313 1.0932801834613424 1.0364871376309492 0.990784891270192 0.9566064539271927 0.934762923122199 0.9178731533011616 0.8859592804283453 0.838572370289109 0.7855827348651763 0.7309346926897459 0.6801364868170315 0.6388787520055111 0.6207270501852026 0.6350875089912797 0.7534369472512007 0.8989663314403652
1.0585544400038762 1.1123681988506886 1.2014836173573102 1.3259308651645956 1.484272589504796 1.6648682462327546 1.858251789416777 2.0567415579218635 2.258663942807248 2.4625657748422043 2.666998189152106 2.8704990225346423 3.0711934543330193 3.2638850688768564 3.4023742275319284 3.242305530524437 2.962288634438396 2.6786859588194734 2.405346573455504 2.1476427379812453 1.9143693025465678 1.7171443411568195 1.5564484361776605 1.4272185611252366 1.3151575023235604 1.2164875981045373 1.1301195249838818 1.0552254589938295 0.9913798860190935 0.9386152542605374 0.8974266643366458 0.8687472368377644 0.8466331588157749 0.8105448339991017 0.7592466967939204 0.6971620094469461 0.6363115167177066 0.5852906890120786 0.5446707865488523 0.5312759520064818 0.5648785709388235 0.6662720722467533 0.8097786488952692
0.9307907235294451 0.97290994043765 1.0523985017888733 1.1704253104880102 1.323336334484099 1.4989508306844084 1.693978715129354 1.8997910164172256 2.110922901905818 2.3247027395544584 2.538842727030571 2.751417149944789 2.960386448650195 3.1606845968192667 3.30681927928468 3.152100618455119 2.8778191541192824 2.6008602223659767 2.3353810322091477 2.087061872461094 1.8601528211813219 1.6681259404557207 1.5131560305815728 1.3837659487573768 1.2708130247295208 1.1705810480381393 1.081860260204801 1.0038143076131185 0.9360768169016349 0.8787845836746062 0.8325809526569729 0.798606823431526 0.7712180905984626 0.730288894132595 0.6751495414967628 0.6073356372013715 0.5436667498367121 0.49168702705818745 0.45007162356283237 0.44441341749825436 0.4863748455934471 0.5797896694649937 0.7158235631077202
0.7949974814289053 0.8213630087050879 0.8870760017810677 0.9948975958072148 1.1369361877050694 1.3058446064273463 1.4983368841217548 1.7081039246757181 1.9241447507088794 2.1409159714314923 2.353945856051391 2.558178385665154 2.7453256251797202 2.895518475269795 2.9564993445624634 2.8659990288779627 2.6663398580746285 2.429840108499212 2.190642047055901 1.9635167536211646 1.755029751628854 1.5765997975253931 1.4323903547963182 1.3091693483551283 1.2017551314169017 1.1054688472876866 1.0190156227431166 0.9416382638880926 0.873124082538812 0.8137976227043615 0.764516066277446 0.7266795948934626 0.6937615401443796 0.6465220427796063 0.584862572513766 0.5132840924353037 0.4453519487500368 0.3862096228126344 0.34266015939364514 0.33992710944901905 0.38411328548476287 0.47459913895456185 0.6058640442904879
0.6556643354822663 0.6613368083578056 0.7078125030097691 0.7993169467825844 0.9274235445597686 1.0891680949155713 1.2791097364789576 1.4885814103042747 1.7066854047861533 1.921660133044615 2.126491888163658 2.3132484622347294 2.4701353805798547 2.5772233321917186 2.605579482501591 2.5360236924170447 2.385346765961361 2.1910204585945365 1.9843298167466625 1.7849639748185961 1.6031093181042344 1.446589222015807 1.3182433342538804 1.208187183637332 1.1123708471153786 1.0252281375758496 0.945340593088119 0.8721724547670625 0.805780735431555 0.7467547872164021 0.696202421540692 0.6553059210836878 0.6137865420352095 0.5560746130606667 0.4856147895156322 0.411396427187086 0.3343672623511831 0.26670037278259184 0.21946752599012775 0.21651541563039656 0.26100597276004733 0.34990958699809327 0.47792002419188595
0.5117593243742204 0.4899643928308688 0.5099578885917475 0.577663519313472 0.6896099539360093 0.8457595977451013 1.036469024759689 1.2476611308985976 1.466352647106209 1.6797669894209712 1.8750917136123633 2.043154346767581 2.173835422982929 2.252576346687971 2.2643116700398442 2.2026144272041335 2.077756417048831 1.9129213213379412 1.7340686296649601 1.5627431970781864 1.4115251759403558 1.2839012143486257 1.1780343243879057 1.0877325359919698 1.0087405216946737 0.9352289950696469 0.8655614163739606 0.7996295056090815 0.7378911797326506 0.6812510283374017 0.6293716847699435 0.5833529283002209 0.5304452247522516 0.4609601797902927 0.38303280483879854 0.3009653417176421 0.2114998311622378 0.13370493721157306 0.0814485236661242 0.07708469627890513 0.12179673746320252 0.20997988838391257 0.3353575786269887
0.36748568936592085 0.3135689715242169 0.29928685887862194 0.33394733582556624 0.42706278993693525 0.5823077203290151 0.7795988906886506 0.995518280375254 1.2136762331036364 1.4226252548448044 1.6113323845351213 1.7672388103531769 1.880065867596275 1.9399869886639882 1.9408977593445191 1.8808792499316502 1.7675595278784697 1.6180711591904713 1.456417673186902 1.3084261862240103 1.190272798453323 1.0977297088054636 1.0218671007591773 0.9569645932253834 0.8985140495007021 0.841894246574328 0.7851021840159788 0.728698390644656 0.6735241948263126 0.6183625947784765 0.5643834854707981 0.5130754613932054 0.4482268354234429 0.3694082745758118 0.2817331355648296 0.1842804932129063 0.079140225123149 -0.0112748987367437 -0.06875019888251499 -0.07359690672394081 -0.027087375089234422 0.06147511408981665 0.18430157950384385
0.23505807980164417 0.14713855804302134 0.09088660671695892 0.07729201971408695 0.14640736221876116 0.3141885633002852 0.5274583786122269 0.7503500327963206 0.9677175919609117 1.1700666368639079 1.3489995011691587 1.4956224046716806 1.5986777808358024 1.6499391160796344 1.643910259402977 1.582759332197657 1.472683388805561 1.326270890210333 1.1667749083710892 1.0320892278113096 0.950721794320441 0.9024823328010743 0.8634036513386243 0.827257823493049 0.7906894428736754 0.7522166948490052 0.7096352306188077 0.6640120785328922 0.6139255296856061 0.5603583244165311 0.5057796512321246 0.4494025073740604 0.3766106974204104 0.2881278433526364 0.18705351608245868 0.0683402353550191 -0.058554985842413254 -0.1661367262176925 -0.22708364770082357 -0.22820565319832187 -0.17653199578114576 -0.08650375167805513 0.03308254771205443
0.12815957544065393 0.011652117256770067 -0.08411894154006117 -0.16455495376508922 -0.13895763514160597 0.07823983008921975 0.3116763016523143 0.5390987494599212 0.7533048163712517 0.9479296463866554 1.116329881467423 1.2514804571461944 1.3462583960844374 1.3932778788936384 1.3865638027099745 1.324710623615009 1.2133898200150814 1.0625140371303703 0.8875945796563915 0.7415261359857361 0.7133397887302934 0.7213760275055561 0.720188636289761 0.710229762000714 0.6926753033815658 0.6695656877837008 0.6402974825899747 0.602986444515435 0.5581157695371165 0.5085066876832782 0.4589196330582823 0.40054045423858553 0.32177068533914865 0.22426353256978637 0.10763398405225155 -0.03504520267370226 -0.19267203765501573 -0.3281720054677961 -0.3867879574901629 -0.3737926566423462 -0.3131832750823824 -0.22234318270022602 -0.10834611979867392
0.05745373322039238 -0.07380260421290474 -0.18238817276763375 -0.26797296624913214 -0.2453242262522597 -0.05162870589513879 0.16778707872889065 0.3831859125825685 0.5857645261205198 0.7688215275856884 0.9259160989248338 1.0506759498271028 1.1370299687098355 1.1796885318780743 1.1747644081661999 1.1200798968767618 1.0153191060562012 0.8674099355281033 0.6849580815601964 0.4905971154077906 0.5411621992842108 0.5852480275540591 0.6050624650517501 0.6108719363070341 0.6062424011021871 0.5942526362173182 0.5747896379574507 0.5445445053189274 0.5075650332861239 0.4673084398133349 0.42477327536223974 0.36429390931545047 0.28296630980942195 0.18178006232486155 0.054878486952096406 -0.1063508222617966 -0.29709493123964203 -0.49048896605290904 -0.5266718959460677 -0.48466659460505235 -0.4189984323244349 -0.3331386611866216 -0.22968139053879244
0.02547295269379446 -0.10660389016463112 -0.19989381931233918 -0.24498657384481537 -0.2084334780370416 -0.07898040446050159 0.0976651359139118 0.28621507608374697 0.46960010980870104 0.6376675552448525 0.7827155264940795 0.898206656871708 0.9785436004955635 1.0192606888988993 1.0173975619521924 0.9719417646491729 0.8843930035899213 0.7599646264111937 0.617863379771209 0.5075306857434372 0.48840563422397154 0.5077502382006751 0.5249461223201208 0.5345021959452737 0.5363999054565755 0.5320492273967926 0.5194775515842387 0.49906060687598197 0.4724472870902132 0.4429335420700755 0.4030909700059411 0.34220832838317605 0.261176781245527 0.16096428899429793 0.032770359802567484 -0.1289202168348822 -0.31902481555236406 -0.5054654971056418 -0.5538774556719737 -0.526462396344902 -0.47768704821663177 -0.40827198731865555 -0.3198946368810722
0.02921092420550342 -0.09412638728621459 -0.1703931718350573 -0.19399101457552592 -0.15756935500518998 -0.05950112701409149 0.08105622050884853 0.24093825633287858 0.4028796375903574 0.5548833940151066 0.6880742041659272 0.7955183949939779 0.8718120697812953 0.9130902782044875 0.9172764996483683 0.8845326300018745 0.8176223079482396 0.7224453341565912 0.6151123081134466 0.5302956636524809 0.4896632316247296 0.47839393633449023 0.480240412973155 0.4871013802198174 0.49189472700438275 0.49141397048255286 0.48391118969568003 0.4718036869257316 0.45575416306869476 0.43441125995604346 0.39439408494909034 0.33486828688857395 0.25698087786430324 0.16205360519058787 0.04093295604535019 -0.10707604964913853 -0.2698337638662629 -0.41064475016932644 -0.4841351713235975 -0.5003543128613577 -0.48217532530206886 -0.4322176567274787 -0.35604085683257436
