_RESULTS/REVERSE_NEW/Berg/IZ/3comp/Berg_IZ_z_63_kriged_reverse_3comp_test.asc
ncols 100
nrows 90
xllcorner 5.6208707817415728
yllcorner 50.959635321741573
cellsize 0.00013419651685393446
nodata_value 1.7014100000000001E+038
[rows 40 to 59 of 90, columns 44 to 87 of 100]
64.00500613527564 65.13771581606986 66.24369974762959 67.24655325464492 68.07570479606466 68.6735563300204 69.0016693412837 69.04528666173239 68.81534337515696 68.34806920179575 67.7027225100317 66.95680460521453 66.19647681257628 65.50491728340107 64.97140054173894 64.72019131105513 64.8572334570209 65.36244232571056 66.12757420822068 67.05037109024589 68.04150069879856 69.00961879977943 69.86954652018521 70.55648488263661 71.03286695341357 71.28651963514756 71.32297604542805 71.15520521143199 70.79351898198524 70.23812288383567 69.4773928921253 68.49574068869244 67.2909368492816 65.88998990319944 64.35064167497315 62.75166569792786 61.179985191113836 59.70961858308457 58.39834299016853 57.368356220655336 56.85876794767852 57.02721734294916 57.761476065234305 58.81576272788642
64.0285928527247 65.08676817053549 66.12535025473152 67.07378188793797 67.86622838596837 68.44816320266185 68.782236329387 68.85291187359493 68.66892765935569 68.2632772696191 67.69097603725059 67.02406531320372 66.34265904355587 65.72772628751048 65.27399463721864 65.10074307469897 65.28369743874994 65.78804306781379 66.5246559164517 67.40879268495792 68.35433915140368 69.26922890724325 70.06957861086087 70.69447205217848 71.11202411166072 71.31658515350688 71.32003326311319 71.14042757627604 70.79094246151683 70.27159440419413 69.56659261117967 68.65138225877088 67.51110472037048 66.1609711162954 64.65213523650623 63.062087048230765 61.480478731173264 59.98815784104162 58.64771038951044 57.57120258905582 56.98336039449823 57.05401591251825 57.698947697430356 58.68278518526828
64.03384605105579 65.03529185924613 66.02590535071774 66.94083435153036 67.71895655383486 68.30885184977437 68.67418263916076 68.79822158980774 68.68660555997586 68.36768659788352 67.89051927387018 67.3203135907299 66.73132158246158 66.20243518585029 65.82441823011222 65.69493155510285 65.8652988627546 66.30920038414017 66.96321523470755 67.75560635865261 68.60315491613123 69.41618749974062 70.11508058170551 70.64448460694241 70.97867428333574 71.11820491129555 71.08054190159491 70.88789481748344 70.55546928165268 70.08282775799191 69.45081989337446 68.62753266696431 67.58596078625926 66.32696904652443 64.89089779260947 63.35102830770519 61.79829133583542 60.32009570891249 58.98793708440016 57.90783502041016 57.27744481703024 57.257605235300524 57.7919240634852 58.67219457924586
64.03746585032451 64.99788889844625 65.95724414240934 66.85618973325802 67.63821404648618 68.25497519997967 68.67110209231107 68.86842575127002 68.84885466480489 68.6350601122422 68.26882937046264 67.80725939442624 67.31731235354057 66.87186942666351 66.55003148825254 66.42720656885997 66.54302358313942 66.88639973031592 67.41498559664795 68.06830307741555 68.7698202290142 69.43693847963371 69.99758704097927 70.40353644021627 70.63536878734634 70.69907466365287 70.61641588172775 70.41225520094075 70.10243586581566 69.68518788624327 69.13824358992345 68.42410634118437 67.50592435142218 66.37048773933027 65.04457639771807 63.5937325512108 62.10763855832715 60.67878421585973 59.38916742875961 58.343053777076015 57.7062685838061 57.61408068269825 58.030823701197285 58.78550481130931
64.04977607476468 64.98105420363386 65.92121269284303 66.81627305343764 67.6142337191902 68.26976831406346 68.74844170030008 69.03055136574845 69.11397762539725 69.01512230186 68.76763595352816 68.41926365398423 68.02746303355875 67.65532495191502 67.36839002559198 67.225813018014 67.26240970940337 67.47920240618403 67.84967140379395 68.32575228087005 68.8423871107526 69.32863365627374 69.7229982278837 69.98568110764492 70.10347644136627 70.08671135788069 69.959745653119 69.74820305919388 69.46684354152886 69.11134682230798 68.65605813374034 68.05921354326821 67.27710298014308 66.28531498445194 65.09721687429985 63.76793668433809 62.38259670877516 61.03611096168865 59.81964823759425 58.83714285383799 58.22354269500192 58.08147439578782 58.3870681385094 59.008060740425314
64.07439958513163 64.98373309211888 65.91110003665044 66.80787194363276 67.62653511349365 68.3247239032392 68.8689139315772 69.23789817474928 69.42554329583382 69.4418866787075 69.31216228354985 69.07412553637575 68.7743723090448 68.46450374478718 68.19730076195955 68.02023106700885 67.96499561553657 68.0403615933551 68.23241569615973 68.50701958061379 68.81426556792564 69.09833019702772 69.31061557637885 69.42072676452142 69.42138889707603 69.3259788089824 69.15958240754584 68.9465898969969 68.69894544873031 68.40860047932091 68.04615268681304 67.56648146744652 66.92175070989208 66.08031097401957 65.04480695879542 63.85943437746155 62.60207261365125 61.36681180912866 60.25001302693984 59.35298112749459 58.78316457548277 58.612367906924334 58.822174711317906 59.31426433035
64.10895402857356 64.99891154445992 65.91419606808978 66.8116705144033 67.64841613492106 68.38503648708387 68.98892824426812 69.43751627345198 69.72094060685255 69.84324510556715 69.82161530897066 69.68406081617697 69.46628459455991 69.20840626566029 68.95170657963624 68.73423662099263 68.58446154502403 68.51582612346823 68.52490264531416 68.59189917143578 68.68374737246502 68.76150032513287 68.79065687663874 68.75039624566121 68.63826987381752 68.4690952708191 68.26808842387429 68.05861106773128 67.84891664519076 67.62528746870528 67.35333427754325 66.985027033163 66.47071438825158 65.77543219660316 64.89506039940274 63.86461936936178 62.75376999745437 61.65250642046737 60.656501432613666 59.85978181202536 59.34628396262389 59.163856451446485 59.29694511528395 59.67392599142918
64.14612489252937 65.01558834409853 65.91473008126881 66.8061153215369 67.65168111567289 68.41514824608697 69.06497217334919 69.57751056833649 69.93971750512638 70.15039038171899 70.21956147568295 70.1664816170291 70.01696920817629 69.80075666728487 69.54907397267839 69.2919115579192 69.05423735419572 68.85218210690464 68.69083999205561 68.56370924290243 68.45411922771355 68.33974671757458 68.19913424321894 68.0161138938986 67.78037516629335 67.4965207372039 67.20770051674117 66.9800257229917 66.83240668280736 66.71731986712966 66.56713155770774 66.32362409038879 65.94046441769761 65.38719169651615 64.65978208329923 63.78843605174417 62.835514695094666 61.88402375303747 61.02283716164722 60.3344424901793 59.883634364741155 59.70230109907665 59.77757257229022 60.05765730757
64.17420987128558 65.02029949619168 65.89643655621138 66.77091907390988 67.61099178097653 68.38392587941419 69.05965486014456 69.61403374601831 70.03161758226972 70.3069602558603 70.44415762534976 70.4551443776438 70.35749065132853 70.17229895242046 69.922515712088 69.63140099615039 69.32049909162735 69.00725256979061 68.70316541736476 68.41276031731904 68.13352649210343 67.85705929317855 67.56666402426583 67.21268131493059 66.65874994593933 65.75812839675595 64.74030299265492 64.22275207962932 64.42474725141824 64.93590026520455 65.31840360327443 65.42686799526481 65.27672001383335 64.90527144033273 64.34578366933887 63.64163471410886 62.85479923641512 62.06144924875867 61.340485863765146 60.761601526100115 60.37524687572397 60.2040118229629 60.2381528959803 60.440315275205826
64.17626226089483 64.99719060470571 65.84386928337102 66.68950381909872 67.50726596717975 68.26895285800654 68.94689073611244 69.51733647508959 69.96343390699649 70.27662675903849 70.45643065236983 70.50910747802443 70.44589290629601 70.28132288200524 70.0320484883679 69.71609735922151 69.35201633010286 68.95761068454715 68.54867392298274 68.13782889338127 67.73316394983591 67.333906555999 66.8994110556517 66.18996217628987 64.41383638159073 60.68842760387664 56.366609903856336 54.55128035694729 56.19685829260401 59.50113515117184 62.273438326360576 63.77290669096703 64.308120275508 64.29097570104891 63.96036189743057 63.443329006687044 62.82789423798165 62.19213612913628 61.60743097234263 61.1329205535569 60.80925345670089 60.65406965722764 60.6607955269577 60.80255878978369
64.1277513263255 64.92564490890676 65.74127266090633 66.54939090298663 67.32925088656602 68.05891228412305 68.71482214423007 69.27499916499687 69.72234071033887 70.04637640043231 70.24343601493173 70.31577792645783 70.27022024626746 70.11677420223333 69.86774971879404 69.53747169943263 69.14214529240816 68.6993673406718 68.22735113040555 67.7437739494146 67.26288785486798 66.78113442882574 66.18214277000266 64.77612530218556 60.43024474988241 51.67729955797496 43.003207270478086 39.773025849847905 42.76777979896299 49.736070921832194 56.71300952682178 61.057820167662115 62.97717961906053 63.56867814027582 63.54298947994357 63.22731323549968 62.777325658329694 62.28719226806988 61.82609079135223 61.44585540827103 61.18046466023319 61.04471498359826 61.034677576928765 61.13108920329006
63.9958315702235 64.77619204352743 65.56802517054855 66.33913100637065 67.07204613760007 67.75294401471179 68.36528568912561 68.89104963793694 69.31441512415962 69.62431364066309 69.81528726231494 69.88715977985679 69.84404248646135 69.69318684810766 69.44424286100276 69.1092105139465 68.70270806321899 68.24191784751906 67.7460690018142 67.23514927855379 66.72495030824535 66.19962407813041 65.4497813726058 63.39426352365313 57.198132158136275 46.05089161884194 36.2079982627342 32.61351681491726 35.48414382149993 43.24816202426473 52.271061216513594 58.67464990469108 61.7960330548904 62.940540071203024 63.183019354791135 63.03722426318858 62.725267990756365 62.357416913017396 62.0012027980812 61.70219451092663 61.488889274327065 61.37379553700356 61.35480392353211 61.418148832332605
63.749392682016435 64.51174536161409 65.2932754794743 66.04126576829455 66.73129261145444 67.35616276342526 67.90970667122286 68.38145132522851 68.75931083353201 69.03331894240785 69.19767372846425 69.25116091584476 69.19657401097592 69.03977334766445 68.7890588076739 68.45526213789302 68.05222655188683 67.59690040645688 67.10873917056847 66.60793932570938 66.10840509118269 65.5836340071202 64.80686351584224 62.82513215421498 57.507424024637686 48.29674098145675 39.730249417805396 36.182708817694284 38.36617161023362 44.921726269384024 52.71496264774683 58.478692155432974 61.46012433205815 62.64155073718195 62.96062555764802 62.90307820649564 62.6850829508499 62.410397969452326 62.13831791291262 61.90663465163385 61.738274346464294 61.64334185460795 61.620743900042655 61.660654154426595
63.38885036540094 64.10918664456284 64.88253424804847 65.62723370985488 66.29392182223847 66.87084910889209 67.36152540540972 67.7670103657128 68.08284020334051 68.30278550061585 68.4224572390614 68.44092353215304 68.36077961639963 68.18753598744618 67.92917933020325 67.59641724486983 67.20327178702875 66.76708290555705 66.30745162694414 65.84369728791313 65.38720030006264 64.91399620602608 64.27306878941715 62.97021335852702 60.063492205636116 55.15265472307652 50.00832362004057 47.393553689069904 48.469940392204755 52.315945737994774 56.78158257727556 60.09516626252965 61.89587783901101 62.65689755572361 62.870386411371214 62.82317285347651 62.6582334196127 62.45010988964198 62.243074252508045 62.06555823239722 61.93475931345921 61.85826716130314 61.835415279364646 61.859174858056285
62.9800116016844 63.60389242066823 64.33383411641483 65.07281957783373 65.73591174355529 66.28640989851506 66.72525987534084 67.06367406969369 67.30824441080033 67.46011446618783 67.51885246774923 67.48545481899451 67.36348729824665 67.15912373335962 66.8811025950452 66.54120874623865 66.15491567543776 65.74108953480203 65.32018388092588 64.91097048504547 64.5243691256744 64.14950456735423 63.72401348585923 63.0914200722382 62.01341276153607 60.392486344255424 58.63855366038757 57.58852449634561 57.79454057017625 59.02631541482444 60.5469322922538 61.750422309941875 62.459972269885796 62.77405506105174 62.84227565917716 62.77466861346706 62.63922404726856 62.47848872170982 62.32096702470555 62.186058822475296 62.08572497932248 62.025215358742024 62.003954843322774 62.0168869636468
62.64328874009125 63.11228169005227 63.726166417114605 64.40604933870794 65.04892840685699 65.58366986014093 65.98837051173905 66.27086123556933 66.44516439678185 66.52134980958516 66.50559643948444 66.40306131327878 66.219992981433 65.96472637716283 65.64831661453583 65.28536451762739 64.89461769035884 64.49819702175759 64.11895254902801 63.77668827716254 63.48390252254952 63.240850621066826 63.03037228069896 62.81623844714542 62.55478252638239 62.23069497538367 61.90255276897848 61.698373618746494 61.72397519592532 61.965030393693766 62.297980998266624 62.58998695526936 62.77236478053735 62.840045999450226 62.81806209996458 62.73672976475388 62.62258987164409 62.497136557508895 62.37722070797733 62.27520291290034 62.198881740757514 62.15159457104392 62.1327221746685 62.13859231219212
62.478372291984606 62.773697170288976 63.207171875860766 63.7414232396343 64.29192043333933 64.77372333811603 65.13711894001726 65.36974945753884 65.47940691073899 65.47886969397545 65.37985213300793 65.19284497782084 64.92869702444756 64.60012488542223 64.2229719028564 63.817289727282166 63.40765720049419 63.0216779973943 62.686396044786605 62.42382087247115 62.247083200048515 62.15794245943819 62.146058380623806 62.190887969054266 62.26695663196358 62.35180279666993 62.43353217137992 62.51290797416059 62.596499569629614 62.685035551991675 62.76764582604708 62.827247899243424 62.8505015319353 62.83331310985445 62.78011926494089 62.7004753089185 62.60593447850644 62.50796126095576 62.4165854099538 62.339510098175744 62.281607550476934 62.24482405104279 62.22847983345494 62.22987267045975
62.49112121403654 62.647048254850866 62.89224692516758 63.22423127890352 63.596900870346765 63.94357529849592 64.207674448513 64.35818893167607 64.38694344832567 64.2988612335122 64.1045647895019 63.81741322138734 63.45335083906103 63.03177163852251 62.57640433737065 62.11565016830909 61.68177897950046 61.30843072606598 61.02647705453759 60.85918505335722 60.81791142026497 60.899190570385876 61.084102509150284 61.34117740556771 61.63302750654546 61.924409351946885 62.18839562901728 62.408873994870326 62.57962232744951 62.70125780872633 62.77772520005344 62.81386028288354 62.81465105324092 62.78561795978456 62.73328373467753 62.66514470802359 62.589149315346745 62.512942490876576 62.443118143273814 62.38464003933989 62.340522560795776 62.31180266174376 62.29777589957423 62.29642140598754
62.6006360588261 62.675007793466406 62.778149401068895 62.91952641860345 63.08204026133202 63.22798683988481 63.31522962816336 63.31117915990146 63.19798407914763 62.971125089495274 62.63646766730788 62.20865488887091 61.71081502040394 61.173892670072185 60.633906369484855 60.12745389278751 59.68843092757401 59.3482024080712 59.1366969012486 59.079576131181156 59.19053077235947 59.46266350657463 59.864721151976575 60.34645797288142 60.85170149649623 61.33180258678684 61.75308812859793 62.09769834975336 62.360713486084364 62.54621560189538 62.66358545060554 62.72454463075743 62.74114664804803 62.724699099329364 62.68537271284894 62.632142030351 62.57277248540816 62.513734946667356 62.46006795247106 62.41526668203296 62.381270973913274 62.35858670167546 62.346532149161604 62.34356899937297
62.709710470764456 62.74759575800729 62.76815838852874 62.77609423825541 62.76371828930971 62.71076900918208 62.59041006825983 62.37693477165889 62.051379425212794 61.60477313811621 61.041041083055646 60.381026128756766 59.66593413413713 58.954287429869424 58.30674418878111 57.76481030143593 57.34411082258991 57.053713287376965 56.92017928963811 56.98594244328091 57.28206263378362 57.79995348955428 58.4834921050877 59.24688333860606 60.00485911939107 60.69461559255418 61.281063230475986 61.751449493807364 62.10780926665379 62.36097504037665 62.526387322303435 62.62115880264519 62.662061653452675 62.66428572511913 62.64082582250804 62.602315469448 62.55711525372871 62.511506131964765 62.46990777603959 62.43510175150162 62.408468387997 62.39024737460708 62.37981954165769 62.375994091824225
