_RESULTS/REVERSE_NEW/Berg/IZ/3comp/Berg_IZ_z_355_kriged_reverse_3comp_test.asc
ncols 100
nrows 90
xllcorner 5.6208707817415728
yllcorner 50.959635321741573
cellsize 0.00013419651685393446
nodata_value 1.7014100000000001E+038
[rows 38 to 56 of 90, columns 0 to 40 of 100]
0.05289535101351658 0.06934062471742466 0.09161060074847924 0.12048836953052994 0.1555243381437026 0.19407041240061024 0.2307357995936172 0.2580868459933734 0.26893589766706594 0.259367050186854 0.2307334898130356 0.18927635462695006 0.1435405714112474 0.10115534762180935 0.06673153301258966 0.041581255179043215 0.024723072178703665 0.014185382420828747 0.007954461406034403 0.004423029578251151 0.0024801320118289488 0.001429660371278283 0.0008654293644313057 0.0005625437092195963 0.00040129613646744573 0.00032029477152740186 0.00029030465074000975 0.00030135702846154295 0.00035860968407049764 0.00048559702252409575 0.0007367163889393997 0.001223903371843181 0.0021627915033164656 0.003931084491638755 0.007085189015102776 0.012190094965967931 0.019272923623627453 0.026993658263629913 0.03238439301206949 0.03233422370722629 0.026298256643158678
0.06279333482567523 0.08387622410541827 0.11269775351664235 0.15028361610591942 0.19586147254293867 0.24548556222774945 0.2913722138105813 0.32316761600525956 0.3315153773635616 0.3124008812857755 0.26951422406127346 0.2128499841450272 0.154351882861354 0.10337968995001472 0.06446722604921037 0.037790976256056534 0.021049222049005497 0.011272904454007466 0.005883446508231602 0.003039777087166146 0.0015837939949807588 0.000850200017157413 0.0004816265452335926 0.0002952794198895566 0.0002008241250081798 0.00015486367208294557 0.00013767397292062364 0.00014241411771823332 0.00017149618747013676 0.00023826340385757976 0.00037505039254762443 0.0006516069532949832 0.0012095313427194121 0.0023117763779078883 0.004374022502579485 0.00787157883983989 0.012958227179074097 0.018811866331202517 0.023307016949402667 0.023980881852367707 0.020094618855532057
0.0747975691071839 0.10164839648670448 0.1386602009944723 0.18715032789899136 0.24587920256355936 0.3091480691519435 0.3660328174056779 0.40249439011711513 0.4066820371490134 0.3749114372111707 0.3142431657774491 0.23948649953787032 0.16651339898315032 0.10629668228605814 0.06283566538879998 0.03474332642855745 0.018170259315768215 0.009100527924717248 0.004427774181518723 0.0021284924669219157 0.0010316374840170209 0.0005162701636656495 0.0002739885859108145 0.00015862760756624292 0.0001029997814698661 7.686124776560261e-05 6.714057877411945e-05 6.934555770291055e-05 8.468582539591428e-05 0.00012099222136426039 0.0001980892088980323 0.00036087307090147555 0.0007056937735562351 0.0014230108113375238 0.002837224049515226 0.005364506587304848 0.00924272584657457 0.013989926599580895 0.018016002689493774 0.019230285777397323 0.016705016932776352
0.08866099704724112 0.12221924427378685 0.1687274863507896 0.22977147287905297 0.3034374487749081 0.3818231497297238 0.4502605497577427 0.4905665034619041 0.48844254542249366 0.44120294518982545 0.36024958600419427 0.26591237031673554 0.1780764630668739 0.10891474369551586 0.06137976298392795 0.03220374589553995 0.015911464947718477 0.00749940541397568 0.0034228173335096573 0.0015404805378163482 0.0006988697438027066 0.0003280304182584303 0.00016405592997808366 9.019483672146903e-05 5.619977253982666e-05 4.076596410209649e-05 3.512200216929722e-05 3.6324943043672584e-05 4.507781723368807e-05 6.630743749820463e-05 0.00011296239995337572 0.00021577468972045356 0.00044438987977034436 0.0009451959885997481 0.001986224481077504 0.003948934558514431 0.007132985943509128 0.01128631234115719 0.015158863377507771 0.016850475866669563 0.015229597822673786
0.10360083793784461 0.14423004573140152 0.2005881091162497 0.27436965358184673 0.36272923344856567 0.45528379453936496 0.5335148404286911 0.5753686926022284 0.5647777568167994 0.5008518431053411 0.39978648332494937 0.2872503865607213 0.1864696764262811 0.110104453982067 0.059668248535858726 0.029987955157310116 0.01414030777984896 0.0063388330183379955 0.0027441018392256765 0.0011694113921066978 0.0005022698647496764 0.0002236162155908543 0.00010653518487494239 5.617943424567229e-05 3.3890686893284875e-05 2.4073683823777525e-05 2.0571279475583375e-05 2.1382416656692675e-05 2.700717320809848e-05 4.088776180312366e-05 7.233830389421086e-05 0.00014440531159143796 0.00031194278097748597 0.0006968011889693464 0.0015369616625811808 0.0032024243280312755 0.006050865128941683 0.009998798912656488 0.014010787345016125 0.01623951737821681 0.015296180493198181
0.11819051020467265 0.16524486907261607 0.2301884724295222 0.31450026375400353 0.41416660468431826 0.5164500608627576 0.5997353598595234 0.6394378902299251 0.619109418202645 0.5402972206185842 0.4234206177610253 0.29799781217554533 0.18904339514219848 0.10882727516811203 0.057358143266218395 0.027964629359687552 0.012758676183505024 0.0055204848373824385 0.002302061808565257 0.0009438823124783666 0.00039007341533942654 0.00016738102223806507 7.713623786492576e-05 3.9568846799123326e-05 2.3395874860432358e-05 1.6436787320412567e-05 1.4030843895646412e-05 1.4717519686010356e-05 1.893870052226609e-05 2.9452178045810285e-05 5.386472672082678e-05 0.00011163217631378712 0.00025092574862685597 0.0005836279865678721 0.001339961042725442 0.002903995966827277 0.005704402780390391 0.009801068881861991 0.014291356230397139 0.0172572131113091 0.016947054248607193
0.13046454188197446 0.1820097503009551 0.2523073617907488 0.3421980959374499 0.4464256560990202 0.5506095388708706 0.6317648713918469 0.6651023587587259 0.635599136761657 0.5473667070062038 0.42325227502824836 0.2938992955648414 0.18393480503466725 0.1044337947081677 0.05425771825317757 0.026053512452491403 0.011694416650708637 0.004972377856557132 0.002035640705014165 0.0008190334754633443 0.0003322682760620856 0.00014016559874800548 6.367522903161209e-05 3.232871691079519e-05 1.9016989762236812e-05 1.3371802534071158e-05 1.1497100035331239e-05 1.2222359585339431e-05 1.602744416239435e-05 2.5510055496979084e-05 4.789271304742789e-05 0.00010205209649631481 0.00023596956411058958 0.0005644804516341964 0.0013325882472691598 0.0029702814974428763 0.006007972145352049 0.010654063639933934 0.01608636851852539 0.020187090723295092 0.020664491512876065
0.13832159071861036 0.191248958478024 0.26204678067192266 0.3505709147855797 0.45055734412915843 0.5472452989509988 0.6186207599803617 0.6423545610923005 0.6064460596626579 0.5169831764964351 0.39661487639256743 0.2738906905495033 0.1708658765535018 0.09689928036399084 0.05036276181350632 0.02421862746666615 0.01089378460164037 0.0046434723645208285 0.001906275288302072 0.0007694428013264057 0.00031338415365378907 0.0001328807063641209 6.077952793947241e-05 3.113617413003893e-05 1.852468642955366e-05 1.3206376783860646e-05 1.1537162975609995e-05 1.2481518396784437e-05 1.6669282794046707e-05 2.7018050219725254e-05 5.160533415959088e-05 0.0001117067291921186 0.0002619637445005653 0.0006348082657654912 0.0015178025655062989 0.003430922984897178 0.007059605723027434 0.012797281981870244 0.019875105117316435 0.025829302022342487 0.027549873261674445
0.14015131029870437 0.1907833191778392 0.2567178954314874 0.33674638893306696 0.4241716981449189 0.5053381030331746 0.5613956503514311 0.5745297571102808 0.5365341677056921 0.454334772791943 0.34783141423681874 0.24085831869293622 0.1513767397386069 0.08685735412960624 0.04584457494736382 0.022457057536363158 0.010315329045490606 0.004498987201884302 0.0018929316462496044 0.0007841478083160762 0.0003281481717643359 0.0001430934432324055 6.734858084637888e-05 3.550501468191353e-05 2.172620516515239e-05 1.590824381367054e-05 1.4240635331562615e-05 1.5734460617581636e-05 2.1371528028940893e-05 3.505996316894117e-05 6.743622123503194e-05 0.00014630227408772865 0.00034254537705631036 0.0008268684449997941 0.0019690983958560375 0.004443948182492284 0.009176087939164825 0.01681897859463626 0.02666194391566228 0.035733431387250526 0.03969601485707911
0.1354200535983031 0.18042091444034095 0.23707110938012962 0.30335164857557184 0.37288521761102256 0.4343363575066937 0.4733206100303423 0.47730782642969516 0.44164022136894143 0.37286362355621755 0.28654144762003314 0.2005647161403123 0.12828892537495024 0.07539336724147026 0.040990188332308566 0.020785389488202684 0.00992518011284998 0.004516162638610139 0.0019882292428805353 0.0008637735003298663 0.0003796712957512197 0.00017400194548283953 8.602381515988785e-05 4.754387716591831e-05 3.0393642810641377e-05 2.3130175270267176e-05 2.1375596459629105e-05 2.4185704065277636e-05 3.333781795086208e-05 5.498289780618627e-05 0.00010536502709851747 0.00022594864130905503 0.0005198077067845637 0.0012288376677670014 0.002865689903898103 0.006355449802809509 0.012986826436379204 0.02379817941169094 0.03819565024249803 0.0525556652393519 0.06077170959973974
0.12489707669327885 0.16208048614838852 0.2070481326046258 0.25743978011449237 0.30785096317341615 0.34983988680681777 0.3736144833366215 0.3714153052076704 0.3411941899423945 0.2882849395517921 0.2236209573246121 0.15937896135766064 0.10469664496442431 0.0636999003861575 0.036118939491814876 0.01922682754329592 0.009693498660828248 0.004680094303267499 0.0021951895152464555 0.0010192198623114098 0.0004796660310546431 0.00023543473336147986 0.0001244559300704601 7.326749642125728e-05 4.958210137121401e-05 3.9602237637551447e-05 3.8001353625042176e-05 4.409562829760561e-05 6.150710263947654e-05 0.00010128013223766554 0.0001913595073893815 0.0004003117885957884 0.0008914209498416349 0.00203133060067519 0.004566358619589771 0.009805447542142411 0.019570153002327468 0.035468443592135204 0.05717804559446321 0.0803927880500287 0.09666248063939932
0.1103814340519606 0.13905419542636008 0.17218950329180455 0.20755188469665098 0.24104669413681032 0.26701095891168475 0.2794713456469231 0.2741975637454011 0.2506649873759602 0.21272405406792505 0.1673688606127522 0.122207941398857 0.08305265946904627 0.05276356324479504 0.0315080513980096 0.017801542650779163 0.009591875743571161 0.004979320559005396 0.002523758874143548 0.0012708959310063163 0.0006500297615066154 0.00034673204921218087 0.00019867682398268865 0.00012609021250434366 9.120991210653143e-05 7.698542125472812e-05 7.697798209393395e-05 9.160682126405256e-05 0.00012885366183869087 0.00021041943024000334 0.00038828640649330825 0.000783251007482021 0.0016664997882136678 0.0036112060291593902 0.007720578359628326 0.01584934751612747 0.0305464713310741 0.05423003474585197 0.08715982174475893 0.12461644514300196 0.15550992773326963
0.09408356344968452 0.11485088581443166 0.1376858435282608 0.16077374073971565 0.18131684358494968 0.1958682702574991 0.20114146452988696 0.19511421758716666 0.17794517345989422 0.15215964204584276 0.12190226449286592 0.09160472519081414 0.06474197484965843 0.04320154036497273 0.027349490732322523 0.01652142345963387 0.00959164206225099 0.005401118584876285 0.002986093849646531 0.001646908032592829 0.0009244914728003539 0.0005410014889504311 0.0003389314398668836 0.00023359860799221428 0.000181633052566968 0.00016255910289874847 0.00016954014780767355 0.00020659726289664918 0.00029187208300568337 0.0004697562190893601 0.0008398272363072581 0.0016183379197457915 0.0032566385840707168 0.006640610706596898 0.013363398717434655 0.025969765101328656 0.0478980810103769 0.08263574558342104 0.13153566672791592 0.19027273313783072 0.2456740806537446
0.07798915356828971 0.0922346219346327 0.10708544672213668 0.12123650988855329 0.1329442697045646 0.14028811758497822 0.141628264389024 0.13613543260980143 0.12416426358978852 0.10725732049744768 0.0877339345358937 0.0680406354723646 0.05015443652268717 0.03525982856352928 0.023741653413651614 0.015388923420001989 0.009663243427497626 0.005926992431848925 0.0035899491163757565 0.002178142656571769 0.0013477443976118884 0.000868669112615017 0.0005969808343020583 0.000447886267641945 0.00037476950779758307 0.0003555836718687999 0.0003861731928716261 0.00048036850846730136 0.0006786128931811163 0.001070536979126304 0.0018425987593939323 0.0033688801610726026 0.006366990324987256 0.012131685242673164 0.022822718313630606 0.04170947090572156 0.07315140113077298 0.12189841773027575 0.19105939106600925 0.27814831037474386 0.3699102850088562
0.06347063270652643 0.07281045436337065 0.08201129817833067 0.09022095266977138 0.09643630082365287 0.09966987000634119 0.09918092526596194 0.0947030181198813 0.08657320401910243 0.07569080780451798 0.06330622991926046 0.05072151665057868 0.03901980695304373 0.028909995602228615 0.020705403466394812 0.014398802695374044 0.009776918173864155 0.0065294941979763075 0.004330693387563205 0.0028886538662007875 0.001968297388521642 0.0013954260944816377 0.0010500486286086628 0.0008555002562843896 0.0007680270519121163 0.0007697414602949341 0.0008669042345401524 0.0010958447765342595 0.0015407734955913582 0.0023712862125726446 0.003911762171813444 0.006757525936002185 0.011948884948096365 0.021200285321525823 0.03716013735212317 0.0636490133139849 0.10575958826126335 0.16951093132067652 0.26034824378539395 0.3793566194548632 0.5165632555748794
0.05121188295588385 0.05711807576701855 0.0625946263346705 0.06712611011929435 0.07017387719286153 0.07126801436630854 0.07011227919193908 0.06667069413040018 0.061201200223485686 0.05421622048501561 0.046378478855643154 0.0383675917782495 0.030762238462084535 0.02396972000998604 0.018210080123899377 0.013541361817644086 0.00990476405792866 0.00717190846191154 0.005184351321110521 0.0037821998992729777 0.002822298944909514 0.0021877893510380115 0.00179132294921632 0.0015745378937837519 0.001506592358469524 0.0015846314555811236 0.00183933568251392 0.002349617460041753 0.0032722816200012298 0.004894466320897094 0.00771711733908063 0.012574100864994267 0.020783917895544658 0.03432700876912539 0.05605322517232888 0.08994356778929671 0.14141798193867883 0.217481824477492 0.32601922443747455 0.47280987163092264 0.6545238890190314
0.04134846765874255 0.04498016410990799 0.04813141391635965 0.05050860924092826 0.05183971688207062 0.05191957818922706 0.050652555821509064 0.04808018628489734 0.04438303832087643 0.03985301805961407 0.03484265313227373 0.029706277529646094 0.024749832971879347 0.02020052869702176 0.016198604769947996 0.012806014384971191 0.010023899292206557 0.007811919102848328 0.00610552588604041 0.004829954269075988 0.003911071605370607 0.003283569862108034 0.002897042178701494 0.002720806401108494 0.0027489931320010775 0.0030082652848742136 0.003571491942031131 0.0045816729825653504 0.006290918260704515 0.009118083748702436 0.013724343718113315 0.021099752260676792 0.032653756019665685 0.05032203200392721 0.07674343567847258 0.11559341167740474 0.17211955564264697 0.2537340736604399 0.3700823431723985 0.5312322328651101 0.7417575618338705
0.03368119154190979 0.03586699742788452 0.03762466313362462 0.038794376904604126 0.03924662978270155 0.0389023312801486 0.03774774553718513 0.03584019709583545 0.03330200074686293 0.030302999065555673 0.027035545278752855 0.0236881557508798 0.020424087672509725 0.01736875787903953 0.014606509636149938 0.012184451386019752 0.010119964602747852 0.008408969412079997 0.007033374398374881 0.005967432237704594 0.005183446092130622 0.00465741307786859 0.0043751102495388815 0.004339232238756455 0.004578664460598063 0.00516172050703508 0.0062158413706242125 0.007956216401803494 0.010724053977184175 0.015030965521767583 0.021600463770266514 0.03139752277947439 0.04565380454928856 0.06593430216338209 0.09433238145890327 0.13388573975682644 0.18924605693370433 0.2674940769366646 0.37869974550385677 0.5352083387345782 0.7476251056082386
0.02786335123192391 0.02915780623750119 0.03010660447756032 0.030625441391682023 0.03065645321376033 0.03017620968552749 0.029199586640235916 0.02777857865765075 0.025995921910821555 0.023954476286589803 0.02176439961605719 0.019530769208124972 0.01734409391007056 0.015275138123545438 0.013374098548416593 0.01167303489962213 0.01018996207351033 0.008933210018360886 0.007905303259547221 0.007106346258346357 0.006537431447841102 0.006204808792863221 0.006125572181661572 0.006335636269959095 0.006900922439549417 0.00793281301826002 0.00960858793957515 0.01219594984290446 0.016077268366315824 0.02176479932802211 0.029897543745028215 0.04122204295596909 0.05658825882540465 0.07702641225726553 0.1039828352680805 0.13976377289048877 0.18818095490028758 0.25532705574091624 0.35026592808176066 0.4850164082477583 0.6723717363132055
