_RESULTS/REVERSE_NEW/Berg/IZ/3comp/Berg_IZ_z_180_kriged_reverse_3comp.asc
ncols 100
nrows 90
xllcorner 5.6208707817415728
yllcorner 50.959635321741573
cellsize 0.00013419651685393446
nodata_value 1.7014100000000001E+038
[rows 57 to 75 of 90, columns 43 to 85 of 100]
12.656879331699297 12.808703386497502 12.944344301924588 13.061101410270611 13.157547983114986 13.233347698219417 13.28875580271354 13.323812551105835 13.337421253195739 13.32664496833313 13.286557540905061 13.210864067332299 13.093315980368889 12.929719117756406 12.720102147237611 12.470443179376685 12.193341156457867 11.907244290824707 11.634278717800363 11.39716818225758 11.215968966875295 11.105263170320798 11.072169856682947 11.115343256247737 11.225146911550036 11.38508157804443 11.574163218285511 11.769725733010135 11.950226989562934 12.097747835616014 12.19986556767701 12.250618832715555 12.250446848503515 12.205207521327512 12.124557634228873 12.020067695564814 11.903436826224176 11.785082840083255 11.673246196120788 11.573612853759698 11.48936674336479 11.421538225577585 11.369511272743262
12.544886662972504 12.682356386407575 12.803576072526255 12.905328044878928 12.985439267346791 13.042555138415187 13.075681712234163 13.083551771383847 13.063967872255938 13.013368835002236 12.926886404070972 12.799084619926097 12.625422173673078 12.404257778396197 12.138920698011825 11.839048488307267 11.520358514588985 11.202704253515728 10.907376338176787 10.65485892262216 10.463213882062911 10.346328904339133 10.311603251196445 10.357905734595919 10.475345623748373 10.647303215947513 10.853484342612786 11.072654505188071 11.28477287602455 11.472781913130769 11.624080331443686 11.731439992923146 11.793152490346982 11.812391782977032 11.795980576925256 11.752861911732126 11.692587752311889 11.624067700154356 11.554713406772565 11.49000640779338 11.433435233890869 11.386702194652843 11.350088238497868
12.409383955015688 12.529361823770676 12.632869845282446 12.71610928907644 12.776108579143738 12.81052825851497 12.817269502624063 12.793968241504306 12.737519016156146 12.64382821032289 12.50802056634128 12.32531360895739 12.092730014870215 11.811621100514728 11.490305659962866 11.144964368891658 10.79678259173157 10.46634853588392 10.170151849747596 9.922285876244588 9.737909269153967 9.632537967969963 9.616103879628303 9.687066983723119 9.832220631580224 10.03172547027338 10.264424478818025 10.510462792317373 10.752036806266032 10.973948781886559 11.164467543290343 11.316129821584806 11.426056391152592 11.495624564827898 11.529588181664677 11.534875524089149 11.519329399175696 11.490610120212692 11.455397268313147 11.418934671108866 11.38488962776399 11.355452929659526 11.33159015522466
12.25948677224416 12.360341388722597 12.444685924252855 12.50823645600914 12.547300072079645 12.558640090548717 12.539172868374598 12.485570444272094 12.393886551594694 12.259359657280458 12.076594828402854 11.840450491371394 11.548184419641611 11.203359743969674 10.820489494555911 10.426006027855003 10.0504808574313 9.715549766764909 9.429129429972946 9.19592157906816 9.030491772781149 8.955009362733826 8.982949132419636 9.107386278437229 9.305053281988611 9.548863565753301 9.81632209276469 10.090368275314031 10.357141913645938 10.604703286338195 10.823299643331474 11.006194361640524 11.15022520199763 11.255782217009575 11.326244307354342 11.367068943457161 11.384766970164396 11.385962874991295 11.376672816904101 11.361855555697653 11.345226257442667 11.329280907040602 11.315460908040453
12.104190182610038 12.185677968312907 12.250968446747686 12.295496799878224 12.315065000614323 12.305768708516583 12.263785953966266 12.185076017195284 12.06505830026068 11.898356040502962 11.678758081310942 11.399833629561773 11.057265701656496 10.654317179658475 10.209504518101493 9.759145107402986 9.345281312818491 8.994210439870866 8.709348731568767 8.490857998873294 8.35738286075819 8.337549995242043 8.441250120047227 8.646864604931059 8.915346712109336 9.211761133610414 9.514600081764945 9.812195606463254 10.096373164329304 10.359440919601143 10.594271142935302 10.795424865924687 10.960040934937897 11.088105409536626 11.18215460802874 11.24660884964808 11.286953362979608 11.308949323617972 11.317999381690381 11.318726832296152 11.314771085119519 11.308763590555866 11.302429848218267
11.95135246207238 12.014424786181587 12.062032057835502 12.089560308842781 12.092578158284017 12.066822084270743 12.008078276090725 11.911984054700362 11.77377156628432 11.587966005326649 11.348107748133085 11.04691521274825 10.678208031452622 10.242766295740262 9.75804096399587 9.263519992252164 8.809002275883774 8.429730824675488 8.136431067913866 7.935603183319581 7.849871315675328 7.903494574981575 8.091865109324756 8.375511505274162 8.703272629812123 9.037758970370321 9.361833911383332 9.670080789037176 9.95957537534024 10.226252371902808 10.465256161670226 10.67240917620394 10.845342566416399 10.983949515409382 11.090263541064282 11.167969536056573 11.221749918513696 11.256629295439065 11.277429072937686 11.288388824710974 11.292963703361849 11.293773711474623 11.292663271009737
11.806910925949218 11.853426209957961 11.885635590653502 11.899082696232341 11.889354839436114 11.852121424523922 11.783107370500995 11.678009374254234 11.532350184452747 11.341239387213411 11.099037374128057 10.799211756056348 10.4355331587403 10.006825964988316 9.526137713933243 9.028100213327992 8.562132722613299 8.171524938179203 7.881215529489512 7.708607417192723 7.6742287071391555 7.787877496125447 8.028254115579262 8.346234900924525 8.690347143959917 9.028307635892693 9.348475458991786 9.649200323704235 9.929879625407475 10.188030927207542 10.419971714611961 10.622329823911793 10.793143131581525 10.932316389224052 11.041561284117366 11.124012723261503 11.183696469977415 11.224985446337197 11.252138265777337 11.268969400242264 11.278661944355136 11.283706268487228 11.285932752674114
11.67447706613682 11.706850754586123 11.726476500731177 11.729215843681002 11.710871784029411 11.667270854683267 11.594317447559728 11.488022569494229 11.344494590128553 11.159852000012515 10.930026084926277 10.650612424282688 10.317530638823046 9.930112627990988 9.49773630120223 9.046684194705698 8.618576279364602 8.257325035672668 7.99686919140576 7.860554279480401 7.862190618149796 7.9973954948198696 8.236324010352082 8.53323971997825 8.847164962397496 9.15471947460615 9.447834649948932 9.724894355367566 9.984533326122207 10.223953622109883 10.439655751240108 10.628629521655727 10.789176753789901 10.92122830764429 11.026261250180006 11.106966764225835 11.166804756352503 11.20955191502412 11.238916372511811 11.25825819386555 11.270425145817367 11.27769142109539 11.281774736461546
11.555317267792692 11.576170142374286 11.58618067252341 11.58163743876095 11.558692734889378 11.513475918224177 11.442210339306435 11.341334681571556 11.207618085759648 11.038238455735204 10.830794478825991 10.583328438736997 10.29477217753026 9.96672494830296 9.607331106710761 9.235864351219718 8.883401594476682 8.58629927210726 8.37656507224844 8.275569465433504 8.290395052157487 8.41034306402202 8.608235405349783 8.850485353614552 9.109606707380909 9.369661292038229 9.623485994014217 9.867447314359087 10.098199813517365 10.311963647120571 10.505066846427653 10.674684684207945 10.819317035039761 10.938925325968514 11.034797449364508 11.109242808876015 11.165213796728569 11.205931190260701 11.234567107164349 11.254014247060278 11.26674797938458 11.274771441363772 11.279624432879627
11.448641898433992 11.46050105434937 11.463708714584154 11.45504083992972 11.431072055608817 11.388308126625038 11.323345485851645 11.23305747694283 11.114798886081532 10.966607896549927 10.787384171927217 10.577074182902308 10.337051047779951 10.071093138657746 9.787299818315773 9.50036230895883 9.232106584116657 9.00826178064236 8.852253118229056 8.77918604823768 8.79213505213688 8.881544955618027 9.028752461336898 9.212782699778533 9.416406585441928 9.628111866821989 9.84058341252641 10.048416721693705 10.24681111283141 10.431360193543798 10.598376497482638 10.745267529096445 10.870741860767422 10.974804457232079 11.058581603648745 11.124040620563331 11.173669338504855 11.210169099402652 11.236198693494105 11.254188842507187 11.266230822999427 11.274030932564722 11.278915685057985
11.352097019286994 11.357181345251089 11.356029306162851 11.345921767115117 11.323875122599427 11.286783360383405 11.231603467252468 11.155581072052765 11.056506868529333 10.932986246589321 10.784702648955411 10.61267642346164 10.419581126767174 10.210250715706676 9.992459114120365 9.777686382580567 9.581011144270237 9.419213060439496 9.307223110506525 9.254394421083155 9.262301314718028 9.324986353630536 9.431509628996787 9.569496540592503 9.727846873256347 9.89765364118279 10.071812507479503 10.244348558774448 10.41006929551194 10.564586168224862 10.704500004456888 10.82756237070793 10.932720936438752 11.020034395765128 11.090483950309835 11.145724046743792 11.187816043091559 11.218981329030782 11.24139905323902 11.257061011863282 11.267684923857004 11.274678959888407 11.279145652804525
11.262357123128123 11.26245531299267 11.258907527109272 11.249482464491777 11.231613257234585 11.202543351372137 11.159526990069232 11.100076560678383 11.022243099293934 10.924910128931591 10.808077928009602 10.673121221953636 10.523021493930967 10.362591391416073 10.198676390101646 10.040187110764965 9.89764013852714 9.781905145798046 9.7022705020765 9.664509357478883 9.669806946437939 9.714998348840401 9.793886754430131 9.898917544229581 10.022478299380486 10.157535370254656 10.297787887754323 10.437668517438356 10.572388441513938 10.698048458006596 10.81175383722866 10.91167081587965 10.99699559155669 11.067838234641963 11.125043448572036 11.169978235607747 11.204316462118674 11.229844971091675 11.248307686802399 11.26129523588462 11.270179724358915 11.276088590543894 11.279908291563931
11.175736737966576 11.172168092364707 11.167687898593005 11.160510396260975 11.148426248339378 11.128950581715936 11.099534580327814 11.057826551620959 11.00196235034808 10.930860417506937 10.844494142902045 10.744115256937052 10.63240675912562 10.513547065789615 10.393155376676026 10.278052946592913 10.175742433090859 10.093550689696368 10.037547455479503 10.011555945192267 10.016621177576681 10.051112006414163 10.11133473635069 10.192345823246136 10.288673267979071 10.394821348361878 10.505588842289468 10.616284878435046 10.72289780283901 10.822226087079772 10.91195623243061 10.990673310030372 11.057802125938245 11.113489873496917 11.158449561594084 11.193786621095752 11.220829733989696 11.240982462464235 11.255606159643383 11.265938326687513 11.273045171421746 11.277803306044571 11.280903493711303
11.088761564459029 11.082400181815059 11.077992665183418 11.074140665021744 11.068909247602127 11.059979573263155 11.044874463208258 11.021234556813168 10.98711695417394 10.941285872019023 10.883464945809097 10.814522882853678 10.736567847253948 10.652929829155921 10.568011784718648 10.486989805804438 10.415350078738484 10.358284687956528 10.320034863226505 10.303334385450835 10.309107428709435 10.33649069433639 10.383128938814446 10.44561499864727 10.51994638906812 10.601923637770225 10.687469932882559 10.772878212116673 10.85499351166835 10.931332016482664 11.000135566818178 11.060363527782043 11.11162995051657 11.154099496660457 11.188358781928743 11.21528014236836 11.235892705556761 11.251271839507508 11.262453481969063 11.270375402117049 11.275843790010008 11.27952108194297 11.281929682315072
10.998659084383604 10.989999376662798 10.986290784439255 10.98645680333512 10.988738789034173 10.990859990112655 10.990274573536091 10.984468251699106 10.971272523225101 10.949156075012507 10.917461600411995 10.876562194754435 10.827917888440911 10.774019666147476 10.718215629283009 10.66442282856342 10.616741643189522 10.579010593942916 10.554365482993132 10.544884090746878 10.551388358572321 10.573435697644856 10.60947844037899 10.657133297800465 10.71349500239341 10.775442982497232 10.839910553473796 10.904101547735095 10.965647787567882 11.02270557822571 11.073993469952933 11.118777777333317 11.156816173256882 11.188272241542363 11.213614694707582 11.233514038991736 11.248747152544698 11.260117085515269 11.268391994537204 11.274264021557979 11.2783264944343 11.281066245108546 11.282867108069363
10.90374296901895 10.892986397086391 10.890317666865627 10.89491581015588 10.90509189818209 10.91847602646336 10.93230615401042 10.943769171119996 10.950343397933233 10.950100063233478 10.941932551240468 10.925692780896007 10.90222338064495 10.873282928345402 10.841370147968624 10.809462224589677 10.780692816536781 10.758006552802216 10.743836176678403 10.739850708426795 10.746812893213841 10.764561960948544 10.792111007769902 10.82782770183133 10.869658737764668 10.915361415766547 10.962714561789971 11.009690838249197 11.054581005593045 11.096067540352953 11.133250450543198 11.165632258238748 11.193071846125198 11.215718102848204 11.233934121087637 11.248221352475863 11.259150981222769 11.267307268754019 11.273245143855503 11.27746218087718 11.280383517208653 11.282357279900241 11.283657683061374
10.803678161908156 10.790825723230297 10.789343384549888 10.798603264427248 10.81687460738404 10.841551828423395 10.86950759924222 10.897495861405536 10.92253687354271 10.942236926766274 10.955015363464927 10.960226158858445 10.958171841484294 10.950016152727292 10.93760965717432 10.923249717082292 10.909402624689593 10.89842054594863 10.89228781822536 10.892428116178191 10.899594811524537 10.913852521923694 10.934642031627915 10.960908108581355 10.991263316628789 11.024160960411859 11.058054905002423 11.091530750842903 11.123399859318411 11.152753955946416 11.178982984044374 11.201762340710559 11.221017580377419 11.236875247302702 11.249607946635626 11.259580412200162 11.267201531176482 11.272885369710842 11.277022474240322 11.279961281261816 11.281998444312514 11.28337629270601 11.284285424047596
10.699628485206789 10.684570025771794 10.684304054394364 10.698339700730921 10.724788790207986 10.76066223792988 10.802321942705225 10.84597182883624 10.888097674965955 10.925807569264279 10.957055994859225 10.98075052903011 10.996748413407069 11.0057567846878 11.00915652538841 11.008774763770186 11.006634230168832 11.004708481011228 11.00470998841975 11.007932864749726 11.015163633696973 11.026663034134177 11.042211386457728 11.061201870572813 11.082761741129458 11.105881317146206 11.129533663274007 11.152772832339359 11.174804020384796 11.195024004457403 11.21303419892447 11.22863132494533 11.24178204012916 11.25258809616849 11.261247958390234 11.268019646803955 11.273188141290518 11.277039279325765 11.279840837027134 11.281830523387205 11.283209968432462 11.284143434351702 11.284759877664618
10.594305592207915 10.576905327544107 10.577828419530253 10.596672224494405 10.631272672439948 10.678107932859506 10.73289507725463 10.79119790531217 10.848927808767085 10.90269833619656 10.95003804034592 10.989477495903238 11.0205267927518 11.04356192808295 11.059643092612385 11.070291758593477 11.077254741303095 11.082281681168316 11.086938053204241 11.092469376438766 11.099724444732978 11.109137121411736 11.12075879738756 11.134328224762045 11.149362860857241 11.165256140850211 11.181367651201123 11.197097063615091 11.211936949916455 11.225503468927005 11.23754691978687 11.247946093155468 11.256691246157306 11.26386055216331 11.269594282461892 11.274070027699846 11.2774811956746 11.280020004856587 11.281865341593694 11.283175216146663 11.28408314571004 11.284697588174517 11.285103508617524
