_RESULTS/REVERSE_NEW/Berg/IZ/3comp/Berg_IZ_z_355_kriged_reverse_3comp.asc
ncols 100
nrows 90
xllcorner 5.6208707817415728
yllcorner 50.959635321741573
cellsize 0.00013419651685393446
nodata_value 1.7014100000000001E+038
[rows 57 to 75 of 90, columns 0 to 40 of 100]
0.03670627435375504 0.03582404789720355 0.0345162120814855 0.03274664591748911 0.030530675217898557 0.027945063359483435 0.02512336995156871 0.022235334264476186 0.019456058245144275 0.0169357775242981 0.014780469935841983 0.013047894416479626 0.01175683667570085 0.010903362045747598 0.010477869503489194 0.01047909339478012 0.010923633138479737 0.01185077844421096 0.013322215235099084 0.015415267180191896 0.018207629584908354 0.021752233524458563 0.02604387485578761 0.03098443277929649 0.03635881146936871 0.041835388593021335 0.04699951130344732 0.05141689160884546 0.05471084354918104 0.05663031755863897 0.05708871384797969 0.05616469185320673 0.05406953089002852 0.05109489408250231 0.04755726326803117 0.04375180545666988 0.0399220933709128 0.03624607330029764 0.032834820076373256 0.02973928199661122 0.026960752368032782
0.03527422407535091 0.03409073075081275 0.03247600039633177 0.03041824868102788 0.027960229196751493 0.02520356621332541 0.02229772192145499 0.019414736777510527 0.016717641894676078 0.014333720016810719 0.012341191712481351 0.010771255908978691 0.009621187717775355 0.008871692215290284 0.008502963170254885 0.008506721892767957 0.008893771689027058 0.009697397721230523 0.010972465467624055 0.012789041519334127 0.015218701344717962 0.01831240651466582 0.022071656060711164 0.026419189602437703 0.031179723763646205 0.03608172888176149 0.04078589776476329 0.04493609602264858 0.048219147739321906 0.050416067162375795 0.051431110322348275 0.051293685586223034 0.050137044031183575 0.04816315653473082 0.04560424621123329 0.04268916475591231 0.03961907582098677 0.036553395519145264 0.033604572398064726 0.030839256325416148 0.028283426518939885
0.034220512599031055 0.03282762373029662 0.0310036034163327 0.028754318958073448 0.02614165113383284 0.02328363107448078 0.020338977982466734 0.017478986708982323 0.01485602907470207 0.012579839052979217 0.0107087266444973 0.009255709183026385 0.008203940284670676 0.007524424056461413 0.00719107593960555 0.007191240904823128 0.007531841002417142 0.008241820083256374 0.009370880513010944 0.010983422279510281 0.013145969832916682 0.01590712187802084 0.019271784808494865 0.023175649586137853 0.027469377135642157 0.031921731895769585 0.036245393441119864 0.040140365217689086 0.0433425847236411 0.04566367253748753 0.047012182879165934 0.04739410845807007 0.04689678976267238 0.04566353517097756 0.043866189788261484 0.04168089797094277 0.039269798220185094 0.03676929013754606 0.034284185447225446 0.03188647537649172 0.029617412489135166
0.03351715948209217 0.03199633021303765 0.030047227139627517 0.02768664011700611 0.024987848610227424 0.022078153728483745 0.019120808781918925 0.016285400411869037 0.013716698153142946 0.011513015841880928 0.00972026281056916 0.00834048111081816 0.007348509718280354 0.006709722101109881 0.006394327440843442 0.006386865493506614 0.006691437214571861 0.007333524661510487 0.00835847598836309 0.009825636297561611 0.011796524889695998 0.014316246337876043 0.017389985347822694 0.020960361237262637 0.024894404649110254 0.02898813037444383 0.03299102831843806 0.036644684541659964 0.03972386341626776 0.042068121656728893 0.04359694365524957 0.04430804959473125 0.04426343819913468 0.043569445420812425 0.042356245417282355 0.040760230961457485 0.03891076615907449 0.0369214538689857 0.03488536071986776 0.03287342570116428 0.030935339854955588
0.033142835665128725 0.03156954824010556 0.029572137213746887 0.027171494946860785 0.024444785724606847 0.021522072903718412 0.018567425471513174 0.015748908834439385 0.013207694017869625 0.01103724665816412 0.009278418660208006 0.00792882145466783 0.00695987084104884 0.006334444997146145 0.0060208045924187515 0.006001592501405542 0.006278589155669412 0.006874152466479437 0.007829477760075603 0.009198754772181074 0.01103778806807896 0.013386484834063546 0.016247216708297603 0.01956471628377941 0.023215666173869574 0.02701485981505492 0.030739078112310317 0.03416233181993859 0.03709137501883604 0.03939115821373278 0.04099510269056769 0.041901182855581275 0.042158701290579144 0.041851440018462846 0.04108152834494207 0.039956359977749156 0.038579240321531934 0.03704349235407608 0.035429399066733654 0.033803372185228116 0.03221890224508815
0.033082569625355 0.03153019081191108 0.02955909036585824 0.027187372900060326 0.024488499515161168 0.02158877507313562 0.018649466759725578 0.015837518118356694 0.013294757442364273 0.011116558637424378 0.009346093919901677 0.007982954852572848 0.006999763252108441 0.006359707927967753 0.006030507585177547 0.005993456070370083 0.006248126447418468 0.006813642064949986 0.007726709108813547 0.009035639157916506 0.010789184009049468 0.013019907285016091 0.015724333969971693 0.018845431869204735 0.022264924899291095 0.025811191034408744 0.029282789655132164 0.03248086628957354 0.035239990359448053 0.037448528085378456 0.0390549419260322 0.04006193989569481 0.04051349253266461 0.040479914422752436 0.04004460376726756 0.039294072267982295 0.03831145171374171 0.03717294541731497 0.03594653101445424 0.034692354403562976 0.03346448474199117
0.03332651532729412 0.031869577441945365 0.03000199543395836 0.027732270208924974 0.025122314426275084 0.02228753750918262 0.019381930090840674 0.01657085655294649 0.014000460810854761 0.01177458960470346 0.009946299101517706 0.008523975660428989 0.007486505527311858 0.006800504403316392 0.006434676971609404 0.006369434317197715 0.006601983294877539 0.007147662268437313 0.008037779925563588 0.009313412918624059 0.011014356306867897 0.013163387840938331 0.015748375704304148 0.018707614848526337 0.021925077504275938 0.025240079458501 0.028470352059820486 0.03144158078101665 0.03401382982841668 0.0360974061484075 0.0376558457661403 0.03869856765283063 0.039268122596176507 0.03942671733943491 0.03924500422703959 0.038794294511955964 0.038142101784888874 0.037350368832004203 0.03647567455738605 0.03557090232824389 0.03468810123932296
0.03386802208527748 0.03258490784163027 0.030904918583665536 0.028820537140577553 0.026374022033130676 0.0236616331913486 0.020823749778935086 0.018021563859663373 0.01540742747544354 0.013099336648903469 0.011167912324858545 0.009638013939860024 0.008501011839856437 0.007731115192012147 0.007300239088790067 0.007188645857793563 0.007390890537500168 0.007917543803219155 0.00879299296352093 0.010049084642798533 0.011714295964057464 0.013799125597363762 0.016280516297137854 0.019090385468077144 0.022113929623983657 0.025200841592695637 0.028187486555357515 0.030923202835313024 0.03329228233680917 0.035225693300804765 0.03670133869135539 0.03773573193024501 0.038371704106206855 0.03866623160093275 0.03868083276147692 0.03847535236247239 0.03810490484055841 0.03761933023314472 0.037064522246352 0.03648518178059363 0.03592878137717384
0.03470107704863614 0.03367596140316359 0.032278156613231024 0.0304786890216283 0.028292092858843872 0.025785858592813998 0.023077625640137978 0.020318194005646988 0.017664605409801092 0.015252501573943016 0.013177283683511152 0.011488998220082855 0.010199576728160003 0.009296921662721468 0.00875987131513667 0.008570101191842743 0.008719419910090518 0.00921236476046236 0.01006435565635992 0.011295526115806599 0.012920499431376447 0.014935364120435266 0.017304852162275675 0.0199542920476555 0.022770804943495097 0.0256155222286897 0.02834416683633002 0.03082962199335614 0.03297942007422519 0.03474371638607519 0.03611343341984399 0.03711151807067978 0.037781418318860095 0.03817621475750895 0.03835035717732387 0.038354579703201094 0.03823373091123652 0.03802695870331543 0.03776973511757162 0.0374973857951202 0.037249974616716475
0.035817087702106766 0.035140798341142955 0.03413283595023799 0.03273917841349305 0.030939339963591814 0.028761290843501604 0.026287392502755004 0.023646641491806966 0.02099363774351972 0.018480789631710914 0.016233505759308556 0.014336272182190454 0.012831962711437349 0.011731216560183432 0.011026142614815751 0.010703210847731862 0.01075231723268212 0.011170950039378484 0.01196344250841018 0.013135722033676345 0.014686399337157152 0.016595951073971882 0.018817028918484916 0.02126977583094785 0.023845363894526506 0.026418355658503312 0.02886489665874299 0.031081167196518638 0.03299653042028435 0.034578309587813126 0.03582849742834844 0.03677514742487976 0.03746190852838467 0.03793846731753437 0.03825340390175594 0.0384498671637152 0.03856384322839951 0.0386246022149879 0.03865698392431706 0.03868534023424155 0.038739075508699775
0.03720096807786278 0.03697021116042759 0.0364733997966588 0.035630870115119104 0.03438188487569517 0.03270399989914752 0.030628437629194892 0.028244508955653634 0.025689007672955514 0.0231225545961172 0.020700855447465815 0.01855089602296945 0.016758960558275065 0.015371414416345227 0.014404253996493897 0.013855677380929108 0.013716962609763397 0.013979051082123857 0.014634062929398263 0.015672148653359246 0.01707491180748427 0.018807480729366544 0.020812113289374316 0.023006442696321242 0.02528846528446329 0.027548063390942835 0.02968216075064689 0.03160899018361184 0.03327736849656373 0.03466901554635608 0.035794535675290555 0.03668541980826853 0.037384825235028715 0.037939262718188566 0.03839232499422697 0.03878075976488114 0.03913274579401031 0.03946813905682199 0.03980056418487794 0.04014137089880236 0.040505538590044465
0.03882662404140179 0.03914085225397003 0.03928753237259144 0.03916504794130217 0.038671046887262285 0.03772355931123954 0.03628473583050564 0.03437949035205672 0.03210072856438558 0.02959683803347677 0.02704451084022645 0.024616530731906523 0.02245566543955792 0.02066161035482908 0.01929129780730194 0.01836792630843594 0.01789264995895251 0.017854227205553828 0.01823427236376369 0.019007823468084 0.020140389592888764 0.021583591397832665 0.02327200634410783 0.02512365284544478 0.027045444303574615 0.028943068251562672 0.030732844839597952 0.03235217300421087 0.03376570314329533 0.03496603950426743 0.0359696348402189 0.03680973121353215 0.037528421869784494 0.03816941215885321 0.03877232015311416 0.03936876475206374 0.039980204311905326 0.04061748794787561 0.04128224064849956 0.0419703691167145 0.04267800873147283
0.04065222431473875 0.04160741519104666 0.042533700867128946 0.0433165405022669 0.04381646483386472 0.043887412614496905 0.04340519871408115 0.04230018583182677 0.04058336217353941 0.03835439644228388 0.03578612434378756 0.03309006573065967 0.030475837023584078 0.028118469571360074 0.026141723189430605 0.024617239710435408 0.023573775037206972 0.02300953621420753 0.022902556772775612 0.02321691545733867 0.02390501332534797 0.02490761093224335 0.0261539067411943 0.027563683254497963 0.02905254750687351 0.030539838828985304 0.031957442360967314 0.033257156168568267 0.03441468878626345 0.035429534303291 0.03632124727051288 0.03712345060861471 0.037877056821624344 0.03862383430405807 0.03940093440978519 0.04023659010167817 0.04114703902487087 0.04213481354374388 0.04318878722209484 0.044286621995918235 0.045400337278222326
0.042616077541980005 0.04429499839154827 0.046127710232340816 0.04800136247672165 0.04975118871402543 0.05116998077563927 0.05203468599406041 0.05214932542541646 0.0513946190258602 0.04976703459473275 0.04738988321579329 0.044489421052965404 0.04134465356793083 0.03823056903478595 0.03537417951829289 0.03293308934530448 0.03099502035072155 0.029590084455226068 0.028706907730022057 0.028306664152737283 0.02833278234720337 0.028716832898806142 0.02938243117040293 0.030249092688756366 0.03123723758157672 0.03227440377028547 0.03330169233137784 0.034278966509663646 0.0351875327419008 0.036029765428734574 0.036825981781059766 0.037609441445190454 0.03842047720543525 0.03930054374161863 0.04028661678074511 0.041406096404962185 0.042672299749924966 0.044080812919956455 0.0456073647670402 0.04720834139668202 0.048825321209390975
0.04463440997742788 0.04709371661504957 0.04993139614527278 0.05305525352124564 0.0562942554987785 0.05939240867551489 0.06202436909366639 0.06384057063906895 0.06453879735098907 0.06394315065165662 0.06206003215615096 0.059085037130420716 0.05535572171046389 0.05127031513617611 0.0472049912425434 0.04345624833610999 0.04021795082509182 0.037586951543147853 0.03558409792500102 0.03417849983781717 0.033307950414176966 0.03289338226303608 0.0328483458513953 0.03308559216724762 0.03352255788589793 0.03408661793939731 0.03471999064962442 0.035383568644786534 0.036058874649662224 0.03674771015337591 0.037469601422708367 0.03825756171083426 0.03915282207697175 0.040199050480917736 0.04143631470100589 0.04289482272143555 0.044588449616759784 0.046508340536990746 0.048617492512694906 0.05084804246023446 0.053103672824373935
0.04660263535561941 0.04985839689022409 0.05374831147263124 0.0582210074141168 0.06312278688773493 0.06816996326286066 0.0729434615791791 0.07692471613794477 0.07958235795670938 0.0804955952956498 0.07947297166406062 0.07661512878830835 0.07229095398205809 0.06703771742494864 0.06142961772883571 0.05596503720216352 0.05100291696686432 0.046750781279992264 0.04328787982750911 0.0406023689706842 0.03862706173107981 0.03726668245716543 0.036415918601682896 0.035970600935009735 0.035834844831311385 0.03592618699380305 0.0361796221901845 0.036550557146506846 0.03701629221015601 0.03757568970617127 0.03824699039492187 0.039064045601074404 0.04007136200262388 0.04131825983492536 0.04285219805849359 0.044711077073931065 0.04691428651404823 0.049452625557702905 0.05227813417177345 0.05529629054942567 0.05836450964223774
0.04840152171843479 0.05241620780191456 0.057331902617334535 0.06315464938281112 0.06977096024411902 0.07689509882337865 0.08403436675134512 0.0905036697705501 0.09551642136620547 0.09835035069574237 0.09854118238664454 0.0960247710185654 0.09116071302697282 0.08462641626420488 0.07723229456622902 0.06973640185942653 0.06272008271626955 0.05654474835226814 0.0513727843966229 0.04722010191511017 0.044012396526063216 0.041630129901983955 0.03993864942126174 0.03880605200623003 0.038113125835824324 0.03775900700107877 0.037664716030730426 0.037775414191578996 0.03806141295762906 0.03851770820407946 0.039161918468358675 0.04003072910742209 0.04117505893771303 0.042654060721426114 0.04452776473896882 0.04684782242107504 0.04964565640133625 0.05291770932224812 0.05660874893501979 0.06059646239058197 0.0646833760623145
0.04990873056588221 0.05458371120440249 0.06040987812301977 0.06745858653214634 0.07567207146656516 0.08478588794422828 0.09426116026515752 0.10326907134435474 0.11077433218838872 0.11573482916034733 0.11737141069831435 0.11540240264653441 0.11013414739422638 0.10236489220428018 0.09315065875697869 0.08353853588371697 0.07436691282836572 0.06617895779245858 0.05923620404852389 0.05358735349307341 0.04914862134025251 0.04577006366576603 0.04328030772687901 0.04151253779436555 0.04031794770593034 0.0395722560615158 0.03917890785784569 0.03907069058763372 0.039210228316068074 0.039589249919923575 0.04022647221520395 0.041164102053575034 0.04246305938265531 0.044196873790700524 0.04644378195529624 0.04927599295177695 0.05274470937715921 0.056859798330752775 0.06156462950696221 0.06671000227177788 0.07203588049304072
0.05101455173529211 0.05619194109223766 0.06272358562723043 0.07074193219422756 0.08024778275687508 0.09101226227678759 0.10247881518015753 0.11371582886789106 0.12348430897493033 0.13045799220752372 0.1335566330918396 0.13226803407726004 0.1268116192476265 0.11806590132419081 0.10729854765487931 0.09582496576241599 0.0847320381423281 0.07474344102926511 0.06622142040189728 0.059249379311822024 0.05373548063541032 0.04950024807700644 0.04633602600114256 0.044041220610703216 0.04243741626448711 0.041376945151669675 0.04074597476215641 0.04046567805255436 0.04049233015617698 0.040816335498873035 0.04146001628566783 0.042474134241280895 0.043933209145646766 0.045929479885430204 0.048564743614072724 0.051938436633071586 0.05612956830187968 0.06117018563970535 0.06700995271774991 0.07347617774628637 0.08024114398100439
