_KRIGING/CROSS_VALIDATION_CLASSIC/Berg/TZ/train_4/Berg_TZ_4_train_z_180.asc
ncols 100
nrows 90
xllcorner  5.6208707817415728
yllcorner 50.959635321741573
cellsize 0.00013419651685393446
nodata_value 1.7014100000000001E+038
[rows 60 to 79 of 90, columns 0 to 45 of 100]
42.2507533440808 42.2809000820205 42.4234780803576 42.6709103044952 43.0109177514 43.4274714201621 43.9020057812675 44.4147791642963 44.9462599223157 45.4784245147542 45.9958720147774 46.4866848599799 46.9429933775888 47.3612277137252 47.7420625443581 48.0900762596773 48.4131577090831 48.7217017336069 49.0276416884109 49.3433746896142 49.6806440761863 50.0494528009613 50.4570890021717 50.9073477689484 51.400027866698 51.9307665036315 52.4912483578802 53.0697885734703 53.6522471729775 54.2231901462337 54.7671771496518 55.2700337691875 55.719962487529 56.1083629173831 56.4302672114632 56.6843462062991 56.872498566842 56.9990903911934 57.0699580181388 57.091315450882 57.068716002 57.0062050248021 56.9057697960554 56.7671492451758 56.5880172608236 56.364505902894
43.4992679729537 43.5259586049709 43.6463541572641 43.8540801233072 44.1388426960612 44.4872281960841 44.8837214284554 45.3118471783707 45.7553335149849 46.1992015701818 46.6307016784997 47.0400367547022 47.4208367570606 47.7703697095577 48.0894927902811 48.3823605853651 48.65591724838 48.9192064353141 49.1825392807985 49.4565677651266 49.7513190858136 50.0752553344297 50.4344299190979 50.8318149893359 51.2668697285262 51.7354056253828 52.2297810701993 52.739425213508 53.2516534544012 53.752699386383 54.2288565832719 54.6676040488032 55.0585858052984 55.3943298213657 55.6706231232424 55.8865043634141 56.0438858492303 56.1468663530246 56.2008363764637 56.2115028756847 56.1839672762779 56.1219785174166 56.0274544895976 55.900325600576 55.7387097257062 55.539385061003
44.6191909318151 44.642108012969 44.7418101282452 44.9129944106094 45.147134598823 45.433140301196 45.7581970309981 46.1087085026506 46.471258107936 46.8335113476357 47.1849933544571 47.5176926595929 47.826460917345 48.1091957009653 48.3668079253165 48.6029863151273 48.8237791167923 49.0370192236123 49.2516245789979 49.476812334465 49.7212731335021 49.9923603301583 50.2953561262568 50.6328800061461 51.0045018469052 51.4066107090531 51.8325699214125 52.2731608082894 52.7172842977646 53.1528562734585 53.5678042754916 53.9510552094114 54.2934000099631 54.5881334945819 54.8313950213013 55.0221744612807 55.1619927060617 55.254309612891 55.3037481926581 55.3152465112193 55.2932550101902 55.2410863240669 55.1604994728787 55.0515650292804 54.9128182605074 54.7416692954339
45.6017394798304 45.6207899144924 45.7016682135783 45.8399992861505 46.0287882904837 46.2589539559118 46.5200092729277 46.800826591419 47.0904205037628 47.3786857627939 47.6570373063162 47.9189129023947 48.160113473964 48.3789696430309 48.5763340671715 48.7554073201905 48.9214109227851 49.0811258268258 49.2423195538399 49.4130913196533 49.6011721280979 49.8132252841164 50.0542003960598 50.3267983919389 50.6311039337309 50.9644329876514 51.3214264687817 51.6943966886258 52.0739043568411 52.4495141110367 52.8106507495988 53.1474612061886 53.4515824665684 53.7167248589345 53.9390028645987 54.1169788259805 54.2514237624781 54.344837941216 54.4008058783577 54.4232811366602 54.4159026570884 54.3814358718335 54.3214103890496 54.2359955020687 54.1241202401209 53.9838114651283
46.4455869625144 46.4608519863494 46.524992348236 46.6344123784247 46.783407404322 46.9645862085266 47.1694122869076 47.3888146727572 47.6138162654375 47.8361306530778 48.0486860347096 48.2460451371062 48.4247009679762 48.5832381541236 48.7223574523208 48.8447665962155 48.9549445415695 49.0587895104878 49.1631652630936 49.2753656834266 49.4025253069657 49.5510121851833 49.7258479303418 49.9302057357061 50.1650382927462 50.428881933618 50.7178701278606 51.0259691910495 51.3454238100677 51.66737319278 51.9825745588456 52.2821535869419 52.5582947798905 52.8047903773461 53.0173842456534 53.1938747688602 53.3339740180517 53.4389541757762 53.5111409949842 53.5533334800853 53.5682361435398 53.5579843872686 53.5238262285081 53.4659979909352 53.383802104352 53.2758664833833
47.1555116880783 47.1671971742215 47.2167575621951 47.3012310085208 47.4159678961999 47.5549575184003 47.7112496939061 47.8774339883061 48.0461371487854 48.2105017447581 48.3646147439246 48.5038623084491 48.6251948656668 48.727293189915 48.8106311096306 48.8774335277537 48.9315303837279 48.9781091066189 49.0233712207078 49.0741039755791 49.1371854416692 49.2190508420364 49.325157523689 49.4594938123676 49.6241807335867 49.8192132363736 50.0423780093334 50.2893683986755 50.5540949464963 50.8291656033013 51.1064865395874 51.3779166801945 51.6359000041185 51.8740013626578 52.0872843304303 52.2724917251331 52.4280175195318 52.5536884288903 52.650399720125 52.719668593603 52.763177031227 52.7823733106855 52.7781884125738 52.7509029135424 52.7001753788259 52.6252188184614
47.740885707065 47.7492772402444 47.7863711041745 47.8497022548849 47.935456020569 48.0387134473874 48.1537721053918 48.2745152038447 48.3948004873639 48.5088422459508 48.6115639388107 48.6989041482199 48.7680635752839 48.8176845860773 48.8479569642723 48.8606442115507 48.8590247347721 48.8477427295304 48.832565741705 48.820050692285 48.8171278889582 48.8306226863105 48.866745597953 48.9305917360787 49.0256970904909 49.1537002084296 49.3141518927969 49.5045023706417 49.7202761625851 49.9554221019358 50.2028030668637 50.4547708116613 50.7037592471537 50.9428269785843 51.1660876185942 51.3689833061214 51.5483802813404 51.7024914338743 51.830655160805 51.933018714569 52.0101846446925 52.0628796639916 52.0916967473336 52.0969454916154 52.0786258026157 52.03651934887
48.2141622841274 48.2195879412504 48.2461985568252 48.2919017497808 48.3535191217463 48.4269635766977 48.5074766037368 48.5899069548267 48.6690113899086 48.7397596293986 48.7976285298939 48.8388737384499 48.8607696731605 48.8618099056493 48.8418596612519 48.8022505669387 48.7458058643767 48.676783313879 48.6007242433294 48.5242016446213 48.4544682646962 48.3990168098191 48.3650773159997 48.3590893308411 48.3861963095702 48.4498141614982 48.5513234440102 48.6899246434606 48.8626790364329 49.0647359004941 49.2897235370901 49.5302604151132 49.778527316037 50.0268343695552 50.2681196007667 50.4963276521014 50.7066366374096 50.8955243209675 51.0606880636691 51.200852447746 51.3155112158259 51.4046545128581 51.4685283297479 51.5074619056847 51.5217831345702 51.5118247676646
48.5894877266634 48.5922900024389 48.6102155476258 48.6414363199658 48.6832371344381 48.732136857873 48.784057549516 48.8345301397497 48.8789250332512 48.9126972076238 48.9316372095401 48.9321210349063 48.9113524018469 48.8675898736878 48.8003486317423 48.7105629618022 48.600691742451 48.474746777876 48.33822411577 48.1979226414125 48.0616427147076 47.9377700137623 47.8347647084528 47.7605914250288 47.7221384981579 47.7246830550048 47.7714594040845 47.8633809345709 47.9989505872552 48.1743737196603 48.3838628743914 48.6201003243252 48.8748051128758 49.1393397599204 49.4052897074935 49.6649561328984 49.9117184816983 50.1402441159979 50.346545175128 50.5279033506721 50.6826986305857 50.8101861545809 50.9102655569389 50.9832803764963 51.0298732370254 51.0509081491389
48.8815233600357 48.8820403526624 48.8928667326739 48.912347977154 48.9380868756895 48.9670189688671 48.9955268672827 49.0195879620631 49.0349503257652 49.0373325976406 49.0226446452422 48.9872260043376 48.9280978464151 48.8432211544203 48.7317490313855 48.5942553062001 48.4329160254615 48.2516165496015 48.0559563662358 47.8531276425578 47.6516525481941 47.4609781490592 47.2909448266342 47.1511624097268 47.0503446019546 46.9956638224904 46.9921927038571 47.0424937008524 47.1464044907686 47.3010455985626 47.5010508791108 47.7389949840371 48.0059688344768 48.2922380060316 48.5879122179856 48.8835575897338 49.1706960217136 49.4421554953243 49.6922577819015 49.91685220528 50.1132223112037 50.2799041352869 50.416459134807 50.5232420560293 50.6011955289474 50.65169126702
49.1045232275648 49.103078162249 49.1081747124493 49.1182592285927 49.1311356623359 49.1440040971419 49.1535315163991 49.1559541714587 49.1472116388307 49.1231135369631 49.0795402171961 49.0126778214257 48.9192853326449 48.7969863996365 48.6445720559222 48.4622928036783 48.2521112419428 48.017881171772 47.7654176413151 47.5024261100027 47.2382685249427 46.9835593329992 46.7496038895915 46.5477129141197 46.3884463981485 46.280855301264 46.2317964964129 46.2453938163588 46.3227052800262 46.4616349311053 46.6571000789284 46.9014351076007 47.1849858663076 47.4968280574924 47.8255319744808 48.1598957416153 48.4895793727241 48.8055903026364 49.1005941725928 49.3690486533453 49.6071792724742 49.812831727394 49.9852434314496 50.1247778761552 50.2326598723767 50.3107398233105
49.2716775593549 49.2685750264096 49.2691072438734 49.2717668159247 49.2744698285611 49.2745649086499 49.268869793645 49.2537387145131 49.2251650093501 49.1789242120062 49.110762700637 49.0166351469644 48.8929899615496 48.7370955362203 48.5473917140369 48.3238415308949 48.0682493733073 47.7845051462618 47.4787117591713 47.1591567971827 46.8360994917733 46.5213608144959 46.2277262359741 45.9681947966553 45.7551311570372 45.5993954581213 45.5095357253884 45.4911268443873 45.5463280701325 45.6737087141214 45.8683619656067 46.1222939663832 46.4250441028829 46.7644675928398 47.1275963481843 47.5014906379116 47.874002147668 48.2343866812414 48.5737286174847 48.8851652554749 49.1639233369671 49.4071990605375 49.6139247570725 49.7844694702216 49.9203177058287 50.0237623219668
49.3947043842123 49.3902313034908 49.3871845750385 49.3840656825624 49.3788400329791 49.3689227390934 49.3511886355342 49.3220129909683 49.2773508342489 49.2128636299773 49.1241015020254 49.006746621872 48.8569182703505 48.671532360059 48.44869833163 48.1881253895168 47.8914996724139 47.562786195205 47.2084063536661 46.8372452030397 46.460453579641 46.0910282615304 45.7431772560282 45.4315041679256 45.1700716897959 44.9714254184081 44.8456716258805 44.7997035668745 44.8366593348199 44.9556711507602 45.151934196177 45.4170871271552 45.7398614460877 46.1069280320926 46.5038503797575 46.9160477795138 47.329678030172 47.7323665267537 48.1137333499404 48.4656980442071 48.7825687752204 49.0609448334893 49.2994765411546 49.4985335314379 49.6598315416784 49.786060856933
49.4836531857602 49.4780824435774 49.4722911820236 49.4647683644159 49.4534898740689 49.4358861742174 49.4088319570566 49.3686667302694 49.3112570365196 49.2321118432915 49.1265618328527 48.9900101690693 48.8182563531887 48.6078859578008 48.3567078753597 48.0642084140702 47.7319799027511 47.3640726228699 46.9672151441195 46.5508514167985 46.1269543673402 45.7095951370811 45.3142729510242 44.9570399569401 44.653484220711 44.417657912646 44.2610523824052 44.1917242123595 44.2136651478958 44.3264848632223 44.5254417952166 44.8018184225235 45.1435989557793 45.5363749584135 45.9643824397391 46.4115651772917 46.8625639681754 47.3035485407229 47.7228345824931 48.1112583194603 48.4623106763668 48.7720582225958 49.0388960284437 49.2631869044135 49.4468424641583 49.5928954702872
49.5468749816167 49.5404698614608 49.5326473399073 49.5218767783769 49.5061269286197 49.4828197837829 49.448804847888 49.4003646612522 49.3332644116958 49.2428593502735 49.1242727442829 48.9726535301885 48.7835162115453 48.5531558582607 48.2791188800667 47.9606968259599 47.5993976950064 47.1993394641369 46.7675061707599 46.3138099956919 45.8509145871295 45.3937952879889 44.9590393992198 44.5639210572921 44.2253164886864 43.9585515463909 43.7762900195747 43.6875748486792 43.6971235309141 43.8049543895126 44.0063850020609 44.2924027796393 44.65036634082 45.0649608388434 45.5193056813884 45.9961022082279 46.4787126494951 46.9520785533672 47.4034134198925 47.8226359040451 48.2025417546162 48.5387402832934 48.8294014586341 49.074871097416 49.2772140731098 49.4397403005282
49.5911112653884 49.584129141344 49.5748944409359 49.5618621946506 49.5429945644433 49.5157045438151 49.4768188779842 49.422572392086 49.348648104687 49.2502784543843 49.1224218845353 48.9600251911095 48.7583749733099 48.5135312214959 48.2228231366969 47.8853730096847 47.5026003660084 47.0786480414539 46.6206669347238 46.1388990744453 45.6465106480438 45.1591477658993 44.6942163899749 44.2699208832553 43.9041286362884 43.6131561940809 43.410590470734 43.3062633635322 43.3054876235761 43.4086368248564 43.6111157051054 43.9037239998042 44.2733732692636 44.7040783340438 45.1781180111475 45.6772472491175 46.1838454937529 46.681902760704 47.1577720082078 47.600649268895 48.0027765094263 48.3593917384197 48.6684730700503 48.9303364535046 49.1471504237727 49.3224267482522
49.6216579149708 49.6143521281519 49.6042518259747 49.5898131133073 49.5690069085958 49.5392556470348 49.4973881357615 49.4396256022923 49.361614314462 49.2585211701598 49.1252075494563 48.9564927545993 48.7475110589978 48.4941557282676 48.1935899772942 47.8447900186606 47.4490711516645 47.0105367335274 46.5363844881011 46.0370072129088 45.5258369367818 45.0189030131191 44.5341039437187 44.0902267261749 43.705781717883 43.3977502667313 43.1803617286874 43.0640221558743 43.0545069958887 43.1525051047065 43.353564216665 43.6484437595187 44.0238357990949 44.4633753487748 44.9488327344419 45.4613667510759 45.9827191589527 46.4962473366396 46.9877192214697 47.4458282453358 47.8624205849126 48.232457919275 48.5537624329464 48.8266050273738 49.0532022993049 49.23718395657
49.6425673063199 49.635186636477 49.6247100291575 49.6096177887355 49.5879162187139 49.5570700925133 49.5139521536611 49.4548230751833 49.3753577423569 49.2707348153186 49.1358054668919 48.9653532362555 48.754449607057 48.4988991816538 48.195754781453 47.8438677788626 47.4444244699717 47.0014078375196 46.5219182840315 46.0162891535336 45.4979445620116 44.9829683420437 44.4893822678016 44.0361660075096 43.6420859648571 43.3244301325294 43.0977662651454 42.972847154629 42.9557775347223 43.0475325479608 43.2438806676939 43.5357194660634 43.9097869248168 44.3496705776556 44.8370072215117 45.3527509698204 45.8783883640103 46.3969949212241 46.8940545399787 47.3579968527849 47.780442643584 48.1561789879228 48.4829101245225 48.7608451167166 48.9921886899027 49.1805982951798
49.6568605476393 49.6496461699192 49.6392338621915 49.624156428302 49.6024898540792 49.5717839959758 49.5290089918531 49.4705307770718 49.3921315700931 49.2890923551171 49.1563534346165 48.9887653170653 48.7814350557163 48.5301626164392 48.2319484937835 47.8855388934787 47.4919603209027 47.0549838276024 46.5814531027045 46.0814123765257 45.5679812229325 45.0569439955047 44.5660503966951 44.1140575075257 43.7195781056167 43.3998301501862 43.1694029084724 43.039162372883 43.015410260698 43.0993872654789 43.287175084635 43.5700079280978 43.934958881215 44.365926075605 44.8448136947391 45.352787205314 45.8714822963891 46.3840617757696 46.8760409178461 47.3358348327643 47.7550161406188 48.1283027543529 48.4533201697252 48.7301981488565 48.9610675520569 49.1495202829608
49.6667304449605 49.659910681307 49.6499572065671 49.6354862073043 49.614681715308 49.5852266900084 49.5442482521569 49.488290002115 49.4133268340818 49.3148388874422 49.1879604840673 49.0277163674263 48.829350795644 48.5887449744382 48.3029054624471 47.9704917430334 47.5923370051065 47.1719046861759 46.715617058622 46.2329933696973 45.7365452842834 45.2413968929805 44.764624056695 44.3243404872635 43.9385915113214 43.6241459840022 43.395297426059 43.2627932285961 43.2330035406918 43.3074193519022 43.482534835867 43.7501268350942 44.0979003665488 44.5104294515537 44.9702928973315 45.4592886733938 45.9596097570194 46.4548778800462 46.9309564978898 47.3764960813798 47.7831984847826 48.145817954657 48.4619406298227 48.7315999403766 48.9567915539118 49.1409492923711
