_KRIGING/CROSS_VALIDATION_CLASSIC/Berg/TZ/train_4/Berg_TZ_4_train_z_0.asc
ncols 100
nrows 90
xllcorner 5.6208707817415728
yllcorner 50.959635321741573
cellsize 0.00013419651685393446
nodata_value 1.7014100000000001E+038
[rows 19 to 37 of 90, columns 44 to 87 of 100]
0.137724087870237 0.152182124229039 0.164119354094418 0.172894165644652 0.178050926305757 0.179326046505255 0.176645298006398 0.170115439115334 0.16001274747757 0.146770088798518 0.130962919352331 0.113293438365752 0.0945712632191085 0.0756887113539584 0.0575891353370169 0.0412277303623537 0.0275256426336429 0.0173197786408613 0.0113121287010527 0.0100233694802172 0.0137557737612261 0.0225699299236081 0.0362785027348606 0.0544584337124484 0.0764808693531926 0.101556053138695 0.128788741862546 0.157238655195809 0.185980172082803 0.214155949855811 0.241020240724155 0.265969203078237 0.288557193316308 0.308499622072683 0.325664257069906 0.34005371855892 0.351782294427765 0.361050133784039 0.368117455812667 0.373280766422776 0.376852347734776 0.379143597358807 0.380452234896356 0.381053010358573
0.146491484277221 0.158456557663258 0.167955486105426 0.174444074800939 0.177560797482205 0.177128030490392 0.173144570938834 0.165772783882336 0.155323314358529 0.142239342029513 0.127081099845488 0.110510124361483 0.093271745687782 0.0761738850355228 0.0600604222189042 0.0457782048597679 0.0341380444344805 0.0258715279643683 0.0215868614022956 0.0217279531868963 0.0265413141084649 0.0360549780558998 0.0500725619669893 0.0681839415934093 0.0897920848480202 0.114153670453279 0.140429531500734 0.167739941351472 0.195219436848061 0.222066260666249 0.247582493134592 0.271202337768182 0.292507581984025 0.311230733803102 0.327247537857904 0.340561371391705 0.351282367300392 0.359604038431611 0.365779776983048 0.370101000902772 0.372878048762034 0.374424302181707 0.3750435240803 0.375020084656371
0.156290213307147 0.16516289586538 0.17167149387194 0.175390580650132 0.176071386458493 0.173637282070198 0.168170725245626 0.159895347665713 0.149156490406262 0.136402546881311 0.122168181087405 0.107059149692939 0.0917373624171202 0.0769042028790402 0.0632801358185033 0.0515792515487075 0.0424785197131021 0.0365829110650788 0.0343889073313651 0.0362499630432979 0.0423479749720809 0.0526746251655399 0.0670255944326434 0.0850092265720604 0.10606949459858 0.12952136881153 0.154595200946516 0.180485750689209 0.206401125470088 0.231607200848254 0.255463945058586 0.277451310415919 0.297183753702978 0.314413783509376 0.329026018878899 0.341023960186146 0.350511976875576 0.357674937850777 0.362757535922451 0.36604480729711 0.367844746444999 0.368473375078831 0.368242217955953 0.367447904061609
0.166610902787965 0.171876720179741 0.174922475410096 0.175458907785656 0.173365211733013 0.168677997577392 0.161572008645345 0.152336644205579 0.141352005509481 0.129067236630704 0.115982596491889 0.102635259918904 0.0895875994683203 0.0774158953785574 0.0666972139720443 0.0579926176793376 0.0518258261080769 0.0486577314290136 0.0488585092766867 0.0526801725917518 0.0602330502969512 0.0714696893680051 0.0861790542572272 0.103992733706211 0.124403366171691 0.146793925069535 0.170475133135145 0.19472732417099 0.218842676571069 0.242163936070521 0.264116450942048 0.284231405817035 0.302159359886891 0.317674367024811 0.330669908369362 0.341148490937731 0.349207019352905 0.355019960707625 0.358821977062416 0.36089120851817 0.361533870015745 0.361070378008889 0.359822917391376 0.358104222947366
0.17689294295182 0.178143388525337 0.177354560027842 0.174385949281491 0.169255645494502 0.162122189918872 0.153258558343776 0.143022729275725 0.13182899881313 0.120123255789019 0.108364041678087 0.097009668552464 0.0865102540249878 0.0773025181531264 0.0698047529806343 0.0644095826846726 0.0614729151455306 0.0612986646781621 0.0641201448725498 0.0700802102980869 0.079213019482644 0.0914305345329481 0.10651651400433 0.124129864677501 0.143817966623093 0.165039209917831 0.187192730019225 0.209652415416377 0.231801823596619 0.253066720889811 0.272942503075121 0.29101462424396 0.306971184308476 0.320607817286412 0.331825828216361 0.340625045225964 0.347093049513054 0.351392347757724 0.35374673609131 0.354427677471419 0.353741084565048 0.352014560175367 0.349584956313663 0.346786090552133
0.186577034870333 0.183526139200754 0.178648977729584 0.171960884431613 0.163624800377363 0.153925664688309 0.143237346453271 0.131987014640061 0.120621580172703 0.109579889722705 0.0992728987890732 0.0900723755674101 0.0823070905953068 0.0762642097465574 0.0721929346048104 0.0703074175747055 0.0707865848534864 0.0737695759210897 0.0793468152299331 0.087547995813949 0.0983292208126427 0.111562032783416 0.127026982029621 0.144413779718363 0.163329087559196 0.183311820095176 0.203854707430813 0.224429989404442 0.244516626561911 0.263626372117254 0.281326416673652 0.297256985048118 0.311143079412208 0.322800363417922 0.33213583003275 0.339144301305191 0.343901940692788 0.346557845503232 0.347324501480166 0.34646752203165 0.344294762135469 0.341144674547474 0.337373713307861 0.333342695786309
0.195154446469214 0.187649897119183 0.178560691160722 0.168059122762669 0.156453453765668 0.144154739737082 0.131636617077993 0.11939340979567 0.107901684569371 0.097589416087763 0.0888154017676206 0.0818597540292193 0.0769245091819845 0.0741419218929541 0.0735870948987375 0.0752913501525054 0.0792531774880367 0.0854445739561124 0.0938118895654799 0.104271652718291 0.116702997012413 0.130939044372879 0.146759807595857 0.163888859839413 0.181995284024295 0.200701439887208 0.219596080015002 0.238251503534613 0.256242899218993 0.273167864074439 0.288664272857669 0.302425133322825 0.314209662910237 0.323850425168808 0.331256847626251 0.336415728332005 0.339389400938112 0.340312096041521 0.339384779223038 0.336868456075482 0.333075704682433 0.328360100284283 0.323103274688152 0.317699602115955
0.202207073300958 0.190235169941537 0.176946234689539 0.162664436323844 0.147838045436344 0.132998872732244 0.118715064009546 0.105543083064411 0.0939845158543184 0.084452346626768 0.0772497568928717 0.072562545592455 0.070464281228885 0.0709315904507277 0.0738658221036088 0.0791168585433811 0.0865051059609432 0.0958385818370143 0.106923323895641 0.119566803007146 0.133575357682925 0.148747652251788 0.164866654466102 0.181692599012881 0.198958923226431 0.216372381263726 0.233617653822096 0.250365958795546 0.266286578460552 0.281059928209592 0.294390803298063 0.306020691286867 0.315738423967319 0.323388844992128 0.328879484461667 0.332185392341588 0.333352270198618 0.332497884962884 0.329811516610837 0.325550970987721 0.320036565383942 0.313641532736938 0.306778519195757 0.299882254693747
0.207433873682285 0.191117972572247 0.173777052252732 0.155875901271772 0.137991668648334 0.120766380600298 0.104853157906077 0.0908624349330696 0.0793143150016279 0.0706021955460323 0.0649711164246096 0.0625121881288973 0.063172270402621 0.0667761321801534 0.0730569183913736 0.0816900670947823 0.0923259206807322 0.104617080372782 0.118237870742401 0.132894843364277 0.14832876995565 0.164309805592119 0.180628272731423 0.19708376255905 0.213475012875448 0.229592426924407 0.245214318587761 0.260107185307876 0.274029667674594 0.286739442294034 0.298002132797204 0.307601371798609 0.315349321597253 0.321097165278704 0.3247452256123 0.32625240179212 0.325644522185541 0.323021027185939 0.31855918641356 0.312514902135605 0.305219135431838 0.29706916942622 0.288514312594738 0.28003621692807
0.210661263849808 0.190253798405247 0.169136789576718 0.147898536193243 0.127228358870015 0.10786294748402 0.0905266791818484 0.0758726590962446 0.0644311009016467 0.0565706436938627 0.0524764414265658 0.0521466231086665 0.0554063432242453 0.0619364788572829 0.0713123977188496 0.0830473388494527 0.0966349022794632 0.111585879529074 0.127455991604073 0.143862767680046 0.160491498142246 0.177091659175724 0.193466236219031 0.209456876383179 0.22492778855201 0.23975088669945 0.253793994635628 0.266913171063957 0.278949521203982 0.289730333645912 0.299074054869033 0.306798467554309 0.312731410211541 0.316723385761362 0.318661384763158 0.318483152277164 0.316190952449869 0.311863668171456 0.305665881421735 0.297852493823389 0.288767540528453 0.278836171680375 0.268549330866115 0.258441407347291
0.211837324273518 0.187705959393519 0.163203358918191 0.139018964547547 0.115932516801311 0.0947552534409639 0.0762652569854626 0.061144119259638 0.0499219872317637 0.0429370155278466 0.0403134147374376 0.0419599135000934 0.0475878941182388 0.0567460921767438 0.0688669109955048 0.0833183385435595 0.0994552799288481 0.116664795510288 0.134401090408163 0.152207867017751 0.169727518903233 0.1866983218181 0.202942044449241 0.218345137429011 0.23283685242784 0.246367375564757 0.258888474528975 0.270338422338008 0.280632222507774 0.289657527086133 0.297276160428301 0.303330833419888 0.307656411260101 0.310094921749438 0.310513305132206 0.308822680733277 0.30499764534602 0.299093865191158 0.29126204594436 0.281756343017391 0.270935476400159 0.259255280774091 0.247252147457809 0.235517743529551
0.211011861907003 0.183620810226045 0.156218806037807 0.129569675204231 0.104517597332738 0.0819244087009614 0.0626011293837573 0.0472412463931637 0.0363632125946636 0.0302685675087399 0.0290201821722825 0.0324426402339282 0.0401440495803964 0.0515560272620748 0.0659865790404767 0.0826793747398326 0.100872635698536 0.11985147943393 0.138988943907168 0.157772769106543 0.175817027702986 0.192859561982542 0.208747658835699 0.223415335277969 0.236855980654989 0.249093972369302 0.260158380645965 0.270061163800743 0.278781478705578 0.286257004242807 0.292382559453671 0.297015802971773 0.2999893986637 0.301128679444206 0.300273496953372 0.297302591734715 0.292158471915823 0.284870496212735 0.27557369105199 0.264520870498516 0.2520859369331 0.238756852173268 0.225117666629399 0.211820106534753
0.20830619369478 0.178194141225118 0.148451742091889 0.119887164766424 0.0933798930914646 0.0698155700712414 0.0500150305576777 0.0346653516151983 0.0242607093110415 0.0190597678445431 0.019064367841075 0.0240216916589231 0.0334492323532162 0.0466791894368521 0.0629167420723761 0.0813053003526295 0.100991459671385 0.121182972997712 0.141194451765661 0.160477436186576 0.178633612469333 0.195411976802837 0.21069239471475 0.224459118252992 0.236768351598052 0.247713947055094 0.257394887514314 0.265887521027108 0.273224706669702 0.279383224592698 0.284280066290625 0.287777575705852 0.289696844508296 0.289838246176631 0.288007497982585 0.284045163232602 0.277857073832308 0.26944282085713 0.258919303984114 0.246536428403089 0.232682452019567 0.217877240904485 0.202752759075256 0.188021412949293
0.203877726251427 0.171634124836979 0.140158103333509 0.110270153937715 0.0828540653958231 0.0587908618023268 0.0388867828079006 0.0238033518288501 0.0139975710918618 0.00967921780892689 0.0107902177401961 0.0170084093616886 0.0277750591877194 0.0423426688072089 0.0598373253552808 0.0793283966009183 0.0998979250421376 0.120702633308234 0.141022861148087 0.160294739840258 0.178124139826833 0.194283071305938 0.208691003805969 0.221384824347109 0.232481810061748 0.242140086180092 0.250520683171469 0.257754642855271 0.263917797641277 0.26901497700196 0.272974555465317 0.27565347824014 0.276852183091351 0.276338164740667 0.273876289876624 0.269263375718773 0.262364029799628 0.25314437674186 0.241700149456219 0.228275776965895 0.213271617265191 0.197237378063662 0.180851001314399 0.164883757075334
0.197884864125671 0.164126491971793 0.131546129418349 0.10094403777115 0.0731768865975982 0.0490923828993862 0.0294576856360215 0.0148897824092872 0.00579602945878305 0.00233199866100831 0.00438175732187795 0.0115629982993166 0.0232564199946885 0.0386558585651275 0.0568333069034718 0.0768114341047075 0.097635720093899 0.118438850874965 0.13849142998576 0.157235079650534 0.174296295469235 0.189481645887427 0.202756793256495 0.214213172853681 0.224026924866211 0.232414857423772 0.239591925243971 0.245734075234239 0.25094947715716 0.255260239837206 0.258595788744093 0.260798187595248 0.261638834664681 0.260845151460606 0.258135110524816 0.253256742780509 0.246029171447335 0.236381310993889 0.224384230620541 0.210273392345662 0.194457588330157 0.177512429475377 0.160157626262886 0.143218936581735
0.190457457420593 0.155807082791843 0.122750704962934 0.0920367667833763 0.0644644789826798 0.0408206924560154 0.0218102005890569 0.00798768725886262 -0.000300408487785231 -0.00295688114464782 -0.000152387849124691 0.00768077301355952 0.0198791800575513 0.0355996174236773 0.0538853187738156 0.0737396709917365 0.0941993880363178 0.114399671491431 0.133625273874674 0.151343405186512 0.167216738900511 0.18109704524238 0.193001926147746 0.203078558957024 0.211559192707881 0.218713398103002 0.224801838691092 0.230035733649194 0.234545353727996 0.23835994278088 0.241400465492439 0.243485591040827 0.244350351748865 0.243675975639848 0.241128499509184 0.236402960840196 0.22926930261187 0.219615684993023 0.207484770948349 0.193098818618373 0.176870121858785 0.159394492009175 0.141427005940915 0.123841027155514
0.181676984837156 0.146745672764747 0.113820724688201 0.083569623719189 0.0567063531487072 0.0339319361260421 0.0158679662564361 0.00299129344501214 -0.0044218868268931 -0.00633530843234636 -0.00297003614579949 0.00520254003158327 0.0174916201639431 0.033038394907965 0.0508820964498594 0.0700332930248939 0.0895464673952958 0.108584401435941 0.12646826318507 0.14270929643591 0.157020318531672 0.16930750920459 0.179644943936912 0.188235800246728 0.195365058254775 0.201348836240648 0.206485325991403 0.211011737433635 0.215070849274562 0.218689796877772 0.221772686193965 0.224107550442118 0.2253870922795 0.225241601053073 0.223281433756472 0.219145549420904 0.212551861234469 0.203344706623717 0.19153462490515 0.177325953262931 0.161128549077709 0.143551211584864 0.125376034301747 0.107514828427059
0.171569140396624 0.136943233115859 0.104721169199795 0.0754641438942374 0.0497770833793443 0.0282540658298432 0.0114162323922836 -0.000349782739743787 -0.00684476623800595 -0.00809402990700009 -0.00436350419929704 0.00384772599060851 0.0158380105002814 0.0307535352419308 0.0476528468565244 0.0655782559331143 0.0836263160947504 0.101010032514809 0.117106786778607 0.131487920928012 0.143928184651246 0.154395495687486 0.163023424094798 0.170070300255779 0.175869776156207 0.180778040786039 0.185122770720191 0.189158389008476 0.193031419367092 0.196758754375645 0.200220578319834 0.203168547194824 0.205248666168543 0.206037153282572 0.205086482710588 0.201977824850671 0.196375326061802 0.188077192481965 0.17705845392425 0.163500660784895 0.147804646787777 0.130583855326399 0.112637492092601 0.0949047773424826
0.16010969131288 0.12634282361351 0.0953494340907611 0.0675640836674112 0.0434639074452858 0.023519849174555 0.0081398512612072 -0.00238817859664037 -0.00794567879566249 -0.00861802398309058 -0.00470928755839367 0.00326535396229766 0.0146092130309 0.0284925223192345 0.0440142399776542 0.0602702486714821 0.0764204171108366 0.0917474215386224 0.105701501978492 0.117927210729395 0.128270395693753 0.136765843091899 0.143607924278967 0.14910807045375 0.153643848676637 0.157604827262774 0.161340353675561 0.16511391213109 0.169067977424308 0.173202321855378 0.177367631380174 0.181275096859951 0.184521410371933 0.18662736182448 0.187087056782373 0.185423738698968 0.181247389553318 0.174308801779288 0.164544755125974 0.152109365445856 0.137387627802531 0.120988625828811 0.103717727672287 0.0865291727910082
