_RESULTS/CROSS_VALIDATION_POSTPROCESSED_80-20/Berg/IZ/6comp/5/Berg_IZ_z_500_kriged_reverse_6comp_spherical_5.asc
ncols 100
nrows 90
xllcorner 5.6208707817415728
yllcorner 50.959635321741573
cellsize 0.00013419651685393446
nodata_value 1.7014100000000001E+038
[rows 38 to 56 of 90, columns 41 to 81 of 100]
0.11556472125536517 0.10638659847315007 0.09762894380014367 0.08776511904973182 0.07829206029099942 0.07000503874312475 0.06415271081559466 0.061338420548170264 0.06119762583700034 0.06365906270022954 0.06877367841048113 0.07664617220314343 0.08804644893621205 0.10433015679673435 0.1255331385491413 0.14797804597269495 0.163511342592221 0.1645845730951637 0.15163580603784974 0.12920004215588077 0.1021051907821381 0.0751883115140777 0.051211441256951026 0.031757741398100545 0.01779387922994504 0.009183312221099662 0.004548072418393333 0.0022551229740327278 0.0011594190132454421 0.0006378061776329437 0.00038800636395928164 0.00026751921293424654 0.00021309624376447285 0.00019853238791244277 0.0002130684968663081 0.00025752948322598884 0.00034185665760574804 0.00048467325863412147 0.0007155217445307893 0.0010765457452492214 0.0016215918617973207
0.086933589446402 0.0811885035393192 0.07606302037020643 0.07037300399973438 0.0644295792129726 0.05912238763097457 0.05578141294516117 0.05482022856507379 0.05609530784568155 0.059298995669931645 0.06461304332878086 0.07265048372193712 0.08441804852346918 0.10089944250917442 0.11915430484930861 0.1368531576289638 0.14484659398067953 0.13955404311442804 0.12340132739253372 0.1013453873702884 0.07820525426706963 0.056899148668392775 0.03855760412414582 0.023448888244839344 0.01231782549282877 0.005747740675939814 0.0025614225587352246 0.001153264907132902 0.0005443881369616962 0.00027734709386688627 0.00015697285603042129 0.00010256954671204932 8.005502622304457e-05 7.593782974330968e-05 8.611670364945507e-05 0.00011264068448930162 0.0001634908445948317 0.0002537627905255765 0.0004086873476483938 0.000667246604900576 0.0010846246601194404
0.06554990731070325 0.062046352876702446 0.059024155826898544 0.05568579648916364 0.05225036517437332 0.04916021206875808 0.04763556390853572 0.047933911504187 0.04960873817408149 0.05283389319525192 0.058027378645553455 0.06582345819155845 0.07721685756380742 0.09110939900754027 0.10525623336732749 0.11678541353790967 0.11777237508745846 0.10840680420568134 0.09173273603709825 0.07288865884454623 0.055224259706052894 0.04005253844725639 0.027635666361970092 0.017189556900936646 0.008370835390301772 0.0034156488325017506 0.0013582711673877364 0.0005571946218760167 0.00024277156024168483 0.00011513317686759613 6.107732977906502e-05 3.755010224440503e-05 2.8262725619465004e-05 2.732892128024916e-05 3.346873336280399e-05 4.867289611469211e-05 7.881310240138962e-05 0.00013555354481376982 0.00023964725797346318 0.00042565945503656566 0.0007470026557304593
0.04965070720448882 0.04759485839210686 0.045904832113732405 0.04405029002488635 0.042069073881371696 0.040459900445105924 0.040065765977832284 0.04068891904115567 0.04240357133501729 0.045453384616972174 0.05022149872963736 0.05730581501252116 0.06719398065246912 0.07743267343650492 0.0875443800840184 0.09314726817920553 0.08982324287442835 0.07945689382285218 0.0653505034520784 0.05049038733136274 0.037157555466473514 0.026337383010709745 0.018154030178550058 0.012286437567080645 0.005291975017135758 0.0018620112507449274 0.0006759271817528806 0.00025831838749084513 0.00010581318590299182 4.7237910570692424e-05 2.348391985554609e-05 1.3491558864652506e-05 9.656993966934842e-06 9.550189037709646e-06 1.3024312626925437e-05 2.163145869678629e-05 3.976005028998997e-05 7.628844697890766e-05 0.0001481286035823874 0.0002855802152015034 0.0005392110986809775
0.03796115339457057 0.036814646831400344 0.036000583990173814 0.035132928418641206 0.03413638222831941 0.03325204323602588 0.03312451410904457 0.03379902739244704 0.03536524280261617 0.038033463116259124 0.04213840376773287 0.048249275652031604 0.05601034124888711 0.06344534115078594 0.06966591716141203 0.07106512896385264 0.06628145042033297 0.05704296947091598 0.04553929648085289 0.033957090764177855 0.02391949607701692 0.016009627138522754 0.010163087414141514 0.005809007517478091 0.0025279652611453645 0.0009102955954817923 0.00032180085846637114 0.00011826524954009537 4.651707634681256e-05 1.997136490030887e-05 9.45932226213065e-06 5.027136028567896e-06 3.251013521378223e-06 3.3337041201783047e-06 5.4917721533550895e-06 1.0730561012164449e-05 2.2199432004798066e-05 4.692812663408849e-05 9.919924832590716e-05 0.00020578601735568865 0.0004147198282482579
0.02948359716867414 0.028930407999999158 0.028748821006156278 0.028531269901211312 0.028141710290759167 0.027383422854993938 0.027130212831182603 0.027697589215703065 0.028987013036936907 0.031168454673519266 0.03467465149567856 0.04000962099705294 0.04574782913920237 0.05052842323241882 0.053601036643567676 0.053327973944966696 0.048565448349400644 0.04065969311212607 0.03141287705455401 0.02248244802613881 0.015017317436974712 0.009335049070176446 0.005328283620774785 0.0026862769752861683 0.0011450545539176185 0.000427443789777499 0.00015247094251438726 5.558612328991158e-05 2.1635300497811064e-05 9.225504176861568e-06 4.352892052312593e-06 2.2632826851436146e-06 1.2729656988651053e-06 1.3555625008569965e-06 2.938972360800559e-06 6.525881592126156e-06 1.4664913555462055e-05 3.300385881244661e-05 7.377503020417505e-05 0.00016213919974518106 0.00034455080399234405
0.02332708059762662 0.023297016712722197 0.02361888875042531 0.02378254322914895 0.023520349996344444 0.022741631669001013 0.02227913467949544 0.022570692364177743 0.023551947316768268 0.025436212497485483 0.028500881171402932 0.032861672711013944 0.036779633931216894 0.03946099953261254 0.0410882078947605 0.04010805243179756 0.03572398491569393 0.02913179451195238 0.02179984846419944 0.014989558661835607 0.009510583205330825 0.005535829165297442 0.0029140817183365693 0.0013647451841649985 0.0005641009904971926 0.0002112102903258753 7.577157860505977e-05 2.77332501349316e-05 1.0949144632501874e-05 4.851105204018813e-06 2.4603899928692797e-06 1.442054670685414e-06 1.038823053637687e-06 1.2230688660369276e-06 2.3511629264987597e-06 5.1791989885988765e-06 1.183922681204092e-05 2.7292841373435077e-05 6.256754567595757e-05 0.0001414317031636145 0.0003121173884711794
0.019354868129109012 0.019870168500917055 0.02030133930318584 0.020456091129717843 0.02002531070114027 0.019170910423417106 0.018493152037924662 0.018479493794754494 0.01932529105854165 0.02098849473768412 0.023656198017229256 0.02697625760254315 0.02942414758080864 0.03104927330794404 0.03174016340332338 0.03049325901417458 0.026654670934209694 0.021256417594543997 0.015485467605022429 0.010304223970799038 0.006280131279175132 0.0034853551955055955 0.0017428301799865087 0.0007793816611384075 0.0003133606431214231 0.0001159037598904204 4.128766184024195e-05 1.5097338277717498e-05 6.093836394192018e-06 2.896912073927856e-06 1.6774909031907037e-06 1.1984515252706455e-06 1.1036916541935088e-06 1.4242575348680588e-06 2.5095549666305953e-06 5.22684424380515e-06 1.1616869803593976e-05 2.6550000372632482e-05 6.0919272477397616e-05 0.0001384922456525126 0.0003093874806519947
0.019168486669014412 0.018683286807870778 0.01863094380878729 0.018360750944233728 0.017634208768699658 0.016633790482102905 0.015779738957343234 0.015656552168471106 0.016352727589033646 0.017818805472891313 0.019944410997189774 0.02222909910048327 0.02388320443481432 0.024805244684867826 0.02490236321714088 0.02362634000825361 0.020369477422922045 0.015986468037741897 0.011433763973003688 0.007449551153855914 0.004433078649102743 0.0023967432967103544 0.0011679972222817287 0.0005104753340877416 0.00020164236106463612 7.343999781115854e-05 2.564206334462029e-05 9.168104257137514e-06 3.7182223650935425e-06 1.9159858282746316e-06 1.3099512841149644e-06 1.1513356387392505e-06 1.2752416260019324e-06 1.7899727746480468e-06 3.1158323508466528e-06 6.262572709852877e-06 1.3448621229483634e-05 2.9941077111313835e-05 6.756356217033997e-05 0.0001520553568160683 0.0003377973609618295
0.019669493557666534 0.018689025809627016 0.01807674374826329 0.017269628292435814 0.01619197382221071 0.015007842204824415 0.014115457329507364 0.01389170641710175 0.01434406766204883 0.015409540135550088 0.016978017177369714 0.01866117332594895 0.019800706248124786 0.02026837289262384 0.02000985698681956 0.01880122484542407 0.016084328728386724 0.012519780556373084 0.008883078188058542 0.005748792548917222 0.003403742955900442 0.001834244331321769 0.0008932272182134754 0.00039107448086052354 0.00015448617121821526 5.5915201193842134e-05 1.9040642415999056e-05 6.453685545380173e-06 2.4811623298479724e-06 1.3724309472509167e-06 1.1602153086785968e-06 1.2646656255192616e-06 1.6365506147915279e-06 2.479276240165628e-06 4.341897628499946e-06 8.52509636390245e-06 1.781701197973753e-05 3.836361410533353e-05 8.420283908606063e-05 0.00018538661343267093 0.00040487794817123027
0.020916699608450745 0.019492545381864117 0.018299753631614717 0.016957738848766994 0.015498846669471678 0.01417992704051442 0.01322008808696882 0.012729837034317851 0.012848511631902721 0.013539322812154957 0.01473777612514164 0.016060488635866402 0.01686619166618007 0.01705141432266232 0.016589554951398185 0.015459406366932481 0.01320864655186451 0.010281433098486472 0.0073180342372688575 0.004777562751904825 0.0028712271121694296 0.0015794813271653183 0.0007891074043308932 0.00035571777379546436 0.00014449701674988408 5.3370776257081454e-05 1.8171313593605672e-05 5.848333880573578e-06 1.9101494230511095e-06 1.0901371134909037e-06 1.2741924720534463e-06 1.690719267095292e-06 2.444727417053496e-06 3.888959765119262e-06 6.815878135724563e-06 1.3003317069167199e-05 2.635719624943039e-05 5.477389564217168e-05 0.0001160929100670345 0.0002478740426854511 0.0005273484676285739
0.023027636665700252 0.021078381229402265 0.019199106900803006 0.01723243679489794 0.015289713959685224 0.013743185691071781 0.012629664917936543 0.011911907691313256 0.011759279881886043 0.012143282840148938 0.013139150426808585 0.014239531821650685 0.014844653199098593 0.014864714731774144 0.01429054221590706 0.013195791161743497 0.011328613596019386 0.00888413124287877 0.0064100975585949654 0.004287609884009969 0.0026695245813997365 0.0015365160944584607 0.0008095505397805455 0.0003870665700918256 0.00016725593572155487 6.581799925261933e-05 2.391314696549095e-05 8.212665628341754e-06 2.8549238060901655e-06 1.73193522526631e-06 2.145885815926586e-06 2.976844397271063e-06 4.4151433115389615e-06 7.0354704995129865e-06 1.2067503028789412e-05 2.2139390866990212e-05 4.289487318283159e-05 8.56198558817516e-05 0.00017425945808023874 0.0003584419799645196 0.0007375481031922096
0.025650351642671983 0.022962215136678614 0.020279716693351033 0.0176142830405863 0.015252106332675874 0.013482511697665539 0.012232550332477742 0.011396339489976044 0.011026083348062399 0.011213319499765662 0.012076315569137422 0.013066358472680718 0.013573741504591856 0.013511812317552148 0.012878503501961814 0.011763780585023661 0.01017690236528268 0.0080839861239306 0.0059609775394913345 0.0041443235654827736 0.002728729648271241 0.0016850275704409748 0.000961656772825278 0.0005016087433905067 0.00023833803430462419 0.00010423097735970122 4.3073996188927314e-05 1.7724832751181877e-05 8.246529096211192e-06 5.485948385225001e-06 5.494097058571683e-06 6.859062185426921e-06 9.606654834319635e-06 1.4623098471381982e-05 2.3909150623282714e-05 4.159353860261649e-05 7.612576456966971e-05 0.00014433386176626896 0.00028020894773022215 0.0005524155294581865 0.0010914035296737809
0.028417193850047352 0.02488634526757904 0.021378194257972424 0.018060097089814976 0.015344884682017262 0.013357256423294887 0.011988308438284042 0.011116122331994577 0.010627312593999004 0.010718008589691701 0.011491187450662172 0.012461490082767387 0.012959142218635358 0.01288329041433541 0.012227386168365098 0.011082995515931992 0.009606358860879958 0.007744331294957994 0.005858492454078393 0.004281637123102928 0.003044212824344037 0.0020678587178152743 0.0013102551452614185 0.0007633305459542536 0.0004081765279235272 0.00020316787644979143 9.751909960386933e-05 4.7909788283043155e-05 2.6574838054639804e-05 1.856550852774889e-05 1.6869240675641218e-05 1.8799643647153876e-05 2.4057774741523722e-05 3.4005272195728844e-05 5.1982167164577466e-05 8.471723125460002e-05 0.0001453582816756121 0.00025934071190148323 0.00047547309268040954 0.0008936424121067124 0.0016745046492077933
0.03126255388283797 0.026841600541970618 0.022512483059758424 0.018614418086426023 0.01555726539512542 0.013328923416515816 0.011854214582871619 0.011010432335471632 0.010576240924676614 0.010646045562209345 0.01137304975775098 0.01239508017780458 0.012970945365187054 0.012953682511949264 0.01231841696249894 0.011141183814667586 0.009599301158554265 0.007830132822411079 0.006042358768047958 0.004667050032158888 0.0036760227036827246 0.0028230837203435427 0.002025734211764079 0.0013367730924336474 0.0008124757836035915 0.0004620056359570559 0.00025461858759612445 0.0001431909088082355 8.808510006082121e-05 6.328973141026139e-05 5.4645779210492756e-05 5.5854932761820566e-05 6.539772020052271e-05 8.515302925990445e-05 0.00012064552423775815 0.0001829564232179772 0.00029288515750134644 0.0004887206744128124 0.0008431470620639199 0.0014900858276331787 0.0026191622039766177
0.03410868347945153 0.028828992260543418 0.02373675874968245 0.01936410099652815 0.015969239993006982 0.0134213823827511 0.01179371902463793 0.011101716397457455 0.010845194808968561 0.011029953197507403 0.011744599639983483 0.012868836081029797 0.01362596412469112 0.013766008189544552 0.013231470632923665 0.012061515850254396 0.010399877632264706 0.008487210594758926 0.006543526124635111 0.005293902361054079 0.004834816786818372 0.004303667114369311 0.0035196783161778314 0.0026328190512344583 0.0018153251020834107 0.001169739692809013 0.0007239946203385834 0.0004479821234803422 0.0002926671424706377 0.0002126493710242561 0.0001770325723525671 0.00016934276021054122 0.0001834975600538343 0.00022090980068001522 0.0002900827005218324 0.0004088723700767816 0.0006099440565738486 0.0009507472126524613 0.0015364741773939057 0.002521447581065168 0.004121512109300973
0.036863493532419155 0.030844448322099826 0.025138961974772875 0.020447348276460234 0.01678799788948212 0.013921501497564935 0.011887507397307174 0.011609691654348862 0.01152356412246484 0.011875364826193389 0.012681178678043218 0.013920505919442813 0.014990526802795126 0.015439628026574071 0.015168574079999804 0.014163200339392999 0.012505259525512163 0.010391184877726892 0.008042555683408737 0.00647648012233727 0.00735928818083953 0.007446507940188456 0.006790328639062111 0.005670524044803402 0.004392178748344932 0.0031741808324448027 0.002159925609185758 0.0014206614316155332 0.0009533879287071293 0.0006894679529140658 0.0005554266832603188 0.0005035941922678825 0.0005112858152459905 0.0005740481012387908 0.0007023805115576417 0.0009231653845206642 0.0012859336361473691 0.0018733478335118783 0.002800200438320795 0.004260892211467876 0.006472364220726621
0.03941356308707108 0.032849346434568986 0.026775403280864897 0.021954252480996535 0.018212256499649103 0.015391508273467424 0.01360007103269888 0.012873249440156163 0.012732507635557236 0.013189160512179878 0.014204044596161213 0.015632869175495036 0.017182435492112763 0.018169630600683256 0.018449392672729763 0.01796237948846993 0.016754632170047194 0.015062442460668788 0.013327658878156713 0.012805519464805706 0.013893206025460438 0.014573147491248354 0.01412833033716847 0.012810469590309116 0.011005762239291709 0.008903337755555173 0.00657162198791858 0.004429044994775772 0.002957829773450803 0.002101416848149136 0.0016420223467703589 0.0014259143605598048 0.001373045313179443 0.00145311913124295 0.001670473857944607 0.0020599543852250295 0.0026891640271311723 0.0036274746529230276 0.005005843528441797 0.007074337620117189 0.009994988542615527
0.041620426959549955 0.034756190980628 0.028649866754919377 0.02384566609633746 0.020151781225256703 0.017441466005013635 0.015670732883676385 0.014718988755759804 0.014467308939694218 0.015001832300161623 0.01624434617144934 0.018043852433189348 0.020322001392963814 0.022172806839692454 0.023441748291637466 0.02407619037621046 0.024228079873977983 0.02422572457992557 0.0246746251817416 0.026452444608015 0.02904762865914685 0.030330375575761712 0.02993131955727756 0.02851052655244623 0.026674535612418542 0.024501520141062653 0.019837884546651363 0.01289604853713076 0.00835897943797112 0.0058287998656558855 0.0044557039093338306 0.0037518578061263 0.0034710805339529106 0.003503524245168447 0.0038213081808393685 0.004446906432854989 0.005401292639458957 0.006747773658636726 0.008636374038930928 0.011362667097840394 0.014960340547107528
