_RESULTS/CROSS_VALIDATION_POSTPROCESSED/Berg/IZ/6comp/1/Berg_IZ_z_1000_kriged_reverse_6comp_spherical_1.asc
ncols 100
nrows 90
xllcorner  5.6208707817415728
yllcorner 50.959635321741573
cellsize 0.00013419651685393446
nodata_value 1.7014100000000001E+038
[rows 18 to 35 of 90, columns 0 to 40 of 100]
0.006604845641242466 0.007174580309841062 0.00797092383765514 0.009016174115052403 0.010335470067535523 0.011950948271481725 0.013873678846478076 0.01609304463946932 0.018564038281453487 0.021194356045282744 0.023835210370298447 0.026282027803985034 0.02829221632801975 0.029624371414433658 0.030094323527451176 0.029630248457841495 0.028301021986428393 0.02630028119706789 0.023892020037668316 0.021344146513073647 0.018877810761087417 0.0166094062524487 0.01451770742835831 0.012658067807786078 0.011057102417905917 0.009774394365358213 0.008987507269699081 0.008629656140186327 0.008660630345956532 0.009090101477201368 0.009981176458917093 0.011485842868922205 0.013899948168684666 0.017287860454909123 0.021909472177174073 0.028141891864789496 0.036411301111576734 0.04711193277731293 0.060423681521956076 0.07598206182087233 0.0924235239192194
0.007104162495616057 0.00791266663733222 0.009012740654088289 0.010449046693993057 0.012271777618006791 0.014529336734538427 0.017256973385239155 0.02046038180595014 0.024094221772360782 0.02803754245909794 0.032071684148279794 0.03587144948496395 0.0390254069778851 0.0411004639123938 0.04175031988568266 0.040834582529186786 0.03848614184202254 0.03507757285997487 0.03109943783393472 0.027019606502548803 0.02318987545766696 0.01981973983846159 0.01696972946935426 0.014517075201692561 0.012449384016567592 0.010872044994710518 0.009908872099049835 0.009442568309778767 0.00941742046041521 0.009836475035725475 0.010764171487778033 0.012342530361875641 0.01485131169340929 0.018562371929812745 0.02368624845696227 0.03070742175894063 0.040222873027405064 0.05288459721245034 0.0692190810297181 0.08920702910651507 0.11149944718300321
0.00776512949805133 0.008861886044979955 0.01034240439282407 0.01228391709136692 0.014775175222993028 0.017907634236342677 0.021760046041069934 0.02637424535569892 0.03172072973791454 0.037654914581817744 0.043870038983859876 0.049862501870262026 0.0549402776845369 0.05831689086763786 0.05931652178291972 0.057640058783301557 0.05353917104296455 0.04774839573308133 0.04120059413014316 0.034719626189842145 0.028854098264464015 0.023868650504503895 0.019819669205941068 0.016608685412393204 0.013984225549940296 0.012067903928461582 0.010889107755682421 0.010287110277706204 0.010184893349740553 0.010574931240746837 0.011519781316650927 0.013168740716580167 0.01579665151689792 0.01977195206307874 0.025337554864995362 0.03307116754260064 0.0437578427684801 0.05837117605497406 0.0779620358960892 0.10326439722662496 0.13363866328236507
0.008587780913751402 0.01003272948521646 0.011987029783627139 0.01457467729032321 0.017942153011273734 0.02224853935811792 0.02764575371172306 0.03424491068406013 0.042065074640913185 0.050962101688041994 0.06053984248854704 0.07005902975092045 0.07839016248031423 0.0841079491352292 0.0858492165046303 0.08291820648846945 0.07577573901088046 0.0659149119663592 0.05515355468984228 0.044939354044949906 0.03608384683099136 0.028855234444634142 0.0231904794337672 0.018877783047228928 0.015608703436172258 0.013303728677059378 0.011873656820888628 0.011110456283767165 0.010909485067022206 0.011248070196843728 0.012182537407345586 0.013863988026569591 0.016579025924556012 0.020797833059874458 0.02673567028339823 0.034998023465455906 0.046582227886597216 0.06277323627222497 0.08522075139703127 0.11578895092060654 0.1557687048145972
0.009568456908136163 0.011429577976276735 0.01396515811791241 0.017364445055168116 0.021857033564309503 0.027702752745089366 0.03516767205050432 0.044480332788282034 0.05576202725523573 0.06892415558995049 0.08352452146064299 0.09857965396162727 0.11236775525657323 0.12238156942889848 0.12581217856463894 0.1208989586772929 0.10842397449899754 0.09155754294387008 0.07393673824897522 0.05804686060144989 0.04494545228593597 0.03472505680171708 0.027022775116918703 0.021345483211115505 0.017235127433549293 0.014501095531490536 0.012794795525847082 0.011851254751752187 0.011532415344110524 0.011795942325999375 0.012686968779288915 0.014351256534369467 0.017075254203954573 0.021367463267315305 0.027610539634932343 0.036249108447166285 0.04827249219635948 0.06523234491867527 0.08920421727925232 0.12299550446696253 0.17024504301465004
0.010695566903350414 0.0130444244321153 0.016277179696699836 0.020670818084782005 0.02656914136010533 0.034373151260307724 0.044512433954762794 0.057390524918304986 0.07329833683149942 0.0922875850421079 0.11398365409809018 0.13729101390290904 0.15992813221632488 0.1778572477978271 0.1853464355471735 0.1775806954525348 0.1555992364395442 0.12661763762213243 0.09808912017575894 0.07396003560587325 0.05517629455528713 0.04121639201748594 0.03110861708472637 0.02389669873278933 0.018806082482097884 0.015566715320757893 0.013577821083101044 0.012446317284612473 0.01199698142063665 0.012164368504757911 0.012977741625994594 0.014569847604019245 0.017213339116836823 0.021398903993230245 0.02764730906287253 0.03630695786307267 0.04834577203175459 0.06514043286326666 0.08862197300803168 0.121600606007825 0.1677570930066954
0.011945296979915351 0.01484996995168748 0.018894138056041506 0.024467864512496013 0.03206407938786054 0.042268744447500506 0.05572379936658294 0.07305622051155979 0.09477483857669874 0.12114054341402093 0.15199511142312028 0.18646217381399455 0.22227700197536307 0.25425580697156547 0.2718156372390273 0.26096559069453734 0.22137653860121675 0.17155891068986442 0.1266995008199294 0.09163722037217742 0.06597186807542048 0.04778385467640518 0.03509778546887188 0.026311112033751475 0.020246212283611523 0.016408830421783437 0.014151374040823842 0.01283996913493335 0.012257489531804375 0.012314064544461748 0.013019740367491178 0.014487551390589002 0.016963719296805128 0.02089616562341153 0.02683908024362417 0.035040888708162674 0.04632128102930704 0.06182267084494594 0.08301107311627513 0.11156462662826651 0.148721185606769
0.013277800628923631 0.016792951510953502 0.021746218860251285 0.028666921202145874 0.038232887495982845 0.05125636609679999 0.06862619823453732 0.0912002442743456 0.11966921478446405 0.15443977829705793 0.19557017967774623 0.24269676679718244 0.29467094193542276 0.34795240144759915 0.3897802698704075 0.3805889291824683 0.30512606394322356 0.22167290334265347 0.15586469442973136 0.10860670337125689 0.0758890327588231 0.05360531612785477 0.03852319003916879 0.028321225490858547 0.021405315049522824 0.0170009669382102 0.014460046738184431 0.012994004308995569 0.012287585124371884 0.012228026610542616 0.012804976170890993 0.014107399781760767 0.016346030659503224 0.019908916468018508 0.02530500653091929 0.032669319207092484 0.04259582919797982 0.05586785003650782 0.07331563969415253 0.09549345108859117 0.12179764590678692
0.014634768184262735 0.01878913380942806 0.0247130879840535 0.033099458446333704 0.04484655803012039 0.0611063726406882 0.08306741500958442 0.11171966943735251 0.1476450141917439 0.19090580025781287 0.2412065239448469 0.2982922061014528 0.3623707528471043 0.43409408510735864 0.5128303692028764 0.5399684276793753 0.381868513451641 0.2618440689471289 0.17812707878919798 0.12122376523173327 0.08310561291827423 0.05774582851239964 0.0408933255336445 0.02966263223327476 0.022141807816647575 0.017290158903670704 0.014476147427458185 0.012895413970509499 0.012085499309330899 0.011914858237358236 0.012354008893816033 0.013466546815235077 0.015423662254564614 0.01854593139930065 0.023251426983885853 0.029558236683077645 0.037836591937923734 0.048527997326635604 0.06194821300488863 0.07796863881205658 0.09542367966207328
0.015939565041229124 0.020725700608158187 0.02775534760960636 0.038037969348250385 0.05284151583648724 0.073658612580515 0.1019521349557757 0.13868843590370372 0.18381393304604307 0.2360733042936406 0.293480938259884 0.3541544132512887 0.41671195189103655 0.479227035698791 0.5321739641859111 0.5159817525549977 0.39214409608448403 0.27322309088728275 0.18616186956297776 0.12627837066032746 0.08611274826398849 0.05946419336687611 0.04183265952938622 0.030140324015558304 0.022347844763786026 0.01723990906299115 0.014227270245187844 0.012559344874225423 0.01167449182199605 0.011406948717824886 0.01171144541881555 0.012627809598970866 0.014288525942690493 0.01694811883633312 0.020914857822550925 0.02610542508830857 0.03271843502498612 0.0409474606656665 0.050808393150806534 0.06192403858154795 0.07323977234980208
0.017243780179405203 0.02301208608166306 0.031682538110678816 0.04458339561990978 0.0634776876560461 0.09043177586361185 0.12733078117056348 0.17491110156499448 0.23161677192794203 0.29332903095449064 0.35478046732192636 0.411407231124531 0.45932891492749156 0.49246182488885853 0.496473799077583 0.44836353986804955 0.35384651306554676 0.2560591878880235 0.17881218154536985 0.12294217052087839 0.0844300535183002 0.05849999543802049 0.041204204417738415 0.029683421203546556 0.02198709154959234 0.016858602536507953 0.013752225855209198 0.01202620534460153 0.011098323205313112 0.010754135673575345 0.010937119620043729 0.01166700362970498 0.0130419968348653 0.015258278672424816 0.018510943451892116 0.022648266488720543 0.02776099844424638 0.033895852695827025 0.04093961464031101 0.048501566919736935 0.05580699651556969
0.018995576789983502 0.02601526914457707 0.03672946175172375 0.05295272971940151 0.0771481901120611 0.11224989772787666 0.16085083092235622 0.22331392126133312 0.2951891749916773 0.3667633328737493 0.4276063148781018 0.47142580252761723 0.4950232782155965 0.49437591191345753 0.46323802552044174 0.3989826597106726 0.31373845710962034 0.22986835682890722 0.162026230935349 0.1129582067960475 0.07874155235395833 0.055145696866396414 0.03914472829549596 0.028361773831421 0.021098135465582934 0.016197124463087572 0.013097354007529342 0.011353876826392377 0.010413237611949693 0.010014894994720892 0.010095780618413189 0.010660141171380855 0.011778184445787506 0.013598416324066474 0.016204529266970004 0.019421200586093163 0.023281087817007575 0.027759108158611795 0.03271054168277916 0.037815950319216154 0.04255329481710655
0.021240283285905028 0.029757936415057282 0.04294710087698934 0.06324588249707266 0.09406124362500758 0.13962119776999854 0.2038811558163843 0.28728434055635993 0.3806749843655573 0.4629117395613134 0.5156582163019986 0.5363100479106705 0.528705267388257 0.4952442052091187 0.43783235030179807 0.36215162660031014 0.27997074347845274 0.20470233497425117 0.14447976423499204 0.1006029694814438 0.07044739706816094 0.05007499554752276 0.035998632579434794 0.026358225696892074 0.019781827517841438 0.015301274424979434 0.012326293389900336 0.010607696396448213 0.009678917305741377 0.009247596703327405 0.009248084110716568 0.009673714620126924 0.010573275920642285 0.01205856335830549 0.014101901160203965 0.016555711134405408 0.019421381454290926 0.02264716179830225 0.026100310661699117 0.029544907477216553 0.03264235992965049
0.023983893804201396 0.03424757688568355 0.050327790925460705 0.07539573449035358 0.11399782150365281 0.17206684491395183 0.2559339368314136 0.36838450318630583 0.4961316612959382 0.5909766354167724 0.6200376548377042 0.6041958055110132 0.5604322779492797 0.4962852752944354 0.4179183508978215 0.33337360706876873 0.25222664418075097 0.1825784204562589 0.12831267601714355 0.08905944137667074 0.0620809387288682 0.044124779561612405 0.03219905720753364 0.02391376745772254 0.01817496706949328 0.014217297053626508 0.011508718752707698 0.009852636187074562 0.008950815296767166 0.008503880557112516 0.008444679839047217 0.008759513345847621 0.009481639154328614 0.010688638104162377 0.012257909884124901 0.014102679396734534 0.01620566752682396 0.01851144224437586 0.020912930609468663 0.023244419159073104 0.02528959890287868
0.027231250623719505 0.03947249090772908 0.058796757345289045 0.08913556382167118 0.13616320794770967 0.20745121698280872 0.3118781517458413 0.4573143886419777 0.6419200573365198 0.7556548766734046 0.7254066381780705 0.6642268485070187 0.5853406458068068 0.49505235081977705 0.40048307546457507 0.309464779436724 0.22902143636918793 0.1635552650236168 0.1140453216565098 0.07874636338968383 0.05463398292037659 0.03862200459631631 0.028178397419896632 0.021271370786982834 0.01642128713168812 0.013031331880904643 0.010686350337153698 0.009141150115050732 0.008275393564834777 0.007825157333818783 0.007723886200015765 0.007953757402341706 0.00853725327355887 0.009502534149752133 0.010689468185850749 0.01206000096508188 0.01359042545180569 0.015231325017961168 0.016901611283679188 0.018487710387362535 0.019851807709762515
0.030988060890076472 0.04541190538178908 0.06824483718099554 0.10409316138997875 0.15943683856488267 0.24253802599350643 0.3622620606416338 0.5245472350597223 0.7197291130690008 0.8294149517451945 0.7848447571372289 0.6997890376745428 0.5975198888541348 0.4889275580258019 0.38333377379092376 0.28838887535329205 0.2090759437778577 0.14717637687200602 0.10165200126958053 0.06973906050630464 0.04814632924322349 0.033880358074936036 0.02459870872188525 0.01863657046879344 0.014648701330769866 0.011823324396844364 0.009851259788389483 0.008514901094943832 0.00768865624187925 0.007242197567323684 0.007112434810158379 0.0072793756488404434 0.007758294913167998 0.008505552968843925 0.009389441559584192 0.010396306512407017 0.011502140830116728 0.012666340480300554 0.013829424896623442 0.014914302785270159 0.015832745440688988
0.035266754013970975 0.05205721758966506 0.07859692273679861 0.12000579580165008 0.1830624272207059 0.2753530761210726 0.40232793165142144 0.5599102240640307 0.7178257785121733 0.8063381047844443 0.7900316050826839 0.7076408242143569 0.5961275242897736 0.47746575747772274 0.36564537403529696 0.269098689186459 0.1915459035551599 0.13296679454624138 0.09092890722123821 0.061954909996318565 0.04256399720233478 0.029838305873158985 0.021590608527482822 0.016302013897697008 0.012956630820301353 0.010658851324585022 0.009043922175684957 0.007953568004675112 0.00721750338077923 0.0067771235076246675 0.006628317152821758 0.006750069310763025 0.007144663320288381 0.007692445634565222 0.008338039441949706 0.009067945509047392 0.009860370595025791 0.0106832062344171 0.011493395158025471 0.012238584834610915 0.01286171203936422
0.04009191993095631 0.059432268972485706 0.08987741884828962 0.13691742677220742 0.20722202296949566 0.3068363522855304 0.4367454827119767 0.585044379870458 0.7188851687107719 0.7920124597738292 0.7807175842682449 0.7015909650387193 0.5865627058783435 0.4626987197220156 0.34781312488161914 0.25126948766455853 0.17595513425634463 0.1205556001063346 0.08164639185369081 0.05525693652698784 0.03779320481998062 0.026416883217995398 0.019077588288587063 0.014383683704306992 0.011434509164173417 0.009585971688800017 0.00829850668823633 0.0074404048577279515 0.006857232070981433 0.006446976961261247 0.0062848264668556855 0.006375134163237754 0.006669618292647163 0.007053015379483822 0.0075109980202105985 0.008029714280433352 0.008590210845822234 0.009167415523389648 0.009730139514235969 0.010242514675688066 0.010667072840724198
