_RESULTS/CROSS_VALIDATION_POSTPROCESSED/Berg/IZ/6comp/1/Berg_IZ_z_180_kriged_reverse_6comp_spherical_1.asc
ncols 100
nrows 90
xllcorner  5.6208707817415728
yllcorner 50.959635321741573
cellsize 0.00013419651685393446
nodata_value 1.7014100000000001E+038
[rows 0 to 19 of 90, columns 44 to 87 of 100]
66.32867585302735 66.37698899904024 66.38562667109166 66.35963619229811 66.306052733299 66.18697905309789 65.98043797510358 65.76337546227478 65.54178857120311 65.32090256748971 65.10529776356076 64.89904380406063 64.70581547157266 64.52898354010752 64.37168197753772 64.23685523386702 64.12728960424015 64.0456321377725 63.994398880847 63.96181784920656 63.93528253797538 63.91526704221195 63.90223564333303 63.896641157302284 63.89645230757617 63.89645230757617 63.89645230757617 63.89645230757617 63.89645230757617 63.89645230757617 63.89645230757617 63.89645230757617 63.89645230757617 63.89645230757617 63.89645230757617 63.89645230757617 63.89645230757617 63.89645230757617 63.89645230757617 63.89645230757617 63.89645230757617 63.89645230757617 63.89645230757617 63.89645230757617
66.55415291351773 66.59669404093219 66.58958888600638 66.53941314525632 66.4494934210598 66.30313599456657 66.09958208706401 65.87303168077281 65.6394344006836 65.4063289705632 65.17894458991326 64.96153071995903 64.75778264402489 64.57103492962892 64.40436787477745 64.26067080061124 64.14267988583998 64.0529993898537 63.99411134300465 63.96079534847758 63.934529837207336 63.91476555093796 63.90196966386312 63.8965972084091 63.89645230757617 63.89645230757617 63.89645230757617 63.89645230757617 63.89645230757617 63.89645230757617 63.89645230757617 63.89645230757617 63.89645230757617 63.89645230757617 63.89645230757617 63.89645230757617 63.89645230757617 63.89645230757617 63.89645230757617 63.89645230757617 63.89645230757617 63.89645230757617 63.89645230757617 63.89645230757617
66.77123240913933 66.80397148535751 66.77255059372779 66.68841684500553 66.56001973832802 66.38854075122951 66.17948509079315 65.94793296571156 65.70729695472875 65.4662922049587 65.23088473980756 65.00564860826107 64.7944017866274 64.6005110710672 64.42705035957052 64.27688779119175 64.15273455101953 64.05717104658763 63.99265869382784 63.95778579001733 63.932322029268406 63.91330524195142 63.90121088891776 63.8965003756722 63.89645230757617 63.89645230757617 63.89645230757617 63.89645230757617 63.89645230757617 63.89645230757617 63.89645230757617 63.89645230757617 63.89645230757617 63.89645230757617 63.89645230757617 63.89645230757617 63.89645230757617 63.89645230757617 63.89645230757617 63.89645230757617 63.89645230757617 63.89645230757617 63.89645230757617 63.89645230757617
66.98077120441968 66.99977790456217 66.93445950317141 66.81055950217961 66.64638430805181 66.45041156096968 66.22909312458661 65.99110806809385 65.74552321142522 65.49981167730128 65.25975509341552 65.02995690338238 64.81427724779778 64.61610657509918 64.43852681521943 64.28440509315219 64.15644737164283 64.05725309065362 63.98976862650425 63.95427165099272 63.930588060789994 63.912761268535945 63.90129729524406 63.89692761442826 63.89645792129029 63.89645230757617 63.89645230757617 63.89645230757617 63.89645230757617 63.89645230757617 63.89645230757617 63.89645230757617 63.89645230757617 63.89645230757617 63.89645230757617 63.89645230757617 63.89645230757617 63.89645230757617 63.89645230757617 63.89645230757617 63.89645230757617 63.89645230757617 63.89645230757617 63.89645230757617
67.18353657359589 67.18106691741765 67.06519066856333 66.89593163498581 66.69833854844997 66.48054279215991 66.24705659915466 66.00302146975197 65.75432457622993 65.50666506722361 65.2650614317695 65.03383159866213 64.81674084314538 64.61715497360552 64.43871634723838 64.28646570666506 64.16211806949318 64.06701578725507 64.00259963563101 63.969613977214536 63.94911242427088 63.932827269998306 63.92128899120948 63.915091788182586 63.9100136778647 63.90455008465984 63.89973255474723 63.89679433360214 63.89645230757617 63.89645230757617 63.89645230757617 63.89645230757617 63.89645230757617 63.89645230757617 63.89645230757617 63.89645230757617 63.89645230757617 63.89645230757617 63.89645230757617 63.89645230757617 63.89645230757617 63.89645230757617 63.89645230757617 63.89645230757617
67.34648952830594 67.29805283156148 67.11764344651138 66.9161798849688 66.70055035001353 66.47005541418261 66.2292279974644 65.9824299430576 65.73358146652889 65.48700873142364 65.24695101461879 65.01734514470043 64.80306049860762 64.61120345963636 64.44346503692657 64.30101580092048 64.1850458795638 64.09681581914167 64.03769688741788 64.00871700534194 63.99183227479983 63.97747912127184 63.96621013952045 63.95802482952543 63.94819665409225 63.93654193763506 63.924183917200054 63.91246994789165 63.9029381710496 63.897276369468955 63.89645230757617 63.89645230757617 63.89645230757617 63.89645230757617 63.89645230757617 63.89645230757617 63.89645230757617 63.89645230757617 63.89645230757617 63.89645230757617 63.89645230757617 63.89645230757617 63.89645230757617 63.89645230757617
67.23262127958179 67.18290896784073 67.00468577120753 66.81059905282396 66.60695330389478 66.39292906276137 66.16711100030415 65.92849889026739 65.68354540441972 65.44152227605453 65.20642613473841 64.98755992507306 64.78919386210197 64.6124946668975 64.45855797606536 64.3284604137073 64.22330717004272 64.14427691885611 64.09266447915164 64.06944109100124 64.05659467896979 64.04455593839322 64.03389592168554 64.02326654555168 64.00858310438818 63.99060760817352 63.970555538622364 63.94988197046857 63.9302494193015 63.91349103947531 63.90156593424886 63.89650283203171 63.89645230757617 63.89645230757617 63.89645230757617 63.89645230757617 63.89645230757617 63.89645230757617 63.89645230757617 63.89645230757617 63.89645230757617 63.89645230757617 63.89645230757617 63.89645230757617
66.82593488697262 66.8296081806954 66.72524071019866 66.57523708024507 66.40478677265314 66.22114464597001 66.0260499378296 65.81959509188277 65.60139093685616 65.37327014201121 65.15654502984205 64.95796880402189 64.77866845657128 64.61969874414521 64.48206885718658 64.36677185792479 64.2748212330152 64.20729577334832 64.16539048591974 64.14967408942942 64.14128142181498 64.13191748136637 64.12209431137114 64.10823516131614 64.08856817722214 64.06413306321318 64.03625255653328 64.00649664024965 63.976647646068976 63.94866636884344 63.92465565298353 63.90681498002557 63.897379252347704 63.89645230757617 63.89645230757617 63.89645230757617 63.89645230757617 63.89645230757617 63.89645230757617 63.89645230757617 63.89645230757617 63.89645230757617 63.89645230757617 63.89645230757617
66.35846962513526 66.38313863596694 66.3325596394108 66.23380437445977 66.10744649056839 65.96377142454726 65.80706480928043 65.6387841609406 65.46171814645538 65.28418217898759 65.10388589948396 64.92815479509156 64.77033391942408 64.63148551625808 64.51255515016601 64.41444633202987 64.33805589585282 64.28432710411064 64.254316193469 64.24759213810293 64.24406208897265 64.23769461640005 64.22793098051527 64.21049573774039 64.18563955313886 64.15452700560226 64.11862001282665 64.07962838354896 64.039466137428 64.0002162971112 63.96410168697049 63.93345398976764 63.91066984214206 63.898143664796436 63.89645230757617 63.89645230757617 63.89645230757617 63.89645230757617 63.89645230757617 63.89645230757617 63.89645230757617 63.89645230757617 63.89645230757617 63.89645230757617
65.83992325051477 65.87839525309128 65.86530016219324 65.81243929402173 65.73228271001257 65.63332657298375 65.52015945840992 65.39729159628473 65.27581041348715 65.15423819798141 65.02919200637025 64.89717476486649 64.76365878696515 64.64716434871386 64.5492276587006 64.47063751514638 64.41213198882862 64.37446734114202 64.35850747538845 64.36173858907162 64.36347189107583 64.36034197148143 64.34913954302958 64.3278792971826 64.29751275219118 64.25937637238384 64.21511995485784 64.16663575078975 64.11599906563795 64.06542613504791 64.01724864632037 63.97389724868538 63.93788013917126 63.91173988388211 63.897975543363906 63.89645230757617 63.89645230757617 63.89645230757617 63.89645230757617 63.89645230757617 63.89645230757617 63.89645230757617 63.89645230757617 63.89645230757617
65.27498488236105 65.32563096107285 65.3425031914248 65.33024419766157 65.29524004674916 65.24279797599118 65.17755519028606 65.11344231204251 65.05149796707207 64.98847162036411 64.92091134061657 64.8453153386542 64.75814549203491 64.66668740828534 64.59191697652558 64.53509437515275 64.49674271841747 64.47736563251668 64.47756580697458 64.49096120801975 64.49835421921729 64.49731244976931 64.48390536590767 64.45846523782572 64.42212776977529 64.37646461595125 64.32337850926109 64.265002109749 64.20361617708417 64.14159554103887 64.08138359081205 64.02548814351499 63.97648376974554 63.93699947003037 63.90966978910731 63.89703683158616 63.89645230757617 63.89645230757617 63.89645230757617 63.89645230757617 63.89645230757617 63.89645230757617 63.89645230757617 63.89665775726603
64.66763502416033 64.73079355831912 64.77480646793096 64.80030438662946 64.80940128184979 64.80433213733451 64.79782529957467 64.79615030653748 64.7958751942697 64.79339282793933 64.78513126515341 64.76757778502798 64.73721765195044 64.6904558199522 64.64089662034006 64.60797391707331 64.59196567827325 64.59304374697189 64.61146192966136 64.63428841128966 64.64737064052235 64.64646691655621 64.6305863060765 64.60048624910549 64.5575577815449 64.50369227658508 64.44112828876894 64.3723096057637 64.29977550369844 64.22609252947244 64.15382757053176 64.08555443315261 64.02387883993595 63.971459107466174 63.93099461349535 63.905157709208304 63.89645230757617 63.89645230757617 63.89645230757617 63.89645230757617 63.89734250614304 63.90597007046043 63.920580940705065 63.93759353650751
64.02166633688368 64.09876486321198 64.16974734559561 64.23242489673994 64.28563738173081 64.33415725257792 64.39128457933275 64.45351532233816 64.51642938134856 64.57595262046299 64.62834186005637 64.67005381278747 64.69759191261652 64.7073786255347 64.69664679489486 64.689609966648 64.69804454730671 64.72169798176466 64.75892718882037 64.79075151532963 64.80739020297936 64.80632434871453 64.78760992914215 64.75221374308255 64.7018855659232 64.6389524956106 64.56609404021023 64.48614649763988 64.40196256702438 64.3163318470118 64.23195613042817 64.15146808996224 64.07747784190563 64.01262537272801 63.959608907124434 63.921156467772235 63.89991949097591 63.89645230757617 63.8979588932369 63.91286355076499 63.939715339128476 63.973767222047925 64.01061368443564 64.04629971042695
63.340906163443414 63.43427198673967 63.53388729758554 63.635042919446974 63.734377275310926 63.8445963438469 63.96651547711376 64.0937733900172 64.22092222235113 64.34339603119635 64.45726956328932 64.55896979357921 64.64502913644357 64.71190499285461 64.75585798133045 64.78028963036222 64.81518214828824 64.86351761901949 64.91777737228591 64.95708818671723 64.97668606173991 64.9754293588256 64.9533926051015 64.91185336873808 64.85307854514379 64.77999593335649 64.69586014573888 64.60398889294208 64.50759577744512 64.40971129610409 64.31317159645312 64.22065553830663 64.13475340392972 64.05804809855603 63.99318106283485 63.94286651124612 63.90982069658273 63.90763868220297 63.93904857478601 63.98560761077674 64.04175240818155 64.10229358542449 64.16238726886962 64.2176591667182
62.62937717737106 62.74233244060441 62.87384009464881 63.016433558760696 63.169584961100234 63.34427171609618 63.53223351843671 63.725394921072954 63.9173717404859 64.10317514189362 64.27874855132696 64.44053294806838 64.58513558305259 64.70909932984209 64.80874168450617 64.88005244700325 64.94334783070916 65.01797796918643 65.08439213321037 65.13064048587293 65.15380929868603 65.15232124800872 65.12628017963755 65.07744723589151 65.00886116126884 64.92429130418373 64.82773630830654 64.72308265652036 64.61393018993914 64.5035401771848 64.39485844185214 64.29058212077213 64.19325290798399 64.10536321084345 64.029453680912 63.9690141950214 63.946863040742194 63.96982191925949 64.03207795105727 64.11128778770454 64.19778459768408 64.28589967586849 64.37030194870307 64.44614016401263
61.89145643314933 62.02862640051746 62.19697924918631 62.38569500402479 62.60100194457115 62.842374947539895 63.09765152612916 63.357262691035075 63.614098880970445 63.86291173573054 64.09963350313501 64.32081503278721 64.52322719226278 64.70358916073879 64.85836731347706 64.98360300361517 65.08188954288767 65.17716123841106 65.25492760609097 65.30967131541932 65.33730359996426 65.33552442283553 65.30448713661559 65.24675121955387 65.16655552215332 65.0688645271144 64.95861943800702 64.84033654264185 64.71797993506921 64.59498560604331 64.47434928804991 64.35873649999877 64.25060230770406 64.15231723249339 64.06805658618009 64.0254687265165 64.03085049277306 64.0806993657729 64.1709935285958 64.28379240750918 64.4016936593688 64.51850710366098 64.6283557597458 64.72583933303166
61.132086620203616 61.29997119719168 61.51216631115412 61.75577460289987 62.038722991204054 62.349234555006014 62.67284435329778 62.998863240659375 63.319794093315494 63.63038521696296 63.92674312897345 64.20567120553793 64.46422954929038 64.69944018829302 64.90805466914918 65.08546628203804 65.22433251433367 65.33520011798736 65.42672712407234 65.49223636889192 65.52570553542031 65.52354161234797 65.4859889390653 65.417025027407 65.32283744726448 65.21008767297258 65.08484525986083 64.95223422281555 64.81647419876855 64.68105498391238 64.54892144529697 64.42263519666544 64.30451785082366 64.19793994896195 64.13290784373886 64.11938897548339 64.1538184892284 64.2322695993916 64.35034233918935 64.49657483295971 64.64693231462589 64.79362452372852 64.93015944738983 65.05049858043736
60.35714389900959 60.56510026621245 60.830751815825465 61.13979134208083 61.49501289443514 61.87684407207874 62.26905647446947 62.6604303335351 63.043555863993426 63.41351457049002 63.76681815548998 64.10069020557523 64.41262052544651 64.69961927389565 64.9576112110086 65.18257676507659 65.35858637321576 65.48777583383428 65.59626060840161 65.67596414687722 65.71753151685023 65.71482423819627 65.66827369701528 65.58461711019059 65.47333106338162 65.34339491963516 65.20203956270694 65.05478562707407 64.90586629361793 64.75863053930749 64.6158373914439 64.47985982771078 64.35286305232113 64.26155902801968 64.22606801156611 64.24275902004538 64.30763282936218 64.41632298964181 64.56400560955971 64.7426619292309 64.92652076519214 65.10433507638855 65.2689188313101 65.41348668804655
59.57422661885643 59.83613309364646 60.16815198624719 60.55330787658069 60.98510774093746 61.43928498724688 61.89887133001213 62.3529698008975 62.79484930889785 63.22030103932869 63.62636901621694 64.01024383241058 64.36953923719649 64.70186625542588 65.00458963400406 65.26698128469974 65.47519323290526 65.62882950267415 65.75826622010118 65.85747840432037 65.91121201238184 65.90766108775624 65.84770601444602 65.74410707629606 65.61195605455869 65.46295014014659 65.30502665305711 65.14356676779627 64.9824268370552 64.8245723852559 64.67243735419736 64.52813203891728 64.40721056930207 64.34491945743461 64.3397061858808 64.3875702985551 64.48410712505263 64.62452371740159 64.80357025039804 65.01464358301239 65.23301652720596 65.44324912346788 65.63737509750982 65.79831366052476
58.791987923137256 59.1299420445094 59.54539372276463 60.01653184164609 60.527347556391845 61.052334234547104 61.57540798502416 62.08697960306735 62.581473727356965 63.0555296929106 63.50686383613488 63.93363756339576 64.33414099091043 64.70662977809549 65.04294090244207 65.33181690381002 65.56863384227913 65.7495846579265 65.90393715916201 66.030697650268 66.10482055843305 66.09975160760591 66.01772075787538 65.88657118179786 65.73005263244725 65.56143809459043 65.38793911750189 65.21393130867847 65.04245901803932 64.87590267358405 64.71628487029886 64.5685262940198 64.47341307374568 64.4405510001128 64.46615430622329 64.54591429966099 64.6750769779228 64.84846604583832 65.06043488721994 65.30464529294821 65.5584564192885 65.80241666235757 66.01786054678452 66.18454874274016
