_RESULTS/CROSS_VALIDATION_POSTPROCESSED/Berg/IZ/6comp/1/Berg_IZ_z_63_kriged_reverse_6comp_spherical_1.asc
ncols 100
nrows 90
xllcorner  5.6208707817415728
yllcorner 50.959635321741573
cellsize 0.00013419651685393446
nodata_value 1.7014100000000001E+038
[rows 72 to 89 of 90, columns 41 to 81 of 100]
0.09160835653563174 0.0942148548778833 0.09588140089643571 0.09640438654362739 0.09571986563654293 0.09348266944759262 0.08951686196261847 0.08425930872406313 0.07821065423324894 0.07184327784900443 0.06554386556941941 0.059592784187729606 0.05416984004683413 0.049373559947141474 0.0452442297891144 0.04178519566477074 0.038980267176321234 0.03680705778201614 0.035247061382957294 0.034293630012496024 0.03395912419158956 0.033958959578236816 0.033958959578236816 0.033958959578236816 0.033958959578236816 0.033958959578236816 0.033958959578236816 0.033958959578236816 0.033958959578236816 0.033958959578236816 0.033958959578236816 0.033958959578236816 0.033958959578236816 0.033958959578236816 0.033958959578236816 0.033958959578236816 0.033958959578236816 0.033958959578236816 0.033958959578236816 0.033958959578236816 0.033958959578236816
0.10939039116270785 0.11323120761424615 0.11566676074472675 0.11631971395174472 0.11504958421390478 0.11177682243845789 0.10615814345074198 0.09883563110507003 0.09058049206700784 0.08207516508727691 0.07383655514967359 0.06620486556761107 0.05937014385359788 0.05341197984526716 0.04833784673936146 0.04411410586184821 0.04068871671252499 0.038006945155680275 0.036022037763836105 0.03470280645323684 0.03403984516719769 0.033958959578236816 0.033958959578236816 0.033958959578236816 0.033958959578236816 0.033958959578236816 0.033958959578236816 0.033958959578236816 0.033958959578236816 0.033958959578236816 0.033958959578236816 0.033958959578236816 0.033958959578236816 0.033958959578236816 0.033958959578236816 0.033958959578236816 0.033958959578236816 0.033958959578236816 0.033958959578236816 0.033958959578236816 0.033958959578236816
0.13105658354730212 0.13688279993134608 0.14066378330807794 0.14168737666813822 0.1396490302489733 0.13470992089132805 0.1266565178790187 0.11639749627336418 0.10512952184701883 0.09382488897169136 0.08314814951079494 0.07348172989197033 0.06499563468195495 0.05772024087742884 0.05160515119955455 0.046560969476229105 0.04248661028651416 0.039286170853907794 0.03687906224839532 0.03520631102139075 0.034235229872442416 0.033958959578236816 0.033958959578236816 0.033958959578236816 0.033958959578236816 0.033958959578236816 0.033958959578236816 0.033958959578236816 0.033958959578236816 0.033958959578236816 0.033958959578236816 0.033958959578236816 0.033958959578236816 0.033958959578236816 0.033958959578236816 0.033958959578236816 0.033958959578236816 0.033958959578236816 0.033958959578236816 0.033958959578236816 0.033958959578236816
0.156882866466957 0.1658854779843548 0.17201521556915284 0.1738945867647761 0.1708475910650267 0.16329175438272403 0.15159141621399183 0.13714426831493437 0.12180364340275954 0.10690803203957563 0.09325017592297015 0.081199455948105 0.07084883185675052 0.062133601257477626 0.0549126726211968 0.0490189575532361 0.04428834844785728 0.04057523673693811 0.03776025940592832 0.03575408375260292 0.03449976333461434 0.033975457933356365 0.033958959578236816 0.033958959578236816 0.033958959578236816 0.033958959578236816 0.033958959578236816 0.033958959578236816 0.033958959578236816 0.033958959578236816 0.033958959578236816 0.033958959578236816 0.033958959578236816 0.033958959578236816 0.033958959578236816 0.033958959578236816 0.033958959578236816 0.033958959578236816 0.033958959578236816 0.033958959578236816 0.033958959578236816
0.18666165938677876 0.20067764017175113 0.2109094170235717 0.21462192145567405 0.2102406493082425 0.19854858964985675 0.18129260516602066 0.1609028912396158 0.14018514857344808 0.12084814808889799 0.10370407830343747 0.08899285518498193 0.07664139781285768 0.06643079036237073 0.05809284091098047 0.05136146955788817 0.04599763349624855 0.04179972330743598 0.038606604416403824 0.03629752137482555 0.034791378601402564 0.034047022666850967 0.033958959578236816 0.033958959578236816 0.033958959578236816 0.033958959578236816 0.033958959578236816 0.033958959578236816 0.033958959578236816 0.033958959578236816 0.033958959578236816 0.033958959578236816 0.033958959578236816 0.033958959578236816 0.033958959578236816 0.033958959578236816 0.033958959578236816 0.033958959578236816 0.033958959578236816 0.033958959578236816 0.033958959578236816
0.21919143984474015 0.24087690878882517 0.2582694532564902 0.2658419416775751 0.25964622306576546 0.24119736719938425 0.21535811296592863 0.1867326880101232 0.1592527436856421 0.13475899886745862 0.1138150350157133 0.09634425741117643 0.08199733663571372 0.0703416681472878 0.06095187382295695 0.05344875343096437 0.047512508442813906 0.0428838762909523 0.03936030403550205 0.03679088787187774 0.03507207616934907 0.03414532995482535 0.033958959578236816 0.033958959578236816 0.033958959578236816 0.033958959578236816 0.033958959578236816 0.033958959578236816 0.033958959578236816 0.033958959578236816 0.033958959578236816 0.033958959578236816 0.033958959578236816 0.033958959578236816 0.033958959578236816 0.033958959578236816 0.033958959578236816 0.033958959578236816 0.033958959578236816 0.033958959578236816 0.033958959578236816
0.2517868764573671 0.28408241868758266 0.3137851575276894 0.3297127336701644 0.3208441477738451 0.2905841907623054 0.25163439760301987 0.2123389372157861 0.17714464518798387 0.14728606346807105 0.12264278561435872 0.10261303794795208 0.08648210832927354 0.07357048667416492 0.06328681411592661 0.055139840671272505 0.048733494109796105 0.04375603263654855 0.039968315571068544 0.03719348545292071 0.03530911778495139 0.03424241560349481 0.033958959578236816 0.033958959578236816 0.033958959578236816 0.033958959578236816 0.033958959578236816 0.033958959578236816 0.033958959578236816 0.033958959578236816 0.033958959578236816 0.033958959578236816 0.033958959578236816 0.033958959578236816 0.033958959578236816 0.033958959578236816 0.033958959578236816 0.033958959578236816 0.033958959578236816 0.033958959578236816 0.033958959578236816
0.2800757144254533 0.32361251442600003 0.3725943724387214 0.4079253669097063 0.39417819572033774 0.3415114403944341 0.2844464506031516 0.23356356275735599 0.1911561073650982 0.15672848876890444 0.12912091422288896 0.10712451160565283 0.08966295963414356 0.07583528883905523 0.0649108586629235 0.056308742998399816 0.04957393089204655 0.0443552096398388 0.04038651120725767 0.03747222604023787 0.03547652172831354 0.03431664211669023 0.033958959578236816 0.033958959578236816 0.033958959578236816 0.033958959578236816 0.033958959578236816 0.033958959578236816 0.033958959578236816 0.033958959578236816 0.033958959578236816 0.033958959578236816 0.033958959578236816 0.033958959578236816 0.033958959578236816 0.033958959578236816 0.033958959578236816 0.033958959578236816 0.033958959578236816 0.033958959578236816 0.033958959578236816
0.2966326553571747 0.34739196323610466 0.41462029702472103 0.49352728839467475 0.46597407801093554 0.3764084581739597 0.30353700294156305 0.24496368888604517 0.19835749334928074 0.16145245782418408 0.13230454240684117 0.10931406499821743 0.09119267141098265 0.07691702552310777 0.06568255040794745 0.0568620465325028 0.0499707183907087 0.04463772273928257 0.04058376894752217 0.0376041374375824 0.03555654491083696 0.03435348952034844 0.033958959578236816 0.033958959578236816 0.033958959578236816 0.033958959578236816 0.033958959578236816 0.033958959578236816 0.033958959578236816 0.033958959578236816 0.033958959578236816 0.033958959578236816 0.033958959578236816 0.033958959578236816 0.033958959578236816 0.033958959578236816 0.033958959578236816 0.033958959578236816 0.033958959578236816 0.033958959578236816 0.033958959578236816
0.2955352979031733 0.3428717907871547 0.40349401255832823 0.4658256245160567 0.4453527767539992 0.3686206474263927 0.2995621820089504 0.24265111244147233 0.1969155308002249 0.16051367424472204 0.13167492764141384 0.10888248769371713 0.09089187937101714 0.07670470094238795 0.06553128563722549 0.05675369748591668 0.049893071681680175 0.0445824578447141 0.040545178953310085 0.037578311237464176 0.03554083990954348 0.03434619406186465 0.033958959578236816 0.033958959578236816 0.033958959578236816 0.033958959578236816 0.033958959578236816 0.033958959578236816 0.033958959578236816 0.033958959578236816 0.033958959578236816 0.033958959578236816 0.033958959578236816 0.033958959578236816 0.033958959578236816 0.033958959578236816 0.033958959578236816 0.033958959578236816 0.033958959578236816 0.033958959578236816 0.033958959578236816
0.2774345935669634 0.3127578282473029 0.3510287190448901 0.37816581182968706 0.36789984670165504 0.32545897703985144 0.2747156011683951 0.2274763340778447 0.18721661908250578 0.15410691041864596 0.12733761063938642 0.10589009299750939 0.08879649959436554 0.07522043082544827 0.06447107763694487 0.05599280785433241 0.049347065561962423 0.04419357157156115 0.040273669923376526 0.03739688539526836 0.035431038945380924 0.03429607501479328 0.033958959578236816 0.033958959578236816 0.033958959578236816 0.033958959578236816 0.033958959578236816 0.033958959578236816 0.033958959578236816 0.033958959578236816 0.033958959578236816 0.033958959578236816 0.033958959578236816 0.033958959578236816 0.033958959578236816 0.033958959578236816 0.033958959578236816 0.033958959578236816 0.033958959578236816 0.033958959578236816 0.033958959578236816
0.24867897685175375 0.2712697652532638 0.2922482909697467 0.30411317674545363 0.2980915848455669 0.27393299444120156 0.2398593401208476 0.20425928253183329 0.1716124345398326 0.14346817661206274 0.11998039917038074 0.10073711112461511 0.0851479732363518 0.07261433592040765 0.06259777167312966 0.05464208462261869 0.04837472400641487 0.043499951993051254 0.0397896850983768 0.03707484877783588 0.03523863772404322 0.0342124694831646 0.033958959578236816 0.033958959578236816 0.033958959578236816 0.033958959578236816 0.033958959578236816 0.033958959578236816 0.033958959578236816 0.033958959578236816 0.033958959578236816 0.033958959578236816 0.033958959578236816 0.033958959578236816 0.033958959578236816 0.033958959578236816 0.033958959578236816 0.033958959578236816 0.033958959578236816 0.033958959578236816 0.033958959578236816
0.21613981079138464 0.22914883707514067 0.2398813382572443 0.24485414142983664 0.24105655245085697 0.2265146653646045 0.20389205488111334 0.17821954911622928 0.15307776981933785 0.1303163916705376 0.11062102319873901 0.09404175475631919 0.08033107232197298 0.06913138334755596 0.06007070710361871 0.052807374690735084 0.04704790824091099 0.042551575180553185 0.03912898258286374 0.03663871037367206 0.0349842045251235 0.034112291123685703 0.033958959578236816 0.033958959578236816 0.033958959578236816 0.033958959578236816 0.033958959578236816 0.033958959578236816 0.033958959578236816 0.033958959578236816 0.033958959578236816 0.033958959578236816 0.033958959578236816 0.033958959578236816 0.033958959578236816 0.033958959578236816 0.033958959578236816 0.033958959578236816 0.033958959578236816 0.033958959578236816 0.033958959578236816
0.18437912752686203 0.19115704801816674 0.1962248377475796 0.19801641371356357 0.19552168639545678 0.1863058430576671 0.17112198789136823 0.15288997350553216 0.13407331903286607 0.1162700006055307 0.10030622346777639 0.08648125704611626 0.07478752900143061 0.06506314484077112 0.05708508012065271 0.05062147192967518 0.04545864666401278 0.04141364514859995 0.0383390551139212 0.03612431877530763 0.034696085974170995 0.03401932140666547 0.033958959578236816 0.033958959578236816 0.033958959578236816 0.033958959578236816 0.033958959578236816 0.033958959578236816 0.033958959578236816 0.033958959578236816 0.033958959578236816 0.033958959578236816 0.033958959578236816 0.033958959578236816 0.033958959578236816 0.033958959578236816 0.033958959578236816 0.033958959578236816 0.033958959578236816 0.033958959578236816 0.033958959578236816
0.15568379327856086 0.15872149145853054 0.16077617706389646 0.16114915949631486 0.1594128720836623 0.15332160862835476 0.1429748562489455 0.13005416642475695 0.11616914805088213 0.10253311517950846 0.08990338969652364 0.07866294052166178 0.06893796852945722 0.06070064237203726 0.05384329718790637 0.048226560531388796 0.04370827940959759 0.04015983961643037 0.03747492703786743 0.03557427994094933 0.03440888516477746 0.033963413022172324 0.033958959578236816 0.033958959578236816 0.033958959578236816 0.033958959578236816 0.033958959578236816 0.033958959578236816 0.033958959578236816 0.033958959578236816 0.033958959578236816 0.033958959578236816 0.033958959578236816 0.033958959578236816 0.033958959578236816 0.033958959578236816 0.033958959578236816 0.033958959578236816 0.033958959578236816 0.033958959578236816 0.033958959578236816
0.13089152140417065 0.13182942099917777 0.13236958553593386 0.13220393580750786 0.13081680098454557 0.12669048799397561 0.11953599449393408 0.11034732588227028 0.10016157118807091 0.08984757098901282 0.08002146357692591 0.07105572778112407 0.06313165775245863 0.05629987206825456 0.05053203741762236 0.045759176099784374 0.04189767632792896 0.03886599411841228 0.036595130026406276 0.03503546874398862 0.03416203117539566 0.033958959578236816 0.033958959578236816 0.033958959578236816 0.033958959578236816 0.033958959578236816 0.033958959578236816 0.033958959578236816 0.033958959578236816 0.033958959578236816 0.033958959578236816 0.033958959578236816 0.033958959578236816 0.033958959578236816 0.033958959578236816 0.033958959578236816 0.033958959578236816 0.033958959578236816 0.033958959578236816 0.033958959578236816 0.033958959578236816
0.11006705942703618 0.1099249148651425 0.10978848635014736 0.1094412200337937 0.10822064058078082 0.10537029695543117 0.10035881215561947 0.09378776567638114 0.08632664738075896 0.07858153348550385 0.07102427911148924 0.06397636265402029 0.057626791698409716 0.05206392827315616 0.04730824436248482 0.043339965542697874 0.04012005397489963 0.037605223809202414 0.03575851257009542 0.034557071965564734 0.03399874471790142 0.033958959578236816 0.033958959578236816 0.033958959578236816 0.033958959578236816 0.033958959578236816 0.033958959578236816 0.033958959578236816 0.033958959578236816 0.033958959578236816 0.033958959578236816 0.033958959578236816 0.033958959578236816 0.033958959578236816 0.033958959578236816 0.033958959578236816 0.033958959578236816 0.033958959578236816 0.033958959578236816 0.033958959578236816 0.033958959578236816
0.09291249041846862 0.09229959489283834 0.0919450039174412 0.09140278025039612 0.09038524590875377 0.08838568468057639 0.08483662914456161 0.08010976464228309 0.07464119431887416 0.06884967140098786 0.06308537711123063 0.05760895798005186 0.052593547385994796 0.04813956266410482 0.04429394038740204 0.04106875586281696 0.03845698674622646 0.036444998280700386 0.035022290971914304 0.034189479968712376 0.033958959578236816 0.033958959578236816 0.033958959578236816 0.033958959578236816 0.033958959578236816 0.033958959578236816 0.033958959578236816 0.033958959578236816 0.033958959578236816 0.033958959578236816 0.033958959578236816 0.033958959578236816 0.033958959578236816 0.033958959578236816 0.033958959578236816 0.033958959578236816 0.033958959578236816 0.033958959578236816 0.033958959578236816 0.033958959578236816 0.033958959578236816
