_KRIGING/CROSS_VALIDATION_CLASSIC_CLR/Berg/GZ/train_2/Berg_GZ_2_train_z_90.asc
ncols 100
nrows 90
xllcorner 5.6208707817415728
yllcorner 50.959635321741573
cellsize 0.00013419651685393446
nodata_value 1.7014100000000001E+038
[rows 0 to 18 of 90, columns 0 to 42 of 100]
1.3494626731311921 1.3494168223784917 1.349355454111596 1.3492693766730235 1.3491438240540661 1.3489557178074585 1.3486699028681546 1.3482341076598483 1.3475723791160945 1.3465767768421171 1.3450971903520272 1.3429292803543271 1.3398007461901846 1.3353563858950781 1.3291427317689017 1.320593390004277 1.3090165544594379 1.2935864620511948 1.2733407704712432 1.2471859361269433 1.2139126349728 1.172223103710136 1.1207720017204124 1.0582220268448148 0.98331506733869289 0.89495910792422662 0.79233034733667929 0.67498889349424029 0.5430048190261767 0.39708915098369291 0.23872150714630225 0.070262743442413567 -0.10496243113201653 -0.28263068069952413 -0.4574521209696305 -0.62328691851219653 -0.77335937601364713 -0.90057402730890412 -0.99792639110963155 -1.0589868532587485 -1.078421591391685 -1.0525020179297067 -0.97954653868427166
1.349341255676499 1.3492732474745397 1.3491853381630308 1.3490660316507541 1.3488967218419874 1.348648203239541 1.348275904529399 1.3477135553256168 1.3468650115597103 1.3455940279218479 1.3437118928771425 1.3409630466447664 1.3370090912449715 1.3314119680993435 1.3236175000278465 1.3129409295838022 1.2985564762823503 1.2794932125699194 1.2546396541788265 1.2227593221443431 1.1825191393878558 1.1325318945230112 1.0714132036389064 0.99785252442674899 0.91069693133619023 0.80904562344232211 0.69235252281673199 0.56053375709810016 0.41407614631049505 0.25414182385186279 0.082662635656505112 -0.097584070946583279 -0.28292905884083286 -0.46880730520509162 -0.64981114027000841 -0.81981463264960575 -0.97218041897448015 -1.1000538695916151 -1.1967398467943682 -1.2561450825498031 -1.2732559371949763 -1.2446092277859011 -1.1687054738683873
1.3491502171333201 1.3490493127051866 1.3489232917814991 1.3487581021270261 1.3485307489493459 1.3482048942550593 1.3477248822358048 1.3470078579434164 1.3459336821391088 1.34433244621106 1.3419695787010237 1.3385288256104002 1.3335937853768893 1.3266291730852708 1.3169635396050428 1.3037757149864941 1.2860876913906172 1.2627669030201851 1.2325407941977278 1.1940261118838142 1.14577448595739 1.086334611766409 1.0143298485308503 0.92854848980820603 0.82804258411301623 0.71223020835544915 0.58099567249204576 0.43478227754292287 0.27467281575823088 0.10245369837965412 -0.079340950002870669 -0.26740901889550905 -0.45768862186984094 -0.64540093403420173 -0.825135406819822 -0.99098602506562938 -1.1367465239243035 -1.2561691952912892 -1.343285607299294 -1.392778429901135 -1.4003826194851277 -1.3632832563955932 -1.2804686503494784
1.3488535169593932 1.3487039130915996 1.3485231348892697 1.3482944555806893 1.3479900632941724 1.3475655689275441 1.3469525935769751 1.3460490581449789 1.3447068594764804 1.3427167659124875 1.3397906273656468 1.3355413905845726 1.3294619429601424 1.3209044562656518 1.3090626092798197 1.2929597410021729 1.2714464942409502 1.2432117003283647 1.2068099790382933 1.1607086688230772 1.1033552212195412 1.0332641587186802 0.94912030499409494 0.84989256916096656 0.73495050247451654 0.60417455625272809 0.45805077702520847 0.29774171827993623 0.12512751102674058 -0.057186073078828163 -0.24589272279553331 -0.43704158202039445 -0.62612062804500046 -0.8081641853792989 -0.97788296316912204 -1.1298173955232247 -1.258517191930322 -1.3587506833665 -1.4257457571823551 -1.4554594059390351 -1.4448654545806765 -1.3922410402321721 -1.2974238044254969
1.3483990852903656 1.3481777382425135 1.3479183656867915 1.3476016807969011 1.3471948614629112 1.346644766362322 1.3458688323972559 1.3447432313834093 1.343087957796828 1.3406487251439787 1.33707589957393 1.3319012192866559 1.324513739293772 1.3141372710871517 1.2998124780294065 1.2803876103205625 1.2545224406699809 1.2207100850739565 1.1773208563646229 1.1226709445438243 1.055116493851803 0.97317065232283484 0.87563769089114307 0.76175479390489376 0.63132921288859478 0.48485678895328377 0.32360792704444397 0.14966924317693753 -0.034066768361583059 -0.22396608726173206 -0.4157673694405204 -0.60473616563573063 -0.78584535367360164 -0.95396658507191201 -1.104059066190173 -1.231346081585861 -1.3314752860844852 -1.40066441156115 -1.4358379856622698 -1.4347615784619503 -1.3961773339318422 -1.3199384448521261 -1.2071321392049061
1.3477132143872672 1.3473869010870199 1.3470150463838455 1.3465762843928526 1.3460329789442831 1.3453229276482204 1.3443482969249945 1.3429613235386666 1.3409464504051183 1.3379988367885352 1.3336996364839597 1.3274891003658833 1.3186394322011126 1.3062303650115021 1.2891315264995027 1.2659966558719133 1.2352753878180347 1.1952483589753709 1.1440905468984071 1.0799658143827291 1.0011525328100421 0.90619603269417548 0.79407886568619779 0.66439510194896634 0.51751096795867402 0.35469196159774008 0.17817696451221054 -0.0088167069095763592 -0.2021669222848862 -0.39699978445514783 -0.58791281198820022 -0.76924938487112815 -0.93539826309732632 -1.0810884875383326 -1.2016512140630387 -1.2932260167757199 -1.3528989004784391 -1.3787707773551148 -1.3699660720122862 -1.3265990408665629 -1.2497185601276732 -1.14124986865488 -1.0039446717222236
1.3466937602672902 1.3462152107025229 1.3456831673950762 1.3450752055178183 1.3443496583052235 1.3434355685862784 1.3422193702703209 1.340527798975653 1.3381067073775958 1.3345958081368281 1.3294999350069587 1.3221582343363911 1.3117137733991879 1.2970873219516623 1.2769603978681203 1.249773850615512 1.2137489921084834 1.1669382258098324 1.1073109267046741 1.0328777226016903 0.94185223099432125 0.83284389019969296 0.70506929149926056 0.55856320963412598 0.39436544907937399 0.21465689212099237 0.022818852326264578 -0.17660528596370728 -0.37805805930553782 -0.57522488556201634 -0.76138485392632549 -0.92982607207428392 -1.0742850474519854 -1.1893635523849173 -1.2708772243299573 -1.3160982099102509 -1.323868492975828 -1.2945788375644436 -1.2300272712290994 -1.1331871886410336 -1.0079254033452161 -0.85871292932537535 -0.69036567948888694
1.3452022682767901 1.3445052172579151 1.3437466307607537 1.3429047992902152 1.3419356408229763 1.3407606372346783 1.3392509529585148 1.3372072097741261 1.3343346173833617 1.3302135882510204 1.3242666559867216 1.3157235087726571 1.3035872402882172 1.286606439694034 1.2632593278687256 1.2317575333756166 1.1900779245123407 1.1360307446723077 1.0673707101841778 0.98195439446739885 0.87794202661626997 0.75403499287997799 0.60973247423578336 0.44558283797043097 0.26339902939721493 0.066403844032991488 -0.14072796474575888 -0.35195731010491216 -0.56011265845427816 -0.75726399406219591 -0.93521726153372398 -1.0860884539967 -1.202900828516732 -1.280139807138521 -1.31420033732019 -1.3036717571953351 -1.2494246275222478 -1.1544898084148558 -1.023748104415205 -0.86347424570634035 -0.68079729642253939 -0.48314753202604305 -0.27775613974390662
1.3430553468017652 1.3420483967524128 1.3409722621623543 1.3398087358077224 1.3385140586904201 1.337004552874834 1.3351378483728444 1.3326891705598929 1.3293224340008702 1.3245564029565764 1.317726997164322 1.3079479900391588 1.2940738616815426 1.2746703467456169 1.2480000641612992 1.2120322136705 1.1644862364676796 1.1029190486780913 1.0248634522715507 0.9280212108550675 0.8105079087291408 0.67113835036704528 0.50973166526662506 0.32740574621341034 0.12682288815016896 -0.087655558978481762 -0.309946262398346 -0.53238525805097647 -0.74605095439080849 -0.94126500474234809 -1.1082425290273323 -1.2378384240465135 -1.322315999306386 -1.3560520764908186 -1.33609220646697 -1.2624822474207962 -1.138327391083334 -0.96956362982528055 -0.76446448215692864 -0.53294132781276049 -0.28572285647591483 -0.033513171578772531 0.2137733697652402
1.3400158876992898 1.3385751559475385 1.3370586117743497 1.3354556492319771 1.3337270268224468 1.3317878755390635 1.3294856806933069 1.3265727233511293 1.3226728032683288 1.3172426658650953 1.3095295004273271 1.298527219372442 1.2829359657406947 1.2611313309561933 1.231151872951286 1.1907153346897359 1.137274963912055 1.0681269218458411 0.98057733578077066 0.8721726279269667 0.74098917403886755 0.58596841301361802 0.40727214057252326 0.20662140054233635 -0.012426814579590266 -0.24431561273536961 -0.48148573035264008 -0.71457331717460826 -0.93282831306262071 -1.1247479809697722 -1.2788898900939292 -1.3847981596185235 -1.4339512398967624 -1.4206240746813679 -1.3425562411344443 -1.2013326340260504 -1.0024137305974226 -0.75479479620135526 -0.47032141822992457 -0.16273484269744937 0.15344299365743252 0.46405438204915583 0.75634941237948006
1.3357850561384925 1.3337457074661132 1.3316257192049292 1.329427830553902 1.3271233339069137 1.3246320937660192 1.321796897133221 1.318351678500578 1.31388355687171 1.3077893058027308 1.2992279403207394 1.2870726094150984 1.2698669280383352 1.2457931601516543 1.2126620206178236 1.1679358760154275 1.1087982083452022 1.0322816672467987 0.93546417818733352 0.81573685272734975 0.67113866620277285 0.50074137297694321 0.30505495242117631 0.086410781707417006 -0.15073090785843601 -0.39960821912771394 -0.65117613536096308 -0.89436141433535199 -1.1165771074855138 -1.3044895826551026 -1.4449951072215501 -1.5263268042437976 -1.5391822129334356 -1.4777429076272475 -1.3404556224236681 -1.1304616969210821 -0.8555977917977079 -0.52794161717189747 -0.16293470992594186 0.22182899955186647 0.60801435335180598 0.97799447236993253 1.3161738626501951
1.3299963149333123 1.3271432556570253 1.3242074567499915 1.3212127438020749 1.3181491633618749 1.3149495909554783 1.3114600171818882 1.307403163910829 1.3023355351817538 1.2955987659070864 1.2862672965377731 1.2730960457853118 1.2544738786891372 1.2283911579278068 1.1924322431771055 1.1438059966932352 1.0794285096733089 0.99607160408411299 0.8905874022353012 0.76021277591997294 0.60294756221371304 0.41798744758741591 0.20617753717068377 -0.029562168659043812 -0.28390017865653183 -0.548912744474926 -0.81412327415044028 -1.0668128335401841 -1.2926277709188296 -1.4764756365105853 -1.6036593980449501 -1.6611581687717638 -1.6389272420113192 -1.5310682648117617 -1.33671769599386 -1.0605214365378308 -0.71260517747839291 -0.3080090268600556 0.13437679686623458 0.59327147415531567 1.0466998821302034 1.4737342129581525 1.8560839035658026
1.3222130584460965 1.3182712877144698 1.3142484632514799 1.3101995869350425 1.3061442581030329 1.3020393735381792 1.2977448519408634 1.2929822115342582 1.2872863387366553 1.279951606373736 1.269974742424969 1.2559985979860235 1.2362632251635568 1.2085733328657229 1.1702939422955645 1.1183884044354213 1.049514153984235 0.96019080098166498 0.84705153405390943 0.70718164433531572 0.53853702061319897 0.34042113111518013 0.11398257387307453 -0.13732105578272868 -0.40736048031025474 -0.68714749417305643 -0.96489443784389772 -1.2263766244037058 -1.455626150189905 -1.635946537865101 -1.7511915720089861 -1.7872048310873292 -1.7332765970651134 -1.5834500160570442 -1.337505179702587 -1.0014718493118995 -0.58756840783885167 -0.1135313054552979 0.39862331997464678 0.9242878206637416 1.4382201753805224 1.9165507283968037 2.3386118688165203
1.3119316401043339 1.3065570034342806 1.3011079501336176 1.2956834182421149 1.2903462724791075 1.2850915031021244 1.2798068052694209 1.2742256302121129 1.2678733625732885 1.260008142851025 1.2495591401160153 1.2350668834462319 1.2146326004607608 1.185886271462594 1.1459859779950572 1.0916635648479949 1.0193328793108631 0.92527597696314479 0.80591874836543298 0.65819968075085233 0.48002363840116469 0.27077706825031589 0.031863291524968369 -0.23280109271767802 -0.51640195240751585 -0.8090360110035435 -1.0977890289869383 -1.3671444436490248 -1.5997527530328823 -1.7775493495487471 -1.8831581569465168 -1.9014672086491542 -1.8212187527020882 -1.6364293282044482 -1.3474517860964805 -0.96151548780632523 -0.49263249463974834 0.039168950863898919 0.60923688500070416 1.190182793004374 1.7540625647122077 2.2746073602149042 2.7292520846289627
1.2985916051498454 1.2913629492531711 1.284072698776707 1.2768794129038854 1.2699061062129349 1.2632032359849907 1.2567034432424511 1.2501685076045312 1.2431295887536069 1.2348227130249947 1.2241227508773562 1.2094809289548305 1.1888732636611876 1.1597700852260151 1.1191397309376365 1.0635019656392444 0.98904793505306776 0.89184249706126317 0.76812060709583563 0.61468125886010982 0.42936998882897859 0.21162460342482403 -0.036959962520970883 -0.31211037451233026 -0.60647499513476388 -0.90943068712906272 -1.2071779530646105 -1.4831883422198016 -1.7190355542551452 -1.8955961742198812 -1.9945522137116889 -2.000072990635819 -1.9005074754272195 -1.6898894326962202 -1.3690542725591848 -0.9461928614789118 -0.43672319504685286 0.13755999476518718 0.75000560793997917 1.3711535314965719 1.971091057881899 2.5218544047481286 2.9996026688945592
1.2815947059845665 1.2720086560975354 1.2623812712228391 1.2529494883921155 1.2439166642870734 1.2354095037508539 1.2274261369744972 1.2197763013912899 1.2120152417925025 1.2033738216686962 1.19268857598258 1.1783371553641706 1.1581868688725976 1.1295667395079398 1.0892763433564496 1.0336471490638408 0.95867328826992082 0.86022765900211817 0.7343749482931855 0.57778471827321609 0.38823479484796042 0.16517829815662455 -0.089671732901112744 -0.37180541858147687 -0.6735076398330293 -0.98366667675511965 -1.2878843354861349 -1.5689533609564914 -1.8077338544103758 -1.9844128193340189 -2.0800748137798721 -2.0784547326005676 -1.9676955366240949 -1.7419040941683972 -1.4022953318957543 -0.95774314233679469 -0.42461545092344832 0.17414565071048824 0.81064102151402584 1.454175836717351 2.0737339832426596 2.6404867457062613 3.1300490536833605
1.260333717732443 1.2478034434321852 1.2352607426694151 1.223042751258 1.2114566348148792 1.2007294602059748 1.1909486331345152 1.1819945019434208 1.1734674247370311 1.1646124390885919 1.1542458024536764 1.1406892297516289 1.1217197235938643 1.0945454139170292 1.0558205219810686 1.0017148926645849 0.92805467758409932 0.83054967386025547 0.7051184583770076 0.54831393608253354 0.35783888374495465 0.13312398148958637 -0.12407878637611791 -0.4091539346437455 -0.71421369265176571 -1.0279124551965539 -1.3355698842726502 -1.6196687591979875 -1.8607586232620565 -2.0387474884600918 -2.1345064690050957 -2.1316541917656586 -2.0183389948081358 -1.7888073189329414 -1.4445446067912275 -0.99480500697045271 -0.45640757474209248 0.14723700992167282 0.78780565407027703 1.4342869543427166 2.0555098322398773 2.6226891266735128 3.1116943899384513
1.2342311595114182 1.2180905130009279 1.201976099669382 1.1863499331278382 1.1716494819440757 1.1582293296330237 1.146292837714151 1.1358162234685578 1.1264681955096136 1.1175290612568276 1.107814176949943 1.0956079162902124 1.0786161026728476 1.0539470641792072 1.018133894793368 0.96721262640481986 0.89687203327764931 0.80268968344539415 0.68046454085130237 0.52664802146414702 0.33886253592684568 0.11647965721606202 -0.13878934441004753 -0.42235707661557864 -0.72635955849542522 -1.0394808743081483 -1.3470873626428208 -1.6317360813408062 -1.8740869085800649 -2.0541986219151611 -2.1531318642135409 -2.154724125897058 -2.0473536382254856 -1.8254804538257501 -1.4907522270031452 -1.0524937209340628 -0.52746198163084568 0.06116332666692386 0.68548476033139516 1.3151201634187428 1.9197188902324314 2.4714710615188213 2.9473164981133473
1.2027867918696789 1.1823010485576824 1.1618908698255921 1.1421702415339723 1.1237359572645604 1.1070997641256188 1.0926099614337692 1.0803658592941421 1.0701292654608783 1.061237833223156 1.0525258197313401 1.0422587600241184 1.0280899124762561 1.0070481107277234 0.9755686862888161 0.92958094371646516 0.86466651716517406 0.77630181944261656 0.66019364355960142 0.51270890017570858 0.33138707308573212 0.11550766500568377 -0.13333383230030393 -0.41070644877407836 -0.7089604630975368 -1.0170668681794472 -1.3207610199380535 -1.6030521912035052 -1.8451256857200116 -2.0276158789747969 -2.1321722828887841 -2.1431845053775747 -2.0494855719826996 -1.8458263798697745 -1.5339150531691224 -1.122847798087858 -0.62882134973284431 -0.074104268241446197 0.51465697996708626 1.10862651694332 1.6792168343496297 2.2004895320695383 2.6512334900121193
