_KRIGING/CROSS_VALIDATION_CLASSIC_CLR/Berg/GZ/train_2/Berg_GZ_2_train_z_125.asc
ncols 100
nrows 90
xllcorner 5.6208707817415728
yllcorner 50.959635321741573
cellsize 0.00013419651685393446
nodata_value 1.7014100000000001E+038
[rows 57 to 75 of 90, columns 43 to 85 of 100]
5.6141226502110948 5.6907461613722541 5.6968095717770009 5.6263800559322235 5.4779461009746395 5.2551479643767722 4.9671660566334532 4.6286647482617838 4.2592236133422352 3.8822395679442212 3.5233466395877961 3.2084669912528594 2.9616670714295918 2.8030357951697575 2.7468185906503777 2.8000266806206513 2.9616947875898241 3.2228876801229527 3.5674665807832238 3.9735336226898794 4.4153903508706422 4.8657871227709579 5.2982126493158077 5.6889799266378098 6.0189037667567256 6.2744283573165038 6.4481397341040303 6.53867554083598 6.5501118340143574 6.490955663638962 6.3728983217163213 6.2094872053648222 6.0148574348050117 5.8026333689502252 5.5850717157303311 5.3724785664249222 5.172897707371316 4.9920405063707642 4.8334101370746101 4.6985647865531783 4.5874644230706139 4.4988515941675749 4.4306262750400949
5.4778903083681216 5.5456746517827966 5.5499118574616135 5.4859913161274987 5.3533961225694267 5.1562921769086163 4.903792461586252 4.6098120311866513 4.2924626112605537 3.9729832027333734 3.6742598030075575 3.4190457414874036 3.2280450647104124 3.1180557341953268 3.1003796915414044 3.1796890450634767 3.3534921765539134 3.6122756849919262 3.9403171432565358 4.3170816168948285 4.7190442373075534 5.1217325029108665 5.5017623384223366 5.8386532884542666 6.11624743915623 6.3236162938990628 6.4554096608835279 6.5116696636962956 6.4971914876461012 6.4205534045366663 6.2929585672462007 6.1270303195155602 5.9356847080259181 5.7311739274953979 5.524358777582778 5.3242327003333667 5.1376892118697413 4.9695014650126872 4.8224684432398908 4.6976765376464034 4.5948265659892602 4.5125826480461599 4.4489086263294899
5.3694765003686813 5.4335314134346575 5.4419443583786489 5.3913537402608949 5.282114120250915 5.1187472702364829 4.9100890686687944 4.6690653517462914 4.4120617541038936 4.1578959300257132 3.9264506119136073 3.7370758819547012 3.6069107991652434 3.5493003627973487 3.5724877017116299 3.6787404987803654 3.8640261499692925 4.1182873328256013 4.4262972801828706 4.7690028843422407 5.1252046422131965 5.4733843386969188 5.7934796640280695 6.0684206157400826 6.2852819869496654 6.4359622596524746 6.5173624011691169 6.5310986363236267 6.4828328338417291 6.3813369651473089 6.2374217549547231 6.0628550202417211 5.8693758150919315 5.6678815289263831 5.4678321913481245 5.2768845690398463 5.100742109504413 4.9431877071538102 4.8062553574924172 4.6904934191507852 4.5952749200228062 4.5191171913214205 4.4599821387520038
5.287429779006505 5.3517919465370012 5.368881932560071 5.336482514955156 5.2556828776313669 5.1311987959021401 4.9714120107053912 4.7880786027295219 4.5956863855859336 4.4104804196462775 4.2492192069408867 4.1277657965341552 4.0596509898094464 4.05476364346476 4.1183210748071382 4.2502490408055653 4.4450575078858394 4.6922408071089423 4.9771669204996263 5.2823601370207358 5.5890334316330081 5.8786989412282322 6.1346807836915147 6.3433741238891139 6.4951338710562103 6.5847287118877134 6.6113527477142489 6.578239234063199 6.4919617476690457 6.3615330354319033 6.1974193794269912 6.0105799752824707 5.8116202236964281 5.6101198877829326 5.414166908578216 5.2300997751189549 5.0624389399302796 4.9139725794602613 4.7859543117963721 4.6783694546942538 4.5902304715393161 4.5198695593701226 4.4652051016507679
5.2296155151870325 5.297064391147555 5.3256273208139984 5.3141012441838003 5.2641670658546129 5.1805896644763489 5.0711621993770537 4.9463599563818299 4.8186972347758941 4.7018155418506336 4.6093683942225123 4.5538018452515505 4.5451545897801218 4.5900119515415216 4.6907408361661069 4.8451071089157756 5.0463352150995897 5.2836175351731898 5.5430254597105311 5.8087238855959962 6.0643535591743065 6.2944271447576261 6.4855876702737261 6.6276011162107009 6.7139940787676657 6.74229595118923 6.7138951380155527 6.6335630160004477 6.5087318828348009 6.3486306627038029 6.1633840984602806 5.9631694854273567 5.757503435979431 5.5547043496138793 5.3615488144594794 5.1831159134828475 5.0227949293942853 4.882420409080142 4.762493858246323 4.662452430624306 4.5809502440012686 4.5161256318054157 4.4658361155248478
5.1937068479770767 5.265742161767057 5.3068657635992826 5.3167405039190854 5.2974975863314668 5.2538299462624538 5.192855773627759 5.1237312700685109 5.0570178636758953 5.0038396047034199 4.9748973899165128 4.9794332023914425 5.0242548164500924 5.1129353674269877 5.2452905489692636 5.4172091338323627 5.620872854841183 5.8453546714201705 6.077536935120623 6.3032502395861512 6.5085061847031627 6.6806871924555304 6.809565267578745 6.8880474393827074 6.9125840291185403 6.8832204856575538 6.8033173255878276 6.6789993635418661 6.518420300700722 6.330939583145657 6.1263054584027756 5.9139236920598997 5.7022692349473534 5.4984726088413352 5.3080880096148908 5.1350293317819578 4.9816454784495132 4.8488981134437106 4.7366029929382414 4.6436989494441079 4.5685148609886346 4.5090128529763973 4.4629941094663463
5.1775853336449842 5.2545443205455777 5.307779299756743 5.3376611726804732 5.3466383550589764 5.339239034400487 5.3218691231521671 5.3023970440720802 5.2895403799581171 5.292095809008881 5.3180790012867414 5.3738611123354101 5.4633991970656171 5.5876562802085932 5.744291665599496 5.9276742378055687 6.1292341737800076 6.3381267136735726 6.5421416280646385 6.7287599894747547 6.8862409213437807 7.00461818085431 7.0765000820195336 7.0975939961575909 7.0669138330680381 6.986669510478535 6.8618752449866873 6.6997432225174531 6.5089472668362998 6.298846173645372 6.0787492776795364 5.8572902246252045 5.6419525762071467 5.4387668287105591 5.2521762851465068 5.0850516474099354 4.9388226365415679 4.8136896581502002 4.7088787814981234 4.6229077355946755 4.5538376214380021 4.4994930333151233 4.4576409975164006
5.1796022545438145 5.2608804792309583 5.3245402935476509 5.371501727007054 5.4044113600209647 5.4275699319421244 5.4466799376683293 5.4684144828625643 5.499830294814398 5.5476703062848838 5.6176213485343558 5.7136066665338472 5.8371980522492786 5.9872262896853741 6.1596508528123382 6.347721869650921 6.5424326364071579 6.7332242722421078 6.9088709752620261 7.0584500142062634 7.1722890413837259 7.2427864735548537 7.2650180594447065 7.2370714877155304 7.1600863341644345 7.0380132275556608 6.8771383666687873 6.6854430529960327 6.4718800803468453 6.2456490723555191 6.0155425550280768 5.7894165469441354 5.5738173943226128 5.3737741848135077 5.1927464862918775 5.0327025261428746 4.8942942434761747 4.7770928134422288 4.6798503226939774 4.6007588337030407 4.5376855292413092 4.488370531045458 4.4505812197279768
5.1986773475295367 5.2830099475793775 5.3545454221744677 5.4146008568985682 5.4659202180770183 5.5125437410172342 5.5595195123797154 5.6124667404714215 5.6770196103092152 5.758199589579899 5.8597796342615673 5.9837129762231847 6.1296996460518738 6.2949542799664675 6.4742192898224804 6.6600400481783284 6.8432868184346169 7.0138762827274199 7.1616185629949571 7.2770979331520751 7.3524899632502336 7.3822256464602418 7.3634329792534317 7.2961153480793906 7.1830593695406231 7.029497423236835 6.8425772626371417 6.6307092268378653 6.402868862151375 6.1679292465914495 5.9340847347394945 5.7084091478886743 5.4965701127856814 5.3027006693378489 5.1294121266046728 4.977920151329478 4.8482498336064594 4.7394846214689572 4.6500274703234581 4.5778488552504975 4.5207039281392767 4.4763087473431824 4.4424721956801676
5.2342378030116699 5.319997897052569 5.3963929380884963 5.4649985201019753 5.5285760664993688 5.590899480070278 5.6564434589972086 5.7299493906747951 5.8159020298395951 5.9179659589323936 6.038442504936584 6.1778129175533341 6.3344304314078208 6.5044116778856349 6.6817575197688654 6.8587069575752331 7.0262987469949403 7.175087965667033 7.295943219959474 7.3808380187022333 7.4235491972163059 7.4201864522457015 7.3694984125799952 7.2729289281070297 7.1344280561434914 6.9600509342930827 6.757400284288873 6.5349818574961249 6.3015455190162069 6.0654783944903796 5.8343025471822516 5.6143109438534076 5.4103552769447081 5.2257805518904048 5.0624865180787859 4.9210863394176085 4.801128670085375 4.7013499602059792 4.619928206845672 4.5547160508749656 4.503438677070478 4.4638492148507876 4.4338404304610419
5.2860230859266073 5.3714997661135406 5.4496415165354133 5.5221624260746456 5.5917832079475014 5.662028916496773 5.7369046299200681 5.8204698088391833 5.9163474025084453 6.0272167948265363 6.1543480807014976 6.297236990430072 6.4533938249558727 6.6183258969721139 6.7857323296663568 6.9479050247178407 7.0963035189971144 7.2222481209493212 7.317658800037159 7.3757596115333648 7.3916714097427096 7.362828978869012 7.2891805462790673 7.1731546300201634 7.0194072305629058 6.8343873831324338 6.6257775956657117 6.401875500670867 6.1709834747062491 5.940864880125325 5.7183110469651881 5.5088449706388438 5.31656896283907 5.1441468197591576 4.9928983890662035 4.8629767212868522 4.753595354154224 4.6632750134335685 4.5900839426173885 4.5318528215735316 4.4863524915569108 4.4514294164651265 4.4250992763419239
5.3537978793225376 5.4374257821383027 5.514414390900308 5.5865179464403933 5.6563794039325597 5.7273108434966309 5.8029647514165026 5.8869203021490666 5.9822224213611825 6.0909220783353479 6.2136719754283307 6.3494310523554374 6.4953232649372499 6.6466812241972679 6.7972849152699499 6.9397823104583214 7.0662554256037513 7.1688756661455413 7.2405792593394569 7.2756893675015801 7.2704169916938834 7.2231873422784254 7.1347598553945657 7.0081352578963054 6.8482682789106395 6.6616261503604122 6.4556480517259098 6.2381674548792141 6.0168576374552236 5.7987515214156806 5.5898725525484592 5.3949962303945327 5.2175448448530624 5.0596032916433336 4.9220331184090966 4.8046559281599315 4.7064758413462044 4.6259131425259028 4.5610263623697973 4.5097065890931773 4.4698345838045057 4.4393973701020881 4.4165657939929872
5.4370249352600633 5.5175487651657757 5.5909259318554216 5.6588754187417596 5.7239445269180251 5.7892811709577838 5.8583065381383417 5.9343145533624044 6.0200367806637711 6.1172201191197377 6.2262682390452211 6.3459950093608404 6.4735288445993602 6.6043915744998163 6.7327557260779791 6.8518624613277614 6.9545618022512175 7.0339202287166724 7.0838308359470572 7.099559653284687 7.0781688738404007 7.0187726825609218 6.9226019244543142 6.7928769844058312 6.6345105728891225 6.4536804876540144 6.2573244755515587 6.0526138036741362 5.8464590793784224 5.6450924062654062 5.4537561504349874 5.276512863494105 5.1161756776642946 4.9743457415036874 4.8515343056897375 4.7473424175416721 4.6606706337271895 4.5899339501182794 4.533262191837256 4.4886722395019234 4.4542046433580476 4.4280226020599898 4.4084754747853134
5.5345516567176665 5.6111202753535778 5.6790094911199658 5.7398501239839836 5.7960920922040877 5.8507753245648733 5.9072072859642644 5.968575032898138 6.0375307055986767 6.1157965363166342 6.2038373921624705 6.3006447575609696 6.403665877913312 6.5088964125749156 6.611136118415132 6.7043872055964142 6.7823568111772063 6.8390111760379888 6.869121713623449 6.8687434464218562 6.8355743320811433 6.7691586864587379 6.6709170913817468 6.544006037734138 6.3930300972641767 6.2236449543575683 6.0420992302598702 5.8547657993507585 5.6677094447527665 5.4863284284721692 5.3150947504333708 5.1574037369516175 5.0155302357847136 4.890677783775101 4.7830997063710061 4.6922675627866397 4.6170623944964309 4.5559671305091713 4.5072432583431885 4.4690804483742079 4.4397133118765932 4.4175042070570205 4.4009945900419805
5.6443595322008528 5.7165537971232219 5.7777168669521224 5.8293591839381804 5.8738440732839594 5.9141617167257117 5.9536130719974247 5.9954325389644225 6.0423882248184828 6.0964046295588865 6.1582532721024874 6.2273516663424209 6.3017003857266971 6.3779727997856881 6.451754232390237 6.5179090939514861 6.5710384769024595 6.6059790764263049 6.6182888340370782 6.6046662536849574 6.5632587228080626 6.4938291686961076 6.3977679383747699 6.2779553528358321 6.138497326290774 5.9843694914535064 5.8210128824376968 5.6539257765279434 5.4882921275709311 5.3286783055515761 5.1788183107011001 5.0414951894431113 4.9185148486139871 4.8107592476315961 4.718299884531139 4.6405498145286082 4.5764328483573609 4.5245513865409475 4.4833386709234748 4.4511861739749836 4.4265416231672834 4.4079772103742751 4.3942305492118869
5.7634153933592707 5.8312208840393236 5.8850437399795448 5.9262596971011403 5.957164843893243 5.9807551373260814 6.0004167276678162 6.0195563951971485 6.0412107571532783 6.0676779734355337 6.1002154744790786 6.1388414482625464 6.1822669250302891 6.2279705120883158 6.2724109970285458 6.3113563689138621 6.3402935730422048 6.3548734993381828 6.3513416903985407 6.3269075961525534 6.2800135213263921 6.2104774553562594 6.1194998121229824 6.0095404500218184 5.8840869189285581 5.747345797211282 5.6038950115879338 5.458335767965969 5.3149785777290557 5.1775899389077029 5.0492160583502566 4.932089251858657 4.8276128602638568 4.7364128275741049 4.6584391637980236 4.5930985034583287 4.5393995680670542 4.4960959303735057 4.4618142906631482 4.4351607408516527 4.4148015588839655 4.3995184816894755 4.3882408989906541
5.8876494774728343 5.9513892273733653 5.9978148258081054 6.0281674642297505 6.04469999936462 6.0504629428426782 6.0490001872708188 6.0439840496820949 6.0388280856352008 6.0363205544058305 6.0383205725359748 6.0455527681273615 6.0575252892367359 6.0725816642913841 6.0880811131309036 6.1006865727275956 6.1067269915072773 6.1025920654323951 6.0851146297859486 6.0518986951098732 6.0015591102794854 5.9338507966716172 5.8496796373484941 5.7510013938661837 5.6406275127278791 5.5219658085721273 5.3987288127106492 5.2746428081930938 5.153186683659543 5.0373827314426158 4.9296527312269758 4.8317435242010571 4.7447180671054987 4.6690016032778789 4.6044686143159863 4.5505547018536809 4.5063782066138938 4.4708586619782906 4.4428224464529924 4.4210895985592131 4.4045391506441467 4.3921531496087205 4.3830415656064057
6.0120691865082216 6.0723127070664074 6.1117401813953336 6.1314693006808945 6.1337347473985231 6.1216804908964448 6.0990593951809871 6.0698698775736357 6.0379679217068256 6.0066967374844475 5.9785750837699689 5.9550787747956511 5.9365389699705213 5.9221669239796189 5.9101998025787577 5.8981479594824773 5.8831125955371517 5.862135449876094 5.8325399547407564 5.7922262420971711 5.7398899112936022 5.6751453238827336 5.598546742109864 5.5115130806170454 5.4161727360826628 5.3151526113751206 5.2113393192513655 5.1076405103941207 5.0067707736268652 4.9110805020144932 4.8224386627317219 4.7421727504303171 4.6710623935028517 4.6093778799964982 4.5569516734478341 4.5132698366476838 4.4775709122560334 4.4489417624464593 4.426402597763599 4.4089763967478746 4.3957406947946307 4.3858620024513719 4.3786147465582657
6.1310009744453779 6.188464734943091 6.2216326323495572 6.2315172755696411 6.2203582299023905 6.1914197893478766 6.1486928832625676 6.0965309465588291 6.0392579721555837 5.9807906715692258 5.9243151114655657 5.8720515469613392 5.8251303424928311 5.7835883500819536 5.7464807493224033 5.7120900655396065 5.678203588212078 5.6424239791111557 5.6024761429864265 5.5564764046594703 5.503137019881132 5.4418888521634523 5.3729161698376604 5.2971083794098766 5.2159426999563774 5.131318247169073 5.0453651704888332 4.960252334430499 4.8780139946704102 4.8004107859340976 4.7288340978937189 4.6642565671328926 4.6072258164697031 4.557894335410186 4.5160758230623896 4.4813174184687616 4.4529777938589099 4.4303026980000757 4.4124917597422932 4.3987527648689682 4.3883418511083114 4.3805898884065169 4.3749166057960656
