_KRIGING/CROSS_VALIDATION_CLASSIC_CLR/Berg/GZ/train_2/Berg_GZ_2_train_z_500.asc
ncols 100
nrows 90
xllcorner 5.6208707817415728
yllcorner 50.959635321741573
cellsize 0.00013419651685393446
nodata_value 1.7014100000000001E+038
[rows 19 to 37 of 90, columns 0 to 41 of 100]
-2.3589368482942601 -2.3377434508036434 -2.316845075035229 -2.297023075870396 -2.2791153303405878 -2.2639784669458614 -2.2524500947407802 -2.2453161538975266 -2.2432883207241412 -2.2469953131524756 -2.2569899296487721 -2.273770819276379 -2.2978145689668996 -2.3296100900593877 -2.3696839954518301 -2.4186032768801371 -2.4769407559347147 -2.545190101274418 -2.6236211650426156 -2.7120732419425271 -2.8096934737296198 -2.914639396249421 -3.0237773649126467 -3.1324205260839499 -3.2341588880815397 -3.3208374401740999 -3.3827339166077781 -3.4089741425692983 -3.388199577681724 -3.3094699701102877 -3.1633470628243812 -2.9430678662874881 -2.645684126073891 -2.2730245706794516 -1.8323338013914117 -1.3364597573074652 -0.80350104334952033 -0.25588300110633805 0.28109928321154354 0.78116104137776654 1.2191572981943124 1.573242826579651
-2.3235547370855625 -2.2974585871410338 -2.2717057653738379 -2.2472451826118274 -2.2250886793236795 -2.2062616041976995 -2.1917524152120329 -2.1824674736946363 -2.1791970635856694 -2.1825974987257455 -2.193191963504515 -2.2113896034249771 -2.2375186373817417 -2.2718653438586207 -2.3147072373392255 -2.3663262318799854 -2.4269867357844794 -2.4968650274047004 -2.5759203711407181 -2.6637053308091909 -2.7591224354539348 -2.8601460781085088 -2.9635410569111214 -3.0646207321514058 -3.1570961793586054 -3.2330706047290461 -3.2832285096436511 -3.2972551977965758 -3.2644989557347928 -3.1748569411113436 -3.0198295936195194 -2.7936519915782436 -2.4943798936529515 -2.1247893838568137 -1.6929474073285202 -1.2123293998022235 -0.70140009662798275 -0.1826314029210335 0.31899956134087737 0.77791764094344384 1.1700842867812979 1.4751373295935224
-2.2837276823776307 -2.2521122735715373 -2.2208940523560763 -2.1912102086787257 -2.1642679017809137 -2.1412816488312139 -2.1234086121899551 -2.1116891341293851 -2.106999789388543 -2.110024968969026 -2.1212505687577021 -2.140979907921233 -2.1693678954056894 -2.2064652026266041 -2.2522604026744659 -2.3067053729386213 -2.369708389052045 -2.4410808335001755 -2.5204276928546099 -2.60697913595921 -2.6993701842472668 -2.7953870689675311 -2.8917110638918722 -2.9837016340826357 -3.0652685265693531 -3.1288846986758401 -3.1657867317788533 -3.1663953098835051 -3.1209653143503182 -3.0204444925268596 -2.8574845895570293 -2.6275139350550027 -2.3297514553029974 -1.9680248745703253 -1.5512555895394362 -1.093492533659574 -0.61341762266745958 -0.13330303247094749 0.32253079332552276 0.72963694056874318 1.065562138003957 1.311940439524955
-2.2399174712164474 -2.2022304645322954 -2.1649995731833442 -2.1295688930988845 -2.0973601264786552 -2.0697954154549372 -2.0482168241573433 -2.0338111132646057 -2.0275484406146314 -2.030142271604892 -2.0420351038542837 -2.0634108169668153 -2.0942299619701084 -2.1342796792416836 -2.1832258566837401 -2.2406523242918865 -2.3060709959253196 -2.3788884560246184 -2.4583188776017111 -2.5432403775107542 -2.6320016120030516 -2.722196785966144 -2.8104390096482925 -2.8921723608354224 -2.961570059168948 -3.011567722132519 -3.0340749167298235 -3.0203940146377279 -2.961852695885137 -2.8506267830181828 -2.6806964815409113 -2.4488460644125554 -2.1555900545636226 -1.8058936993916537 -1.4095568432632946 -0.98115116329700114 -0.53944135553429184 -0.10627818602731981 0.29498094739009173 0.64139907197749402 0.91254904387587432 1.0925385766941771
-2.1928855423625109 -2.148680285303957 -2.1049942439044038 -2.0633935305364055 -2.0255300085322041 -1.9930484784404001 -1.9674891644621226 -1.95019553583617 -1.9422375617226511 -1.9443590507445103 -1.9569547930789595 -1.9800790629571008 -2.0134821295348733 -2.0566664109040236 -2.1089495335524848 -2.1695185833043107 -2.2374589304122097 -2.3117426912840542 -2.3911664141844291 -2.4742348852800422 -2.5589975976633603 -2.6428555335199939 -2.7223671667865856 -2.7930923064465065 -2.849518627909525 -2.885116526659917 -2.8925616314571219 -2.8641499897303024 -2.792408725865605 -2.6708763958630573 -2.4949953359495516 -2.2630273861795018 -1.9768797013034112 -1.6427143091668466 -1.2712181922672747 -0.87743268963994347 -0.48008202900813735 -0.10039773950684622 0.23949763748752254 0.51851647629148712 0.71865210594237339 0.82691618158382374
-2.1436972094855342 -2.0926748200141212 -2.042237590950176 -1.9941837959384259 -1.9504059619796834 -1.9127816859902609 -1.8830583411822461 -1.8627431634659972 -1.8530103504186188 -1.8546352571705764 -1.8679625762415668 -1.8929108470447833 -1.9290103003765076 -1.9754656267618289 -2.031230577461451 -2.0950781627617721 -2.1656492881470353 -2.2414644413736631 -2.3208877030148627 -2.4020397440003167 -2.4826660518555088 -2.5599774421535857 -2.6304906235071055 -2.6899055350284087 -2.7330615286963456 -2.7540144357444132 -2.7462696936353002 -2.7031922732533471 -2.618592429149035 -2.4874588902041626 -2.3067809875954026 -2.0763725783866827 -1.7995884453617883 -1.4838131908315391 -1.1406077329902529 -0.78542184785993641 -0.43682272191824312 -0.11524610965441601 0.15865768571442285 0.3659447756637787 0.49137098156292763 0.52522607087601414
-2.0937005634610344 -2.0357490705484764 -1.9784497817373499 -1.9238369543052656 -1.8740477484881808 -1.8311964109451466 -1.7972409176320676 -1.7738550471244112 -1.7623190782171934 -1.7634406557039659 -1.7775139033329292 -1.8043199348809544 -1.8431661369376604 -1.8929557709100528 -1.952274448605916 -2.0194767194994849 -2.0927550600569567 -2.1701754178551722 -2.2496682538870809 -2.3289714934501693 -2.4055312966889271 -2.4763770684059945 -2.5379972758351097 -2.5862508116680525 -2.6163530994640434 -2.6229752682657819 -2.6004872843567983 -2.5433613774293482 -2.4467308870477567 -2.3070734454018202 -2.122959136152907 -1.8957779643798895 -1.6303413609989272 -1.3352442689625634 -1.022881548416628 -0.70903723612323244 -0.4120073998415269 -0.15127383064538644 0.054189433874157894 0.18783026474622175 0.23745248145056252 0.19693483212830853
-2.0444778806375439 -1.9797046124799138 -1.9156495836788814 -1.8545794033381213 -1.7988721156885532 -1.7508750174911754 -1.7127535308721571 -1.6863455622098851 -1.673036080234338 -1.6736648970474839 -1.6884769080870603 -1.7171187388085301 -1.7586795386407124 -1.8117674332397753 -1.8746078437844007 -1.9451463945275469 -2.0211381557046475 -2.1002069154631759 -2.1798630886936263 -2.257476406080194 -2.3302089442362255 -2.3949242582238779 -2.4480979671094585 -2.4857625374969357 -2.5035225868574837 -2.4966753317227504 -2.4604627966785775 -2.3904677329260915 -2.2831444743117761 -2.1364509169674584 -1.9505213407373665 -1.7282957841702804 -1.4760046194096326 -1.2034012981912137 -0.92364559627784948 -0.65276608018435289 -0.40867361459982626 -0.20975436803251019 -0.073134937185517224 -0.012775445775501548 -0.037598847021570264 -0.14989614278407673
-1.9977702657183514 -1.9265237768559302 -1.8560581799447675 -1.7888605732287708 -1.7275375990899917 -1.6746577391685635 -1.6325833359591764 -1.6033081580067066 -1.5883167047626037 -1.5884796042064364 -1.6039954804051844 -1.6343840003603152 -1.6785281954465665 -1.7347575410651226 -1.8009576824505364 -1.874689043257038 -1.9532955515283317 -2.0339867393092006 -2.1138814967195168 -2.1900093528592142 -2.259274484307543 -2.3183975491577158 -2.3638594922311627 -2.3918781174827677 -2.3984509553952971 -2.3794954668863788 -2.3311090708975533 -2.2499567009283954 -2.1337733350114805 -1.9819450039293915 -1.796107025822189 -1.5806763941636999 -1.343220621550727 -1.094562101096598 -0.84852857429204809 -0.62128839126266655 -0.43025344428827295 -0.29258974067174615 -0.22343952563472763 -0.23402119972402524 -0.32982398496607501 -0.50914318443086271
-1.9553794995462681 -1.878257876104211 -1.8019739021947494 -1.7292147610770954 -1.6627945383796821 -1.6054824299264547 -1.5598194701275521 -1.5279408573996394 -1.5114214024457802 -1.5111596990002365 -1.5273124175591466 -1.5592841310746834 -1.6057711012036489 -1.6648504979301082 -1.7341006653835223 -1.8107342471091581 -1.8917249545665702 -1.9739108468638786 -2.0540621047046232 -2.1289089098038274 -2.1951342702299144 -2.249346232814851 -2.288052457507797 -2.307666082564606 -2.3045737566886748 -2.2752934993235443 -2.2167409954505448 -2.1266080457494625 -2.0038370555126308 -1.8491525163449798 -1.6655872468181752 -1.4589213464054138 -1.2379394545061939 -1.0144109581896228 -0.80271142795566008 -0.61903341217659957 -0.48018020593041577 -0.40199406094870949 -0.3975344414219496 -0.47518379692965651 -0.63690773134632817 -0.8769229275790078
-1.9190542038878533 -1.8368975679307802 -1.7556269446597312 -1.6781008895022467 -1.607311142147033 -1.5461987515636411 -1.4974576833387498 -1.4633440650250744 -1.4455097365568585 -1.4448767778550575 -1.4615652992096955 -1.4948805159811052 -1.5433578406136848 -1.6048574803501268 -1.6766939478288165 -1.7557819682539231 -1.8387792130190661 -1.9222084209208794 -2.0025466464943991 -2.0762770122528336 -2.1399074549470369 -2.1899702649151558 -2.2230242695947817 -2.235686829169873 -2.224724053032975 -2.1872237835117656 -2.1208664017537746 -2.0242935453554547 -1.8975553776958298 -1.7425950244005017 -1.5637069999071525 -1.3678884212318687 -1.1649914656615357 -0.96758666234181967 -0.79046221981845388 -0.64971618863035607 -0.56144517634693547 -0.54009224565381475 -0.59658137550755397 -0.73642773846847021 -0.95806158948228182 -1.2516279265776094
-1.8903699959106817 -1.804236364978383 -1.7190263867135585 -1.6377337736491526 -1.5634903313321873 -1.4993725153527508 -1.4481946385340674 -1.4123077348693469 -1.3934236495657544 -1.3924818795186775 -1.4095721601199509 -1.4439193232711531 -1.4939294295138836 -1.5572887153092401 -1.6311006507110699 -1.7120423884367431 -1.7965208134991384 -1.8808105629801775 -1.9611615938509437 -2.0338714866909875 -2.0953266460747848 -2.1420255757181392 -2.1706050094990976 -2.1778944250836449 -2.1610250913803704 -2.1176153889485567 -2.0460442949736892 -1.9458099170963479 -1.8179508700561202 -1.6654870599132492 -1.4938158523534737 -1.3109831050693921 -1.1277399375638821 -0.95729905365740553 -0.81472181760906648 -0.71590054539384906 -0.67614889922874077 -0.70847349226321399 -0.8216655621249267 -1.0184139355904949 -1.2936886771952523 -1.633667468387767
-1.8706148428963907 -1.781740047688789 -1.6938138097123954 -1.6099226378875358 -1.5332944286689356 -1.467098385812112 -1.4142309939343942 -1.377107634982579 -1.3574800385961412 -1.3562976842368251 -1.3736266565171027 -1.4086328547203868 -1.4596287909853345 -1.524175618041971 -1.599225685539909 -1.6812868602969462 -1.7665887656425423 -1.8512332654295318 -1.9313167178911428 -2.0030190634785896 -2.0626636111249823 -2.1067601073677178 -2.1320508573238848 -2.1355839090847666 -2.1148374189349393 -2.0679144616052674 -1.9938174407225304 -1.8927962565153242 -1.7667456383469426 -1.6196065094596341 -1.4577066687534344 -1.2899608297126153 -1.1278428583443485 -0.9850474760947121 -0.87677758063589928 -0.81862809875195908 -0.82508721080336389 -0.9077374771953437 -1.0733064880304102 -1.3217799804281802 -1.6448387027306473 -2.0249017639801288
-1.8606910262742602 -1.7704349630979124 -1.6811380451719522 -1.5959328989055237 -1.5180950577256853 -1.4508394672527363 -1.3971027026091445 -1.3593307722985744 -1.339293010537979 -1.3379404832450934 -1.3553226883132155 -1.3905696873521576 -1.4419390942283616 -1.5069197165277792 -1.5823772858366789 -1.6647236474473357 -1.7500897046714088 -1.8344845740369147 -1.9139285567625453 -1.9845549510001601 -2.0426843188601467 -2.0848832337528389 -2.1080263266432309 -2.1093842569143204 -2.0867599211093548 -2.0386900336990785 -1.9647189472911233 -1.8657366532344852 -1.7443544872884469 -1.6052721150591034 -1.4555705970424087 -1.3048520518337128 -1.165140294496708 -1.0504623614962929 -0.9760508840105413 -0.9571432869169969 -1.0074051102286616 -1.1370679855359251 -1.3509414914541851 -1.6465228301003492 -2.012477330624201 -2.4277836794200001
-1.8610438585903566 -1.7708267515054921 -1.6815639769353368 -1.5963854514885156 -1.5185636825246016 -1.4513102286016331 -1.3975577918404536 -1.3597477892857048 -1.3396438892054627 -1.338189943880324 -1.3554261408431252 -1.3904705992387614 -1.4415659857966237 -1.5061831621781652 -1.5811675800988478 -1.6629101261213193 -1.7475230632805236 -1.8310038503490893 -1.9093746758126695 -1.9787927918760229 -2.0356350711787194 -2.0765682971046964 -2.0986231235557611 -2.0992930766601585 -2.0766793397504344 -2.0296966747313676 -1.9583455170463688 -1.8640404966196265 -1.7499675560068582 -1.621422387874877 -1.4860647545053274 -1.3540096430643298 -1.2376707569710508 -1.1512780804118703 -1.1100120701440892 -1.1287339701689925 -1.2203442554641155 -1.3938659610431854 -1.6524201178961175 -1.9913270160165597 -2.3966173904099142 -2.8442586907600775
-1.8716246718555745 -1.7828580552024214 -1.6950249737309449 -1.6112040051860328 -1.5346142185430027 -1.4684149522414369 -1.4154913994948819 -1.3782455067243617 -1.3584123273147464 -1.3569199667052212 -1.3738067434848169 -1.4082027355297431 -1.4583753932940589 -1.5218315091841159 -1.5954616860897097 -1.675709538638261 -1.758746844842781 -1.8406379561894193 -1.9174816973319322 -1.9855260144106035 -2.0412586751588817 -2.0814850729655769 -2.1034102649368114 -2.1047455016168422 -2.0838586520796176 -2.0399824450255326 -1.9734841896775293 -1.8861860702735451 -1.7817073707650199 -1.6657809581250782 -1.5464786254340557 -1.434266671917733 -1.3418079555598583 -1.2834331589679304 -1.2742251467980665 -1.3286977577422585 -1.4591037770688418 -1.6734729641586774 -1.9735533259278277 -2.3528974318990641 -2.7953878407864989 -3.2745177770321598
-1.8918919384411836 -1.8059096020555359 -1.7208238691902586 -1.6396158865859762 -1.5654035804399067 -1.5012479553270399 -1.4499456120251715 -1.4138263490275218 -1.3945753325355836 -1.3930973864682707 -1.4094366012872364 -1.4427582317937429 -1.4913926333132519 -1.5529338608692402 -1.6243796412781863 -1.7022956767641619 -1.7829862809958339 -1.8626553829753756 -1.9375466885557056 -2.004058552245723 -2.0588368259727146 -2.0988563474849746 -2.1215074821519173 -2.1247070085479169 -2.1070516517187814 -2.0680270980687228 -2.0082752314811954 -1.9299080469753376 -1.8368393172941726 -1.7350864088816063 -1.6329771764088226 -1.5411837479144586 -1.4724998077618028 -1.4412843096485664 -1.462515527259463 -1.5504368729649867 -1.7168298252095493 -1.9690165752481832 -2.307769151163563 -2.7253727444658407 -3.2041457122606243 -3.7157427073754308
-1.9208501990596325 -1.8388442944789745 -1.7576820761132694 -1.6802058515408982 -1.6093896704700743 -1.5481550494662226 -1.4991735336575234 -1.4646740453621101 -1.4462735613739905 -1.4448478227720427 -1.4604546416473161 -1.4923164465580721 -1.5388618453942771 -1.5978192175813124 -1.6663497385993287 -1.7412036959169708 -1.8188830753123062 -1.8957953664951162 -1.9683880936424805 -2.0332600379610839 -2.0872524739577556 -2.1275307755425721 -2.151672194047201 -2.1577782908605276 -2.1446294717503309 -2.1118937120027743 -2.0603917244294698 -1.9924068920291735 -1.9120112749414995 -1.8253606068809547 -1.7408938291672804 -1.6693594367323028 -1.6235852775830462 -1.6179141424105605 -1.6672477903264786 -1.7856791265078953 -1.9847462083315701 -2.2714098406138334 -2.6459323831179202 -3.0999089024206263 -3.6147595651445235 -4.1610190091217287
-1.9571223510499749 -1.880089248455004 -1.803831179674674 -1.7310166817953325 -1.6644400632339345 -1.6068490478265804 -1.5607600396219166 -1.5282778075185126 -1.5109369423783523 -1.5095807161249422 -1.5242890928852457 -1.5543620931500612 -1.5983582843033641 -1.6541818386156235 -1.7192063603034713 -1.7904203895774202 -1.8645787071280382 -1.9383454630796244 -2.0084194927993573 -2.0716383161475624 -2.1250642929525227 -2.1660630795751379 -2.1923896971905203 -2.2023000596924023 -2.1947048002022371 -2.1693770771269332 -2.1272165439433763 -2.0705581472776076 -2.0034977843721702 -1.9321886820998153 -1.8650449473209614 -1.8127750644546952 -1.7881617107388792 -1.805508888158688 -1.8796965075509471 -2.024818640118085 -2.2524351538904259 -2.5695349470411579 -2.97638636263894 -3.4645265141261481 -4.0152025207824797 -4.5986083012574035
