_RESULTS/REVERSE_NEW/Berg/TZ/7comp/Berg_TZ_z_1000_kriged_reverse_7comp_test2.asc
ncols 100
nrows 90
xllcorner 5.6208707817415728
yllcorner 50.959635321741573
cellsize 0.00013419651685393446
nodata_value 1.7014100000000001E+038
[rows 57 to 75 of 90, columns 0 to 41 of 100]
0.4434440211469656 0.44433710625976 0.428237538061516 0.3975377757835601 0.3566865425229508 0.31092287693875253 0.26503671783191307 0.22257470589917183 0.18560977585859603 0.1549383917554338 0.13047454442177042 0.11165092451329318 0.09772995043641605 0.08800495484086926 0.08191321202831084 0.07909457262628884 0.0794266414615519 0.08306046873922879 0.09047474700928984 0.10256239130315661 0.12075904571737016 0.14721351183141856 0.18497661879597324 0.23813568273285263 0.3117381721469245 0.411247491426437 0.5412353013309653 0.7031996306400566 0.8929605983711566 1.0989075642671662 1.302809472755696 1.4840876826672633 1.626353237037043 1.7231172203478295 1.7797580181171846 1.8111636981713155 1.836957424636193 1.8769041020141732 1.9479317214495941 2.062543601289845 2.2274428928889414 2.4412957101488426
0.3189404403117155 0.31741909129534257 0.30557962658722165 0.28489318418263654 0.25796029332663784 0.2278410064326791 0.19739261484038487 0.1688229236914345 0.14352836669729907 0.12216329309189232 0.10483267041674307 0.09131025350116116 0.08122374393917656 0.07418716870634334 0.06988524021523909 0.06812486489850687 0.06887053177357451 0.07227809913916479 0.07873847260379196 0.08893966908109899 0.10395173798679247 0.1253309209484981 0.15522206958876833 0.19640542440084505 0.2521833101130483 0.32594944627696754 0.42028037479921515 0.5355273088577974 0.6682404438937241 0.8102305733366331 0.9492797052368955 1.0719745646677383 1.1678711610534485 1.233083420478717 1.2715103575188058 1.2933385922491996 1.3119993821976061 1.3412228973057283 1.393136034385129 1.4773020931951049 1.5999464131703822 1.7625888938034142
0.2386489751096334 0.23654285778347003 0.2280308603148777 0.21396841637391506 0.19585666879131117 0.17549717155745173 0.15463654555561274 0.13470547085053533 0.11669681715438572 0.10116932750775778 0.0883311815711634 0.0781544290802137 0.07048512736858029 0.06513192726775056 0.06192999403982968 0.060785338822127846 0.0617078553122118 0.06484146402414886 0.0704983059116158 0.07920163693835021 0.09173856283522093 0.10921725992144651 0.13311092951440198 0.1652497102178024 0.20769345300741993 0.2623955091856984 0.33058324181806037 0.41188346281966987 0.5034354419365714 0.5994838316720841 0.6920067146757249 0.7725723256532222 0.8348878305111764 0.876909540768076 0.9015025444696879 0.9154730043149768 0.9276826094127579 0.9472229683802056 0.9822262802951494 1.0392696650789794 1.1229257441934841 1.2349684481268852
0.18683536872028017 0.1849073421212662 0.17888428528466607 0.1692304054465982 0.15679601288366082 0.14264628454607797 0.12787202211308224 0.11343406701740857 0.1000705069294045 0.08826992708137896 0.07829577618531351 0.07023995984198925 0.06408573110662057 0.05976642519656297 0.057213833940278506 0.05639582089826254 0.05734624848124085 0.06019144122573453 0.06517682438336875 0.07269569257211748 0.0833193021188238 0.09782267536502011 0.11719212217790952 0.14258784144181705 0.1752208241120555 0.21609754435255568 0.26560801984745724 0.3230052844706719 0.3859482773646611 0.4503984010163632 0.5111504356158326 0.5630378427919873 0.602447821267627 0.6284951469032278 0.6433169017755974 0.6514297969778652 0.6585730598273057 0.6705959747710143 0.6927203325181557 0.7291586210397571 0.7828356371669367 0.8549303243649515
0.15334611888301555 0.1519121098073155 0.147782691571573 0.1411752563228909 0.13254623921628927 0.12251400125674053 0.11176306491455064 0.100953168101696 0.09065055360430495 0.08128977960182192 0.07316575949681808 0.06644971335446238 0.06121986750556705 0.057497889215321 0.05528443304712058 0.05459054777267394 0.0554646023850951 0.05801585098547129 0.062435704788089866 0.06901673774176074 0.07816763238015419 0.09041911479688178 0.1064106795498111 0.1268409339939629 0.15235872901947997 0.1833749326992736 0.21979631835028304 0.2607316961392247 0.3042877551528778 0.34761853923855485 0.3873550131171403 0.4203844187691262 0.4447332500789371 0.4601864412395852 0.4683736449894904 0.4723266420484083 0.4757626450939352 0.48240704501769527 0.4955366514049765 0.5177317258456602 0.5506974671935281 0.5950003763931698
0.13181997313934277 0.13103679870765012 0.12844487373747096 0.12410221233260567 0.11821510234809812 0.11111302838503123 0.10320876088839921 0.09495118239293754 0.0867787314071388 0.07908072203341684 0.07217214657095199 0.06628466574749925 0.06157284269410483 0.05813162526775111 0.05601989982779665 0.055285751919159645 0.05599073865201825 0.05823167405007916 0.06215871365724598 0.06798822972450123 0.07600822825376691 0.08657241418421724 0.10007611958374274 0.11690403226715308 0.1373387585202514 0.1614253766771944 0.18880528591052875 0.21856361322124185 0.24916763693115485 0.27858354450359213 0.3046158135993645 0.32541340675091446 0.3399769384613825 0.3484622850284174 0.352156450207626 0.35315806028191304 0.35392090166396994 0.3568364350937386 0.363951034143584 0.3768074968964089 0.39633308923031185 0.4226918908013036
0.11831765303970244 0.11831268323825968 0.11710407248110709 0.11464250306391155 0.11096325104280721 0.10619033451475732 0.10053254738893094 0.09426976984619079 0.08772927278315697 0.08125469862071225 0.07517364724035583 0.06977118340309411 0.06527493758220027 0.06185369265659296 0.05962764537331931 0.05868649792870411 0.059111097093966725 0.06099456931885402 0.06445930912886604 0.06966675941038852 0.07681739131501669 0.0861380262877007 0.09785252668249096 0.11213102003050322 0.12901453256489703 0.14831900053603742 0.1695366894935368 0.1917714247598726 0.2137569408714565 0.23399967800537677 0.25104749851798974 0.26382294335494677 0.27190831667415566 0.27567093749557176 0.27618131893702613 0.27496826656226653 0.2737148010195885 0.273995197871748 0.2771012573348401 0.2839462194431834 0.29500052762862405 0.3102152113804727
0.11040143208140756 0.11133218335865756 0.1115241660591439 0.11085326497339888 0.10922713836792972 0.10660476800126517 0.10301701595458164 0.09858188124200076 0.093507196877309 0.08807625839609852 0.08261783194490198 0.07746822488652035 0.07293610805751805 0.06927913388912314 0.06669659982514514 0.06533715718759454 0.0653166813333035 0.06673950938415614 0.06971633579409363 0.07437360696565552 0.08085111374494855 0.08928558568668224 0.09977846930518497 0.1123470106837901 0.12686113960169826 0.14297584724106427 0.160079140827104 0.17728497399145005 0.19350070641902462 0.20758151991430154 0.21854953201617516 0.22581714203212627 0.22933673987080944 0.22961982946125287 0.22762105607383523 0.22453637515538377 0.2215884196726387 0.21985717876644545 0.2201767977861036 0.2230845495760846 0.22879181567057955 0.2371517630721376
0.10655319472553189 0.10863706478343527 0.11040280353980557 0.11167628720920791 0.11226326496980585 0.1119733990716207 0.11065673946956403 0.10824593600640955 0.10479185827734824 0.10047880732255089 0.09561074340865286 0.09057054983168879 0.0857649700823236 0.08157275056008939 0.07831055576225189 0.07622272303749845 0.07549147597663922 0.0762579290609418 0.07864284445635328 0.08275851776177875 0.08870670453319777 0.0965602409095943 0.10632802830864364 0.11790583183219708 0.13102038673444547 0.14518173765697787 0.15966611061995847 0.1735535931605561 0.1858352002478142 0.19558033658522064 0.20212548190934168 0.20522457819667897 0.20510710584457945 0.2024231545368124 0.1980989603487373 0.19315651852541266 0.1885524095294579 0.1850685270142256 0.1832579640848798 0.1834285739142153 0.18564093432063863 0.18970445808801162
0.10581365596000998 0.10934401098433268 0.11300912824333889 0.11661212246385827 0.11987858116193076 0.12247278818344573 0.12403962135732573 0.12427084931968954 0.12298268032333859 0.12018060792938576 0.11608577150326459 0.11110880873342588 0.10577838234552855 0.10065048761770147 0.09623016555446076 0.09292707165906917 0.09104815506779851 0.09081559406375628 0.09239247037922854 0.09590120348776902 0.10142543489031192 0.10899123353838712 0.11852795710824766 0.12981455948242893 0.14242480451266157 0.1556934819529098 0.16873064967407628 0.18050528911244743 0.1899991015396105 0.19639973504931946 0.19927570645482223 0.19867136386567014 0.19508711679662277 0.18935543926581758 0.18246138519680152 0.17536766229948522 0.168887687064192 0.16362047606687619 0.1599361723125175 0.15798957378190684 0.15774063273401395 0.15897009761041506
0.10755543605149506 0.11290829468521396 0.11895236056919933 0.1255083823993018 0.13225342966564263 0.13871187872321772 0.1442850405634949 0.14833248514432246 0.15030049587346203 0.14986670458692083 0.14704931800800736 0.1422325537740961 0.13609266522901617 0.1294544251996424 0.12313681439569092 0.11784127444615844 0.11410466674101281 0.11230619082777034 0.11270069581755171 0.11545104462813069 0.1206407315067125 0.12825750015504092 0.1381476365867066 0.14995077316748456 0.16303762633845534 0.17648508862726414 0.1891261040250371 0.1996956870728023 0.2070568115003864 0.2104447030721214 0.20964303613935087 0.20502309503941502 0.19743286199884677 0.1879850199342574 0.1778248908728019 0.16794856563468755 0.15910358047324258 0.15176603512192952 0.14616652956493362 0.14233475661404027 0.140141614531468 0.13932991851819546
0.11133299699860537 0.11896195926373565 0.12801408291059038 0.1383933086052647 0.14978639362105284 0.16160284746642795 0.17296078980076202 0.18275932766932187 0.18986021788331772 0.193353805196416 0.19282467582092921 0.1885036574796091 0.18123030380576224 0.17224140329182888 0.16288469324266105 0.15437512073804666 0.14766224560421898 0.14340879644796786 0.14203662788348428 0.14378793603033307 0.14876241866113496 0.15690934909750523 0.1679712376353206 0.18139462003588355 0.1962455222433561 0.2111869453712841 0.2245777843868134 0.23471934366362052 0.2402067003117353 0.2402698221332006 0.23496577357914156 0.22513824364013835 0.21216684805789443 0.19761812418428717 0.1829301658997412 0.16921567911856406 0.1571978698146053 0.14724318545183107 0.1394396582181055 0.13367991903791676 0.129727154237554 0.12725889662432222
0.11677533465313647 0.1271883975692819 0.14000200347912745 0.15530599642165055 0.17290096325194912 0.19215104506336714 0.21187352753669403 0.23035065943134703 0.24554689449060862 0.2555451480906737 0.25908679981049654 0.2559907208699833 0.24724181401842824 0.234702621604729 0.22060138012991126 0.2070370839859872 0.19567403362189545 0.1876593758936681 0.18369266850014862 0.18414558331658043 0.1891502524219739 0.19861115176211347 0.21213025244969275 0.22886976370833273 0.24741650918742572 0.26574870687912416 0.2814099683031512 0.29193149140211455 0.29541283666137946 0.2910435828745715 0.2793267613313496 0.26189450496736494 0.24100974943235726 0.21898402688735305 0.19773070143787433 0.17855478943994116 0.16215463457665324 0.14874594321386017 0.1382193710973449 0.13027647273145648 0.12452401868392636 0.12052928598775783
0.12350391854399202 0.13721423673023153 0.15460291645821875 0.17609278193792086 0.20176532717481915 0.2310816192534232 0.2625974292191126 0.29382111070802946 0.3214086488618374 0.341813359332613 0.3522710894878051 0.35172428103454095 0.3412130671183489 0.32352240024166995 0.3022988874491921 0.281102214355027 0.2627758294482527 0.24924946931214578 0.2416555031144455 0.24056114166171919 0.24615412318305785 0.25829215968965946 0.2763926728770506 0.29920066985218496 0.3245446497212271 0.3492629352493928 0.3694974646455485 0.3814329152014932 0.3823046356940711 0.37125524833656914 0.3496038021914109 0.3203766654507522 0.28734691441948523 0.254044204561399 0.22310727372418676 0.19608761663874996 0.17358985755193096 0.15555856742990778 0.14156253855511494 0.13100571795808813 0.123254570277137 0.11770085345731958
0.1310711149857665 0.14851618809870804 0.17123441710077208 0.2001669367717078 0.23590873660558365 0.27825126979867015 0.32562274674185165 0.37464978391875553 0.42021180276273434 0.456316980216071 0.4777476144813346 0.48184325439344877 0.46949143016497474 0.4447661291206711 0.4134719619269014 0.38143639926538486 0.3533260850411891 0.33225677060677095 0.31999887347934963 0.3174085515276974 0.32478022044753246 0.34195560483643256 0.3681426402360993 0.4015006266010997 0.43867743447371427 0.4746309213062694 0.503114413610923 0.5179883314072072 0.5150198979636675 0.49335391083891394 0.4558357596242262 0.4079749267074788 0.3561194675627392 0.3057567673427455 0.2605759053146552 0.2223689385722598 0.19145889192162463 0.16727700334110604 0.1488480272728069 0.1351039071323826 0.12504460406924692 0.11779771441492118
0.1389242296957279 0.16035651477973284 0.18892181287240145 0.22627398164080365 0.2737906883043596 0.33190256014904956 0.3991539646040609 0.47129134486611646 0.5409948303168941 0.5989360306971604 0.6363023766806944 0.6478789026639876 0.6340518655138566 0.6005559921411059 0.5562140943259768 0.510082841483104 0.46941918056049353 0.43900434808861466 0.42150174869965745 0.4182021567789564 0.42963007486389143 0.455730860380249 0.4955512938760153 0.5464885772549575 0.6034112750526491 0.6582490633486753 0.7007791303430423 0.7209479177791185 0.7120965504596167 0.6735229960994392 0.6108481524584697 0.5338926040961866 0.4532829769147544 0.3775558825015512 0.31183298287357986 0.2580118874639678 0.2157542925424746 0.18356111102603964 0.15956316160882192 0.14196480462362399 0.12922695108421356 0.12010079404823872
0.1464060715376248 0.1717728719714919 0.20625305320892887 0.2523607744134323 0.31248999473542205 0.3880208403282516 0.47792539042260523 0.5772187477381584 0.6761606514205454 0.7613858651211445 0.8194550669989092 0.841643617674828 0.8273960561103336 0.7843524397636201 0.7250942422919888 0.6627764039041496 0.6079570122065279 0.5675499403223877 0.5454049902808442 0.5434847495613352 0.5628070833416825 0.6037108254545125 0.6652844725426064 0.7440358299471538 0.8322752814905515 0.9172548352961982 0.9824134293392061 1.0113986352655657 0.9937185267429403 0.9291320295662341 0.8280096294890682 0.707275589905671 0.5843357741209028 0.4722588087058512 0.3779835474528306 0.3031615667239547 0.24614990019103003 0.20388759577386695 0.17312054431340618 0.15098998330121324 0.135205387850982 0.12401242256804966
0.15280154246866343 0.18164871227081145 0.2214732793812347 0.27567973807923485 0.347772039555826 0.44026284717138414 0.5528177713635493 0.6799953181234253 0.8097747415109475 0.9246183078722452 1.0060364642289408 1.0412608915625277 1.0284175452469633 0.9769993841886288 0.9035847658275271 0.8257943280521873 0.7578432586259951 0.7090838409765732 0.6848523523031158 0.6881457998239846 0.7209404945146088 0.7845017961552082 0.8783955123064935 0.998237222474313 1.1328776654740669 1.2627707627564235 1.3618988894208768 1.404462084662867 1.374323685068723 1.272197816288876 1.1159027564091284 0.9331960035932061 0.7515046014076542 0.5902194595452253 0.45839561538177365 0.3568121959976483 0.28160037633474533 0.22731050984646906 0.18870480053726826 0.16147857867074922 0.14236322267007243 0.1289703352216606
0.15742894380210135 0.18887137597253875 0.23275016654460984 0.29321797577007586 0.3747506415077017 0.48091804870587834 0.6121557857958986 0.7628823532950387 0.9193768855195015 1.0606690349761645 1.163889403632697 1.2125764758192148 1.203442763173985 1.147368007266037 1.0643082950743155 0.9758119908131055 0.8994461542666015 0.8469777488789699 0.825470621858005 0.8394263824398442 0.8924396963992378 0.9874730841857715 1.125248044995362 1.3006666661297897 1.4982428051384449 1.6893228007354981 1.834987933861525 1.896565709474229 1.8503850213819946 1.6987538422762076 1.469949455957438 1.2066613924981038 0.9498317194250258 0.7269770891971814 0.5493867369816033 0.4161151236149125 0.3199897128092774 0.25228263545943974 0.20517576099767496 0.1725660788403654 0.15001530400860988 0.134402297591944
