_RESULTS/REVERSE_NEW/Berg/TZ/7comp/Berg_TZ_z_180_kriged_reverse_7comp_test2.asc
ncols 100
nrows 90
xllcorner 5.6208707817415728
yllcorner 50.959635321741573
cellsize 0.00013419651685393446
nodata_value 1.7014100000000001E+038
[rows 38 to 56 of 90, columns 44 to 87 of 100]
54.488199851447696 54.94846009477302 55.3373075670291 55.73368310664838 56.14813636791608 56.56661075716006 56.96089192725216 57.290525597793994 57.50488404309896 57.54940666225327 57.378742793342056 56.973608076370056 56.34859888568429 55.53837526324929 54.59442554120676 53.59079982711247 52.470683970135944 51.00151830268162 48.97015266023577 46.35763257206727 43.63036461707928 41.88447788581497 42.36347645553359 45.643753778579146 50.99761846803743 56.48243581963762 60.41751770739463 62.564893094304175 63.49665234694164 63.71465349527813 63.458342739818264 62.81490030265129 61.83650354647926 60.57536496941316 59.05102413514941 57.2504370429748 55.145510505973036 52.59464780010546 49.016925502253116 43.310697191065856 35.63362160926854 28.782376669590075 25.005270662029005 24.398202831040145
55.8763560576922 56.176533907867345 56.417380153105825 56.63441356325999 56.83218970724388 57.01120145513362 57.1751754007408 57.323373620400574 57.43202403900458 57.44383272127933 57.28705916910158 56.91754388183659 56.34822370802238 55.64356989001526 54.9047851937125 54.24374866145625 53.70356923857054 53.27381401132325 52.95037244771612 52.68275364012347 52.34120238377385 51.969625989873535 52.11795636038369 53.49077989710802 56.11957756000731 59.15952435336273 61.64449538429595 63.216429995683946 64.01331460965712 64.2493087062513 64.03720988746626 63.413274217013615 62.43089046308478 61.17796192655117 59.68495449248428 57.91883325443824 55.85370413645526 53.41598107771042 50.16998135893898 45.00235344665371 37.52737175592063 30.283410718892522 25.99102874520539 24.9971146759938
57.085959442812204 57.25763671496208 57.350198458299104 57.37962529807178 57.353611982124605 57.300328916254095 57.273951566226486 57.320190228536546 57.41555202922558 57.44694708337123 57.277634820870624 56.84219975871871 56.17830020912658 55.38995231913436 54.601742106416616 53.92528937546428 53.43396341282885 53.18690091729028 53.26434344453729 53.728721775422585 54.506462597931524 55.38544936663228 56.27069934693798 57.346786344604396 58.821321840850494 60.57649386119132 62.228149934739186 63.47259898730725 64.2295054824667 64.52933166102885 64.38987567367425 63.800282902444 62.81982617657885 61.592390403838536 60.16815353238739 58.47948424540104 56.485123947046475 54.16272201166269 51.23400205653442 46.74615663823294 39.92701280026932 32.67864256757931 27.958005605164754 26.524976409800168
58.12114718172982 58.187696381289925 58.14959842007058 58.01362543296317 57.79641395275617 57.562063516306125 57.419161117210734 57.43978517400825 57.55280326638589 57.55555604684653 57.270261857080804 56.66492744353544 55.827689134429804 54.88705151574764 53.96767986578146 53.175691258492265 52.59382016243609 52.29449566381662 52.36188877066643 52.87579754216617 53.82510710908062 55.06165215390655 56.4141861275595 57.81040425730153 59.25980653029258 60.7495219491801 62.163173476534695 63.33224051097193 64.1414606264488 64.5442938190571 64.5031158520831 63.968831777969285 63.004107806937796 61.81617267643803 60.48627437908769 58.90939017542849 57.01784741041298 54.82230373557374 52.17953603128572 48.386286651156354 42.560309210690995 35.821099974912876 30.932051416719393 29.08171357107761
58.97788815974495 58.966443962753324 58.83194058856864 58.579008589029435 58.23560744924684 57.897596239125704 57.708678104443976 57.72947070483892 57.813476963633846 57.696358902569415 57.224137889869034 56.42524526763003 55.413418591922756 54.31040624216777 53.23172825387934 52.285953734557324 51.56884934616098 51.16292378970232 51.14720758104174 51.592056885134916 52.50533893133201 53.78764946327731 55.29363826894149 56.910870267477755 58.55482820656537 60.15009582898053 61.61630891958787 62.854640685499795 63.770651072981344 64.29856135335598 64.37666960042426 63.932504413289294 63.021015672713965 61.889621483054945 60.657267603689 59.20289489347943 57.436064149933955 55.38358754079836 52.99885539046494 49.82714884441179 45.11042272273018 39.3371490636738 34.68362432120729 32.556822050458585
59.65202005912651 59.59290555774681 59.404394084963165 59.094591050173975 58.70021763151829 58.33153526059461 58.13457210512516 58.13210084434538 58.121244839090814 57.83714641173717 57.181969578253835 56.21787769945064 55.04914101677764 53.78076912059283 52.525850392757235 51.40469774528065 50.53131750304285 50.00150408692192 49.89223651276148 50.26169718341951 51.120915812424094 52.39516171440629 53.95334477725523 55.67545671531581 57.45652488624937 59.18860730679691 60.77197545702143 62.11969460785094 63.15337706886394 63.80761514600676 64.01691834953955 63.70507717715015 62.90753341312517 61.860770805044176 60.71246936958771 59.366512825324534 57.73129892632055 55.83699681953325 53.69344113904218 51.04087389688701 47.34716990569103 42.75744554123887 38.733916726333504 36.57596343374809
60.14016677872037 60.06348515593849 59.861642856868336 59.54990219121162 59.167666173559496 58.81823193419723 58.62353101723264 58.569667684639626 58.4413917680029 58.011667008832205 57.223397393609574 56.137304924653094 54.83641674194579 53.414973725477964 51.99084634689013 50.6993647640286 49.672983879188415 49.02100613727029 48.82080209377602 49.11933000545899 49.92335665655296 51.170826127391145 52.73657197300226 54.490455673993964 56.32245130677844 58.12270371489935 59.78259175407521 61.21153040488263 62.33698838328288 63.097704704619936 63.43406870849159 63.281740847622125 62.6543948125357 61.73047156686312 60.66002451583009 59.404452087077416 57.90019614915008 56.17612175426202 54.266487197121585 52.041258446627104 49.18377224653048 45.724021511076565 42.537962581378295 40.59765572734642
60.439908251027894 60.37386680368311 60.192152571021715 59.919232754042554 59.591815055846666 59.29185715074864 59.10757223785179 59.00625372287725 58.793723419034016 58.28303735241139 57.4294112307141 56.27590681359585 54.887635178639286 53.35391236843303 51.79845708184349 50.36898676004151 49.21262125819004 48.45000668444321 48.16030188797608 48.38159846990114 49.113452665370176 50.30113456381261 51.825578333980914 53.54538596008365 55.343701333992826 57.12003899331558 58.77400847425647 60.2169008903074 61.380379599273695 62.20827376934096 62.64812368296576 62.650591894537264 62.214194004254296 61.44659449356564 60.47241499867927 59.31042269269442 57.94239595100079 56.399382467332146 54.72162537249009 52.85561078535621 50.64168399697713 48.10139914837439 45.731791809367564 44.1520642909452
60.54960181876813 60.52187443714534 60.38732316587204 60.18114980183804 59.93607489635709 59.709317129597885 59.55853273918127 59.44882648968384 59.219185979676844 58.70943082342575 57.86828380280675 56.71870064138291 55.31248465123985 53.73451112208137 52.110106781208174 50.59310702421722 49.339573578490686 48.47860141586769 48.09246191068672 48.21406931612201 48.83644791618431 49.911245148135244 51.3318256734157 52.95070024595619 54.637889261012354 56.29986125233227 57.854373160069414 59.22530914939409 60.35421870096048 61.19394159636552 61.6977705216986 61.824002132311264 61.561451634024586 60.963835799621435 60.11903973750261 59.077802990385145 57.86264535026372 56.51163282763999 55.064718765426775 53.5102553341015 51.78588027228284 49.92967086402459 48.22304019053881 47.01988429993118
60.46698664798179 60.50772446011482 60.44565807531704 60.32794203800806 60.18636274697388 60.058117460725235 59.97789241024052 59.916856130440685 59.746817844383905 59.32274616061372 58.57824431822068 57.51686953775469 56.17840137777622 54.63983976272806 53.02117333396453 51.47450362498408 50.158485648491194 49.20776748103276 48.709271783343645 48.69534218396039 49.15552658969687 50.04904428575491 51.29170549376567 52.744545301142644 54.26056539095312 55.73839090712658 57.111156672024364 58.323339104713156 59.336425215345876 60.12186054273408 60.64107012024367 60.850899641574244 60.72888775892452 60.2952406106805 59.6058134442495 58.71758287510887 57.675817136863515 56.52548620778215 55.30582817691094 54.02761192809009 52.68218666559282 51.31834090269245 50.099413435497276 49.215006260579294
60.18692908037906 60.33034470748974 60.36935833412673 60.361908708948086 60.34387769975199 60.34079405071814 60.37174147211301 60.415714483371794 60.37421090638414 60.112790249309676 59.54637534341363 58.65794662953622 57.47390807508804 56.05895982323692 54.52059551717004 53.001259607182305 51.655729023808576 50.621097917143295 49.99023501032013 49.79977556832868 50.04009068442343 50.67890184394952 51.66298632705555 52.88576521874743 54.193107915142825 55.454203985677154 56.59547738160432 57.57986354019191 58.40041676346447 59.06328124279228 59.54734746457165 59.803315847426795 59.79095046531001 59.50611423124016 58.98087107703064 58.26493425659315 57.40928590356521 56.46135953778253 55.45993263530995 54.427864004890516 53.38306815521266 52.37508956841362 51.50152884259593 50.86060696216176
59.70148612710279 59.98171758415667 60.15564761631788 60.28439442179669 60.41073849270116 60.55702335680513 60.733047055974865 60.92435358955917 61.05989780962587 61.01852765259245 60.696297752749395 60.051386345109925 59.09380684271236 57.87288058327107 56.47838370524476 55.03644226936054 53.691762189310765 52.58021141423919 51.80098201170337 51.39944043069112 51.37180949156009 51.69395203931389 52.343704831222404 53.26888445052009 54.339763254284755 55.38886215446094 56.297026794209856 57.02330511869798 57.59906480728457 58.08454848188429 58.49048865257978 58.76226022100906 58.8355776736147 58.682020091552204 58.31439627195747 57.77122949540292 57.09977063809865 56.34543144527127 55.54607482462054 54.730723089080726 53.92821833803356 53.18254230145888 52.553377923361644 52.0909310068311
59.00865515271687 59.44537719023085 59.78756449452322 60.08298960264917 60.37638409881026 60.69169923103873 61.03454475430933 61.39461780728458 61.72625268578391 61.9305511174798 61.89109542537474 61.535298582862296 60.850739490178874 59.86995510746264 58.663406801526875 57.33704471291724 56.02050681794538 54.84440974236572 53.91337371617935 53.28494366658133 52.96699335334699 52.94374201643952 53.21380161027022 53.78010986366376 54.57301930000051 55.418870738880344 56.13073073804702 56.62383548203047 56.95480329250825 57.246061159099206 57.55121002110476 57.816139418410216 57.95275507968996 57.90831358113747 57.67859900763912 57.291180134406126 56.7865479869587 56.205856763014154 55.58525117266747 54.95585184793326 54.34870086925487 53.79969661724072 53.34593338892264 53.01308077294249
58.13519727339271 58.709954900409635 59.233882210597585 59.72202260185989 60.20545516633409 60.70564745111836 61.2255048372382 61.755351922496594 62.269990265809994 62.70405796989257 62.94738434885434 62.89614809465049 62.503891262833434 61.78252851475956 60.78514806568669 59.59809791299611 58.33362110934891 57.113603786110666 56.04613188766265 55.202919747915594 54.60970799766955 54.26293571545594 54.16950028197437 54.36142832060342 54.8310926894022 55.44696076636823 55.99047419085418 56.316902800844474 56.47010197054373 56.60714822583811 56.81779729593144 57.05809340271281 57.22860899525596 57.26000091002004 57.1349766731203 56.871857394005346 56.50426785636326 56.06843379604135 55.597716854484034 55.12210948356447 54.67009824041106 54.269278893620964 53.94292854767517 53.70427676336791
57.165890494707675 57.80508125063408 58.474772557634594 59.15132459284245 59.83399184672431 60.52735559845131 61.22533144296213 61.912236857563215 62.57230517414579 63.17745612039782 63.65332943007594 63.88530663227636 63.78253103463477 63.32204676787487 62.538909520419715 61.504517258520806 60.31536494498021 59.082775090037345 57.91585232904822 56.90054408819646 56.08517911570282 55.485307022384156 55.111715001683535 54.99427091426924 55.14994247782787 55.50276961419344 55.86961086249794 56.08784663980344 56.1600403223132 56.21989778202388 56.36247929019608 56.56107757089899 56.726418333571516 56.78852841859585 56.72420643227165 56.54481894118943 56.277476645609696 55.95295932376232 55.60045153353852 55.24627887372303 54.91399967905869 54.623736816028526 54.390056036057125 54.219763971311465
56.25005899257349 56.84048436151495 57.55727549002858 58.3558443140196 59.20089817685836 60.06652812380633 60.925346689755166 61.74513819195462 62.50267708119139 63.193047211957065 63.79736693576883 64.23579638318519 64.3905671697988 64.18605913641542 63.624497085347706 62.762141632100644 61.682350228817576 60.48545296759635 59.27927917778166 58.1620135198326 57.205279357517334 56.448577023215485 55.910652951689435 55.606798568947845 55.542046443651685 55.66922235808449 55.86708892931269 56.007518323273416 56.0617250277464 56.10340658036789 56.20015617767671 56.340348147972506 56.461202192448646 56.5077874018851 56.45908103807239 56.322136601985484 56.11788964139198 55.87106440974738 55.60538662126938 55.34191214752101 55.09842931322038 54.888738438994814 54.72165672297685 54.60045133276172
55.55680762598792 55.99727463413912 56.634039269962166 57.42934250706453 58.331897987433365 59.28855459518155 60.245051208149 61.14510452963544 61.94395916158626 62.633526071222214 63.23634110980804 63.7414541479125 64.05983301201513 64.08152966052803 63.75876710372982 63.113205236172156 62.20434603440484 61.11744795473479 59.95698281890962 58.83006026442992 57.82787293387953 57.01312974332973 56.417908301415224 56.04985855570621 55.89503750162521 55.90842496265528 56.00857496575764 56.10810014624198 56.16814345616926 56.21098851639002 56.26987598334945 56.342055353015866 56.39392594207202 56.392716855782574 56.325312144320236 56.197347314381815 56.024604884383436 55.825799818231495 55.61873434062098 55.41871279683718 55.237902375409206 55.0849213374977 54.964555335282526 54.877862250044004
55.19471032668082 55.44548051800804 55.91223396883748 56.57902943881541 57.400798930768495 58.31514635486496 59.250609242712216 60.13177242129586 60.892867903115025 61.50709074863705 62.00388353722385 62.42599180968777 62.755337265877884 62.91125119056964 62.81680195621235 62.433667155027585 61.767542836016275 60.87663705524541 59.85875050495435 58.8246881919823 57.87755594085484 57.09715139223318 56.53003164495834 56.187372506789416 56.048090735543475 56.06326471696538 56.164030380730445 56.280829778952565 56.370259218519145 56.4255974511312 56.45782626378949 56.47005258045963 56.45229359233742 56.39318482050116 56.29015306616648 56.1504036965879 55.98666451496681 55.81284250459715 55.6414646924942 55.48260147437124 55.34354144785135 55.22875938129409 55.14005061495867 55.076882040806794
55.15629929170293 55.24513815095683 55.52648621188756 56.00304582570088 56.64491414219339 57.39601921066119 58.18341792948205 58.92665390898111 59.5523009365048 60.02022215599738 60.34769255654949 60.59429088178737 60.80580931685652 60.97416247579444 61.03442200725048 60.888814783073265 60.476335578262095 59.82390111769418 59.018416408398 58.16416949889908 57.36299061432643 56.70027597965799 56.23197991544454 55.97735361009711 55.91903350600917 56.00938599027214 56.182255955501205 56.36995711611266 56.521880615768595 56.614775462758395 56.6474787764965 56.627078472761816 56.56014446030224 56.452845897366785 56.31378582788958 56.15440530023291 55.98706668160847 55.822918898719834 55.67068820127036 55.536370559165945 55.42341933297477 55.33311438839931 55.26498022227354 55.217234526084845
