_RESULTS/REVERSE_NEW/Berg/TZ/7comp/Berg_TZ_z_0_kriged_reverse_7comp.asc
ncols 100
nrows 90
xllcorner 5.6208707817415728
yllcorner 50.959635321741573
cellsize 0.00013419651685393446
nodata_value 1.7014100000000001E+038
[rows 57 to 75 of 90, columns 0 to 41 of 100]
0.3102575588520787 0.3085873857625251 0.302499086916956 0.2924009119555592 0.2790512093641881 0.2634362931112166 0.24662458497296272 0.2296313965670696 0.21332083328648105 0.19835549638639272 0.18518899658850502 0.1740869779324926 0.16516050294420018 0.15839870112993815 0.1536923540704428 0.1508447078301322 0.14956992394692814 0.1494836855342963 0.1500949010955674 0.15081144429781662 0.15097402714918906 0.14992714342493274 0.14712245969768645 0.1422310662820749 0.1352262647281189 0.12639996082026117 0.11629786502265198 0.10559204831192387 0.09493471749247018 0.08483969358893019 0.07561929074353352 0.06737877878906345 0.060053371029791434 0.053468734473533015 0.04741039007178069 0.04169171773267975 0.03620967898313521 0.030974015958445022 0.02609772816766144 0.021750366905340816 0.018095743582565358 0.01524604592474983
0.27725622458638893 0.2751954498719573 0.26969670726115313 0.26106185563002043 0.2498555057184069 0.2368200676972381 0.22277353801410282 0.20851267457147737 0.19473889681658202 0.18201473784558864 0.17074924425550417 0.16120453581389285 0.15351358182645927 0.14770010962067043 0.14369397380147086 0.14133832154563203 0.1403882253351008 0.14050422430525908 0.14124829242514164 0.1420931228572543 0.14245606167866998 0.141763812803604 0.1395421146214491 0.13550929151531246 0.12964209910173644 0.12218540033104054 0.11359603142383 0.10443720019914114 0.09525833682620062 0.08649646877704743 0.07842071813442654 0.07112244720159684 0.06454083484023525 0.05851085509723928 0.05282380624196288 0.04729285797712867 0.041813219413895826 0.03640055459998693 0.03119066889547359 0.026396201403021097 0.022238594817909327 0.01888936682094041
0.2507431367819676 0.24852605667233688 0.2436402991355703 0.23629327744777062 0.226889584061224 0.2159764003907598 0.20417514476506932 0.1921133208832052 0.18036783297662234 0.1694260426168301 0.15966555902496835 0.15134967469778368 0.14463306558720088 0.1395717571712693 0.1361320510891888 0.13419482269344088 0.13355420963879538 0.13391310814244953 0.1348816559952796 0.13598785817297418 0.1367096781411504 0.1365330996849507 0.13503038075753204 0.13194020294871334 0.12722350899947774 0.12107217484715393 0.1138631915565643 0.10607157187752761 0.098169639006304 0.09054147169144305 0.08343057693720687 0.07692448837949747 0.07097012414961329 0.06541131183697987 0.06004199421516278 0.05466963034674289 0.04917919903905773 0.04358056974217414 0.03801896950264678 0.03273882665387484 0.028014277051433056 0.024079634529155
0.23002393166221097 0.22780571802782124 0.22350826424950804 0.21726149468247777 0.20934426700836353 0.20015258572348849 0.19015638308533103 0.17985268020679074 0.16972213357003582 0.1601940234895529 0.15162230525438042 0.14427287550325946 0.13832004380916252 0.13384868027678384 0.13085796502390087 0.1292633270176691 0.12889508192113916 0.12949526518835217 0.13071761126346165 0.1321383386464536 0.13328552859503368 0.13369066209488775 0.13295713199543296 0.13083019449729713 0.1272465219412009 0.12234443276940904 0.11642841166430555 0.1098979183218639 0.1031621974054216 0.09656438578863523 0.09033065745523877 0.08454937142922825 0.07917738305406172 0.07406836131347538 0.0690191227036507 0.0638300868708481 0.05837132321650549 0.05263726980735263 0.046768291944610546 0.04102496216529094 0.03572236646774052 0.031154049558015418
0.2142406835388138 0.21212614053773823 0.2083798730653188 0.20307108532470738 0.1963823627599506 0.18859420602824378 0.18006006785799486 0.17117546001676562 0.16234500355848686 0.15395128000556008 0.14632888550943463 0.13974595162063513 0.1343936024212423 0.1303818498293738 0.12773902924790465 0.12641168088839957 0.1262630506612641 0.12707092297473616 0.12852862164552878 0.13025549905348835 0.13182341945922293 0.13280217273457626 0.132819417389853 0.13162218030594453 0.12912175791021913 0.12540612560937045 0.12071389065943165 0.1153768972418952 0.10974828410400438 0.10413487777763313 0.09874778414436852 0.09367712147071315 0.08889066978368926 0.08425395456775042 0.07956965846455491 0.07463370692764867 0.06930071786875064 0.06354320349323236 0.05748291279186576 0.05137746407801766 0.04556360812506929 0.040380636841225864
0.2025353738255607 0.2006009006601456 0.19737592065861456 0.19288330998291225 0.18723261560844515 0.18061590903441352 0.17329597305512204 0.16558751436111158 0.15783290524994698 0.15037507158352623 0.14353104717862467 0.1375696979097786 0.13269587200813363 0.1290411751543913 0.12665963716610254 0.12552565736253454 0.1255322645373058 0.12648977655584542 0.12812769101873633 0.1301048836777629 0.13203344531261257 0.13351854977000166 0.13421069431070398 0.13385963029405257 0.13235502959971707 0.129740579914686 0.1261959207447798 0.12199116812954623 0.11742678204601366 0.11277392740642077 0.10822741332188496 0.10387766250741365 0.09970337965448708 0.0955844421793503 0.09133428667971884 0.08675007034156719 0.08167455448514133 0.0760560969621483 0.069986903206973 0.06370189620606227 0.05753463343171084 0.05184651709268918
0.19412881870325818 0.19243695396700058 0.18971936200856507 0.18596409080429177 0.18122507842852306 0.17562564849150225 0.1693561559304152 0.1626645788649812 0.155839743288486 0.14918853371707763 0.1430102310768768 0.13757203810803237 0.13308927160018663 0.1297118419016809 0.12751645968650302 0.1265026140588229 0.1265904314380919 0.1276200407149467 0.12935437721504073 0.13148931978089903 0.1336753449386694 0.13555251771339452 0.13679575435813376 0.137161663225432 0.13652483239902732 0.13489261215358475 0.13239333804279965 0.1292409763446042 0.1256856716029688 0.12196213783808184 0.11824618666922516 0.11462585037997716 0.11108995921302334 0.10753507395792089 0.1037909815568554 0.09966368945816875 0.09499104795711094 0.08969971901775059 0.08384644787434935 0.07762697886549674 0.07134586506982556 0.065356452169114
0.18834829972107064 0.18695607490261767 0.18475003904665227 0.18169225784384047 0.17779373914616248 0.1731229061364542 0.16781004857068776 0.162045353336186 0.15606881085876836 0.15015209842116048 0.14457483768893042 0.13959929719424027 0.13544776071923706 0.1322853555846582 0.1302089616902864 0.12924107500904852 0.12932702362652423 0.1303348750941986 0.132059173343122 0.1342312659275418 0.13653926331920777 0.1386588165050366 0.14029207122836054 0.14120779593066243 0.14127304021746231 0.1404675536710623 0.13887662814403945 0.13666413574894412 0.13403266385701954 0.13117995419946396 0.12826015723105708 0.12535593584760849 0.12246483918889768 0.11950165707045216 0.1163175116931367 0.11273504612394952 0.1085958729832978 0.10381133521221392 0.09840278920510896 0.09251696549540653 0.08640833426923418 0.08039223749128233
0.18462862770254165 0.1835912467614648 0.18191703431193615 0.17954876140963263 0.17646356278544462 0.1726844456631446 0.16828961490981603 0.16341653674364584 0.15825799306439028 0.15304902386169378 0.14804615094876453 0.14350251976357611 0.13964349237210297 0.1366464107051832 0.13462631523639418 0.1336274744800608 0.1336196202139145 0.1344981159046564 0.1360885132112788 0.13815718192401366 0.14042993288467037 0.14261915087133492 0.1444570785834224 0.14572967142618512 0.14630354533375275 0.14613923099764992 0.14528722358676702 0.1438678385954907 0.14203980070036099 0.13996449700520885 0.13777271183043144 0.13553915822355733 0.1332682916719973 0.13089345941308228 0.12829038622423253 0.12530460698646137 0.12178987019125374 0.11765066474741295 0.11287825863117512 0.10756857837365932 0.10191402259983703 0.09616937244866126
0.1825015795358513 0.1818727107756794 0.180762232803629 0.1790986767938335 0.17683174053923342 0.17394538442233493 0.17047058273786367 0.16649436284522215 0.1621616340518144 0.15766758361106853 0.15324085740406693 0.14912036719734287 0.1455301740554898 0.14265682153443374 0.14063200250178468 0.1395215063439106 0.1393200284193314 0.13995113861776362 0.1412723123077144 0.14308572400694175 0.145155664441236 0.14723244468411736 0.1490806229158365 0.15050716361935926 0.1513838926482019 0.1516591904042956 0.1513562340978992 0.15055834613726768 0.14938489460611823 0.14796283612058647 0.14639919343928356 0.14475892180767638 0.1430513819692271 0.14122748317638623 0.13918853268938075 0.1368065441913681 0.13395372771736325 0.1305360670439521 0.12652313988187205 0.12196527041512337 0.11699116555470297 0.1117843526814157
0.1815814640443345 0.18141113994039432 0.18090190210612406 0.17997192629086883 0.17854810833317522 0.17657963049433265 0.17405300697157514 0.1710052552721668 0.16753120533666926 0.1637817185489039 0.15995176460205804 0.15626011981135093 0.1529246869521478 0.15013816068937844 0.1480478828179266 0.14674196764797906 0.14624212585688734 0.14650274572966263 0.1474157576422864 0.14882114465917973 0.15052302480358035 0.15231058716519166 0.15398186723286925 0.15536695204104012 0.15634648603552026 0.15686183878355783 0.1569149588406535 0.15655819242057548 0.15587641146656045 0.15496509275733783 0.15390834042615045 0.15276043656753915 0.1515336995671642 0.15019452965365498 0.1486685995561366 0.14685503196101513 0.1446478517657365 0.14196101086310442 0.13875136246642022 0.1350330714813078 0.13087800607882719 0.12639982395719354
0.18155036435284322 0.1818812807395816 0.18200933719576884 0.18184543206435372 0.18129713099877276 0.18028181430392246 0.1787430933210703 0.17666740140938955 0.174096513566891 0.17113189604022763 0.16792853542901667 0.16467872960268132 0.16158907117833654 0.15885536852502122 0.15664008282741784 0.1550554401958243 0.15415360313762563 0.15392393304075233 0.15429673343469716 0.15515272829427135 0.15633745663461746 0.1576793961145008 0.1590099219546512 0.16018246251770898 0.16108788245518346 0.16166352797720454 0.16189449388658111 0.16180718781568038 0.16145671435788103 0.1609106096292429 0.16023186563506306 0.15946404718714893 0.15862080315663257 0.15768139318450672 0.15659307262583982 0.15528025385926345 0.15365919603700645 0.15165559358949302 0.14922112977784793 0.1463443846395805 0.14305199801874022 0.13939788673647835
0.1821445885192965 0.18300749723350385 0.18379993941036515 0.1844280586479389 0.18478286590090487 0.18475224954805805 0.1842379943840105 0.18317517496247473 0.18154961827188643 0.17940859374062412 0.17686109277871273 0.17406678479297025 0.17121588349502276 0.16850438028580328 0.16610964672067602 0.16417045348717138 0.16277376780283725 0.16194905697622167 0.16166968191192924 0.1618603561076658 0.1624093611967383 0.16318398724784997 0.1640473768036917 0.16487467194607536 0.16556629764758493 0.1660565378100273 0.16631629516428567 0.16634992344507357 0.16618703453414468 0.1658709783072675 0.16544612143702975 0.16494608594788895 0.16438482067173643 0.1637518798070903 0.16301265417543756 0.16211356120891698 0.16099133481619674 0.159584601383357 0.15784505008867547 0.15574501043591193 0.1532784739114058 0.15045372168895713
0.18314311220848398 0.18455199137258135 0.18601957881365164 0.1874493705612123 0.18871821484031862 0.18968661887627772 0.19021574733182597 0.1901891050372512 0.18953469150810864 0.18824211745619454 0.1863697609259397 0.18403963335258475 0.18142113838373033 0.1787077059066282 0.17609136621828264 0.1737398234368023 0.17177922915649402 0.17028428659569853 0.16927589377375168 0.16872546700138674 0.16856445232958578 0.16869725710618244 0.16901575860761667 0.16941356309946556 0.16979829781848807 0.17010048795016114 0.17027804982470762 0.17031609299464526 0.17022245895135737 0.17002008102462518 0.16973769062570782 0.16940054529010204 0.16902272097151438 0.16860215997763664 0.16811917389583253 0.1675385199469805 0.16681452571445704 0.16589806769765028 0.1647436070626652 0.16331411880741645 0.16158182023158832 0.15952326061830938
0.18435858195509508 0.186306307933316 0.1884369903149827 0.19065322129421183 0.19281988748710205 0.19477236569270615 0.19633303792028364 0.19733488790756323 0.19764815164316046 0.19720381650225796 0.19600768444196873 0.1941413075567116 0.19175014528276815 0.18902254437937965 0.1861643373186541 0.1833735112747419 0.18081858340308132 0.17862334569437663 0.17685933978100196 0.17554593098868504 0.1746566504781681 0.17412987224189863 0.1738818111874184 0.17382000711143034 0.1738557025022623 0.17391378822031964 0.17393933285939395 0.17390017786330483 0.17378565147252542 0.17360203526467424 0.17336587952181653 0.1730965068667225 0.17280903374585602 0.17250901039202274 0.172189401707166 0.17183017171151516 0.17140023987398423 0.17086108532704164 0.17017083792083104 0.1692874042263935 0.16816915450592557 0.1667720599400864
0.18563129764460237 0.1880865758281107 0.19084077822239418 0.19379698604439477 0.19681026673193425 0.1996935257158471 0.20223324789699812 0.20421478321614797 0.20545337214506448 0.20582385754092086 0.20528121774875843 0.20386694950989176 0.20170135328771327 0.19896545250604147 0.19587687894085065 0.19266320043435584 0.18953600855157596 0.18666944776628014 0.1841862852136932 0.1821527703370857 0.18058147212043268 0.1794400223748423 0.1786633977306038 0.17816762915698142 0.17786320828202584 0.1776667826468218 0.17751002702236562 0.17734494317319136 0.17714532342174658 0.17690466620672737 0.1766313382885127 0.17634211789834242 0.17605535867739142 0.17578489175799067 0.17553549286872472 0.17530035907326671 0.17506062786252144 0.17478657112799484 0.17443974307242233 0.17397510428602572 0.17334205865084668 0.17248351225300332
0.1868262931533279 0.18973256065903976 0.193041104100529 0.19665656850135993 0.2004264273250805 0.20414444932101028 0.2075655326818077 0.21043254502668998 0.21251159990679924 0.21362765166207134 0.213690636705711 0.21270596378349915 0.21076985677840604 0.20805430042213235 0.20478548765795385 0.20121729004338637 0.1976017278743249 0.1941609465041815 0.191066075842704 0.1884262378812019 0.18628772995401152 0.18464117332921362 0.18343374189528003 0.1825838841114986 0.18199649442386545 0.18157691516917043 0.18124244642431533 0.18093035071566033 0.1806017761531618 0.1802415862476432 0.1798546722487867 0.17945978973338478 0.17908219746045378 0.17874635528999186 0.1784697070725946 0.1782582200035562 0.17810395662646153 0.1779845757913559 0.177864327382815 0.17769585128566476 0.1774219566203894 0.17697660218288386
0.18783316990043777 0.19111000034862155 0.1948753166090777 0.19903617571932272 0.20343494895598174 0.20785056755007117 0.21201242190159608 0.21562855649971696 0.2184248450662076 0.22018584674472363 0.22078543376975718 0.2201997921579942 0.21850438202215233 0.21586150536390605 0.2125021738972284 0.2087011275832918 0.2047447210661782 0.2008966868152911 0.1973697083814723 0.19430848206118082 0.19178533930659597 0.1898060948701657 0.18832265426606015 0.18724924832956458 0.18647987661135534 0.18590506742569474 0.18542635154463377 0.18496709601026431 0.18447874968188774 0.18394216983347977 0.18336442898156724 0.18277215550661874 0.18220286942339176 0.1816958589269293 0.18128393817852542 0.18098703883507342 0.18080813653690714 0.18073158666983058 0.18072358551022533 0.18073420055356645 0.1807002434466747 0.18054822175010296
0.18856782554141452 0.19211502545910863 0.19621587803317375 0.20078060988297253 0.20564942220839635 0.2105918843273539 0.2153199152632537 0.21951688428470012 0.22287980815335742 0.22516434713200778 0.2262187397571729 0.22599816971481207 0.2245623258078577 0.22206491994256702 0.21873889822804785 0.21487356520464973 0.21078085421076745 0.20675593479633977 0.20304240187582046 0.19981002434981357 0.197147174644864 0.19506556726828672 0.19351338273135205 0.19239321124370237 0.19158208508737837 0.19095142212537708 0.19038490767106747 0.18979247750377887 0.18911893380740172 0.188346452158233 0.1874912105356644 0.18659532192326647 0.18571590350401487 0.18491331593146462 0.18424037756078726 0.18373385173310672 0.18340890765855888 0.18325671080284708 0.18324487444046358 0.18332020662975695 0.1834130005762146 0.18344203827482378
