_RESULTS/REVERSE_NEW/Berg/TZ/7comp/Berg_TZ_z_355_kriged_reverse_7comp_spherical.asc
ncols 100
nrows 90
xllcorner 5.6208707817415728
yllcorner 50.959635321741573
cellsize 0.00013419651685393446
nodata_value 1.7014100000000001E+038
[rows 38 to 56 of 90, columns 44 to 87 of 100]
2.0735306774990545 2.1122310654408354 2.1542111303100357 2.1971956385419587 2.2346967618509557 2.2650423038459166 2.2875817450646747 2.302867917136244 2.312334100159035 2.316942940109835 2.3236420548756773 2.3327736967071213 2.33583360015019 2.3323069045924076 2.320664486808492 2.3051747159646134 2.2928988596347235 2.2857138486024526 2.269136507017243 2.242701159480918 2.2054099242130607 2.1584059491402603 2.104869414434555 2.0436489419078896 1.973807129914218 1.8960939725906314 1.812122378928697 1.7235829741038156 1.6331978372135114 1.5467642561574866 1.4664079904853629 1.4294578953415946 1.4706581555006566 1.621344006822381 1.9094694439243936 2.3851740312234706 3.133874518747855 4.319127201816472 6.143266427953488 8.166639615780538 9.939603514152223 11.121185328794478 11.533412836385406 11.182670427112468
1.9490822690054594 1.9826933143180718 2.0250371938269045 2.068614461854492 2.108288484210356 2.1424514205707736 2.1709428448132435 2.194273268026409 2.216265534878429 2.244436268198522 2.280933615534677 2.32013240683466 2.359517460274034 2.3932717393106975 2.4037978084182123 2.407329259595382 2.409355083147063 2.3960695520349975 2.3616807991210447 2.313260143783527 2.253767442073512 2.1941820911905117 2.135612073033342 2.070311598574471 1.995522184454359 1.912739560759602 1.824613858703163 1.7329436234717899 1.6390014890805709 1.5457920926596296 1.4569204045057407 1.4074366034368133 1.415669035106425 1.510009142562985 1.7172154134854887 2.0737736611894277 2.634857951706921 3.525048651156882 4.970652175509257 6.886303261340141 8.742162390192485 10.183794338451229 10.954890513344386 11.00022952181734
1.8394535960041245 1.8722727377595456 1.9153148117679437 1.9596270938618123 2.000811079027084 2.0378817620327596 2.072627991725954 2.1086178827440083 2.1493585839681426 2.1994218461792827 2.2591908849386666 2.3262357801615825 2.400136716757281 2.470928970019953 2.516899820778518 2.5526653547335796 2.5688515857131518 2.553697082474907 2.505719383411261 2.430139820845941 2.336610430563185 2.265375230623689 2.2068460580593547 2.135995417379372 2.0519540352794796 1.9589074936514497 1.8606137499223203 1.7596831264656048 1.6582445634070784 1.556758443358128 1.458585525431324 1.394008766274605 1.3844816584665207 1.4314905371704127 1.5689982090929029 1.8226249879698244 2.2229887206145897 2.849783512244274 3.9410491017136153 5.660838655083958 7.524114991170065 9.131198176857456 10.190345170267626 10.562353861209502
1.7464712410249712 1.7786844782250053 1.8227420043759874 1.8695844371923513 1.9163853971792502 1.9627698344342372 2.0093901000880767 2.058205851184633 2.1128951412716295 2.178480267618279 2.255731621323205 2.3472201058410835 2.4521183025544433 2.5597369166294976 2.6573057509625997 2.727852076040627 2.763142402888343 2.757716298121932 2.7031837172789253 2.6022256852393157 2.4526818168022007 2.3783611407433116 2.3193771778415146 2.233662700959951 2.1320958231747835 2.0227735771845747 1.9112967650786432 1.8011422338826812 1.6933508997888174 1.5856915816267902 1.4783616575020333 1.393430833537616 1.3636410091946147 1.3868992889764167 1.4694438546755453 1.6440341261245854 1.92836682398775 2.334858943284329 3.183892713883422 4.593089937756866 6.365552220015569 8.024544539396114 9.272866781067169 9.906616563080593
1.6787399310618294 1.7139589418312446 1.7624588566226638 1.8164703897011851 1.8718212174771143 1.9277177109050838 1.9844570895805702 2.0434787181029606 2.1077028403177533 2.1795631065852743 2.2666334410205344 2.3825429139909504 2.5266697174658086 2.6837867280430574 2.8261700281201145 2.9371038117233277 3.0026556845451475 3.0144691374846984 2.9636865289509173 2.854098560221567 2.706584158575421 2.5830052816870395 2.474941374372193 2.355829697869518 2.228499031797102 2.0991493689150933 1.9724399932289243 1.85264496803433 1.740489376231856 1.6314817567967648 1.5162165494974662 1.4086632073447762 1.3565223452851636 1.3591697085604142 1.4169808100286032 1.5398106271426004 1.763042396429843 2.126075620714959 2.7677420713023664 3.805164453284621 5.300265386713134 6.90645813756257 8.245538535546997 9.080498072770457
1.6500718985993212 1.6895413711230267 1.7433687265948183 1.8039956092785203 1.8677578706063385 1.9329351070652854 1.9995104432339927 2.0670398744015905 2.136515455105991 2.2064798239905166 2.292436089770478 2.439966109670637 2.631209237838917 2.8313848320670996 3.021556798219909 3.1834613853580427 3.2947885692236465 3.335243393068294 3.2909288592914705 3.171522011011619 3.003958509848092 2.8282220593236573 2.659226480311988 2.493779932997672 2.332455113638322 2.1786529992671078 2.036169195918632 1.9067877560129158 1.7897422907898457 1.6846394238313234 1.5642112773691406 1.433691154796604 1.3609746791461224 1.3462683529954662 1.3876209283072973 1.491789106091253 1.6777717855346215 1.9870697386021676 2.4874611890150904 3.2524423030059264 4.3555106332945215 5.797838028350735 7.146721239360603 8.121665995058803
1.6622288485058196 1.7067621425756625 1.7661673875599602 1.833648472047126 1.9056887681231038 1.9806511708696812 2.056265177700351 2.1328974188778274 2.210616185922198 2.2811917534872097 2.3438600724125793 2.5305604647007662 2.7612457782746858 3.0005263360447625 3.2389917090079114 3.4608553872061623 3.637763131095867 3.7266747801235076 3.68247159767617 3.526472751158393 3.309428850753936 3.0752635419147145 2.8479311056786085 2.633592185088933 2.4347000802256735 2.2541636061023054 2.0946042756906293 1.9544541791339816 1.8294507692834274 1.7117519810155288 1.5881310221380052 1.461741462650813 1.3742416747615338 1.345262873773149 1.3725715685087865 1.4620180321890246 1.6301264335867052 1.8923367343475068 2.281436857320867 2.8528405189228234 3.6567058249643263 4.736988276631135 6.012900615868363 7.065469289590901
1.7192823883087682 1.7688354235383885 1.833672794857189 1.908452547236067 1.9884178876988265 2.070890315623269 2.1539803753143674 2.2379745223539604 2.322104616889653 2.4059580795522466 2.5148047985941386 2.691049055808826 2.923227987594546 3.184218138157517 3.4615340247319084 3.743981545186928 4.008935010071957 4.189613944466912 4.132899261463759 3.8861042950249653 3.5964078947387264 3.301866897970556 3.021521737093182 2.7616032498960323 2.525886844753734 2.3193654077790637 2.143316421261112 1.993546300734126 1.8613403135225641 1.7363597077883393 1.6136904792484177 1.4957224919826424 1.3979207613640752 1.3553165582079236 1.368470655975589 1.4414997859876595 1.5868742910721114 1.8148043329645935 2.137860539386332 2.5742591823975056 3.163127106222083 3.936112557643498 4.901987181329294 5.953345258814789
1.804927997444608 1.8598177062798174 1.9301990478214788 2.0110347685181456 2.0946028194980846 2.179981497610232 2.266706125417757 2.356035179819763 2.448852038358276 2.554330923179672 2.6889974622375368 2.8689998234898795 3.0958793072981323 3.3621605616019186 3.6586118748394263 3.979372026774463 4.320652672779169 4.6771729962944715 4.5661035881474 4.174724845055156 3.820717377384401 3.484009287569533 3.1651863882936464 2.8684601555069604 2.600520766450683 2.369144897444519 2.179660744876237 2.026096677443511 1.8933096100367772 1.7687746168993541 1.650398635541649 1.5383570199949772 1.436965282119852 1.3782416954819332 1.3753195506524718 1.4297112721081098 1.5497562510987597 1.7398316523105437 2.006241500590463 2.3617752593473247 2.820451414112297 3.3913400273157666 4.074732969379653 4.863943053052784
1.9085313500256478 1.967423352775239 2.0421910834979715 2.1256907213165834 2.2112118293511394 2.297798950508676 2.3867546456905893 2.479439260244986 2.582378032932268 2.702440179780482 2.84941825009363 3.0316408043749465 3.2516590380760713 3.509730102659884 3.799104633795135 4.110790963875771 4.428954857697595 4.69022455182447 4.61589465157841 4.287348950248483 3.943230282173249 3.605452491494452 3.272724668258854 2.9546061276751505 2.659378950774297 2.401200688702691 2.20239448108226 2.056506052357897 1.9314537274639825 1.8119358397646255 1.6985889653471724 1.5915587416987458 1.4934399040428503 1.4176074988330356 1.3954743425574212 1.4289170466168695 1.522420811310846 1.6749041473983979 1.8868194815060702 2.1714038468509944 2.533120429237749 2.973338228605435 3.488010339743152 4.06250790265333
2.025787161162986 2.0890580886806123 2.1664680330054784 2.250395487282739 2.336673370927956 2.4222469270610882 2.5095443180854327 2.603475842734505 2.7126228765800056 2.8387544698523692 2.9885352368778273 3.166715503502097 3.374103941982299 3.611665375905795 3.8715726242965256 4.136644108732144 4.373808936323314 4.516004182169786 4.469322887850782 4.254574578093926 3.972238304752677 3.6698988566062103 3.3517818526622944 3.0312350103608643 2.7176514365461295 2.42276555062665 2.215592259394538 2.098145721491222 1.9845956365624144 1.8698595002984313 1.7595798737010362 1.6552589421077557 1.5601214272479496 1.478202470653834 1.4327062212521697 1.442676755980158 1.5088330008190192 1.6246579137386172 1.7878554493140315 2.008810430920572 2.2913193123948643 2.6286950685384367 3.0153478057610243 3.4386915519235264
2.1522620418098497 2.221162554023341 2.300812149712551 2.384242187272002 2.4684748925269018 2.5493199567237217 2.6297979716449325 2.72259944927246 2.831312649323927 2.955689853537554 3.1003295109152815 3.2676874599235273 3.456513238713488 3.6651630295367768 3.885035664536965 4.095202361311219 4.264794672939379 4.3520860139444855 4.317871614415234 4.168836928770596 3.9492650566416225 3.698496396912944 3.416629088570644 3.115110312898145 2.8080465970893242 2.511233093230228 2.3002871400448885 2.180339357414043 2.0632223892001664 1.9463548266430364 1.8343901872069432 1.7296761815239623 1.6352864314258002 1.554150308055875 1.4918445680321377 1.4753161258435554 1.512973530159366 1.5929562379925815 1.713017276908881 1.87943732374164 2.0952107347435183 2.3519467800229887 2.6412061576904526 2.9525021067891166
2.285174926609583 2.359879186111062 2.442782557466518 2.52508960354947 2.602766049483603 2.673972202484342 2.7436017557549386 2.829390710265265 2.9311852823848605 3.0471049723772197 3.1802080837529036 3.3312645146119078 3.497698247249343 3.6743445163066615 3.8538027637242234 4.016611884224885 4.141423236942216 4.202201422156645 4.179019805029163 4.074966033712157 3.9107184387652345 3.7106709356224474 3.478121456308344 3.2135569018720083 2.937511218948083 2.676827521026844 2.4664552025698665 2.307141702698004 2.1686574635874525 2.0408129114939833 1.922142651975399 1.813793711263501 1.717829089708882 1.6364494488607075 1.5722590482671845 1.531985447362855 1.5389983659484971 1.5835970608637882 1.6650018862312548 1.7847299286453935 1.9437418540011913 2.1369159269283755 2.35185619093729 2.5798645838249796
2.420097994740744 2.5015439112807467 2.5894786379288623 2.670245495738732 2.7358994195298356 2.789624580854521 2.8438248094347625 2.91587528940773 3.0051937931985293 3.107623270888431 3.224758524837294 3.356101301001739 3.498312535282783 3.6445983370703936 3.788251568088629 3.915261142886616 4.012486333739364 4.0627522584964835 4.054619007997172 3.988065568356501 3.8723936658735956 3.7206962338248704 3.539798444503983 3.3206944494137867 3.080669471858497 2.844245163171759 2.6325675853717794 2.4506558870437116 2.290518885350563 2.14766951459342 2.01927606938703 1.9049940721305427 1.8057397337716177 1.7228595524514771 1.6577782697497794 1.6137237783232667 1.5916611844272441 1.6014015939257553 1.646482051993363 1.7252229176475231 1.8366429518701326 1.977873150033433 2.1354467023735566 2.3008849622147913
2.550047747711864 2.639975011140483 2.7377405465550186 2.8181405966107036 2.8637184235154862 2.8877724188622915 2.920352336133492 2.9733978246030803 3.0464929226648634 3.1326479816948596 3.231625343145467 3.341995328300222 3.460258829471811 3.5803131689212884 3.694860909427454 3.798432621564398 3.881467979261847 3.9306326366996442 3.939563111877141 3.907793268537175 3.8381991559134185 3.735317349132588 3.6013641354354475 3.4288040337256596 3.221949611020588 3.0023387602840828 2.789391551661295 2.592752090578798 2.415539291282635 2.2586772186644875 2.120153347681728 1.9992086552727526 1.8959728599812178 1.8110425468315254 1.745207891783604 1.699961493458544 1.670595585848051 1.6514561256804479 1.6608397161957007 1.7021780382192364 1.7728538069873043 1.870398909146882 1.9827072243033494 2.100184997623179
2.6653385922284474 2.7622055699256234 2.8773651138805567 2.9656290747476692 2.9747968577231063 2.958559221752998 2.9630960156658834 2.9957131156057026 3.0515196400156754 3.121199985600337 3.202233480031813 3.292613295281937 3.389019621833891 3.4866149833471227 3.579302609475907 3.6682451579142206 3.7449207402704605 3.7971467988244125 3.824903923659235 3.8283056632233525 3.8056586562697983 3.7540856743302 3.6676615062700235 3.5337435521748777 3.3554634617819024 3.1469653084907163 2.9311324450159715 2.7224546626906676 2.5331046943595172 2.3651728896129836 2.218154071378124 2.09142426023725 1.9846999928067839 1.8980336773165125 1.8317031884536066 1.7855297312221463 1.7515173458930733 1.7270954296620626 1.712935507931131 1.7183357742508103 1.7524269484880834 1.8120443167144773 1.88733458597782 1.966829854257109
2.751246589508672 2.8469251063182837 2.9697400366017925 3.092615012630467 3.029841176928229 2.9809623027672973 2.9632952653384335 2.9780689226690726 3.0189253897202226 3.0744289219818146 3.1393953497689524 3.2116208506842185 3.2881437855018834 3.365284757651611 3.441295574594062 3.5181163069654673 3.593043264365453 3.6505949673950115 3.7000148806832382 3.7406904936055967 3.7680518023973995 3.7733702365291775 3.7400569256400287 3.640616814133167 3.4774284811794796 3.271757253146111 3.0478351871612333 2.8311405762075563 2.6338435023548024 2.4588619624954626 2.3064917711152053 2.1762626908709297 2.0676900707167043 1.9804860996164946 1.9147380054049659 1.8679483527471483 1.829263110281278 1.8004313312961195 1.7819060099884247 1.7740943723593954 1.7778789034070221 1.8031545813101795 1.846305494929132 1.8941996038029363
2.7984905071970516 2.8799386184912903 2.96136446584621 3.0135256145477447 2.990216517516268 2.9448888747931905 2.920130680082842 2.922326273444484 2.9496356586746675 2.9941092448876194 3.045621314050694 3.1020436338467596 3.160812963685328 3.219608243237363 3.280919313299132 3.3448660801344565 3.411562557387665 3.480915108634696 3.555188267814812 3.6346412796680787 3.7142649808888906 3.7839412810134467 3.8170800081277934 3.755562333086522 3.58551326100019 3.3616583947116854 3.129077331780571 2.9086563032831325 2.7087915764577053 2.532062737519432 2.3787855283840993 2.2485257640715433 2.1407366987283787 2.055184623064685 1.9939331384269536 1.9442761581271562 1.9011080918156695 1.8680206188199706 1.8453036577337274 1.833234113836188 1.8320995345390674 1.8422036226836567 1.8603262092383746 1.8800418280469244
2.8094031225687535 2.8720061429706307 2.912234578718691 2.927288751651793 2.9068404845988396 2.8692768164377283 2.843984246092607 2.8386419262195246 2.853188367142832 2.8856901148320837 2.9262043049637994 2.969298126445688 3.0127760001489996 3.057846180362634 3.105638955201343 3.156644375002842 3.2143936380370484 3.2881453270334413 3.3856962027392052 3.5014489748846342 3.6284509673694516 3.762164627721528 3.883763353994711 3.876622069017671 3.6592010980565712 3.4013373569312346 3.1606098876937523 2.9443198500891365 2.749883202783074 2.578273383080381 2.4296524602333616 2.3037269931646787 2.200596240210951 2.1224781571894384 2.0637968439613528 2.0111268107000164 1.9642428994029608 1.9274279163552 1.9009804746532841 1.8850761811744978 1.8799209438487965 1.8857442319466393 1.8998297625863567 1.9118057268066146
