_RESULTS/REVERSE_NEW/Berg/TZ/7comp/Berg_TZ_z_250_kriged_reverse_7comp_test2.asc
ncols 100
nrows 90
xllcorner 5.6208707817415728
yllcorner 50.959635321741573
cellsize 0.00013419651685393446
nodata_value 1.7014100000000001E+038
[rows 60 to 79 of 90, columns 0 to 42 of 100]
24.003416898872057 23.93552880919315 23.837476478887297 23.703514817206994 23.52844998571326 23.309119475283477 23.04599163509648 22.744467843064037 22.41551357351487 22.075411775121765 21.744652149616282 21.446140983753292 21.202972133730054 21.03598284100087 20.961367076659563 20.988803798080653 21.120692979226384 21.35285917274151 21.67646284263668 22.080303014712392 22.552645398318575 23.08210603686392 23.657562822180196 24.26732975826277 24.89797836428445 25.533314532367875 26.154049751152602 26.738524304732493 27.26445816734932 27.71130247900409 28.062563753871867 28.307575844819784 28.44250326252162 28.4706417962804 28.402151196666424 28.25322643615947 28.04458664464113 27.799214873364164 27.539517044474852 27.284334628665196 27.046391048177455 26.830717677497734 26.6344112465618
23.897194970667613 23.82080582461417 23.71291221802781 23.568285588964326 23.38248379232498 23.153097619761397 22.88115412191111 22.572332080048668 22.237628086509563 21.893228142490326 21.559540493799112 21.259519840224034 21.016472898410004 20.851523153573797 20.781000705538684 20.814294170661178 20.952902083718357 21.191140181562567 21.518211073071765 21.920718405123598 22.384715538349663 22.89685458416724 23.44463812411752 24.015963851434858 24.598238769335442 25.1774547575444 25.73769027303187 26.261398917309453 26.73055472786972 27.12839169038743 27.441282994903045 27.660334058831427 27.78244317111429 27.81076291215105 27.754563403361647 27.628468431059993 27.451016122751753 27.242577766881272 27.022841733629267 26.808244081440908 26.609812430685004 26.43184716848499 26.271706348118904
23.793420453450043 23.70965499011973 23.59424761748119 23.442396901138252 23.250233318462556 23.015916887739568 22.740894998969768 22.43102703284649 22.09723830624431 21.75545101364282 21.425718920007377 21.130655331920888 20.89329645080388 20.734534884990552 20.670384372037322 20.709672983261626 20.85299409214083 21.09341478807661 21.418616612838616 21.81351064524465 22.26243001895345 22.750505367774217 23.264226300411053 23.791318730505147 24.320118958896572 24.838742613294333 25.334453700615423 25.79359550232519 26.202226265600746 26.547324544423457 26.81824235078102 27.00805941223662 27.114586282915 27.14087878145504 27.095191984991867 26.990325066225406 26.842344898291447 26.668767993746766 26.48641264432172 26.309249853739836 26.146628004052708 26.002199063978022 25.8737437780473
23.699128193271875 23.60878520785953 23.487327313617815 23.33042001526683 23.13477464468313 22.89913017746591 22.625375774426125 22.319562833324106 21.992503355668394 21.659715651460598 21.34063176426289 21.057121553637707 20.831431400261607 20.68364289261061 20.628922228045234 20.6751982905567 20.822121462060494 21.06177812607058 21.3808081758537 21.762998942729542 22.19153265311558 22.65053517850885 23.125902343930942 23.60546127101935 24.07856565866327 24.535350973168963 24.96600704949536 25.360425709467993 25.70841813224865 26.000462813066434 26.228765574576297 26.38835285490822 26.47795703951982 26.50052438063213 26.463236658725236 26.37698661203478 26.255309775683557 26.112866232650443 25.963668938413836 25.81933442657947 25.687654063956277 25.571737126838684 25.469870924471017
23.616171025986617 23.519545337222382 23.39264145295231 23.231696425218995 23.03410945816178 22.799315282521583 22.52976218929942 22.23178225885003 21.91609324251732 21.597720839408428 21.295253872293905 21.02945597912294 20.821292876053555 20.68946851063496 20.647766725404473 20.702855884902025 20.85336343505159 21.09060969814497 21.40062704104091 21.766628860682808 22.171225817588667 22.59808167765586 23.032942606543862 23.464022825022482 23.88177798546135 24.278237303116263 24.646211818538273 24.97872584345843 25.268899460719023 25.5103143338553 25.697726592268786 25.82790820736372 25.90039653096221 25.917972171727516 25.886738192900204 25.815733152761382 25.716083365684867 25.59978493058374 25.47828738947149 25.36110464459084 25.2546866233606 25.161742423014456 25.081122223654905
23.543252278617658 23.44004476971233 23.307451291917005 23.14240359187753 22.943133919256354 22.70993761647862 22.44599169398624 22.158053862093038 21.856829892303935 21.556835909539288 21.27567457485402 21.032722230359703 20.84725502447101 20.736110933017077 20.711218870490516 20.7776477256969 20.932883790645874 21.167602105772204 21.467546036141226 21.81580549662341 22.19493287233312 22.5886348388913 22.98293124767872 23.366698603093777 23.731576460957772 24.07136427773904 24.38118907004981 24.656774048015635 24.89405557165077 25.08923555713409 25.239201513829595 25.34214938470982 25.39821230450499 25.4099131979588 25.38230294029919 25.32270945753551 25.240100022473595 25.144137716623604 25.044077633236277 24.947684165240464 24.860349683970973 24.78455808233018 24.719773216943803
23.47756264842882 23.36688620521741 23.227574968979148 23.05736540075161 22.855464982053775 22.62320137043305 22.36466966726796 22.087236743206773 21.801741031321757 21.52225838893071 21.265367041366176 21.048890583035057 20.89012777352818 20.80368210928681 20.799255470583525 20.880027467196076 21.04219534841773 21.275803119718805 21.566473740170693 21.89747134687707 22.251672586934532 22.613230727617637 22.96879207770008 23.30813362334235 23.624160072252362 23.912349711013615 24.16989147053756 24.394821724313427 24.585421345859945 24.740008577312285 24.857122177713613 24.93597803216492 24.97702066229179 24.982381142551414 24.956088587985224 24.903950792364242 24.833101654965994 24.7512879209521 24.666019643156993 24.583730508938885 24.50908647151156 24.444549640265336 24.390257364711797
23.41600944459573 23.296496508904763 23.148805657004182 22.97155470692864 22.765038026265323 22.531764277355826 22.276929087094917 22.00871195167525 21.73828391480523 21.479441820833983 21.24782237309808 21.059669154556047 20.930159013668188 20.8714285879826 20.89068995261589 20.98899824764121 21.161091565298378 21.396298708306215 21.68013968297119 21.99617738337013 22.32782521154128 22.659938508441105 22.98003311649308 23.278968971772393 23.55100501836576 23.793275303080684 24.004885784182214 24.185916827086835 24.336609150525334 24.45692485724187 24.546544898501846 24.605229474379016 24.633366599535776 24.63249543855578 24.605622542437203 24.55723101258779 24.492978453909025 24.419156337256727 24.342025230805696 24.267148612849553 24.198832575145232 24.13975004900369 24.090793703626474
23.356070009056367 23.226075834001527 23.067958765385946 22.881249772952074 22.66739327893112 22.430182195026763 22.17606430985365 21.914233846294223 21.65643521903035 21.416434533774957 21.209134908926185 21.04931827556768 20.95004184041804 20.9208735329857 20.966369894682558 21.085272312441937 21.27067239331789 21.511019297143413 21.791615254445297 22.096279209515206 22.408992671174556 22.715399308714197 23.003999728416296 23.266860897851583 23.499714473138756 23.7014435309726 23.873103475535984 24.016739613374423 24.13431518247128 24.227027012409614 24.29515894693402 24.338440157876644 24.356708346062923 24.350599817813865 24.32202576363748 24.274310452214625 24.211995050978828 24.14039801802204 24.065054770541348 23.991150037035343 23.923028549945766 23.86383978476947 23.81534693488855
23.29631326412661 23.15419422476373 22.983552696626845 22.784814900606985 22.560578925202726 22.315962434522163 22.058763993232912 21.7993692916767 21.55035640249687 21.325780923309708 21.140136087416078 21.006997577204388 20.93743756432243 20.938461414111003 21.01187684141567 21.153953280249922 21.355935393599864 21.605169622342494 21.88652157655314 22.183879055551714 22.481653379751183 22.76619623141903 23.02698272901273 23.25736638779209 23.454736082530054 23.61999846748867 23.756454650046425 23.868312933811765 23.959227738554382 24.03129317441614 24.08478223860659 24.118639876904364 24.131449717309575 24.12245592339321 24.09228745138895 24.04322594398859 23.979052090738552 23.904613761794323 23.825274635849905 23.746363608095567 23.67269584083825 23.60819972273096 23.55566476676436
23.23663375018772 23.08106698427715 22.896134387311 22.68309031145559 22.445625185241678 22.190146453756977 21.925828643835025 21.664374211873515 21.419447186720504 21.20575995189374 21.037813458808674 20.92834678417831 20.886685926480425 20.917355456975695 21.01936480281019 21.186370108790985 21.4075616258465 21.668925269235253 21.954600085841854 22.24824332511338 22.53441322169623 22.79993886614748 23.0351466691534 23.234732593134034 23.398039085513062 23.528534332145988 23.632437270228476 23.716705485002688 23.78692455120507 23.845806143836555 23.892831859605792 23.9250968736597 23.938889938768106 23.931311018148076 23.901372096768892 23.850382204754066 23.781733996631 23.7003487085262 23.612015340525975 23.522767916436223 23.438358039206587 23.36383073987274 23.303197974686718
23.178240480299994 23.008542448597467 22.808270607112576 22.579396974669823 22.32657942682515 22.057398787631477 21.7823413928079 21.514473694022477 21.268754964792507 21.060929764963934 20.905979090705628 20.816251293047937 20.799633304074945 20.858295482216967 20.98842356284194 21.180932551051185 21.422758185871075 21.698262036449034 21.9905322271163 22.282621050964206 22.558836564359847 22.806123033271003 23.01543086268453 23.182843222237683 23.310103699995604 23.404130094895727 23.475237803682557 23.5342424555405 23.589246674980867 23.64332554612757 23.69408733892189 23.73521912526461 23.759183007391705 23.759837959117732 23.734087860587366 23.682329224285255 23.60800323909406 23.51672721779044 23.415375595861537 23.311290127172427 23.21165254905301 23.1229867864099 23.050753149888685
23.123443019878025 22.939841244848907 22.72423860327751 22.479183450300678 22.21012395414893 21.925622719358284 21.637319447364234 21.3595909383457 21.10881368770115 20.90208523258965 20.75532345501962 20.68094567095135 20.685733727577894 20.769660321215653 20.926094680293676 21.14312069715685 21.405260334202058 21.695019652535418 21.99411875461468 22.284596659455453 22.55003347730518 22.77701230890666 22.956774560417482 23.08681404280394 23.171881884939395 23.223637982016275 23.25828470884545 23.29224478831247 23.337132846037694 23.396117108754886 23.463410012768186 23.52706729066823 23.57357562292583 23.592073729490277 23.576748005480063 23.52720280597466 23.447490211835888 23.34465896357683 23.227398080463026 23.104988201821914 22.986540194066336 22.88041932468851 22.793768273751432
23.075281463587626 22.879095819704684 22.649464998632606 22.389361101929254 22.104817056384718 21.805134533616478 21.502868221824915 21.213539970322838 20.954927591932922 20.74565525804064 20.60290439330058 20.539535544051503 20.561537216956058 20.66688187521512 20.84621524902372 21.084805580586917 21.36470542295133 21.66642092259431 21.970044652738668 22.25621043165461 22.507258115350467 22.708848956215366 22.852076430508504 22.935812910101657 22.968527983904387 22.96827168357531 22.959509418349196 22.966650296391876 23.00621067424362 23.08113318554908 23.180226874164717 23.28299812706254 23.3672092131956 23.415488538315238 23.41867554669205 23.37584443974918 23.292384127095804 23.177616701570113 23.0428095105227 22.89979609203778 22.760075475589396 22.63417792530102 22.53113990471402
23.037055327942884 22.83075314470159 22.589781282068436 22.317395449905067 22.02001297034488 21.707421404842908 21.39280831635931 21.09257297196367 20.825697031242733 20.612250520436305 20.470728416342688 20.414594065099966 20.449274794606183 20.571011439235683 20.767994150097103 21.02289932851793 21.315445708537624 21.624151178835326 21.92734293902775 22.203945845615998 22.43459327638036 22.60345351648702 22.70096386353178 22.727250561329583 22.695178890680477 22.63094906982259 22.5699324003837 22.547216184906173 22.58580089633788 22.6880426691433 22.835066200612772 22.994538196424845 23.13247099870301 23.223134170701414 23.253516647022046 23.222602079379183 23.137956797139513 23.012031353755503 22.859368005934137 22.69486103279572 22.532747506227047 22.385957363829938 22.265574912373044
23.011816380301237 22.79892026524538 22.550589049796432 22.27025425062181 21.964553813979453 21.643540267383717 21.32075400259613 21.013130584796873 20.740461358937427 20.52385237755698 20.382768660203528 20.33111157640029 20.373848119452028 20.505850247261385 20.713370163772275 20.977013565470315 21.27457159679249 21.582811953960064 21.878358131815023 22.138313742852418 22.341320409811047 22.469621150667827 22.512533372738233 22.47121547600544 22.36335380115208 22.224678852660645 22.10365515370004 22.04829911722411 22.08940019207216 22.22838656928299 22.436725512401832 22.667411484636663 22.87215523499818 23.015430103278604 23.080153184458013 23.065758183987626 22.98275219174335 22.847372415523488 22.677889957258586 22.492535110509493 22.30844018353541 22.141027675665452 22.00349364116459
23.001897473250448 22.78674667606384 22.536054592005 22.253359401080754 21.945405306568976 21.622342472267324 21.297816419580297 20.988919859495773 20.71569494445107 20.499563871403165 20.360226835438162 20.31152312885006 20.3579119574609 20.493337011769956 20.702869876750306 20.96586513452092 21.258880566778473 21.55743904601994 21.836796847581898 22.072437767279972 22.241082959452896 22.322969977981817 22.3060671862782 22.192292153615387 22.00407090928345 21.78700464114999 21.60338644273819 21.514937492007522 21.560622796174535 21.74070028205703 22.016117373052055 22.324002958159554 22.600765054462112 22.80068690169919 22.90280901813041 22.907456972222374 22.828445289179456 22.685966282961427 22.50202022273901 22.298084267897444 22.094074294968493 21.90781297091034 21.754555380357335
23.008547832133157 22.79594078210399 22.54846735137802 22.269730208234602 21.966500089205 21.648896226955177 21.33044971132099 21.028019656892525 20.761254773060596 20.551001394439155 20.416234942802863 20.37002935176809 20.416180070266726 20.54815656141457 20.750719965454557 21.002964930101996 21.28111594054785 21.56020124019527 21.814756308547892 22.019250345021696 22.149057875178997 22.182875464888536 22.107518061585267 21.925412133341784 21.662938258847017 21.374311839669254 21.134119373255025 21.016284230304286 21.066925866124006 21.285004015048955 21.62176194144751 21.9998680271889 22.34194480245083 22.593325134189016 22.729883041934855 22.752952710199338 22.67931351448006 22.532538407750188 22.33774605840972 22.11912460938322 21.898953513420942 21.697156237206393 21.530859294892547
23.031730534994583 22.82650115707604 22.587881692962924 22.319500546135036 22.028076348581884 21.72356696500131 21.419166666675903 21.131112883591214 20.878034173871825 20.67934584539821 20.552383121915252 20.508774883337495 20.551472579913195 20.673854295742608 20.86115907690639 21.093172244056856 21.34672692716093 21.597253086439252 21.81947412251214 21.98783900003812 22.077464764751596 22.066561925423276 21.941489690639372 21.70503035617522 21.38603733231976 21.044396606712866 20.76306146768046 20.624314542914746 20.67897035346315 20.92459941456218 21.305178443572018 21.73303488073212 22.121298523140037 22.409416836689488 22.57133169012763 22.60907228899981 22.541227704068355 22.393386707130663 22.192565819782185 21.9647049540263 21.73374227638805 21.521206250058114 21.345764661632035
23.070110048485038 22.876704585774494 22.652107122900297 22.39991511053676 22.126687778055476 21.842053926436172 21.558619513074046 21.291628397950205 21.058170150085612 20.875592187393885 20.758952925054583 20.71798086467013 20.754662346330555 20.8625360746911 21.02786471104854 21.231841408763312 21.4527153013099 21.667209705723803 21.851263175645123 21.980528072683036 22.031286267755217 21.982731606763533 21.821869025619367 21.551858473096274 21.202177335873174 20.83433463568568 20.534079654684493 20.386594677139318 20.443922263493675 20.7021054161935 21.10132402077893 21.54955384865688 21.95671036322323 22.260720912629832 22.435161940115425 22.482096457012833 22.420184144714423 22.275128652193267 22.074226377981663 21.843937687241603 21.608964532309592 21.39179636658787 21.212179880972347
