_RESULTS/REVERSE_NEW/Berg/TZ/7comp/Berg_TZ_z_125_kriged_reverse_7comp_test.asc
ncols 100
nrows 90
xllcorner 5.6208707817415728
yllcorner 50.959635321741573
cellsize 0.00013419651685393446
nodata_value 1.7014100000000001E+038
[rows 57 to 75 of 90, columns 43 to 85 of 100]
11.251733735872897 10.973240997746398 10.852740477780323 10.912333128975622 11.131153811960067 11.45432007072799 11.819997155658628 12.185410562016683 12.533192435180633 12.860400984876733 13.165220766528615 13.43976413530214 13.668181049669165 13.827566774960601 13.891570179737297 13.837595191974945 13.656187604495775 13.357894303306306 12.972384436861779 12.539366943197578 12.0982816052151 11.684731683711698 11.332642243361873 11.074561534220601 10.93745604527805 10.93800460845282 11.080746692798199 11.35886717863048 11.756153601540651 12.249262344511212 12.810100256844981 13.408349621073606 14.014081958065644 14.600219973655133 15.144488560538258 15.63055458804225 16.048269078429247 16.39316506810344 16.665505316001653 16.869177668136153 17.01064570411549 17.098049230067456 17.140464514542238
12.213411447939663 11.947078689682098 11.798058216478532 11.797214601423017 11.94707440348915 12.222676962771335 12.585636621494453 13.00128496045881 13.446686693943008 13.907117873537365 14.367890605704229 14.808080575896609 15.197984817808063 15.499958969823776 15.67284809064332 15.68038582515428 15.502000352582227 15.141711086499084 14.629971725855718 14.01651305923052 13.358475832000652 12.711369021452121 12.125800160051813 11.646236282393268 11.308139800459989 11.134412110761335 11.133601766247605 11.300441595832426 11.617819850427637 12.059363241173589 12.592333330928392 13.180780509452608 13.78883965226064 14.383872215602972 14.93902700904925 15.434823362911676 15.859574045373575 16.208759282861383 16.483691304792668 16.68988421777251 16.835477001200747 16.92991825478267 16.98298307617885
13.076696452059478 12.860266668784249 12.732115924184214 12.722140903403044 12.844454204458216 13.09486729090849 13.456229914110542 13.907131486128025 14.427223560346434 14.996433261911626 15.590541668256863 16.176959092351805 16.71293745280689 17.147086004617687 17.424739549106548 17.49724937929775 17.333662173650797 16.931069804752074 16.318833853497374 15.553673607141269 14.707444246515914 13.853872240723888 13.059723344419538 12.380708147660137 11.859284328918495 11.522859968551002 11.382928938712839 11.435693297542858 11.663924804927342 12.039591279972177 12.527004233849087 13.086388944940694 13.677687469798695 14.264214491156915 14.815660622696718 15.30998443480113 15.733967471628862 16.082531436915172 16.35718606619904 16.56408775772175 16.71213697694377 16.811392966276955 16.871918701160222
13.80389019983369 13.645606573545374 13.559632515622352 13.571789327333361 13.699984926416084 13.951327966611979 14.322939800428308 14.80489715075537 15.382199113261382 16.034010688508303 16.730939954317815 17.432399248144055 18.085904249955544 18.629523012137582 18.998131920656373 19.13335693365515 18.995709869778814 18.575732901706683 17.89988710952168 17.027748643856214 16.040563103652666 15.025780311609713 14.063894058333362 13.220923125204308 12.545601637583593 12.068871050971964 11.804325835802686 11.749374980417098 11.887133893998957 12.189001884077268 12.617881730029229 13.13196351108434 13.688828986811538 14.249421398525241 14.781312180677606 15.260769771570615 15.673392803868971 16.01341109617797 16.282039854741758 16.48539520569977 16.6324339172849 16.733229607452458 16.797723014548634
14.409845338004576 14.303163084160566 14.260771211516493 14.3049301520083 14.453990442428214 14.720050341170204 15.107969687411302 15.615268513144049 16.23169573590422 16.93768243662402 17.70203176529398 18.480081592051206 19.21380282599056 19.835022373464383 20.272358159757527 20.461528812132 20.357490734997796 19.945612123000416 19.248280520323277 18.32369675775182 17.25597448928257 16.13961219017323 15.064160908407134 14.103847378044026 13.313143720097417 12.726367702794757 12.35903117546923 12.209720863547522 12.262270824428043 12.488385351229763 12.850881655053382 13.307549359270801 13.81536751142957 14.334583462207847 14.83205740724906 15.283374451567974 15.673498068965053 15.996079264150973 16.251809820663986 16.4463261643241 16.588127233251125 16.686824443562593 16.751870471161805
14.92088948476199 14.855647563867059 14.849685196639609 14.922737281805878 15.09251714203048 15.372855806524429 15.772143316936413 16.29190869510327 16.92511853222671 17.65397936531962 18.447606859636938 19.260509064655736 20.03311817320811 20.69545273744757 21.174363276798278 21.403809840237624 21.336526369671905 20.95456897179386 20.27580970215324 19.35370074667644 18.269213643642328 17.116835844439944 15.989223553375956 14.965285923041261 14.10394339819481 13.442793881518838 12.999512345749368 12.77418756447225 12.751870456061882 12.905379358369265 13.1986047828982 13.590375412743692 14.038642760010884 14.50449145118827 14.955395090064192 15.367251535760834 15.725002968328367 16.02196785168137 16.258262178830364 16.438791299064956 16.57125085262976 16.664440192889042 16.72703214377778
15.356593393454082 15.323206366148245 15.34437725528166 15.437839702841542 15.620239346908734 15.905559105665917 16.30342926825787 16.817240305243235 17.44193662299615 18.161538982839993 18.94681281723552 19.753917989410077 20.525127789358557 21.19257629450415 21.685362737293705 21.93933316938896 21.9078670519046 21.571405813433717 20.94335458947612 20.07034558451467 19.025948499104278 17.89893839056663 16.77938372654113 15.746577539226115 14.861525713415391 14.164308242534526 13.674819747331076 13.395062485593224 13.311909550057694 13.400109934482346 13.625680109590643 13.949736282045588 14.332543115367297 14.73732122665499 15.13328775630878 15.497525193011935 15.815529415796231 16.08057587499193 16.292258491157423 16.454640350799107 16.574412773247303 16.659337809677382 16.717106841813763
15.7287580480454 15.718949263980097 15.758227762587346 15.862421105039356 16.0467887314197 16.32462719698211 16.7056107778361 17.193820899805253 17.785458209396985 18.466389100314007 19.20995503632237 19.975789571205347 20.71058647632445 21.351638306723142 21.83338376467128 22.096275779196066 22.09640090889171 21.813842776738017 21.25786646595324 20.46745227339658 19.50652495546576 18.454538859515253 17.394615517796947 16.402333889404524 15.537797299967046 14.841946590529906 14.336371792872768 14.025136155925056 13.89745336169656 13.930755498827121 14.094111305975382 14.351965105832326 14.667967571621917 15.008488225672673 15.345360443501713 15.65753193824131 15.931522789206173 16.160838066581228 16.34465816806657 16.48619365776899 16.591049892649448 16.66584074901691 16.717168091483114
16.045457518909487 16.052197788253295 16.101635260630502 16.20762550096871 16.383786859849753 16.642253170377668 16.99212087827875 17.43757214246279 17.975720146518512 18.594363388754093 19.270050158812204 19.967091406138493 20.638302936769755 21.228142078579264 21.678414626268964 21.935948346923233 21.96088185973524 21.73385846572432 21.260544896932842 20.572351830593373 19.72288409674274 18.780539422616815 17.81875379992265 16.906206928759122 16.099234432787593 15.437630580703424 14.943642164320725 14.623131118585556 14.467898422149744 14.458606123900458 14.568085692246143 14.76488777788404 15.016818319619546 15.294095593925134 15.5717597085956 15.831086832781649 16.059957793386985 16.252330221264693 16.40710042435288 16.526685554318778 16.61561719753432 16.67934756504327 16.723366929514146
16.314306765874896 16.331786105194933 16.384850053801763 16.485327755744848 16.64505037885885 16.874748731116643 17.18264923599903 17.572773742661198 18.04301670124813 18.583191437472184 19.173399775787132 19.783248086105605 20.372524413545285 20.893847911834378 21.29741874892221 21.537388918127686 21.578774729368188 21.403520249807272 21.014411165044 20.435923596194215 19.711629079642233 18.89844701724799 18.058822575253686 17.252550325333033 16.530028869753565 15.928063740171714 15.468332928474387 15.157912593053924 14.99110864543271 14.952051526902896 15.017738752274271 15.16128287231493 15.355081078922492 15.573579394846822 15.795335800818568 16.004203910528428 16.18962419067286 16.34616686102198 16.47257303673842 16.570569154720275 16.643693459067105 16.696298789997986 16.732812457720016
16.543837849214068 16.567507105350938 16.61923542480326 16.708852870881085 16.846387853075985 17.04111139834872 17.30030167376691 17.62775271437812 18.02211476553042 18.475248907651746 18.97089726620965 19.484082979044924 19.98170391308166 20.4246936073919 20.771836974727865 20.984880842106957 21.034122884782317 20.90339546584242 20.593391303616034 20.12256385233113 19.525274950315275 18.8474029864448 18.140218590961187 17.45380480431347 16.831375284574555 16.30542552827019 15.895973267892307 15.610594917062448 15.445754364982085 15.388968465459026 15.421462400197264 15.521019476483659 15.664728581551547 15.831337886069166 16.002979677976565 16.166141858967823 16.311897567899283 16.435525226219866 16.53572561512654 16.613659222015045 16.67199491469202 16.714100646121118 16.743440546875426
16.743468255820034 16.77004451082439 16.817040095099724 16.89240443358146 17.00446731341364 17.161125485404696 17.368776471076274 17.631036454133596 17.94733502321942 18.311553790520918 18.710959262146464 19.125750606767706 19.52956230678401 19.89118283743204 20.17754147169079 20.357697317065572 20.40723173195666 20.31222832034873 20.072013977357848 19.70003141709167 19.222560671348603 18.67544228676554 18.09940500312347 17.534934154771573 17.017677687450956 16.575127057957115 16.22486997647162 15.97431824424885 15.82160439881093 15.757296497681732 15.766604589764743 15.83177622926597 15.934394140044578 16.05732161014877 16.1861094275895 16.309778480075575 16.421001983868 16.515802743852895 16.592933684685164 16.653118513006103 16.698301880923587 16.731010651298135 16.753876307666687
16.922735542611836 16.950112378086914 16.990389152317743 17.04982473068915 17.135244419317473 17.25335631383046 17.409839929070632 17.608252603929444 17.848846745184808 18.127447194905514 18.434594183636182 18.755197114605902 19.06894360306234 19.351639570091145 19.577503382482615 19.722214660337343 19.76628333537191 19.69813977144522 19.516320306122385 19.230253919880962 18.859416634180285 18.430955531008962 17.97621866235144 17.526863058711154 17.11126149427167 16.751772243765515 16.463157016380606 16.252158454012523 16.118066017794842 16.05401521367874 16.048741410931832 16.088511770342006 16.158978003430004 16.24673494328388 16.340438588146096 16.431424051067594 16.51385094319632 16.584472063121268 16.642158373620177 16.687316978055865 16.72131622836713 16.745995185847125 16.76329548568498
17.090298342140837 17.117361402317222 17.150083370835386 17.193264971913035 17.252475217374673 17.333478112091964 17.4414509580512 17.580045825735883 17.750385451604366 17.950126132905243 18.17275589804223 18.40731490747408 18.638711855378677 18.848750463535968 19.0178671991587 19.127426335565303 19.16225648254508 19.112995366660424 18.97778422343871 18.762940879117533 18.482428329862238 18.156181247162557 17.807594332721997 17.460644394640497 17.137159978980836 16.854662235149583 16.62502568177456 16.454019212791167 16.341639785992655 16.28306016973654 16.26996834509212 16.292065930496463 16.338509560110545 16.39912037962146 16.465248294183738 16.53024911310333 16.589600225631283 16.640730883026148 16.682669028092505 16.715607689802837 16.7404761352483 16.758573170009008 16.77129090215183
17.253011250499725 17.27939197389605 17.304562858598608 17.332112304818523 17.366621031315894 17.413175716749567 17.476685832377136 17.561060412354294 17.668334438434606 17.797863835622316 17.94572840265201 18.104486059172327 18.263401258938828 18.409218379853755 18.527466038881325 18.6041698029926 18.627741056703595 18.590730792160397 18.491119529396585 18.33287471177718 18.125638177591462 17.883579319632968 17.623619487199612 17.36335283601366 17.119025688267435 16.903887016493513 16.72711317085636 16.593380998161297 16.503049428507747 16.452827736161517 16.436761825693573 16.447354691817992 16.476649474320226 16.517138527781363 16.562412526889343 16.607519868867456 16.649057552763168 16.685051372012893 16.714701173868242 16.738066789567448 16.755756710421505 16.768661200818862 16.777750469285397
17.41524136772596 17.44104994833222 17.45920707123096 17.47232432578823 17.484253521838582 17.499662751551384 17.523418925523703 17.55983899974075 17.61189973455921 17.68051571185025 17.764003976292514 17.857847246599096 17.954842499409313 18.045675769659937 18.119898907191228 18.167207481954566 18.178845731539784 18.148914010084898 18.07534540814887 17.960361343631746 17.81030682619701 17.634885222939168 17.445929663988665 17.255932751674997 17.07658709264783 16.917563137714218 16.78568205732453 16.684553421872934 16.614662779083528 16.573827776557444 16.557900013873432 16.561574397183207 16.57917610576211 16.605322536592695 16.635396669960237 16.665810648270618 16.694075673460794 16.718720473287092 16.739112905279306 16.755238700795516 16.76748146966143 16.77643354973158 16.78275239180118
17.57850489355623 17.604077757514673 17.61602832600529 17.61619984371495 17.607944810535084 17.595740372403977 17.584605641054587 17.57938956798768 17.58402183790251 17.600831850751163 17.630040434280986 17.669514532561852 17.714846557719653 17.759778439125782 17.796938958552325 17.818808171987573 17.818774349755543 17.792118678117973 17.73676161777663 17.653637668788374 17.54662893292351 17.42206938642516 17.287911819982632 17.152708202104417 17.024578286130797 16.91032770428869 16.814833163600106 16.74075266148792 16.68855774170328 16.65683437617938 16.642765994779147 16.642698926756562 16.652695879810413 16.669003071177805 16.688385301492122 16.70831390957943 16.727019084377947 16.74343626430982 16.75708473999194 16.767915988311703 16.776162308875744 16.782206256573755 16.78648109991019
17.741447352360005 17.767133414686555 17.77375297081724 17.762552477383867 17.73657099634977 17.70027511041893 17.658984684619522 17.618165587751385 17.58268694359531 17.55614755770645 17.540368523664128 17.535128116986876 17.53818344388795 17.545584201423388 17.552241561994634 17.55267504983235 17.541828793252822 17.515832376522024 17.472585951177244 17.412076122272786 17.336375076504527 17.24933174196601 17.156018171600355 17.062034500148684 16.972793237250965 16.89289614227493 16.825688704922218 16.773036880198113 16.735328036486447 16.71166157777441 16.70017007097096 16.69840136106517 16.703695487683813 16.713504226404165 16.72562125551238 16.738312347774485 16.75035331605338 16.760995900779324 16.76988742566066 16.776969590211575 16.78237704022584 16.786349566473096 16.78916488867938
17.900155370889188 17.92615449453568 17.928251605061067 17.907227053240256 17.865941149667066 17.80897324927408 17.742035915191543 17.671248581166786 17.60237537039985 17.54013466857336 17.48767452858123 17.446281498885114 17.415355723593517 17.392647082055266 17.374710536401658 17.35750837655403 17.337066911736926 17.310088656023932 17.274429902157692 17.229377154705112 17.17569072862731 17.11542371664375 17.051561681536395 16.987555362652028 16.926830342797505 16.872352730303735 16.826311086188504 16.789947478376423 16.763541161114716 16.746522860212327 16.73768015540563 16.73540688860909 16.73795155261529 16.743629091729982 16.750974252833974 16.758829098391026 16.766369607427677 16.77308460385482 16.778723991231416 16.78323297307105 16.786685833926988 16.78922840826946 16.791033854137677
