_RESULTS/CROSS_VALIDATION_POSTPROCESSED_80-20/Berg/IZ/4comp/2/Berg_IZ_z_180_kriged_reverse_4comp_spherical_2.asc
ncols 100
nrows 90
xllcorner 5.6208707817415728
yllcorner 50.959635321741573
cellsize 0.00013419651685393446
nodata_value 1.7014100000000001E+038
[rows 0 to 19 of 90, columns 0 to 43 of 100]
62.03095429777772 62.03095429777772 62.03095429777772 62.03095429777772 62.03095429777772 62.03095429777772 62.03095429777772 62.03095429777772 62.03095429777772 62.03095429777772 62.03095429777772 62.03095429777772 62.03095429777772 62.03095429777772 62.03095429777772 62.03095429777772 62.03095429777772 62.03095429777772 62.03095429777772 62.03095429777772 62.03095429777772 62.03095429777772 62.03095429777772 62.03095429777772 62.03095429777772 62.03095429777772 62.03095429777772 62.02067408900083 62.00110662399753 61.97944571295801 61.95866711528129 61.92851328326668 61.87951373714732 61.81360053482056 61.728280619156706 61.626485332664984 61.5135349499513 61.39482102633455 61.275458969367605 61.15972016298211 61.05025246284976 60.94722945657115 60.84779470448859 60.74639041722837
62.03095429777772 62.03095429777772 62.03095429777772 62.03095429777772 62.03095429777772 62.03095429777772 62.03095429777772 62.03095429777772 62.03095429777772 62.03095429777772 62.03095429777772 62.03095429777772 62.03095429777772 62.03095429777772 62.03095429777772 62.03095429777772 62.03095429777772 62.03095429777772 62.03095429777772 62.03095429777772 62.03095429777772 62.03095429777772 62.03095429777772 62.03095429777772 62.03095429777772 62.03095429777772 62.027486768278095 62.00401836791325 61.97954945695754 61.95452426051714 61.92904239231775 61.893344351989214 61.83401743399274 61.74768295028337 61.63916112492734 61.51403368685789 61.378445513344005 61.23899629900473 61.10240013311811 60.97479196882581 60.86057996132737 60.76089195222855 60.67207308765772 60.58541206543697
62.03095429777772 62.03095429777772 62.03095429777772 62.03095429777772 62.03095429777772 62.03095429777772 62.03095429777772 62.03095429777772 62.03095429777772 62.03095429777772 62.03095429777772 62.03095429777772 62.03095429777772 62.03095429777772 62.03095429777772 62.03095429777772 62.03095429777772 62.03095429777772 62.03095429777772 62.03095429777772 62.03095429777772 62.03095429777772 62.03095429777772 62.03095429777772 62.03095429777772 62.031442007429796 62.02279460150931 61.99795858984933 61.971505803836216 61.94311164904563 61.91267236265833 61.865065808585214 61.78427866322039 61.67475080917243 61.54168306393366 61.39109405890159 61.229980072557325 61.06636176243849 60.90908329336593 60.76714095137527 60.648234765353735 60.55627531844515 60.48803867081234 60.43066168111195
62.03095429777772 62.03095429777772 62.03095429777772 62.03095429777772 62.03095429777772 62.03095429777772 62.03095429777772 62.03095429777772 62.03095429777772 62.03095429777772 62.03095429777772 62.03095429777772 62.03095429777772 62.03095429777772 62.03095429777772 62.03095429777772 62.03095429777772 62.03095429777772 62.03095429777772 62.03095429777772 62.03095429777772 62.03095429777772 62.03095429777772 62.03095429777772 62.032589861780394 62.04293005878275 62.03067329842388 62.00548843999867 61.977417949153924 61.94582332005002 61.90155656772593 61.833944353992486 61.731646170746956 61.59836528766497 61.43925310194152 61.26055460848099 61.06995211873826 60.8768760000564 60.69264395298891 60.5301255147137 60.402361765606315 60.319276634555955 60.28160352154733 60.272490960501024
62.03095429777772 62.03095429777772 62.03095429777772 62.03095429777772 62.03095429777772 62.03095429777772 62.03095429777772 62.03095429777772 62.03095429777772 62.03095429777772 62.03095429777772 62.03095429777772 62.03095429777772 62.03095429777772 62.03095429777772 62.03095429777772 62.03095429777772 62.03095429777772 62.03095429777772 62.03095429777772 62.03095429777772 62.03095429777772 62.03095429777772 62.03305951900653 62.0473174703029 62.065295318338734 62.051648752518105 62.02675965395505 61.9976875512662 61.9550214757464 61.89068102308809 61.803335612495445 61.68009672858298 61.52283007210059 61.33632714749565 61.126672604617724 60.90179125088726 60.67210236076478 60.451213456501186 60.25638233353312 60.10799941446029 60.02652587851705 60.02440187909103 60.08901041355246
62.03095429777772 62.03095429777772 62.03095429777772 62.03095429777772 62.03095429777772 62.03095429777772 62.03095429777772 62.03095429777772 62.03095429777772 62.03095429777772 62.03095429777772 62.03095429777772 62.03095429777772 62.03095429777772 62.03095429777772 62.03095429777772 62.03095429777772 62.03095429777772 62.03095429777772 62.03095429777772 62.03095429777772 62.03095429777772 62.03242444087241 62.04704495815123 62.075458289121265 62.09827630354686 62.085510594899226 62.06177687295698 62.0267915710334 61.96728111714859 61.88389756830679 61.777045109614 61.63408659707874 61.453282537234 61.23867138245518 60.99562900751274 60.73157435109315 60.456901453102496 60.186350666002596 59.940795840544844 59.74859230974594 59.64461613217741 59.66254665706507 59.816682736911865
62.03095429777772 62.03095429777772 62.03095429777772 62.03095429777772 62.03095429777772 62.03095429777772 62.03095429777772 62.03095429777772 62.03095429777772 62.03095429777772 62.03095429777772 62.03095429777772 62.03095429777772 62.03095429777772 62.03095429777772 62.03095429777772 62.03095429777772 62.03095429777772 62.03095429777772 62.03095429777772 62.03095429777772 62.03127503862403 62.043609403243224 62.07218294556569 62.114566512051326 62.14159010143895 62.13182735631777 62.108131365757835 62.06036246434971 61.985813527438374 61.8851116770936 61.75896076045013 61.59842354895613 61.39561741431388 61.15341245692031 60.87570951296924 60.56844700694985 60.24068573106395 59.906236422758596 59.586557712598356 59.315178439894524 59.14174091732072 59.12552505159556 59.3014450214101
62.03095429777772 62.03095429777772 62.03095429777772 62.03095429777772 62.03095429777772 62.03095429777772 62.03095429777772 62.03095429777772 62.03095429777772 62.03095429777772 62.03095429777772 62.03095429777772 62.03095429777772 62.03095429777772 62.03095429777772 62.03095429777772 62.03095429777772 62.03095429777772 62.03095429777772 62.03095429777772 62.03095429777772 62.03818418810821 62.06392819377625 62.106098715664906 62.16137778218594 62.194430818900614 62.189867298178115 62.159587004611474 62.10075382262434 62.01356679634933 61.89804991191695 61.754126701158874 61.57797776517345 61.356037925582285 61.088161525421846 60.7766356829508 60.425191164561745 60.039910674764265 59.63075609342627 59.21461743474934 58.822130914019056 58.5117805888798 58.38140966981904 58.50260545941078
62.03095429777772 62.03095429777772 62.03095429777772 62.03095429777772 62.03095429777772 62.03095429777772 62.03095429777772 62.03095429777772 62.03095429777772 62.03095429777772 62.03095429777772 62.03095429777772 62.03095429777772 62.03095429777772 62.03095429777772 62.03095429777772 62.03095429777772 62.03095429777772 62.03095429777772 62.03095429777772 62.032958991536866 62.05251687582367 62.09111591110473 62.146369496275526 62.213812918561274 62.25544063247654 62.25492274260783 62.217075697770575 62.149843499613034 62.05299405762129 61.92595835767681 61.767843330079764 61.57686098772752 61.339990538182974 61.050950918539925 60.709879673834685 60.31773519882668 59.87683579769612 59.39151092500104 58.86936096612675 58.325506608971104 57.80132842425439 57.445399568386804 57.540548980874405
62.03095429777772 62.03095429777772 62.03095429777772 62.03095429777772 62.03095429777772 62.03095429777772 62.03095429777772 62.03095429777772 62.03095429777772 62.03095429777772 62.03095429777772 62.03095429777772 62.03095429777772 62.03095429777772 62.03095429777772 62.03095429777772 62.03095429777772 62.03095429777772 62.03095429777772 62.03095429777772 62.040801016501845 62.072176214339024 62.122908035055744 62.19056491709488 62.2700697980916 62.3227023462488 62.32431865346438 62.281495507498505 62.208850635595894 62.10580037142858 61.97121653196432 61.80298843672314 61.59891909376349 61.35261036884066 61.04938445659111 60.6863119152775 60.26175042004229 59.774827804996335 59.22543664714496 58.6134883206484 57.93709306282177 57.18998966639715 56.383828595498834 56.6045807282157
62.03095429777772 62.03095429777772 62.03095429777772 62.03095429777772 62.03095429777772 62.03095429777772 62.03095429777772 62.03095429777772 62.03095429777772 62.03095429777772 62.03095429777772 62.03095429777772 62.03095429777772 62.03095429777772 62.03095429777772 62.03095429777772 62.03095429777772 62.03095429777772 62.03095429777772 62.032499003625695 62.0528292733737 62.095113141266324 62.157084170754075 62.236289362955986 62.32789623663345 62.39201775083838 62.39777897370916 62.353067054415234 62.278170415665 62.172654012613 62.03447468918058 61.861323644773556 61.65024179658626 61.397341762209734 61.08893658016201 60.7140957965038 60.269099022129794 59.75146721523481 59.160582642311624 58.4979881688648 57.76882938854826 56.994646392786585 56.3283834565229 56.371189904512995
62.03095429777772 62.03095429777772 62.03095429777772 62.03095429777772 62.03095429777772 62.03095429777772 62.03095429777772 62.03095429777772 62.03095429777772 62.03095429777772 62.03095429777772 62.03095429777772 62.03095429777772 62.03095429777772 62.03095429777772 62.03095429777772 62.03095429777772 62.03095429777772 62.03095429777772 62.037439280781314 62.067252431956 62.11937114118151 62.191513956008606 62.28122810412451 62.384636822557646 62.45958910776083 62.47314781185415 62.431266391284105 62.35723944476737 62.25253814582279 62.1153112865778 61.9431140745069 61.73228450509555 61.47776208430506 61.171989220021906 60.79725704164787 60.345293514903275 59.81326742344532 59.20353330759915 58.526922415202755 57.81101890025143 57.12536090569632 56.63505173939338 56.54891060559131
62.03095429777772 62.03095429777772 62.03095429777772 62.03095429777772 62.03095429777772 62.03095429777772 62.03095429777772 62.03095429777772 62.03095429777772 62.03095429777772 62.03095429777772 62.03095429777772 62.03095429777772 62.03095429777772 62.03095429777772 62.03095429777772 62.03095429777772 62.03095429777772 62.03095703488295 62.044327488192295 62.08241218442209 62.14313198436335 62.22420580853672 62.32319885798713 62.43730347188261 62.52349588707037 62.548100543022514 62.514820078782854 62.44409863979345 62.34354126734301 62.21179878588479 62.046431444103625 61.84345662185095 61.596852646072506 61.298308092592116 60.935356415771466 60.48939157213179 59.955517614708896 59.3394513941417 58.66246254726741 57.96835453357958 57.33865125550629 56.89739241264723 56.75182394491801
62.03095429777772 62.03095429777772 62.03095429777772 62.03095429777772 62.03095429777772 62.03095429777772 62.03095429777772 62.03095429777772 62.03095429777772 62.03095429777772 62.03095429777772 62.03095429777772 62.03095429777772 62.03095429777772 62.03095429777772 62.03095429777772 62.03095429777772 62.03095429777772 62.031823089149555 62.05181780906894 62.09682521188602 62.164762065698945 62.253358497467836 62.36020951327069 62.48264974554718 62.58128113188279 62.61971952048641 62.60114399540814 62.53613543176845 62.44264593532187 62.320231811523065 62.16691472024431 61.97899513944651 61.74981904890367 61.46531860133494 61.11162677488651 60.67278982973095 60.135189282692444 59.50863345120734 58.821642891749406 58.12471398508663 57.4996287937618 57.0572085143898 56.88750120036137
62.03095429777772 62.03095429777772 62.03095429777772 62.03095429777772 62.03095429777772 62.03095429777772 62.03094496316536 62.03051665704618 62.0300408070466 62.02999869176622 62.03042610851175 62.030912315915565 62.03095429777772 62.03095429777772 62.03095429777772 62.03095429777772 62.03095429777772 62.03095429777772 62.03355791924703 62.058762908670815 62.109223268946955 62.182858184248055 62.27741435775984 62.39052102907953 62.51888735860555 62.63007282980476 62.684597108755234 62.68327820852407 62.63024440472636 62.545778397555715 62.43529243937057 62.29682813492725 62.12090728783852 61.90274386702419 61.63373114860612 61.296164439554744 60.86516164295199 60.32403606683001 59.67976763829863 58.968311327072975 58.24006955267538 57.571439743752414 57.085930853993474 56.90959816013476
62.03095429777772 62.03095429777772 62.03095429777772 62.02828008837 62.021741621575664 62.01355946807292 62.00560536234602 61.999349972740234 61.995816897249725 61.99554780835732 61.998583050137924 62.00446016635086 62.01223054994177 62.020492079587605 62.02743368614261 62.03088658874164 62.03095429777772 62.03095429777772 62.03533435511024 62.06424573963425 62.118589815814794 62.19629073290683 62.29511152085794 62.41271220387002 62.545194257450355 62.66672909684533 62.73882460091036 62.75617985376286 62.72246712424513 62.64825468741253 62.543126837062324 62.40352207503126 62.23173095360146 62.02771292616034 61.785556125578864 61.48399379201809 61.07374753312549 60.51468109389293 59.83902626990586 59.09491713518938 58.32351170497388 57.575376516424114 56.981431148045644 56.834497609764455
62.03075418307636 62.023873309579315 62.009497629002986 61.99062649358559 61.970026187886276 61.950167103062334 61.93315375413414 61.92065434263356 61.91383758754168 61.91332450014224 61.919161404228184 61.93081788553447 61.94720995491576 61.96674524849492 61.98738430567913 62.00671037739751 62.021999967573436 62.030287188414555 62.03655769927959 62.067606056027756 62.12419122601218 62.20424151277235 62.30553118320079 62.42574063575853 62.56075106952507 62.68798743394009 62.77861486515697 62.81554632785821 62.80195770028264 62.729732691543646 62.614992471213384 62.470151956790474 62.29960113395595 62.10718398395441 61.89459403935442 61.65248152402278 61.29936388946236 60.69180232222875 59.96305758071229 59.19443332801221 58.407979924221664 57.61664347822214 56.83402291467081 56.81105262605015
62.00755676386408 61.98011561386904 61.94672354031881 61.910668431929054 61.87502955592337 61.84259538775898 61.81577040592733 61.79647965263846 61.78608186913554 61.78530242486614 61.794195522459894 61.81214131738537 61.837878390494005 61.86956670248765 61.904872032084036 61.941060804740275 61.9750943109934 62.00371311888384 62.0294374022741 62.068459954494315 62.125600457198715 62.206233029913996 62.308135161741 62.4289926058998 62.56496893723016 62.69373936119862 62.800459681677765 62.85503917164799 62.84393561181041 62.77174040111385 62.64766189038041 62.492663553494864 62.31533339176355 62.12130733506866 61.91650882721733 61.70657926536697 61.449687342634206 60.75828388450698 60.014815783310596 59.25910391692899 58.510430516260556 57.80492562180284 57.25568139792049 57.121988077059285
61.948151112476744 61.899092332794666 61.84549419108129 61.790998803753425 61.73907607401655 61.6929180055179 61.655315351609985 61.628528130159324 61.61416533787322 61.61309063807233 61.625368698635675 61.65026108768041 61.68627242429611 61.73123907420589 61.78244640429897 61.83675790074614 61.890740389687004 61.94077312771514 61.9884241230305 62.04986375611854 62.12152105911276 62.20214639396712 62.30278922116344 62.42231466574664 62.55753496156281 62.68695092001697 62.798927575789335 62.85412814928482 62.84089356623367 62.767194326117426 62.64042881153373 62.47062441522804 62.2763448141483 62.06282174277239 61.83024400463145 61.563987903805625 61.193341004942056 60.632900291737144 59.96607376139197 59.27511071570951 58.607038330730774 58.018784312417495 57.603363944482886 57.45542284481221
61.85583125061663 61.783856145681035 61.70858654797839 61.634092842641095 61.56432866982562 61.502997102135545 61.453388054259925 61.418201782453494 61.39938043050801 61.3979732716421 61.41405906256557 61.44674007691666 61.49420896862122 61.553875825240745 61.62253298374516 61.69653187109482 61.77194901778697 61.844725146631276 61.914610758124454 61.99780554190393 62.09146608740633 62.18958797862272 62.289769052180844 62.40602180355948 62.538426537882245 62.666932258671494 62.76032422244059 62.80927093231509 62.793350548414836 62.71642605302414 62.58554842339129 62.40702942704559 62.188957658296154 61.94440540702352 61.66971607499261 61.3471515269399 60.94152870111264 60.430230026981036 59.84295602544813 59.23379273755466 58.65586165395433 58.167098692405084 57.83241549293642 57.70217515885646
