_RESULTS/CROSS_VALIDATION_POSTPROCESSED/MHZ/IZ/9comp/2/MHZ_IZ_z_500_kriged_reverse_9comp_spherical_2.asc
ncols 100
nrows 81
xllcorner 5.5967107548124995
yllcorner 50.982328804812504
cellsize 0.00017565037499993607
nodata_value 1.7014100000000001E+038
[rows 19 to 37 of 81, columns 0 to 41 of 100]
0.6638714067024568 0.7217219592841845 0.7672429674283185 0.7916646843007207 0.7881936059543456 0.7566417253343575 0.704114355664139 0.6404837949388278 0.5741312493393362 0.5106404882223156 0.45316283541061675 0.403149528296748 0.3609916872113801 0.3264903905908479 0.2989435943799826 0.2773087926875951 0.26104812317091175 0.24975587700600205 0.2431833032494128 0.24050051977814782 0.24016711963984566 0.2424130168128183 0.24701447339129318 0.2535989292175957 0.26241693269035643 0.2753761822850818 0.29301048485619885 0.31566719382448843 0.3437943582799712 0.3779029678161603 0.4185055399417182 0.46601034751055637 0.5205346172544357 0.5815673688756164 0.6473469247683291 0.7137186510434302 0.7723594640944949 0.8100879568869932 0.8125692325988859 0.7789449442189385 0.7223123434210345 0.6527142946997144
0.6580639783722979 0.7071015969174661 0.7428214492349864 0.758823643545648 0.7511542277499734 0.720477420478946 0.6720765487184809 0.6134816911806562 0.5517887655909071 0.49224866548738827 0.43808486976994215 0.3908961761357078 0.35090727700972446 0.3177962234136198 0.2911136200345736 0.2702523623532269 0.25466297632972645 0.24392315688107793 0.23777763936403523 0.23608612131667486 0.237242123748919 0.2401361053935811 0.24488873778737855 0.2515773075226975 0.26057475665808005 0.2733973035024507 0.2908215707738579 0.31316533818577436 0.3408326513054765 0.3742645446928484 0.4138623613030889 0.45985859996095135 0.5120986881165484 0.5696785372649491 0.6303726554694165 0.6898554102947747 0.7409142361089535 0.7698856140339261 0.7684777707927225 0.7379691598833428 0.6861314157114485 0.6221916685171905
0.6541445884417985 0.6980744201617173 0.727748107206088 0.7381492625072156 0.7267982664082151 0.6950202330746841 0.6476454126610312 0.5912447245154694 0.5321124992591288 0.47503578834163673 0.4230054547158741 0.3775889020817257 0.33924578294193947 0.3076901142453658 0.28237590242461486 0.2626996031591591 0.2481205905329096 0.23822884837377098 0.2327840362949364 0.2317442949428782 0.23444801244967392 0.23786820962012015 0.24258792867576873 0.24913695394472887 0.2583806004027226 0.2709479793803954 0.287657243260401 0.30922887490450296 0.3359187448344884 0.36806052114472754 0.4060193881562538 0.4499319433994419 0.49942232202949877 0.5533783413810207 0.6095244116100282 0.6637016175925157 0.7048248429398393 0.7246033983330546 0.719205826774072 0.6892671692683197 0.6400258698927489 0.5792591212979261
0.6497496015049761 0.6909976509183733 0.7176182603819654 0.7248203315585278 0.7105077890019734 0.6764393858103213 0.6277137861079892 0.5709317746502606 0.5122433150454795 0.45627954131868176 0.40601749614897953 0.3626238691658151 0.32626695883645984 0.29657932729372083 0.2729640802975256 0.25479302185440966 0.2415219848235619 0.23275254896738634 0.22826543309933212 0.22804486260857978 0.231790053053188 0.23584143663304297 0.24038609506351818 0.2467144365624317 0.255949276251191 0.26836470251995714 0.2840773050958568 0.3042766688566968 0.3296590093707983 0.3605111343328727 0.3968377073477082 0.4385761374787845 0.48527468857271105 0.5358439967186974 0.5881708939378806 0.633841023799752 0.6653478756322835 0.678279236535544 0.6696507403704832 0.639129868864832 0.5902184021184145 0.5302016286679421
0.6449109247544603 0.6854327636690566 0.7110925166029143 0.7164953268039141 0.6992437838490384 0.6615677710387974 0.6095658568555333 0.5506276875739707 0.491356525073626 0.4363150885206912 0.387718915747867 0.3463746625362985 0.31220439201166517 0.28466711064474104 0.26305682621607956 0.24668922188707249 0.23500405321806792 0.22761402901728336 0.2243274268783851 0.2251649371555305 0.22933204792394507 0.23408946951582735 0.23854989775053959 0.24455495746801026 0.25350624910912506 0.26548729793138476 0.2806271400091997 0.29970648475218403 0.3236732725966003 0.3527860802204466 0.38719827348223207 0.42657294238240007 0.47041776213405695 0.5177771296787645 0.5634972771670602 0.5998811132072281 0.6235893415183307 0.631632737240929 0.6214343059510561 0.5910406823731397 0.5414856860580911 0.48024359711786285
0.6391549278626452 0.6810018157689123 0.7081121741001924 0.7133529824407807 0.6929446940677928 0.6498651580406195 0.5924822584059976 0.5301489975579116 0.46981720768733626 0.4152394827689814 0.368173260738945 0.3289828612627086 0.29723806895831933 0.2721487831401189 0.25285039249915625 0.23857628760788474 0.22874206212514916 0.22297487760665435 0.22111985133557543 0.22300327560638686 0.22723780841034424 0.23264429409018023 0.2373591767693915 0.2428924227581953 0.2513736750824289 0.2631060231747916 0.2779646285087084 0.29598848124202537 0.31839064574299863 0.3455221555445582 0.37751452535113 0.41432318578201854 0.45524685160563033 0.4980706152789007 0.5349658930615089 0.5628369820131044 0.5796810307997223 0.583966810218956 0.5740970682294795 0.5462936352443687 0.495421611399351 0.43062578030915644
0.6311150643916074 0.6763033628123711 0.70807914806182 0.7158768581879975 0.6918885939410442 0.6404874327326593 0.5753910907267732 0.5086641900553586 0.4467728426707528 0.39267716532938024 0.3473195512715641 0.3105285541057587 0.2815302847157553 0.2592335159373144 0.24257432806909512 0.23068506560762525 0.22295751852821452 0.2190441102561005 0.21882947226982882 0.22127180757342213 0.22565043654480488 0.23134617135382665 0.2363090454095834 0.241204663432624 0.24920227215214177 0.2604465675367084 0.2747748483036827 0.29199763805203627 0.31300015025369876 0.33843138863237965 0.3682460407530291 0.4022237297399128 0.4399891085887903 0.4755071253393679 0.5038943455541214 0.5235418313426392 0.5334516618078011 0.5334015729463497 0.5238314705756185 0.5038090278886174 0.4507463816818454 0.3795883173160477
0.6182073386972199 0.6678215506432542 0.7082992625532507 0.7243754612894515 0.6959080336298945 0.6309572425853183 0.555930659488696 0.48445294560779195 0.4213711343456793 0.368191452434775 0.32500316444914545 0.2910989864556097 0.2652759633022449 0.24618279744851962 0.23252084485419952 0.2233096562100229 0.21793155098976644 0.21608711643782205 0.21694727174358538 0.21931682362756527 0.22333456346293545 0.22882912410229347 0.23386689606315478 0.23896339143064438 0.24621512877634918 0.2566557845874408 0.27012402801199376 0.2864114993087257 0.3058615466811794 0.329542303271455 0.3574074132660662 0.38922820937572555 0.4230492340249905 0.45145320299493236 0.4717096335706308 0.4832286902385464 0.4855748609253881 0.47898027292464573 0.46415889404181215 0.44025577254030773 0.3891895192809327 0.3242091267876671
0.5970434602971355 0.6489058909029124 0.6992711181406053 0.7366501044966487 0.7008064532925489 0.6135923469634733 0.5295241561074814 0.45572037742898075 0.3931639333713083 0.34182907015822395 0.30132179139496934 0.2707927333485717 0.24875420291493233 0.23336889998669066 0.2230901181997813 0.21683638611757705 0.21391697355709113 0.21336414247397742 0.2141511648705742 0.21629962010472076 0.21998700503777935 0.22523889942491576 0.23057447284700075 0.235989796286723 0.2427708510068784 0.25212274593556677 0.2644503292446516 0.27954056755055234 0.29739399513459724 0.31917593418390006 0.34493438008588945 0.37440928423432024 0.4030180834161636 0.42541050349360987 0.4395256918437952 0.4437918425482682 0.4384388577521353 0.4241514697189937 0.4009334668431291 0.3672632198710234 0.3211616148724713 0.2695307354953302
0.5654986356766326 0.612666178491789 0.6599874176019928 0.7017432080133473 0.6633158595910859 0.5736174786885454 0.4923592666659633 0.42207552316937946 0.36276914199298704 0.31431098884587444 0.27676868115319275 0.2499646963855381 0.23236844574183457 0.22136677870885613 0.21485572520721138 0.21147136869872993 0.21010159199933817 0.20982597192621208 0.2106064623445229 0.2125628349376361 0.21591877246613886 0.22115586838938506 0.22660630802229892 0.23207724362863166 0.2388556814213328 0.24720755142469503 0.2581648097236799 0.27184807108622444 0.28807603390660547 0.3079146531678725 0.33153210789421655 0.3581828890581061 0.3815276799850177 0.3983496579709168 0.40714315937424217 0.40628430409653077 0.3951928405385936 0.3744302409109164 0.34547121235908984 0.30892331031869963 0.26664094893899926 0.22308590309349044
0.525453272752646 0.5613822767482689 0.5913440852572339 0.6024195341867398 0.5734928908147319 0.5131916022684196 0.4472295652023663 0.38599564233535844 0.33237732699816935 0.2873822085668356 0.25227308890068634 0.22917394261473847 0.21701095330893316 0.21109640816693512 0.20820692095716897 0.20673516028430505 0.20600150114227622 0.20597379436944505 0.20673279393324298 0.2084506403574906 0.21161778688689659 0.21676606746011984 0.22206912058834113 0.22734814937241488 0.23384259309268066 0.24193302240935982 0.2516393402766473 0.26377314912755134 0.2783629007748063 0.2963120374702774 0.3178748674618872 0.3413326413863208 0.36019109426954254 0.37236043902749694 0.37659203607977554 0.37165197802681316 0.35693937647031687 0.3329055032818223 0.301054952561393 0.26425192528252084 0.22507556845167134 0.18671932241596573
0.48223348048326276 0.5060575506349309 0.5209785691815993 0.5193649992725193 0.49542023517518674 0.45285742265091294 0.4023619423949463 0.35192708914580395 0.305377503982794 0.2642787293100562 0.2298819571909238 0.20934902496006444 0.20479397623474824 0.20371533079167645 0.20303680086606032 0.20248046839065936 0.20218741357818046 0.20228438155129339 0.20290819634200574 0.20430211728088435 0.2073563993296969 0.21216566660696728 0.21703289398731437 0.2219104393054465 0.22781046311333553 0.23544311811463797 0.24477744644336435 0.2557014878764981 0.2686712911164457 0.28487132086732647 0.30457393642282404 0.32501789530168657 0.3403216687183818 0.34890292685010527 0.34963147843659526 0.3417366637946901 0.32470402961437234 0.2993192358812161 0.2671950504025474 0.23104545575844926 0.1943741012245453 0.15962707650426686
0.4410893655595221 0.45537820631553294 0.4611064127356179 0.45478471655868147 0.43461748080044166 0.40261834839922306 0.3639363074078807 0.32357902392574067 0.2848304686998917 0.24943533838905282 0.21846384977920172 0.2003854171992545 0.1996369225994794 0.1996731558865588 0.19955611816704746 0.19933666332678182 0.1991314862299199 0.19912397017513403 0.1994395314067956 0.20050479295871731 0.20326853820296906 0.207405780515357 0.21153025471198741 0.21581237586718477 0.22086509544250935 0.2277778995150631 0.2365815576244688 0.24716715271589015 0.2593215266469706 0.27403047662057006 0.2921641248936895 0.3101632404191635 0.3229159591849895 0.3290014293452497 0.3273690067214436 0.3175185084715373 0.29921353808111173 0.2734137841107622 0.24200590400051852 0.20738087991990314 0.1726721011270201 0.1405139977251145
0.40520903560755045 0.41287181235614995 0.413472043098358 0.40561248169885605 0.38866621804906 0.36386723566070234 0.3340544504662344 0.3024049658231184 0.2715546104603495 0.24344509324032687 0.2204150854231804 0.20640440300543159 0.20093893324901713 0.19900402039825685 0.1981010122365501 0.19752024270313842 0.19704904949656032 0.19671183681560586 0.1965551506563939 0.19722446412200173 0.19945661733804815 0.20248860243474942 0.20555278251685288 0.20897427061597112 0.21309637331822304 0.21906579158348263 0.2271859935036292 0.23736674171753736 0.24939229786052544 0.26403543447795647 0.2814755542074938 0.29788802858945307 0.30912274710306875 0.313749359014814 0.31070403731311336 0.2996158589751008 0.28063498259884295 0.254847770234561 0.22433690147347804 0.19142827343687846 0.15850365220902415 0.12821136613575618
0.37409882367040853 0.3780255489886219 0.3762598927178302 0.3684290572266746 0.3543494925184238 0.3348530692062523 0.3116758598201485 0.2869278417375967 0.26266124309404915 0.24079526333133286 0.22329897937992987 0.21124554870384837 0.204101337841348 0.2002654898893621 0.1980297619604363 0.19652860127863242 0.19539735173398715 0.19447800927292483 0.19374984969037046 0.1938696262512269 0.19527453370503536 0.19693868552311944 0.1988303145683129 0.20130718315365778 0.20465320870346232 0.209664055003522 0.21709912656558977 0.22684449029939224 0.23873306857909357 0.2535604494948857 0.2713473541301906 0.28805857763954307 0.29934869612930926 0.30374140853303033 0.30021654743525444 0.28853763065081683 0.26918766193561 0.24343969122511167 0.21357390224852968 0.18196409191229923 0.1507471089038112 0.12181828082938248
0.3458195648452275 0.34755783963727194 0.34492471214705467 0.33792287754488703 0.32649462228251835 0.31122338441125585 0.293278152573332 0.2741588379600225 0.25544905608867646 0.2386785065695176 0.22504934127880608 0.2143456156798179 0.20650561511142493 0.2010780090583523 0.19732300582477835 0.194669735090867 0.192768087676215 0.1913416771237352 0.19018946937062153 0.18956096311855963 0.18950448347307886 0.18948435197680868 0.1901183910097938 0.191884797852991 0.19498874428102309 0.19960074594121144 0.20648441345530294 0.21574440269828238 0.22752317183491155 0.24260748822537756 0.26087430694840213 0.2786696559876148 0.2914291255251794 0.2973731835435372 0.29495013514566737 0.2835857530251799 0.2641520410638336 0.2384219029480687 0.20897559855116163 0.178200623928735 0.14807267291634896 0.12011712815928405
0.3206852812249391 0.3211685145710159 0.31840609485045185 0.31252451233398165 0.3034857489938108 0.2916994693426274 0.2779863740340964 0.2634312069330053 0.2492180426740051 0.23646699472880023 0.22509318979688273 0.21492497836943508 0.20658458149969283 0.20008419257864155 0.19513625957042785 0.19144813930515453 0.18883287635281593 0.18713656661841316 0.18607523236837317 0.18441515676299067 0.18202426347545594 0.1802057459431852 0.17964123046946998 0.1806039766667159 0.18330355782150642 0.1878787680388667 0.1946277320343427 0.20400216304902954 0.21595835395071075 0.23136059886245228 0.2501830218689068 0.26954694281991537 0.2845536485202837 0.2931220269068259 0.2928683541471429 0.2823263800769026 0.262823940211523 0.23709339149165978 0.20806416599281355 0.17803356198944637 0.14875232542729988 0.12164535676022811
0.2986861410095484 0.2985475330761597 0.2960973772124688 0.291439702843104 0.28450461388453147 0.27558053140845373 0.26526341766300426 0.25434967144493453 0.2435557576294739 0.23316303447025447 0.22286074903277212 0.21309099787454258 0.20448239000443744 0.1972426838729056 0.19134077840845337 0.18668913094055747 0.183249888920224 0.18106863265471385 0.18068311651283442 0.17717414654306912 0.17255335822153717 0.16936065070216735 0.16772261615437126 0.1678469036735014 0.1700086061021847 0.17446943264606618 0.1813387619809223 0.19091513196299162 0.20378730236338483 0.22002932925656113 0.23939435940763099 0.26044574079179755 0.2781934108616913 0.2905296907522215 0.29404215972194686 0.2842910337475343 0.2640746661560373 0.23824758661005122 0.20957036847732488 0.18017286574342256 0.15174041096294935 0.12553850973776712
0.2796533220931492 0.27936334901145027 0.2775286037201991 0.2740901911645294 0.2689564110865099 0.2623543733575255 0.25473917490919284 0.246428156163454 0.23747354623549782 0.22849673608825388 0.21893272724965843 0.20945246007094434 0.20066125286850317 0.19285971052639098 0.18615416572219903 0.18056519248198752 0.17608102798321762 0.1726027437880624 0.1698809130114373 0.1659241024216716 0.16121677571317722 0.15736188275844104 0.154892644744271 0.15416915210993076 0.15564067148660196 0.15980139329510798 0.16695279839141391 0.1770547780700805 0.1908597535024862 0.2082544410917554 0.22867193235586286 0.25103160753372056 0.2712187944040552 0.2874404706572193 0.29795399045698356 0.2873731067389008 0.2657298089490824 0.24005809803105457 0.21220124060630174 0.18386465568764934 0.15652240406887455 0.13132648736767352
