_RESULTS/CROSS_VALIDATION_POSTPROCESSED/MHZ/IZ/9comp/2/MHZ_IZ_z_63_kriged_reverse_9comp_spherical_2.asc
ncols 100
nrows 81
xllcorner 5.5967107548124995
yllcorner 50.982328804812504
cellsize 0.00017565037499993607
nodata_value 1.7014100000000001E+038
[rows 0 to 18 of 81, columns 0 to 41 of 100]
0.14410863083425043 0.14595092668144372 0.14763303409621886 0.1490493556746638 0.1492498262899609 0.14643613980769332 0.14079370706770994 0.13282348482470144 0.12317798529471802 0.112519065187279 0.10142713979961286 0.09036963213144544 0.07970511612833048 0.0696894921460711 0.0604808207206106 0.05216256283351573 0.04475983013169441 0.03825451417036606 0.032598599789621506 0.027725271552682326 0.023557715215893196 0.024630132442658426 0.028840236878457038 0.03369189849522471 0.039203337712891896 0.04539138908260039 0.05224773840902016 0.059731508046775815 0.06776201280766984 0.07621249122781582 0.08490579841775057 0.09361315529704792 0.10205703794304347 0.1099128996896501 0.11680093956089803 0.122386575665009 0.12636035399097592 0.12844962860061515 0.12872771172319225 0.12877226935118166 0.1288384719365488 0.12890253445703723
0.14525984341839157 0.14729350561615945 0.14920608308407637 0.1508850201681228 0.15138612270982246 0.14873869490325012 0.14303470732702628 0.1348352803746205 0.1249165668102209 0.11401485368379341 0.10273083670442869 0.09152910173941803 0.08075475809523072 0.07064988483917169 0.061379042952943795 0.05303183546700396 0.04563835032153184 0.03919660726479425 0.03370431254596706 0.02924656083005356 0.02640372433897541 0.026882294024615026 0.030143508237909747 0.03465545163203432 0.04000275142503692 0.04609459295498923 0.05288566289941046 0.06031884477513686 0.06830501357346996 0.07671247795486567 0.08536022639434025 0.09394636124123858 0.10216088574076586 0.10971687698053732 0.11631181262714409 0.12164097479584272 0.12541386125908763 0.1273732564633366 0.12763291243781041 0.12775390074639398 0.1279562843844155 0.12877496693200005
0.14602222447459667 0.14821197705435768 0.15034023734896973 0.15231387432484003 0.15333716903477443 0.15114630184696853 0.14552070434810516 0.13715384565412084 0.12707088041659462 0.11607341985024663 0.10474852375138978 0.0935407481096734 0.08278331458006584 0.07271456653658083 0.06349279076058487 0.055217642079141184 0.04795370234641113 0.041737089916990905 0.0366351502814652 0.03283974917088802 0.030802544020836223 0.03105043504923123 0.03343622987383906 0.03733954803779713 0.04231182839903439 0.04815753898875021 0.05477064363019082 0.06206022091741757 0.06991718664767435 0.07812653537346707 0.08640839864447254 0.09454115635122551 0.10227698389113571 0.10934773013459245 0.11547376841410033 0.12037536101942797 0.12378652028062573 0.12547127308772804 0.12566222397484705 0.1258627577623564 0.12632167011528475 0.12880715608025564
0.14631380958746043 0.14858658227379126 0.15085737588082368 0.15308344202160032 0.15479519289579596 0.1535464717700279 0.14805187765188732 0.13950787094280792 0.12943530583412205 0.11855396749771233 0.10738056849035206 0.0963284891144682 0.0857211683316106 0.07579907391446979 0.06673045978948444 0.05862696656575291 0.051567376089331214 0.04563395593809019 0.04092339263830081 0.03760324813949901 0.03591908657720047 0.03606176689689134 0.0379697648487128 0.041367243574518056 0.04593198591768807 0.051463760065203014 0.057825361611353904 0.06488573239192129 0.07236792790171315 0.08006198485598354 0.08777596313569944 0.09529594072267634 0.10238899072462207 0.10880850414698255 0.11430146810125193 0.11861756366187935 0.12152016453777731 0.12279942470174192 0.12290944016537916 0.12319223160443048 0.1245936759202872 0.12877595899893668
0.14608293060253716 0.1483308848643368 0.15059873493733159 0.1528714780213306 0.15500597203862398 0.15505800290307084 0.14970895175524798 0.1413804183848006 0.1317267313798444 0.12127255565291303 0.11048808105824887 0.09977589843198535 0.0894627494686292 0.07980003760093672 0.07097181209945082 0.0631086668873186 0.05630635106228395 0.05065167680016334 0.04625527789628574 0.04323738149339618 0.04172663070469983 0.041800847931224995 0.043426130076029995 0.04645789788613963 0.05066256470779473 0.05587110205348165 0.06191302123367559 0.06847374577588272 0.07536227045653848 0.08240218838679927 0.08940275888874336 0.09615941812427449 0.10245664617354583 0.10807247979309367 0.11278417916772528 0.11637488060949769 0.11864144766425544 0.11940404267175803 0.1194779188427177 0.11994346008345684 0.1227053682610214 0.12846302272602314
0.14532860041840664 0.1474367679540059 0.14953515981970047 0.15157637340179403 0.15343462035963062 0.1533141047003763 0.14935880614727481 0.14240671291926513 0.133727139758104 0.12405306378288068 0.11391302239333728 0.10373554178310787 0.09386713099630566 0.08457886083003341 0.0760751517469281 0.06850653675481508 0.061985518453751685 0.05660352632711968 0.052452070768106665 0.04963232766818816 0.0482162754936844 0.048238689557447964 0.049677983583472016 0.05244162422102619 0.05634108300655793 0.061206491350139156 0.06669579716277585 0.0726131434093327 0.07878899870925202 0.08504557140300885 0.09119703053949557 0.09705140407917857 0.10241379653795081 0.10709029972817055 0.11089206082435098 0.11363933551156238 0.11516590541535478 0.11538528405564746 0.11547630118500286 0.11650009667949668 0.12048960097318169 0.12766478057385924
0.14410441553227785 0.14598599766696205 0.14780751411338355 0.14949076961935623 0.1508772014262252 0.15109942186912426 0.14829166121831627 0.14279220064837322 0.1353815313200699 0.1267612270583087 0.11749432003914445 0.10803848366566908 0.0987648711951724 0.08996783166530019 0.08187421299376968 0.07465487043051465 0.06843797020545637 0.06332223491511688 0.05938725333907223 0.056712232023155076 0.05535692721813927 0.05533957742393706 0.056646035491602374 0.05919933433399087 0.06281490268586978 0.06714769865031303 0.07198271379190858 0.077160781050311 0.08251369650691978 0.08786751208018037 0.09304567820265858 0.09787265721784316 0.1021777847265194 0.1057987545060338 0.10858411072839994 0.11039454333811799 0.11110354200934135 0.1109053580928886 0.11101461708790256 0.11279292760574666 0.11781147361993091 0.12620597548378043
0.1425016123980797 0.14411217499796947 0.14562600629322903 0.1469670895860562 0.14801493233589733 0.1485229408464653 0.14685897318013108 0.14273634450151154 0.13668497168358534 0.12928464848391846 0.12106905807879262 0.11249986287160862 0.10396362686407509 0.09577457254854248 0.08818064771536364 0.08137245280817237 0.07549394406749567 0.07065315117705391 0.0669308202469814 0.06438762450598162 0.06308396004177784 0.0630395925535244 0.06424622084546958 0.06661714785173235 0.06979702360659112 0.07350735539437385 0.07761274190182271 0.08196040462997242 0.08638812493437878 0.09073051594319617 0.09482464132956961 0.09851530734164904 0.10165968805279789 0.10413052009699993 0.10581705830406542 0.10662344785690701 0.1064652874755902 0.10607228288424925 0.10624078311358463 0.10874706133885635 0.11457815951204117 0.12395617872185455
0.14062454963323504 0.14195265249262928 0.1431712645418188 0.144225158112867 0.1450389692988794 0.14552622526157463 0.1449931967197429 0.1422318587505714 0.13757840691833992 0.13149805954842855 0.12446524492416987 0.1169208865940623 0.1092521973362496 0.10178513249144909 0.09478439905697662 0.08845834193353065 0.08296664583204533 0.0784289008284043 0.07493226310394274 0.07253694961911489 0.0712927535292355 0.07123715391824649 0.07236673669420611 0.0744664448517669 0.07709085590155497 0.08011642379120625 0.08341692745254507 0.08684831541581084 0.09025805354615864 0.093493396784183 0.09640893132438387 0.09887334560866054 0.10077485922182106 0.1020242923060492 0.10255461715548427 0.10231628778207855 0.1014460848488537 0.10098879208544773 0.10129713059974785 0.10433067908296592 0.11074827585709113 0.12084671792939557
0.13857337430959427 0.13962435049416752 0.14057224457210074 0.14138772059416443 0.14203174544792238 0.14245641118544658 0.14257436104671067 0.14117810189184454 0.13794837713077848 0.1332526731643667 0.12749840339637983 0.12109071052460722 0.11440417523626459 0.10776694472273549 0.10145430664016714 0.09568888466231866 0.09064497373244575 0.08645486738511188 0.08321543864583396 0.08099378872593041 0.07983489762629616 0.07978784885017055 0.08083951179325975 0.08250221785950342 0.08451701419818725 0.0867948405677092 0.08921937045196224 0.09165756499007166 0.09396981441486374 0.09601952164079942 0.09768206209366942 0.09885279821187311 0.09945336550180013 0.0994349215166111 0.09877668185363893 0.09748169523389826 0.09622674903712465 0.09559967293063261 0.09594836861395785 0.09924887486951273 0.10601327262240365 0.11659863845371467
0.13643764764717264 0.13722139997364183 0.13791952047851716 0.13852973256226248 0.13904301354870693 0.1394340638317339 0.13966269265852338 0.13945050685292323 0.13765707717184697 0.13438523943831074 0.12997579958364117 0.1247908358156405 0.11918270437874079 0.1134729308273073 0.10794052694992097 0.10281776761857189 0.09829111731215413 0.09450516097413938 0.09156778408763777 0.08955534619136046 0.08851716110588519 0.08850244362945735 0.0893664393861316 0.09052229343798819 0.09187688668815668 0.09335060020729018 0.09483870029542806 0.09622171941973119 0.0973760025471646 0.09818407419237317 0.09854455168346347 0.09838115366079563 0.09764994045760185 0.09625470916899857 0.09411139625415497 0.09168473083498326 0.08989541523872846 0.08892252934291044 0.0891620114327405 0.09246714971942002 0.09927359412240332 0.10997408684924673
0.13428949453000025 0.13476027995000156 0.13515589729500244 0.13553883972335612 0.13594842562394688 0.1363742167605729 0.13674933912742004 0.13697272572597183 0.13656816682003145 0.1347332154785287 0.13170578283834797 0.12780245686489364 0.12334720808113929 0.11864760194765503 0.11397957318022166 0.1095796591007078 0.10564283885867115 0.10232404812969526 0.09974168617191566 0.09798181638518005 0.09710216682979225 0.09714544305743603 0.0976829113303862 0.09829772544434438 0.0989531366999083 0.0995809158398812 0.10009035672525117 0.100378394764706 0.10034021143696381 0.0998798962406119 0.098920821963797 0.09731970556238712 0.0948121692145553 0.09155321974691094 0.08789176251220998 0.08475421195776948 0.08245559293233255 0.0811597955486303 0.08123489385568909 0.0843636636005839 0.09094829389952218 0.10137561473771944
0.1312758561406719 0.13119486470655675 0.13114941550595235 0.13124370009997097 0.13156340717417866 0.13211525474218222 0.1328075740291897 0.13350064193827582 0.13405842132725013 0.13395562093686636 0.13249728419579343 0.12991588643176016 0.12666212680589886 0.12303541278055113 0.11930216609981768 0.11569738405674133 0.11241996453182354 0.10963196655872146 0.10746031609897469 0.10599970463178485 0.10531571821402526 0.10537091024133037 0.10552036805521542 0.10557641994954348 0.10551271879160098 0.10527497469414733 0.10478936460721902 0.10397219863236955 0.10274021100101889 0.10101847490815008 0.09841267877257961 0.09479336639317948 0.09037195104300506 0.08547354995737282 0.08094763455881093 0.07717110625531248 0.07438476445605462 0.07278715052404995 0.072672941308153 0.07551329351560923 0.08169652692382968 0.09155759956612146
0.12699123543794355 0.12636320319293917 0.12586351985262006 0.1256438363365649 0.12587388823708112 0.12658898579844738 0.12763030407286743 0.1287966887632394 0.12992943835634083 0.1309055273719042 0.13135049196353948 0.13064386393260224 0.1288950256788901 0.12639110382480784 0.12364362826951691 0.12089222519525461 0.1183345019007936 0.11613545856846526 0.11442741013927313 0.11331141327017803 0.11285226710865277 0.11282116967847809 0.11258798959883262 0.11208944282762644 0.11131193253050256 0.11021783207530232 0.10875315943768618 0.10685653715401648 0.10444028530716659 0.10094220927105889 0.09632010268986471 0.09081489993319593 0.08478616442166134 0.07899821639607585 0.07378430979377355 0.06940322209484134 0.06613051710108012 0.06423570064468058 0.06395869148374761 0.06648510224629946 0.07218786692858663 0.08130196247970593
0.12174942783385947 0.12060649486769802 0.11964941516137058 0.11905360401683342 0.11917506836721951 0.1201361584858008 0.12156523230419146 0.12318819206255857 0.12489877189905971 0.12656647732301674 0.12804698213295407 0.12913824801925033 0.12926286784099997 0.12841791281368534 0.12676794231474425 0.1248966910180254 0.12310366923348795 0.12154033379792645 0.12034045465785152 0.11960831697034162 0.11932371364795535 0.11917267491740485 0.11858345761255741 0.11755992843873267 0.11610334289821538 0.11419525556593936 0.11180426777288067 0.10886214045508216 0.10470437710783165 0.09926914096141737 0.09283895590895429 0.08589759063509576 0.07908156883895257 0.07265719484626657 0.06685215017029816 0.061899520388723546 0.05810142659387331 0.05586741141628867 0.05551723431488247 0.05780905061121727 0.06304634413497655 0.07132735214113284
0.11586291983494597 0.11428365853960272 0.11293500783124671 0.11188921191974484 0.11179879058720808 0.11336685590782151 0.1154688309073374 0.11785635818253343 0.12036862093778838 0.12284793136831695 0.12514055561707904 0.1271040681802723 0.12861526191221298 0.12940952674335968 0.1292106116370535 0.12813709378918647 0.1267541968215375 0.12561054036221322 0.12490656355525556 0.12453153762023693 0.12436548433127331 0.12410399781681616 0.12320698497764648 0.12171467179467102 0.11964469285766696 0.11699973678700548 0.11376793171114816 0.10928657783353384 0.10331280598659387 0.09622172416200261 0.08867451014053172 0.08107781964003088 0.0737186690220034 0.06682303777052281 0.060567873987418225 0.0551154755214059 0.05071361264724878 0.04796800773309187 0.04771654278566182 0.049994514111928304 0.05481813026952605 0.062215312522454054
0.1096037777832756 0.10770560480846457 0.10616683393767665 0.10530662340240673 0.10574871751356499 0.10780559015515824 0.1105151162703145 0.11358906329343806 0.11684829996556943 0.12011540552753126 0.12321262847486707 0.12597084550422333 0.1282401529861221 0.12989919350554832 0.13086158228393976 0.13102686960380092 0.13025627180313032 0.12915431312561582 0.12829633423947956 0.1277608182201733 0.1276512038926126 0.12731555056285593 0.12617855136546735 0.12429852559245598 0.12171014983083923 0.11843829281809562 0.11406430712962788 0.1079867115030226 0.10077653534150696 0.09289383278465078 0.08474409821248297 0.07667120660511209 0.06894702467213852 0.06177028934114939 0.05527283234247253 0.049532699480560174 0.04460611891486126 0.04081961332513143 0.04105476897050349 0.04361162837778716 0.04792620728274113 0.054344191762362444
0.10317444384357216 0.10115138084531225 0.10006796574596184 0.10000219442808847 0.10112500163569511 0.10343941794771536 0.10660127528999615 0.11029551315610175 0.11428400741830126 0.11834746844834841 0.122270576658006 0.12584774555604517 0.12889495265562623 0.1312615325335759 0.1328387809671823 0.13356382505746636 0.1334185026039603 0.13239281006466785 0.1310965610609978 0.12999256965519074 0.12921763071428208 0.12855215718625487 0.12725796441169762 0.12510827220744805 0.12220339468679252 0.1185036352505357 0.11310180835085591 0.1062026402583702 0.09828983382533556 0.08982712858032388 0.08122683963674564 0.07283058454116652 0.06490144295740685 0.0576256461150575 0.05112182773420843 0.04545839074102337 0.04069793660022284 0.03723193795188551 0.03714261577412732 0.039110053700970246 0.04252780037827269 0.04784364428195489
0.09693278785304266 0.09533488354783747 0.09479536325633224 0.09534723972544923 0.09703713137726318 0.09981997383066901 0.10351036639520483 0.10786258878144435 0.11262369923700603 0.11753700350080612 0.12234356358583878 0.12679304215400913 0.13065961961619485 0.13375763947970232 0.13595303899834324 0.13716760036571468 0.1373009318240462 0.13630803775812433 0.13434277212686208 0.13236218423062923 0.13069692581018216 0.1291771333011198 0.12739704074552716 0.12529955466150966 0.12246677933565817 0.11823955281876117 0.11209758437323349 0.1045354164483433 0.09606099717323731 0.08715215159358075 0.0782264898792637 0.06962462304826952 0.0616058096926481 0.0543545266558299 0.047997789569757955 0.0426393129983036 0.03843734423317222 0.0357664459833366 0.03507540396046535 0.0360792209244693 0.03863400570209305 0.04324674256360557
