_RESULTS/CROSS_VALIDATION_POSTPROCESSED/Berg/TZ/7comp/1/Berg_TZ_z_355_kriged_reverse_7comp_spherical_1.asc
ncols 100
nrows 90
xllcorner  5.6208707817415728
yllcorner 50.959635321741573
cellsize 0.00013419651685393446
nodata_value 1.7014100000000001E+038
[rows 19 to 37 of 90, columns 0 to 43 of 100]
2.990860645596611 2.981786024924245 2.970078079064096 2.9560556974362227 2.9400614430430996 2.922468737889141 2.903690755184435 2.8841910941725524 2.8644957878736714 2.845205021901942 2.8270007150619043 2.8106426013808994 2.7969414756375426 2.786697192508746 2.780597266945045 2.7790939621435697 2.7823041649397715 2.7899809383850505 2.803480036027578 2.8323412289428833 2.876984389958403 2.9363791537003032 3.0096414697010583 3.095994068692654 3.194713476477567 3.305069361061488 3.4262575459602704 3.5543592306600127 3.6729271867176054 3.778783289167272 3.8709355203592066 3.9482163664619714 4.012528954328609 4.07606393689344 4.133433634400871 4.167151828513674 4.150225141651601 4.068479004606269 3.942421222880879 3.8007223890222557 3.660616479046615 3.530351244870278 3.4137913068617562 3.312435891566822
2.9870504616333213 2.9763310714329676 2.9628796780077513 2.947001524559108 2.9290246408779623 2.90930789542449 2.888251691129482 2.8663120602523526 2.8440187214240438 2.821996744288847 2.800988910236465 2.7818702624098113 2.765636800472065 2.753340135861459 2.7459431990690875 2.7441108459332253 2.7480190968400446 2.7572981271001504 2.772120931753211 2.8014540075604297 2.846700097833416 2.9064876283572727 2.9796581395078023 3.0652202616907256 3.162284080594544 3.2699935263656164 3.3874553316944853 3.513657562802777 3.640112750870598 3.7540620101373863 3.8536371462110086 3.9367945058091345 4.000793457579035 4.044216736967204 4.074867052392393 4.082510986374756 4.05367649374901 3.9833188374793638 3.8803207904203947 3.7601897143592784 3.636106024100471 3.516975008906941 3.4077990725250986 3.3103243723701365
2.983226602093719 2.9710271588777726 2.9559927017363026 2.9384111263183 2.9185903635283417 2.896866495300665 2.873615213318932 2.8492681656027465 2.8243362203068694 2.7994417949686663 2.775360949727386 2.753069930121927 2.733774719013597 2.718871876267786 2.7097623421546384 2.707486721173722 2.712412507946318 2.724523625315549 2.7427007380730424 2.7736936386273 2.8200891789149156 2.8802910143736833 2.9529890453994128 3.0370654143592306 3.131503259315328 3.2353032116717113 3.3474019665376527 3.466582700945521 3.591250938311502 3.7092499542682207 3.812153362101945 3.8980384458120936 3.9639288282344505 4.004938132553703 4.01936273287014 4.009493664572165 3.973172355149264 3.9082761785518705 3.8194896301638845 3.715724657993471 3.6066062855213867 3.4997090219181946 3.3991507779738495 3.3073340991798683
2.9796506112190224 2.966168283898968 2.949750056440318 2.930664147704896 2.9091943327464853 2.8856471027855446 2.8603623141737406 2.83372946736416 2.8062130859304726 2.778392580612082 2.7510239563255063 2.7251296534124667 2.702107638547948 2.6837947278087464 2.6723539865005237 2.6704062550811107 2.6785243784726 2.695371722307285 2.71869649158918 2.7515047579721745 2.798916029897003 2.8591784963088607 2.9308646617318717 3.0127595929252493 3.1037405155232096 3.2026817082773635 3.3083699094649823 3.4194162513415156 3.5341518682151607 3.650062532565699 3.754299603535288 3.8402071169115675 3.905233799270681 3.9462716041131807 3.9620507835297905 3.950126590026338 3.9095673008864336 3.8472815549511243 3.7674375697761207 3.675881624542314 3.579683650821333 3.4837849905515204 3.3918842116243026 3.306563976592631
2.976554853097557 2.9620188321641 2.9444555438788718 2.9241132967300443 2.901250355298845 2.876140190548421 2.8490796162372325 2.8204019878574087 2.79049950133726 2.7598622009899225 2.7291479842762323 2.6993088921459485 2.6718084709187058 2.649400717937318 2.636275455036067 2.63540054633453 2.6475831123331006 2.6704569099730833 2.7002939029758566 2.7360635624938316 2.7843669970901286 2.844312264217608 2.9144407722196704 2.9934955993779035 3.0802840984146593 3.1735844883312563 3.2720695666338084 3.3742309374115016 3.4782931605025236 3.5821119343514134 3.6827377000330586 3.7684052621271604 3.8327075940981588 3.873256193441595 3.8897833956439096 3.884126451316234 3.854086479585809 3.8007325337096525 3.728347211181468 3.6462619882170686 3.5601475777733405 3.473617132195503 3.3898035881433475 3.3111801415890247
2.9741342895352774 2.958803042060967 2.9403702625886057 2.9190667031264037 2.895127413357911 2.8687945854796935 2.840322065949201 2.80998304679711 2.778084044772266 2.744991870995555 2.7111888335875878 2.6773926673638773 2.645790159278765 2.6195229319195223 2.6027493453384025 2.6019522563391186 2.619791186188642 2.6508828650372847 2.6886010188437477 2.7291527986826356 2.778020269507721 2.837104589409647 2.905035262501875 2.980570904452306 3.062482020888993 3.1494802295096958 3.2401626811993594 3.3329570661866805 3.4260606536655454 3.517372965783495 3.604429368055042 3.6843514835628115 3.748413161846985 3.7894027795823617 3.807321104195894 3.8055478871946122 3.785070800972803 3.7457932436182215 3.690386338691715 3.6235629129969573 3.54954127269769 3.4725201987660754 3.3962990723196333 3.3241960220322713
2.972538598098017 2.956694606214516 2.9376986939049674 2.915769028744367 2.891123658017001 2.863981230892351 2.8345620821644713 2.803090190516691 2.7697971940532846 2.7349313290006507 2.6987787735186615 2.6629485272847404 2.6289261994323465 2.5975360811613273 2.5728802978120138 2.5694000812574505 2.597277907405993 2.6397539118710003 2.6861067718330007 2.732881550305679 2.7817690289412673 2.839124118354693 2.9040419912749655 2.975310495974957 3.0516690719482904 3.1317766922438905 3.214183877139609 3.2973014594363166 3.379364480664547 3.45839481766319 3.532172432824815 3.598232955201497 3.6539175530692614 3.6951280278065832 3.7151777735437763 3.7173832942081173 3.703264972944833 3.675185433772999 3.634788705533546 3.58347070650895 3.524468372189684 3.461158176560926 3.396755528616502 3.3340542287263633
2.971865474175284 2.955807631927712 2.9365762609023935 2.9143839694879854 2.8894412052630045 2.8619559356140174 2.8321329915366014 2.8001729812051663 2.766270671365232 2.730612759566198 2.6945220398495793 2.659550924631188 2.6251530983853795 2.5907712323191734 2.5560883119016364 2.5390135800879587 2.589879070849587 2.643357553247801 2.6962516496248234 2.747791628269879 2.797556328866256 2.851918638039941 2.912812117107622 2.97898290140503 3.049102288186241 3.1217673189895865 3.195496172104246 3.2687166368083256 3.339749091358176 3.4067896207258452 3.4679035438210293 3.521043868628028 3.5641115887509316 3.595072423947115 3.613009200698168 3.6190679945822013 3.610747596050764 3.590705601778843 3.56199836395336 3.5242076792040278 3.4784934714274978 3.427606535760202 3.3742617832908812 3.3209122388598273
2.9721559426879094 2.956190211963049 2.9370603029713505 2.914981241569948 2.8901667866314025 2.8628295713634446 2.83318122091615 2.801432629847043 2.76779489250671 2.7332119819088305 2.7001072448829406 2.6682279754815017 2.637213160715654 2.6071878118977887 2.5808381744517637 2.5770777144650614 2.6158051328032452 2.6676762317054057 2.721537911790314 2.7748298509773743 2.826263472886463 2.8767933582526184 2.93252985999807 2.992701739554723 3.05581872486881 3.1204331407235864 3.185063061386089 3.2481899637161185 3.30825242395894 3.3636395034537423 3.412693769593073 3.453735390805229 3.485151795278638 3.5055050611607683 3.5144776252729444 3.515121243729882 3.50786082271038 3.494068014459656 3.473332475822672 3.446684964298997 3.4127967018161716 3.373160102074945 3.3300683910858124 3.2856519411201845
2.9733923127530093 2.957821594780142 2.9391260595196362 2.9175307099516425 2.8932628639568403 2.8665540701420777 2.8376431407083063 2.806781417941569 2.774444219608763 2.7435927895793704 2.7148652009846748 2.6880988221248305 2.6635976667687733 2.6428961987778785 2.6307163771401507 2.6367375899426886 2.6660949640925327 2.7105308648202366 2.761249911156893 2.813683721394653 2.8652887968857548 2.9142665079351335 2.9633790544473375 3.016348034503482 3.071587716717262 3.127534199503685 3.182672556878432 3.2355364043625925 3.284699731007283 3.328767426113503 3.3663745796774758 3.396204157001545 3.417029150270158 3.4277796251095243 3.428722454954037 3.423112515426717 3.4118122846473384 3.3961356383240346 3.376744270030513 3.354640031580657 3.329628279562681 3.2995088336677414 3.265648353640159 3.229692869342472
2.9754990652975493 2.9606134143867417 2.9426684187183527 2.921904950810005 2.898571518544831 2.872928576929094 2.8452552919311187 2.815860744078416 2.7868272925146447 2.760666383594348 2.7372543963285323 2.716745731786888 2.699895177952285 2.6885909838972735 2.686438177770956 2.698010901014692 2.725189689333706 2.764891937695875 2.811956654191881 2.8619421057656 2.9120355408286414 2.9602028038973867 3.0049105459838366 3.0498959385361064 3.096635561630732 3.143433198714006 3.188747088161813 3.231181718762304 3.2694668984803026 3.302433693420802 3.3290000090452883 3.3481750802469263 3.3590859886504147 3.361023150016887 3.3549989547866477 3.3440798166608063 3.3292421877475866 3.3115520854357343 3.291727662456633 3.2706668755755763 3.2494947421068967 3.2259682561435135 3.199531687838416 3.17158239022964
2.978346546768546 2.9644147779881256 2.947509098698662 2.9278896773738854 2.905830089071171 2.8816238116281965 2.855594062024706 2.828495594216289 2.804059655096162 2.783004751168603 2.765339317645016 2.751391061908374 2.7420089556462792 2.7387839551261046 2.744039069528516 2.760086228021499 2.7877223771657156 2.8249873940792027 2.8688071796390524 2.916143150742158 2.9643354541248317 3.0111510538173385 3.0547027009188974 3.0935604532248164 3.1312429942480016 3.168434798067108 3.2035866504765935 3.235402780104969 3.2627947101981594 3.284830409732167 3.300698531284432 3.309697352401955 3.3112477791683665 3.304923355777362 3.2926957450957124 3.2771291947495436 3.2593410843223043 3.2400009669246903 3.2196542600091353 3.1993501510345372 3.1802343135805224 3.1622571992958073 3.1424850074651998 3.1218196200370327
2.987060155136465 2.9737085339415943 2.956518983397471 2.9364189845810533 2.9147322110395386 2.892217443202119 2.8681307460324454 2.844595338003453 2.82492354589909 2.809099264172658 2.7972129323518997 2.7896289291886873 2.7870874376750807 2.79075047561712 2.802053635681543 2.8221256807568555 2.850692789109684 2.886790129095267 2.928595690626412 2.9738366883413714 3.0201814110153014 3.0654124877444335 3.107491281851618 3.144622154966475 3.175398790983656 3.202543512590581 3.227181172946548 3.248162093990578 3.2646158581214793 3.275859712374313 3.281337452032613 3.280596096251178 3.2732920052690746 3.259309595668334 3.241642352698336 3.221982501396465 3.20152424948364 3.180775995762937 3.160231822616217 3.1406498394959863 3.1232394279681333 3.109116152135441 3.095359238834026 3.081345353396401
3.035844956377348 3.0223607811756863 3.0024391668635073 2.977182164909822 2.9481542844793966 2.9173150274971382 2.887055310878047 2.863378417336312 2.8482064111704113 2.8375133868776357 2.831186504515985 2.8295473857088997 2.833164096630352 2.8428280984613497 2.8592687517598523 2.882444099539104 2.9123341272940175 2.948297055728783 2.9890268787558947 3.0327577445264438 3.077476317057032 3.1210672928335685 3.16142149093978 3.19657431816188 3.2249032092932595 3.2453243842872377 3.259146330620952 3.2690611500423183 3.274534251807691 3.2751411753069624 3.270554777607601 3.2605216803549277 3.244872914464033 3.2241114164006963 3.201663286357099 3.178442548980768 3.15564760891617 3.1336897766605114 3.1130388127954554 3.094408451386473 3.0787188021242238 3.0672601389457164 3.0589307075003456 3.051025749830851
3.1304240677490145 3.1166999539069367 3.0935561689441244 3.062320998738619 3.024878261828773 2.983563609958931 2.9417705311900315 2.9064720599956013 2.8807995684281744 2.8673453186805182 2.8658139708819403 2.869613771663445 2.8787473486347337 2.893621404563549 2.9140033465485256 2.9399917510958065 2.9714664298805054 3.007849785896803 3.0480935168523935 3.0907471284650367 3.1340480523382266 3.1759959407516107 3.2144366845174592 3.247238536107438 3.27261385560522 3.289466336076337 3.2975113061986305 3.2972446876712427 3.2917717525706705 3.2819984093235397 3.2677760591908593 3.24898550750444 3.225566547859604 3.199171789550806 3.1726278178020753 3.1463906579354646 3.1216456048377172 3.098746193773509 3.078138047874178 3.060502396108529 3.0467112845891338 3.0377718061580397 3.0339571603287565 3.031707158546327
3.2716714215755798 3.2575678595878124 3.2305092125975077 3.1921202283181764 3.1447106671413185 3.091119305279895 3.0362161413050663 2.9872263275646747 2.9470805766243275 2.918606162511735 2.904777466839477 2.9085496241580038 2.9225560348829362 2.9414918546690014 2.9652417636881703 2.9937826552270006 3.0268470846056683 3.063850715292484 3.1038665237228167 3.14563655064545 3.187589100936256 3.2278346456724476 3.2641683481726442 3.29422748774434 3.3160010020598714 3.3284890013504973 3.331831744352413 3.3268133787600935 3.314364180519913 3.2954388615793877 3.272230344253936 3.2453947034597275 3.215088788348745 3.184390262375552 3.1544944008102282 3.1258242925912407 3.099569758032572 3.0760594959687233 3.0557175619527683 3.039201624586886 3.0273518824668564 3.0211309830869846 3.021226327008672 3.02426480874305
3.461894417742564 3.4472317278722686 3.4153175461950194 3.3681712865983933 3.30867717362293 3.240352156756903 3.169862398231206 3.104404222196479 3.0471670666031794 3.0012970351419295 2.9699335328301024 2.95627504195389 2.963234280047055 2.985423561640292 3.01202884422275 3.0427463526834964 3.077178866086819 3.1146948442706055 3.1544079459793672 3.1951743725060213 3.235580817002771 3.2738781828978656 3.307836311811719 3.334714449249074 3.3520376257608535 3.359112199366711 3.357041796600396 3.347273820500001 3.3308719469887587 3.308577336315303 3.281002442075624 3.2487492679422316 3.2137523286887766 3.179775224157684 3.1473547998840035 3.1168949368704872 3.0896244686697365 3.065891198988651 3.0461040776220107 3.0309083019871363 3.0211277504864253 3.0172847065615507 3.0194146504644483 3.0237411613678
3.7046796828767476 3.6892252637157097 3.6512009582393654 3.5931608904225714 3.518773844546219 3.4324885556812736 3.3429384576131786 3.2574317596810056 3.17974230647818 3.1134398793779647 3.0618981900774256 3.0282129528129715 3.0148465547487313 3.0249089433372087 3.053427185152226 3.0858148105536825 3.1211820963994383 3.158816085643163 3.1978066005626964 3.2370545199681535 3.2752774567969727 3.310952090647784 3.342033638800715 3.3652979761407797 3.376956949042429 3.3771224247702416 3.3691244253032706 3.3551382757050296 3.335917060159352 3.311650437634156 3.2825208019634733 3.249118312961488 3.2149019024059147 3.1811796266546644 3.1485065420956295 3.1176016658751124 3.0899715969049253 3.0661374906881433 3.046456424264435 3.0313571709472917 3.021324939476204 3.016864818141612 3.0184339532792865 3.0228289674294437
4.0047437218475705 3.9881931081263624 3.9423976223025807 3.8706490807205904 3.7777015703069052 3.6693187163942653 3.556093704093763 3.4460412988782494 3.343727449501298 3.2532666738785245 3.1783311978073443 3.121659683628052 3.085874111081316 3.073902560218427 3.0887356552096015 3.122023648006643 3.157710963584761 3.1948212033909913 3.2323469370643574 3.269132121811772 3.3039236639882716 3.3354292708608706 3.3622423942112545 3.381645675570413 3.385816700899258 3.3774857514720322 3.364702961856341 3.34852285429598 3.3284689301285435 3.3039944461167168 3.274818457965209 3.2430880274110514 3.210943982143771 3.178804441719548 3.1472624954810713 3.1170371026982995 3.089670886681214 3.065899785738948 3.0460960069247047 3.0307630499232996 3.0204654424183075 3.015730928708291 3.016973123774939 3.0214804126521173
