_RESULTS/CROSS_VALIDATION_POSTPROCESSED/Berg/TZ/7comp/1/Berg_TZ_z_90_kriged_reverse_7comp_spherical_1.asc
ncols 100
nrows 90
xllcorner  5.6208707817415728
yllcorner 50.959635321741573
cellsize 0.00013419651685393446
nodata_value 1.7014100000000001E+038
[rows 38 to 56 of 90, columns 0 to 42 of 100]
1.8335079582402332 1.8312968368662115 1.8274257413199682 1.8220948008557374 1.815252872374248 1.8071580657854172 1.805926379099761 1.8159636840508957 1.8371059026969596 1.869377403299894 1.9150499854197887 1.9858403222245469 2.0844979304769384 2.2128530728981906 2.37347243909483 2.5695403172480744 2.7979340010013147 3.05509879655254 3.3405688962775835 3.6526639427348373 3.9879613216264076 4.34074792938584 4.702345497296694 5.049260930676596 5.087043202481907 4.8520078579093715 4.585377204802666 4.2961803695891465 3.9945094169911664 3.6919664234857477 3.3973532812450626 3.114860942743432 2.852081837551803 2.6139745470846534 2.4029370085334394 2.2194201469324932 2.062153627626812 1.9290754952507334 1.8183837971254124 1.7283346746494253 1.6573632933015823 1.6041525261463307 1.5676768847636893
1.9054476278205938 1.9017355385411698 1.8919111276485354 1.8793993666624587 1.8645272149794008 1.8476974015572665 1.837012428307256 1.837398815376591 1.848719491795666 1.8710174001957771 1.9108420478577768 1.9777828123532084 2.07308303220178 2.1987600890035464 2.357642798867279 2.553308506030871 2.7889370188963367 3.0584416217039085 3.359555933509696 3.6902547851118785 4.045536672987142 4.412065217325136 4.753082542929583 5.011381294412731 5.06389625805259 4.91578276396883 4.678195125908944 4.395212801342834 4.087337652864219 3.769973752072705 3.453198948608649 3.150107676420968 2.870367064767634 2.619544853541687 2.399833752009421 2.211086315233942 2.0515672199339017 1.9184321297605789 1.8092518891927014 1.7218479956076393 1.6543594401002024 1.6052867312225125 1.5735128734587374
1.984268499569326 1.9798035010548523 1.9666684556165115 1.9465222038556929 1.9229488268323096 1.8967481101517012 1.875391014299686 1.8650632958385334 1.865656087222068 1.8775941702751673 1.9117809698206232 1.9734874757909366 2.0638878093960695 2.1850413683984167 2.3398589685450264 2.5320350333458084 2.7658742796067344 3.041316303920915 3.350206931458021 3.689309383639509 4.045217038739762 4.3859555031672155 4.681902024242937 4.886146922012012 4.947920202972905 4.864072275768614 4.6744670217701225 4.4150138079834065 4.11068127047113 3.7806799230270838 3.447490639199824 3.129443638797798 2.838511632587527 2.5807537236079554 2.35789489236147 2.168980291889652 2.0116177902626653 1.882354010080348 1.7780816453083874 1.6962323072082612 1.6347091835489738 1.5918962423295848 1.5666316506351479
2.0688571151945534 2.0635361582697693 2.0479032388307608 2.0229014077747833 1.9903431658661632 1.9541441228678906 1.9208785284551388 1.898694468607178 1.8876053578452938 1.8894806485957611 1.9166888562101962 1.97171877680248 2.055634977839248 2.170405378515988 2.3188642896501555 2.5046358032448817 2.7319429667375164 3.004612315552309 3.3144954416797683 3.6480291209364344 3.978153886128771 4.286266850775922 4.546608550486872 4.726860344472379 4.799275217421615 4.756026536186701 4.608106478060714 4.371725850107773 4.067533684638313 3.7266196515204153 3.3803171786480477 3.0522792257800866 2.7562298937117844 2.497906171157109 2.277961467900655 2.0943139840798892 1.9436923403659032 1.8222581359525494 1.7262408520678028 1.652760539175814 1.5995689322335578 1.565014726175272 1.5477846672776725
2.1576315113829505 2.1513460955497603 2.132909789106254 2.1035147037347004 2.064944446850475 2.0193378703223175 1.9732547741927464 1.9380375489978947 1.9143123320135544 1.9058601576101137 1.9246639796454559 1.971588650897723 2.047483987307309 2.1541096515515403 2.2940936497586857 2.470850513357841 2.688389817631131 2.9508864102561794 3.2518509923780936 3.558581066253572 3.857874453294902 4.1344477939980555 4.368496800534036 4.538066505972266 4.624278235554594 4.61494837845844 4.499880498682679 4.277483628963614 3.9674252838611332 3.6116507635772983 3.253079959248047 2.9198910440878802 2.625439809838363 2.3735307949811735 2.1629113308902674 1.9900636951603188 1.8507600439169416 1.740817019963363 1.656130104167999 1.5935555546741702 1.5507992057479567 1.5262659529851847 1.5181516465469966
2.2483855079273423 2.241031495936758 2.2195025311036227 2.1853010696920188 2.1406435719522867 2.088132556280904 2.0316375453151965 1.9828220368887934 1.9455665617799638 1.9260587150447057 1.9350812025791697 1.972553552276694 2.0390165019491557 2.1359229960613706 2.2655926932339367 2.431130944044493 2.636255152493024 2.8835971082257585 3.1557570376519903 3.4307506496951397 3.6969786356280463 3.9426901123207028 4.154086371422024 4.316972188368925 4.41650548487284 4.437695255995111 4.357677995009469 4.146250058620493 3.8160614755069733 3.4364138411875254 3.0667287703602977 2.73507847940621 2.450343776374347 2.21246476708814 2.017651177263736 1.8608838978546836 1.737116135930179 1.641829183345642 1.5710580597759056 1.521478976081094 1.4908690305114956 1.477783784498996 1.4793048407381164
2.338112276738102 2.329610298642507 2.304771633490055 2.265467079904979 2.2144222230356987 2.1547731931590106 2.089747786296304 2.029565645871087 1.980320250195321 1.94958171736603 1.9467783952731819 1.971739330615384 2.025327697932153 2.109140400764754 2.2255390127377868 2.3775780402842304 2.568830350951928 2.7906956800444727 3.030120174899915 3.2734009437160227 3.505723743797099 3.7186163215954195 3.9030203057224844 4.050221073693011 4.153598141036621 4.206115263853921 4.182306994654111 3.9865610372062195 3.6052763849121927 3.1944111085214764 2.8219449227595232 2.5030603047499183 2.237956923441107 2.0219725930485044 1.8489920910694706 1.7128765040831169 1.6081086064257806 1.5300577635687194 1.4750322813740775 1.4399583743056203 1.422715322441717 1.4220987114129482 1.4331414730183294
2.422824892713021 2.4131627404135876 2.3849758713302136 2.340521602252636 2.283085338178073 2.216388121232352 2.14406720616705 2.0719138627883695 2.007792954941004 1.9612773839054438 1.9428406045090545 1.9525034350106414 1.9909131618622657 2.059454964845246 2.1602607253636075 2.2961591801402115 2.466893649108842 2.655988070862981 2.8604474359645486 3.0716141169538345 3.272566913479032 3.454635402140201 3.6090374228669932 3.729187996643312 3.8175536270236843 3.876950526572518 3.91263368030779 3.7651776797930747 3.291375159992044 2.875586348934246 2.5240563094684774 2.2338437235691715 1.9987868762007712 1.8116590340395182 1.665288475754854 1.553174176963633 1.469793378745917 1.4107039936307675 1.3725184279434703 1.352766463029892 1.3495699988475507 1.3614822258584638 1.3818019045906915
2.4974140916183916 2.486741273685683 2.4555469956600335 2.406347019349388 2.342983955114283 2.2692902631915235 2.185220806935868 2.0955219334180564 2.0125538462788883 1.9485419929491599 1.9138316553500982 1.9079146854388698 1.9308933703429398 1.9836330673147118 2.0677720187840727 2.1856720258798803 2.327279145145619 2.482042760647373 2.649587163436479 2.8246035717108042 2.9903471846370526 3.138924674401062 3.263082197851898 3.356034911353497 3.4118443368769333 3.4262759449005817 3.386171494625243 3.1952896915968885 2.843376403133193 2.4927521490450735 2.1913460199708195 1.9440036104392262 1.7466224472143903 1.5927706095051841 1.4757201134703852 1.389328696913719 1.3284442878149605 1.2890331047079981 1.2681436292066188 1.2637931077882243 1.274772178267093 1.297924747280903 1.327573081196974
2.5556176336583656 2.5444956955222735 2.511383870719715 2.4585190349879658 2.387264231685125 2.2984347637145164 2.1989236126242386 2.094882029217865 1.9943417139579513 1.9130470930597019 1.8620568697661675 1.8404418772948783 1.8477202083237547 1.8841986910604542 1.9509786691766302 2.0476396928958125 2.1584882061533284 2.2802617866035497 2.41249772722888 2.551582414186851 2.681864063920169 2.7953140670037233 2.885028673341035 2.943628350110942 2.9626999034543444 2.9301947894311406 2.82507182799493 2.630412110962466 2.367651297656446 2.0960887043602026 1.8541921275969124 1.654234974268226 1.4965017240252934 1.376725098074862 1.2892592191121208 1.228584950052537 1.1900348097322082 1.170051718405745 1.166176453155645 1.1769172725235455 1.2012599324949884 1.234028419094303 1.2727827551621484
2.5902165953154177 2.5805161390643527 2.547784763936268 2.487199583990741 2.4008673348456315 2.2972819485728593 2.1842418702500552 2.0683353467369834 1.954927097209187 1.8575190056106798 1.790981669827146 1.7543058132980147 1.7464169661210245 1.7670561270993899 1.8167768945253262 1.8899069584826689 1.9726496111332992 2.0646068498634174 2.16514026335672 2.2713382780314997 2.3688920436423366 2.4496703063776626 2.506997932276731 2.5334556948956948 2.520702972080165 2.459212243049495 2.339733472277871 2.1611535667763695 1.9472718298309024 1.7327000255299743 1.540927392022996 1.3831528683481353 1.2615479239724035 1.173333864979385 1.113611363266475 1.0772197224586664 1.0598030855741623 1.0582052227480052 1.0704446546525592 1.0955303999459973 1.1307435178361978 1.1723306101376874 1.2196906349330703
2.5936011211466248 2.592712466378788 2.5551061252185745 2.4815386051977772 2.3820255267160344 2.2660938365184586 2.1420875642618684 2.016863454097181 1.8957504735743 1.7855598121271414 1.7048061142025752 1.6543155818241135 1.6324413247252996 1.6383801540866685 1.6720930701252013 1.722353794901964 1.7808183062473049 1.8473538586026597 1.921130276344844 1.9994261815264442 2.0692326757208153 2.1228335376997096 2.154119785527901 2.156547366688901 2.1235813701637962 2.0497237277970224 1.9328979433661353 1.778272359067374 1.6003094760504524 1.4234051385235336 1.2678469247291178 1.1426826203678013 1.0506249936501695 0.9895410688409387 0.9545262324262588 0.9401513441486669 0.9420097984525003 0.9572098365864132 0.9842210954757739 1.021635589125928 1.065631624563033 1.1153504536684071 1.1701699399599106
2.59489882845991 2.580196549154424 2.528374862736372 2.442655122044024 2.3323179632683386 2.20692510432355 2.0749291869199977 1.9432369756113268 1.817151418974736 1.7010272245668052 1.608162210539991 1.5455032619046047 1.5112619659519635 1.5041349162403241 1.522749365111491 1.5535621353841707 1.5921702249320786 1.638250770615091 1.6908097006262484 1.7470576822575186 1.795168832735735 1.8283638306912944 1.8413441417453769 1.828795528355049 1.786102479417953 1.7105288476030396 1.60291169523375 1.4692665131313603 1.320846114635511 1.1718401207475369 1.0403138997844827 0.9377357876567284 0.8678907227804669 0.8291718214641568 0.815739133685425 0.8209536907879483 0.839947144576233 0.870041015292048 0.9098708243901927 0.9562562440579023 1.0080846355133535 1.0651026307460967 1.1253676279935692
2.5649789224561474 2.5351853914656686 2.469813335006232 2.3738021865937453 2.255408683075755 2.1236518752791094 1.986739282387882 1.8514347418445622 1.7229218105201838 1.604917317131766 1.5056228358338084 1.4327804842539313 1.387990307674831 1.369683667284142 1.3749358752386363 1.3903607258896782 1.4136122913675397 1.4442054333263132 1.4810191030154822 1.5210065064710727 1.5534723779383792 1.5728434876055963 1.574644446908029 1.5546747420574714 1.5097093805258401 1.4384322909035023 1.3424519271145723 1.2269579288712564 1.1004579683563342 0.9735274389760274 0.8578262552108757 0.7684603714570479 0.7137538293150467 0.6936337268248305 0.6996090933524528 0.7222887163826327 0.7561697191864133 0.7988795044382864 0.8476411860570745 0.9013602036514061 0.9598796844754861 1.0232196484698999 1.0875961045782678
2.5008977442039444 2.4593273962170787 2.3838568201934742 2.280402921028707 2.156864401702202 2.0216982036127744 1.8826974001656906 1.7463491300302887 1.6176457127220056 1.5001639341159727 1.3982546383392147 1.3204285963462914 1.2671006119310586 1.2395212009960896 1.2338012438657127 1.2376831548091056 1.2497692477943796 1.2694308382099764 1.295442578698974 1.3242696944112657 1.3464485683053677 1.3575805103923788 1.3538815669197612 1.3319866889256893 1.2895270514361552 1.2257820673590125 1.1422539039164248 1.0429109255163498 0.9338956685478011 0.8228304648114316 0.7184390884518685 0.6332722136655111 0.586255872722302 0.5835605143633475 0.6085156473390192 0.6466212528662028 0.6926206399012755 0.7436604408406403 0.7989378977945031 0.8584521166501765 0.9223874397500329 0.9909962538885165 1.0587889154997427
2.4123591243877596 2.360851502548669 2.2779216980016277 2.1696397797580915 2.0435157037799025 1.9074278542600298 1.7686634148612403 1.6333411709231072 1.5062062237852596 1.390679286153753 1.2891749410918683 1.2087732348706879 1.1517313314493884 1.1171405846832783 1.1029536322608924 1.0986757843531088 1.1032456490704783 1.1158927906503986 1.135285742947857 1.157081970800924 1.173348325102046 1.1805808165873288 1.175517974028516 1.1553726798068993 1.1182752738851884 1.0637108859955915 0.9928373091921421 0.9085385131051612 0.8151214542216539 0.7177319629622849 0.6218558319696812 0.5344156592953632 0.48230744097879236 0.5033631354600637 0.5469271946282563 0.5963456308712256 0.6491473893846748 0.7052266924056307 0.7648907140784814 0.8285351769064699 0.8965708755562009 0.9693976985254615 1.0403576942172654
2.3084751275456186 2.2486579512997937 2.1602691888215095 2.049208891131801 1.9224884247517238 1.7873623440237827 1.650551384597586 1.5177428380561975 1.3933911508812744 1.280746561655441 1.182016906781932 1.1002794662903785 1.0410661748658898 1.0037069917876542 0.9845875483047415 0.974967759719987 0.9750411120044171 0.9838934289185022 1.0000523059065407 1.0179536202642034 1.031689278550138 1.0381989231785809 1.0345974890244212 1.018495385627266 0.9883293150395872 0.9436570470362938 0.8853409275719142 0.8155389471478102 0.7374616898922609 0.6549402903233349 0.5719719363873013 0.49283379854528664 0.4383397293913246 0.47202487320759007 0.5200793963035595 0.5715318415178123 0.6261043508652855 0.6841057537011707 0.7459580762043616 0.8121098706042982 0.8830089291096257 0.9590904788999112 1.0332794055754495
2.1971179314552343 2.1306163978697334 2.0384336447368634 1.926182636236127 1.8003294461397696 1.6674859607304169 1.5337783436667176 1.4044256714669598 1.2835606038401135 1.1742487800911825 1.078633581846507 0.998151114304665 0.937154924327736 0.8977241160255962 0.8769352492984961 0.8662934741351961 0.8650039602762387 0.8726628827065872 0.8879713171053003 0.9045511016526058 0.9182888107459789 0.926310668814727 0.9260055218098427 0.9152747024562742 0.8927737427395425 0.8581167518059919 0.8119989036053947 0.756199496555372 0.6934725266125351 0.6274379092686222 0.5628646024903874 0.5076859943480122 0.4782492150038587 0.48922709114008245 0.5245990640446906 0.5704584698459059 0.6225536395017022 0.6797670054699821 0.7419320502815229 0.8092232198161485 0.8819539460999748 0.9604964822103226 1.03818646872184
2.084667115881448 2.013095030485277 1.9185785968111393 1.8064004233343014 1.6824815484726152 1.552804984679779 1.4229045367104167 1.2975175843450468 1.180434145597055 1.0745180896724744 0.9818464731248434 0.9039034743721647 0.8421766901485229 0.8008262566899769 0.7789601480674228 0.7689665141208476 0.7695888493132603 0.7797978298877093 0.7966878669509095 0.8143647591504466 0.8299887918504636 0.8410620190546654 0.8451956186848301 0.8405305173201814 0.825908981638076 0.8010190288838087 0.7664897893702051 0.7239236932119901 0.6758841722024348 0.6257665955780918 0.5783919760148445 0.5407373334619123 0.5211339313974328 0.5249436093673868 0.5498150039120336 0.5883123105138143 0.6359896623920651 0.6908414977240018 0.7521011440117263 0.819591877028943 0.8934271815201104 0.9738688544044841 1.055257955584066
