_RESULTS/CROSS_VALIDATION_POSTPROCESSED/Berg/TZ/7comp/1/Berg_TZ_z_63_kriged_reverse_7comp_spherical_1.asc
ncols 100
nrows 90
xllcorner  5.6208707817415728
yllcorner 50.959635321741573
cellsize 0.00013419651685393446
nodata_value 1.7014100000000001E+038
[rows 19 to 37 of 90, columns 42 to 83 of 100]
0.23207305200659387 0.2316319086964325 0.23286247093295048 0.23551588835627113 0.23874434167962377 0.23902186775844317 0.2357495930554353 0.22907993419181472 0.21938062785184795 0.20719649397940026 0.19318557988195748 0.17804646942305588 0.1624520697416425 0.14692469331705588 0.1316592483024969 0.11711553276242292 0.10294452068902664 0.08939602307039551 0.07782921043391339 0.06836489366122905 0.06120635826699097 0.05673557619951989 0.055442829739663614 0.05753527166826974 0.0626971208857221 0.0704412526572369 0.08043316715879024 0.09250251280514589 0.10655511510163766 0.12249834226597923 0.14018930073177205 0.15939790933240644 0.1797802602561098 0.20086159209712573 0.2220303864371843 0.24254592574146375 0.2615614521381023 0.2781640091759553 0.2914302723221021 0.3004953970644457 0.3046294634082524 0.30482686775789924
0.23819753539289726 0.23699624133728406 0.2373188852113854 0.2389830769606016 0.2415508958198253 0.241733027191886 0.23855239187371957 0.23220929643837043 0.22307414008554022 0.21165626302081988 0.19855466637162084 0.18440189701830673 0.16981214340083062 0.15521727970460877 0.14079689735988127 0.12604058521993755 0.11109364573805905 0.09785959249144774 0.08669046680512284 0.07771797085480546 0.07112248206179775 0.0671469266475852 0.06602883734481113 0.06785482489532663 0.07249133206276553 0.0796902664998682 0.08922418180885021 0.1009288414251989 0.11467885144617676 0.13034281153633998 0.14774119299470287 0.16661194804098683 0.1865846271397114 0.20716401147887614 0.2277251238188228 0.24752186256818345 0.2657111573847718 0.28139344562020235 0.2936685072905859 0.3017034794687743 0.30480751956676666 0.30482686775789924
0.24629947831690852 0.24443445874623176 0.24400385885502943 0.2448749968974932 0.24687836256038947 0.24739404625014808 0.2446653490457517 0.23892524348980887 0.23054677971251678 0.22001595966921147 0.20789202960257605 0.19476300037478833 0.18120443886685367 0.16737162380059512 0.15222546820671654 0.13622548514138896 0.12141040870652933 0.10853018738803762 0.0977359016188692 0.0891654342315083 0.08296608136728302 0.07929384751744459 0.07827647720231391 0.07995715240338755 0.08427102074183301 0.09108060211356644 0.10023351519138342 0.11158904862262216 0.12500937601465825 0.1403350875193263 0.15735397257147368 0.17577214902730195 0.19519124365355733 0.2150942203196698 0.23484232739344452 0.25368549655867156 0.270787927158747 0.28526938602066226 0.29626097952535474 0.3029719983380936 0.30482686775789924 0.30482686775789924
0.2568455407486456 0.2543578935858774 0.2532702547219979 0.25348429205488676 0.2548859516816013 0.2560442138579171 0.25412900250011056 0.24929147169774685 0.24190601554118304 0.23244336638245044 0.22143713612677282 0.20943958143190955 0.1960841653083211 0.18086546810245158 0.16421810409957116 0.14815401665513048 0.13376119358117008 0.12126144243810766 0.11082485797442872 0.10259181432409409 0.09668744787359923 0.09322177513420628 0.09227357508994193 0.0938685095706791 0.09797047215219434 0.10449432956434916 0.11332743285971049 0.12434628615015247 0.13740721612990422 0.15232844611412422 0.16886852682845707 0.1867031952213915 0.20540667694425077 0.22444076756825185 0.24315455770230493 0.2607971921654822 0.2765452333484321 0.2895448842348695 0.2989675397604662 0.30407504828771986 0.30482686775789924 0.3047420632334102
0.2704075053975262 0.26729254229192945 0.26559569941619454 0.26523993825732795 0.2661388550183508 0.2678233346895791 0.2671025112913927 0.263504554140951 0.2574032988719655 0.2491997820590349 0.23859281304840102 0.22568341103138775 0.2107906165239701 0.19400977937802993 0.17730933610388352 0.16185351289361677 0.14796572072284442 0.13589253658767694 0.12582191210790472 0.1179000986759467 0.11224327402873545 0.1089408054871294 0.1080504431569151 0.10959068207802838 0.11353763821441375 0.11982927334549735 0.12837226520226913 0.1390451764822086 0.15169845185411113 0.16613034275666227 0.18207212930061906 0.19917095412204214 0.2169754472204762 0.23492859304350364 0.25237076819321014 0.26857386441974357 0.2828037177499083 0.29419405095830176 0.3019067168132135 0.30521191455804575 0.3050715774846642 0.3045445474209934
0.28769211812994483 0.28390502121474925 0.28160504810013415 0.28072602274117964 0.2811992214147188 0.28294413443688293 0.28360263417833775 0.28092343574361367 0.275004756674028 0.2660330632719092 0.25429006872154836 0.2401521271321004 0.22399689882426943 0.20756040280221857 0.19177096627729218 0.1770654268813876 0.16379139925880506 0.15221897907376672 0.14255489609554867 0.1349561203070667 0.12954023157813976 0.1263908869870653 0.12555864531097566 0.1270594908084513 0.1308739686262709 0.13694795026992765 0.14519311213412117 0.15548384991122013 0.16765409110450877 0.1814860582728223 0.1966849600242037 0.212871423640238 0.229587549539322 0.24645571300706032 0.2628215907669713 0.2778690686786196 0.2907235593537989 0.30050655333002335 0.3063775252012595 0.3075629540745993 0.30693900420702885 0.3058855785096982
0.30484680412222215 0.30117224279677796 0.2985826336581696 0.29708428397601144 0.29660158502291306 0.29698372738773676 0.29749974675342616 0.2948381451285958 0.2885944693897498 0.2790304935255787 0.2665057677758593 0.2520734594072708 0.23704784436981058 0.22192366630397467 0.20724148441699924 0.19345449753597466 0.18093140201868108 0.1699644343498961 0.16078003400109073 0.1535497666567459 0.14839955020915127 0.14541598263981143 0.14464965024795143 0.14611627474289682 0.14979679420603428 0.1556367099118404 0.1635438469809056 0.17338307480854465 0.18490995309027847 0.19787035298521974 0.2120192296995949 0.22729047337954286 0.24331565697720717 0.25946625110625793 0.27497118011096483 0.2889305900255867 0.30035364017342586 0.3083154521258543 0.31184194498863765 0.31158259467983535 0.31053793088231285 0.308925507107516
0.31641647045515503 0.3129788893742359 0.31020042890867433 0.30810027255815725 0.3066187309446932 0.30562368534114653 0.3049183410190617 0.30260789288325907 0.29642628775094615 0.28696198362866654 0.27579590079598454 0.2634661552549541 0.25020973022920057 0.23663111059102473 0.2232717507951722 0.2105951114460493 0.1989865620637824 0.18875807678863454 0.18015562342069533 0.17336745370485954 0.16853180556434869 0.1657429821982662 0.165055375824498 0.16648554274733685 0.1700126319240934 0.17543632590396135 0.18252341226022387 0.19120986114386698 0.20137561539473142 0.2130001724864855 0.22621332765345056 0.24066092952280005 0.2558502817082411 0.2711499595673574 0.28578402080407767 0.2988457807222677 0.3093264797055824 0.3158937747050599 0.31772078727798847 0.31732683096200265 0.31583726381222194 0.31362406030747936
0.32144728708629156 0.31830753883171986 0.31540304572981254 0.31276318469118847 0.3103449345222714 0.30803901894525587 0.30568781861641375 0.30348330003469504 0.299319026191857 0.2927205529026322 0.28428519357255905 0.27417552130482753 0.2629270023722296 0.25113149045787164 0.23932209410027325 0.22796449026355023 0.21745460267302671 0.2081202213271125 0.20022508154700744 0.19397428056064484 0.18951996139542582 0.18696632614556288 0.1863733456475702 0.1875322452964302 0.19014896762458044 0.1942751132972886 0.19990781750052902 0.20699094495182105 0.21575063408299308 0.22635491602145807 0.2385474854547375 0.25196360969448633 0.26611436503806596 0.2803703924066717 0.2939548965344399 0.3059569460455163 0.31514096010136 0.3202116065023989 0.3223206434401405 0.3231138262616528 0.3223799426850571 0.3199534568261864
0.3194207763004067 0.31664029881865513 0.31377843136777483 0.3109483896886677 0.3082593008158622 0.30581558129157427 0.30371764533028434 0.3020633291593961 0.300580825257157 0.2970841717410739 0.2913010037309047 0.28360374678783895 0.2745832693289459 0.264800552407626 0.254768827381884 0.2449456482581448 0.23572950863338785 0.2274585076791153 0.2204107937851397 0.21480669184500106 0.21081189906226647 0.20846470193800537 0.20721809197468735 0.20710712031258147 0.20826377326034756 0.210753978864949 0.21458790918607776 0.22017262180775793 0.2277716534763231 0.2371858389402565 0.2481675279491697 0.2603704155936454 0.27331575413935694 0.2863821580684253 0.2987965638167469 0.3095517541640907 0.3172236541096723 0.3218430625654516 0.3252968954434571 0.32738358495565273 0.3278498807195684 0.32650312119464314
0.3151110543477229 0.3127567854080737 0.3103437362154417 0.30797349029903687 0.30574583164283814 0.3037582380933863 0.3021066250035276 0.30088703016725665 0.3001978947982995 0.29937855938618246 0.29626280654904524 0.2911301551100057 0.2845237902720565 0.27696171035692535 0.2689224311367774 0.2608424094735869 0.2531131978106315 0.24607657053084073 0.24002048724502562 0.23517740689064337 0.23144923085328092 0.22817408289022156 0.225588545687531 0.2239192117174726 0.22331738633145407 0.22387039318533128 0.2260485187389255 0.23034015756020718 0.23660661907975683 0.24466280028448525 0.254271191899524 0.2651141749258619 0.2767308889498562 0.28851456472497355 0.29969573869778443 0.3089972974689009 0.3158628342896295 0.3218724304347379 0.3268154811987221 0.33032286716669107 0.33208357781267794 0.3318693853140628
0.31136285666566643 0.3094081996492657 0.3074203077746598 0.3054902152195456 0.30370874586347557 0.302166083331632 0.30095252411554824 0.3001604642529009 0.29968573152929684 0.29928574132400854 0.29862607249569423 0.2961439300215457 0.29208833810863055 0.28691907938572325 0.28105892297035445 0.2749077411253491 0.2688406072359233 0.26319634263127273 0.25826744517586325 0.25386546783480785 0.24919386614772518 0.24461330439404014 0.24046143884929577 0.23699416249147698 0.23439456303840492 0.2330829705995545 0.23387995396868388 0.2367372472837975 0.2415254338465509 0.24808000350314768 0.2561891083764868 0.26556863022419025 0.2757833912454317 0.2862482222904828 0.29609897773837 0.3045790026717402 0.31281058299916364 0.3204649395965606 0.32706079872048643 0.3321376350662813 0.3353056349786716 0.3362852860159895
0.30825321914634896 0.3066759233459174 0.3050933119130172 0.30358710062404015 0.30223980638843745 0.3011342750660851 0.30035421911832694 0.2997807541582492 0.2992284738302903 0.2987332342377702 0.29836034762404684 0.2980839554184922 0.2966549710996113 0.29400445593574137 0.2904647194983219 0.28638475615878206 0.2821175198277502 0.27799372909167 0.2738915845554158 0.2687314248677917 0.26290378027660316 0.2568617923362555 0.2510075888956989 0.24567435025086773 0.24115668775175733 0.2385153520192585 0.2379213496751781 0.23928313117559316 0.24249362325085388 0.24741549234600593 0.2538644741084841 0.2616063824904748 0.27026732814587406 0.27932420843013306 0.2885880708861366 0.29842159917583433 0.3083430552366536 0.3178128642068096 0.32624295658759894 0.33305756269643294 0.337762909963794 0.3400077896167287
0.3058514022698612 0.3046337192280756 0.3034408212093783 0.30234647829268146 0.3014259076637455 0.3007447338389567 0.300130237031528 0.29950226364731763 0.29887339943512975 0.29826859587616233 0.29775264120701234 0.29750314437742875 0.2977088084783028 0.2976412889002491 0.29649185891863716 0.29455611602010057 0.29216789467138293 0.28942224834041685 0.2849277498453816 0.2788735184709393 0.2719085434178827 0.26455614116710047 0.2571747861090303 0.2500570452871681 0.24413693219381516 0.240181068479864 0.23813262747817854 0.23792892651393677 0.23949568186869327 0.2427330196288643 0.24749607347481015 0.2535929557032227 0.2607737496808699 0.2696562401794354 0.27988966772398927 0.29104007219335487 0.3026675750441309 0.3141370768088636 0.3246040173915678 0.33334405961014946 0.3397301359451728 0.34331639037361994
0.3042211967042315 0.30334969702624753 0.30253524763308964 0.30184516451283033 0.30126341662055994 0.3006543428132025 0.30001819962623455 0.2993595074720321 0.2986831709954142 0.2979957020398699 0.2973123822196651 0.2967930479329257 0.29724191291382995 0.29792233244391747 0.29860907162789485 0.2987923761231146 0.2982658830453795 0.2957305797541848 0.2907587113389291 0.28410693774858453 0.27628150835061316 0.2677347065049982 0.25886419341593053 0.2502076961842995 0.24313966102230702 0.23785081973860434 0.23431680518329182 0.23251146729280484 0.23240254287652692 0.23393816494354497 0.23703971756734113 0.24218153757971828 0.24967355454983461 0.2593711254548468 0.27067432685718285 0.28321159053840106 0.29647689166659824 0.3098049276661333 0.3224193422455632 0.33329665571388284 0.34151689678006414 0.3465156992549743
0.3034228799034418 0.3028880184933318 0.30238794340167363 0.30184824927780296 0.301272357482148 0.3006652709296276 0.30003180344015634 0.29937697681558995 0.2987068211030717 0.29803097500808085 0.29737701645673476 0.2969444289460489 0.2973123313775835 0.29795947455521 0.29863494958682596 0.2993062816457343 0.29921387728852683 0.29661117780141527 0.29155541958527137 0.28447829324665097 0.2758848208032971 0.26625316876195754 0.2560184348575124 0.24628625845849061 0.23811360643221524 0.23151753376341663 0.22651084361375617 0.22311027896976537 0.22145826691384543 0.22192429511654813 0.22471320028700875 0.23003528079828445 0.23802723336419362 0.24850742076403678 0.26097425224010495 0.2750725918515955 0.2902239707988079 0.30562679429091155 0.3203133788436097 0.33327056387847503 0.3434723672594497 0.3499354834802348
0.3035051051840564 0.30293759901469164 0.3024505926443035 0.30192384185070315 0.3013636646058855 0.30077643472794663 0.30016927807140226 0.29955144656527 0.29893748884827703 0.29835595857913133 0.2978753630709539 0.2976538381545443 0.29783573466169344 0.2982981784084104 0.29887335027266493 0.299412528935511 0.2981041799551046 0.29433151912225186 0.2883445159078771 0.28044717786555784 0.2709897306392359 0.2603551643034466 0.2490274864779454 0.23856712124320664 0.22949152711323142 0.22189793615382242 0.21591652133522687 0.21171646009785994 0.20950839857257633 0.20954025493304068 0.21208584723766444 0.21744091010643768 0.22582939562318977 0.23706845963449957 0.25079316122139134 0.26665061780824895 0.28398939416595653 0.30184440707686455 0.3189904008034612 0.33410464338124435 0.34602958433091313 0.35392289684454153
0.30456010668362876 0.30303279164512775 0.30256595639082057 0.3020625633313584 0.3015302503736842 0.30097735610589293 0.30041400526243395 0.29985412049637744 0.29931928831091237 0.298846087557064 0.2984965274464909 0.2983545777213814 0.29847008525975044 0.2988016493126118 0.2991946951508731 0.2991504562413918 0.2965849214471881 0.291590893721953 0.2844634044434832 0.2755186707256976 0.2650876286545144 0.25350744032964406 0.24144905704784142 0.23040648718268908 0.22067615771183963 0.21237567432670829 0.20564633544092756 0.20068215751303684 0.19773755449525157 0.19712780284205283 0.19922088688414585 0.20442225917207718 0.21306642860459976 0.22503831096432358 0.24010753654549483 0.2579389935668664 0.27782066167030256 0.2986047107585805 0.31872513342854386 0.3364021177311316 0.35007553760225696 0.3588646055293237
0.30641570913445726 0.30343919548367126 0.3027272809589236 0.30225564978789926 0.3017602766365261 0.30125133114611247 0.30074129940804945 0.3002468357399535 0.29979151338021315 0.299409068331641 0.29914405801845706 0.29887492523862014 0.29839705865832816 0.29786045701176384 0.2976974843222098 0.29633300918788846 0.2924438303440862 0.2863145326597152 0.27824305432470897 0.26853709353954264 0.2575091412886097 0.24546991901058857 0.2333763803099153 0.22239274626726294 0.21249561269455308 0.20368371939312604 0.1961027412102375 0.19020844938982445 0.1863173689407043 0.18482052444019742 0.18620377558517942 0.19101539568251927 0.19973913855100364 0.21239426964335373 0.22887630036161397 0.24889374399843822 0.2717104027245377 0.2960117552216925 0.31980225857736533 0.3405927939158822 0.356153262623993 0.36545024023969575
