_RESULTS/CROSS_VALIDATION_POSTPROCESSED_80-20/Berg/TZ/8comp/4/Berg_TZ_z_710_kriged_reverse_8comp_spherical_4.asc
ncols 100
nrows 90
xllcorner 5.6208707817415728
yllcorner 50.959635321741573
cellsize 0.00013419651685393446
nodata_value 1.7014100000000001E+038
[rows 57 to 75 of 90, columns 41 to 81 of 100]
0.11625876800438022 0.11619346703449533 0.11715020043026467 0.12037413154337964 0.12508776688857137 0.12989779429799794 0.13193185470141056 0.12830317989008108 0.1209078172723843 0.11245463104411939 0.10430784399946717 0.09626135905509785 0.08910458594938167 0.0817102264311487 0.07328821313965843 0.06442727379415068 0.05577122611595199 0.0479318408455509 0.04104018733714207 0.034495942676100275 0.02647155310924006 0.017923817745090338 0.011863492314026815 0.008114563642601312 0.005853920324186402 0.004478207547019681 0.003613581910803014 0.003085831547029219 0.0027926186507726564 0.002674780573787031 0.002699951107005354 0.0028507032048178576 0.0030759505822860276 0.0033478961370477277 0.0036716010728542687 0.00405404940909711 0.004499045461142894 0.005106627896884586 0.005943524839324366 0.007039850012960032 0.00831755921156334
0.09775869043164799 0.09732691853640826 0.09758876859530037 0.09953097449708748 0.10260290758835357 0.10607638245069666 0.10925477476190486 0.11047189767539103 0.10916272777099201 0.10671999793934875 0.10360108931854639 0.0999074705700359 0.09651445160156409 0.09373224348256143 0.08940791218607903 0.08369881783271275 0.07751776583139353 0.07140059734726045 0.06597385667681986 0.06166447990694124 0.05235823977337373 0.03339330673994258 0.022008434544089257 0.0151786708210986 0.011039955217831153 0.008454049952977029 0.006781756116359718 0.005712096134520711 0.0050539581440693345 0.004689638107806214 0.004545988700071154 0.004575827239670179 0.004756669386338044 0.00507961979594101 0.005478716233342613 0.005923707246574033 0.006507299866521404 0.007309108658634372 0.008381412828884547 0.009742577741688503 0.011247929816932688
0.08113166917525196 0.08054019860113949 0.08037995896936495 0.0815403046009019 0.08369185485699077 0.0864770782400891 0.08962522274518095 0.09308641157941529 0.09588434418569977 0.09794297856857404 0.09893949249164234 0.09916898992637123 0.09937984246561445 0.10005494767312312 0.10034750339185908 0.09857181226454036 0.09548965636916515 0.09180628852750627 0.08784912856144908 0.08256488863075442 0.06963641028821256 0.04989302037369525 0.03476365378744709 0.02483886890561782 0.018487957748349722 0.014293699839479495 0.011470897725361012 0.009577707847509177 0.00832413999140543 0.007523595038660943 0.00706511679939969 0.006868821694385907 0.006878525339985133 0.007050748515097713 0.007345819683792533 0.007824008994847493 0.008551412979521389 0.009520015807806793 0.010768572026961713 0.012285887869148065 0.013855251562914709
0.06692978671881784 0.06633553399803149 0.06596919904471886 0.0666791817794453 0.06829876520269164 0.0706618426026291 0.07368497132246757 0.07743192736526702 0.08215471752816585 0.08711421075353402 0.09109155344966553 0.09442650977065514 0.09742969969324991 0.10045600338615954 0.10393013939249693 0.10632638948006111 0.10656168596615699 0.10490189276535257 0.10103646031900762 0.09342267815211251 0.07991848229022223 0.06268570809063956 0.0471630686520064 0.035520973147287874 0.027350021655524692 0.0215320262101463 0.017416622184371965 0.014530361571082822 0.012526466420167089 0.01116024202082656 0.010260566728629475 0.009706050860927946 0.00940673128381123 0.009291263846470391 0.009406613246365908 0.009797850007367185 0.010459762813944389 0.01140021051064782 0.012636339064939228 0.014096039611450723 0.015501999470940466
0.055248917369953195 0.05473976271318724 0.05431018003385671 0.05475923221106216 0.056046167012143065 0.058102065447488825 0.060929834221998325 0.06463601869791592 0.06946583314637673 0.07523347251823567 0.08098473465104533 0.08610553256475828 0.09083403768006174 0.09545538756576405 0.10023778616417177 0.10529089651596214 0.10856838492301357 0.10895273313206857 0.10590177848301492 0.0985333951415411 0.08657966778167007 0.07189643375233773 0.05761980410536142 0.045767336345491676 0.03655489059567206 0.029471928188591748 0.0241755467755508 0.0202748019174075 0.01742882369147975 0.01536847997981122 0.013889080919731059 0.01283536677208913 0.01209514974798817 0.011709898949244095 0.011664186726765174 0.011921157718505241 0.0124620570984283 0.013280843236136304 0.01437974067609353 0.01562217340726654 0.016719781521550948
0.04591244432989615 0.04552199546610453 0.045118377759163664 0.04540600926802375 0.046464381895522655 0.04827342485388645 0.05087522836101563 0.05439310246582806 0.05894672317552436 0.06397694777168862 0.06939549812888994 0.07517565810200537 0.08076687000714866 0.08618353097502071 0.09153115840510904 0.09682813042827532 0.10183057433738088 0.10435747744152535 0.10314512040885764 0.0977955643920211 0.0885972813838414 0.0769583777635371 0.064915833229954 0.05405376581688825 0.04465778487106191 0.036911394949908825 0.030770011895036264 0.02600794672231599 0.022358371526829967 0.01957397882730848 0.017445729591322456 0.0158569846721899 0.014806793271955075 0.014198024648956052 0.013958632248571213 0.014040436710859009 0.014412528318301076 0.01505588325039327 0.01595802476554572 0.016889533566996014 0.017599309897772645
0.03858526905767944 0.0383057213530424 0.037985069967843066 0.03816037477564923 0.03904784488270305 0.04064397086059249 0.042979881823328354 0.046155683266716596 0.04998527607377039 0.05413952872145919 0.05863296946904534 0.0634925454299724 0.06874807030691703 0.07426183673795109 0.07960428139305833 0.08466234636779749 0.08921887965160799 0.09285954857698225 0.09389087221941798 0.09128968011705095 0.08537548170370715 0.07713714265529946 0.06795225702560771 0.058779377535516555 0.05006152802607635 0.04237504214652244 0.035912581740500354 0.030632516672323796 0.026384456978321865 0.023013477218743784 0.020479154301019493 0.01863562799948364 0.017350536512029016 0.016522609968585466 0.016076518875873348 0.01595726793630912 0.016124951591703147 0.01655006596669242 0.017191462746956775 0.017735254075319826 0.01800198476329313
0.03288267702712571 0.032701089579758806 0.032498946355969685 0.03256048333238469 0.03325724123073593 0.03459254542420503 0.0366117684160963 0.03931473173520381 0.04236271256458919 0.04570628713260743 0.04934225215477761 0.05326423807273089 0.057450457627557704 0.06185311252576699 0.06639092207646456 0.07088466076199258 0.07490851658294982 0.0780585700874719 0.0799704674111773 0.07996100962417874 0.07722925559562696 0.07235179512505512 0.06615195664720407 0.05897359518191441 0.05159139557352753 0.04463251684618801 0.03842852444434505 0.03317226311474466 0.028898358041813645 0.025508504077991462 0.02287941489202523 0.020889792433037725 0.019432675659983235 0.018419284681090404 0.01777844832307878 0.017454021335225008 0.017401566196503924 0.017584900997701096 0.01790127200858997 0.01801500466575854 0.01801500466575854
0.02831783442136134 0.028218935599254254 0.028129305947770467 0.028141631998727094 0.028676818275813407 0.029796644610228497 0.031526576127399904 0.03363053658412574 0.03600530713679638 0.03863857553757304 0.04151731747686395 0.044621927602025976 0.04791745878342776 0.051341899702377666 0.054792322011848936 0.05813465672503957 0.061180126362072956 0.06367271623778128 0.06533753801339355 0.06594677656791871 0.06539923783034281 0.06340098908907313 0.05969068397602721 0.05469357137847263 0.049130902793148815 0.043584734178066305 0.03844213164464266 0.03391000839616545 0.03006168939452116 0.026886600939620132 0.02432980190076978 0.022318556933962022 0.02077794724078377 0.01963874233010694 0.018840399808309902 0.018331264027244467 0.018067292486982238 0.01801009605738603 0.01801500466575854 0.01801500466575854 0.01801500466575854
0.024737601536032185 0.024676171855694925 0.02468347685929703 0.024739637414223054 0.02514344151014063 0.026085443909464448 0.027406293751021625 0.02898282451165133 0.03079860233098566 0.03283824901352914 0.035084160549929765 0.03751196597586859 0.04008451978026054 0.04274464931440198 0.04540761696762744 0.04795545745937251 0.05024915833087446 0.05215293387941533 0.05350893458972904 0.054194998412282744 0.05416547184582516 0.05323580358050786 0.051209028260750473 0.04823621513651326 0.044539114935005356 0.04055501981799838 0.03662623265538046 0.032979106527478055 0.02973809453542084 0.02695182672988916 0.024619500866942097 0.022712116245793286 0.021187290966652443 0.019998458886746763 0.019099881041215568 0.01844890890722062 0.018076910377869074 0.01801500466575854 0.01801500466575854 0.01801500466575854 0.01801500466575854
0.022250930789441854 0.02195124178871055 0.022030259783419413 0.022191174242734642 0.022515380013745548 0.023179318921218144 0.024096827518614874 0.02524602019103637 0.026608698838825315 0.028167647930236156 0.02990369474491605 0.031792251042772536 0.03379927887384601 0.03587696466927749 0.03795989060510694 0.039963155749333165 0.04178454682147609 0.043322035686636666 0.04451024247837949 0.04528608533562462 0.045484909957072425 0.04483178978559907 0.04339280722522847 0.04131972219950411 0.03880784264881271 0.03605879198977976 0.033252028626032215 0.030525903417682472 0.027980675951591562 0.0256934186947661 0.02369859825069891 0.022000762217220603 0.020602631426006806 0.019505666265229975 0.01870697489476303 0.018207617423572128 0.01801649488430211 0.01801500466575854 0.01801500466575854 0.01801500466575854 0.01801500466575854
0.020684863676793955 0.02010849097050718 0.020061036454161626 0.02031388602636833 0.02055674418002981 0.02090611677488829 0.021495749322254506 0.022300902931663084 0.023301368224757264 0.02447869548917308 0.02581357725952516 0.027283178567036104 0.028858399972343515 0.030501304485545944 0.03216324952490081 0.033784597636751686 0.03529709996483016 0.03662990484161822 0.03772988197357146 0.03847078374952647 0.03861738576146293 0.03815235217663223 0.03712168272607449 0.0356220814495909 0.03378167026348516 0.03173808927146617 0.029620094403374098 0.027535908747723353 0.025568563445641315 0.023776601871782065 0.02219798824057191 0.020855383981976942 0.01976159090620858 0.018924568849089798 0.018351887951547602 0.018054771650268055 0.01801500466575854 0.01801500466575854 0.01801500466575854 0.01801500466575854 0.01801500466575854
0.019880254211222616 0.01905299171390014 0.01875834964307269 0.01888162714007527 0.019051764674539964 0.019196484627516105 0.01951594228794249 0.020042958331621733 0.0207549121146618 0.021632173268114594 0.02265569418695965 0.0238048461848151 0.02505546583706897 0.026378254128196152 0.02773785722824658 0.02909311882851629 0.030399051002995933 0.03160972417233637 0.032552657965489604 0.03308742720664093 0.033192489010758205 0.032858906784259026 0.03211627202134996 0.031027630369452962 0.02967847732694278 0.028163685977486114 0.026575729368841536 0.024996347856573203 0.02349228003838698 0.02211452371503388 0.020900065361293466 0.019875001895009035 0.01905824067103163 0.018465303273374516 0.018112066898126257 0.01801500466575854 0.01801500466575854 0.01801500466575854 0.01801500466575854 0.01801500466575854 0.01801500466575854
0.01975657058285565 0.018616200292624153 0.017961210369552158 0.017777532548389628 0.017885238504349806 0.017978302407447255 0.0180897560217182 0.018387936173441824 0.018868209080981076 0.01950936185044209 0.020292352834091986 0.02119840966420487 0.022207494378476043 0.023297192160953183 0.024442199658936455 0.025614671717256343 0.02676035014577409 0.0277309704460387 0.028445644323240857 0.02884579343889044 0.02892137368827494 0.02868123153775183 0.028144874219878567 0.027354322275663475 0.026367674021696864 0.025251188873381864 0.024071766807671206 0.0228911865755163 0.021762694649419323 0.020729863382796254 0.019827242465417824 0.019082218135068486 0.018517580532120617 0.01815447913284333 0.01801564873094676 0.01801500466575854 0.01801500466575854 0.01801500466575854 0.01801500466575854 0.01801500466575854 0.01801500466575854
0.020118618891094175 0.01855190103921304 0.01754650271285155 0.017055364834269025 0.017028510747911247 0.017096516444476514 0.01716323077827096 0.017275829116659733 0.01756575453927327 0.018018717666426903 0.018615020583391036 0.019337012485655176 0.020167714324777115 0.021089903146659737 0.022075378514973244 0.023038654935568142 0.023918262956130816 0.024658157758190066 0.025206338245137634 0.0255206467185051 0.025579602958517487 0.025407027016492792 0.02502076025460048 0.024449453643799086 0.023733392982361146 0.022919644206069276 0.022057251817597077 0.021193342038512746 0.020370595895188283 0.019626175876036 0.018991927738894056 0.018495568623069076 0.01816258819142433 0.018018685259512845 0.01801500466575854 0.01801500466575854 0.01801500466575854 0.01801500466575854 0.01801500466575854 0.01801500466575854 0.01801500466575854
0.02081032861815418 0.018818178463533314 0.01746947695854399 0.016697308725466382 0.016463495385303197 0.01651164650141012 0.016580437267600796 0.01666515964896373 0.016801583314897416 0.017100196538675935 0.01754920721031428 0.018129627328309857 0.01880400206311513 0.01953582021699168 0.02028842941751387 0.02102157769794494 0.021692829495335072 0.022260088484933455 0.022684984993963545 0.022936620809806435 0.022994965279896275 0.022872181829307215 0.02259710665400614 0.02218978094360658 0.021678807297514587 0.021098356836181813 0.020485110213246664 0.019875675294965485 0.019304822075629086 0.018804664234868044 0.018404754632387582 0.018132979679325277 0.018017133973456424 0.01801500466575854 0.01801500466575854 0.01801500466575854 0.01801500466575854 0.01801500466575854 0.01801500466575854 0.01801500466575854 0.01801500466575854
0.021566636156156734 0.019228401740120644 0.017610526105071727 0.016612539684326837 0.01618066016382836 0.01619181229037955 0.01626820461883096 0.016374438196214973 0.01650466602141854 0.016667309262887314 0.01695160549151556 0.017349824966669494 0.017833133212766767 0.018371729215378954 0.018934186018080053 0.01948757637448274 0.01999841079668925 0.020434322192214808 0.020766294987231548 0.020971092874077356 0.0210334414470556 0.02095254572478558 0.020761669900792503 0.02047963035422597 0.020127335531747895 0.019730315886845762 0.019316793817399744 0.01891602124786729 0.018557129200315835 0.01826862043211287 0.0180785426478459 0.01801500466575854 0.01801500466575854 0.01801500466575854 0.01801500466575854 0.01801500466575854 0.01801500466575854 0.01801500466575854 0.01801500466575854 0.01801500466575854 0.01801500466575854
0.022256895964755975 0.01959268869988633 0.017735434047639206 0.01655324701600704 0.01596888594246518 0.015917215921365458 0.016007609618445995 0.01613196819155659 0.01628265176589906 0.01645204345606447 0.01663313319691844 0.016869180993023706 0.017190280062747136 0.01756863593905746 0.01797656721834097 0.01838639248565203 0.018770953179183078 0.0191046783313026 0.019365022179869427 0.01953403167883148 0.019599755756231737 0.019557482989388045 0.019432191379678988 0.01924860462147269 0.019022587776170406 0.01877395167885742 0.018525268287499307 0.01830085869387804 0.018126131463973613 0.018027392217379107 0.01801500466575854 0.01801500466575854 0.01801500466575854 0.01801500466575854 0.01801500466575854 0.01801500466575854 0.01801500466575854 0.01801500466575854 0.01801500466575854 0.01801500466575854 0.01801500466575854
0.02282457836160644 0.019870179074127286 0.01780547709238944 0.0164693891717664 0.015763396167313707 0.01563697273074075 0.01574492438275791 0.01589101048308937 0.016065056475758045 0.016257765225216936 0.016461223442905723 0.016668830739484938 0.016875706372895018 0.017116236256983438 0.017394193095612392 0.017685529725679338 0.01796749382689883 0.018219231979489114 0.018422678218218913 0.018563548119414755 0.018632243266749417 0.018624485406748343 0.018553019231344694 0.01844977553814253 0.018328180836552143 0.01820438547011243 0.018097380829182056 0.018028461396967507 0.01801500466575854 0.01801500466575854 0.01801500466575854 0.01801500466575854 0.01801500466575854 0.01801500466575854 0.01801500466575854 0.01801500466575854 0.01801500466575854 0.01801500466575854 0.01801500466575854 0.01801500466575854 0.01801500466575854
