_RESULTS/CROSS_VALIDATION_POSTPROCESSED_80-20/Berg/TZ/8comp/4/Berg_TZ_z_125_kriged_reverse_8comp_spherical_4.asc
ncols 100
nrows 90
xllcorner 5.6208707817415728
yllcorner 50.959635321741573
cellsize 0.00013419651685393446
nodata_value 1.7014100000000001E+038
[rows 0 to 18 of 90, columns 0 to 42 of 100]
17.007922697124165 17.007922697124165 17.007922697124165 17.007922697124165 17.007922697124165 17.007922697124165 17.007922697124165 17.007922697124165 17.007922697124165 17.007922697124165 17.007922697124165 17.007922697124165 17.007922697124165 17.007922697124165 17.007922697124165 17.007922697124165 17.007922697124165 17.007922697124165 17.007922697124165 17.007922697124165 17.007922697124165 17.007922697124165 17.007922697124165 17.007922697124165 17.007922697124165 17.007922697124165 17.007922697124165 17.016246570579057 17.044877931263898 17.075450562117723 17.098397309602877 17.106349905408692 17.09168958075729 17.062194941339804 17.036639704460505 17.017375490350222 16.99858449806648 16.97220348000921 16.92802945419789 16.853971882197182 16.73648630746279 16.561198518904995 16.31368865833145
17.007922697124165 17.007922697124165 17.007922697124165 17.007922697124165 17.007922697124165 17.007922697124165 17.007922697124165 17.007922697124165 17.007922697124165 17.007922697124165 17.007922697124165 17.007922697124165 17.007922697124165 17.007922697124165 17.007922697124165 17.007922697124165 17.007922697124165 17.007922697124165 17.007922697124165 17.007922697124165 17.007922697124165 17.007922697124165 17.007922697124165 17.007922697124165 17.007922697124165 17.007922697124165 17.009844510378457 17.012547942748053 16.9953450713942 16.96802601860975 16.940190584306986 16.906437807738417 16.868693599276877 16.850021107508844 16.850037813856723 16.86535658069352 16.890065781478185 16.915644655768606 16.930998033839863 16.922683331240258 16.875399494920266 16.77277926162026 16.59846503332877
17.007922697124165 17.007922697124165 17.007922697124165 17.007922697124165 17.007922697124165 17.007922697124165 17.007922697124165 17.007922697124165 17.007922697124165 17.007922697124165 17.007922697124165 17.007922697124165 17.007922697124165 17.007922697124165 17.007922697124165 17.007922697124165 17.007922697124165 17.007922697124165 17.007922697124165 17.007922697124165 17.007922697124165 17.007922697124165 17.007922697124165 17.007922697124165 17.007922697124165 17.004700423696285 16.963112382351092 16.894120680202366 16.809862734756408 16.721720376276277 16.640339269464782 16.58235312611593 16.551260929878307 16.548844424509014 16.57477144695557 16.626163124945677 16.69734121002279 16.77962038903363 16.861229384274218 16.927472572412885 16.961267295333485 16.94418118193933 16.85800896452455
17.007922697124165 17.007922697124165 17.007922697124165 17.007922697124165 17.007922697124165 17.007922697124165 17.007922697124165 17.007922697124165 17.007922697124165 17.007922697124165 17.007922697124165 17.007922697124165 17.007922697124165 17.007922697124165 17.007922697124165 17.007922697124165 17.007922697124165 17.007922697124165 17.007922697124165 17.007922697124165 17.007922697124165 17.007922697124165 17.007922697124165 17.007922697124165 16.997117521206746 16.920355970383973 16.79975864670896 16.65616434840447 16.50250225935705 16.351331047683594 16.237545724826212 16.175589127267187 16.149573793583176 16.16159572687517 16.212347492534146 16.29986420513572 16.419135704831017 16.56173003654443 16.715522678577177 16.864683946983185 16.990159026025722 17.070933494354147 17.08628168578722
17.007922697124165 17.007922697124165 17.007922697124165 17.007922697124165 17.007922697124165 17.007922697124165 17.007922697124165 17.007922697124165 17.007922697124165 17.007922697124165 17.007922697124165 17.007922697124165 17.007922697124165 17.007922697124165 17.007922697124165 17.007922697124165 17.007922697124165 17.007922697124165 17.007922697124165 17.007922697124165 17.007922697124165 17.007922697124165 17.007922697124165 16.994015263292912 16.899938745065597 16.73480255009411 16.533987396225 16.314270510842178 16.08955235284031 15.895425301429702 15.762911207997202 15.692315906993414 15.667630552816458 15.69042660605899 15.762816369866997 15.884252802137011 16.050998099548085 16.255529155590267 16.485955790050358 16.725618135143034 16.953213113170975 17.144151675133156 17.273810191825174
17.007922697124165 17.007922697124165 17.007922697124165 17.007922697124165 17.007922697124165 17.007922697124165 17.007922697124165 17.007922697124165 17.007922697124165 17.007922697124165 17.007922697124165 17.007922697124165 17.007922697124165 17.007922697124165 17.007922697124165 17.007922697124165 17.007922697124165 17.007922697124165 17.007922697124165 17.007922697124165 17.007922697124165 17.007922697124165 16.99821023803572 16.901734966061806 16.71484574852684 16.463832392850207 16.18230437654157 15.885766281893588 15.603973957427778 15.381065767428831 15.224267342471887 15.137943730774017 15.108680633926856 15.135830740356814 15.223327524856803 15.372667044498426 15.582272403449817 15.853120746706933 16.183188313433657 16.548834969394377 16.91913897781482 17.257593577221115 17.526707407402768
17.007922697124165 17.007922697124165 17.007922697124165 17.007922697124165 17.007922697124165 17.007922697124165 17.007922697124165 17.007922697124165 17.007922697124165 17.007922697124165 17.007922697124165 17.007922697124165 17.007922697124165 17.007922697124165 17.007922697124165 17.007922697124165 17.007922697124165 17.007922697124165 17.007922697124165 17.007922697124165 17.007922697124165 17.005803552223732 16.92438612112851 16.736348821538215 16.45876817959429 16.124289492674063 15.762486435540115 15.394820384321548 15.074870563650823 14.817682441361438 14.629635438034526 14.517227223709872 14.474190423110409 14.494761077843659 14.585246456233678 14.771558398918602 15.065022776509911 15.456090709671136 15.927505069366562 16.452703253060523 16.99482912021678 17.506730919828225 17.93529713568367
17.007922697124165 17.007922697124165 17.007922697124165 17.007922697124165 17.007922697124165 17.007922697124165 17.007922697124165 17.007922697124165 17.007922697124165 17.007922697124165 17.007922697124165 17.007922697124165 17.007922697124165 17.007922697124165 17.007922697124165 17.007922697124165 17.007922697124165 17.007922697124165 17.007922697124165 17.007922697124165 17.007922697124165 16.960178922506785 16.790589358146423 16.51420243074878 16.14969724097047 15.733847801964048 15.293156231538868 14.874540479484564 14.513115615603914 14.215075596524015 13.986803269117216 13.834968525523067 13.761751926248436 13.774368314900281 13.91240897448977 14.181549434455873 14.581925727335657 15.10571894447032 15.734901606147881 16.44002243985258 17.17895834765327 17.89353962625556 18.50611299596085
17.007922697124165 17.007922697124165 17.007922697124165 17.007922697124165 17.007922697124165 17.007922697124165 17.007922697124165 17.007922697124165 17.007922697124165 17.007922697124165 17.007922697124165 17.007948722156186 17.00901004246227 17.010684910161455 17.011984413013796 17.012335856092463 17.011599932987277 17.010074999199638 17.008487966049735 17.007922697124165 16.994679265955114 16.865681620646306 16.612198088245894 16.251922873620163 15.805116572018646 15.310561500918778 14.802361953426052 14.338250340845555 13.930101563008382 13.583200096288767 13.302677594731973 13.09483474807739 13.009787132956285 13.064802589517088 13.264996151846292 13.620819910210644 14.135539388792981 14.801816436773471 15.600021241107873 16.498107686827975 17.451726653459637 18.39979204254169 19.23721554809969
17.007922697124165 17.007922697124165 17.007922697124165 17.007922697124165 17.007922697124165 17.007922697124165 17.007922697124165 17.007922697124165 17.008297752181058 17.013220154865806 17.021915533260707 17.032143502004104 17.04198891917113 17.049915334946704 17.05481314989276 17.05603741202705 17.053430975373423 17.04733027676429 17.038553032537664 17.02836933576241 16.953415037360852 16.739295697149313 16.404527128717742 15.965966750105013 15.442092595324059 14.872448278976805 14.311277999845515 13.798407798015367 13.337703800617811 12.931979814237371 12.587102372386378 12.364266522624856 12.29371981865464 12.388689500799527 12.651437686038925 13.095654869803742 13.72690598039052 14.537982213973786 15.507482911194334 16.600240534011537 17.759868366676628 18.914161746204197 20.004604198359814
17.007922697124165 17.007922697124165 17.007922697124165 17.007922697124165 17.007922697124165 17.007922697124165 17.008704131981688 17.017639471087865 17.034084471857206 17.05507160547072 17.077841037091922 17.099903602387375 17.119110407311616 17.133723241184885 17.14247884967973 17.14463988952357 17.140026359031136 17.129023462482536 17.112564872275275 17.081847741207568 16.9247833088441 16.624399861682747 16.201133166978124 15.677292963906881 15.077297462491018 14.441408596151453 13.832642047991332 13.268007746855934 12.748374943881693 12.276025811526562 11.914293543782344 11.69404954392889 11.63458890266999 11.760014817240142 12.081002140036299 12.60715587129963 13.347645781665928 14.297345241419821 15.415258559830036 16.635064371884237 17.909528673333767 19.171144541369642 20.303022458490922
17.007922697124165 17.007922697124165 17.007922697124165 17.007922697124165 17.007922697124165 17.014595020801735 17.03415119992935 17.06317490014221 17.098296082008556 17.136266429800976 17.174023440381404 17.20876988012744 17.238063711974537 17.25991096602002 17.27285196987543 17.276030610360976 17.26923742853687 17.252920445569845 17.22816214233923 17.15341503262006 16.919555944002525 16.538781755571687 16.033031682061864 15.425942562752141 14.742479845087821 14.038267211153002 13.379458829757132 12.760659111177631 12.176879503688406 11.684899418461832 11.322732244571553 11.104721164285625 11.053176297901866 11.194834127273134 11.555583581219055 12.145180816723823 12.970446428818311 13.984431565043721 15.169241224377576 16.48884389578051 17.87526516843927 19.227183150225475 20.40707303923562
17.007922697124165 17.007922697124165 17.007922697124165 17.00843505537469 17.022060595485907 17.051501433745457 17.093085089590442 17.143131125008875 17.197981456335313 17.254053575680718 17.307917625868917 17.35639558438714 17.396677112203186 17.42644243560576 17.44397896813334 17.448276560166875 17.43908742211213 17.41694125382299 17.38309470347089 17.249888557213914 16.945534849111162 16.490776463361218 15.9090580355594 15.225323306622876 14.464986703120141 13.694498506527323 12.970588573182287 12.290731779767814 11.680066606634366 11.191837840063194 10.832665149228927 10.617049389023103 10.565820139897571 10.70557814977415 11.068966047822789 11.665652493317257 12.466902242636122 13.501194923066128 14.763149821111007 16.202256439236063 17.726654981625188 19.206854759835622 20.491735167688464
17.007922697124165 17.007922697124165 17.00907687459505 17.027286646546326 17.064742751715777 17.117658842447085 17.18216806379982 17.25432827080007 17.330151385355812 17.405661630161603 17.476985822277342 17.540475591133497 17.59285614318064 17.631389574191257 17.654034251155565 17.65957777686594 17.647721821692322 17.619103679592598 17.569356870696996 17.377510575688493 17.00948563864866 16.48764172985518 15.836947364760972 15.083649734519136 14.25438809822491 13.422728101657238 12.634081626690824 11.898152923137278 11.290943963967043 10.81294148040779 10.461409691725846 10.246250759931135 10.182420715586755 10.294045890523828 10.591343457362587 11.083012948624756 11.84501158764343 12.917594595201788 14.289444781250598 15.889568587655228 17.60067792167294 19.262670155007388 20.684283937446445
17.007922697124165 17.008734391361426 17.028137010818746 17.070611659506255 17.132371933413296 17.209503055482823 17.297950790939048 17.394081861347857 17.493007160990352 17.58959478903923 17.679380252053168 17.758729233482814 17.82451723439182 17.872877744933824 17.901273760651286 17.90822307562581 17.89335957371292 17.857464685106404 17.78455815080079 17.541337807837326 17.116922411259345 16.53533964371707 15.823121523070082 15.007837668355894 14.11872730919425 13.229935690577715 12.380372064188883 11.632489716736835 11.026664304987923 10.559273526677437 10.219295429706179 10.002542855891607 9.923409518737424 9.966440215021688 10.112930640222608 10.46337725171955 11.155996845679459 12.282036424411013 13.804516654668106 15.611009868520256 17.56006777797153 19.470430068081114 21.0815769114138
17.007961773878648 17.024289006397872 17.067753402304604 17.138481588712224 17.23438594247694 17.348319154132565 17.473357140556228 17.60284866521877 17.73049999969574 17.8504969913348 17.957666929184576 18.047680929867525 18.117291363763318 18.164586968962162 18.189232739752242 18.192648831041762 18.174244125252113 18.13005674542504 18.031940642194183 17.74500030817047 17.271850355613104 16.63826881132336 15.872414016634536 15.00321996729213 14.062489723821257 13.122559442676252 12.237438866647999 11.495602800661404 10.898551185079715 10.439212394006491 10.120223580126915 9.925160702355559 9.820191840855756 9.733008333475011 9.701898291221609 9.84614892191126 10.417260495137008 11.62797411280822 13.362907076001177 15.408198743789287 17.61230324734538 19.823224237054824 21.733161951773887
17.01753899971206 17.066898769374188 17.154759197208687 17.273312403444066 17.414862491372276 17.571810175168938 17.736674677294328 17.902151833855296 18.06120892364422 18.20722005627277 18.334149883915394 18.43679488615743 18.511085676884026 18.554436188134716 18.566096679060035 18.54743770886225 18.50208099522829 18.435817363424984 18.313173259921356 17.990418671851533 17.476458633006196 16.79894119471013 15.987733728684859 15.073190453795721 14.088770882598192 13.10587490151158 12.215396158533732 11.484974843606773 10.904395709797411 10.480560369607538 10.199656613846035 10.03311516736626 9.868749690614628 9.679738014854633 9.480228225376361 9.334828903442261 9.640999709843564 11.0841009144238 13.098295354744934 15.3508824224364 17.73100248334988 20.14162289945437 22.490514589117208
17.073698934753594 17.17507553780769 17.313878115577545 17.482022913451818 17.671410178101063 17.87391620869157 18.081424148756348 18.285889864746768 18.47944145355863 18.654517232453177 18.804056997765876 18.921770777339418 19.002509079486526 19.042736400847872 19.041058767909867 18.998690048203986 18.91970163990758 18.81093197611121 18.63933857933592 18.277470496224364 17.73075658811386 17.017601977431113 16.169673174300453 15.21879170842988 14.198872309396467 13.189020993328699 12.309374408000057 11.598243085568315 11.066980724465035 10.697170113957414 10.466619684174189 10.303235138068132 10.118578553831604 9.899376294730015 9.643582306548387 9.351225227456016 9.237965330037081 11.093407863961504 13.248203621971925 15.553500978380331 17.923147147239433 20.208888700678916 22.08128084056109
17.19179211747317 17.346135614944707 17.53737788569832 17.757102857412534 17.99674218291239 18.247578222123607 18.500787482977003 18.747515448721007 18.97897516681785 19.186571266589624 19.362070237791393 19.497863521346847 19.587388092999355 19.62575206303009 19.610530801918078 19.5425578824468 19.42641573794904 19.270359492067033 19.047469752557138 18.62909508405826 18.033911651509253 17.29179550257894 16.41607670899486 15.438277797294326 14.391816729661311 13.374213873987593 12.515794703753237 11.856855334954005 11.386415805275876 11.080437212183542 10.90431463775241 10.748163953076977 10.593844973020587 10.43171959764324 10.285197337774864 10.250274573925696 10.680611791050167 12.013892371209172 13.93401273009002 16.099053041159394 18.30484338125153 20.321480877649677 21.838160669596036
