_RESULTS/CROSS_VALIDATION_POSTPROCESSED_80-20/Berg/TZ/8comp/4/Berg_TZ_z_63_kriged_reverse_8comp_spherical_4.asc
ncols 100
nrows 90
xllcorner 5.6208707817415728
yllcorner 50.959635321741573
cellsize 0.00013419651685393446
nodata_value 1.7014100000000001E+038
[rows 57 to 75 of 90, columns 0 to 41 of 100]
0.5242251587120481 0.5211176538635316 0.5120831766414395 0.4979205796765699 0.4797727170608059 0.45892426651424484 0.43662651572835676 0.4139814630706192 0.3918875061851902 0.37103234622181963 0.3519149123990986 0.33488120638808583 0.32016402611101036 0.30848598814776573 0.30160735158913454 0.29710988027652124 0.29434510820864673 0.2932962589397894 0.291935696818192 0.288830310003114 0.2837934656338356 0.27669746487073504 0.26749901028273154 0.2562639932713435 0.2431874691503192 0.22860431324005379 0.21298752410547117 0.19692788978962653 0.1807042269946342 0.16481596389125583 0.14912578519497727 0.13495730287758562 0.12343060575465516 0.1147719688484192 0.10835517729572933 0.1033185667358734 0.09904492758421628 0.09522692100259023 0.09176629956987276 0.08867897286971138 0.08603958233991123 0.08395870471009036
0.47817122400578127 0.47574661474978 0.4686723647507593 0.4575090159700598 0.4430777266370831 0.4263319241479415 0.40823680098677034 0.3896798931919217 0.371424080145916 0.35409035539749784 0.33813412055856723 0.3238993251420129 0.31164704774575575 0.3015824604492125 0.29448877071067586 0.29008723905418715 0.28736308536627114 0.28575778964690063 0.2829904952246769 0.2786991401045631 0.27276871497285565 0.2651429299999464 0.2558422490184838 0.24497981856067266 0.2327725916946398 0.2195451863222278 0.20572529105166346 0.1918316470565755 0.17844356711173087 0.1657590099857832 0.15320049563675942 0.1414755645344392 0.13140838273423583 0.12327201819755054 0.1168514469622879 0.11171322641786548 0.10746231223777718 0.10384914073017126 0.1007661716597396 0.09821046320784006 0.09625223451535159 0.09466815664034064
0.4379517368926592 0.43606036211945925 0.4305273607264009 0.42175293061501673 0.4103350415966679 0.39706057093378483 0.382674171753722 0.36782772326256974 0.35311130519897466 0.3390326116021621 0.32601323267281485 0.3143968186036177 0.30446454774362386 0.2964545068526594 0.29058292448883793 0.2864196757796055 0.2838012550867693 0.2810157535613397 0.2771030814861447 0.27190196623404467 0.2653395027985166 0.2574093339504312 0.24817242072435933 0.23776677333332166 0.2264128842722733 0.21441350162888867 0.2021472119935583 0.190056312642363 0.17862979069692683 0.16837309617322652 0.15854070260480946 0.14897937045218668 0.14037786100248206 0.1330635588352281 0.12704409036276165 0.12214392462832208 0.11815132158044427 0.11490935982182249 0.11234669328802284 0.11047586909290728 0.1090063989420149 0.10755498627972605
0.40327088283168666 0.401799374771357 0.3974936696399831 0.39079459014941126 0.3821384366928144 0.3719808912208891 0.36082837691594805 0.34919371392309084 0.3375630901771993 0.3263762146782859 0.3160186503664724 0.30682386435875997 0.29908224491254143 0.2930547647475461 0.2889897175625763 0.2867107905065858 0.283699323993356 0.2795567975896165 0.27445544255830845 0.2683755560885774 0.2613227697966683 0.2532240559434268 0.24413304440676561 0.23419773813183292 0.22363114838360826 0.21270868177334273 0.2017684185774979 0.19118271746220072 0.18133216261284796 0.17262437942082148 0.16496758273741582 0.15748827243442662 0.1504551384916259 0.1442322417284188 0.13896261137119556 0.13463927276951002 0.1311945276275824 0.12856944420580882 0.1267423354201599 0.1252472323296783 0.12381836037785561 0.12250262142873541
0.3737638997089387 0.37274248031751167 0.36978316885550244 0.36501665050255705 0.35868491195117896 0.3511158775658632 0.34269039823678105 0.3338109346708859 0.3248762883083229 0.3162645389722763 0.30832444715203916 0.30137436811408436 0.2957072334995169 0.2916002093571231 0.2893280165937177 0.2886540324862919 0.2863690298513193 0.28166616128117866 0.27547019817872104 0.26849163087947786 0.2607823717202121 0.2524319050588099 0.2436217258229414 0.23445240150509905 0.22497326257587144 0.21532289324864115 0.20571897277874618 0.19644457395789675 0.1878282732487112 0.18021918310562415 0.17383367488318477 0.1677417891993308 0.16205657410919252 0.1569622244225471 0.15268877060669805 0.1492949395454759 0.14673347827495895 0.1448982817727646 0.14328159723786285 0.1417935477613612 0.14043233836182747 0.1392466936934788
0.3493090851213527 0.3489957469718169 0.3472198300464129 0.3440529642457083 0.3396571266223813 0.334267028779788 0.3281686126302546 0.32167748659673784 0.315120414838308 0.308821785889817 0.3030958025014717 0.29824425908385893 0.2945593143647533 0.2923305838834654 0.29156273299836727 0.2908756871667173 0.2894688175547669 0.285731277362512 0.27990669290871095 0.2724077118262912 0.26442860290999276 0.2564820366670038 0.24848288902521867 0.24039081382081112 0.23205414179759132 0.2235456679044204 0.215054899590183 0.20683226191663268 0.19917049518984095 0.19238203349736305 0.18677508188514708 0.18186400629295657 0.1770494738191193 0.1727266933166525 0.1691808706246476 0.1664553500119292 0.16430515384284752 0.16261101381643694 0.16107614486664296 0.1596706852392782 0.15840781319483088 0.15733757605206108
0.32980916970162244 0.33011254219267505 0.3293411771951095 0.32752812280592986 0.3247782892355748 0.32125794790043716 0.3171811205661539 0.3127952727034546 0.3083684605661529 0.3041794602618627 0.3005116979802698 0.2976512210926074 0.295888614178678 0.2952423578139251 0.29453740711994314 0.293637671897549 0.29255931129273804 0.2898843130950489 0.28539161112257394 0.2799941082606743 0.27383350334539197 0.2670479338029455 0.25982707708000735 0.25251279952359185 0.24518978423095833 0.23772871002950702 0.23021770287411175 0.22288056694250302 0.2159855191575433 0.20982465623956165 0.20469282107295714 0.2007071980034545 0.1968240934733616 0.1929695452267257 0.18931932771720097 0.18604128822327992 0.1832515083520672 0.18103933791084195 0.1794643883143918 0.17824493500928518 0.17714398117505856 0.17620366806981327
0.31482043313845415 0.3156757015368686 0.31578281179918777 0.315148139806071 0.31383570261505056 0.31196123450069335 0.3096840124062191 0.30719795721055226 0.30472346534752315 0.3025010939156504 0.30078779168893693 0.2998559984302335 0.29954409656302877 0.2989507154774968 0.29806512702682975 0.29693156738352305 0.2956190800587117 0.29468805366431033 0.2929223808674052 0.2901352371619941 0.2864093746025118 0.281852206287272 0.2765980080071269 0.2708096038123348 0.26467897630123155 0.25839892065472586 0.2519148489982251 0.24539640046542144 0.23910635172749353 0.23330707662715752 0.22824425786039543 0.22413219248461694 0.22051000078998065 0.216455860870304 0.21226764637287654 0.20820401420071988 0.20447648492623602 0.2012838078676033 0.19877025850217858 0.19707965448371254 0.19610481909236063 0.19526364887483905
0.30401432543191315 0.30538214927938545 0.3062852670923232 0.30671189005705035 0.3066967984791332 0.30631829882299094 0.3056937657370218 0.3049747781745568 0.3043428497387371 0.3040065385081371 0.304172556872272 0.30425302145910704 0.30392019263197395 0.30319134575554896 0.3021035929380315 0.3007766261072383 0.3004048245368526 0.30124599603809366 0.30240019407081303 0.3024655756397082 0.30144750245432184 0.2994087880755922 0.2964400780475348 0.29266394368370835 0.288238040359996 0.2833563423216881 0.2781748998527568 0.2725782892969759 0.26677716002244006 0.26104511623041243 0.2556507893896146 0.25084015308614854 0.2468029657275385 0.24256505515332888 0.23779909042801142 0.23291093417110234 0.2282082353507262 0.2239236648469525 0.22026083346362224 0.21740949367219092 0.21555887327182133 0.21467548544546536
0.2971818528202911 0.2990452875260493 0.30069922843442276 0.3021200963137515 0.3033221475106717 0.30435609821455967 0.3053070989870791 0.3062928333351501 0.3074611632144487 0.3085192787170629 0.30911307714838493 0.30921072611659417 0.3088069134863917 0.3079234641598579 0.30667003267838966 0.30643831650282904 0.30761280352629955 0.309986006235991 0.3133535675070642 0.3165648328215226 0.3185927079856847 0.3194404519073523 0.3191357870425301 0.31773836110603454 0.31534718752649665 0.31210658667377156 0.30820895563329415 0.3036890457905659 0.29843130957856245 0.292712341021768 0.28683350541316155 0.2810896542316729 0.27574908931923625 0.27093302404382735 0.2656274253877682 0.2598776654591306 0.2540641740850709 0.24850974426725708 0.24348974164542284 0.2392449035594388 0.23599420122847153 0.2339463993465141
0.29423666287688843 0.2965992084620295 0.2989920160043877 0.30138487504329947 0.303778454445528 0.3062036277035004 0.308635227690583 0.31078943012847915 0.31254717191884124 0.3138184516866901 0.3145335069610216 0.31465121511098715 0.31416467009744087 0.31311146123446426 0.3128663352404782 0.31423544231420264 0.3170206514553933 0.32103074557282263 0.3260669701888169 0.3319098515010266 0.33737499433895834 0.3415491705388773 0.3443755653295575 0.3458231495358283 0.3459002375021132 0.34466834037724886 0.34225359476254213 0.3388373142432465 0.33420985627532324 0.328450375947622 0.321904828779841 0.3149398725620207 0.3079408961719851 0.3013295706225704 0.29516946186204196 0.2884398859820577 0.2813515410020885 0.2743287169114439 0.26772697357937003 0.261843856663993 0.2569319493777562 0.2532118581702386
0.2951270862755001 0.2979857933238199 0.3010425427470221 0.30421121945924934 0.30739533535896707 0.31048754621634217 0.3133705746039534 0.31592045242799743 0.31801302820746524 0.31953418635023484 0.32039291971935663 0.32053450689391766 0.3199496785057601 0.31954419427498343 0.3209134934970889 0.3239167915116193 0.3283869056306882 0.33415417670003583 0.341029210753926 0.3487889213816125 0.3571661121199265 0.36516193842514855 0.37166963508543954 0.37653167712219354 0.3796246605905091 0.3808814341235558 0.3803174531346405 0.3780519290309345 0.3741288018075928 0.3682681220400233 0.36083141054519413 0.3523226787848804 0.3433668324674605 0.3343927816595323 0.3257499858677454 0.31758936840113355 0.3090541789490088 0.3003642240116351 0.29196360621219053 0.2842119629895117 0.2773987331405429 0.27175862833620346
0.29727368720437813 0.3005547472397784 0.30405730769729256 0.3076931787112528 0.31136080087800827 0.3149433975582899 0.3183083910981048 0.32130949684344307 0.32379341296993247 0.32561283096407645 0.32664563696432536 0.3268163443580693 0.3264107960010846 0.32755896396085293 0.3305335256040807 0.33519658543601377 0.341421998788949 0.34907039924431915 0.357968606613363 0.3678924450182428 0.37855249715300315 0.3895838064147732 0.40028452911626033 0.40923002061272284 0.4160082289992149 0.42036159369603165 0.4221301294797154 0.4213004464544024 0.4180185104572946 0.4119784708617877 0.40338783417027513 0.3930577583276613 0.38165676122051 0.3697699055619878 0.3579090368011312 0.34648816889338163 0.33580164407359403 0.3252764308757833 0.31490189530509505 0.3051025851232173 0.29620593980301424 0.28846146683271473
0.2994050343231835 0.3031002331188147 0.3070479419653203 0.3111602536042858 0.31533311253649904 0.31944257657707054 0.32334166173371426 0.3268595923898015 0.3298067572237245 0.33198977629609716 0.33323940429762827 0.33344674766379523 0.33416979595481605 0.3368613053753273 0.3414053137220133 0.3477280121256324 0.3557590000456673 0.36540115507725185 0.37650737172105775 0.38886048861951816 0.4021542528921394 0.41597598255885193 0.42979478430804846 0.44296250029476614 0.4542178176323302 0.46241851939938516 0.46713624673957027 0.46813942231820493 0.46547493172172827 0.45912640276860683 0.44918125467787623 0.43655168809958517 0.4221012719670939 0.4066670332185561 0.390979264629855 0.3756221958233299 0.36102797047779744 0.3474916182380386 0.33498663873365003 0.32305660306584016 0.3119961515297059 0.3020748988569302
0.30143675221984495 0.3055272519768682 0.3099079803055413 0.3144943829325151 0.3191838421768058 0.3238497443073225 0.32833464825794184 0.33244416485996847 0.33594603365884573 0.3385833417317678 0.34011283736862963 0.3407593240733926 0.3429767501713232 0.34711238342344747 0.35314055518925913 0.36107719997518006 0.37092618498343954 0.3826459123759604 0.3961269609067428 0.4111711544543263 0.4274672973533221 0.4445636018538889 0.46184854385148366 0.4785975583421479 0.49381057902266257 0.5063513667811356 0.514869456823636 0.5182222576858198 0.5162366556396167 0.5092512051817045 0.4974377707279944 0.48179319246665586 0.46357634809491477 0.44389324894372073 0.42375065110096827 0.40393496842198795 0.3850084774269551 0.367339296129315 0.3511419126739007 0.33653661906892995 0.3237866759329564 0.31284927507035876
0.3032839450195295 0.3077375854212219 0.3125237561959319 0.31756464942495377 0.32276412757554684 0.3279999215294848 0.3331127078573535 0.33789201284735754 0.34206237606775125 0.34528313693080437 0.3471913343985191 0.3489266244757492 0.3525008170499768 0.35790582554383077 0.36525816630332997 0.3746997076091103 0.3863261559489691 0.4001609730829245 0.41614280526754943 0.43411106242254355 0.45395854079803843 0.4752698666856196 0.4972709069271261 0.518912570969061 0.5388553579817266 0.5555251630444209 0.5672883356626977 0.5727638903608576 0.5712184341795131 0.5631132507991282 0.5484871557013195 0.5285177340479458 0.5050962581826219 0.4799819799016977 0.45461681227249534 0.42991900963605945 0.4064436694926686 0.3847814039174285 0.3652689180443802 0.34810371718727123 0.33339330897658 0.3211937756533894
0.30486467593065353 0.3096338198417581 0.3147787211182392 0.3202312135622305 0.3259067529082181 0.3316960543372645 0.3374515354209896 0.342965155707313 0.3479344784674394 0.3519245495408245 0.3544732995022342 0.35765242386356555 0.3623530859125207 0.36873451123621087 0.377155871269073 0.38792440722966093 0.4012299062757213 0.41715865320923384 0.4359693898724727 0.4577103768766628 0.48205633076803966 0.5084746327224146 0.5361418761412584 0.5638486685013333 0.589919034376934 0.6122072702867913 0.6282822905443143 0.6359076575428726 0.6339261050448519 0.6229147111104691 0.6035995768137818 0.5776001677983774 0.5475757532423895 0.5158865075588506 0.48437335856467967 0.4543487362185982 0.42668207708927797 0.4016477526901271 0.37927174805334324 0.35967922606196817 0.3429040838944893 0.32893213779100683
0.3061045744680079 0.31112522313103874 0.3165607343470248 0.3223538217961676 0.32843475521402954 0.33471448189801883 0.3410723228705726 0.34733201195522106 0.35321193567263076 0.3582240836391624 0.3620380808056946 0.3666180694484151 0.3720360953360098 0.37893006626404674 0.38808048185164307 0.399955792616284 0.41490153205859004 0.43349533911910254 0.45578478957036367 0.4816660471385349 0.5108973639715315 0.5430189278253985 0.5772363349822375 0.6122625107259002 0.6461276741254318 0.6760211411487473 0.6983578185426412 0.7094233869513356 0.7072075814442088 0.692087809389623 0.6660506287068789 0.6319212538838779 0.5935748576147598 0.5541036827011374 0.5156752464147301 0.47968249884337777 0.4469487074845863 0.41790750380396297 0.3926613759812167 0.370757066227338 0.3520560969858458 0.3364619990334007
0.30694218393299216 0.31213510205225187 0.3177721947407142 0.3238055975093018 0.3301794607943829 0.3368260176484866 0.34365859803222293 0.35055700402478573 0.3573302615489232 0.36359933482891 0.3694544499626236 0.37546234349408814 0.3807693236496193 0.38754973836440915 0.3971182858885673 0.41017114311992753 0.4273865148171259 0.44886373096162224 0.4746566963841132 0.5047631635692369 0.5390692321815553 0.5772604967682038 0.6186849180858122 0.6621409905713431 0.7055559712972866 0.7455454953314314 0.777036578275898 0.7938180485285669 0.7915943882844343 0.770422563613824 0.7347668123896327 0.6899513616207346 0.641468600420369 0.5930860718607668 0.5471089021543931 0.5048386414254442 0.46693003500281466 0.433635800368208 0.40496993913697826 0.38079135897306426 0.360407250740871 0.3434251298878657
