_RESULTS/CROSS_VALIDATION_POSTPROCESSED_80-20/Berg/TZ/8comp/4/Berg_TZ_z_180_kriged_reverse_8comp_spherical_4.asc
ncols 100
nrows 90
xllcorner 5.6208707817415728
yllcorner 50.959635321741573
cellsize 0.00013419651685393446
nodata_value 1.7014100000000001E+038
[rows 0 to 18 of 90, columns 0 to 43 of 100]
55.110896447218316 55.110896447218316 55.110896447218316 55.110896447218316 55.110896447218316 55.110896447218316 55.110896447218316 55.110896447218316 55.110896447218316 55.110896447218316 55.110896447218316 55.110896447218316 55.110896447218316 55.110896447218316 55.110896447218316 55.110896447218316 55.110896447218316 55.110896447218316 55.110896447218316 55.110896447218316 55.110896447218316 55.110896447218316 55.110896447218316 55.110896447218316 55.110896447218316 55.110896447218316 55.110896447218316 55.12096595962254 55.15549258445122 55.21431779965447 55.295409024987705 55.34659641750929 55.31849552355689 55.21033606271496 55.0068465322463 54.70645083127425 54.31264559539572 53.82771925165438 53.252490345589784 52.58595343996147 51.82486890595727 50.963348250305415 49.99249856597356 48.90019845291112
55.110896447218316 55.110896447218316 55.110896447218316 55.110896447218316 55.110896447218316 55.110896447218316 55.110896447218316 55.110896447218316 55.110896447218316 55.110896447218316 55.110896447218316 55.110896447218316 55.110896447218316 55.110896447218316 55.110896447218316 55.110896447218316 55.110896447218316 55.110896447218316 55.110896447218316 55.110896447218316 55.110896447218316 55.110896447218316 55.110896447218316 55.110896447218316 55.110896447218316 55.110896447218316 55.11322278384979 55.14107831180278 55.20066205459578 55.28696926170929 55.39475621963973 55.47418637046611 55.46366203460656 55.34726510713905 55.130280404815494 54.8177923319234 54.41401453684905 53.922130284934845 53.34401309548022 52.679859535376664 51.927795896985785 51.08355423479789 50.14034371912308 49.08908961492974
55.110896447218316 55.110896447218316 55.110896447218316 55.110896447218316 55.110896447218316 55.110896447218316 55.110896447218316 55.110896447218316 55.110896447218316 55.110896447218316 55.110896447218316 55.110896447218316 55.110896447218316 55.110896447218316 55.110896447218316 55.110896447218316 55.110896447218316 55.110896447218316 55.110896447218316 55.110896447218316 55.110896447218316 55.110896447218316 55.110896447218316 55.110896447218316 55.110896447218316 55.11141884944058 55.13056769599529 55.185784983270345 55.27223351926427 55.38463137458617 55.51764518816793 55.60912916891135 55.58806221214522 55.461015938589995 55.23446841468933 54.91429618115448 54.50575899199374 54.013339546988995 53.440451366301644 52.78906832670505 52.05939630450812 51.249786175930666 50.35715476292593 49.378261587615924
55.110896447218316 55.110896447218316 55.110896447218316 55.110896447218316 55.110896447218316 55.110896447218316 55.110896447218316 55.110896447218316 55.110896447218316 55.110896447218316 55.110896447218316 55.110896447218316 55.110896447218316 55.110896447218316 55.110896447218316 55.110896447218316 55.110896447218316 55.110896447218316 55.110896447218316 55.110896447218316 55.110896447218316 55.110896447218316 55.110896447218316 55.110896447218316 55.11264631337114 55.12599609496337 55.17084538103732 55.251231502609514 55.36182907933546 55.49719505949723 55.627398986876194 55.707783617918814 55.677914093265144 55.542443607785685 55.30861767677706 54.98341169820158 54.57354592418335 54.085310122793516 53.52419792188192 52.894431336849536 52.1985930515399 51.437744270084174 50.612493761939916 49.72541337619828
55.110896447218316 55.110896447218316 55.110896447218316 55.110896447218316 55.110896447218316 55.110896447218316 55.110896447218316 55.110896447218316 55.110896447218316 55.110896447218316 55.110896447218316 55.110896447218316 55.110896447218316 55.110896447218316 55.110896447218316 55.110896447218316 55.110896447218316 55.110896447218316 55.110896447218316 55.110896447218316 55.110896447218316 55.110896447218316 55.110896447218316 55.11314771727174 55.12814019820688 55.1594051407677 55.227028998618835 55.32868919715159 55.45902624704448 55.588873891511916 55.69299023275044 55.75892528528266 55.72016226584675 55.57547875714508 55.33311737706259 55.00160562607621 54.589842136269304 54.10685046752977 53.56114633760624 52.95982874911195 52.307784149407155 51.60780206990431 50.862488013402995 50.07674985155713
55.110896447218316 55.110896447218316 55.110896447218316 55.110896447218316 55.110896447218316 55.110896447218316 55.110896447218316 55.110896447218316 55.110896447218316 55.110896447218316 55.110896447218316 55.110896447218316 55.110896447218316 55.110896447218316 55.110896447218316 55.110896447218316 55.110896447218316 55.110896447218316 55.110896447218316 55.110896447218316 55.110896447218316 55.110896447218316 55.112469596453174 55.127857820964245 55.156415733412835 55.20517760041672 55.2908259432664 55.408201564246376 55.535508995906724 55.63409575053707 55.705000777659016 55.74622730430227 55.69361777997736 55.53260544632664 55.272662114773205 54.924710891447695 54.50142470471119 54.02293535882464 53.511437772697775 52.970935196633526 52.40010493081161 51.79433052393235 51.14962218541126 50.469254543304096
55.110896447218316 55.110896447218316 55.110896447218316 55.110896447218316 55.110896447218316 55.110896447218316 55.110896447218316 55.110896447218316 55.110896447218316 55.110896447218316 55.110896447218316 55.110896447218316 55.110896447218316 55.110896447218316 55.110896447218316 55.110896447218316 55.110896447218316 55.110896447218316 55.110896447218316 55.110896447218316 55.110896447218316 55.11124006175163 55.12428391271293 55.15321526316805 55.19279783849312 55.25600657680968 55.353465174001634 55.473015464986645 55.56578745000491 55.62407198320637 55.64966901476465 55.64444687028471 55.563074089843475 55.364873849137496 55.06091709067189 54.69245495237577 54.29536035291325 53.88307782296711 53.46026676464839 53.02381756139424 52.56516062282761 52.07235785401302 51.533886540656596 50.94921097153649
55.110896447218316 55.110896447218316 55.110896447218316 55.110896447218316 55.110896447218316 55.110896447218316 55.110896447218316 55.110896447218316 55.110896447218316 55.110896447218316 55.110896447218316 55.110896447218316 55.110896447218316 55.110896447218316 55.110896447218316 55.110896447218316 55.110896447218316 55.110896447218316 55.110896447218316 55.110896447218316 55.110896447218316 55.11858755506998 55.14504299010664 55.18518462445413 55.23284810635957 55.30471300103189 55.40633238903989 55.49626017413852 55.54318814485616 55.54695082844368 55.50640808255123 55.41985093908497 55.26714758957484 55.00529346021923 54.698300002710766 54.37822395352977 54.06495554116456 53.76326498527351 53.46514863755368 53.15619885219657 52.82104539661475 52.44322633593331 52.00127593902284 51.48417887327228
55.110896447218316 55.110896447218316 55.110896447218316 55.110896447218316 55.110896447218316 55.110896447218316 55.110896447218316 55.110896447218316 55.110896447218316 55.110896447218316 55.110896447218316 55.11087600775546 55.110042468285044 55.1087270497633 55.10770642815528 55.10743040546857 55.108008397293126 55.1092060672237 55.110452497221985 55.110896447218316 55.11304043498944 55.133496531906154 55.17138251485561 55.21972055145857 55.271566339453805 55.34487899528733 55.43118803938292 55.472825010313564 55.459835477111774 55.3865831335283 55.243615662769095 55.01971043102195 54.77756772006458 54.524672958610964 54.27359897724357 54.05525571403267 53.87661785806205 53.72193343301901 53.563553578004154 53.37581458528741 53.14394552960919 52.86100621184654 52.50067675104876 52.006841580793875
55.110896447218316 55.110896447218316 55.110896447218316 55.110896447218316 55.110896447218316 55.110896447218316 55.110896447218316 55.110896447218316 55.110601887259925 55.106735876283395 55.09990631049987 55.091872530459696 55.08413874381735 55.07791202460886 55.07406431407935 55.07310251837417 55.07515015879893 55.07994279152499 55.08683776117723 55.09483709163956 55.11309083376288 55.150926181738505 55.20005762596983 55.25321838528102 55.30448049845711 55.37144802586715 55.41795652701869 55.3996870559466 55.30677911528077 55.12114194359238 54.820238147865844 54.485866146324625 54.199808362968426 54.00222609088804 53.866686487456484 53.8045809592442 53.79645152305385 53.797451981888045 53.75889147586358 53.64875652197698 53.45902343096478 53.21017761013259 52.93621545085716 52.405395607132554
55.110896447218316 55.110896447218316 55.110896447218316 55.110896447218316 55.110896447218316 55.110896447218316 55.110282724752665 55.10326488259064 55.090347894998736 55.07386126875134 55.055972070752446 55.03863577894006 55.023541513490535 55.01205633485411 55.00517422267258 55.00347553635231 55.007101975882875 55.015750313107404 55.02868573186436 55.04645496775551 55.08574358707372 55.1449200061129 55.21351020910888 55.27884282330785 55.328589432816656 55.37615360964841 55.36781395224405 55.275262310824736 55.07489318723901 54.73057370605363 54.31968981491161 53.93141997990348 53.64564451680813 53.53206680768879 53.564908981493275 53.69086295084988 53.85678142099957 53.98788539132643 54.00837971996548 53.89031316524607 53.66434660772028 53.369086034572355 53.01837890808546 52.536961235718906
55.110896447218316 55.110896447218316 55.110896447218316 55.110896447218316 55.110896447218316 55.10565604743552 55.0902954796407 55.06749507000155 55.03989901572929 55.01005736866734 54.98037627695974 54.95305554706841 54.93001746468439 54.91283294261602 54.902652737618716 54.90015209172361 54.90549624666223 54.91833177632635 54.93780501555783 54.96978278695101 55.0297197808745 55.109380503820105 55.19610041528564 55.27487795581916 55.330085000709985 55.35372782422543 55.284355653553504 55.100964851433446 54.75977176702457 54.31159152521835 53.85241426406363 53.46362864065652 53.23170775837905 53.21789201380124 53.42371673606191 53.73226869066742 54.03464085481258 54.20133108960808 54.20571163744623 54.052974110542564 53.769839765173046 53.39772662795054 52.973919730251154 52.530196363116275
55.110896447218316 55.110896447218316 55.110896447218316 55.11049405218973 55.09979237185274 55.07666600259884 55.0439938785626 55.00466150381099 54.96153900579862 54.91744045811166 54.87506368722289 54.83691193598439 54.80520174700171 54.78176482900785 54.76795465367016 54.76457002568698 54.77180694523496 54.78924644827667 54.81588359383645 54.86529847396764 54.94559910813472 55.045287861295236 55.14946614059141 55.24068035916915 55.29961655311756 55.29436937440004 55.16995830773168 54.88363885755808 54.44399996316363 53.96470735867216 53.51725866370022 53.186528805617236 53.0468949565818 53.13875042032774 53.45073082955278 53.86320386116425 54.17768973654773 54.3531818381033 54.3526695611321 54.165060842320834 53.81687323922186 53.368506798655865 52.89811716913686 52.47838403072904
55.110896447218316 55.110896447218316 55.10998997949488 55.095687517669425 55.06626327971993 55.024682334965924 54.973972792017086 54.917224382433304 54.8575673640278 54.79812789643239 54.74195726421031 54.69193498636925 54.65065009391187 54.62027024108058 54.60241360461706 54.59804181706636 54.607391582029805 54.62995728905041 54.665567840154324 54.73352733659612 54.83417139393758 54.95394009105713 55.07570694231336 55.17952467732531 55.242346935570296 55.205105674900324 55.02367005830816 54.6606525504156 54.21449412532385 53.76436054923812 53.38982162023475 53.160224833490034 53.12235432005905 53.290171927798454 53.578618890950395 53.88948727952296 54.19876424216079 54.39968676195386 54.411168102883536 54.19315347020298 53.77151585286586 53.23458389560969 52.71558618931533 52.33579899918828
55.110896447218316 55.110258959612764 55.09501957771856 55.061652235196924 55.013118460267954 54.95247899481836 54.88290503194515 54.807197368779356 54.729236608618905 54.65311647821491 54.582365833139704 54.519817004228834 54.46789397651975 54.429707995931956 54.40728058370179 54.401791322647995 54.41353169315476 54.44187962048527 54.48859510470463 54.575153503587984 54.69643701461767 54.836890119761165 54.97723309124426 55.095106321377216 55.16243111030149 55.09877641636919 54.86385219334681 54.502518783419774 54.11082240595775 53.75067766519772 53.49138935583665 53.376461594215726 53.400506978581355 53.507324343187236 53.613013928174546 53.784631038038796 54.05938927276811 54.3328136236167 54.39731587043567 54.16384791610545 53.65631939910443 52.988412921922276 52.37503581366146 52.047638877354395
55.11086575723091 55.098042060728105 55.06389791310343 55.00802666631033 54.931908294188304 54.84136743163744 54.74202975836457 54.6392820638118 54.53819992742331 54.443443572895745 54.359122242738636 54.28862825539622 54.23444612766794 54.19795081073907 54.17922071227419 54.176900658950935 54.19147278343469 54.226433309508636 54.28571364658832 54.39107777471751 54.53361962380148 54.695886614662825 54.856597736896994 54.99121333416549 55.066997392405305 54.988625004215365 54.73977188226134 54.43486520000999 54.139917793051794 53.909781663938226 53.763961924387345 53.71302692285177 53.72639022143867 53.68368969939349 53.610297462724 53.60332919100428 53.82176954096498 54.193842358784664 54.35943868521799 54.13366305423829 53.54342078279839 52.69451861679487 51.86504556183101 51.647155705377635
55.10332220749299 55.06380296818669 54.993183401962064 54.89785916792942 54.78412355406934 54.65818912364703 54.52616935694331 54.39402362075367 54.2674681308912 54.151853248964656 54.05200413128875 53.97201982776617 53.91502947847342 53.88291719023444 53.87604931392514 53.893060801121564 53.93076528411347 53.98423293203146 54.05795809660088 54.182511059851 54.347220714001324 54.53285584463976 54.71635760553887 54.87138930671529 54.96241038722811 54.8867290912904 54.67734173886932 54.458083485392194 54.27825689509503 54.14946568826481 54.084060313466196 54.07562721718363 54.022847921524054 53.89288882602254 53.68720395721051 53.44566117890608 53.50488018263305 54.10318096599362 54.358249505886306 54.143733939990376 53.52882718112812 52.577237852330974 51.36546222871825 51.43181905258846
55.05668099310799 54.97395779436085 54.86098409393057 54.72438018564792 54.57079994816516 54.4069400263121 54.239505427462 54.07513725332437 53.920307912791976 53.78118497068043 53.66345669229211 53.57210356701126 53.51109843178894 53.48303392370275 53.48871576476112 53.52681258746064 53.593683955049066 53.683480585790335 53.79700464516915 53.95112901710317 54.139148168216934 54.34996642838491 54.55902280072138 54.738684940263816 54.85310466361337 54.80725011529557 54.672444832071854 54.54690090956269 54.444929810241746 54.38971432202927 54.38806954563691 54.378509546477424 54.30072303322662 54.163256549442075 53.9570934342226 53.66505696509205 53.43578191046375 54.240914402973104 54.460868915925346 54.22976945020112 53.65590022048233 52.857087542493396 52.107795928904046 51.97201105488015
54.9572058448335 54.830063121228456 54.672949388381184 54.492786263014125 54.29667952716034 54.09191289462535 53.885892237218926 53.68605078394899 53.499727453627024 53.33402493617429 53.19563871123657 53.09062527777656 53.02405978164057 52.99954407707881 53.01859125513175 53.080026684663615 53.17964070083047 53.31030074512258 53.470524277023145 53.67701743050678 53.910392865172916 54.149814964738574 54.38715315256941 54.595603519558686 54.74120828635463 54.753274621732075 54.70599559584998 54.638401139515224 54.594917947908186 54.594085810894455 54.62367732393078 54.606823202569565 54.537939298023005 54.439868685023086 54.328008593198476 54.244637691415164 54.32231325264843 54.554803361289814 54.60560244140549 54.36730709302422 53.88575747636518 53.28769802504929 52.798337335987355 52.65025195720686
