_RESULTS/REVERSE_NEW/Berg/GZ/4comp/Berg_GZ_z_180_kriged_reverse_4comp.asc
ncols 100
nrows 90
xllcorner 5.6208707817415728
yllcorner 50.959635321741573
cellsize 0.00013419651685393446
nodata_value 1.7014100000000001E+038
[rows 57 to 75 of 90, columns 0 to 42 of 100]
19.287932063054953 19.288456292281058 19.295429864189774 19.307497012400226 19.322852543730892 19.339472440538167 19.355382994199076 19.368939014789717 19.37908215235142 19.385548479001734 19.38898806766888 19.390951756173294 19.39370386038902 19.39985267329134 19.411860772478832 19.431576664943297 19.459955615620235 19.497065014536748 19.542330078815432 19.594864861513244 19.65372289694137 19.717977733212486 19.78663878947015 19.858469854085403 19.93179615255513 20.004376302756103 20.07339330756913 20.13559092140083 20.187548915523386 20.22605424719939 20.248494326109697 20.253192359952973 20.239636863059093 20.208612230509644 20.162270336188126 20.104164073782343 20.039215979989272 19.973576058066836 19.91436554993614 19.869379760957326 19.84686227103561 19.855410130864655 19.9039308764657
19.33572457489122 19.33062309892664 19.329666184744195 19.331768720409233 19.33553983845007 19.339467565955168 19.342134181178928 19.342444776262052 19.339852114863866 19.334555749106435 19.327638334127855 19.32107936400321 19.31757304030123 19.32010597057198 19.331347491930927 19.353039622552195 19.38564143110646 19.42838986404532 19.479721718956974 19.537820308954544 19.60103325994228 19.668031493952963 19.737725823302025 19.80904123289452 19.880662843102815 19.95084419695241 20.01733534512267 20.07745543001218 20.128302582454623 20.16706311603852 20.191357904055657 20.199557805871283 20.19102013088066 20.166235340115136 20.12690105546185 20.075938674570047 20.017446159887996 19.956571203493123 19.899314078104958 19.85231561402438 19.822710189798162 19.81809029595782 19.84653873100569
19.372941632309747 19.36124521017112 19.351420192994727 19.342659395541286 19.333998738573026 19.324459873011495 19.313212882487633 19.29975227705162 19.28408188927947 19.266898136375083 19.24973906638948 19.235027672827393 19.225902171834633 19.225744005948535 19.23743768711517 19.26259666393269 19.30111358144788 19.3512811545698 19.41041696554436 19.475656198291556 19.544553354143765 19.615319884825553 19.68673354856731 19.757861101906066 19.827739836659095 19.895122293003798 19.95834341499011 20.015332431697498 20.063761147415192 20.101294183459252 20.12588772383079 20.136077844213553 20.131211925026225 20.111601921847843 20.078601588010176 20.03461822976664 19.98306515907092 19.92825900549046 19.87527960208396 19.829834735125917 19.79818452959051 19.787157367524667 19.804228535332317
19.396455449334056 19.37661343949047 19.356340399869 19.335136398681247 19.31251182186001 19.288091089964873 19.261720931231054 19.233585702645957 19.20433806441703 19.17524838161855 19.148349497538693 19.126499518770697 19.113225451017296 19.112212801083967 19.126450945018235 19.15730955065088 19.204005982550346 19.263795006553337 19.33280204938633 19.40706190834711 19.483298463914778 19.559233372773125 19.633483677038164 19.705232966992547 19.773851462542915 19.838580732781168 19.898343004094496 19.95169510916747 19.99691805454267 20.03221065076939 20.055940239448773 20.06689866498235 20.064519512411792 20.04903043538484 20.02153399498852 19.984023741119074 19.939347665871427 19.891134136706647 19.84370256744342 19.80199196927971 19.77154431556554 19.75856247874748 19.770020637807445
19.40347321935478 19.373229411793492 19.340132120935174 19.30404529678757 19.265043477577358 19.223478472813373 19.180028270091594 19.135738485483834 19.092077225479574 19.051022265229772 19.015170449231373 18.987793477399304 18.972683881928795 18.973621757243624 18.993450988927137 19.033068199942026 19.09085821060402 19.162967721502717 19.24432407201261 19.329879550103488 19.415536523140997 19.498514513402224 19.577240084974328 19.65097750347589 19.719397570159842 19.782208608342014 19.838910648072073 19.8886924522521 19.930463188299658 19.96299030309538 19.985101886362504 19.995907283144035 19.994994955224374 19.98257979830804 19.95958862966968 19.92768718078942 19.889261894760818 19.847375773844824 19.805721815476492 19.768600860225632 19.74094889685519 19.728424895907747 19.737540725345674
19.391511069985008 19.347818889468382 19.298618421631353 19.244224045581593 19.185408698464517 19.12343339269079 19.060028166550012 18.997341524169613 18.937891723364718 18.884555290281195 18.840598795425237 18.809687168063157 18.79570900403661 18.80223641496849 18.831599675829967 18.883890294219604 18.956450565104873 19.044253657031735 19.141061954018465 19.24080384663898 19.338591430063257 19.431131613053267 19.51662114351678 19.594357024826163 19.664269139721284 19.726504273634422 19.78112596545417 19.82795290190825 19.866531034645917 19.896215010751714 19.916321918176575 19.926315699320252 19.925984118297574 19.915580395651737 19.895915499342507 19.868401062086853 19.835054222772524 19.79848306695272 19.761874821253066 19.72900892482754 19.70431256832373 19.692964406132294 19.701030794464728
19.358423808394008 19.297424909433992 19.227909793367836 19.150759809433225 19.067623251670906 18.98090450076928 18.89366407169755 18.809453120597517 18.732128869122256 18.66570376316934 18.61425269524028 18.5818277574095 18.572234654152396 18.58850067591857 18.63202226449776 18.70169754097757 18.793569309712943 18.901339115581166 19.01761517664694 19.135341414589472 19.24885139225016 19.354310698043882 19.449633519167683 19.534095191036517 19.607843148028767 19.671438286138486 19.725498019908347 19.77047123928521 19.806546838222417 19.833676761650924 19.851681128391128 19.86039751284514 19.85983856450815 19.850330215863586 19.832614332830794 19.807912126061495 19.777955603209136 19.745002072715025 19.711850311241896 19.68187635306609 19.659101931020835 19.64829870556999 19.655115636611228
19.30252513486239 19.219618031725908 19.124722732372565 19.019431964116038 18.906483134608237 18.789699605145856 18.673791890528346 18.564049992048037 18.46598837011629 18.385015600952848 18.326173517246577 18.2939175082293 18.291820185454405 18.32206163628513 18.38471431154385 18.477102640444315 18.593683792401013 18.726723157923875 18.867598889747846 19.00822640147354 19.142109094501855 19.264804557142675 19.37387594026753 19.468522604683482 19.549077508070994 19.616504842859886 19.67197962844836 19.716591287766395 19.75118248122536 19.776310907255993 19.792306145020493 19.799386479311547 19.797801195933243 19.787970127552327 19.770601876608584 19.74678284378133 19.71803900032226 19.686379741106926 19.654337134467603 19.6250140528715 19.602151088293297 19.59021483980015 19.594498793939714
19.222811976401353 19.112834580273443 18.986854037545108 18.847342689109954 18.69836809588092 18.545473573404937 18.395357354428185 18.2553923152206 18.13306659476311 18.035439385454854 17.968679433422896 17.9376840995233 17.94569776823785 17.993837153135377 18.080555415466655 18.20128711515479 18.348616130403563 18.513133992600416 18.684795756814413 18.854324938346853 19.014252410509766 19.15940868643652 19.28691762785578 19.395850134528665 19.486706099562973 19.560860066812914 19.620065875157277 19.666077775467425 19.700411586312985 19.724241611110614 19.738409831420192 19.743514221349304 19.740041729014496 19.728516132454573 19.70963894505686 19.68441055591882 19.654227185071967 19.62095590368508 19.586994244728306 19.555322522264575 19.52955588094558 19.513999293931366 19.513701862424934
19.11927652288449 18.9768158849935 18.813769965152222 18.6336766829929 18.442189114209686 18.246876302694172 18.056752317633745 17.881591637253987 17.731135793292307 17.614311788909408 17.538554122780635 17.509254854995866 17.529297747746483 17.59862814876313 17.713910674106998 17.868472559788948 18.052768450396623 18.255433050350504 18.46470746249003 18.6698499677659 18.862186969132697 19.035646822783193 19.18680083992928 19.314535695514053 19.419508697252407 19.503526098643793 19.56895650414501 19.618255357027234 19.653638601759642 19.67691026182537 19.689424688520834 19.69215118813968 19.685805230934232 19.671013527418417 19.64848678487862 19.61918144877968 19.584438658378815 19.54609432831913 19.506558614220353 19.468866200843735 19.436700985967708 19.41439956182413 19.406936522779876
18.99325665679511 18.81308032474174 18.60721803171419 18.380468016924787 18.14032184511371 17.89666030653482 17.661100551886665 17.44607661705028 17.263790469274507 17.12518459032117 17.03905181216581 17.01132891411155 17.0445597739332 17.13751446730002 17.28502886123355 17.478220352963874 17.705225441897188 17.952446186144513 18.206078588175995 18.453580103029473 18.684780235366073 18.892484921553038 19.072572924080227 19.223679527458124 19.34660867983364 19.443623706039386 19.51774939171461 19.572183024873837 19.609869070181077 19.63325206956541 19.64419246098682 19.644012794621258 19.63363577940158 19.613777121855893 19.5851613955659 19.5487352811748 19.50585788551243 19.45845224633498 19.409106246960757 19.36111598997729 19.31847075896976 19.285785507007688 19.2681924869509
18.84774833702211 18.62532696060643 18.37172969643771 18.09320554370661 17.799314247707294 17.502486857237198 17.217157486356523 16.958582679779486 16.74152646745395 16.578996178060883 16.481165177586735 16.454541275900343 16.501382049182066 16.61936308947616 16.801568084339316 17.036923113628188 17.311158182894864 17.608233428030424 17.911999911885367 18.207782042434715 18.48360629334049 18.730915467179194 18.944735784210582 19.1233677985121 19.267739348515924 19.380587225353562 19.46562624288099 19.52682858266579 19.5678869185408 19.59188660718142 19.601175259725697 19.59739590963821 19.581641129050702 19.554685457095598 19.517257642611707 19.470318874617128 19.415316674794404 19.35438675353358 19.290478684318387 19.22738794817529 19.169687965776475 19.122570243932273 19.091615351500437
18.687591109693223 18.41965685250428 18.114870504383028 17.781099690305986 17.430153805037385 17.07717605807213 16.73952812731975 16.43532959904709 16.181880024359447 15.99418454329762 15.88373290427493 15.857588674581146 15.91778691772476 16.061048740308493 16.278879166198706 16.558150485777364 16.882222812483906 17.232521389773474 17.590348202808165 17.938630068606372 18.263322860424484 18.554279677712486 18.805511427483957 19.014887937534315 19.1834205743476 19.314316220143933 19.41199302670119 19.481210444553003 19.526408451758723 19.551292952372883 19.558659099705604 19.550416670409096 19.52776974868276 19.491501516975077 19.44231792659928 19.38120692071627 19.309770824868753 19.230489633636076 19.146875642282037 19.063489094571814 18.98580219224002 18.919923173851004 18.872217620991623
18.51944674531529 18.204514133146457 17.84712102160335 17.456875561452588 17.047942557793377 16.63823541700169 16.24802829152128 15.898207707460646 15.608448546713305 15.39557053355166 15.272229186093877 15.245979869107973 15.318691234886494 15.48630266375709 15.738984679312457 16.06179775700374 16.43589946112266 16.840231112987635 17.25348113392319 17.65603284261842 18.03159106866805 18.368245978463726 18.65885400259218 18.9007590623066 19.095000800786067 19.245228176299094 19.35654615550432 19.43448207319491 19.484190729434275 19.509948015918024 19.51492832669424 19.501227353967465 19.470076919308525 19.422195566745202 19.358220191352775 19.279164324216076 19.186845937139456 19.08422430598461 18.97558735619236 18.866543925813367 18.763801938662965 18.674750242249953 18.60690006701889
18.351522038370092 17.990293854216635 17.581335746183317 17.13604592260743 16.670947896198577 16.206658242191274 15.766212581699623 15.373035185167161 15.048898252407856 14.812158726680261 14.676420026139478 14.649624095099204 14.733512149214215 14.92342230832989 15.208472186848946 15.572226157393153 15.993918848504283 16.45020194021718 16.917243066939093 17.37288651227192 17.7985316497097 18.18042427797802 18.51018263656354 18.784552238568878 19.004542332437033 19.174194075458317 19.2992496574817 19.38594661927191 19.440082906223076 19.46641636354936 19.468397768513572 19.448196581706007 19.406960608412938 19.34524628151449 19.263555748747272 19.16291343763073 19.04540679640779 18.91460826555552 18.77579702891164 18.63591777360064 18.503251984605075 18.386829401794287 18.295660010559565
18.19303404465242 17.788627732745425 17.331812631968234 16.835729131003035 16.319139000871882 15.805158912580582 15.319303509682744 14.887193917345334 14.532338564681782 14.27430001048532 14.127378951302843 14.099776927051305 14.19312837933752 14.402336406207422 14.71574736975136 15.115775234749524 15.580083784220106 16.083345915575798 16.599450313283445 17.103867753384833 17.575788880631777 17.999657678094998 18.3658577487312 18.670512434956205 18.91455635833303 19.102360945211093 19.240226436206775 19.335004043046165 19.39302147060122 19.41939014105189 19.41769762534337 19.390042777118268 19.337350192153437 19.25989426870563 19.157959412397492 19.032553792037124 18.886079230390333 18.722847259600726 18.549333347502408 18.374087965491988 18.207276652205437 18.059892163840026 17.942750650506056
18.053467652408372 17.611424680210515 17.113087410375268 16.573175316478643 16.012433464264003 15.456141394852144 14.931896963567123 14.467099348271638 14.086593448075776 13.810808124161355 13.654497174570956 13.625996985863969 13.726841734497524 13.951634908789526 14.288198700064846 14.718125755060138 15.217883906938193 15.76055192287082 16.318102791202314 16.86395166270144 17.375336941448605 17.835087691105272 18.23246888823765 18.563030880207037 18.827623596631113 19.030888889331536 19.17958540193919 19.281048060510415 19.341982509779104 19.367687449285896 19.36171346493841 19.325915494814634 19.260832536466737 19.166319348579485 19.042346374550473 18.889867392459067 18.711631352935846 18.512797168969175 18.30121370526679 18.08726449265088 17.88324964008485 17.702371274126868 17.557474533572627
17.94171775782478 17.469791671376996 16.938619395605794 16.36421626839152 15.76892461175281 15.17973022731281 14.62583185696128 14.13594653999387 13.73585819048425 13.446553934616345 13.28303419783205 13.253667312756468 13.359885341371324 13.596087706169643 13.949761145613499 14.401952992521617 14.92828861478504 15.50066667330594 16.08959248678802 16.666872538259927 17.20820077775665 17.695126589817754 18.116036873695744 18.46604680338882 18.745961725380084 18.96065060937383 19.1172226354384 19.22334325889957 19.28591444332091 19.31022564954167 19.2995899209869 19.255423618221144 19.177702333268495 19.065713135416555 18.91900815084296 18.73843849828731 18.527115524350286 18.29112337105117 18.03981278551819 17.785557059833174 17.542948638586154 17.32753573425579 17.154299736415567
17.865231180150435 17.372980056049517 16.819545712471 16.22184751628965 15.603326610161448 14.992124022717132 14.418499362436412 13.912015070867016 13.499024752182068 13.200817224147892 13.032484870133562 13.00235581780696 13.1117542953796 13.354930850980654 13.71915969617512 14.18514931675576 14.727988887114524 15.318807736064313 15.927141743324198 16.52373363380299 17.083268328822786 17.586484667966058 18.021251030339396 18.38247574007196 18.671017080396794 18.891955016138 19.052645570842692 19.160921206677813 19.22368140154558 19.245991686392333 19.230711744367213 19.178614455525047 19.08892920164387 18.960225509687103 18.791529711260754 18.58353121796239 18.33969375011111 18.06705853769964 17.77653550921184 17.482546872994067 17.202015414415055 16.952840137628375 16.752115456571726
