_RESULTS/REVERSE_NEW/Berg/GZ/4comp/Berg_GZ_z_63_kriged_reverse_4comp.asc
ncols 100
nrows 90
xllcorner 5.6208707817415728
yllcorner 50.959635321741573
cellsize 0.00013419651685393446
nodata_value 1.7014100000000001E+038
[rows 38 to 56 of 90, columns 0 to 42 of 100]
0.6480784440653212 0.6676347614634872 0.6882515228459102 0.7092365507361122 0.7296914752610068 0.7485620152373041 0.7647310880040243 0.7771467263676658 0.7849644094079894 0.7876751680518114 0.7851908295485583 0.7778665684221797 0.7664555320621053 0.7520061482185469 0.7357252781374017 0.7188359775196024 0.7024557627696568 0.6875118729170722 0.6746986111045703 0.6644728966606427 0.6570797487101451 0.6525989831744827 0.65100589608258 0.6522400487876467 0.6562762682711758 0.6631905907077265 0.6732119595874666 0.6867490874935325 0.7043813896343772 0.726802481368913 0.7547027066944755 0.7885725970555332 0.828405484492959 0.8732897090792726 0.9209465027364158 0.9674422102090297 1.0075384451699052 1.0360049289601094 1.049016296020046 1.04343633767895 1.0139956521412954 0.9536383594253292 0.8604362347560424
0.6606362686068121 0.6803595588751488 0.70070640854356 0.7209234052532281 0.740076056676843 0.7571106040301671 0.7709569410453316 0.7806615451276188 0.7855274894759392 0.7852319100564865 0.7798932167112945 0.7700708225628053 0.7566960821491853 0.7409497242298481 0.7241131100089516 0.7074240022781085 0.6919614916064923 0.6785728867471621 0.6678434185919315 0.6601018508284169 0.6554526694436285 0.653826884783407 0.6550459927747024 0.6588950330761496 0.665199844955323 0.6739008432055732 0.6851123000143613 0.6991538950896824 0.7165410473141277 0.7379215544682836 0.7639464016725185 0.7950610909266435 0.8312041844149483 0.8714172748450483 0.9134392454954652 0.9535121509470387 0.9867825554095488 1.00842462840689 1.0145302631050461 1.0011814738302565 0.9627384754129579 0.8939345268478983 0.7961690265656192
0.6751651705714522 0.6950861995630315 0.7151588231696246 0.7345814544148175 0.7524027831110012 0.7675923971495363 0.7791492387547475 0.7862345709814061 0.7883052663873603 0.7852180573977984 0.777278735335051 0.7652218208242254 0.7501228859774085 0.7332624907503463 0.715971714548542 0.6994902886707143 0.6848597198695427 0.6728605199978114 0.6639909556495059 0.6584784545737531 0.6563142127120719 0.6573043882303471 0.6611345490098404 0.6674453490098289 0.6759156625792182 0.6863451175884546 0.6987230185546334 0.7132673969428172 0.7304178307934189 0.7507682376173979 0.7749288731039518 0.8033086869882043 0.8358134652249886 0.8714764571847772 0.9081051851315638 0.9421576077729091 0.9691455673934972 0.9845443039353748 0.9843076366641836 0.9640118400723886 0.9182163234425618 0.8434938778343017 0.7435176537097866
0.6913013403504906 0.711388260372101 0.7311151729123679 0.7496484774911885 0.766042947041622 0.779317720359786 0.7885653694167725 0.7930795630960207 0.7924772645052863 0.7867875525679959 0.776483368243656 0.762444423041603 0.7458563050763786 0.7280672175571298 0.7104334229440856 0.6941833586405034 0.6803199702292371 0.6695669979639927 0.6623540475510181 0.6588305124121169 0.6588993697776013 0.6622658813323762 0.6685001027197425 0.6771133249730613 0.6876459862652193 0.699758822835856 0.7133123722776633 0.7284154571437015 0.7454231237479297 0.7648685193329541 0.7873189805816977 0.8131520845695673 0.8422554433598785 0.8736777782014167 0.9053211345869842 0.9338664487272368 0.9551500958189232 0.9648720552640784 0.9588615226779552 0.932442743091747 0.8806811213681074 0.8017649452872261 0.7008174750823654
0.7084044462012343 0.7285454782889202 0.7477767989782168 0.7652531127452592 0.7800622324700048 0.7913022021049481 0.7981854737801275 0.8001557801686022 0.7969951389670502 0.7888955511641788 0.7764744372901309 0.7607245917374901 0.7429057713927618 0.7244004873468525 0.7065646041958384 0.6906005228739902 0.6774693737419455 0.6678451135918594 0.6621036613077477 0.6603368270709061 0.6623829271013686 0.667870811466372 0.6762783437847055 0.6870075541820303 0.6994754534524187 0.7132124394357566 0.7279519328633198 0.7436890404118517 0.7606855569674063 0.7794037763495208 0.8003599487000718 0.8238972051578719 0.8498893432037361 0.877412094059157 0.9044739472120705 0.9279734659139754 0.9440292508868967 0.9485084031051003 0.9371491534574882 0.9052348029316657 0.8485218052359415 0.7665747557167087 0.6654025255309768
0.7255692169781194 0.7455674726302753 0.7640790801670669 0.7802718187352959 0.7932967952003015 0.8023617691904175 0.8068247083440286 0.8062946604093726 0.8007200797239862 0.7904424117466459 0.776196991620782 0.7590543295642852 0.7403101150131481 0.7213462089223251 0.7034912318147005 0.6879053902444439 0.6755028363697037 0.6669123169445101 0.6624684569055035 0.6622237859573662 0.6659745081904228 0.6732983036653231 0.6836070245314807 0.6962183663099406 0.7104469927129964 0.7257076113099135 0.7416128299366815 0.7580414345739951 0.775151617010318 0.793319521579751 0.8129940094562168 0.8344707682810825 0.857603694860001 0.8814971800892345 0.9042696034284685 0.9230264376500606 0.9341289519106415 0.9335717917287357 0.9170637335129103 0.8800639957861635 0.8191812301679048 0.7351590812071422 0.6344827722461189
0.7416802707381117 0.7612645652776048 0.7787801576007762 0.7934361473205217 0.8044782217423453 0.8112529866296668 0.8132855257803391 0.810359884034316 0.8025861992362561 0.7904360499568466 0.7747312544243715 0.7565811857896303 0.7372771952231012 0.7181646302439866 0.7005176488136249 0.6854376519811262 0.6737857247558082 0.6661485185196053 0.6628300188007201 0.6638602384410853 0.6690150673399287 0.6778468544349212 0.6897299261737807 0.7039265585986202 0.7196752829811534 0.7362950077626581 0.7532878595426432 0.7704152640887564 0.7877197740314352 0.8054710800850436 0.8240266954037935 0.8436127833171819 0.864048083538454 0.8844589357937206 0.9030698498870112 0.9171782568507453 0.9233556479786551 0.9177180608105722 0.8960649494593459 0.8542874718779514 0.7899943804102271 0.7049166142199511 0.6056756157373664
0.7555143884863048 0.7743670713970494 0.7905967300518919 0.8034831058262906 0.8123952707502112 0.8168421559968599 0.8165297505532739 0.8114180880765053 0.8017658936910794 0.7881485710493288 0.7714380362463262 0.752741046255134 0.7333038072020818 0.7144001405528082 0.6972238610881835 0.6828020147124143 0.6719368930519342 0.6651757741719295 0.6628017335269745 0.6648379666945832 0.6710611198974614 0.6810241337177688 0.6940935587096245 0.7095077372025469 0.7264589143689117 0.7441941208238432 0.7621187910153036 0.7798778171387214 0.7973856092482045 0.8147820861427065 0.8323042785750977 0.8500802100480709 0.867871087640016 0.8848111127575328 0.899220201444168 0.9085713585026665 0.9096332087869011 0.8986940614735338 0.8718383601518078 0.825661941660053 0.7588584251436753 0.67392031520388 0.5773071617881461
0.7658824967912059 0.7836809220200871 0.7983698567621328 0.8093266854230815 0.8160662605385581 0.8182738694419404 0.8158391889778418 0.8088882193521232 0.797805550726729 0.7832369847275998 0.7660642135285782 0.747349164504765 0.728253865797013 0.7099487230845777 0.6935246182821897 0.6799213159473956 0.6698781778728193 0.6639064021241075 0.6622776665688574 0.6650233573699762 0.6719411157135474 0.6826097681860689 0.6964177540241848 0.7126117076345139 0.7303691223973632 0.7488915634468817 0.7675044060362883 0.7857393704783533 0.8033717855961553 0.8203886385399409 0.8368759866851226 0.852832334825278 0.8679349018071613 0.881306556069863 0.8913483729258656 0.8957003386914653 0.8913515015372192 0.8748801894791017 0.842893813362644 0.7929096657649894 0.7246779352483104 0.6411995655857486 0.5485340675708448
0.7717895381804482 0.7882533495484123 0.8012306208070017 0.8102175968350148 0.8148876260023773 0.8151042613507303 0.8109307718807788 0.8026371440610728 0.790701599298025 0.7758010031294454 0.7587846693467469 0.7406292871821123 0.7223779049850223 0.7050707698898868 0.6896780314653651 0.6770429503294852 0.6678402435883075 0.6625495975740244 0.6614411718969248 0.6645692128776739 0.6717716984479328 0.6826773363297188 0.6967246750880535 0.7131996843031838 0.7312962179403528 0.7501975569781107 0.7691677720600577 0.7876320327715602 0.8052195207365033 0.8217449720617437 0.8371161787262474 0.851172784043628 0.8634821712794477 0.8731368493629236 0.8786093947431677 0.8777180299097412 0.8677385128444978 0.8456986080462824 0.808938112210087 0.7559862227683082 0.6875093655380592 0.6067801600105309 0.5193041750161285
0.7725806087743249 0.7875146558156557 0.7987308173485561 0.8058570567062103 0.8087264179928989 0.8073695226020876 0.802000163757072 0.7929992449649229 0.7808987134800262 0.7663638385593794 0.7501703911630062 0.7331737104692891 0.7162690764245855 0.7003460011952192 0.686241359674899 0.6746966140528785 0.666322784786536 0.6615742717113238 0.6607304531761248 0.663883203431119 0.6709294255691495 0.6815700207055251 0.6953193796457946 0.7115310253960352 0.729443932334944 0.7482493549094619 0.7671700890639822 0.7855351295711607 0.802826374726205 0.8186743472941753 0.8327891135271406 0.8448295192427183 0.8542339273019844 0.8600528898525485 0.8608337845218537 0.8546080543988891 0.8390301340654984 0.8117235978004426 0.7708735366259499 0.7159709050328825 0.6483946567373149 0.5715048504746291 0.4901866308669552
0.7680416300002455 0.7813652644176385 0.7909104302788557 0.7964401557614755 0.7979367789119696 0.7955746339926897 0.7896839721537633 0.7807153729224947 0.7692104583495651 0.7557804273887562 0.7410901350452629 0.7258433896916074 0.7107653622203023 0.6965799891434212 0.6839827862446992 0.673611335245722 0.6660162232405764 0.6616345480350904 0.6607669573757058 0.6635584100447968 0.6699830210296268 0.6798345715902937 0.6927260375288027 0.7081028155885474 0.7252739524543346 0.7434625597721717 0.7618705316455423 0.7797448914074011 0.7964264194536429 0.81135951064634 0.8240486998965648 0.8339622287818668 0.8404023151051552 0.8423786708812907 0.8385314027541276 0.8271526600476089 0.8063578545205298 0.7744489408425328 0.7304524243004505 0.67467277930651 0.608987992390952 0.5367173560556973 0.4621290738630433
0.7584325874305439 0.770189691927482 0.7782882261911603 0.7826204836584989 0.7832978035414747 0.7806056980345027 0.7749498790373741 0.7668058856994807 0.7566813696050081 0.7450947155264102 0.7325682175624592 0.7196301298147818 0.7068185101184127 0.6946808024977824 0.6837656722615953 0.6746065151788608 0.667698301319615 0.663470498168228 0.6622588483627461 0.6642782791776239 0.6695988390799702 0.6781267424952748 0.6895933818698289 0.7035560464949556 0.7194141647084236 0.7364431482511314 0.753843748793238 0.7707986093859659 0.7865212477684966 0.800279360135654 0.8113778484600267 0.8190991444593719 0.8226164244363293 0.8209122143671418 0.8127446772696192 0.7967062055594542 0.7714142247982929 0.7358492548465181 0.6897848816016816 0.6341508594966121 0.5711317979309019 0.5039181584428862 0.43620954337606904
0.7444465399083855 0.7547952538977453 0.761778513209055 0.7654047122612936 0.7658874035811779 0.763586321515396 0.75894027771198 0.7524070728015368 0.7444215795306097 0.7353769823495585 0.7256276883530048 0.7155073798643082 0.7053530795530087 0.6955261172742018 0.6864230262761266 0.6784727536739807 0.672120103396559 0.6677981259212427 0.6658936986777507 0.666710799646682 0.6704354231872651 0.6771053833858416 0.6865879118197651 0.6985680662148018 0.7125510730524611 0.7278809893848788 0.7437756329518963 0.7593732784874955 0.773780991311012 0.7861101290976706 0.7954852786278487 0.8010217975627544 0.8017831124907169 0.7967453569856077 0.7848060845019562 0.7648725723139482 0.7360522388567736 0.6979349380645578 0.6508985721938636 0.5963114645418586 0.5365051665002853 0.4744800217774874 0.4134366322187516
0.7271035111170893 0.7362889364665878 0.7425521948694279 0.7460001774389148 0.7469199235836391 0.745709631306882 0.7428032643799071 0.7386051202734076 0.7334465691030838 0.7275708097110963 0.7211447645334822 0.7142916353847455 0.7071340232407787 0.6998362237662625 0.6926353684795159 0.685854185404848 0.6798925656660539 0.6751997086965561 0.6722321666512674 0.6714048131600056 0.6730415713447622 0.6773313227890065 0.6842927740807626 0.6937509488608641 0.7053275554035848 0.7184472269138479 0.7323606039823898 0.7461825832152676 0.7589397269365049 0.7696162816086715 0.777186819073075 0.7806290263133494 0.7789232010710989 0.7710598447749535 0.7560843617868773 0.7332029022953948 0.701955123952411 0.6624280978360076 0.6154468958488838 0.5626536440632758 0.5064035686571827 0.4494682581221811 0.3946227706880934
0.7076021700744534 0.7159186063113856 0.7218714243594346 0.7256474058147212 0.7275810394057316 0.7280794600241798 0.7275427634285149 0.7262961462673162 0.7245464340069907 0.722369708355544 0.7197304531425651 0.7165268876403234 0.7126524881523051 0.7080606228165854 0.7028184370139288 0.6971382270625673 0.6913794454322125 0.6860210496230437 0.6816101827364839 0.6786972224514685 0.6777680831240377 0.6791827223210724 0.6831255539552648 0.6895705490118562 0.6982621960199945 0.7087131446087533 0.7202193405799349 0.7318925171712534 0.7427071884770761 0.7515552835170372 0.7572988200438833 0.7588134548316282 0.7550251468288869 0.7449541934109399 0.7277865225328071 0.7029850298460248 0.670434710187628 0.6305901482225279 0.5845728843405275 0.5341631149883732 0.4816525088995384 0.4295676467351515 0.3803264619153076
0.6871607887237077 0.6949115164844447 0.7009312457529246 0.7054700547576237 0.7088899522851687 0.7115868578632205 0.713909186912996 0.7160887543822834 0.7181966039036847 0.7201316813543731 0.7216449539847873 0.7223959217983166 0.7220325834093201 0.7202804785302392 0.7170229721395553 0.7123552903763802 0.706599880294367 0.7002794995632613 0.6940542845133715 0.6886364891053661 0.6846992653739095 0.6827935993482905 0.6832822569404969 0.6862941183407886 0.6916987198078173 0.6990997855901195 0.7078471510939526 0.7170670839755888 0.7257100628754279 0.7326121884192248 0.7365632506969714 0.7363745224002183 0.7309449711350926 0.7193330287652611 0.7008446413091979 0.6751411294881291 0.6423540679790525 0.6031769220271459 0.5588945099217902 0.5113187386440865 0.4626218283168609 0.41508884768162907 0.37084201842903314
0.6668787390786788 0.6743405486787135 0.6807361853354452 0.6863662024377677 0.6916076826824289 0.6968352216136532 0.7023388301185292 0.7082532793425822 0.714511541971607 0.72083197247752 0.7267449347058201 0.7316591705270545 0.734960853357713 0.7361298235005483 0.7348505505113804 0.7310932942505574 0.7251459353468704 0.7175883722497396 0.7092156006804994 0.700927480921754 0.693608567928697 0.6880190536413634 0.6847101526532178 0.6839683808861622 0.6857868371107494 0.6898593085870132 0.6955939745437562 0.702145518830708 0.7084653558680164 0.7133682828059883 0.7156110434400359 0.7139767851985303 0.7073616893936574 0.6948648671105081 0.6758844015410065 0.6502165040754823 0.6181427994251966 0.580480148984214 0.53856607737064 0.49416419598090333 0.44929469963943 0.4060176061651351 0.36621388234107144
0.6476402816687575 0.6550373064778382 0.6620268639498976 0.6689511208762611 0.676196542514956 0.6841147766724969 0.6929397486358632 0.7027141450383514 0.7132381614561519 0.7240524226949305 0.7344647446477842 0.7436253214820655 0.7506458046184387 0.7547456031511302 0.7553975348336736 0.7524400435628237 0.7461281696849924 0.7371097936208175 0.7263327719991034 0.7149056840958732 0.703943820782209 0.6944300802707584 0.6871099202288481 0.6824263603086621 0.68049104580558 0.6810833225451243 0.683670368343636 0.6874448600823955 0.6913794189756827 0.6942973592162005 0.6949572432696032 0.6921464897165779 0.6847791018067901 0.6719943619059348 0.6532537436306696 0.6284291391232915 0.597867947954247 0.5624151107729877 0.5233744428322069 0.4824032602614751 0.4413517643153152 0.40207558387798115 0.3662601529547204
