_RESULTS/REVERSE_NEW/Berg/GZ/4comp/Berg_GZ_z_500_kriged_reverse_4comp_test.asc
ncols 100
nrows 90
xllcorner 5.6208707817415728
yllcorner 50.959635321741573
cellsize 0.00013419651685393446
nodata_value 1.7014100000000001E+038
[rows 57 to 75 of 90, columns 42 to 83 of 100]
0.4831549757323172 0.5734436186047249 0.6912810047624046 0.8358677356937566 1.0012763866248031 1.1749923372404507 1.3381503377658883 1.468275305258444 1.5442829784847563 1.5521282105265006 1.488843659258501 1.363352572154421 1.1938401533227962 1.0027950321009986 0.8116413636122409 0.6367844376233358 0.4877736880697362 0.36747043812016356 0.2740371000425984 0.2035133597859973 0.1514788785042709 0.1137829239490414 0.08685949459956988 0.06783405634247099 0.054498663909069274 0.04522001758547964 0.038825274473535155 0.0344912241120463 0.031649692410549816 0.02991339225473387 0.029020981873478697 0.02879747477437514 0.02912546201535056 0.02992303759718822 0.031125483545597382 0.03266942914686724 0.034479973399665007 0.036462638223741975 0.03850243765568507 0.04047136469325598 0.042243258877875306 0.043712197327377286
0.4010581328928904 0.4646062061448553 0.5443155905229858 0.6377600049318896 0.7392546860359971 0.8396929285806758 0.9275048088636967 0.990757997393901 1.0198462711221512 1.0098156552239828 0.9614833059111106 0.8810472878492119 0.7784565605836392 0.6651338119403074 0.5517456017014744 0.44658080504548764 0.354724362239097 0.2780668746615681 0.2161724482751763 0.16743941456841527 0.12987180349592992 0.10144729573155212 0.08029930696292818 0.06480539242383603 0.05361841538672304 0.045663461287747474 0.04011244523135642 0.036345080659789634 0.03390546964975488 0.03246205433350717 0.03177483368441526 0.03167022605091659 0.032022065809690387 0.03273663167744342 0.03373990292708191 0.034966280199598555 0.03634934472648488 0.037816130953163885 0.03928632864473265 0.04067678776852721 0.04191010848725265 0.04292466869726747
0.3174969010946759 0.3594683640431823 0.41018746721365434 0.46711918013909276 0.5258838658433428 0.5805381378908363 0.6244744315512697 0.651747007006782 0.6583832240691232 0.6432108285501742 0.6079582673187026 0.5567001323350103 0.49491149135794577 0.42841555879598364 0.36245657711956225 0.3010500251484255 0.2466643642892541 0.20027327979050533 0.16176445152505534 0.13045319217239448 0.10543919002874583 0.08578830707546875 0.07061436744380564 0.05911078706029414 0.05056322574095004 0.04435763171580824 0.03998347152205188 0.03702855279330351 0.03516608865784347 0.03413863479052274 0.03374352021085758 0.03382170080016065 0.0342495212117356 0.03493187420770928 0.035795367080445985 0.036780986093111756 0.03783697882533935 0.038913498612502186 0.03996041993943271 0.04092874448386999 0.04177475825663345 0.0424651882126818
0.24314049807984994 0.2694033321507877 0.3000859616366368 0.3331665260325322 0.3656753291743407 0.39402382247928885 0.41462933388555484 0.4246557651278478 0.4226060873051462 0.4085638578639637 0.384047644114192 0.3515947410915814 0.3142400624687075 0.2750177764766133 0.23655909763878416 0.20082467254763958 0.16899198247791322 0.14151362313112395 0.1183199051211457 0.0990594969224464 0.08327993919194232 0.07052788593929774 0.060387996730741696 0.05248602819529861 0.046481024852427506 0.04206140314318546 0.03894654417045904 0.03688897944179028 0.03567344553273825 0.035113258197981514 0.0350468938868172 0.03533672829272456 0.03586944596902289 0.03655620353302614 0.037330807678030084 0.03814536638968778 0.0389643379424172 0.03975882860366779 0.04050286780567215 0.04117241323174807 0.04174666950123959 0.0422105305075413
0.1824910840883756 0.19815647463902772 0.21595614088230825 0.23449084069513837 0.25190904070212444 0.2661525811938191 0.27532906608682706 0.2780956289922784 0.2739178391733228 0.2631226389911345 0.24675757006477175 0.22633627232233386 0.20355886971573411 0.18006438026806532 0.15724040773181525 0.1361016011017283 0.11724628699494813 0.10089542955001346 0.08699521916704733 0.07533871550855478 0.06566624200619593 0.05772819680400564 0.051310781252077026 0.046234820098145994 0.04234293552602102 0.03948774140183628 0.03752604124970538 0.03631770189883813 0.03572615515732181 0.03561921726182151 0.035871113028237825 0.03636673370661446 0.03700731515037936 0.03771513616006035 0.03843498910529999 0.039131707284665515 0.03978482674038004 0.04038251415768085 0.04091677165937986 0.041380942314579096 0.04176939600047597 0.04207853511924732
0.13562273214406137 0.1445126280118811 0.15444732683797044 0.16454606515087883 0.1737193281926436 0.18081873196087359 0.18483851079655075 0.18510774088085044 0.18140878691962353 0.17398856368941368 0.16347434461779528 0.15073576407431663 0.1367363891893874 0.12240222719590037 0.10851944163617139 0.09566793049103463 0.08419668027121284 0.07424221306600366 0.06578006786058968 0.058689495734364 0.052812453255200176 0.04799561495299049 0.044111422797573636 0.04106051289662351 0.03876278045081762 0.03714548029282456 0.03613396276175198 0.0356467250147389 0.035594098732196766 0.03587968589999646 0.03640445037695137 0.037073427580614916 0.03780371847875811 0.03853113413336603 0.03921306899278935 0.03982684224674157 0.04036466725895558 0.04082747896398255 0.0412197007783606 0.04154606247837149 0.041810495439860464 0.0420164384605827
0.10040781257966223 0.10511645601375812 0.11041534704017396 0.11579090171486561 0.12062841070418907 0.12429086762202794 0.1262203327711959 0.12603452942555934 0.12358959123637034 0.11899261958960615 0.11256688226525388 0.10478626516246077 0.09619817714930931 0.08734903864974432 0.07872109985320326 0.07068719247252739 0.0634889330727763 0.05724016370554718 0.05195096286370523 0.04756251541043064 0.0439826242020487 0.041114299087832686 0.03887321644590755 0.03719333535513143 0.03602328137287975 0.03531806994463658 0.03503056019206832 0.03510539995631051 0.03547652613550366 0.03606833447118389 0.036800290142430324 0.03759425771870209 0.038382786704615056 0.039115747005773006 0.039763116767084786 0.04031334623408182 0.04076850031327847 0.04113830685302885 0.04143503659629035 0.041670238127171466 0.04185338707051626 0.04199190451026679
0.07414382816098594 0.07633124466790091 0.07896242527617138 0.08175977413344404 0.08438806390829066 0.08648957408656134 0.08773126705989273 0.08785434328341092 0.08671387960192348 0.08429894034968281 0.080729865997912 0.0762356178848109 0.0711173970102669 0.06570546191705502 0.0603160160748297 0.05521511671876606 0.0505957304839991 0.046571047834278866 0.04318262924831206 0.04041827781935557 0.03823336759112643 0.03657026731892986 0.035372255027312526 0.034590326451223896 0.03418337296066179 0.034113885711320964 0.03434207423953388 0.034820991567442214 0.03549437631535229 0.0362979507195161 0.03716404491866052 0.03802854134019518 0.038838238829964046 0.03955631373941806 0.04016416368750402 0.04065938462760521 0.04105108785779405 0.041354434527698034 0.04158600532587622 0.041760831308888365 0.0418911133161685 0.041986171030512
0.054406570665267044 0.05510587172403064 0.056234556491681215 0.05765526972973656 0.059190956596627854 0.060636426204224325 0.06177722004593141 0.06241444571248007 0.06239162030260883 0.061618063694803805 0.06008358297415513 0.057860862537941135 0.05509447192459828 0.05197822147425886 0.04872536825159759 0.04553819767638173 0.04258371291700908 0.0399800068192799 0.03779421647800728 0.03604959988395431 0.034737590979971124 0.03383072572539385 0.03329333329291678 0.03308822046562566 0.033178977132335224 0.03352880114184598 0.034097596311936075 0.03483932744112157 0.03570124284941782 0.0366257981727735 0.037555166098131636 0.03843728203451204 0.03923168381012346 0.039913305507966186 0.040473092707053245 0.040915526277713034 0.04125420743314066 0.04150705446222599 0.04169236122667886 0.041826310677574204 0.04192191685702679 0.041989005851973134
0.039357243653047956 0.03921241202767116 0.039522888001980734 0.04022710390822767 0.04123477844644863 0.042427409117307 0.04366230165117075 0.04478225682974579 0.0456315512152112 0.04607655886683179 0.04602698641983186 0.04545223972558909 0.04438778865054261 0.042928827865525696 0.04121238462094482 0.039392760101823604 0.037617068921166584 0.03600679010861794 0.03464830549429084 0.033592064166084144 0.03285777391011577 0.03244234580245817 0.03232778564072101 0.03248720684534105 0.032888229498397134 0.03349402990980149 0.03426305220956625 0.035148726411411375 0.0361003778810314 0.037065930356251005 0.03799619964473665 0.03884981570567561 0.03959737946632893 0.04022358434557776 0.04072671783165455 0.04111588485664549 0.0414069890822219 0.041618677783998026 0.04176914716289067 0.04187418721716536 0.04194639106966929 0.0419952007716972
0.027757666308135625 0.02718081108538701 0.02707769307920546 0.027421425108970474 0.02816803138925834 0.02925282081026374 0.030586519975943804 0.03205421969992394 0.03352025264918798 0.034840845486302285 0.03588367912558878 0.036550144708208665 0.03679373095829734 0.036628231560936385 0.03612270619256604 0.03538495146221427 0.03453916105501901 0.0337045768288229 0.0329801458335456 0.03243698937725233 0.03211766629723954 0.032039760975807255 0.032201210303860944 0.032585449431486044 0.03316537431486858 0.03390597696507539 0.03476614165434566 0.035700388537201304 0.036661263226120226 0.03760265042238399 0.038483710824113566 0.039272647350190544 0.039949326089088695 0.04050602041226948 0.04094612403157113 0.041281314637864094 0.04152804282427626 0.041704233947669825 0.04182680358032514 0.0419101976379814 0.04196585146741543 0.042002296739096494
0.01885054348533861 0.01811320308671966 0.017837509666169343 0.018007075461449563 0.01860204662676206 0.019594807352972612 0.020942317256320828 0.02257757721706532 0.024403967858900862 0.02629668550594348 0.028114169059497474 0.029718883037536618 0.031002268653469674 0.03190564174955882 0.03242956027908472 0.0326287193542449 0.032595218341001875 0.032436841103138256 0.03225720140827797 0.03214203427777578 0.03215261446910713 0.03232492413510257 0.03267229849047275 0.03318950029565982 0.03385690474436192 0.034644252246877366 0.03551400146289001 0.036424589120418696 0.037333868648889615 0.03820273288372268 0.038998580299322724 0.0396980434023121 0.040288401903787095 0.04076737785047847 0.04114144142923465 0.0414231456889017 0.041628187609265066 0.04177281817483946 0.041871978449406225 0.0419382570117842 0.04198155213092603 0.04200921985149877
0.01218328785323276 0.011461739919423381 0.011153759206616471 0.011241767078257506 0.011718213263306907 0.012582061163966802 0.013830446267546872 0.01544651717327176 0.017385991855303515 0.019567015808773302 0.021869059141609488 0.024144983238421663 0.02624543700049907 0.0280484812457782 0.029483779929461114 0.030542644107625385 0.03127164912939498 0.03175434676308957 0.0320889606306727 0.03236904433630709 0.03267074169056616 0.03304695359272397 0.03352676713728753 0.034118026638344484 0.03481134179522384 0.035584515901507845 0.03640695327178231 0.037243921339378275 0.03806060273835539 0.03882576630319219 0.03951474454029284 0.040111353615959064 0.040608499040730564 0.04100745698175674 0.041316109459080576 0.04154661829584715 0.04171306875930031 0.04182950312125951 0.041908566991867034 0.04196079401825411 0.04199441712688198 0.04201553448220438
0.007428974108699576 0.0068239725032522205 0.006556935560812178 0.0066062417995692525 0.006970399157687351 0.0076657258832348585 0.008719872797997418 0.010160420543370784 0.011998562256300029 0.014210472483986382 0.016722554382053865 0.0194087965562643 0.022105926134655448 0.02464444617081342 0.026885030690148363 0.028746243834993402 0.0302139433410319 0.03133180375175678 0.03218001354200765 0.03285153907164065 0.03343295593723067 0.033992714790791224 0.03457641346386928 0.03520710761963297 0.03588855625124821 0.03660982281562023 0.03735026319022209 0.038084359924343156 0.03878606931163047 0.03943240991966564 0.04000604540764941 0.04049668443825478 0.04090126612597583 0.04122309137891226 0.041470231758911555 0.04165363355052249 0.041785309246394085 0.041876893805743415 0.04193869140582544 0.041979203008864055 0.04200503763438592 0.042021076361757746
0.0042590357517944205 0.003808495459529037 0.0036095960932855673 0.0036388581427795014 0.003897472887877785 0.00441010192582746 0.005221794514262078 0.0063909519713224155 0.007975696405875176 0.010012652209691136 0.012491703633128967 0.015336174508694074 0.018400533722052453 0.021492590101641965 0.02441506599103958 0.027010291008599027 0.029190072579391862 0.030941582397975714 0.03231224607260858 0.03338413125717841 0.03424860180569247 0.034987738691603064 0.03566422006710742 0.03631830408615921 0.03696951644535571 0.037620845132341124 0.03826387511200477 0.03888388391046782 0.03946431704174084 0.039990299488193236 0.040450997830772245 0.04084079083191263 0.041159354660115006 0.041410904362761486 0.041602921059544704 0.0417447094956492 0.0418460735821248 0.04191629392262745 0.04196347771557501 0.04199425892399187 0.042013770942206694 0.04202579511712372
0.0023040694522259045 0.0020000642046226016 0.001867735924613193 0.0018852971983404176 0.0020547782401853488 0.0024016582954358777 0.0029753008706584066 0.003847803279115956 0.005107084210470899 0.006839643477691613 0.00910162991624547 0.011884646960995676 0.01509154875719035 0.018539198994999385 0.021994156764544415 0.0252288134740775 0.02807357977644696 0.0304445427025156 0.03234116880550725 0.03382291349182611 0.034978919789118955 0.03590196349905419 0.036671631130815514 0.03734671540570912 0.03796440083934244 0.03854342646547645 0.03908898571886179 0.039597886815196125 0.04006311656165698 0.04047737231809858 0.04083540466213742 0.041135207386841705 0.04137823244918075 0.04156889886866617 0.04171369963353765 0.04182018871970278 0.041896063957862426 0.041948473624773226 0.04198358976894676 0.04200642708326297 0.0420208496800004 0.04202969708981758
0.0011904169790110072 0.0010008540876859462 0.0009200498388750771 0.0009303446227064735 0.001033684938388944 0.0012517511724563443 0.0016288917823067833 0.0022360833279241273 0.003171855431274501 0.004553620182208403 0.006492858437675888 0.00905402471735778 0.012210075378471033 0.0158187338185467 0.01963989898894039 0.023392990572134904 0.026828739829828273 0.029782938183701257 0.032193880502361556 0.034086624867488806 0.03554016127260509 0.036653914691357245 0.03752313253038412 0.038225443384972 0.03881656698006633 0.039331827905530636 0.039790497443404765 0.04020090622794334 0.04056513063768719 0.040882676768346796 0.041152985219674226 0.04137682340753035 0.04155677152146066 0.04169707246382829 0.04180312138573462 0.04188083140996669 0.041936046429024744 0.04197409854234513 0.04199954292707363 0.04201605653046561 0.042026461527283815 0.042032827004015866
0.0005996800297466588 0.00048771538764191884 0.0004411236832214412 0.00044697894538460356 0.0005068034202464559 0.0006369123154815414 0.0008724629785287451 0.0012744651535258748 0.0019370455197148897 0.002988539636933191 0.004576464893841711 0.006828584436189662 0.009795406709893345 0.013399246519723608 0.017423702159384467 0.021559728029329858 0.025489600076821776 0.02896730512601558 0.0318612865647569 0.0341522189886295 0.035901100420840173 0.03720921120858016 0.038185134349233416 0.03892447866560081 0.03950126103061464 0.0399672302648122 0.04035538973366411 0.04068499768697913 0.04096643224539695 0.041205145138978064 0.04140446179497835 0.04156728834051392 0.04169693623950045 0.041797327758441895 0.041872836136464815 0.04192796862186181 0.04196703856466079 0.04199391045843042 0.04201185012124828 0.04202347641828154 0.0420307913935251 0.04203525935708184
0.0003031042550735872 0.00023849212529838357 0.0002122661677841927 0.00021555143812777334 0.0002494243770347777 0.00032529882294983915 0.00046901908896061377 0.0007288685427891228 0.0011865308965303659 0.0019662684365788653 0.003231580639622748 0.005155462407549249 0.007859452810297965 0.011340939321188194 0.015430890718997768 0.01981775973024391 0.02413340694425623 0.02805648840489417 0.03138318082606846 0.03404344309597202 0.03607387404967487 0.037572810201907975 0.038659093980795346 0.03944442972181561 0.04001986147680871 0.040452515049846094 0.04078811179645521 0.041055813839365726 0.041273309178461795 0.04145111117085793 0.04159572835878368 0.0417117356458552 0.041802950923944454 0.041872973527968316 0.04192532597569367 0.04196339265042099 0.04199029062984472 0.042008752821876424 0.042021059726276615 0.04202902629189504 0.042034033669859534 0.042037089278386106
