_RESULTS/CROSS_VALIDATION_POSTPROCESSED_CLR/Berg/IZ/2comp/3/Berg_IZ_z_710_kriged_reverse_2comp_spherical_3.asc
ncols 100
nrows 90
xllcorner 5.6208707817415728
yllcorner 50.959635321741573
cellsize 0.00013419651685393446
nodata_value 1.7014100000000001E+038
[rows 38 to 56 of 90, columns 0 to 42 of 100]
-3.1564217627937783 -3.032906791763562 -2.9124231486945003 -2.798550050570544 -2.695452192270574 -2.6075473581805646 -2.5172371043342614 -2.4179463989779792 -2.3158825540609302 -2.214904877593642 -2.1216418135111295 -2.0647673552631063 -2.041867249212439 -2.044913045577089 -2.066059385611707 -2.0979896161326703 -2.1361722552372435 -2.1759904568842563 -2.2114002007587663 -2.2361660187920007 -2.2436269660290367 -2.226516365243416 -2.1769362411204893 -2.085906496096182 -2.31261141274974 -2.7930705290738205 -3.202767616158204 -3.5444272668379293 -3.8236074647410767 -4.042834336819527 -4.20763886456133 -4.325444495662639 -4.403852515671905 -4.443245995356787 -4.447833047489886 -4.42437643651815 -4.394208916132173 -4.377963661603809 -4.376028690924737 -4.37759204865097 -4.364278971688583 -4.338293878039272 -4.302363567977365
-3.084536860081279 -2.9559206692601236 -2.830423991481333 -2.7116139023195482 -2.6037564333269025 -2.511761744000946 -2.419661470190747 -2.3207624096601775 -2.2221624734296914 -2.1280092058068547 -2.0565798197039498 -2.0288017895481785 -2.0366216693567103 -2.0715106922842916 -2.1255166453838976 -2.191481745296986 -2.2632731825816315 -2.3381379796709543 -2.41151563263607 -2.478321542681594 -2.533967566668846 -2.5749393054087193 -2.6032414917230584 -2.6659162918589505 -2.901245357484487 -3.2851812222507104 -3.659789923530892 -3.9758878169344376 -4.227724491795599 -4.414695450537709 -4.5435278844248 -4.623973242577291 -4.6660393449182616 -4.677930791518211 -4.6607303293687075 -4.618863184793371 -4.565161588501125 -4.520791149078168 -4.487257287865379 -4.457381290337158 -4.4133197420595485 -4.3570706329163045 -4.290839805106412
-3.0163820595886515 -2.8830657195996574 -2.7525873769121225 -2.6282587580104337 -2.5141761613660583 -2.415639232866418 -2.320466455106949 -2.220917243772616 -2.1265000137048817 -2.0437461562735515 -2.002372363677336 -2.008230497922575 -2.051090838701082 -2.121583002555564 -2.211820901578893 -2.315241268123163 -2.426284831353118 -2.541597672826185 -2.66032492240076 -2.7797901279900863 -2.8970801968696316 -3.010923393795179 -3.136361393819003 -3.308745927287198 -3.568674369186645 -3.8966300737896926 -4.220188861206585 -4.491337538704417 -4.696560942810098 -4.833364033508008 -4.910564759315309 -4.940940839437793 -4.936694430647311 -4.907711048881075 -4.86085735562329 -4.795376862239899 -4.709173868340752 -4.627424837008829 -4.55913789243205 -4.496596959717927 -4.421192425936233 -4.334260371425831 -4.237568036925742
-2.9538417415249025 -2.816675180165337 -2.6818299383056035 -2.5520636452405983 -2.430866022470548 -2.323204281473124 -2.22264328703408 -2.119810912643391 -2.029220929841466 -1.9651335439188995 -1.9589487141318913 -2.003410697035293 -2.0849827299080497 -2.193518724845324 -2.3217028273045615 -2.464070072925452 -2.616391044530686 -2.7755905841719404 -2.9428811212599926 -3.1167681606087556 -3.2934753516468405 -3.4796853590917665 -3.688172536691331 -3.935614651672452 -4.229561132429266 -4.546870887860202 -4.839768202199528 -5.065812093885722 -5.212421686824639 -5.282953594771042 -5.2934375853174425 -5.261979739599381 -5.203192780465132 -5.1273859088240235 -5.0400536922033305 -4.936871462781698 -4.816796157880389 -4.694836047462598 -4.589679392069976 -4.494113364541503 -4.387752459244422 -4.270629203480913 -4.14464503618172
-2.898781971688431 -2.759243955963904 -2.6215611141223087 -2.4876542242099635 -2.359869245186159 -2.2418624385170136 -2.1321969728389343 -2.0204187111457967 -1.9303202874789522 -1.89232404368851 -1.9291380372453575 -2.0173531525726385 -2.139601166846069 -2.286311268696829 -2.451741224708822 -2.6320374322046436 -2.824510246217767 -3.0274596375316722 -3.240319571042734 -3.460454176966779 -3.691547367606331 -3.9405585700857957 -4.216111378434342 -4.524445635749099 -4.8607098903544435 -5.197234607776286 -5.486387461017994 -5.675549226527054 -5.753409859102779 -5.740753379586777 -5.670127257839447 -5.567478442559535 -5.448978001589228 -5.322984126364327 -5.184914082659054 -5.0365201476828405 -4.881054493450479 -4.722346570152159 -4.579552724424249 -4.451118258232905 -4.314768773727708 -4.168466268848296 -4.015628954726432
-2.8528081315937404 -2.71308965993685 -2.5752417498177325 -2.4402139131079545 -2.3088824697072017 -2.182682730238182 -2.061859630351295 -1.9322235884381387 -1.8296000985452632 -1.8308344377805366 -1.923097504048644 -2.0572558287903906 -2.2179531369189025 -2.3993884583954546 -2.5983784651278854 -2.8128440013567877 -3.0414929874320222 -3.2832553403380818 -3.5313654962638252 -3.7903151914665254 -4.065900117037848 -4.364394652473425 -4.6920097512702785 -5.051468050486511 -5.435745041461244 -5.81861917033206 -6.137566310705504 -6.301839893389602 -6.2921234561890085 -6.174182626785012 -6.010512136693272 -5.8327339999814125 -5.654496344094188 -5.472193977256378 -5.284253891164048 -5.093332162781018 -4.90117775876844 -4.709030625575269 -4.527890213421314 -4.367901794254997 -4.2042679960325735 -4.031107222271102 -3.855351201867452
-2.8169755733940027 -2.6799044558115668 -2.54568036516707 -2.4143487852572565 -2.2855646213455927 -2.1590221962930687 -2.034444693682199 -1.892644418865999 -1.7303153375247065 -1.8170809266897026 -1.9640837350113975 -2.133455102617574 -2.323173590224465 -2.5316569412859833 -2.7575916141974997 -3.0000172970032284 -3.258465909643215 -3.5273668914600105 -3.802258315607107 -4.089840691217801 -4.396941700881359 -4.729072523508776 -5.091458414145137 -5.487163319987474 -5.915436295764099 -6.362029874585556 -6.7647567203749635 -6.927429911225726 -6.779318368585969 -6.532314038109675 -6.275570523638704 -6.029778280565209 -5.794294739535905 -5.560333691096736 -5.329008331163303 -5.100995308333641 -4.876646486941505 -4.656205927133119 -4.4406605375011114 -4.245439501001 -4.0562138213956 -3.859866649287718 -3.6657974301325047
-2.7915367674092617 -2.6603548209451597 -2.534331696687751 -2.4126289291993115 -2.2942900733201914 -2.17918067442122 -2.0689976559028285 -1.9630269857466183 -1.881267724454784 -1.9303906896495509 -2.0721690855010615 -2.250950466780083 -2.454851791409378 -2.6799815203018342 -2.9243868018675006 -3.1869660319005004 -3.4653380442380293 -3.7502699334052925 -4.042429608930474 -4.3468337510769475 -4.670802549368093 -5.0187245482498675 -5.394676376400688 -5.802731256354555 -6.247564446369882 -6.72748106339497 -7.236765459037386 -7.467073633586904 -7.090897840919256 -6.742694956869693 -6.423891666266546 -6.1313435717997375 -5.850195470426673 -5.577288606641775 -5.312381155113092 -5.05499631710418 -4.804543970426753 -4.560502877113469 -4.322599014009413 -4.0936252699381175 -3.8773328170217987 -3.660670432081759 -3.4488204272518215
-2.775819760287156 -2.6539728223673675 -2.5411211770854436 -2.4349061114050805 -2.3339815238805155 -2.239507628661354 -2.156656246492441 -2.097524708702916 -2.0687930408587176 -2.1084119142863647 -2.2290783159143914 -2.400699821467763 -2.6063808711474197 -2.8383150072068064 -3.0925891602754927 -3.367071056177292 -3.6533818222350347 -3.9453541909479055 -4.244382319730993 -4.553643277911717 -4.879676113279126 -5.225232507362506 -5.592756361248227 -5.985041443402534 -6.399622996494196 -6.823240487791438 -7.203068046652906 -7.318809932084853 -7.080506394711287 -6.755140467853256 -6.431668638663458 -6.119768573394542 -5.814392850254077 -5.517999762063827 -5.231226372147539 -4.95364435969039 -4.684303017656723 -4.422174054707658 -4.166461943832 -3.9167045832735172 -3.6717817145067007 -3.4326458688845034 -3.216867949905513
-2.7682879897257493 -2.6596391670831956 -2.5653011455846855 -2.4792709303707468 -2.399695061588576 -2.328915956491088 -2.2733427920392124 -2.2442232510127846 -2.2479608966006523 -2.292341218492594 -2.4029727820041473 -2.5654977799340184 -2.7668317403033016 -2.9984782374632646 -3.2552604483768457 -3.532539844145506 -3.8176447667071276 -4.108044236289354 -4.4040571509304325 -4.707007778807846 -5.021793763874552 -5.350071459154447 -5.692334088976973 -6.04416525724146 -6.394821375220606 -6.717114796234868 -6.950120513891907 -7.000764834311031 -6.855142636922605 -6.5994165044871895 -6.307146967273733 -5.999301410866682 -5.688828653293438 -5.383616103054164 -5.086739084612323 -4.798564204473248 -4.51811329154711 -4.24401316285077 -3.9750540906169074 -3.71037278104514 -3.4503933600830843 -3.2034169274571713 -2.982925324343749
-2.7667518354004885 -2.6775736623564086 -2.6076122545616167 -2.5439933920085256 -2.4859838803830354 -2.437187539173121 -2.4038014067753073 -2.393986749263251 -2.41547782404681 -2.4679637341625074 -2.574857401691059 -2.730213380571416 -2.9250317187007995 -3.1519419700383375 -3.4055391695942454 -3.677167358317889 -3.954377898143258 -4.235657887477165 -4.520125504811159 -4.807414410076247 -5.102112580828157 -5.403871469746604 -5.70837804225539 -6.007183116815567 -6.285346881783187 -6.515368133557397 -6.655165619645011 -6.665657700757379 -6.549028294658369 -6.340625079611984 -6.080105336125627 -5.7873352201632144 -5.483568432206444 -5.180805041205377 -4.884205956211197 -4.594651443293097 -4.310921900229564 -4.031245273171075 -3.7541250909943846 -3.4786426131572625 -3.216144162522487 -2.9787985661017427 -2.75711797872711
-2.7686493499478555 -2.7180204392880283 -2.6726988322304965 -2.628381553527095 -2.588482320506965 -2.5574260271420606 -2.5405583971029326 -2.5436368519625585 -2.571488819006526 -2.6298456152520933 -2.735098337737579 -2.8845524499937714 -3.0719351336514293 -3.291250380984745 -3.5373523043467205 -3.7970821433274624 -4.061022941139867 -4.327098498355297 -4.593996060636799 -4.861086093472945 -5.130160653831485 -5.398388425412964 -5.659358284523882 -5.902790554907294 -6.113629179395216 -6.269837341335879 -6.344640638666497 -6.323091789015672 -6.210453264418512 -6.025028983530189 -5.783548074028034 -5.5052106986650315 -5.212666508422104 -4.919764801620567 -4.632093778231839 -4.349664677368681 -4.070171257397576 -3.7911676782254293 -3.5109576032450645 -3.233490156492536 -2.9783433869796108 -2.751109277120033 -2.5443807348810514
-2.8669257595051416 -2.8047365514083182 -2.764248225123708 -2.7305789104094975 -2.703113359424264 -2.6847629709352745 -2.6793716659027993 -2.6908107671355914 -2.722042947956653 -2.7758355432696007 -2.878188655762753 -3.0218468412593236 -3.2009440608527457 -3.410565300414047 -3.645272453990266 -3.8894467720661376 -4.136807859858889 -4.385152332746083 -4.631956637719977 -4.874724236849258 -5.114004205469099 -5.345642879364911 -5.562249272966973 -5.7534243261531275 -5.905726705301023 -6.002833372739084 -6.027774116589662 -5.978446350728434 -5.858284359977493 -5.678076836522905 -5.442619755592909 -5.172185274714194 -4.890403261762778 -4.612191868579197 -4.341157702255751 -4.073842298295682 -3.8055103848793603 -3.532805904242516 -3.2559364790894962 -2.991795599054086 -2.7474221211155516 -2.527298784532592 -2.33782932692121
-2.9856038733319084 -2.921444524208423 -2.8779097362840793 -2.846905547254729 -2.825770849799644 -2.81514631567041 -2.8169768722707382 -2.83342606733511 -2.8660819260325425 -2.9153886425598228 -3.0010899291645994 -3.1376737951449387 -3.3076442360684677 -3.5063707348095243 -3.727883845306159 -3.9561140687575644 -4.185849739432611 -4.414132869732046 -4.63773622780356 -4.853557801884315 -5.0613869339681 -5.256220915102075 -5.430512164774806 -5.574616367504806 -5.677058723290688 -5.725828016322829 -5.71164720388289 -5.637433116304743 -5.504222846514529 -5.317471498993012 -5.076567313772845 -4.8041183909425085 -4.529277019810161 -4.2703100309050175 -4.024421751733332 -3.7799606183545125 -3.528593161817925 -3.267628550853029 -3.010707638784829 -2.764946165354056 -2.534264798184429 -2.323353928860331 -2.1444482034605334
-3.105422773902057 -3.046055641509998 -3.0032546824978232 -2.9738816534438577 -2.9559609522427213 -2.9492563428720513 -2.954564247116723 -2.9729594841629057 -3.005195652302347 -3.0512802216746566 -3.117980418348094 -3.2340469801382445 -3.393729828979139 -3.5809344868452753 -3.7880004269863674 -3.9989491572051103 -4.209274019076711 -4.415665927506291 -4.614449486516408 -4.802452372241313 -4.97898659986813 -5.1385853246017055 -5.274034622024298 -5.376755228542106 -5.43711447685311 -5.445917272188386 -5.4020077585183826 -5.306481096254318 -5.15895821256774 -4.95985893300278 -4.704307536566968 -4.415878335226681 -4.139461924979841 -3.9083698162934026 -3.6991442564437493 -3.4839489945425393 -3.254113455133229 -3.0205827693560257 -2.789291139763974 -2.5642977737941184 -2.349988375095484 -2.1510584612997135 -1.982617672110512
-3.223940595104326 -3.1712273630063814 -3.1318147646974523 -3.104826879518689 -3.0893224247689606 -3.0849812674395336 -3.092025604397895 -3.1108570602291286 -3.14167825617519 -3.184204427857715 -3.2380718323261153 -3.3273944497225694 -3.4615331857201928 -3.6334626904837766 -3.8248745098303174 -4.017684531838795 -4.207687398336702 -4.391389604492549 -4.564889692312924 -4.725537536467926 -4.872122316438697 -4.99905815842421 -5.0997160743005 -5.166628447242149 -5.191818709088246 -5.169604040263325 -5.103800279796862 -4.991974487714868 -4.833181897878534 -4.623538776544885 -4.352371567512001 -4.032890355323242 -3.72910732284551 -3.5532590224126306 -3.391417788524945 -3.2079012610492335 -3.011830447251695 -2.8085330288074095 -2.6030575503435873 -2.4003010039402914 -2.204962703879783 -2.021622291717911 -1.8671311888977833
-3.338911371371428 -3.2933754886205158 -3.2586200807979666 -3.234762774112664 -3.221563128751229 -3.2188604700053673 -3.2266632907960475 -3.2450163649326833 -3.273797241892561 -3.312538212375621 -3.3603229519140134 -3.4241069439208482 -3.528343904924381 -3.669604646330817 -3.8380473084856854 -4.012308333862327 -4.181753787147765 -4.342744342807091 -4.491332484796423 -4.626061316465161 -4.7447452105984596 -4.842064867322673 -4.912086328610844 -4.948404229239625 -4.944538311112253 -4.9016204715470755 -4.820457944464488 -4.698586620643247 -4.535214200459513 -4.325078045117282 -4.05549434337352 -3.7336942923443743 -3.4139065211387427 -3.276804492148182 -3.141726807187367 -2.987831260617919 -2.8195113396314664 -2.6421994472177293 -2.461172889594928 -2.281414545114581 -2.107628921464746 -1.944291624196079 -1.808823846978449
-3.4482695647671973 -3.4099587348125415 -3.380390070369377 -3.3601152710770203 -3.349292265159952 -3.347931480832871 -3.3559955228373335 -3.3733682181351345 -3.3997591427962455 -3.434604575646942 -3.4770036384062655 -3.5258037418626516 -3.5993985324403313 -3.7083934450053997 -3.8436857925461614 -3.987152275840378 -4.13208992765396 -4.270843076237121 -4.395734104887163 -4.506383210194122 -4.599561414835692 -4.6704378224718255 -4.713805561162855 -4.72424513109155 -4.69985813197307 -4.643656948314575 -4.55318778907374 -4.427581724640953 -4.267196970268576 -4.06878648683216 -3.8231826689354667 -3.5492990495921615 -3.300457959343804 -3.1229989317214395 -2.978863135529466 -2.8350261044152596 -2.6843303170172153 -2.52798977315432 -2.3695517548354785 -2.213245703121289 -2.0634940722607196 -1.9247884551645678 -1.8140407455836334
-3.5501062081488706 -3.5188756495075575 -3.4946564196605854 -3.478179712136067 -3.469812208122969 -3.4696895069588467 -3.477790546050394 -3.493943543366201 -3.517788090736996 -3.548726173273047 -3.585887765319557 -3.628124409667144 -3.6766636619957653 -3.7530044943195886 -3.8553864644388165 -3.9657522369246614 -4.076947245491955 -4.183556390235524 -4.281232920436848 -4.36806874138954 -4.4382055425208105 -4.485710265459482 -4.50606314902676 -4.496307278497214 -4.459974059855272 -4.395384327570177 -4.300872262173664 -4.176515326735765 -4.024487763306778 -3.8464293843314525 -3.636771343994182 -3.4143350253800056 -3.207162152102377 -3.0330471540711583 -2.883977230505673 -2.744390547948692 -2.606148204836475 -2.467645668374085 -2.330598584652926 -2.1982755248723187 -2.074744056879837 -1.964634916795287 -1.8822536652721347
