_RESULTS/CROSS_VALIDATION_POSTPROCESSED_CLR/Berg/GZ/9comp/5/Berg_GZ_z_0_kriged_reverse_9comp_spherical_5.asc
ncols 100
nrows 90
xllcorner 5.6208707817415728
yllcorner 50.959635321741573
cellsize 0.00013419651685393446
nodata_value 1.7014100000000001E+038
[rows 38 to 56 of 90, columns 0 to 42 of 100]
-3.097043226799514 -2.909135450609508 -2.725886166501823 -2.552488445945046 -2.3954501920135756 -2.2621576925466846 -2.160773842835526 -2.099511817229124 -2.0850856973316985 -2.1206861932219065 -2.2018008291236124 -2.3075613907317964 -2.4277380713831618 -2.5535014536292877 -2.6765196501934874 -2.789621554737595 -2.895198494716389 -2.995215155980501 -3.087010027087529 -3.1686244291703685 -3.238751252572631 -3.2967248473893407 -3.3425145473802944 -3.376665804627337 -3.3987254178979427 -3.390402643046756 -3.3484760772077964 -3.290312381777197 -3.2319509061293332 -3.174076036097603 -3.117376551620785 -3.0649484102575877 -3.0142869191045722 -2.9440655881936246 -2.8533401829033584 -2.744940520092268 -2.645315701523889 -2.5832877394604825 -2.5706440850042402 -2.621917694721324 -2.7381701778813348 -2.9185371053860827 -3.16005957513312
-2.9510582083367884 -2.7637947795737308 -2.587654333419211 -2.423490538362484 -2.277292209432464 -2.1563088958732783 -2.0687593875614843 -2.0230708253743077 -2.026052713670201 -2.08048730512308 -2.175204292107532 -2.291353009044336 -2.4200976169961534 -2.552206664178526 -2.6792195732418 -2.793895665952918 -2.891438589435064 -2.978730412159927 -3.0558660227659606 -3.121013069973888 -3.17305830238507 -3.211646533757698 -3.2372511411061553 -3.2512136977096717 -3.2490176364529266 -3.2135028279079494 -3.14713042057096 -3.069125868052013 -2.996666632326806 -2.9301360584271423 -2.8715308936813817 -2.8181899591124404 -2.767375041934728 -2.714705492051976 -2.6346988387234913 -2.5333019048213665 -2.4296191954405857 -2.375789097159769 -2.3866045782656435 -2.46378173692462 -2.609039861543561 -2.822524026545105 -3.1008872314956597
-2.802716598781527 -2.6155359142110712 -2.4426230884915388 -2.2869182611170333 -2.149854448427753 -2.037992945616187 -1.9598853196138348 -1.9254172046762634 -1.9434877395238814 -2.017291746650642 -2.1282782157452953 -2.260544258244329 -2.4029705780886643 -2.545233852437237 -2.6787004004713206 -2.796353876168727 -2.892482291472986 -2.967671966277322 -3.0299387041375403 -3.0779366213010686 -3.1106869671738173 -3.128029206643065 -3.1308100126930976 -3.121109236874056 -3.08820945388271 -3.0225865584820344 -2.9318668713851235 -2.8364420547536593 -2.754055842797676 -2.687021001722455 -2.630866669998073 -2.580208276752113 -2.5306215809524417 -2.4792969764051485 -2.423061224061588 -2.343470196468464 -2.26253969846924 -2.2274633558714236 -2.255931890458412 -2.3514384803478663 -2.518556114675825 -2.760002222438581 -3.0728278831571996
-2.6539558690247373 -2.4679400544394174 -2.297767124091733 -2.1465199004085034 -2.0171367627117056 -1.9116322594371629 -1.838027694085676 -1.8089435386409471 -1.8388291677618867 -1.9325616384239384 -2.0663364004765277 -2.221372847472274 -2.382426368223322 -2.5379872283084253 -2.6796809159390262 -2.801147697372502 -2.8972964681601154 -2.964538252198794 -3.011914711580332 -3.042403481479272 -3.055053989233446 -3.0496992716443057 -3.027272594816912 -2.9895420819832985 -2.9209920456660643 -2.8211395800511267 -2.7058811871441404 -2.5966222937178727 -2.512842054625412 -2.451489051077141 -2.4034122486198894 -2.3598577659851525 -2.314539821961231 -2.2637904560831017 -2.209563744048386 -2.1736915574846947 -2.142794921659701 -2.1345320950363984 -2.1800920406284856 -2.2875811503323167 -2.468150204904737 -2.7319889154300805 -3.078864142099749
-2.5067733352502453 -2.323762456155267 -2.15856060456245 -2.0126975807401846 -1.8875140958077647 -1.7855725492813157 -1.7114546634333068 -1.6786767767409572 -1.7138550264082597 -1.8313541859038533 -1.998405373430895 -2.1836260239651684 -2.3669775122968866 -2.5372924959121446 -2.6875911049537744 -2.8127584733732687 -2.908600768357946 -2.9714693346793952 -3.0044220566320767 -3.0174820522001227 -3.009889629859067 -2.9812143204434394 -2.9320328278976997 -2.8620795609459537 -2.75402364349765 -2.6154433523091334 -2.4757785586051324 -2.357424722223446 -2.2791419286053523 -2.2321162189615547 -2.1992175333711366 -2.167516378106384 -2.129398786997632 -2.0834534129846056 -2.0531585736664897 -2.0414300777553245 -2.0455309755064452 -2.067542551871449 -2.1291107057817658 -2.245307208053108 -2.4341521413181573 -2.718157819887556 -3.1042658236613225
-2.362940905068821 -2.185705110431279 -2.029344319245756 -1.8933849587144365 -1.7764030999872271 -1.6774073118951547 -1.5978806030699237 -1.548030110896792 -1.5707900085754916 -1.7254417425238593 -1.9421767957626064 -2.162084487769593 -2.3672364348003714 -2.5506002028729844 -2.7078137774394913 -2.8353188403494225 -2.9298598965119518 -2.9883421716512695 -3.009665458842629 -3.0059397526675924 -2.97888977095979 -2.927612741799363 -2.8518783559728824 -2.7483438514996754 -2.599649631495643 -2.4231139346648845 -2.250872275135836 -2.1224156012211024 -2.0618274375692525 -2.0417868654090845 -2.031474200120067 -2.0151871870384532 -1.9865205471506058 -1.9671081957830991 -1.9663627363135805 -1.9795843872841918 -2.00337383773043 -2.03987908625538 -2.1044433478689677 -2.2171503593839943 -2.3938015959041063 -2.6846039768405556 -3.120824244389738
-2.223657883914959 -2.0559159082737053 -1.9140820923373236 -1.7952044884390839 -1.6949057010336976 -1.6089742616710843 -1.534074636888508 -1.4679667001976155 -1.4176500797738232 -1.6628659111682795 -1.9294884540433714 -2.171586686576622 -2.3876594988723876 -2.576191562114266 -2.7352820715432395 -2.8626257196825873 -2.9555387152595407 -3.01099851883487 -3.0258339010004174 -3.008829094362106 -2.9650810097587725 -2.8939316047454655 -2.7962186176422392 -2.6661192284972546 -2.4859990212512444 -2.26854495808955 -2.041889132951255 -1.896210599481754 -1.8808396260134321 -1.9020442157054465 -1.9171396863968195 -1.9157099131698394 -1.9098729712013847 -1.9238230524455577 -1.9533517328252752 -1.9937964317850612 -2.0410626860843495 -2.095453390762141 -2.154984786041913 -2.240453043240704 -2.369834582085029 -2.6283362450988372 -3.1517862206518434
-2.0892440169869317 -1.9356025761038094 -1.815784729566214 -1.7232483599538724 -1.650621630628378 -1.592532265471494 -1.547106659000562 -1.5197818216023657 -1.5532536167594433 -1.7356172423926202 -1.974706496513929 -2.205851151942206 -2.4156793033421256 -2.5996802330192104 -2.7549771762466904 -2.8789422466564356 -2.968840577163675 -3.0217323716596844 -3.0344577171204534 -3.0113918462473825 -2.9625826262362183 -2.8857621800100057 -2.7783507211438816 -2.6343917285796303 -2.4406208730798022 -2.1978335013996664 -1.9084676931265951 -1.7162981367792063 -1.7916792390470238 -1.8445966382638481 -1.8739489641984663 -1.8843910837968214 -1.9101489041727806 -1.9552117848896668 -2.0153309091337372 -2.085998735808449 -2.162847173238273 -2.2454295565206834 -2.329130891968129 -2.4114026552496197 -2.507319593533597 -2.651447278023977 -3.311458938037968
-1.9589865663649073 -1.8251658917294207 -1.7369128276992587 -1.6808656111113254 -1.6459440985773686 -1.6265146804791826 -1.619636752425619 -1.638728755843994 -1.7157064803886826 -1.8683524904257278 -2.063230834070753 -2.2658516040339483 -2.457200854130587 -2.6283999586691125 -2.774498227533178 -2.8919118110716826 -2.9774551218470062 -3.0279658517558956 -3.0401664352803843 -3.015280162055574 -2.9656313705498576 -2.8899855396852367 -2.7878207895195035 -2.6579722505104644 -2.478168871125332 -2.2531614388870054 -2.0127444708024522 -1.861521235358862 -1.8605883295446168 -1.8907898189648713 -1.9110453022394043 -1.9350655516047208 -1.9858690567671031 -2.058721734291213 -2.149197118139249 -2.252964138110602 -2.3660042215500736 -2.4887917818031724 -2.6196344877680904 -2.7590017642632714 -2.929174666232374 -3.2278634166712648 -3.7439830927778175
-1.8312014164424064 -1.7256727214848877 -1.6819062952227712 -1.6717888705779802 -1.6768585306229888 -1.688480229350465 -1.7128336561295545 -1.7632346177845397 -1.857324222188434 -1.9978798962887803 -2.1636431503638685 -2.3381784471919222 -2.507336044379305 -2.6618114633697845 -2.7955790902439532 -2.9042656822117445 -2.9842030039914604 -3.0319556327511803 -3.044115475082162 -3.0201357160084545 -2.973134440672755 -2.9058225024411466 -2.821716717064244 -2.7177134905033573 -2.574280113544171 -2.3992983086578152 -2.219989742639672 -2.089065468368451 -2.0359042169820882 -2.024619393085943 -2.0253030889986854 -2.060303330500076 -2.1297875789130525 -2.2270650648462818 -2.347080459261378 -2.4856765768391305 -2.6395640871930777 -2.810613783542886 -3.001457822262669 -3.2186788600647667 -3.4828028717341946 -3.8366173115374282 -4.312671277026488
-1.7034738232093645 -1.6451963420187954 -1.663276946684824 -1.6970930567325757 -1.730662362936957 -1.766795955667983 -1.813329678573548 -1.8810158305654565 -1.980654881838785 -2.1125233842307423 -2.2583729146408715 -2.4096007303092732 -2.5573390983506625 -2.694110882319324 -2.81417109091858 -2.9129754313939333 -2.986626419442371 -3.0315123484265967 -3.0441336355599717 -3.0231803716284773 -2.985603427150993 -2.93587853041686 -2.8743689380179895 -2.8010208441891415 -2.6985882033778723 -2.572430158718987 -2.4407348535818327 -2.326481798090696 -2.253338967457717 -2.213503307090719 -2.203406858457752 -2.2454457974986193 -2.329855276292185 -2.4488847674518723 -2.5970502761956866 -2.7704107073737365 -2.9664496607421866 -3.1873449217481213 -3.4385984215372134 -3.7270161896891305 -4.0654607629366 -4.467870031371907 -4.93549148242456
-1.572986858614021 -1.6294773551916286 -1.7007337888035154 -1.7588537227823329 -1.809354723088929 -1.8592664780078145 -1.9167473343226185 -1.9904195596738017 -2.087743045487881 -2.2098384529457835 -2.339699452507984 -2.4713032679040396 -2.5995291736555144 -2.7191014361631645 -2.825276754466246 -2.9138691352198665 -2.981052553184722 -3.023180285852784 -3.03831074209875 -3.0275851320731983 -3.0053695459173717 -2.9752321824367316 -2.937800817165598 -2.8948553118061655 -2.8318578599232747 -2.7469892336207353 -2.65125968157405 -2.561431762008873 -2.4887574627070066 -2.4337210894060908 -2.424277582910958 -2.473645428225863 -2.571516134207034 -2.710319418878194 -2.8846476111425203 -3.090846485322489 -3.3269257359334357 -3.5942827076161867 -3.899305418131342 -4.246717192461514 -4.6423760316683715 -5.08908972224954 -5.57849655546086
-1.782930808438317 -1.765552895851898 -1.8122417556252675 -1.8640696725028234 -1.9135481966644816 -1.9639649797763248 -2.0211104568680933 -2.0912254832613963 -2.17961806732938 -2.28861424015328 -2.403563218365642 -2.517479681267256 -2.627734759782934 -2.730965086691493 -2.823622852304075 -2.9022140416595867 -2.9647123908038897 -3.0089046338039886 -3.032148430251475 -3.033790033198726 -3.0280905813777372 -3.0182297039475805 -3.004612698647943 -2.9888757943246804 -2.962169921805076 -2.9129254847889103 -2.8480222844775662 -2.7838844325231715 -2.7261523059283412 -2.6735008705417793 -2.6707889194189556 -2.729039256885525 -2.8399035930962886 -2.996729793631236 -3.1945854410134316 -3.4301501081191934 -3.7016683205100747 -4.0094218366559105 -4.359030460982565 -4.753649565147425 -5.194769632998533 -5.6802486274603705 -6.194982369754306
-2.053144875351951 -1.9910482059392645 -1.9873455007095657 -2.0082748400946797 -2.0392548826773766 -2.077236244892187 -2.123865250472296 -2.182416062739302 -2.256141352517311 -2.3473168199005805 -2.446943690962879 -2.5438461123339553 -2.6373896832054466 -2.7261697275695562 -2.808326723533376 -2.881685831461224 -2.943801346355338 -2.9919966383437986 -3.0234568966200777 -3.037930628747352 -3.049421909089983 -3.0598229686320173 -3.068958592450373 -3.0775450583315695 -3.0822801576236616 -3.065034038964607 -3.030171676200469 -2.9926254720924987 -2.9541186527516397 -2.919550021352264 -2.929654333334816 -2.9978930513184756 -3.121200103690675 -3.2940399698723777 -3.5121154564160917 -3.772433653158974 -4.073292747018174 -4.414197974859986 -4.798449887506219 -5.229201355186557 -5.70567469698075 -6.223960536535402 -6.762755836806625
-2.314145556382716 -2.232830947548059 -2.1939892892034862 -2.182584012073663 -2.1875012037749357 -2.203902155605976 -2.2310846193755087 -2.2703897457236155 -2.323789316525378 -2.392984370803297 -2.4753091202319983 -2.5564788967153436 -2.635438851587227 -2.7120485253260904 -2.7854813219803924 -2.854244653163884 -2.916198679491368 -2.9686366951121848 -3.0084568678599553 -3.036405585888905 -3.0655619713203275 -3.0959505906648612 -3.1266084895500437 -3.157219829350163 -3.187417513390408 -3.199912336157644 -3.196531354550535 -3.1864088328456672 -3.1698535855507624 -3.1574758828957843 -3.1895685489556174 -3.2686637738060966 -3.4032388912826574 -3.5895494962376095 -3.8239040386653427 -4.10357710244043 -4.426816988655577 -4.792730127778261 -5.201846524392451 -5.657616991463485 -6.1587832120354715 -6.701312939471247 -7.259465663071699
-2.5643535410636566 -2.4718877836903865 -2.4093805227101104 -2.3706644267919565 -2.3492738960714106 -2.3412144634712138 -2.3450603679355884 -2.36112190945853 -2.3905807945876205 -2.4348341059437653 -2.4948066433688028 -2.5592618279165955 -2.622986815943319 -2.6870257976867666 -2.7515808934257255 -2.815852362856161 -2.877965529951921 -2.935061380949333 -2.9835603247122577 -3.026157093748525 -3.0734820248391994 -3.1236146023910885 -3.174708363601552 -3.2254460226144124 -3.274894979917879 -3.3170501622182136 -3.346012627997684 -3.36393450601836 -3.3710536550097245 -3.3819842904192106 -3.436565920207622 -3.5317577460052547 -3.6756713486158468 -3.8723221241079244 -4.118491760063033 -4.4116218168450425 -4.7498299582074015 -5.131804432243027 -5.556560945357246 -6.025716924719456 -6.539378574303476 -7.093874702672512 -7.661124448031005
-2.802449495094064 -2.702322238885099 -2.6227364938574094 -2.5616941157060538 -2.516013257002907 -2.4831745081422336 -2.4619748191822177 -2.4524255800387924 -2.455388813902917 -2.4722110571567035 -2.5044351455586558 -2.5496863847337736 -2.596971236670207 -2.6475384143272422 -2.7027455604739545 -2.7625574290780484 -2.8253031087392477 -2.88776428451474 -2.945601843476401 -3.0048626624771084 -3.0710427325270655 -3.140849121228602 -3.2115309629472386 -3.28087283305966 -3.347136947870607 -3.416551558630184 -3.47758305166363 -3.523872140110395 -3.5556426265084875 -3.5891224976060094 -3.6641639709660083 -3.7778576555061765 -3.9299388275821894 -4.133307427363469 -4.386472259778698 -4.686918725956139 -5.032545550414526 -5.421575870679919 -5.852361805671264 -6.323565644212084 -6.83614170987219 -7.387023938747479 -7.947307266107954
-3.0272950645442567 -2.9214853992459435 -2.828826671919055 -2.749358716366747 -2.6819225754267912 -2.625283592446797 -2.578775869284247 -2.5425068248631484 -2.517324112069881 -2.504709535525893 -2.506669964407742 -2.52555741670954 -2.5546057724395634 -2.5902030741292514 -2.635198438429473 -2.6905286229088 -2.7546595376536454 -2.823674074987041 -2.893080525588437 -2.9711035375468655 -3.0570811620611855 -3.14668255168976 -3.2362969372651644 -3.322965077453004 -3.408241617154351 -3.4990989503345564 -3.590248762170824 -3.664876629994364 -3.7216638524219903 -3.7758638927209995 -3.8684868614404486 -3.9976197343529885 -4.159165820874383 -4.365310849094956 -4.620496800385821 -4.922126738368466 -5.267784666716602 -5.655151103787838 -6.081834203713576 -6.545121883635708 -7.042902673470223 -7.573432231442856 -8.108169036033754
-3.237869476880223 -3.127836397262953 -3.024881542842884 -2.930060403291745 -2.8433978155100146 -2.764573340474978 -2.6934362049625635 -2.630305162413557 -2.5761242274279 -2.5325647038383345 -2.5021210692596423 -2.488166303362794 -2.493591559377364 -2.511909196546481 -2.5452779099393648 -2.5960843727033165 -2.662860340335631 -2.7403886146369816 -2.8256754306764815 -2.924570918012868 -3.031517527400159 -3.1411253057261166 -3.2490573320141123 -3.3536639283669287 -3.461222018770542 -3.57148477555734 -3.683076987366255 -3.78558304536023 -3.8672178139409654 -3.939971031764733 -4.046682444224582 -4.187418078326845 -4.357779846345255 -4.562877207682539 -4.815166127991611 -5.112096546816041 -5.450852823915183 -5.8284982564238 -6.241802562917842 -6.686985407502573 -7.159360757806858 -7.654601212042678 -8.148322522113588
