_RESULTS/CROSS_VALIDATION_POSTPROCESSED_CLR/Berg/TZ/8comp/3/Berg_TZ_z_90_kriged_reverse_8comp_spherical_3.asc
ncols 100
nrows 90
xllcorner 5.6208707817415728
yllcorner 50.959635321741573
cellsize 0.00013419651685393446
nodata_value 1.7014100000000001E+038
[rows 19 to 37 of 90, columns 43 to 85 of 100]
0.9629674030596269 0.8775605332221903 0.7903755516578923 0.7098324298771999 0.6443091344556895 0.6050697375113469 0.5912443160339406 0.5998410005216921 0.6269170823048903 0.6684842263143684 0.7210853603381497 0.7820892942036002 0.8497846135821674 0.9233438037200739 1.0027062003228027 1.0871011729671065 1.1755356347232886 1.268763650998522 1.366978198043077 1.4604233559928677 1.5419106817535813 1.6027096151407787 1.63718727692211 1.6338961812312727 1.6039169405993214 1.5615760612085112 1.5138318844386962 1.463647378165497 1.4123266891035642 1.3604990372916372 1.3085091560091757 1.2565776718258301 1.204870428370544 1.1535298176150153 1.1047005632994331 1.0608869088860815 1.0225468904561883 0.9901322276000515 0.9640908840217182 0.9448682807628654 0.9365256287515781 0.9365256287515781 0.9365256287515781
0.9139413017224949 0.8154545118372603 0.7146254846867899 0.6276289948349001 0.567150046330767 0.5404460382002831 0.5446812859774837 0.5745553807036582 0.6240752906485381 0.6877483936735493 0.7612106986025003 0.8414613788171379 0.9268755958079125 1.0170992855047807 1.1114715298817488 1.2103073553659016 1.315657565917431 1.430203064211054 1.5569177638678484 1.6896120522351112 1.8193020634666035 1.9178232428040334 1.9281683944654118 1.8629948759139145 1.7828874260679597 1.703637252234278 1.6290689240364213 1.5588990195005783 1.4922309570613508 1.4282740689755111 1.3664477138438418 1.3063550988901393 1.2477393901258764 1.1904463846035795 1.1349882608690034 1.0847183383366843 1.0404538992418746 1.0025520109478925 0.9713869352803904 0.9473459091772116 0.9365257271183872 0.9365256287515781 0.9453947905207442
0.8844099498885241 0.7600959693282584 0.6378495407066971 0.5423911154796579 0.4889432883059315 0.4790999309778605 0.5065364221079793 0.5624481119722192 0.6380965115737378 0.7262223478636918 0.8215424213563529 0.9207715575811268 1.0222043268310685 1.1245502548337307 1.228833473481426 1.3374564495636228 1.453640210250085 1.5811897035726445 1.7245576318694802 1.8810817151746657 2.0473976962454703 2.219404544209083 2.199331555686219 2.04120582483808 1.914078626272755 1.8099217607699751 1.7173131184512158 1.633257109162484 1.5555189877599633 1.482511398576592 1.413129963933684 1.3466153083964034 1.282451682340251 1.220295858202228 1.1599662934826074 1.1041573036764498 1.0547729281590168 1.0121002174287677 0.976457849936162 0.9483466609053225 0.9365470427496845 0.9401818563289275 0.9708965489058806
0.8659695893029913 0.6931173963929127 0.546178341356929 0.44447850037878944 0.4035151977436562 0.41825809761971267 0.4766893452228679 0.5649927500323895 0.6707027228536413 0.7843884602832032 0.9004943797847651 1.0151969162874013 1.1268322503929646 1.2360552418376558 1.3450647335062669 1.4572428627595886 1.5766485614593262 1.7073714928683192 1.8528649578874234 2.00846105472455 2.163672415226402 2.292010327426457 2.2648440856752656 2.119831091320101 1.9806868226009127 1.8680703224605422 1.770757997704127 1.6813503284058062 1.5982996156086708 1.5202891518600725 1.4462994223694783 1.3755742062796021 1.3075675974234842 1.2418952751423753 1.1782953329291244 1.1181259963963945 1.0645633042546203 1.0179469925900477 0.9785644880280908 0.9480488679389832 0.9340077371152197 0.9482239171014368 0.9948752542907884
0.7706301686041512 0.5824003581732063 0.42619923451585884 0.3269146842698921 0.30685800912120564 0.35821257952618724 0.4574055887370152 0.5830810775042135 0.7203500297943348 0.8590149504958215 0.9930184181110692 1.119393697933356 1.23754077253053 1.3488613677587484 1.4564534974256707 1.5646879985930404 1.6783978855711084 1.8015145237178278 1.9357278909978366 2.071143748799393 2.187291092349986 2.2518587220550654 2.2207136626510313 2.117305813254728 1.9941750943169696 1.8813872336755784 1.7883609324236303 1.7017513549139374 1.6191273350637307 1.5402760838839225 1.4647760396572806 1.3922016113711466 1.3221916820235333 1.254465303838075 1.1889172555779273 1.1264514151273706 1.0704466950561953 1.0213839871149193 0.9790878804888143 0.9420274365610615 0.926133459357699 0.952737263427312 1.013206604722766
0.5952755550915617 0.4335191750402768 0.2808843392230107 0.1888182376459413 0.19923761621339187 0.3016620410560579 0.4514437786987996 0.619502289829445 0.7893289714299845 0.951688129693113 1.1014972864278223 1.236537218093304 1.3569183329127843 1.464795700039385 1.5641778970907463 1.6616623393367322 1.763606343339036 1.8738552651330944 1.9913706355694272 2.101544638365386 2.1828645917665255 2.213844905209746 2.1765387912664504 2.0909660446878657 1.9833001663039247 1.8745272582626116 1.780306614932861 1.6991308323380068 1.619454800094701 1.5427285777137802 1.468484227767974 1.3963576015934334 1.3274188866630556 1.2614273117359989 1.197756293870199 1.1361360659333806 1.0797764552566416 1.0289057112688986 0.9763832547834046 0.9304126604280709 0.9228807006827472 0.9593165985639835 1.0305438748312998
0.4536545233502415 0.2974819994436819 0.13513402682585784 0.031687320098890526 0.08434387084344652 0.26095087819639606 0.4716666919967274 0.6838509195095875 0.8850913300153248 1.0687685849539448 1.2311442484893673 1.370794335906854 1.4884990141195242 1.5887227091221456 1.676753252820516 1.7585954434773932 1.842486504709762 1.935371684239712 2.034886462307801 2.121728170881539 2.1767169309426473 2.1861878321022035 2.141407558187055 2.0608705733900514 1.9628838037468512 1.86042687576592 1.7647220283707337 1.6852459950454173 1.6088960912456067 1.532747768541465 1.4604730007030455 1.3935255040336072 1.3298892607102426 1.2682330197276084 1.2079749703560585 1.1486179979054978 1.0921960574032699 1.0315978766575438 0.9691606237329123 0.920637219824916 0.9229982269647595 0.9670033765517654 1.0466923634794398
0.3726884227771541 0.22390052851104858 0.04627651775787145 -0.13426111015556463 0.012082517536536441 0.2787537692115808 0.5428391111663224 0.7906397847369679 1.0167685727939346 1.2165877632189286 1.3868101733331104 1.5270008535774675 1.6409411166212489 1.7314413998858487 1.8027399957712964 1.8610441765005468 1.917964805031558 1.991606320001524 2.07647097315781 2.1436713505905987 2.177551838762533 2.1698370288430118 2.116160370553571 2.0344943168131584 1.9398051815122843 1.8406072649809022 1.74565454111002 1.6624946445710962 1.5906270128048958 1.5199080267670122 1.45185743514346 1.3875646301493747 1.3277728960260071 1.2718073554035836 1.2165403649643056 1.161006693366129 1.098347162764392 1.0280845193165824 0.9596576800309752 0.9149113117487252 0.924514399964317 0.9734655940087471 1.058878040771816
0.36274230815565633 0.24511543938989733 0.11235186491651983 0.020124007866570315 0.14939271102584928 0.40782654191181 0.6840197730660598 0.9488329439606975 1.189631503550307 1.3990132943624434 1.5736731683993552 1.7139904125381829 1.8205099369390019 1.896674924766606 1.9474840485829963 1.9781368103045156 1.994996219804448 2.0523041908863 2.1272840669172757 2.175000205286462 2.1887272758026173 2.16437502164137 2.099641431176833 2.012321381730237 1.915685356520268 1.8161898143446245 1.7207122300707707 1.6378686216824818 1.571977200861394 1.5079024845994446 1.444728637009962 1.3838031291282078 1.326091643787429 1.2722951052061573 1.2223203138636627 1.1652369753573875 1.0950072599842893 1.0203178595494065 0.9486865500026207 0.9123050180596306 0.9258475408426836 0.9767644267352689 1.0647054319570466
0.40714233863240956 0.3404914250456077 0.28772356023755996 0.29601246023285743 0.41650882955647095 0.6308075546060112 0.8891223714594556 1.1548945747346162 1.4021998396106623 1.6186373221095358 1.7973129232135072 1.9330859489914942 2.0269328592753633 2.0845943596782637 2.1139271509851025 2.1232142456941983 2.125104936559195 2.1554941467308235 2.199732574941784 2.2208562842524184 2.2114978565809333 2.1673895146094333 2.0879517517255266 1.992551434376878 1.8914185278985274 1.7893992341824028 1.694863651785374 1.615250880454977 1.5545298474326215 1.4976248280119024 1.4394397302159248 1.3822851526754811 1.3272490907337564 1.2751281911035781 1.2236058450682177 1.160405934876571 1.0864046524438593 1.0108267406347615 0.9390726409743322 0.910198305322319 0.924502601692292 0.9753161337294771 1.0623075197683955
0.48359926179769763 0.4696067284304659 0.4823257225168971 0.548078377764059 0.6851580690244795 0.8852640743280756 1.1311080912998648 1.3938008263661743 1.6487201906003524 1.8747945317783585 2.0552342373412373 2.181558599512575 2.2570729700060044 2.2937652839720633 2.303704599635251 2.2987367891879096 2.292123469077062 2.29689357491817 2.303245380668322 2.292924666649718 2.256140567891814 2.188522737647926 2.0902022216320004 1.9812577762606898 1.8700981648854689 1.7642440515297433 1.671852141285381 1.594976958597867 1.5370199977162031 1.4893907799017636 1.4361404153558084 1.3828449911860092 1.3308379471554719 1.2807717047097766 1.2219979833191064 1.1509253765922374 1.0777747794132715 1.0026436827976661 0.9329409168150352 0.9068378494188346 0.9186127274123255 0.9664213679150435 1.050052052129181
0.5713972527053882 0.6024799398014619 0.6639283749925857 0.7702196424928205 0.9291768172934611 1.135034280618482 1.3785529338585445 1.6461290245279714 1.9164836739356241 2.1592114793891657 2.3441074256309866 2.461091977134418 2.5158053545600962 2.5269970697258266 2.5136502517140458 2.490170541120901 2.4670494223714616 2.44871872143929 2.424119606017846 2.3834578507093926 2.319908735211789 2.2289058877027372 2.1121313216362445 1.989202532542365 1.8672610919859653 1.7550151538087952 1.6569971707206408 1.5777134534498678 1.5213890268124994 1.481186999244442 1.4346643131972057 1.3851059496980729 1.3363177750128608 1.285418509275912 1.22053046097184 1.1473304455045332 1.0725620680305503 0.9989480858808303 0.9320073334877221 0.902566082533451 0.9086403723903081 0.9497433357249768 1.0259309261008402
0.6551153054423868 0.7222864651330831 0.8202764004485851 0.95755389636647 1.1380814279819724 1.3584335577163738 1.6098113734653847 1.8930488976711823 2.1880820152320655 2.4632940263297103 2.670119841140627 2.7729223230917888 2.792075178233121 2.7669952841695666 2.72493665360374 2.680163374174633 2.639548985341265 2.599116013315573 2.5486583006551227 2.482687820531437 2.3955413104694454 2.2835266466532618 2.1529339033815087 2.0205245057323413 1.8940247731997686 1.777254801058296 1.6736993354679393 1.5875988995124142 1.5236270153988158 1.482557052494536 1.4405706618043204 1.3919718845604727 1.3439323285432898 1.2902968132638188 1.225757799068482 1.1524988591747285 1.076942539170509 1.0030128165385332 0.9351604723869275 0.8985609606681085 0.8957949782093096 0.9264483461062945 0.9907715805675154
0.7246054776171389 0.8196113673935714 0.9447910509636495 1.1054505022833645 1.3039914073340295 1.5386251131404447 1.8072478642752454 2.110591380459271 2.44682977563279 2.7804448866514617 3.0268886112398095 3.097776549537209 3.0573679376602763 2.98733365769512 2.916517130749952 2.8533520368572014 2.7978253388702514 2.7381693928567277 2.668433501347866 2.5854364904004807 2.4846970689182855 2.3606916084196374 2.223834979781425 2.0878941932662562 1.9580975073789801 1.8367317848410327 1.727250005811459 1.6339042489287818 1.561415880048518 1.5121153192278323 1.4655681431456886 1.417306317994553 1.3690691600294227 1.3111761254354082 1.2427786461520456 1.1685048909984659 1.094042581238062 1.0187256665460793 0.9428003305958005 0.8966397560455552 0.8820539035903243 0.8986307348507967 0.946732480628362
0.7735888923816303 0.8891246560701248 1.0336026517317303 1.2103958708440627 1.420992561096155 1.6654501948953424 1.950480602356316 2.27851025862637 2.647837000793018 3.051392557613048 3.41313288878011 3.3778334941164028 3.260301861976414 3.1544441413798276 3.0669791283803582 2.9957061495668373 2.9294578222547907 2.860385102423302 2.786117143401223 2.699143338474398 2.5923494350426974 2.462214224145313 2.3240526763907345 2.187722155997933 2.0553163613936323 1.9293791688616415 1.8136453584754768 1.7126373688224472 1.6313174909935149 1.5728519773638225 1.5192197983367273 1.4680688693774004 1.4194209147058048 1.358342088070129 1.2858125676477117 1.207153393791486 1.1283668171450005 1.0447783726678965 0.9570742411509081 0.899218969323366 0.8701217791541979 0.8692849523509034 0.8971196697409783
0.7985968183591745 0.9282566320629642 1.08510914894842 1.2710079968963033 1.486421525447643 1.7369715750844759 2.033567538728536 2.3700989564823916 2.737729341125725 3.126694652808709 3.4490222959179864 3.447963223893983 3.3454469533237132 3.246216905281833 3.1627251265851513 3.0939838122983443 3.0323097464107223 2.972114563373351 2.9044993421094594 2.820929126783782 2.713826725217249 2.585512248354918 2.45129364931358 2.316222253922067 2.1817988334702076 2.0512005391572803 1.9287829292966916 1.8200219384201661 1.7315303966701827 1.6674251460240321 1.6087587690321168 1.5526484457154428 1.4951734634332374 1.4309670326550106 1.3561265460225644 1.275550759259073 1.1874405912704582 1.0874217892227067 0.9821334487131458 0.9092190528797004 0.8633056387631444 0.8421596619217717 0.8462542820405153
0.7983215029033988 0.9366499005257389 1.0999688540929957 1.2886846457632837 1.5039008710058992 1.7603935559009343 2.056194048592608 2.3812208488987388 2.7189158481083044 3.035514182701616 3.2644976976549973 3.342695780253151 3.3199409070320707 3.26612812086025 3.2087184399682966 3.159064913405219 3.1172454833089986 3.074727516402511 3.0215913130170273 2.948244100976968 2.8476052019036935 2.7295799845380655 2.6032538878252804 2.4710426945275206 2.335565512709559 2.2013872225890716 2.074258474888949 1.9605230566616367 1.8667458510888242 1.7966639048665594 1.7312065848826685 1.668898628833266 1.6016255432896107 1.5280290631214595 1.4530956954727103 1.3679637215792944 1.2682059751786325 1.1544455539868332 1.029462782925203 0.9306955047300836 0.8652860091639023 0.8214526104465816 0.7991239730715993
0.7729193794290722 0.9149780780126364 1.0795196267624965 1.2659663943703048 1.4836302977541638 1.740287426742316 2.0279182408335545 2.3334563079428494 2.6369209145921975 2.9072865231941143 3.104974359778134 3.209567186686372 3.2414893647426197 3.2339337400901504 3.2150628945028474 3.1978413848866927 3.1856946671556567 3.1699774885369827 3.1398813176267835 3.0849265860649284 3.003956322395373 2.9035606758451245 2.787850523802115 2.6597371344256304 2.523660932594977 2.3858609737519294 2.2534478475680295 2.1337078558821663 2.033839006504911 1.956301715449737 1.88226722281758 1.812331578732575 1.736166261366694 1.6528380263915636 1.5689772416708756 1.4764758804069056 1.3684680209174096 1.2444178517702154 1.1041992888533343 0.975561040049736 0.8805667467914959 0.8113090285558257 0.7607578878445684
0.7181155063868785 0.859313213423816 1.021191433519013 1.2065105764097175 1.4258093369682392 1.6793674011473965 1.9570473271615754 2.2449585228271145 2.5244157642204152 2.7719169168426285 2.9617062198753086 3.078330813571399 3.129986716774045 3.1492667152082072 3.1648653899927854 3.1863501671838454 3.211950744585999 3.231269335591203 3.232156190165141 3.2068720875142738 3.1594889446871877 3.0880369000445302 2.994168699968954 2.8781191422278325 2.744519921075981 2.6015966388951117 2.462387125699057 2.335496075137157 2.228693402912735 2.1415956240151774 2.057173872538624 1.978322208032577 1.8927656100847117 1.7950359956745556 1.696382663127222 1.5973478325425665 1.4852045644452125 1.355275913334066 1.2052616538985295 1.0483947158342617 0.9194271852072277 0.8153890142430946 0.73532044560774
