_RESULTS/CROSS_VALIDATION_POSTPROCESSED_CLR/Berg/TZ/8comp/3/Berg_TZ_z_500_kriged_reverse_8comp_spherical_3.asc
ncols 100
nrows 90
xllcorner 5.6208707817415728
yllcorner 50.959635321741573
cellsize 0.00013419651685393446
nodata_value 1.7014100000000001E+038
[rows 19 to 37 of 90, columns 0 to 41 of 100]
-1.222876257294631 -1.2282508873549731 -1.2338437879922477 -1.2393511788004523 -1.2444838338021187 -1.2489760891102297 -1.2525960510063758 -1.2551561803393172 -1.256523087557535 -1.2566252123654493 -1.255457197629419 -1.2530802240964305 -1.2496182481952163 -1.245250778718116 -1.2402033302396034 -1.2347368795309577 -1.2291375320084836 -1.2237072832630145 -1.218756372370216 -1.2145973780033403 -1.2115409615297108 -1.2098930217042028 -1.2096904635408134 -1.2096904635408134 -1.2096904635408134 -1.2063433292857593 -1.1936619764552672 -1.1720904781070838 -1.1422345136478202 -1.1047134657116908 -1.0634413664339846 -1.0232222968265818 -0.983927734168677 -0.944899729752657 -0.9063638916796499 -0.8687061253825286 -0.8324416606836605 -0.7983103869068675 -0.7674452366603496 -0.7416561313200267 -0.7238408286257701 -0.718311102710558
-1.2319630662745207 -1.2390992921658137 -1.2463555496818237 -1.2533952408894273 -1.259892734659147 -1.2655441971050152 -1.270080512568794 -1.2732812639824038 -1.2749881184301781 -1.2751155887991066 -1.2736572598806557 -1.2706862676117794 -1.2663499351451188 -1.2608596187329948 -1.2544776012483267 -1.247503081712809 -1.2402589986356 -1.2330808234799016 -1.226307823387739 -1.220291014788418 -1.2153777770544905 -1.2118673766687298 -1.2100529039852228 -1.2098776300651117 -1.2098764886450968 -1.2049514635578638 -1.1904219272526682 -1.166877766324591 -1.1349207298343598 -1.0955500584857187 -1.0551044356618138 -1.0156456559045421 -0.9771899829887732 -0.9396496470797697 -0.9024306482149415 -0.8656527286340935 -0.8296376569387871 -0.7948529525699966 -0.7620715569793054 -0.7327173617449343 -0.7095998800665807 -0.6910894390807629
-1.242892907327367 -1.251872054808598 -1.260888376091668 -1.2695681209231946 -1.2775427445824632 -1.2844617350625662 -1.2900089623457554 -1.2939213487838428 -1.2960075279588166 -1.2961633276507678 -1.2943809061439076 -1.2907494606538574 -1.2854473403035 -1.2787273791498575 -1.270898519772901 -1.2623069602349153 -1.2533297378107897 -1.2444134712592436 -1.2359123151868203 -1.228153259559701 -1.2214549850614356 -1.2161271557610687 -1.2124709890759438 -1.2107805227993735 -1.2106370309165497 -1.204511747520895 -1.1886728445170887 -1.1636988808254416 -1.1301770258782409 -1.0904092232209222 -1.0510344112658658 -1.012684754687242 -0.9753604946697936 -0.9389689308035122 -0.9034677269656581 -0.8684029425085763 -0.8336114925936604 -0.7992635088465034 -0.7656385200688831 -0.7333495991086865 -0.6964479058986787 -0.6478210147422202
-1.2553320103709817 -1.266239184658386 -1.277121842332447 -1.287564850301497 -1.2971493866267543 -1.3054676834645176 -1.3121435568116337 -1.3168575533230302 -1.319373504479831 -1.3195614719072042 -1.3174116344741067 -1.3130353752858563 -1.3066532624233782 -1.2985732020881433 -1.2891710855401701 -1.2789657072037284 -1.2683807515202 -1.2577883197698525 -1.2475510789784934 -1.2380176364224047 -1.2295212916506777 -1.2223809543349917 -1.216903256320905 -1.2133851458386526 -1.2119883655175085 -1.2052219497658418 -1.1886640437823806 -1.1628879392444795 -1.128474319400707 -1.0895369224115212 -1.0515577489080277 -1.0146234307567343 -0.9787626462212258 -0.9439903918373278 -0.9102377610748512 -0.8773166165345323 -0.8450546931143281 -0.8129631256403836 -0.7808800642724215 -0.7432000494283635 -0.6835108793931763 -0.6040793949999128
-1.2689202942351654 -1.281841220638644 -1.2947045566587265 -1.3070503689436963 -1.318401757142857 -1.3282808296673434 -1.3362339450182332 -1.3418656921185168 -1.34487747366178 -1.3451026622179287 -1.3425285950134305 -1.3372983169166264 -1.329691479368067 -1.3201550440462557 -1.309271982239892 -1.2974765465809583 -1.2851975983479824 -1.2728502286478194 -1.26082727272797 -1.249496777929253 -1.2392032509714763 -1.2302709710383573 -1.2230081632161085 -1.217711241585791 -1.214536778881317 -1.2071500932832246 -1.1904761807537636 -1.1645411619705246 -1.129976358176397 -1.0926766276896847 -1.0564612799611859 -1.021390727547094 -0.9875205592138974 -0.9548978560879284 -0.9235566438474433 -0.8934975203302385 -0.8645117508491732 -0.8364501624927204 -0.8071055956230941 -0.7569166011202957 -0.6834149731673769 -0.5901131916769924
-1.2832666776894284 -1.298282166729143 -1.3132448216876855 -1.3276485795021316 -1.3409512980467853 -1.3525900312748032 -1.3620106176772595 -1.3687132574271796 -1.3723096486905277 -1.3725788989660224 -1.3695040962319287 -1.3632752554361287 -1.354388207802507 -1.3434504409789614 -1.3309584560750314 -1.317422915318586 -1.3033372951975295 -1.2891613143601994 -1.27531548632389 -1.2621825862761544 -1.25011275526909 -1.2394300745079982 -1.2304393053079912 -1.2234320489008057 -1.218631495817507 -1.210308187570767 -1.1940757259972454 -1.168624041381416 -1.134800195184543 -1.0994605375876214 -1.065337218087481 -1.0325311327114584 -1.001149449501301 -0.9713068448406392 -0.9431290499509425 -0.9167607599868327 -0.8923801126246693 -0.870041125028548 -0.8350696948097528 -0.7760655436037484 -0.6978315799585536 -0.6085599124906047
-1.2979446914069452 -1.3151216060106314 -1.332298908770101 -1.348927255680445 -1.3643950289042301 -1.378038643323601 -1.389173656828412 -1.3971541021348113 -1.4014582200752466 -1.4017811129997755 -1.3980991903564512 -1.3908403072031055 -1.3806353936537001 -1.3680629420004389 -1.3537505861973034 -1.3383113218601113 -1.3223087173951729 -1.3062446350448413 -1.2905606184433567 -1.2756459819285906 -1.2618483018841131 -1.2494840362466326 -1.2388481884171687 -1.2302225198468268 -1.2238820359555653 -1.2150829095072273 -1.1993146121863705 -1.1749708132356134 -1.1425807188290202 -1.1094208428977943 -1.0776508800214362 -1.047424896090568 -1.018918483926139 -0.9923369112146835 -0.9679298013556222 -0.946017318817818 -0.9270378322227765 -0.9067392699354329 -0.863488241775702 -0.7985361458246023 -0.7181342003107349 -0.631746082739816
-1.3124895560314562 -1.3318669662928944 -1.3513572220649253 -1.3703777618343764 -1.3882476794656586 -1.4041111698305577 -1.417148898417108 -1.4265792082738573 -1.431719093188509 -1.4321432577087 -1.4279546045372475 -1.4197017827188776 -1.4079606599091952 -1.3934632084419012 -1.3770881888983888 -1.3595774798759122 -1.3415633468496138 -1.3235799534759418 -1.3060772389092001 -1.2894386185362752 -1.273998114608523 -1.2600553919090949 -1.247888370306275 -1.2377634205637045 -1.2299431589593968 -1.2212063937946773 -1.2059371352841115 -1.1832895482424637 -1.1528368527722581 -1.1220073611401866 -1.092764969033604 -1.0653224039854736 -1.0399293382777328 -1.0168868524048527 -0.9965715502150574 -0.9794755073551202 -0.9662629341240491 -0.9406164580573624 -0.8901168077833272 -0.8195177955357881 -0.7350957488563599 -0.6452998921685369
-1.326398737120468 -1.3479568301476141 -1.3695221803299389 -1.390505663430611 -1.4103315110171435 -1.4282426862601247 -1.443294712478731 -1.454419272171541 -1.4606062106832043 -1.461282904803649 -1.4566763480275278 -1.4473136602458665 -1.4340867626866587 -1.4179862910464216 -1.3998993678433063 -1.3805301392793141 -1.3604878794079056 -1.3406026682982555 -1.3213523197817252 -1.3030976307182143 -1.286145787836235 -1.270769321823425 -1.2572211851735426 -1.245812794661151 -1.2368635213049073 -1.2286240440468785 -1.2144637897939647 -1.193838855467111 -1.1655976860660997 -1.1369669261264599 -1.1101040703989575 -1.0853943565856188 -1.0631868270415372 -1.0437419547194897 -1.0275379376371554 -1.0151947468145035 -1.00443030576154 -0.9714326230831624 -0.9142460318898084 -0.8374826280421047 -0.7464158567300418 -0.6477486008613198
-1.3386223254715914 -1.3612673880875215 -1.384113294900441 -1.4067712173793687 -1.4286722142147426 -1.448993986096835 -1.4665909171584732 -1.4799987017281095 -1.487681449500387 -1.488848911753959 -1.4834567705732535 -1.4724100082895037 -1.4571538810217037 -1.439102919984554 -1.4193697000402503 -1.3987364957351773 -1.3777198975724265 -1.356645682325719 -1.3358533514193365 -1.316154552223398 -1.2980579273971797 -1.2821435427548802 -1.2684183835845801 -1.256886526200923 -1.247593091289334 -1.240063303556736 -1.2278191636337157 -1.2094627895857961 -1.1836554414538307 -1.1569413006650053 -1.131930022329819 -1.1090687175451093 -1.0888982202411566 -1.0720666389978601 -1.0599076228518827 -1.0534715947696662 -1.0424800932691218 -1.004117983245311 -0.9409097053567352 -0.8570178232563861 -0.7569787535688751 -0.6456401072097776
-1.3468919287451735 -1.3702266985786629 -1.394166934519171 -1.4184079020410985 -1.4424578653839297 -1.4655197698409475 -1.486314003123892 -1.502896549351204 -1.512974872394345 -1.5147212209700172 -1.5078812630840983 -1.4942524111290871 -1.4762696052884048 -1.4558961840653746 -1.4344165095665145 -1.4126003491728416 -1.390887340532406 -1.369513640421489 -1.348861636850483 -1.3296074005793979 -1.3121126859529593 -1.2967330079714143 -1.2833830018449952 -1.272011612769774 -1.2626205436392492 -1.2552773754164654 -1.2455769772301548 -1.2298145270091256 -1.206787432158282 -1.1818759350333057 -1.1585598852641852 -1.1373389494414192 -1.1194253360403001 -1.106620535421866 -1.0992703556811878 -1.0978152143063118 -1.083315081319176 -1.0401375775372548 -0.9709291639654614 -0.8792271590754086 -0.7687500112680904 -0.6429093112962057
-1.3507346677660637 -1.374390626524089 -1.3990650539683305 -1.4245797442470987 -1.45060436761324 -1.4765222363754442 -1.5011532432160135 -1.5222624439443821 -1.5362602970813706 -1.5387206598586292 -1.5291119048098778 -1.511510828151737 -1.4900595162844426 -1.467184437010679 -1.4441034515361497 -1.421406232019453 -1.3994057644328088 -1.3791877228030416 -1.3609163573273202 -1.3442013231431256 -1.3286269507402702 -1.3141954779297795 -1.3015755796883557 -1.2906850063558064 -1.2814752479370177 -1.2739825795981767 -1.2667466149146165 -1.2539737534462598 -1.2341757920866965 -1.2108807963132069 -1.1891008103527556 -1.1711722633705621 -1.1580303368963922 -1.149818319834357 -1.1467922307270069 -1.1482117536491776 -1.128748874544468 -1.0800149103412198 -1.0050186528494918 -0.905683788994221 -0.7846411939319743 -0.645168723001015
-1.3487008455551281 -1.372301098260349 -1.397501190764956 -1.4241175383443374 -1.4517936569773644 -1.4801359959070615 -1.5087149736881718 -1.5359330886164888 -1.5568577816715368 -1.5604269642288666 -1.54503541862365 -1.5216923333036725 -1.496508042798391 -1.4715179315563258 -1.44742130208306 -1.4246897636238034 -1.4046920057616927 -1.387285978085713 -1.3720072686757303 -1.358358079756696 -1.345824342985548 -1.3338940374712749 -1.3224841875796804 -1.3124391714764805 -1.3037203303255167 -1.2963296106354891 -1.290310769736991 -1.2809875101210975 -1.2648093557396314 -1.2434420260863521 -1.2258157346661998 -1.2126597178852774 -1.2040084927212829 -1.199973938988002 -1.2007504221765868 -1.2035049059952827 -1.1802817769357725 -1.1265171652443373 -1.0449554059966637 -0.9383153834391136 -0.8078708309846809 -0.6629351925230714
-1.3329058081871938 -1.3559814485403991 -1.381497383592913 -1.4093562865512768 -1.4393392925568982 -1.471094427757417 -1.504115261976433 -1.537960612346762 -1.5707978485393332 -1.5771642668357773 -1.549544742828786 -1.5206300033654885 -1.4931659142645217 -1.4674532042687851 -1.4438532199510545 -1.4238475272303457 -1.4071734509755167 -1.39329707917591 -1.3816567918799163 -1.3716681613985287 -1.3627296348723454 -1.3542341516385676 -1.3455932984596535 -1.3368469805461016 -1.3289564856787428 -1.321929974278165 -1.3158911206354378 -1.3097920951829993 -1.2978790907713118 -1.2819198807310976 -1.269044808439562 -1.2603349510362978 -1.255805106128538 -1.2555221497502767 -1.259601779583548 -1.2632413945447387 -1.2377222983685994 -1.1804076293803818 -1.093691375179723 -0.9798992194215999 -0.8421310439716498 -0.6993369674145538
-1.3025190267142523 -1.324377203159228 -1.349384455521429 -1.3774499149718489 -1.408348237551224 -1.441701265647539 -1.4769997421550762 -1.513659346507744 -1.5483101919387672 -1.5562709674564235 -1.5315591831780861 -1.5042330045518932 -1.4782570046031436 -1.454427632606321 -1.4346328559326489 -1.418791098808739 -1.4063734564716155 -1.3968095091473691 -1.389495982460504 -1.383797980203328 -1.3790477858653043 -1.3745481780284052 -1.3695931981177085 -1.3635233132600726 -1.3568233980902045 -1.3504222535406618 -1.3444682951159657 -1.3395934639866356 -1.3350002503426774 -1.3257895932742174 -1.3173340630691561 -1.3127178110103088 -1.3119323784748977 -1.3149947660936485 -1.3219360464237857 -1.3268030146290797 -1.3007095983962382 -1.2416796435128157 -1.15181967735796 -1.0331444284853804 -0.8937458166747277 -0.7549709735993013
-1.2584093013858242 -1.2783616157484565 -1.3020457265047969 -1.3292997963788702 -1.3597557737780261 -1.3927491686141318 -1.427250861756151 -1.4612094045539807 -1.4887729533909762 -1.4995428501414185 -1.4914054356431585 -1.4730571821622949 -1.4522185053918655 -1.434111118198798 -1.419885117344243 -1.4093489547660887 -1.402092791391674 -1.3975975721923546 -1.395276330988275 -1.3944858647824847 -1.394522756539287 -1.3946128700119078 -1.3939137227369622 -1.3915755994392751 -1.386997225482295 -1.381461288348003 -1.3757887506935604 -1.3735159302936306 -1.374914608833103 -1.3733205218494722 -1.369244238124777 -1.3683556767815606 -1.3709447675585626 -1.3769830963798708 -1.386421153671805 -1.39331025803245 -1.368586457598409 -1.309965426481856 -1.219323939799412 -1.0984501862012506 -0.9635797692733586 -0.8298809561124625
-1.2016633587753094 -1.2191012270662562 -1.240777918799637 -1.2664248552126474 -1.2954938784554761 -1.3270309015027153 -1.3596897422109029 -1.3910404262581797 -1.416668068425724 -1.431789329006708 -1.4350806124296374 -1.4291996019758924 -1.418473580017828 -1.407713207626814 -1.4001158750356917 -1.3957675478402225 -1.394411965345724 -1.3956213598671197 -1.398863241249029 -1.4035237932033426 -1.408902930969183 -1.4141834692621162 -1.4183809421962768 -1.420349330910626 -1.4190622012260117 -1.414685480369867 -1.4110986889365038 -1.412406161185558 -1.4168197392024624 -1.42177707231939 -1.4233393970724255 -1.425804661161684 -1.4314098939602677 -1.4400964250516746 -1.451747666599459 -1.461542242979378 -1.4403034444480078 -1.3844292973332772 -1.2956083116366515 -1.176547432334742 -1.0497854225096122 -0.9234681490136067
-1.1335576221484707 -1.148005588177045 -1.1671937196762248 -1.190755112511425 -1.2180102892353284 -1.2478698308517306 -1.2790384787257565 -1.3094065354793383 -1.3359597005948185 -1.3559535382444734 -1.3682085238552255 -1.373825863326021 -1.3763952107479511 -1.3766415766423783 -1.3762449585535157 -1.3786054883621515 -1.3836403127614858 -1.3910004181153124 -1.4002179264225139 -1.410732666193641 -1.4218897917571267 -1.432898873634005 -1.4427089556542938 -1.449756916003181 -1.4521968075409335 -1.450073542060354 -1.4502639626137246 -1.4543666632195695 -1.459741498570339 -1.465495055084041 -1.4715145445104167 -1.4761474957985081 -1.484023798649895 -1.4955684410677055 -1.5105293581341064 -1.5256860575738496 -1.5121697734197803 -1.4631357102336389 -1.379450597076585 -1.2666725955477327 -1.1497972949330189 -1.0329267363539374
-1.0555116905998763 -1.06665152742129 -1.0830902092091912 -1.1043887563504282 -1.1298040057674918 -1.158255021942121 -1.1886684258009943 -1.2193984654511554 -1.2483159669715196 -1.2735101131782125 -1.2937912853900428 -1.3108622822335045 -1.3260637898815455 -1.3390640416842128 -1.349306204038792 -1.3585934157964394 -1.3702426680775524 -1.3839776730502278 -1.3993831651641813 -1.4159556912483109 -1.4331063608824197 -1.4501431174615083 -1.4661805404938608 -1.4795645105536988 -1.4857791871763766 -1.4849594546423828 -1.4845546093855824 -1.4872775589550842 -1.4911218646643483 -1.495833527230967 -1.501864780312752 -1.50943587779779 -1.5191737664402067 -1.5333533731291045 -1.5516994763072798 -1.5727852704946548 -1.5706484820550881 -1.5336030053237846 -1.4622502423116295 -1.36349920021636 -1.2600948183133278 -1.1535293289452255
