_RESULTS/CROSS_VALIDATION_POSTPROCESSED_CLR/Berg/TZ/1comp/5/Berg_TZ_z_63_kriged_reverse_1comp_spherical_5.asc
ncols 100
nrows 90
xllcorner 5.6208707817415728
yllcorner 50.959635321741573
cellsize 0.00013419651685393446
nodata_value 1.7014100000000001E+038
[rows 38 to 56 of 90, columns 0 to 41 of 100]
-1.5366843850432839 -1.5658901721424403 -1.593545765008986 -1.6188324768681674 -1.6407233252687607 -1.6581400190312818 -1.6718796428051008 -1.6818752570089375 -1.6871982200966789 -1.6875106245496174 -1.6838439655516044 -1.6805777710149963 -1.6792771267406343 -1.6810630488525464 -1.6869789896561067 -1.697902639522035 -1.71249558760221 -1.7296328094341231 -1.7494074429283453 -1.7718031523454392 -1.7966899626899857 -1.823812700638276 -1.852764306444774 -1.882963650130121 -1.8860592441199726 -1.8693862177627563 -1.859799863249156 -1.8532206225207295 -1.8481610371746877 -1.844642859525368 -1.8424502238704683 -1.8407637742231615 -1.8401229280123812 -1.845983111903068 -1.8570555966084217 -1.872891990111207 -1.8808900336619572 -1.8678651402292492 -1.8340696880902292 -1.7799673681892494 -1.7055405766215492 -1.6111374342772566
-1.5916738872689993 -1.6237423666248305 -1.6529874111844038 -1.6795652048007244 -1.7024948692653536 -1.7205519141226933 -1.734147880394365 -1.7428455671339913 -1.7452535036795096 -1.7408426778094475 -1.7322226055891878 -1.7236165802830035 -1.7167026013767697 -1.7130871501634728 -1.7141108642612053 -1.7208128513819525 -1.7336704171526307 -1.7503464035405534 -1.7702058106738412 -1.7930976119249133 -1.8186458074239096 -1.8459672089943258 -1.872789419953086 -1.8936239838123754 -1.898021042785392 -1.8913054331646766 -1.8850013309013973 -1.879966959569205 -1.8744198451325889 -1.868650002006564 -1.86231330411661 -1.8560019095645983 -1.850236405297219 -1.8461298909712016 -1.8519627876778462 -1.8640862648072263 -1.8741600618324195 -1.8652252894880355 -1.8363986733632234 -1.787436444482149 -1.7181959394514021 -1.6289525786084202
-1.6474382022698824 -1.682464879628325 -1.71411339574796 -1.7420410063304872 -1.766243512442914 -1.785487000867006 -1.7995903629259895 -1.807635257054267 -1.807312645502407 -1.797739013405906 -1.7833213115927777 -1.7679257777624127 -1.7541537563315548 -1.7441815134369951 -1.7395945904887715 -1.741485890084097 -1.7505901886865287 -1.7660844695571658 -1.7853028250738476 -1.8078067869531704 -1.8326698914598833 -1.8580246244365197 -1.8813751556252707 -1.8980890703850761 -1.9047308884526153 -1.9054698476786878 -1.9042703327805022 -1.9021245814410823 -1.8964756588608584 -1.887625572896742 -1.8770003127519646 -1.865991157553307 -1.8556226667331615 -1.8464568553684388 -1.8393247019617376 -1.8413397733136836 -1.8518650142729856 -1.8500031826217125 -1.828636174804351 -1.787360656525696 -1.7257389403275187 -1.6437476961871038
-1.7027990758945168 -1.7404124200568774 -1.774409625970414 -1.804409108214422 -1.8300297140707382 -1.8509887777731815 -1.8665829457120566 -1.8752353373553037 -1.872777092771294 -1.8575472310433505 -1.8353797578388031 -1.8113358053866606 -1.7894032165201943 -1.7722738762602686 -1.761591296215135 -1.7583430334129073 -1.7631171712030531 -1.7760741652710066 -1.794209841601738 -1.8156313506267352 -1.8388131956142055 -1.8623690443288057 -1.8840639894973783 -1.9008140774046998 -1.9119950205011755 -1.918043945408325 -1.9215097651463116 -1.9215551580230827 -1.9144294261415822 -1.9017512175564129 -1.8862288240794252 -1.8701914919624345 -1.8552122285063661 -1.8421423796571608 -1.8314375874472102 -1.8242002985582388 -1.825243674555777 -1.8253716674364409 -1.8100979958210885 -1.7775557164375075 -1.7257607451179338 -1.6530207958850718
-1.7566104887032987 -1.796181373165955 -1.8317546009175905 -1.8633186385492413 -1.8908767705115643 -1.914032560974195 -1.9323262757718225 -1.9439427779136709 -1.9410076778142524 -1.9187068017702447 -1.8856012543448086 -1.8507486492606098 -1.8196758691918162 -1.7950741383425401 -1.7782607968083546 -1.7699180807391655 -1.7703996471585735 -1.7798467974254044 -1.7964783637644723 -1.8160823572042437 -1.8377248017549133 -1.8602349580708721 -1.8819269662703988 -1.900980520295175 -1.9179498781990127 -1.9309741123772328 -1.9384929760955076 -1.9391975852066823 -1.929069046844817 -1.9109051138157591 -1.8893387150810725 -1.8677663846214854 -1.8481576580953025 -1.8316079240466432 -1.8197245356904423 -1.8125525040140216 -1.8094215784587762 -1.809098417081824 -1.7987234361149218 -1.7733087448124918 -1.7300508826445156 -1.6658466875335858
-1.8078451543868095 -1.848455865454829 -1.884357986000859 -1.916023546576167 -1.9441411460974458 -1.9692346836213672 -1.991324145662639 -2.009590015426741 -2.011284955431515 -1.9776649400151083 -1.928618093484272 -1.881643072017546 -1.8416815445804975 -1.8102415843296564 -1.7879184620347834 -1.7749822347509752 -1.7715425439161931 -1.7775256585020844 -1.7914756700590466 -1.8093077377033542 -1.8296526339674508 -1.8516492569268537 -1.874199326138616 -1.8965600925475274 -1.9197178136201118 -1.9410730394235602 -1.9552818946430703 -1.9564282050720352 -1.9403264447863982 -1.9138793869308632 -1.8848996066284696 -1.8574703987981027 -1.8334692824495646 -1.8149307046371939 -1.802618654968906 -1.7961973362631176 -1.795095989175621 -1.7985120045993401 -1.7977172099185872 -1.7823691229830907 -1.7515425177711776 -1.6985747992412714
-1.8556956826082214 -1.8961531761726724 -1.9306347216949171 -1.9601964569419619 -1.9862370315922444 -2.010093728312812 -2.0328678273199925 -2.0569746333426226 -2.081263586898108 -2.0198890793695834 -1.9545573701659882 -1.8987446312402643 -1.8526692187576876 -1.816395645413937 -1.7899509502922628 -1.773339710498652 -1.7665430096857344 -1.768864265524721 -1.77954776775189 -1.7955458053840674 -1.814600264207387 -1.8360665748425489 -1.8590440827090056 -1.883560125087197 -1.911776246188444 -1.9423940567132758 -1.969754305735199 -1.9739033546608518 -1.9452495339774831 -1.9072581696059054 -1.8704729640186883 -1.8377562211729517 -1.8108551012137792 -1.791396578118758 -1.7792202853592414 -1.7739512564889859 -1.7750950624218813 -1.7820679850862557 -1.7936393397241068 -1.7969560961660989 -1.785978742539128 -1.750453626573032
-1.8996618613457685 -1.9385393841245087 -1.969388454347678 -1.9940938759030273 -2.0147196441311976 -2.0327864533245554 -2.04882916757075 -2.061728864011447 -2.0595810639770624 -2.015024092291296 -1.9551602626964624 -1.8995666062020924 -1.85210172394634 -1.8137837303437485 -1.7849866208459841 -1.7658652850895853 -1.7562539053829758 -1.7550767332913577 -1.7622249157750935 -1.7758044406759028 -1.792450650173869 -1.8117759996028098 -1.8334942432304797 -1.8582024678422011 -1.8885389074491967 -1.9247650871616426 -1.9670818287887757 -1.982818134033193 -1.9323006617690819 -1.8850375128468873 -1.8432630615564918 -1.8075673630238192 -1.7798933907852343 -1.760498055137723 -1.7490882457589698 -1.7452569708970023 -1.7485217605221717 -1.7583667068906976 -1.7742792244510261 -1.7937554689310802 -1.8049723853536717 -1.802044900675803
-1.93959091557761 -1.975203564205993 -1.999731497543102 -2.016659786518942 -2.0288577526427978 -2.0376416572367555 -2.0426407232246118 -2.0399582848420295 -2.0220761202400177 -1.983749792690005 -1.9342667859044562 -1.8840951964351433 -1.838873265468254 -1.8010155849035003 -1.7715953278996968 -1.7511225575725442 -1.7390310430595473 -1.734777784889248 -1.7385102672799457 -1.749182173200895 -1.762964690278832 -1.7793325725838542 -1.7980751957526757 -1.8197214905088142 -1.8469385387623425 -1.8788390284104848 -1.9099875857537882 -1.9167987219216438 -1.885011645254714 -1.843227298630418 -1.802294268985459 -1.7673314488820553 -1.7406831575534165 -1.7224607955907467 -1.7124714919760105 -1.7103156092328171 -1.7154448442301313 -1.7271852157973608 -1.7446723612224302 -1.7665034459849907 -1.7862189422224948 -1.7819800928393836
-1.9756532265078102 -2.0056819582111105 -2.0204401249195225 -2.0269576291326277 -2.029216502395401 -2.028367559196788 -2.022931496362019 -2.0093592244666976 -1.9834639802866356 -1.9457735222145596 -1.9019200787570032 -1.8569388872133352 -1.8150621809177792 -1.7789067685678317 -1.7499436954790484 -1.7288299135635201 -1.714830520742134 -1.7080534391340825 -1.7087459308310546 -1.7163654890982256 -1.7269665372705258 -1.7397154532130648 -1.7542982678477475 -1.770729026454266 -1.7909465125736375 -1.8128552209598738 -1.830488802146234 -1.8331372814823528 -1.8143598612592569 -1.7833837493566245 -1.7493015031269987 -1.7186594528547188 -1.6944805911224692 -1.6783762387588985 -1.6704062973072935 -1.6701961833529728 -1.6770824102877895 -1.690133244497815 -1.7080096174659154 -1.728508654375167 -1.7474552490535658 -1.7540634247375908
-2.0082642328845566 -2.0278722668478872 -2.0284034423134782 -2.023675184934002 -2.01689551382061 -2.007646695870482 -1.9941250239757466 -1.9736529466034383 -1.9435293470137884 -1.9051400624633628 -1.8639193499831737 -1.8225463041504004 -1.7837257711258299 -1.7495970093484243 -1.7216204257303085 -1.700200616215859 -1.6848535405241085 -1.676020507380576 -1.6740290961270985 -1.6786056989706033 -1.6858250093340308 -1.6945648371827007 -1.704381324424552 -1.7147831057134284 -1.7272594184595926 -1.7400132416832526 -1.7490940235114265 -1.7492728875997352 -1.735882456696299 -1.7126031927240266 -1.6857745264804054 -1.6615056112864177 -1.6424387326569976 -1.6299591710063488 -1.6246332913128874 -1.6267175804920107 -1.6355493434873751 -1.6499938317771612 -1.6684966135174992 -1.688843932603358 -1.7069726092135442 -1.718059916507023
-2.037983623862677 -2.030478655953634 -2.0174016728298065 -2.0048076816016684 -1.991719298124766 -1.976710913493012 -1.9579940381166745 -1.933605256031579 -1.9018867045312144 -1.8630578028233717 -1.8230393441437553 -1.7839893716930233 -1.7475579613534797 -1.7152994361418816 -1.6884433115733815 -1.6668853327446649 -1.6505887761980236 -1.6400882923221438 -1.6357637259664894 -1.637453012143569 -1.6412670309596238 -1.645951324808065 -1.651005718945054 -1.655677506533157 -1.6611400784665982 -1.6667653182021782 -1.6702347156864543 -1.667479963449626 -1.6557121258266285 -1.636894319414011 -1.6157808636940252 -1.597031841311073 -1.5831770235477582 -1.5757124102527742 -1.5751203711318598 -1.5811222952066644 -1.5929804866898465 -1.6096552289006674 -1.6297945033495287 -1.6512615976696492 -1.6703542917559453 -1.684802859951112
-1.9823701528649142 -1.9914021861224054 -1.9821072189306252 -1.9690522012219178 -1.954034322514019 -1.9365507655894807 -1.915483000188877 -1.8895885014914189 -1.8578887109876812 -1.8202152941620044 -1.780905417093602 -1.7433875937306071 -1.7087517477329885 -1.6780644306787174 -1.6521967495085605 -1.6306527325200282 -1.6136893785987532 -1.6018522349782462 -1.595550441965307 -1.5946144007537562 -1.5951659124127404 -1.5960307906916094 -1.5967430887418834 -1.596600507645344 -1.5961592308264998 -1.5962887250036688 -1.5955289869049087 -1.589547935292212 -1.5771570088029212 -1.5602016191880195 -1.5427942934633758 -1.5281190218590335 -1.5187340129643725 -1.5161779633300982 -1.520644716478335 -1.531417681288975 -1.5474694735288084 -1.5677058476975048 -1.59078963836185 -1.613949354809266 -1.6353133991535542 -1.65355079890852
-1.9109226341886538 -1.9278411767067904 -1.927738632349989 -1.9191137060195524 -1.9057607557355372 -1.8886503254754152 -1.8676187506412545 -1.842144567152885 -1.811779153914984 -1.7764269769422938 -1.7387404621295595 -1.7023875504015327 -1.6691369837777028 -1.6397459013247504 -1.6147040570816715 -1.593287033198973 -1.5758738591834227 -1.5629956077445257 -1.5550794174413773 -1.5518230283511543 -1.5493722482351546 -1.5468273598789848 -1.5438208992420939 -1.5398251400181615 -1.5348033756273067 -1.530646503107265 -1.5259862501985724 -1.5167054203673764 -1.5026877057523504 -1.4855600482330806 -1.469672001108312 -1.4573043163082635 -1.4513323435827457 -1.4536122215078247 -1.4635800676532322 -1.4795871340037312 -1.5002310422263965 -1.5243755076815468 -1.5498623600500792 -1.5752471684438674 -1.599501891611344 -1.6218024154735933
-1.840004685522287 -1.8586180147776323 -1.8640353811725547 -1.8601846824296229 -1.8500433400004455 -1.8350711314027173 -1.8157492796007915 -1.7921133161841998 -1.7641201280942862 -1.731882310460552 -1.6966271189974407 -1.6623656451456092 -1.630333625740851 -1.6020440157608369 -1.5777301507911363 -1.5565333929975445 -1.5388574717337964 -1.5252124329827987 -1.5160445604299317 -1.5107425210776635 -1.5056106903608497 -1.5001415174244315 -1.4940988192830926 -1.487146661210931 -1.4789699306723947 -1.4714735311298437 -1.4627480818280025 -1.450255260623221 -1.4341565477873028 -1.4159009739921953 -1.3993241455129592 -1.3870436212137944 -1.3829541035659265 -1.3905001702049984 -1.4067851382997567 -1.4283563809205078 -1.453551701981455 -1.4805123842194796 -1.508241790170933 -1.5360382660080167 -1.5632831153279867 -1.5895180827057396
-1.7705167078472606 -1.7889449287594759 -1.7971649748185765 -1.7969463284907183 -1.7901531607516006 -1.7780770057837527 -1.7614281442275876 -1.7405575621134446 -1.7156857146219737 -1.6870729961360063 -1.6551804517548678 -1.62337803877171 -1.5936490392603226 -1.5665551946372596 -1.542948705777861 -1.522073771614595 -1.5043099670483633 -1.4901541339195377 -1.4800837802493008 -1.4729078797013844 -1.465430106848006 -1.457530635330367 -1.449115445041413 -1.4400311311170486 -1.430112174128348 -1.4195277460990816 -1.4068804190752737 -1.3914903205542986 -1.373406246770201 -1.3538662155988026 -1.335860707239768 -1.3209987388786562 -1.3153705324039355 -1.3307403689111208 -1.3540847581888544 -1.380479230632101 -1.4084221451264134 -1.4374354214958416 -1.467121142435591 -1.497089033655756 -1.5270073871818142 -1.5566705127600637
-1.7032871178400844 -1.720804264201488 -1.730336937799121 -1.732642436345404 -1.728796918125788 -1.7197556995863605 -1.7062091321587163 -1.6886259805036743 -1.6673604114356468 -1.6427540628221853 -1.6152065563194355 -1.5861182656714894 -1.5589415855890323 -1.5342286709074955 -1.511945744467433 -1.491518666755378 -1.47383187857965 -1.4593956934778747 -1.4487380910662606 -1.4396939591887477 -1.4301858683336865 -1.4203190409895479 -1.4101401134278668 -1.3996595592666476 -1.3888635842611334 -1.3752997410364904 -1.3592804222398003 -1.3415062969806058 -1.3220028471702026 -1.3019255893101673 -1.2839314581614043 -1.2688930324209864 -1.2623962975412195 -1.2832186799419978 -1.3093710143481794 -1.337186947408218 -1.366317069695385 -1.396515601914556 -1.4275297503123978 -1.4591181750875795 -1.491095537481748 -1.5233819226178942
-1.6390820291754924 -1.6553656842755062 -1.6653866177094874 -1.6694053633726518 -1.6680087792374554 -1.6618484267945686 -1.6514999606471261 -1.637433625121803 -1.6200446922473504 -1.5996999201007587 -1.576776070213692 -1.5516949122221584 -1.527091256193899 -1.5048514283258285 -1.4848321787668528 -1.4660407133700732 -1.448937038874488 -1.4344141290949617 -1.4231744966324187 -1.4123002078219202 -1.4010376838245495 -1.3896162658692013 -1.3782141459902921 -1.3669835417764187 -1.3548576348415378 -1.339246130089516 -1.3205946295888957 -1.3010113198420872 -1.2808095329738225 -1.2612141326175261 -1.2453040867076066 -1.235239488003654 -1.2358763083182007 -1.2503136472498704 -1.2730451038510817 -1.2996005883601458 -1.3283893224872867 -1.358755886071257 -1.3903233380125615 -1.422832078880886 -1.456110148664679 -1.4900780763481496
-1.5786161880814076 -1.5935068398659926 -1.6035303763320174 -1.6086941194891984 -1.6092909295021691 -1.6057450623255543 -1.5985041944395157 -1.5879892448483188 -1.5745848647907232 -1.5586473437908976 -1.5405134930643436 -1.5205056642953543 -1.4992274964611383 -1.479539516147349 -1.4618797601591185 -1.445093328060013 -1.4295220127614283 -1.4159592672325023 -1.4042047937260969 -1.3917396778970201 -1.378953286802498 -1.3663363760862244 -1.3541842969606916 -1.3422065943775927 -1.3278942076905382 -1.3108662618508895 -1.291202314815938 -1.2702931679381284 -1.2499079016614871 -1.231108145568086 -1.2170915904660653 -1.209817392550454 -1.2118448645204924 -1.2239085040192896 -1.2433340910468418 -1.267614478255287 -1.2950807942129572 -1.3247956215322214 -1.356204591812307 -1.3889493963814319 -1.4227881314823099 -1.457556657012271
