_RESULTS/CROSS_VALIDATION_POSTPROCESSED_80-20/MHZ/GZ/1comp/2/MHZ_GZ_z_0_kriged_reverse_1comp_spherical_2.asc
ncols 100
nrows 74
xllcorner 5.5967023332191781
yllcorner 50.982320383219182
cellsize 0.00019249356164376555
nodata_value 1.7014100000000001E+038
[rows 54 to 71 of 74, columns 0 to 40 of 100]
0.003290183583514042 0.0031595974899479794 0.003040971688438455 0.0029434876147872834 0.0028754989801290597 0.0028472002556917506 0.0028630277864247753 0.0029188189390211786 0.003011245864831062 0.0031350304751282575 0.0032849699792988217 0.00345657768309153 0.0036457260130551717 0.003848307293146486 0.004057719493061842 0.0042528860187615635 0.004422737721171237 0.004559532753547398 0.004667757834472573 0.004714440420716814 0.004712165820760085 0.004684935252286787 0.004627510335687544 0.004537683288736292 0.00442101055505859 0.004285929485050661 0.004139423901076213 0.00398730751469256 0.0038354969095370233 0.003689034706620178 0.003546631282308677 0.0034119843422751777 0.003298084930213081 0.003214961057146783 0.003165537861355695 0.0031461821826432377 0.0031628124838262175 0.0032183438881067832 0.003310037674868532 0.0034352161601559 0.003595170500013038
0.0033375767218687884 0.0032260290830552632 0.0031264884903766856 0.0030457834562986263 0.002989751434584854 0.0029623270099109274 0.0029702279910625937 0.0030134900356681843 0.0030903648044283017 0.0031975243862547376 0.0033305873915850243 0.0034854813718002997 0.003658318381055117 0.003844777472208913 0.004028691836071991 0.004197285825062119 0.004342986141552056 0.004457264474364783 0.004533314469761908 0.00456347352923248 0.0045648504559534725 0.004546828875064752 0.004506539269463238 0.004443612398943145 0.0043612780544882 0.004264999251705022 0.004160649653229978 0.00405399196796048 0.003950987440423114 0.0038560938119666073 0.003764847616436172 0.003677499549083248 0.003600364469227225 0.0035372593771903506 0.0034896483678094883 0.0034586297202109303 0.0034490711058815463 0.003476838879139421 0.0035424163550594576 0.003643467814586404 0.003772714927584607
0.0034005836567124214 0.0033055246916163976 0.0032218635887383135 0.003154857868209045 0.0031088764768018667 0.0030867776518664985 0.0030899204398394243 0.0031229189732197788 0.0031863625165394777 0.0032787860177361646 0.0033965030668038614 0.0035359067753642863 0.0036933470127233753 0.003856293282793414 0.004012322579119642 0.004154413675514235 0.004275233421834926 0.004366875979412098 0.004422122486922654 0.004446339564001722 0.004453747828752114 0.004447051773936882 0.0044248494788337485 0.004387461677884502 0.004337314975323298 0.004278482361526255 0.004215910129133768 0.004154991061512297 0.004100067835206803 0.004048427862631562 0.004003315642307297 0.003966304061539706 0.003931497749365042 0.0038937468433333346 0.0038498144450699622 0.0038055296703277237 0.003772294713980758 0.003767217547445564 0.0038019409694322157 0.0038664025970087845 0.003952140917163153
0.0034757292482686386 0.0033951802993595183 0.00332515457522731 0.0032698504654174124 0.003232721826453864 0.003216118284938524 0.0032211023308788447 0.0032476157792372 0.0032993027004659435 0.003378478902437243 0.0034822797790454445 0.0036073057069053306 0.0037425116178763924 0.0038779071760401533 0.00400637952844975 0.00412199126580758 0.004217627102325138 0.004286107969757721 0.004321829695030297 0.004354726535748375 0.004378399244256204 0.004384247062669126 0.004380035388766439 0.004366890871526301 0.004346978601920119 0.0043237453147761 0.004301565945736947 0.0042835911382081765 0.004267711147607394 0.004257624516942237 0.004257521695223705 0.0042691385688438535 0.004286177240731605 0.004284635947096423 0.004243327474765219 0.004177584326251088 0.004117975722149705 0.00407979495255162 0.004068256867524327 0.004084966421725827 0.00412446056925497
0.003560466893268795 0.003492947879734704 0.00343499454287446 0.0033900747491546223 0.003360945221790222 0.003349322055708881 0.003356589494958261 0.003383187882809957 0.003428748719737804 0.0034961561204064203 0.0035867156199048 0.003690139415390317 0.0037991035779819334 0.003907253222190711 0.004008596788972281 0.004097829721347237 0.00416826485509637 0.004213435100091731 0.004238127657433309 0.004274281991154061 0.004320053825162892 0.0043519716596527695 0.004370196336098683 0.0043799992535401 0.004388331145414272 0.004398549078179731 0.004410847552165373 0.004424936982292956 0.004444017473605819 0.0044721382672435715 0.004514420468780203 0.004575444661595506 0.004652522836838962 0.004708367981108902 0.004658583079712617 0.004551785003347782 0.0044535528171571696 0.004376437584635453 0.004318342251354751 0.004286887411873871 0.0042800801933945325
0.0036528254258562276 0.003597227893403953 0.003549114477534436 0.003511416193729414 0.0034872514543872403 0.0034789629270673256 0.0034880518124130113 0.003515199376876663 0.003560270268264067 0.003619529192869538 0.003690559755553734 0.0037707658928723105 0.003856142524539239 0.003940101800991185 0.004016500941104464 0.00407984341985023 0.004125237944893151 0.004151090960046392 0.004174246358607662 0.004211755649116941 0.004267011026095944 0.004325985872333265 0.004375002747074223 0.004417512897639598 0.004456272127571567 0.00449236498343105 0.004529514147422018 0.004571668937650612 0.004621056472995476 0.004680211839482884 0.0047546032254596315 0.004852429498493295 0.004980967449786579 0.0051430845285576725 0.005024146399594356 0.004856868898113167 0.004723748701478305 0.004617075760805402 0.0045305991336504195 0.004460216246865197 0.004409934195390732
0.0037499075911656267 0.003701769014483445 0.0036597935569561155 0.0036274060118656297 0.0036074872544972934 0.0036022750773925627 0.003612816280763968 0.0036374489870967196 0.003674572938796798 0.0037218918839077688 0.0037782851678974435 0.0038411934839688985 0.003905960369863359 0.003967412988543485 0.00402160949670009 0.004063538581123787 0.0040886759739367905 0.004109417686900752 0.004131275162009383 0.004168736496349992 0.004225723153468236 0.0043007803647347725 0.004375925872210756 0.004444222216754719 0.00450819608095589 0.004570907220935848 0.004635717065821548 0.004705676944809168 0.004781784450721212 0.004861587073422485 0.0049483022443107495 0.005049613982302929 0.005162201109311418 0.0052423420631184285 0.0051818813160449855 0.00504386258220292 0.004907669536964124 0.004786658948101926 0.004681766287049743 0.0045905477607207645 0.004509674042852889
0.0038430064401826303 0.0038007115176814116 0.003763548709237704 0.0037345123053118836 0.003715825185754254 0.003708874938551921 0.0037141780962573843 0.003731371816301981 0.0037592308964932803 0.0037957073509098725 0.0038382265354514607 0.003885507459838735 0.003933715226374648 0.003977888078065659 0.004013918100788763 0.00403945121799631 0.004063515029346185 0.004086253996627131 0.004106679076739569 0.004140918578231724 0.004194662054252253 0.004266505104816368 0.00435447978854058 0.004443038859726324 0.004528281573661255 0.004612883680138205 0.00469983259039857 0.004792119152458353 0.004891334282982308 0.004981567470618927 0.005062581522129498 0.0051479075908910646 0.005224532323169581 0.005260131728912261 0.005222489041413726 0.005126917518083819 0.005008804163537347 0.004889605868681879 0.004777116593550231 0.00467287345079216 0.004575837084690531
0.003910438167943212 0.0038736058909208957 0.0038397232778624446 0.0038117069656549147 0.0037917756337157195 0.003781387114636987 0.0037811955335232163 0.0037910273615242174 0.0038098772593034816 0.0038359265862191808 0.0038665885785831872 0.0038990125029518185 0.003931219907029331 0.003958739326440835 0.003982151424493033 0.004008126357504148 0.004035061170166189 0.0040610687369221 0.004084288693771709 0.00411443006575893 0.004162661707499935 0.004228932386571475 0.004312017893420991 0.004410587327795935 0.004512735400066747 0.004613858141458652 0.004716061238991396 0.0048210989499786056 0.0049285078734427916 0.005022034683588061 0.00509906096963342 0.0051694122662120185 0.005222512467142538 0.005240930031674307 0.005212164606088252 0.005139329237825037 0.0050396665069734016 0.004928941480597717 0.0048162849921504864 0.004705689247155362 0.004598149172974476
0.003942463993990954 0.003910487636971454 0.0038792867666776255 0.0038517449904935273 0.0038301279695277333 0.0038160140043962286 0.0038102358214546516 0.003812833421874002 0.003823023638653242 0.003839196748033181 0.003858951064226883 0.0038791720336998187 0.003897510898667312 0.003919025292009426 0.003944402006147797 0.003972993522329671 0.004002905875009699 0.004032228637064995 0.004059065628409827 0.004088402700149287 0.004130931496785845 0.004189982919661685 0.004265431176696287 0.004355983966279196 0.004460300322827096 0.0045725707494602055 0.004683787546047409 0.004793469930736191 0.004898460705581177 0.004991564500699535 0.005069346255998519 0.005131670664665949 0.005173062408339843 0.005184763719558492 0.0051593153522187084 0.0050989672405620965 0.005012869464670372 0.004911236815032169 0.004801801660936038 0.004689176421441237 0.00457552787368157
0.003936446676218193 0.0039087060231242175 0.003879592133164714 0.0038519889021874695 0.0038282548366498563 0.00381014260736398 0.0037987172885626855 0.0037942743993822003 0.0037962710713945595 0.0038032934452693133 0.0038147303817038882 0.003831474605554785 0.0038524858201334075 0.0038766239220148005 0.003904465083571099 0.003935847098983842 0.00396883503064806 0.004001486294517533 0.004031899079599413 0.0040609613098371595 0.004100557895914988 0.004151544001382394 0.004217801491746812 0.004298329834306615 0.004391454882573847 0.004495146514737281 0.0046066602149709875 0.0047177830077245715 0.004821060923147157 0.004912331970680687 0.004988230891215604 0.005046174627826774 0.0050819522347673235 0.005089398325746191 0.005065919893514144 0.005013215832068623 0.004936610396867752 0.004842769860936309 0.00473762702368755 0.004625456127243688 0.004510338461418806
0.003905960794759219 0.003874613630289353 0.003843148510683521 0.003813145608665905 0.003786208772350743 0.0037638966835996123 0.0037476129202970083 0.003738461201712729 0.0037370958557434285 0.003743616776221292 0.0037575522574123045 0.003777937403662224 0.0038034543172897855 0.0038325831609631027 0.003864158127784931 0.003898527901005112 0.003934674348302935 0.003970631657311061 0.004004493394162469 0.004034676970270616 0.004070627955867461 0.004115798855008052 0.004171740944015815 0.004241100522539206 0.004321942798906908 0.004411961247051827 0.0045082240390380566 0.004606900488162419 0.004703167251254262 0.004791445308456959 0.004864965528816056 0.004919075827666989 0.004950062582869664 0.004955213620338169 0.0049334101247099854 0.0048859227831602 0.004816186554247281 0.0047288426432707965 0.004631329000454144 0.004530370561610203 0.004430930670962418
0.0038732102644731827 0.0038359667938975685 0.003798652086628534 0.0037629992093755897 0.003730839048225586 0.003704035797083806 0.0036843518084405434 0.003673235419598031 0.00367157334246395 0.003679502865886571 0.003696380194098095 0.003720922880840732 0.00375144937316549 0.003786111149003641 0.0038231954423005626 0.0038623758377935268 0.003902286567415652 0.003941487980627172 0.003978618877029096 0.004011879306410657 0.004043751233034031 0.0040835958974105874 0.004129994894929253 0.004187567736250548 0.00425572663136268 0.004332056813559302 0.0044136719333371065 0.004497101403400421 0.004578309149822761 0.0046523201159658495 0.004714257577681826 0.004759904232190918 0.0047857504851490625 0.00478944004670815 0.004770336585530922 0.004729860848719955 0.00467131285420321 0.004599235316404136 0.00451863239600673 0.0044343409200190195 0.004350672522496026
0.003839880826842116 0.003796705510571999 0.003753333905349169 0.003711631418860676 0.003673667182376228 0.003641679871177784 0.0036179326329647747 0.0036044074876094463 0.0036023774575706428 0.0036120438945990126 0.003632472521548491 0.003661874895296812 0.0036980417011769026 0.0037387019718844675 0.0037817210446472282 0.0038261607253248005 0.003871089108687528 0.003914800956665004 0.0039556953774824285 0.003992243589001324 0.004023188743413565 0.0040567086497585066 0.004095299921220681 0.0041408561098012515 0.004196382809230202 0.004259403792386946 0.004326983614045221 0.004395787047220216 0.004462117538762219 0.004522109460069834 0.0045720043491763954 0.004608440633993661 0.004628745224121007 0.004631255121066612 0.004615620372034159 0.004582947729222336 0.004535674167461669 0.004477194580898423 0.004411384174113958 0.00434216977682473 0.00427323781362061
0.0038075685922517684 0.003758552837200649 0.0037090092901804765 0.003660879111557772 0.0036164399963344524 0.0035783548954059353 0.0035495776948344295 0.0035329499927496664 0.0035304373727512925 0.0035423614436145955 0.003567254882042617 0.0036024785228403206 0.0036450516138878467 0.003692188464264784 0.003741480219634183 0.0037912086241219385 0.003840872139960514 0.0038889202304807436 0.0039337807793417235 0.003973954481267771 0.004007987787830289 0.004036370937188414 0.0040674472926082155 0.004101675978704827 0.004144363761357712 0.004193919054358721 0.004247638569708517 0.004302560609884975 0.004355532558604099 0.004403353973119499 0.004442976351541187 0.0044717293147475586 0.004487553756704323 0.004489226452853602 0.004476536055480004 0.0044503471294220056 0.004412508569124937 0.004365621451486255 0.004312735263975789 0.00425705515466465 0.004201718116770426
0.003777926152436446 0.003723365020983236 0.003667726767964189 0.003612921074879595 0.003561321522982442 0.003515977032552082 0.003480730754368068 0.003459846098034798 0.003456650476176983 0.0034717204415358445 0.0035024998802547563 0.0035448419156654553 0.0035946741343223136 0.003648674505870775 0.0037042611731212373 0.0037593955360169106 0.0038133384235636276 0.0038651684386711454 0.003913386505574371 0.003956554049207967 0.003993266913664445 0.004022145041266801 0.004045359217196667 0.004069360558643008 0.004099597888711623 0.00413642637379287 0.004177350481208383 0.004219738686031129 0.004260883542639581 0.004298111513152584 0.00432893192621594 0.004351207363579718 0.004363326828706849 0.004364360778961989 0.004354169517283547 0.004333433353529392 0.0043035867504559525 0.004266667039552947 0.0042251146597759495 0.004181571268296218 0.004138712879088529
0.003752607368053997 0.003693092165748501 0.003631775199958836 0.003570381830982564 0.0035111461601743674 0.003457238205287793 0.003413393288520377 0.003386173766140494 0.0033819000144826123 0.003401789082922091 0.003440724802094592 0.003491803869344608 0.0035496295503540604 0.003610568876579757 0.003672126064968102 0.0037324352334779094 0.0037901552403119703 0.0038450225871274626 0.00389584281714741 0.003941260310812642 0.003979935634992704 0.004010542605768344 0.00403177608013499 0.004046177485382656 0.004064420122889627 0.004089244888830757 0.004118348603436569 0.004149381759391894 0.00417999854011881 0.004207941162224129 0.004231151117405383 0.00424789492794894 0.0042568891866374605 0.0042574074317646045 0.004249349644189954 0.004233257292228147 0.0042102663487922805 0.004182005788728905 0.0041504628654670415 0.004117842431807927 0.00408644424188037
0.0037331666115704046 0.003669667730417836 0.0036035946077753725 0.0035363465281467842 0.0034697015663122032 0.003406330502028724 0.0033510692677059524 0.0033134364463371082 0.003307142123020816 0.0033354645503631294 0.0033860558246722535 0.0034473561254854787 0.0035132478665056413 0.0035805188255887774 0.0036471668600211978 0.003711695907603216 0.003772831109415114 0.003829809717566328 0.0038823211092928645 0.00392912986909282 0.003968963723672446 0.004000552275740351 0.004022641658803551 0.00403401640075937 0.00404095719810908 0.004054427593156152 0.004072558132503947 0.004093233251136686 0.004114397139009632 0.004134117460127952 0.004150667610688118 0.004162618245624158 0.0041689264340403105 0.004169009502198805 0.004162790819060752 0.00415070770402 0.004133678061213736 0.004113030990778332 0.004090414344994212 0.004067695987676667 0.00404687444714525
