_KRIGING/CROSS_VALIDATION_CLASSIC/Berg/IZ/train_5/Berg_IZ_5_train_z_90.asc
ncols 100
nrows 90
xllcorner 5.6208707817415728
yllcorner 50.959635321741573
cellsize 0.00013419651685393446
nodata_value 1.7014100000000001E+038
[rows 0 to 19 of 90, columns 45 to 89 of 100]
2.27595528132023 2.27965258481284 2.27835099872408 2.27246776297571 2.26261813439457 2.24955179903003 2.23408686095039 2.21704824530312 2.19921585419128 2.18128583230672 2.16384618685853 2.14736608702332 2.13219668839595 2.11858042757396 2.10666543772461 2.09652197522034 2.08815837699686 2.0815349100908 2.07657475125778 2.07317209758554 2.07119795890356 2.07050447549904 2.07092864844689 2.07229621382808 2.07442610992982 2.07713565911959 2.08024628625078 2.0835893766975 2.08701176790266 2.0903803717712 2.09358552331923 2.0965428117219 2.09919333573066 2.10150250103585 2.10345761538366 2.10506462244995 2.1063443439945 2.10732857830277 2.10805634495879 2.10857048821503 2.10891476965156 2.1091315081067 2.10925976881133 2.10933406697172 2.10938353213282
2.28541139566146 2.29209486308687 2.29272487898791 2.28773534893883 2.27780896133064 2.26380249214912 2.24666841997544 2.22738113037668 2.2068742122117 2.18599297531283 2.16546377716908 2.14587943117469 2.1276981829545 2.11125265677008 2.09676482511605 2.08436335341612 2.0741004428867 2.06596631917877 2.05990057347058 2.05580047370759 2.0535270042455 2.05290970944683 2.05375142380819 2.05583373245265 2.05892361684271 2.06278130572654 2.06716896400903 2.0718595803407 2.07664529263592 2.08134442093925 2.08580663271562 2.08991590221493 2.09359119155059 2.09678502856925 2.09948034900809 2.10168608729166 2.10343203762783 2.10476347488643 2.10573594255713 2.10641050631394 2.10684965868486 2.10711396045653 2.10725942822315 2.10733562821557 2.10738441153779
2.28963859333078 2.30025622304868 2.30361902922508 2.30016052385843 2.29062300235718 2.27597092198932 2.25729896540433 2.23574469733365 2.21241363946551 2.18832177684524 2.16435748380199 2.14126209639477 2.1196262284062 2.09989763945011 2.08239605949415 2.0673307481296 2.05481750622751 2.04489309518182 2.03752628731594 2.03262584712174 2.0300464779087 2.02959409971945 2.03103177168086 2.03408721945273 2.03846239906377 2.04384495580604 2.04992093990918 2.05638780495312 2.06296658277459 2.06941219868777 2.07552112562694 2.08113591426204 2.08614650854642 2.09048859818841 2.09413952278801 2.09711240019837 2.09944919990417 2.10121343566066 2.10248303766909 2.10334381561193 2.10388377050489 2.10418837909666 2.10433687328002 2.10439947250359 2.10443549511824
2.28738069606523 2.30297373274485 2.30995897828165 2.30874841330668 2.30013260249952 2.28518148279577 2.26513781832978 2.24131504429967 2.21500880361753 2.18742818271772 2.15964908981522 2.13258896214061 2.10699947851137 2.08347244386623 2.06245355555174 2.04425923034965 2.02909280958039 2.01705794408431 2.00816846735157 2.00235532324037 1.99947194516738 1.99929981349802 2.00155577590557 2.00590221058976 2.01196040145495 2.01932674736228 2.0275907946257 2.03635366989122 2.04524535041418 2.05393933502011 2.06216361937712 2.06970735117203 2.07642305136152 2.08222475167227 2.0870827524871 2.09101591502629 2.09408246329205 2.09637020580442 2.09798693246148 2.09905154203738 2.0996862520486 2.10001006624808 2.10013354366641 2.10015483106862 2.10015688101176
2.27764959866172 2.29930606399104 2.31084847307376 2.3126427473411 2.30551327087272 2.29063060698314 2.26938945107657 2.24329053227635 2.21383739459128 2.18245515851057 2.15043421003746 2.11889796367507 2.08879092196386 2.06088150957534 2.03577365790532 2.01392170537733 1.99564455168587 1.98113677321654 1.97047618224063 1.96362876944088 1.96045289363903 1.96070489033192 1.96404800276882 1.97006583544366 1.97828058881583 1.98817536956709 1.99921907097951 2.01089181555857 2.02270880765533 2.03424064600327 2.04512862339404 2.05509418358286 2.06394239156182 2.07155989129266 2.07790829272103 2.08301420420535 2.08695720396097 2.08985695445026 2.0918604579815 2.09313018915225 2.09383357466154 2.09413406419651 2.09418387002043 2.09411835160048 2.09405197443424
2.25987019333101 2.28866237260977 2.30568308778551 2.31122541461731 2.30613075501835 2.29166320144 2.2693712962955 2.24095304947216 2.20813690435045 2.1725869356423 2.1358357671733 2.0992443089419 2.06398404581513 2.03103562211605 2.00119693183451 1.97509466388629 1.95319490008916 1.93581045841398 1.92310475095359 1.91509359800294 1.91164745311636 1.91249675358099 1.91724267318357 1.92537459672067 1.9362944077713 1.94934644959708 1.9638510173983 1.97913863135872 1.99458219588002 2.00962445133139 2.02379877506756 2.0367422450221 2.04820078316966 2.05802700424048 2.06617200243745 2.07267266165465 2.07763617069976 2.08122330500316 2.08363176836346 2.08508055009695 2.08579591540142 2.0859993619895 2.08589767167543 2.08567506478142 2.08548741187065
2.23400417671593 2.27091254639767 2.29424781042113 2.30420269004166 2.30161754307917 2.28784130397432 2.26457659249833 2.23372714149714 2.19726210404886 2.15710677397805 2.11506377077478 2.07276372338008 2.03164065363677 1.99292502594726 1.95764688145196 1.92664240112022 1.9005592108988 1.87985820752248 1.86481209611665 1.85550273314237 1.85182046313651 1.85346881796674 1.85997728969542 1.87072361526192 1.88496543274465 1.90187961467867 1.92060634128788 1.9402942438557 1.96014281009984 1.97943866870099 1.99758323387709 2.01411030846117 2.02869341258353 2.04114364280737 2.0513996415187 2.05951170227794 2.06562215384304 2.06994400842411 2.07273951762245 2.07429985293305 2.07492670728286 2.07491626533743 2.07454574620598 2.07406258376861 2.07367625340152
2.20063150718127 2.24645971472212 2.2767816173023 2.29166319444875 2.29192578181906 2.27899372028496 2.25472261412927 2.22122874209388 2.18073613253691 2.13545213010366 2.0874760700823 2.03873999945647 1.99097606668222 1.94570272592023 1.90422136442001 1.86761611539461 1.83675195729522 1.81226908368251 1.79457431105659 1.78383243944521 1.77996164642874 1.7826370608215 1.79130572878768 1.80521452910976 1.82345059615713 1.84499187211881 1.86876388432698 1.89369796823772 1.91878602976446 1.94312751781333 1.96596539792008 1.98670934683764 2.00494587062545 2.02043635761883 2.03310504907551 2.04301946415427 2.05036595590706 2.05542287344359 2.05853337726931 2.06007942790059 2.06045795615254 2.06005980758717 2.05925177171898 2.05836185580162 2.05766790906379
2.16097014993605 2.21625760657238 2.25399353077269 2.27409389157283 2.27734457953507 2.26523609125034 2.23977500840806 2.20329527702661 2.15828779441455 2.1072604375393 2.05263369382093 1.99667069317687 1.94143563125247 1.88877186660955 1.84029047938161 1.79736150544567 1.7611028205158 1.73236499819128 1.71171365477513 1.69941319952007 1.69541713322716 1.69936995063184 1.71062443365818 1.72827601221236 1.75121337890691 1.77818216178673 1.80785660641645 1.83891318125395 1.87009991076144 1.90029599795367 1.92855771841175 1.95414835935547 1.97655182397213 1.99547114239125 2.01081432680558 2.02267068391385 2.03128086215143 2.03700365787826 2.04028207948918 2.04161053144909 2.04150437227166 2.04047261867014 2.03899425523832 2.03749845559343 2.03634897832252
2.11682014106441 2.18176023049413 2.22701899708762 2.25234419698573 2.25847284205983 2.24695341951706 2.21994093769426 2.17999029080312 2.12986845182887 2.07239891340832 2.01034403871795 1.94632392248224 1.88276506154794 1.8218692143887 1.76559241046452 1.71562581742874 1.67337340881201 1.6399252386301 1.61602875746197 1.6020632807475 1.5980239888841 1.60352155898823 1.61780186534129 1.63978754947592 1.6681402061954 1.70133904174102 1.73776963695385 1.77581522908385 1.81394283934924 1.8507775380492 1.88515990218545 1.91618392395812 1.94321488637761 1.96588869433255 1.98409559581348 1.99795203718721 2.00776458503154 2.01398953479396 2.01719119522766 2.01800108449036 2.01707956980857 2.01508094248963 2.01262258952111 2.01025878241988 2.00845958578142
2.07042669301997 2.14479922539531 2.19731244196894 2.22753441934949 2.23614405805731 2.22474148597077 2.19562728381597 2.15157849076229 2.09564386364236 2.03097304214031 1.96068571686449 1.88777913183439 1.81506646950663 1.74513555720576 1.68031702971657 1.6226531975804 1.57386262966084 1.53529988119891 1.50791389678672 1.49221157447793 1.48823427674681 1.49555456457304 1.51329831718183 1.54019417103125 1.57464852459878 1.61484089899684 1.65883180928698 1.70467388172988 1.75051689315361 1.79469860535353 1.83581541161502 1.8727694714905 1.904791720502 1.93144249715812 1.95259324681759 1.96839371277764 1.97922923635278 1.98567241004356 1.9884325845446 1.98830586050407 1.9861274033854 1.9827273370271 1.97889114473615 1.97532540159472 1.97262968578747
2.02426817004454 2.10739429411618 2.16648084827799 2.20091265890677 2.21130628822994 2.19930939361684 2.16736499506737 2.11847100340034 2.05595936714529 1.98331063810607 1.90401040296226 1.82144556748343 1.73883223132097 1.6591636207275 1.58516639388411 1.51925615922081 1.46348737457428 1.41949781486003 1.38845239019739 1.37099434193122 1.36721316159364 1.37663780594132 1.39826116761929 1.43059788100353 1.47177316451596 1.51963632689421 1.57188948213199 1.62622038107011 1.68042823905092 1.73253288745446 1.78086013271715 1.8240993555713 1.86133257798341 1.89203698808032 1.91606491425054 1.93360633516402 1.94513924303662 1.95137272914511 1.95318680365651 1.95157198163891 1.94757080240374 1.94222284954603 1.93651454717819 1.93133496886671 1.92743898584259
1.98078678990452 2.07151302768175 2.13607294564865 2.1736728944875 2.18486811752405 2.17135193636184 2.13570614423751 2.08114523502549 2.01128059117065 1.92992146729992 1.84091947140386 1.74805410952029 1.65495027105829 1.56501512940516 1.48138196436114 1.40685138454757 1.34382535759441 1.29423510143701 1.25946899928544 1.24031024069918 1.23689521725021 1.24870264223095 1.27458021369539 1.31281106529591 1.36121713551457 1.41729185623272 1.4783510037283 1.54168868791293 1.60472545832146 1.66513721788781 1.72095662245488 1.77064230432724 1.81311495478929 1.84776248119559 1.87441874175396 1.89332159793335 1.90505626824275 1.9104894447141 1.91069866692841 1.90690037290531 1.90037913633524 1.89242001978507 1.88424575841382 1.87696055562113 1.87150245769916
1.94209094054116 2.03880641652397 2.10734754895387 2.14675492837257 2.15752831543395 2.14140659986526 2.10110558807121 2.04004835935231 1.9621159269848 1.87143594922136 1.77221634863649 1.66862091935046 1.56467690356326 1.4642010125581 1.3707306088646 1.28745020587281 1.21710899201018 1.16193137280102 1.12352815797791 1.10281985782814 1.09998488231475 1.11444407725927 1.14488932534069 1.18935864612305 1.24535435525211 1.30999543567193 1.38019122463443 1.45282141347443 1.52490738905084 1.59376192544926 1.65710765774751 1.71315894518137 1.76066592957547 1.79892318834702 1.82774794598403 1.84743417475928 1.85868916389141 1.86255853875603 1.86034464636429 1.85352207735492 1.84365317854571 1.83230589935451 1.82097623028815 1.81101771335045 1.80358082122175
1.90966599826446 2.01035357385069 2.08105107044029 2.12065265825265 2.12961213367029 2.10971465642258 2.06380333895335 1.99549733905873 1.90893062886568 1.80852995830651 1.69883893941207 1.5843847993632 1.46957687738208 1.35862235381627 1.25544516360198 1.16359795844711 1.08616315377806 1.0256460213083 0.983868944801533 0.961880090324274 0.959891075837116 0.977256567132729 1.01250446585458 1.06341934408202 1.12717514576681 1.20050708943736 1.27990816424552 1.36183326170383 1.44289404124693 1.52002986638259 1.5906439956401 1.65269888674227 1.70476915213502 1.74605468662412 1.77635930585945 1.7960417114991 1.80594584067387 1.80731698626945 1.80170892825014 1.79088613517367 1.77672422336525 1.76111148100919 1.74585437351132 1.7325903805149 1.72271200474205
1.88413371429132 1.98645204294141 2.05723679788021 2.09525950353519 2.100939399344 2.07610800243733 2.02372599304002 1.94759075600859 1.85206500013465 1.7418456172025 1.62177970821521 1.4967237795285 1.37143429966591 1.25047415542294 1.13812022818939 1.03826167887995 0.954285299043477 0.888951826966237 0.844273792247456 0.821409878846109 0.820592142573396 0.841100481610253 0.881293969276275 0.938701959311239 1.01017050830565 1.09205291863591 1.18042818389574 1.27132852923668 1.36095730960602 1.44588100550819 1.52318329624854 1.59057432429553 1.6464533816813 1.6899275774986 1.72079207816889 1.73947907075356 1.74698282085669 1.74476745691555 1.7346629110148 1.71875327590153 1.69926107311649 1.67843075008255 1.65841510119824 1.64116901936661 1.62835569302906
1.86509745005459 1.96648747540329 2.03515622465716 2.06977786433528 2.07074804936301 2.03994238726597 1.98042514318843 1.89614795693237 1.79167005516263 1.67191965465764 1.5420034524063 1.40705968830615 1.27214214910426 1.14211876807652 1.02156935200075 0.9146717473778 0.825073075116431 0.755750776161359 0.708875353888269 0.685691410899472 0.686434952706655 0.7103027520557 0.755484304292355 0.819259579076018 0.898157736516543 0.988164628424781 1.08496143684082 1.184173982684 1.28161230980717 1.37348283005176 1.4565598965265 1.52830920256386 1.58696089151209 1.63153487217755 1.66182402823655 1.67834261277876 1.68224730392669 1.6752375972259 1.65944098622199 1.63728727785411 1.61137580365316 1.58433939532957 1.55870971974019 1.53678962698235 1.52053914184501
1.85110157668159 1.94890825049091 2.01324533922605 2.04271303066632 2.03769127592407 2.00009324675289 1.93306735335889 1.84068878504896 1.72767294639929 1.59913094080579 1.46037397769155 1.31676175032636 1.17358143850367 1.0359402034696 0.908655068280354 0.796129200715674 0.702211404416418 0.63004424165524 0.581913789148699 0.559119014332958 0.561880188318618 0.589303389678604 0.639412498077476 0.709252219439044 0.795057067049885 0.892473345397756 0.996815317594059 1.10333370544297 1.20747472881969 1.30511072746007 1.39272825971643 1.46756541372373 1.52769583483972 1.5720617813012 1.6004618070567 1.61350027319823 1.61250602027847 1.59942668445253 1.57670393242992 1.54713391347101 1.51371689920174 1.4795005611996 1.44742249647403 1.42015908886923 1.39998908832146
1.83971908560011 1.93131754276095 1.98921701631843 2.01196156055285 1.99991746699344 1.95502280847199 1.8804841743297 1.78046251574706 1.65978121951829 1.52367698287181 1.37760041068567 1.22706107626242 1.07750314130828 0.934193744688783 0.802107474966515 0.685795612738297 0.589236984796616 0.515676304269876 0.467463825261367 0.445915386236944 0.451213432526448 0.482367139918288 0.53724382352305 0.612675551277508 0.704635805800992 0.808472731597712 0.919179307881598 1.03167756712629 1.14109400210324 1.24300623711497 1.33364607095597 1.41005004426894 1.47015462368662 1.51283800236239 1.537913818628 1.54608364656068 1.53885517127604 1.51843207766544 1.48758053311589 1.44947636267947 1.40753702768744 1.36524345710087 1.32595845807505 1.29275039860067 1.26823251366022
1.82776379832244 1.91067916824371 1.96025603763806 1.97499114150155 1.95523075078885 1.90291738509717 1.82128252967166 1.71452802345108 1.58752987709049 1.4455855289218 1.29421162593515 1.1389869536186 0.985426254486798 0.838866647257977 0.704349452645446 0.586485728187595 0.489302209576312 0.416073692006926 0.369156144681814 0.349840339442165 0.358247418596254 0.393285346000261 0.452679097736482 0.533078928150666 0.630241661040603 0.739271342991748 0.854899149726023 0.971779057808568 1.08477575895734 1.18922425410699 1.28114567253472 1.3574099880612 1.41584229088653 1.45527416897905 1.47554498458854 1.47745928030823 1.46270651909198 1.43374846052574 1.39367843289148 1.3460562402014 1.29472287535481 1.24360069041292 1.19648694545175 1.15685117437807 1.12764887091058
