_KRIGING/CROSS_VALIDATION_CLASSIC/Berg/IZ/train_5/Berg_IZ_5_train_z_710.asc
ncols 100
nrows 90
xllcorner  5.6208707817415728
yllcorner 50.959635321741573
cellsize 0.00013419651685393446
nodata_value 1.7014100000000001E+038
[rows 19 to 37 of 90, columns 44 to 87 of 100]
-0.061281077142859 -0.0636901121468206 -0.0633000692525966 -0.0603173592199373 -0.055094076639517 -0.04810340164667 -0.0399042872460133 -0.0310987356414866 -0.0222856374434898 -0.0140153686019915 -0.00674913624387891 -0.000826503732495071 0.00355630374584531 0.00635571583931645 0.00767725077279385 0.00775966217140099 0.00694843112952909 0.00566113328633007 0.00434789553748749 0.00345055931295084 0.0033642323204322 0.0044046124733446 0.00678382190033064 0.0105965585070288 0.0158172647457631 0.0223078658488773 0.0298345895459313 0.0380915768198684 0.0467285201620795 0.0553794593166645 0.0636901031230976 0.0713415566958189 0.078069008113529 0.0836746481745326 0.0880347515310847 0.0911013578553427 0.0928993177861738 0.0935196117189153 0.0931098455414948 0.0918627323949166 0.0900032444272641 0.0877750143060416 0.0854265133921249 0.0831975373558129
-0.05036412882938 -0.0559569296001583 -0.0585953064310665 -0.0583909219736479 -0.055619570013992 -0.0507003670982898 -0.044162230178295 -0.0366009684148956 -0.0286311721006158 -0.0208374400375034 -0.0137293669438014 -0.00770418352849277 -0.00302009979319221 0.000217650345699413 0.00205723072921739 0.00268744940704073 0.00241332239309934 0.00162244389421062 0.000745430693289875 0.000214192459476903 0.000421908541950414 0.00168833435388553 0.00423342914063901 0.00816135447399151 0.0134557493713844 0.0199859872548215 0.0275230168463109 0.0357625229395801 0.0443526133692168 0.0529230885149249 0.0611135606848014 0.0685981894516578 0.0751054750358327 0.0804322810429891 0.084451926695654 0.0871167137234236 0.0884555924870019 0.0885678270601924 0.0876135268533134 0.0858018314013977 0.0833774282339774 0.0806060032524475 0.0777591984181306 0.0750996854734885
-0.0297934592243808 -0.0392165734367089 -0.0456245495366258 -0.0490052985519037 -0.0495266499154133 -0.0475214351412506 -0.0434578180804514 -0.0378980587232409 -0.0314499666408289 -0.0247158361761583 -0.0182436647658615 -0.0124850035983784 -0.00776297488410739 -0.00425292169975505 -0.00197694020007268 -0.0008122767544326 -0.000512344658280914 -0.000738015141356837 -0.00109595416335086 -0.00118019421722446 -0.000612917598806065 0.000919378065563067 0.00363756746309259 0.00765174140171139 0.0129543501479345 0.019424551080714 0.0268425096151029 0.034911476783536 0.0432848790709743 0.0515954556353231 0.0594836503593887 0.0666229394441176 0.072740438090942 0.0776318555881779 0.0811705400737532 0.0833108861909905 0.0840867272763009 0.0836054996446768 0.0820389877933459 0.0796113958385393 0.0765854065343679 0.0732468369726189 0.0698885078283894 0.0667940104129038
-2.44454282259388e-05 -0.0138588864497002 -0.0247147352983513 -0.0324299301399062 -0.0370347806359546 -0.0387449664759928 -0.0379377691820447 -0.0351144119293144 -0.0308526904205999 -0.0257548283185722 -0.020395672532406 -0.0152760130889524 -0.0107850661519538 -0.00717510951968872 -0.00455001945736895 -0.00286813069474302 -0.00195852684571546 -0.00154866400385838 -0.00130023379131773 -0.000849477329299159 0.00015215387736775 0.00200098455078401 0.00491121083691121 0.0089946653294605 0.0142516578757279 0.0205730384901027 0.0277524320038477 0.035506615096632 0.0435013603161294 0.0513798151024439 0.0587906073940253 0.0654133043259289 0.0709794863566391 0.0752884084243298 0.0782168839373201 0.0797235584301518 0.0798480926360809 0.0787059499735113 0.0764795190284335 0.0734062580266326 0.0697644901872816 0.0658574579182009 0.0619962865555458 0.0584826111569774
0.0378521540748276 0.0191319815706811 0.00326053998847231 -0.00942873825909787 -0.0188033697786182 -0.0249345363072281 -0.0280811201387139 -0.0286574556812177 -0.0271887588434149 -0.0242591912948978 -0.0204579096501227 -0.016328282551862 -0.0123248216732889 -0.00878137787962209 -0.00589291691840137 -0.00371182147104532 -0.0021582756669704 -0.00104298138570091 -9.93410155959301e-05 0.000978577024099869 0.00249640772667493 0.00472230611952235 0.00785587181156933 0.0120059967811363 0.0171793213227837 0.0232797199739047 0.030118014812753 0.0374300887832084 0.0449008692159981 0.0521913352693543 0.0589657695619589 0.0649168596213534 0.0697868510983821 0.0733836354542645 0.0755913011235464 0.0763751998091888 0.0757819324710317 0.0739348422700549 0.0710256517406263 0.0673028589881941 0.0630574769550275 0.0586067113610945 0.0542762512412765 0.0503819842829915
0.0821508822130869 0.0582157364457879 0.0369166274362306 0.0187730448191266 0.00409920082464454 -0.00700984950530594 -0.0146716697356211 -0.0191912544105585 -0.0210207910500618 -0.0207092319646811 -0.0188471711355253 -0.0160125537314532 -0.0127222547258447 -0.00939365649296961 -0.00631915024869562 -0.00365509942971832 -0.00142534997343602 0.000462030202359145 0.00218733347651701 0.00398461586531435 0.00610398486757052 0.00877494941228844 0.0121746583057204 0.0164040823334569 0.0214741091609326 0.0273022711185782 0.0337195877595671 0.0404859438257004 0.0473116682449446 0.0538826021934284 0.0598859480956117 0.065034518419059 0.0690875496851816 0.0718668891980787 0.0732679815886094 0.0732655899021867 0.0719145345480787 0.0693459213122943 0.0657593931583447 0.0614119388228987 0.0566037873011276 0.0516619602941802 0.0469221668551112 0.0427098961669598
0.130684938659017 0.101383519833263 0.0744390093789946 0.0505633705387014 0.0302633909650122 0.0138146703884196 0.00125751164094419 -0.00758630357140469 -0.0130789633147788 -0.0157189451861061 -0.0160857512457027 -0.0147828610770791 -0.0123843909661306 -0.00939015884269523 -0.00619270858292951 -0.00305846368025108 -0.000123681511108337 0.00259560837907254 0.00518184558692883 0.00778560253648666 0.0105906135303325 0.0137783564758933 0.0174961377404581 0.0218319500102266 0.0267983487766826 0.0323263746952686 0.0382693113940563 0.0444149811918168 0.0505044798455574 0.0562548143075585 0.0613828460999634 0.0656282059677044 0.0687733349944187 0.0706594031363581 0.0711974421381499 0.0703745169333366 0.0682550999949747 0.0649780035002321 0.0607492991640137 0.0558316725240251 0.0505306786627307 0.0451784371778771 0.0401154460066891 0.0356713945029989
0.180905989604259 0.146288892614651 0.113704282551179 0.0840536694048049 0.0580378958483646 0.0361185942836834 0.0185027083138359 0.00514989878469579 -0.00419968186162216 -0.00998157339527689 -0.012752643511098 -0.0131321707873357 -0.0117442531917695 -0.00916677475178194 -0.00589110043607224 -0.00229531146981533 0.00136773183674006 0.0049677704766318 0.00848169144868594 0.0119681623089603 0.0155361168633387 0.0193112320552604 0.0234044222092119 0.0278857989561433 0.032766596979088 0.0379903930328368 0.0434337226938872 0.0489150981562581 0.0542105912547091 0.0590736539776521 0.0632567233101557 0.0665323546013189 0.0687120564301996 0.0696615448334299 0.0693116826261923 0.0676648321809118 0.0647966787788414 0.0608537715138401 0.0560471119506018 0.0506421523451944 0.0449456045137163 0.0392895530085549 0.0340135309582137 0.0294454402770547
0.230078951283822 0.190411273883165 0.152430623116555 0.11721532149782 0.0856517114877448 0.0583833121227358 0.0357838159036512 0.0179546310433353 0.0047451195871565 -0.00420838371204661 -0.00943011764268169 -0.0115450996173254 -0.0112181757381205 -0.00909761621644126 -0.00576799797486549 -0.00171580593542556 0.00269034582654519 0.0072045804746298 0.011694957277237 0.0161235653506413 0.0205190383423468 0.0249455266629388 0.0294721752660575 0.0341466867366518 0.0389756877762223 0.0439135029209471 0.0488597444980319 0.0536650254228672 0.058143235307615 0.0620882817147691 0.0652930140049395 0.0675681812482727 0.0687596439390778 0.0687625520810061 0.0675317099689358 0.0650877837279583 0.0615193220349859 0.0569807463770874 0.0516865542340384 0.0459020190634237 0.0399307220396887 0.0340993563128494 0.0287404230995416 0.0241736762644084
0.275476181519219 0.231237100849004 0.188343981414903 0.148029633469329 0.111347336600769 0.0791085696138722 0.051844924295406 0.0297957935638424 0.0129206910217724 0.000932768989092753 -0.00665157139123645 -0.0104530685963217 -0.0111663805869867 -0.00949933201457998 -0.00611986564468218 -0.00161469193023522 0.00353788259140682 0.00898010402718603 0.0144726560417577 0.0198804516714863 0.0251495794440294 0.030279283621029 0.0352929906428539 0.0402120363074065 0.0450349791135722 0.0497243393225392 0.0542014490432411 0.0583490083300922 0.0620200620061988 0.0650515378359792 0.0672802523462413 0.0685593678534734 0.0687735962857766 0.0678518884591064 0.0657768158000415 0.0625902596141143 0.0583953208428572 0.0533545415352996 0.047684614585358 0.0416478002024959 0.0355403211744215 0.0296781174415288 0.0243805218867472 0.0199526603683518
0.314573197232011 0.26644188353975 0.219344425402764 0.174637114363584 0.133512342841422 0.0969263948411894 0.06555130301541 0.0397532018313512 0.0195967436488599 0.00487267409938121 -0.00485621858098453 -0.0101967631510727 -0.011861157697967 -0.0106031503873909 -0.00716027433227176 -0.00220660381696441 0.00368097469538009 0.0100416226022042 0.0165348285744527 0.0229318765896817 0.0290974398092535 0.0349649748032905 0.040509832596432 0.0457237513350968 0.0505937202223205 0.055087233662031 0.0591448518422409 0.0626799193064519 0.0655844132084832 0.0677392975719748 0.0690274883130112 0.0693475648511574 0.0686266280562002 0.0668311032336271 0.063974718974823 0.0601232740308189 0.0553960841736839 0.0499641676889392 0.0440453053153148 0.0378961449503883 0.0318015666795061 0.0260616226019347 0.020976537704853 0.0168304915728417
0.345227829005142 0.29405623892738 0.243657095231394 0.195472030356711 0.150796884325965 0.1107015849756 0.0759735075201073 0.0470874920697981 0.0242027626368547 0.00718439480837606 -0.00435506416261537 -0.0109995948063306 -0.0134657738700909 -0.0125373729875506 -0.00900437114453484 -0.00361120403750505 0.00298233943361541 0.0102257782400857 0.0176880146983223 0.0250542013905577 0.0321120080932057 0.0387307159971507 0.0448369007137644 0.0503903092469766 0.0553629516113149 0.059723535720617 0.0634283321579966 0.0664185297280698 0.0686232790421016 0.0699670212798721 0.070379406341321 0.0698061035565574 0.0682190354882045 0.0656249288030217 0.0620714775621459 0.0576507710884838 0.0524998993779299 0.0467987999827787 0.0407654721929598 0.0346487016174975 0.0287184632299637 0.0232542471563967 0.0185317004364737 0.014808192034231
0.365826654187444 0.312600908957226 0.259954130762468 0.20937009146021 0.162206561310079 0.119609737893461 0.082451111381265 0.0512905643561396 0.0263665595844591 0.0076116092628931 -0.00531092969655482 -0.0129541983557458 -0.0160256027478218 -0.0153214460356553 -0.0116644181295427 -0.00584898195516953 0.00140163670553238 0.00946471229139098 0.017833021819119 0.0261165987949049 0.0340335135585061 0.0413928263838169 0.0480732632120392 0.0540010873130543 0.0591301386499069 0.0634261994676035 0.0668568704288458 0.0693871675235366 0.0709802189104979 0.0716018542289785 0.0712275829027858 0.069850441659989 0.0674883966016744 0.0641903240811304 0.0600399725496524 0.0551576431960179 0.0496995685446592 0.0438550992752576 0.0378418486693997 0.0318989338580296 0.0262784453904123 0.0212353167602856 0.0170158783991149 0.0138455634211263
0.375386325150863 0.321179399825613 0.267437390852703 0.215640381981342 0.167163101594763 0.123186650143633 0.0846312000560837 0.0521139256608777 0.0259335304251839 0.00608008237292064 -0.00773332336172491 -0.0160221445563694 -0.0194712119499793 -0.0188710596610596 -0.0150557077309505 -0.00884699765811042 -0.00100934692799595 0.00778269722066797 0.0169632997721774 0.0260812667525201 0.034795010244307 0.0428593906356247 0.0501077229699419 0.0564322176013142 0.0617656953028693 0.0660666795099312 0.0693090668656698 0.071476666201531 0.0725621138317617 0.0725691189014379 0.0715167131706089 0.069444166752706 0.0664154303789618 0.0625222918572996 0.0578857973788323 0.052655807077371 0.0470087760608523 0.041143959355926 0.0352782481460234 0.029639796756049 0.024460547521722 0.0199677518255409 0.0163746498434805 0.0138706120615229
0.373602470168617 0.319521681880239 0.26587627396141 0.214096790399978 0.165529101475218 0.121346312247747 0.0824798135923958 0.0495740112856833 0.0229664958574506 0.00269283070682924 -0.0114870334799665 -0.0200453216516416 -0.0236315668557765 -0.0230122658874043 -0.0190107887512412 -0.012452544184841 -0.00411927925663022 0.00528499340249616 0.0151554366043236 0.0249956246307072 0.0344162185277178 0.0431256024329582 0.0509154611495814 0.0576442996247185 0.0632215317928691 0.0675940986717099 0.0707367492363826 0.0726462793346679 0.0733393057218589 0.072852649379616 0.0712451596751222 0.0685998209270677 0.0650251930622881 0.0606555668931971 0.0556495719262717 0.0501872812023298 0.0444660602894275 0.0386954872356657 0.0330916420368212 0.0278709690636713 0.0232438078693523 0.01940761837589 0.0165399309904225 0.0147911408668647
0.360844466070918 0.307977667445691 0.255599819938439 0.205048613602765 0.157597013538441 0.114368200899143 0.0762675318376677 0.043936136486233 0.0177281828949369 -0.00228861821619281 -0.0163117746144334 -0.0247661231229248 -0.0282543755324113 -0.0275016025039803 -0.0232990221510019 -0.0164518400597289 -0.00773488292720094 0.00214149522184381 0.0125541307943774 0.0229786213480411 0.0329911196187755 0.0422625503059899 0.0505478896626022 0.0576731810712833 0.0635226266589755 0.0680274889328124 0.0711577851562203 0.0729169991096984 0.0733393941415969 0.0724890771025502 0.0704597761354306 0.0673743471997389 0.0633832624098176 0.0586616775355881 0.0534050372963011 0.0478234765477399 0.0421354596288056 0.036561149241341 0.0313159247307614 0.0266043191543365 0.0226144714157544 0.0195130501187795 0.0174405415877414 0.016506823628805
0.338099802097987 0.287464218705818 0.237446855858397 0.189254096536532 0.144046134547893 0.102857611060702 0.066532933480714 0.0356807953718082 0.010650045226063 -0.0084732024820687 -0.0218492564227766 -0.0298528667968094 -0.0330300720350445 -0.0320488103689615 -0.0276481626707471 -0.0205905735690773 -0.0116205173866263 -0.00143194857537464 0.00935436183495816 0.0202037070808222 0.0306716794150328 0.0404016440676819 0.049117731089866 0.0566156450461226 0.0627532814740102 0.0674425840211132 0.0706433973289462 0.0723593974042705 0.072635628491713 0.0715568246112818 0.0692455804418085 0.0658595474669275 0.0615871134983432 0.0566413963933333 0.0512527572069562 0.0456603355211174 0.040103276645603 0.0348123368057618 0.0300024330075576 0.0258664920953335 0.0225707082134705 0.0202511009221627 0.0190111267350077 0.0189200609975562
0.306876301595028 0.25937360590013 0.212681677664831 0.167843917329443 0.125874095170576 0.08768501811628 0.0540294233168302 0.025457336198841 0.00229202687764711 -0.0153753116966231 -0.0276737778765424 -0.034926828855017 -0.0376160574623554 -0.0363389589803015 -0.0317649419357474 -0.0245934069214414 -0.0155169609596593 -0.00519185384159879 0.00578336061346649 0.0168809895639656 0.0276501423069396 0.0377170381333594 0.0467815911324465 0.0546121685130682 0.0610401118749073 0.0659550948788762 0.0693017789771167 0.0710776414192262 0.0713313918843926 0.0701611379108886 0.0677114328290755 0.0641685251984949 0.0597534688363392 0.0547131653539679 0.0493098073011713 0.0438094907456655 0.0384709177751413 0.0335350923178677 0.0292167425313944 0.0256979251732543 0.0231239454840064 0.0216014275882701 0.0211981519533974 0.0219441726170614
0.269073663554513 0.225454204017131 0.182885253327191 0.142223716555587 0.104311021371789 0.0699117084944182 0.039661766363882 0.0140305114522664 -0.00670199199547802 -0.0224517081911547 -0.0333228351843024 -0.0395878395816544 -0.0416585037121303 -0.0400515505659946 -0.0353524063949166 -0.0281803071174767 -0.0191573173694417 -0.00888299895729862 0.00208445331304094 0.013240678448588 0.0241420335695863 0.0344082217753777 0.0437222140005141 0.0518289462864852 0.0585339532831162 0.0637026086566892 0.0672600902095866 0.0691916831673171 0.0695426743569894 0.0684169350151039 0.0659733600351614 0.0624196018644571 0.058002946325261 0.0529986404641445 0.0476964082529162 0.042386199198382 0.0373443541300153 0.0328213226724883 0.0290318455170034 0.0261481698980896 0.0242964668811846 0.0235562378579867 0.0239621993973839 0.0255079632078568
