_KRIGING/CROSS_VALIDATION_CLASSIC/Berg/IZ/train_5/Berg_IZ_5_train_z_0.asc
ncols 100
nrows 90
xllcorner  5.6208707817415728
yllcorner 50.959635321741573
cellsize 0.00013419651685393446
nodata_value 1.7014100000000001E+038
[rows 60 to 79 of 90, columns 0 to 43 of 100]
0.302719644809117 0.303596618892629 0.306485854467243 0.311288617098736 0.317832608539384 0.325887240847601 0.335182166278412 0.345426897390715 0.356329356682105 0.367611489566268 0.37902060280711 0.390335763410149 0.401369304137763 0.411964125996027 0.421987977703004 0.431326169911994 0.439874227140962 0.447531808962355 0.454198890960477 0.459774752907114 0.464159852328782 0.467260237295011 0.468993828370402 0.469297708625243 0.468135508580759 0.465504041801953 0.461438500175282 0.456015710464977 0.449355141949839 0.441617506562549 0.433000893765735 0.423734438423609 0.414069554598492 0.404268815094994 0.394592649345806 0.385284194117524 0.376552866992444 0.368557523204111 0.361390361988986 0.355063013532114 0.349496400816653 0.344515977441117 0.339853754868994 0.335158137438854
0.322465920904727 0.322983775872414 0.325156247830127 0.328901957340017 0.334078558344754 0.340495323988751 0.347928442140084 0.356137250334181 0.364879646256666 0.373925151046848 0.383064531485409 0.392115429934961 0.400924021348151 0.409363230488263 0.417328430972389 0.42473176718461 0.431496276508228 0.437550857545848 0.442826868410683 0.447256801097222 0.450775121571495 0.453321043861422 0.454842760492597 0.455302503606118 0.454681764073289 0.4529860355723 0.450248550295203 0.446532600835164 0.441932169328489 0.436570689496944 0.430597842386936 0.424184338865189 0.417514689132354 0.410778025095216 0.404157147083747 0.397816124754179 0.391886991264993 0.386456311454165 0.381552645275767 0.37713612380624 0.373091461034905 0.369225700718335 0.365271817418243 0.360898946473096
0.340092081156672 0.340268387207298 0.341781052191576 0.344566786546433 0.348513086697295 0.353468308528661 0.359253907298467 0.36567742989878 0.37254485853526 0.379671104089306 0.386887792740443 0.394047920591875 0.401027398792378 0.407723909821586 0.414053791675645 0.419947828922019 0.425346849965541 0.430197922657646 0.43445173724079 0.438061508386094 0.44098346081432 0.443178724657312 0.444616285632446 0.445276525856788 0.445154854227356 0.444264949365591 0.442641204060522 0.440340046329127 0.437439899746639 0.434039622583824 0.430255328665534 0.42621554885757 0.422054753245735 0.417905335010693 0.413888269287542 0.410102807789105 0.406615745852914 0.403450984817619 0.400580282132933 0.39791620243662 0.395308323737543 0.392543688680382 0.389352306931022 0.385418209319726
0.355411349202653 0.355258231408354 0.356163049787036 0.358080591977649 0.360927149460923 0.364588291941086 0.368928285768571 0.373800058296965 0.379054633929471 0.384549134724263 0.390152714751099 0.395750133810331 0.401243017881939 0.406549150057249 0.41160034815054 0.41633959235736 0.420718065648972 0.424692675312763 0.428224462672838 0.431278112283617 0.433822574516696 0.435832643902112 0.437291208396801 0.438191810117756 0.438541134363676 0.438361061804655 0.437689965258736 0.436582993822548 0.435111152541233 0.433359049713167 0.431421246591035 0.429397210769627 0.427384952466556 0.425473518887923 0.423734638509105 0.422213940477787 0.420922313216641 0.419828093089135 0.418850867454744 0.417857715351886 0.416662675975049 0.415030119399985 0.412682493356147 0.40931264038004
0.368371287258745 0.367896497753406 0.368240002594202 0.369374137958835 0.371242330666383 0.373764805263933 0.376845445402026 0.380378987829156 0.384257764765748 0.388377353997659 0.392640716258135 0.396960656380708 0.401260695676424 0.405474650396507 0.409545348395387 0.413422970980925 0.417063481886814 0.420427515050849 0.423479960135659 0.426190335073876 0.428533892035374 0.430493285236119 0.432060546554061 0.433239070900286 0.434045304247419 0.434509845673785 0.434677712043071 0.434607562617384 0.434369736673989 0.434043019413798 0.433710122494945 0.433451949086222 0.433340812052473 0.433432886991543 0.433760303502243 0.434323396955986 0.435083743493872 0.435958665458401 0.436817906997642 0.437483129021536 0.437730755203852 0.437298520550719 0.435895842478573 0.433217867179798
0.379033042585032 0.378241325679857 0.378064791670209 0.378492467898819 0.379492908257014 0.381018068168973 0.383007883447647 0.385394970228362 0.388108916239686 0.39107976100932 0.394240438064239 0.397528143130048 0.40088476613872 0.404256654898608 0.407594048239313 0.410850522103918 0.413982740585653 0.416950710955006 0.419718627331362 0.422256271873876 0.424540841636355 0.426558994114971 0.428308859091693 0.42980174714915 0.431063291139807 0.432133779776382 0.433067477404813 0.433930768692532 0.434799022339563 0.43575213729381 0.436868822169957 0.438219765615818 0.439859980000934 0.441820734942998 0.444101626660315 0.446663435083163 0.44942248255188 0.452247207694699 0.454957594317655 0.45732794643207 0.459093286771569 0.459959397280151 0.45961624250201 0.457754248181592
0.387547187558548 0.386441891601285 0.385782094688007 0.385572467698237 0.385804530197113 0.386458920838716 0.38750796339572 0.388918149865371 0.390652232171723 0.392670731208974 0.394932812455845 0.397396614206891 0.400019223116498 0.402756554803563 0.405563407182994 0.408393913854231 0.411202545892182 0.413945709736059 0.416583884858823 0.419084153343494 0.421422905030763 0.423588460886744 0.425583342283656 0.427425919762955 0.429151195102497 0.430810500063911 0.432469932267422 0.434207395424196 0.436108173090365 0.438259048817287 0.440741095945632 0.443621397364423 0.446944112076324 0.450721465834382 0.454925384627144 0.459480585478933 0.464259962840037 0.469083041374964 0.47371809983368 0.477888314025254 0.481281943757352 0.483566235833839 0.484404376202196 0.483474540758209
0.394128754171606 0.392713610139876 0.391604097708413 0.390819384431637 0.390371769645352 0.390267563076435 0.390507893239299 0.391089240136111 0.392003574693558 0.39323809951414 0.394774699342641 0.396589302532229 0.398651408754492 0.400924043425304 0.403364355803376 0.405924994643662 0.408556288466562 0.41120914555255 0.413838489010562 0.416406967319808 0.418888636587714 0.421272296604574 0.423564172604604 0.425789660038463 0.427993882977045 0.430240853917135 0.432611064830299 0.435197392492742 0.438099274983582 0.441415220337038 0.445233848331456 0.449623840159203 0.454623365716835 0.460229751089963 0.466390307453797 0.472995331345623 0.47987427262526 0.486795928923776 0.493473260125104 0.49957304110772 0.5047301245333 0.508565623115035 0.510707904894601 0.510814983578703
0.399033526321218 0.397314480150876 0.395787207685616 0.39448417663943 0.393436325464862 0.392672744735172 0.392219963618535 0.392100781463983 0.392332690596516 0.39292604748266 0.39388224350658 0.395192184212893 0.396835394180823 0.39878002017693 0.400983914318607 0.403396856459068 0.405963840665398 0.408629224966816 0.411341443416875 0.414057915177657 0.416749759013446 0.419405928174229 0.422036410217996 0.424674177701367 0.427375620246995 0.430219233197751 0.433302386720404 0.436736061843492 0.440637529910646 0.445121081670127 0.450287087925077 0.456209890784332 0.462925264912472 0.470418419988404 0.478613696854086 0.487367195125851 0.496463519542657 0.505617621653945 0.514482341866069 0.522661751805534 0.529729813135842 0.535253281491044 0.538817276466901 0.540051587181115
0.402537015389271 0.400523975223811 0.398611117458004 0.396842981025214 0.39526707120128 0.393932519501909 0.392888063257075 0.392179406296237 0.391846146234544 0.39191856685098 0.392414674009661 0.393337883198667 0.394675737200637 0.396399945304895 0.398467902742435 0.400825690438344 0.403412394235907 0.406165441871166 0.409026552092959 0.411947831902275 0.414897544087423 0.417865089336293 0.420864791919135 0.423938131774455 0.427154119472571 0.430607562020178 0.434415023386975 0.438708357763031 0.443625803097268 0.44930078246049 0.455848777854631 0.463352908020074 0.471849134341339 0.48131229629982 0.491644387294738 0.502666566941099 0.514116319081117 0.525650877733682 0.536857558152758 0.547270984560269 0.556396471417163 0.563738087874123 0.568829321719739 0.571263856893439
0.404916916902261 0.402625263368617 0.40036098241604 0.398179418363991 0.396142630294463 0.394317188837298 0.39277104466097 0.39156963055801 0.390771500361708 0.390423924962778 0.390558935985436 0.391190315366367 0.392311968373715 0.393897994341102 0.395904600145939 0.398273810366115 0.400938742017811 0.403830055181741 0.406883080868342 0.410045071315602 0.413282012222154 0.416584469424657 0.419971998097636 0.423495705303556 0.427238616911473 0.431313556883291 0.435858310130625 0.441027927151705 0.446984160456705 0.453882217020029 0.46185527455519 0.470997532102193 0.481346916504499 0.492868895355577 0.505443089554737 0.518854467072826 0.532790776718032 0.546847514432864 0.560541109677023 0.573330223635058 0.584644153439431 0.593916456784809 0.600621180404334 0.60430861346441
0.406439311144778 0.403891022341422 0.401312975641162 0.398770002666341 0.396336736012404 0.394094686577865 0.392128180633523 0.390519400682237 0.389342931599205 0.388660335838542 0.388515345514536 0.388930249920403 0.38990397105863 0.391412166232498 0.393409496146517 0.395833977183436 0.398613127516183 0.401671444685161 0.404938634830736 0.408357957092597 0.411894045391682 0.415539609585463 0.419320480347944 0.423298530213469 0.42757206721757 0.432273358357699 0.43756301010962 0.443621033915234 0.450634580678397 0.458782560034853 0.468217674499039 0.479046782115502 0.491310916291621 0.504966677372007 0.519870990620165 0.535771319678001 0.552303266349827 0.568997039865067 0.585293548843217 0.600569915568901 0.61417314238044 0.625459617460281 0.633837289372833 0.638806809665488
0.407348475776771 0.404572740541377 0.40172313776952 0.3988725995739 0.396106353857575 0.393518414199274 0.391206752605441 0.389267465215116 0.387788412863517 0.386842946414076 0.386484387009867 0.386741909359579 0.387618370094605 0.389090444980621 0.391111211966888 0.393615072752694 0.396524676281466 0.399759321163215 0.403244188490958 0.406919697258894 0.410750274554278 0.414731875488361 0.418897653102542 0.423321248345237 0.428117235125444 0.433438318098645 0.439468956802815 0.446415204395181 0.454490731067057 0.463899273824106 0.4748141226391 0.487355701120494 0.50156878288952 0.51740133152491 0.534687272901036 0.553135611355893 0.572328108274199 0.591727211559997 0.610695066737413 0.62852332445119 0.644472211262132 0.657816119005346 0.66789197679414 0.6741460669147
0.407859936107305 0.40489316830144 0.401819235593241 0.398717705257632 0.395682400477266 0.392817425988958 0.390231734365589 0.388032594626656 0.386318508875563 0.385172256116586 0.384654800570889 0.384800770413343 0.385616091362959 0.38707816188245 0.389138708986232 0.391729199359926 0.394768434266117 0.39817175766413 0.401861173434497 0.405775604329795 0.409880523857727 0.414176234706275 0.418704131816232 0.423550356340325 0.42884630962702 0.43476555877568 0.44151674606736 0.449332242951111 0.458452497429811 0.469106336490444 0.481487909325707 0.495731471939045 0.51188576699349 0.529890262393869 0.54955587591501 0.570552925679522 0.592408820039384 0.614517388562624 0.636160770331853 0.656543496826642 0.674836979454564 0.690231229229353 0.701989509388894 0.709500943509664
0.408156272555657 0.405041491902564 0.401795267834099 0.398502261133727 0.395262858710318 0.392188851557981 0.389397545562759 0.387004705345297 0.385116924889422 0.38382415675575 0.383193188829315 0.383262819645084 0.384041350721202 0.385506802385038 0.387609996223879 0.390280367886542 0.393434114596521 0.396984072405004 0.400850577376374 0.404972496737084 0.409317611035914 0.413891567316249 0.418744683584215 0.423975947930703 0.429733613700463 0.436211852127255 0.443643008036701 0.45228514564726 0.462404805799951 0.474255249995458 0.488050946616533 0.503939636332032 0.521973937191737 0.542085022636112 0.56406131277214 0.587535242669535 0.611980913616357 0.636724742406887 0.660970114024205 0.683835605240487 0.704404744213592 0.721783721141347 0.735162205006918 0.743871668103443
0.408385200445958 0.40517080598053 0.401808268721493 0.398385741657027 0.395008120677377 0.391792485948246 0.388861902560229 0.386338007073731 0.384333006716299 0.382941859292563 0.382235458535427 0.382255607605887 0.383012423675389 0.384484595346894 0.386622641169309 0.389355028147898 0.392596740891944 0.39625967527282 0.400264083549319 0.40455022446954 0.409089361558983 0.413893285626611 0.419021590485614 0.424585985843885 0.430750981840522 0.437730335278771 0.445778733699478 0.455178346764558 0.466220133757333 0.479180189959418 0.494291948776113 0.511715702642496 0.531507597059605 0.553590885738463 0.577732684004256 0.603529592284522 0.630405274677857 0.65762231277876 0.68430942846129 0.709503581831555 0.732204682856895 0.751438947000025 0.766325538869038 0.776140322780258
0.408659492813492 0.405397515882345 0.401977115586454 0.398488307143792 0.395038444166656 0.391747529280822 0.388741844122288 0.386146340591042 0.384076438737299 0.382630019515986 0.381880456962151 0.38187149021422 0.382614592557942 0.384089269138258 0.386246436793055 0.389014745483979 0.392309428163288 0.396043044924322 0.400137335916628 0.404535318812718 0.409212749686497 0.41418809061348 0.419530170273962 0.42536276802882 0.431865392625595 0.439269575928982 0.447850088491706 0.457910647405314 0.469763969220824 0.483706451767018 0.499988353118157 0.518781041999145 0.540143647993831 0.563992129882613 0.590074268629678 0.617954237153874 0.647010086514998 0.676446656884506 0.70532508997426 0.732608397090584 0.757220620085404 0.778115271385604 0.794347238647269 0.805141449118901
0.409058393085056 0.405802370293179 0.402383106042721 0.398890861915326 0.395433443761228 0.392131481394485 0.389112020317342 0.386500872299857 0.384414375170513 0.382951354670777 0.382186137023719 0.382163416327983 0.382895637540759 0.384363330605949 0.386518553736173 0.389291310566533 0.392598533514676 0.396355003890599 0.400485425413168 0.404936784268037 0.409690104421562 0.414770721240766 0.420256227300716 0.426281275547657 0.433038453971093 0.440774487236315 0.449781105902326 0.460380095777792 0.472902342402815 0.487661149477242 0.504920738977229 0.524861599524594 0.54754515878674 0.572880995021193 0.600600325328204 0.6302396637461 0.661138208261749 0.692451628023041 0.723183500646876 0.752233811871673 0.778461885670515 0.800759139946643 0.818125464701353 0.829742073112404
0.409630231641108 0.40643287717048 0.403072105815095 0.399636874110976 0.39623353333974 0.392981170700323 0.390005285832822 0.387430245062255 0.38537115600575 0.383925945310631 0.383168477198853 0.383143506950245 0.383864123080415 0.385312111426257 0.387441402514367 0.390184476107843 0.393461329242586 0.397190394942615 0.401300644511949 0.405744018688405 0.410507300613261 0.415622546599653 0.421175207844494 0.427309093104569 0.434227338317102 0.442188581276337 0.451497621905932 0.46249002657802 0.475510453695892 0.490884968727359 0.508888282603864 0.529707649669969 0.553406015706838 0.579887786124356 0.608871134766619 0.639870937717422 0.672196065688743 0.704963836361244 0.737132936073032 0.767554192057476 0.795036432307172 0.818422601407628 0.836669625819677 0.848924531626521
0.41039600173748 0.407306877914719 0.40405806745785 0.400735787588814 0.397443184071252 0.394295817007479 0.391415533268068 0.388923155077252 0.386930608193429 0.385533248901411 0.384803202565232 0.384784485092986 0.385490543954331 0.386904643426786 0.388983257245063 0.391662354897953 0.394866209304511 0.398518140500153 0.40255245744482 0.406926769359317 0.411633797772323 0.416711811575098 0.422252810018285 0.428407580230794 0.435386758067334 0.443457043260749 0.452931798189116 0.464155440904969 0.477481373726177 0.493243699968666 0.511723674641339 0.533112669383629 0.5574743193611 0.584709328658501 0.614526981268861 0.646427574989398 0.679699633374546 0.713434788119496 0.746561683743108 0.777898266114579 0.806219603800818 0.830336257090166 0.849176482457882 0.861864539868847
