_RESULTS/CROSS_VALIDATION_POSTPROCESSED_CLR/Berg/IZ/4comp/2/Berg_IZ_z_250_kriged_reverse_4comp_spherical_2.asc
ncols 100
nrows 90
xllcorner 5.6208707817415728
yllcorner 50.959635321741573
cellsize 0.00013419651685393446
nodata_value 1.7014100000000001E+038
[rows 19 to 37 of 90, columns 44 to 87 of 100]
2.8463614119872616 2.9318121871020235 3.061030890656086 3.230889956469788 3.433409925618852 3.6606033071136106 3.905242439052628 4.160538576578178 4.419936181797039 4.676970378866109 4.925172204284962 5.159336783522754 5.374265150244078 5.563866802778965 5.720316553860716 5.840125975746621 5.926883474445033 5.977630725418107 5.996270021136677 5.9788421453126555 5.918614136428651 5.815055502012167 5.677827731845506 5.520334365939442 5.3535617857034214 5.185306705845688 5.021210666642799 4.865635421979966 4.722176266780726 4.593947261114616 4.483744259452036 4.394142955707288 4.327561016532262 4.277005894730699 4.233726222691056 4.198363252856887 4.171545886394823 4.153892029465359 4.146011498079051 4.1456377888942155 4.1456377888942155 4.1456377888942155 4.150231339398923 4.165071590093634
2.899524204381986 2.989970107494237 3.12359619539252 3.298234785937076 3.5073122459457604 3.7427667165920195 3.9971823750006306 4.263539920726713 4.535007257044075 4.804763489408013 5.065855655311631 5.308592080136201 5.524641552888104 5.710455453576281 5.858529518414992 5.97152611431692 6.0459584089345 6.0797722571349295 6.078250924077857 6.040005163614121 5.963880233821874 5.852324271220866 5.712326338338416 5.553265139159283 5.3841351501938455 5.212340914906563 5.043721016587237 4.882937850182879 4.733842138473603 4.5997338917088335 4.483535807650047 4.387907033299451 4.315318608315002 4.26537097635836 4.2246878618044015 4.191722809552471 4.167138165596766 4.151578346023603 4.145674406907248 4.1456377888942155 4.1456377888942155 4.149056220110477 4.164034876154161 4.190217951677021
2.940695727676949 3.0407291185479615 3.1823934045765956 3.3633225506632916 3.5795101574615455 3.8231551246948863 4.086909259634374 4.363721914026183 4.646652797152825 4.928673107247331 5.202466331170198 5.455892382969252 5.672584368092581 5.852811957684803 5.998344459720816 6.104770928779947 6.166643258286532 6.184240339421443 6.163620090681211 6.105857617300133 6.01330104915568 5.890263001338793 5.743088728780595 5.579286453803852 5.406304582471944 5.230748776987786 5.058176437083139 4.893212521803191 4.7397562189123645 4.6011727683085475 4.480442322289916 4.380267796908589 4.303151086008548 4.251269489227484 4.213814485341158 4.183849731332532 4.1620732876420945 4.149158537249113 4.1456377888942155 4.1456377888942155 4.147152852094495 4.162657261927469 4.193079070957376 4.23564736135003
2.9689790232380178 3.08172562400547 3.2345326031754578 3.4233393526745206 3.6472228679547687 3.899039830121273 4.17170847115215 4.45846160150118 4.752577522586606 5.0468897667456 5.332099538987424 5.592158737979417 5.813440958125684 5.995867031154456 6.141951755484243 6.242811535791059 6.29195155188984 6.293277564150457 6.252568158402861 6.174242355722026 6.063701199652149 5.926651455788725 5.769421183257443 5.598569572765371 5.420428273726039 5.240754877966997 5.064590221037042 4.896284446860115 4.739604272839658 4.597856932478005 4.4740004488507354 4.370731558113992 4.290552266637108 4.235819047389309 4.201719953488511 4.175284238519365 4.15683105055987 4.147062323157561 4.1456377888942155 4.147783291974791 4.1632214624644615 4.196091926764534 4.243533020191839 4.302664661816359
2.9850559240768986 3.112333093889693 3.2780793665017196 3.476744929926923 3.708589660476593 3.9686095598963367 4.2502795338638535 4.546801910893632 4.850284757064472 5.152943131491377 5.445597001324985 5.712266125483944 5.946259375030758 6.1393101502344525 6.289498592566411 6.387203843641751 6.4247671746745905 6.4085420470637935 6.345458248995305 6.24410295865796 6.112911883161809 5.95932359042164 5.78992954826129 5.610325702593984 5.425952923953043 5.241967963207107 5.062693902680273 4.891913987595926 4.7331384017036475 4.589520345898947 4.463927363788343 4.359003707737225 4.277221164303686 4.2206349112816675 4.1872710959071195 4.1627961083058915 4.146414282726792 4.139593260826947 4.1447583203134375 4.159933043527079 4.194715205787715 4.246816178880036 4.312394501551528 4.388223579885719
2.9900883228597768 3.132965912650555 3.3126634205644008 3.5232815768409176 3.7634498127984224 4.030922270756447 4.318919202034361 4.620729499504031 4.929595377516686 5.238523090057156 5.537124980129615 5.816478964094639 6.067921677021348 6.278515394156143 6.439491260148359 6.540051324144518 6.56952053674382 6.5331431169724485 6.443780521360806 6.316495874782991 6.162925139431013 5.991338521269144 5.808020310328589 5.618291218819315 5.426763785670467 5.237225597550372 5.053747321721306 4.880195238275071 4.720171613820833 4.57602608605896 4.449821921335817 4.340951120132076 4.2523068854582045 4.187781747736074 4.149744348784304 4.12467545493567 4.10987787190815 4.112451118372859 4.127402552656633 4.160644226493655 4.216508209598508 4.291305214147643 4.38099972883656 4.481251560961874
2.981559019430473 3.140700527558346 3.3346117553487225 3.557755332171231 3.805245690658757 4.0773330959680125 4.368883694384052 4.673750165294843 4.98578192614738 5.300078758891964 5.608012045661708 5.900946159770797 6.171424345417437 6.407480173123327 6.591919121399281 6.7062038774819985 6.728000330711844 6.6625197980678905 6.5394781901118595 6.383082035788265 6.206701478324182 6.017862498826269 5.821656744419055 5.6222792553496586 5.423631920389871 5.229435521349879 5.043604582392288 4.869455668579236 4.708867682974725 4.55920572139136 4.422690206776237 4.302654677954577 4.2032093188773265 4.129187399449592 4.085162606840862 4.060168661083632 4.054163174491078 4.0668615325794955 4.09363898914057 4.145880680894763 4.222709678023867 4.320271653503327 4.4343157758275416 4.560246412630655
2.95493107237903 3.131458840842473 3.3400998590955666 3.575022479936303 3.8308525493647347 4.105631079180114 4.398863259931954 4.7062294379412375 5.0245312670318585 5.346091875804156 5.661195345351927 5.965864584426493 6.25336439547285 6.5145576649362855 6.7338262065180885 6.884500155665138 6.894158009531743 6.780191250154161 6.616100519653699 6.4311804021055 6.235106670026328 6.032413951073229 5.82630853971817 5.622581836201212 5.426486459228069 5.23886488741709 5.060873351927938 4.890133097498167 4.721913494783238 4.560305223192837 4.410140679038944 4.276597994774955 4.164307361722815 4.076492793482904 4.018470283681397 3.9893143674953704 3.985285274874124 4.002850600014149 4.0437164129721825 4.114551229922724 4.212159001187548 4.332500828747253 4.471080730128529 4.623010794895363
2.9146863682524415 3.1087448938042566 3.3309052363751874 3.5764715534417117 3.843201429169322 4.1271412924827775 4.428626776116819 4.744502566354006 5.069037433958838 5.393234351489562 5.712713084720091 6.0220433702076175 6.316037624061559 6.589657611316096 6.839687204592623 7.067880761352563 7.038197228515454 6.848136977512658 6.649589339459138 6.446791882392592 6.239595145668334 6.033743559822913 5.835835258820374 5.645166629473657 5.4614578480820715 5.284928129652251 5.109999449670978 4.932651848104048 4.755778581256584 4.58339307111337 4.420384704265907 4.272101495568972 4.144291246969517 4.042577990900388 3.975677571008294 3.9420911637609004 3.930486988733689 3.939392831005369 3.981617052111043 4.065582187800767 4.1837117737670075 4.326796852753485 4.4900553796577585 4.668255317244004
2.8671635004692835 3.078027307951896 3.3179273328954797 3.5824155777742788 3.8664024105084325 4.165109547372201 4.474701474377293 4.795196535797892 5.120134380658407 5.443766242574807 5.760257298191937 6.063964155141863 6.349275556996017 6.610937059263161 6.844538100049514 7.0237235683161305 7.001411816063808 6.828634980897084 6.6285074012585845 6.4231648062778595 6.228980086830433 6.044565182714615 5.866326301417841 5.69380985400765 5.526528942785363 5.356220493990686 5.177760718832758 4.994552436998124 4.810389356803102 4.6284261413990215 4.453406879729374 4.290903905979145 4.147003324181155 4.030513657349696 3.957485609041322 3.9161712222647997 3.893984665399695 3.8939872653251713 3.9321151530965333 4.01363135146756 4.138050594923117 4.302010936501494 4.490060364466002 4.694764194565186
2.8347668239571915 3.0692496402862814 3.32971658195817 3.611355398543514 3.9095230432511276 4.219653010905067 4.537248090860493 4.857820150953576 5.179699471837629 5.49697463544813 5.803188724400167 6.090859903402609 6.351456075714837 6.580150044083449 6.7606767729114345 6.862595044197674 6.84701585352073 6.726141017815651 6.556868422521527 6.382393957329539 6.214266756009836 6.056401494126723 5.908219266978221 5.762884316459515 5.610895663509717 5.443046610652421 5.263822929096023 5.0768924600958005 4.886189427054587 4.695773187081984 4.509488264886175 4.333124578502491 4.173315922916998 4.046030774946838 3.9617666890034147 3.9071822839380452 3.872821812281311 3.8630865150620544 3.895261290458342 3.9729054271935875 4.0956315322022325 4.2622284275834055 4.470016760447975 4.701450206615606
2.841934820736705 3.0946656117935927 3.3703364192677125 3.6645820719173186 3.972900525576674 4.29068554414596 4.6123109220250935 4.933127376597473 5.248068154140743 5.552615010742333 5.837459748910366 6.096500118871679 6.325742944062402 6.51518257030175 6.648088798676679 6.707817046902433 6.686852115821581 6.596148107631754 6.47334375666 6.338406896656757 6.202814990895954 6.072523280117384 5.950518280639952 5.832000173158022 5.695808644212871 5.540762824832655 5.3681626918038745 5.180413298316751 4.984649045966709 4.786242695345704 4.589315210566034 4.399243639976842 4.225935595718387 4.086970632263821 3.985854184704695 3.9126095943878623 3.8638818918289193 3.842749611988914 3.8668662372746185 3.9390756154831577 4.059080697518927 4.225547195310674 4.43618518963056 4.687405242781998
2.892810142923373 3.1555339745536473 3.440225551376852 3.742156068065058 4.05648894634358 4.376480966328807 4.6983502972310625 5.0164941391475 5.319656458677722 5.601199928699737 5.8591044959053935 6.0903430649455625 6.287231996171339 6.439686010705543 6.53487501634173 6.566087642463699 6.541600735453324 6.481975970097539 6.397870916234757 6.300614897806076 6.1997966322524025 6.102029867349935 6.008280373823159 5.904145254831013 5.787244887648017 5.649830498736861 5.490755750510463 5.311617005146717 5.114804305209546 4.906640507336557 4.696813062458469 4.490917285646992 4.303827060891272 4.147712096203163 4.0269870940112265 3.931747834999727 3.8638740563338394 3.8289744624375373 3.8426655139852057 3.907742138260675 4.023969666208105 4.189811528047763 4.402566049521123 4.658538515170449
2.9852492643203856 3.2501928099338038 3.5380463380895257 3.842929311111333 4.156689406315973 4.474870381562057 4.792524929451534 5.097019706337566 5.382228788098443 5.644623065106911 5.8796517913397865 6.082518098514869 6.247693086285604 6.36671710718066 6.430463234479113 6.441607715004732 6.427436812890559 6.391878831579573 6.340922077791681 6.281802603589824 6.219670452619293 6.158244662997032 6.088233021755251 6.000216169297836 5.896884573487673 5.778704039093382 5.636174302678248 5.468751929780076 5.278464831257218 5.068504083838025 4.844887339899598 4.618469995852523 4.409007391740387 4.228657667836191 4.082311042219891 3.961698685240195 3.870388786363614 3.817687848731877 3.818319560385902 3.874466558884757 3.985885664104056 4.150706878952233 4.365678424352251 4.626410558658546
3.1124933396772487 3.374213340722002 3.6598191014709136 3.9602556619326323 4.269014803665032 4.5812873471678675 4.884250169590531 5.1728581054400085 5.442247149810436 5.686880545452199 5.901097620823281 6.079057604457169 6.2147243671020895 6.302958951215228 6.3387237237742475 6.3464171297883 6.344010640644054 6.333353604357446 6.3153984245327 6.292584324041282 6.267618315832567 6.2394399802292515 6.19107545700313 6.121971151021509 6.034324288312424 5.930068415866133 5.806599217746401 5.65360167096802 5.471883998897568 5.262751022906478 5.029450945012205 4.782073929747024 4.547750809595388 4.338755032773396 4.156896465046648 4.0008274536260355 3.8805989933558465 3.804764056512009 3.7894240517714772 3.834823318490074 3.94052149117083 4.104083208184934 4.321507295595566 4.5876079865952635
3.265254470091751 3.5183852000316307 3.7954625282344283 4.08809802925857 4.389110928096516 4.687734284696533 4.9772540838148815 5.2516282421486205 5.50482992351518 5.730883203805364 5.923923418372418 6.078285607715846 6.188666798740547 6.250432521903051 6.269469421417682 6.282674652748995 6.2966184925177595 6.309535956069699 6.321088630790454 6.331823561735403 6.342501740936857 6.341984961893827 6.316991333502346 6.269342877771935 6.200544385211455 6.111791511821268 6.003817506141358 5.866714389367386 5.692638336787528 5.483004226916076 5.241362152161057 4.980240953237079 4.719070675718999 4.476622705440408 4.2525349890321005 4.054444430929294 3.8949719720028 3.787122881466876 3.7515388139056713 3.784508012989512 3.8838594934301334 4.046166356117155 4.266358977531768 4.538363810099731
3.430186654037847 3.6731454824576995 3.9417046419885122 4.226208647709706 4.514389976863076 4.799671561133176 5.07537117864305 5.334818389073506 5.571401203364938 5.778691226128819 5.9506146559961035 6.081647980134575 6.1670818829051335 6.204730293661937 6.224466260756663 6.249073499780383 6.279300795831573 6.314238196619046 6.353302670270132 6.395870683298442 6.439774292850339 6.46454783064531 6.464333681510413 6.440021524405138 6.392160415075997 6.320763987700468 6.225378878646417 6.103328472898394 5.939487343607053 5.73136961753214 5.48185847787237 5.206726465555155 4.922292366702561 4.638585650504497 4.365680427140729 4.11903621627991 3.9146152494054673 3.767223947095381 3.700866094007337 3.7195452176061425 3.8125214012668316 3.9739708006400467 4.197222466705011 4.475196013507824
3.6078325836695595 3.8420673554691778 4.102584749972924 4.3729079878453225 4.646729999273531 4.917655845814034 5.178624822679956 5.422595737016201 5.642619756861375 5.831448210990964 5.982558813950403 6.090465337401747 6.151519676306601 6.178108401754271 6.202426442875741 6.23648726539619 6.280967452274269 6.335896275753531 6.400524239240378 6.4732243526722755 6.546311041560267 6.5971316185479605 6.622798889929539 6.6234949829428915 6.599277095306304 6.549313749997907 6.471752172573106 6.364162990522245 6.214742233512071 6.010940496004015 5.754512192964817 5.462999683630435 5.152344227954332 4.822845608569899 4.493326098955709 4.1900703370219725 3.933557817313 3.742350078816773 3.6397980548477715 3.637304636818582 3.7243956307840214 3.8860267537062283 4.112466180843605 4.39545062356333
3.801927167187231 4.02863251101973 4.277125037200145 4.532148221164251 4.791405567652996 5.04766181649808 5.293405929319014 5.520956608865916 5.722639028767017 5.892147736852633 6.02450405350499 6.113667722001324 6.159226169690505 6.183339782413381 6.210842772872789 6.250583781718774 6.305864008902059 6.378041047445791 6.466126393778434 6.5669744444022875 6.664977226717289 6.738845578869254 6.788031041142526 6.813912219469095 6.816900317252582 6.7935916022311496 6.7403114384203215 6.652046136575425 6.520469550612901 6.3250647166379865 6.0631475470421865 5.75269279079803 5.406122486072097 5.026100949468236 4.6334604801994725 4.263792298217536 3.9459575497848176 3.7054511784189046 3.565374582872806 3.541543344501307 3.619962978967774 3.7835182468952597 4.01292651734727 4.298425725204553
