_RESULTS/CROSS_VALIDATION_POSTPROCESSED_80-20/MHZ/IZ/4comp/5/MHZ_IZ_z_355_kriged_reverse_4comp_spherical_5.asc
ncols 100
nrows 81
xllcorner 5.5967107548124995
yllcorner 50.982328804812504
cellsize 0.00017565037499993607
nodata_value 1.7014100000000001E+038
[rows 0 to 19 of 81, columns 44 to 87 of 100]
6.357256929979489 6.280216472251293 6.196920043927342 6.1112063266820345 6.026420133193387 5.94541609245108 5.8706191689636835 5.80410529651878 5.747683401912497 5.7029711463785935 5.671462462990127 5.654587563402936 5.652057595429116 5.652057595429116 5.652057595429116 5.652057595429116 5.652057595429116 5.652057595429116 5.652057595429116 5.652057595429116 5.652057595429116 5.652057595429116 5.652057595429116 5.652057595429116 5.652057595429116 5.652057595429116 5.652057595429116 5.652057595429116 5.652057595429116 5.652057595429116 5.652057595429116 5.652057595429116 5.652057595429116 5.652057595429116 5.652057595429116 5.652057595429116 5.652057595429116 5.652057595429116 5.652057595429116 5.652057595429116 5.652057595429116 5.652057595429116 5.652057595429116 5.652057595429116
6.4891276028982 6.397188699495978 6.299039767350184 6.199087522078721 6.100959593032142 6.007608525340069 5.921448646508135 5.8444871676581345 5.7784366808994365 5.72480808736492 5.684987169573491 5.660298872805039 5.652057595429116 5.651948189336033 5.65162983851593 5.651288848483112 5.651062710632202 5.651027119570203 5.651193243425564 5.651507313594663 5.651852582118912 5.6520534190911995 5.652057595429116 5.652057595429116 5.652057595429116 5.652057595429116 5.652057595429116 5.652057595429116 5.652057595429116 5.652057595429116 5.652057595429116 5.652057595429116 5.652057595429116 5.652057595429116 5.652787779461196 5.654750581613864 5.657090856684996 5.65912015514085 5.6603522972619595 5.660521404512819 5.659592326310754 5.657762048825836 5.655451891484935 5.65329155755502
6.6233766878865605 6.5143793036653825 6.399979420074736 6.285048587078866 6.173347779752038 6.067782772681367 5.970642025333622 5.883780148388032 5.808755484602737 5.746933829867921 5.6994153794131845 5.66681759433415 5.6506018857342 5.648063789621498 5.6466044246776805 5.645465657432355 5.644803334741165 5.644703569517624 5.645179086007017 5.64616866860414 5.647539787166174 5.649094055435453 5.650574842325176 5.651676166538587 5.652057595429116 5.652057595429116 5.652057595429116 5.652057595429116 5.652057595429116 5.652057595429116 5.652057595429116 5.652180688059844 5.654954499109143 5.66037296050393 5.667174879022522 5.674224547235606 5.6805454830678705 5.685355185550872 5.688097015320271 5.688465136113736 5.686419039016926 5.682185510453079 5.6762477478695725 5.669323241945726
6.755147988905703 6.626968988297971 6.495347775794273 6.3653170256494915 6.240436343867773 6.123335753066286 6.016029903753173 5.920133068970369 5.836871532507087 5.766397520137932 5.709996202644346 5.6692122392302755 5.645507830000693 5.638889572100926 5.636210773336041 5.634216161418387 5.633084752857221 5.632915903245785 5.633724320443899 5.635439309248765 5.6379083614743575 5.640904557298994 5.64413673651342 5.647261146469374 5.6498932970168685 5.651618986589555 5.652057595429116 5.652057595429116 5.652057595429116 5.652057595429116 5.654617289183017 5.6620917072445405 5.672958684160391 5.685734489905552 5.699017888804794 5.711528064949205 5.722149066019167 5.729976662673998 5.734362169338912 5.734947233536011 5.73168428671678 5.7248393257828365 5.714976560642877 5.702927457868853
6.877802189876868 6.729328453370709 6.580697671847753 6.436422660005764 6.299530427680702 6.172177248649026 6.05600314653836 5.951555074839683 5.858902565749835 5.779578669790764 5.715070143623779 5.666835369031003 5.636342971109572 5.624810370634506 5.620802796240094 5.617880543489603 5.616239152246595 5.615995101409784 5.617165672863988 5.619667891704153 5.623323550102769 5.627869455814619 5.632971262545335 5.638238912381153 5.643241858300674 5.64752269116883 5.65060836733529 5.6520187507743875 5.652362107791124 5.658218220810767 5.670259132630831 5.686815072121262 5.706222335320698 5.726844879590014 5.74710923725477 5.76555235599185 5.780879791494444 5.792029020933759 5.798230183653491 5.799055238710058 5.794447219371506 5.784724231649538 5.7705574429292055 5.752746868265202
6.982637527649114 6.814450418577456 6.650462800684519 6.493984929197852 6.347167956018472 6.211555698747992 6.086929510900659 5.9734192747105315 5.872528100309369 5.785678625479451 5.714262021032635 5.659672548988812 5.623337190811475 5.606739767506373 5.6009169540231465 5.596796810416646 5.5945899652553495 5.5942630048017445 5.595832544756995 5.599199368605339 5.604151572570358 5.61037910666268 5.617492955705882 5.625045885863694 5.632552087165349 5.639503918762928 5.645384922914991 5.650406509600767 5.660784156927035 5.676868690698759 5.698754470810147 5.724844423529154 5.75332992871438 5.782394750041879 5.810255503689787 5.835220823995138 5.855767077542328 5.870624230777655 5.878861019076163 5.879955612133603 5.873838341932822 5.860519596643041 5.837886243482893 5.807602318301044
7.057706136983412 6.874002332335725 6.69877842004526 6.533766915074887 6.3802005590802295 6.237370328087809 6.104957124441894 5.984373249714222 5.876981992912621 5.784119502965804 5.707124248637631 5.647365530676993 5.606265631386821 5.585320222178476 5.577420015204943 5.571712968197913 5.568512970538917 5.568031951584944 5.570047486676818 5.574377057930878 5.580763586688791 5.588835369116593 5.59813326972998 5.608138969554771 5.618300366575288 5.628051897353775 5.63743118468481 5.65368088957001 5.6773426942664145 5.706149534778289 5.738474233021737 5.774615389708992 5.812807003737606 5.851023803380284 5.887229192888765 5.919446403907823 5.945856075005779 5.964913156232134 5.9754680126229704 5.976870207073233 5.966254360327239 5.941653734318521 5.90564429038503 5.861207982092367
7.091208102145012 6.900808103442549 6.720986943259284 6.5525745586021396 6.394912034494197 6.2466978959542345 6.109247641909223 5.9838849866438695 5.8719224155945975 5.774685356932563 5.693520073559719 5.629821264711575 5.585052549740844 5.560762810863939 5.550582118527083 5.543143467292952 5.538759603235825 5.537722190517662 5.540126220471361 5.545545128121885 5.553540965151844 5.563659213322315 5.57534956129021 5.588004838752558 5.600993744129283 5.613788919276892 5.633431154666883 5.66291689951251 5.700001772790628 5.742373360759546 5.7876193212817055 5.834452476921169 5.883061964336362 5.931260693302658 5.976711000598999 6.017080740763917 6.050166915158405 6.074055111107402 6.087142192570913 6.083428674470595 6.061497508783533 6.023712108874297 5.973121810787914 5.91325375834829
7.077024818712073 6.891416032555467 6.71492942851914 6.548200736349355 6.389270401559413 6.239300359448874 6.099751638435991 5.972026176102667 5.857504069160138 5.757575982236752 5.67366538389858 5.607247368613146 5.559877670213941 5.533208963506508 5.520623805301588 5.511268831095239 5.505602374144891 5.5039743426612615 5.506503936123504 5.513052092687823 5.522883009217468 5.535301601322551 5.549637420350831 5.565172029917325 5.581180548299467 5.6016346631536065 5.6341807213769615 5.676866035648922 5.727446604523208 5.783588365419132 5.842820958036091 5.902510724641382 5.962318194567192 6.021449409296495 6.077216753353916 6.126849226614365 6.1676440236909205 6.196912138176688 6.206258528740554 6.194093075892049 6.162007214429503 6.111959589152676 6.046988533739707 5.970938977339939
7.018590345809363 6.847621730805307 6.68153105726015 6.520086428954242 6.364225438492232 6.2160169484640715 6.077241039097099 5.9495220313972235 5.834409554650666 5.733434302314659 5.648153106839266 5.580174234108885 5.5311949800918185 5.50302568241244 5.487763449125001 5.476249284774961 5.469170147762839 5.466960195091926 5.469744963079543 5.47734345728355 5.489830989042411 5.505816513216825 5.5237072409066545 5.5423171546155 5.562123275209596 5.593731603233107 5.63851653275068 5.694252475925995 5.75828501107413 5.828293706587639 5.901786624507927 5.976040146627761 6.048534161789935 6.119656511864191 6.187000368969542 6.247262060986274 6.297530206511016 6.330292572282385 6.338981965635345 6.32268661431175 6.282100067645461 6.219569347541409 6.138860677808967 6.044732862951418
6.93366914890865 6.778824176258763 6.624127419553995 6.471240286446332 6.3220848200621464 6.178695993726326 6.043267109169166 5.917721812470581 5.803840281474339 5.703343545569189 5.6179585813760955 5.549466251849048 5.499745949976424 5.470661043424641 5.452223400321999 5.438219711555781 5.429771252477906 5.430456121254705 5.4398599717198985 5.455935986889049 5.476571305942144 5.499572974839271 5.522710394535185 5.54456304965526 5.5709786655422695 5.610209231179262 5.660996993076091 5.722414036510004 5.793840563653436 5.874865766488809 5.962704624146848 6.051895834244809 6.139296076485827 6.223552793930043 6.304055527733135 6.380660157336661 6.444802808266416 6.483645816854472 6.493789140151753 6.473614349585535 6.423717119622864 6.34700251339215 6.248281782017841 6.133571416568884
6.84076422120908 6.702207240194652 6.557244750094029 6.410406621770334 6.266756121548451 6.1299760602235605 6.000022278121652 5.878509250405634 5.767458118775236 5.668794306095458 5.584427393104948 5.516325063099823 5.466571814816973 5.436408752874865 5.414600924449596 5.403784591725709 5.4050948710232705 5.416930838527785 5.437241160118452 5.463573679061343 5.493306789424063 5.52394624123316 5.552919581400981 5.5793104624995475 5.614431720800081 5.660545265068027 5.716477275015485 5.781510088421111 5.855271672326251 5.937615984061174 6.028494160030801 6.127814311884943 6.2310600890931855 6.331489236518535 6.434280446009888 6.532564343157523 6.607925698727509 6.653749835315491 6.665940591639565 6.64217633277413 6.582896235114312 6.49149429809185 6.373604445111597 6.235968723977714
6.7484554687147815 6.624121461007071 6.489012018289002 6.3491007041282215 6.209762746020247 6.07548708481679 5.950142581313317 5.834168235726398 5.727293672252069 5.6316293473992545 5.5492498288730765 5.482291067193688 5.433035174545272 5.404514510136551 5.391523094395466 5.391938629853794 5.404780436138052 5.428559451033312 5.460969353906171 5.498945942938647 5.539103427957478 5.578267969741583 5.613699165330244 5.647290651850442 5.690433815753238 5.74243300131802 5.802328664869245 5.86968820744088 5.944472070748549 6.026893349558299 6.117268879989137 6.215855549354984 6.3242350514270615 6.443660716069258 6.565208513022465 6.674632239223123 6.759304720688498 6.812605323065385 6.828051465791389 6.801396165951913 6.732659631596308 6.626535741702851 6.490856919941709 6.334463131312697
6.662599485567745 6.549732367772855 6.423751571910614 6.290843675028551 6.156378513423034 6.024986173927578 5.900737148577367 5.787310895538685 5.685635213371246 5.59396982322102 5.514428014038105 5.449263134078026 5.4087299823843065 5.392724477912395 5.3906980586064375 5.402183204455521 5.426813915508244 5.463495885738507 5.509624179942508 5.561134019353473 5.6134348132965295 5.662395174338436 5.704840747674573 5.747186473311873 5.797332331798536 5.853859326898603 5.916104540181618 5.984010904933524 6.057967816265465 6.138650203887608 6.226328444802784 6.317828006158637 6.421423145938274 6.538902984927916 6.669142833909201 6.790139554841404 6.887911511159365 6.953294156684983 6.975865337693536 6.947692050103475 6.867978318788559 6.744018205001567 6.587419848921574 6.409900323251032
6.5868361324059945 6.48290971453898 6.364888406328687 6.238544320616398 6.109038664614466 5.980951814843323 5.85841017516346 5.745226877803218 5.644993761499531 5.5581344406394475 5.482280200599481 5.4295435599547615 5.407124894346825 5.402395888438161 5.410954346840288 5.43295950622266 5.469261106513738 5.519928115062071 5.582063466773538 5.649741052359971 5.716370621184557 5.776563099610696 5.826961402141744 5.8780623537793195 5.933803643635379 5.993026095208424 6.055464516142848 6.121564220109888 6.192251353303535 6.264848182707064 6.335035904293673 6.415606969165482 6.511210227354923 6.6236353441576306 6.746336554407913 6.873387910084919 6.988657367185107 7.072822811734643 7.109033293910255 7.08153887839041 6.987785209098381 6.841142104420091 6.660020789948157 6.459563054030588
6.523182337987279 6.4262381320835225 6.314899267224769 6.1944641289721885 6.069774397606145 5.9452018334597065 5.824784891930795 5.712398159543434 5.611800655684206 5.526561705405157 5.46442377871825 5.433040386403331 5.426560337564425 5.4333685754628736 5.4521706643337176 5.48349678844343 5.530294318166062 5.5959952900974645 5.677692210005384 5.765277174298925 5.848807470968993 5.921605166672619 5.98091606614405 6.039536531140311 6.099717063707694 6.16032542002411 6.22131642639166 6.283464970844932 6.340740889807775 6.388790470491523 6.440769830907973 6.506211581139859 6.588626978812409 6.690451974446006 6.801288093492083 6.922443903866653 7.052403956998851 7.16436748730985 7.226112408093482 7.203116565656965 7.0880558744945334 6.911255190498476 6.7027827476475625 6.479943795184291
6.472952673703265 6.381045591725387 6.274673453021568 6.159216174441061 6.039331119091023 5.918903261136616 5.801283313497576 5.690168357212786 5.589884508360574 5.509908456822576 5.468775518174016 5.459320308304505 5.466924515153252 5.486464739610678 5.516013225051973 5.555193319550561 5.608726005896381 5.689836145817595 5.797630801563593 5.910027890653798 6.012714824766667 6.099369962115667 6.169172470817685 6.2355657920276215 6.299127756877673 6.35888308191155 6.415338263414147 6.460964819508037 6.49003999387608 6.511852540386477 6.542678762941791 6.587701414987636 6.651340353202256 6.735019493525522 6.8283279297280535 6.9375675202422356 7.067082779354675 7.210518440454903 7.320643741204626 7.310795622906537 7.154642312354896 6.9397751662737885 6.706580508911564 6.470638419231617
6.423548831289421 6.330846332073818 6.225976623301046 6.114102132773884 5.999541069038431 5.885631289025238 5.775070307823584 5.670898798152902 5.578099449633746 5.51796793644233 5.495996607439216 5.504474730493192 5.527858761987288 5.562727789750613 5.606106624136953 5.655077252681939 5.708936835224986 5.801483803532684 5.948751294699299 6.088081625534738 6.211325565149626 6.3142146148855325 6.395374627645816 6.4680970493884455 6.5322733465505225 6.587655039347489 6.627836122312522 6.642683701538783 6.63828717441325 6.632522390892483 6.636267718793441 6.654720031409861 6.692997159725514 6.7507109182871545 6.819267254479245 6.907816557959312 7.02403125797563 7.172913585675926 7.345855516095845 7.37636297287565 7.141600670979628 6.902338619860533 6.664218064997801 6.429641365467888
6.361859782214485 6.266652880875006 6.162005321483719 6.053011204195013 5.9437947783785585 5.837155385802059 5.734507144539182 5.638503596315466 5.565118747555141 5.532755637825463 5.536263198398174 5.564738308142116 5.6074067054615675 5.661248260910693 5.724201227539736 5.790486740966213 5.860247084713185 5.966803532616516 6.127145071786827 6.283542750642757 6.424359636158967 6.5430970157008534 6.6366973526307635 6.717815581027295 6.785984458195374 6.83526987247894 6.848217493427662 6.827209732485501 6.786285610648505 6.747346413821857 6.717683834175131 6.703025449984339 6.708853433076597 6.732741168644052 6.767880580444147 6.823879758629324 6.907385873606006 7.019243684122943 7.141203595556497 7.147846008802339 6.987972751926755 6.78404412867069 6.573083365218832 6.358248094355886
6.289799679708333 6.190293047178643 6.084452806868311 5.977391083875347 5.873176269708673 5.77453179170266 5.681401313399261 5.595931496492912 5.548708852821641 5.542918580008396 5.568369569243635 5.621211470271668 5.694224058815999 5.769222056978034 5.846036197740768 5.931823842369192 6.032263140912061 6.160779824852197 6.318942382727426 6.484864322390633 6.640850994834525 6.775137321789441 6.880565450126857 6.967816117865411 7.03635302329141 7.066346020735806 7.052593319476299 7.001447614655279 6.929636396427013 6.853211268347163 6.78391367532173 6.7298736112885 6.696586517382997 6.679981074392881 6.6742052153826945 6.688092562874008 6.725263064539222 6.780643347144988 6.832987604335649 6.830768705439076 6.7411619415963475 6.603426458166968 6.442537260087853 6.264399862838288
