_RESULTS/CROSS_VALIDATION_POSTPROCESSED_CLR/MHZ/GZ/8comp/4/MHZ_GZ_z_125_kriged_reverse_8comp_spherical_4.asc
ncols 100
nrows 74
xllcorner 5.5967023332191781
yllcorner 50.982320383219182
cellsize 0.00019249356164376555
nodata_value 1.7014100000000001E+038
[rows 19 to 37 of 74, columns 0 to 43 of 100]
3.2246222653436636 3.239743871790817 3.2900884796174266 3.3670974874327086 3.465283481562881 3.577228291122616 3.6928852039542877 3.800957798809367 3.890447957144125 3.951987730491433 3.9778491592120453 3.9610413633708985 3.903137654699445 3.8171509171411464 3.7178187419283875 3.6141321834856828 3.5168770398656406 3.435732979142787 3.380162539123293 3.365522850971456 3.378606626326169 3.4106208065679606 3.4623287391741067 3.528917338232959 3.584986739715745 3.6218843642508958 3.63901035518534 3.637288904160888 3.6180076475717606 3.5845576805839254 3.5419308575447674 3.496034371969978 3.454052235920919 3.438281314079002 3.4593706502271053 3.5138217319461886 3.5933161009245675 3.6825096045420445 3.76815832046469 3.857389703194779 3.944302768735649 4.023232622979169 4.089278746312487 4.138352197667557
3.1443052432764764 3.167977739126268 3.2302990855601865 3.3175013198133616 3.425975114928467 3.5534142715203196 3.687159625633519 3.8126045587385162 3.915578601427597 3.978861663069057 3.993894918548835 3.9592093291609354 3.878902941826795 3.7646079835826907 3.628299930821106 3.488207128717471 3.3612057734489977 3.2641118623425123 3.2054219088070806 3.196247331717635 3.2262548209883333 3.2792760157862455 3.3550739852466074 3.4515025429120145 3.545588488517212 3.612993895247167 3.6505846063268574 3.667042453298769 3.6671756379615603 3.6556111025257776 3.637567794535729 3.6170549573888113 3.6051075145897453 3.6153778890673047 3.65811632129942 3.727674956699514 3.814306757757467 3.89750508169019 3.96671841027086 4.024452911629919 4.078411833262223 4.122923543783637 4.152708100780997 4.1633933434900925
3.0728800497909896 3.1011464799750312 3.1717040495804047 3.273834014609201 3.4050453813442507 3.556730172003854 3.717039409043883 3.866256851674802 3.9785670225937793 4.040986164750235 4.046671166830085 3.99415529168006 3.8919432637735296 3.749844094249312 3.5792149736461427 3.3964645191900202 3.2280234376018972 3.10876888304462 3.0549653945220405 3.0596980420582867 3.111745491947242 3.1894666936466103 3.287914693852941 3.400016454187534 3.5167837275187273 3.610302070922817 3.6734783917198968 3.7074628987355203 3.7234944344744743 3.7293376015555615 3.7261375325124444 3.7269416450392003 3.7429954408854544 3.778456190499126 3.84442322270993 3.9336500083219095 4.031143951393996 4.114464277023776 4.180474560758395 4.226249449143659 4.2509755559159315 4.263395025256886 4.2590362730910245 4.233039214567951
3.012187887850013 3.0393386210751916 3.112370822980525 3.2281886346739768 3.389686625189119 3.58385317163856 3.783836157098378 3.9552995878217794 4.081011540408653 4.1472499243040435 4.145651389528826 4.076668352492594 3.9508615194298735 3.7779271255628806 3.5702852463102372 3.3433419400779614 3.122495701758904 2.970411825151513 2.938402750551217 2.970678519967444 3.044453395155885 3.14089974828748 3.251411699089087 3.3688253254367053 3.4934839863570444 3.6097737245783765 3.696439677806008 3.7530117524709348 3.780459190783745 3.791020756929735 3.7981420211300807 3.820821991220631 3.860494349969671 3.919619383114771 4.010292245004525 4.125261494814367 4.238549215844041 4.322048952149832 4.385970465009788 4.433507170401835 4.454391760646709 4.443779075383577 4.40881900838774 4.348482723442593
2.9674689122234432 2.986429284491762 3.0518759869381755 3.1758804876470874 3.3752129465762493 3.624651941524185 3.870388874400672 4.079399690566981 4.230140111417361 4.306656912453113 4.299645970287856 4.214336120835722 4.062212794007714 3.8569953392934964 3.6140800952341525 3.3476155594013686 3.0697079190877967 2.839249457328428 2.8852050347212286 2.9481228288971963 3.0368972661248064 3.145932628572944 3.2617596742192694 3.3821296280604445 3.5067462407951755 3.6302059554154056 3.723518905270511 3.78544383962598 3.8201637947173626 3.8334037781831225 3.853276344840658 3.8923816508082276 3.950511338789454 4.029610433539904 4.1429352950110525 4.287933991319829 4.429788938865008 4.505385538039381 4.572788837425596 4.627836128874224 4.658009639480809 4.647097586218567 4.589493539822783 4.49226260773855
2.948965827489506 2.9551672278590644 2.9973983468565706 3.1112107036074335 3.3640830919722156 3.6800550084367343 3.980127600719789 4.233064993435244 4.417443173593871 4.513227154114795 4.506801449985342 4.404327834897773 4.22207457898782 3.9831617431445934 3.71043919300345 3.424202889169386 3.154630463689868 2.9764587160958236 2.9617320039694035 3.012272226520023 3.0962740453635402 3.200133621170158 3.3177710474222124 3.4388677157575858 3.560887401759105 3.6821903555597797 3.775312456784147 3.8328354258624184 3.8605894160086844 3.870165119099674 3.8887725391736727 3.9360698423902214 4.0069658626662985 4.100492824144331 4.228636506333267 4.385328409673113 4.535218400184947 4.64161289352029 4.729729146818476 4.796075562477793 4.8327418658158265 4.825999692951408 4.768306471084196 4.65490247777512
2.970460923327635 2.972789477198209 2.9910621596190556 3.029530315460438 3.3868567060755783 3.7728872203757797 4.119633981732374 4.414047991436657 4.636516451054547 4.758264723921436 4.753388182116174 4.62548457279674 4.4039012938870155 4.127268390140663 3.8301269869346193 3.550432392565332 3.3175371993698324 3.1684258684830517 3.120425426522345 3.141039950424032 3.2040107982350405 3.2962818278239863 3.4104955134049444 3.5322929924881965 3.651396701422102 3.764712335668902 3.8510443824764105 3.8967929905759644 3.910440939069641 3.913937556764225 3.925683316938903 3.958122393187173 4.026166563066689 4.129349672925439 4.267102673171721 4.429892306471979 4.592969802004069 4.730728421166205 4.839144394324901 4.9206941497793535 4.971122482405916 4.975971707672903 4.924335170327771 4.8096276166590215
3.039742989271674 3.062680474547227 3.1164804200091125 3.240183534066742 3.548387611247495 3.9247017487808336 4.285911871778746 4.610281816786581 4.875477491519366 5.038092915385882 5.036549870009679 4.862321291875066 4.581976240632107 4.264652290402059 3.961050991063248 3.6943547531842498 3.484649271641307 3.3498765144128426 3.294767737373568 3.294072439744242 3.341365217824406 3.4244539752057586 3.53346866624317 3.6562654435100215 3.774744196838601 3.8768444688073904 3.9478176183179876 3.9731496139899605 3.9666268310747372 3.958001890550361 3.959200011689288 3.9748152852192806 4.0239405521886 4.1183762562118105 4.264723653669246 4.4395425668002755 4.616680462301192 4.770271379753814 4.89898375201051 5.001514749416347 5.072782035197928 5.097215836428774 5.05862499021174 4.946459046218221
3.1457486300224233 3.203606692996505 3.315908262521111 3.5010798253532127 3.7733852578461233 4.105718360974567 4.452757796192716 4.7891248635709545 5.096623078696538 5.333857469211521 5.349192619157906 5.078496414982763 4.723907120551352 4.380882817176572 4.074049954328859 3.818416479567344 3.626954797374668 3.5082077357213493 3.4548739330981286 3.447816870970531 3.4909152288437846 3.5718363321973206 3.6803198795164125 3.8046092026342406 3.926939953251712 4.016527718754611 4.059674396498581 4.055236089755496 4.023511431728276 3.9957535881970516 3.980160495399355 3.9796444466683125 4.006820689820402 4.086421376788356 4.22550964462338 4.407857972868552 4.5927472118301464 4.76127295332264 4.910234006900135 5.036762236843288 5.134986644054326 5.187959567051774 5.17162173911541 5.065856199020642
3.267141634517451 3.356424571142641 3.505628577582453 3.7107816985699476 3.965979067129164 4.262920823216085 4.58071629105982 4.902086135421548 5.216828444183889 5.519659302777961 5.592830656738403 5.1763548735072735 4.789549338040336 4.442205182368984 4.142705920346207 3.9014790559324433 3.7288540124300553 3.62987519896894 3.5876566430227914 3.5898903409162637 3.641099714536717 3.727918925797362 3.839263834724301 3.9673240637215232 4.102270756112566 4.173976017339253 4.172117212191596 4.133186101074227 4.073193436109168 4.020816352883292 3.9829627186046013 3.963594430078548 3.9699793900287923 4.03557072251718 4.1603152475672625 4.327019342072225 4.5197527502904995 4.702408651420833 4.87017814162533 5.020722983833894 5.149576239189049 5.240762274851473 5.261510331728195 5.168500387622362
3.3863072312782134 3.495900891872541 3.6600918078022784 3.8665894519613913 4.1041303049896545 4.367104393978624 4.6436013526537465 4.918696082117842 5.173243205571264 5.3614163988001975 5.3404435234355825 5.0742980903117525 4.745848887322277 4.430815920976931 4.154361513064929 3.93319697059624 3.7821218454203556 3.7057207448844607 3.685927482837764 3.714601625186279 3.78754178869594 3.8876998989484903 4.002061407971483 4.122873652082256 4.235690216017305 4.283017413062055 4.256601027306845 4.187129144988662 4.097173620948411 4.015913744794229 3.9524738668666273 3.9130337460839115 3.905631342415781 3.9599947031568177 4.063626422229883 4.210434900897382 4.397580403241827 4.589953933788504 4.769516720307099 4.936701769458102 5.091494552656583 5.2256086107102355 5.314090429458741 5.25696014007616
3.488324723939315 3.6067699915558715 3.7717338636262014 3.9680592894651636 4.185451461596378 4.412363046547966 4.639882185574269 4.852092652178199 5.022771403015901 5.105072619416465 5.051238111565546 4.871400882890843 4.621509221897102 4.357450534075418 4.113033615434886 3.9132291185590913 3.7829313672525435 3.7325663468253953 3.749395062222469 3.822883893080904 3.9327398418580937 4.054546537105631 4.169423713457863 4.266437507506544 4.332501684598025 4.350017192277598 4.307812349257173 4.207167945091877 4.0800560321637835 3.962055138718838 3.8664981137009717 3.8034135477398916 3.7886778297476122 3.832856704775359 3.9238332736681776 4.052047893559079 4.214165986310074 4.401710924399588 4.582222885943249 4.753825212024487 4.920244950146792 5.0798473945131315 5.231647192431803 5.2537536315095945
3.5394375770539637 3.6571288807907534 3.8142956112657136 3.994422754576519 4.193072738419722 4.3921638069085445 4.578729542729723 4.734639028574985 4.8353149894253 4.85485954432763 4.7936592504597115 4.656556323267775 4.464361653671749 4.248294886533789 4.035432803160834 3.8510716649863017 3.730734840887376 3.7088241976415355 3.785208426030654 3.9242228213244754 4.081588916161567 4.2243828159812775 4.337067927304634 4.412071155495683 4.443592483794458 4.428767376964609 4.352152106022065 4.212386501964104 4.0392047616814954 3.8721423366598033 3.7309462123279866 3.6386025072461328 3.6136525541908613 3.6381379139690133 3.7107365368872203 3.8221406826785023 3.9674175445133684 4.142726427948218 4.318833678436137 4.485443899425582 4.643302938785282 4.782773275183451 4.886130647635177 4.862910406944086
3.5346805163515813 3.644482385574105 3.788150476758418 3.948721440942206 4.12295029186895 4.297219068191438 4.452126590018309 4.571658663258451 4.6348255252460575 4.62847258992979 4.566386916720535 4.456360335765534 4.306778896116768 4.133233142418801 3.951745333208793 3.7776180000951607 3.639097037056543 3.6412562612238406 3.8207351295358136 4.036289039389162 4.235379222824317 4.400089574901864 4.516342662233542 4.5761183846358975 4.578796105859852 4.5276229221922275 4.404187521225502 4.215206650947241 3.98664122219825 3.759374826450937 3.5591889150112395 3.426193334759017 3.3760741492959845 3.3861097073754762 3.4461580404548204 3.5425921436964947 3.67578853045591 3.8433908377552175 4.0269411692912405 4.18634144486655 4.3228778533759575 4.431974055683433 4.489904198634916 4.458265213024197
3.477744072202596 3.5744361004736405 3.701803765598223 3.841993088624428 3.9909193936598397 4.140771127090757 4.27232459463079 4.367745090224124 4.410229147205714 4.407769538576251 4.364215154795503 4.279072937389833 4.166352834439971 4.0354350737411275 3.895083693451129 3.7526979592679144 3.612411786989017 3.6340682476403376 3.9150609868004485 4.1781849928659565 4.409654285803347 4.59539251104107 4.719013157700345 4.767816265627662 4.742099554494995 4.646744636673271 4.46879784356232 4.223756698094373 3.9347188668697677 3.640113199137666 3.362160810155995 3.1547507067407965 3.0913355281118826 3.1043941947297067 3.164189427133656 3.26150627978301 3.390908012626691 3.548983448779637 3.7294216196819487 3.8872203110110903 4.009287535084106 4.093917477322629 4.127412540081666 4.09474096580977
3.3737739567092584 3.4538263262589215 3.5656005032351037 3.688459224472677 3.816494092913325 3.9418327948360417 4.053873955791022 4.132698851847038 4.167832361144442 4.1799827607425275 4.16570602837797 4.121135123346634 4.048228763803419 3.963573719192381 3.878803012219823 3.8072326317192733 3.780034232668347 3.872306570795132 4.098152457421406 4.360720379824711 4.609042480550312 4.81482557424959 4.950444131170736 4.991557997817203 4.9352468923836454 4.7822621536877 4.54174564099288 4.239080982169788 3.894110459295626 3.5392868290590758 3.185654849397319 2.8393785734983092 2.8265871350827227 2.856211941599714 2.9183725143095964 3.0110999112256596 3.131707689685702 3.277012823508737 3.4431139316760064 3.6040565273309295 3.7269856970908757 3.7960543849632917 3.8129169236315046 3.7757380130297675
3.244159824016237 3.3175254045064433 3.4227417170859353 3.535392818039713 3.64866468814795 3.754803388490656 3.8437431017579775 3.9065429066949404 3.935995797957426 3.9569071975006507 3.9670832595065972 3.9633071145519714 3.9447775454046234 3.9109116965410125 3.8858335303870426 3.8895815187525526 3.950981367553576 4.086445389225735 4.299249955247628 4.555468029872875 4.8168169731217345 5.048902238705922 5.209318441155893 5.248677319685402 5.148460858972874 4.9213036722376255 4.6102573824155355 4.2508489261908045 3.8647604149365344 3.4701813160680133 3.1031021218682953 2.8216242009979027 2.7049054467538225 2.691014760656734 2.730465721925884 2.8060193748332076 2.9108273880466395 3.040539506747525 3.1919207592434073 3.3557657263369904 3.481743144607246 3.549405767683134 3.554999590887051 3.5107413315065523
3.124924328828642 3.1921741733746765 3.29238255134379 3.3986517635181195 3.502108422939031 3.5935846565503224 3.665143870791507 3.7109571443708864 3.736688077286164 3.768093376980201 3.797562764221421 3.8201841406056603 3.839391604349352 3.8617847792046054 3.8902968188787788 3.9556819748536474 4.073793846143759 4.242035387943898 4.461914140474351 4.7211489969043585 4.998834584225573 5.268831829161192 5.482815872134301 5.536700401356526 5.35665148718733 5.032304393597231 4.6484663765033165 4.248286590408789 3.837314906657114 3.4304194507471717 3.075011673232982 2.822209369487929 2.6708626371059863 2.6125091964170446 2.620546308554821 2.6724027436069155 2.7560524259364456 2.8643566667447753 3.0014346633457336 3.156828760615902 3.282455354192381 3.357033622322975 3.36521686296092 3.3159002252081793
3.019424201830132 3.0811213968044235 3.177993700354694 3.282720866775653 3.3811858218412376 3.4636227555799146 3.523194771712027 3.5560137206721225 3.574609236609827 3.611436809116673 3.659869449674051 3.70810334219975 3.7537926959543877 3.8061109949176393 3.8775274211851296 3.98993345973912 4.143084857138684 4.334029403083968 4.560095784914373 4.8190759763276505 5.103559088557126 5.404253561336705 5.704201433776221 5.830901486963024 5.484504594293076 5.062115638811645 4.63992235218982 4.222474772446867 3.8027128981642577 3.398948907200308 3.0678970412674404 2.831144669666859 2.6713289301797056 2.592863083282554 2.5791754250492778 2.6114838810454515 2.6768837995455623 2.768434109241788 2.8936425686508516 3.0353735792678194 3.150344337874299 3.2265889575366393 3.2517004679796884 3.208037157237802
