_RESULTS/CROSS_VALIDATION_POSTPROCESSED/MHZ/TZ/4comp/5/MHZ_TZ_z_90_kriged_reverse_4comp_spherical_5.asc
ncols 100
nrows 81
xllcorner 5.5967107548124995
yllcorner 50.982328804812504
cellsize 0.00017565037499993607
nodata_value 1.7014100000000001E+038
[rows 40 to 59 of 81, columns 44 to 87 of 100]
7.390531137720743 7.465358002994645 7.467313551356558 7.399932403635871 7.258592356278491 6.994462143547343 6.57148398373831 6.1788510413969435 5.881836650496507 5.541805920263894 5.181075059380599 4.818094216937095 4.471178488643264 4.15302673605376 3.8754730871373417 3.6561346261858354 3.502253167188707 3.410961616298215 3.3975907899078868 3.482266969979221 3.6882141191276787 4.040604983504969 4.565054126846322 5.277384438901757 6.12405892238567 6.967091633289156 7.62580466920415 8.096800367297464 8.481162100820253 8.834738860937291 9.181476792979076 9.584085692897881 10.043255747148914 10.52030232585907 10.976488016240934 11.378351866675649 11.687967485538643 11.971361203446811 12.3674455831251 12.8783785338939 13.508984034732535 14.27071651335642 15.175706599848054 16.17693837168548
7.924393977351274 7.972648664428229 7.909330386435717 7.750063157865044 7.515903382613062 7.198731987704196 6.723164929611845 6.298066120536173 6.055697244684515 5.753285751887127 5.430982826648402 5.10987658710372 4.808527843381332 4.535725647756472 4.300011090335825 4.118047061378285 4.011612283033659 3.98230580915353 4.037348369675232 4.1983438919244715 4.491087347345233 4.945704073499247 5.596371047506122 6.454345048785572 7.502319883664535 8.545469233952275 9.018570001932872 9.192586483428856 9.353745568853633 9.545457542792757 9.769604574262296 10.06579431192951 10.413215326517935 10.778576000862593 11.128027945545558 11.425902692826737 11.64582712646302 11.924081639160281 12.294167233087931 12.748107506243556 13.296604762835093 13.958351403181194 14.745766726182751 15.611666805229424
8.569319770432559 8.594488785889112 8.49437977193738 8.27928546231891 7.970540976518923 7.611114169161895 7.201725184036977 6.788678793952076 6.44133983628477 6.113527911980531 5.801015976298526 5.50657584967806 5.241651809491474 5.008601366220542 4.81817275577129 4.686846933745596 4.6322248890108035 4.666603238303743 4.789958318570505 5.027156030992134 5.405024650422771 5.942540364385143 6.665476323702685 7.601320311054016 8.766051451626437 10.12960934967451 10.195733106512533 10.097225855688801 10.082060873048516 10.137298218793953 10.239877562867854 10.412962447674404 10.64655335453944 10.900872005130509 11.13956119746576 11.326831972982195 11.504643865607118 11.785731806966634 12.139113147850876 12.536431053048561 13.003591522929076 13.569344285418977 14.240576684082296 14.966631054153915
9.332100604532515 9.337461264567972 9.198497219435039 8.935404274711049 8.58190100157437 8.181400740555729 7.781009661254676 7.360222084489612 6.960874491191784 6.596850227577095 6.2789382792157244 6.000268672450432 5.764143641862575 5.566938952565346 5.419578463633548 5.3380717686053 5.340412233810307 5.445520460003593 5.647609582128171 5.953485393552092 6.38144622098645 6.949501238755161 7.676270962078759 8.559501385228794 9.536490534258816 10.370894190313578 10.656279470716134 10.606351793545903 10.517555347054314 10.483693708048921 10.508731999361718 10.588275539210828 10.723036222748249 10.870590661532727 10.99545789930124 11.084097056551004 11.262321092709573 11.553951580282954 11.912390061815117 12.22237946135744 12.597216545048113 13.069315040761056 13.634255353354451 14.233691498625351
10.213627770742567 10.197425300673002 10.00739719954506 9.679612488146914 9.26355584467406 8.809419656267426 8.362356235190726 7.95808014450394 7.550787267222987 7.167335049651377 6.844551218141054 6.577696598903024 6.3663175038356306 6.20259334685481 6.096021005555876 6.060320043482252 6.110971226587609 6.265739626372513 6.5177472062191875 6.862041021923513 7.310583521012479 7.868847773126109 8.535486227991102 9.275588738186125 9.995317197235128 10.54718570203523 10.786736071324627 10.762554935838507 10.636395311759697 10.561534681243444 10.569101581778636 10.594195339214647 10.643384124216974 10.686061756031256 10.693822599428923 10.75067576270634 10.915417657576155 11.184359766268773 11.514178533529586 11.771783731753143 12.087831895351504 12.489083623808751 12.969428757169615 13.46334433696642
11.204507571490435 11.160799503211965 10.894159212563268 10.47200282149384 9.96667168958414 9.433824438006269 8.917921729046965 8.48277094793689 8.102753608132842 7.729611771458206 7.419318163956837 7.1726474177283075 6.987648126729079 6.853841917858393 6.779604470330812 6.777319213470929 6.861042089857248 7.046580489104894 7.331222782430562 7.691921294940049 8.131417848199142 8.643091210967041 9.210687671507845 9.787742420506602 10.29850939290104 10.663773005852544 10.810609238576086 10.7418666337979 10.525111257014974 10.413161081782086 10.470031683823969 10.464709476899094 10.426269249218773 10.358768516206435 10.309644137429483 10.354370712886816 10.488307584178509 10.698484928713665 10.950451136405318 11.21238498652761 11.50938359330736 11.866150127150918 12.286036759713753 12.694190295135662
12.288837158541048 12.203486370292053 11.811054079136019 11.254106063113085 10.635115929946219 10.00851811386533 9.43207402287566 8.945050639819593 8.548145445383838 8.20775167956132 7.9223540003231605 7.702586534756321 7.547329375174833 7.444586869385654 7.401434377670241 7.428721755140269 7.538539997478249 7.743954972553828 8.04351328672037 8.400539817626166 8.808340342596923 9.25219651648543 9.708816648013206 10.135631931501164 10.488509288909528 10.719837304922999 10.786323200753012 10.682577463541538 10.448356697498468 10.307438157881917 10.31291860912969 10.243252507012276 10.095771837490707 9.959238268756563 9.905041943597501 9.930963594829896 10.030816489257344 10.19277831963046 10.399338745245084 10.63876942801764 10.91608332417668 11.241612749006842 11.615766843195964 11.954172789463719
13.439879063200856 13.271775519561382 12.661315775928397 11.937233353221929 11.20066450428722 10.496129713477801 9.876433051368396 9.34834397721723 8.90940451392269 8.555083418907786 8.306068519276414 8.122241763534312 8.001851917118946 7.932323956557502 7.9193430026296125 7.972431030545568 8.10166660072171 8.31729920043622 8.616982315355328 8.954776589376749 9.316813139130726 9.684780248626854 10.033627971297959 10.334088429966172 10.568088591165214 10.701911331441773 10.711371572332046 10.60032137235234 10.415269240935594 10.24552263411652 10.107609681040806 9.928561881503569 9.721329149976848 9.577225119573217 9.509806209404784 9.51394365080825 9.58318494879989 9.70887333179345 9.88151234668008 10.095114688469312 10.350085005990584 10.650243094971778 10.982677106982312 11.263181903640392
14.503909446605217 14.11335782864858 13.248821762955926 12.405666133860342 11.596577572856429 10.865937513653014 10.225353189954411 9.67428419509557 9.209125443596426 8.823945006118533 8.541208063660456 8.38972919603089 8.310446617234575 8.277580154334132 8.294925715121376 8.371114914931558 8.514575051783591 8.7331779815891 9.02235898118441 9.330449040046682 9.639893398606535 9.931977851900992 10.182780209835958 10.383158192867587 10.525206540832471 10.584269655805558 10.547308045686613 10.420457213048357 10.23162348427274 10.01570682646973 9.784527367155286 9.575098380992364 9.388374689444461 9.232028613418153 9.146387071789714 9.128176372407475 9.170873570899353 9.267885774228088 9.413247193039584 9.603206629196855 9.837106060063434 10.116417268969348 10.40369138187792 10.634406763421046
14.327589756597092 14.095532931273173 13.384651558535317 12.578310353833707 11.802116359695022 11.093655676389028 10.462262387328805 9.910489542658812 9.436984824953603 9.037946098150789 8.7158893075146 8.518114624990304 8.44105081853295 8.446655560444968 8.495788913489848 8.594046862525841 8.74872523148334 8.966003218845929 9.238006620954696 9.510358757650225 9.76536379049643 9.985693537958632 10.152337511914798 10.275118231003502 10.342885777605787 10.33928276557942 10.256424684582568 10.097940040411437 9.87761025432552 9.643078915857952 9.431823483532114 9.246051584821595 9.081743374101949 8.93579294810858 8.83046401667201 8.790804661284762 8.810477080482578 8.884003839433085 9.007056036542272 9.176976985648677 9.39304021966934 9.65157935605903 9.888950348835664 10.075685273640028
13.87190296649676 13.677284698976742 13.15972966268606 12.50275709613552 11.82520388394493 11.177935831671794 10.583837415080778 10.052905061836862 9.58845794123994 9.19006224876584 8.85521090259233 8.611482309964595 8.486971511221965 8.458210196733337 8.504084793980194 8.618106858079443 8.783032657258634 8.997345592721054 9.248309687858823 9.482272022403034 9.684049324901908 9.838487261176882 9.94249673138499 10.000676565921571 10.005538065823528 9.945780023761662 9.818830451214422 9.650714389532089 9.463373362525195 9.275385752697872 9.099453969774563 8.940918002567061 8.800562586294381 8.677999963285332 8.573544675542683 8.514049222498205 8.513719715945985 8.567730979891273 8.672607585098186 8.826346482931216 9.028461517774717 9.252783017841526 9.443824999155558 9.591001280198897
13.439020048966613 13.212597562615228 12.790621178792103 12.267812384442715 11.703298897596762 11.137069425154078 10.59911521439264 10.105676987457116 9.664822133606213 9.27973887795667 8.950743061940104 8.680713637168386 8.512563556142668 8.443708133401582 8.44798677626136 8.518147722363757 8.649107047546835 8.836118850136279 9.051651638384522 9.242198339933278 9.392538362857843 9.494634115794808 9.555540722347756 9.570384843274233 9.543015840057567 9.474382209766143 9.369042050169886 9.23638156856458 9.088749433485962 8.938448494439255 8.794986938580855 8.664080519978821 8.5485225517317 8.449723050343225 8.36885346254606 8.307624803252564 8.28984554576764 8.327565668298385 8.417833608692879 8.559111100458008 8.745220477855428 8.922442535474929 9.070759176634144 9.181882256105446
13.040446627565366 12.802584208633435 12.42556136672317 11.964910358727593 11.480179170776683 10.998054491420167 10.52466367419093 10.078892704858838 9.672003252054376 9.310128242651807 8.996101305240689 8.7307425954045 8.526663930614948 8.419787580516216 8.388102626386477 8.419592356407072 8.50929498814439 8.65267009906693 8.811396875373331 8.945409649400709 9.045678422394712 9.118262063495145 9.158784559269568 9.162223135688714 9.130637310313224 9.069727511580757 8.982954242725382 8.87683855640182 8.759763742700398 8.640291179923096 8.525671874061645 8.421165305796453 8.330254042507923 8.255334643068464 8.198406983525434 8.161549822145725 8.147208795003563 8.171327371743779 8.250080943619183 8.38201489981006 8.529713260344622 8.661958590387929 8.770669499429474 8.848543309472342
12.708953008751086 12.453801331996473 12.093943618374595 11.668122014028775 11.219737086417721 10.787511785604096 10.37931064084577 9.98559789853838 9.618839406674144 9.287024966792917 8.994879070109388 8.744943519608423 8.53840325756703 8.394461819059675 8.331847524865156 8.330483342697802 8.385362692581214 8.48974520487946 8.595846342191523 8.68133504800332 8.75074829017798 8.800310487730558 8.824945126964687 8.821125219863646 8.78793190571509 8.732597168492525 8.659697404469888 8.57380234456251 8.480782208370462 8.386822662019025 8.297557565371076 8.21760072314194 8.150540414469834 8.099243465547943 8.066252113292823 8.054133945198007 8.065749788611818 8.104460904438815 8.17725275761733 8.281170938009865 8.382242481504578 8.472272808828304 8.543949461783024 8.590763432192308
12.436540267248741 12.158173083408382 11.799183334486994 11.38979393322904 10.963536211144136 10.551794844080858 10.180706504532717 9.839338705453905 9.515409844447035 9.21773284413999 8.952217530727129 8.72266687071693 8.531454599276547 8.380069429003786 8.286799785407416 8.257895646092123 8.283830727850004 8.349566392415012 8.410381822678117 8.46563360695735 8.51092194859074 8.541445676585983 8.553329629429397 8.544021212591375 8.512640529059354 8.461639767403126 8.399097012414018 8.328862172368533 8.255159758839117 8.182600873424043 8.115651028715092 8.058307147219889 8.014028349505603 7.985864770301153 7.976684627934841 7.989417452954367 8.027274116698976 8.093937210444784 8.176941800986521 8.247198537553157 8.30462090571392 8.354584883432532 8.391191016581107 8.408545529317193
12.212411739991676 11.906281030352993 11.537774848994472 11.132357764361101 10.717324573580353 10.318564587354283 9.958495557695446 9.652681646384227 9.371800545364499 9.110108376402366 8.874084157648712 8.668335895308687 8.496107222730439 8.359723574981398 8.260964495073834 8.208748362112324 8.210863037246346 8.240108936365953 8.27248912635097 8.303162343213815 8.3276511460851 8.342067667359668 8.343376447665731 8.329658504669442 8.300326275801947 8.256232869711495 8.201590193993622 8.14367817588441 8.08579256752516 8.031469721110707 7.984327296194814 7.9478413796688185 7.925270189923631 7.919705747414589 7.934207243671479 7.971969934989902 8.036499442605312 8.113934071185316 8.182663648897144 8.239491944432462 8.281706048215822 8.30705493868091 8.313723777183208 8.303054671515788
12.025797501169425 11.68822994542732 11.303291604994335 10.89349220062884 10.481912381218567 10.090291411194903 9.73774333852042 9.440322461929547 9.197370027528748 8.971882673337884 8.76669845305068 8.586844744069731 8.436136200800586 8.317516994511852 8.23336972575638 8.187910902092685 8.178273147485672 8.180132866127737 8.18753184225117 8.196226510210193 8.202400157528054 8.202826555354333 8.195052069983738 8.177569206268519 8.149947844343783 8.112890211121996 8.06818540373364 8.020254311358332 7.9755826870262805 7.93708837189767 7.907773821815131 7.890702638572853 7.888935431927023 7.905550299370194 7.943726619542655 8.00558396776679 8.072542403052193 8.134786169254042 8.18908590433166 8.232511211727585 8.262483023721645 8.276793723881582 8.273600409941317 8.25923274454053
11.872126393301915 11.494496972661365 11.087877475733585 10.668367722080168 10.255163748844566 9.86671232796952 9.519266650262228 9.226696685392945 9.000409296664804 8.81025122064355 8.636128355714451 8.483196093441208 8.35572238572279 8.259759159092136 8.200552447020023 8.182419063050348 8.182359837945894 8.174076023172208 8.158789592331498 8.147404677446678 8.137049545480366 8.12496812704869 8.109105095809431 8.088218089655804 8.061956882274055 8.03088910071438 7.996459844739574 7.960885773032491 7.927840831501428 7.90338344758499 7.890414481158838 7.891686528184155 7.910098777192495 7.948707710070536 8.0005636627889 8.054123204299067 8.10627277803113 8.153943622142613 8.194211139741574 8.22437168665018 8.241993825843357 8.244945075035744 8.236234061536058 8.225819766824438
11.769662811167125 11.340787929369506 10.898432949376389 10.458754760814607 10.037145850055197 9.64781582862496 9.303523847193276 9.015577552433355 8.794124913562138 8.634483073191324 8.493549273689839 8.37275557046581 8.277519717274467 8.212868600949028 8.183631585199777 8.182419063050348 8.182419063050348 8.182364907896071 8.175368539604976 8.158250445500896 8.13420566869049 8.11059350456225 8.087262033507322 8.063135634067743 8.03789818014164 8.012002814402926 7.986638441825705 7.96365474529108 7.945456798919396 7.9349510617252195 7.937306154301145 7.955699135415957 7.9843572716181495 8.019264728026968 8.05794157728593 8.097717558832947 8.135835446130146 8.169548287148746 8.196203925100342 8.213312551240497 8.21859540792512 8.214104352558877 8.208068408273798 8.201343176900679
11.711466733572756 11.230334709578425 10.750931986591414 10.287451097562405 9.85278016346097 9.45851276477451 9.114991509208071 8.831485240934937 8.616542606353006 8.476374110569052 8.369852477782612 8.282508681739792 8.219662411137131 8.186404041924431 8.182419063050348 8.182419063050348 8.182419063050348 8.182419063050348 8.182419063050348 8.178500608309118 8.166437485795 8.148402090430807 8.126583585987293 8.103097722226213 8.079933811273342 8.058895246146419 8.041536126560986 8.029098436337216 8.022455781716381 8.022070335247795 8.02796883239386 8.039881448161943 8.058291424280666 8.081737819340159 8.108026810513614 8.134791358814464 8.159573656227561 8.179904503433272 8.193374355709743 8.197692451248534 8.195882674556984 8.193164216897118 8.18991532613233 8.186635074700968
