_RESULTS/CROSS_VALIDATION_POSTPROCESSED/MHZ/TZ/4comp/5/MHZ_TZ_z_500_kriged_reverse_4comp_spherical_5.asc
ncols 100
nrows 81
xllcorner 5.5967107548124995
yllcorner 50.982328804812504
cellsize 0.00017565037499993607
nodata_value 1.7014100000000001E+038
[rows 0 to 18 of 81, columns 43 to 85 of 100]
1.412899139867218 1.412899139867218 1.412899139867218 1.412899139867218 1.412899139867218 1.412899139867218 1.412899139867218 1.412899139867218 1.412899139867218 1.412899139867218 1.412899139867218 1.412899139867218 1.412899139867218 1.412899139867218 1.412899139867218 1.412899139867218 1.412899139867218 1.412899139867218 1.412899139867218 1.412899139867218 1.412899139867218 1.412899139867218 1.412899139867218 1.412899139867218 1.412899139867218 1.412899139867218 1.412899139867218 1.412899139867218 1.412899139867218 1.412899139867218 1.412899139867218 1.412899139867218 1.412899139867218 1.412899139867218 1.412899139867218 1.412899139867218 1.412899139867218 1.412899139867218 1.412899139867218 1.412899139867218 1.412899139867218 1.412899139867218 1.412899139867218
1.412899139867218 1.412899139867218 1.412899139867218 1.412899139867218 1.412899139867218 1.412899139867218 1.412899139867218 1.412899139867218 1.412899139867218 1.412899139867218 1.412899139867218 1.412899139867218 1.412899139867218 1.412899139867218 1.412899139867218 1.412899139867218 1.412899139867218 1.412899139867218 1.412899139867218 1.412899139867218 1.412899139867218 1.412899139867218 1.412899139867218 1.412899139867218 1.412899139867218 1.412899139867218 1.412899139867218 1.412899139867218 1.412899139867218 1.412899139867218 1.412899139867218 1.412899139867218 1.412899139867218 1.412899139867218 1.412899139867218 1.412899139867218 1.412899139867218 1.412899139867218 1.412899139867218 1.412899139867218 1.412899139867218 1.412899139867218 1.412899139867218
1.412899139867218 1.412899139867218 1.412899139867218 1.412899139867218 1.412899139867218 1.412899139867218 1.412899139867218 1.412899139867218 1.412899139867218 1.412899139867218 1.412899139867218 1.412899139867218 1.412899139867218 1.412899139867218 1.412899139867218 1.412899139867218 1.412899139867218 1.412899139867218 1.412899139867218 1.412899139867218 1.412899139867218 1.412899139867218 1.412899139867218 1.412899139867218 1.412899139867218 1.412899139867218 1.412899139867218 1.412899139867218 1.412899139867218 1.412899139867218 1.412899139867218 1.412899139867218 1.412899139867218 1.412899139867218 1.412899139867218 1.412899139867218 1.412899139867218 1.412899139867218 1.412899139867218 1.412899139867218 1.412899139867218 1.412899139867218 1.412899139867218
1.412899139867218 1.412899139867218 1.412899139867218 1.4116894858126074 1.4088308037781951 1.40577350008431 1.403577635334179 1.4028750776952421 1.4038529311514063 1.4062489951373827 1.4093581745306338 1.4120513472208602 1.412899139867218 1.412899139867218 1.412899139867218 1.412899139867218 1.412899139867218 1.412899139867218 1.412899139867218 1.412899139867218 1.412899139867218 1.412899139867218 1.412899139867218 1.412899139867218 1.412899139867218 1.412899139867218 1.412899139867218 1.412899139867218 1.412899139867218 1.412899139867218 1.412899139867218 1.412899139867218 1.412899139867218 1.412899139867218 1.412899139867218 1.412899139867218 1.412899139867218 1.412899139867218 1.412899139867218 1.412899139867218 1.412899139867218 1.412899139867218 1.412899139867218
1.411835717803552 1.4052928516472916 1.3949956687859268 1.3832869708230686 1.3721572480189848 1.3631842821654132 1.3574988025490098 1.3557677224553948 1.3581875093166635 1.364482710634296 1.373908082851951 1.385256489076692 1.3968780399438627 1.4067182058421894 1.4123833879193617 1.412899139867218 1.412899139867218 1.412899139867218 1.412899139867218 1.412899139867218 1.412899139867218 1.412899139867218 1.412899139867218 1.412899139867218 1.412899139867218 1.412899139867218 1.412899139867218 1.412899139867218 1.412899139867218 1.412899139867218 1.412899139867218 1.412899139867218 1.412899139867218 1.412899139867218 1.412899139867218 1.412899139867218 1.412899139867218 1.412899139867218 1.412899139867218 1.412899139867218 1.412899139867218 1.412899139867218 1.412899139867218
1.3869444045829584 1.3658018544235673 1.3429324786319399 1.3208612314603776 1.3016781941438136 1.2870035703215998 1.2779779490596448 1.2752657346281844 1.279061448544938 1.2890922105540066 1.3046143410750572 1.3244069588635796 1.3467699632996333 1.3695371429966186 1.390116592568875 1.4055696649060039 1.4127365732603103 1.412899139867218 1.412899139867218 1.412899139867218 1.412899139867218 1.412899139867218 1.412899139867218 1.412899139867218 1.412899139867218 1.412899139867218 1.412899139867218 1.412899139867218 1.412899139867218 1.412899139867218 1.412899139867218 1.412899139867218 1.412899139867218 1.412899139867218 1.412899139867218 1.412899139867218 1.412899139867218 1.412899139867218 1.412899139867218 1.412899139867218 1.412899139867218 1.412899139867218 1.412899139867218
1.3325945038142823 1.2973459274987356 1.262567584757726 1.2308556856030097 1.2042963384435657 1.1844640354837512 1.1724428993322225 1.1688545197536888 1.1738794363272753 1.187264195261787 1.2083115494147365 1.235857203315613 1.268242064001927 1.3032936256395509 1.3383329604335847 1.3702237047510997 1.3954757433361884 1.4104097201223478 1.412899139867218 1.412899139867218 1.412899139867218 1.412899139867218 1.412899139867218 1.412899139867218 1.412899139867218 1.412899139867218 1.412899139867218 1.412899139867218 1.412899139867218 1.412899139867218 1.412899139867218 1.412899139867218 1.412899139867218 1.412899139867218 1.412899139867218 1.412899139867218 1.412899139867218 1.412899139867218 1.412899139867218 1.412899139867218 1.412899139867218 1.412899139867218 1.412899139867218
1.2546793542786645 1.2065221720765809 1.1611030306430599 1.120968103666946 1.0880910892382998 1.0639123866520606 1.0493955210156596 1.0450812921246575 1.0511250629854723 1.0673085010365273 1.093023213636087 1.127229865378531 1.1684024797002552 1.214473433013372 1.2627993082054867 1.310169776909764 1.3528792328663084 1.3868731111575363 1.407969468874597 1.412899139867218 1.412899139867218 1.412899139867218 1.412899139867218 1.412899139867218 1.412899139867218 1.412899139867218 1.412899139867218 1.412899139867218 1.412899139867218 1.412899139867218 1.412899139867218 1.412899139867218 1.412899139867218 1.412899139867218 1.412899139867218 1.412899139867218 1.412899139867218 1.412899139867218 1.412899139867218 1.412899139867218 1.412899139867218 1.412899139867218 1.412899139867218
1.1599499361989938 1.100640571687295 1.0463020457355823 0.9993106108843482 0.961427200209119 0.9338810052487035 0.9174616425446382 0.9125986247785036 0.9194133036371885 0.9377348741091329 0.9670780255572531 1.0065856336399217 1.0549459499540885 1.1103002241635518 1.1701630461713 1.2313823991580404 1.2901669716713293 1.342201996254943 1.38286100663373 1.4075035363924333 1.412899139867218 1.412899139867218 1.412899139867218 1.412899139867218 1.412899139867218 1.412899139867218 1.412899139867218 1.412899139867218 1.412899139867218 1.412899139867218 1.412899139867218 1.412899139867218 1.412899139867218 1.412899139867218 1.412899139867218 1.412899139867218 1.412899139867218 1.412899139867218 1.412899139867218 1.4128951565070644 1.4126851887275522 1.4122863596946547 1.4118553048826568
1.0557509233511293 0.9869875388367622 0.9256993743143365 0.8735803115065996 0.8320986396136666 0.8022156161315148 0.7845104338624648 0.7792815740161532 0.786610830092264 0.806382736715626 0.838257401457054 0.8815995651237761 0.9353721435689571 0.9980091719137595 1.067290733600911 1.140249755354798 1.2131448754758465 1.2815311928561455 1.3404480608460876 1.3847206588090648 1.4093499319639844 1.413033417543536 1.4132406537786832 1.4133726888478104 1.413357434746871 1.4132026848785388 1.4129958376335159 1.412899139867218 1.412899139867218 1.412899139867218 1.412899139867218 1.412899139867218 1.412899139867218 1.412899139867218 1.412899139867218 1.412899139867218 1.412899139867218 1.412797341223048 1.4121086867131492 1.41098470114553 1.4096611127569598 1.4083474648363978 1.4072205176408856
0.957249170578623 0.8779130061497158 0.8083876185787597 0.7508448620974565 0.7066732715345141 0.6754278209878625 0.6570128308655926 0.6515880121794541 0.6591936900404326 0.6797724652793753 0.7131388840159916 0.7589165398199393 0.8164131791383187 0.8843187748747298 0.9607191155138516 1.0430012322805324 1.1276829299218716 1.2103020646533715 1.2863123359546176 1.35005927888612 1.3955450215724408 1.417228335278635 1.4191416208623195 1.4196940330896883 1.4196334062682665 1.4189685984300942 1.4177988177735792 1.4163095348362738 1.4147651944494068 1.4134996084000127 1.4129051047412133 1.412899139867218 1.412899139867218 1.412899139867218 1.412899139867218 1.4128727085236876 1.4120933931166006 1.4104547622122054 1.4082500066676595 1.4057603251985413 1.4032487322628746 1.4009523222807376 1.3990735553299272
0.8700556243472154 0.7816015194497652 0.7048409123333808 0.6415337688767003 0.5926500410309956 0.5586816937972283 0.5397114527114989 0.5342983186548057 0.5425677604742165 0.5643986548490729 0.5995504160138423 0.6476817726801255 0.7081902031194021 0.7800334707548239 0.8615542621578216 0.9503947048975834 1.0442560024550043 1.1392627954561743 1.2303579388906698 1.3119296105208256 1.3771514876082362 1.418905012040817 1.4320374956170958 1.4330413971479952 1.4329320120151792 1.4317195456056815 1.4295181304725628 1.4265403204798346 1.4230873282042846 1.4195362726420944 1.4163259678843938 1.4139427657001546 1.4129077057851587 1.412899139867218 1.4126610817369178 1.411169465982247 1.4085848383412956 1.4052288296871844 1.4014206423337972 1.3974719791916765 1.393679483364144 1.390314893215704 1.387613561745789
0.7947759844560242 0.698232741756523 0.6154029088873408 0.5475983872677902 0.4952628021551722 0.4585316300140133 0.4378934730487705 0.4330551484678791 0.4427788534574837 0.46589952098398546 0.502399918088009 0.5521879319265975 0.6149266543249042 0.6898379228083513 0.776007240673137 0.872267011253566 0.9754772099869314 1.0813659815098182 1.1846491429641808 1.2793094401666514 1.359050129613198 1.417854821326279 1.449135217357907 1.452991591905362 1.4528293398102672 1.4510236125295033 1.4477073786945636 1.4431272357870888 1.437630310488414 1.431647311344308 1.4256738987299569 1.4202524650837636 1.4159560118128809 1.4129543696921578 1.410448197327392 1.4070330708101586 1.402571248341007 1.3974076334293108 1.3918914604601405 1.3863707401128218 1.3811832953205687 1.3766444046709672 1.3730317163591244
0.7319280460006566 0.6278535607254009 0.5396545852288829 0.4681802845052183 0.4142386728664605 0.3772358005538502 0.35608000309394167 0.3501476704907218 0.35937326260480473 0.3833406770794595 0.4208202582614409 0.47190058043754074 0.5364728002188752 0.6148357470443054 0.7066831287638835 0.8101094528670469 0.9220414781674187 1.0381312699878442 1.1528307367508766 1.2596844802881118 1.3518332831850337 1.42265163337467 1.4663869852591878 1.479107026871826 1.4788870399062808 1.4764340706822507 1.4719047813613892 1.4655884030433024 1.457889152617911 1.4493037235175965 1.4403969072806793 1.4317782192560848 1.4236630260710226 1.4152259716293905 1.4072958018455068 1.4007850785185052 1.394365880925235 1.3872917620440885 1.3799457636631878 1.3727184325425679 1.3659976392380706 1.3601533782700352 1.355518037011257
0.6820836312441423 0.5705234290840034 0.4773709489231776 0.40418944058079376 0.34968488294706307 0.3122123949912648 0.2905146167233276 0.2838389876139599 0.2919692008579308 0.3152615188568617 0.353648983616662 0.40602426203067665 0.47326954471167665 0.5559491052657926 0.6533801724153729 0.7638442680562159 0.8843092834011816 1.0102913263173794 1.1359190427113266 1.254248707332557 1.3578308909443206 1.4394409073369065 1.4928004394174368 1.513130302098903 1.510623244019631 1.5074608570407055 1.501605717185132 1.4934001313938483 1.483318844757164 1.4719392042990536 1.4599093652322825 1.4476878678098406 1.434182822568023 1.420058993542322 1.4063870599739596 1.3941677622914188 1.3843020617825146 1.375204524486561 1.3658903881040758 1.35679896118433 1.3483782854488278 1.3410670430139353 1.3352690075179003
0.6460308409353541 0.5268414885513715 0.43029370375947196 0.3550673525801341 0.29908266319484056 0.2604842384673471 0.23793412417623416 0.23066946196361354 0.23838321545018357 0.26117441200284114 0.29972042341023764 0.35436013949125117 0.4251896892275718 0.5125080351876986 0.6158723738553495 0.7336867401378205 0.8628815426122738 0.9987514149801594 1.1350189309436554 1.2641854887448156 1.3781820707259391 1.4692161524467389 1.5305819566917713 1.5572093016703668 1.551434022298813 1.5435473054314925 1.5362279211848935 1.525964616824723 1.5133050678676496 1.4989242285389823 1.483550837724907 1.4662340898268975 1.4469844339161293 1.4270329969308595 1.4075207618249659 1.3894926280359912 1.3739049141081199 1.3615032897369146 1.350068690734689 1.3389321265017533 1.3286127275555808 1.3196350421697178 1.312496651916533
0.6252819767319084 0.4994417283614864 0.39822989387153845 0.319475075881679 0.26073816218899276 0.21994564959007312 0.19582663873722064 0.18790270772404977 0.19592475850677687 0.21953864404757714 0.2590784766189931 0.3165230706458297 0.3916552286132759 0.48438888114001705 0.5944646718414524 0.720321089400143 0.8587424166198963 1.0046870278025029 1.1513646394070935 1.2906422606731653 1.413811354319263 1.512587678872045 1.5800138971505406 1.6109418040819494 1.6038300223417863 1.5877782972684595 1.5750683681163142 1.5625710913299222 1.5471301055823332 1.5295368787927652 1.509815864459566 1.486738037116451 1.4615845186094136 1.4356922546331754 1.4102728086072356 1.3864104111931468 1.3650759375551909 1.3471519351473544 1.3328759019213332 1.3194909899920448 1.3070377936415642 1.29614701933664 1.287440212506446
0.6237745339185178 0.48929414174583125 0.3813161884555479 0.29724927829626324 0.23413857838859983 0.1895458964199062 0.16242283024752946 0.15337960237253828 0.16276270584878777 0.18907726486562745 0.2318928347075434 0.29253546963872595 0.37292790289558675 0.4722487791789158 0.5901715707594435 0.7250421425156036 0.8733490590696145 1.0295656080120432 1.186257740390858 1.3342040056644255 1.4641644179686522 1.568079136391267 1.6393120402595083 1.6728529168817297 1.665326227378818 1.6412963776933784 1.619787111988842 1.6023504408511295 1.5839349933802909 1.5628455086792534 1.5376157833598394 1.508621726121444 1.4774567755172079 1.4455674812629853 1.4142323867096067 1.38456627330303 1.3575425358793516 1.3340278048703902 1.3148244494865775 1.2989241446094555 1.2840638392584318 1.2709549234057536 1.2603827037214184
0.6442457372824478 0.498155789266747 0.38100421349823693 0.28967576623990443 0.2204448939348559 0.1700250459290097 0.1371353653928548 0.12540625897721958 0.13844430812862685 0.17048668200226352 0.21860301217168926 0.28414521257219727 0.37034084116690424 0.47771621848521223 0.6048649037964765 0.7496264069316974 0.9060599494205592 1.0677730694391012 1.2274478504631612 1.3768637062028668 1.5076512005129272 1.6122376543214154 1.684561927097666 1.720112587238877 1.715400818518173 1.6900899513968726 1.6661666933033974 1.6440991421527515 1.6226805637618202 1.5972359391480908 1.5662238807637003 1.531241673836199 1.4940469471692168 1.4561957818622115 1.4190261731802105 1.3836709274521404 1.351090177602104 1.322116734097399 1.2975104431246223 1.277784270276518 1.2602091540984348 1.2445072227057692 1.2321548006048153
