_RESULTS/CROSS_VALIDATION_POSTPROCESSED_CLR/Berg/IZ/8comp/1/Berg_IZ_z_90_kriged_reverse_8comp_spherical_1.asc
ncols 100
nrows 90
xllcorner 5.6208707817415728
yllcorner 50.959635321741573
cellsize 0.00013419651685393446
nodata_value 1.7014100000000001E+038
[rows 38 to 56 of 90, columns 42 to 83 of 100]
-0.1530004468770806 -0.03804428570803542 0.09919980121358973 0.25631643476733246 0.42500949682456873 0.6016232141412371 0.7842142108962826 0.9671322596269466 1.1444658006139388 1.310748202693352 1.4610765285281708 1.5885814479940785 1.6856290303780126 1.7498397930206975 1.7863057657609964 1.8120035077215093 1.8407528510450633 1.8757748838019763 1.922361244916647 1.979934682560257 2.046606123228598 2.1175006426798673 2.178856595460478 2.2197725344095325 2.240131717614638 2.244151646402538 2.236090777476282 2.2182582750625675 2.1901830572069594 2.14829610828866 2.0898479810699806 2.001775246330468 1.8735646979567098 1.716996947242119 1.5339289535340828 1.326575508678514 1.1064497811792324 0.8909185281753039 0.7014014434902693 0.5547956498293782 0.4643554831489277 0.4324242729442644
-0.13885572667268342 -0.013223293029554273 0.13329024246554877 0.29533778250015735 0.46513796708319266 0.6447603753727079 0.8312921620472576 1.0191233828865904 1.204580166367589 1.381140489724996 1.5396263371817782 1.669691975650055 1.7639638102835797 1.8239741369169926 1.853785029526665 1.874119672535281 1.8941561298105716 1.918701446885303 1.9583032211067037 2.016671679631891 2.092226663089195 2.178703934607147 2.2562979159038754 2.3084404787161468 2.336170329856115 2.3496857848281474 2.35544976230379 2.355312198399627 2.3483668153340167 2.330346219293999 2.2907042481772555 2.214400281524338 2.0858726838913375 1.9128696542364154 1.7077330700502618 1.4763156312288508 1.2292712733333435 0.9812210731400794 0.7571552445288154 0.58295991710915 0.48302999262248614 0.4559658351183482
-0.13548303790119076 0.003217388611346572 0.16398233137955864 0.333631672875465 0.5070219605299396 0.6897325201643046 0.8808811370331247 1.0782287723374073 1.27477093631668 1.4615421450424761 1.6282596489665329 1.7629679635305466 1.8585754417834912 1.9123808925664778 1.9322918374704938 1.9429476868463675 1.9529857728135813 1.9698248919998627 2.0038692424980082 2.062820389326916 2.147718478915629 2.2544794807205393 2.3585742262486065 2.4208281264371294 2.4496568193047663 2.4714220920596075 2.4915901185364717 2.509280643522231 2.5213783000189127 2.5223638895452516 2.502923991682224 2.4439170030908377 2.314335467982965 2.119762512782979 1.883859799480299 1.6243072337395936 1.3494301110297258 1.069871645918321 0.8049380273089776 0.5884667427161682 0.48450632794691517 0.4743624418867894
-0.14302557805131955 0.009688645207744928 0.18525932064035655 0.367360518588361 0.5490930184526492 0.7362101977251966 0.9345145330231552 1.1399654227066267 1.3457617982480077 1.5436444796078315 1.7225519895093822 1.8681432861312965 1.968784453533858 2.011051733858962 2.012369743313749 2.0009477283078576 1.9907427162832163 1.9924713936073024 2.0164287355263193 2.073236883786925 2.165693990616287 2.2925352126933527 2.4413216389170063 2.508890943737784 2.5402996841295256 2.576968242347618 2.6149412335731617 2.6517761717835358 2.6858264418906224 2.712356732394957 2.7210448670170724 2.684828983834406 2.5547538542406976 2.331002197044203 2.058107957123606 1.7649830289257609 1.4661259971564697 1.1646732586024986 0.8694817749720257 0.5939745335849553 0.5022228209458692 0.5091510893365023
-0.16392958308076533 0.004516102204731309 0.19479020430099925 0.38933799709026784 0.5823903184516106 0.7799122453913083 0.9851269935031157 1.1965028964848257 1.4103534834201084 1.6197914969293317 1.8141064544455805 1.977027569618952 2.08408904215735 2.108642743675547 2.0778065100329646 2.033277303895518 1.9959017540518251 1.9768528044448068 1.9855008617630172 2.0340364728969043 2.1256998144436086 2.255897689181091 2.3969538536145634 2.499750784117751 2.5717387984161455 2.639551514609307 2.7062840876922216 2.770202466736081 2.8292163642391905 2.8830745039541528 2.9263592240906897 2.931549849223032 2.8013770933875097 2.52767804388356 2.2123235295733177 1.890719794230808 1.5736169956418582 1.2665587683162423 0.9755713597036302 0.7358613843783447 0.6092355564612397 0.5767474620014844
-0.20183624228093455 -0.014215095881154771 0.19133736685387592 0.39784921586157934 0.6046785416278802 0.8140461097902346 1.0264603818049485 1.243102451052598 1.4611154617245885 1.6749272093109746 1.8775380035690274 2.0655299117630674 2.2021589967367063 2.196533789007538 2.1127763643266895 2.029241086540946 1.9625623739507059 1.9196563801873616 1.908523059146303 1.943577307805896 2.030053057481744 2.1603314428616596 2.305587049663739 2.4385371063576256 2.5540093783432294 2.6590816929277663 2.757322737991843 2.8486823470959424 2.9319435608971576 3.005026690173021 3.069974997219881 3.134159230111612 3.0079749225364774 2.661998752537939 2.3193930316736395 1.9853001912513675 1.663810919864563 1.3606348386111788 1.086433766908765 0.8665781786538493 0.7242334505187649 0.6559191352265937
-0.24963116018881115 -0.038196982848564986 0.18114168119801133 0.3994661382133649 0.6172640113394005 0.8349804462288001 1.0522906713625106 1.2701289394387656 1.4832390570946594 1.6884537691579706 1.8861271632537804 2.0854938494899478 2.2871605618515316 2.21756006942803 2.0870876850760265 1.9771254208233473 1.888178974517991 1.8226779281441374 1.7881605344013773 1.8048501044387142 1.8875198461716167 2.0274065795790284 2.1915567907300937 2.353474850521969 2.504633464841689 2.6442512566608647 2.7720295919517293 2.8843060907008935 2.9780748099918233 3.051992549456239 3.103592695097735 3.1113144447777783 2.973412454808784 2.684158244024138 2.3600298250923313 2.036812548116632 1.72521569928528 1.433593039246893 1.1717035897123365 0.9595791602430396 0.810522827410367 0.7216448018959332
-0.277836552613433 -0.05282676006238718 0.172800583714119 0.39831351614024785 0.6215985917623658 0.842145785997854 1.0598494997070873 1.2662655163663845 1.464117726635727 1.6513384742700072 1.828132137112488 1.9933537909745092 2.105227213107544 2.084116190903223 1.9830900512250917 1.8760307262683815 1.7789793796305227 1.6967308645613661 1.6358994354583556 1.6237681413626899 1.7076177441235219 1.8727728549352687 2.0640145108321577 2.2534871276053483 2.4338565422336904 2.6012145940334737 2.751472227082986 2.8780681396564 2.9738458943694273 3.034132120190421 3.053482741282167 3.013456316095665 2.8717659570848033 2.6316170715981086 2.342679524540641 2.0449865699865732 1.7527327347002 1.477199558632992 1.2276518692919134 1.0194023773355212 0.8643185701596328 0.7629759584159126
-0.2579653838008946 -0.04878678427693761 0.17245807688713277 0.3968885199291777 0.619497781304308 0.8368217402691324 1.0428422717613808 1.2328696957563792 1.4088046885981822 1.5719219120628936 1.719571085026827 1.8424222673960702 1.9121389952290353 1.9030543083183624 1.833019801245448 1.7432478740363846 1.6510397126853382 1.5633216082887522 1.483311608609963 1.4209809356168717 1.5184153630227588 1.722187560230248 1.933993659681908 2.1411387313097987 2.3404065167766777 2.5286696731924536 2.699360552252613 2.8397067623897003 2.9337737267684254 2.9746786482299674 2.964567370854531 2.899885970488965 2.761119148608538 2.5489073984751265 2.2898697332581213 2.0181503038941626 1.7483942921320696 1.4908353736244413 1.2542067043449543 1.0518778972941445 0.8945642950445857 0.7823823111314918
-0.2261483824358579 -0.03436880735659187 0.17700179263846894 0.3945644241230562 0.6113501888751347 0.8153345646359642 1.0039232279007888 1.175996095499715 1.3301503595774125 1.4677722893678378 1.5857087231019826 1.676714035711309 1.724675280793602 1.7186296623974544 1.666056296040935 1.594090659184082 1.5153609946483155 1.4374737720095832 1.3683843071362691 1.3353322826339626 1.4190680404895635 1.5981516500469066 1.8037590028793984 2.0140715795449453 2.222650173183883 2.4261568022977187 2.6176252517293364 2.7782296808970592 2.871207571015745 2.886818203969474 2.8506338883901137 2.7716797541861142 2.637176369772587 2.448175946327769 2.216099863165658 1.965875921090949 1.717764942612475 1.4781484699806668 1.254782875492677 1.0603646538505824 0.9050221555133959 0.7866815914345308
-0.201481078940983 -0.020902572630127847 0.18025259909737934 0.388472298267028 0.5922351354744393 0.780098652734438 0.9513818160272799 1.105611739626716 1.238485873995339 1.350956337325567 1.4428526274988873 1.5106115830878943 1.544715251086085 1.539466329033898 1.4976016274740795 1.4399511552668676 1.3774324050719162 1.3179061269806542 1.2744931392061192 1.2749140961713405 1.347110200862979 1.4872245537742943 1.6683957541638035 1.8692016918134902 2.0765772948283896 2.286583333611868 2.4952009298081417 2.691672958094483 2.789592340166263 2.7635143868412717 2.707172837638354 2.6229818201907538 2.496518611624823 2.328241944756618 2.1243157759854476 1.8963705753010498 1.6670490019135416 1.444358661345602 1.234226376617642 1.049396188113441 0.8983507607331492 0.7779429104155864
-0.1868170335664765 -0.013813638923805494 0.17915616617673713 0.37763452617949606 0.5661221985440942 0.7387212454137344 0.8924436054134285 1.0277859485967529 1.1405597600602453 1.2294770684949157 1.299058515417895 1.3486921592803491 1.3725192939342028 1.367325087216957 1.3337850747926805 1.2868284032977204 1.2390328856424893 1.1967095958029126 1.1725287025761049 1.185477819717624 1.2484142236730784 1.3622138642530066 1.5168629044027966 1.7001420830707636 1.8969561496741638 2.100683722204411 2.3059700513102515 2.5012922824708688 2.5994272052300915 2.5751713041365134 2.524600941724451 2.4486427600113427 2.3367554209260524 2.1902779086381745 2.013444107206742 1.8125508951397025 1.602002220748561 1.3949443677177964 1.1978611241050374 1.0238853863773643 0.8781805723051328 0.7585955151718006
-0.1748813518257657 -0.008050749669085033 0.1783207090461213 0.3636770281903598 0.5366255814394185 0.6934842006451672 0.8305915644976957 0.9469799654676829 1.0405860409415664 1.1083158204549293 1.158176656765166 1.1924044507523337 1.2073848093402264 1.2014119840099564 1.1751035121046 1.13584171266799 1.099173562929544 1.0689592568120796 1.0553042553609726 1.069619626809379 1.1207087080171956 1.2124129121042733 1.341957231779285 1.502787955085465 1.6830490572832646 1.8701623746832865 2.053259361607548 2.2106865883219884 2.3043465420124507 2.3259250049906104 2.3055695637869906 2.2497467597401704 2.158856744265848 2.0363325978644466 1.8862301540387536 1.7136218128897807 1.5261095134696285 1.3351885197175748 1.1510654570647416 0.9884894078995019 0.8485844958810076 0.7319183479226425
-0.16120537820421754 -0.001187202921451691 0.1765281629034947 0.3473760801649626 0.5049502195521324 0.6461742888403699 0.7677771745709155 0.8666026619392687 0.9416073373910839 0.9904282152374403 1.0221355837181547 1.0420179703752421 1.0480959117993722 1.039803632362235 1.0181693414477002 0.9859873309809508 0.9568904233479057 0.9349210205637886 0.9248955119078793 0.9322850443063806 0.9668724077957223 1.0364227534179231 1.1420300713615699 1.279281977769121 1.4401031572152325 1.6087403520340964 1.771029621480372 1.909561521831949 2.006125555127715 2.055557658411849 2.0651010004914445 2.033894457589791 1.9673149995273478 1.8700665467375917 1.746461881878051 1.6010707778689284 1.4387480386663727 1.268717670905887 1.0991157775539875 0.946815966512143 0.8136785073978063 0.7015230663017132
-0.14407224882563563 0.007993885457604488 0.17334441282820778 0.33004290919589674 0.47247102459729273 0.5983857693515707 0.7051463560723783 0.78912900810498 0.8463483500024116 0.8777294516372895 0.8921357420225535 0.8975157958878256 0.8934077389493883 0.8801947616767314 0.8596570058244984 0.8343311814317359 0.8105266941741615 0.7967019285661278 0.7859797841909761 0.7772857680439695 0.788939962577384 0.8353442928693482 0.9190224660977269 1.0353728021621535 1.1764606405150395 1.330558197452546 1.4802736462154695 1.6123489374552746 1.7156944633162663 1.7859414924059458 1.8181748621086045 1.8105749286306485 1.7684138528294582 1.696275937506239 1.5984119759122108 1.4790557068661152 1.3424806854553826 1.1935235733400056 1.0443943717946986 0.9031803648851904 0.7775343512287791 0.6710760989258456
-0.12176269978718668 0.020788959381382033 0.170494995571966 0.31335924704673374 0.4407452628488424 0.5515340543099507 0.6445126358786747 0.7148472654562911 0.7570586276696752 0.7717677252106969 0.7693552540692657 0.759220383234405 0.7426490838008953 0.7206799731469476 0.6958912673344095 0.6722191879149436 0.6542131105917848 0.6539913411690854 0.6435105284564063 0.6026071733164013 0.5848108513346587 0.6100430351600372 0.6766715528491892 0.7774228672875769 0.9035648705808911 1.0459146837828162 1.1910891275687068 1.3245277591862927 1.437814671430794 1.5247197086914914 1.5744643820825404 1.5878525152078717 1.5684379446298573 1.5200485359007925 1.44653083026793 1.3517361955420215 1.2394993343110725 1.1122866406147467 0.98246716163599 0.8585816208151983 0.744117247025115 0.6442245115070977
-0.09276170072239531 0.037812496097196835 0.17090825449213143 0.29931995131550293 0.4122782940749123 0.507349811869717 0.5882990509844819 0.6452008694719396 0.6739956123151992 0.6740959235767763 0.6553856886556916 0.6283046896834368 0.5964555456377696 0.5609783659780928 0.5245858586892387 0.49189122190435186 0.4718913339046325 0.4802053994205131 0.4849302925468273 0.38640048845741437 0.3472393192575086 0.36204627587633503 0.42095447685993964 0.5135489312420825 0.6310009469535726 0.7660671554114579 0.9103811708550864 1.051014561196202 1.1768849827524004 1.275469984050782 1.3401774686566919 1.3718558513770776 1.3728403860807088 1.3461541986456151 1.2951043702302716 1.2231052924899792 1.1334162755977437 1.0270057614555677 0.9156114662973478 0.8090857325186571 0.710722770275851 0.6234517458491717
-0.055903239265417404 0.0607241078063776 0.1771323701957388 0.28950488246474837 0.3901780861816216 0.4735392647214384 0.5389462281544042 0.5816954849278034 0.5970491100683182 0.5847305008747238 0.552333087238009 0.5071128606773084 0.4574033370539134 0.4038720970745 0.3482151627707035 0.2939229564886326 0.24959837037387017 0.21650810529254294 0.1694680180767495 0.10323550544386595 0.07557772868240875 0.09888280381966086 0.16254624383749317 0.2549916909561759 0.3688070153143547 0.5014753940602477 0.6481708505479755 0.7976332215794796 0.934198063389614 1.0422824323392441 1.1198756237407919 1.1672801055447914 1.1861201338329606 1.178776924382527 1.148030299342686 1.0966648316921563 1.0252986802498323 0.9402284173154363 0.8466567672707238 0.7571051782117632 0.6747376290388046 0.6023693899532309
-0.010426566330525633 0.09088695731505891 0.19050716076987828 0.2856253357107988 0.3731077372154939 0.44417026883359706 0.4958578899177916 0.52487441249468 0.5271175383545175 0.5029288969160037 0.459619919700026 0.3990778558497293 0.3300876879565705 0.25572193525147113 0.17600561288533034 0.09447412780463771 0.013417392622117053 -0.06879330206375023 -0.15145235459620943 -0.20903567932745348 -0.20956401749240705 -0.16078996811199797 -0.0809207636718664 0.017978490868822306 0.12991443968126415 0.2612600998702947 0.41736201291339503 0.5737808762093888 0.7129794245450137 0.8289900721842812 0.917261806609306 0.9778325275786153 1.0119308332021424 1.021454512010347 1.0082809577136367 0.9726095928245584 0.9193135313527457 0.8544149331218303 0.7782436324877136 0.7051691246167999 0.6385505416399793 0.5810787389742268
