_RESULTS/CROSS_VALIDATION_POSTPROCESSED_CLR/Berg/IZ/8comp/1/Berg_IZ_z_355_kriged_reverse_8comp_spherical_1.asc
ncols 100
nrows 90
xllcorner 5.6208707817415728
yllcorner 50.959635321741573
cellsize 0.00013419651685393446
nodata_value 1.7014100000000001E+038
[rows 57 to 75 of 90, columns 0 to 42 of 100]
0.6962675194898171 0.6884070979710775 0.6811345318586028 0.6749864826533807 0.6704743206688313 0.6680534844106112 0.6680901318792989 0.6708276943102839 0.6763554162480457 0.6845805164097095 0.6952054016833868 0.7077126965890198 0.7213669708201853 0.7352558593338119 0.7482691532098931 0.7581237406009512 0.7639697271174672 0.7656685667820295 0.7630675846526069 0.7560827142250657 0.7446803274111105 0.7287572703112328 0.7085584875955244 0.6870262420398422 0.6650749404795026 0.6430576714732357 0.6213539425098387 0.6003753518300865 0.5787413564189761 0.5579708071804806 0.5491142219245496 0.555047646930053 0.5769893651930776 0.615121505451286 0.6674687867956336 0.732165908337348 0.8075459969039407 0.8922492406251464 0.9851163465702748 1.0850160299827336 1.1906778171635304 1.3005387265555268 1.423025568632394
0.7121491237230356 0.7079391475277118 0.7041787211075059 0.7013408646082997 0.6998680929134622 0.7001487198662203 0.7024909169320726 0.7070960977301102 0.7139477300345922 0.7227542208612593 0.7335629803539218 0.7460885841799577 0.7595985487067164 0.7729008359793658 0.7844358274607225 0.7919181341162247 0.7944846824140748 0.7922719610584646 0.7854420983098632 0.7742284866532488 0.7587128233506304 0.7392353741891756 0.7183869969521821 0.6969686504601427 0.675339132563138 0.6538659927825772 0.6329518584481033 0.613065912329207 0.5947188743706632 0.5774187850373272 0.5704701017589479 0.5777348594911693 0.5997566324799629 0.636495847038244 0.6862784835651881 0.7475686158265145 0.8189794037556393 0.8991536402859857 0.9867679259696853 1.0804407861736773 1.178599026791622 1.2793099334794984 1.38164885687421
0.7235493527619089 0.7227529104916901 0.7222404931806048 0.7224327674523106 0.7237032104312653 0.7249845687681213 0.7263428584223354 0.7288891691586814 0.7334801454200487 0.7406730812425424 0.7506765911186208 0.7632865600310429 0.7777882371916973 0.7928188425980798 0.8063383497265938 0.815470156291911 0.8180323405484369 0.8138187248258193 0.8030202389628837 0.7876677256359952 0.7688885795024012 0.748876388858203 0.7281481959394385 0.7070609305258996 0.685964354957496 0.6652246970814275 0.6452458365243519 0.626490914405661 0.6095032681919635 0.5949133383930532 0.5887738901557473 0.59620051144058 0.6173692914188054 0.652101909659196 0.6989188935402673 0.7563050440496484 0.8230360918776606 0.8977858461342775 0.979147118841114 1.0655821594808659 1.1553271408428083 1.2462634009542444 1.336023488963754
0.729881414270518 0.7322675009429491 0.7346153291385438 0.7344441136587357 0.7319311687688888 0.7286284163587359 0.7259308059981091 0.7250339812077704 0.7268912177258349 0.7321703301922424 0.7412079501625588 0.7539488899220144 0.7698295317774597 0.7874853331280914 0.8041329739485341 0.8156554385850189 0.8196092476900165 0.8172470577064873 0.8090641584856881 0.7957588247719375 0.777605296565872 0.7577328855476694 0.7373695069651167 0.7168385076899273 0.6964701155069337 0.6766173751012206 0.6576693629998809 0.640062429717279 0.624286767916427 0.6108813716093144 0.6037035803926998 0.6103749544216178 0.62993829044744 0.662081919066791 0.705465932814244 0.7584944385696691 0.8200254950487146 0.8887610984125665 0.9632610411818887 1.0419141415515136 1.122876288120639 1.2039874160413397 1.2826826988995912
0.730630572478125 0.7336202223316893 0.7311704571719105 0.7249987669899006 0.7168470230944086 0.7083512672170775 0.7010014237163538 0.696097783747198 0.6947066253815627 0.6976176487118486 0.7053051853865435 0.7178912626807454 0.735091943836959 0.7560348580997387 0.778051985712308 0.7919478821765896 0.7959630819651713 0.7964372719767367 0.7945051173634705 0.7893755048973085 0.7799707001433294 0.7651175575662197 0.7456107771203729 0.7258748590878954 0.7064234705728466 0.6875925241134573 0.6697491125368351 0.6532947803455638 0.6386634917356125 0.6263097451151303 0.6174765315103694 0.620722462485911 0.63770886448585 0.6667669109990619 0.7062712908478819 0.7545542376449164 0.8105131274304977 0.8728753048184557 0.9402027127422569 1.0108752829369203 1.0830557449146399 1.154646202656416 1.2232529791632192
0.7234105514996623 0.7171719202194684 0.7067949670481097 0.6937907825458789 0.6793675519222224 0.665023205996674 0.6523629513405904 0.6428098579758641 0.6375542393249423 0.6375041903297438 0.6432420071948739 0.6549911905371912 0.6725967534437479 0.6955111504002653 0.7227240199111404 0.7398397866248929 0.7474365150787164 0.7549928982222471 0.761465958876365 0.7656295289468318 0.766185803073606 0.7618106594866693 0.7511820633288293 0.7338116506297893 0.7154612001601142 0.6977773944841115 0.6811059581662341 0.6658146417165531 0.6522873623853395 0.6409110918987295 0.6320537150034236 0.6306962583275287 0.6425525249949783 0.6668243455837553 0.7018413473479008 0.7450705381053455 0.7952085403094173 0.8510106337945408 0.911066808559168 0.973793916307523 1.0374203652800853 1.0999716203237504 1.1590651605103308
0.7036181636026608 0.6873496992202202 0.6672769655825175 0.6450325390792033 0.6222498306093083 0.6005323892588984 0.58141311324317 0.5663035585450954 0.5564350290325242 0.5527945495151657 0.5560587468851202 0.5665230603460737 0.5839975929679158 0.6074953600860985 0.634000420296987 0.6572312392268816 0.6763788822870447 0.6942833315928209 0.7110177634735833 0.7257317820796239 0.7371732432073855 0.7439739413522628 0.7447451620272256 0.7381192672491841 0.7233012150349041 0.7068811224961129 0.6914474620877925 0.6773399255167574 0.6649020339082377 0.6544695060592169 0.6463532031947008 0.6417155429166324 0.6480387912743266 0.6662477490248186 0.6946652461795049 0.7313543920609449 0.7749784563771565 0.824066932109792 0.87664869888653 0.9294356935437884 0.981303628457709 1.0313690375099562 1.0784594896857378
0.6728319090811739 0.6461825910682876 0.6159675777410946 0.5839383716118707 0.5518718286980113 0.5215379056359687 0.49465315418264966 0.4728187065293247 0.4574433438290525 0.4496541986059758 0.45019767817762246 0.45932665859705646 0.476608655138853 0.500643852094918 0.5289031735122561 0.5583028313623594 0.5875460881144834 0.6168260392888447 0.64507334994148 0.6713726821705812 0.6945171913776598 0.7131222564834316 0.7257561524311988 0.7310013227246335 0.7274828939356544 0.7146904312161326 0.7005570616332255 0.6876619187912405 0.6763178781892814 0.6668230306021917 0.6594481775992 0.6544224402662376 0.6551079013763956 0.6670769237380034 0.688684685920113 0.7181492479894336 0.7534377521382776 0.7901426900393804 0.8276209677048787 0.8655744337338016 0.9035151633178103 0.9407534412576818 0.9763978768254312
0.6327937849588956 0.5954344009611665 0.5546354554555641 0.5122690364561877 0.47026519158751934 0.4305803202101538 0.3951462742012143 0.3657965876024176 0.3441688062340543 0.3315858839760404 0.32892122912964217 0.3363926760648497 0.3535192391970712 0.3790294506707068 0.41091267779592955 0.4469556630593242 0.4855339433047917 0.5256748093100083 0.5660180868553685 0.6046003866116654 0.6400735652991882 0.6709827878448322 0.6958413486773445 0.7131854050872082 0.7216006942588326 0.7197324450514422 0.708281960900905 0.6966305627684239 0.6863962756327232 0.6778500748706857 0.6712347673508898 0.6667552190242594 0.6646591511643984 0.6702498955245055 0.68483050081942 0.7026968000184021 0.721632262809933 0.7418436531488857 0.763409203483256 0.7862620122932804 0.8101728792541769 0.8347364304132485 0.8593660370158723
0.5853509646589234 0.536994249646624 0.4851927612331567 0.43193604200933766 0.37931405671051266 0.3294905037355341 0.2846513843380657 0.24692148243083967 0.2182445316732884 0.20019063984463537 0.1938175356511036 0.19953918961677297 0.21698352730851 0.24497694288215854 0.28170357785403943 0.3250684077329703 0.37309236798954415 0.42404318299696386 0.4762975025759669 0.5276384508322244 0.5758864683581919 0.619453444450045 0.6567732894534279 0.6863322674527201 0.706683292807111 0.7164486091511393 0.7143150936225634 0.7041419824541705 0.695038059189716 0.687460292641783 0.6816318647602968 0.6777411877956856 0.6759360555522522 0.6756377696430202 0.67534680677741 0.6758795147096066 0.6777102077553288 0.681232184157121 0.6867428123255667 0.6944250818593019 0.7043267082594247 0.7163395594272468 0.7301837163343176
0.5324606608300916 0.47288787552615885 0.40971367432561834 0.34503391554845075 0.28109804712585806 0.2202942819176591 0.16509794011006373 0.11796719296016611 0.081237585712291 0.056914396330634665 0.04644230042293329 0.050489202393922294 0.0688080222830243 0.10024019577793575 0.14289216085253897 0.19444597305429134 0.2524796611972162 0.3146615980354822 0.37879451633249417 0.4427896798075325 0.5041248425963288 0.5605615823824548 0.6104412575845286 0.6522008425546444 0.6843689644138263 0.705557289505512 0.714448948494596 0.7101276775309918 0.70217436775687 0.6955877164536088 0.6905768831361851 0.6873189603805627 0.6840596069236919 0.6736866303067253 0.6568204575786296 0.6397836919539774 0.6242776407141662 0.6108923066245033 0.6001585919894863 0.5925273846658129 0.5883427797142426 0.5878111509322681 0.5909697348499594
0.47618216031989835 0.4052756566204092 0.330434641819049 0.25383357018714947 0.17786030307311052 0.10512338441213376 0.03842780468161622 -0.019303707109569634 -0.06518854799932128 -0.09663424474892524 -0.11166040562181512 -0.1092223042978997 -0.08942676410903205 -0.053542902632221834 -0.0037857843708359873 0.057048993901144485 0.1259625598169456 0.20002626991176364 0.27651673735338245 0.352948910608783 0.4270611276148326 0.49643648001182505 0.5588239431724328 0.6126218857047625 0.6563493806333662 0.6886228950184794 0.7081368516282665 0.7136460615303626 0.7077590867976926 0.7021851677239036 0.6980221326547009 0.693582601876658 0.6807347939562299 0.6594230359565969 0.6307820312644441 0.5970590731054861 0.5639802433378623 0.533436987986571 0.5062067181193828 0.4830270485310283 0.464562080308186 0.45135830923610654 0.44379325410517045
0.4184445633138576 0.3362295836790373 0.24955004284587579 0.16062404367608596 0.07195052247935485 -0.01364880673594393 -0.09301371961125526 -0.16269084185349736 -0.21908918218854234 -0.2587919970468988 -0.27902516579260506 -0.2781832547523493 -0.2562139661889036 -0.21466695984341877 -0.1563690011947736 -0.08488071565796318 -0.003962113717263405 0.08280049495105679 0.17217594616476184 0.2613275020020499 0.3477771824802437 0.4293445404818259 0.5039645469244205 0.5694698636123943 0.6243409948768495 0.6672181404006181 0.6968230554584149 0.7119375973714669 0.7117625468747961 0.7072195510123845 0.7029546786409602 0.6896681088778125 0.666369348335443 0.6339878092118145 0.5941152027960936 0.548629785789475 0.4995253344459103 0.4515367466648975 0.40748511806121235 0.3684147528935645 0.33533936001177933 0.30918290689171135 0.2907034317645828
0.36137896313485685 0.26809004393273084 0.1696203880990561 0.06817243464914613 -0.03370905495287424 -0.13304731989669705 -0.22635073429875563 -0.30958072961297933 -0.37825428392977867 -0.42779730860513365 -0.4542267521450303 -0.4550526151920231 -0.43001610563466386 -0.3812155995429056 -0.31252504422372196 -0.22866676965618238 -0.13439866172956694 -0.034036572429754886 0.06871481361985232 0.17074454475215095 0.26943948067067824 0.36257375473818987 0.4482115604771719 0.5246308455592091 0.5900522406986339 0.6428926516978914 0.6819171414988681 0.7059469272871783 0.7138411601860055 0.7106008613870802 0.6995555155042286 0.6764000823242398 0.6425535640177389 0.5990990294890988 0.5478888351136904 0.4908766565173852 0.43011009157731384 0.3677326974992019 0.30668119413462813 0.2512587012670843 0.20308686412549648 0.16352369903672692 0.13410117811413003
0.30727204962209365 0.20340731074036877 0.09347824119515791 -0.020405725493391813 -0.1357540241561157 -0.24955061979508808 -0.3580763010962802 -0.4567336832890103 -0.5399870159421607 -0.6016515475307949 -0.6358317985814057 -0.6385246660154038 -0.609150437477928 -0.5508548938212672 -0.46930814188466563 -0.3709748471395633 -0.2618735211866683 -0.14706568222170713 -0.030624251812632064 0.08420146776947435 0.19478497136583284 0.29894880297346393 0.3947723582297744 0.48001097120703307 0.5534822375210585 0.6142810387393595 0.6613408199710988 0.6934881007584843 0.7096149987224454 0.7066079858884873 0.6875011290230559 0.6553823975582815 0.6110045038761979 0.5565564205649846 0.4939726088410843 0.4252622996198604 0.35256678547518827 0.2781736017711831 0.20451970427917532 0.1341845420346376 0.07059402911422286 0.01762762869359924 -0.02276472043793709
0.2584013697703318 0.144784884372806 0.024102970181817618 -0.1017136353812389 -0.23035726592703298 -0.35895416202511554 -0.4837830161074861 -0.5998903699440734 -0.7006813847272721 -0.7778322427433393 -0.8223207819801528 -0.8272983242061662 -0.7915839822788764 -0.7204438591503579 -0.6227400015100168 -0.5074894061433659 -0.38213935047948255 -0.2523361364560699 -0.12227811423167267 0.004832343761123292 0.12491000213487402 0.23572340146427206 0.3364674058972078 0.42643139715160217 0.5049115468991174 0.5711473488520175 0.6242760049720284 0.6633010341714409 0.6865112453704028 0.6814446238681497 0.6566587913853905 0.6188596775359119 0.5685553441719248 0.5067224324853995 0.43434146849979793 0.3538577882172711 0.26899562404539945 0.18225925299579326 0.09635756650118066 0.014240572548533281 -0.06093563518620804 -0.12590919271510792 -0.1775013586301628
0.2169501889526667 0.09478247061741141 -0.03548130409749417 -0.17216218748361478 -0.3132660507986367 -0.4562854527448963 -0.5978557953906352 -0.7331630452413858 -0.8549968247403816 -0.9526237965649198 -1.0119075213834146 -1.020030978005801 -0.9744435183854803 -0.8852154762767888 -0.7670952216415285 -0.6324952841273017 -0.4900126732400454 -0.3453659579870392 -0.20483077365918545 -0.07224683109802288 0.051377517488750524 0.1653685703290647 0.2692143954964532 0.3624488615766627 0.4445694242164334 0.5149768038217223 0.5729308423175059 0.6175200332832402 0.6429681526045432 0.6359320547555792 0.6057802723260716 0.5626879598935625 0.5074771188581871 0.44098900072646774 0.36409083871996206 0.27773775207242557 0.18304027729854677 0.08389661224415468 -0.014706447478942453 -0.10954912982350673 -0.1970449919562267 -0.2733144820916351 -0.33439126583869383
0.18483196665032953 0.055775441468353115 -0.08237857815832128 -0.22816902056673283 -0.37999654572811825 -0.5359069167466639 -0.6932908990972106 -0.8482583557767196 -0.9942798657247658 -1.1193497852559782 -1.2019592373792647 -1.2152066510429393 -1.1525820637281652 -1.0369846345021294 -0.8938166326116117 -0.7385083945063253 -0.580364462716781 -0.4281334439865996 -0.28418633492388445 -0.14943084800044937 -0.024338153272078777 0.09083188712926238 0.19589462292883064 0.2906478221927613 0.3748020766462977 0.4479261230666689 0.5094044962647184 0.5582867018762078 0.5822209912799443 0.5734106582573933 0.5386002897571293 0.49110224304799655 0.43186601494409793 0.3615623257269953 0.2808845149537611 0.19062265442822557 0.09174772559785604 -0.014492532215443 -0.1256568679509158 -0.23425831181980072 -0.33552980393126397 -0.42488520942810926 -0.4973332661802021
0.1632171947896438 0.029740335693891673 -0.11406368215735863 -0.26648917536036065 -0.42626553161319314 -0.5920135082615257 -0.7620596942931386 -0.9340810646081819 -1.1041187071466454 -1.2633415197051292 -1.386284242827323 -1.4104661379334065 -1.3135256285176524 -1.16058084532325 -0.9905086569184443 -0.8188729581904559 -0.6551211879321566 -0.5008889930439695 -0.35671624428158766 -0.2227259202881584 -0.09885078325092245 0.015046350247248652 0.11909217285872709 0.21333807221475054 0.2977025402876965 0.3719194188933973 0.435494056764802 0.48573034822198535 0.5071319633999404 0.4959812865207339 0.45774757188802406 0.4069835639978059 0.34485848380304396 0.2718275585731831 0.1883572440749508 0.09500868385106698 -0.007465743939526037 -0.11800610147950885 -0.23510027099044972 -0.3563423077815593 -0.4729481981450063 -0.5775636928940948 -0.6639196234730098
