_RESULTS/CROSS_VALIDATION_POSTPROCESSED_80-20/MHZ/GZ/9comp/3/MHZ_GZ_z_0_kriged_reverse_9comp_spherical_3.asc
ncols 100
nrows 74
xllcorner 5.5967023332191781
yllcorner 50.982320383219182
cellsize 0.00019249356164376555
nodata_value 1.7014100000000001E+038
[rows 54 to 71 of 74, columns 41 to 81 of 100]
0.005236084815948969 0.005887830947615519 0.00719877949315261 0.009155781200566709 0.011442090359843358 0.013788631355497344 0.015788708672987126 0.01778783443970369 0.019611815293826735 0.020851912776399657 0.021187997195622813 0.02051447831227221 0.018968082245184453 0.016861469028601885 0.014703681075804952 0.013900334345895892 0.01473775729567337 0.017723693682405575 0.024898004401163857 0.04044838401420178 0.07068750536467888 0.11424110038392367 0.14111092135990785 0.13127254229065538 0.10537453492636842 0.07954687235813776 0.05854647156309253 0.042718125750139724 0.031202731208130198 0.022949565755305802 0.01703965612731783 0.012906432691467412 0.0101881948022747 0.008377491939537032 0.0074470142043555464 0.007302737995256293 0.00787892982081413 0.009337507742598035 0.011434012007388526 0.014004388646537563 0.017040520202878818
0.011815668681774728 0.012938860000188642 0.01477674623913836 0.017208276438096446 0.019502888970400516 0.021210013043319945 0.022009170072180697 0.022278877392736224 0.02197161359321823 0.02127496439867156 0.02006380169383446 0.018347754907735887 0.0162705967383162 0.014051514754166007 0.012591981460734217 0.012556493125216785 0.014117954479466652 0.01755241527522291 0.02423385664827482 0.03653557038638199 0.05671018473721453 0.08194040872003007 0.10021815745915812 0.10055863956885129 0.08770089738219967 0.07049372207620382 0.05422841350095365 0.0408065753621208 0.03042795098581537 0.022662781004635396 0.0169450409894957 0.012798691569777275 0.010007595930142315 0.008169742543940293 0.007245276196351704 0.0070519547029804204 0.007539689598974721 0.00880816529660458 0.010518356482790113 0.012534109662232673 0.014794253779118138
0.025322699254999907 0.027502122888783752 0.02932448945595257 0.03107340743846122 0.03215323261379887 0.031946065535748795 0.03050425189115086 0.027810267550840113 0.024713954611646438 0.02182742960364356 0.01906509150829033 0.016376760037329175 0.013807842536958808 0.011766744074764643 0.01090475970400928 0.01122523397703602 0.013032064710449699 0.016505400853207168 0.022437038429215374 0.03195846046866148 0.04559061991601404 0.061605979375991736 0.07332591140070671 0.07583946824489675 0.0698152858700566 0.05920025331183329 0.04762017521199835 0.03711094375768858 0.02842144732764433 0.021596507766930666 0.016388439792735687 0.012472042047445361 0.009672935507173694 0.007864594190143008 0.00697283949287156 0.00676536217673115 0.007191256612986652 0.008259619365821312 0.009590020870397236 0.011098446119037096 0.012710410060183438
0.051625532942277855 0.05567071443457827 0.054708379974054776 0.05262909793757752 0.05009260573088781 0.04609366802055067 0.04093093320013392 0.03389651634001755 0.027344089603685194 0.022104598139049192 0.017880812493303262 0.014378021666067893 0.011651457925711312 0.010125308142570327 0.009605391856758141 0.01008572125262165 0.011859817977559724 0.015118285203973328 0.02011112306265264 0.027421385835282825 0.03725028255327249 0.047609755179026755 0.05522213279154956 0.05768435619248972 0.05483447602610083 0.04838141872573118 0.04044652669614803 0.03260015156612429 0.02566600856537621 0.01992331134205189 0.015348460661643767 0.011786980197308134 0.00909058495348921 0.007440895264377625 0.006628238762367128 0.0064399056990908175 0.006835323655247757 0.007691225368590583 0.008682403117374943 0.009762988607155519 0.010895815934977066
0.09933001692220092 0.10598975043173378 0.09130256503085592 0.07886240833531113 0.06985144844588036 0.06146550123068183 0.05138209542973708 0.03957652662709006 0.02924539296353107 0.021755797310416325 0.016328980141572663 0.012489596642677937 0.010205485351216266 0.009010250742994996 0.008672866430494041 0.009177445383480145 0.01074013532011244 0.013518613623892986 0.01764482638577113 0.023413809464778845 0.03035048462728996 0.03714942913788206 0.04219801023522564 0.04418611444788305 0.04282963881053923 0.0388678900996104 0.03348677736503553 0.027756645568945446 0.02238404441043287 0.01771802791529911 0.013857586872265668 0.01076173992221084 0.008410366392301728 0.006973212264022324 0.006267906466577809 0.006124957086318487 0.0065082893430306625 0.007132915021725004 0.007832142374030682 0.008587732806331719 0.009403392046250856
0.15656824952623494 0.16379722300095143 0.12269257497161176 0.09915410105349048 0.08389573899379149 0.07158423802935207 0.05724835712644254 0.042256093851162954 0.029132030988425615 0.02016813140565023 0.014509729447192879 0.011131416355240996 0.009163739589491132 0.00815098681529715 0.007887063410887095 0.008350787684965322 0.00971186105880452 0.01207096857133692 0.015457470607618509 0.0197772669058196 0.02455450526385993 0.029069140555063044 0.032418031220390976 0.033866274037385784 0.03318490943124621 0.03070034829920425 0.02706483777260036 0.02296221111740662 0.01892029761579962 0.015258810017701699 0.012120604739842064 0.009538868546380056 0.007704614109245382 0.006533749238317926 0.005947506245351472 0.005868025842982291 0.006191005410440627 0.00660629797747733 0.007085937348602638 0.0076285414689345995 0.008208331990113761
0.13665502844664287 0.14432315348004396 0.12256514652833495 0.10202918659889229 0.08621034310942165 0.07090596898076909 0.05536037100528363 0.03978286786494795 0.026469527093647006 0.0179846920788535 0.012997187653856972 0.010036428891079923 0.008324450239094595 0.007456843098107736 0.0072517683054396315 0.007689482818194504 0.008914254426102235 0.010930497481893665 0.013487331492747614 0.0165024809711602 0.019741109726128286 0.02275382435266088 0.02496876681312433 0.0259634744371976 0.025581767874981273 0.02397350134427979 0.0215006050655648 0.018587607701227894 0.015602006525602943 0.012799026364168702 0.010319842328498247 0.008355355087604141 0.007015874881649338 0.006162287366322007 0.005715365845825647 0.00570609960259674 0.005897171778892173 0.006164181045554851 0.006495193457529802 0.0068731919114691006 0.007276473864331597
0.10182545261854263 0.10781783683335049 0.10028727529338476 0.08868306876037234 0.07524360384316749 0.060418647317754454 0.04652111870261152 0.03409119910291414 0.023623207521821073 0.01626708360527881 0.011848242873124666 0.00922803334805304 0.007720997280627912 0.0069718182064445276 0.006822973439157971 0.007257231553207111 0.008316688345103906 0.009852493044491184 0.011698744020905334 0.013774382317991116 0.01590537015240703 0.017829360143152492 0.019246432514778408 0.019896959567401184 0.01964716157137174 0.018568018215983816 0.01686469549475297 0.014798636802011909 0.012616363189094258 0.010506946955850381 0.008667717964770087 0.007321666743724413 0.006400768906031639 0.0058395175006458674 0.005605650846626317 0.005609185542666213 0.005692433128652741 0.0058463394767720835 0.00605577007872537 0.006304514694511156 0.00657419411432246
0.069813018523784 0.075275834150479 0.07431071429117879 0.0682813927197226 0.0591258797807011 0.048373110563452094 0.03792411243336614 0.028717346914905618 0.02091026537404891 0.015057798988149951 0.011098930668416168 0.00873859201387708 0.007388720189186251 0.006721124703422719 0.006565578936106803 0.0068821483832934 0.007708424762822924 0.008836179217006307 0.010140327329553892 0.011547385772370428 0.012933261035577228 0.014132470275691165 0.014969153937424427 0.01530280044312541 0.01506959448290658 0.014299487526190001 0.013102070349398556 0.011630932585396325 0.010044130702785453 0.008532982118194862 0.0073449668123744555 0.006479398441880271 0.00591268529192696 0.005631145305959657 0.005598876454074335 0.005598876454074335 0.005602186464607567 0.005655911733685184 0.005762943481493515 0.00590751501914537 0.0060735434970389
0.048843645051696506 0.05327448785048562 0.05393191950445418 0.051502130554341496 0.04629323014037592 0.03905214325531116 0.0313705106538697 0.024243279008055518 0.018361829304077815 0.013991325343664913 0.010704753127362594 0.008481543813221172 0.007174530602040454 0.006489282485566415 0.006279113240891663 0.00649661846336965 0.007125091293311889 0.007924233259577688 0.008819700536198452 0.009751230722544801 0.01063197450656015 0.011356892829953254 0.011821477937156736 0.011946196333824741 0.011697408162562921 0.011095762260212631 0.010208840322804134 0.009132222641702364 0.008036213186211928 0.007117657094255852 0.006405844544870593 0.005911634171185683 0.005643742691060085 0.005598876454074335 0.005598876454074335 0.005598876454074335 0.005598876454074335 0.005598876454074335 0.0056160301969564825 0.005672776667293767 0.005754957483431838
0.035832005980812036 0.03861031827564844 0.03949838662400671 0.038685772881175674 0.03570339290407685 0.030953623313417375 0.02550377689014437 0.020157008624278362 0.015726250598673695 0.01242705029034804 0.01000179304865424 0.008164688811261572 0.006913110258131844 0.006235202202049359 0.005996413055258868 0.0061482296376715465 0.006597260629582251 0.007135056748222972 0.007723694633419365 0.008315898343675162 0.00885126287161635 0.009262584470112151 0.009487061658396755 0.009479543849077406 0.009223215384633717 0.008733528915102788 0.008059254943759232 0.007359678529909048 0.006729756690779173 0.006212131828410865 0.005837264023268368 0.005630571937139092 0.005598876454074335 0.005598876454074335 0.005598876454074335 0.005598876454074335 0.005598876454074335 0.005598876454074335 0.005598876454074335 0.005598876454074335 0.005609056373019962
0.02679715873281408 0.028562948367893134 0.029383984831499257 0.029238667260656544 0.027441960755909343 0.02427970057845061 0.020427561636723688 0.016522673294936303 0.013308141326779396 0.010830564968550309 0.008971284656629927 0.007612574143519948 0.006648044546202768 0.006007988969493867 0.00576052226695914 0.005868676201212311 0.006142413002988258 0.006472766860899254 0.006830337685811821 0.007178564152121562 0.007475234975515701 0.007676834756720618 0.007745168025019487 0.00765456866129064 0.0073989541117562745 0.007044985137211 0.006657967714933392 0.006282303036003776 0.005958339029433431 0.0057215591949302605 0.00560513938219512 0.005598876454074335 0.005598876454074335 0.005598876454074335 0.005598876454074335 0.005598876454074335 0.005598876454074335 0.005598876454074335 0.005598876454074335 0.005598876454074335 0.005598876454074335
0.020427547055128944 0.02158734228664213 0.0222886936185629 0.022353772155518394 0.021178761069843073 0.019003022556226417 0.016248753281219257 0.013500917948581215 0.01122382099702372 0.009413606363179058 0.008022923683359886 0.006993422541558087 0.006271870406506376 0.005818686933414819 0.005612890646573276 0.005648743536072008 0.005769800740641938 0.005934050922295779 0.006115655446643623 0.006286078611971258 0.006415284943396761 0.00647633838735059 0.00646368369514592 0.0063809418205314035 0.006241207641447946 0.006066450643452714 0.005884348030757876 0.005725383831149991 0.005621315124917328 0.005598876454074335 0.005598876454074335 0.005598876454074335 0.005598876454074335 0.005598876454074335 0.005598876454074335 0.005598876454074335 0.005598876454074335 0.005598876454074335 0.005598876454074335 0.005598876454074335 0.005598876454074335
0.015890569065724575 0.016690660034811875 0.017288640871729825 0.017334996402047022 0.016488049920591035 0.014925061588200433 0.012948694776434845 0.011093102539376955 0.009510013834240306 0.008219484997006641 0.0072117123630449495 0.0064643934845361045 0.005954892843805759 0.005668451449359932 0.005598876454074335 0.005598876454074335 0.005598876454074335 0.00561051517509012 0.00565362714220455 0.005706903969963806 0.005751526710511057 0.005774457840716487 0.005769518247132731 0.005738015920854617 0.005688606710832723 0.0056364568099409665 0.0056021412191750095 0.005598876454074335 0.005598876454074335 0.005598876454074335 0.005598876454074335 0.005598876454074335 0.005598876454074335 0.005598876454074335 0.005598876454074335 0.005598876454074335 0.005598876454074335 0.005598876454074335 0.005598876454074335 0.005598876454074335 0.005598876454074335
0.012638912585276406 0.013227151172775193 0.013707010610968228 0.013655152821886668 0.012985727267318808 0.0118096878112873 0.010473866782999499 0.009236006273357448 0.008155089325537568 0.007259476085603163 0.0065574639205244626 0.006047615538087673 0.005727417610688325 0.0056005081537095665 0.005598876454074335 0.005598876454074335 0.005598876454074335 0.005598876454074335 0.005598876454074335 0.005598876454074335 0.005598876454074335 0.005598876454074335 0.005598876454074335 0.005598876454074335 0.005598876454074335 0.005598876454074335 0.005598876454074335 0.005598876454074335 0.005598876454074335 0.005598876454074335 0.005598876454074335 0.005598876454074335 0.005598876454074335 0.005598876454074335 0.005598876454074335 0.005598876454074335 0.005598876454074335 0.005598876454074335 0.005598876454074335 0.005598876454074335 0.005598876454074335
0.01030616121315912 0.010771323934852991 0.01107214552756123 0.01093446481465902 0.010365384764510073 0.009522956329243767 0.008659903501764857 0.00784544287484144 0.007125118872849138 0.006527305185072541 0.0060683806153876575 0.005758933211395894 0.005610055236579207 0.005598876454074335 0.005598876454074335 0.005598876454074335 0.005598876454074335 0.005598876454074335 0.005598876454074335 0.005598876454074335 0.005598876454074335 0.005598876454074335 0.005598876454074335 0.005598876454074335 0.005598876454074335 0.005598876454074335 0.005598876454074335 0.005598876454074335 0.005598876454074335 0.005598876454074335 0.005598876454074335 0.005598876454074335 0.005598876454074335 0.005598876454074335 0.005598876454074335 0.005598876454074335 0.005598876454074335 0.005598876454074335 0.005598876454074335 0.005598876454074335 0.005598876454074335
0.008644139606727077 0.008999820222128956 0.00910954049597792 0.008904546595725581 0.008445428670775917 0.007912128124042362 0.007362632784730893 0.006840903998900808 0.006381662796667936 0.006010907547249508 0.005748671627600266 0.005613132599335788 0.005598876454074335 0.005598876454074335 0.005598876454074335 0.005598876454074335 0.005598876454074335 0.005598876454074335 0.005598876454074335 0.005598876454074335 0.005598876454074335 0.005598876454074335 0.005598876454074335 0.005598876454074335 0.005598876454074335 0.005598876454074335 0.005598876454074335 0.005598876454074335 0.005598876454074335 0.005598876454074335 0.005598876454074335 0.005598876454074335 0.005598876454074335 0.005598876454074335 0.005598876454074335 0.005598876454074335 0.005598876454074335 0.005598876454074335 0.005598876454074335 0.005598876454074335 0.005598876454074335
0.007479225265452739 0.007660474642032168 0.0076321109182208345 0.007421502805506487 0.007135493285526803 0.006807919881389331 0.00647160074927534 0.0061574209249844036 0.0058926510120245485 0.005701187711368225 0.005605457255679439 0.005598876454074335 0.005598876454074335 0.005598876454074335 0.005598876454074335 0.005598876454074335 0.005598876454074335 0.005598876454074335 0.005598876454074335 0.005598876454074335 0.005598876454074335 0.005598876454074335 0.005598876454074335 0.005598876454074335 0.005598876454074335 0.005598876454074335 0.005598876454074335 0.005598876454074335 0.005598876454074335 0.005598876454074335 0.005598876454074335 0.005598876454074335 0.005598876454074335 0.005598876454074335 0.005598876454074335 0.005598876454074335 0.005598876454074335 0.005598876454074335 0.005598876454074335 0.005598876454074335 0.005598876454074335
