_RESULTS/CROSS_VALIDATION_POSTPROCESSED_80-20/Berg/TZ/6comp/2/Berg_TZ_z_0_kriged_reverse_6comp_spherical_2.asc
ncols 100
nrows 90
xllcorner 5.6208707817415728
yllcorner 50.959635321741573
cellsize 0.00013419651685393446
nodata_value 1.7014100000000001E+038
[rows 72 to 89 of 90, columns 0 to 40 of 100]
0.02339993753813207 0.024062242944019638 0.02510819335258739 0.026527550827558956 0.028312097832049295 0.030448878701007837 0.032912567615882016 0.03565700883569402 0.03860665383982327 0.04164955914469777 0.04463464710166994 0.047987617499899715 0.05258252402642013 0.05845419358562913 0.06564127001016781 0.07418823084811389 0.08414146743310671 0.095545310412299 0.1084308144553992 0.12279225534699703 0.13873745665098133 0.15610435576152001 0.17429140939744023 0.19225040819608263 0.2084068295589007 0.22073553795417716 0.2271172466450865 0.2260001172273995 0.21725964494114292 0.20484533274846028 0.19131341847009148 0.17662123463445686 0.1606984580529789 0.14508863594723798 0.1308106636221716 0.1182506793601282 0.10739349460227893 0.0982176975054046 0.0905889050179619 0.08432052205027799 0.0792122928339534
0.023170527144720985 0.023517125914499067 0.024214415657729145 0.025238408986433567 0.02656814339969876 0.028179828208313065 0.030040932882649522 0.03210432816695905 0.03430307001731359 0.03654695843560185 0.03875516090978515 0.04174376883758404 0.04595491251455692 0.05148369815388901 0.05846722637177646 0.06708015606174103 0.07753291960473348 0.09006962099279929 0.10518833564929972 0.12338637174143992 0.14492739562725507 0.16986835898974711 0.19784446715457202 0.22776349821690503 0.25745918305718274 0.2834898339702541 0.3014616847209697 0.30727002368798517 0.3006069251279553 0.28667739118468144 0.26733879752321293 0.24293273143314464 0.21697535575935065 0.1921946359936583 0.17012957218100605 0.15140942552596093 0.13610330497051656 0.12369988378799653 0.11358409538075859 0.10539555074545563 0.09877341179679044
0.02313700537899376 0.02320106537204885 0.023569449190643146 0.024234742048458394 0.02516619384759358 0.026332723463027 0.027698173870711877 0.029217121360920917 0.030831620301877912 0.032469569396930346 0.034196615321260226 0.03688549578955652 0.04076281796207222 0.04597291369591042 0.05272608849523385 0.06130259500030663 0.07212537459416105 0.08599170073382606 0.10361759091586735 0.12579718613693197 0.153379036333917 0.1871232717039276 0.2274072693155376 0.2736906575602299 0.32367613435826315 0.3723067614568241 0.4113378451232267 0.43111528377500713 0.43067662004884055 0.4129913557140724 0.3791864056117563 0.3371082551829743 0.294173343017952 0.2548618193081362 0.22113930925986952 0.1934131135944261 0.17131103527127062 0.15415895174386965 0.14112280020690657 0.1308991643485043 0.12278374020669042
0.02313700537899376 0.02313700537899376 0.023205708250574275 0.023540398568748722 0.02411882481583265 0.024904435878908587 0.02585906503492495 0.02693968837119799 0.028096205988002932 0.029270602643843402 0.030683903433856838 0.0331087634843609 0.03668560863301389 0.04159136179398024 0.04808889819868728 0.056667686501812156 0.0681456290154169 0.08335144671095632 0.10336321826681241 0.1295527152065314 0.16359301195067907 0.20738159944270051 0.26276829871330554 0.3308765916896181 0.410666208018652 0.49636341669139167 0.5742415690754304 0.623957975179045 0.6359219402873966 0.6032044890849393 0.5398092872207371 0.4659666418094211 0.39536103936470157 0.3341912429080752 0.284013642333642 0.24420598223608836 0.21337042008376023 0.18999587081223315 0.17271925943712663 0.16035178682740917 0.15112570432378186
0.02313700537899376 0.02313700537899376 0.02313700537899376 0.023181101670274797 0.023439048031982587 0.023891967646405672 0.024499969027420083 0.02522196655478005 0.026013898601032245 0.026828114906640332 0.028011789481909573 0.03019640636713341 0.03349583841861038 0.03810615980325125 0.04445824620185343 0.053279316515033315 0.0653519405393285 0.0817674567658825 0.1040277863415488 0.13416686140295708 0.17488134293148686 0.22962761979532878 0.30257078493413625 0.3981010444890508 0.5192326161574977 0.6633477753929412 0.8127912820714626 0.9266939010557202 0.9536239937576007 0.881680496631037 0.7587514789766742 0.6307620558672404 0.5185898480247743 0.4274271311463388 0.35608377765915605 0.3014654160615619 0.26033678379294445 0.22990771948168914 0.20794696861937018 0.19271407622515419 0.18278589492918024
0.02313700537899376 0.02313700537899376 0.02313700537899376 0.02313700537899376 0.023146507514060263 0.02329908665573127 0.023605764858429617 0.02402625016477089 0.024520486779873008 0.0250479489485111 0.02603699174513952 0.027996724178948638 0.031035188158110277 0.035453261653454506 0.041855123630620814 0.0508832841516354 0.06347092857729136 0.08096429648159707 0.10528537348833558 0.1391558975053195 0.18639286234510413 0.2522716491551481 0.3439071195741197 0.4704660994660468 0.6425991786071326 0.8690184537553377 1.1393527687012273 1.3840894113238413 1.4365321876805937 1.260430703026663 1.0256655098641576 0.8175913951264182 0.6521409542529106 0.5256550199967589 0.4306616425913398 0.36007992825345975 0.30818010376759836 0.2706087847579093 0.24416028884319557 0.22649782340990227 0.21586489362596878
0.02313700537899376 0.02313700537899376 0.02313700537899376 0.02313700537899376 0.02313700537899376 0.02313700537899376 0.02317562748154915 0.02333216881245901 0.02357395853508656 0.023865467032180756 0.024665538559329674 0.026409031750193497 0.029244846593220894 0.03364279867397417 0.04008904941573056 0.04929531483592568 0.062327815141176725 0.08075956544547218 0.10689555774784042 0.14409859584107154 0.19725129273128764 0.27339532573205727 0.3825868015381529 0.5389816344782565 0.7617540057145382 1.0703728517602873 1.4824626266385392 2.002702815254644 2.1152734722395654 1.6668259342138199 1.2805679173541318 0.9886058608707189 0.7724754946629823 0.6136151127920934 0.4972786764967405 0.41241643483922374 0.350976881187583 0.3072078774356194 0.2770761013435975 0.25780719789143935 0.24749855224838394
0.02313700537899376 0.02313700537899376 0.02313700537899376 0.02313700537899376 0.02313700537899376 0.02313700537899376 0.02313700537899376 0.02313700537899376 0.023157634691010513 0.02324385528472306 0.02384522265597415 0.02538266920369247 0.02816291304204859 0.03255277069065964 0.039044246312592255 0.048411557468890386 0.06183026393072208 0.08106160911973627 0.10872902025821474 0.14872397590380712 0.2067885504136704 0.2913279784418381 0.4143702722019392 0.5909090662772405 0.8399216844551886 1.1831848794191995 1.6392452995291933 2.210266819064733 2.3339097192347515 1.8466215997777435 1.4184203883070718 1.0928238321111814 0.8513558048383933 0.6739499441814673 0.5442901014187812 0.45001756443999746 0.38209294897111484 0.3340772522576267 0.3015186658327799 0.28148096240774567 0.27219138150390654
0.02313700537899376 0.02313700537899376 0.02313700537899376 0.02313700537899376 0.02313700537899376 0.02313700537899376 0.02313700537899376 0.02313700537899376 0.02313700537899376 0.02313700537899376 0.023559145260673344 0.024977832671890444 0.027731594006303137 0.03212287998099225 0.03866989836302179 0.048195334211386213 0.06196011447733394 0.08187093090341875 0.11079102674708854 0.15295811392396305 0.2143253816797629 0.30321762992448437 0.4306892063444921 0.6102187692460647 0.8555586683803289 1.1735765402389378 1.5432318249116728 1.881226938195522 1.9557106369483883 1.7173202329756811 1.3929868819076814 1.1026404576357087 0.871179479029344 0.6947291781342431 0.563113103103369 0.466312555364338 0.39614175317078937 0.34644307571869815 0.3128573562020822 0.2925348583286125 0.2839182786823684
0.02313700537899376 0.02313700537899376 0.02313700537899376 0.02313700537899376 0.02313700537899376 0.02313700537899376 0.02313700537899376 0.02313700537899376 0.02313700537899376 0.02313700537899376 0.023484555596916538 0.02494925256330077 0.027742463885100033 0.03217906387025398 0.038799330136998704 0.04845293869123755 0.06243217145284154 0.08266828544399228 0.11200392395713048 0.1545407454877273 0.21601873872739336 0.3040808049597013 0.42805909540271264 0.597501436921142 0.817908550034487 1.0810055586830656 1.347361140406778 1.5515076740789997 1.6010330896666831 1.475934374296148 1.2591589411045132 1.0324366303039982 0.8342791228158776 0.6746852404479466 0.5515275877235255 0.45894703696710343 0.39083515483975295 0.34205638812454386 0.3087414329069864 0.28825111179943913 0.27906775402134637
0.02313700537899376 0.02313700537899376 0.02313700537899376 0.02313700537899376 0.02313700537899376 0.02313700537899376 0.02313700537899376 0.02313700537899376 0.02313700537899376 0.02313700537899376 0.02344887536512055 0.02490602028286722 0.027684921300330713 0.032095855531072824 0.03867020818965333 0.0482403838106711 0.06206465377496729 0.08200630379050965 0.11077046055633266 0.15217854159452068 0.211399725487808 0.2949285127095553 0.40985773905871115 0.5616418986118186 0.7492449245983827 0.957045109276021 1.14649045370597 1.2766947797143877 1.3082908385074696 1.2323808646388406 1.0858525149065033 0.9167215238815118 0.7573976399138044 0.6221431135924707 0.5138880911555282 0.4303732645180241 0.3677041259938671 0.3220152878322388 0.2901064420909769 0.2695948215445214 0.25885183191995315
0.02313700537899376 0.02313700537899376 0.02313700537899376 0.02313700537899376 0.02313700537899376 0.02313700537899376 0.02313700537899376 0.02313700537899376 0.02313700537899376 0.0231407121086317 0.023458121955404025 0.024846938650961117 0.02753715193794577 0.031821627424569926 0.03820430033726687 0.047472078679729454 0.06080575494598814 0.0799344855959294 0.10732881366051468 0.1463980627915343 0.2015901551706382 0.27815929619264534 0.381157098335787 0.5129938441475008 0.6690562428594438 0.8321671589464286 0.9699544371281664 1.0554477527907886 1.0725929878561735 1.0181450758118291 0.9126800970512735 0.7855607597282371 0.6602696162189378 0.5497581056825187 0.45858233053224895 0.3865249172069621 0.3313278923845932 0.2902397542855401 0.2607270106685719 0.24070892090220117 0.2285293081506093
0.02313700537899376 0.02313700537899376 0.02313700537899376 0.02313700537899376 0.02313700537899376 0.02313700537899376 0.02313700537899376 0.02313700537899376 0.02313700537899376 0.023173593305313066 0.02352263137435153 0.024784488550947434 0.027316360185230582 0.03138251812229249 0.03744402514050405 0.0462200020017515 0.05878155689960465 0.07667905150472733 0.10209245032221186 0.13796493432509746 0.18801586000180623 0.25641228429643365 0.346713549636137 0.4595987564210359 0.5892084257458645 0.719346666307334 0.8233898925242183 0.8799923049753177 0.884880539353971 0.8387524084545328 0.7563054657926926 0.6573751149801048 0.5584819726221302 0.4695686212742095 0.39477790376132954 0.3345767823502602 0.2876265699586873 0.25197214123966344 0.22565140864325034 0.2069293527677226 0.1943091136996146
0.02313700537899376 0.02313700537899376 0.02313700537899376 0.02313700537899376 0.02313700537899376 0.02313700537899376 0.02313700537899376 0.02313700537899376 0.02313700537899376 0.023226527974221835 0.023654803347393363 0.024740328104726445 0.02705058192873213 0.030818902699154733 0.03645187655658892 0.04458538130519054 0.05616062543858035 0.07252516367051148 0.09554698071539165 0.12770418109208093 0.17205997137385082 0.2319397828470435 0.3099998901518547 0.4062965641979937 0.5152179012780154 0.62233342935178 0.7046780635655057 0.7422366576132133 0.7361274334751527 0.6914553023827571 0.6214642836803135 0.5410545725283514 0.4617876091365334 0.39051017069385285 0.3301241606369008 0.28099225158657826 0.2421646540076403 0.21219098984343443 0.18956136841974994 0.17289324094261777 0.16096493844843107
0.02313700537899376 0.02313700537899376 0.02313700537899376 0.02313700537899376 0.02313700537899376 0.02313700537899376 0.02313700537899376 0.02313700537899376 0.02313700537899376 0.02328446048314316 0.02379148501575521 0.02474471604160638 0.02677695432579639 0.03018178081043175 0.03530354659401773 0.042686010627752596 0.05313098220712777 0.06777573499955172 0.08817826716553745 0.1163804079683762 0.15488074950184666 0.2063835630534063 0.2730938255140481 0.35522905395750864 0.44844211688117463 0.5404721569481603 0.6099121095939404 0.6349993738770443 0.6180157319524129 0.5707630901815806 0.5073570207113204 0.4395937557929672 0.3751355904826203 0.31804680665505336 0.2698407391834795 0.23047539427869124 0.19911359434764997 0.17461758210810502 0.15582441943465794 0.1416701185290461 0.13122284341506185
0.02313700537899376 0.02313700537899376 0.02313700537899376 0.02313700537899376 0.02313700537899376 0.02313700537899376 0.02313700537899376 0.02313700537899376 0.023137188631922618 0.02333508665736788 0.02390015274914475 0.02483627876036861 0.0265402687312666 0.029529448555742938 0.03408161870194614 0.04064515194963779 0.04988149703929589 0.06272192111075857 0.08042973097240745 0.10464685711020348 0.1373803349447311 0.18084524536020327 0.23702121626007835 0.3066880487870503 0.38753122755113073 0.4705575300908428 0.5348343305765894 0.5520769841672426 0.5224679138918008 0.47019107965127377 0.41089821551837336 0.3529254749287103 0.3003386804862593 0.25485388898802114 0.21681436021780257 0.18578939278009313 0.16097503973133545 0.14144988177233392 0.12631999054200574 0.11478676359056957 0.106168110434074
0.02313700537899376 0.02313700537899376 0.02313700537899376 0.02313700537899376 0.02313700537899376 0.02313700537899376 0.02313700537899376 0.02313700537899376 0.023139386986527073 0.023369244258005115 0.023969906517460945 0.024947430879776997 0.026392245435380473 0.02892506916164194 0.03287074017476036 0.03858330567485265 0.046589189840828764 0.05762584700093677 0.07268444397339777 0.09304269798788867 0.12026187635369942 0.1561042903920718 0.2023051825516474 0.2601011078705226 0.3293149859778607 0.40616053838596033 0.4744874118420891 0.4861233397881458 0.43981325099665786 0.38297283342657296 0.32862144019216183 0.27982512121088327 0.23750802258635512 0.20174654509147077 0.1721537154146109 0.14809019498655832 0.12881447700322388 0.113585954885527 0.10172634352707297 0.0926491636975915 0.08586913308867189
0.02313700537899376 0.02313700537899376 0.02313700537899376 0.02313700537899376 0.02313700537899376 0.02313700537899376 0.02313700537899376 0.02313700537899376 0.023140675336534522 0.02338126931989331 0.023993931232983753 0.02498545840379303 0.02637763920349852 0.028435588700760482 0.03175474102860449 0.0366131634426826 0.04341194176097701 0.05271230682191479 0.0652609123806272 0.0820078961328989 0.10410205559355247 0.13284042492146955 0.1695450220154935 0.2153443606577051 0.270860242015423 0.33584601531748154 0.40888074833364046 0.41466012746602654 0.35699277672976387 0.3040025262586241 0.258225090389108 0.21906992879977444 0.18600205353876612 0.15845339152044252 0.1358082382310469 0.11742908730133098 0.10269463160769102 0.09103282320359322 0.08194240989955606 0.07500335592152514 0.06987995319769302
