_RESULTS/CROSS_VALIDATION_POSTPROCESSED_80-20/Berg/TZ/6comp/2/Berg_TZ_z_63_kriged_reverse_6comp_spherical_2.asc
ncols 100
nrows 90
xllcorner 5.6208707817415728
yllcorner 50.959635321741573
cellsize 0.00013419651685393446
nodata_value 1.7014100000000001E+038
[rows 0 to 18 of 90, columns 0 to 41 of 100]
0.32803198213751666 0.32803198213751666 0.32803198213751666 0.32803198213751666 0.32803198213751666 0.32803198213751666 0.32803198213751666 0.32803198213751666 0.32803198213751666 0.32803198213751666 0.32803198213751666 0.32803198213751666 0.32803198213751666 0.32803198213751666 0.32803198213751666 0.32803198213751666 0.32803198213751666 0.32803198213751666 0.32803198213751666 0.32803198213751666 0.32803198213751666 0.32803198213751666 0.32803198213751666 0.32803198213751666 0.32803198213751666 0.32803198213751666 0.32803198213751666 0.32635467168641286 0.32559670028800647 0.3270750237388739 0.3310834090722981 0.3392224026110141 0.35333147359052464 0.37414813319599555 0.40338308520871313 0.442829069635533 0.49470949294171424 0.5619916012145294 0.6484050097793316 0.7582290756417032 0.8955749794933265 1.0628142496602142
0.32803198213751666 0.32803198213751666 0.32803198213751666 0.32803198213751666 0.32803198213751666 0.32803198213751666 0.32803198213751666 0.32803198213751666 0.32803198213751666 0.32803198213751666 0.32803198213751666 0.32803198213751666 0.32803198213751666 0.32803198213751666 0.32803198213751666 0.32803198213751666 0.32803198213751666 0.32803198213751666 0.32803198213751666 0.32803198213751666 0.32803198213751666 0.32803198213751666 0.32803198213751666 0.32803198213751666 0.32803198213751666 0.32803198213751666 0.3272971390052174 0.3231776016591472 0.3212905284771088 0.32175394211027986 0.3246113843655104 0.3313353986664503 0.3440979328036773 0.3642106582300821 0.39276535164221904 0.43144732835117083 0.48272196957873875 0.5500437051900926 0.6380502654568386 0.7525665387892047 0.9000026986613568 1.0853805280437274
0.32803198213751666 0.32803198213751666 0.32803198213751666 0.32803198213751666 0.32803198213751666 0.32803198213751666 0.32803198213751666 0.32803198213751666 0.32803198213751666 0.32803198213751666 0.32803198213751666 0.32803198213751666 0.32803198213751666 0.32803198213751666 0.32803198213751666 0.32803198213751666 0.32803198213751666 0.32803198213751666 0.32803198213751666 0.32803198213751666 0.32803198213751666 0.32803198213751666 0.32803198213751666 0.32803198213751666 0.32803198213751666 0.3280731853611085 0.3252745989478337 0.3200415108299907 0.3170841137886003 0.3163281626000263 0.31778427158999134 0.32328145344116693 0.33520913110378714 0.3541041300028208 0.3809919585463905 0.4175423823475958 0.4662965898419742 0.5310027129539991 0.617049889628828 0.7318759779759255 0.8848855084058539 1.085623945297883
0.32803198213751666 0.32803198213751666 0.32803198213751666 0.32803198213751666 0.32803198213751666 0.32803198213751666 0.32803198213751666 0.32803198213751666 0.32803198213751666 0.32803198213751666 0.32803198213751666 0.32803198213751666 0.32803198213751666 0.32803198213751666 0.32803198213751666 0.32803198213751666 0.32803198213751666 0.32803198213751666 0.32803198213751666 0.32803198213751666 0.32803198213751666 0.32803198213751666 0.32803198213751666 0.32803198213751666 0.3281701880936756 0.3288652364844381 0.3236611190270202 0.31734423053427563 0.31316986219442017 0.3110275436518076 0.3116721931322648 0.3163477580505432 0.32693549612211925 0.34392064878375683 0.3681791182325754 0.40120893338846697 0.44539455902812614 0.5044438350392916 0.5840677359409118 0.6929301432276166 0.8436164963145386 1.052318408850064
0.32803198213751666 0.32803198213751666 0.32803198213751666 0.32803198213751666 0.32803198213751666 0.32803198213751666 0.32803198213751666 0.32803198213751666 0.32803198213751666 0.32803198213751666 0.32803198213751666 0.32803198213751666 0.32803198213751666 0.32803198213751666 0.32803198213751666 0.32803198213751666 0.32803198213751666 0.32803198213751666 0.32803198213751666 0.32803198213751666 0.32803198213751666 0.32803198213751666 0.32803198213751666 0.32820988933825995 0.32941833555684785 0.329947547040398 0.322791662736609 0.3152847986633877 0.3097800120790492 0.30687230478052924 0.30711259186658685 0.31070119329934587 0.3195031616803384 0.3339882785290144 0.35478181084482957 0.38304994616600535 0.4207582827755373 0.471139656210014 0.5395195674119652 0.6347306710855207 0.7713552243709187 0.972465434440541
0.32803198213751666 0.32803198213751666 0.32803198213751666 0.32803198213751666 0.32803198213751666 0.32803198213751666 0.32803198213751666 0.32803198213751666 0.32803198213751666 0.32803198213751666 0.32803198213751666 0.32803198213751666 0.32803198213751666 0.32803198213751666 0.32803198213751666 0.32803198213751666 0.32803198213751666 0.32803198213751666 0.32803198213751666 0.32803198213751666 0.32803198213751666 0.32803198213751666 0.32815620626202496 0.32939518057585265 0.33182164214968896 0.3315782103757481 0.3228631558858765 0.3140884416449797 0.30770162965452325 0.3045277594368669 0.3042179077166438 0.3066103855720399 0.31329406900649953 0.32484858362991575 0.34157062110711206 0.3641667289007218 0.39395915426684 0.4330526474035448 0.4852018068173214 0.5579442324198247 0.6650190359790669 0.8317258322834385
0.32803198213751666 0.32803198213751666 0.32803198213751666 0.32803198213751666 0.32803198213751666 0.32803198213751666 0.32803198213751666 0.32803198213751666 0.32803198213751666 0.32803198213751666 0.32803198213751666 0.32803198213751666 0.32803198213751666 0.32803198213751666 0.32803198213751666 0.32803198213751666 0.32803198213751666 0.32803198213751666 0.32803198213751666 0.32803198213751666 0.32803198213751666 0.3280590785076122 0.3291034601835142 0.3315406699887406 0.3351988331185417 0.33403900483590926 0.3240898636597967 0.31420162011818087 0.30762713472665665 0.3041046928698358 0.30316866108059026 0.3044425360375461 0.3088085854020139 0.31719875768544975 0.3295344814220258 0.34537206908230017 0.36501733378290513 0.38985657874852025 0.42242516731439755 0.46754395710759056 0.5348025034597683 0.6438228572599788
0.32803198213751666 0.32803198213751666 0.32803198213751666 0.32803198213751666 0.32803198213751666 0.32803198213751666 0.32803198213751666 0.32803198213751666 0.32803198213751666 0.32803198213751666 0.32803198213751666 0.32803198213751666 0.32803198213751666 0.32803198213751666 0.32803198213751666 0.32803198213751666 0.32803198213751666 0.32803198213751666 0.32803198213751666 0.32803198213751666 0.32803198213751666 0.32864352455772305 0.3308340059860167 0.3344661422105245 0.33920113080465264 0.3375290009134495 0.32669917758447214 0.31642034065503855 0.3096502408825591 0.3057532467796134 0.3041876365989306 0.3044714159116606 0.3066094260446338 0.3113225368604326 0.31758127072288406 0.32533964102219187 0.334717105680081 0.3460795046970027 0.36027491363041897 0.3792029963740334 0.40728870677330836 0.45533178476986086
0.32803198213751666 0.32803198213751666 0.32803198213751666 0.32803198213751666 0.32803198213751666 0.32803198213751666 0.32803198213751666 0.32803198213751666 0.32803198213751666 0.32803198213751666 0.32803198213751666 0.32803198213751666 0.32803198213751666 0.32803198213751666 0.32803198213751666 0.32803198213751666 0.32803198213751666 0.32803198213751666 0.32803198213751666 0.32803198213751666 0.32820139094934153 0.32986055549477367 0.3331693838224631 0.33798628050687324 0.34373741194862295 0.3421545834296241 0.33128285306543387 0.320868544223009 0.3138853358384235 0.30963931589684635 0.3075067655491423 0.3068591599296067 0.3060056481731403 0.3054845301467339 0.30567617391693963 0.306245331364024 0.3068666178563296 0.3072265165153111 0.30704863400481186 0.3062117777347819 0.3052389306063153 0.3075014628461817
0.32803198213751666 0.32803198213751666 0.32803198213751666 0.32803198213751666 0.32803198213751666 0.32803198213751666 0.32803198213751666 0.32803198213751666 0.32803198213751666 0.32803198213751666 0.32803198213751666 0.32803198213751666 0.32803198213751666 0.32803198213751666 0.32803198213751666 0.32803198213751666 0.32803198213751666 0.32803198213751666 0.32803198213751666 0.32803198213751666 0.3288652607732368 0.331540092896661 0.33592929874565286 0.34190839164616466 0.3487782811691498 0.34791785380398776 0.33822630524257574 0.3276320317230169 0.3204479618804165 0.31591731778051846 0.31319529590226197 0.31004563945263114 0.3057385756413444 0.30053654870407476 0.29549149930928864 0.29020198125882696 0.28413768693608027 0.27672095629776416 0.2672921470864001 0.2550693351283652 0.23913157470991886 0.21855745391077736
0.32803198213751666 0.32803198213751666 0.32803198213751666 0.32803198213751666 0.32803198213751666 0.32803198213751666 0.32803198213751666 0.32803198213751666 0.32803198213751666 0.32803198213751666 0.32803198213751666 0.32803198213751666 0.32803198213751666 0.32803198213751666 0.32803198213751666 0.32803198213751666 0.32803198213751666 0.32803198213751666 0.32803198213751666 0.3281625084090508 0.32988715179938105 0.3335146622930749 0.33893145659860086 0.3460320621018629 0.3541843725564862 0.35489006237549925 0.34745845909932127 0.3367930193930631 0.32943441727992917 0.3245597126487054 0.31953331649202743 0.3134781421219532 0.30621087870433106 0.2975448694649279 0.2882392974733055 0.27852252012487727 0.2678427674254356 0.2556794971381995 0.24155942558028595 0.22510472512485943 0.2062432089650166 0.1861822367826047
0.32803198213751666 0.32803198213751666 0.32803198213751666 0.32803198213751666 0.32803198213751666 0.32803198213751666 0.32803198213751666 0.32803198213751666 0.32803198213751666 0.32803198213751666 0.32803198213751666 0.32803198213751666 0.32803198213751666 0.32803198213751666 0.32803198213751666 0.32803198213751666 0.32803198213751666 0.32803198213751666 0.32803198213751666 0.32858044307515527 0.33111833233471366 0.33562069934905153 0.34199329670273565 0.3501511468245312 0.3596986415477242 0.3629352606096804 0.35841232336408557 0.3484171257328604 0.3408576083332352 0.3339341491140668 0.32624642470800996 0.31764315919467595 0.3079531893759222 0.2969846491146795 0.28465673216206 0.27178045657870376 0.25815761099055246 0.24347499633410702 0.2276842396382616 0.21112840895934865 0.19491392925737658 0.18206825854283182
0.32803198213751666 0.32803198213751666 0.32803198213751666 0.32803198213751666 0.32803198213751666 0.32803198213751666 0.32803198213751666 0.32803198213751666 0.32803198213751666 0.32803198213751666 0.32803198213751666 0.32803198213751666 0.32803198213751666 0.32803198213751666 0.32803198213751666 0.32803198213751666 0.32803198213751666 0.32803198213751666 0.32803221335654836 0.3291644046284981 0.3324192702262736 0.3377014022661254 0.3449357337878255 0.3540583982625418 0.3649434920887424 0.3715283356662076 0.3705522042037352 0.3625444664342149 0.3533589694390789 0.3437599405869069 0.3336337674766679 0.3228643635072832 0.31130148400904795 0.2987506921403722 0.2849796458829852 0.2700138001089315 0.25454971726972536 0.23859508015055914 0.22253760103077852 0.20725107609697435 0.19424516944082157 0.1860380120677314
0.32803198213751666 0.32803198213751666 0.32803198213751666 0.32803198213751666 0.32803198213751666 0.32803198213751666 0.32803198213751666 0.32803198213751666 0.32803198213751666 0.32803198213751666 0.32803198213751666 0.32803198213751666 0.32803198213751666 0.32803198213751666 0.32803198213751666 0.32803198213751666 0.32803198213751666 0.32803198213751666 0.3281053853409987 0.32980105047784525 0.33366270138429305 0.33961098367858406 0.3475888264403877 0.3575527961865582 0.369481979108813 0.38000565215903054 0.38318277954061836 0.3783675814917407 0.3664435522539565 0.35422635038272876 0.341852812666959 0.3292546329338686 0.3163109219024219 0.30282863585572006 0.288640331387248 0.2733389803796573 0.2569110692795641 0.24022610291794047 0.22409523538777149 0.2098540115019963 0.1990187517059427 0.19306687919951976
0.32803198213751666 0.32803198213751666 0.32803198213751666 0.32803198213751666 0.32803198213751666 0.32803198213751666 0.3280327620106457 0.3280685468724178 0.32810830730259466 0.328111826480996 0.3280761125375106 0.3280354895808686 0.32803198213751666 0.32803198213751666 0.32803198213751666 0.32803198213751666 0.32803198213751666 0.32803198213751666 0.3282520276104673 0.33039288432115466 0.33473745035746644 0.3412199821981272 0.3497990028663593 0.36044922505356086 0.37324910232686187 0.38757745981901714 0.3954093346812738 0.3931310667940776 0.3802787750218948 0.36542267375184534 0.35088762399018153 0.33671043902792175 0.32312019666358965 0.3098142409949824 0.29624270744560005 0.2816333386980723 0.2652123452750263 0.247316041001697 0.2301518337557607 0.21585927521922255 0.20606893926360229 0.20143676279132983
0.32803198213751666 0.32803198213751666 0.32803198213751666 0.3282554571646455 0.328802316399721 0.3294875706423958 0.33015470851002604 0.33068005011347323 0.3309770306928532 0.33099965740447607 0.3307444992533879 0.33025083979541375 0.3295989641030203 0.3289068990765205 0.3283262110484776 0.32803763901302224 0.32803198213751666 0.32803198213751666 0.3284022812939149 0.3308611514536439 0.3355525802557903 0.34242108589291614 0.35143713984797 0.36258961315635424 0.37605069708773237 0.39336176262094735 0.4053880593054737 0.40572178579256013 0.39478963721060145 0.37734547396245627 0.360957637216964 0.34602281412320784 0.33228715628977046 0.3194616308437123 0.3070576323522469 0.29396373246474305 0.27800519734453205 0.2582505429065555 0.2381712588266421 0.22213493466451242 0.2121868247019448 0.2088740124094463
0.328048701289581 0.3286239560640438 0.3298281298156867 0.3314136687785555 0.33315072639534715 0.3348314521918796 0.33627615885738293 0.33734039881739036 0.3379218133897918 0.3379656046121424 0.33746767325980903 0.336474859405113 0.3350822418580208 0.3334279829398028 0.3316866245750829 0.33006196918342506 0.3287806966448449 0.32808772006941767 0.3285058092870791 0.33114859819996184 0.3360413558626971 0.3431347508036756 0.35240649123175544 0.36385412434949427 0.377690721350131 0.3964416307559882 0.41184914177019494 0.41522735251077053 0.40739891250981525 0.3909308853570394 0.3731274852898811 0.35717508263448683 0.3429212310242383 0.3302709746959172 0.31909928895913897 0.3087491566425278 0.2946001286725597 0.26977573739480415 0.2447614108683576 0.22544731265128903 0.21348782899168334 0.20978055443109392
0.32999094813089813 0.3322991527616713 0.33512350656188794 0.3381923608347986 0.3412454820973744 0.3440411172972544 0.3463655769096191 0.348044070668627 0.3489511802507675 0.34901924713727756 0.3482431958332646 0.34668090404618207 0.34444905055540415 0.3417152088940299 0.33868759392799486 0.3356041693051996 0.3327227683666905 0.33031356009354784 0.3291570358322009 0.33122173575509783 0.33616447907644254 0.343313828524811 0.3526493058871941 0.3641706673263377 0.3780621334334021 0.3965126647659776 0.4140681982636175 0.4209122471499684 0.4176993777918473 0.4057251607748579 0.3873572770471782 0.3697133879349699 0.3540602437187231 0.3403664966588537 0.32871279978789064 0.3192687941664457 0.3091960396836847 0.2750182062414572 0.245325636796382 0.22281686257293326 0.20755663404816393 0.19897219637923227
0.3350024096270786 0.339181916075626 0.3437905951739861 0.34852201435654623 0.3530729672477882 0.35715390285224025 0.3605030157716916 0.3629023286155148 0.364193420862192 0.3642901571543292 0.36318605726888065 0.36095486325814247 0.35774419031733773 0.3537635128193072 0.3492687367961789 0.34454600289251874 0.3398971458141329 0.3356286009937528 0.3324957298715842 0.3324993311708939 0.33601474851427815 0.34294649497442203 0.35215105392505813 0.3635210397025666 0.37715746593239524 0.39429590303059947 0.4116069601052268 0.42320944431597296 0.4250946048077032 0.4179762205746192 0.4031701116208233 0.383593385772713 0.3653410024104178 0.34878280213844604 0.3334750678336875 0.3180419511687883 0.2976572510258708 0.26850836924427435 0.23891877186867938 0.21428205568056394 0.19557889075705756 0.18226131520395036
