_RESULTS/CROSS_VALIDATION_POSTPROCESSED/MHZ/IZ/4comp/5/MHZ_IZ_z_1000_kriged_reverse_4comp_spherical_5.asc
ncols 100
nrows 81
xllcorner 5.5967107548124995
yllcorner 50.982328804812504
cellsize 0.00017565037499993607
nodata_value 1.7014100000000001E+038
[rows 18 to 35 of 81, columns 0 to 39 of 100]
0.00045499897675667383 0.0004733547373469455 0.0004591549508357536 0.0004111905724365283 0.00033735593035847837 0.00025663512108912555 0.0001835546653943038 0.0001253289971014365 8.299083525046808e-05 5.412941141715098e-05 3.528080573467549e-05 2.31911330883201e-05 1.528675631737576e-05 1.0200657915496228e-05 6.9610552182707025e-06 4.903321762621557e-06 3.63503810169507e-06 2.942587706184935e-06 2.6953048709788884e-06 2.800403882694834e-06 3.340652256436089e-06 4.399393217698713e-06 6.034098544511903e-06 8.368802594585993e-06 1.1746064153793911e-05 1.6466105487717392e-05 2.2804761611329894e-05 3.0913058385737285e-05 4.067846752838096e-05 5.1725689034769105e-05 6.394855127042023e-05 7.670506212657487e-05 8.904618673778484e-05 9.994998308252137e-05 0.00011154950888187941 0.00012542448755357782 0.00014168870883469396 0.0001630281646750838 0.00019464414840264188 0.00024198476879756756
0.000683189759527446 0.0007160967850652775 0.0006958179237949677 0.0006210248755020664 0.0005029521636816118 0.00037412192359794903 0.000259590233463427 0.00017098513473645828 0.00010889647844250996 6.828133565470743e-05 4.286221581677258e-05 2.7331920960283017e-05 1.782490962011812e-05 1.1850754223556577e-05 8.14146090158617e-06 5.890858180403889e-06 4.642728923189224e-06 4.093167841372218e-06 4.107271222748864e-06 4.694354764284131e-06 5.907161270748455e-06 7.986119615630815e-06 1.118186405743626e-05 1.5661595387013398e-05 2.1615147841070744e-05 2.9680188765570544e-05 4.0072820672978574e-05 5.264631599735908e-05 6.676489570984295e-05 8.200487660618228e-05 9.748571415749344e-05 0.00011186678876298918 0.00012371755723004305 0.00013191728492790644 0.00013979779713148042 0.00014902267773748298 0.00015950705927885662 0.00017475319609500453 0.00020144560652782763 0.00024667092893243124
0.0009801624210201238 0.0010308205363106122 0.0010034774451587562 0.0008926843827698479 0.0007132937900300974 0.0005175287841208924 0.0003470256671769318 0.00021954757535624892 0.00013395304163373107 8.05224679637292e-05 4.862547185337971e-05 2.9993262678228784e-05 1.921998169430232e-05 1.292064045105799e-05 9.11501404041996e-06 6.969528525564012e-06 5.932757460395393e-06 5.669081242026589e-06 6.136601384571797e-06 7.560172029051878e-06 1.0144099801704781e-05 1.4319141136984388e-05 2.0693122583326895e-05 2.974271006404918e-05 4.1403721379896854e-05 5.566646442972522e-05 7.316930232964669e-05 9.300012929984314e-05 0.00011419235944403022 0.00013531730415088225 0.0001542340400461217 0.00016878375554728043 0.00017723359858954374 0.00017881652212851484 0.00017882553221817418 0.00017959989172561835 0.0001813224614567277 0.00019068351027310112 0.0002122351174758268 0.00025089207721502605
0.0013606005413835333 0.0014280857499766443 0.0013794203494653194 0.0012184669212825646 0.0009590431011711599 0.000675986864455742 0.000435506614504122 0.0002630241763335019 0.00015303145102109114 8.808502201334172e-05 5.1382849847858865e-05 3.100526900501426e-05 1.967665965518466e-05 1.3303170556721129e-05 9.797759851864087e-06 8.046605578819206e-06 7.396204368348978e-06 7.637755612399182e-06 8.885439668417139e-06 1.1642312477750282e-05 1.6739662268393185e-05 2.4937071736613993e-05 3.755991490093291e-05 5.57635018986151e-05 7.959241163403464e-05 0.00010680866121589558 0.0001367739793287595 0.00016923103959738962 0.00020154046674586537 0.00022989289713012476 0.0002506052616526082 0.00026089892907209597 0.00025946235328065036 0.0002469093544603602 0.00023166757432732833 0.0002180690279799493 0.00020961461755978402 0.00021182337468985256 0.00022645294409176273 0.0002571364424493116
0.0018721969221852312 0.0019677491240985773 0.0018822855893585295 0.0016264660817373602 0.0012521765133811633 0.000850983034449885 0.0005225430453935271 0.00029934411791904085 0.0001654794794295908 9.113081140715046e-05 5.139874978044864e-05 3.036470031373831e-05 1.9112462628123096e-05 1.3054226871376244e-05 1.0093404461823884e-05 8.883581546535958e-06 8.824255022741447e-06 9.845342992114352e-06 1.2311548626211789e-05 1.7173718797123144e-05 2.6348216945281624e-05 4.1727468302114015e-05 6.601774954566458e-05 0.0001019032971587585 0.00014981533893518152 0.00020509486202679702 0.00025987196645751927 0.00031452848700899526 0.0003635377220643342 0.00039937144679879266 0.00041610560864673333 0.0004112398646722049 0.0003861991530794408 0.0003455506762311658 0.00030347843046006986 0.00027013370594874964 0.00024813594803178976 0.00023986469724321646 0.00024510238189056884 0.00026581657015805954
0.0026248315663511875 0.002786997208814295 0.0026559937413315367 0.0022359843479302617 0.0016480890728178049 0.0010572434009095142 0.0006074961087892389 0.0003255450596769952 0.00016920998067953844 8.851264692308271e-05 4.809026376820207e-05 2.7805934997414147e-05 1.74065303542311e-05 1.2283902695024255e-05 9.992221631195364e-06 9.33097781975974e-06 9.9409043382954e-06 1.1987155450137926e-05 1.6150378914617944e-05 2.4080405698383287e-05 3.930437651105193e-05 6.652287778968776e-05 0.00011123807537571247 0.00017958403026630394 0.000273812098403315 0.00038719531757556834 0.0004986397707328994 0.0005932368304996719 0.0006665309030042573 0.000704146665587508 0.0006989689155004943 0.0006532992818159748 0.0005778761235196331 0.0004892422578667213 0.00040564263188571346 0.0003412875531251441 0.0002990064046445813 0.0002755068202723843 0.0002681948970780615 0.0002769171316981735
0.0037440402120538967 0.00406903049066866 0.003919994754950743 0.003244607301312994 0.0022675376150630457 0.0013412025289239956 0.0006970337316120042 0.0003380978546195675 0.00016149838404810359 7.946753475638567e-05 4.146227313972982e-05 2.348849635443572e-05 1.4829552723031281e-05 1.0932874207460765e-05 9.411838613814754e-06 9.376669747585338e-06 1.069440879797851e-05 1.3805716999802867e-05 1.9937740481302786e-05 3.1812291305602056e-05 5.5271408122215175e-05 0.000100255284730477 0.00017819051857590745 0.0003041037485175693 0.0004873703829446249 0.000718406019592624 0.0009525819631958271 0.0011248467704241705 0.00122807816732897 0.0012445494394312659 0.001175579137259865 0.001042925681834937 0.0008765516879980052 0.0007042800484589138 0.000549587481643254 0.00043764458418748924 0.0003644961925916621 0.0003192299626978232 0.0002953280099689586 0.0002896859186213821
0.005328062553789709 0.0060203263108092675 0.006002507013973441 0.004980316711524748 0.00327340082219787 0.001735902852914462 0.000793149397440331 0.0003392641402592876 0.0001452232965019737 6.550142432738831e-05 3.243568862952866e-05 1.8059014819609096e-05 1.1712659243110638e-05 9.095243847277733e-06 8.360080966871447e-06 8.955353346144219e-06 1.100152570233957e-05 1.5268593079805227e-05 2.3607665549166265e-05 4.011663476708212e-05 7.396788666127528e-05 0.0001436102953111846 0.00027343064036192415 0.0004972931552959376 0.000845040803166088 0.00130653880494558 0.0017914743007400552 0.0021337151484581017 0.002274052699007961 0.0022220718864611904 0.0020040869280090238 0.0016865661697349004 0.0013405445789242258 0.0010179500894274092 0.000749390090043969 0.0005655585747992131 0.00044670209004490566 0.0003712036644895098 0.00032592487879026756 0.00030341397206715907
0.007336225545038967 0.008716969616024063 0.009300084530593987 0.008088154841242002 0.004965840355179491 0.0022308476496737508 0.0008678777787652343 0.00032301663630110363 0.00012293444837384687 5.039480932821564e-05 2.329098479860772e-05 1.2623503270582314e-05 8.500173201144792e-06 7.0352692566099786e-06 6.9887423200745015e-06 8.130017293048341e-06 1.0837617868452992e-05 1.626446583377706e-05 2.7079310785869346e-05 4.936492189814241e-05 9.72574433483123e-05 0.0002021124431336324 0.0004124009739957528 0.0008036441772761652 0.0014555989519255816 0.0023768899800858017 0.003391978333473628 0.004118886548583656 0.004292115012798936 0.00402232203889784 0.0034369625293805446 0.0027239818859279602 0.0020362102315311867 0.0014565737419635605 0.0010237395029427268 0.0007309872808164761 0.0005469186869489041 0.00043100001160386133 0.0003591357482747851 0.0003173945231304418
0.009383781763501329 0.011581367362736525 0.013439894715677381 0.013615661198887474 0.007632200108736795 0.002656355050522975 0.0008649896075071634 0.0002829948343844216 9.638672148265461e-05 3.5923909539187105e-05 1.5494726929179863e-05 8.229334471491753e-06 5.736913442934775e-06 5.145102121238665e-06 5.613395710459031e-06 7.169198471600996e-06 1.0435135414154954e-05 1.6984920542845142e-05 3.0477527567724844e-05 5.957005982833069e-05 0.00012536287569859232 0.0002784875357938684 0.0006105948388567482 0.0012783251889858713 0.002482857738097844 0.004318968314343421 0.0064640555881909515 0.008020378984108255 0.008178803942550744 0.007279562750650693 0.005829717135147223 0.004314732083034898 0.0030176384171426195 0.002047578163636923 0.0013801949043942845 0.0009375336400202146 0.0006647962911711785 0.0004973186905477046 0.00039379311588225483 0.0003309239718284452
0.01076586427548117 0.013075774021469627 0.015007920004631647 0.015721305943538082 0.008192633422886167 0.0025248107448302788 0.0007490955882998809 0.000224464908373828 6.991890656706734e-05 2.3714615251006863e-05 9.478574913741735e-06 4.981741143546943e-06 3.678630266657142e-06 3.622607592125032e-06 4.4194648347897844e-06 6.2492849527105845e-06 9.944843015907087e-06 1.7510192258492204e-05 3.371523561133015e-05 7.031461082829721e-05 0.00015738378080429699 0.00037295772421222604 0.0008747853515000072 0.001966307091949881 0.004117359551420026 0.007721583221870604 0.012292628417172916 0.015662387462718023 0.015542333941488105 0.01292082284119949 0.009555827079444423 0.006548519359420138 0.004304699612254541 0.0027916540545856253 0.0018094251622242697 0.0011834243295980441 0.000797489797614236 0.0005678371556031467 0.00042845904505888193 0.0003433495372258506
0.01104901965703799 0.012421218530565792 0.01241834223091861 0.009939554526211078 0.005217297582238707 0.0018749032929449311 0.0005733906068157586 0.0001664421605826115 4.84996597139647e-05 1.4939830300623571e-05 5.3669438024559524e-06 2.7896362224180817e-06 2.298791489496237e-06 2.5808715266825353e-06 3.521813195261007e-06 5.50933033950534e-06 9.51857165760119e-06 1.7963368922342898e-05 3.675314640082654e-05 8.100162380886824e-05 0.00019144202849200555 0.0004793786213156434 0.001189954514453955 0.0028518390801095216 0.006442416953734642 0.013207444814988926 0.022969547925849647 0.03049975798588634 0.02891062206608748 0.02179337659762627 0.014632181482809942 0.009316755411149865 0.005823831136922179 0.0036289551554359164 0.00227587441728285 0.0014468852736179015 0.0009392370766606711 0.0006393366993414137 0.00046159524743579405 0.000356639353448041
0.010499024470003159 0.010705822517636689 0.009322979120438118 0.0064602921546178796 0.0033277271059634107 0.00129940327802563 0.0004225204227883767 0.00012446697027295123 3.5101641310584297e-05 9.886911730304203e-06 2.983052819998714e-06 1.4692805944023e-06 1.5288661947483818e-06 2.006063007213244e-06 3.002540765522583e-06 5.0518855013151645e-06 9.298443237805576e-06 1.849162695191707e-05 3.958807027452016e-05 9.090799946172884e-05 0.00022413672677502037 0.0005831156466519389 0.0015038503317207923 0.0037754893333498876 0.009079893450675185 0.02040499472852538 0.04046182663270852 0.058845916609033704 0.050372016349893904 0.03292001453799471 0.020149484941561636 0.012133313020352223 0.007301367856205389 0.004424026958873947 0.0027131007123494186 0.001691891370394693 0.001078085123993267 0.0007082159941176994 0.0004947157890258159 0.00037469028893494824
0.009673919310318992 0.009058350711327899 0.007151817142272928 0.004581467981220331 0.0023240002389821523 0.0009477019445123265 0.00032677247224637506 0.00010094076847020836 2.9311639123590068e-05 8.31425722614915e-06 2.4145883784255283e-06 1.1613477295831437e-06 1.3565806445711047e-06 1.865722275902916e-06 2.8721304700473557e-06 4.935717683722935e-06 9.382738574157199e-06 1.9213450746663695e-05 4.220598441956666e-05 9.933722523459434e-05 0.0002509933411118069 0.000662929612913622 0.0017310979937577846 0.004416047069704993 0.010887370677505273 0.02564967059988644 0.057036746071354456 0.11166237774055032 0.07003165951825122 0.04076050891090398 0.023841909284826955 0.014038263886335403 0.008332217517708055 0.00499647937099823 0.0030378820439530044 0.001879437342610475 0.0011873855571359999 0.0007722415427151348 0.0005320605868977378 0.00039723286798820135
0.008968181307095528 0.007878395354208914 0.005830559502676687 0.003569787047936284 0.0017989148256387713 0.0007584206214873868 0.0002773580943849355 9.21363144938271e-05 2.9220546822237306e-05 9.403631022915259e-06 3.440731537149727e-06 1.8813683435204807e-06 1.715801750128568e-06 2.1137102961651183e-06 3.101064975069747e-06 5.196336179509305e-06 9.80501449426931e-06 2.017146832601803e-05 4.4530583513627596e-05 0.00010549846375503298 0.0002678687738906856 0.0006989404967303359 0.0017946686895510136 0.004480742940074919 0.010723372436060528 0.024100290187414587 0.04892971722762095 0.07396711258135615 0.0619832906252804 0.04023616073391423 0.024796603782270325 0.015044980393836747 0.009079983241287348 0.005478257980508924 0.003318962715979222 0.0020309703624280446 0.0012656898934357305 0.0008246414372679197 0.000572488861797999 0.00042451668180880164
0.00856052136814098 0.007197068096360003 0.005106888836099741 0.0030451018794231256 0.0015361174879411567 0.0006689182309141268 0.00025982526702103494 9.39354930896991e-05 3.3293198586779746e-05 1.2381567070019682e-05 5.321368423953376e-06 3.0581827714487514e-06 2.5076261969523184e-06 2.7394770449059648e-06 3.6748831649239275e-06 5.777731833315035e-06 1.0413405566975315e-05 2.0953570792521004e-05 4.553648363196112e-05 0.00010672310057733859 0.0002672726425321824 0.000675300011382412 0.0016710311681497436 0.003982351542116744 0.00904481122239816 0.01897217365968675 0.03423821069154364 0.047041223754855616 0.045298822045306525 0.03462464533038055 0.023727819357198632 0.015410814951840482 0.009718131529157636 0.006018678188906207 0.0036873009391698835 0.0022514002636483603 0.0013928518324007294 0.0009050535579119162 0.0006291372791225646 0.00047155375292855136
0.008518084482863866 0.006959687144309858 0.004799573572738077 0.0028142621944127256 0.00142680332515463 0.0006413041513522803 0.0002640609809698648 0.00010371582509712737 4.0808587301314026e-05 1.7071453098883706e-05 8.13141554099563e-06 4.806067220602165e-06 3.72178773779965e-06 3.6914921140452656e-06 4.506047815870637e-06 6.542866184146287e-06 1.1047248326804594e-05 2.1250644561789015e-05 4.470504747287804e-05 0.00010203957994774876 0.00024659442746132745 0.0005945481334938326 0.0014123197483975624 0.0032863509329460897 0.007237465293428026 0.0143933508247561 0.024257268495490245 0.03236435778321458 0.03336817693127977 0.028695426324716916 0.021864494749592754 0.015410493015746875 0.010316312174993108 0.006655204454049664 0.004171661535759197 0.0025657523032690584 0.0016156337655168047 0.0010691466009486346 0.0007516625864326586 0.0005667297260882446
0.00888086895851617 0.007122417014241003 0.004797938070471905 0.0027724572621915856 0.0014124032005557881 0.000653531496093247 0.00028378494117107557 0.00012002040501351901 5.158875291869702e-05 2.362308083992749e-05 1.1984534819529093e-05 7.110922812152282e-06 5.270555464369998e-06 4.865852076575979e-06 5.484805519367698e-06 7.3822313922725606e-06 1.1644827619623506e-05 2.1188531640922503e-05 4.2748720993794715e-05 9.400020972347301e-05 0.00021439228304971647 0.00049632707900496 0.001156336674350029 0.0026275701266756505 0.005612919054593616 0.010787262693052139 0.017743662843784244 0.023823679946819273 0.025891494099706452 0.02423235126186176 0.02018889601170674 0.015404406126723173 0.011006310362537873 0.007464215273389464 0.004856341105327296 0.0030957240747568975 0.0020074930975543265 0.0013543993204778507 0.0009652182357378235 0.0007344822608393002
