_RESULTS/CROSS_VALIDATION_POSTPROCESSED/MHZ/IZ/4comp/5/MHZ_IZ_z_63_kriged_reverse_4comp_spherical_5.asc
ncols 100
nrows 81
xllcorner 5.5967107548124995
yllcorner 50.982328804812504
cellsize 0.00017565037499993607
nodata_value 1.7014100000000001E+038
[rows 0 to 18 of 81, columns 0 to 41 of 100]
0.08972008568827677 0.0877337584930443 0.08682434978736654 0.08705072129946767 0.08856687807576728 0.09159062663883481 0.09629535658478426 0.10267617070166828 0.11051546789840289 0.11937384216912365 0.12776620097213343 0.13473473079522977 0.13967696199755417 0.14212089774731826 0.14168370660878457 0.13848412913817562 0.13297215967142642 0.12578104778110807 0.11761291003875196 0.10913260137632155 0.10089500967105006 0.09331163651528275 0.0866481449218612 0.08128113732976427 0.07741561471085008 0.07497708856627192 0.07389097380027747 0.07419075911815247 0.07585934428573216 0.0789100469534001 0.08294920763388085 0.08739407470246456 0.0920950897447895 0.09688527699363185 0.10158001326340649 0.1059792093448446 0.10987190261593643 0.11304351704903479 0.11528570472741623 0.11640832044531339 0.11650708460889049 0.11650708460889049
0.08810109286281391 0.08631258181814376 0.08552428250649483 0.08582046797926418 0.08745054400847976 0.0908481646553392 0.09643221807356729 0.10424223271246419 0.11391797036498878 0.1244909641660892 0.1342689671617646 0.14234078651792859 0.1476142036971739 0.1495436565736705 0.148000497609206 0.1432466359096839 0.13589487188364013 0.12678066079771091 0.11679444443094264 0.10673772043396827 0.09723990106677154 0.08873560448102112 0.08148011886734693 0.07572965359805504 0.07171748610892759 0.0693259955162565 0.06840647118703824 0.06880652361546546 0.07042104618847685 0.07336866898760933 0.07762426399114165 0.08247028352828766 0.08761306012794176 0.0928864071754734 0.09810582987304138 0.10306948964868841 0.10756193436555943 0.11136084445473982 0.11424671257772512 0.11601502069490634 0.11650708460889049 0.11650708460889049
0.08718870411552837 0.08557815637578167 0.08486171048534862 0.08509620378681765 0.08657182900448655 0.09006748872725383 0.09663340231645674 0.10628882473257598 0.11821078104037304 0.13065971857148345 0.14185389127746667 0.15052042118146358 0.15582171944693682 0.1571751368493489 0.15441380714539646 0.14788974867858729 0.1384314299195746 0.12714638769054046 0.11516385327253982 0.10343647267571834 0.092654344338687 0.08325082062554408 0.07545091282585623 0.06941880557996642 0.0653583085881265 0.0631128144842272 0.062479462918108485 0.06325640837595813 0.06526883446690004 0.06838219948306762 0.07267302140916475 0.07788811790178783 0.0834275929033373 0.08912811867557743 0.09480763827352542 0.10026487135907257 0.10528222501909078 0.10963207147227577 0.11308627433598153 0.11542852695879202 0.11646869875420479 0.11650708460889049
0.08702420584141114 0.08564180081409546 0.08505596732206885 0.08523323565126453 0.08628958552244353 0.08916622037009359 0.09705628945472254 0.1092898475042917 0.12366014335881267 0.1376228041074652 0.1497719742492743 0.15907204003583425 0.16452516162066153 0.16535517182350193 0.16127840729138915 0.1527282012599974 0.14083104411063901 0.1270811808103858 0.1129180633432878 0.09945077654121084 0.0873939961572332 0.07713661285104867 0.06884580294476596 0.06261457047134918 0.058598130646730605 0.05660088415559942 0.05635358958175608 0.05758692161638637 0.06008009607219978 0.06367993229977151 0.06829294779110626 0.07379238069649584 0.07968227764640179 0.08575207649224668 0.09182450792935372 0.09770094036874162 0.10316368158503411 0.10798193893531494 0.11192126617646249 0.11475606227173044 0.11628433547011266 0.11650708460889049
0.08763165936893964 0.0866016357252652 0.08635849923452897 0.08682976896150696 0.0879595388786501 0.08979288908933172 0.0997097031412686 0.11439147184017068 0.13015719395389277 0.14506123896490294 0.15808695494145972 0.1681177142760973 0.1739332388260372 0.1744143618769401 0.16897883268262281 0.15808575898585653 0.14330744997239878 0.12673383935574123 0.11021563715660719 0.09499476330081001 0.08173303616071667 0.07070252505832188 0.06197382726624853 0.05559167727920896 0.05168968667398613 0.05004753735704799 0.05030246657802909 0.05207843421924255 0.055094675182136274 0.059185809416081196 0.06427158391883682 0.07027832020664279 0.07650242261559939 0.0828803154745539 0.08927558558667052 0.09549386758374663 0.10131891803912554 0.10651849547149182 0.11085384481768067 0.1140923794407649 0.11602280887075753 0.11650708460889049
0.08897813984722239 0.08845564309426399 0.08884125728222572 0.09017346501139495 0.09271193352788254 0.09760488455639325 0.1075189699710494 0.12175952613231958 0.1376083009366224 0.15291530658744706 0.16660365359415466 0.17746420761788623 0.18402046715880566 0.1845974331515658 0.17791400971685484 0.16425626220897344 0.14595513271282284 0.12611785507922876 0.10712715662009532 0.09025402085358111 0.07596368477843098 0.06430353731587633 0.05518831113322379 0.048638089391240036 0.04486711209339195 0.04370534997058615 0.044614911494127545 0.04702294839168183 0.05058347329644447 0.055144633862283174 0.06066035318587948 0.06713374358767386 0.07397388198847143 0.08061442937784212 0.0872589472993256 0.0937389147598709 0.09984038285918513 0.1053308314811601 0.10996880339064924 0.1135167871096446 0.11575665104529195 0.11651709527214563
0.09095457185298435 0.09105584119726759 0.09226487785133945 0.09475665940721505 0.09898756711314359 0.10592605754538853 0.11631441879131825 0.12996789420192786 0.14532264828663538 0.16053560436347042 0.17459123798257306 0.18634434661048047 0.19422555808411307 0.1958814977857571 0.18848296479347237 0.17140838281102388 0.14855635929548522 0.12496970289251268 0.1035685320210449 0.08535608191982236 0.07038469858657251 0.05835694014269336 0.048944732325259165 0.04210183936359724 0.038336470936159384 0.0378616689075092 0.03964455434297413 0.04273957886425822 0.04680855111827114 0.05177405574262904 0.05764889180043966 0.06447915850138039 0.0718998322657956 0.07903399696243135 0.08585045237353071 0.09250928028165467 0.09879903582313987 0.104487491110681 0.10933167913370931 0.1130909600562606 0.11560581467410169 0.11682682597294124
0.09339190089627074 0.09415164988004457 0.09621774414181045 0.0998363560958878 0.10547578639031521 0.11362835079762562 0.12418475492755551 0.13743540823429218 0.1521159651988142 0.16680469806785375 0.18075814728120687 0.1931585972847943 0.20283585995136405 0.20735593766992608 0.2010576222083857 0.1792226336864186 0.15010124614135492 0.1225526577241804 0.09925086920214787 0.08033593981082761 0.06524917528297211 0.05330505018240104 0.04388610699418363 0.03665236527474656 0.032268647582389356 0.03308231173180585 0.03590469250024964 0.03956420032478335 0.04399451543631831 0.049241934462486925 0.05537863039010569 0.06248553804133358 0.07033300266819748 0.07801102171740949 0.08510247761842592 0.09185513052974673 0.09824340223849665 0.10403539270526366 0.10898746226763498 0.11296830295119806 0.11589914388662095 0.11754135909308935
0.09609783460735448 0.09747041698916975 0.10030442228687089 0.104863910180067 0.11155048445419793 0.12007213904616819 0.13050653570100568 0.1431724401474052 0.15691465091676962 0.1705359916977529 0.18356422245597823 0.19557082741814896 0.20615612150040324 0.21462229005575414 0.21569385111125322 0.1846920410925866 0.14786512179008404 0.11763896379300236 0.0937575804424736 0.07512778286470392 0.060659466841926656 0.04941373384175361 0.04064159344018574 0.03392604781793961 0.029663969974837515 0.03094576337229288 0.033954034976861794 0.03772559097115093 0.0422633468806627 0.04763578032493642 0.05392888996960039 0.06123606380779202 0.06938952104284456 0.07747729309160775 0.08501450255825793 0.09180282797943021 0.09819892941865874 0.10399914612612501 0.10907890770965786 0.11338222428176883 0.11665121034519141 0.11863173910091962
0.09889025995405726 0.10077185342850517 0.10421612548536965 0.10947680194277011 0.1166082535801956 0.12501240958528703 0.13494354195464417 0.14664527652311796 0.15905056278062965 0.17093958732837666 0.18193999546185696 0.1917111018996898 0.1999388122069551 0.20604492160240095 0.20517686450389228 0.1740371069692245 0.13822102371864278 0.1093177883344627 0.08685439332847512 0.06962959770212761 0.056496494308127684 0.04650819037360736 0.03899462680209316 0.033766335434256126 0.031112335399495317 0.03138981139543677 0.03367275255187747 0.03714577604204595 0.041575344680499796 0.04694555804486925 0.053313313328461336 0.06076428485598947 0.06913390456017104 0.07751381733152087 0.08541141315412985 0.09235447149435906 0.09866764149610496 0.10446549701608905 0.10975472434813076 0.11429454457991921 0.11781533913172819 0.1200509052502194
0.10161723617777595 0.10386896512157534 0.10773328263214328 0.11343329826093768 0.12042735318702384 0.12834702446601962 0.13739271989456522 0.1477025713756003 0.15837280699451567 0.1679486271607585 0.17599718081529783 0.18199335586437687 0.1851163161412226 0.1835292583331747 0.1728411543505171 0.14992417834150693 0.12260307929953664 0.098297619165914 0.0788099702866372 0.06381871250885424 0.05251130131865704 0.04409251462728377 0.03802390499948702 0.03410653350637073 0.03227059807054872 0.03245342940884527 0.03431982368301525 0.0374892955986111 0.041760613814065296 0.047084387750552285 0.05349428212268757 0.0610660457637671 0.06958768992337838 0.07816121524210444 0.08630080577081901 0.09347875426734632 0.0996594044221658 0.10553785975557245 0.11095169490598954 0.11563932575996594 0.1193240884038301 0.12173000546633551
0.10415570743814505 0.10655400258273197 0.11055232545840883 0.11625437580949673 0.12276042277884645 0.12994920755231906 0.13789147861232676 0.14655527633155338 0.15520798889345933 0.16219591222602245 0.1669707872121128 0.1688991606339005 0.16707789756764127 0.16016773406777265 0.1467794787445193 0.12750559931731428 0.10610555886962274 0.0864467819279077 0.07028698210828695 0.05780632075987256 0.04850891380011418 0.041751921937666234 0.03711971766487039 0.03431818484354167 0.033172933249232615 0.03357638399628975 0.035382145109772174 0.03843183890305271 0.042625277685492076 0.047939300270016305 0.054411126267336136 0.06211708084258604 0.07074131637951112 0.07942736198424154 0.0877023545626554 0.09502881715391866 0.10124705390676038 0.10713562693949984 0.1125843663522325 0.1173283850093171 0.12108630348904134 0.12360127470805414
0.10523811343778504 0.10728097135873145 0.11097761245436989 0.11616629094969824 0.12189138843431474 0.1281473003727252 0.13493421004505374 0.1421448349797597 0.1492545297715429 0.15431748743423554 0.15643744510474922 0.1549974360858354 0.1496993822735868 0.14006561139167958 0.12613789008969792 0.1091471753989671 0.09142690995179968 0.07525657543235455 0.06194197173641585 0.05178472561629269 0.04444119852732835 0.0393561016078056 0.03611080815827907 0.0343531062244992 0.03390885636343772 0.034700181921294544 0.036675019532590725 0.0397910846397528 0.04403161910884778 0.049417887779653495 0.05600852054151911 0.06389015994652318 0.07256568462082719 0.08129503860286956 0.08960677347555383 0.09701901758881558 0.10334418488298354 0.1091539413627342 0.11454425753435328 0.11924892167541434 0.12298473829285149 0.12560822040457814
0.1040904500921129 0.10557333298693815 0.10871870612342281 0.11308283390740338 0.11783553879201313 0.12299274496363681 0.12850233177578635 0.13420439736652587 0.13975510672889477 0.1434782104641589 0.14422556754738047 0.1413904748241665 0.13451307486124445 0.12371161517074974 0.11001324603716006 0.0946584379444515 0.07929325566010396 0.06546516408540959 0.05421542852129747 0.04594430462417207 0.040392941329418654 0.03697524761907883 0.03507812275896769 0.03433894266918174 0.03462142638422061 0.035899014078352304 0.03818572365555434 0.041510823032641524 0.04591797226364909 0.051470657680620174 0.05825450111037137 0.06633372927275624 0.0750201578914877 0.08372747067867307 0.09197942301466634 0.09944902149472257 0.10582684350404904 0.11146487402091684 0.11669841178258628 0.12126231315273614 0.1248749906275805 0.12767398074225064
0.10093454244701927 0.10171016535607899 0.10412643942014635 0.10752094889669069 0.11124264129913627 0.11528778131067122 0.11957262771857796 0.12391408212505148 0.12808685270234324 0.131034040661239 0.13115704382073481 0.12792194532788034 0.12106762158206083 0.11075584508113052 0.0977206423219053 0.08362664350971674 0.06982855186022757 0.05743994676791305 0.047393728301966684 0.040427856421044295 0.036591376699784565 0.03484578652019208 0.0342603920661463 0.03449808882872626 0.03550088793019916 0.037307232275400996 0.03998613270784477 0.04361685928454641 0.04828642078538637 0.05409259581034174 0.06114642088288316 0.06939627110763803 0.0780553769302676 0.08667050062105026 0.09479055688321156 0.10222686448175075 0.10854595247312145 0.11391712090561618 0.11888964354409423 0.12320490490710367 0.1265921287741981 0.12971138522117523
0.09611893580161474 0.09610645049774615 0.09769083596696583 0.10011760258148497 0.10286887959683486 0.10619277988125617 0.11001102224050341 0.11399196811180277 0.1176963045121247 0.12046327480326133 0.12068355857963592 0.1176714124903054 0.11127350074507898 0.10174585854007959 0.08979471489728641 0.07648688263545438 0.06337209331301076 0.05162907254824923 0.04190683057819193 0.03535932627218075 0.03344982912902329 0.03343164102024497 0.03402252631851945 0.03510543217426111 0.036750495511034105 0.039062924231667205 0.042155240802186876 0.04614202445949152 0.05114111892912954 0.057276412231834536 0.0646795700945687 0.073016499330193 0.08160729884503594 0.0900512030277461 0.09797585820137562 0.10523202420053965 0.11132666811607995 0.11633773964527377 0.12093922669623497 0.12489168271004035 0.128137715488429 0.13162403561044145
0.09006426242737102 0.08924634955295498 0.08998892821023721 0.09193255196619161 0.09472044566330849 0.098183093176593 0.10207368843731035 0.10604890667880676 0.10966137056492078 0.11237311030618126 0.11313396365165376 0.11077956841865925 0.10517866199803935 0.09660240455145042 0.08572044012421969 0.07349376273224663 0.06097893061565136 0.04942033582590016 0.03957809406957255 0.03205183296028008 0.03237394403150736 0.033441378677165956 0.03474375395192184 0.03639989215897361 0.03853756064382126 0.04128544302790808 0.04477275719039445 0.04913064715065204 0.05449433726305035 0.06100511504168587 0.0687317543237752 0.07704115719519614 0.08550490968955507 0.09371584569483385 0.10138478125645825 0.10831431900517059 0.11400005717752558 0.11853650175490942 0.12265266245987776 0.12612550257730507 0.12949390001015135 0.1333098980728783
0.08321018176010252 0.08178164124759907 0.08254364838749803 0.08475097196165236 0.0878006274397895 0.0915304474245048 0.09569283019792682 0.0999363084348701 0.10380233630270512 0.1067470760933471 0.10815669645503607 0.10681078950524382 0.10227161435940205 0.09478424014506238 0.08497984239198726 0.07376955118138091 0.06217385645729478 0.051218758482940385 0.042242458823989755 0.03651191695468121 0.03479258670394818 0.03527675544546421 0.036663036826424786 0.03856957094623204 0.04102078350862015 0.044107651980760915 0.04794642267838506 0.052667188185388326 0.058410594027174426 0.0653267692934488 0.07316927849643835 0.08136556670780119 0.08959711429543658 0.097451814569795 0.10474292087340892 0.11121884188044723 0.11636034559011496 0.12031320284502378 0.12382882747728433 0.12698596953402436 0.13058121710497012 0.13466807186661758
0.07630309095813693 0.07512377359840745 0.07608372660432719 0.07857163089324908 0.08195287795044205 0.08608218946673997 0.09071760181186865 0.09549965969534469 0.0999496794950683 0.10349787601379712 0.10554785490514249 0.10543170471136049 0.10219372746109953 0.09592851691799409 0.08723011283726523 0.07699479842157825 0.06634327787020322 0.05631426851270971 0.04788249128719628 0.04224191957406695 0.039492346858426945 0.03888425828139961 0.03973792060317191 0.0416620933308239 0.04427945369628622 0.04761432764802281 0.051755046662166654 0.056819599358076546 0.06294563943295453 0.07015577050936403 0.07789475999304182 0.08586559045678507 0.09373743869065677 0.10110066390210401 0.10783795489220586 0.11366691381741567 0.11808737557041676 0.12142754937895352 0.12435546774241701 0.1275782285531746 0.13133108256739426 0.13560867290088457
