_RESULTS/CROSS_VALIDATION_POSTPROCESSED/Berg/TZ/5comp/3/Berg_TZ_z_125_kriged_reverse_5comp_spherical_3.asc
ncols 100
nrows 90
xllcorner  5.6208707817415728
yllcorner 50.959635321741573
cellsize 0.00013419651685393446
nodata_value 1.7014100000000001E+038
[rows 57 to 75 of 90, columns 0 to 43 of 100]
16.557158777141 16.612017964611 16.666679658753377 16.71847495642288 16.764930263423253 16.803850757749302 16.833404815397028 16.852202072352124 16.859357329515422 16.854533325925996 16.83795746081548 16.81041049298853 16.773188552674114 16.72804286476959 16.671632127982146 16.548671603987646 16.3512817889086 16.08892980079143 15.771478198308328 15.408914522303647 15.011112107097269 14.587627070225501 14.14597958614695 13.683152159660175 13.204850640078044 12.719372226129627 12.235727700659057 11.764400680322572 11.318765415719794 10.909869974625689 10.520752188013935 10.186816955596504 9.95070536480632 9.83006385105239 9.80462675213067 9.835025719814256 9.886158522071433 9.934449783316872 9.965913837075442 9.973028552034165 9.952681275503169 9.90524141336863 9.821987082958803 9.664115822802014
16.48029124915161 16.521148919857225 16.56293584272819 16.603230849690426 16.639807848843372 16.670705644422927 16.694297344927445 16.709353739663975 16.715094741990725 16.71122364300149 16.69794046926395 16.67593295772792 16.646346154888743 16.610733955035197 16.570030814881154 16.477596506901058 16.312871236035548 16.08487670290192 15.803094574539134 15.477219726998792 15.11694396149707 14.730184167153897 14.315564514817188 13.8795548430773 13.43073346692257 12.978214863935191 12.53203455676549 12.10380236498566 11.707691847987821 11.358772879727335 11.036600294692231 10.756787078505315 10.545384956363597 10.412970561921197 10.3506110277862 10.336799794114746 10.348139760872913 10.365676735661015 10.376382841976001 10.372513327586129 10.350686108424897 10.311363114226838 10.252870277655944 10.135341060113058
16.422935431255123 16.45023174889154 16.47961108117597 16.508874484047308 16.536014792536868 16.559275173855784 16.577206305270114 16.588717894614412 16.59312010749534 16.590150984590682 16.579987100581008 16.56323636444012 16.540913706185133 16.514402106733616 16.485402706954435 16.426307658985547 16.297674808136463 16.10761250688034 15.86523737869994 15.579958802027265 15.258433647419936 14.901097792696524 14.515672433248186 14.110739275578421 13.695305851095377 13.278982000201545 12.87227688192511 12.487026371554123 12.1368930111343 11.837613624949674 11.573133252255557 11.337660507990915 11.149305588170211 11.01609208621021 10.934512414556673 10.892637151370446 10.875429839310938 10.869017800187738 10.862790604331082 10.849953302337168 10.827452497927505 10.795850526000635 10.758353765363927 10.680079620864511
16.387783939358254 16.401981941327204 16.419431430286416 16.43813264722879 16.45627181529287 16.472270530546997 16.484833105872983 16.492988644687145 16.49612453882287 16.494008495363087 16.486797071694426 16.475029912077844 16.459610231899894 16.44177335443829 16.423046058409145 16.39392692256762 16.30443906012186 16.155462088801077 15.955637767455027 15.707979745590029 15.417156828513107 15.091181627881719 14.73844122917396 14.367705985749662 13.988188289251301 13.60966050443434 13.242741385366749 12.898865891916579 12.590258158392315 12.330398603509801 12.116349551109328 11.921363214420943 11.75726745279416 11.63115182081924 11.542597957272074 11.485293442400883 11.449928591752311 11.426970165090196 11.40851636254139 11.389229637014688 11.366697384381249 11.34154872473009 11.317497734109837 11.275961810292227
16.37719064027813 16.378895865424877 16.384892255784496 16.39349081761297 16.40304909465304 16.41214481127593 16.419615436531117 16.424592829572468 16.426530535769025 16.425221613624945 16.420805518420316 16.413763455352335 16.404902599665636 16.39533049963108 16.386421680332596 16.37885787585163 16.331197749048386 16.222675134254462 16.057239380167825 15.841997256636553 15.584545626630394 15.29291103861446 14.97708990413951 14.64726629531362 14.310783198810547 13.97581377631321 13.651499398526978 13.347980066209841 13.07628656370845 12.847974017156114 12.670157262219709 12.509934814723442 12.367578970681514 12.251000064194677 12.163060221899514 12.10024086905337 12.055585884456997 12.022977867424702 11.996980983363752 11.973778031214364 11.951677184646753 11.93133144069242 11.915758161248661 11.901834896933408
16.37719064027813 16.37719064027813 16.37719064027813 16.377221666076917 16.378601309310362 16.38113355840517 16.3837720162314 16.38573748760476 16.386540495498384 16.385995877257802 16.3842283994745 16.381668968880746 16.379041725333984 16.37734296424442 16.37719064027813 16.37719064027813 16.361299074673678 16.286096782412965 16.15495271367637 15.974927136730436 15.758426037282542 15.514510230337361 15.248730750988079 14.967325498425165 14.677292423624975 14.386441308522063 14.103399927242513 13.83753519913328 13.598733741273076 13.396979848670798 13.241693262035078 13.115528064973647 12.994870230787313 12.887678679018217 12.798407599827682 12.728436412527186 12.677138482266646 12.640714455169494 12.611414306542395 12.586593802371121 12.565228803311456 12.547960565164459 12.53709651815601 12.536256040537227
16.37719064027813 16.37719064027813 16.37719064027813 16.37719064027813 16.37719064027813 16.37719064027813 16.37719064027813 16.37719064027813 16.37719064027813 16.37719064027813 16.37719064027813 16.37719064027813 16.37719064027813 16.37719064027813 16.37719064027813 16.37719064027813 16.37640502217579 16.336911857098 16.246301037050433 16.118153171505114 15.956763629321081 15.766639536785556 15.552901199607353 15.321350978318756 15.078523449035913 14.831699915857843 14.588862751810261 14.358557982977448 14.149632110586467 13.970818738524441 13.830180840841317 13.729428553082744 13.632713696796333 13.53838531916941 13.452140975184951 13.377323539154293 13.315603616204053 13.267799521569865 13.234593206796061 13.21012735585253 13.18967772999152 13.173850155928049 13.164310860021994 13.16354823074295
16.37719064027813 16.37719064027813 16.37719064027813 16.37719064027813 16.37719064027813 16.37719064027813 16.37719064027813 16.37719064027813 16.37719064027813 16.37719064027813 16.37719064027813 16.37719064027813 16.37719064027813 16.37719064027813 16.37719064027813 16.37719064027813 16.37735908516037 16.379559012815108 16.347396062445103 16.27759349253165 16.173588991676272 16.03934858540475 15.879439369658133 15.699091268036478 15.504234974210544 15.301497578241104 15.098132732784814 14.901860912285828 14.72060077490878 14.562088483084398 14.433409550426829 14.340502964883447 14.269304448812829 14.190969209665798 14.111345100989734 14.035305328424345 13.966322059635578 13.907012078071945 13.85967695556825 13.826744927449639 13.80679391857714 13.790934379797504 13.77978739795668 13.774840980926548
16.37719064027813 16.37719064027813 16.37719064027813 16.37719064027813 16.37719064027813 16.37719064027813 16.37719064027813 16.37719064027813 16.37719064027813 16.37719064027813 16.37719064027813 16.37719064027813 16.37719064027813 16.37719064027813 16.37719064027813 16.37798179196188 16.393135887535493 16.42492342967635 16.45264031705011 16.44318909525417 16.398554116496488 16.322063101699456 16.21761660995618 16.08974907217062 15.943665944339823 15.785237718354253 15.62092855796003 15.457639382244897 15.302454867602835 15.162301982015396 15.04355176168126 14.951619253062375 14.890094222099782 14.830526720772989 14.760510579478451 14.686149102322426 14.61236609018276 14.543247368097026 14.482401541021897 14.433269095588575 14.399333012942986 14.3807017032723 14.365470307008046 14.352888824231014
16.37719064027813 16.37719064027813 16.37719064027813 16.37719064027813 16.37719064027813 16.37719064027813 16.37719064027813 16.37719064027813 16.37719064027813 16.37719064027813 16.37719064027813 16.37719064027813 16.37719064027813 16.37719064027813 16.377932943807092 16.395043701649193 16.43216170514865 16.485675752200095 16.551845596629388 16.60435200562332 16.62073409450928 16.60359156561455 16.55605487969517 16.48185169829912 16.385353883520846 16.27158507357949 16.146166114945114 16.01517902160643 15.884941953442985 15.761707103873606 15.651315276621377 15.558857298778392 15.488396009719441 15.439740034449281 15.381811264788189 15.31146724795828 15.234830792379142 15.157211447668189 15.083321940033734 15.017475403992645 14.963723094175263 14.925906341452835 14.903031196593048 14.880005696182646
16.37719064027813 16.37719064027813 16.37719064027813 16.37719064027813 16.37719064027813 16.37719064027813 16.37719064027813 16.37719064027813 16.37719064027813 16.37719064027813 16.37719064027813 16.37719064027813 16.37719064027813 16.377297605539496 16.392687851841107 16.431736728851956 16.49085396382055 16.566266119431845 16.654027266905235 16.749998391418924 16.828631418737743 16.872096454751574 16.882660204025903 16.86314270851472 16.816983463571386 16.748275449035486 16.661742287123886 16.56263680761828 16.456552240646293 16.349158188589218 16.245895176030853 16.15167456141479 16.070629228137186 16.005946251983545 15.955456568914556 15.891040740247602 15.813136193476 15.728093159661185 15.64157300409934 15.558653261458927 15.483904832142347 15.421416509235627 15.374751268451044 15.338493605557177
16.37719064027813 16.37719064027813 16.37719064027813 16.37719064027813 16.37719064027813 16.37719064027813 16.37719064027813 16.37719064027813 16.37719064027813 16.37719064027813 16.37719064027813 16.37719064027813 16.37719064027813 16.386992648858843 16.423745743308178 16.484466405046348 16.565452027280248 16.662775901837573 16.77228798856037 16.889630983245056 17.010279679372314 17.115091975593415 17.184584737356182 17.2205047050271 17.225269356450674 17.201963603500793 17.154360620818746 17.086865213967243 17.004366686236054 16.91201161171399 16.81492997927986 16.71795938457576 16.625407053745516 16.540874009108077 16.46714905389077 16.403250760777535 16.325454962946864 16.233990349848916 16.135347516785643 16.03528344807977 15.938850896879856 15.850402845732049 15.773555704913337 15.711050695003204
16.37719064027813 16.37719064027813 16.37719064027813 16.37719064027813 16.37719064027813 16.37719064027813 16.37719064027813 16.37719064027813 16.37719064027813 16.37719064027813 16.37719064027813 16.37719064027813 16.380494211463848 16.410074567630627 16.467597684868153 16.549515670140693 16.652029454282033 16.7710698906915 16.90228701293779 17.04105690849972 17.18251614523322 17.32163349195574 17.448225180032154 17.53991827483919 17.59587285250865 17.61810010737308 17.60937960464933 17.573252326176302 17.513914941755434 17.436025841767346 17.344458624135708 17.24404591482214 17.139345745450992 17.03444696014018 16.932820216695895 16.837217780659415 16.749250672273295 16.65245192548462 16.542438877400393 16.425579904243758 16.30737762060766 16.192460937639787 16.084557302466703 15.990028465894717
16.37719064027813 16.37719064027813 16.37719064027813 16.37719064027813 16.37719064027813 16.37719064027813 16.37719064027813 16.37719064027813 16.37719064027813 16.37719064027813 16.37719064027813 16.377190789861753 16.394275291251343 16.443217757001204 16.520681632264942 16.623075032175063 16.746519001797104 16.886814722560437 17.039419153527497 17.199439869868606 17.361661601169466 17.52061814961697 17.670722194104062 17.806459442826885 17.913349319522272 17.980826718915928 18.010664110980397 18.005552309376583 17.96901881213384 17.90525175256264 17.818879459101844 17.71474593712154 17.597693266494268 17.472347818982804 17.34291622338939 17.213010551305672 17.08552390745836 16.962567313472686 16.84088020557643 16.70812397516224 16.568773037307704 16.427917460220115 16.302561184379048 16.20731560062352
16.37719064027813 16.37719064027813 16.37719064027813 16.37719064027813 16.37719064027813 16.37719064027813 16.37719064027813 16.37719064027813 16.37719064027813 16.37719064027813 16.37719064027813 16.381348807341155 16.415979724089418 16.483119199687106 16.579427775333283 16.701287625041218 16.844756709521985 17.00552070764526 17.17885241414174 17.35959072916448 17.542154928042564 17.720613564964534 17.888828631403868 18.04068972044824 18.170433704312316 18.273010328260163 18.34041507135294 18.365675240991468 18.35159509107458 18.301903450303833 18.22092205655757 18.113423841161612 17.98448709605271 17.839281380994066 17.682790781136166 17.51953496108099 17.353349185131247 17.187253280857572 17.023407963324455 16.863580359124825 16.714249539361948 16.575758607615924 16.456257253708305 16.36349179775442
16.37719064027813 16.37719064027813 16.37719064027813 16.37719064027813 16.37719064027813 16.37719064027813 16.37719064027813 16.37719064027813 16.37719064027813 16.37719064027813 16.37719064027813 16.391927872458833 16.442648185113146 16.52655370548088 16.64031785466994 16.78031294947038 16.942549977711167 17.122613725484232 17.315602742811947 17.51608732012579 17.718104645498748 17.915218162700377 18.100675194782056 18.267695568828124 18.40989944552858 18.52181812232856 18.599336364710968 18.63986997238001 18.642217839520775 18.60619347971192 18.53165072636095 18.422152819188682 18.282814765577047 18.119290353770065 17.93737721069058 17.742567198688832 17.540836386595828 17.339833938021208 17.145625964909552 16.963708114649865 16.79904472349343 16.65610746657292 16.53893399487393 16.44929497022816
16.37719064027813 16.37719064027813 16.37719064027813 16.37719064027813 16.37719064027813 16.37719064027813 16.37719064027813 16.37719064027813 16.37719064027813 16.37719064027813 16.378161450432618 16.406370317667122 16.471476120843608 16.57043983974122 16.6999595841644 16.856410948352035 17.035772279226396 17.233541491767674 17.444652936535263 17.663407528395215 17.883438048239206 18.097745408478126 18.29885996953598 18.479196467520445 18.631654852453224 18.75041760441876 18.83166219504915 18.873676539008365 18.876098267497678 18.838921355236042 18.762420031900984 18.64808530068132 18.499470204562893 18.322179840824994 18.123202331120115 17.91010092664132 17.690383085406047 17.471117312408367 17.258751972044205 17.05906701845777 16.877202273322144 16.717724398047004 16.5847092449634 16.48182555595205
16.37719064027813 16.37719064027813 16.37719064027813 16.37719064027813 16.37719064027813 16.37719064027813 16.37719064027813 16.37719064027813 16.37719064027813 16.37719064027813 16.38228238353553 16.42233471773513 16.499878736736843 16.611915513981714 16.755174980785224 16.92604527971817 17.120483749524194 17.33391428905126 17.561117450907368 17.79612452929523 18.032137508444293 18.261517055222903 18.475915748159792 18.666683398853458 18.825707775621108 18.94676437363745 19.0269859471078 19.067155722937724 19.06943550046843 19.03400309078111 18.958781992998887 18.842644589527968 18.687984398838964 18.500686790740104 18.288714649490284 18.060707892533788 17.825079887270462 17.589567764400904 17.361073798596344 17.145664682373848 16.94864606569835 16.77466677568863 16.627828985583125 16.51179214153701
16.37719064027813 16.37719064027813 16.37719064027813 16.37719064027813 16.37719064027813 16.37719064027813 16.37719064027813 16.37719064027813 16.37719064027813 16.37719064027813 16.387961001741917 16.43775399689962 16.52555982181312 16.648420173737165 16.803098831008043 16.98600132007129 17.193072476555344 17.419674185387816 17.6604461527648 17.90915623226575 18.158556787145077 18.40028675724452 18.624909225250875 18.82227386654375 18.98255909719369 19.09848656614857 19.168727506931642 19.199971389288017 19.201625191648315 19.174434710823366 19.10946883404497 18.99921507315379 18.844048338150834 18.650715773805768 18.428875165430746 18.188711303483483 17.93977732136318 17.69057207343314 17.448475702464304 17.219837247982788 17.010115502580348 16.824029134283126 16.665697664361797 16.538765991926557
