_RESULTS/CROSS_VALIDATION_POSTPROCESSED_80-20/MHZ/TZ/9comp/2/MHZ_TZ_z_180_kriged_reverse_9comp_spherical_2.asc
ncols 100
nrows 81
xllcorner 5.5967107548124995
yllcorner 50.982328804812504
cellsize 0.00017565037499993607
nodata_value 1.7014100000000001E+038
[rows 57 to 75 of 81, columns 0 to 43 of 100]
31.672455381737947 31.821632265004872 32.04988581890038 32.346784549687214 32.69762311847517 33.08832721012268 33.50795158114967 33.945469931804794 34.38958846828929 34.82821668962565 35.24773954902262 35.63232396234689 35.96364525784567 36.221619408905816 36.386690782036105 36.443452508984095 36.38401830887303 36.21701763170082 35.95132079556427 35.59608343515202 35.17817113907739 34.719917395925535 34.230106441611305 33.702310179641955 33.157737175044005 32.61767218409709 32.101613216892915 31.62729351431096 31.210599058458982 30.86543041503948 30.604047488682752 30.433068246621158 30.312612406469725 30.231540182221167 30.18598607035906 30.172014915547287 30.185922585252534 30.226093650203516 30.323437145041567 30.70827641563084 31.424250163882 32.435546994396205 33.665876276271526 35.02062299598674
31.949448209674085 32.13832220675679 32.40310917108003 32.731940435588314 33.11255896170026 33.53053219809921 33.97482060694161 34.43489122661554 34.89972311976338 35.35729912382263 35.79380643676664 36.19266806897622 36.53377269161553 36.79381100610672 36.9491312236811 36.98146955430347 36.88488744940006 36.681500281737364 36.39157418226642 36.02437534855407 35.59790062287744 35.130573052712755 34.61346571370263 34.05480788658825 33.47795575863199 32.903990054372045 32.351854706755695 31.838422045488645 31.37851503367768 30.98494851048767 30.668773327274156 30.448497114469614 30.28609523549275 30.15900950573532 30.066503019783053 30.008049066084137 29.985332339484895 30.001310282060594 30.059378398440582 30.33341802198996 30.949318286737842 31.876719649579183 33.0437299961301 34.35821390539386
32.19887012292916 32.41213289728831 32.701459931665106 33.05612348755113 33.461610805761225 33.90292033304972 34.36776376089265 34.845973400902025 35.326944857800605 35.799075049387966 36.24890357099883 36.65979567693939 37.01026433271145 37.272934813868254 37.41733640621545 37.41990165572751 37.28970130594635 37.05647006923196 36.74344300158936 36.367518326902655 35.93535005941787 35.4572051720971 34.91648235234497 34.33313333609009 33.73009734955072 33.127886570860966 32.544701027126536 31.996506066557238 31.49711858728528 31.058372069552192 30.692672979955617 30.421030016652928 30.21405148390533 30.037531067162192 29.892924660825997 29.785237111454123 29.722889565769307 29.714584082133495 29.765217600434813 29.93305339908871 30.430215544372295 31.25079786927748 32.33242422641504 33.58370692714769
32.41870230312455 32.650733056865285 32.95536110714701 33.322040530144015 33.738782832884624 34.19253720329492 34.66989522170279 35.159337572887935 35.64981694832521 36.12982119021344 36.58685693881757 37.00549860148759 37.365483991722826 37.63739380703386 37.78119733840608 37.76798895273209 37.61367248777139 37.35022512262822 37.009428112859354 36.6154514489222 36.181316329920286 35.691611660463806 35.134376587066164 34.53373520923283 33.911803588934355 33.28827776551767 32.68048985802116 32.10346198088024 31.570010632513558 31.0909741533945 30.681349616735837 30.357988246056706 30.101437687474487 29.86985965934035 29.665614959516418 29.50077129810542 29.39327117289298 29.36049360919995 29.410253371710887 29.538432715878436 29.90257910940915 30.594123951634117 31.561998451874228 32.72078621066583
32.60469106587366 32.849779994153806 33.16448603433793 33.538411006581136 33.95994456866046 34.41660021090796 34.89538299555254 35.38429623091639 35.87325401820036 36.35200390944565 36.80975355709357 37.23425474569164 37.60924812839943 37.90680390601817 38.07188731619033 38.04577098620632 37.84956044030652 37.549141221724405 37.18279328011141 36.771446484678386 36.329702144982335 35.831575660881924 35.26644802684427 34.657113120554875 34.024680110748506 33.38793605433021 32.76331661042363 32.16490966078766 31.60453715677655 31.092003025340244 30.644655316955905 30.272848244800528 29.960090500624826 29.663735966445763 29.389874715697147 29.155269563598825 28.992625441454816 28.935136030338338 28.994930533234847 29.155270645823368 29.4180080565232 29.961706373466363 30.782160092783826 31.815662883760464
32.75355227398146 33.005801513331065 33.32498673011276 33.70083255272992 34.12201513549582 34.57647070365365 35.05172939925957 35.53525057495685 36.01627086694006 36.48598156312769 36.93513268224159 37.35437651808771 37.73361531093131 38.060875705847046 38.29724963600957 38.231804718538235 37.96879980878799 37.63610066301927 37.25511441856263 36.83728994131169 36.38988430723536 35.88047538311766 35.31504083585895 34.706559633637816 34.07290246686404 33.43201405923041 32.799511532042516 32.18863263944458 31.610269888650567 31.07362375803363 30.59620207710383 30.18151230205013 29.81214665472581 29.442646701008062 29.081088665390514 28.75681587686193 28.51969261480159 28.436800567367587 28.528642625018573 28.749308467904555 29.038061130038113 29.428959172112677 30.075379283981995 30.948035062290842
32.86304407365432 33.11647722133963 33.4343357947735 33.80644405113816 34.22168518160259 34.66828505030756 35.13411376438833 35.60703311259177 36.07574227973425 36.52824902092859 36.956936065897814 37.354462538644526 37.71440069108657 38.035071363223274 38.28504379238435 38.20068297817724 37.9287344849322 37.59880043094048 37.22427967553101 36.81427311097202 36.371363363122704 35.85993710790362 35.29174386551265 34.68702240294971 34.0616032042047 33.42635972664511 32.79588257481216 32.182732381584245 31.597046627800463 31.047606229816637 30.54990034770309 30.102559852241622 29.68447121858606 29.24577173573245 28.787392529893562 28.337021774018574 27.97973970186593 27.867860443804958 28.040205264500656 28.361543113067068 28.72813106835439 29.09783526079945 29.553594131525827 30.214570425904718
32.931997986446284 33.18067969733244 33.4913664101575 33.85864966586349 34.28967027926452 34.76284147298067 35.254403281876286 35.7429793727242 36.210106803523054 36.64061391547136 37.022988955533506 37.356555933497724 37.63953844647226 37.86081198914217 37.98200340567657 37.93841328635462 37.73801021600281 37.4472941847486 37.09913194011396 36.709776192927954 36.28188316887528 35.78059498207262 35.22042219304364 34.62167386182722 34.00206560186736 33.37671848030318 32.757944066783 32.15369466041879 31.57253092183025 31.022577708528537 30.51798456291624 30.054342099353548 29.605372218719374 29.11755575169141 28.58160316715624 28.00060836975166 27.429991788071174 27.25449359290306 27.619285301382334 28.077920540123046 28.526890372871826 28.944877574952326 29.322325212124166 29.745408299166908
32.96030500168753 33.21491984199698 33.57744465363366 34.0213768654269 34.51846633419066 35.04163847915001 35.56568118895617 36.06788582621121 36.528588068918665 36.93475492264446 37.276903599062365 37.54628492525692 37.7346773966232 37.831742542254524 37.820364662820324 37.69156785182827 37.4728528214222 37.211274946142936 36.89713251528424 36.53560189801534 36.13106219891132 35.650236884017126 35.108402923510866 34.52604219317283 33.92104645323349 33.30873263616391 32.70181797069803 32.11056426995041 31.54259621655195 31.00438720395733 30.508622647655812 30.049562719627783 29.595627944990298 29.09618502235173 28.541223109366516 27.924396786544868 27.25397966851456 27.030465612400604 27.519489578550083 28.01840446563807 28.491191836213492 28.927535235384983 29.319398338314784 29.65927427008424
33.02588337894521 33.38239519033025 33.83802897345342 34.3622292940715 34.92487501919926 35.49703086776921 36.052727027679936 36.56972551990069 37.0284412732089 37.41296655995356 37.71096761527127 37.91308544369532 38.011850749736546 38.0008495503334 37.87678822656596 37.6472750427021 37.338116814101326 36.98851880896342 36.63996341019904 36.30446760187014 35.92841170557073 35.47609434964028 34.961263851645796 34.40437800002723 33.823551039189574 33.23440446374994 32.649996047866715 32.08077720772552 31.53458769722012 31.01791968341142 30.544269476063633 30.10978042477722 29.67717654980273 29.208527866198676 28.70524101780665 28.187623110950426 27.742941900300778 27.607482082744855 27.850036846870722 28.24421544469493 28.669425778550828 29.084821194950234 29.47364737581545 29.829946292590986
33.25210612408309 33.71202174581511 34.26131280393434 34.867569036157875 35.498961657563456 36.12509361091846 36.71788150635727 37.25237996917776 37.70744740221167 38.06615576048121 38.31587675077624 38.448064509768045 38.457974825943936 38.34498525170667 38.114489886613 37.78125854271182 37.37135317087179 36.91963354316842 36.464622411317684 36.04460724891645 35.680103293388946 35.26243671839294 34.78194642025161 34.25899013636868 33.71165152902894 33.155618826627496 32.60411774750635 32.06789805815848 31.555286798882097 31.072949897886758 30.635620691957328 30.24252258794829 29.849581477056702 29.43848266041295 29.021130094091706 28.63128090274743 28.34192140031972 28.251165077531866 28.38532314250032 28.669933581198805 29.024503980383987 29.401599147538853 29.77803316118196 30.146610351847762
33.643387145747624 34.2063254669112 34.85035085821791 35.540723583791994 36.24304821872987 36.92427903321591 37.553801511064854 38.10448702105582 38.55360192087769 38.883462191449986 39.0817764949459 39.14173058528541 39.06203365398939 38.84729723508633 38.50900267795275 38.06664672386806 37.54784962830829 36.98656561624933 36.42010504123861 35.88647500710642 35.42142128772726 35.0142987766811 34.57523813048939 34.09401368685377 33.58847829759639 33.07429328386286 32.564840119482184 32.07122327801734 31.602373791170496 31.165361129272434 30.775180406278007 30.43101524448885 30.08768465948991 29.743294753819562 29.41341587580166 29.12843320735699 28.934692150086168 28.878328371497414 28.97267818099815 29.189025457634543 29.483180373597982 29.818903299782782 30.17382357410872 30.53834458047227
34.183465434771456 34.849740116361374 35.58963928810528 36.36583989040585 37.14102191930518 37.87905902923484 38.54636168047592 39.1132565785482 39.555250476046474 39.85402098774321 39.998027252984144 39.982746246354374 39.81067917332391 39.49134162539754 39.04133034136954 38.48424021577904 37.84996706360943 37.173159515582356 36.49116384854495 35.84211720081598 35.263622913111526 34.76615894521723 34.347555071490504 33.914295452175516 33.45738138600155 32.99230920683489 32.532530930507946 32.089456431034 31.672582003202336 31.289774606301286 30.95399816456262 30.657150227111607 30.36500392001259 30.084535304149224 29.83021054411915 29.62469991746558 29.496275447728387 29.4692158316225 29.55118467956347 29.72949293152858 29.979882399154924 30.277840887395378 30.604807408834372 30.949630857167442
34.85119020175739 35.6214095951424 36.458961416340166 37.32370796903196 38.17501843904532 38.97315784035092 39.680951298193584 40.26560148833144 40.70045422158854 40.966451511407456 41.05303903058996 40.95843030907016 40.68931956521607 40.260259066689606 39.6928792082731 39.01496282345901 38.259262117979134 37.46202091118504 36.66137408663394 35.89591558864369 35.20364691210234 34.60934121705464 34.11706132609695 33.72508670311081 33.32211539548965 32.91189806734026 32.5078265064011 32.121490030250264 31.762800052366476 31.440269795590364 31.16165836949148 30.904244256583564 30.65945639743995 30.434635773420972 30.241430989242986 30.095615998925457 30.014539221292058 30.01189210704065 30.092165851527454 30.24887761356248 30.467848252146943 30.73255319625708 31.028174378822726 31.343250967591118
35.62395927769551 36.49876354281491 37.43620320027888 38.39316512998297 39.32532234375179 40.18869521018888 40.94167812326555 41.54743420542908 41.97638761947922 42.20836973409974 42.23393761733749 42.054580957489776 41.68189621949773 41.136107080079846 40.44436259372887 39.63907714959095 38.75637897831863 37.83466080123792 36.91327072713537 36.03143243612912 35.227465499181434 34.53572617226964 33.96058551557167 33.532210403964605 33.18704847190697 32.835970060310906 32.492102565965084 32.16705061800308 31.87093676966386 31.612639598982916 31.381394726210367 31.158853829472793 30.954895974060687 30.775792466899404 30.63027063807477 30.528953639886897 30.482533336390834 30.498902550915748 30.58045918883126 30.723156694933746 30.91781797109217 31.15270077434752 31.41583977778806 31.696307531313877
36.4773014362965 37.45692144277206 38.49657918892237 39.550176838005285 40.569375485418824 41.50522488380868 42.31053645186974 42.94301479845864 43.36884034615732 43.56595999558609 43.526110060721265 43.254903631785005 42.77008952869624 42.09878044019336 41.27457802242302 40.33516095979838 39.32045864200921 38.2712969808562 37.22838289557429 36.23155868945313 35.319301310997595 34.52844071756098 33.87776312473107 33.38100864426672 33.05726917976195 32.76830299576726 32.487756688778255 32.2270817495491 31.996401560403097 31.799599557524015 31.603509114112004 31.411190821892166 31.240590198618396 31.0973773441103 30.987816785898413 30.91888028212238 30.897057106607534 30.926742646385286 31.008819422456735 31.140102520781372 31.31388163651409 31.52118041525537 31.752074943988244 31.996574430150833
37.37239757108987 38.46817178140196 39.61187057769499 40.76684705269397 41.880643125109046 42.898613925039946 43.76648151631925 44.434324010457345 44.86182535807593 45.02360822287071 44.91264147542402 44.54014325123807 43.93217229235708 43.124707194134274 42.15913376528794 41.07906388882756 39.9284398480926 38.750485433999295 37.58710986116105 36.47854855693739 35.46316007682744 34.57735321122129 33.85286037521604 33.297143274672024 32.93951713945889 32.71354725367706 32.498257520463326 32.303826651578284 32.139653325190245 31.98197732046186 31.81805819230952 31.654774301029555 31.51012312070516 31.393803166941964 31.310179550029126 31.26367658602594 31.258039127438597 31.295408679327743 31.37553509628312 31.495437794239837 31.649632530915305 31.83077420640198 32.030416940235206 32.23962894523558
38.25912833191007 39.495742772726594 40.74976109285266 42.01036652026539 43.227236462431314 44.339565181503076 45.284195505799474 46.000327080382206 46.43725423285754 46.563563961529184 46.3735435050211 45.8867892027805 45.141417651670565 44.18527627632137 43.06913471831631 41.842966822117916 40.55449763439748 39.248869588146995 37.96868578871716 36.754116809185774 35.64300404574724 34.670981371844924 33.87163845084259 33.26689854935659 32.86831059139315 32.67703695328553 32.527961478720826 32.400632436717316 32.281814625823166 32.15267127080615 32.01828523819462 31.884411126519787 31.760300868407388 31.662991839939703 31.596844248206647 31.56452641403906 31.567956883499892 31.607775418911466 31.68289606387953 31.79030246884636 31.92515071517245 32.08112160052099 32.25088581794698 32.42654758128643
39.10006876396076 40.47528414151337 41.868879432050726 43.24194702728848 44.57014898909829 45.791414069431674 46.832081520027586 47.61582478070075 48.07461950074062 48.165568220635514 47.88448281539662 47.26493530283229 46.36374935658117 45.244883963910596 43.96987713731208 42.59469677384728 41.169827487862534 39.74126432938268 38.351423513109125 37.03974682762148 35.843070396695026 34.79588667788423 33.930592199403435 33.27765438093602 32.85026183398873 32.66442043226461 32.581723873428714 32.50234777655525 32.409260138640676 32.30664084461853 32.199141869441675 32.09183053645833 31.99008707347363 31.905242909884556 31.849564857372247 31.824645908080416 31.83119653760566 31.868858377356712 31.93595926662796 32.02940134735517 32.144723463548914 32.27631826336007 32.417741850834496 32.562047149201916
