_RESULTS/CROSS_VALIDATION_POSTPROCESSED_80-20/MHZ/TZ/9comp/2/MHZ_TZ_z_1000_kriged_reverse_9comp_spherical_2.asc
ncols 100
nrows 81
xllcorner 5.5967107548124995
yllcorner 50.982328804812504
cellsize 0.00017565037499993607
nodata_value 1.7014100000000001E+038
[rows 19 to 37 of 81, columns 43 to 85 of 100]
0.0029288433505727236 0.000926209791221229 0.0002879082244483474 8.89415225197179e-05 2.7542059804588136e-05 8.644090641179016e-06 2.834952170665121e-06 1.5203429221569882e-06 5.06426593003044e-06 2.27115838320848e-05 0.00010458430087345287 0.000473023997458052 0.00204208216641796 0.008127162109796672 0.028388850893993924 0.08638015696974777 0.22879692385373882 0.5235148394570664 1.012607750160352 1.6506856794826763 2.3391011271732127 2.935003019257515 3.2752956039611694 3.2482468705767458 2.8849372598201652 2.4359992663831065 2.1239510806547957 1.922749295327311 1.8110825832655129 1.7295175554937487 1.631138192787887 1.557717261869412 1.524768829891177 1.5333040440701655 1.586017096106793 1.6871370183529788 1.82823704596198 2.00378788487603 2.2020901811663567 2.3794499147785064 2.425112858093416 2.2719472997547085 2.0178910580143943
0.00317487066921043 0.0010416679901987832 0.00033640856250053097 0.00010842608529339447 3.5283105270306186e-05 1.1812529540999645e-05 4.332091441871071e-06 2.84718748766194e-06 8.253106242880206e-06 3.6509887228358773e-05 0.00017037011384583143 0.0007837176598980269 0.003328303947677966 0.01242754276704572 0.040286294803420504 0.11310409039384851 0.2755224605030521 0.5815650972693268 1.0586480689183724 1.6719440816017899 2.3244999371502706 2.8773031521231758 3.180649220010512 3.1313415096830033 2.7612135285681587 2.325850072230361 2.034009022146075 1.855749449170017 1.7722433898306114 1.7599274990782854 1.7416962195620433 1.6952261869657723 1.6349289154815414 1.6184113534485334 1.6476525523974213 1.7221426614950508 1.8269123553860942 1.9513940920427228 2.078994977119088 2.179055553834534 2.210467069511731 2.1176947081163204 1.934733271119253
0.004035894599371987 0.0014195270139387487 0.0004978844329166077 0.00017851943266661424 6.739897778036448e-05 2.8400114399289933e-05 1.538420321968003e-05 1.4543928600850138e-05 2.9766658148832284e-05 0.00010014919474729669 0.00040770840204797397 0.001660895583855736 0.0061977061576992155 0.02052748893891757 0.05929752803286402 0.1484233060758303 0.32366288824787365 0.6173722326766103 1.0378481018941585 1.552074347601626 2.083929282000467 2.524472906987293 2.753423855075727 2.6826086850235185 2.3346782749128447 1.9651657434861605 1.7226805716356663 1.583921310386976 1.53532485748978 1.5707703244899256 1.6351299479884784 1.6829879140959587 1.6945908085972765 1.6647977765430748 1.6694943752631828 1.716071743184876 1.7856044264735411 1.8669198156166096 1.9451452189652805 2.0010833461988056 2.0192562231773272 1.9639870781753337 1.831364808752691
0.005900891780376634 0.0022805281274463317 0.0008957370350446514 0.0003709729696159552 0.00016915631476924269 9.121960400374884e-05 6.540704255694426e-05 7.211248537409614e-05 0.00013278770960263367 0.0003665097841618042 0.001203214967137551 0.004048455469700342 0.012795936742159359 0.03627855829345885 0.09016205272911655 0.19475848456710904 0.3688352858777594 0.6211186891568059 0.9443894501221146 1.3121602860247075 1.6781823703196757 1.9757486944832363 2.1218646755333235 2.0442272273114326 1.7511285846470308 1.4719164959023323 1.2909957005078072 1.1959814118413934 1.1790237022753896 1.2389371623551968 1.3579488439151262 1.4815071168167402 1.587667947763038 1.6487706508362134 1.650682248400934 1.6728203778531736 1.7143543536209325 1.7652057651932556 1.8128960556707256 1.844557095160287 1.8546057117234942 1.8234804661258475 1.7252078291795199
0.009626773022977559 0.004144943974928937 0.0018503250315243171 0.0008937133585559532 0.000489256043433064 0.0003228514465024384 0.0002778918103471098 0.00033704476127669207 0.0006017295805797923 0.0014080710657393472 0.0037932479163421753 0.010612205029900972 0.02820090588247203 0.06717477660538647 0.13955444045957083 0.2516814881746121 0.40158214317984564 0.5821876191044455 0.7836097085285672 0.9937843621294868 1.1960694647612542 1.3624770306123921 1.445029284193157 1.3824506024449665 1.168738326483967 0.9768723298068296 0.8539507151145395 0.7974011697054127 0.8027419071120895 0.8712749936855103 1.0054715349022685 1.167633769909227 1.3369234646149193 1.486820677958319 1.5807999681751943 1.5970446312684634 1.6203816098102757 1.6536959458059874 1.6859286092756338 1.7085193186278338 1.716461285122416 1.6992730130309834 1.624195483328809
0.016892729795678574 0.008140880717739286 0.004135602240822274 0.0023055626437352744 0.0014748211497886928 0.0011370315034458605 0.0011127527315688622 0.0014485300082731148 0.0024727859379407575 0.005063530555560972 0.011710050215941008 0.028056734147783403 0.06373832901738836 0.12707603893094957 0.21505743134138314 0.3125384329944953 0.4075067888972993 0.49597853794117697 0.5786671723224813 0.658165851508475 0.7360866530573399 0.808283470132996 0.8550320870682417 0.8265474415695698 0.6954218529172871 0.5705059120332265 0.4944471732404715 0.467333094095533 0.48456950685519123 0.548584403393975 0.6696597711699193 0.8327269555221 1.0240069489777461 1.2249437813176467 1.4001503220382416 1.491586699419722 1.5087214510781704 1.5359258050758422 1.5661406072699082 1.5904686666605599 1.6014047494168793 1.5924689367673062 1.5317857804879047
0.030470658038227096 0.016409099535079054 0.009427741279823704 0.0059723937200418815 0.00435056292618298 0.003783382816559299 0.004067209368832446 0.005476756599559356 0.008729827891763731 0.016106999119775704 0.0330139355925349 0.07037970534254236 0.14220803272028257 0.23998227621059953 0.319605099960058 0.35938512088638785 0.3721237857522698 0.372392304277044 0.3697878427855784 0.37056915652926 0.3787962584460795 0.39641330245019646 0.4211643767326631 0.4319188128782204 0.3647127963843048 0.285327270995413 0.2465751104225971 0.23964009832620056 0.25997998193918676 0.31132833990135755 0.40577704769386486 0.5442998371458642 0.7231401287387313 0.9348536219003787 1.1506864732559463 1.3179705794311531 1.3830754619459806 1.4132395330373602 1.452863036345928 1.4888621027225242 1.507047360428028 1.500753614853453 1.4458076915070588
0.05427277142252393 0.032616574654577936 0.02101339311072488 0.014913574380924504 0.012079208348738546 0.011523307465266926 0.01324825264072262 0.017427674398804188 0.025905382681380495 0.04334442856519846 0.07955399924999153 0.15471769461275775 0.29695024409948356 0.4433600245597515 0.4309442749024483 0.36015960341668535 0.29246156730803957 0.2385893590456737 0.19925170328894182 0.17301009893855854 0.15818058971033977 0.15385491187599862 0.15867041527227232 0.17010672892368264 0.14839496704921154 0.118066038913146 0.10724493351121675 0.1109079360938445 0.1286091702568739 0.16484790777370972 0.23036350927663737 0.33333573694754204 0.47883192153326787 0.6705638385282401 0.8896393993072795 1.0966555008530154 1.2357073569109862 1.2854335379367854 1.3419742751070451 1.4007364056904075 1.4303290540621216 1.417794139905737 1.3601990949352658
0.09313209039079268 0.062215979858980634 0.0444799372794866 0.03488515199135543 0.030791224762505856 0.03148431638937565 0.03704475691616965 0.046464010606082524 0.06377054225469439 0.09539463214213985 0.15384467245220576 0.2636848969724458 0.47227600517577667 0.6896026777538968 0.44613907619253507 0.28908904490629866 0.1895878747926177 0.12739539535148553 0.08921748601570567 0.06677972322377207 0.054222708903197164 0.04789895800283428 0.045177320691542636 0.04393168320780176 0.04229735684012439 0.04040153048688966 0.04164810449820723 0.04777679729450497 0.06078730921399326 0.08488119770271786 0.1286221920025372 0.20128160731652536 0.3112052651516445 0.46493984795506327 0.6583208155357909 0.8705698646400348 1.052442912376537 1.1495261951779645 1.2215375582933403 1.315470893430008 1.3656511497259258 1.3272524530442897 1.264792449525539
0.15177962291678443 0.11182311026370524 0.0876798546998373 0.07484801054937977 0.0709671467929045 0.0762787572194197 0.08816507151525958 0.10420703670190297 0.12984495533607832 0.17043379670513337 0.23322209588269976 0.3247460073666115 0.4309850789150473 0.44314971067143116 0.30615676489662125 0.17865102623418275 0.10024478894505007 0.0570006920152089 0.034088402967264904 0.02199574248980383 0.0156494413943805 0.012378870892399451 0.010727164919966291 0.010455758474459731 0.011125904698478089 0.01257334611511354 0.015222395795551317 0.019915347331053233 0.028326418961352087 0.04363136503901234 0.07236705928935235 0.123051362512641 0.20476768749710608 0.3255873128960987 0.4868647648856312 0.6761241574796997 0.8634603162956839 1.0017846222726068 1.0767155976827274 1.1708629573850624 1.228151491590388 1.1996627156504271 1.1518644810470913
0.23285651059515908 0.1871544733481673 0.1589502933054128 0.1455881500225095 0.14617864905793165 0.16178118947664802 0.18016921362638633 0.19835795876021506 0.22198400391120277 0.25283676054128373 0.28848993836880726 0.3187512946686893 0.3191543430422856 0.262529686637178 0.16906937045175202 0.09111948742411251 0.04554196588547829 0.022515573716035003 0.011496800351721844 0.0063195318033537175 0.0038918091197589284 0.0027571955511950653 0.0023371883049502586 0.002423230202403511 0.00291952903130153 0.003892004902638465 0.005579070750512306 0.008475600758520644 0.01358386298313552 0.023149307600815273 0.04217999784410082 0.07805888434047209 0.13945499494397157 0.23525668073328707 0.36936409881678767 0.5340262662764041 0.7053434877145177 0.8460443232087969 0.920978015859397 0.9843049534072325 1.0321840886308664 1.0467589411089089 1.0286732740150344
0.3340026240709504 0.2893946719517701 0.26298123666024115 0.2551212812670913 0.26767953774036785 0.2987306590855106 0.31894492973577615 0.3258586615862427 0.32719553865527945 0.32397203379951417 0.31066302108650945 0.27940801581340313 0.2250319401503139 0.15449295024215756 0.08791927133879629 0.04314511672783003 0.019317337031136306 0.00828549219584834 0.003573446354266083 0.0016403611222405336 0.0008574403060924422 0.0005547884583802711 0.00048827256596432374 0.0005660047893447682 0.0008012238177886495 0.001281025984060077 0.0021910630427258754 0.003889762328382624 0.007065957284569836 0.013187608003458015 0.0262671856058235 0.05291470965174679 0.10105532149544073 0.1793197819019533 0.2927280954522084 0.43614927166553635 0.5897186559014526 0.719437528904277 0.7853856130891913 0.8321543444485066 0.8790886338956317 0.9085695952467937 0.9119932981597445
0.44525296835709594 0.41118364095269566 0.3953224024289247 0.40164546301194803 0.43503683542676397 0.48080539156899643 0.4931883250074325 0.4717310547102574 0.42708292535740255 0.3710918422943631 0.304596266635319 0.23040371986844227 0.15577121791287973 0.09143811781278186 0.046224947069727934 0.020477560803378054 0.008157817258317457 0.0030234433573678252 0.001088303331839976 0.0004055045378043366 0.00017503089850135777 0.0001067472041392477 0.00010122077692854183 0.00013987983572109718 0.0002444619932755264 0.00047998755968816823 0.0009863766726504462 0.002047811752602187 0.0042263278554022605 0.008599939853797917 0.018431421707781552 0.0400588883853565 0.08024535900579133 0.14731717982860681 0.24653199795922814 0.3739346136063771 0.5121199553216396 0.6300623571300742 0.6903928067453052 0.718179406071878 0.7634700179819457 0.7969227962588029 0.8121261804537481
0.546315154782419 0.5320224549222892 0.535552141568151 0.5629333381493196 0.6218940497925806 0.6779462417141282 0.6704517987775862 0.6052196730567223 0.5019862772328927 0.38929375650215975 0.2802689563287717 0.18404429724217658 0.10798545120991987 0.05606772037254563 0.025600166006416847 0.010275420169692535 0.0036644825703389615 0.0011820519678671557 0.0003544372877935461 0.0001051019956068433 3.683719332850148e-05 2.0124172543690702e-05 2.1877247656512076e-05 3.990421041591614e-05 9.087714603408208e-05 0.00022192343070765006 0.0005446936818758618 0.0013103562143974943 0.0030624826275362526 0.007014336066506635 0.016007159671508325 0.0351238968803729 0.07135922785231953 0.13256327716204686 0.22360948546930987 0.3406363871390737 0.4673146973516667 0.5748845029421147 0.6298192792262373 0.6446334957042905 0.6773038803572561 0.7106926910500435 0.7316972657707197
0.6101999641253334 0.6192459750457892 0.6444702321950068 0.6941327227905882 0.7759965949901947 0.8329991330050558 0.799321098272651 0.6899748063069133 0.5367887271146595 0.3810221581360272 0.24721795401328947 0.14508352504190827 0.07646740149565993 0.036326375009599295 0.015292532349040761 0.0056746512448757275 0.0018578414727666512 0.0005389814400586085 0.00014184277345799916 3.6055434021709624e-05 9.533905459726074e-06 3.800945729051038e-06 5.6400974329205906e-06 1.5688695239351952e-05 4.701451417060242e-05 0.00013859005260790676 0.0003919035762284292 0.00105563795041334 0.002718183299700727 0.006769984537640635 0.01598114309943205 0.035178039464106914 0.07130416006697886 0.13165716875117817 0.22014160540049912 0.33221266217359163 0.451383644725819 0.550212727097792 0.5982617648218781 0.6039113981129002 0.6205753439830002 0.6464487004080344 0.6699286841379861
0.6124325939237284 0.6421862485739853 0.6864794307393921 0.7510302187091527 0.8425033542606313 0.8953348153500543 0.8409877715283931 0.7025754054050236 0.5233033070272449 0.34830580005584527 0.20983390819373876 0.11367376527194463 0.055991600232263225 0.02500288163633885 0.00997374928439748 0.0035305757692861415 0.0011070988944249362 0.00031675007390488474 8.45789268637092e-05 2.1328318514852578e-05 5.158032554151709e-06 1.3646838272363585e-06 3.1927816221423682e-06 1.1385619271186848e-05 3.887202963443532e-05 0.00012538968578755844 0.00038111877559211246 0.0010928792925634907 0.002971855958991637 0.007662377799026789 0.018167466676805685 0.039554722623134024 0.07881128599567902 0.14292073656033874 0.2346696677467558 0.3473808488818368 0.46288152259819465 0.5540049029241249 0.5930700577200118 0.5874986554833811 0.5892895111107199 0.602303366662304 0.6251885921223714
0.5490535836755542 0.5915815892951691 0.6440480860002282 0.710783696970427 0.7973482820031605 0.8451314813700284 0.7846466257464447 0.6424112884294397 0.4655790114832241 0.29859678309278215 0.17082219642882485 0.08836633857223544 0.04191455938575507 0.01810178094583875 0.0070645330070174305 0.0025210706524984483 0.0008370365967114719 0.000262234584319443 7.923986619503981e-05 2.4070941885904203e-05 8.200023116491078e-06 4.471073102964125e-06 6.456174025663834e-06 1.715200083115357e-05 5.3257704749346536e-05 0.00016706261403592746 0.0005068181568712519 0.0014629129882150192 0.004011144108782787 0.010172968968807596 0.023492578719120714 0.04952901731877127 0.09534751623057118 0.16718392546708244 0.26602853059883075 0.38270268010327846 0.4967754171559767 0.580816221614186 0.608597222940654 0.5870754589613164 0.5749912967507326 0.5756429092782738 0.5910092649546335
0.4659240762772619 0.49243000947193905 0.5327448906973364 0.5883912644372815 0.6584767867202819 0.701617899752437 0.6514850761997301 0.5303280263806638 0.3801796117273207 0.2403978204393769 0.13398816416200834 0.06780057964367714 0.03188094113946129 0.013973556647365316 0.005722550968678992 0.0022083938523354825 0.0008148746692211589 0.00029391934161958035 0.00010748647882987276 4.258632354062493e-05 2.076897082437905e-05 1.5362984184811715e-05 2.0115204786027657e-05 4.179268002913805e-05 0.00010989775017810508 0.00031339728157698686 0.0008983251068277966 0.0024935040685459616 0.006544616654024611 0.015680888945681124 0.03425893824496402 0.06840642886931088 0.12501531317399278 0.20883740595941483 0.317967696730675 0.43967206623592375 0.5506542191261529 0.6236830453821827 0.62980102602971 0.5910885852712736 0.5664037957260403 0.5559814033167488 0.5607299925415336
0.3980935664481577 0.408613323923156 0.4277502572177143 0.4574615574498535 0.49833948513839377 0.5297667242519918 0.4942627424583848 0.4044665232465261 0.29179467755433214 0.18637317331292053 0.10557704799244307 0.05479929153843849 0.02681285580021786 0.012451033299084216 0.005515383078869388 0.002348787411474862 0.0009835065210911551 0.00041689686276002015 0.0001870277664385046 9.497830126968251e-05 6.01667513645314e-05 5.313994606261715e-05 6.950292571054358e-05 0.0001282891753394953 0.0002965380645906673 0.0007638759090841291 0.0020202800717973963 0.0052310491216301476 0.012547566859825318 0.027551131737534408 0.0554885190862133 0.10278090000480718 0.17540905390226977 0.27547225843732603 0.3969007990463876 0.5225744397181864 0.6263348040726177 0.678426973729756 0.6506755316743699 0.596121314546737 0.5597702471488225 0.5398215874446635 0.5358201803953544
