_RESULTS/CROSS_VALIDATION_POSTPROCESSED_80-20/MHZ/TZ/9comp/2/MHZ_TZ_z_63_kriged_reverse_9comp_spherical_2.asc
ncols 100
nrows 81
xllcorner 5.5967107548124995
yllcorner 50.982328804812504
cellsize 0.00017565037499993607
nodata_value 1.7014100000000001E+038
[rows 0 to 19 of 81, columns 43 to 85 of 100]
1.1663202879506496 1.2030473284758212 1.2472759451760609 1.2972805628383883 1.3512393318474307 1.4072586903422197 1.4633802999930752 1.5175866429677847 1.567815510575923 1.6119885445377795 1.6480555028920885 1.6740535784206745 1.6881793888698906 1.6903095059527133 1.6903095059527133 1.6903095059527133 1.6903095059527133 1.6903095059527133 1.6903095059527133 1.6903095059527133 1.6903095059527133 1.6903095059527133 1.6903095059527133 1.6903095059527133 1.6903095059527133 1.6903095059527133 1.6903095059527133 1.6903095059527133 1.6903095059527133 1.6903095059527133 1.6903095059527133 1.6903095059527133 1.6903095059527133 1.6903095059527133 1.6903095059527133 1.6903095059527133 1.6903095059527133 1.6903095059527133 1.6903095059527133 1.6903095059527133 1.6903095059527133 1.6903095059527133 1.6903095059527133
1.0889203479690774 1.1313159525145844 1.1808535203057968 1.236294367180728 1.295949593826462 1.3578667255263168 1.420059853400032 1.4804944173044337 1.537087818932388 1.5877296067836475 1.630321355846258 1.6628344339111514 1.683382558029266 1.6903095059527133 1.6904604865333541 1.6908998364528578 1.691370472029125 1.6916826120088582 1.6917317403763943 1.6915024341836398 1.6910689407931796 1.6905924282841185 1.6903152692239605 1.6903095059527133 1.6903095059527133 1.6903095059527133 1.6903095059527133 1.6903095059527133 1.6903095059527133 1.6903095059527133 1.6903095059527133 1.6903095059527133 1.6903095059527133 1.6903095059527133 1.6903095059527133 1.6897468418773722 1.6882354100143313 1.6864353293510892 1.684876220069464 1.6839303696637813 1.6838006023349161 1.6845136874582394 1.6859194702073872
1.009570889166246 1.059083211959313 1.1165161712289022 1.1791126082261874 1.2444458900028568 1.3118606761686127 1.379591604448596 1.4456217687684212 1.507877138920808 1.564239868729854 1.612585343782226 1.6510447411197466 1.6784843817205741 1.692843021237008 1.6958238324067447 1.6978402679936673 1.6994142658578577 1.7003299410621762 1.700467882364113 1.6998104374487357 1.6984425119891284 1.6965477682325318 1.6944007615738568 1.6923560852105366 1.6908358976897921 1.6903095059527133 1.6903095059527133 1.6903095059527133 1.6903095059527133 1.6903095059527133 1.6903095059527133 1.6903095059527133 1.6902146384145862 1.6880784744821187 1.6839145127601003 1.678704005389264 1.6733231477187842 1.6685152665444705 1.6648674430819415 1.6627920335246726 1.6625136120265203 1.664061815303828 1.667270395491247
0.9313367670300946 0.9880930774147392 1.0532778722127407 1.1236397349895417 1.1961367961548852 1.2683444146690614 1.3399293521424036 1.4103093768716128 1.4776407755077021 1.5399745333825279 1.596292410395013 1.6439080499370724 1.679540052984562 1.7012248038564028 1.7085128290409066 1.712223574386318 1.714988196513155 1.7165569938590357 1.7167911566199383 1.7156701227984417 1.7132926940771356 1.709871735932149 1.7057232862580884 1.7012516874823957 1.6969327652904038 1.6932970652558696 1.6909148136533283 1.6903095059527133 1.6903095059527133 1.6903095059527133 1.6903095059527133 1.6883380012943108 1.6825961495129584 1.6742878999382715 1.6645801549490764 1.6545548203148404 1.6451760457576836 1.6372611698589525 1.631455769027791 1.6282134859616442 1.6277814934101595 1.6301924176384825 1.6352632631857333
0.857502678110001 0.9199570437471188 0.9893957601747781 1.0634053910221328 1.139886094459267 1.2167657714344842 1.2918047707905347 1.3645999893445508 1.4363295891437433 1.506532295591832 1.572607320580015 1.6313974636333977 1.6793304847315251 1.7126196099399016 1.727800263243835 1.7336149988319411 1.7376809932773754 1.7399660215487043 1.7403058457016611 1.738676078781267 1.7351937641236632 1.7301098905001908 1.7237941419948197 1.716714382564366 1.7094139085252142 1.702489342667499 1.6965713889066831 1.6923098031099104 1.690363111128168 1.6900748292551109 1.6855689723837362 1.6763474328146697 1.6637620237595871 1.6491462766725706 1.6337756590075156 1.6188309883541752 1.605364781340026 1.594270527553031 1.5862553672777953 1.5818172176097205 1.5812277944968576 1.5845229879673957 1.5915015701292532
0.7871974406172689 0.8528003255735445 0.9242711698844726 0.999748548457469 1.0777184949105783 1.1566612083926013 1.2348367521596098 1.3116233606527816 1.3883499422136494 1.4652660235347355 1.539823599065132 1.608788005093805 1.6683369113614357 1.7142703090819014 1.7423292730292232 1.7578578324629395 1.76701915513871 1.770182753116166 1.7706401782199357 1.768444636732751 1.7637373866956625 1.756819656083072 1.748130960490668 1.7382204872074698 1.7277161908722412 1.7172957347436006 1.7076621757665418 1.6995258745402773 1.6930310998129947 1.6837088448028763 1.6713100149201787 1.6547529576469833 1.6352594800132756 1.61427462778802 1.5931787245786846 1.5732509447104976 1.5556347410358529 1.5413048017625517 1.5310360905218596 1.525376600298588 1.5246262948207718 1.5288248472691657 1.5377499764786118
0.7247064083594411 0.7914336419563998 0.8623484684199076 0.9365165653117754 1.0131337038160424 1.0912853707407395 1.1713569219216302 1.2533124405594473 1.3349883286303657 1.4170670337858646 1.4988268167671637 1.57698511854149 1.6474751407477073 1.7056549730464803 1.7466566696994035 1.773598157459774 1.7939185213158146 1.8055726817887938 1.807433022349807 1.8045996156323962 1.798516583531895 1.7895522719691241 1.7782379992716875 1.7652275708352754 1.7512550410744714 1.737096684909329 1.7235408158249768 1.7108962411436484 1.6938952365233764 1.672628891785205 1.649321003666026 1.6251800377663144 1.5987942217110789 1.571440169601427 1.5445996279655734 1.5196511300781197 1.4978346157177869 1.4802152411662988 1.4676468797212896 1.4607377940620196 1.459822703997015 1.464945979010489 1.4758593274996294
0.675526926873171 0.7394241608725076 0.806381310677246 0.8761840629135613 0.948578566556231 1.024328424876911 1.1049086119350757 1.1894113386849934 1.2760474723723603 1.3625944158728565 1.450279575048378 1.536656638878132 1.6174351675762206 1.6875173042429206 1.7413700031330626 1.7807515225793973 1.813105994902712 1.8361386441441654 1.847799694400595 1.8467577835539144 1.8391084295383449 1.8278324725856518 1.813583528758252 1.7971508703600247 1.7794013377798517 1.7612299803135174 1.7434405365384857 1.7208559930780236 1.691764507300975 1.658621602938109 1.623781698525966 1.5894617581039598 1.5561735517625763 1.5224992776379147 1.4899234496387106 1.4599265715646246 1.4338543670380803 1.4128776128083635 1.397947395677589 1.3897493388568023 1.3886639636278924 1.3947418937277711 1.4077003938244539
0.6413370218998174 0.6976885705246184 0.7572820124627798 0.8199123176375914 0.8860799926068644 0.9582659972425698 1.0368702548005981 1.1214662186058326 1.2107709285466177 1.3023563133915628 1.3948182194011947 1.4884587101848166 1.5788831743314302 1.6605396571741475 1.7271865541403155 1.780025250750417 1.8254680163391095 1.8606988193974536 1.8833784733371477 1.891754281942397 1.8850548141406864 1.8711347343736264 1.853573029065763 1.8333356778209446 1.811455148021673 1.7889673839187004 1.7630834267151476 1.7283307051419328 1.6872312979273778 1.642409311735531 1.5963257367931096 1.5512522460160378 1.509258350844127 1.4693511655624203 1.4310645887649498 1.3959847040877196 1.3655764907859909 1.3411393956086723 1.3237508118913135 1.3142018682349865 1.312937513640765 1.3200172790220521 1.3351097000389756
0.6186033890719118 0.664521681900997 0.714368904538017 0.7678341627763893 0.8270658045105107 0.8936640181712847 0.9681766018466674 1.0506989881431865 1.1405101695112028 1.2356894634773734 1.3331083154263974 1.4331225339747318 1.5325858115631228 1.6255047065390766 1.7048977219515922 1.7722844527050328 1.8319397063728755 1.8803108100622503 1.9145915184760183 1.932874021379809 1.9340284985533311 1.9189089948218778 1.8976563989110473 1.8732188990047687 1.8468041103003703 1.8185456511635008 1.7806365730979739 1.7337762268121497 1.6809023554267857 1.6247403740567834 1.567826843314663 1.5124569723208552 1.4607008479536954 1.4139046308210854 1.3699367404201819 1.32971633111681 1.2948447182894058 1.2667830831899247 1.2467803675446634 1.2357795994159586 1.234322028307646 1.242480700898197 1.2598508084541205
0.5988078632633732 0.6346162579856689 0.6749627091686178 0.7197813531277548 0.7711903551390662 0.8306559632516494 0.8993830902442006 0.9780184246702752 1.0664611360498253 1.1633843855108814 1.265780183680013 1.3714934711477365 1.4796007178232593 1.5835677604834821 1.6757111143075816 1.7586791566590372 1.8336637708727923 1.8961599728990766 1.942986131351993 1.9718547048461126 1.9816105006359632 1.9719535267399686 1.9471353094645256 1.918095989133105 1.8867060968007245 1.8485829564134453 1.7982327814142385 1.7389966158676315 1.6741235148903646 1.606619760795881 1.5392013985752646 1.4741003995783712 1.413119179665212 1.3580745817956799 1.3084410115560918 1.2629879938482764 1.2234553880437957 1.191510373130557 1.1686426275224184 1.1560246561026983 1.1543503666868147 1.1637146550439466 1.1835953905747
0.5775143278277958 0.6037780016094111 0.6347200390718268 0.6717486878106455 0.7162201100928477 0.7689075536084391 0.8308060062673542 0.904226010048672 0.9909279703711857 1.090157759857902 1.1990025341771378 1.3130893568306397 1.4312244115891164 1.5469582668708088 1.6523054852395216 1.750477128591485 1.839781786615711 1.9153022425882293 1.973267738507427 2.011850163105193 2.0296129949770645 2.025811579371185 2.001457849954832 1.9672518651960802 1.9295839073667376 1.8794087836463143 1.8168890503983428 1.7456896021991366 1.669234127382763 1.5906281045455162 1.5126234300206995 1.437620064577231 1.3677013974712176 1.3044294279046287 1.2484738782507145 1.1976607235430627 1.1531936063131771 1.1170299384517377 1.0909634667740653 1.076499603185635 1.0745753996885574 1.0853218505692743 1.1080268771553614
0.5539869934568472 0.5717414935286921 0.5940543068583335 0.623054950431509 0.6597785731577452 0.7057967724292051 0.7640146277388561 0.8356537733778086 0.9222806994078887 1.0246110689138368 1.1401864882762414 1.2639227344416626 1.393090270996044 1.5217381324016475 1.6429579934043541 1.759668681834835 1.8657362170842389 1.9544413389461324 2.0208849104512256 2.0629683043744977 2.0815007123109837 2.07928717221628 2.0577218984026127 2.01890926883522 1.9724371857916343 1.910508087755146 1.8363648254581484 1.7538757276060888 1.6665865289763653 1.5776600722063039 1.4898510409093215 1.4055147039403975 1.3266495596781769 1.2549999210175116 1.1921764506011252 1.1361617552203742 1.0866645954809993 1.0458564241339516 1.0160251711699115 0.9992840370866939 0.9970452221861376 1.0095124481667166 1.0355970140850017
0.5289867821647597 0.5392457452186704 0.5537701479990579 0.5747100198684801 0.6046927525212609 0.646239007608916 0.7014480975105214 0.7724088645745226 0.860328252990812 0.9657384885427617 1.088303680300992 1.2228491600893525 1.3643769771037957 1.5081541793949038 1.6499300464211681 1.7880556490170068 1.913253878050793 2.0165392282021806 2.0912589240552912 2.1350174310551693 2.149931874544644 2.140879156641849 2.113149541464734 2.0707900733390483 2.0140382200471625 1.9410899465846374 1.8562343886019346 1.763457546996416 1.666365716759623 1.5681379885713336 1.471504590583809 1.3787805054268387 1.29212392753233 1.2130544182549552 1.1428107751769867 1.0811338690893455 1.0260903388983758 0.9797536537700111 0.9450903888799387 0.9252430366711393 0.9225629630554002 0.9374074134671321 0.9679205332296527
0.5040772669005071 0.5076998666128618 0.5153242904483633 0.5306805104665875 0.5554376103471318 0.5917670762415594 0.6427341933047216 0.7117630597622301 0.8015098554969371 0.9123503811295737 1.042681655122058 1.1891025156853852 1.3455881460736603 1.507758938241499 1.6738612621001994 1.83647730019115 1.983855242887323 2.103610456266257 2.185985283276647 2.2282050829643874 2.2351463794133193 2.2152308382795765 2.1762974662201158 2.1233438754179734 2.0527945304671196 1.9700782556415122 1.8758833286569254 1.7742139735986817 1.6687271427753751 1.5625813527931802 1.4585077176941117 1.3590229437756625 1.2658620141637484 1.1802588200785482 1.1031904451531542 1.0349449833386022 0.9735665047144691 0.9206119641806457 0.8794666240448344 0.8550002304951655 0.8516295503448102 0.8700909159991255 0.9067497557400257
0.48111340280537035 0.47922381017285187 0.48278214091233235 0.4933336599121696 0.5122647716128697 0.542284537400464 0.5876103266300102 0.653457517074533 0.7443917387220892 0.86204841211648 1.0033967488978375 1.1637842718096205 1.337582358886191 1.522141566424736 1.7149733324344287 1.9051194828147135 2.078456079524301 2.217683996931865 2.306524581273787 2.3413805889137125 2.3336998643391578 2.2979379443114256 2.24473674099099 2.179083194096264 2.0924778883736 1.9987747313487711 1.8998008869705933 1.793428041330971 1.6826657669991776 1.5707724807319463 1.460675266239806 1.3545375570628884 1.2541655020098124 1.1610187951356676 1.0762729949385383 1.000642926518291 0.9321520257351883 0.8713834995232919 0.8214100723656516 0.7893314995870532 0.784690755824271 0.8094035509638775 0.8549388836588229
0.4621414562849028 0.4575347060826256 0.4576812374543259 0.4633501247697691 0.47585100347223114 0.4982298617828066 0.5360774488248173 0.5973312736595341 0.6894183513805602 0.81507658601072 0.970995599816476 1.149064797621275 1.3420675632986994 1.5523896116996778 1.7729357240035246 1.9920869874553815 2.1949647637769205 2.359491798121694 2.453382919749414 2.469437903179219 2.4379467764386256 2.3815685261098585 2.313609425388622 2.240029657386402 2.1468095848566167 2.0435929559534967 1.9383873903793833 1.8292478211156191 1.7148203360311847 1.598508482843158 1.4830110487498087 1.3707014747243154 1.2635552433185953 1.1631219813010625 1.0705445654358194 0.9864861758643843 0.9087488997821256 0.8377235601315375 0.7761095981385813 0.7302675139869308 0.7225433689647829 0.7600114274507158 0.8176931074104897
0.4503160540135069 0.44385000038027017 0.44102554405675193 0.4420960104424113 0.44785045625155806 0.4610735491896968 0.48866675310683716 0.5433345647702628 0.6378840174767112 0.774921420666548 0.9487917271587929 1.1481543324354277 1.3645505964646154 1.6005183225431714 1.846900337302412 2.0918031570160647 2.3219363611424013 2.5203209480605984 2.62208597031473 2.5950951270126077 2.5334834221657387 2.4614386263102617 2.387190649365211 2.3108388042577097 2.2155680095330603 2.1066922529812713 1.9937684083985305 1.8811186343329351 1.764981311084993 1.6453959969488698 1.5253581924768436 1.4075585144674865 1.2942647119080013 1.1872560437384534 1.0878080092623204 0.9966318528174746 0.9114037055769164 0.8316514918048779 0.7581610235563727 0.6915500976229567 0.673403182310393 0.7358319162201297 0.8033058511006337
0.4464980300249586 0.43895886547040636 0.43415958896215423 0.4317304963713799 0.4314715618055862 0.43467095898575386 0.44760410853312804 0.4915339038280451 0.5937885273000785 0.7494524949054056 0.9446270660246149 1.16802606530291 1.4109603256226444 1.6701808840983192 1.9369232316168543 2.1969604652007284 2.4320795671616495 2.6243744513448384 2.7107460354534716 2.6683772366977947 2.599640544443499 2.5237631062112924 2.4483645596877857 2.3740780902928167 2.2831504725408758 2.1768443406860976 2.0638653553402464 1.9486924365075666 1.8324482587618443 1.7111213897352977 1.587706404143311 1.465332893553467 1.346708032519331 1.2340163568334461 1.1288908010033223 1.0323621472297106 0.9423705992444511 0.8589944565226526 0.7844600849062038 0.7254461781962641 0.7120935301631026 0.7561126376784336 0.818546547157727
0.4508379245844898 0.44357391377440414 0.43855720687924354 0.4349885005263283 0.43174418641292206 0.4279447267023174 0.4238416827148153 0.4423757890506218 0.5728812187704316 0.7539275289844726 0.97146872261998 1.2200587006311254 1.4885097603771273 1.7662746684787307 2.038571545683342 2.2883012296063394 2.4980567852490267 2.6457565105652674 2.706574299084545 2.6903711249041478 2.6345413034464964 2.5649857640146423 2.494350236436463 2.425831685974841 2.341960424562791 2.2414152852440097 2.1332758963803835 2.0218548834619843 1.9103137237938081 1.7942219053251627 1.6700527550552842 1.5442537913780348 1.4212607880721342 1.3038468712240947 1.1942203433780567 1.0939495165844395 1.0014541763156128 0.9181914726351794 0.848511820701758 0.8008110836311959 0.787620476886965 0.8112064607553328 0.8604693544071217
