_RESULTS/CROSS_VALIDATION_POSTPROCESSED_80-20/MHZ/GZ/6comp/1/MHZ_GZ_z_250_kriged_reverse_6comp_spherical_1.asc
ncols 100
nrows 74
xllcorner 5.5967023332191781
yllcorner 50.982320383219182
cellsize 0.00019249356164376555
nodata_value 1.7014100000000001E+038
[rows 19 to 37 of 74, columns 0 to 43 of 100]
26.2599715520347 26.344000004298096 26.48889164730679 26.72135651240487 27.06125803752531 27.485537877649897 27.965162543889804 28.469554892934813 28.96793638693766 29.432528521334884 29.834378331987544 30.134027431370335 30.328056934052356 30.405193122119 30.34159548882494 30.143010595020602 29.815694037947242 29.371833407662844 28.83493123890587 28.2570898670254 27.70834132214064 27.219239029610925 26.760747188326373 26.317041408213566 25.85237799381469 25.379780102804055 24.924567396087653 24.502065245748554 24.14087683400125 23.855502615801196 23.642934906498645 23.503394996995738 23.43657428596969 23.368414263708047 23.286395981600347 23.216889166531434 23.180377137397727 23.149400615213214 23.132835990345793 23.16467286145405 23.226305751635547 23.38218667721349 23.660250101257066 24.055281256614077
26.777927821030072 26.95792509652494 27.193714079767727 27.491776298747233 27.855469690676333 28.28501847695703 28.755506871631827 29.239270915043488 29.706589332827598 30.095573818315753 30.3805653400634 30.56058820833653 30.62074073530588 30.50045745054894 30.221642611174122 29.824261128701163 29.316271899060244 28.705582578603995 28.016721741644872 27.317525609924065 26.672708952135967 26.11751110914301 25.619254029984575 25.184084366935362 24.771056969488235 24.349552385355256 23.9433573809839 23.591943907771775 23.299463998839414 23.065322468392324 22.898974910423803 22.78744373029146 22.668891473493264 22.524622949588387 22.364777035730487 22.231435490364152 22.165844836074207 22.140550863479895 22.125778555872465 22.15415936546484 22.21818208766152 22.354946961856097 22.614504350040196 22.991379726951212
27.23386269980122 27.510818003713243 27.84757250341437 28.24435390760609 28.68260494884784 29.144925216105367 29.620455302736275 30.080216573856376 30.454997644291804 30.725095977155586 30.885067846091314 30.934853489491953 30.812992124163042 30.511396724484847 30.0605450532625 29.485739413579008 28.80706208816981 28.03355353173859 27.191165797851614 26.363902473760998 25.61871996138258 24.991847833134653 24.444212045403024 23.982066995403635 23.635429702134207 23.34393159927794 23.083124208703097 22.838285616797005 22.64107090884876 22.497180769991658 22.377812976994985 22.2391957873498 22.056118994120297 21.831159458879124 21.57504342590844 21.349432311888663 21.234039599397867 21.21701285540324 21.23355164188858 21.25095460501564 21.313925618465856 21.4264547895376 21.654295983528677 21.993319135899497
27.574365584339745 27.946803511908936 28.385966946747583 28.883963329469314 29.412264983583647 29.952625942492407 30.471292290285458 30.881398324458782 31.164083482954545 31.316266418910377 31.346507080382118 31.230986813344597 30.908428238700353 30.412881719382632 29.78725121013326 29.06931280250098 28.277162460781057 27.375944839013865 26.373083057353597 25.407686469397106 24.559649692219484 23.843333737996293 23.246046283913273 22.807907095327565 22.534532932498667 22.383414556985393 22.290192990291285 22.22272430508724 22.143074142948116 22.07176178169913 21.99768275429005 21.856747565802085 21.6397468620752 21.347111610203225 20.981561525556145 20.61112973422331 20.41216394824732 20.452248197221 20.534637094432746 20.55538335122698 20.57239920357943 20.628632850336516 20.790795304003197 21.05920083882072
27.781775868004665 28.247568126209355 28.79172566707906 29.394771242123962 30.014052498048084 30.62064581891707 31.133933450922218 31.52850810367015 31.781140207282387 31.864494289576218 31.765411238988133 31.450057925177106 30.9104879316988 30.201139695686578 29.37996770805482 28.50026448344544 27.605800714881024 26.674731598176514 25.47751311970819 24.40679279979773 23.485752290854055 22.738070511547548 22.157362863097045 21.75618224160498 21.544893802701864 21.507693726441012 21.5564791643437 21.647568650863548 21.736031447362702 21.77832751859123 21.752132164414537 21.636033739464313 21.421056482732244 21.101486534479132 20.662362796077833 20.117433382591216 19.71782024612129 19.951601043717744 20.07624891490145 20.0745363921446 20.011157639527212 19.975631335726764 20.025687558698955 20.214898050754684
27.837024275441525 28.390195866222456 29.042313768077584 29.760183622445506 30.458873381211767 31.064033785858197 31.567891525209195 31.961248372872948 32.20977141717747 32.26932810507605 32.09198443708979 31.581003592870672 30.806630952217596 29.85887566048795 28.811958671989192 27.724936103963387 26.649573866196658 25.564265441099554 24.403735286464027 23.322866514228103 22.407302502513506 21.69469208133291 21.14845717891645 20.789739213225584 20.643067347674247 20.716222908929552 20.923972804075692 21.19192483874168 21.457446822708786 21.645043432604403 21.67423553568031 21.608002377856995 21.43251962074765 21.137167393037387 20.715475489595754 20.21681466487027 19.876584365085552 19.893296032649484 19.89973651736737 19.801607049615427 19.624272335527593 19.477340562887672 19.40290860380828 19.481904866800974
27.720584681440485 28.344430594087406 29.093757564035716 29.95357979399885 30.631747786694895 31.202928373350495 31.70425141551038 32.11424186018179 32.386159658423814 32.44848986516477 32.198206930240694 31.530729379925916 30.5214917393047 29.32474185161414 28.0460448876509 26.77387302943822 25.556128571066438 24.381531538511965 23.24759286829854 22.217574751300155 21.375490014947516 20.72171620600345 20.221054856193234 19.904893412364395 19.8233987321078 20.014712627281117 20.41028148741372 20.89048645973405 21.363891389455414 21.71425511634428 21.855327083775112 21.821908080749903 21.690949862824418 21.458447556244256 21.11033836411294 20.721944015094746 20.402482223615277 20.186366740992476 19.986064224605517 19.727819108372298 19.40463756704833 19.119660992454172 18.93052085672328 18.879241758833665
27.417697692301253 28.071456458712557 28.839619556912304 29.683316340620646 30.381283671807545 30.969507966219417 31.49712974915922 31.950748528405736 32.28620928682624 32.40200084453841 32.088891278414195 31.232030724849473 29.995026515389117 28.560531370036696 27.116651269890646 25.733904726498047 24.433440982389868 23.22051580728278 22.114189939794255 21.18324218893026 20.43782526424265 19.862401759711908 19.413644037072082 19.12558112144051 19.08999067389949 19.41153664501176 20.041003844985962 20.78145798750516 21.490876645863622 22.022594989737467 22.310116393439667 22.344876864957296 22.23833533391015 22.032159486752203 21.740143501806834 21.388506215029807 21.025897386322708 20.65566909868387 20.263964775206926 19.82393775588198 19.332494152702683 18.88644224423083 18.570079006884722 18.421502884353185
26.89924307628339 27.5330345834716 28.27875010453131 29.064093153330784 29.759559005827107 30.373942686271775 30.93130152307611 31.434491646008954 31.861953713178572 32.12512746723888 31.79550829171139 30.653830412292166 29.177973812617843 27.607496963793338 26.049915724498472 24.597450908964706 23.27509082005423 22.091107397840155 21.071254691882814 20.268162844795086 19.648050070379128 19.178155285004888 18.797190346985836 18.51333027305595 18.45679260141621 18.92227031276845 19.876495918517413 20.9324618225814 21.89264733102781 22.61302629849921 23.046276992821234 23.178224934896257 23.08703772192003 22.8693434605311 22.554352520951134 22.184231462173067 21.753348034887882 21.25132361160044 20.68846070877504 20.064921231616907 19.390457896404566 18.76154630820611 18.297166143845 18.063854893112016
26.159710482239042 26.755475595949328 27.47094572344477 28.188629409831133 28.85210079697314 29.45877041570099 30.014428050796027 30.52224884611735 30.980732038121232 31.38534094060943 31.153084476021103 29.64620102524424 28.068192141269588 26.460670725291813 24.864785297712153 23.38623433544862 22.084304430289386 20.980488313091453 20.129297447134867 19.50542768980787 19.055946866636663 18.739581095717387 18.482889874530116 18.233215774383737 18.019740186271406 18.644784110670642 20.082209035980682 21.45135534153987 22.634563812952983 23.522457087784748 24.0822174471697 24.301934964127252 24.216416089396994 23.95574331949892 23.56892618608703 23.106960439540515 22.58988156746678 21.964030400520162 21.244777936632584 20.444357932150147 19.578829903745195 18.74383797716398 18.093105697131946 17.76693112161876
25.225613825207223 25.772668874955023 26.441853951644774 27.094369184748295 27.70973848026454 28.277850611341147 28.78918872101046 29.23133991340944 29.57611470822364 29.731290973111236 29.29586747111623 28.138405724132205 26.69243780017414 25.150902654694214 23.596978832770827 22.130706089976037 20.880778299115452 19.911404057319356 19.277266979153598 18.905626314050195 18.698912542240564 18.605310969366656 18.5763925674081 18.55222136574849 18.60705383698096 19.406725994488866 20.9338010596733 22.44579706971646 23.768851366439357 24.778311154797013 25.431326283113904 25.706134591646435 25.60666003053489 25.265858679787513 24.77122290055665 24.176188433461437 23.531519238477262 22.789187772633092 21.930969828047512 20.97284525181903 19.927860704679247 18.878277746889086 17.96741042937198 17.509322350263925
24.137844205616144 24.624472085141775 25.236557564151884 25.83209228369182 26.393228635451887 26.906378020393714 27.34877394196806 27.692139037125767 27.887309299182956 27.837891063377185 27.37002852819634 26.44076582891562 25.194975320082598 23.779977422589532 22.302954323298934 20.873977834819975 19.681291985898703 18.884726473193737 18.52474631063174 18.471813276128273 18.59052534128479 18.79640898422085 19.08246068429759 19.444041550480623 19.996529770744893 20.98983079133975 22.399260718902855 23.907103298554315 25.289990432599097 26.377227234354827 27.09462663434733 27.393997454454457 27.248535743273237 26.78481425189808 26.138256342807566 25.37863685094485 24.56937428024982 23.712872809764 22.74131508695222 21.662959899595037 20.489197629925883 19.296583179644532 18.149402921212516 17.479615948310297
22.959308753156524 23.380560943309806 23.938114800238132 24.49174705103671 25.006018778644158 25.463769537205017 25.835505537962 26.086174256161815 26.167892913274738 26.020171299874672 25.596199945079974 24.81709437562325 23.74385490106042 22.466494234914254 21.074762386061437 19.675502276357587 18.499140508913055 17.88812453460565 17.884658078262454 18.226563652341707 18.72359803072125 19.297144656297753 19.93235164718255 20.678015988190513 21.588921625297285 22.773235031490692 24.19134995666783 25.690498451323666 27.104755272981674 28.25200846247919 29.025825133970955 29.327446459819452 29.09935887294528 28.468418340795367 27.6332071622355 26.685434923508154 25.695645154377246 24.704128158754106 23.651395145194503 22.502420060574167 21.27861767827247 20.095809770194446 19.133885047065753 18.70047981927971
21.726238702583903 22.087243257866827 22.611785742584388 23.146339570718084 23.635202303152457 24.045529286960647 24.35606543308341 24.53547786236564 24.54770378614092 24.37369196338772 24.0147170998666 23.37127560930216 22.464120075314682 21.342203334794018 20.06045473921765 18.68495945676521 17.404058240143964 16.942962005890756 17.461044747245136 18.257085035371674 19.14715539928466 20.08542078645682 21.061422556782244 22.123939322869337 23.31578210210622 24.667968814524116 26.128907234021163 27.6315487724525 29.072120600376607 30.284438760994163 31.139698172903447 31.447527542746297 31.08500906450098 30.226889819877684 29.168153427523514 28.024996281735483 26.86560282018846 25.734388193401692 24.61457426386328 23.437777708599285 22.231234348497818 21.19881389426539 20.46602920070464 20.15510086051702
20.47304653944825 20.792488399518728 21.326105432880624 21.872104799343337 22.354522447946977 22.732335082000045 22.992570952685796 23.120049807149634 23.087575527856085 22.927726052071865 22.65062549355584 22.156856696901123 21.43413924644544 20.508902196690094 19.4139371393658 18.183853399391275 16.889594356731237 16.528497835606082 17.56166043546176 18.700058110682157 19.90642087528757 21.15832510200119 22.435957120477863 23.743089508969522 25.136489724156753 26.605623512240207 28.093091054063983 29.579382666547172 31.020955431101065 32.29144830703853 33.275161135813875 33.677341159208645 33.07511887898228 31.905663012718747 30.61499173934478 29.297719138777428 27.999103694701933 26.752773877520124 25.5777872399235 24.39364139294669 23.297523246595528 22.444873933517425 21.887717582889557 21.648865140293204
19.232779388288456 19.56562154421489 20.17525955928986 20.757313862642736 21.2366662819618 21.58846209663287 21.8033081241694 21.88058027707067 21.825627388256454 21.7016634828855 21.51372708882124 21.190005955230042 20.678838000352187 19.99943398130442 19.1876319608746 18.310644860104663 17.5664500588585 17.543374661180156 18.369636452010376 19.59311611677658 20.998344441885948 22.497797451520533 24.02484823330919 25.52507844498024 27.022198631892163 28.518814571975053 29.973213676689113 31.395270576784878 32.77178529234723 34.01089126060065 35.053870594754486 35.861451043556016 34.69952657341324 33.264420818938326 31.82500480178551 30.40033401176636 29.014805786692378 27.695677163885513 26.470437912737427 25.34319445058566 24.397764707196814 23.6882438116412 23.173334810202995 22.90005774680436
18.03582198357988 18.58110794198431 19.302357828399337 19.897338807223118 20.34877077933586 20.6555643366603 20.816199122737682 20.8443803449677 20.77793445149968 20.69891874882424 20.605115838557044 20.45980390419002 20.180239991381335 19.77538261489979 19.289398404316017 18.807599575568176 18.502582740640698 18.72361594730473 19.53938354657863 20.79745208040681 22.338492708801304 24.043677343150897 25.7908845221603 27.441973309743705 28.947472529318546 30.33878711280768 31.675850277436172 32.964072200290786 34.183069846515224 35.2441359591859 36.02378326039279 36.236038440457214 35.444616036436386 34.12312859275766 32.69814742187899 31.259176749349304 29.84915956127191 28.50244803634415 27.263674252603142 26.23922975097462 25.374704066588507 24.65395653462039 24.126300872253367 23.817921126912246
17.906147876103184 18.246710207131184 18.851167895464165 19.36146989092191 19.734408626750298 19.958706270334687 20.043787251894432 20.01870498996694 19.94223007204445 19.9113675716614 19.92181149262281 19.941853402857674 19.89941874881794 19.767769826683562 19.5915636932972 19.44536123488099 19.45740332478308 19.884380096283643 20.78966337694166 22.118116535334448 23.7806119746846 25.679093967368 27.66607990372399 29.45451651329794 30.831161664006785 32.00194781658387 33.12260087041271 34.207937195978 35.20455016982152 36.02130677646355 36.48458839728671 36.41943846737702 35.70076055749561 34.555223361816395 33.2336403485846 31.849102414139963 30.466254690715417 29.130610632890676 27.944173427438706 26.91882575638487 26.018078750324424 25.273587587132262 24.71715190844243 24.37336611253751
18.399738272572847 18.45427207783597 18.798642003052677 19.150104558358656 19.399215112016474 19.51333605476234 19.499468057364012 19.394958926893374 19.295632877380598 19.324823563796006 19.454991780676707 19.62629061111957 19.798953122465658 19.91648264916538 20.005096706685134 20.126161044103682 20.382050398710845 20.982906081331144 22.006793157286246 23.43098308809745 25.205764668086122 27.271043982288738 29.545070156490937 31.563959185775385 32.54141925660245 33.40350532747984 34.26868196499871 35.105600377457826 35.85925341909139 36.43772448817717 36.67592695832371 36.44966587924605 35.729821418227296 34.69506903619205 33.48078081081742 32.17775869845499 30.85215572877349 29.562890750185243 28.355962558844073 27.28313928209754 26.327227850370672 25.5318802893406 24.933852742245424 24.57354660328666
