_RESULTS/POSTPROCESSED/Berg/IZ/7comp/Berg_IZ_z_355_kriged_reverse_7comp_spherical.asc
ncols 100
nrows 90
xllcorner 5.6208707817415728
yllcorner 50.959635321741573
cellsize 0.00013419651685393446
nodata_value 1.7014100000000001E+038
[rows 38 to 56 of 90, columns 43 to 85 of 100]
1.4125981765061286 1.3287589905622168 1.237649527597213 1.1400965622449744 1.0430783728371866 0.9519113043760932 0.8660410384150132 0.7842571090125486 0.7051104034642857 0.6274985712757225 0.5514791445588041 0.4802515291872481 0.4177928856263035 0.37051447688637285 0.35151471893881764 0.36295214125426406 0.390722549724463 0.4260297763893548 0.4657753502210749 0.5090271819502745 0.5533979588069329 0.5941927281378468 0.6266950357081996 0.6498474762671471 0.6663579649980923 0.6797382480898425 0.6926074766785094 0.7066656137340392 0.7230667544530147 0.7409430586184855 0.7532178310317053 0.7559338849911323 0.7476414856971904 0.7287207319736758 0.7074283361517124 0.6845168838218068 0.6625511609010558 0.6454167498346021 0.6345053794745474 0.6306799910551327 0.6303427059815936 0.6283390562611748 0.6227045605818461
1.26621842471348 1.208195032680257 1.138418468104014 1.0580484207860075 0.9767776864338886 0.8984190771818041 0.822685640544665 0.7486442386413562 0.6751709332829721 0.6020371100863122 0.530206075474703 0.46040534485180945 0.3942521436201242 0.3356358776484558 0.30398323962521706 0.33057317178305723 0.3648660015068386 0.4023580291777874 0.4443750870608125 0.49135778960159693 0.5410707656217281 0.5867466759999188 0.6190567638256217 0.637383567138469 0.6488487065209514 0.6589510475507976 0.6703584896328538 0.6842880613375479 0.7012812174362479 0.7196320658894233 0.7352060421896486 0.7422502934924634 0.7380038681764911 0.7223859484800347 0.7034611075718564 0.681980238255457 0.658785445532469 0.6389139809223365 0.6253850318121801 0.6209863256392957 0.6235426574988591 0.6254181445236163 0.6235404046057053
1.1227389696932175 1.0869017024846295 1.0360593288824975 0.972833314116276 0.9072373040146504 0.8426838012314383 0.7789940408717315 0.7163978455714387 0.6546507485013192 0.5926147577107688 0.5292953032892104 0.4643969904717675 0.4002405255046394 0.3423040005504387 0.3102160028807696 0.32753664232710894 0.35587877003389556 0.3883763659079481 0.42666147637484364 0.47231081502879124 0.5254584770565827 0.5784128912511425 0.6071141055560445 0.6147588573011721 0.6193949845245423 0.6263618569357271 0.6369974960541958 0.6517674364008571 0.6704913733960556 0.6910338966008478 0.7113567792157862 0.7236842122432581 0.723914914905302 0.7122883469800543 0.6966178999998288 0.6773034636007296 0.6543674038245583 0.631591841456638 0.614021406375954 0.6093424614826641 0.6159167581795227 0.6221361364781827 0.6240193158222944
0.9856947701851292 0.9674601357601395 0.9338990802871958 0.8877234181165052 0.8379153137324156 0.7884511385963928 0.7401827354421402 0.693107215951679 0.6465995202449003 0.5992638362369783 0.548878917688767 0.4934269684040348 0.43648886709602774 0.3849424125646273 0.3540767934628663 0.34965916508392664 0.36114905384947527 0.38157857956348307 0.4105248947438351 0.44955921174609303 0.500690956999816 0.5658442097376789 0.582671610329517 0.5767530109255412 0.5768321563501124 0.582759286468873 0.5941950388976802 0.6106210529379127 0.6309138752541512 0.6535789223415798 0.6772944624062355 0.6951391893394553 0.7026855599276005 0.6981400842174351 0.6871883590998636 0.6710249699656118 0.6500974849146386 0.6261585338536526 0.6030607048585047 0.600207312872671 0.6100178451492716 0.6196659590656908 0.6246316485042764
0.8620081329521819 0.8580196805676766 0.8403273902208976 0.8109339691950956 0.7771328908978697 0.7427099994273825 0.7092341445476439 0.6775716943771791 0.6476904156852428 0.6189082455994473 0.5885978851366745 0.549447350214895 0.4961647913701653 0.44032153964063925 0.398694277575523 0.37684787343078824 0.3708761203582946 0.3765060763986121 0.3928162150794037 0.4200854329712005 0.45812775568593267 0.4997711540387129 0.5202585962678044 0.5233475135304991 0.5263186296934077 0.533306060650743 0.5455086647213945 0.5634703907053386 0.5853722520696762 0.609352344115178 0.634781423338187 0.6574287522411487 0.6722154085216051 0.6761266746432406 0.6735744342965898 0.6633741783889187 0.6461168051148511 0.6251814492307556 0.6078193864033716 0.6025203169246399 0.6088370086919386 0.6186394213214509 0.6255830345939263
0.7591410711249174 0.766326672951007 0.7614012416330084 0.7455529051034965 0.7252131089585405 0.7040934178822729 0.6840221853765367 0.6663583163462063 0.6539473513514305 0.6479432576881071 0.6459230486823007 0.6320554460970308 0.5711647257705964 0.4964548112734827 0.4386870189088499 0.40046798932941335 0.37825225854921596 0.36881077073795177 0.371514331204465 0.3858474254238714 0.40952620987719324 0.43562321110455027 0.45479253714421364 0.4657432644206862 0.47400674211019145 0.4838259948500392 0.49749751670859504 0.5153932872872897 0.5368713338899911 0.5617836879567372 0.5879385744864848 0.6142976936672666 0.635875078581281 0.6475130117678698 0.6530752430452561 0.6513060120483267 0.6415424263718483 0.6254113351344781 0.6122457061215236 0.6071241375204227 0.6108420297631354 0.6185621717664044 0.6264672897400723
0.6761297843305347 0.6917037351004095 0.6963087918443438 0.6909692736501976 0.6811551669175148 0.6708129909670129 0.662066554867853 0.6587272067036435 0.662543365299539 0.6752684687419933 0.6962604465211063 0.7219901819877278 0.6345081321301121 0.5398231552966396 0.46870517404413137 0.41707796197020996 0.38079491245618174 0.3572294827991671 0.3469409386679595 0.35080335831936194 0.3655849514306004 0.3844642114262296 0.4014299416205071 0.4146394652587906 0.4258533935639038 0.4377815244233605 0.45222321942057697 0.46957737983894227 0.49051843083467456 0.5153386479793564 0.5443538675068413 0.573639917695832 0.5972842748686676 0.6149746670619584 0.6276022203039784 0.63371412938822 0.6325135598358794 0.6241813473323347 0.6144916404986168 0.6105933054541871 0.6135976878814025 0.6196512361281054 0.6266249989178235
0.6130354438396312 0.6333448699554216 0.6442142801625882 0.6466038629280921 0.644519343266058 0.6428169240178089 0.6453036604966491 0.6540113958811983 0.6700649145904904 0.6907727240137573 0.707937739745598 0.7014979542551241 0.6417232594778749 0.5596739408220606 0.48656820075208895 0.4272454916103562 0.38024140473837287 0.3439233626161495 0.32071989175947857 0.317763349520774 0.3300053021385422 0.3458660864970204 0.3607271790996709 0.3734419760468817 0.38485742344603 0.396764096355423 0.41033555412813943 0.4269920498284199 0.4477041761353401 0.47279322423567377 0.5023319110163722 0.5323745157606924 0.5580421384006558 0.5806435607786342 0.5992174628634492 0.6122910409759413 0.6188292075320573 0.6185237021731036 0.6149267305912655 0.6130391568247469 0.6163025544285151 0.6213597797790597 0.6271941375082776
0.5701866944025155 0.5915673829085408 0.6058752563864408 0.6135544862036996 0.617424563738638 0.6246995085861737 0.6369451965681072 0.6548452059087742 0.6752613441599803 0.6938840100372159 0.6995819328756585 0.6810825901863293 0.6321864706625769 0.5651036209810315 0.4968167231405765 0.43524577418674837 0.3819228664272556 0.33606456752900415 0.29747684729767093 0.29242653935770346 0.3066491538063919 0.3199492397550174 0.3316158134542594 0.34180551126907494 0.3513445007145377 0.36108853236751237 0.3726838729741493 0.38817922256021936 0.40865621605378655 0.43390654996069966 0.4632058442374085 0.4919857951330912 0.5192426772845614 0.5461043211894692 0.5697347420495017 0.5887713999302336 0.6020561079081422 0.6088995954177 0.6120669818754395 0.6146645422332655 0.6186402421898213 0.6233378363198192 0.6284356361360642
0.5432461471278182 0.5645488806192556 0.5808506529337071 0.5923740958669205 0.6031490552153449 0.618154748573703 0.6366797130647236 0.6569220281244654 0.6777707715996861 0.6917358516888921 0.6903273631532953 0.6685205058052398 0.6254958083830331 0.5679248546623759 0.5055905266773724 0.4454445864433014 0.3907339289742774 0.3429810427927227 0.30622215263793295 0.29410693297930124 0.2988757369444635 0.30590667794922627 0.3125526828380427 0.3188560994756087 0.3247914564127894 0.33105967878447495 0.33947627458308866 0.3532784231515622 0.37378190579765386 0.39917112962613804 0.4277776641231889 0.4550956537310644 0.4830537465065209 0.5127524277336799 0.5406526592732782 0.5646953540701948 0.5837328519706426 0.5968079106239416 0.6063215492033642 0.6149330463468868 0.620523164103215 0.6251396013948665 0.6298676561581147
0.5285093695934361 0.5499970803785251 0.5678264065631502 0.5837746900266245 0.5998954650362929 0.6174242837891825 0.6377895653197091 0.6595405222672334 0.679896836205149 0.6902132590646098 0.6856875357815616 0.6638403384712128 0.625222917805331 0.5742434335431682 0.5173567606592177 0.46035246685372294 0.4073047260960129 0.36162632441415715 0.32783843876503377 0.3093087479064108 0.30266667868383645 0.30130853487069953 0.3017493674581813 0.3029199981895859 0.3046241415450479 0.30708025780153525 0.31101145291305404 0.3225280403776679 0.34417709445004774 0.3694333071761243 0.39666353043524666 0.4231070197599356 0.4515654183096065 0.4819822667526781 0.5131434735044559 0.5413280905242902 0.565191771735856 0.5836306400206817 0.5990296009256111 0.6130553446052851 0.6220805506860715 0.6268141968003859 0.6312980455664489
0.5238300567138067 0.5448197622845194 0.5623733467784292 0.5801195818630361 0.5987309743264515 0.6181351509511033 0.6403615405446982 0.6641092505934871 0.683335636840317 0.692167082407554 0.6871224130439056 0.6668575053475598 0.6322255344020079 0.5864787217683631 0.5343540645999004 0.48074476664213617 0.429809388506645 0.3854068732059667 0.3508155437634685 0.3269641783944224 0.3120590342252854 0.3027883471334513 0.2964593829191636 0.292287723390406 0.290092022788657 0.2898320606457726 0.29190358314911946 0.3017959878114773 0.3216955072817574 0.34523085811548615 0.37012781652012317 0.39637770310562415 0.4249527134842326 0.45560958798731704 0.48806792361203294 0.5196630980975915 0.5475228957802061 0.5705791396567231 0.5913932996210406 0.6097381681520591 0.6222951571174441 0.6284952072531855 0.632786519894045
0.5199236837223546 0.5399364531797484 0.557802108465326 0.5770338674073507 0.598037137844497 0.6204105875264568 0.6449552431505351 0.6705671013338462 0.6896782691163451 0.698854066027014 0.6950408079394739 0.6773752890722476 0.64667451029733 0.605461353083655 0.5574248367521119 0.5066807831159411 0.4570899342740164 0.4125608721323205 0.3754942410059906 0.34640304965980534 0.32420264523434433 0.3073352970709851 0.2945040339754327 0.28525804801159854 0.27965897335638334 0.27778460277799033 0.280383659721213 0.2893789160400371 0.3052140624515102 0.3257994009517652 0.34882563768190034 0.3746969872759575 0.40311123009275746 0.43379917887498826 0.4665131685211415 0.5004311719234934 0.5315920683747987 0.558693477313096 0.5842382816723082 0.6057525262590712 0.6214224086677305 0.6302601723344184 0.6344031306646595
0.5136770920590612 0.533412072488523 0.5528548520684884 0.5737748008595257 0.5972415840439551 0.6236357105018531 0.6519812990349811 0.6795000307910628 0.699905795482739 0.71088321970258 0.7095579112556447 0.6952432584115189 0.6685948488585315 0.631564008202994 0.587062669883282 0.5384742395890221 0.48936296503720317 0.443477731304776 0.402565112541121 0.36732841686241896 0.3377565516736499 0.3135118371408043 0.2942800443095814 0.2800947850775717 0.2712825381469014 0.2678448593143176 0.2699635350954031 0.27794277343962887 0.29156408979029586 0.30997628202166516 0.33222514036424466 0.3576332644788938 0.38579529332392326 0.4164139981061763 0.44925173319780887 0.4841073794996886 0.5180483759708656 0.548861558956226 0.5776227286233863 0.6017579461417426 0.6200850714484162 0.6315118743936345 0.6362098380921949
0.5055344138769023 0.5253630385367544 0.5460308845606842 0.5681819562296329 0.5944392870259882 0.6263745773570635 0.6614516120526421 0.6918478007139415 0.7147652682606351 0.7286123829561046 0.7306916270133605 0.7203460625810072 0.6980096021855519 0.6650676659175582 0.6236603097859742 0.5763941335530095 0.5266653764542597 0.47806823792331177 0.4323009270718236 0.39024416843817705 0.35274005615775733 0.3206287224368338 0.29460205752392277 0.2752657279561797 0.26320545957162805 0.2581453706477383 0.25957965161156776 0.26689626101723973 0.27967643247495094 0.2977851843647252 0.3196622522088485 0.34477995519003873 0.3727533391275311 0.4032997726740382 0.4362037442730475 0.4712987550634429 0.5072826489037464 0.5412307756220678 0.5720354032464082 0.5983040801877938 0.6188154546053539 0.6323928751156116 0.6382508194500507
0.49856693501190197 0.5163291488265784 0.5380307314279595 0.5599878734860811 0.5875704952566912 0.6270912232393646 0.6705410243665777 0.7065765203150349 0.7329033241304966 0.7503985557109711 0.7565866031958716 0.7506746305998614 0.7328789825318528 0.7040976590475646 0.6657463450755934 0.6196519142786935 0.5690283214650178 0.5172719088837519 0.46634341991304684 0.41645732773700544 0.3696933844954796 0.3284614004759256 0.2946480814898738 0.26958894102614395 0.2541653361017761 0.24777925187921954 0.24899827747782843 0.256528339501506 0.2705202647729208 0.28889313124546934 0.31082965930232553 0.33590936777758407 0.36382389526312947 0.39434488502847626 0.42729858424831646 0.46254936982601186 0.49963132932337795 0.5353010541117826 0.5678250245536277 0.595834256572897 0.6180503860901787 0.6333130690248326 0.6405473613549855
0.49542436202423 0.5102248033360522 0.5309846181616074 0.5532675689734329 0.5778287853533407 0.6295809933619743 0.6802723111752286 0.7222233056652368 0.7529775094672495 0.7739649448108686 0.7845086301724815 0.7834476152215655 0.7708006680219799 0.7470365341460687 0.7128729893361819 0.6695943932008415 0.6188533842682884 0.5633858530845016 0.5075482417350665 0.4479421973018097 0.3896685811906849 0.3372909278473986 0.29404511045584547 0.26221124161842235 0.24332778706954422 0.23641265570740838 0.2387952291266272 0.24894536875509501 0.26435736856924086 0.2834526984409476 0.3057660813120876 0.3310061476815468 0.35897045912543646 0.38950810544471337 0.42250022971504037 0.45776470284352255 0.49453545339227906 0.5313364417218356 0.5651275217361582 0.5945103701613066 0.6180963443812024 0.6345942424112213 0.6429677132722463
0.49666400769522756 0.5097145544945897 0.529633116385466 0.5553212689143607 0.5901586391062519 0.6386324716993964 0.6913017940347949 0.7370206167193112 0.7727958088729521 0.7980297736201224 0.8128153110888457 0.8167842957533753 0.8098062513335114 0.7920904466589107 0.7640548281866595 0.7269644264085388 0.6805698465989486 0.624918079643395 0.5599121781662795 0.48714658782650944 0.4141784045532111 0.3481661701897093 0.29334180141830596 0.2527970546468501 0.23019734000562808 0.22517284404098142 0.231777830479815 0.24501193042508998 0.26196554083176155 0.28196957432576875 0.3047670681484885 0.3302285071124846 0.3582681758662878 0.38881678109559736 0.4217255943218916 0.4556539581271526 0.49200672861951494 0.5295409970707158 0.5641545524017456 0.5944158013058496 0.6189089754000663 0.6363039652732535 0.6454512223101758
0.5022940774565401 0.5142309862616699 0.5338608338677824 0.5621565279048361 0.5993303150060755 0.6469828364035248 0.7002793695461524 0.7484122215692118 0.7882205396467128 0.8188286273220837 0.8390969611758592 0.8479725353424132 0.8467931652756641 0.8357998626278794 0.8162700202678109 0.7886959587542163 0.7513642544793354 0.6994257750060794 0.6262699483857191 0.5360419353109822 0.44463066057029366 0.36319498680538725 0.2954478531255511 0.2431779135985087 0.2160962949055187 0.21845059091029373 0.2305932543536464 0.24623080050322319 0.26447908580049556 0.28515773656733995 0.30826949008170224 0.33383436142087203 0.3618611777671555 0.39215518729477383 0.42355072580825653 0.45627420490637327 0.4922514010519565 0.5300383654624409 0.5650341147722535 0.595683857194895 0.6205592337734388 0.6383127829160712 0.6477742691936527
