_RESULTS/CROSS_VALIDATION_POSTPROCESSED_80-20/MHZ/GZ/4comp/4/MHZ_GZ_z_355_kriged_reverse_4comp_spherical_4.asc
ncols 100
nrows 74
xllcorner 5.5967023332191781
yllcorner 50.982320383219182
cellsize 0.00019249356164376555
nodata_value 1.7014100000000001E+038
[rows 20 to 39 of 74, columns 44 to 87 of 100]
5.751242202037415 5.6154315587584405 5.515354511707178 5.4550238657252645 5.443316394463938 5.478489831542402 5.508766719783222 5.521032454588788 5.529941432138862 5.5498252193469195 5.570640602058346 5.587767318863551 5.60124771048571 5.609994109321765 5.6131105896804385 5.611425372232892 5.60583498551069 5.600191855466676 5.61386251150929 5.661471889285009 5.73776157582446 5.838802938724512 5.961381796394899 6.101115157588535 6.254103541159278 6.415484966885431 6.579051363463442 6.737299395082741 6.881645801310373 7.003321880453056 7.095060592070881 7.145335094995309 7.14623744723049 7.109418023914903 7.041365656168674 6.9489977678530535 6.84435935987751 6.7373699741037285 6.632678914453681 6.534470496598615 6.44653709685733 6.372320347228697 6.314872182859322 6.275385355658962
5.708710293901549 5.649057340366223 5.61638573159659 5.616665094108999 5.65843710584606 5.721761129926387 5.762409620321897 5.775329525105753 5.769719331522485 5.763943659411288 5.751786260298105 5.730736739208761 5.698706264492097 5.657567067613135 5.607033776277122 5.549357656846633 5.49223225888393 5.459493402293666 5.472488199872432 5.5212906442175695 5.59820570146052 5.699520981075377 5.823204769855092 5.9658903747635454 6.123748410798107 6.291819895934352 6.463541495540221 6.6310414478524535 6.78552762634962 6.91775389686279 7.016209808374782 7.065864870063914 7.065958238913102 7.032002783400109 6.971150141857964 6.8875919708450635 6.786806557983947 6.680364805128634 6.574437014456894 6.473468232107804 6.381625665345996 6.302757760609346 6.240326444445774 6.197353714270224
5.635004612616044 5.647895779531038 5.68200760838773 5.744137794462661 5.83881715349456 5.921411194798997 5.971955203311124 5.9849783420170075 5.965749057521472 5.934910385468171 5.892245765409223 5.835941986526106 5.7633778234841735 5.672432093151835 5.565615031936742 5.447771044370073 5.351669977077585 5.314514637212369 5.331725882944793 5.382008603035085 5.456920900768343 5.555178656811474 5.676987346562211 5.820660513452122 5.982541130233946 6.157372593061398 6.338005517550273 6.516061958984356 6.68244695633858 6.827198777062185 6.931709650575357 6.9897524362893755 7.000434433474401 6.975824872771545 6.923283550776086 6.846938977613928 6.750995704405713 6.644120925815386 6.536116272251882 6.431641264326037 6.3352675946322465 6.251339371331649 6.183775481876609 6.135900511111806
5.527911978055433 5.60765777512913 5.706158401700105 5.829809782218416 5.9618875299170915 6.0629885584235685 6.125843680482009 6.141396077276768 6.109881906093956 6.056994982504308 5.987397713595833 5.899888454760503 5.789411200313999 5.653693865401079 5.5004313900097666 5.346611417819663 5.209075059439659 5.1793331501420115 5.206544651507515 5.252996575065889 5.3191665442806375 5.4085810801771865 5.524461503515075 5.667004156633664 5.83253351023902 6.014814914878781 6.205526254701345 6.395500078943428 6.575342080398687 6.732608897311551 6.8564060261645725 6.935447160232819 6.9613521334084325 6.94472658700869 6.898560291958043 6.827944996090412 6.736434885665668 6.629240773887587 6.51822244658872 6.409200682468204 6.307264375935873 6.217452257902104 6.144348087468457 6.091698529704001
5.3906758970959405 5.531104986348364 5.690397871936588 5.865840340995996 6.017471008790912 6.134429567641546 6.209655791902037 6.2282912136563 6.186980897164739 6.12085973268606 6.031979066967722 5.915961988544078 5.776312202022944 5.621870631121903 5.458964805123037 5.296408603838524 5.151599390865575 5.107286877998519 5.116068893756631 5.141696318770272 5.187628385590254 5.259915601250531 5.364897362831026 5.50466188838802 5.674688604749194 5.866208695011242 6.068630328013425 6.271596466262706 6.4679480343867155 6.649213660340833 6.800963698582313 6.904908677924647 6.943255958270339 6.935366949813804 6.895386816922085 6.830265674888645 6.742832748903746 6.636092997208612 6.521255770144953 6.4064572320406326 6.297503505714723 6.200487162339042 6.121063208095349 6.06414899873259
5.256563406064547 5.434974762076344 5.640302283943133 5.834917093471568 5.999865415947296 6.12769517417765 6.210248148206342 6.230488432528205 6.186215896818468 6.116770629228984 6.023146008605405 5.904972782862806 5.765214502518548 5.610943995544564 5.449562109679575 5.295036870154841 5.167477406562811 5.091900298043255 5.058193471978626 5.04748745636156 5.06052892558632 5.105445517470817 5.193884392196246 5.331080191481163 5.509279953686316 5.713802248418501 5.930035530820926 6.1482997456928254 6.368355393121863 6.5731739347603835 6.753478508138939 6.89643557593129 6.934418132099992 6.937193741241153 6.909948012492684 6.8528835995731505 6.770505213313189 6.665158914433844 6.545995359485445 6.424062366664554 6.306127324088701 6.199897009393808 6.112989491100413 6.052915246731373
5.166157006723547 5.372989076901375 5.586452582626204 5.779865223191315 5.944961118117192 6.073652886965184 6.156573205007837 6.18056007669564 6.149936804636509 6.092143443927 6.00692106290314 5.897208281819647 5.766146833364502 5.617564855254618 5.460893390147055 5.311264056893878 5.182221881157356 5.084493075653833 5.014717791046168 4.964542528964508 4.933512212154048 4.936993748128041 5.001418234729947 5.141361542486686 5.336978868371865 5.5598547582698306 5.791826713316394 6.032419025159909 6.272050536717232 6.494367805854427 6.689352336032171 6.8367448008895355 6.911080957800728 6.939354309606151 6.93301567005617 6.891705188220517 6.818455764807643 6.716956811629993 6.59390670415454 6.463431296433344 6.33389150702939 6.215347025816833 6.119725608858966 6.056277350800256
5.128364056368612 5.329724595941255 5.5387158457567915 5.729016786502801 5.891743258681103 6.0185933864513075 6.100886645954919 6.127642568641789 6.111340843323411 6.065303684944217 5.991306324095855 5.892686390285871 5.772687229831431 5.635009254704625 5.4843713474854745 5.334762660358457 5.198170159351053 5.080766049814056 4.980318949543854 4.890570041492141 4.807692844093521 4.744261219853284 4.767419561785797 4.931039437143945 5.162718520614922 5.411077774817224 5.665618232574657 5.926764783099333 6.181486170799511 6.416396724522913 6.620782617279068 6.7799173514420055 6.8842550201973935 6.944190317219374 6.964348321831118 6.944671378904402 6.8846656352237465 6.789792969068777 6.6660074338056345 6.527321566193257 6.382950610594221 6.247345439789109 6.139575628874116 6.06966584506164
5.11467343519713 5.297536920961604 5.498996874858367 5.684907055390908 5.843899089976134 5.967970457177789 6.049210874520448 6.08026995184602 6.077069801174713 6.042899016671056 5.980580681501782 5.893297551391609 5.784345552152637 5.657340483539967 5.515449251793134 5.365280157696107 5.220623447582419 5.0865629460034 4.960802448855992 4.836266567544078 4.702509592054943 4.54447133383733 4.456909643030631 4.728471331073716 5.010823653463029 5.285778291609634 5.560763253497603 5.837056592581635 6.1027268546378135 6.347547781627651 6.562699829276696 6.737485283864737 6.867917516291526 6.958172785497668 7.0071505759823625 7.012568898222906 6.971308341180612 6.885833978203619 6.763501547609173 6.618176235471345 6.4581689336696 6.298321597060437 6.1667893521264645 6.091663168821976
5.117768765644292 5.284245472312197 5.473391270709299 5.653135972747084 5.806238805014372 5.925620030551808 6.004127706958206 6.042819648162902 6.051957567505537 6.030442536198353 5.980584080483556 5.904939303781919 5.806277763856196 5.687647916823946 5.552518847710654 5.405466608776544 5.254700767067362 5.107770402619635 4.963878418444575 4.817332063778349 4.660438467937247 4.495433210575404 4.43798342838833 4.643415971943613 4.919508701916399 5.201284119294157 5.485047892064469 5.769332228860436 6.041992416135578 6.294482360539271 6.51966419264949 6.70990676708147 6.865468476170519 6.984793197478703 7.063670155222542 7.097117590827663 7.07951853155056 7.008044869652506 6.891298383428988 6.742715452701577 6.566832780205469 6.373951982976052 6.198104423420013 6.128143676179032
5.224835551240078 5.342559867762793 5.481569814224069 5.634436327344321 5.777368523927732 5.889673622329651 5.964182525968208 6.0147581969518304 6.036520895939668 6.028244174197344 5.991450174306399 5.928011063762517 5.840289589600526 5.73114196190778 5.602487816858708 5.457777197420319 5.303721990115946 5.148247368142384 4.993973919908893 4.838499204936267 4.685121124941982 4.560976346243276 4.538587653507586 4.670565828977474 4.899047440377225 5.164273862252211 5.443532874546278 5.7278631958082045 6.0028573292915 6.260155282391419 6.493620112193366 6.698668429656042 6.877059917441487 7.024400729002708 7.133917595127838 7.198132021730245 7.208527022705644 7.1574559918379865 7.051908323469354 6.904433411165178 6.719610980992289 6.50789544115587 6.284166671679365 6.227643297566566
5.478516111207245 5.523964270239016 5.592609949472844 5.681985361145343 5.76984084816657 5.85707521345795 5.932922495131088 5.995809353020753 6.03076837046695 6.036157953705921 6.012818696576133 5.962277895694852 5.886838985204218 5.787877681044176 5.666581576832484 5.526086301439059 5.372685069712603 5.21040071415301 5.050296605646923 4.89176430041872 4.7455434293761 4.64189023153441 4.628483794763256 4.731288278214519 4.924042988641605 5.167754737430017 5.435829598744708 5.7143346960423145 5.9871071665487055 6.245445502556279 6.484190607892841 6.703376340361995 6.902072393668281 7.075141339698475 7.215344305095066 7.312167977440555 7.3535617501427275 7.326639494174413 7.236886275269132 7.098416021258666 6.918856754096153 6.719353587356062 6.5383440405952715 6.4299137233226045
5.782407194254504 5.767662083190504 5.781946628966412 5.816224458848069 5.842249425254459 5.865053814829511 5.914450144432086 5.986805055102109 6.034674844339012 6.053657453905215 6.044172824583911 6.007654703068535 5.944988355590455 5.856935648168321 5.7441785293250724 5.61018843616978 5.460838843408735 5.29776714024556 5.131004561738757 4.969583358695246 4.823407447490751 4.721124415299291 4.707422971505865 4.8006687931628305 4.975789832697259 5.201469213582121 5.455002771943679 5.723128454923041 5.990071001420666 6.246131384776405 6.48855548647594 6.719062877687892 6.934521405705819 7.129647489486518 7.2968591538406695 7.425141455108678 7.499374275074053 7.502006142173731 7.43609731975023 7.312538476672936 7.142717967262409 6.955068764148371 6.781879697795092 6.648539148825697
6.074874957642933 6.004459228788783 5.970648612408254 5.967018335906895 5.964924986915366 5.962064882986736 5.9656305008541235 6.000929302909188 6.0569452532834696 6.086386827916222 6.087883957769833 6.063132561499977 6.013105563013065 5.93663371006639 5.833622752764681 5.70866138419996 5.566546203359973 5.407621349966859 5.238231417407283 5.071754946662126 4.918246660499083 4.798802591403058 4.777857539000431 4.880169415519606 5.0507016415737125 5.261383482030571 5.497600626559896 5.749965156639342 6.0057876609429846 6.254805856789983 6.498350444490549 6.735521489505576 6.963093016895167 7.175884588318472 7.3663436566408445 7.52375382512884 7.631898839755835 7.670042922881929 7.635295855480634 7.527408882911872 7.362136384179113 7.1762817393563525 6.999349008443262 6.849227887482269
6.348663623874745 6.2230700981636975 6.141687535147957 6.101692129364243 6.082675621522668 6.080449196055319 6.0831134908875955 6.081933889570196 6.10030885340223 6.138484776192659 6.150065009840838 6.1343175853820995 6.092185461718003 6.024646040440136 5.932448100861621 5.818928251691768 5.687141614023666 5.536194554676601 5.371255525303176 5.205290853966605 5.047161199043188 4.903405133442443 4.8629114859910025 4.99297100006081 5.154884157623215 5.34590243336692 5.559874189238197 5.790755075563102 6.030165664583754 6.269866547071978 6.509814364506586 6.748481859185248 6.982716031876274 7.207326633121884 7.414792502779215 7.59468994630267 7.731918814277766 7.809970213426004 7.815860853659998 7.7188056973091586 7.548567114832223 7.359703212118094 7.178706839804281 7.018703672245846
6.595530032408396 6.411158377016273 6.28114880935122 6.2174727501662606 6.194104780925732 6.189144814427838 6.193097431492066 6.194676816293299 6.186645473792413 6.196757945173879 6.217640708911802 6.21099795081935 6.178056529822331 6.119666176415933 6.03739479461005 5.937219319628693 5.818098062028366 5.678851482309659 5.525143886502237 5.370599506537914 5.2264745323757165 5.113798363819388 5.086310282823968 5.162262164698525 5.290152919914665 5.450820255680524 5.635949744869316 5.83983335222013 6.059868104559329 6.286789203739768 6.5183897205198456 6.753374983687128 6.98849261524558 7.218035180822079 7.4338157507862395 7.624931184579924 7.777022931831238 7.886933228414447 7.949930253569224 7.8463907888486135 7.672025668308212 7.488244121253226 7.310969311512094 7.149652528811015
6.812361155723304 6.557571969027158 6.37942833365263 6.313743912126754 6.2949974003152 6.289838146640199 6.29066517230216 6.292418049089521 6.287678442939079 6.275422410682108 6.286133125945674 6.2885059680960556 6.265665545690652 6.217898783541727 6.148678369369012 6.062852710669691 5.959666101676926 5.834042948106843 5.69345506681945 5.5553672616158085 5.432979397264478 5.3468394753643445 5.320976173537487 5.355949792511509 5.442407185492143 5.566378753661038 5.717920814583933 5.893202679336759 6.089850668483143 6.300151427967732 6.518932343562945 6.745491049086426 6.976198802460219 7.203917849413312 7.418645809620031 7.607573019160096 7.759723083721286 7.870299307752535 7.9161452111254444 7.853376072106936 7.71617762782662 7.555937752218944 7.393635287262831 7.238468317329863
7.002567544034501 6.6902941652195596 6.434381578406041 6.41048816827543 6.39666288925448 6.387024474747939 6.381491010399206 6.377745446384774 6.372766355459121 6.369957286046196 6.3656973056823025 6.377641121126569 6.365078475766711 6.328017313297524 6.272433245988175 6.2006299336546915 6.111590299792587 6.004193635364185 5.879095843589261 5.754138663099869 5.645174376719851 5.566479828181543 5.533191771802583 5.542544633138982 5.593519960911511 5.6820656071495295 5.801531849049053 5.947105023491492 6.115842592156556 6.304734312803234 6.506365730482007 6.72070253740553 6.943278003872481 7.163933441993069 7.370220440863512 7.548582188281391 7.694454830317497 7.792821749070737 7.829295606853846 7.794466350440675 7.699122753172208 7.570738929204819 7.42920585212809 7.284844744736736
7.196630462081514 6.872380877616904 6.643711715317798 6.550108170464326 6.507235484445584 6.481383124651187 6.465229083181782 6.45949987911126 6.458703610988134 6.461179354555761 6.466403151450469 6.475802189983175 6.471770362836811 6.447281384602185 6.4075968075600525 6.352478797427376 6.278670087163802 6.185969683293967 6.078877647172359 5.967765146641591 5.8647581975508 5.7841703042440855 5.734267314795892 5.71620172485679 5.7362561856578935 5.794674473253617 5.88380714044546 5.999011444134511 6.137091146408923 6.29691828651453 6.476303192968251 6.676365927378772 6.890200736232141 7.101480859227573 7.295068253175975 7.464150725059499 7.600669173531964 7.690148451700665 7.7284782338828375 7.712286225224979 7.646914906953698 7.545193426210329 7.423625626623045 7.293584059313604
7.377412854586067 7.052201665910959 6.825736136315499 6.689513062134308 6.611166957701678 6.566729073120841 6.547011388746951 6.542938882089174 6.546640105817756 6.554130472900152 6.565731318019619 6.582767877453305 6.589742049896078 6.582349176135814 6.559444223717938 6.5198841791896305 6.459922644334831 6.379610584405504 6.285001050512207 6.1878582126796795 6.091195968824972 6.005570155378029 5.941188686680351 5.899438616167639 5.883013587861698 5.906235779327128 5.963898704681398 6.049281295098017 6.156090678205914 6.280659178754091 6.42583851674975 6.613679582380916 6.823564820244914 7.02351868748114 7.205669890386873 7.365348150155127 7.491808872341102 7.576088685233026 7.618907909151155 7.616348051509416 7.5702804538628214 7.489092211338162 7.386033261855475 7.271123208691865
