_RESULTS/CROSS_VALIDATION_POSTPROCESSED_80-20/MHZ/GZ/4comp/4/MHZ_GZ_z_1000_kriged_reverse_4comp_spherical_4.asc
ncols 100
nrows 74
xllcorner 5.5967023332191781
yllcorner 50.982320383219182
cellsize 0.00019249356164376555
nodata_value 1.7014100000000001E+038
[rows 36 to 53 of 74, columns 0 to 39 of 100]
0.012105604028455669 0.009664431866760147 0.006891955397984607 0.004957010630923064 0.003710572034228177 0.0030804069289258867 0.002942741584761371 0.0032679361718260065 0.004047990189641671 0.004871791977898296 0.005787423000602364 0.006870186414186122 0.008233935226337495 0.009794620592937647 0.011099983832604375 0.010436274367501644 0.007441709214188206 0.0039788910925725295 0.0015713417836061483 0.0004857801860999584 0.00013002881373818683 3.412619312437116e-05 1.1005941401177777e-05 7.072554935500916e-06 1.2655328747823103e-05 4.1560106244672865e-05 0.00017123218532091855 0.0007429045751649299 0.003092313010419331 0.011433015244089783 0.031168307690635756 0.05376552664231641 0.06288930417107885 0.051924425822946395 0.033982013195860764 0.019674676129948616 0.010802353912961722 0.005925286163441457 0.003150627788257395 0.0016478604214185575
0.017025956199833225 0.014120142059569194 0.010344174322793092 0.007560708914334475 0.005933322932826202 0.005334713121706491 0.005570997913166093 0.0067679001164945895 0.008912427310449991 0.010825237657909912 0.01230907337016197 0.013547260794117593 0.014484670885353969 0.014880074218345373 0.013791363310004655 0.010354915493517617 0.0061536480073361936 0.0028753143413934807 0.0010565683043451625 0.0003094346839018661 7.529754717840363e-05 1.602823332700024e-05 3.254795872998167e-06 1.4031127736069108e-06 5.086813387158154e-06 2.525171531753001e-05 0.00012320488461255535 0.0005556704252611104 0.002177343141229957 0.007172300800687132 0.0173718599787852 0.028539931848439483 0.0351723440353332 0.0319908818779685 0.023260552519917863 0.014886280807618668 0.009046001201087443 0.005483540013318422 0.0031165147775958006 0.001751498187793592
0.02329303867489694 0.01998620198078399 0.015009864707434786 0.01095253171657154 0.008934951324340556 0.008453466668362533 0.009426216842886033 0.012407518983752584 0.017526967483891737 0.021431682912385976 0.023697288011665107 0.025004501006645054 0.025142278080834118 0.02311221013880082 0.018382216922836765 0.012578145078524222 0.006806295026301553 0.002954980523557787 0.0010517925589184887 0.00030741634424489813 7.575697316730339e-05 1.644992947431544e-05 3.5043494150931112e-06 1.7188035466506078e-06 5.905186834495932e-06 2.824363045286375e-05 0.00013204960684094435 0.0005456734768936303 0.0018940952596469163 0.005272906624271608 0.011228374349033534 0.017217437646831108 0.020680425783257256 0.018996717334961197 0.014356862387676975 0.00967334185555198 0.006240751993616576 0.00398256400779252 0.0023347226774480785 0.001363042574159858
0.030731970110775428 0.027107893104313115 0.0207617881764988 0.015074739040501335 0.012368278389071377 0.011882354512926376 0.01367375268164734 0.019113448350479532 0.030573338501399906 0.03606049995645859 0.03920715811195781 0.04131519154924642 0.040362077908331226 0.03500058312662141 0.02635305262343265 0.017942045373005366 0.009994007337800585 0.004264796021447545 0.0015338022785569034 0.00047275753383516886 0.00013049498538834033 3.558896660031011e-05 1.2704342275737986e-05 9.27155918975049e-06 1.7777751415608375e-05 5.772842123411355e-05 0.00021468389592383736 0.000739177220980585 0.0021358284381199815 0.004817529351964905 0.008450292194305117 0.011613655474921731 0.012769896333390755 0.011127879844786455 0.008236295910698924 0.005548595017249157 0.0036528030210697835 0.0023246946096232074 0.0013451525487535921 0.0007855261478324496
0.03885793697894783 0.034961816217665635 0.026855264501479806 0.019447749999372474 0.015426832215773918 0.014437451679365528 0.016345942238843735 0.022537700182716502 0.03505399729090948 0.045485538128351745 0.052242782320102286 0.056234277248787136 0.05577995760103527 0.049627759041819125 0.03911520695970599 0.02812073920215264 0.017239412608931776 0.007930989980355654 0.0029615673592870225 0.0009853560503404982 0.000314580740721424 0.00011476063126018599 5.62988842237662e-05 4.630495229344926e-05 7.027696646006273e-05 0.0001666944262136624 0.00047849492090781684 0.0013376343451569112 0.0031201667269900733 0.005568387307470311 0.007621420249753426 0.008409857246441286 0.007823335611145257 0.006136701437426642 0.004248951987366515 0.002744083694326594 0.0017743919304966116 0.0010695058209307883 0.0005855858079515903 0.0003309302928686948
0.04819768274946688 0.04246861128769749 0.032259457254827456 0.023007186524144983 0.01702549946966888 0.014882050984544603 0.0158600494189563 0.020475071162461025 0.030316533456704 0.0421772985937358 0.0530048353732428 0.061542028251217566 0.06633461678998162 0.06442519907137081 0.05713599962690918 0.046477919027212725 0.03242961295685944 0.017187699806220206 0.006852288263240673 0.0024756072476969215 0.0009467679741967867 0.00041894862436300193 0.00024096392081737042 0.0002066634042795913 0.00027804245504753464 0.0005405366463762594 0.0012713985196506096 0.0029916764372069377 0.005764281076594702 0.008036642061602142 0.0082162476880824 0.0064700894423567615 0.004651802978496749 0.003106768567314606 0.001936204724584022 0.001156425726584402 0.0007063241576122426 0.00039338646026521257 0.00019757067522095317 0.00010616396238845144
0.058179093543452985 0.04827416021208343 0.03334257074940264 0.022047278535312347 0.015109055053564828 0.011885229448037328 0.011637115949011246 0.014066302245715494 0.020290471739069386 0.030187896009173647 0.04176823477324338 0.05436162462439527 0.06615307598277174 0.0734451217718645 0.07716158912087186 0.07555673623117046 0.06328295462971265 0.03964885762824972 0.01817033100333456 0.0072885933519855105 0.00311422174198607 0.001512609615876143 0.0009344565947963394 0.0008032712848940804 0.0009943287595390946 0.0016934369155849813 0.003503124867777459 0.007504706071484322 0.012991112122055072 0.014010193168894958 0.009667627269958547 0.005171098710770655 0.0026264651905113295 0.0014148809986906147 0.0007624731503106563 0.00041765066634959056 0.00023752060804153467 0.00012128700135900172 5.522575402753104e-05 2.8305893122590706e-05
0.06776072665918859 0.0530667308356896 0.031002351124710437 0.01683077330315103 0.009977523700948326 0.007026443858856913 0.006332380712296042 0.007290063806109865 0.010230239829410221 0.01609189822836086 0.024577738421120134 0.036148147177213506 0.05050869530665453 0.06592379748569831 0.08487044447182102 0.10702469616382551 0.11938672414822414 0.09701987794676949 0.05261494811573869 0.022874546052150523 0.010025700323801064 0.005039349223005902 0.0031694812611834495 0.002652783552574386 0.003024948908893434 0.004590612026752527 0.00856365137203382 0.01781288257579717 0.03375423263592232 0.026380180722733838 0.010508947900323135 0.0037996595514732997 0.0013932549661644917 0.0005741954834537269 0.0002590970838147186 0.00013068342251722578 7.002638500078639e-05 3.33926754415629e-05 1.4207241564541036e-05 6.971122270717189e-06
0.07464977824086794 0.05702220249003995 0.024860163842689124 0.010258384010253174 0.005085604919470518 0.003242920396882963 0.002644717927682565 0.00281650187979254 0.0038164947662586725 0.006249545587581915 0.010701411213128991 0.01798905718370312 0.029348269086980388 0.04620161956128256 0.07574348147808714 0.1313253303083329 0.2198070420834074 0.2339362693817194 0.13384730926054206 0.06295178081220462 0.028505441819186496 0.014746834013914216 0.009206360827977933 0.007341787225033312 0.007568183238753833 0.009980625041074269 0.01583660247334075 0.028220592284665943 0.05100359426228761 0.028445406369094088 0.00791704476630772 0.0022235631948937405 0.000659384349891946 0.00021890747879806208 8.299349566283688e-05 3.705780014980102e-05 1.8870242031269708e-05 8.813950764558051e-06 3.908639022683607e-06 1.9785661242841054e-06
0.06262966895220926 0.05494458001611802 0.01388999200765719 0.004425528474487559 0.0018905962877470007 0.001103975307274344 0.0008801424444699151 0.0009200672385741842 0.0012301121432075316 0.0020643897900979938 0.003978525889833264 0.007667793347849403 0.014566563624080679 0.027192346253072274 0.054014523317007096 0.11902171765325159 0.2886790660666731 0.4087207857710497 0.2352990205007929 0.125995135572594 0.06324943654701616 0.03468275337047186 0.022147840446557064 0.016771256784573866 0.015333342861446962 0.016932996345195184 0.021015447689521207 0.025802950460659106 0.024576198197064386 0.012654555945769216 0.00391739334244679 0.0010474819652702973 0.0002855684217301277 8.324230539107873e-05 2.798838035605894e-05 1.14039395830848e-05 5.420255613380945e-06 2.565057738684633e-06 1.2950303877955055e-06 7.909501188819279e-07
0.021422569805012292 0.013226152056596937 0.0040707238063149844 0.0012292017178570254 0.00047982805159555266 0.0002728096749384382 0.00022754888381061058 0.0002585021065368599 0.00036873572532091056 0.0006406609961935869 0.0013326294750611953 0.0029169727374048827 0.006311758563764048 0.013430225337387513 0.029825380257940633 0.07120210550504147 0.16441986507367454 0.2610365647010409 0.24449656335803188 0.17310670203238182 0.10562346301547718 0.06478656679295451 0.042944393376103486 0.03173307475518434 0.02584835272529292 0.023565762806912936 0.022260984272848002 0.01867817953628603 0.012036810449552427 0.005273122805411958 0.001643964412839543 0.0004355869991579538 0.00011531328530695154 3.2546368401556944e-05 1.024770531491856e-05 4.0205551848204735e-06 1.8758856575145698e-06 9.97325167674462e-07 6.004044014023877e-07 4.4430901441931054e-07
0.005199251013110407 0.0025206731500723297 0.0008191013711010584 0.00023954745505588108 8.735392467311395e-05 5.114102631355113e-05 4.871006506723327e-05 6.414381089277171e-05 0.00010394522532308667 0.00019785226875028523 0.0004281212224725367 0.0010264965089804793 0.0024675594788207346 0.005789855974971142 0.01363822614853499 0.03332473506601884 0.07687913449740365 0.14178109320718624 0.18567064773115843 0.17732122310605616 0.1360396945568877 0.09734459115235507 0.07001661870891134 0.050937055366904585 0.03816210576618702 0.029061073820859394 0.021370990105301545 0.013470140723975104 0.006675791965528805 0.0024827006506827455 0.0007167934549465053 0.00018018366518649705 4.5926873024216335e-05 1.2993991226652674e-05 4.205475766287466e-06 1.6797116442640749e-06 8.482216183426186e-07 5.390758003995523e-07 4.0305624588440277e-07 3.7139503741308076e-07
0.0013915366082222964 0.0005698042585111183 0.00016638093854021553 4.227336604972768e-05 1.2769763130663765e-05 8.01101111752528e-06 9.953810708699543e-06 1.598448156319157e-05 2.9436015351744965e-05 6.06433107549574e-05 0.00013796593535028752 0.00034377992374209015 0.0009076425700976594 0.0023116643112118507 0.0057051958476090165 0.014429603800578651 0.03547323031753792 0.07536491477352321 0.12403235515025574 0.1518936683583632 0.1454216898048923 0.12219101705950185 0.0960366264516911 0.07080780005972738 0.04996227506345806 0.033460627284618974 0.020454513798362127 0.010519162716975646 0.004332294549378051 0.0013989911151084662 0.000363092273974737 8.248112645917505e-05 1.9250896270173317e-05 5.429066135516872e-06 1.9912014741331804e-06 9.103564106041753e-07 5.400556903654204e-07 4.1281797882810593e-07 3.8692746715228e-07 4.4149949400319574e-07
0.00046041630373263383 0.00016702231538461148 4.4673250327133816e-05 9.870281652838819e-06 1.984394434192009e-06 1.4488678199392666e-06 2.592936320369629e-06 4.7745547305634055e-06 9.349689558218662e-06 1.976342832916968e-05 4.529062708476611e-05 0.00011252792355557967 0.0003012585009227678 0.0008402539541702871 0.002244041506440318 0.006039335632289839 0.016236742670850634 0.03897635937066723 0.07601480540487793 0.11274443320391372 0.1296843759543799 0.12577897475930702 0.10792781556157047 0.0830314852532249 0.05761654276837036 0.03624931537832885 0.020203543551672403 0.009151426141469797 0.003351071705433035 0.0009824474968701752 0.00023295090230257106 4.6784907235145005e-05 9.0190192881233e-06 2.424534069107617e-06 1.173993533972763e-06 7.375385966401263e-07 5.276107354499954e-07 4.538584824439359e-07 5.029080734519992e-07 6.699831940129975e-07
0.00019448306862603548 6.794177165582757e-05 1.866543167952556e-05 4.542644399638485e-06 1.272826815826302e-06 8.418459190393444e-07 1.1722325866407993e-06 1.9602755037256394e-06 3.618295815502323e-06 7.282105765046464e-06 1.5958520866801166e-05 3.807805877702587e-05 9.85178139097351e-05 0.00027311649196557776 0.0007886808292555099 0.0022777538082952094 0.00667368593035989 0.017731160900891038 0.0395232815671452 0.06892353637053517 0.09416500059966043 0.1069488250765416 0.10487228883186465 0.08431615647647446 0.057995360757928154 0.035528430270264665 0.019278547688667345 0.00857239178930137 0.003047354313246707 0.000877054594836699 0.00020534325624328468 3.980211745915422e-05 6.421875394251838e-06 1.5096389312216387e-06 1.1765074744781485e-06 9.248290866526987e-07 7.69218597963327e-07 7.125320530485387e-07 8.500323387703481e-07 1.2477188635838071e-06
0.00010548825893312711 3.8067280882016586e-05 1.1754197530939249e-05 3.5148088043374062e-06 1.3268835286755434e-06 8.208162764784614e-07 8.262919120578413e-07 1.1011839831073156e-06 1.744894014334057e-06 3.1305353102590416e-06 6.250076708220785e-06 1.3816876476134893e-05 3.371168406826894e-05 9.002883202367455e-05 0.0002585273964452852 0.000782367728981857 0.0024450342428671322 0.007035067674569987 0.017604819359668882 0.03519689320405396 0.05533735092190858 0.07640844264947061 0.09086874182849675 0.07338062978316677 0.05040111753798305 0.031273668333323235 0.017257837715952844 0.008102055557167875 0.003013868840908121 0.000925937670165332 0.0002386249235851328 5.401976593161438e-05 1.2149351527111598e-05 3.999131808967032e-06 2.383519134585541e-06 1.812712294787788e-06 1.5509731846383225e-06 1.495217255355751e-06 1.833859835337438e-06 2.829866996787843e-06
7.169996487611162e-05 2.767344836942484e-05 9.733257660318017e-06 3.4382702348242185e-06 1.468435965745102e-06 8.695961974539747e-07 7.214231021545921e-07 7.774246675462916e-07 1.026339316212456e-06 1.5806593678703228e-06 2.77383512576071e-06 5.509987198230159e-06 1.2392146795282069e-05 3.147433684108697e-05 8.905097548710537e-05 0.00027176021671314923 0.00082460851338375 0.0024723535775558634 0.006780261290293284 0.014868685471825505 0.02601466636210959 0.04117888744498019 0.05587825443362982 0.04910112345815543 0.03655326888002372 0.02441024677068882 0.0144443681816756 0.007433157365785025 0.0031097501085749686 0.0010941447077549927 0.00034759291445085014 0.00010641441706199487 3.395712786643307e-05 1.3582015971218168e-05 7.375414430339658e-06 5.0562252593811075e-06 4.121399559928717e-06 3.884745210208522e-06 4.6134138593776074e-06 7.2197219051712445e-06
5.877001038110739e-05 2.4501235036855797e-05 9.627669106732134e-06 3.84734347166602e-06 1.730640357589011e-06 9.825871329285421e-07 7.153805602823518e-07 6.489062831627137e-07 7.179536644862479e-07 9.365897000277211e-07 1.4126023791331876e-06 2.4583088585694327e-06 4.985086885264029e-06 1.1891407236248067e-05 3.3109571140663244e-05 0.0001006522546414947 0.0002992500856431488 0.000871815383202359 0.002385639628580254 0.005375444707683478 0.0100346817943766 0.016765370635641985 0.023354640664420098 0.025172773412754163 0.022160111342629334 0.016859840758083364 0.011269232875160903 0.0066397699463979975 0.003404493626021241 0.0015243705868019345 0.0006393634597545455 0.0002573220309085698 0.00010603677645817055 4.9293029748429276e-05 2.7095527756179084e-05 1.745499515211808e-05 1.3321894987669665e-05 1.191117158863881e-05 1.3108665177962098e-05 1.8951026759714923e-05
