_RESULTS/CROSS_VALIDATION_POSTPROCESSED_80-20/Berg/GZ/2comp/5/Berg_GZ_z_0_kriged_reverse_2comp_spherical_5.asc
ncols 100
nrows 90
xllcorner 5.6208707817415728
yllcorner 50.959635321741573
cellsize 0.00013419651685393446
nodata_value 1.7014100000000001E+038
[rows 18 to 35 of 90, columns 0 to 40 of 100]
0.00218013026483356 0.0023446941248557833 0.002572659139010859 0.0028685816999488656 0.003237471888166592 0.0036832717988519934 0.004206851583273543 0.004803464217134755 0.005459786499287777 0.006150991657262568 0.006838761893615375 0.007471662602612095 0.007989538015225162 0.008332943658903294 0.008456548845589164 0.008342350440061189 0.0080066114568309 0.0074963149477125235 0.007009018719931242 0.0070758962679796054 0.007776864873935993 0.00929330871632717 0.011993691739949502 0.01668280815803148 0.024896359924353257 0.03640227209463076 0.04572542463276597 0.04934297538583634 0.0462862340648799 0.038181276626341014 0.02836668517232919 0.021080526027090773 0.016330662116851212 0.012838563321484451 0.009933861300325805 0.006965750049957772 0.0033394336115805403 0.0008218184910728702 0.00014836943770028785 2.6624318056193095e-05 5.482829693464245e-06
0.002323190988797471 0.0025542761700140275 0.002865124986482844 0.0032656065914458076 0.003766528926640258 0.004377750140836106 0.005105402336638105 0.005948026296608652 0.0068916261193525145 0.007904099088500293 0.008930303568439959 0.00989022749206357 0.010683920978648455 0.011206746185874661 0.01137493911854939 0.011153813291001258 0.01057400811599767 0.00972409683216382 0.00884331225039571 0.008617555238491783 0.009119406929764932 0.010495835912161511 0.013131975520972654 0.017715519687253052 0.025676140987932222 0.035912098783484364 0.042627578137307366 0.04331753830372794 0.038079068435988066 0.029236720866026564 0.020851038283749082 0.01486883992432255 0.010589981962730855 0.007463476422792241 0.004918986969889929 0.002764491418884385 0.0011471384155190387 0.00032660191338812467 7.235143408705604e-05 1.5144648645700113e-05 3.54757455381635e-06
0.002510623321632053 0.0028203489350313625 0.003232741918439771 0.003765271504607783 0.004437550539933233 0.0052690778275528835 0.006275540808248056 0.007463210148097348 0.00882111551625446 0.010311164730739692 0.011857489879315728 0.013338559665145836 0.01458912580755695 0.015422005558816615 0.015675955200954897 0.015278206569471913 0.014285948070616403 0.012871375484827582 0.01133600890176434 0.01057292449876234 0.010684275023514858 0.011727375138383176 0.01400243472030821 0.018159118505828895 0.025316616152952498 0.03375965389836037 0.03802630763397018 0.03652665042526852 0.03018693654585009 0.021761471246724347 0.01510789768882332 0.010368613092194516 0.006942520521404318 0.004420224501259292 0.0025665543800779344 0.001273333746466236 0.000503057657888677 0.00015482765693405177 3.953414632003289e-05 9.435547943188637e-06 2.427236269634784e-06
0.0027411976345186797 0.003143956130105125 0.0036801260731968623 0.004377923937435533 0.0052699999508900456 0.006390922518214623 0.007772540617134674 0.009436368355064308 0.011382119596845392 0.013571726261863896 0.015909100013163736 0.01821888306873313 0.02023482268210005 0.021620853930444228 0.022054271004727788 0.02136800439792861 0.019666497099349783 0.01729776737347123 0.014711238639727987 0.013018047261917522 0.01246125924333982 0.012948847235522238 0.014632961795473742 0.017987605772806763 0.02392001875334134 0.030394479633904327 0.03269368642473431 0.02988098970545347 0.023378183035121437 0.016189188563838077 0.010982344796966784 0.0073013554264377625 0.004687288742626478 0.002836914868569469 0.001536412254768522 0.0007201621475911194 0.00028411648620473235 9.365715413138592e-05 2.6725928431023938e-05 7.084774987939611e-06 1.8934194762654788e-06
0.0030126210981206727 0.003524371842772419 0.004209359559349678 0.005110607093416219 0.0062793673501523395 0.007772583895243647 0.009647458303216838 0.011951863689151965 0.014709110852488645 0.017895117538525185 0.021405472953843853 0.025010968031649587 0.02830920588679017 0.030710310326368367 0.031549028699255126 0.030405051444067636 0.027458382354656013 0.023451478746243537 0.0192357400089335 0.016012244423341555 0.014411489747183318 0.014089052029770828 0.014987128886336935 0.017342822737708007 0.0217499692439835 0.026328961604507838 0.027276247155535588 0.02394184065773868 0.017919287384752878 0.012166458524131318 0.008133502804644102 0.005307384552015898 0.0033346112168838654 0.001980446347859809 0.0010697525368507058 0.0005066382374738715 0.00020742872698191844 7.431170236176571e-05 2.3836161657740346e-05 7.041420276268382e-06 1.948335848570308e-06
0.0033205219214397157 0.003957627635032275 0.0048177853259368 0.00596372264348065 0.007472090260940794 0.009431163209895621 0.011934756696665539 0.015070884264718401 0.01890358715127745 0.02344533206991077 0.02861394279107205 0.03416151795663668 0.039558943078323305 0.043851406718803686 0.04566670997702209 0.04384803612062533 0.03864803743691272 0.031785864629469925 0.025012132194315872 0.019555675257837208 0.01645043488194423 0.01506371346150635 0.015030234412755965 0.01632277271114479 0.01920357132651221 0.022026407348053983 0.022209018043869908 0.018940271293827433 0.013752149270295527 0.00930634899386246 0.0062015067238359095 0.0040355641349548825 0.0025366135957223955 0.0015198866558992234 0.0008467732797641292 0.0004251671465832656 0.00019121123459874833 7.7512450104042e-05 2.87946029015483e-05 9.799263675098986e-06 3.1580404129399852e-06
0.0036574743279002 0.004434974469115258 0.005495552498322937 0.006927140904820326 0.008839442904002707 0.011361913659336581 0.014636584696524534 0.018804386674055002 0.023984825679274804 0.030248868895721 0.03757953424006274 0.045797544450051825 0.05439091838097996 0.06212505881202613 0.06641214675830738 0.0638156910879954 0.054311523391825274 0.04244362491393603 0.03180540139676587 0.023518098755251893 0.018433956263623968 0.015783799624031446 0.014755287850492266 0.015024827759180015 0.016589146719702942 0.017992528007412814 0.017721622480289065 0.014880586473731564 0.010674645059627971 0.007274873177507219 0.004892069935152756 0.003225492439675721 0.0020694206970521527 0.0012816051159162132 0.0007550878752158093 0.0004125296957399112 0.00020911334609397352 9.952729949805515e-05 4.428184652544979e-05 1.8697339594022086e-05 7.996172293635077e-06
0.0040121893659362815 0.004941475877273862 0.0062232047944120825 0.00797620993439211 0.010351190855786998 0.01352841094929749 0.017707318357589177 0.023086843475974526 0.029839914805712155 0.03809052151116611 0.04789855863317416 0.059237316500112235 0.07189547719570588 0.08505892821641733 0.09553597940978097 0.09324002287918343 0.07456762470986752 0.054382737164809715 0.03871132260762969 0.02750210131946264 0.020167008207561746 0.01617548635319609 0.014189651258985927 0.013565429233007938 0.014070592728681377 0.014560649640630693 0.0138912623532816 0.011649852732237393 0.00839148163630264 0.005815094860102451 0.003992542202624774 0.0027050174121392287 0.0018010144357776124 0.0011744132635538595 0.000744851722778279 0.00045033920116086673 0.00026115454283287163 0.00014652245600049719 7.857713771344379e-05 4.224183207289773e-05 2.469729373346336e-05
0.004369068716533693 0.005455041434084436 0.006969763720792028 0.009068312046382485 0.011950362144502402 0.015867579963289653 0.02108725288694475 0.027851130724241176 0.036334723488137446 0.04662268302006499 0.058734909929367626 0.07270210669677861 0.08865276536401204 0.10682570710625802 0.12723760800205602 0.13434763517749268 0.09356107277473522 0.06402860654269214 0.043978461466822404 0.030482561036824445 0.02146017550694322 0.01621078877019999 0.013398332675701183 0.012064729774471816 0.011778193213163817 0.011738090666117296 0.010821567919513197 0.009096724118794652 0.006670714365460691 0.004742181821149986 0.0033580845821236096 0.002364743472032389 0.00165430447352674 0.001150351167147234 0.0007938051407127043 0.0005352875638006428 0.00035648701612091044 0.00023204134504239794 0.0001488848405520421 9.968699215065666e-05 7.543848002936727e-05
0.004708377008823693 0.00594694099175345 0.007713892937881964 0.010224116885372328 0.013748491293063611 0.018610442011497214 0.025143407451584394 0.03360628345822866 0.04407848865507243 0.05640634262376359 0.07027180962223535 0.08534488560713042 0.1013551007117511 0.11781259228552468 0.13209985609864666 0.12803442890643457 0.09613149538194699 0.0667542739377388 0.04586148676151456 0.03166015725637881 0.022117691803673893 0.015934895129888733 0.012479113243717919 0.010637421950432265 0.009827675645674123 0.009494558062022021 0.008563383725924719 0.007123610870168228 0.005367704275886414 0.003938306305628574 0.0028949678790726675 0.002134778291180378 0.0015821351040622477 0.0011817332755376748 0.0008908528916081414 0.0006697729744902021 0.0005061969648122364 0.00037640346246038166 0.00028311204572376524 0.0002267434200835299 0.00020659397426875414
0.005031363459517697 0.0064723711982257424 0.008564063156072917 0.01157844009641353 0.01587632985833746 0.021890975949178736 0.030049858825458572 0.04059911103215173 0.05336282750401989 0.06762592982956592 0.08234603463582035 0.09650782463203988 0.10910954959258293 0.11844759018240272 0.12054957543260864 0.1092215653464565 0.08615956433776711 0.06253792858672624 0.0440792354436408 0.030843900810745555 0.02172624550522393 0.015565143075112312 0.011706181980509546 0.009560929479359784 0.008434609165549351 0.007917544539932037 0.007081082136538526 0.005856912468045039 0.004461337240528947 0.0033915384278211183 0.0025936876759877006 0.002001662424872849 0.0015665718997852074 0.0012525388645400644 0.0010309989835927955 0.0008674802990680683 0.0007387472778840734 0.0006218089335634681 0.0005341525408104882 0.0004888282658670299 0.0005011422395084379
0.005403692080781318 0.0070719602430376755 0.009521553607017352 0.013102132289810785 0.018290167934189028 0.02567309323182568 0.03582854384537787 0.04899052129617034 0.06449865319996499 0.08053050370347338 0.09486882429408035 0.10596900342353724 0.11285152372941744 0.11425373665589084 0.10833509232774333 0.09423242923134668 0.07486826487852906 0.05563440745316654 0.040032013724897855 0.028749129083808552 0.020808406484038443 0.015234448482762434 0.011344609971871875 0.008925097584481472 0.007555803197662763 0.00684524975109014 0.006143302904512892 0.005106277673066576 0.003909029592797705 0.003023266149188567 0.002413686749560869 0.001954294300348739 0.0016218751798233839 0.0014022106121898573 0.0012622271271132339 0.0011728003728472252 0.0010995492206197083 0.0010258352754665084 0.0009756080061506705 0.0009776148941391155 0.001069062418554482
0.00581827072958379 0.007722489188122902 0.010546408217315471 0.01472611359573771 0.020876165089139396 0.029794001471839818 0.04232627186414467 0.058838380128263534 0.077960733233416 0.09565369371061702 0.10788634672817293 0.11375357236024038 0.11380669685458662 0.10828943137656151 0.09733108592973824 0.08197043977920701 0.06473905081075304 0.0489301341541395 0.03615398359701504 0.02657028304595578 0.019688843851147015 0.014803439737120568 0.011269627242919498 0.008728705464173194 0.007124435430947851 0.0062029269844410895 0.005589131412887526 0.00471676274394446 0.003673091574507961 0.0028282670846975187 0.002311930533112747 0.0019901331774831903 0.00178271839653876 0.0016715930381585454 0.0016319563546580238 0.001646769377572972 0.001656939739485797 0.0016618673573991498 0.0017010445095591452 0.001806587880953945 0.0020322350030457298
0.006279561837053106 0.008419145539377487 0.011605549594474318 0.016355300410983376 0.023427562333358156 0.03387304797869275 0.048947691401305574 0.0696267511491197 0.0942422696562132 0.11371328403928412 0.12069789094074836 0.11907839736481954 0.11218295494086417 0.10127516971789123 0.08728057467120333 0.07168103373103504 0.05673678886769773 0.043633799371737135 0.03296477190437452 0.024766094018986717 0.018709975603892124 0.014345535166276341 0.011205997887216657 0.00886940518306058 0.00713471581389747 0.005996105655110624 0.005326757278769955 0.004608903103206386 0.003692476256133819 0.002849480571721722 0.00237240533950858 0.0021373866098108574 0.0020601397728813894 0.0020840229917023652 0.0021856592325246943 0.0023619332373603042 0.0025191445658030768 0.0026611045342714327 0.002836625360607874 0.0031075740960865733 0.0035199461920305437
0.006919543589602917 0.009329200135722419 0.012901598937894816 0.01819862409934514 0.02604177592318968 0.03760467071084 0.05450559806553367 0.07881080442352488 0.11190271745249976 0.13400848515741964 0.12929799303237366 0.11969916567480528 0.10741697931291197 0.09315520317548881 0.07798495465105647 0.06363147755169266 0.050673862622026215 0.039544832802401224 0.030462516790008668 0.02336885480432028 0.018009949887614386 0.014055032109400095 0.011183739449311423 0.00908023146919405 0.0074671602657123875 0.0062355750906906105 0.00536481924024918 0.004751526504119876 0.0039574539721360085 0.00315955898950004 0.0026938002420206085 0.002488985520477115 0.0024867266471444703 0.0026732257158364916 0.002984916580634413 0.003416145307344802 0.0038240023087533974 0.004203044886495106 0.0045983008587294 0.0050699664111652646 0.00568489732356526
0.007791186321189928 0.01051930611829106 0.014521438537103633 0.020373586894171125 0.028881137018390533 0.04112793040973121 0.05848509240081541 0.08243586831681186 0.11296211707713796 0.13152238229303512 0.1253810199285088 0.11348406230644835 0.09928608065983818 0.08418297796019514 0.07004692554767142 0.05724460456596549 0.045970850442589965 0.03639385341795352 0.028557435248380607 0.022358339151094867 0.017587266488183085 0.013991333547753074 0.011324692149578652 0.009376716658101254 0.007907596278170304 0.006747296644058313 0.005841592872831479 0.005163411021539592 0.004585996296057455 0.00386702291233268 0.003371295214366207 0.0031874835350122355 0.0032618276740426486 0.0035738855262687362 0.004119933605785073 0.004932619265205231 0.0057537382681242324 0.006527780692061659 0.007272150172626848 0.008018021151360067 0.008741986544302244
0.00894544635698492 0.01204803277496774 0.01652524590760206 0.022926778321119536 0.031947721789641795 0.04436924598044357 0.06082545413875072 0.0810514569887892 0.10162693074267559 0.11340048739414343 0.11162585794039831 0.10202830055020592 0.08893618687762167 0.07560118782784576 0.06319755126663575 0.05201756543852848 0.04224229712972347 0.03395760306052636 0.027145591158266515 0.021694731530778395 0.017431256333973404 0.014157171354351546 0.011681205180609168 0.009837430191201703 0.008485835701653762 0.007417092032015578 0.006554183325724082 0.005995571396251854 0.005690391439508998 0.005184683725906448 0.004635584337340954 0.00447221129267265 0.00466631806415122 0.005164858023802388 0.006012242801284338 0.007265446093881899 0.008612231463991364 0.009958444486533173 0.01124877954662848 0.012357882533801703 0.013057206990297254
0.010461351899656319 0.014009631833047067 0.019022978609223848 0.025987521191994625 0.035417705628107435 0.04768922336835806 0.06266472328035862 0.07898367341569376 0.09319621643775101 0.10046738850663288 0.0986181864464368 0.08995159942540397 0.07883456241342642 0.06783420417760098 0.057285441911278163 0.04767359871302607 0.0392399560859494 0.03206861150005154 0.026133746821393408 0.02133472690733925 0.017528437080239812 0.01455753131571982 0.012271416747827337 0.01053901561749913 0.009254749787729125 0.008296455556292898 0.007584534172315765 0.0072427881331138385 0.007152463798682303 0.007174211238796167 0.006895848078449087 0.006838248667234835 0.0072262595447221785 0.008038042966599854 0.009399728796000864 0.01142093645765856 0.013602368191744868 0.01572553312564737 0.01763985895147187 0.018962801687422363 0.019372365531709623
