_RESULTS/CROSS_VALIDATION_POSTPROCESSED_80-20/MHZ/TZ/6comp/1/MHZ_TZ_z_0_kriged_reverse_6comp_spherical_1.asc
ncols 100
nrows 81
xllcorner 5.5967107548124995
yllcorner 50.982328804812504
cellsize 0.00017565037499993607
nodata_value 1.7014100000000001E+038
[rows 38 to 56 of 81, columns 0 to 41 of 100]
0.24836669807110226 0.25217795899640216 0.2465013120576024 0.23929806511943497 0.23154284330438207 0.22329075398371778 0.2140911814597027 0.2029204203893112 0.1900564994080199 0.17603763133011763 0.16154100623422704 0.14743609440208025 0.13479979242687481 0.1248292649304183 0.11760583829831543 0.11256574229394649 0.10951131984436979 0.10817363444949633 0.1068474131853401 0.10317731134986603 0.09765357787439029 0.09131293471036087 0.08479119429331607 0.07835139321627674 0.07208498753862222 0.06602140698821403 0.0600442625286888 0.053789366804724376 0.047417985619951065 0.040960327617580033 0.034684226375946745 0.028921541796211186 0.024001067334250597 0.020085826905506816 0.017439126627625447 0.017025708254965875 0.017780533395380663 0.01864291155295315 0.019447254463675536 0.020149857994070302 0.020726265366263548 0.02115635827424322
0.2786231409160742 0.27712702691386504 0.26960956389740415 0.2618223678869827 0.253852735064016 0.24528748608229245 0.23459325053844818 0.22153177876580576 0.20614874314655562 0.18881599607417693 0.17052452979626315 0.15259941972348845 0.13631506769900284 0.1230146480546595 0.11304305671766249 0.10605098551160058 0.10121195143850331 0.09808465087935618 0.09520811420253203 0.09105036809377832 0.08588618304755892 0.08020525689830008 0.07440013030734285 0.06869072456553103 0.0631796086296065 0.05791491648989005 0.05288838746035559 0.04774818623136921 0.04254540801011127 0.037461178641393464 0.03255294536329277 0.028070751933086405 0.024235407351645807 0.021286467834109826 0.01956437447823907 0.019107033815294692 0.01956211926697351 0.020358006353957715 0.021216219909930008 0.02200835568191478 0.022661629748290276 0.023125114734159288
0.2737423360311727 0.2843991253710327 0.28357383243192713 0.27890242026071954 0.27272904068295994 0.26423629176064356 0.2529884559812928 0.2390000875362886 0.2219241294497948 0.20157952419974243 0.1790362751104293 0.15670385911482348 0.13667625279127493 0.12008953971334681 0.10752349322380261 0.0985658113378575 0.0923853226294326 0.08790854604313948 0.08411016361488101 0.07973886099358088 0.07492797145757274 0.06993680809612715 0.06495735045204248 0.060105958445089265 0.055451257776850824 0.051038971348185115 0.0469033923661691 0.042774530267291 0.038604970276299104 0.03452924707321926 0.030758631902254557 0.027508249735597342 0.02478657975589579 0.02275437176014356 0.021677422252436702 0.02143597391070589 0.021843566081958303 0.022608267637567674 0.023505725630603602 0.024377291188614137 0.02511118548732814 0.025696814758656362
0.2697510433188001 0.28484692370528264 0.2903737242018823 0.2901165770230865 0.2862496934480375 0.2784599906898524 0.2676271988848926 0.2540058067605462 0.23675095308419103 0.21407883365594846 0.18665197418671514 0.15920077458379167 0.13532194824586566 0.11600940225351289 0.10129422412342906 0.09069848612175267 0.08336700386497273 0.07805046268473634 0.07380691237521769 0.06959013278572919 0.06533429950263311 0.06110456390072482 0.056962132695561184 0.05295572118713096 0.0491251692046515 0.045509932962437605 0.04215335853975168 0.03885651508491849 0.03550991885400064 0.03226451840631387 0.029406349553286627 0.027055769386116937 0.025277341379172678 0.024127600807279034 0.023657764916380983 0.023775887379709867 0.02434385776787533 0.02521311931081666 0.026224575983885782 0.02722712152267354 0.02808983379702172 0.029049526401431533
0.26638551644842895 0.2836075252198997 0.29312121430526555 0.29626371978046784 0.29373906923143545 0.2866092479593519 0.27638504769382877 0.264019969995568 0.24908609196288428 0.22633876724763974 0.1919801998091011 0.15866491568870517 0.1315514050829601 0.11047407705407489 0.09441491023237317 0.08270966378733689 0.07455562707575283 0.06900735646356164 0.06474758222604375 0.06089964005556341 0.05722705679339741 0.05371391365296108 0.05034605704910904 0.047118399062367936 0.04403597438612077 0.04112399364811595 0.03842562851246519 0.03581234389517207 0.033149119906187324 0.030629559806082552 0.02851618999926419 0.026878874615622102 0.025780460291047247 0.02528801163894541 0.025419146609596814 0.025979456530996613 0.026870932942736778 0.027997629972615293 0.029245485237762416 0.030481043316788924 0.03157140960260472 0.033113882177360617
0.2634829913525262 0.2817480412048486 0.2933580160854475 0.29788160310077877 0.2953717700162336 0.2878125328191729 0.27703541684149763 0.26461824845017085 0.2518064097344025 0.23758736556258606 0.1899693396406051 0.15303117020884865 0.12465318523012243 0.10304114335798191 0.08678148369736087 0.07492503834649676 0.06659968122939994 0.06101144867414318 0.0568497639182009 0.053447572833592076 0.050370451274695666 0.04754059420106322 0.044886494090637045 0.042360447657047065 0.039947277390571315 0.037663384629561085 0.03555140278860988 0.033509431104913216 0.031405791569439435 0.02950301407288585 0.027992567104754965 0.026946119797701566 0.026429806478612622 0.026501513508895718 0.02718552960983069 0.028163101779383196 0.0294174044306707 0.03088950430473718 0.032482250856142814 0.034071971559986106 0.03555273425388232 0.03778693200332154
0.2609957234711279 0.27961245860980394 0.2918638442435373 0.2959051014389232 0.2918286324581151 0.28225306560012664 0.26901403973569155 0.25340227140003435 0.23530913630264266 0.2101159351103532 0.1748522529155739 0.14154392210447223 0.11475813484847751 0.09413755441735266 0.07880041886102054 0.06759690763391227 0.05948017739947197 0.05390439464609504 0.049928975620876066 0.046966663678616453 0.04450259093887593 0.04234713841544979 0.04037948272601144 0.03851722632220882 0.03672647155088 0.03501642002623317 0.03342930880979115 0.031864347445961554 0.030226020694329572 0.028815577406455975 0.027782025048471198 0.02722249551412652 0.02722061606284444 0.027831584673137323 0.029063742707967848 0.030529698996670903 0.03223805473029824 0.03417840546580403 0.036248615372479066 0.03829297064882623 0.04026703039188896 0.04338949087373633
0.2588230474017087 0.277396529722395 0.2889733099667104 0.29103227517953056 0.2842151672231789 0.27133213218280583 0.25448193840066013 0.23467926831304925 0.21178660214316009 0.1848445710772868 0.15510662027898892 0.12696653650429737 0.1033450407117404 0.08493489854612443 0.07102110408836265 0.06069411827776158 0.05313708214082853 0.04769469151880895 0.043911516431717465 0.041329933421097934 0.03949842998576265 0.038023003687363055 0.03672796530735376 0.035499856401182764 0.03429251840747879 0.033112437734664754 0.03200255647431548 0.030837941806621978 0.029584648848665015 0.0285478654508998 0.027870158412999457 0.027699267407207434 0.028166889734406928 0.02932402625564211 0.031088385404242216 0.03315426854651188 0.03537462593598423 0.03788169245754553 0.04050589701223024 0.043016674506312635 0.0456545688636678 0.049849093270969064
0.25646544905011975 0.27477043053112077 0.2844926186941332 0.2833346405174358 0.2730641383621862 0.25644019129645246 0.23615086023834592 0.21340914320035292 0.18872676171418312 0.1626219683490771 0.13649696164936914 0.11245875536778228 0.0923006076085503 0.07625654201998133 0.06385919998383743 0.054458032372562165 0.047422358791424805 0.04222362131468846 0.03871514921726395 0.036497320070506864 0.035281624866193746 0.03450577950282545 0.03387633314342139 0.03325683277383028 0.03260046102493595 0.0319182007311436 0.03125077603687336 0.030433518936340716 0.02950105879453463 0.028737838756226593 0.028286209007863963 0.028383794482599103 0.02930446330839726 0.03103300642731698 0.033358875296732864 0.0360885788827086 0.0388874664470638 0.04186751795774198 0.04498834327783126 0.04806175790579923 0.0514622506228075 0.05684633364791362
0.25392667905519917 0.2719931169323448 0.27861748341520043 0.27298448689958577 0.2587402208650004 0.23909027295892557 0.21639817483144896 0.19236982826369867 0.1677819865603348 0.14340675614374013 0.1202633921703284 0.09973137640205826 0.08254974910639101 0.06864106993588642 0.05767129648961074 0.04914762959230925 0.04246714224955238 0.0374040014493324 0.03409665535369184 0.0323861377073839 0.03182734419948744 0.03179501201062411 0.03181907728184594 0.03177689529686725 0.03164068341541804 0.03143487564260355 0.031185442638571554 0.030692984422991017 0.030051880442107624 0.029509862829329037 0.029161259742686223 0.029302152517917113 0.030721528219400343 0.03312263505063543 0.0360308282662227 0.039304428630420406 0.042579420595404274 0.045982105660133527 0.04952948333279254 0.05317647686446369 0.05730631043930019 0.06382016502373038
0.2508681023459943 0.2694629029205022 0.27094670709737234 0.25951298522885163 0.24150030932933772 0.2199610662950854 0.19658541501032006 0.1726793277183924 0.1492852818451869 0.1270328030122909 0.1067012984029165 0.08915191438614119 0.07443436683341194 0.06238149225871973 0.05270853888710494 0.04494510573531362 0.03851998112532741 0.03342043021441716 0.030010015591187128 0.028858959656225876 0.029150566717725892 0.02986345685777812 0.03055714159614242 0.031073464172446833 0.03143444672795935 0.03169394276266006 0.031844550427624685 0.03168535139765695 0.0313566732253759 0.031089893073333093 0.030925382890846297 0.030903859719042387 0.03289811452415937 0.035834721706609354 0.039086116592316394 0.042635738976174786 0.04632044994347664 0.050091015489560985 0.05399489821458808 0.05805173633566999 0.06271840690164462 0.07001089138533675
0.24437094714235136 0.26718251842381324 0.2581534047689915 0.2411898678084554 0.22121620556524263 0.19954156472253048 0.17711745464576295 0.1547505954924022 0.13322910013928324 0.11328491833235413 0.0956828616736526 0.0806347189029504 0.06799952790574695 0.05757189915198918 0.04908471476974275 0.04197367877456603 0.035918578111449856 0.03083798881835496 0.026702177707886625 0.026416784775711945 0.027608232997740095 0.028782135866372113 0.029939380444811925 0.03096363172176281 0.03182886111432427 0.03259463062495182 0.03314958614564447 0.03336295698026162 0.03339592134076347 0.03351443659152519 0.03381641960843625 0.03456952639397346 0.03642618959494703 0.039231136940244785 0.042513225146589 0.04609475803736672 0.04993898843429152 0.05396824756676309 0.05810581751206056 0.06238806845962266 0.06732792263932297 0.07502570692748833
0.22203576149276255 0.24050892025892864 0.2324896924074556 0.2167115003721905 0.1982918410286434 0.1785505885812129 0.1583711296323037 0.1384782441476825 0.11948003822172282 0.10201783926148288 0.08687758160633482 0.07398207593354676 0.06314691932808009 0.05416869605244756 0.04664780065009591 0.04026477874397482 0.03484032976436726 0.03039420376725372 0.0272976547603773 0.02670434671330561 0.027586537802928603 0.028759236367544332 0.030026566122001302 0.03137014853957572 0.03268723926162239 0.033926955386359904 0.03487314353148688 0.03549392741316214 0.03593661675794327 0.03649076189387569 0.03725970900738319 0.038481327065739486 0.04041310954307727 0.04304571378305631 0.04616256475670776 0.04956740555741461 0.053218449801404805 0.05735334146159142 0.06171978773668699 0.06636399204441981 0.07146702676788504 0.07909308116565544
0.18973354035297654 0.2003112322644296 0.1990660501059444 0.18891681444520458 0.17447826911064834 0.15805554042462386 0.14091597072331769 0.12390468443012653 0.10763873890657627 0.09286783144093647 0.079997553963999 0.06898126362270075 0.05972545998006507 0.051889441992324155 0.04522652373755742 0.0396334034289415 0.03498424239559176 0.03139085776115198 0.029156295018854524 0.02840942482854751 0.028763315532492055 0.029687386769691657 0.03090768078951507 0.03233813650466434 0.033969966632776016 0.035606209060505975 0.03694560473890398 0.03798920385942945 0.038804317876209846 0.03971670065217482 0.04085981407580706 0.0423771444478438 0.044386796133326356 0.04688659707542565 0.04975564409891583 0.052831175881536865 0.05615891885750213 0.0603325738126743 0.06507580645351346 0.07004894202546014 0.07522855608665836 0.08225104648193092
0.16120915535085253 0.16811567724121715 0.16862009424965907 0.16251845422767808 0.15206156896199857 0.13920441598461883 0.12527712356580414 0.11118903830757162 0.09760825417139027 0.08535142352427448 0.07462787312925305 0.06539363164612011 0.057389002337482876 0.05047657692630338 0.044631849202514014 0.039803705269664626 0.035893040003854966 0.03298605887898526 0.03123606556267605 0.030514382869839124 0.030628403120811356 0.031348987142248284 0.03249508303579109 0.03398224897210396 0.03575448706927346 0.03753925112082095 0.039204935809067504 0.0406067554801677 0.04175103211683982 0.04296247726661892 0.04437899625812976 0.04607717839498714 0.04810539514906946 0.050443457224034094 0.05299763271546115 0.05576296051310857 0.05900350761172143 0.06306873343008136 0.0679518215555089 0.07321839714028527 0.0785879048541333 0.08470935342975908
0.1381270662724063 0.14279146719512878 0.14366572782509876 0.13994385626147937 0.13254634125371476 0.12279891026006039 0.11180993326297126 0.1004202196776142 0.08932951828785758 0.07930577486105288 0.07045153783085858 0.06258667715665991 0.0556791723850716 0.049712684687193726 0.044672574851698635 0.04055650082509578 0.03730466854734639 0.034949492697951515 0.03356166118101578 0.03293219759681548 0.03297614059272481 0.03359658285229451 0.03469878737797595 0.036229821880835074 0.03797230105678215 0.039755388930887856 0.04150236972769195 0.04312903656356533 0.04457746035830289 0.04601428262218726 0.04760653579027195 0.049382815219326526 0.051346600967565166 0.05345617508045768 0.05578593016285925 0.05845373683177414 0.06162671898156474 0.0655643292804391 0.07024350177806388 0.07562045135300634 0.08121932733331906 0.08663322298686872
0.11996603024490694 0.12311730555733648 0.12391250260196827 0.12163458281967132 0.11643245548257661 0.10916031650654984 0.10065023218430003 0.09160341069747754 0.08269674743743345 0.07446308819031386 0.06697854146989451 0.0602872391752326 0.05440254993476931 0.04932658256566367 0.04506269416237347 0.041624182393159743 0.03900051001290404 0.03716261657281864 0.03610482570506497 0.035610510169041494 0.03566949040403922 0.03625139834183106 0.03732469533201846 0.03875964516103564 0.04038912080358077 0.042182759504833654 0.044014264615829135 0.045743898453962456 0.04728763179247083 0.04873763714840732 0.05034589998300457 0.05208708897276259 0.05389497576697806 0.05583232289937362 0.058139710732077986 0.060701729710478394 0.06382560117496414 0.06763872388541607 0.07211506749772438 0.07725392212351803 0.08302693999759805 0.0885988779989152
0.10598313397520602 0.10806362225075736 0.10860323314398118 0.10724916613833371 0.10362311498491135 0.09825983760464783 0.09173124651485093 0.08449834273029691 0.07717276413191705 0.07031911235386858 0.06405565141616565 0.05843948221192608 0.05349896507992193 0.04925130195004288 0.04571375089096835 0.0429105485375455 0.040869038309189414 0.03954547927885733 0.03879788834521651 0.038482462335493905 0.038628508059787715 0.03923910252209793 0.04021698832323116 0.04139251925394496 0.04285642238886992 0.044691653327709205 0.046666248148312495 0.048511745510331966 0.050121130972169185 0.05148731599838487 0.05288940682958525 0.054354948790916194 0.05587629908022353 0.05778154480344423 0.06000707157303483 0.06250282252771053 0.06563344740231233 0.06943198083662872 0.07389703847968554 0.07902694227806442 0.08479545364354955 0.090738839788517
0.09550217405834566 0.09679157927788277 0.09704579285029623 0.09615605224395564 0.09357932529220385 0.08949666116200673 0.08431873908153142 0.07845770981920751 0.0724654850221463 0.06682780522810679 0.061656290177778 0.057014454874396915 0.052940847668915186 0.049463944333470386 0.04661190154427548 0.04441848178230178 0.04292615647215111 0.04211693676648174 0.0416807130569353 0.0415965298128196 0.04190411035699827 0.04251736648330386 0.04326751776054934 0.044133107308349365 0.04520804077058715 0.04721846283745991 0.04943832893200807 0.05138727194530246 0.053017358839840684 0.05431028477227328 0.05541005425182108 0.05650940281640164 0.05790425532870663 0.05972121721811712 0.06180694683244726 0.06431130319520008 0.06748612311102266 0.07132886602767793 0.07585330130541575 0.08107272024926267 0.08697410399597592 0.09322469459257493
