_RESULTS/CROSS_VALIDATION_POSTPROCESSED/MHZ/IZ/7comp/5/MHZ_IZ_z_63_kriged_reverse_7comp_spherical_5.asc
ncols 100
nrows 81
xllcorner 5.5967107548124995
yllcorner 50.982328804812504
cellsize 0.00017565037499993607
nodata_value 1.7014100000000001E+038
[rows 57 to 75 of 81, columns 0 to 41 of 100]
0.10262278508102242 0.10085659090351203 0.09930792037272436 0.09811751513608337 0.09707249878505995 0.09595929799624109 0.09496698944576541 0.09400187214518908 0.09286392472209676 0.09143072653786945 0.08968755664724803 0.08769317985581349 0.08554767507541094 0.08337361290973373 0.08130642499794848 0.07948810879156035 0.07805892962162728 0.0771389569504598 0.07666643427392479 0.07604426851862305 0.0761824405832993 0.07839751723505813 0.08254847581071213 0.08826777467579086 0.09581223650526244 0.1055519162846665 0.11801088891620291 0.1339192632533017 0.15427681752932773 0.18042297411872077 0.21407030652464515 0.2579459492400891 0.3183611970654185 0.39951008209919764 0.5026296769621583 0.621686783118166 0.7264580507256836 0.7796695557734495 0.7815728585426716 0.7529148332228348 0.7103835590365392 0.6610631602198273
0.104158679943961 0.10271920201997906 0.10154476756723607 0.10075168302741441 0.10040967932142769 0.0999814667984875 0.09941977463490415 0.09873294660026613 0.09785426220833143 0.09672545981217158 0.09533741642387261 0.09372967351241919 0.09197551562069807 0.09016870921197444 0.08841720646170659 0.0868417106405935 0.08557045782992517 0.08472399282620975 0.08386485287748546 0.08239209280846681 0.0812249850463769 0.08201413434756834 0.08417687092272727 0.08756737293714444 0.09234947803805361 0.0987374125968404 0.1070406035830657 0.11768900934220787 0.13125739673117318 0.14847821143539533 0.17023529442981464 0.1996650312261514 0.2397101251399107 0.2917172070780844 0.3565011308480437 0.4307165624849407 0.5029164039895411 0.559859838492904 0.596681761033823 0.6149697608261695 0.6184999212306805 0.6104600722816885
0.1058439344420455 0.10469992851272047 0.10383631103406314 0.10334122780028393 0.10330384795114611 0.10355776194192036 0.10355551912253794 0.1033112674404491 0.10282643484231 0.1020934485483767 0.10112261146079048 0.09994910992127555 0.09862641941044639 0.09721665803975121 0.09578965738695419 0.09443699623137683 0.09328109453578924 0.09224511693023973 0.09049148745390195 0.08807008995721687 0.08546220292642766 0.08442571405130819 0.08436327220403017 0.08529422653663897 0.08726839691491411 0.09037598635750092 0.09476273948311909 0.10063972052562335 0.10828735779168466 0.11804454911014521 0.13059142490847028 0.14855755795877368 0.1730569474070455 0.2048001076342834 0.2449986222457657 0.2924244319227768 0.3436663964589621 0.39443477670154986 0.4418076270045471 0.48429401420232615 0.5192803752351643 0.5454256748908737
0.10758644941797096 0.10669879213956449 0.10608790098747202 0.10581898703178431 0.1059508000283917 0.10652132785240176 0.10716091249460029 0.10747232595642778 0.10749060161718382 0.10724154044754546 0.10675582296053221 0.10607381342576962 0.10523874120034979 0.10428086483202845 0.103210139596817 0.10206289854943693 0.1009652380818271 0.09921701675167002 0.096431937764865 0.09289567385422788 0.08887694240895426 0.08569706347333382 0.08335114562189418 0.08184791655427864 0.08116236880955507 0.08129849977156543 0.08229530593965384 0.08423028033425096 0.08721739401197763 0.0913931748437499 0.09756244840985855 0.10737533064432946 0.12132191606239588 0.1404031457148299 0.16517889773818129 0.1958446870215127 0.23224532773678513 0.2740383134268583 0.32082549731623095 0.3719856877655881 0.4248045300091869 0.47551322651451877
0.10931454803734793 0.1086445327145796 0.10823756249066087 0.10814182787228244 0.10839716796181234 0.10902655565645433 0.11002683845178646 0.11096537478203328 0.11156311404979417 0.11186541187071185 0.1119195161344058 0.11177696700778515 0.11148593739562342 0.11106234269723791 0.11042514741483354 0.1094552817752134 0.10810637845751686 0.10541238091066726 0.10154723884891284 0.0968289786587877 0.09151223574152817 0.08605568032921423 0.08147087050617025 0.07768640161931284 0.0746282531506241 0.07224648908754584 0.07051927558687432 0.06945519482733263 0.06909179809190392 0.06948757466465033 0.07156629797434351 0.07615568914432626 0.08382466474559068 0.09502813056564183 0.11022576602865218 0.13004814680040444 0.1555817437186929 0.18836679266215794 0.2299275286839176 0.28106022866019625 0.3412468784811143 0.40714405726295333
0.11097300659411503 0.11048528789711395 0.11024181981952531 0.11027838455635931 0.11062255744200558 0.11128850909260207 0.11227310829602781 0.11355458260897829 0.11477259814071683 0.11566262357287976 0.11628158207531795 0.11669157714170894 0.11695785318904645 0.11713391535142015 0.11713274384766549 0.11623765709496982 0.11422285892230058 0.11058211367284328 0.10567796236532734 0.09983802081896295 0.09329095017100808 0.08580376517481811 0.07908836661295532 0.07325963468722403 0.06818915626311162 0.06379360303276319 0.060017784022066575 0.05683747512474859 0.05426027920921398 0.0523537709085078 0.05198084727775596 0.0537145606402951 0.05773147895005005 0.06420825744671356 0.0734723146405137 0.08616398680054808 0.1036674757037525 0.1285143648591532 0.16355515785002497 0.21072571357099393 0.27098238898492405 0.34395242612922633
0.11251914922189789 0.11218241965781316 0.11206874840137854 0.11220474725847018 0.11260957130119302 0.11329163015292279 0.11424628561212669 0.11545539530196704 0.11688995959084764 0.11835669031946326 0.1195279502748312 0.12045431452565904 0.12119800392250955 0.12181705445918917 0.12226771079595013 0.1215019404196225 0.11888408937273066 0.11448633460297943 0.10869517812441913 0.1018734362964599 0.09425956538778626 0.08540832300420714 0.07662074516480105 0.06896589342597609 0.06225355085167228 0.05632428904534271 0.05109689350014516 0.04652600597244263 0.042602680529243576 0.03945186797355501 0.037885480791014295 0.038065806619796805 0.040037138570916404 0.04384704207451845 0.04959105120380157 0.057590784223452936 0.06909054623543534 0.08740447424602708 0.11647394299599076 0.1583520893272633 0.21480291308300622 0.2880614222551371
0.11391978265990237 0.1137066638807864 0.11369442901982212 0.11391287907354483 0.11441447544341707 0.11518251312271645 0.11618598572015039 0.11738787514887336 0.11874626348167493 0.12021640470719687 0.1217432970932598 0.12304871652878918 0.12405702257744552 0.12478350731765554 0.1251136539214077 0.1246358264934809 0.12185981384876146 0.11698775096273459 0.11053035347934449 0.10293601266723382 0.09452814549496573 0.08483075147959082 0.07453258285171961 0.06524466218039655 0.057145033961451805 0.0500580985951704 0.04385131502433884 0.038431555610710835 0.033842849742590664 0.030193147653778413 0.02799539153287673 0.02733035836746445 0.028237122027441438 0.030684005213897827 0.03455861020079852 0.039769501447598825 0.04672483371035725 0.05979736969827622 0.08472789860145001 0.12135206291896267 0.17210919253601722 0.2406997937368685
0.11514891835366706 0.11507202640689945 0.11528022835467115 0.11575212862926398 0.1164593054607877 0.11736974661477734 0.11844694666201158 0.11964989656267672 0.1209339239907675 0.12225192668906679 0.12355498614108919 0.12479049586973472 0.12589157402903878 0.12664259211657647 0.12691272490176375 0.12630096437201846 0.12326029466527123 0.11807819872517372 0.11118060602449667 0.1031192492158645 0.09419031229059195 0.08394221653134543 0.07302016624155232 0.06239134742129691 0.053156412342933855 0.04518318836828299 0.03835588961432695 0.03255996490381057 0.02769758448760547 0.023777687695840013 0.0211838162883771 0.020022136455301945 0.020431710957070325 0.02234097939902003 0.025472063254357184 0.029594447302393617 0.03465875785081051 0.044699617765889196 0.06601714184352193 0.0970598816902548 0.14095679325642657 0.20182342671670847
0.11635925609046062 0.1166272370450029 0.11714688590849791 0.11788434761980243 0.11880332005674034 0.11986410127693015 0.12102323771521954 0.12223388303133026 0.12344674450458053 0.12461117498581682 0.125675624992622 0.12658645150079073 0.1272846047290072 0.12770315202627774 0.12777773363798087 0.12692359578781617 0.123551151698988 0.11795465676832911 0.11075732198182603 0.10248902195041651 0.09331902794564868 0.08282684523714715 0.07167334539954473 0.060615808373822036 0.05053039187670038 0.04200846237346188 0.034828050532469665 0.028796081666211736 0.023759835273912837 0.019647377491104727 0.016705784395315355 0.015092364314387501 0.015321539516815346 0.017250810686893023 0.02029101613619019 0.024369002720285686 0.03009172849232123 0.03973001479766636 0.0563966492570416 0.08198223788531149 0.11901011199667542 0.1709703214955453
0.11781030283427707 0.11843102908955454 0.11926846173274047 0.12028073692298817 0.12142280455451017 0.12264603884493207 0.12389851521583514 0.12512599737819927 0.1262734693293871 0.12728681439331907 0.1281141087605167 0.12870618671187564 0.1290170579808105 0.1290067885745448 0.12865115373246175 0.12730778860066522 0.12344893728896705 0.11749665379871026 0.11001053173583979 0.10151368183541802 0.09236604321112522 0.0820091946775035 0.07098678810364023 0.060037439362933515 0.049722979115601404 0.040652073779965596 0.03311706174716134 0.026872529658257618 0.0217112170318437 0.01747675206591067 0.014251678504482375 0.011944166646476432 0.012231369478090781 0.014564878000160819 0.017675558450948505 0.021833830764086952 0.02775093107952692 0.036842016543548434 0.051087227563658286 0.07260055560507504 0.10376079085660717 0.14732886002424952
0.1194542758366622 0.12043496239764684 0.12160123300090472 0.1229024520050284 0.12428366004210627 0.12568576843286425 0.12704662818476167 0.12830298804703702 0.12939312244618426 0.13025968886462733 0.13085231262436986 0.13112966468189013 0.13106147724300654 0.13063173133400513 0.12984400045901842 0.1281048731042957 0.12395875484035189 0.11777250924224321 0.1100728172512608 0.1013880284173332 0.09217019294257947 0.08206886345188136 0.07129373287212203 0.060526904587797976 0.05033423410952884 0.04109661090852375 0.03313862089927807 0.02663796287768602 0.02135817053156687 0.017100883755787482 0.01390909458032368 0.011861036941372943 0.011995570639519667 0.013986552891487584 0.016927443834685422 0.02100708401480835 0.026819493410304176 0.03538009634976499 0.04811955572212596 0.06678093391871616 0.09334822298876824 0.12990187194115022
0.1212294568577716 0.12258018336191831 0.12408988035122794 0.12569827703177355 0.1273391068450077 0.12894091215601824 0.13042910928606669 0.1317293284996591 0.13277169995912316 0.13349542256338653 0.13385282720769046 0.133812388523872 0.13336069460097572 0.1325055534983686 0.13132672560630165 0.12938760466528673 0.1251016126632072 0.11878049728072444 0.11095831110437462 0.10216904036942778 0.09289991701895442 0.08301936685037153 0.07257110179034648 0.0620703255712027 0.052049400594539295 0.042906140229920245 0.03487210675278359 0.028062355454198176 0.022599758468900607 0.018336840693134224 0.015290342412553271 0.01365891578771722 0.01360738399951412 0.015023444854412685 0.017637958145646098 0.02153416457790371 0.027151766918572368 0.03525849544598999 0.046942278124674865 0.06356770220784486 0.08668003777618279 0.11779107421260034
0.12306315727844343 0.12479514937527514 0.12666500336851366 0.1286019968761386 0.13052699590836753 0.13235383369551235 0.13399257074166077 0.1353547145579474 0.13635989202535279 0.1369428303085155 0.13705917567893938 0.13669502694664365 0.13589342117079922 0.1347045851940761 0.13319519749979758 0.13111096711791909 0.12680207246701333 0.12045277421329026 0.11260482478131441 0.10379761738032806 0.0945226978659191 0.08492936140202649 0.0747801215270928 0.06462936989193266 0.05484784847472977 0.04583954217958566 0.03786607915238695 0.031056609793952493 0.02544613393783589 0.02104776529649152 0.01794901373150581 0.016322770229490934 0.016106974517442627 0.017208314819203558 0.019563254395995128 0.023283918953632566 0.0287231607037991 0.03648563778605919 0.04742290720455426 0.06259796573455194 0.08318911024071864 0.11028386568232516
0.12495850445807996 0.1270333095508086 0.1292554920807924 0.13153394154658585 0.1337679046570457 0.1358492869764591 0.1376677580114061 0.13911882391334393 0.14011401745124508 0.14059112790926917 0.140521715597425 0.13991375775227768 0.13880904511920927 0.13727678752754688 0.13540564407765776 0.13316033965870216 0.12895096856585103 0.12268807356952659 0.11491917547453237 0.10618760207590745 0.09698824848348576 0.08767946550755885 0.07793318392795846 0.06813443758702152 0.058683697744958435 0.049872678195177475 0.04199672346463108 0.035222631018781564 0.02962132095688591 0.025204638128795614 0.02195727774845386 0.02009353680401927 0.01964755614357052 0.020522170805714855 0.02269859313195074 0.026299945341504836 0.031627335818836165 0.039175011899622095 0.04962605123640548 0.06381765629946823 0.08265218466149288 0.10692165704957025
0.12705204165560402 0.12945468247598801 0.13201265264105225 0.13462604301763909 0.13718050919235572 0.139549177402294 0.1415986476967128 0.14319998283326926 0.14424388446451597 0.14465667275907346 0.14441182075294867 0.14353271015017113 0.1420860630860639 0.140169467780631 0.13789775630958298 0.13538424335511023 0.1314017321020853 0.1253483782597443 0.11777351913234285 0.1092214429556377 0.10018850954676721 0.09109716595490118 0.08190074208347158 0.07252858382742078 0.06347601931266252 0.054953114449116235 0.04723615203374476 0.04053045039106293 0.034942594357513075 0.030507621910758374 0.027201938503017938 0.02511846558538131 0.024476202368583458 0.025187832040314717 0.02725595721948699 0.030806281286784486 0.036105037964859026 0.04356455657025091 0.05372697221867571 0.06721066725385297 0.08459681310182385 0.10623370564643037
0.12927030745841925 0.13203468148586534 0.13495192769484537 0.1379348248145381 0.14085499092599144 0.1435636864125898 0.14589779493058794 0.14769408153095612 0.1488119276569059 0.14915936042933356 0.14871203953185577 0.1475159469327366 0.14567318533090626 0.1433191448940008 0.14060089942222426 0.1376621512312613 0.13396657871125525 0.12825503514923145 0.12100107006505852 0.1127452972761445 0.10398248313421993 0.09513640581847313 0.08647862918999472 0.0776898755689692 0.06909734720240705 0.06098666339134534 0.053523931412903146 0.046951477772823005 0.041412719658180455 0.036957740676182016 0.03359391881466644 0.031313613975316644 0.03042021001242446 0.030975587693827047 0.032963917044119086 0.03648232301407552 0.04174054753814865 0.04905290345864506 0.05881147179034776 0.07142758098920118 0.08722760387659112 0.10629495370661166
0.13150491766400407 0.13468740077383634 0.13799471517493656 0.1413821942998375 0.14471943262441053 0.14783384207634656 0.1505246434236275 0.15257942020938073 0.1538080202687076 0.1540873537216966 0.1533958797167148 0.151815877698997 0.14950317613478023 0.1466453902018932 0.14342911268738376 0.14002250691083962 0.13641446890674966 0.13118629448246524 0.12439291901901858 0.11656493575259866 0.10819120801676466 0.09969439917206722 0.0914202025670524 0.08338314879457528 0.07539715963134151 0.06781959104382965 0.060746020981742116 0.05441218203150873 0.04898459857039474 0.0445522624568616 0.04116201891695166 0.03881651912891819 0.037601517741480295 0.03790305240165594 0.03972131532324917 0.04310902313270359 0.04821093602901478 0.05524494517187054 0.06446800414366308 0.0761174900704778 0.0903206450683075 0.10697229370714122
0.13366039425829168 0.13726709857342534 0.1410349946964113 0.1448659678196921 0.14867403769902632 0.15227319901031589 0.15541779031298214 0.15782470050334516 0.1592214457075435 0.15942778350412848 0.15842640524571094 0.15636375023001195 0.1534821349044475 0.150041848694664 0.14627508321214588 0.14237193925972227 0.13848305285400686 0.1338784572542536 0.1276979336506985 0.1204441719076484 0.11259469129438231 0.10456774098778168 0.09671085880620733 0.08929712114020968 0.08212096627019093 0.07521991196422885 0.06871053246584723 0.06274735817573737 0.057533110760836274 0.05321166578638634 0.04986269935129371 0.047518115867521124 0.046177853463817795 0.046088779769047815 0.04760437066691885 0.05072517278208389 0.05552416307045888 0.06212457397307516 0.07066191668003327 0.08122863380053004 0.09379862368405086 0.1081360754358736
