_RESULTS/CROSS_VALIDATION_POSTPROCESSED/MHZ/IZ/7comp/5/MHZ_IZ_z_250_kriged_reverse_7comp_spherical_5.asc
ncols 100
nrows 81
xllcorner 5.5967107548124995
yllcorner 50.982328804812504
cellsize 0.00017565037499993607
nodata_value 1.7014100000000001E+038
[rows 57 to 75 of 81, columns 0 to 43 of 100]
28.965714374823996 28.476736204277962 28.050022877298137 27.724813020019457 27.559231069546314 27.621282219012983 27.93956430226792 28.46564286029417 29.115970040807014 29.820333232528146 30.531538693405793 31.217889889225958 31.85602800502634 32.42754192709192 32.91860146253063 33.32108767799201 33.63325683597642 33.85929018540979 34.02035126659854 34.08580345660285 34.02123513791777 33.80608888155769 33.471447099566745 33.13697985634071 32.82982440147529 32.55299864228362 32.3087697853247 32.098566815640176 31.92276029753834 31.780386485428608 31.66771074037985 31.54771184835088 31.34658941150462 31.05953969781386 30.702770591518696 30.33020582679404 30.038795477731554 29.90722783895735 29.903392958777005 30.001610232095704 30.16026995405221 30.359628809911804 30.573837925263987 30.80215753342779
29.396942723187852 29.00047777958087 28.679745083875158 28.467171556447283 28.40113098279286 28.512020836578728 28.81047701769016 29.272885403728594 29.85210281523641 30.497833412519448 31.167373501452726 31.82635061092258 32.44594012499689 33.00093416095401 33.47066340133721 33.84248318851375 34.11430401163605 34.29253514569082 34.35962823977184 34.30774410992272 34.133886232822384 33.81310781367147 33.4170002811219 33.03930437901659 32.69406783969285 32.38608349014242 32.119919964332375 31.899919292058108 31.729977091349504 31.61313623316479 31.550811589696426 31.503676015788717 31.410227774265287 31.26250631421775 31.075714766085618 30.878272273335387 30.706814388240883 30.586606396549815 30.506667984441528 30.48005634524822 30.512366150179144 30.591885741451634 30.700258956117853 30.832422240826496
29.869723162211493 29.55688774114447 29.324225436664094 29.196292119421262 29.19799011028225 29.346153218671727 29.640916738747897 30.068145687844268 30.59903684362838 31.198474284617795 31.831588257871307 32.46576369034311 33.06940373289983 33.61027230500251 34.057630295702474 34.39130370745624 34.610302000583154 34.71677651011607 34.67346743318644 34.49850674971528 34.21154419142907 33.79706461202194 33.34830826088683 32.92934545904579 32.54786952223242 32.210293777401624 31.923498128064843 31.694917783276892 31.532320553200506 31.443205147804836 31.42679465302556 31.443471995778864 31.46290777532003 31.4569840109362 31.43121714566855 31.38626543235071 31.323191319844078 31.240664312058907 31.13221155401255 31.005241783461617 30.91101022129147 30.856757448322597 30.84159404285826 30.858535898461486
30.358123765159533 30.117795127115528 29.95675185559174 29.89313642109199 29.943329304483097 30.11792924154399 30.415155358556046 30.822217966923837 31.32016474272777 31.88429273431591 32.487633832946734 33.102152993825115 33.69688610651926 34.23334916511616 34.66414500311584 34.95244284545757 35.10213097198444 35.099478645579 34.942287378521904 34.653112627547046 34.25051191357595 33.75553431329844 33.26272331106802 32.80464422856059 32.38822613922067 32.02121466470636 31.712641654924177 31.473063325253857 31.314415870765007 31.24925568075561 31.269753833352098 31.345821870872744 31.46971629302146 31.60979018899843 31.744385385422504 31.851086667665623 31.90225398958559 31.87421302323902 31.757372070444674 31.559402640153227 31.339665768288217 31.144965793795055 30.991898117527423 30.87902034400487
30.8419692459661 30.663113769376316 30.55980845114396 30.54543452827398 30.63107554627591 30.823121719459877 31.12125588457247 31.514762758478664 31.987916263568412 32.52310451173244 33.10031127341807 33.69789491721221 34.29053745435063 34.840224716942586 35.274370825122695 35.506247382068615 35.54962922594054 35.418740140731266 35.14635395803412 34.751646706888955 34.245956369365906 33.69016763204517 33.158707551389874 32.664262815179804 32.214008082059294 31.81662282192316 31.482930910790657 31.226416404712232 31.06337747630589 31.012186814183956 31.057794934004008 31.189623241762494 31.412723391426628 31.694450157579773 31.999847137136676 32.27477012654958 32.45927750931674 32.500479606783 32.38172503493099 32.12769581388975 31.788353950626362 31.44935056171568 31.14731131159419 30.88867072107283
31.305734469956363 31.178237537306586 31.12111188152742 31.144264186293324 31.255339231718693 31.458256194568435 31.75210453597334 32.130829065364956 32.581402603256294 33.08841896658791 33.63711938333624 34.21201550689645 34.796940707336 35.37118887672352 35.86779446703624 36.008057495259585 35.89615624612617 35.641428939811505 35.26599804099294 34.77747585783818 34.18620348911424 33.598781343727175 33.03677634298815 32.50969539432022 32.027017429573235 31.597851150099252 31.234175782885774 30.95181086571918 30.771248471099444 30.715963296184988 30.77229968944441 30.954461001923534 31.2732512348702 31.694539110778674 32.179381140989435 32.65530928851622 33.009785880121484 33.13609224544735 33.0059100622128 32.68251894607375 32.24500314609721 31.76433655567768 31.303227092375717 30.87766471878901
31.73745537019711 31.652317715561423 31.63167519430761 31.68286068859063 31.811149959275447 32.01883406632856 32.30456479377594 32.66316955496361 33.085806063983796 33.56073378249134 34.07294615735689 34.60895369308674 35.15569183830286 35.69764674666927 36.18739564096268 36.26239212849018 36.06392292203501 35.73385693169023 35.28528460588139 34.723198755448955 34.07518692677653 33.46407160015814 32.89268958098964 32.345164153550364 31.83276621895595 31.37091165331478 30.972116702703506 30.653285074223124 30.438032106428892 30.355450064304186 30.40490944390853 30.619395936437037 31.02292445614602 31.585941998947614 32.26457189379198 32.97597087529588 33.565316300979056 33.79715327329975 33.6128813482304 33.191268758834944 32.6606918883562 32.068127063219954 31.456137617778126 30.865462979090317
32.127873628830265 32.07718948842384 32.084822605382485 32.154241845526336 32.281638005912356 32.47216667669861 32.728820466887 33.05054786846634 33.432289755282355 33.865226115173606 34.33691899055498 34.829435616068594 35.320356961849875 35.77303772017667 36.1069814392294 36.20385680705955 36.038020155116904 35.69023667095183 35.20191045876655 34.5921755090844 33.92408538803852 33.293333179533384 32.713242726538546 32.15999402420198 31.634144729101045 31.14621508186972 30.70972594053112 30.34470738120004 30.078500447559435 29.944612406159287 29.953371573224217 30.16700506882886 30.635024595147552 31.33295083030593 32.20595645826334 33.17683979879879 34.11192003309263 34.48078207824049 34.11293602899526 33.57061878897352 32.96626321875837 32.31616636681204 31.622489858061105 30.903772214025537
32.46979936443734 32.43997476202804 32.44256429047071 32.48814872081981 32.58600730554297 32.742587834628345 32.96100355581495 33.24069084072849 33.577218616066524 33.962147323521904 34.38269691831494 34.82073607622088 35.25013531121349 35.630706109575186 35.90701083584049 36.01480983649693 35.88236143014373 35.537095151252416 35.02888370675794 34.41476354039047 33.743445755890725 33.10195070936332 32.50636002987223 31.952623177311175 31.420866737162584 30.91805367211326 30.45653684495772 30.052059188701065 29.7270872843309 29.513144876122837 29.432249904679452 29.590572081255118 30.096043060060484 30.92069150969559 31.95157849379096 33.08546414560274 34.238779973927855 34.73299809926135 34.26386370958022 33.71570560539418 33.121199960059194 32.48022593374042 31.79004893902479 31.048061168288122
32.72618885796732 32.66987687393624 32.64240768135138 32.6548037201676 32.716067012435296 32.83263373681943 33.007875443956976 33.24167404729008 33.53005932577048 33.86483965679632 34.233082273875716 34.61623783065086 34.98883520785319 35.31767250100702 35.56522997537198 35.67897136960126 35.58065875899906 35.27677499227433 34.80638198720631 34.211478637385945 33.54703550552737 32.9023882452064 32.29655284396053 31.733770501345994 31.206311512965616 30.700835613697503 30.225667536922696 29.79101160747564 29.410657109338363 29.103575835344326 28.879169880744165 28.884785235898853 29.406989930737865 30.386511225503902 31.526298192898693 32.661452382395716 33.624764412591674 34.095777228180744 34.001185750481966 33.63557910288527 33.14648429174879 32.57912283045543 31.95137455639363 31.27747231817748
32.844318635274284 32.7534553688557 32.68869305831096 32.66093295973316 32.679258436287576 32.750410367587115 32.878261048329456 33.06330892940194 33.30220265910302 33.58728381361168 33.90612840020022 34.24111757296354 34.56930114182088 34.86338017159243 35.0951630013713 35.21538656787377 35.14505648696839 34.90562050706978 34.518564570365776 33.99444529558375 33.353386418136715 32.71313178064366 32.106698080757226 31.53816316738035 31.01046249860634 30.515395923338556 30.042225497305946 29.5972617907415 29.186829195704295 28.815438722135177 28.4517457326391 28.131570843599285 28.69865931354041 29.913617705554174 31.099880397230734 32.16979683633161 33.01304656985123 33.50006514098801 33.605666684057205 33.43364458490312 33.089616522202874 32.63598234159882 32.10966744737718 31.541777943530846
32.829162819788415 32.697323383585505 32.5887289147987 32.514482136571004 32.484098743502265 32.50497913265294 32.58183551711014 32.71610297402713 32.905373525474424 33.142904517290795 33.41727453793545 33.71231648496496 34.00758004147611 34.27972327795661 34.50511994546612 34.64166146853271 34.630157850508766 34.47143031350916 34.17089135243532 33.73483642678273 33.17137727393917 32.55279985709164 31.952735970535624 31.38752126597567 30.860246654255384 30.373246952298523 29.922190793019144 29.49688899996559 29.103653291692638 28.751448070745955 28.427599666789177 28.21950866584349 28.71580926008391 29.774623641623933 30.84708001802088 31.802706052332585 32.55725618525489 33.04401718297882 33.24831910319242 33.213185302617795 33.00137939263399 32.66676922466779 32.251275858481534 31.792484319388215
32.68788103210786 32.50932478193154 32.35096367021961 32.2243990458088 32.13993268478167 32.10602217188247 32.12864146551582 32.210583118335066 32.350774755194855 32.543719997303725 32.77920329885408 33.04241543941616 33.31465886475792 33.575168632217554 33.815779773043616 34.00675359845634 34.068629844086914 33.99383971252781 33.78381195302808 33.44154936352156 32.970661956723106 32.42044481949685 31.843524278848818 31.28999438382139 30.774305899948523 30.299946325755194 29.870761670412872 29.490806301429412 29.15884524076479 28.896483373000457 28.739070213334898 28.778361200728835 29.193556142322493 29.945073090103445 30.80194387041534 31.6059196739483 32.2657501892922 32.72779259239749 32.97537407397314 33.02583338102114 32.915315100144966 32.68368097795959 32.3683253449277 32.00473372039262
32.42872722949607 32.198399683844464 31.984885192681467 31.80054874919125 31.656831195027905 31.56368690636865 31.528855009883294 31.557000633913706 31.64883232442508 31.80037366655762 32.002603587608796 32.2430636643081 32.51287693643151 32.7972490956941 33.08007265639503 33.3334132137663 33.474661455462766 33.48848127478988 33.37349309821089 33.130262492146116 32.760647968563006 32.289293194454565 31.780193796565605 31.249777185392368 30.75470072223495 30.304684384614326 29.90617443986495 29.56868973747125 29.308152819045162 29.151127201079984 29.134499669695195 29.280585157336684 29.64993910455469 30.22197419200078 30.890882717054534 31.546461754611414 32.1087481359564 32.52884362439409 32.786327288936924 32.88491641803942 32.84438184261636 32.69202281987887 32.45726733088039 32.16954399762251
32.08342330980869 31.784399234916748 31.504639076710216 31.25481701383832 31.0459273883974 30.888778501251867 30.793185108384492 30.766872579740976 30.81423111648628 30.935201882061737 31.124649188693265 31.372490996848327 31.664633795056208 31.98450181023685 32.31478717866765 32.633901044179545 32.861127324865244 32.96877217252136 32.9533753742552 32.813731941126186 32.550421330291194 32.17033477575714 31.737442117256077 31.267753408561845 30.79929118686281 30.38071820608054 30.020524220541557 29.73076861717507 29.529626587249076 29.44472320903572 29.50475155527128 29.700286834449475 30.03801029127231 30.502077890141578 31.036035964674465 31.56982428309411 32.043175265226964 32.41458327517445 32.662615432081736 32.7836009003242 32.787044838002174 32.690457865746176 32.51676936109866 32.29474208692965
31.718523244066333 31.340449884698472 30.9811103947743 30.652507528744728 30.367554271410125 30.139618952818687 29.981620753035376 29.904609099693698 29.915965670783944 30.01766454994172 30.20522139785441 30.46782295753529 30.789656095595515 31.151969712473466 31.53522421641266 31.92055874580957 32.24034324796743 32.446856792410145 32.53506625972458 32.50252276583291 32.34894914642874 32.07589550957287 31.71937418685858 31.3268695310523 30.90374030016315 30.519293707226 30.198850798502075 29.95499819597075 29.804815350853076 29.768289524933795 29.85142114878836 30.057905955586772 30.362713291566273 30.751620213829007 31.189160118307957 31.629089231266818 32.027637584601415 32.35163227352032 32.58152723632884 32.71104626552779 32.74483348763586 32.6953113978313 32.57968478010951 32.417470399641154
31.3474031040019 30.893787450046318 30.451860251593878 30.040178436124837 29.673689966464945 29.36877898885642 29.142365959454352 29.010100246680608 28.983671862466835 29.06789687154253 29.258803496478492 29.54376618352907 29.90367827460268 30.31611081998293 30.758236229511525 31.208847055570878 31.624609672594506 31.934243050346446 32.12900086236944 32.20564608832965 32.16341632019428 32.00364606026138 31.73527924469784 31.417337780116583 31.062935352385356 30.71235289691115 30.42913008268841 30.22537152653475 30.115300026128978 30.100420388804356 30.186912610696943 30.384073298601415 30.661432284085382 30.994286518575493 31.35950144103854 31.726311432986858 32.06379239148509 32.346641073726346 32.558213215966965 32.69116950470397 32.74648985592741 32.73163078666113 32.658440012991804 32.54116089131747
30.978276916741688 30.46044355979367 29.936379552344583 29.437724594267774 28.98387659621207 28.594533685324187 28.29165037995488 28.09734249139952 28.029843059467414 28.09833070485468 28.29916692627304 28.616082043386786 29.02422905255057 29.495509765176685 30.002717312116907 30.521739569548373 31.02663156265768 31.44222987961289 31.744892603064706 31.93103494389369 31.999744702739978 31.95233955671967 31.79208425154327 31.545499089854317 31.261476920791235 30.953905645631792 30.703407360398543 30.532815560773564 30.44327585265341 30.433769910658302 30.512592649882414 30.684029383090245 30.937283785947265 31.23019449578336 31.543403836087407 31.855860648022382 32.145618713600506 32.39370085854609 32.58657101353437 32.717094828293966 32.784291949272 32.792316151370855 32.749059159833855 32.66464463067207
30.626554756744294 30.04731149177058 29.45423814090504 28.867704250118532 28.32074961900981 27.838151480845447 27.447820853602373 27.18100699138929 27.06650274952816 27.120988410659074 27.34089392472818 27.70278168254371 28.171919466917807 28.711884790768245 29.290207355372438 29.88009540862746 30.46013551679987 30.982118424281147 31.39195774648318 31.685811852573604 31.86292006528349 31.9247415863544 31.874621653357405 31.717828609165082 31.496703093577832 31.240365166935707 31.017465262831628 30.8648072625581 30.779197405080343 30.766489234835102 30.83095636881946 30.973439338923097 31.189585510396327 31.453651690249696 31.729231512630907 32.00133842260702 32.25425160464598 32.473816918161276 32.64930386319621 32.77434613314155 32.84704115052285 32.86942626452042 32.846573015198516 32.7854957667984
