_RESULTS/CROSS_VALIDATION_POSTPROCESSED/MHZ/IZ/6comp/2/MHZ_IZ_z_355_kriged_reverse_6comp_spherical_2.asc
ncols 100
nrows 81
xllcorner 5.5967107548124995
yllcorner 50.982328804812504
cellsize 0.00017565037499993607
nodata_value 1.7014100000000001E+038
[rows 20 to 39 of 81, columns 44 to 87 of 100]
7.191798889185774 6.780333996522938 6.4172105677988185 6.107118696310224 5.852272572774919 5.653431374728922 5.510653865732527 5.423825813627689 5.392986324306865 5.418470983236796 5.500887947505351 5.623419832718094 5.763966554188546 5.9062138604535415 6.036193420908539 6.143765222684801 6.233383295999674 6.291875705591554 6.31351957299757 6.306028939664693 6.279381515205594 6.239829703686873 6.190684927740551 6.136197273481739 6.07763052758544 6.0149524997023915 5.956112340010268 5.905257241165884 5.862548976478676 5.828137276984878 5.8021979489506705 5.784955522975295 5.776695358836373 5.7824589808061075 5.807220260119231 5.842444075081265 5.885271850350595 5.934834571253209 5.989836486430365 6.04853691143532 6.110175711916542 6.174227941976647 6.240520164772699 6.309496466277824
6.892324153913807 6.500728599690671 6.158579209444844 5.870883608180433 5.639854382890794 5.4660465230217214 5.349185141151491 5.288739735350277 5.284284341939222 5.335669254987905 5.4421160892066975 5.580060812148443 5.73486825176665 5.892265678053198 6.034623554526908 6.147769876878635 6.220534869814194 6.266537379401678 6.285777388584238 6.280723797821344 6.2565562156699634 6.2179139989901575 6.167959347779905 6.110707063710416 6.048555012887772 5.9865699416948335 5.931523996856151 5.883874659151149 5.843928023104032 5.811939067747813 5.788159987660076 5.772870301992135 5.766394461210892 5.77334052461503 5.798038239915323 5.831873312914772 5.873041057586157 5.920648832209153 5.973534938212941 6.029123343092341 6.084655340264239 6.142700698989642 6.203492204972268 6.267398287205943
6.5314414522624125 6.160789108275532 5.841393046081679 5.57812501863417 5.3728828699553794 5.225860666465509 5.136386253043833 5.103511847484348 5.126394469495098 5.2044879488827664 5.332846100579445 5.485735409839245 5.654158485433946 5.826430789902679 5.982795440003015 6.1099693067754455 6.194437273231281 6.2323659776967455 6.246943858700855 6.241237059933839 6.2178511037468125 6.179814851223743 6.129672171523101 6.070392671349267 6.008573111788847 5.9518427581849505 5.901290709821643 5.857520275782216 5.820973415307513 5.79201059223184 5.77096453284142 5.758175629372659 5.754014331825644 5.762170312355283 5.785810272861036 5.817467552050258 5.8561798338994535 5.901054772704796 5.950261779776911 5.996083096476187 6.043195334616056 6.0931167308469325 6.145993245769783 6.202086530938116
6.123661872750038 5.7747492711167485 5.478865530860517 5.241132347410054 5.062885245336904 4.943831284573057 4.882836453869176 4.878513677711863 4.929622396851936 5.035283492112009 5.182217951055687 5.350134283997734 5.532667543809036 5.719746778844789 5.891384710855677 6.03459310484461 6.137372482067791 6.189029973480502 6.198521114688478 6.190436225282048 6.166356462775743 6.128148549978924 6.077663042491046 6.019606367640314 5.963945922594234 5.912778237179154 5.867100723022052 5.827637668377777 5.794940142503159 5.769460602787286 5.751606614952758 5.741778442188929 5.7403945774432685 5.7498964285804375 5.77114334686716 5.799936060964433 5.835504499521458 5.876867885504051 5.916188263822372 5.951117284535153 5.988439627647552 6.0285700165280165 6.071603116858693 6.117720295212044
5.68336537061846 5.356194271542211 5.084102283439512 4.872373769100552 4.721735938124334 4.6313733782846285 4.599641882233736 4.624671483181936 4.704810575376268 4.836950087831174 4.999781626388266 5.183080756093733 5.3803126590257415 5.582353674695246 5.769796743198927 5.929737352164459 6.051106111371773 6.1238737865063415 6.1411244214396215 6.129746440889767 6.103922845318563 6.0647500627435695 6.017127045782631 5.966595869600087 5.917055733849605 5.871423940468611 5.830739839239114 5.795797431631854 5.767223692793742 5.74554263433759 5.731224855141082 5.724724462093888 5.726505860389475 5.736734901284063 5.754778562570434 5.780119878918561 5.811963564706371 5.845851576362725 5.872956962282825 5.896867706691462 5.9233974887128555 5.952536265469164 5.984347904457287 6.018981098165429
5.2317441936271765 4.9205120471277155 4.669734074469826 4.483900368991291 4.360994843251973 4.299702197550826 4.297814056822408 4.352886444018739 4.462794134105332 4.615956570543171 4.795088096006059 4.994154329832602 5.206495975122548 5.423506585303523 5.626532707101837 5.802887907378973 5.9421180789839 6.034598345411835 6.07222631463933 6.059892308911461 6.032220049300622 5.996935373869963 5.956733996728592 5.913865709057498 5.870829255502829 5.8307914633346405 5.79483560840807 5.763940093826829 5.739295511384434 5.7216029873802885 5.71105966483988 5.708164824910985 5.713423927348845 5.7232280557624176 5.737567780405103 5.758970194414851 5.785996123871573 5.808559258431216 5.823488791828503 5.83620631403405 5.851301456336011 5.868687455850597 5.8884075781723295 5.91061292995397
4.784044509351855 4.487949359042889 4.253235891990725 4.087477773051953 3.9913844327977808 3.9593347481764884 3.9878272792667415 4.073645104864779 4.21100769877297 4.381531554386515 4.577435991398956 4.792482380235933 5.0199944012741735 5.251598546113686 5.4692976273184035 5.660946072014196 5.816547252737919 5.926770448380457 5.983764039673706 5.984923673834973 5.964984580758409 5.941588821479293 5.914564372787787 5.884135834470984 5.85086870438091 5.8170144466792415 5.784766548650619 5.755171005201493 5.7295533664136835 5.70951852819037 5.696940071087847 5.693945980117062 5.701333454757835 5.710038274398691 5.720450620668086 5.737522857225208 5.756511224437325 5.767654328055225 5.770781989143123 5.772112430269685 5.775467559496617 5.780731471757509 5.787922036916894 5.797196020337886
4.352980251917084 4.070937952384429 3.8520926284031094 3.702423423697036 3.6267360592177478 3.6211548818167816 3.6795579228676836 3.7961791486912726 3.954109156062606 4.142758833748923 4.355713017129304 4.5866069161949286 4.828876571497868 5.0741372785510634 5.3049771984051635 5.5101997759633665 5.681198466282146 5.810508121724767 5.896616133059118 5.9332540158729135 5.930695530261665 5.922574476155833 5.909458121517283 5.891123898519643 5.867792400235208 5.84027399139157 5.811312606253381 5.782531686545064 5.755393952763297 5.731702507781159 5.71356452762482 5.703317436731774 5.698705065175046 5.698464195459985 5.704431897094789 5.716691038720445 5.7255338669535485 5.725754534791454 5.7176198523231125 5.707569175233415 5.699183690626501 5.692300721895653 5.686892658185524 5.683092556962624
3.9516221614417026 3.679806001613009 3.4730386489405114 3.339284615872441 3.282703488651937 3.302618628073602 3.389977830885348 3.528453839993453 3.7047689525389558 3.9110721241040323 4.140463439569702 4.386559191610222 4.643102729759692 4.901556857170857 5.145624851149896 5.365641452734219 5.557855034132171 5.719263285650146 5.840203001003175 5.911792111931287 5.93229461882357 5.939401271512557 5.940141042718442 5.933831697261642 5.920319896977366 5.899998841846247 5.874182265486641 5.84574912787414 5.816495134909391 5.7884566523826475 5.764023117564132 5.743348512046369 5.723998957983115 5.708054191512711 5.697832385485494 5.696586792387011 5.695364857899241 5.6853586205713444 5.666671881090321 5.645481669670927 5.6256269311125315 5.606879891136514 5.589138798998626 5.5724636007209325
3.5922761066047944 3.3240184315138115 3.122733243308247 3.001410069741242 2.965654925103561 3.0124992568503157 3.1254190606134804 3.285456909056613 3.4816117698259674 3.705572398635901 3.9506729456559095 4.2110236621021215 4.480927755057309 4.751057288998564 5.00679400906636 5.248341208338274 5.470606875229095 5.663412856929472 5.816622037812367 5.92062617724229 5.967951345814256 5.990684135298108 6.005632501518547 6.01161207664213 6.008046163630572 5.993754167796125 5.9692370272867254 5.937975832450882 5.904240980095742 5.870982098914897 5.839458007777424 5.806988227889439 5.774621946969069 5.743457915650686 5.715958712238455 5.692375053678539 5.669445795993301 5.648788976938454 5.620497190577718 5.5886136788453715 5.557800691230119 5.527751833901289 5.498265352166364 5.469278240962168
3.286664184467521 3.0131192103293 2.8070885634269063 2.691356431491707 2.6781261434699393 2.752543583680329 2.8921789032534932 3.0771095885966235 3.294073247613117 3.5352088958317798 3.7947093148932716 4.06760416233288 4.348966888829079 4.628288863325852 4.9038888622365375 5.171494891062578 5.421370352669725 5.643163430564089 5.8263085767404625 5.960469551460236 6.0361275040396265 6.075331513324237 6.103291882125569 6.113831796564141 6.108435358165876 6.089557173001596 6.060115495728273 6.023384776257706 5.983151992143684 5.942587581655849 5.900325885902854 5.85806617119604 5.817478714310089 5.779831865246187 5.745980250293282 5.709771112143047 5.664009278603082 5.6200727907680985 5.581400000816998 5.539538115196412 5.4984823626510835 5.457944520099064 5.417611928803899 5.3772697125775215
3.0478612102602654 2.7601191326325405 2.5338680344438793 2.4091802822199733 2.4170143359000553 2.5300258316725746 2.7038966627093006 2.9146348410456877 3.150632187961691 3.406254577818551 3.6774165163746133 3.960264218264218 4.250253153773386 4.545523311631696 4.8430874458519195 5.13435662666895 5.409622752123426 5.658311308117497 5.869358142503263 6.03169729505627 6.13289901931657 6.177886528827566 6.20271615945113 6.209189919976403 6.199085792030342 6.174838647273234 6.139508225770525 6.096664977457592 6.048465151982986 5.995433174524101 5.94127808680075 5.888666101597388 5.839569064918268 5.7954219593261085 5.7571125393661635 5.7163920072820575 5.666796381143343 5.610691023431497 5.552581278045419 5.5005987478133305 5.450177223753509 5.400172683017455 5.350174251109211 5.2998240576627165
2.892188484685476 2.587574257244259 2.3195238021992335 2.1474132308396774 2.1985413987327598 2.3681878908346965 2.576488022767464 2.809059353827726 3.059014456450891 3.3244816578209213 3.603382553349091 3.8928344164577346 4.194245481520886 4.506979468440724 4.823799849320415 5.136295862707307 5.434735650860342 5.708294140391276 5.945403694940727 6.125880604121418 6.231005394341065 6.273709754405801 6.294974649831037 6.2971725970793795 6.28184763613748 6.251381116550733 6.208856628301467 6.155481502113581 6.094051075310509 6.02836892751024 5.962065398003948 5.898573745698765 5.8407786850747545 5.790272295313695 5.747852224547054 5.704194921377768 5.653685295843321 5.597054906628471 5.5360937002352 5.473983386515725 5.415080739892302 5.356779868602685 5.2985091727067095 5.239819096934322
2.829399912022239 2.520295063300963 2.232700656635989 1.984683970077559 2.1069743194574766 2.3076880741459287 2.5282971737309294 2.7682882633974817 3.0245735066720374 3.294400480645793 3.576137270883765 3.8709982265319374 4.184930833803327 4.511929623425582 4.845214502352421 5.176456207792171 5.495850234062787 5.79206752068235 6.0394903322833375 6.219606512050519 6.323770672642739 6.36393221411243 6.381816227313306 6.379706996544357 6.358711083628362 6.319413890700705 6.2637490619618585 6.195476865211418 6.119113371505656 6.039407067975087 5.960803977833925 5.887040358593066 5.8209274407585845 5.7644439275557025 5.718662426895124 5.673993999355334 5.624708478151138 5.571219904900992 5.513659645525961 5.452771449409891 5.394316164855587 5.329695708250659 5.264652221971519 5.1994654290225615
2.852626967019685 2.567947917578904 2.326681794265413 2.1842042926747536 2.2177319279637926 2.3673068661283674 2.5662097099164423 2.7952625646770675 3.0465702673416684 3.314231581172548 3.595596495265229 3.8981339410194953 4.22103539913459 4.55905781619423 4.905934570765185 5.253353433113541 5.591175630185543 5.892413381309003 6.136284686172417 6.312605326141267 6.412615441322444 6.450093354962276 6.46470780084852 6.456557277645734 6.425618916401296 6.373111991166187 6.30194263755788 6.216777191827708 6.123403457879942 6.027890358355937 5.935764573735393 5.85144153722826 5.777990556777582 5.717191830963233 5.66971206555487 5.626507518327024 5.580901610593432 5.533048608765936 5.48273855667209 5.429607076669277 5.374869464155089 5.319636294620382 5.250070434360387 5.180068504834715
2.9414129719519644 2.6926170924058934 2.49984269637593 2.395667161316713 2.40366838439239 2.507285393175926 2.674052561213286 2.8829908035337732 3.1218626588182627 3.3809456135136715 3.6599525447698387 3.9662054385600976 4.295708282936664 4.643117163316228 5.0017148784179 5.363225343901865 5.704066023589104 5.998114037947831 6.234400499813103 6.4027562162252885 6.4941517753452045 6.527186516060353 6.536637825749084 6.521050590292981 6.479489877391438 6.4127996051203295 6.324208844250995 6.219534166369694 6.106477434802084 5.993024164950761 5.8861224845624625 5.790922177239448 5.71061384749475 5.646672644491964 5.599275090356351 5.560587722842925 5.521807999977063 5.482552522100641 5.442255716180886 5.400246330785274 5.355864671640552 5.312497311337651 5.253713037058162 5.1801676126073835
3.0730860676431675 2.8572160188406936 2.6976448690380206 2.61210227804446 2.610530749076752 2.687148503673672 2.826567108583827 3.014215789895457 3.2385901625879856 3.488282850852104 3.764121064864079 4.0695828257969335 4.401582085836233 4.754549200144682 5.121515241530174 5.486300794999242 5.816152756503507 6.098491692992751 6.322652469510018 6.4787562471827345 6.5580265489867795 6.588453708319403 6.594631253483131 6.5733179313678916 6.521901005648247 6.440039643733275 6.331375945749539 6.2036319866714775 6.067354248455759 5.933350620120623 5.810418468656247 5.704410159905364 5.618333387220606 5.552977393605393 5.5076500897796015 5.476123437833559 5.447066812301977 5.419160757918023 5.39138171650774 5.362782549425329 5.332555365123576 5.300942301209658 5.263189782638017 5.198747202718975
3.229738688047009 3.0413386913348344 2.904960092347894 2.831493629837122 2.826379469389777 2.8875254880136656 3.007274630612826 3.1765011916699772 3.386065177317516 3.623733207146747 3.8957691138519683 4.201062832794065 4.532754698841923 4.887039498966156 5.256499301414369 5.607790309293735 5.922012465579787 6.1880071805515025 6.39557968336675 6.5356415691895275 6.602167660873699 6.632243026614773 6.637882243188306 6.613761093252525 6.554309790340775 6.456673456417452 6.324338349999797 6.168339697485388 6.0039904695895725 5.8463087559979545 5.706362229726546 5.590374516692939 5.500549523473552 5.4363893750615535 5.395881978262852 5.374111649393788 5.3579378559869575 5.344263165652057 5.331605153563366 5.318728049802886 5.304668664481876 5.288736678865287 5.2695747423845996 5.22677740376225
3.3974992299819915 3.2340815485712398 3.115549571005184 3.0517137406073407 3.046321943056725 3.098849737711696 3.205373050358346 3.3602931570705015 3.5539349854921305 3.7765800129204856 4.039989121543649 4.340371118390879 4.671007052928566 5.02398815574417 5.380816665057153 5.711986903526041 6.006370244824118 6.2534489928500125 6.443207264611902 6.566307462549725 6.623717408554388 6.655307843369301 6.663802918223236 6.641539045712806 6.578167535119049 6.465079567082069 6.304052783029668 6.111780385751942 5.912651651215737 5.727895030418091 5.570851091414692 5.44711259111572 5.356963726888756 5.29776486908582 5.265656950955844 5.256110457985433 5.256123319446423 5.259529466249792 5.264440813645346 5.269401902996677 5.273360576862643 5.275629558193975 5.275319301643195 5.25432007128861
3.568176789885437 3.427326170668982 3.325424275062537 3.270423129402193 3.2670184299601743 3.3154116960924047 3.4123668787796104 3.551692357170745 3.7255427015918463 3.932221068134087 4.183711857878534 4.475171923943957 4.800102874092398 5.148951670342998 5.484457806696078 5.789747677409683 6.058513921339973 6.280843096476016 6.447259662436538 6.549939172039035 6.606535820327079 6.646505138078263 6.664569470076266 6.651829723203317 6.593793577225419 6.468499499053911 6.270808905294868 6.029444232690198 5.786545301485768 5.572108397610038 5.40006708902281 5.273170276157802 5.188077701406751 5.138978135245829 5.119680605462745 5.12459590208613 5.144000462827949 5.167135349220193 5.191760752008673 5.216314967618767 5.239745895223589 5.261430608941027 5.281117728845863 5.282911409225679
