_RESULTS/CROSS_VALIDATION_POSTPROCESSED/MHZ/IZ/6comp/2/MHZ_IZ_z_500_kriged_reverse_6comp_spherical_2.asc
ncols 100
nrows 81
xllcorner 5.5967107548124995
yllcorner 50.982328804812504
cellsize 0.00017565037499993607
nodata_value 1.7014100000000001E+038
[rows 19 to 37 of 81, columns 0 to 41 of 100]
0.6562537695423082 0.7131398817314907 0.7581506613543834 0.7826529186509655 0.7798881116917243 0.7495314463530065 0.6984273641656951 0.6362013440166248 0.5710856529981762 0.5086109856977931 0.45193697834509955 0.4025529746413673 0.36089778135867057 0.3268194422824641 0.2996281766991392 0.2782515993843355 0.2621729499201705 0.25100245719258035 0.24450087703940634 0.24184596715957962 0.24150449478607508 0.24371544275418622 0.24830428232858132 0.25490751672837136 0.2637709927746975 0.27676421951353286 0.29441289648092017 0.3170605996265723 0.34515005617559663 0.3791858554681398 0.4196737676230007 0.467016107963498 0.5213265651939724 0.5820950536243326 0.6475669929124943 0.7136009337045413 0.7718889529614646 0.8092636538549618 0.8114448870797072 0.7776623211591404 0.7210499906295263 0.6515146633746834
0.6505508922534868 0.6986613973236457 0.7339629180643139 0.7501439098189534 0.7432303190907817 0.713740787618625 0.6667372846607592 0.6095390958626248 0.5491014146654393 0.4906142133831495 0.437299746211406 0.3907889615323382 0.3513158610848452 0.31857429751735333 0.2921477399505146 0.2714604511623849 0.2559855094700366 0.2453151378380279 0.23920163101683733 0.23750626172111033 0.2386262512358633 0.241467498105287 0.24619373743456088 0.2528857416656465 0.26190782530673923 0.27474535948214573 0.29216082276591354 0.31446715455897145 0.3420611979131333 0.3753752227227664 0.4148008752655241 0.460561116168858 0.5124937477915803 0.5696915636799796 0.6299339451700281 0.6889123156305756 0.7394493521650896 0.7679796805463001 0.7663004829342334 0.7357419934787535 0.6840808123938349 0.6204708542132857
0.647308639781652 0.6905268561107921 0.7199598313435295 0.730666957794663 0.7201370817027682 0.6895544645915933 0.6435468608776869 0.5884908761934664 0.5305449511606237 0.47443156195093467 0.42313419276293807 0.37824045201940804 0.3402481691232415 0.3089186773512649 0.2837443191963529 0.2641496910420185 0.2496129510614759 0.2397349832588375 0.23427976335730374 0.23320387747470225 0.23584215764719535 0.23919451106418316 0.2438743914827739 0.25041604824622266 0.2596651641722277 0.2722371527041567 0.28892811684054265 0.3104380288650638 0.337021843268615 0.3690048129558535 0.4067463128291112 0.4503744391749951 0.4994976705737069 0.5529921733266138 0.6085800069012819 0.6621196795705903 0.7026217405091264 0.7219001185517491 0.7162193731563307 0.6862861579598666 0.637343683664402 0.5770811269604739
0.6436651550652872 0.6844289973140228 0.7110350395687872 0.718741986233472 0.7053939387644875 0.6725813766419375 0.6251951566849618 0.5696551443199209 0.5119991226507214 0.4568149114936053 0.40708022473503347 0.3640125624025376 0.327836463809311 0.29823281396816903 0.2746413821872126 0.2564590205627 0.24315672443768005 0.23434338344473557 0.22980076041657713 0.22950866278212606 0.2331618543264024 0.23713087244307454 0.24162022996933297 0.24792760591160307 0.2571495560230665 0.26955140638228364 0.2852445409842216 0.30538658274946434 0.33067062345208337 0.36137195084332546 0.3974905736700849 0.43894453587282517 0.48526188654448454 0.5353356857916138 0.5870443106322131 0.6320296957273353 0.6628675089558344 0.6752361125359855 0.666263590526044 0.6357199495254221 0.5871372193080728 0.5277168549903642
0.6397805921976749 0.6800007794264029 0.7058110533988833 0.711855193735551 0.695659782178995 0.6592736416240943 0.6085793944592236 0.5507940108464736 0.49239930407733895 0.4379312786461932 0.3896584999290176 0.3484541237605164 0.31430251576540097 0.28671254037498695 0.26501355626170275 0.2485434653932566 0.23675378142380224 0.22926111592501447 0.2258716513480873 0.22659884787564452 0.23065167408606466 0.23531083869195887 0.23969982260969597 0.2456683056407986 0.25459021703170737 0.2665427216694422 0.28167414405126895 0.3007509447441963 0.3246831816170196 0.353705304761532 0.3879448473292419 0.4270622860314291 0.4705446291781685 0.5174126510297966 0.5625222127247044 0.5982285125776482 0.6212422782970372 0.6286562682566021 0.618016361525071 0.5875243780148327 0.5383079480470002 0.47773204671228686
0.6352019331599641 0.6768947489540479 0.7042796610640683 0.7102694296296471 0.6909989943322631 0.6492289793891817 0.5930822305015627 0.5317281885118831 0.4720530268601422 0.4178480637989551 0.37091667106305426 0.33169389571356006 0.29981713611722677 0.27454732815403476 0.25505387357052955 0.24058972227990966 0.23057909405001237 0.2246499527351895 0.22264245513112804 0.2243763098993324 0.22847566128167507 0.23376587380967914 0.23839421732741942 0.243874694938069 0.2523184507592847 0.2640502106856353 0.2789438632984245 0.297028440964884 0.31947099360295245 0.3465947782242113 0.3785009190658946 0.41511085418750626 0.4557210551098432 0.4981018442891795 0.534446211035529 0.5616766488665411 0.5778244715930845 0.58141885587663 0.5709682732579723 0.5429047924725879 0.49237157978233215 0.42834844558667573
0.628540011594462 0.6736938474114725 0.7058265089063794 0.7144476236697704 0.6916712052863873 0.6415922785765774 0.5776154633792201 0.5116449232775371 0.45016259686129073 0.3961986164971558 0.3507795104726443 0.3138012047969195 0.2845354594849417 0.2619419650399886 0.24498942093149154 0.2328273178108607 0.2248533199018205 0.22071798540256052 0.2202986546919392 0.22255667953427244 0.22677451591624076 0.2323304710491478 0.23718835233224222 0.24202334777550716 0.2500154057881615 0.2613032384591735 0.2757190614746662 0.2930696805349048 0.3142023782345885 0.3397269643263736 0.3695672235378423 0.40346115867235866 0.4409945396341753 0.4761577287481677 0.5040744200546204 0.5231429941913818 0.532389075762298 0.5316295397403108 0.5213589021584867 0.5007646366886446 0.44804518228214435 0.3778200487254987
0.6171918460471666 0.6668814759489294 0.707761026632088 0.7246867270086588 0.6974950027763918 0.633837228496146 0.5597315554399825 0.4887590774376364 0.4258374205795234 0.3725638364358907 0.3291141503349965 0.29485711473574805 0.2686469947819366 0.24915468408980523 0.23511027005952775 0.22554859928885962 0.21985564142658726 0.21772799405993187 0.2183299030283597 0.2204700696849601 0.22428855989614624 0.2296141878335282 0.23453775152847395 0.23960724343622106 0.24689393540873802 0.25742783687555204 0.2710428230307511 0.2875273847186796 0.307202997089533 0.3310877942074822 0.3591061415777652 0.3909893705601607 0.42473181393340886 0.4528913266503349 0.47276526979193867 0.48378081117225497 0.4855278892020404 0.47828058917903415 0.4628106661091055 0.4383821354767193 0.3875360750798739 0.32325578234562574
0.5977308696083256 0.6498008196274786 0.7006143188968272 0.7387942867942735 0.7042639945794236 0.618186524251086 0.5347550054338716 0.46117926187865266 0.39855020047451517 0.34693293712637363 0.3060064219031327 0.274982834828981 0.25243061010430157 0.23655487363913427 0.22581377173083736 0.21913669361868404 0.2158321701394357 0.21492151481726346 0.2153876728919978 0.2172574450439712 0.22070871798332437 0.2257711269980265 0.2310176812398547 0.23644689046810105 0.24331112700954277 0.25281174810395074 0.2653514063772171 0.28071422615042635 0.2988889549317363 0.32098946216399077 0.3470334284484486 0.3767229010485107 0.40542064396584315 0.427716150548166 0.4415544010768123 0.44539421319272443 0.4395092430635936 0.42465163737440464 0.4009139118566648 0.36691697020434527 0.3208400871016508 0.2694868885887885
0.5679417621696384 0.6154784131181271 0.6633641655444117 0.7059518916833992 0.6686339969075772 0.5796802952159507 0.49871719400145015 0.4284021884884364 0.3688391236317468 0.3199714202726522 0.28191309939141956 0.25452050896999545 0.23630772440545433 0.2247149033223734 0.2176679772930694 0.2137822777225166 0.21193921031916776 0.2112315569877956 0.2116315360196505 0.2132638201289914 0.2163521927503713 0.22141055949011496 0.22680293099095894 0.23233235556175857 0.23925056581400858 0.24781372144960373 0.259053764929741 0.27309028179280825 0.2897356859343451 0.31000866761962487 0.33404534627401145 0.36106315279187245 0.384652755943971 0.4015278100001373 0.41014692761653737 0.40893854477532965 0.3973674441751708 0.3760719385457989 0.3466331221360798 0.3097522426278118 0.2673350243003911 0.2238008173795392
0.5295638753383062 0.5659850721614629 0.5965781375048212 0.6084230688264987 0.5801822127116807 0.5202335447366865 0.45428775771820096 0.39283214098418023 0.3388420932366064 0.2933834370461986 0.2577385123323589 0.23401303852567654 0.22115563859897683 0.21455951502040116 0.2110354215674932 0.20897054635250267 0.2076823627153799 0.20715492946488087 0.20748035707007176 0.2088361400505962 0.21172747014909257 0.21671973964854044 0.2219998948829658 0.22738593993972311 0.2340819182480201 0.2424543403770297 0.25251962155030255 0.2650908153765781 0.28019443889723256 0.29869282744984754 0.32080759165430733 0.3447790181300525 0.3640241233077475 0.376375749310041 0.3805323119912053 0.37528971279403905 0.3601207753375594 0.33554947871321544 0.3031759057595351 0.26595684434188527 0.226504855313461 0.18799573978725115
0.487800865544307 0.5121414277502258 0.5276129554111813 0.5265168414952224 0.502900027458087 0.4603967851795007 0.4097164455673555 0.3589325346630897 0.31194719432327306 0.2703813221306726 0.23550778229261238 0.21437895893326261 0.20904967413620232 0.20719905750031473 0.20577729255496294 0.2045395892508483 0.20362389155053062 0.20316428061088634 0.2033118133757182 0.20431875022383236 0.20711234937238437 0.21179484828654982 0.21668092227619573 0.22171752794828392 0.22788535320899944 0.235873201751625 0.2456483725550043 0.2570974225040347 0.2706770914565963 0.28753881595729897 0.30792391775804345 0.32902097271113845 0.3448421326483307 0.3537173811543766 0.35445459495321135 0.34628144447937204 0.3287781108884402 0.3028136340659364 0.2700929944661271 0.23341601368548456 0.19634031484444975 0.16130727386482194
0.447859195143347 0.462604447737976 0.4687221984029459 0.4626449629794015 0.44251376013378874 0.4103389252087089 0.37131185165775227 0.3305075394891078 0.2912734757186473 0.25540075502452286 0.2239830931547827 0.20535890967878387 0.203809251370277 0.203012853587795 0.20208374126341974 0.2011099630625532 0.20023097849217694 0.1996240773107142 0.1994335411780989 0.2001108681926792 0.20263974561890072 0.2066904168201101 0.21088456365952737 0.21538101237636187 0.22076997878295307 0.22811058081256816 0.23743416458500569 0.24863443289584505 0.2614977407764847 0.27697815203711185 0.29592422490420867 0.31471330897983807 0.32811004004668015 0.3345911378629777 0.33303245916353863 0.32291529666108704 0.304096740814933 0.27764446885063554 0.24554831220699644 0.21028566064901 0.17505101502841458 0.14249528564932223
0.41295381405481496 0.4209691529279179 0.42177497368004224 0.4139179799697846 0.39677160820638996 0.3716054385386546 0.3413127054408235 0.30912961500888525 0.27774060344744234 0.24911283587808342 0.22557373437214295 0.21098524474317165 0.2047844094566939 0.20202691696706243 0.20028832422540463 0.19890984976991427 0.19772257374341762 0.19675631781327524 0.1960762879943978 0.19637783735846162 0.19841432280207286 0.20141698144705297 0.20461299056918963 0.2083084831870195 0.21283090539074384 0.21929639059940237 0.22801316088323667 0.23890138958437998 0.2517479894879371 0.26729588689858225 0.28569800997927847 0.3030505384553153 0.3150654493722522 0.32018767926649677 0.3172596231227379 0.30588408464444866 0.2863046988151508 0.25975676747886794 0.22844742814285457 0.19479319055056302 0.16123169586923344 0.13044189248408924
0.38265318463860815 0.3868127178554134 0.38507335191755837 0.3770392186517311 0.3625666102346668 0.3425450576006227 0.3187706834831708 0.2934054173614615 0.26853689688505655 0.24609714783260778 0.22803981188676803 0.2153680607152076 0.2074964159852948 0.20285338076612147 0.19977632365735715 0.19744994770473362 0.1955612382632357 0.1939865397686605 0.19272784341592752 0.1925162374591582 0.1937898043989385 0.195507997560577 0.19760877502952154 0.20042408022794264 0.20423321926711901 0.20981982327086682 0.2179357536299294 0.22848120318455473 0.24129811229664386 0.25716110026130173 0.2760745357787682 0.2939109909194771 0.30615483485310246 0.3111715671483006 0.30781528127267505 0.2958111040433913 0.2757396208093442 0.2490725037483016 0.21825028704922106 0.18576312283145296 0.1538070484897861 0.12428807537317428
0.3550658085023026 0.35691776921374047 0.3541435667812225 0.3467589620274446 0.3347740815516116 0.3188436365589924 0.3001983867891274 0.28038414507362663 0.26101106362837956 0.2436143007024005 0.22937352466776148 0.21799732208342715 0.209401349239941 0.203152696971695 0.19854557897892164 0.19504900145119664 0.1923564824511229 0.1902399987351164 0.18854722981166772 0.18764230082129615 0.18756142871259263 0.18770538308044166 0.1886377695225796 0.19082278770739383 0.19446018816935412 0.1997216930158064 0.20736116875788685 0.21749924288103623 0.2302992727556168 0.24653995525247213 0.2660952959100056 0.28522079241404313 0.2991565379360406 0.30592021598366553 0.3037653580689597 0.29203455601064654 0.2717216343499838 0.24487323403374256 0.2142825135661114 0.18247145713032625 0.1514771691699253 0.12283440185836116
0.33053660304388255 0.3310212218007656 0.3279608506477293 0.32153583436594685 0.3118003103844157 0.2992431734475684 0.2847444162977452 0.2694276331880376 0.2544960047970096 0.24106932576559034 0.22900740471587006 0.2180910522532722 0.2089507775823568 0.20161254920035188 0.19581041781198383 0.19127753109169202 0.18785376987279334 0.18541848648899772 0.18375746682943986 0.18191097837282705 0.1796751398945958 0.17815396504581427 0.17798233539229882 0.17942656624258613 0.18270434656691095 0.1879704088842662 0.195535983246375 0.20586269406931623 0.21891974155196894 0.23558267563449348 0.2558435868562953 0.2767526778612397 0.2932025059304344 0.3028682072848661 0.30305496252248165 0.29209451186419677 0.2714957646296624 0.2444047441514127 0.21402587005468274 0.1827929193404356 0.1525048940541013 0.12459927026351585
0.3090833066531241 0.30883637438458417 0.30592971649018086 0.30057807152381943 0.2928264557563185 0.2830425640419078 0.2718735668830676 0.2601457990116874 0.2485814105791489 0.23743782689725684 0.22635821171820705 0.21577665493880835 0.20633336286998644 0.19824817695738875 0.19150535376050995 0.1860338881759641 0.18180980262485136 0.17888695129717297 0.17777882577374213 0.17425451139892104 0.16997934691901379 0.16718127635722985 0.16599072104600424 0.16662551627674646 0.1693786179588431 0.17453798509483084 0.18224474538517207 0.19282040221437965 0.20686608733300055 0.2244686465344997 0.24539580905613934 0.2681907781390549 0.2876704600005557 0.3014928360107104 0.30578771790834747 0.29551469687594395 0.2738613551181694 0.24639144547208988 0.21613308718238228 0.1853483651656975 0.1557755741240356 0.1286809007991356
0.29055951927794194 0.29003217976191753 0.2875575538967383 0.2832821498984713 0.27723696143776383 0.26971339749814177 0.2612033462824606 0.2520320383429885 0.2422353942117773 0.23243529295384974 0.222025278732882 0.21168752626323753 0.2020421081326225 0.1934026726059982 0.18588940297295586 0.17953737266260789 0.17435057436857263 0.1702571774175192 0.16708790229075787 0.16309347467423368 0.1586696916474616 0.15520769982934815 0.15318846183190177 0.1529686656027049 0.15501377998105223 0.15985030445302614 0.1678236907665128 0.17893558016409541 0.19395457234874547 0.21278954566706418 0.2348795571832519 0.2591190570675072 0.2812572625710595 0.2993470281842344 0.3114018184643116 0.2999418882875473 0.2763896103110081 0.2488011174282649 0.2191833545321855 0.18933061885966826 0.16075246836874119 0.13459391125246672
