_RESULTS/CROSS_VALIDATION_POSTPROCESSED_80-20/MHZ/GZ/2comp/5/MHZ_GZ_z_1000_kriged_reverse_2comp_spherical_5.asc
ncols 100
nrows 74
xllcorner 5.5967023332191781
yllcorner 50.982320383219182
cellsize 0.00019249356164376555
nodata_value 1.7014100000000001E+038
[rows 18 to 35 of 74, columns 0 to 39 of 100]
0.05303927481219798 0.05905878590202904 0.05505718809846351 0.04243219452949851 0.029202054045503703 0.01850248661826395 0.01130589973307606 0.0070316484617000425 0.004692637435383205 0.003520009275682796 0.0030793348208183868 0.00321732107205312 0.004017786929422986 0.005969142471038369 0.010370881511924723 0.020095528856504896 0.04030707877913337 0.07709427863391916 0.12609720671473984 0.16696829776920882 0.1780279262012159 0.15610338933736298 0.11745307060246012 0.08456603781986187 0.059537354284018455 0.04117134215075102 0.02991794336156989 0.023725685458962937 0.0207049135840238 0.0198565415000445 0.020863986903122973 0.02389583715554218 0.029546348708910944 0.03778861031581152 0.04425652987804538 0.046024497021492514 0.04250301638959742 0.034856486893904325 0.02519231724352869 0.016540180843780623
0.060705676572341646 0.062490850782036776 0.054954821517929575 0.04104118546903168 0.0271842135119883 0.01659856713399391 0.00979794730485231 0.005911147456353405 0.0038459650626764662 0.0028248657116226503 0.0024336113828827095 0.0025468279119631437 0.0032234371416806785 0.004872229767212056 0.00855890194880439 0.016507780919590345 0.03270071527664042 0.06232649725226823 0.1071723354194476 0.15161315855609522 0.17263302553361992 0.1598703296679396 0.12674452771311737 0.08985663181473336 0.0626950723894401 0.04557125962240159 0.03505379031033924 0.028776838101720943 0.025729031143130434 0.025324228695032334 0.027338346122425028 0.03220004854149342 0.040899158687146914 0.05055180698961054 0.05579376279211916 0.05430392907256409 0.0463307196708055 0.03566317345069052 0.025395131783951162 0.01652522702568942
0.06722313327821541 0.06553770108617155 0.053955237046898 0.03788444478095326 0.023874517261764195 0.013688252184318154 0.0075297466452894585 0.004231733387240046 0.002584225705806531 0.0018521326946089364 0.0016183058363151372 0.0017350308511521067 0.0022685923402040935 0.0035841510243527974 0.006545014071780221 0.013031850959469788 0.026502510681664333 0.05172140711476946 0.09241133728597145 0.13734238554746517 0.1639924497129654 0.1588248525798547 0.13163626300138215 0.09498339020151965 0.06639043340675654 0.049824737268498405 0.04106981821632854 0.03633155236922779 0.03448289612877367 0.03532158758369252 0.03952288715414753 0.048159970719774355 0.06022307701562462 0.0707035826542899 0.07395522874264644 0.06721378148122623 0.052035304199026834 0.03598229095298799 0.023659549617672953 0.01495092509922769
0.07319275151524093 0.06872929459070701 0.05368801743831925 0.034755712935769706 0.01930017421329945 0.009947806634252694 0.004911817684409657 0.0025044374107738767 0.0014685607767951881 0.0010431974106671841 0.0009214768419601734 0.0010174964573843636 0.00140885571811712 0.0023785903350042803 0.004650017854329324 0.009901358063568493 0.021431138956652794 0.043876110613855955 0.08044399646506165 0.12388928466357785 0.15284036354233335 0.15313206499603177 0.13370115127200802 0.1055976755379657 0.07806375029133568 0.06051975129815282 0.05127029166113116 0.04819647545702057 0.048978389452247445 0.05330074230646162 0.06248539568067176 0.07594767852791551 0.09141367511278006 0.1025739554306495 0.10357483910731155 0.09009694865291495 0.06381197799023489 0.038087738268016764 0.021129778669273198 0.011988039819935356
0.07867752159894409 0.07280062266665695 0.055226393019303155 0.033359918089765364 0.015961806406157464 0.006704740185590711 0.002773543903981548 0.001292423699151286 0.0007173393643524622 0.0004976010580147129 0.0004434047996551097 0.0005128556492968426 0.0007678549161543882 0.0014202833593439938 0.003057786274616934 0.007187507037698577 0.01719814723845473 0.037950759872162024 0.07027237915899713 0.10995812821375123 0.14004460518495387 0.15031501644634912 0.14502790423270723 0.12872355449663614 0.10487058172044844 0.08371195971665492 0.07202982375623913 0.0681151852724876 0.07213827243543346 0.08308333533283847 0.10058614335215087 0.12054308557695674 0.13824709781385297 0.1485645116700325 0.14718864015835945 0.12862296442655807 0.08552163053946324 0.04140555181231917 0.01847439164195669 0.008871770424209485
0.08224671850267647 0.07705755324501389 0.059037927242065316 0.03408268231593247 0.013988711240720339 0.004587578287185121 0.0015496787460790164 0.0006091932727668299 0.0003009048871108891 0.00019756942394917726 0.00017766184181725693 0.00022028018701531897 0.0003659747941212136 0.0007627424126946884 0.0018526106322272068 0.004893414591556209 0.013242851791904665 0.03323503339629372 0.059717695945228404 0.09524050982786783 0.12684405595913406 0.14581606319787996 0.15544323210866495 0.15316017140504465 0.13862783472895285 0.11762223143923092 0.10560822732939036 0.10303508555049876 0.11059075795548728 0.13152810451297473 0.15754091891075167 0.18110682021536942 0.19414633964234465 0.1961072227362126 0.18698837446888736 0.1703243044903686 0.11919855227191689 0.040023539875024834 0.014260466908761621 0.005813082836337512
0.08086344653709192 0.07810365090091584 0.06412410481481744 0.037937138825199654 0.012739314828168476 0.0032482395232569863 0.0008708099575253695 0.0002822478317837711 0.000119504036436127 7.107363242618275e-05 6.269921700462562e-05 8.39206874778415e-05 0.0001590796841955879 0.0003855699347247981 0.0010835689662726268 0.0032533453780696263 0.009439775470857552 0.023276537582839273 0.04506631760053384 0.07462435197110028 0.10495039434458128 0.1310099527052291 0.1525896690374766 0.16507738079947923 0.1641861172393652 0.14959831633476114 0.13995089572779898 0.14225119910830963 0.15941780133134695 0.19465541417434798 0.2358584618004999 0.2533075794362993 0.24712747685642666 0.22366019881890384 0.1866684321307534 0.1406278074404674 0.0781175514007045 0.026973518296886604 0.00884595343999607 0.003236728615336162
0.0713788410094851 0.06897454767976437 0.061041197792655426 0.04681336576362938 0.010821111878215318 0.002163377864240756 0.0004810131042891246 0.00012977325613766158 4.645950371976604e-05 2.4564900132822677e-05 2.1484293253178993e-05 3.2126316859158707e-05 7.301147533976917e-05 0.000214168491282657 0.0007054928446311121 0.0022554338158582584 0.006456517606998761 0.01566646244692889 0.03152407146824337 0.054653567923912634 0.08236338106664934 0.11002541221060876 0.13808226928921552 0.1623428841684172 0.17579140375895572 0.17221549265819616 0.16665924834173204 0.17516969469957885 0.20388201159210126 0.24943921836649025 0.2940050751255494 0.31526222176645224 0.28755563750935065 0.22500066629104468 0.1544524712159869 0.08898746804891372 0.04003020660862082 0.014183961828275157 0.004587252123368225 0.0015662081869535819
0.055136409199515776 0.04883599329932407 0.03761269931481187 0.021155998666034934 0.0058628086921731545 0.0012248701158809386 0.0002614636483798538 6.221491169414124e-05 1.855045951835966e-05 8.28222942151003e-06 7.1964767552387465e-06 1.3098397880465939e-05 3.851925544646724e-05 0.00013923064515764864 0.0004994411496965602 0.0016319530912636063 0.004628439391423164 0.011057523948386062 0.022191719414106345 0.03978144691975671 0.06231367123108639 0.0868285051577539 0.11516352484994578 0.14582612193300773 0.17122097755519752 0.17915467424910056 0.1775602947619978 0.19134431970210497 0.22907215403549855 0.27212060647500147 0.307130207680298 0.3241895566874305 0.290772338784956 0.21085083327610277 0.1206445058020194 0.056587174302582435 0.021747406484275925 0.007188755719084934 0.002209399478333292 0.0006992615012881109
0.03863146437355137 0.02973032393156538 0.018350768857626314 0.008315542983875306 0.002645407521169172 0.00065499502501011 0.00014940987640280756 3.464630813468964e-05 8.798613556594211e-06 2.927642957225992e-06 2.4084586416902333e-06 6.4772965842736544e-06 2.607195566227876e-05 0.0001070655515227674 0.00040524449659246607 0.0013355329202935585 0.003703890262279799 0.008499633779035601 0.016631775095636413 0.02947992188961656 0.04580654653030158 0.06411700244577064 0.08726477279099795 0.11790487941667763 0.15174566600518077 0.16770984021420918 0.16660675734716657 0.18210388160774868 0.21689994131827622 0.25217198441942934 0.27812549478305065 0.286150104098666 0.25545750429306135 0.1793046949004804 0.09538855291736169 0.038348241084442236 0.012827966725669207 0.003832664742382889 0.0010807899727777336 0.00030994018331379375
0.026437195897048703 0.01792152629058144 0.009561214524231417 0.0040741466228567036 0.00139576853505728 0.0003986935134421489 0.00010307910120233732 2.585710098987453e-05 6.577869687868259e-06 1.7430967098646088e-06 1.1644073515385466e-06 5.5528484507321674e-06 2.5448791793177283e-05 0.00010756849120963166 0.00040649545893446665 0.0013099871024764389 0.0034640763858134927 0.007404195657597126 0.013612556774777476 0.02244285075156202 0.032598704521799374 0.04361223023134753 0.058052317942084514 0.08123173499594101 0.11860837094796735 0.13706382160628222 0.12914836213248254 0.14061997778660337 0.16969168419176836 0.2002450494208031 0.223078589076832 0.22828432421575678 0.20500912103513289 0.14234299472520004 0.07386743881420602 0.02824488999456393 0.00837646455431346 0.0022490798369743277 0.0005742673334104573 0.00014729427254453391
0.018859736635532504 0.011730017253418405 0.005859945901837192 0.0025031886400742197 0.0009272962851051047 0.0003049696330280117 9.375936407126984e-05 2.869408152093854e-05 9.464262551941657e-06 4.0276887353176305e-06 3.995705917058324e-06 1.0822706571459621e-05 3.968099865379072e-05 0.00014911807607574052 0.0005224706928988425 0.001588995182868711 0.0039032072214993637 0.007565636581528537 0.012343411129500957 0.017542529289074373 0.02217430030712818 0.026680032891557234 0.0325947635816036 0.043388886051859955 0.06146048714374154 0.0730964679441013 0.07489701067628256 0.088778741608573 0.115704483566901 0.1456891371897374 0.1698092017648148 0.17685115172873775 0.15914424676824065 0.11033632719289281 0.056939425085739126 0.021701185528032588 0.006147610575469 0.001499222751741591 0.0003499907473343603 8.131474781168779e-05
0.014665435391806887 0.008752352908679312 0.0043220326705276785 0.0019152688303585635 0.0007753205017184578 0.00029600469056101944 0.00011128886014311497 4.410640834286581e-05 2.0498527179446526e-05 1.3441866803648937e-05 1.542309294516404e-05 3.058355327661345e-05 8.490534220002679e-05 0.0002680691264835872 0.0008467010241543806 0.0024127724508485734 0.00549207859960211 0.00939794075493728 0.012617461716013923 0.014042347831308056 0.014176049150505299 0.014250529404393907 0.015251036346867258 0.0182464498903982 0.023476629815069847 0.029144235186569598 0.03584583974540752 0.049972044571186126 0.07501170177674815 0.1067614264425223 0.1367702140951545 0.15022379458425145 0.13593678299817655 0.09319576482723123 0.04662408155118499 0.017447895093175587 0.005006654809878208 0.0011567540271459466 0.00025437898023742827 5.5938693658966786e-05
0.013437027126792022 0.007977260480330206 0.004019890524342845 0.0018755703647815687 0.0008247758759781805 0.00035679618313345614 0.00016010419577728246 8.034391940138681e-05 4.984729657078827e-05 4.2600852134695934e-05 5.0759032972792594e-05 8.742100744221338e-05 0.00020118378947630395 0.0005477567320985083 0.001584501520165574 0.00437778324747902 0.0097334317544951 0.014485204172477565 0.014287337899645406 0.01112729284755776 0.008304352288800141 0.006752277286328576 0.006239223710133518 0.00663479842918192 0.008124237686740903 0.010627063719362463 0.015395872619101275 0.025921317749026743 0.04707590402245057 0.08014592722029046 0.11938516679739547 0.14395639474314365 0.13299311820526183 0.09018344892004801 0.043793670092097454 0.015967222891760797 0.004530820541931502 0.0010379363426556956 0.00022330274044004132 4.940531426943701e-05
0.01469701732971869 0.00889346349299401 0.004646467260802016 0.0022977559531694117 0.0011011233919440409 0.0005331873366576068 0.0002764934982362972 0.0001642806668995885 0.00012178545682209771 0.00011934880566802032 0.00014727235916528014 0.0002355537003693846 0.00047362145824321597 0.0011237751349040671 0.002947734017903197 0.00800833697681297 0.019637504087074962 0.025791385908349573 0.015263882987920335 0.007872571456075039 0.004443344229314016 0.002919590393584453 0.0023128738488614044 0.0022232473393925234 0.0025985523156313566 0.003594345396566182 0.0061763851378458835 0.012754241371565089 0.028994200888163194 0.06212293101855338 0.11473015995071383 0.1592810459601346 0.15079423038546075 0.09888211868006386 0.04632470094534101 0.016617736364244844 0.004750576732804472 0.001115097831424752 0.00023534318085723254 5.455134151016491e-05
0.018962831998664116 0.011875376255196819 0.006443514279528185 0.003365101718541848 0.0017443944480195145 0.0009312610164069473 0.0005405620362120813 0.00036394532716161536 0.00031032132109147146 0.00031927822756618187 0.00038564586680016924 0.0005752339416067489 0.0010238391742315642 0.002089258457623024 0.004699327766167941 0.011262086355338301 0.02798006112675367 0.03305598531367377 0.011821508888311611 0.004612949430992334 0.002067100462002631 0.0011146325632554878 0.0007615765681750082 0.0006818323744675225 0.0007901513630499997 0.001183243897474809 0.002387930660629817 0.006081596412689106 0.017537347217997813 0.04866444024914576 0.11879030433564516 0.20826584282457578 0.1932061916076238 0.11667673557201501 0.052772785298526984 0.018985469409570133 0.005597747061739286 0.0013893751147321348 0.0003030968009714047 7.203168868285761e-05
0.02837047014339335 0.01843251854841944 0.010237593669917637 0.005564211161738372 0.0030690984073342 0.001778441814288332 0.0011340483539776574 0.0008624882171073481 0.0008085394715409413 0.0008391656650810405 0.0009637411158360423 0.0012775658383823365 0.0019834416148285217 0.003392277002543676 0.006067368202586656 0.010619438046398956 0.015567133587100733 0.013068227189496137 0.005841990975152013 0.002165464851330601 0.0008344961740996824 0.00037576203041590474 0.00022074353315239219 0.00018587631317703432 0.00022660639004345196 0.0003942005263377286 0.0009587225819969839 0.002933369310703468 0.010401130746299505 0.03598970949875944 0.11260001429973032 0.3144468892793469 0.23143035579154853 0.13253295687895977 0.06096443861693723 0.022884585487561872 0.0071626481049498 0.0019198290507593766 0.0004554907551063369 0.00010824365745348457
0.04620685646755305 0.029191409326554698 0.01606696543461589 0.008932235543935166 0.005158284600518666 0.0031999862685970393 0.0022823071682513347 0.0019391494168251276 0.0019654048877923054 0.0020847433451968577 0.0023145584793414042 0.0027321060292703606 0.0035417518621383985 0.004977519961122166 0.0069059184232893684 0.008600066965743397 0.008340506722107274 0.005648050097398211 0.0025968399393686025 0.000942959013800671 0.000320485697574654 0.00011839509432086241 5.7176793206853325e-05 4.482131335848485e-05 6.192554830697946e-05 0.00014043680310946087 0.0004301138169067441 0.0015713318824250716 0.00629018593141133 0.024402800829929017 0.07787518372426461 0.16904221170350775 0.18701078021771564 0.12986231621826308 0.06725576567024469 0.027919156571986417 0.009635635525182954 0.002848430668410395 0.0007398155228253733 0.00017402817040370588
