_RESULTS/CROSS_VALIDATION_POSTPROCESSED_80-20/MHZ/GZ/2comp/5/MHZ_GZ_z_125_kriged_reverse_2comp_spherical_5.asc
ncols 100
nrows 74
xllcorner 5.5967023332191781
yllcorner 50.982320383219182
cellsize 0.00019249356164376555
nodata_value 1.7014100000000001E+038
[rows 0 to 19 of 74, columns 43 to 85 of 100]
20.455385505636205 20.420580350001405 20.386204946248682 20.35460759282447 20.328088465103093 20.308694770805563 20.298004744125098 20.29693743971256 20.30552894717958 20.322701194695497 20.347096794496164 20.376939521957755 20.410183635467565 20.444693920743227 20.47838593384328 20.509317133875445 20.535729416532085 20.556047056813746 20.56883472249816 20.572773063186133 20.572773063186133 20.572773063186133 20.572773063186133 20.572773063186133 20.572773063186133 20.572773063186133 20.572773063186133 20.572773063186133 20.572773063186133 20.572773063186133 20.572773063186133 20.572773063186133 20.572773063186133 20.572773063186133 20.572773063186133 20.572773063186133 20.572773063186133 20.572773063186133 20.572773063186133 20.572773063186133 20.572773063186133 20.572773063186133 20.572773063186133
20.40521242033148 20.36080872987433 20.317052361672385 20.27680538041298 20.24293417884233 20.218048814238397 20.20420120989467 20.20260081834776 20.213439886184528 20.23561952526726 20.267047733675533 20.30525242187442 20.347566384475222 20.391373419859335 20.434274930847536 20.474177668920486 20.5093175475217 20.538162568285575 20.5590840668914 20.570748274020534 20.572773063186133 20.572773063186133 20.572773063186133 20.572773063186133 20.572773063186133 20.572773063186133 20.572773063186133 20.572773063186133 20.572773063186133 20.572773063186133 20.572773063186133 20.572773063186133 20.572773063186133 20.572773063186133 20.572773063186133 20.572773063186133 20.572773063186133 20.572773063186133 20.572773063186133 20.572773063186133 20.572773063186133 20.572773063186133 20.572773063186133
20.349410197651608 20.294357091646415 20.239996727416234 20.18978354496424 20.147287006118244 20.11586763713455 20.098636623403586 20.09760632168852 20.11261459721453 20.141810011551716 20.182048943274523 20.230112704862226 20.28266580859239 20.33657069151663 20.389072255198926 20.437867881480113 20.48110031653618 20.517303425932372 20.545319408154516 20.56419740278518 20.572524554261033 20.572773063186133 20.572773063186133 20.572773063186133 20.572773063186133 20.572773063186133 20.572773063186133 20.572773063186133 20.572773063186133 20.572773063186133 20.572773063186133 20.572773063186133 20.572773063186133 20.572773063186133 20.572773063186133 20.572773063186133 20.572773063186133 20.572773063186133 20.572773063186133 20.572773063186133 20.572773063186133 20.572773063186133 20.572773063186133
20.28989312889843 20.22317474725088 20.156922187385707 20.09523612507973 20.042852251061095 20.00522981073636 19.98575794481282 19.98621701738188 20.006404853752105 20.04397587104544 20.09462808412006 20.154037624110636 20.2180170383205 20.282839198041295 20.345404063099988 20.40325231442008 20.454499504783055 20.497734789684962 20.531904768343416 20.556190195225472 20.56987973782053 20.572773063186133 20.572773063186133 20.572773063186133 20.572773063186133 20.572773063186133 20.572773063186133 20.572773063186133 20.572773063186133 20.572773063186133 20.572773063186133 20.572773063186133 20.572773063186133 20.572773063186133 20.572773063186133 20.572773063186133 20.572773063186133 20.572773063186133 20.572773063186133 20.572773063186133 20.572773063186133 20.572773063186133 20.572773063186133
20.22898565220764 20.14974989314921 20.070337281720047 19.99645598852351 19.934564213108942 19.889966172999145 19.86734530012379 19.869475977355762 19.896139601167757 19.944007636581482 20.007144210875623 20.079645317273766 20.15627444521844 20.232700766350085 20.305558829986403 20.372341588228416 20.431242248830007 20.480992281942388 20.520708265416175 20.54974696957968 20.56756636442025 20.573595165798448 20.572773357957896 20.572773063186133 20.572773063186133 20.572773063186133 20.572773063186133 20.572773063186133 20.572773063186133 20.572773063186133 20.572773063186133 20.572773063186133 20.572773063186133 20.572773063186133 20.572773063186133 20.572773063186133 20.572773063186133 20.572773063186133 20.572773063186133 20.572773063186133 20.572773063186133 20.572773063186133 20.572773063186133
20.169488410355125 20.077251919486905 19.985042028067138 19.8991755087306 19.8256971215892 19.771723109320284 19.74436963088388 19.748343393693048 19.78345883028914 19.844457159525835 19.922766620750764 20.01031210029735 20.100688861471248 20.189087877609346 20.272071656400744 20.34726582949049 20.413084527904854 20.468506185475803 20.51288854316913 20.545808309013164 20.566915293860184 20.575799154024406 20.574108529832866 20.572785299757463 20.572773063186133 20.572773063186133 20.572773063186133 20.572773063186133 20.572773063186133 20.572773063186133 20.572773063186133 20.572773063186133 20.572773063186133 20.572773063186133 20.572773063186133 20.572773063186133 20.572773063186133 20.572773063186133 20.572773063186133 20.572773063186133 20.572773063186133 20.572773063186133 20.572773063186133
20.114691178009707 20.01101642379232 19.9071060963537 19.80785114058799 19.72000908487912 19.65293851339574 19.617932318881532 19.623856201694313 19.67071275472361 19.749131138146677 19.845975052232486 19.950450083443634 20.055192951286934 20.15531150733368 20.247635981268694 20.330168125094396 20.401706516398438 20.461581943903457 20.509456830907258 20.545160716313703 20.5685457562442 20.57935734286996 20.577735028483968 20.57409788871574 20.57277312397754 20.572773063186133 20.572773063186133 20.572773063186133 20.572773063186133 20.572773063186133 20.572773063186133 20.572773063186133 20.572773063186133 20.572773063186133 20.572773063186133 20.572773063186133 20.572773063186133 20.572773063186133 20.572773063186133 20.572773063186133 20.572773063186133 20.572773063186133 20.572773063186133
20.069114237337843 19.95677084954206 19.84194056003292 19.7287937515033 19.62379820981344 19.53803617763071 19.48952440121252 19.49728467038422 19.562055004055743 19.664351153056575 19.783296831105513 19.905732450561928 20.024342453987742 20.13489142552437 20.234911890217116 20.32302778966905 20.39856304642302 20.461279721530325 20.51118342634031 20.54836691629765 20.57287546183268 20.584588181861324 20.58317985887293 20.57726271924754 20.573665386704658 20.572773063186133 20.572773063186133 20.572773063186133 20.572773063186133 20.572773063186133 20.572773063186133 20.572773063186133 20.572773063186133 20.572890209385008 20.57325738717385 20.573623147815265 20.573810493029903 20.57374274998354 20.573446849898687 20.57305216999568 20.572785066955497 20.572773063186133 20.572773063186133
20.037448639003106 19.919127481130605 19.796007970886155 19.670863610195312 19.548093903844034 19.437040379786826 19.362262948253594 19.37092410181813 19.466997745159397 19.601349834509563 19.74395518535479 19.88291157089895 20.012911006588187 20.131161057558266 20.236201530004124 20.3274089287822 20.40469406781888 20.468274601044236 20.518497034746204 20.555695276348214 20.580072373603638 20.59159870041239 20.589931779737984 20.581818391239153 20.576026817133343 20.57306461317655 20.572773063186133 20.572773063186133 20.572773063186133 20.572773063186133 20.572916027595276 20.57403348870953 20.575825255175722 20.577817950765613 20.57961350813815 20.580905198689628 20.581491101398644 20.5812835390336 20.580313322628875 20.578728249573494 20.576786053905533 20.57484270673393 20.573337429331275
20.022413847023753 19.902138889417284 19.775670684025947 19.64449782390327 19.510268241271884 19.375631289833173 19.251703101821818 19.256153105483403 19.41171275636705 19.578478900859896 19.738953468375193 19.8885821951407 20.02494271395538 20.146617563116692 20.253009042162706 20.344158982380225 20.420517094861033 20.482715412658752 20.531391346634305 20.56706015949772 20.59001796646242 20.600262427160466 20.597433988988136 20.587292907903798 20.579425014503002 20.574431500864048 20.572773063186133 20.572773063186133 20.572836923588326 20.574352585376854 20.577395581335416 20.581332111780227 20.585568683584924 20.589572014521167 20.59288987693727 20.595171285847368 20.596183928149504 20.595826609461252 20.59413491333074 20.59127919451049 20.587555221782413 20.583368882405637 20.579217040848715
20.02250123258457 19.908066191130903 19.78486014743464 19.657257236187483 19.52691886682659 19.396678164107147 19.278432233520967 19.28726610666289 19.44451821005677 19.613673219788033 19.775966719965602 19.92642585694126 20.062317801938896 20.18215722638082 20.285582275912674 20.373118149501234 20.445641032634494 20.504109523337203 20.549358516682208 20.58198713409336 20.602291340209035 20.61021342504139 20.60530821828675 20.593216187155203 20.5834311343329 20.576569075923384 20.573108855170062 20.573318919968468 20.57633323032353 20.581274668832126 20.587338192539132 20.594008612923474 20.600744477978918 20.606982274839062 20.612160802794936 20.615749348051576 20.61729444450961 20.61677581357411 20.614308052970667 20.610089834762263 20.60446409794399 20.597897505700704 20.59100571181898
20.024437557435718 19.92807610345029 19.821779459500988 19.707691640690058 19.596194911327743 19.497433117367848 19.435650746107225 19.456174028411414 19.562042378538866 19.704460061665333 19.85283209292913 19.994423415351438 20.123092008336613 20.235970838220233 20.332372725432542 20.412906600847023 20.478748255253688 20.53126554059209 20.571371775350727 20.599617556020313 20.616182735030247 20.620860868491807 20.61305087421557 20.59913378648827 20.587632979021297 20.57910522207942 20.57480851110044 20.576751283786265 20.582124648148696 20.58925730357842 20.597671191822123 20.606818437628608 20.61609294992017 20.624851581773235 20.632444761210557 20.638253968785865 20.64173086142782 20.64243131294095 20.640038112422275 20.634499535317357 20.626964420530843 20.61828979631073 20.609009785127714
20.026034083579173 19.951347396730096 19.870334289867568 19.78455552787371 19.699111205252102 19.632340382235736 19.603399397432955 19.63016011568928 19.712303523143124 19.828950087192034 19.958343571353705 20.08583343428311 20.202525064794745 20.304034712568573 20.389546156885583 20.460180833314098 20.517410855195145 20.562325116445628 20.595938313865993 20.6187642326181 20.6307413520772 20.631425166532892 20.620061454740156 20.604622006364767 20.591513349484515 20.581018120313026 20.57672477789839 20.579147664282075 20.586446019262443 20.59577214529904 20.60660830910612 20.61835910039422 20.6303453038289 20.641827252166163 20.652043352159865 20.66026082695441 20.665830989180638 20.668238067976734 20.66717086441393 20.662808435652614 20.655114916149525 20.64448483526196 20.63267539030013
20.025866523226142 19.97521455030246 19.921510495777138 19.866752070561983 19.81490192142891 19.774239310951323 19.764665499846075 19.795869316386135 19.866591240727193 19.965509834532856 20.078125463114812 20.19100888466814 20.293715424483153 20.38077399665756 20.45223432983682 20.510545376810107 20.55766580165514 20.594503527981285 20.62123741522824 20.638021945231863 20.644911863274814 20.64133042813248 20.62657963343663 20.609275250205744 20.592628088859467 20.581355312639605 20.577030276885218 20.579979812936887 20.588943870077394 20.600448498166777 20.613764281045004 20.628251489590564 20.643149907148466 20.657602498019564 20.67070330309978 20.681567166420443 20.689410139096786 20.69374275562622 20.69460051000718 20.69174925026925 20.685104959250527 20.674732841034455 20.66087597173831
20.022456082322957 19.996760249716708 19.970340255873225 19.94496426661131 19.923695773877885 19.91073420159134 19.91416644025901 19.94831568660545 20.01227098093022 20.099118204523727 20.198758791588272 20.299337368040455 20.388398860118144 20.458824041150244 20.51395187773003 20.558890647529008 20.595653891399177 20.62470519433379 20.646472400637315 20.659699666569328 20.663379022155702 20.656561943232994 20.63855656938503 20.617612033278405 20.599231271226135 20.58666702114843 20.580643951221088 20.581845976058652 20.590241332145084 20.602872598814276 20.618681379184604 20.636038094657305 20.654080509327617 20.671809662708373 20.68813082588591 20.701950126082274 20.712435675556186 20.719337660115976 20.722158315452706 20.720663278805187 20.714876035474326 20.704985614504224 20.69125970546963
20.017076047664393 20.01578654249165 20.01458675491398 20.014963513904835 20.01931279043084 20.03005259419709 20.048479152460345 20.08360908019243 20.141957881732072 20.21901792315142 20.30772624324775 20.398667872846975 20.476719172333073 20.5280733381643 20.566532069195233 20.599933373974775 20.630248677663687 20.65613617951364 20.675667558123145 20.686958476758484 20.68816473503199 20.67694589303802 20.655255945186994 20.632190363836177 20.6131237288713 20.59928708278663 20.591495434836755 20.590560320355557 20.596805938470233 20.607479234403392 20.6222149247182 20.641161420484963 20.662611106306667 20.683998450902934 20.703979331223753 20.72125152625934 20.73512070823307 20.744664855078305 20.749308803229933 20.748780424061284 20.743008049352802 20.732661239339492 20.71841068747871
20.018241565685557 20.04016871731271 20.06141639234081 20.08284727508868 20.10591079144023 20.132208269812782 20.162791504484176 20.198904412348888 20.25085508036419 20.317467863674988 20.39330741976343 20.471301679826205 20.54230563496976 20.573340047822537 20.603436786381014 20.634256712109618 20.66331617481079 20.68826866607906 20.706918847385918 20.717165936793915 20.71616313824277 20.699756810431126 20.67622159386327 20.652892891279738 20.633215121389053 20.618039692807955 20.6082978821268 20.604968090728935 20.608638117069418 20.616869260616337 20.6294456681386 20.646659327631486 20.668437080780418 20.693597402418728 20.71783812789163 20.73949180033676 20.757048451189046 20.768478213694593 20.772935120081407 20.77101571976485 20.76366575464602 20.75190172802688 20.736616294776816
20.02636797269076 20.070126688188502 20.1113933958247 20.15048260771296 20.18812179617848 20.225031596071876 20.26128664283064 20.296145754223318 20.336953770594093 20.391007640728862 20.450570518616075 20.50821154675755 20.55546948296105 20.592715671357738 20.627938881198755 20.661869193261843 20.69289741732022 20.71904739179985 20.738271884157832 20.748294919831622 20.743888714284367 20.72575594589378 20.70181828399425 20.67883739190348 20.65854362491479 20.641851013638078 20.629831487759756 20.623672180972928 20.624172358018676 20.62928732293931 20.639218258466858 20.65450270218355 20.67517611518136 20.70062599310356 20.729364610379953 20.755632363091685 20.77486437792726 20.785910871581198 20.788883942401768 20.784841700119962 20.77526876807404 20.76160689468938 20.745008995925016
20.041823116908127 20.10569699215415 20.164349533734555 20.21770434837056 20.26600000300207 20.309331175157503 20.347492063097324 20.379562079461007 20.406855868351638 20.442149054889803 20.48443625187902 20.526041721189657 20.565298981006343 20.605262661729597 20.64562642189638 20.68424762492283 20.71890822135412 20.747645971622 20.768533498002856 20.777794683288295 20.771239165519724 20.754556538410064 20.73184020408016 20.70931757267776 20.68831068895632 20.669793763746714 20.654997778158478 20.64535725473805 20.641820669855033 20.642888370865528 20.649429680653054 20.66238359899151 20.682045083792467 20.7078070844074 20.73705182128255 20.765287213233314 20.785770990404657 20.796131050512333 20.79675952046954 20.789592096904883 20.776967540950928 20.76086671738922 20.74269875487188
20.065739066727133 20.147668738202857 20.22088584477057 20.285100806567257 20.34024251350584 20.38632586318926 20.423067717570888 20.449560551465808 20.4646739016478 20.48085812271768 20.503263957053314 20.53425472087045 20.572928836137407 20.61580490260489 20.660500003554795 20.703599162270905 20.742166425190156 20.773969888799094 20.796781877439336 20.804974509486087 20.800438769721396 20.786139572295408 20.765799301459506 20.743800842673032 20.72189559351916 20.701120016338578 20.68287286003347 20.66886375492814 20.66007392216861 20.655838153255793 20.657870267395996 20.6677301237456 20.686227119513966 20.71117057925912 20.739439728897857 20.767585730195147 20.78980594174682 20.79894931256135 20.795803095964796 20.78409529127646 20.767449345156578 20.748386058434768 20.72846391906553
