_RESULTS/CROSS_VALIDATION_POSTPROCESSED_80-20/MHZ/GZ/2comp/5/MHZ_GZ_z_710_kriged_reverse_2comp_spherical_5.asc
ncols 100
nrows 74
xllcorner 5.5967023332191781
yllcorner 50.982320383219182
cellsize 0.00019249356164376555
nodata_value 1.7014100000000001E+038
[rows 36 to 53 of 74, columns 0 to 39 of 100]
0.07406695974759332 0.052125612423925285 0.03177347824781943 0.019518401834575767 0.01253888257864376 0.008789275336181313 0.006933904621812775 0.006269455801199274 0.006319160197752482 0.00631235970407879 0.006349576016809689 0.00652035689077477 0.006810642155896371 0.007076593981643294 0.00712252449980064 0.006207672201072894 0.004334417566356447 0.002372130165669396 0.0010042029755729337 0.0003468388324071334 0.00010693080816105478 3.284221844008467e-05 1.2260569295375047e-05 8.523368174167685e-06 1.4916557484336746e-05 4.569828005452983e-05 0.00017408787241547001 0.0007041064768395217 0.0028327635840046505 0.010681071205190079 0.03320307559794978 0.07479958306709675 0.1133838163121205 0.11634455113620452 0.08815578148089442 0.05349580064574573 0.02719429322868257 0.011920137504781159 0.004434092707889469 0.0014667305743747332
0.08749471640942522 0.06612239130701934 0.042805489006153025 0.027302001287934367 0.018398229876758133 0.0137229075885453 0.011578706762494019 0.011179210000437761 0.011728245486269322 0.011689512162596158 0.011242600729572746 0.010718692741737803 0.01014328243584979 0.009301666635420442 0.007844797013663293 0.005595480845121037 0.0033251178612897373 0.0016237197214995461 0.0006524867772468086 0.00021843139631586142 6.310850720165568e-05 1.6423128450597e-05 4.142062369792662e-06 2.0558144449908695e-06 6.851295157960274e-06 3.064930009600311e-05 0.00013684498286393527 0.0005840491990051751 0.0023134687344805753 0.008197476463475403 0.023872854651322942 0.052645759691419866 0.08497608367433365 0.09634905349130535 0.08108990850953775 0.05420328101599192 0.03019394683395098 0.014412713948854782 0.005798566877102139 0.0020864811296200116
0.09828939885388305 0.07780604824208623 0.05293243758610094 0.03449014760765089 0.024088335786208306 0.01872517077954207 0.016604828341787642 0.016988391026556266 0.01869172587770487 0.01858108807048975 0.017294515559388386 0.015724410569284957 0.013967680280661155 0.011672293348345953 0.008677069973899956 0.005726746540557361 0.0031387855538041725 0.0014486904964598354 0.00057431872957447 0.00019564415482343944 5.840407375417677e-05 1.5801797821810827e-05 4.241682182545649e-06 2.4188596915186233e-06 7.83193163303506e-06 3.432688875249992e-05 0.00014890884270571733 0.0006035914350774784 0.0022057361692018823 0.007054764855482162 0.01908219107587817 0.040799299936428064 0.06617004112750301 0.0778024452416642 0.06966678443128507 0.050090426716406476 0.03018346134557992 0.015687025692670952 0.006912016490414374 0.002723188280239644
0.10429599626126843 0.08543151719959419 0.06030134574276205 0.03958848306248578 0.027877369152138894 0.02197121234877298 0.01995959022863962 0.021321914857498514 0.025642245985462313 0.02473219728084987 0.022554771125688076 0.020221319428267354 0.01725219542701191 0.013570460477005872 0.009664125203817195 0.006406720776130268 0.003632941895281436 0.0016660406405435387 0.0006778102534100745 0.0002476099382244029 8.38858221468196e-05 2.8536006846718053e-05 1.2499059413634323e-05 1.0393013152817635e-05 2.0407408372259927e-05 6.415793540032111e-05 0.0002304027599686809 0.0008129215461135575 0.0026033688167968186 0.0072336743780284166 0.017175725981550895 0.03435892018233484 0.05315941005321342 0.06187704827007094 0.05669083408682139 0.04266741697269013 0.027560806999874964 0.015616810890962198 0.007506651167916999 0.003254471640094959
0.10405091013687325 0.08732807447355093 0.06267537704557245 0.04123781116432776 0.02831832336646059 0.02189840859019007 0.019666653967342334 0.020800100399384052 0.02453850369583587 0.025368722117151625 0.023959641748814747 0.021588650154302544 0.018368175152963264 0.014559088599502631 0.010701538858809414 0.007471834246999061 0.0046434546380899056 0.0023085379794035746 0.000990904269572209 0.0003986353817390597 0.00015875400567746118 7.260213944980562e-05 4.3487349926615034e-05 4.1152810033511596e-05 6.674003251155377e-05 0.000160262722395926 0.00046449591784236043 0.0013857379224950842 0.003796578749778975 0.008920052318200146 0.017768937270332012 0.0305314193821309 0.0422919143078188 0.046864701786561776 0.04261819867187186 0.03284101996227627 0.022823960847031206 0.013937714716243263 0.00727551936803128 0.003499177408360157
0.100284139893322 0.08261391358985089 0.059146478873422226 0.03854470219688629 0.025052690118830767 0.01838174404867231 0.015788970670025316 0.015923915159767238 0.01816225811156047 0.019822514522339654 0.019991665566365523 0.018973895244472447 0.01712432803407716 0.014409109604495355 0.011499578469014563 0.008812495767307596 0.006143800204624881 0.003522711205617254 0.001649280715889704 0.0007417002369496429 0.0003632604563172967 0.00020527859668202758 0.00014609850617201077 0.00014683230392136903 0.0002171251054606126 0.0004399602507536525 0.0010811147125951736 0.002804572276556283 0.006654316389784799 0.012973698242481733 0.02075516542037607 0.027814967633428216 0.03243486206642788 0.032680585464414685 0.028788038336182077 0.022589530491455186 0.0167484595829384 0.010989764080555091 0.006231689965504206 0.0033827608716230904
0.09427954410843031 0.07310037234642772 0.047944992285726004 0.0293088851362877 0.01795228808891394 0.012132705396363148 0.009793761864835389 0.00944104986728117 0.010618961056778288 0.012303609585624257 0.013413674979787949 0.013957459444555094 0.013830252515200099 0.01283344234465108 0.011567977223946306 0.010095850691133326 0.0080863832892701 0.0054460911970142314 0.003028075572663729 0.0015833300709009793 0.0009032365171169273 0.0005782895171915352 0.0004527735410353751 0.0004660574058308123 0.0006481211472102695 0.0011736159894885432 0.002582505499150424 0.006197710410095054 0.01350769172624387 0.021478562876469702 0.02512338683237281 0.024805713383023453 0.02297718333214107 0.02038538468503202 0.01700874089541142 0.013655390053360921 0.010739784887536918 0.007589734178166049 0.004728581227015915 0.0029500632539956957
0.08624478487990803 0.06293419970228005 0.03538796015121961 0.018150129234284856 0.009830056057913551 0.006091361515967038 0.00463831859283792 0.004346494770198982 0.004817239317720965 0.005879575737615041 0.00699303957231772 0.008073911568537434 0.008946067181611802 0.009395973502972632 0.009812285825223664 0.01020965084249033 0.010121023622183655 0.008661065712661977 0.005979413481601657 0.00363297659727863 0.002248554139193112 0.0015490506212239368 0.001269560868544641 0.0013005680043897073 0.001698296384193449 0.0027835483650419167 0.005571700637830561 0.012967002107251437 0.030136587267078227 0.03665736593537609 0.027265126474367577 0.019564050379980664 0.014517476704963372 0.011118330427923826 0.008644876220914201 0.007081825037030233 0.00593154273365156 0.004550413535890062 0.003198917045965587 0.00233118876133729
0.0758432953892938 0.05343272633360165 0.023123586950589376 0.009314775399284233 0.004326298544443983 0.0024769513324747012 0.001742416581317345 0.0015386664880888755 0.0016697230298602951 0.0021315516835709826 0.0028307188596277282 0.0036966085960744447 0.004697299697288357 0.005779995456629664 0.0072876491129971015 0.009544663558927968 0.012479847188367905 0.01355525441384826 0.011013358331672298 0.00783666818906564 0.005261178297531613 0.0038482201027424325 0.0031989335249872197 0.0031788274459296465 0.0038195563000085453 0.005529372474227333 0.009556701487325797 0.019350986271760618 0.04254259597479828 0.03866659883880623 0.021202119304709863 0.012262600938957289 0.007728917945229857 0.00528666384444087 0.003858597710121665 0.0031407632909503493 0.0027901073345471556 0.002354140548485535 0.0019457805611196176 0.00168857310118824
0.05366277162210531 0.04181504473829345 0.011225189825552708 0.003592926347289796 0.0014634757912852534 0.0007772328264998747 0.0005410686021005656 0.0004767109094566724 0.0005191609243316158 0.0006897700513183414 0.0010349561328459682 0.0015496548476571234 0.002285050126766205 0.0032978391527521736 0.004927145081901331 0.007867834007525972 0.013347014346093986 0.01836283891648706 0.01702367440333352 0.014276696442366496 0.010774420037272357 0.00844241214083623 0.0072414280782623 0.006890250510025318 0.007438026211529125 0.009174990741828136 0.012731120343668197 0.018650371375952154 0.023598613310928735 0.01924612373893719 0.01100897313045932 0.0059047843821066264 0.0033886749358059626 0.002158378768844995 0.0015294546446174466 0.0012574131137509466 0.0011695716797722286 0.0011141919363477513 0.001115376163448103 0.0011747119716231818
0.018113016181110324 0.010280013980334167 0.0032036675977967135 0.0009615046263018827 0.0003574554968682239 0.00018587324196771353 0.00013673396178720483 0.00013251140049417296 0.00015654478349008674 0.00022004374782669953 0.0003622343338349825 0.0006229039383620906 0.0010580100269649553 0.001758543780992069 0.0030073882018495346 0.0054733760839792145 0.010132758622660028 0.016346940870115984 0.020635135148227627 0.021355980075373156 0.01891729319473306 0.016288524654907238 0.014427673834304738 0.013442168343403244 0.01304198469732602 0.013456143362757527 0.014325104249240266 0.014540965195889785 0.01262862093297237 0.008506494702667454 0.004614665768071672 0.0023303924560685047 0.0012503964607589598 0.0007626193823933583 0.0005466960005937985 0.0004757995428098071 0.0004776217611472688 0.0005437607836956479 0.0006582355116549006 0.0008313437248951122
0.004707140772944349 0.002133593052358519 0.0006793306927562381 0.00019222528038932452 6.598423988823655e-05 3.53636860736416e-05 2.9997489928735237e-05 3.416744823233022e-05 4.6644449454382026e-05 7.329664980926206e-05 0.00012881043511251019 0.00024771760969853103 0.00047615741411291974 0.000897517592898587 0.0017112702089744566 0.0034485955897827973 0.007056461950758608 0.013404356039949059 0.021372987757958865 0.027295040439483553 0.028691188991996963 0.027765819157542476 0.026122026693944846 0.023840656750406742 0.02129121939747808 0.01810906380092641 0.014722408728852422 0.011064467517964825 0.00723633482404073 0.003967341291689748 0.0018768478716023097 0.0008439452436792658 0.00041224068096578866 0.0002449459838752471 0.00018478145266268795 0.00017657100991803643 0.00020487049538013593 0.0002858515010247604 0.0004229672983718253 0.0006433063081935534
0.0013834733492271785 0.0005328483666751179 0.0001504715584335122 3.633315875083024e-05 1.0193065972099391e-05 5.863297772997493e-06 6.576629021990942e-06 9.285222498477135e-06 1.4688684884940013e-05 2.5542381217715297e-05 4.8323440344208286e-05 9.885788580996754e-05 0.00021354613759532538 0.00045177880907253055 0.0009498758998411021 0.0021113251325601133 0.004860473490473232 0.010710831906088021 0.020448214334257305 0.03140870012512701 0.0390186376060672 0.042593647572429366 0.0428269451388891 0.03892499688162344 0.03176655156197789 0.023225547556289423 0.015142582486995005 0.008923016337144343 0.004634239971240824 0.0020842371266406013 0.0008285563968774312 0.0003147440310030729 0.00013422702906236496 7.666725851280235e-05 6.311517829625472e-05 7.023416434171822e-05 9.97795724998023e-05 0.0001697291693305137 0.0003066264437566889 0.0005526545325303014
0.0005111837756305836 0.00017479980274154344 4.504216229168673e-05 9.404536687659475e-06 1.7330462346618696e-06 1.1690640280946986e-06 1.9242690650437987e-06 3.167271145606617e-06 5.430083460005631e-06 9.870138389201356e-06 1.9187728181518445e-05 4.014712625353343e-05 9.05925102295131e-05 0.0002159579575360694 0.0005103999590121414 0.0012613237425005831 0.0032774295071115274 0.008211423711201824 0.018130468930193277 0.03241912763374447 0.0466419924252765 0.05740727285014771 0.06151643896398723 0.05564652838409592 0.04273563449946562 0.02827380495028386 0.016053791160734084 0.00784367392716897 0.003396558724790954 0.0012915105903259037 0.0004356159073511086 0.00013817565671433359 4.623853255119729e-05 2.4097834727028702e-05 2.4888204875494502e-05 3.5854044032439295e-05 6.128558017875476e-05 0.00011960607994487897 0.0002508356614630407 0.0005150015912774028
0.0002443132697817885 8.069302025468407e-05 2.136788498977589e-05 4.965074951403563e-06 1.2958881497128359e-06 7.95757340496283e-07 1.0221358566698993e-06 1.5417407398079643e-06 2.5196208829139144e-06 4.425490690387912e-06 8.386109094415727e-06 1.726002175336954e-05 3.875315587832312e-05 9.47814627361221e-05 0.00024870454132521044 0.0006796568101090112 0.001965659756124074 0.005484421758790516 0.013667912259711184 0.028173031329214213 0.04733594298357365 0.06717538139439744 0.07870516163994555 0.0705833533913952 0.051016223678077066 0.031382044966210255 0.016512414723915764 0.007328629505405127 0.002838551464504847 0.0009735621335750373 0.0003028678389910337 8.681595742283977e-05 2.3018452067514315e-05 9.970925944793175e-06 1.555214863407087e-05 2.6402811304276e-05 4.951551383797005e-05 0.00010286251847012703 0.0002334312204161159 0.0005264321699730164
0.00015167422540590452 5.197336951372876e-05 1.5483949137015853e-05 4.495937716233077e-06 1.6121186506296528e-06 9.327428061515628e-07 8.657515934118021e-07 1.045309290965016e-06 1.4801878104288662e-06 2.3484294285361755e-06 4.123634387833012e-06 8.02809299835747e-06 1.741589698499765e-05 4.214272548833882e-05 0.00011284636546905973 0.0003302403761405553 0.001035891399323799 0.0031484914163658635 0.008791259149266916 0.020639746071713646 0.0396342483561474 0.06651682896539157 0.09148074575752088 0.07742072184152382 0.052772422641391925 0.03129328709301955 0.015982686987150222 0.006907005813681135 0.002547760279183368 0.0008576128810411374 0.0002719563366630575 8.421581908621687e-05 2.911501441299678e-05 1.654173774854025e-05 1.8691265058137048e-05 2.9099739242499568e-05 5.33997144830305e-05 0.00011067608697299525 0.00025410720396220845 0.0006034832014210668
0.00011808375935793223 4.347637370683757e-05 1.4771009601211995e-05 5.110870774743202e-06 2.1092674729577525e-06 1.1813356822615416e-06 9.096660793943661e-07 8.943144679082708e-07 1.0648317494395163e-06 1.4673616062455902e-06 2.2972009790490484e-06 4.08613215926931e-06 8.32593787249732e-06 1.9547601676042008e-05 5.25634453575789e-05 0.00015777380737827198 0.0004914926302271762 0.0015758686304300825 0.004846455992245941 0.01246326386838625 0.02613973963722144 0.048287667637429914 0.07276291741115329 0.06390988816710308 0.045115285079968294 0.02751345190332851 0.01438114676447629 0.0063669728178106354 0.0023939605224636063 0.0008463898743196488 0.000301634877355667 0.00011546929461208572 5.262851153775997e-05 3.403504751359774e-05 3.32034197183318e-05 4.446772688241825e-05 7.478061492867889e-05 0.0001474591791021933 0.00032801970067760695 0.0007801778414204436
0.00010990759275315739 4.389165734199679e-05 1.6685222111835872e-05 6.52566209018452e-06 2.8837716487661094e-06 1.5713185639252494e-06 1.0739566502825368e-06 8.97510220011967e-07 9.044270459968257e-07 1.0668679337468429e-06 1.4519115950681409e-06 2.2904992287983164e-06 4.264369476387336e-06 9.535679082731012e-06 2.5572575496616567e-05 7.756242674069748e-05 0.00024118981373906699 0.0007697198790842576 0.0023963732891064656 0.006345767988338112 0.013742062206971464 0.02552899250937011 0.037324265253064134 0.03930552630903605 0.03183388154652259 0.02126722727182989 0.011993482996288765 0.005758230216888861 0.0024218706715366314 0.0009820339748014375 0.000414932209799159 0.00019136849810724146 0.0001041796284385488 7.324777458413159e-05 6.869374492068414e-05 8.318516050012232e-05 0.00012762526686472544 0.00023531763879694887 0.0004977249536510197 0.001135623483675852
