_RESULTS/REVERSE_NEW/Berg/GZ/3comp/Berg_GZ_z_0_kriged_reverse_3comp_test_gaussian.asc
ncols 100
nrows 90
xllcorner  5.6208707817415728
yllcorner 50.959635321741573
cellsize 0.00013419651685393446
nodata_value 1.7014100000000001E+038
[rows 18 to 35 of 90, columns 41 to 81 of 100]
1.3246572496339065e-07 4.988284433790312e-08 3.3230551991160276e-08 3.905055418193817e-08 7.618266638007384e-08 2.2151375492390128e-07 8.359513671318408e-07 3.5252857751345026e-06 1.440460256906403e-05 5.0540175943326966e-05 0.00013921390302839388 0.00028497186711726354 0.0004242041063547532 0.0004622242132357293 0.0003792686611219626 0.00024480098003221585 0.00013110908942458866 6.179384803923254e-05 2.7244431138110373e-05 1.1942344431349824e-05 5.518215945892245e-06 2.835962547774255e-06 1.6970980961866324e-06 1.2245998892867075e-06 1.0883945253105038e-06 1.1982711968216797e-06 1.6175822880943863e-06 2.6120383443734995e-06 4.865796609669944e-06 1.0010959306225798e-05 2.1723212949089343e-05 4.75737099882634e-05 0.00010120744101296269 0.00020301565207893818 0.00037632914259999183 0.000637838193595225 0.0009862347971332632 0.0013972130864911383 0.0018298455811661231 0.002240802458005411 0.0025976438745253573
4.071345131490919e-08 1.828782455867303e-08 1.5033421038062972e-08 2.222198563339839e-08 5.465542018996029e-08 1.9739144765325386e-07 8.975289089935984e-07 4.369987285203488e-06 1.960109215460388e-05 7.156060783278492e-05 0.00019472867260585702 0.0003758737850433678 0.0005076043022651396 0.0004871695278265971 0.0003449874805164266 0.00018992301980523722 8.640156328337145e-05 3.4682865394769575e-05 1.3137415523779516e-05 5.01858553248636e-06 2.060643141523235e-06 9.640763219305813e-07 5.401369502473079e-07 3.7627573182530253e-07 3.332705494760868e-07 3.7713953713533163e-07 5.382943052145889e-07 9.41235045161898e-07 1.9333746844056903e-06 4.437694913091784e-06 1.079829822282637e-05 2.6494182987734524e-05 6.277000580657288e-05 0.00013886386229847836 0.0002804621382833853 0.0005111216283811678 0.0008386469464988657 0.0012453904374766724 0.0016911386012708886 0.0021276962324536866 0.002515464114412189
2.129971453759321e-08 1.1922439564831859e-08 1.2389805677779748e-08 2.310661921803591e-08 7.037763797822014e-08 3.04289444619165e-07 1.5821949280270742e-06 8.351018243777027e-06 3.839224460765788e-05 0.0001361341891485152 0.0003431174417363036 0.0005904812822264745 0.0006917246379667583 0.0005663019243004944 0.00033959890089692036 0.0001584058709600301 6.146666827080283e-05 2.1284530028175173e-05 7.058871762013727e-06 2.4030972180795785e-06 8.972565595133024e-07 3.9034193100252824e-07 2.0831251338161526e-07 1.4175538985653274e-07 1.2580021988286819e-07 1.4616359608020558e-07 2.189859244403834e-07 4.0947293706062213e-07 9.121848162347362e-07 2.291197332406782e-06 6.124219341669207e-06 1.6489677910762235e-05 4.2659539603950484e-05 0.0001022335217244907 0.00022148044315377198 0.0004283425822338972 0.0007379302766018584 0.0011391405116933343 0.001593843126124424 0.0020507939506286747 0.002464615809496179
2.068557833945487e-08 1.4845260576958115e-08 1.9630814802459915e-08 4.5462158236459654e-08 1.6524412618547142e-07 8.095883624888177e-07 4.495728064227022e-06 2.383413272473955e-05 0.0001038411030339465 0.00033181549740734183 0.0007247414861555802 0.0010530241247959 0.0010281456679969033 0.0007006936105754275 0.00035260476277714046 0.0001400402254592784 4.71329282414045e-05 1.4447730265771887e-05 4.330270405669444e-06 1.359434688651306e-06 4.772077638381962e-07 1.9883360345434377e-07 1.034648007529792e-07 6.985490860415809e-08 6.254266457481518e-08 7.446767564745945e-08 1.1594578951526569e-07 2.2795236302601997e-07 5.386343001410347e-07 1.4429853086453072e-06 4.1227406207817605e-06 1.1854464106861458e-05 3.263474022125663e-05 8.276654151114064e-05 0.00018847352045639503 0.00038033232049352185 0.0006786500447318046 0.0010775966736975926 0.0015412696364307985 0.0020165216643265463 0.0024535150089795704
3.855056135029489e-08 3.5812366266169325e-08 5.946672405408268e-08 1.650499568885048e-07 6.774952648009183e-07 3.5045727709759945e-06 1.9171384956309898e-05 9.378440270645311e-05 0.0003564431441684433 0.0009519288321287744 0.001691278782935645 0.0019774724701208933 0.00156012976030735 0.0008731409027170301 0.00036978955766627344 0.0001272674006231679 3.826750116553992e-05 1.0788328654358722e-05 3.0512123861230713e-06 9.234313074517356e-07 3.1783948356868836e-07 1.3155363486684646e-07 6.867974561129777e-08 4.6881502925066476e-08 4.270213532095357e-08 5.199614739880724e-08 8.315723716091426e-08 1.6853415405675912e-07 4.1160802994057446e-07 1.1414926270812845e-06 3.3774380207999895e-06 1.004954528811688e-05 2.857866748407068e-05 7.467949852029074e-05 0.00017467514684865558 0.000360825794252439 0.0006567767112112016 0.0010602044240769389 0.0015367176640348579 0.002031698663247543 0.0024918118029305333
1.3391660677952995e-07 1.592733574987917e-07 3.213006427040961e-07 1.0132347697706193e-06 4.379162378242242e-06 2.2040140796190112e-05 0.00010882243542013824 0.0004502584773344937 0.0013769757728520535 0.0028672036051700235 0.003924772907791289 0.003559465416317402 0.002227811897626781 0.0010234156314201 0.00037067981781644006 0.00011393930187909229 3.1896072176586615e-05 8.6823068967537e-06 2.4412642276744603e-06 7.501737454902586e-07 2.656255802920622e-07 1.1379577815979029e-07 6.153024139583697e-08 4.3363922676122383e-08 4.056334228220722e-08 5.04144892912521e-08 8.181290699477349e-08 1.674026334432869e-07 4.111925600042332e-07 1.1439502359622396e-06 3.3906757843864777e-06 1.0102276086468351e-05 2.877420139104518e-05 7.536244169824105e-05 0.00017683177521542382 0.000366750113895441 0.0006706751742951619 0.001088044613710496 0.001584887760587125 0.002104995526848317 0.0025919633853535343
7.913838028728841e-07 1.1683306098429116e-06 2.7222332755102802e-06 9.1198809437648e-06 3.832913551173334e-05 0.0001721730190693801 0.0007032753271526916 0.002267287147220794 0.0051930393717696186 0.007961934656309462 0.008068162833217983 0.005554995394013765 0.0027491914743365663 0.0010510722067187997 0.0003351469216168101 9.589528498975557e-05 2.6286450677053106e-05 7.305733756337511e-06 2.1630729374424566e-06 7.134235075913174e-07 2.732884859705577e-07 1.264362412374589e-07 7.314521437097724e-08 5.436697238965474e-08 5.273170760727182e-08 6.678294754467812e-08 1.0867580944357743e-07 2.2000894561425472e-07 5.293178828820342e-07 1.4330846551208833e-06 4.121511242935119e-06 1.191581470216039e-05 3.301444935008965e-05 8.445395491862353e-05 0.00019450591443773344 0.0003979864476225428 0.0007214136355445496 0.0011646631011604195 0.0016931973538029297 0.0022487475903836354 0.00277156755934393
6.887009312722333e-06 1.2029430300691037e-05 3.0384360917235794e-05 0.0001003073687104977 0.000377662354495167 0.001392977616755468 0.004349123561806067 0.010189430057875934 0.016526997143582075 0.01793740228070928 0.013170396156407567 0.00685867600878242 0.002719069566033649 0.0008896176573331617 0.0002600090507227144 7.279528062253623e-05 2.0666567379123605e-05 6.219980468239556e-06 2.055528693118462e-06 7.685139070599585e-07 3.342723541086316e-07 1.7383055533214932e-07 1.1088936532754934e-07 8.863243230672365e-08 8.990566517358547e-08 1.158240297927711e-07 1.8695828997850243e-07 3.676749971157485e-07 8.461146374198757e-07 2.1700552136294546e-06 5.888067565730761e-06 1.6073967576023745e-05 4.225122048793026e-05 0.00010330080877203405 0.00022940205544500975 0.0004567410076712115 0.000812452894415526 0.0012963772784996023 0.0018729733086142056 0.0024812326228552646 0.003056805216611064
7.376803704513668e-05 0.0001435510635659487 0.00036640173437078063 0.0011045815345897513 0.0034491134172187784 0.009710821130365149 0.02173892524012222 0.03518167191801369 0.03903029913539322 0.029461543034393085 0.0156593665516315 0.006259620236698014 0.002045718576540592 0.000596316945396328 0.00016777375000185302 4.854196029216862e-05 1.5113357949337911e-05 5.214248100653462e-06 2.030087054983785e-06 9.034914235083125e-07 4.653378115121525e-07 2.8132806195168816e-07 2.0283123948355525e-07 1.7702035019108254e-07 1.8893477716675387e-07 2.4699213836175336e-07 3.9161132885912625e-07 7.365481206944999e-07 1.5896610598501766e-06 3.778532416726113e-06 9.459102188781798e-06 2.387189757497484e-05 5.842139570299412e-05 0.0001344009540084702 0.0002843458372402683 0.0005462272508841069 0.0009484737515493229 0.0014918584175148473 0.002140427095238732 0.002829580648196548 0.0034875889401745786
0.0008031836410821557 0.0016298843167514383 0.003918610063062496 0.010057133781522301 0.024397876692675888 0.04958464483286476 0.07628553931393778 0.08304114436230081 0.062354263904054234 0.03289738813523075 0.012904987281877627 0.004088785976654007 0.001149299710621427 0.00031370385111794254 8.966224053343639e-05 2.8321755572444535e-05 1.0200905995335119e-05 4.240939064117392e-06 2.03447469193386e-06 1.1201764675739607e-06 7.049781825317834e-07 5.074719743449074e-07 4.2030011320594427e-07 4.041099680394146e-07 4.5475113486858565e-07 6.008524229702395e-07 9.273842994362715e-07 1.6470472006057029e-06 3.2840447855812983e-06 7.119911046689171e-06 1.6191630875273796e-05 3.7254353442956366e-05 8.392145273809816e-05 0.00018014573191805382 0.00036121195171187983 0.0006680365414569214 0.0011327970652446535 0.0017604900967086317 0.0025170598637469558 0.00333340128469346 0.0041252952705580345
0.007430508475840092 0.014722302777062097 0.03127128010847066 0.06448110336663612 0.11593771907309161 0.1646657256471619 0.17129801762491814 0.12528874031880272 0.06450455422134481 0.024416231582183322 0.007341370633989846 0.0019321981383266177 0.0004924198413224389 0.00013297895618285817 4.075496266908169e-05 1.477928609246162e-05 6.43981150643041e-06 3.35184407789488e-06 2.044357187861816e-06 1.4270128409380353e-06 1.116965289809127e-06 9.682772531559575e-07 9.265069444192963e-07 9.821960669163169e-07 1.1615923214403432e-06 1.5412578396636114e-06 2.295573666511705e-06 3.811113941806924e-06 6.947028950734243e-06 1.360187884693461e-05 2.7861958488032727e-05 5.807466125732971e-05 0.00011997264800854417 0.00024010101851823263 0.00045718758002778824 0.000817706255211404 0.0013628274724666767 0.0021086997191091094 0.003028633581351295 0.0040488108927585744 0.005064122506782978
0.05042947159421002 0.09190059189007221 0.16374872122142403 0.2609218202095007 0.34004531924798603 0.33563009334174065 0.23808047968706716 0.11948597680687982 0.043621674979518035 0.012391370453378493 0.003012034076904642 0.0006976785720053014 0.00017088732145680724 4.8251441947991295e-05 1.6655879927522792e-05 7.224167292946314e-06 3.930781686400851e-06 2.6200525230990736e-06 2.061661644983244e-06 1.8387567254552469e-06 1.7937408117101435e-06 1.867762746876285e-06 2.052454475131542e-06 2.379552937285908e-06 2.930325026318148e-06 3.867578333747668e-06 5.508652937649397e-06 8.480767777892343e-06 1.4041576552897477e-05 2.4718126910837985e-05 4.551323038681075e-05 8.599765145896227e-05 0.0001634935717168549 0.0003069756800028171 0.0005600062613751476 0.0009791987063683609 0.0016237040366875104 0.002533462121942769 0.00370107834646224 0.005051480345691717 0.006446699707898125
0.22743234138984567 0.3637656939846752 0.5265953934109626 0.6394804250650802 0.6057490708353178 0.42192201789101985 0.20963143211709928 0.07512027854574864 0.0204829880415021 0.004637713593556338 0.000971544356918723 0.00021096883443088882 5.264762680228422e-05 1.63420624388272e-05 6.60975949920907e-06 3.5245238399801286e-06 2.4317531508960294e-06 2.085030511601396e-06 2.108613637596831e-06 2.3800945955822816e-06 2.8545993691584027e-06 3.5125374369590265e-06 4.356155728787695e-06 5.430496086965784e-06 6.858312758127034e-06 8.890589324633259e-06 1.1992443512415842e-05 1.7009721983211046e-05 2.5498302335275822e-05 4.035952008126189e-05 6.702447041283202e-05 0.00011555682123796621 0.0002041166084435938 0.00036400620773091737 0.0006455275243258627 0.001121562711028609 0.0018823622625815163 0.0030130990530540767 0.004550974712289389 0.006435133397806437 0.008482420084238157
0.655641904538185 0.896112659296227 1.044834156985609 0.9736892677499269 0.6825694777638631 0.3453524248832849 0.1254694863393383 0.033980544429384155 0.0073923619743090025 0.0014303936901884653 0.0002765185915671424 5.9921981660754e-05 1.6061586228281424e-05 5.706127484050326e-06 2.7756245139995383e-06 1.840079651805106e-06 1.6049453632347035e-06 1.7442076145187978e-06 2.2174185084152883e-06 3.0876424900665214e-06 4.4301391895485325e-06 6.2627134664849295e-06 8.52931459938006e-06 1.1156845684843827e-05 1.4160823991871637e-05 1.7755456090929843e-05 2.245038744356127e-05 2.9181130395361078e-05 3.9577728863032894e-05 5.6529061146984395e-05 8.530176033111797e-05 0.00013567004183134005 0.0002258034044644877 0.0003888932086283219 0.0006831269823710975 0.0012033663560036276 0.0020870603414716933 0.003498069071581034 0.0055685595206838145 0.008298428211276012 0.01146084482449348
1.2352511156438413 1.432735613802248 1.3548688368955457 0.9854743981794009 0.5256115384718256 0.2016580526011697 0.056802215559053466 0.012456003613554418 0.002326043243715726 0.00041338048790887924 7.878823856519577e-05 1.8019642289185387e-05 5.413116046518428e-06 2.2609905461927168e-06 1.3363977281547085e-06 1.0945854885371529e-06 1.1810685942617323e-06 1.573880741478306e-06 2.4215065726696945e-06 4.004451423264326e-06 6.620197706588623e-06 1.0359756910801001e-05 1.4965851829949525e-05 1.9938493422378613e-05 2.4844491902907036e-05 2.9631681316470606e-05 3.4767701307903495e-05 4.124782421255807e-05 5.0687761625826254e-05 6.573374721079789e-05 9.106005225928787e-05 0.0001354548079759334 0.00021600874945775216 0.0003662395801856574 0.0006507722729717618 0.0011883583013187478 0.0021784148251732366 0.0039084221298382035 0.00669452538585458 0.010709829340790903 0.015739665274532234
1.6235123862055698 1.6051390066092008 1.2482234107858514 0.7261622006409594 0.3066857369199113 0.09441010381461233 0.022067899633607106 0.004215060084580037 0.0007266142359849125 0.00012689501056352718 2.5268530430429132e-05 6.377986329495505e-06 2.209867827099033e-06 1.0977978571419156e-06 7.838552034279337e-07 7.754066312090007e-07 9.96659688469972e-07 1.5533034469619406e-06 2.7555484717954337e-06 5.170516546973074e-06 9.419461932228619e-06 1.561985289515529e-05 2.3012734696381375e-05 3.023922848673571e-05 3.6112470549276975e-05 4.0317436068177004e-05 4.3519562477191215e-05 4.7027385434926186e-05 5.2545256937929773e-05 6.23782624502994e-05 8.028506772522512e-05 0.00011339787925872643 0.00017635037388477723 0.0003001946802752959 0.0005511161503584186 0.001066487566232123 0.0021128596750986358 0.004146935330027742 0.007799967702230719 0.01364238767770493 0.021668070001323477
1.6197343383046106 1.378664035903238 0.8994673426471801 0.43324470222335315 0.1524517602446841 0.04010331925709451 0.008332991328964862 0.0014861023178015932 0.000252524382703569 4.5894577437784754e-05 9.989737251519727e-06 2.867804677216493e-06 1.1614031405618566e-06 6.835254602951948e-07 5.777622260343055e-07 6.664729890516119e-07 9.735828890820076e-07 1.6838124633353046e-06 3.2708181166730263e-06 6.617778222569927e-06 1.2613110153234774e-05 2.110968428171033e-05 3.0460676843841868e-05 3.828241535402149e-05 4.2885835832452824e-05 4.424113701004971e-05 4.369316406000465e-05 4.304215040766435e-05 4.3989431878519995e-05 4.828111103117342e-05 5.8487475967811176e-05 7.964223484002477e-05 0.0001228459629080594 0.00021381155881997207 0.0004133837814581685 0.0008645412661398441 0.0018878292390794923 0.004131729290430567 0.008689080600447478 0.016888095997517408 0.029397597074083123
1.3389245742784854 0.9962200982007949 0.5606462432723031 0.23330526318764153 0.07223638314578494 0.017259093921537988 0.003393803328927162 0.0006000754278363791 0.00010603165989705684 2.0938526905367968e-05 5.132202954300556e-06 1.699748012623305e-06 8.029974242832823e-07 5.501506431993062e-07 5.337212346975232e-07 6.893220042585736e-07 1.0933651065117623e-06 2.0014983193518564e-06 4.043793833835596e-06 8.316641681938812e-06 1.561801564513219e-05 2.5101284493103343e-05 3.420836356291657e-05 4.0101903491188536e-05 4.1489180000765455e-05 3.925697022498476e-05 3.5456065189963895e-05 3.199965466161142e-05 3.0183650565226516e-05 3.098914552999805e-05 3.580889188151347e-05 4.768764819200412e-05 7.404633662881174e-05 0.0001337661393403815 0.00027650700416020235 0.0006344321824793733 0.0015497192895115876 0.0038367710147037487 0.00914503315221135 0.019999205024437038 0.03857493500046015
