_RESULTS/CROSS_VALIDATION_POSTPROCESSED/Berg/GZ/8comp/5/Berg_GZ_z_250_kriged_reverse_8comp_spherical_5.asc
ncols 100
nrows 90
xllcorner  5.6208707817415728
yllcorner 50.959635321741573
cellsize 0.00013419651685393446
nodata_value 1.7014100000000001E+038
[rows 19 to 37 of 90, columns 43 to 85 of 100]
17.83600495816105 18.030604714317413 18.37697857763258 18.837188326700975 19.4162553562885 20.09383630560316 20.850297354724514 21.67040490858365 22.541079761862324 23.45000371789507 24.384764060939013 25.332316976194008 26.278634317194005 27.20843753807023 28.104919744920302 28.949308218119192 29.720004696746035 30.39081292915683 30.931994519457156 31.372398517135743 31.67654755602954 31.774458241575044 31.636884837384798 31.31020120150465 30.866596820920655 30.360449204208713 29.82617461054205 29.285130420146444 28.751356167353155 28.234831147714758 27.743194946079903 27.2826677565561 26.860839106559947 26.51078880651301 26.24198931082921 26.05417724060237 25.946875451442764 25.919424078043885 25.97097625437418 26.10046657830753 26.287394831716142 26.47821233926703 26.663845176553753
17.129604505421362 17.384310425536547 17.81208458036029 18.34372191996713 18.973709997913055 19.688362300240147 20.47080183225804 21.308318793574056 22.18975628522824 23.10415031432599 24.03996115972163 24.984594150012544 25.924063845382904 26.842711442668865 27.72288672362363 28.544472008741355 29.284071181794214 29.91365447451796 30.39949258005226 30.7659412496815 31.01053538338424 31.094934682563423 31.004464296140455 30.75720537576264 30.395882711667483 29.964131991885022 29.49271202386817 29.003895129893976 28.51368864957365 28.033933225900647 27.573764118649624 27.140544324145655 26.756254023597908 26.450713025629945 26.225034318001956 26.07947883374652 26.014007499700035 26.028317709172043 26.12183167495455 26.293643680102768 26.512918268105846 26.734333088498396 26.94090919415535
16.44329702429379 16.80898370803319 17.346096427723843 17.954832206120017 18.62654862457723 19.365293388623517 20.159752715242202 21.00071226618738 21.8792182366117 22.785702672809403 23.70947507845033 24.638371553735293 25.55847906819068 26.453887982746505 27.306422548886943 28.095282247311033 28.796528160594974 29.382429860281174 29.820986573598994 30.133431055607783 30.341198390788026 30.420829101248902 30.363304784405333 30.177551079884747 29.88540551840958 29.51916151443476 29.108449738923902 28.67366306311437 28.230851279174797 27.792599853047488 27.368938863364413 26.970235102213287 26.635206286778406 26.37726530577597 26.197716144877386 26.0973947896091 26.07677284319664 26.135996051757104 26.27486419400105 26.491936430552965 26.742330978953333 26.992014171631567 27.212019168672853
15.835930486342251 16.407050085235504 17.051473817535232 17.71661566549282 18.405912318455243 19.146620954134676 19.93394967666637 20.76147087871057 21.621840186378552 22.50647907475582 23.405300307229446 24.306455414252127 25.196109377840127 26.0582474295038 26.87450501794471 27.624001388965848 28.28317947452574 28.825751544149202 29.22305625406815 29.49610934348633 29.680083070790086 29.75922981494677 29.727123767261144 29.588346139407733 29.356313287817365 29.049275472059676 28.69402705181815 28.311584163907128 27.91686436324553 27.522274927695133 27.138114249988103 26.784336368855765 26.500685956425592 26.29213483555408 26.160588509180084 26.107457021287324 26.13375747288641 26.24015068498678 26.42691301356212 26.68700894620232 26.97481281219034 27.25757069353526 27.508323162324682
15.772840514180903 16.3575402671572 17.001144180912313 17.661608983434714 18.33340770416484 19.04684583583833 19.80443464643824 20.599987507437863 21.42640245734633 22.275339888565817 23.136914183373854 23.999404467682506 24.84901615343368 25.66972392933921 26.443209043525528 27.14888934552872 27.76405807408236 28.26421928909385 28.623825164840344 28.867693217942247 29.03586713940296 29.116863879839034 29.105615014353454 29.00439926669678 28.8218104602554 28.570469000777326 28.266209445788903 27.93273117122138 27.58484371947721 27.234201963293327 26.89088466095774 26.588476545609975 26.356428193942577 26.19778110032196 26.114256767965614 26.10540361655022 26.17471572428108 26.325329634594475 26.56001192889304 26.872502126698283 27.211873189157444 27.533283639610268 27.82358054630899
16.31142890721783 16.671795079862374 17.19832932077963 17.790815887651174 18.41232600488341 19.06919654598145 19.774671890833385 20.52017365088607 21.29746145048781 22.097700355143655 22.910826323667354 23.725064613000004 24.52659647132249 25.29940365715509 26.02530102230168 26.684139665522867 27.254166993870506 27.71258019906917 28.03638685681457 28.258334376551204 28.415906219280572 28.500092011476653 28.50662728814626 28.436484864899946 28.295342856644034 28.092287661148145 27.838273577093997 27.549898694551572 27.246536898372074 26.938912904974078 26.638350477906663 26.38744400870327 26.196814127904027 26.07099179639795 26.016663987366307 26.03959975540108 26.144657130003907 26.337740045075613 26.6381945014823 27.006188816675124 27.38801225684669 27.75478322019373 28.096717870619624
16.940843100588868 17.17114853009173 17.572611343848557 18.070981510933258 18.62187159589334 19.20584255721909 19.840762055137617 20.52061928053803 21.23543446982246 21.975537483514735 22.730519663105934 23.48846999715611 24.23548501662145 24.955492044084448 25.63037871672688 26.2403605918298 26.7645103152808 27.181424333322123 27.470769846413535 27.67627261444101 27.826768265493694 27.914903513009232 27.936958766588088 27.893148167625842 27.787321887009696 27.626184896630217 27.418290302792265 27.173832108249325 26.912245533247624 26.64539706315677 26.37538020857873 26.147334770727742 25.978020492316784 25.87559388050754 25.847373198420602 25.899842053604853 26.040668764226112 26.295847039782394 26.655456522074672 27.069603249543935 27.49029166471718 27.903254505189473 28.299061913991896
17.59306131172297 17.74707984432384 18.05082980552955 18.457588425368368 18.929887218420742 19.44191571762312 19.993638951788824 20.59585363179241 21.237356346744875 21.9078484318332 22.59673638087737 23.29205354844099 23.979771296793643 24.64361119393818 25.265323928591233 25.825261927619675 26.303066836672507 26.67839320027748 26.935540768806753 27.128611104213228 27.274468642453105 27.366925713424124 27.40269159060152 27.3815548508775 27.306199239507833 27.181704374984715 27.01486410603603 26.81347312261343 26.583733480958223 26.327517608802182 26.067586557457478 25.85483689030027 25.702727177811706 25.61985097961062 25.61411242026962 25.69343961197777 25.886419678059802 26.203072555745877 26.604357440733096 27.054576602606694 27.51248544640917 27.97046832542694 28.419763001249628
18.254261001672898 18.35696069812541 18.586403560341612 18.913037237353965 19.30853115553935 19.75011854825187 20.22208150361892 20.738188126244083 21.298044980615945 21.891400400227017 22.507991796003218 23.136070654540656 23.761439847590626 24.367317521853142 24.93492626276374 25.444395802861713 25.875631230651535 26.20904650868829 26.438109516743175 26.621726096189423 26.764599886725314 26.8614454547693 26.90936053405028 26.90792890140815 26.85909253687336 26.766813870900126 26.636597441026304 26.459552783650373 26.23173993902413 25.977047971400573 25.723686561847416 25.5210900659012 25.38124843822632 25.313157718284646 25.325283915675527 25.44203236578847 25.688835864041025 26.043699320970298 26.47896966877383 26.956821553472714 27.44871901931693 27.948322941398057 28.447384840112548
18.9174867508014 18.98174668006389 19.152651660314497 19.410647374960025 19.73478440912544 20.106341331612324 20.510317223945144 20.939557482238623 21.411370474603487 21.92157987286945 22.461175072370647 23.01913817864627 23.5809711078628 24.128786859904565 24.64261733753927 25.10291325404851 25.49300415482445 25.790232058348607 26.001702107230994 26.177604478454352 26.31410680356548 26.408629888257146 26.462407532861327 26.477801926252116 26.452162726243433 26.388308854005903 26.270792935050025 26.09155392133965 25.86306423199875 25.60692139375101 25.355551173399377 25.157475261634875 25.02432981756277 24.96550849807975 24.996900963861172 25.155929321586395 25.437668097928945 25.812479694315492 26.272800768296626 26.773121128121286 27.294519636045344 27.830521467718622 28.37263297454627
19.577322683315312 19.610688872201724 19.73359958223249 19.932380825276585 20.191301187734773 20.49524406774705 20.831430481223492 21.19035509981923 21.571478091934914 21.993217210757603 22.452117017531084 22.938831920487306 23.44451014429558 23.961284237624128 24.459603894244474 24.90990916320445 25.284962840461223 25.56106155910898 25.771677402071454 25.94172609078581 26.065631419210543 26.14150667717579 26.171230966818204 26.160360709815482 26.117857308796623 26.036780103394836 25.9067439327122 25.72166973900407 25.49001510664325 25.229624964268027 24.975230729385263 24.775731452043935 24.643244241542227 24.587964675027223 24.64591114248014 24.831778199988353 25.120171280552128 25.507270400348236 25.983882119645653 26.501905847418676 27.047759398345946 27.61423218825024 28.19149010495931
20.22872211306157 20.236291790248256 20.318735374610036 20.465916258624066 20.66559056120892 20.905339632039464 21.174212358976405 21.464164618679614 21.771435729599716 22.10143489315273 22.48795030834445 22.949182778212244 23.459073604083002 23.982387340394776 24.483380219334727 24.92960092343851 25.292532490926828 25.55864335075093 25.774259721768434 25.94062126611471 26.052722380290177 26.109336289016728 26.113049970106307 26.070136272973972 25.977804967836498 25.817041083757246 25.606100855309332 25.368605406668827 25.123979822230595 24.857376882706475 24.595108908268365 24.388087736497106 24.249904560972414 24.199339146021934 24.271631686564977 24.450966928745178 24.736418649995066 25.127484966092524 25.61263204385925 26.143544935659534 26.709122995247032 27.300932378845598 27.90691692462266
20.866584284488717 20.852373199407925 20.900308326105367 21.00244070425938 21.148796062681896 21.328740296885528 21.53236489681254 21.75211466972039 21.988800952384963 22.285508175019853 22.660802027712414 23.12749630771931 23.65563722383399 24.19645877536602 24.707300285684493 25.15357608217767 25.506294834492042 25.78048992350807 26.00376751171785 26.167847713987204 26.26820706602026 26.300987155889104 26.265161136036184 26.167812018358216 25.985508764762216 25.729703379023455 25.423828230957024 25.092742788057492 24.7620565736692 24.4591104777858 24.198236837512933 23.9918254248341 23.852674838505493 23.801391440364053 23.853119973637256 24.01461695739595 24.28801308214917 24.674180503573588 25.160890470886 25.700265567391916 26.281907086667445 26.895962603029695 27.5278499766066
21.485502033891404 21.453122954814685 21.471802464969667 21.535031115500562 21.634364393076673 21.760326245415047 21.90336934526433 22.069383234092925 22.298053222688193 22.587976887549328 22.96578871658726 23.46564633967119 24.033191149124256 24.60264345696986 25.12816785035562 25.57634805425635 25.92970662899464 26.224565163535445 26.45721337618791 26.608744073527536 26.670502192443152 26.648501522532094 26.552660421448763 26.36887393265079 26.087540405583837 25.73165737839443 25.326162438572236 24.89716877485652 24.471284933092523 24.076019765086212 23.749020500740514 23.5365162428743 23.38915967252559 23.33373603461982 23.379799950977716 23.526248730141994 23.778172560188857 24.15003996477734 24.631731139582477 25.1757703230425 25.77129876344272 26.407113066498212 27.06627806174064
22.079560259092702 22.032522784974322 22.026923722007748 22.05734047425712 22.11654726945839 22.196089719987626 22.30907075558782 22.497031378711515 22.74053698621925 23.019645835518947 23.355382231176407 23.957142171763834 24.60369507597463 25.208081416824985 25.74623114539254 26.195224019093715 26.574207472246204 26.88323025210983 27.09291420701842 27.20053615595151 27.209062675271074 27.126081608752173 26.95592096081785 26.670474528210352 26.28462299118672 25.82344551036523 25.313669467848214 24.782824300981854 24.25853764065618 23.768511315572166 23.338316711416805 23.014704018061074 22.833014601206283 22.765643308634704 22.804180678987457 22.94922505112504 23.20122891883 23.559305546652563 24.029188325768395 24.574744830628113 25.18353798370081 25.843115058841242 26.534405179130545
22.64218194421857 22.583952240128117 22.55887657483898 22.562510535782735 22.588840509337178 22.652342994920865 22.80898408895642 23.04215986524556 23.330390551029723 23.657179803979457 24.056105089999235 24.678069277814824 25.35663725493407 25.99352167921901 26.552037088603335 27.028468342470845 27.41982096202054 27.70450450638159 27.87694396573212 27.9356423800532 27.884539280275693 27.73296015184445 27.467497497054932 27.07382530063415 26.57708107573396 26.004876595302388 25.38605694047289 24.747608919950977 24.112054331104883 23.504374909968544 22.955620273992473 22.502598705615064 22.212672153131738 22.11584162445987 22.137625485957937 22.270350837086376 22.51744839661537 22.88163606106128 23.356870046454283 23.902466606923728 24.525388184142503 25.21283490666128 25.943319987358134
23.166054250230232 23.09996801338604 23.059924467221528 23.04244919073032 23.055472748214488 23.172352008262894 23.38889164245448 23.68583125306371 24.04764219852249 24.47054984771658 24.9788964299235 25.596916569930833 26.26828304805634 26.916883402407777 27.50517494995638 28.009726219192267 28.401581812812093 28.66923271896799 28.806595697797377 28.813564349984404 28.6962904881509 28.463754796253816 28.08716954838596 27.575386301369914 26.956140528023532 26.25864878728774 25.512286317138017 24.745553538010697 23.985386293708366 23.25780430671138 22.593683775952826 22.018163823893932 21.608180249506773 21.409579607455257 21.402015543452357 21.51085868852299 21.739706241600874 22.096651107761183 22.58506198606684 23.161394908949653 23.804198434349676 24.52557942388987 25.3035059177664
23.64316407878797 23.572278373031594 23.52127881172613 23.489630885951254 23.552668631326874 23.73636848087171 24.02250891867077 24.394686609548184 24.840614893661865 25.355799607447604 25.943502575742656 26.59771718639344 27.282617569351764 27.95723781632693 28.57630664209162 29.093991311653607 29.48703401490555 29.738913065029994 29.84049618510213 29.790901390743525 29.597906996492778 29.264570244383652 28.764795445302898 28.121015605458343 27.365115950053703 26.53040073405756 25.649516386974604 24.753227033231187 23.86968880301713 23.025780098379002 22.251437868860467 21.565878667428578 21.037344499113 20.718290716610007 20.62306544595949 20.696029052643265 20.89146429497008 21.225028035456855 21.71152318017555 22.325050997686212 23.025461047326928 23.792667416547886 24.62700961723595
24.06494462303456 23.991901217594137 23.933292160611693 23.929954617499185 24.062967152604898 24.318209316402175 24.679203704832155 25.131075944931812 25.66165266675442 26.26198349631744 26.92612070195146 27.64133103553329 28.388604820040747 29.12062806267978 29.773090190830093 30.312733709886448 30.711290375425314 30.947276829137806 31.007909780289623 30.8908221143676 30.60489859082845 30.143699953453222 29.494754453420065 28.695319833088234 27.786506357140066 26.80738890342126 25.78860235990872 24.76277287492687 23.758991728136305 22.804978681603437 21.928330536252055 21.14545109318078 20.507840022286892 20.07137306914208 19.852413114131075 19.856486294132136 20.001190202821423 20.290982943889258 20.75675401366099 21.401490355960682 22.173690852850033 23.02928243145077 23.930993000303207
