_RESULTS/CROSS_VALIDATION_POSTPROCESSED/Berg/GZ/8comp/5/Berg_GZ_z_710_kriged_reverse_8comp_spherical_5.asc
ncols 100
nrows 90
xllcorner  5.6208707817415728
yllcorner 50.959635321741573
cellsize 0.00013419651685393446
nodata_value 1.7014100000000001E+038
[rows 36 to 53 of 90, columns 0 to 39 of 100]
0.004398148238716155 0.005430370106762592 0.006844413016242927 0.008736666609705762 0.01119793357552505 0.014276089715080844 0.017912312091059646 0.021857366672318294 0.025618666226290394 0.028552577101514105 0.03014173993519753 0.03022044770792285 0.028944222239288997 0.026640725986274448 0.023624724350947222 0.020168384611425828 0.016653246383936848 0.01337666484208659 0.010522945247365873 0.00816831077127346 0.006306906902682281 0.004883805819590544 0.003823838606008183 0.0030512388324648704 0.0025002011454529948 0.0021184152254349175 0.001846445356095865 0.0016531767225357909 0.001516177392669744 0.0014240670299985872 0.001371256635515638 0.001329672854098302 0.0012698219360204972 0.0011920303362397025 0.0011052421944472684 0.0010132381558883318 0.0008871574302551762 0.0007393718396060229 0.0005910049435280402 0.00045637924595777767
0.004993166367133022 0.0060713592008507095 0.007517430119851281 0.009399992885064289 0.011764030568732091 0.014590914052839578 0.017745261104137666 0.020930685339513866 0.023702224754492594 0.025581529952232382 0.02624260836543789 0.02563687782346397 0.02396926350184622 0.021580196337217833 0.018829943646008332 0.01596214441733184 0.013145841826621792 0.010579581156111928 0.008373750960761763 0.006563727989226489 0.00513245419316378 0.0040335527987936486 0.0032098665115485865 0.002605648203781478 0.002173058714058898 0.0018747052664100767 0.0016756922316918446 0.0015379097507348303 0.0014424216441645242 0.0013847819458435828 0.0013656496603138349 0.001364282107774205 0.0013410388651624399 0.0012948542277639022 0.0012336597214553536 0.0011636765110869364 0.0010539011202042672 0.0009070785298408463 0.0007473074434949569 0.0005934069516871693
0.005764497726395014 0.006914383102895326 0.008408687968449352 0.010306339927062156 0.012615525202297112 0.015267363843349282 0.018071555623082085 0.020697480109582733 0.022723690253373757 0.0237706473059491 0.023654035050951466 0.022450921297650837 0.020438617800882294 0.017970070293443607 0.015368785782439524 0.01287555178147166 0.010570678916990945 0.008518277936023807 0.006779022975794235 0.005362080274812632 0.004243706253584067 0.0033835104031558695 0.002736442888820465 0.0022603049844241085 0.0019196380200252284 0.0016872328308485765 0.0015427286212054436 0.001450858882459843 0.0013919519086529478 0.0013665009358348166 0.0013656496603138349 0.0013656496603138349 0.0013656496603138349 0.001355210852036194 0.0013254725649329971 0.0012829824617162557 0.0012038078346386031 0.0010718021291628583 0.0009117928942004233 0.000746079101348263
0.006678100150531595 0.008020267091515394 0.009590251412062385 0.01153263550296511 0.013836808795289902 0.016395967790510158 0.018973020384457046 0.021193525743954673 0.022625332404089597 0.022948151391650705 0.022107540620453184 0.02032383587488802 0.017963491171483572 0.015391474381705855 0.012886469924731105 0.010621297559641042 0.008670592287916584 0.006993792262341871 0.005594355769083926 0.004463991242264015 0.0035750189387652466 0.0028915229252031087 0.0023769279339432435 0.001998475709150738 0.0017294344256877613 0.0015499411511163835 0.0014472846670017434 0.001393301483238017 0.0013674705189319187 0.0013656496603138349 0.0013656496603138349 0.0013656496603138349 0.0013656496603138349 0.0013656496603138349 0.0013649776938529476 0.0013529385159985492 0.0013139589627943226 0.0012121138973181587 0.0010665913153497608 0.0009010567420244862
0.007728728711037898 0.009329361900910374 0.011141763352525083 0.013168718829727885 0.015518947881052384 0.0180729430020401 0.020550041481538814 0.022504456100857242 0.02343430958827858 0.023039508192901965 0.021422702256586386 0.019001334487725167 0.016252737190409403 0.01354292492247065 0.01108931876664822 0.008989647624797155 0.007263661794301339 0.005863359043258754 0.004714693141908475 0.0037956561350256162 0.003076462991930852 0.0025247847526627034 0.0021102451703628317 0.0018068922880731557 0.0015943359780315558 0.0014581923776717024 0.0013891730950640099 0.0013670247243451753 0.0013656496603138349 0.0013656496603138349 0.0013656496603138349 0.0013656496603138349 0.0013656496603138349 0.0013656496603138349 0.0013656496603138349 0.0013656496603138349 0.0013616911141615341 0.0013033963939466638 0.0011881457894462257 0.001038022075056769
0.008909470719825095 0.010795935634215346 0.012936667609223757 0.015279188537555789 0.017749719258939204 0.02038628218460579 0.02291508049180339 0.024778445947458292 0.02527854075742758 0.024054494478614585 0.02147213625728026 0.018278914403054142 0.015080883018658639 0.012204409261958335 0.009772694006761468 0.0077969158263323434 0.006235615182504407 0.005025443652663709 0.00406465845797399 0.003303431348925693 0.00271125359691417 0.002258899497372912 0.001920758628752599 0.0016759915506527887 0.0015090109789770234 0.001409733447175608 0.0013686658088264676 0.0013656496603138349 0.0013656496603138349 0.0013656496603138349 0.0013656496603138349 0.0013656496603138349 0.0013656496603138349 0.0013656496603138349 0.0013656496603138349 0.0013656496603138349 0.0013656496603138349 0.0013386834440871867 0.0012563120449100421 0.001133042771788375
0.010200289232120388 0.012380851820172368 0.014849654522375858 0.017566776082896488 0.02045486843787356 0.023359713966563386 0.026121395096843247 0.028200636041748016 0.0284181610598501 0.02605753978735219 0.022107679317232825 0.017948808419106697 0.01425609671746508 0.011210770631072585 0.00879333025160419 0.0069183299055232215 0.005487486132434593 0.004409905519844666 0.003591211570703431 0.00294940586543542 0.002453393432413426 0.0020768339221807586 0.0017979886677519786 0.0016000567116672432 0.0014713016607824096 0.0014029951219793628 0.0013707356184851371 0.0013656496603138349 0.0013656496603138349 0.0013656496603138349 0.0013656496603138349 0.0013656496603138349 0.0013656496603138349 0.0013656496603138349 0.0013656496603138349 0.0013656496603138349 0.0013656496603138349 0.0013596398782000207 0.0013059266169546397 0.0012066075131624736
0.011568244262723919 0.014019929423218381 0.016761168473973846 0.01976499015780272 0.023000875046797098 0.02641194811219094 0.029840804496722904 0.032751950753605916 0.033300092245210994 0.02898953522448472 0.02298137093357313 0.017739539437695018 0.013602303037206111 0.010438120043786442 0.008053063120699276 0.006271162025805748 0.004948944892974669 0.003974540429082743 0.003258367288266401 0.0027081286987068786 0.0022858929201353267 0.0019681525665636366 0.0017365032660425716 0.0015774014108197623 0.0014735705723105303 0.0014076782956765053 0.0013724439887997817 0.0013656496603138349 0.0013656496603138349 0.0013656496603138349 0.0013656496603138349 0.0013656496603138349 0.0013656496603138349 0.0013656496603138349 0.0013656496603138349 0.0013656496603138349 0.0013656496603138349 0.0013656496603138349 0.0013440828910332877 0.0012739319049514673
0.012972381444145961 0.015632109156207715 0.018517097650939965 0.021602574773810366 0.024894819508296955 0.028420318148525154 0.032212466704715254 0.0362957895282845 0.0402831821048707 0.031413593681741916 0.023306001167949612 0.017382592143427692 0.01305280105056578 0.009882195626804046 0.007558533864301788 0.005856247972645963 0.004611669043897509 0.003705964507816387 0.003052954032265226 0.0025667385494748656 0.00219975482056381 0.0019267278617358823 0.001723423912835617 0.0015774954181166803 0.001476826697843396 0.0014095682145355824 0.001373171654560167 0.0013656496603138349 0.0013656496603138349 0.0013656496603138349 0.0013656496603138349 0.0013656496603138349 0.0013656496603138349 0.0013656496603138349 0.0013656496603138349 0.0013656496603138349 0.0013656496603138349 0.0013656496603138349 0.0013641272344954883 0.0013276650492897103
0.014373137845105763 0.017135821831639565 0.019961224657786266 0.02282145058916765 0.02573687747127608 0.028725798839605538 0.031733999014289936 0.03442266477611466 0.034822638495382446 0.02927783086886726 0.02243224575295245 0.016904029161106872 0.012736413035113255 0.009652704179205959 0.007387817000818133 0.005730525733359854 0.004521111205620278 0.0036416856759835113 0.0030066822161873737 0.0025396216639738344 0.00218070985128115 0.001910012693354208 0.001712640231079085 0.0015744148012905718 0.0014748954238977617 0.0014084458324436508 0.001372737039610717 0.0013656496603138349 0.0013656496603138349 0.0013656496603138349 0.0013656496603138349 0.0013656496603138349 0.0013656496603138349 0.0013656496603138349 0.0013656496603138349 0.0013656496603138349 0.0013656496603138349 0.0013656496603138349 0.0013656496603138349 0.0013598634303015448
0.01574345263408818 0.01846368875004539 0.020962920121827038 0.023255948598546888 0.025394040189033858 0.027366912975495296 0.02911116981775859 0.03005191416095236 0.02898863659718868 0.02529728114913314 0.02044510964900173 0.01594604009614488 0.012283996556248506 0.009452277284164586 0.00731276235244804 0.0057156844371402645 0.004532571024967906 0.00366194334943455 0.0030269351900511074 0.0025617126805417547 0.0022021454907835123 0.00192821556631 0.0017240383486636385 0.001572954638681626 0.0014684630355400435 0.0014044409446164067 0.0013712476382992944 0.0013656496603138349 0.0013656496603138349 0.0013656496603138349 0.0013656496603138349 0.0013656496603138349 0.0013656496603138349 0.0013656496603138349 0.0013656496603138349 0.0013656496603138349 0.0013656496603138349 0.0013656496603138349 0.0013656496603138349 0.0013656496603138349
0.017077406675977472 0.0195541197157306 0.021401350676876034 0.022839837527533845 0.0240789881095537 0.025209449183643977 0.02598644034153213 0.025953310284536065 0.024593754226169155 0.02183319999145406 0.01830471719613666 0.014785857347892171 0.011712391460380134 0.009207325460922603 0.007240476714923109 0.005729486186806169 0.004585111150420889 0.0037281624841429767 0.0030942263182260387 0.002627667729809315 0.00226466383801242 0.0019816275458186985 0.0017611936097921832 0.0015948883399966019 0.001476428481412324 0.0014017883843700644 0.0013690955036461893 0.0013656496603138349 0.0013656496603138349 0.0013656496603138349 0.0013656496603138349 0.0013656496603138349 0.0013656496603138349 0.0013656496603138349 0.0013656496603138349 0.0013656496603138349 0.0013656496603138349 0.0013656496603138349 0.0013656496603138349 0.0013656496603138349
0.018393647630234797 0.020257437526783585 0.021080140117509437 0.021683172839639837 0.022292098478333404 0.02279760385049135 0.02297358598738499 0.022527766237278476 0.02122754211124271 0.019090850751100633 0.016436412617689192 0.013685863578066358 0.01115037799336377 0.008977946225455245 0.0071998749476318855 0.005787229938716165 0.004688034151192631 0.003846824366143433 0.003213512359468646 0.0027422061276068995 0.002365585797183063 0.0020622705679804883 0.0018231843462687318 0.0016402810009732915 0.0015070801378579749 0.0014190736369125777 0.001374131311705565 0.0013656496603138349 0.0013656496603138349 0.0013656496603138349 0.0013656496603138349 0.0013656496603138349 0.0013656496603138349 0.0013656496603138349 0.0013656496603138349 0.0013656496603138349 0.0013656496603138349 0.0013656496603138349 0.0013656496603138349 0.0013656496603138349
0.019733827247465557 0.01987145907273871 0.019809218797914974 0.019952651286943228 0.02018305054487642 0.020345476305597653 0.020253117643026904 0.019716761116318593 0.018613263965230546 0.016961580355118258 0.014932983628101484 0.012770253099990794 0.01068703525335931 0.008818379405196962 0.0072235415486680355 0.0059098604110642 0.004856226197944991 0.004029510623477546 0.0033905019832311638 0.002898805864468258 0.0024979591716812917 0.0021711768393686552 0.0019107903327333059 0.0017092261768444673 0.0015599074209871912 0.0014579025799321312 0.0014004673854936536 0.0013744829839290095 0.0013656496603138349 0.0013656496603138349 0.0013656496603138349 0.0013656496603138349 0.0013656496603138349 0.0013656496603138349 0.0013656496603138349 0.0013656496603138349 0.0013656496603138349 0.0013656496603138349 0.0013656496603138349 0.0013656496603138349
0.016365822382882426 0.01735096931128774 0.017573072880079112 0.017735396497698327 0.017900444260854537 0.017983795529024148 0.017862568157183782 0.017416178119320853 0.016568856875069662 0.015326680774453764 0.013782838819644691 0.01208293050691548 0.010374597165372947 0.008771949920785631 0.007344536296327316 0.006122713387741573 0.005104238736399546 0.004274547459726751 0.0036138198383473697 0.0030954431777130815 0.0026656855722591234 0.0023111244588570083 0.0020257974920836917 0.0018027371920136394 0.0016353044732982233 0.0015181413332368428 0.0014470116883202513 0.0014010988554692175 0.001373427750241557 0.0013656496603138349 0.0013656496603138349 0.0013656496603138349 0.0013656496603138349 0.0013656496603138349 0.0013656496603138349 0.0013656496603138349 0.0013656496603138349 0.0013656496603138349 0.0013656496603138349 0.0013656496603138349
0.01294740186945043 0.01416124560343251 0.014855604053823891 0.015303754579871221 0.01562307567140191 0.015809646963851336 0.015806318676598905 0.01554434177832406 0.014975772483663826 0.014096429775611662 0.012954022902040617 0.01163554688842443 0.010241527887553923 0.00886426784045046 0.0075743954116713474 0.006417346477161506 0.005415952601578267 0.004575634928482029 0.0038900655454789587 0.003339672432468147 0.002874228216480571 0.002485968614680848 0.0021708622002422416 0.0019225902902680397 0.0017343968572973672 0.0016004155759941434 0.0015110939174713073 0.0014434376169884739 0.0013960839625959463 0.0013702017037412733 0.0013656496603138349 0.0013656496603138349 0.0013656496603138349 0.0013656496603138349 0.0013656496603138349 0.0013656496603138349 0.0013656496603138349 0.0013656496603138349 0.0013656496603138349 0.0013656496603138349
0.010312990408906028 0.011419534978706467 0.012271947485876549 0.012924460794543041 0.013428981621052844 0.013791828318103196 0.01398348250779981 0.013959749497230889 0.013682937204338193 0.01313906637980786 0.012346649143058032 0.011354625747783363 0.010231762147122328 0.009053001275221274 0.007887679174774504 0.006791851670350755 0.005804809106105249 0.004948992037818139 0.004232362363136236 0.0036409394731647267 0.0031303795531975875 0.002700506503411824 0.002349354299129314 0.0020711664076498368 0.001858889046184484 0.001705937600325612 0.0015911448697008151 0.0014995499632723328 0.0014313210041072605 0.0013867607183438496 0.0013666815681247142 0.0013656496603138349 0.0013656496603138349 0.0013656496603138349 0.0013656496603138349 0.0013656496603138349 0.0013656496603138349 0.0013656496603138349 0.0013656496603138349 0.0013656496603138349
0.008288245890507808 0.00923667510974967 0.01008489437042407 0.010822558237209458 0.011453885279470246 0.011972235074622552 0.012353868936720904 0.01256385786314621 0.012566908471724782 0.012338712037665848 0.01187450588354574 0.011192665418406631 0.010333013518239917 0.009351139924930155 0.008310505897421981 0.007273864370925815 0.006295424256524101 0.005415301268597431 0.004657446037907437 0.004010544975180993 0.0034420683937142482 0.0029602325591984503 0.0025651209504346482 0.002251248975327592 0.002010900021051746 0.0018317291755404787 0.0016853088089902127 0.001567344716739681 0.001476879342700948 0.001413140636873137 0.001375925722873247 0.0013656496603138349 0.0013656496603138349 0.0013656496603138349 0.0013656496603138349 0.0013656496603138349 0.0013656496603138349 0.0013656496603138349 0.0013656496603138349 0.0013656496603138349
