_KRIGING/CROSS_VALIDATION_CLASSIC_CLR/MHZ/TZ/train_4/MHZ_TZ_4_train_z_500.asc
ncols 100
nrows 81
xllcorner 5.5967107548124995
yllcorner 50.982328804812504
cellsize 0.00017565037499993607
nodata_value 1.7014100000000001E+038
[rows 36 to 53 of 81, columns 0 to 40 of 100]
-0.32792057828592647 -0.35702289731943937 -0.39242218848839583 -0.43211594848305168 -0.47359726970099647 -0.51407334631968116 -0.55073453240231141 -0.58104306756366331 -0.60300534240487025 -0.61539111772457122 -0.6178677477586807 -0.61102676411486945 -0.59629307383079633 -0.57572194599660209 -0.5517040727928455 -0.52661241560125593 -0.502434563271698 -0.48043952936175338 -0.46092732586837259 -0.44310283828844566 -0.42510268918495853 -0.40418583176465805 -0.37707724894124284 -0.34043177814612924 -0.29136475315516674 -0.22798112198903189 -0.14982799398151417 -0.058199374163400736 0.043763093501238387 0.15120434773328337 0.25792381352054772 0.35694114933528054 0.44119283154389799 0.50427036936862335 0.54110205252204047 0.54848668841904347 0.52540916924058978 0.47310056468058792 0.39484426257771554 0.295567869537252 0.18129166752560297
-0.33833800146924053 -0.37218552527230786 -0.41272953403210089 -0.45773184831187264 -0.50440431736801372 -0.54964672064908582 -0.59033946658599668 -0.62365757314941694 -0.64736680222699983 -0.66006246277208991 -0.66131661248762885 -0.65170966287593135 -0.63273647888359852 -0.60659317767766474 -0.57586691538710655 -0.54316495120400243 -0.51072937902396132 -0.48008871908334183 -0.45179620320468317 -0.42529681566200339 -0.39895137748623744 -0.37022729311878755 -0.33604382911231356 -0.29323743307471872 -0.23909258746008813 -0.17186917226262147 -0.091251156252891291 0.0013543087203340132 0.10272299191662645 0.20795522390384211 0.31085123429493922 0.40448390435236004 0.48190150987089631 0.53687069345096228 0.56456071162713772 0.56207617097872042 0.52876653637864435 0.46627349689417941 0.37831647689562209 0.27025566251474364 0.14850437098341748
-0.35296982947425803 -0.39137747087955033 -0.43681906419177796 -0.48685250275629555 -0.53844602503453887 -0.58823202815609221 -0.63281938849635555 -0.66912860097762117 -0.69470810923209125 -0.70798992525492022 -0.70844835392606109 -0.69663675168729444 -0.67409235230880915 -0.64311629811750759 -0.60645286314614477 -0.56690623559363629 -0.52694325592629321 -0.48833482076082246 -0.45188653136286239 -0.41730053540831524 -0.38319600611662508 -0.34729660913098703 -0.3067715344907942 -0.25869467625676945 -0.20056717281564088 -0.13083473613979138 -0.049325663561047534 0.042459988768340978 0.14126431479701215 0.24221793292010949 0.33921666198367773 0.42549254365901468 0.49431257204108214 0.53971625114054567 0.55719358116610129 0.54421057128946937 0.50050963377540536 0.42814435388782635 0.33124711503359705 0.21556758794979222 0.087853724113816062
-0.37158003385166305 -0.4141659483791611 -0.46403429107326088 -0.51857906569523671 -0.57457323731158549 -0.62843427164488297 -0.67655113321439853 -0.71563544951525371 -0.74305334436801651 -0.75709423378791119 -0.75713899388132688 -0.74370168847894202 -0.71833493839974905 -0.68340685946506596 -0.64177486056987032 -0.59639614232964422 -0.54992454588262984 -0.50434716569657456 -0.46071127677109036 -0.41898278300315561 -0.37806239930804653 -0.33596657514451755 -0.29015872157812983 -0.23799501996719921 -0.17723065130008966 -0.10651941608681539 -0.02583483319820204 0.063254412439779223 0.15750687384470305 0.25215677283075844 0.34128621903991296 0.41838633137870529 0.47704253881901071 0.51165739778573216 0.51811438620104788 0.49429068587824188 0.44034594007594696 0.35874487402762267 0.25400987358244997 0.13223917051942044 0.00046090053118838514
-0.39345011186340795 -0.43963273659391211 -0.49323865236855635 -0.5515451561234852 -0.61118720065299881 -0.66842990766708166 -0.71950456563081078 -0.76096987252941917 -0.79005379337074944 -0.80493123224115859 -0.80489910750217852 -0.79042264683758345 -0.76304313030406457 -0.7251555999280237 -0.67968265943763795 -0.62968498731708378 -0.57795864502884564 -0.52667245213212288 -0.47709518991789879 -0.42945252490014263 -0.3829383264119921 -0.33588605202843769 -0.28608508351137441 -0.23120662040443143 -0.16928645847069282 -0.099200151140511311 -0.021061818485453548 0.063517300776234381 0.15136015610681638 0.237871845987395 0.31740218169967516 0.38378971777666426 0.4310254470760706 0.45395288395034128 0.44891098548650332 0.41422971822461041 0.3505053495726651 0.26061169084827118 0.14944044581049679 0.023403015771940677 -0.11023845284338976
-0.41749318631060417 -0.46651173916462474 -0.52297810982595028 -0.58410539954358942 -0.6464541525583436 -0.70620670833088406 -0.75950603518728377 -0.80282057730846157 -0.83329015920270022 -0.84900783266652002 -0.84919906524225386 -0.83427210076168956 -0.80572994215105664 -0.76595281758074085 -0.71787754630596545 -0.66461445728914414 -0.60905151631948562 -0.55349794755965731 -0.49941560819228492 -0.44727620066773066 -0.39656725032561857 -0.34595128554051757 -0.29356281027563935 -0.2374086305017731 -0.17582113548933889 -0.10790340861916495 -0.03390141104818914 0.044556791359886744 0.12440136059775239 0.2012659116256367 0.26983603210079887 0.32437030125309174 0.35933576587854732 0.37007894084237758 0.35344268728877859 0.30824127178413208 0.23552112456543858 0.13856177750048945 0.022606684092108725 -0.10564786055286993 -0.238741377889683
-0.44240747573345729 -0.49336508649303168 -0.55168070120188961 -0.61455871517573923 -0.67855201981055746 -0.7398328910099945 -0.79452829368448219 -0.83908165500526399 -0.87059666714423933 -0.88711849755756544 -0.88781426115591167 -0.87302697490472125 -0.8441937109819575 -0.80363685523061301 -0.75425458981578064 -0.6991504940528066 -0.6412506287134867 -0.58295859465413113 -0.52589468188363675 -0.4707549984593653 -0.41731166237505657 -0.36455744379379196 -0.31097958325191688 -0.25492990179764652 -0.19504376486179512 -0.13065083649683976 -0.062117447217229144 0.0089351340006984248 0.079579892664374235 0.1457246071312823 0.20244284771876928 0.24446746691343077 0.26679294797021735 0.26531274344737177 0.23740653486904864 0.18239271985283731 0.1017743192500947 -0.00076906021349223974 -0.11965739077236284 -0.24793113046578721 -0.37795684546468389
-0.46684931637140759 -0.51877509069845074 -0.57786738408815141 -0.64137767854860872 -0.7059175873706347 -0.76772103313247753 -0.82296975563106578 -0.86814546977504126 -0.900365588837992 -0.9176591818881743 -0.91914609977814798 -0.90509422425320762 -0.87684582487337526 -0.83662163619225982 -0.78722785337474521 -0.73170438217470823 -0.67296057817859189 -0.61344642500707658 -0.5549025832277632 -0.49822273402817596 -0.44344747385982664 -0.38989237138393085 -0.33639551015311286 -0.28165375096175982 -0.22460381271429244 -0.1647956829828037 -0.10270315374844854 -0.039920330893436523 0.020795948943602788 0.075660319719277197 0.1201697830085133 0.14956652885352481 0.1594039105951621 0.14614724903449447 0.10772941334530697 0.043979811847008027 -0.043144198864488975 -0.14957278373981733 -0.26940437524957717 -0.39543367876848623 -0.51987186769898985
-0.48960263542640226 -0.54152644339607336 -0.60034604989216822 -0.66341336790480776 -0.72746116572699737 -0.78885155844434829 -0.84388583551904794 -0.88914092571265213 -0.92179156638626614 -0.93987688656998669 -0.94247599018148964 -0.92976851772367208 -0.90297139206613553 -0.86415968832792522 -0.81599526552904278 -0.76139915323809704 -0.70321100854640095 -0.64388039293297683 -0.58523018982973118 -0.52832297865121203 -0.47344792941305669 -0.42023040987961435 -0.36785071563354288 -0.3153437963684893 -0.26194007813284514 -0.20739980983225562 -0.15229089268790688 -0.098163639422711141 -0.047585612620710621 -0.004015192434619258 0.028487402045640681 0.045690327371363554 0.043717928393446209 0.019613624501435306 -0.028136943107301554 -0.099200377819376878 -0.19117770858267072 -0.2996255659216831 -0.41833916573025687 -0.53988481044254943 -0.65633228204342131
-0.50972222537892131 -0.56075422922831342 -0.61836259480653322 -0.680047997921021 -0.74271958935659388 -0.80292527795524293 -0.85714062630473142 -0.90208429714738303 -0.93502199321476986 -0.95402030925584347 -0.95811722489763262 -0.94738645580691561 -0.92288698335939623 -0.88650461781079359 -0.84070702956509269 -0.7882451484346118 -0.73184060918263749 -0.67390023846403424 -0.61629449290649019 -0.56022804416213523 -0.50621863322897487 -0.45418640152521572 -0.40364170886086481 -0.35394643145822924 -0.30461319980632595 -0.25560010887836793 -0.20755603104785161 -0.16197443879067222 -0.12122187524870023 -0.088420645353898514 -0.067183026637044257 -0.061214677652513122 -0.073825638949486044 -0.10740558419184879 -0.16293284780247511 -0.23959156903308268 -0.3345661249170524 -0.44306610635774746 -0.55860912641024629 -0.67355507286262462 -0.77984794472123087
-0.52663238124830958 -0.57603853562475882 -0.63168920472942114 -0.69127500926753749 -0.75192683057540721 -0.8104239552819732 -0.86345761036211632 -0.90792104249342698 -0.94119158694008087 -0.96136941597653802 -0.96744222320694551 -0.9593544249652135 -0.9379721413481934 -0.90494928189841106 -0.86251333180685341 -0.8131999423746501 -0.75957173509331644 -0.70395812069027652 -0.64824946291724594 -0.59377128182732708 -0.5412535383944781 -0.49089773251731317 -0.44253196055023802 -0.39583249195391046 -0.35058095503834097 -0.30691982322171718 -0.2655663568107629 -0.22794707753846125 -0.19622155364512697 -0.17317566967937173 -0.16198002789387381 -0.16582742354481209 -0.18748255586258269 -0.22879484376539863 -0.290238673320658 -0.37055192405713977 -0.46654099013703554 -0.57310744234313293 -0.68352801669504204 -0.78998744992324332 -0.88432623949643407
-0.54016964938894008 -0.58743472471756686 -0.64063942912369098 -0.69769683445305919 -0.75599316331402822 -0.81257054028699693 -0.86436167996549029 -0.90845137312155222 -0.94233423329724397 -0.96413710312684797 -0.97277816962734009 -0.96804275590938627 -0.95056675075016761 -0.92173099462238905 -0.88348175607418833 -0.83810195848114399 -0.78796375763353832 -0.73529475624533291 -0.68198756580982911 -0.62947615340829 -0.57869340086449572 -0.53011371202083457 -0.48387351239123988 -0.43995219133157004 -0.39838740896817249 -0.35949256903886639 -0.3240413666266897 -0.29338524431943125 -0.26947472258189464 -0.25476499497363125 -0.25199954165819327 -0.26388190142840839 -0.29266361755231451 -0.33969361235502615 -0.40498829222220689 -0.48688982957617521 -0.58187984565599571 -0.68460537722636172 -0.78815300527044863 -0.88457643340754388 -0.96564558260541156
-0.55056719795468023 -0.59543822443580341 -0.64601044219844006 -0.70044239446863399 -0.75639660745433401 -0.81119439609804633 -0.86201920590565084 -0.90614746073319807 -0.94118079241708186 -0.96525206792041951 -0.97718019422604563 -0.97655497045434103 -0.96374233100793072 -0.939810784842666 -0.90639011428894856 -0.86548195933368599 -0.81924763036035686 -0.76980071225379731 -0.71903063311185056 -0.66847873702249805 -0.61928123527164214 -0.57218462024146444 -0.52762967575795106 -0.4858910396913958 -0.44725123080945406 -0.41218192851728919 -0.38150180698531511 -0.35648000457872409 -0.33885784545350883 -0.33076897274201911 -0.33454948089377234 -0.35244432157547245 -0.38623297040541826 -0.43681421784701502 -0.50380458119926375 -0.58521450101137151 -0.67726850541802341 -0.77442775141778908 -0.86965471459096566 -0.95493083187289018 -1.0220011122694785
-0.55838699718537921 -0.60089218583241166 -0.64896317441890217 -0.70101743078569534 -0.75500215787704494 -0.80851928582233823 -0.85899593148584241 -0.90388371790933064 -0.94086552408554924 -0.96804627535030408 -0.98410569889215394 -0.988395427514555 -0.98096979127586836 -0.96254805371405139 -0.93441449320335135 -0.89827038642667945 -0.85605761663316349 -0.80977664193486509 -0.76132164978300376 -0.71235299808038821 -0.66422190833952888 -0.61795544695062299 -0.57430184046250154 -0.53382790510138545 -0.49705262794896288 -0.46459451038935962 -0.43730594728578454 -0.41636639313318491 -0.40330797675979557 -0.3999529823349196 -0.40825229695332177 -0.43002713946625493 -0.46663213811968074 -0.5185744577957464 -0.58513890455106687 -0.66408001675456252 -0.75144623473413397 -0.84159584616273253 -0.92744802283789773 -1.0009849549288024 -1.0539849470006626
-0.56441306985513862 -0.60485392493901502 -0.65085904536555983 -0.7011092827786678 -0.75383324926370543 -0.80690125923834444 -0.85796225509298552 -0.90461176510326613 -0.94457433267673574 -0.97588128114114658 -0.99702458185876397 -1.0070700405050901 -1.0057176899103188 -0.99330354215946803 -0.97074386448771754 -0.93942998566520131 -0.90108744982315181 -0.8576174101810774 -0.81094002123751685 -0.762859030169599 -0.71496383277358522 -0.66858023196586425 -0.62477450836261839 -0.58440783852679301 -0.54823035648327645 -0.51699710862258841 -0.49158269634040885 -0.47306840747517565 -0.46277588173527118 -0.46222541345701629 -0.47300511931649147 -0.49654917396597709 -0.53383832513705487 -0.58505242977943495 -0.64922059958169265 -0.72392695098274751 -0.80513592699561876 -0.88719795349049391 -0.96308194249225665 -1.0248555200199423 -1.0643985675444514
-0.56952347653029323 -0.60844062749427863 -0.65307673168482649 -0.70237257002445475 -0.75482492549804769 -0.80854880348196723 -0.8613809427802166 -0.91101748285560813 -0.95517417401782323 -0.99175420434975914 -1.0190070567402301 -1.0356620852926004 -1.0410227577952309 -1.0350115503055153 -1.0181608766333112 -0.99155158192539505 -0.95670669597987978 -0.9154535543474156 -0.86977132504513577 -0.82164283608785449 -0.77292901852631024 -0.7252811830834911 -0.68010097400576797 -0.63855073551720531 -0.60160898680660391 -0.57015771650688118 -0.54508135495200882 -0.52735263391965992 -0.5180790622735747 -0.51848617537515729 -0.52982045525735932 -0.55316578364297597 -0.58918177830451457 -0.63778895149572368 -0.69784215392745375 -0.76684744378287595 -0.84078523739386457 -0.91410140791959582 -0.9799157510967077 -1.030473272435813 -1.0578294889255664
-0.57456000771380067 -0.61267594305848183 -0.6568333965426052 -0.70622310753255002 -0.75958898695690369 -0.81525844771521472 -0.87121326494707008 -0.92519874255828372 -0.97486451668726959 -1.0179261494339964 -1.0523332999254884 -1.0764282289820648 -1.089078133570236 -1.0897665828060568 -1.0786331538880516 -1.0564559532547297 -1.0245784473102217 -0.98478904321409777 -0.93916812659967697 -0.88992176461715244 -0.83922319670414813 -0.78908208942391189 -0.74125730290537417 -0.69722205353613775 -0.65818172424273369 -0.62513533317531222 -0.59896314068816903 -0.58051637315414584 -0.57068175385040676 -0.57039437448816566 -0.58057794412185393 -0.60200162280528358 -0.63505684396006723 -0.67947436094268332 -0.73401905423898939 -0.7962149734220626 -0.86216244987468782 -0.92650979288938196 -0.98263171076952094 -1.0230442729121045 -1.0400531172829874
-0.58021296503411701 -0.61835709711137499 -0.66303241961411086 -0.71366465650712829 -0.76921841049342543 -0.82819589604605293 -0.88867643808907681 -0.94839945228651068 -1.004889104674255 -1.0556136857568958 -1.098167539076143 -1.1304589404570367 -1.1508844792165602 -1.1584699970228987 -1.152960463540857 -1.1348463392737644 -1.1053214960546875 -1.0661766311501533 -1.0196409584853268 -0.96819230725539929 -0.91436028619693399 -0.86054798857499759 -0.80889452764070735 -0.76119387127366145 -0.71887594412272371 -0.68304517106464568 -0.65456115235379841 -0.63413760176534573 -0.62243048063912698 -0.62008553020826995 -0.62771979077055207 -0.64582126837437626 -0.67456504202209278 -0.71356138686986725 -0.7615697081741285 -0.81622832895426534 -0.87386113568644475 -0.92942451983953878 -0.97664943832964046 -1.0084126666737621 -1.0173394126799771
