_RESULTS/CROSS_VALIDATION_POSTPROCESSED_CLR/Berg/TZ/6comp/3/Berg_TZ_z_90_kriged_reverse_6comp_spherical_3.asc
ncols 100
nrows 90
xllcorner 5.6208707817415728
yllcorner 50.959635321741573
cellsize 0.00013419651685393446
nodata_value 1.7014100000000001E+038
[rows 57 to 75 of 90, columns 43 to 85 of 100]
0.07903757468355366 0.027551112253948018 -0.02546785130406004 -0.07344028876557607 -0.1097663368082975 -0.13278611700155207 -0.14834526709987994 -0.16631807437554857 -0.19105716497993463 -0.2227497710453188 -0.26270034900508965 -0.30145407414602654 -0.3288110350279143 -0.3399663484760451 -0.3306086854352317 -0.29716612859929636 -0.23296402150702167 -0.13170755590487393 0.0028904107877563145 0.156302199986869 0.31449615566718014 0.4667153441983777 0.6041691730294313 0.7228838000360375 0.8432583555461604 0.9995085859564535 1.132755161615356 1.2388519730722294 1.3175344442701198 1.3702416961453583 1.4020312350524466 1.4166781426362869 1.4139765974574061 1.393291977277563 1.356177126752802 1.305139937719466 1.2466371409153438 1.1898014670311798 1.1356097730231036 1.0854277083561037 1.040646918217962 1.0026867045000296 0.9730217325811679
0.17334926454447253 0.13064927334894505 0.08669609484551377 0.045967756587848685 0.01235615826273273 -0.013576756627202702 -0.03582023288123093 -0.06100826223206557 -0.09087843571953402 -0.12567326203676954 -0.16660165352204803 -0.21202597378390564 -0.24621416321891054 -0.2633005829932866 -0.26100408332040215 -0.23397606477054067 -0.17839690990224732 -0.09220898711949 0.018106403019546136 0.13786389048976988 0.2677540905904847 0.3961374049782209 0.5158922198591133 0.6288235245240729 0.7481700151713282 0.8778833039806727 0.9998793771098099 1.103496757878815 1.1857592164304787 1.246636101577607 1.2860734240694203 1.3037532479457845 1.302898700809739 1.2852673978112974 1.2529063837780157 1.2074080592907759 1.1570761786737846 1.1087528151941473 1.0633326252896176 1.0222146555245681 0.9868338585317199 0.9586415334337404 0.9393164214952993
0.2697733679573422 0.23503153343943872 0.19845441211894788 0.16313737501195047 0.13148228464464484 0.10432427439792757 0.07881703182340183 0.0495153546176772 0.01684830438073681 -0.019571676130100135 -0.06054571610970316 -0.10482222974191102 -0.14390895705644047 -0.1649995731098859 -0.16647871419444216 -0.14645820890624295 -0.10314695206314428 -0.03625758002250401 0.04928904642261567 0.14590115782465307 0.2512326907532124 0.3599355320455665 0.46591701885728953 0.5721539217042723 0.6828790411442589 0.7967775600437541 0.9063015495808969 1.0038269031363245 1.0840112353984415 1.1446895149909626 1.1853277927611698 1.2063306019927469 1.20865730156903 1.1943582201464014 1.1655670245501086 1.1248839947299996 1.0824404328340516 1.0424314969921484 1.005725122849709 0.973720027010099 0.9478558529493353 0.9304572481645735 0.9249817556888233
0.3642849773158796 0.33671183985447695 0.3064080113133343 0.27561689838706394 0.24599366798193578 0.2182002718605397 0.1911334921524115 0.16037939381756472 0.1268549166023507 0.09014212029025193 0.05146287630969226 0.012233947620007735 -0.026192619760750047 -0.05313872206242043 -0.06074567320876856 -0.04835968706149196 -0.015816405283838098 0.03553550741027589 0.10211761690245225 0.17973127806947897 0.26505684690408204 0.35452069757605886 0.4457060730240875 0.542133405214395 0.6422028779642714 0.7427855115451503 0.8389973350395412 0.9255291076691894 0.9983695656348544 1.055117557478448 1.0946568692407725 1.116776475061595 1.122570006024037 1.113386277101893 1.090305215175887 1.056810736150064 1.0232311664707732 0.9919614864852384 0.9640675556689304 0.9414534116546017 0.9269571133990573 0.9224800645437279 0.9246364840126754
0.4535123625701286 0.43250986129490365 0.4078029177320954 0.38110893419768 0.3536816350570182 0.326106186621279 0.29800125726987725 0.2674443800282812 0.2350434170061294 0.20144393119759185 0.16711927619958034 0.13284900038258396 0.09983401810789938 0.0700288515758345 0.05442282118620545 0.057341067389227174 0.07811166940903735 0.11510555553350299 0.1656352333506822 0.2265261574881018 0.2946467439730135 0.3668834141388402 0.4432509305246066 0.5258135927569971 0.6122590761479798 0.6994924879999003 0.7834572859589292 0.8596506137376166 0.9247334630436291 0.9764050572363269 1.0133405251379797 1.0356610558867823 1.0437127917027482 1.0379893297987202 1.0192048610961766 0.9939793965244895 0.9696902442012808 0.9483112597283216 0.9313793291175687 0.9207834907917148 0.9183626845662436 0.9229957715782567 0.9246577677041646
0.5344653290244687 0.5195983111523319 0.5000853656397142 0.4773096862794921 0.4522775343619292 0.42551233829174606 0.39769187880063495 0.36988132139525776 0.34129065426154326 0.3121707461729383 0.282519700341769 0.25307899977329473 0.22493284053648666 0.19937946676261542 0.17820394210755353 0.17064950482140484 0.17929070505842137 0.20245813995023654 0.23787512442185477 0.2828827784676001 0.33468182563286797 0.3908284181445656 0.45381322311005756 0.5228965406735443 0.5956093835882563 0.6690969277165362 0.7401261296015702 0.8054051919711389 0.8620043018595693 0.9078410745094996 0.9419624390303405 0.9636656279609059 0.9727755225981075 0.9695431546057838 0.9555609581422282 0.9400875380690068 0.9266031251704431 0.9164562123606774 0.9110773132117714 0.9122393234395078 0.9193816329290655 0.9238471627234592 0.9246577677041646
0.6043929587924812 0.5942581147006752 0.5797053074022868 0.560956793635255 0.5392981822093764 0.5155316844160266 0.4916821693256538 0.4687693785450433 0.444554875206407 0.41947806487482486 0.39426061903081233 0.369501882491733 0.34578428798096617 0.32415644432954105 0.3056978465856687 0.2914280820996986 0.2877875377908067 0.29743353373916603 0.3183070649993468 0.3480500272115781 0.3841275529563283 0.42634890187841246 0.4766525075327611 0.5329123274783955 0.5927637359717416 0.6536308322146738 0.7127755480375866 0.7675530703294471 0.8159357493665085 0.8560967739440402 0.8866873487728354 0.9068793501940875 0.9163081367578972 0.9149921672829197 0.9079260088965502 0.9020087354445223 0.8987866706502241 0.8993172007266703 0.905046672918383 0.9146789601235323 0.9213676295836457 0.9244691236730479 0.9246577677041646
0.663834428727031 0.6556520229938778 0.6469478267596345 0.6336028127912527 0.6166050651517778 0.5972389108055389 0.5784048022321726 0.5606687813602538 0.5417755063113134 0.5215649550325242 0.5006128904557754 0.47961759867755394 0.45958279610968467 0.441303580492015 0.4254084535217669 0.41253397430072514 0.4031913692112036 0.399768606233763 0.40648172160906626 0.4214194948420582 0.4428484576665842 0.4732009741651936 0.511478780153205 0.5556147948520632 0.603418266112093 0.6527326558976821 0.7013857916254991 0.7471886047140375 0.788155212182805 0.8226227968120958 0.8493212328321134 0.8673888705898434 0.8763475388164865 0.8774351491726486 0.8783730463842684 0.8814338886139521 0.8878724237042932 0.8985407621609304 0.9097220312589585 0.9180088764481865 0.9230845602652342 0.9246577677041646 0.9246577677041646
0.7164496165040767 0.7086477373823743 0.7035125454053351 0.6954977352803157 0.6832995010090859 0.6696877938927657 0.6561249171715577 0.6432386988438814 0.63003527503795 0.615050463141173 0.5988836332958235 0.5821225742322768 0.5653407961546868 0.5494163983274721 0.5351840964133633 0.5231260634616173 0.5135532400873117 0.5065672814610379 0.5020604567938689 0.5026025103388738 0.5122666146981966 0.5315045552789598 0.5585571426485937 0.5915778335198244 0.6286435663760988 0.6677779808603408 0.7070015780222612 0.7444104349270584 0.7782681406451946 0.8070877892956799 0.8296863426651115 0.8452056386169855 0.8533071009907024 0.8598255862077603 0.8683008579775583 0.8798549480065412 0.8935377804464221 0.9052575738114187 0.9145121990721277 0.9209585873958943 0.9242717219204294 0.9246577677041646 0.9246577677041646
0.7617324711896021 0.7541066068898237 0.7487156781545409 0.7449603978461092 0.7389053612998777 0.7314045479466325 0.7232688690813112 0.7151410706128343 0.7072728879857524 0.6977028761477955 0.6864055061640044 0.6739454401517385 0.6608375279222963 0.6475362610848431 0.6346130786789652 0.6229019417957407 0.6126555813747911 0.603922138627726 0.5965557479140707 0.5923818037000943 0.5943340726365364 0.6032391115883192 0.619865378258059 0.6425694147254055 0.6695988922284803 0.6991758540389434 0.7295409537909622 0.7590119654708187 0.7860483509135958 0.8093097004112846 0.8276977119667054 0.8403769159821719 0.850818583213627 0.8634251947525572 0.8771447377551894 0.8902739326944238 0.9019019049546133 0.9115117223916895 0.9187352861703293 0.9232251388348878 0.9246577677041646 0.9246577677041646 0.9246577677041646
0.7987883277896548 0.7912047621677266 0.7850702425830092 0.7821472777990681 0.7823006381343988 0.7809695349366346 0.7783522665293348 0.7750817236756076 0.7716557762531102 0.7675496254583821 0.7611759632002815 0.7529892041936503 0.7434531231547215 0.7329532759141704 0.7217804031918946 0.7102807459926328 0.6991917257490103 0.688575506272063 0.6797889650358675 0.6758554694085406 0.6769518578336083 0.6829732781150766 0.6936083677898236 0.7083364576849245 0.726428004485815 0.7470111250280052 0.7690051330959693 0.7909330348440593 0.8114126541152251 0.8292185862314925 0.8429234437736897 0.8538891038760291 0.8655010312631344 0.8773796818038191 0.8891296589678732 0.9000976227133898 0.9094968914434796 0.9169374378773809 0.9220529603546339 0.9244953838188986 0.9246577677041646 0.9246577677041646 0.9246577677041646
0.8267804129296747 0.8190929958586812 0.813547449732178 0.8113161891026424 0.8127766547823301 0.8170156518155784 0.8199673140821722 0.8216101360105896 0.8224212371194526 0.8227559181708042 0.8213389416947992 0.8173989634518741 0.8113532804145902 0.8035312393725766 0.7941624962788933 0.7833614496318505 0.7713413114782928 0.7602115686164528 0.7526490936632988 0.7489630994856438 0.7492420733053247 0.7533851030840608 0.7611004832722668 0.7719061111763574 0.7851336066987764 0.7999385847743178 0.8153187534106373 0.830139675447622 0.8431659222957584 0.8530939546402678 0.8613393080412621 0.8705337841521098 0.8803138880383242 0.8903079613999156 0.9000776396826257 0.9087785124433508 0.9159355524614057 0.92117123474929 0.9241247649702096 0.9246577677041646 0.9246577677041646 0.9246577677041646 0.9246577677041646
0.84365824425476 0.8386894087382442 0.834581581893254 0.8330833071317391 0.8346932691489599 0.8394159455770007 0.8467728950407064 0.8533610492913857 0.858431820162437 0.8623158261090795 0.8651558532240029 0.865435815941874 0.8628122997617034 0.8575673370001318 0.8498818659226137 0.8398420310779791 0.829353469135529 0.8204072479179112 0.8140746080426725 0.8106166165741142 0.8101110082170648 0.8124612318871528 0.8173957840728401 0.8244701410011148 0.8330723133085641 0.8424332010704204 0.8516424306673629 0.859669329373259 0.8654696738651468 0.8711735366653551 0.8779779346981114 0.8855771391859986 0.893646068121664 0.9018445191732232 0.9094647490402751 0.9159230471417574 0.9208416856776273 0.9238554302906122 0.9246577677041646 0.9246577677041646 0.9246577677041646 0.9246577677041646 0.9246577677041646
0.8493372483909065 0.8503566500565228 0.8476597157025832 0.8471003332419125 0.8489175785949117 0.8533788377158084 0.8602455102553033 0.8691085708839317 0.8783860693376231 0.8858107523383587 0.891507122848078 0.8954561534718553 0.8961939868386141 0.89343957613348 0.8877857034322975 0.8812889636316426 0.8746259933010956 0.868194970510226 0.8630235989551105 0.8597732461693216 0.8585117599452838 0.8591471411427627 0.8614273479141733 0.8649428663657794 0.8691325734759984 0.8732934241961161 0.8765941629251699 0.8789612274011975 0.8824576545078503 0.8870719080900287 0.8925748403844471 0.898703284427609 0.9051715374381746 0.9114523043780802 0.9169022880471631 0.9211550772843053 0.9238514641298612 0.9246577677041646 0.9246577677041646 0.9246577677041646 0.9246577677041646 0.9246577677041646 0.9246577677041646
0.8447705001071674 0.8521295559176696 0.8523969890110722 0.8527930983439966 0.8551461072434331 0.8594566111868713 0.8657574999316551 0.8736450043766448 0.882600565030135 0.8920297141805396 0.9004679252988088 0.9064676033035306 0.9101602390423158 0.9116218522293085 0.9110716454356436 0.9090675477236962 0.9060657378353418 0.9024073985201173 0.8984849820190569 0.8954227744876329 0.8934308590446594 0.8924217963153103 0.8921616723216721 0.8922728356368683 0.8922395316090297 0.8918402318785563 0.892435335038433 0.8941602846864449 0.8969144337775574 0.90054536485403 0.9048579351353645 0.9096238651953087 0.9144348475013961 0.9186844150873741 0.922025172889504 0.9241150751054004 0.9246577677041646 0.9246577677041646 0.9246577677041646 0.9246577677041646 0.9246577677041646 0.9246577677041646 0.9246577677041646
0.8303665948178156 0.8435440831284722 0.8484126605454081 0.8497630726856236 0.8528002684912988 0.8573704000956346 0.8632727749111524 0.8703552099616765 0.8781082532684809 0.885983268810844 0.8939087157573552 0.901707218240917 0.9091150657487965 0.9154662815886989 0.9199888639062633 0.9222978214590742 0.9227985849148073 0.9217937216963696 0.9194703275010614 0.916578740973705 0.9138791475200583 0.9112889002451474 0.9086611496961841 0.906547176275847 0.9052288874340089 0.9047823732894696 0.9052293733365209 0.9065375734618579 0.9086236697605229 0.9113586435043729 0.9145744881616158 0.9179267154444757 0.9209029878877629 0.9231944783187999 0.9244864618633511 0.9246577677041646 0.9246577677041646 0.9246577677041646 0.9246577677041646 0.9246577677041646 0.9246577677041646 0.9246577677041646 0.9246577677041646
0.809098818200755 0.8264556624942381 0.8356522203036232 0.8383456868332317 0.8420889305321757 0.8472748323960442 0.8536012251851839 0.8607826625474069 0.8687172001689584 0.8771088150391589 0.8856442948586355 0.8940399840453506 0.902039206882592 0.909409350301154 0.9159394092712927 0.9213714981633079 0.9248650252282506 0.926318454571573 0.9258672292073622 0.9238415393038182 0.9215284200097631 0.9193148119206922 0.9173876821397232 0.9158994234987053 0.9149620953669351 0.9146432650958204 0.9149638757702717 0.9158983035946758 0.9173764887637211 0.9192871328450651 0.9212967136652439 0.9230385935492122 0.9242506367342345 0.9246577677041646 0.9246577677041646 0.9246577677041646 0.9246577677041646 0.9246577677041646 0.9246577677041646 0.9246577677041646 0.9246577677041646 0.9246577677041646 0.9246577677041646
0.7872017449984111 0.8076612543515398 0.8201623958243273 0.824792263185987 0.8292709078701737 0.8354050415186209 0.8427955176975566 0.8510489164762811 0.859809189986142 0.868873860924453 0.8780493820640006 0.8870523808141024 0.8956322254849184 0.903565305259291 0.9106507545311446 0.9167075005758881 0.9215723236453927 0.925070796963798 0.9266993338101402 0.9264102283027913 0.9252671348859252 0.924048293160239 0.9229197436752351 0.9220163787784734 0.9214374918032556 0.9212435470046536 0.9214544680938916 0.922049568415967 0.9229344648154518 0.9238056121360961 0.9244497289137703 0.9246577677041646 0.9246577677041646 0.9246577677041646 0.9246577677041646 0.9246577677041646 0.9246577677041646 0.9246577677041646 0.9246577677041646 0.9246577677041646 0.9246577677041646 0.9246577677041646 0.9246577677041646
0.7656403589247303 0.7885011960958554 0.8037472771204089 0.8108005614308887 0.8162094039520527 0.8234907526004289 0.8321084682239033 0.841578094011939 0.851494561739381 0.8615284701964465 0.8714129982169359 0.8810088144563958 0.8901403454894428 0.8985971651326972 0.9061911993717708 0.9127530194646252 0.91812948260699 0.9221822197478522 0.924786593514877 0.9258308538874473 0.9257247150934735 0.9254436783853365 0.9250664377851757 0.9247135267755446 0.9244737328592445 0.9244015538174108 0.9245038247114571 0.9246280768523938 0.9246577677041646 0.9246577677041646 0.9246577677041646 0.9246577677041646 0.9246577677041646 0.9246577677041646 0.9246577677041646 0.9246577677041646 0.9246577677041646 0.9246577677041646 0.9246577677041646 0.9246577677041646 0.9246577677041646 0.9246577677041646 0.9246577677041646
