_RESULTS/CROSS_VALIDATION_POSTPROCESSED_CLR/Berg/TZ/6comp/3/Berg_TZ_z_250_kriged_reverse_6comp_spherical_3.asc
ncols 100
nrows 90
xllcorner 5.6208707817415728
yllcorner 50.959635321741573
cellsize 0.00013419651685393446
nodata_value 1.7014100000000001E+038
[rows 19 to 37 of 90, columns 0 to 43 of 100]
3.450070963091265 3.430824730495512 3.4107968838639358 3.391075242876483 3.372695508664669 3.356609007906708 3.3436461383028773 3.3344784664698692 3.3295836525081133 3.3292179496067362 3.3334005413446843 3.341912343082898 3.3543094741761292 3.369949124248307 3.3880237389365577 3.407598775847132 3.427649708393585 3.447095108213629 3.4648240275129787 3.4797171405366987 3.4906619872890436 3.4965631624079747 3.4972885112195233 3.4972885112195233 3.4972885112195233 3.5045684311283654 3.532150005665567 3.579067388812504 3.644003245429725 3.7256104362552995 3.811089440902787 3.8845742213142893 3.946186528978351 3.994934450515142 4.031725287172709 4.057576551023804 4.073316654257721 4.079390359885559 4.075505919772716 4.060030020934519 4.029102426105871 3.9759229561827265 3.897252127574852 3.798903574446335
3.417531637181074 3.3919772340281593 3.3659930047212243 3.340784286565236 3.317517145389454 3.297279592382421 3.2810353148110467 3.2695736131690847 3.263461468269776 3.2630050044123733 3.268227194079482 3.2788661418033307 3.2943942920813765 3.314054790665601 3.3369084180894664 3.3618837603394773 3.3878243937006043 3.4135290146900665 3.43778272772359 3.459190208743876 3.4763404462494183 3.4883752882957486 3.4944203733101284 3.494797790974333 3.4948129804316967 3.5058336680203097 3.537966682688166 3.589787433590916 3.6597815861991205 3.7450341451357434 3.824455534142604 3.891784694090633 3.9478010727643618 3.9930578904292435 4.026926444858107 4.050333512009361 4.064436020799741 4.070172507372572 4.067937562443974 4.056858356597625 4.033230939096867 3.9960254547799234 3.939056054947922 3.840758178555194
3.378392522344133 3.346238725897642 3.3139518122638005 3.2828701590106664 3.254313503001454 3.2295370070170106 3.209672713967036 3.1956626893613436 3.1881922050327054 3.1876342955438766 3.1940170416156155 3.2070210332905105 3.2260076129002746 3.25007139662965 3.2781060793588384 3.3088719462877187 3.340917559521924 3.3719336064626675 3.4008152555027533 3.4267322864300716 3.4488438588800667 3.4662929683535024 3.4781968615285526 3.483636118053486 3.4841021910091508 3.4981854086374358 3.5340432058800304 3.5902583306542946 3.665323942209474 3.7517078743861823 3.826727466407397 3.8885923794599386 3.937972077089952 3.9766952085386724 4.0057562715230315 4.025179621773772 4.0357137349971 4.038822180831067 4.0358441500488285 4.027548118451579 4.021576723556821 4.023992146017721 4.002966513473369 3.898771557474941
3.333848829518355 3.2947908830288153 3.255820729082684 3.218424934746098 3.1841032766287247 3.1543159472790303 3.1304100393791554 3.1135294964775255 3.104520024082274 3.1038469238340642 3.1115453646227142 3.1272164901310404 3.1500704590972064 3.1790046776115526 3.2126050651737685 3.24789967108597 3.283317939632945 3.3179590143886757 3.3509326172688088 3.3813667173414172 3.4084022490964454 3.4311797815200866 3.4488223755191583 3.460418055177768 3.4652831647679134 3.481242948369862 3.519598408592191 3.5789225410142924 3.6576931663612307 3.7420199791985445 3.813195498996437 3.8712664656954905 3.916451381051634 3.948995988977368 3.97005797069061 3.9821098560361934 3.9862419554503186 3.983070229251843 3.9743625398021303 3.9687514142783265 3.987711747238375 4.030533006068819 4.077562172542712 3.957663636634303
3.2851899880927746 3.2389209142919504 3.192858068250372 3.1486484441176517 3.107999793863954 3.0726234190247594 3.044143782996677 3.023976829476958 3.013191817772256 3.0123854308617326 3.021603013389031 3.040332330134826 3.0675719658184115 3.101094983502845 3.1374894310233303 3.1756059512751866 3.2143902598989738 3.2528255578219567 3.289954229988698 3.324876461008972 3.356733905334939 3.3846852303677135 3.4078788555590074 3.425426951449961 3.4366704940238 3.4552698118171588 3.4948794040787874 3.556008189120322 3.63692509550273 3.717496588386343 3.784764840019069 3.8388245456079493 3.879757944814584 3.907658648136803 3.9226570829639873 3.925142613378742 3.9180366912344744 3.9031254305091645 3.8841012286862697 3.8846334903216206 3.9092319970664544 3.955641539390006 4.005759345065863 3.874684363185476
3.2338164368401774 3.180046858031419 3.1264664749447424 3.0748874694992603 3.027251220605491 2.9855736047860675 2.951839041652506 2.927837284846129 2.9149588202852836 2.913994650961919 2.925005337826324 2.9473104485803687 2.9778622662594776 3.0133036492700054 3.0523666234171105 3.0937408004129754 3.1361778853959894 3.1785438579610545 3.219828836723331 3.2591296337965714 3.2956170311536175 3.3284963325251047 3.356967188995969 3.3801871214408914 3.397373511635902 3.4205902668888784 3.4603866401169774 3.5220365416607438 3.603032808644264 3.6798600120605993 3.743316247711559 3.7933306304640757 3.8297933210346553 3.8525687430753246 3.8615018701735218 3.8564138261242644 3.8371100300192316 3.8058680073507984 3.781667844862579 3.7780286876215157 3.7886171864089206 3.8001611640594857 3.7727028893242367 3.6407648827429586
3.1812553372148122 3.119745821205617 3.0582349152334958 2.998689787712831 2.9433006059717224 2.8944436290981583 2.8545698038367933 2.825992300853274 2.8105795088897016 2.8094232484105164 2.8226079957880073 2.8469984348316832 2.8789943590435416 2.917048546996098 2.95945258143887 3.0045626225516453 3.0509195489812337 3.0972858037473543 3.142630026808563 3.186084059590884 3.2268878363692086 3.264331147010256 3.2976978701975015 3.326216962382201 3.349024013599845 3.376047531752328 3.4168765090496445 3.477826268746811 3.557526892944672 3.6309682986234955 3.6909175166236174 3.7371066566099587 3.7691971949134175 3.7867787053931705 3.7893496031957823 3.776269745621092 3.7466642677045656 3.7049846029458147 3.6782990088078473 3.665842090386825 3.6578216343600736 3.637784504806372 3.573475434981165 3.4369417135427267
3.129171036622144 3.0597816757157976 2.9899882217053917 2.921876792939168 2.8578667579947243 2.800486711016047 2.7528809547109447 2.718333460115529 2.6995945995447252 2.698302544081828 2.7125602620348683 2.7381394326653052 2.773019807676264 2.8147476960790385 2.8612773113842587 2.910611845947561 2.9610884752424345 3.011406013920373 3.0605645429604356 3.10778628659677 3.152433164365454 3.1939271927995767 3.2316770469347595 3.265014360604536 3.293144211967199 3.3226947532252433 3.3653448283572316 3.424486866123819 3.5021548429322693 3.5727734528963544 3.629764495784021 3.6726470511168565 3.7008432522055594 3.7136643760819013 3.710270232351976 3.6895894252497388 3.65018954436418 3.610232960894965 3.5829584502717453 3.5640386493312217 3.5447792510681726 3.5107357877196628 3.4374321508409595 3.308379772757205
3.07936308120006 3.0020885747858737 2.92286386570795 2.8438378090821033 2.768095328417827 2.6992333568146307 2.641358806997655 2.598839092493888 2.57563290016852 2.5730294189644507 2.5872601903703183 2.616371772645291 2.657198587982146 2.706061145551214 2.7595133614161265 2.81465180772578 2.8694264660453714 2.923454030643631 2.975970847008946 3.0263619892998928 3.0741759067865257 3.119023789868165 3.160487370797583 3.197851345235736 3.2302072652803173 3.2610739220587486 3.3043662307542663 3.361524217596079 3.43711794244197 3.506269905494801 3.561739194323602 3.60250443210713 3.62767596270206 3.6366740251765157 3.628395064247708 3.6014599463480645 3.5577243448692926 3.5240896606756356 3.5012747306283396 3.482186040748099 3.4620360585649683 3.4308526399529087 3.3701540363978952 3.2699722486576377
3.032105163805861 2.9440353422126293 2.852965371993702 2.761533216391655 2.6729078859495945 2.5910214782114593 2.520789521263964 2.4680667177317237 2.438502278596665 2.431844096285081 2.447509351843996 2.482426899795099 2.5313900544784183 2.5891269447130263 2.6513029585073937 2.714655711663741 2.77679583511531 2.835965988478804 2.89130170849015 2.94399483078654 2.9935479488078705 3.0388527557172873 3.080321415612245 3.118213461374623 3.1524562275113297 3.183825084421065 3.225864577973089 3.2811233003577236 3.3547433235071886 3.4241988732452513 3.480618804807224 3.5227409524378883 3.5490969929212013 3.55800551817637 3.5471183783657523 3.5148170077097975 3.4727106782646775 3.4462815867922663 3.431117363343123 3.4206136293026783 3.409313974538823 3.3942056729378085 3.362209312956051 3.303074851187165
2.9839032156561047 2.885024524403441 2.7824216229424015 2.678558927958427 2.576457208303169 2.48008009375552 2.3949306525372673 2.3286668207944636 2.2879300658578097 2.2767833998018063 2.296480054771582 2.340700128891962 2.4006122443393085 2.4688794613562655 2.540443544602201 2.6119812507639346 2.6812874980886763 2.746859792170251 2.8068804554788676 2.858782377432484 2.904648766777586 2.946912473475507 2.9864297259501296 3.023765013201242 3.05905464525425 3.0919189510132385 3.1313297005012943 3.1844555528431284 3.25580247042 3.3268448528285557 3.385595278082471 3.4305610800735784 3.4596081883545633 3.470061227549266 3.4602339845328203 3.428242735186886 3.3947984823592883 3.3775905106993447 3.3734239922941494 3.37709320182236 3.3835123853781 3.3928109986266826 3.3951156780686227 3.3783308783348334
2.936827574612104 2.8280811659787837 2.7148320667588193 2.59923980049875 2.483899545584501 2.372276940522341 2.269651643460949 2.18439533889432 2.1260487463545035 2.1101267876541634 2.1388734077762996 2.1977347256141693 2.2716583402144392 2.3515161313516106 2.4323439934868665 2.511322982332315 2.586611302302892 2.6543253530939723 2.7132995330054444 2.7640440244013984 2.807228353471478 2.844882327959714 2.8809382751287247 2.9164596480065064 2.9518489330967497 2.9868178576600375 3.0238247977833983 3.0743342020516358 3.142732396377494 3.2168349655298876 3.27941431204761 3.3274073546448246 3.358756787303313 3.3719601398436967 3.3653829046375154 3.3385547326712297 3.3197751638773236 3.317555411693837 3.327393087597041 3.348267796763683 3.3776226754768675 3.4145268291054434 3.4464921035294456 3.4703953250246267
2.8914916225214498 2.7744923869321116 2.6526938880596806 2.5277133892917223 2.401223081986511 2.2755371022072444 2.15471231705735 2.0435128309799304 1.9568781430315987 1.9350126576651927 1.983967103350557 2.064267764246803 2.1536712324591303 2.244274745649313 2.332781568548607 2.4167889718589217 2.491488069882883 2.556446170913024 2.6122842265926933 2.6598869320602345 2.7003528683761027 2.7348892537800666 2.7658900951042353 2.7981226739263407 2.832566327150884 2.8690270087981347 2.9065046276828372 2.953718191476066 3.018697238681118 3.0964975968373407 3.162378663183205 3.2137414831858284 3.2491065745854324 3.266962196944044 3.2657563866782398 3.247539870341915 3.243835965324961 3.2589294873332717 3.28877240404262 3.329752169669051 3.3827274856877647 3.443140074193077 3.50171625191175 3.560433373515403
2.8385028424506995 2.7153239848891713 2.587993417622969 2.4579305259901307 2.3263920517784196 2.194487019269295 2.0631115866208374 1.9285701776849784 1.7961990190533075 1.7626450226057009 1.8553453350076317 1.9570599482050335 2.057405157925709 2.154460618782725 2.2461665712657384 2.3272796707857735 2.397507456382677 2.457432872368038 2.5079033953370446 2.5500830453595578 2.585474929179928 2.615862049716566 2.6430896074499644 2.670434614211895 2.7028038341466027 2.740233759758473 2.7812169565482927 2.8260705790902243 2.8875612205116123 2.9660291596632056 3.036210287799703 3.092597101473814 3.1336626033668264 3.157937059446369 3.1640006947804507 3.1563003643063055 3.1674030344435344 3.199558085534255 3.2494185689388435 3.314147116295063 3.391021875649585 3.4691553865972677 3.549828142696658 3.63613929863206
2.7780002045444996 2.650720618899768 2.520518354562996 2.388911030293756 2.2572690427713242 2.1268520873969203 1.9979398246182312 1.8666875211425689 1.7424956621114007 1.7111035641212164 1.794402214527326 1.89262843809543 1.9912672962976379 2.0865527683221803 2.1717813158170096 2.2458138962458656 2.3088439260689553 2.3613410435038866 2.404122429342366 2.4384518758862157 2.466143085394832 2.4896014400819584 2.51165026786442 2.5349265925148208 2.5640295586447808 2.602129460552704 2.6470359255878737 2.695001664114954 2.751256159895475 2.8279066199459706 2.903999226701769 2.966942503549009 3.015216757664641 3.0474367791589065 3.062342228406124 3.0658196931199226 3.0907613277128383 3.138809239155668 3.2071471148418964 3.2934997446489693 3.3915972550937354 3.4859565502633414 3.58341181487741 3.690044819244934
2.7116590620538945 2.5823286514456196 2.451867423620742 2.322173401599647 2.1952298976706848 2.0734007287193332 1.9579244511641016 1.8504945586722044 1.769846907546849 1.7503351693477187 1.7957935305146373 1.870882135558527 1.9558934055578885 2.037996278243414 2.1116728203402584 2.1755006174599236 2.2288950978562028 2.271834277154824 2.304822447573879 2.3289798980119656 2.3462312670476293 2.3595487727929605 2.373036364056068 2.3912700916324963 2.41760915462092 2.4565635916390214 2.506172494124036 2.558874540409412 2.6143397173887952 2.686567253574997 2.7688791683603444 2.839675273644072 2.8963981380531534 2.937776237617814 2.9627130797549914 2.977170901648896 3.014343829889386 3.0763377314776696 3.160705212515629 3.2655072709521558 3.378342499916938 3.488252646053365 3.598048669549593 3.718238325767237
2.640537802131707 2.5109299834310366 2.382365441770297 2.2572432375313003 2.138297942832879 2.02903530792139 1.9309230425463602 1.8477868833690252 1.7933357307879456 1.7815738866304738 1.8130798219786293 1.8732636190138081 1.9419928448394972 2.006837897562967 2.0664689904116447 2.118123321815565 2.1602619177721305 2.1921780236413504 2.2138535737869622 2.2260028925945052 2.2303161454186964 2.2299860125460578 2.230500671770213 2.239746463117317 2.2645225466031897 2.305959118511053 2.3606788379774377 2.418389105244354 2.4800823300840715 2.550161242549134 2.6340367961169058 2.7136326189527757 2.779706094473471 2.831099701469233 2.866856871439476 2.8916755056735504 2.938931765190939 3.012313367199499 3.1096104095448482 3.228226777424817 3.3509020266019744 3.471809330062984 3.5921445086725923 3.719564719817558
2.565211665317814 2.436672028152392 2.3114814541317417 2.192477568668 2.0829574701909754 1.9870337395267788 1.9053393761777908 1.8414574857109614 1.8041130170307778 1.7997903798034685 1.8280533574939142 1.879567402055961 1.9367449333680984 1.9899642793850842 2.035473689835156 2.0745002193510813 2.104879532124921 2.1252579692533 2.1350330595082596 2.1343251032972885 2.124160012721295 2.1071028689058644 2.089028082565817 2.082656505561591 2.104817316413216 2.154197073687667 2.2154313531186443 2.279234273648515 2.3485343555046585 2.4249240014229763 2.507067351264602 2.5951152071667734 2.6712630497251517 2.732933788056119 2.7792937038045364 2.8130084981479477 2.86681764354204 2.9478091677694063 3.0542304843995316 3.181408868543496 3.3102404025094896 3.4377119223177064 3.564252010742757 3.6950253133626654
2.485971652804398 2.3593976109087587 2.238391459881166 2.126056873004905 2.0259556841314375 1.9422707200744258 1.8747022927576922 1.8259305422763084 1.8017072469914122 1.8053838466978132 1.835968948195219 1.8821865073970674 1.932491665286325 1.9797115946094457 2.01760111255042 2.04495531752245 2.0641829646178094 2.073534821129609 2.0719450373358277 2.0589768137989277 2.034822453892843 2.0005416771951054 1.9593032053132289 1.9241995544234294 1.9431396735926278 2.0112147208659006 2.0827545968850822 2.1533449277153727 2.229765071982164 2.3126960190363732 2.4002463364800395 2.4907156398681134 2.577170503603408 2.6492849903111564 2.7062098699682444 2.7484554020097822 2.805282844978369 2.8893318941143713 2.9989898279668883 3.128086577183353 3.258418718899295 3.3883050758165205 3.5166091115193825 3.646907354851763
