_RESULTS/CROSS_VALIDATION_POSTPROCESSED_80-20/MHZ/GZ/8comp/5/MHZ_GZ_z_1000_kriged_reverse_8comp_spherical_5.asc
ncols 100
nrows 74
xllcorner 5.5967023332191781
yllcorner 50.982320383219182
cellsize 0.00019249356164376555
nodata_value 1.7014100000000001E+038
[rows 0 to 17 of 74, columns 0 to 39 of 100]
0.030768433596583485 0.04170827156377008 0.04955485940826999 0.0505806640373774 0.04468129135915803 0.03418188039818483 0.02273899535572761 0.013730742029063249 0.008009040262485966 0.004792564283150738 0.0030950418016143727 0.002239608518831339 0.0018665216324092518 0.0018381250417655065 0.0021483403394202635 0.0029596435954223 0.004735441496423639 0.008626695604022397 0.01750555466469548 0.0234425903583645 0.02172869457297612 0.020525131129411105 0.018936850419237174 0.01717882275413974 0.015479516865125184 0.01357136924303674 0.01141080276067908 0.009306333061318197 0.007952290723257495 0.007154455041782027 0.006759525390218035 0.006683117461915207 0.006882885289609387 0.0073428183160179445 0.008064628975415312 0.008789634219240451 0.009139153781163124 0.009031681452556587 0.008328923449688583 0.006935298259572482
0.040784765277350886 0.05540084415675292 0.06642552616908952 0.06856073731296151 0.05998747690005735 0.042944985695189 0.02491491612807108 0.01263794958262225 0.0061754746199656554 0.0031359154814147154 0.0017577462992596042 0.0011530233709741247 0.0009125154700699182 0.0008798511985293732 0.0010311581316778766 0.0014494790899294513 0.002378619120152473 0.004358487777744732 0.008059568013821157 0.011655573047111309 0.013155281613282726 0.013896489216627745 0.013884805942587888 0.013620617773349712 0.013217502745444228 0.012616154666076332 0.011653147510384657 0.010168351404381385 0.008952325875766089 0.008309319780412843 0.008110913222566 0.008295095084892156 0.008840920982585128 0.009749575291314622 0.011027353737551399 0.012264236698529832 0.012875273136867864 0.012578792361111457 0.01087749183051034 0.008390159446668276
0.05062088300992415 0.06882144274293707 0.0837682170423425 0.0895926968216359 0.081228793793977 0.055356603249958995 0.026639532514440907 0.010839533289703345 0.004333831848894556 0.001874322351902016 0.0009325607317962659 0.0005551130163704945 0.0004086244783054445 0.000379944475667706 0.0004449260701498936 0.0006351455372888262 0.0010557647029745551 0.0019080640995052674 0.0033891456921245197 0.005291158585870802 0.007139720137253774 0.008744521039155668 0.009793127173418665 0.010563778680632295 0.01106854127968441 0.011265353913258606 0.011117128043998704 0.01057863876326131 0.009712318333659967 0.009352143883862473 0.009485636766393836 0.01009978829266405 0.011226243135131328 0.012917254433501973 0.015199558528335853 0.017358268081141156 0.018459711993955106 0.0173079139807907 0.013964423207274704 0.009923435450068432
0.057959370734823476 0.07781342005180382 0.09465872217454206 0.1044395142908364 0.10445564244279226 0.07346122965398014 0.02577502248106853 0.008221556502117538 0.002789957385428454 0.0010596045438392397 0.00046774066378869514 0.0002505208769210484 0.00017008891675793388 0.0001510772823066252 0.00017604248846509157 0.00025910412728617603 0.00044601893672643075 0.0008273423258393146 0.0015180129487409179 0.0025727923601900904 0.003944761187835522 0.005497346791851803 0.006914089014544549 0.008205335733490889 0.009283616268849708 0.010063340704476344 0.010473472585462376 0.010469857794070458 0.010114360088912163 0.010141047128184475 0.010729367042823392 0.011950266632330417 0.013943766490538164 0.016896572814453198 0.020910499020846032 0.024766008491239555 0.02647399598506238 0.023599669845280086 0.017656743479449066 0.011471423465127103
0.06075723701866869 0.0786292551210796 0.09160332222207838 0.09612296200533363 0.09018923724346312 0.058721725464096715 0.018342483603828577 0.0053643197621664135 0.0016663803710389447 0.0005706549059340104 0.0002244778788692323 0.0001071334911684416 6.629969842127547e-05 5.634824135397165e-05 6.648547051854012e-05 0.00010331702056450997 0.00019195135520740808 0.0003822886926510593 0.0007534672118712692 0.001393443182399389 0.00236861192912406 0.003659708936002677 0.0050836369038845695 0.006554678737886019 0.00793428189179109 0.009088857186924114 0.009904635746245389 0.01030101879088586 0.010242203883563337 0.01054621535855731 0.011652796762500977 0.013600652563210271 0.01671754010381469 0.02148927144819712 0.028253552473337322 0.03526282847642567 0.03775413347812264 0.031981704239522415 0.021912360343968682 0.012880461591564921
0.05868516435457342 0.07156147024636444 0.07658793994620151 0.07039832273391607 0.052090540247875704 0.027436256454444433 0.010043230149103511 0.0031271435428657825 0.0009529196388957747 0.000304194301193172 0.00010731770142177311 4.4856151684961106e-05 2.463325925312246e-05 1.998826383692287e-05 2.487385907952216e-05 4.308067609789633e-05 8.991017192636229e-05 0.00019940388953419515 0.00043076321458430564 0.0008684520942500504 0.0016076988716902261 0.002686826095430976 0.00401759741198376 0.005513135006631812 0.007023495418082365 0.008387322970101379 0.009458383361586128 0.010125879023742743 0.010327331017473981 0.010601094186604272 0.012076156196974143 0.014733575401883362 0.019039949525328274 0.025982987823665094 0.036414524138424435 0.04874898941400543 0.05369334982972205 0.0429200254747629 0.026219677717661535 0.013809676779540786
0.05328713456940935 0.060673105755425095 0.058993159667877826 0.04747563018267811 0.029914072782607805 0.01435581964254463 0.0055348471176538076 0.0018303220792779047 0.0005645509911543476 0.00017288720615029552 5.531863318637457e-05 1.9782382279870883e-05 9.06107860725117e-06 6.852410628767003e-06 9.7323615081162e-06 2.048493225900088e-05 4.998488670153178e-05 0.00012496617097879943 0.0002962034963661928 0.0006434117207563826 0.0012707600652736625 0.002233594852003611 0.003490741045600759 0.004970157521687751 0.006523601818624187 0.007977444082663127 0.009167366764153868 0.009965230165056918 0.010295366928104418 0.010519464590804871 0.011934505262165043 0.015063011642810056 0.020272993212901748 0.02900557821415397 0.04254483312445533 0.06114817199019143 0.07555826951645961 0.054671271539192864 0.028690467577884796 0.01370975564480992
0.04670033596924792 0.04997036003904807 0.044801568593369985 0.03269937528619795 0.01884481136051787 0.008789547745641585 0.003461806834740255 0.001194862200672224 0.00037876886389951446 0.00011511557320941369 3.470306381516445e-05 1.0741771379151229e-05 3.714886441693219e-06 2.317417595719565e-06 4.604417690839522e-06 1.2834373787768247e-05 3.670962181473143e-05 0.0001007025977596075 0.000255761129835574 0.0005834757444319454 0.0011961739381253192 0.002137946622069413 0.003381463342376707 0.004856273556398102 0.00641078220540753 0.007865118857891491 0.009049465766075071 0.009833453240867566 0.010143021495253264 0.01025707814195971 0.011467503163156492 0.014487870970433947 0.01999538736677659 0.029023237212119666 0.04258255430511537 0.060380049631027916 0.07316344558806225 0.05163516730205055 0.026374317271179136 0.012243716069931573
0.04047725958239235 0.041386596342160756 0.035102992865412255 0.02411955466335758 0.013524696029422044 0.0063652063903239684 0.002561180887318727 0.0009231531628907579 0.0003072277854510025 9.735264724387221e-05 3.0115862626917928e-05 9.264641946726577e-06 2.8920318568175388e-06 1.4098930656022302e-06 4.082068403425979e-06 1.2953535504517744e-05 3.9320430774551334e-05 0.00011102001275720586 0.0002868653710674405 0.0006612400057042438 0.001354230888104671 0.002373177070790126 0.0036714952203171017 0.005163503422974516 0.006685021448742851 0.00805440355708106 0.009109992508398198 0.00973657882408414 0.00987859478609616 0.009806051102887675 0.010738192373664844 0.013260499437073827 0.018337603211059386 0.02600536553804578 0.03656514334145746 0.0472254118067372 0.048826524627724195 0.03634317400105188 0.020510515257376998 0.00991232584409507
0.03531302983579545 0.035252674508254 0.029089426013910923 0.019518242836276668 0.011092857648594186 0.005396154260392204 0.002265098230657966 0.0008616284927111837 0.00030891872498613686 0.00010763137249751729 3.772341471222122e-05 1.401444649806073e-05 6.2827330180978545e-06 4.920407078864867e-06 8.764495231274095e-06 2.2904473625414424e-05 6.419760998390953e-05 0.00017288675495892553 0.0004287564695054433 0.0009548678083574731 0.001861217057144392 0.0030680768905002645 0.004465122610787524 0.00595577688046184 0.007377182177014829 0.008551118235252446 0.009342326756575915 0.009671106017470675 0.009517537198514427 0.009205298493182355 0.00984543335049003 0.0119193483016319 0.016099157210010713 0.02220794275881334 0.029775746847165784 0.03562877231961473 0.03439446096923201 0.025882146647296024 0.015506787531158247 0.00784723325708581
0.031295187153068435 0.03128518331220113 0.0258905627096616 0.017652180364450425 0.010375392091064658 0.005275746101206529 0.0023611029354771405 0.0009623622696841201 0.0003790413005015504 0.00015047871824484018 6.336664030475719e-05 3.0410392136720246e-05 1.883505747539341e-05 1.7904757417804762e-05 2.7862690755316636e-05 6.05864124322049e-05 0.00015001090689139286 0.00036944830731359436 0.0008440737203698983 0.0017403680115503195 0.0030723967641597006 0.004599067056210099 0.0060847631237575675 0.007457814864444562 0.008580954772514237 0.009359192545345708 0.009725700320022363 0.0096232707236611 0.009091620611191273 0.008660674700497441 0.009243365987176354 0.011033415173836124 0.014262097301189887 0.019093265659795675 0.02456978495855742 0.028072567989943793 0.026282770088314523 0.019918788797354724 0.01238167381007757 0.006530141801812598
0.02953379148020489 0.03067413528315551 0.026369900153803104 0.01890239780865757 0.011632246010209919 0.006176318224989306 0.002920516715153535 0.0012830907673003235 0.0005525361662317259 0.00025150437227401733 0.00012787637971479763 7.69387755493884e-05 5.9637087396053886e-05 6.461864012233571e-05 9.93195684076548e-05 0.00019891489881127385 0.0004520452466637977 0.001021948946305875 0.00210906408987821 0.0038412025358332633 0.005883127123418149 0.007740847114493981 0.009078524771796395 0.010003350886583471 0.010498959920917785 0.01056526553654394 0.01023736948242434 0.009650173295212786 0.00890167137820014 0.008493114310848595 0.009046959651295483 0.010468696011519108 0.012998868902869342 0.016870619604130895 0.02106040325282195 0.023518074109867584 0.021794736316200887 0.016695576363649014 0.010684590904644456 0.005846946672088605
0.030420904021326294 0.03355336487554225 0.03088893257350434 0.023976041293392227 0.015552271510768727 0.00855153725757112 0.00423865591479109 0.0020144532569728933 0.0009669952281633396 0.0004930820038703048 0.0002870813956543706 0.0002033873726381066 0.00018577414653794892 0.0002246276168741607 0.00035919783105909747 0.000717043743601819 0.00159940387242565 0.0034468772059265598 0.006373590974701503 0.009691154200432364 0.012400477707863254 0.013975940880958639 0.01433107151569987 0.014004714322194684 0.013267709012189296 0.012212139321363816 0.011089225476822642 0.01004797800407251 0.009034313350093292 0.008667172081024471 0.009055585838985504 0.010202816531911824 0.012280425753136408 0.01551491019118838 0.01897098233640837 0.021035839927484444 0.019564387692129467 0.015232788859925758 0.010027152926152689 0.005685625223810791
0.03335711092186623 0.03959205490662669 0.040190691480779715 0.03517895428853194 0.023946500153259814 0.01324844594615715 0.006826688861094636 0.003478050578517063 0.0018330067855080816 0.001046711079883117 0.0006811130386857744 0.0005379705413937329 0.0005434429465056772 0.0007222747866815464 0.0012314560655972964 0.002572446648518482 0.006073971513237721 0.013475414845112138 0.021628933240340705 0.025762087131086114 0.026699244254046826 0.02552636528333973 0.022969674544693112 0.019882376814269045 0.016977284950411824 0.014487263891758683 0.012527071985121043 0.010881770941584884 0.009476309218632151 0.008969248953461219 0.00923649990819438 0.010229140195806391 0.012065191372296022 0.014954491365857761 0.01805290734158119 0.020065918029655 0.018929527556823044 0.015066576701712233 0.01021827050748016 0.006005602864098405
0.03780717885400475 0.047966477212716734 0.05332347954885866 0.05534051726462097 0.03757366776015961 0.019868316356238917 0.010388663803034362 0.005550763601099261 0.0031445916200124363 0.0019677864163315283 0.0014205342054371035 0.0012349183030922013 0.0013434340067147907 0.0018902787190244856 0.003462489768210484 0.007901409038274623 0.02110845744936728 0.05697346159786458 0.07177601820083325 0.06260120736354345 0.053564707526369215 0.04482654467669423 0.03641837423180985 0.02860004125608376 0.022467407521149205 0.01815440021103281 0.014891375437929085 0.012125246787316225 0.010169607508823005 0.009424400174052952 0.009597987863049181 0.010554408588003142 0.012343449903475185 0.015159994266493448 0.018187818453357735 0.020333125235655822 0.01962638548788031 0.016052639279349308 0.01124148187335329 0.006852554617100672
0.043350646471729905 0.05745207945837635 0.06423176337753589 0.06044513501457003 0.04276461523439054 0.024643294833351283 0.013616853433455483 0.007698145291057311 0.004653921271221648 0.003135134018764789 0.0024484401628651615 0.0022981077195131385 0.0026690594856563065 0.003907238510173741 0.0072430602927540345 0.016821028806727575 0.04534342949155587 0.11688059203428061 0.14345804286813135 0.11812539311002217 0.09437271216804517 0.07378657325286177 0.056169333461694414 0.041522130825233754 0.030861347257482893 0.023458145552177283 0.017961997105552956 0.01375609577250911 0.011386105177826296 0.010389185531008453 0.010409211420741775 0.011326833164376842 0.013167784076544124 0.016182471740362612 0.01940973530628159 0.021763995281274522 0.021652412332251802 0.018277211143266466 0.013237243912740738 0.008427241773488343
0.04994795542554261 0.06502928665244416 0.0677311145795305 0.05843705119379125 0.041920271024557525 0.026133741812043428 0.015396485165062408 0.009192445461288336 0.005863241681642576 0.004175334308865719 0.0034483758712750825 0.003407603863229737 0.004118777481957289 0.00615064711086655 0.011284884768912085 0.02443921678818573 0.057207948848694345 0.11740420454686645 0.166216983389804 0.1692964121472739 0.14267256092423072 0.11034148165218036 0.08103256812273343 0.05806949194600892 0.04144697143312631 0.02969451143548142 0.021366315043541445 0.016010562845754868 0.013218675584316615 0.011996262170196356 0.011926258381607073 0.01292137631167072 0.014977586369317522 0.018304199107423386 0.021930042761284168 0.024643814711030044 0.025204380013476076 0.021714983408062452 0.015873267213658337 0.010433092339589771
0.05484705815933188 0.06787164382422484 0.06693915365615215 0.054753279722728136 0.039070421637348855 0.025111866452851336 0.01536866819903656 0.009512482511025964 0.006283905729273929 0.004637473413605551 0.003968208545550797 0.004046831862449293 0.004997699329923248 0.007475337362476781 0.013102837070719816 0.025960661010969964 0.05405565983678652 0.10377808310381917 0.15817012017452378 0.18855058211580442 0.18089567773768714 0.14498125816529012 0.10552655433054123 0.07515725105583666 0.05271736499639129 0.03623502215676699 0.02515252297943008 0.019039219677000577 0.01582182691489912 0.01441638215264972 0.014367896884072626 0.015603269444293431 0.01824137236110187 0.022344109951832693 0.026517093169636605 0.02922130109207561 0.029034539498055824 0.024765901389354094 0.018312902018305127 0.012362839585877033
