_RESULTS/CROSS_VALIDATION_POSTPROCESSED_CLR/Berg/GZ/5comp/5/Berg_GZ_z_1000_kriged_reverse_5comp_spherical_5.asc
ncols 100
nrows 90
xllcorner 5.6208707817415728
yllcorner 50.959635321741573
cellsize 0.00013419651685393446
nodata_value 1.7014100000000001E+038
[rows 19 to 37 of 90, columns 42 to 83 of 100]
-9.141755899611567 -9.300218590816396 -9.137856243286496 -8.777545197139295 -8.333079816026855 -7.864453972337606 -7.413242028548716 -6.997460603359103 -6.617944063658924 -6.26580112895474 -5.927435053893367 -5.587608140032822 -5.23114689752472 -4.855288476421222 -4.502340638694338 -4.172383719879746 -3.8709369548585726 -3.6120273249308337 -3.404649687831733 -3.2552952437421925 -3.0678518660391854 -2.8343767958163073 -2.605003429217524 -2.457657643427533 -2.3777067201653166 -2.337409671548815 -2.3222356804094595 -2.3251267869135424 -2.3436914905900172 -2.377924207574994 -2.4289540176642728 -2.4984207420537254 -2.588171292414488 -2.6994146640611483 -2.8252961101633076 -2.944015430946151 -3.0327229993027913 -3.090962025895393 -3.118408083373624 -3.1148657077686113 -3.080275981273465 -3.0226749011046836
-8.93535611273375 -9.054866218870654 -8.859167358664731 -8.477861830624699 -8.037851789865478 -7.60152917850392 -7.203875962661453 -6.85699020093818 -6.555173158443408 -6.283807058030572 -6.025044727687239 -5.760833072739114 -5.474213058984637 -5.167576859878875 -4.879100636769024 -4.614184645112317 -4.378177123668693 -4.174257036177598 -4.0118492452806604 -3.8936564918512335 -3.730335453719656 -3.5066420213616665 -3.2481987161091608 -3.0278793003407403 -2.873380647202034 -2.7679507427267147 -2.6917803112113146 -2.6395747024613856 -2.6086751834001185 -2.5982760727894822 -2.6086904107519606 -2.640860975961938 -2.696069716464718 -2.770911556757915 -2.8593306070267577 -2.9574790613072266 -3.0312671952243826 -3.0748292260555132 -3.0877392218779365 -3.069732413486908 -3.0207165645341094 -2.9530022437350114
-8.809955381248386 -8.869397701267424 -8.538586346024427 -8.062762869987466 -7.594829755244266 -7.189212466267048 -6.859974057133724 -6.604345065066722 -6.404087142263927 -6.235664623679812 -6.07589207888139 -5.903995932706873 -5.701792066732043 -5.48322507880796 -5.287586195590858 -5.111459892095066 -4.951748539896359 -4.8099550849642005 -4.694678618889469 -4.5954612617291195 -4.4391534182472645 -4.206693167218932 -3.918298001993105 -3.6268033948927134 -3.389887804143211 -3.212378215305023 -3.078394326444017 -2.9722187949156176 -2.891891043224232 -2.8364472725605725 -2.8057288711747064 -2.8001435440414735 -2.8198071881739732 -2.855931227111871 -2.907291652160125 -2.9758905294395523 -3.033394573192714 -3.060931211212262 -3.057945344642861 -3.024069377411899 -2.9594780323470182 -2.88227892041039
-8.721186611381103 -8.67984508074036 -8.069688164027305 -7.4640839184239045 -6.966121567896197 -6.607789980582432 -6.374469770839392 -6.240405031258044 -6.169117313846571 -6.125981262143147 -6.082727649299069 -6.017121952000432 -5.918013842935585 -5.819377764041564 -5.7359827431567005 -5.660535369055326 -5.58683894952655 -5.512671213310947 -5.44349652273324 -5.347820857168793 -5.1810579051712615 -4.923227976542165 -4.5962552964247 -4.236965384584041 -3.9213439564827097 -3.662757430408645 -3.4653569086905773 -3.3082983735494005 -3.180649114876899 -3.081605630917213 -3.010799817026162 -2.968280510011303 -2.950956283993909 -2.949455360199099 -2.964958242434218 -2.999559907382663 -3.0388150142236476 -3.0493215433849423 -3.0294001914616033 -2.9785513165861004 -2.8993199698927103 -2.8126846081721046
-8.08356806329076 -7.954337280090576 -7.2552105300686165 -6.605492627349392 -6.118007046781402 -5.843167754433397 -5.750108168467774 -5.777541952826995 -5.86484633913934 -5.967168509205942 -6.058473117926925 -6.120986902749027 -6.1490985625574215 -6.181861226064678 -6.220739172455878 -6.256904891586084 -6.279227223412134 -6.27809567325597 -6.244534013160614 -6.1386837510965915 -5.942314742965165 -5.6423164895706375 -5.265227176563713 -4.840191499067108 -4.448620210568969 -4.113802342325444 -3.8425247105826514 -3.6344560963883668 -3.4631109130977356 -3.323408565501318 -3.2149080425234082 -3.1374375001299657 -3.0834406053530734 -3.0464569730825524 -3.0280914950674642 -3.029798589723837 -3.044707740612052 -3.035063243511432 -2.9954314072665165 -2.9258004994244944 -2.8348466713015297 -2.740476247003455
-6.828743386585806 -6.6462673726574675 -6.104716990858476 -5.49581913072327 -5.049101898175618 -4.902602785895177 -5.014397497534453 -5.253348498397354 -5.531626432854778 -5.802689410777422 -6.042224429113997 -6.236439739577863 -6.400305349443404 -6.567524946680145 -6.734628887029753 -6.8924935255131725 -7.023318142387636 -7.103139257875056 -7.087106881835219 -6.953516894521725 -6.704627418406483 -6.344931057263349 -5.907108318448442 -5.416625295768891 -4.952801462582228 -4.547519568536934 -4.207962765862913 -3.9390838966088153 -3.728586491425989 -3.552371898851693 -3.4096888744058216 -3.299698746682177 -3.2112314586937396 -3.1371194681449937 -3.0793161605084234 -3.0413491302091584 -3.023757879891667 -2.9901086891781823 -2.92859427870352 -2.8398690240767586 -2.7411244235215637 -2.6406806025253142
-5.665535392826193 -5.407998554750129 -4.897854607139352 -4.277099871406356 -3.8152084367982386 -3.8588040239104893 -4.269475883726534 -4.762360639280143 -5.241245328279936 -5.676183076376272 -6.054622936269105 -6.37338109275781 -6.672792866936492 -6.968810889222469 -7.26297807422212 -7.549951693727196 -7.807147208931996 -7.9773606598861955 -7.959979097645394 -7.769466822788539 -7.439883270950832 -7.004428403576477 -6.498985718567579 -5.9446934278822745 -5.414999916854663 -4.9469458245916895 -4.5471097784888155 -4.22027032127044 -3.968558088426001 -3.7626617525741337 -3.591582044337373 -3.4464244029613815 -3.3144597451265225 -3.1968076183183167 -3.0973455134802705 -3.020248270852568 -2.9690326269378513 -2.9111395201361647 -2.827611847446975 -2.7248939617545007 -2.619851884136638 -2.514493020188679
-4.7029345470190425 -4.400447973574693 -3.8968378313685528 -3.232463328626107 -2.524830589310976 -2.928036886122878 -3.691062245128334 -4.405279456392319 -5.048924247579357 -5.619689371350551 -6.1145218385344275 -6.551751317578716 -6.969771086902279 -7.377324043700769 -7.783677493408093 -8.19456626080585 -8.597781470547416 -8.879775774815041 -8.842361655298083 -8.54012993049026 -8.102763162122312 -7.585259569846145 -7.014111348851724 -6.402385480859124 -5.817237052962413 -5.298796039400509 -4.85429965911074 -4.486413564378301 -4.197277329052095 -3.9676100523676276 -3.761286199195489 -3.576347132702307 -3.4034173305168682 -3.2448913051996784 -3.104858524388339 -2.987722483096727 -2.8979144985315246 -2.8078973644467133 -2.6976773733070436 -2.5851032525054816 -2.475232076657111 -2.366682312673409
-3.970106256670456 -3.6789951012635673 -3.2541357177364683 -2.7396625560509653 -2.3426208316354256 -2.7049434812924766 -3.474557428728993 -4.265192538294571 -5.00313118879457 -5.6661941973291245 -6.250726028501159 -6.791812907057502 -7.3018449974186765 -7.791656885004 -8.27693262505396 -8.775865056266262 -9.289559490352932 -9.7662981256209 -9.646498385791805 -9.164299566155995 -8.628794928585027 -8.047615504537136 -7.42613305995671 -6.773284067670483 -6.157206287067153 -5.611405110345 -5.138808907028395 -4.741752600565817 -4.414512611634458 -4.147360652327421 -3.9079517749003676 -3.6878609347497173 -3.478394496368849 -3.2827795846247234 -3.1054559912551816 -2.951199796008008 -2.824960745465466 -2.7015686627840476 -2.568064021504688 -2.4379690191487633 -2.314823933801801 -2.2016926967162576
-3.4668587219544267 -3.23647458747834 -2.9532528901569597 -2.691828711056539 -2.627937402569215 -2.951537342559782 -3.5860796384736986 -4.340010040604063 -5.104733712691694 -5.817683335132774 -6.4799555665631345 -7.096696240490257 -7.667435485953246 -8.202177557345507 -8.71850797900619 -9.22846041484501 -9.700606355088345 -10.0659765552231 -9.97074044263173 -9.5243653351314 -8.972712817676424 -8.366310629132979 -7.727572056416891 -7.063150324542649 -6.4375409231564795 -5.879271279279314 -5.391430292417465 -4.966430038748055 -4.599650275550788 -4.2958286590360855 -4.028810910494698 -3.778622042127594 -3.5372040644739307 -3.308400284412924 -3.097144314244695 -2.9087423925470564 -2.748663678293303 -2.597094011607438 -2.4456085319732193 -2.2990109825290843 -2.1610876359906666 -2.035004790300953
-3.1570097411418976 -3.0072112252564898 -2.8683153057394195 -2.8076261382049372 -2.9202588466756034 -3.27765543199243 -3.8550953305992666 -4.56256756682965 -5.315940401333328 -6.0716026713402815 -6.797927805254236 -7.466741565881376 -8.068070503075985 -8.610550517961318 -9.109795293022568 -9.543770693612647 -9.889825466926931 -10.078074040121582 -10.005224024113987 -9.665932062607414 -9.162511478207993 -8.578345504760483 -7.9440116163996315 -7.2791738958557985 -6.657289674569411 -6.097757649249198 -5.595717650984872 -5.14454865016757 -4.7482844611972155 -4.412215846538858 -4.122580024839164 -3.847420139276444 -3.5785982853222835 -3.320435775198265 -3.0785027194767087 -2.8588042084034857 -2.6706655880529615 -2.499527528063636 -2.3304770469939933 -2.168351915487614 -2.017325896066194 -1.8807959931029998
-2.995869756025057 -2.927387215704945 -2.9099935160893864 -2.9870210140270155 -3.2097974294095453 -3.610283365381138 -4.1768344976834 -4.861265035976852 -5.618191033158059 -6.414082322237747 -7.194728543397975 -7.90376978609128 -8.515145689559187 -9.033085250624005 -9.452949638217337 -9.782073183585041 -10.009167900505762 -10.098273187589049 -10.008258588272199 -9.708764898416256 -9.258775492527183 -8.709388550256929 -8.092067770011363 -7.438253396525372 -6.826918114986771 -6.26995614750149 -5.752264347306238 -5.27974126571946 -4.859636327291514 -4.498771885407714 -4.1894272614567365 -3.8941736420357858 -3.6022863610184657 -3.3183528175137518 -3.0487149037818124 -2.8034412076292226 -2.599290007533357 -2.4087525105235557 -2.2222724534290244 -2.04539527174611 -1.8828338480022646 -1.7383358161575533
-2.950783728520626 -2.952763745678494 -3.0247672116984363 -3.194514343220739 -3.49039846342218 -3.9281079532476286 -4.500558871886411 -5.194040784918629 -5.986600535239651 -6.831551331604854 -7.670010426303234 -8.420821963278083 -9.012890379767668 -9.440267693499099 -9.751869234365442 -9.97363623585925 -10.103581167957323 -10.125501775497833 -10.000410731180967 -9.71541591486412 -9.29733708797229 -8.77687652831864 -8.180011572748422 -7.552679813870255 -6.963718664237452 -6.406363562940694 -5.885702453597634 -5.403238832799715 -4.965020186763253 -4.578882111156462 -4.246498373912713 -3.930584785433438 -3.6145495133988828 -3.3039881151564576 -3.0121423229693263 -2.7542602661614444 -2.534981481210944 -2.324240806815702 -2.1200302011534133 -1.9288226715827033 -1.7560217498782698 -1.6057929356700478
-2.9957123494985853 -3.0498699989961073 -3.1834129331213186 -3.413431804372922 -3.755869804579716 -4.219421252160347 -4.8174788434562785 -5.5439655164975505 -6.377893074145236 -7.291090408825295 -8.221748221550783 -9.013481567117362 -9.508864064814325 -9.799531479922088 -9.992248884419677 -10.11713638224641 -10.171706847106002 -10.13911066515127 -9.981305681269241 -9.695132628593369 -9.296421671864323 -8.80464553892335 -8.235521249539616 -7.650601822132152 -7.084387585183792 -6.534777366922867 -6.0132906674802395 -5.528594687368061 -5.080757517355853 -4.67655680814447 -4.3204109223537435 -3.9798424585750065 -3.6405376901039377 -3.308631378964476 -2.997063366488043 -2.718977490238502 -2.477652761463112 -2.245095875506258 -2.0222533889968934 -1.8166498388038308 -1.6345374630081575 -1.4804982629440633
-3.1094288892291715 -3.1979341315954333 -3.3696840512756587 -3.6346568191497197 -4.007673812189034 -4.50728166909183 -5.13463392365789 -5.8855445439218625 -6.753204624539807 -7.7096909013972095 -8.720917763512595 -9.655810568887057 -9.93010778054651 -10.044862175847888 -10.13793194933768 -10.194541545664897 -10.199516689673889 -10.12019205636703 -9.93825580344418 -9.656610533586328 -9.278586734151911 -8.812227714308406 -8.274792074585822 -7.733744000480119 -7.191632464799868 -6.6574250379348 -6.142465278377378 -5.656979285426603 -5.206997917027708 -4.792088352952453 -4.417349576026257 -4.0559801593112725 -3.6993647844852546 -3.3524008828986918 -3.0215902098072096 -2.7204524751180417 -2.4427874778413132 -2.1740641341955915 -1.9269745809684733 -1.7063129888060757 -1.515440972861604 -1.359287127544428
-3.278158817421372 -3.3847160108745524 -3.5791273703904576 -3.876394236931401 -4.284720972866291 -4.808755475594578 -5.447100141156437 -6.195359930840427 -7.037923573051154 -7.95297600359535 -8.904582651479458 -9.73533637852241 -10.020637686899722 -10.11111181394013 -10.167555773459704 -10.193890686827316 -10.163819609633261 -10.059966209106202 -9.874782102626135 -9.602028140658419 -9.24140605766925 -8.796543977186415 -8.30171381263903 -7.800538286286718 -7.287896042729232 -6.775683832368961 -6.274644436982301 -5.794585796713744 -5.345666177171861 -4.931577861371705 -4.55283653747691 -4.180149317372702 -3.807891353706748 -3.439168743564453 -3.087632968942087 -2.7601746392654345 -2.4389931475380306 -2.127634778855686 -1.8416770136183414 -1.595178192351148 -1.3953781154028424 -1.2388430537235235
-3.4927914490692102 -3.624014602200246 -3.8435507039235577 -4.160055910443866 -4.576079131270937 -5.092133973446982 -5.71128118717451 -6.422306166636417 -7.204695130492636 -8.025284257496175 -8.821083580607045 -9.465253114028714 -9.840657053243339 -10.018875882583954 -10.104149355781061 -10.125937384902949 -10.081491970394861 -9.971329344757144 -9.787208763445943 -9.523626029975365 -9.178495174988576 -8.75705751540664 -8.315368221523816 -7.85404930978174 -7.376494624040346 -6.8939651140374405 -6.417018885198299 -5.955604423283616 -5.519339832520576 -5.1162469436939935 -4.740105931196804 -4.358246861425243 -3.970207716879353 -3.5786459758759643 -3.1982815013579806 -2.8339871043389433 -2.4638304422728154 -2.1044709284561693 -1.7751443579241628 -1.493221717724837 -1.2719651118271602 -1.1160292676539445
-3.7261452694254213 -3.8849744860666866 -4.109271740486003 -4.422517024106921 -4.82551117474943 -5.3237589884029 -5.912596356770115 -6.575937937701349 -7.288681002499729 -8.012220358662962 -8.688116969306652 -9.243932830963086 -9.630816541959557 -9.864359633268881 -9.982085950953287 -10.006267997766516 -9.969345898729607 -9.86429381863247 -9.68682009344911 -9.4335519265619 -9.102627287595643 -8.723119858053636 -8.333251678829093 -7.916119921506588 -7.479936477644973 -7.03498824169494 -6.590893189084041 -6.156617566248449 -5.7406422007181375 -5.3513812136023216 -4.98277038794658 -4.594355305878144 -4.189575870717549 -3.775036581500303 -3.3612810955305306 -2.9413263358651918 -2.515471907160887 -2.100942204016368 -1.7219918338031528 -1.401017449113736 -1.1543974669728252 -0.9895608224592696
-3.9451806339365243 -4.120624230601083 -4.337031490340615 -4.63176715945619 -5.01321178612886 -5.485383672307573 -6.037338737167255 -6.6513353980551395 -7.301405641679204 -7.951537733511626 -8.555931533048922 -9.066537754125415 -9.451495798779463 -9.698415813190197 -9.81852081885814 -9.85391356572436 -9.826651546608197 -9.732099027789523 -9.565327545356135 -9.324675115763451 -9.019262975859842 -8.698540373012598 -8.361292700054967 -7.993588829978729 -7.604560658536312 -7.203249490506137 -6.798314116463892 -6.398464559941426 -6.0108949231715965 -5.642221563118667 -5.284202524146883 -4.892733393329647 -4.4714599944706945 -4.032042072333771 -3.5722355234073926 -3.085141208846502 -2.5934013530677937 -2.114415566848269 -1.6769167652186177 -1.3115233505675237 -1.0402899044878011 -0.8693594122612089
