_RESULTS/CROSS_VALIDATION_POSTPROCESSED_CLR/MHZ/IZ/3comp/5/MHZ_IZ_z_500_kriged_reverse_3comp_spherical_5.asc
ncols 100
nrows 81
xllcorner 5.5967107548124995
yllcorner 50.982328804812504
cellsize 0.00017565037499993607
nodata_value 1.7014100000000001E+038
[rows 38 to 56 of 81, columns 43 to 85 of 100]
0.4590439825317717 0.4897077540641094 0.5113674479397479 0.5256468416290451 0.5341915762545983 0.5347942440359362 0.5164364556720121 0.471381083093997 0.39302151598238255 0.2825062315307542 0.15811098250897565 0.06324251915404383 0.011986113364528539 0.023011293158927693 0.10395186060644412 0.20888161792557958 0.29461224107836326 0.3717628732423827 0.44101805487566026 0.503383248036226 0.5603948140895889 0.6136932599376476 0.6680369154505411 0.7292525394530047 0.7851880912277212 0.8171966890013938 0.8019334469943985 0.7403750399039689 0.6533445414942247 0.5582375018378511 0.4311620703643322 0.3103740072885842 0.24813304576976133 0.24740873766692884 0.30060932245361394 0.3936476746006995 0.5036705097800399 0.6072649174697375 0.6917820275557799 0.7583767183395929 0.8124080610718543 0.8581644900528207 0.8989515538365622
0.4538702485581771 0.48413481097185435 0.506037442024536 0.520631894898688 0.5295478822890286 0.5328172410139553 0.5208427888962721 0.4806151200478666 0.3918729929858135 0.25277354890919523 0.10323092921429611 -0.008557440476022693 -0.07173359561643733 -0.07765896493953317 -0.010868698684396216 0.09253386693094845 0.18834553716248464 0.27604757110204015 0.3621762118756292 0.4479111391566128 0.5323607125215246 0.618169789614204 0.7205416604558053 0.8342636439366344 0.9441555175767595 1.0256373507018466 1.040823550395829 0.9699416905407586 0.8375188418782484 0.677886502815723 0.5200941534986624 0.39345569048251666 0.32229161233698794 0.31130529137041996 0.35349701140620415 0.43310463605661725 0.5276345978308286 0.6177743932986517 0.6926872151847547 0.7551139656477748 0.8060469645946187 0.8477637845020543 0.8830486733652019
0.44969982436769496 0.47835251411902663 0.4990456203933659 0.5126888565515095 0.520129381883889 0.5232932298867597 0.5186676791498698 0.49384034152709094 0.3986749496263078 0.21383599478642207 0.033727485308499616 -0.097471340067394 -0.1722254756867303 -0.18398801485203586 -0.13400894371149696 -0.04855259751350738 0.06396516399320273 0.17571926341040817 0.28964936802349694 0.4041109903464871 0.5189714196225245 0.6507442647112385 0.8013872314018016 0.966471091943071 1.1335677708997554 1.2734359977925416 1.3174555976954083 1.2106028804270443 1.0023561509958374 0.7776305464718459 0.5815540582170874 0.44464366488868445 0.374723696256963 0.3673747937188846 0.4044079468028663 0.46750569959968474 0.5422630066468354 0.6163564182341315 0.6841904250359389 0.7427920766551139 0.7895026244784413 0.8258403816301529 0.8541764041387464
0.4472661274628775 0.4730383420243801 0.4909774821164834 0.5014271562736836 0.5041025752043905 0.4992565190909261 0.48693383144812546 0.45985398005663763 0.35599656133515434 0.13708538845279505 -0.06321949600360743 -0.21053194151079124 -0.29686003740439215 -0.3139340432605858 -0.2661482155960724 -0.17561813092720546 -0.04770353993598775 0.09559813911271609 0.23824553061962195 0.3802020793803731 0.5350462131179893 0.708376282737327 0.8955197733110947 1.0978643528615835 1.3132639007332927 1.5279713927153709 1.644583135805854 1.4530309119402864 1.1326349982735084 0.8359091049982978 0.6037464242871424 0.4652558433709422 0.4074938642603487 0.40773262320348325 0.44561721440836727 0.5033281162978152 0.5666734722975527 0.6254959246302032 0.6790221086175496 0.7251793864084768 0.7622832972743572 0.7902944415174695 0.8099831278863965
0.44797482222757756 0.4698017400160601 0.48364902750433647 0.48838505507019225 0.4815490238865244 0.4603870231761868 0.4220093278490469 0.3517352499385987 0.21711577133147014 0.015736285972516806 -0.18856055378455017 -0.3482295324125929 -0.44178211149462865 -0.44908605998783313 -0.393850663300762 -0.2891557809971139 -0.1422145896293101 0.03346426902962507 0.20911024542424034 0.38153468738046703 0.5645834642492218 0.7567486484098782 0.9574552878888205 1.1696749164318199 1.3959242493996773 1.6387335583718472 1.8742222824421462 1.531143001504434 1.1282506028786583 0.797889932922019 0.5608957339754135 0.43090586314328855 0.4013159819855179 0.4326359150509936 0.48614194297138263 0.5480099565139508 0.6060368735497882 0.6551040341793493 0.6960908494768049 0.7271988917836257 0.7481441294784739 0.7597167060822754 0.7633386439139522
0.45224586477060513 0.4684735861258741 0.47736259852664475 0.47614751574817793 0.45930527208503746 0.42026208657236164 0.3533068795322912 0.24904132127778159 0.09275235792279218 -0.1130037252520445 -0.3264893063759957 -0.49241618060151926 -0.5814342777843176 -0.5815088124960837 -0.5170540662097232 -0.3929718296958835 -0.22244342260752437 -0.025973616071461314 0.17356670573828653 0.3760651149347441 0.5796174287735814 0.7819165805681568 0.9813270447278377 1.176733116137754 1.36352478584314 1.5180400968531569 1.5442964542780528 1.3127198463350775 0.9505225901761947 0.6211497084492317 0.40821542599466376 0.33035845228962385 0.35592139338060763 0.43509675054345903 0.532407938246069 0.6123992715223255 0.6682417073790854 0.709882169994213 0.7377807558352005 0.7525991266859746 0.7558158504924721 0.749330050479003 0.7364798971708121
0.4593712442203241 0.46968640737310907 0.47568772657576325 0.4721561802226843 0.4488900749281894 0.39547599860336496 0.30519773843972264 0.17349617692045294 -0.0028876453954949644 -0.22319078265137127 -0.4446427883568074 -0.6132212541178486 -0.7088139129621216 -0.7114734008993155 -0.635231574946655 -0.48247965689089223 -0.2900232921536553 -0.08963459703003585 0.11765333537066569 0.3452148887519495 0.5653269400345434 0.7719407719993554 0.9609980272996431 1.1258224632990272 1.2542978477848716 1.3148699716003847 1.2468645439310242 1.0137310805011852 0.6648843712337862 0.3219799437829578 0.15023726167051127 0.18058301913303637 0.3031817091669932 0.445145826469448 0.5796511585942167 0.6907469058438164 0.7614133684129314 0.7946845966439573 0.8062628184243477 0.8018931194884674 0.7848971210508097 0.7599906031959591 0.7434887743512095
0.4722842447147835 0.4759606152874228 0.4835724692061451 0.48561679259653284 0.4629471730315044 0.40035658633426696 0.2915832177409677 0.13670895284957124 -0.061894151561675104 -0.2898482257214059 -0.5135727968418247 -0.694015634445835 -0.8124142774098977 -0.8373140638773904 -0.7458402760914433 -0.5611858331526938 -0.34825887718637316 -0.139875937409618 0.07495192603868261 0.3034854768580417 0.5304200544259855 0.7358028177381825 0.9100294672523654 1.0443857430762096 1.124885671578936 1.1265762748207222 1.0133542573855365 0.76825264116382 0.40459616742955573 -0.02437368464985812 -0.16457462054085736 0.06392444449931589 0.29406291132288975 0.4908931897689272 0.6496349330849445 0.7748710532002221 0.8641268309750052 0.9040719695096411 0.8996664814645053 0.8724541644641095 0.8360299281661184 0.8050226735148852 0.7857564646560753
0.496205316293655 0.4891771166838667 0.5068069934121778 0.5291542549119754 0.5159877926477492 0.44730913518317306 0.3215513890161128 0.1451725752046681 -0.06999338166617342 -0.2944869902474685 -0.5179637384759253 -0.7093226623953306 -0.8585470556651074 -0.9480762025395735 -0.8488963737379454 -0.6037029692483684 -0.3672442839875797 -0.1515897378108575 0.06372715242997806 0.2823897477124871 0.497403031182566 0.689263525063194 0.8485048100089063 0.9597630263204382 1.0112458253826961 0.9846320951399314 0.8620937575029664 0.6372640402415732 0.3191787689397855 -0.04835829986346052 -0.13377529400132504 0.1300956908697103 0.3891523674415781 0.6003732051831702 0.7602013312085443 0.8766110411427552 0.9597796271950867 0.9998539569308329 0.992491635555118 0.9519508131856871 0.9068438630522888 0.8689107080750367 0.8440709261687054
0.5459352225121772 0.5108551309580691 0.5571042860863322 0.626251673830394 0.6264916243916238 0.5466902619046723 0.39959295170825865 0.2012707089257752 -0.014958787899377435 -0.23275223637129439 -0.44764993574154754 -0.6321568389729102 -0.7757298775069394 -0.8847830423201788 -0.7908940406024791 -0.5404143670505079 -0.31462180504530746 -0.10823588623882185 0.09557946716996013 0.2961424172150303 0.4946358946849833 0.6641130183271109 0.7970746058002927 0.8861427477722719 0.92268317362011 0.8900643304907454 0.7851579651303497 0.6154465510817979 0.4073989282600794 0.23254676544673575 0.21936753603817466 0.37806314973183686 0.5914204458438183 0.7792506903237435 0.9153369773063207 1.0011241911586046 1.0519148214962064 1.0828832771927566 1.0799312763092392 1.0461582889289816 0.9918663201272919 0.945205005998538 0.913997214769327
0.6711354291757976 0.5728860532687341 0.6992564247313693 0.8241656987966048 0.8134026002315863 0.7017266881639469 0.5223469304393975 0.30777778144307855 0.09473170999359126 -0.11036301129816783 -0.3031600896473874 -0.46341410203288524 -0.5647835372227694 -0.597255378996385 -0.5237139074418067 -0.3609328166250688 -0.1841822852258599 -0.0061986309866639 0.17469071970686584 0.35199355165318613 0.5296840495857849 0.6764033870260532 0.7841257172377292 0.8489397487517657 0.8660851687221044 0.8314156437125325 0.7515289259989668 0.6432671083768327 0.5371309300679041 0.4821872396698552 0.526531768487225 0.6656204061926677 0.8514099050597026 1.0112480844397502 1.1074042642556172 1.148947624496067 1.1621736802263003 1.1691761827515084 1.1651181238873058 1.136536921550779 1.0863466343586785 1.0305641857442118 0.993141648625182
0.9238010721246488 0.9715754847994753 1.0972454633524462 1.1603334033803625 1.0729487381905218 0.8973238411327396 0.6750912605097932 0.4505765798293748 0.24291461457923694 0.055708958218063265 -0.10639520168935601 -0.23302082541081215 -0.30839486000599203 -0.30996319070169465 -0.2444381001570496 -0.13144393850196523 -0.0008366070734506792 0.1439424895291096 0.2969449689656525 0.44943658057865915 0.604852255654939 0.7286223156625908 0.8114652571045748 0.8521665756289636 0.8489219078381203 0.8092450009739148 0.747383455031776 0.6836155604572829 0.6460761848900521 0.6657459786134812 0.7642998395081584 0.9358187130300442 1.1434194066477628 1.2952548050278216 1.338540464586379 1.3162709265118657 1.2796447570045344 1.2528868133702116 1.2407667703813263 1.2165453837183693 1.1761604935389647 1.1210746834504044 1.0768826135350433
1.1937057492018683 1.3746830823967375 1.5938200278857497 1.5700965496134374 1.343532882004565 1.0917507227796848 0.8350482912597228 0.6065249896593264 0.4093555148546397 0.24475551538107593 0.1166150741731583 0.019490146371838712 -0.04388870128015199 -0.03995721830973753 0.019086650822837226 0.10516692905542996 0.20451754349257095 0.32378952485960294 0.4527824391143168 0.5835551411350148 0.7186177583135258 0.8197207002188299 0.8758771703604966 0.8854688884362246 0.8548151637231699 0.8007207996890038 0.7436882878288095 0.7060417564499899 0.7113795334421557 0.7809028361134438 0.9266781005358958 1.1505116608780885 1.431802730905213 1.616855645325466 1.565010286333759 1.4602354664751962 1.3748627341477087 1.3203093887891448 1.2981563320906688 1.2816665206197957 1.2535693896092301 1.2120154405187014 1.1536882522196528
1.3627833909741471 1.5904228755932646 1.8392113057013664 1.7855847154680353 1.51354976530895 1.2344246011960653 0.9733929556706866 0.7545611129403356 0.5759633635904533 0.43804029641605907 0.3426152235645724 0.2673766512674734 0.21321466968558545 0.21261387235439566 0.26592912973984906 0.33666654497537685 0.4152348627132067 0.5155182034881759 0.6291561962819524 0.7472947768294229 0.8673087126625323 0.9472724577485307 0.9714387236356188 0.9388989947031303 0.8675238118040411 0.7839182559834827 0.7155877186983005 0.686213913926176 0.7138824420533345 0.8104181130368018 0.9803742175069495 1.23410735834072 1.5740477513298112 1.8555940548623975 1.6679319657347027 1.5207606112273802 1.417536063075982 1.3550466343111875 1.3312295882438443 1.3290120182800633 1.317585793091506 1.2883573095538092 1.2164961725434078
1.4040116596625316 1.5998030444297193 1.7394385327514632 1.7174920544332248 1.5437157945925726 1.3054769878844676 1.0729691355859652 0.8794622773886482 0.7276059346598828 0.6195749955263306 0.5505443970763574 0.4940500676259818 0.45507839425533775 0.44729980130380814 0.4916130790246642 0.555324920279262 0.6228119739680686 0.7115976084667721 0.8171109601650735 0.93532542101483 1.0522738399759155 1.1151157520408663 1.099521286683442 1.0102779857898407 0.8784034272971705 0.7453896562934301 0.647497727741809 0.6087897684409552 0.6406213398315144 0.7440843996217825 0.9131198874196463 1.148611559431504 1.4130916143747463 1.579209572868286 1.5543421016644963 1.4684513909045545 1.3949486268920464 1.3509882516346075 1.3411993802984066 1.358177445752883 1.3650600771668415 1.3381281582999853 1.2609942647587369
1.3504589344477573 1.5105938623133874 1.6079274905220542 1.6025148911775455 1.493706921699843 1.3167312435938452 1.1338524121875841 0.9752060378076678 0.8553467049865955 0.7788060145916867 0.7312934706902451 0.6919097272244512 0.667285807373748 0.663253108875589 0.6922588538493657 0.7531831130065064 0.8157943715808486 0.8984101449089569 1.00379794630231 1.1342628079991206 1.2635197493889203 1.3210979339260351 1.2631659580840706 1.0935379403091972 0.8717188617674426 0.6650716189924247 0.5211922309639878 0.46280054420120287 0.4906708755188613 0.5915460360255408 0.7499468262733116 0.9542229522879471 1.1594235085798354 1.30167438722623 1.3502916235184488 1.341762475104706 1.321704636556909 1.3143880780233121 1.329742626378457 1.3687182770633441 1.3876810616472852 1.3603181258345884 1.2815393136536368
1.2396568224866484 1.3803757854319008 1.4655747898019236 1.4763748547640598 1.4106211717077186 1.2869567730263944 1.1581769118381906 1.0426668480110637 0.955762784748468 0.9096483632305505 0.8806193665105579 0.8569284443926531 0.8446022120977033 0.848574023918782 0.8721346635504388 0.9234345670876327 0.9841028725111671 1.0612842028494527 1.171076814168274 1.320692049161973 1.4755681777577816 1.557104443319103 1.4595832649771405 1.170410599372043 0.8218756929475715 0.5189527279598087 0.32000845543883816 0.24400431550570903 0.2737874352157347 0.3767427690840333 0.5336785270697557 0.721368772468159 0.9043834598837924 1.0488155380394433 1.139683050064566 1.1889152028994832 1.2200729752360235 1.2526964785049064 1.299201508095086 1.356921934576072 1.3799729242191368 1.3532805315005167 1.2731697753986095
1.0947011020553208 1.2286820593972638 1.3155131641830935 1.343979729386796 1.3118536033964578 1.232456973162229 1.1510843139779103 1.0811260402083682 1.0287883686309796 1.0089665170717548 0.9972322323418562 0.9876174136073741 0.985603799893866 0.9956064946816704 1.0207414060403184 1.0626809913720128 1.1192599593032422 1.1868009564333215 1.2955665285639841 1.4522427517313035 1.6314040186977101 1.79091162321163 1.6791851215860258 1.1860939178583545 0.6857260673967676 0.27583709067376805 0.026046924925833548 -0.045177331196897264 0.009281028426098792 0.13338752565984713 0.3025503087521333 0.4895886772049875 0.6699549863391583 0.8242604525453545 0.9441688387435592 1.0346353519560936 1.108552659967371 1.1796546546211633 1.250407434895319 1.315198789464125 1.3430194557614836 1.3178231131649385 1.2366050179124985
0.9376618202665445 1.0639629767728929 1.1593763946335605 1.2068833308714917 1.2043736518418076 1.1620377291349684 1.1204894835305064 1.0901302359765956 1.074800861258125 1.07792497533702 1.0817969329770547 1.0843594508849395 1.0905787397568325 1.1044027928002493 1.1286438784754864 1.1637055757086294 1.2091460561067517 1.2588110617525792 1.3476471208409708 1.4797614814838262 1.6248802910091071 1.7538836373270184 1.5987236529265916 1.023451536734508 0.43101095496017056 -0.08448282587900868 -0.37482823133617804 -0.38487134853348837 -0.26972344384929026 -0.10472505899623497 0.08422854305788141 0.2788890538426867 0.4648702322041621 0.6315371626488097 0.7744867415800163 0.8964385056849837 1.0045697371655826 1.0977045656908406 1.1783512077648424 1.2493377932158962 1.2800952854112069 1.2550850839813372 1.1719310509027379
