_RESULTS/CROSS_VALIDATION_POSTPROCESSED_CLR/MHZ/IZ/3comp/5/MHZ_IZ_z_125_kriged_reverse_3comp_spherical_5.asc
ncols 100
nrows 81
xllcorner 5.5967107548124995
yllcorner 50.982328804812504
cellsize 0.00017565037499993607
nodata_value 1.7014100000000001E+038
[rows 0 to 19 of 81, columns 44 to 87 of 100]
3.8978756842798616 3.908160020757283 3.9193922044877305 3.931075809020297 3.942761591781095 3.9540488383170582 3.964580502572096 3.974036243276739 3.982125450244793 3.9885811248585394 3.993154843009244 3.995612746244425 3.995981754424699 3.995981754424699 3.995981754424699 3.995981754424699 3.995981754424699 3.995981754424699 3.995981754424699 3.995981754424699 3.995981754424699 3.995981754424699 3.995981754424699 3.995981754424699 3.995981754424699 3.995981754424699 3.995981754424699 3.995981754424699 3.995981754424699 3.995981754424699 3.995981754424699 3.995981754424699 3.995981754424699 3.995981754424699 3.995981754424699 3.995981754424699 3.995981754424699 3.995981754424699 3.995981754424699 3.995981754424699 3.995981754424699 3.995981754424699 3.995981754424699 3.995981754424699
3.8801334829420533 3.8925836972313337 3.905638097990956 3.919098420092086 3.932481215617401 3.945372021671768 3.9574119764903557 3.968285220130587 3.977708515340056 3.985423202497575 3.9911891421058305 3.9947802108153456 3.995981754424699 3.995641031944965 3.9946496179601603 3.9935877390322885 3.992883543897517 3.9927727146343064 3.9932900219536456 3.99426805784541 3.9953432865434357 3.995968748015301 3.995981754424699 3.995981754424699 3.995981754424699 3.995981754424699 3.995981754424699 3.995981754424699 3.995981754424699 3.995981754424699 3.995981754424699 3.995981754424699 3.995981754424699 3.995981754424699 3.995750232474472 3.9951279840569875 3.994386267009468 3.993743283837887 3.993352958556615 3.993299392412082 3.9935936996114503 3.9941735818873196 3.994905691229116 3.995590510060289
3.8557069038672482 3.8743526444790914 3.8919240575358383 3.907512050948973 3.9225925018504846 3.937044524393035 3.9505207554942343 3.9627196615698668 3.9733723558651355 3.9822333433650487 3.988599387946764 3.990421696232954 3.9882626072024134 3.9835465423816294 3.97900400093369 3.9754598922652886 3.9733987975943212 3.973088349542836 3.974568086386705 3.9776477733637385 3.9819154035734483 3.986753877730991 3.9913643777314642 3.9947938913833796 3.995981754424699 3.995981754424699 3.995981754424699 3.995981754424699 3.995981754424699 3.995981754424699 3.995981754424699 3.995942723552595 3.9950633467303667 3.9933464132406518 3.9911927389239903 3.9889625334348264 3.9869645195445917 3.985445243458176 3.9845795651754825 3.9844633606495474 3.9851093180783943 3.986446370636698 3.9883228406880407 3.9905128850958005
3.8235487895293807 3.8489588119819884 3.873085628003019 3.8942926814170997 3.9116346988300315 3.926960284500099 3.9415624947330716 3.9552147827866504 3.967182823634613 3.97378135135399 3.9748965325088346 3.971259423418732 3.9641722980959946 3.9550024643338677 3.946673417240575 3.940473340295034 3.936957090426751 3.9364323704251767 3.9389447149600665 3.944275219497875 3.9519513417397003 3.9612692292637997 3.9713245523636145 3.9810480767931384 3.9892422604382873 3.994615823302992 3.995981754424699 3.995981754424699 3.995981754424699 3.995981754424699 3.9951702356872154 3.9928020394206563 3.989362853656524 3.9853254681819523 3.9811344200226535 3.9771935968941694 3.9738526352525354 3.9713931579160833 3.9700162367023726 3.9698325995154575 3.970856925816187 3.973007073378911 3.9761083538903694 3.979902217203795
3.7833030022196263 3.8130748383123305 3.841410610537472 3.8673005160444562 3.8898007893289375 3.907960652454618 3.923407446161761 3.9361299247158867 3.9425244223180047 3.9435818792421484 3.94024758635522 3.933320459600928 3.923434325110311 3.9110772849516393 3.8988165907175985 3.889750016048634 3.8846588466606233 3.883901951187922 3.8875325481416585 3.8952950586596042 3.906640036271514 3.920754708761162 3.9366044048188793 3.952979167808967 3.9685402155057257 3.981862187972378 3.991468768167373 3.995860780372689 3.995885199097401 3.994029041736948 3.9902167771072468 3.984984276811497 3.9788642108833403 3.972376899460491 3.9660182229209515 3.9602446983492805 3.9554563845669555 3.951978948620471 3.9500468455000943 3.949789891620161 3.951225335090149 3.9542567749226283 3.958680119575233 3.9646169686439876
3.730343664724281 3.763859336428264 3.7962194616786147 3.8265352151524485 3.85395573057811 3.877593240558605 3.892245385530016 3.897217482769558 3.896675962322204 3.8917899126969426 3.8835969333550926 3.872992509746582 3.8607128893599683 3.847309031878353 3.834653889198416 3.8243766313149816 3.8176058571892484 3.816594595210475 3.8214494464868562 3.831866927900346 3.847197994591169 3.866490848589855 3.8885477278076834 3.9119868552193457 3.935301804163791 3.9569129793083992 3.975208644790758 3.9883444764695697 3.9925946618157084 3.988126543942546 3.9812174644191582 3.973005471397039 3.964069414627121 3.954983593743311 3.946304236440012 3.9385516871050608 3.9321888658232647 3.927597627010593 3.9250557664854426 3.9247181651092986 3.926605459178618 3.931473277912587 3.945849083876366 3.968335072652469
3.6671825633529913 3.7040016306311068 3.7399003936598865 3.7741651317994225 3.8060580160095023 3.829818828212014 3.8408842642456045 3.8399177797787116 3.8320273422283657 3.8207751782926285 3.807284977559719 3.7925498189758007 3.7774192721504014 3.7625710972997504 3.749743890495692 3.7409576052622247 3.7362379817752287 3.735608278591989 3.7418207254094447 3.755171634940267 3.774880125360871 3.799813689656297 3.828567761310745 3.859549189486601 3.8910523612014534 3.921321333483902 3.9484047222124965 3.968097253552708 3.9783806973460227 3.9781911127317082 3.9687258401853396 3.957412314206786 3.945510839682527 3.9336563818791497 3.922475921811265 3.9125675868525827 3.904473569099393 3.8986486420538284 3.895428101316697 3.895000558776769 3.9037018574551143 3.9270261918606155 3.9612618079733393 4.002618943111604
3.5970047349959966 3.636149279836469 3.6747770986934225 3.7122942122005176 3.743958650090831 3.7629774424029123 3.769953182646248 3.7655238180376704 3.7510157824443904 3.73297746867368 3.7137379284545187 3.6943821953272695 3.6758825480880253 3.659070587600932 3.6457617471500714 3.638236688037745 3.636664109109421 3.640726062954748 3.649782640519742 3.6664206659997762 3.690995958920671 3.722136388291225 3.758171609553464 3.797246955512781 3.8374208498098765 3.876705134901997 3.9107490569050856 3.9365741456913463 3.9529622877156334 3.9588047375849107 3.9531014200697663 3.93878993610791 3.923760324552896 3.9089436221204 3.8950490988125672 3.882769843172806 3.872749088086858 3.865537995136714 3.861890523320548 3.8736040932675806 3.903708790693623 3.9483383490798603 4.003416520249131 4.064745897656161
3.522489638366947 3.5626463703300035 3.602983243996552 3.6407728434395503 3.666687857413214 3.680432528906477 3.6827943303129973 3.6744642805610086 3.6560258426614523 3.6309326981300964 3.6055036922334276 3.581013193928464 3.558561306272991 3.5391658247101767 3.5249307165670816 3.5183277825334116 3.5197249994146995 3.5289179083174784 3.5450478630332625 3.5668712364515422 3.5969345543062983 3.6349811259827622 3.678994664507626 3.7267962447200653 3.776167446352394 3.8234452831374575 3.8639147432920673 3.8960602936116255 3.918591753312201 3.9303637513450753 3.930369856007994 3.9177713821487195 3.8994410402611717 3.8814444986567023 3.864585087153759 3.8496714070943723 3.8374765903116876 3.829279500666939 3.8399544951831373 3.870774006192162 3.9181713970057244 3.979863156394426 4.052820992358147 4.1333294168388885
3.4454236257357636 3.485397802794772 3.526122996362921 3.5580719005143226 3.5775584563620773 3.585496449794679 3.582735924487822 3.570005073537673 3.5478946075508606 3.5173098426922826 3.485303087058573 3.4551611142828342 3.4281068989341517 3.405381373867375 3.389621864021966 3.383438933207107 3.3875119323618796 3.401833118257277 3.425543386945062 3.4569077735554177 3.4946179650003257 3.5410803918210383 3.5943099610465037 3.6515051191579833 3.709746667546358 3.7633995095878183 3.810326513122505 3.8489456152562953 3.8776096005950826 3.895149330116511 3.9005629048670643 3.893004540450776 3.8732426938784874 3.851827428140383 3.83171014852193 3.8138380949994093 3.798111867844623 3.7945977756901583 3.8128593748284767 3.8523007687982003 3.911492609574585 3.9880829843259527 4.078790697633556 4.179475091690263
3.366662224888226 3.4058442004500282 3.4427802690726863 3.4672640288696064 3.4797923087527245 3.4814200999901903 3.473081957612999 3.455533664721021 3.429329686916485 3.3948715861560443 3.3560998335800782 3.3198257739863877 3.2874572036798884 3.260517495377867 3.2424183142200858 3.2359068161549662 3.24233013698177 3.264056397073497 3.2998909638349683 3.346611608192979 3.4001806072289344 3.458429902278095 3.522743199963147 3.590023939787147 3.6552592705734286 3.713381235371226 3.7630553490778276 3.8034758991481876 3.8342878268572838 3.855527019479498 3.865954046082877 3.8629630025431347 3.845896098667046 3.8208551902768506 3.796830140936177 3.766337412055218 3.7400491650213468 3.7378418096868997 3.760537468963282 3.807929204065174 3.8787851420087955 3.970712850882819 4.0801534028613675 4.2024778090824295
3.287215943243944 3.3248653488455173 3.354398654914056 3.3712386480525236 3.3765030517679087 3.3713847876486662 3.3570976157906474 3.334458354687943 3.303925506430419 3.265716369146448 3.2211914194079703 3.1784080561817043 3.1399740321891807 3.1078219274384984 3.0864620869020025 3.0826250327641755 3.0982982296094157 3.1328148954860793 3.183954487040213 3.247877203459765 3.319573060706279 3.393660504006327 3.4702776657883048 3.5481363029974426 3.6201200789103254 3.6829405747414565 3.735265953707315 3.7763645387192186 3.8060110682912067 3.8244008495210355 3.8320782279664827 3.8298823814511738 3.8162380973577084 3.7865874878016856 3.7411873731644207 3.690113733671554 3.661879810368233 3.6609714177659884 3.68782011494728 3.7423430144567864 3.82357029698989 3.929443615225618 4.056829467491133 4.201644579418682
3.2090705362729626 3.242646719345634 3.2640217299021153 3.2727586988645463 3.2703591158116176 3.2583480194470917 3.2379808705667 3.210190572170472 3.1753919717356904 3.133454404729487 3.0843190178437814 3.034866432793879 2.9896399546896326 2.9536699039118774 2.9360615359654387 2.9389804526684578 2.9640410002914326 3.011490135828236 3.0791208659282985 3.162101422886988 3.2538854485203004 3.347518597414812 3.4384034837511495 3.526843692055689 3.606023892613268 3.6735706776313592 3.7282357239946333 3.7694530525847516 3.797201797091626 3.811892068947805 3.814276266615887 3.805387097543352 3.782133372977392 3.7351016747356547 3.6708861288188133 3.617328569323303 3.59041748721455 3.5914501882843934 3.621778025093967 3.6821720432169727 3.772155774704793 3.8896971554643525 4.0313530911207 4.192563398088475
3.1349080119402286 3.1621828585178755 3.1750385870829607 3.1750507137518165 3.164311691712286 3.144928258264314 3.118575191593296 3.086102634108719 3.0475546850804127 3.002421873067475 2.949774311264652 2.893909058915619 2.8465276150721723 2.8141140757496155 2.799981265744167 2.807432089554961 2.8402753087140655 2.9006401180577583 2.9865077609836668 3.0912552388684915 3.2057484262950977 3.3209011853924073 3.4292295731442897 3.5283669550032726 3.6149066452920344 3.68687055907805 3.7432408533882002 3.783734115496435 3.8086224261437613 3.818593013986482 3.8152161235077644 3.8012863461517736 3.760455591375846 3.6936982463340606 3.6155083139914974 3.5613372508132137 3.5331807131407937 3.5332726136609454 3.56435551871561 3.6286201796706803 3.726344679167553 3.8553862896125923 4.011797119918689 4.1905169198528185
3.0679164421759997 3.087337344234818 3.0910510591039926 3.0814365240617287 3.0613993920063676 3.0339643977105455 3.001554271732086 2.9652175327361947 2.9243426335696965 2.8772955008013805 2.822321788725799 2.7677374039281344 2.724666125266927 2.695116667314437 2.681940770030973 2.6903191475597197 2.727854375709029 2.8007977319395003 2.907785215644263 3.0384552148411528 3.1790673111720125 3.3176637066077204 3.4453368142268266 3.5553560496696432 3.6488778595381177 3.724446313768186 3.781451242941188 3.8198799952584594 3.840381483919154 3.848591388798153 3.8503455248764067 3.8231453741476873 3.7642610556424834 3.6767541809888655 3.5838545653165714 3.5225013682593693 3.490108773656729 3.485463103595865 3.513410416020822 3.5787509454061 3.6829536810203 3.8231281811019864 3.9943372238396933 4.191174149378505
3.011345652761728 3.022214463169731 3.0159035028540044 2.995414375336975 2.964657568660766 2.9280929117776484 2.8895526122682837 2.850560714464658 2.809593155306024 2.763134257451676 2.7136737904922303 2.6674180906336797 2.630097119644647 2.603033272832466 2.5881653939668743 2.59201413062663 2.628075827106609 2.7125105702864785 2.8461346797476206 3.009237742179738 3.1798395979756355 3.3431025089426774 3.489625823968434 3.6095784210626025 3.7038323759492817 3.7744866847380543 3.82343727121956 3.8528598260665152 3.872868845693927 3.8916214557257764 3.8884132851996323 3.8512860503314514 3.7815848636065894 3.682019194676395 3.582333337643062 3.5061669597388976 3.462691852533151 3.4485044288054008 3.467465488559083 3.5299489988169763 3.6396148024114763 3.790326271268255 3.975286830776643 4.189120030481861
2.969337032398233 2.971081624437252 2.953962602345034 2.921174266053786 2.8775739425411437 2.82983085749615 2.784765278320946 2.745180540509791 2.7075761606339634 2.6689911099442805 2.633477718454463 2.598386379190324 2.569688446325693 2.546652406324286 2.5293280791879313 2.5224223754632877 2.5442349801837247 2.636731638066835 2.8096362263264583 3.0141881946334514 3.217004106670151 3.400597663537496 3.5523869681620486 3.6667913630644753 3.7511948620477438 3.8105714717474486 3.847735609096516 3.8751266225552707 3.903608969836907 3.9236815971989056 3.9106617207652623 3.86448901383311 3.7861909237146696 3.682324006504098 3.5836711227268756 3.5057697476211076 3.453422957932818 3.4263381615039634 3.426968684151923 3.4805608097376015 3.5968991780969835 3.7564449251486987 3.951161027435744 4.170882220357693
2.9493704137759478 2.942985218408745 2.915344475739154 2.8692707642517243 2.809954011994454 2.7467994298273752 2.692905580987655 2.654897293304054 2.625693889773047 2.604862389421025 2.5863767889768985 2.566425730979418 2.550297339684391 2.5360927506486566 2.5216491450363447 2.5058307372269306 2.493995571326386 2.5799590548609466 2.823652257861222 3.070836115178391 3.28853490875426 3.470773054784056 3.616011357243052 3.7200739905732547 3.790531738412285 3.8348414250074754 3.864667369732087 3.8965558971190672 3.930416598500368 3.9412885840483516 3.919090849064378 3.8652331485322007 3.7803466155133894 3.6756975618318903 3.5791384832756865 3.501707757180314 3.447785111936412 3.416672872021503 3.4026548967041057 3.4367691144360983 3.5645122816323216 3.7239433340711092 3.9127747351313924 4.1279960165872
2.9579202297414273 2.94428666630411 2.907213557061669 2.8482964876913655 2.7711849973714777 2.685857194114134 2.6185491784226054 2.589975823346536 2.581685786736347 2.5810648159498237 2.5793130198938927 2.5758238820612958 2.5763803767475286 2.5785038114883716 2.5800612632964164 2.580292870192445 2.585138963332435 2.6870306882743655 2.93853100949839 3.1788098384483643 3.3857149074046538 3.5554862391423336 3.6862870591790915 3.773881330834518 3.825171940477782 3.8537203731748817 3.882153897240027 3.9148792863907675 3.945019744069861 3.9450326352695404 3.914607418694951 3.8549768556658393 3.7662918876759974 3.663848774975609 3.571379663980725 3.4979284561773083 3.447273295216106 3.4191518713795177 3.4184800988421586 3.4613431747245818 3.5579361139973784 3.6912225710502216 3.8541711969239736 4.053460119440899
2.995499697531651 2.9769578311688694 2.933759722903303 2.8662024231093004 2.775080188832984 2.662867329494856 2.561846404729656 2.5685505312336447 2.5882342537729945 2.6058113679226738 2.61969370884466 2.6319950962516065 2.649388049332611 2.672949085572471 2.7032397546985685 2.7436914502459393 2.8124157921440367 2.943506199160217 3.1317049751271457 3.3310830018541955 3.5104416571077293 3.6572167658344625 3.7658577232418398 3.8305828630525016 3.8577772014314027 3.8760184370775197 3.8979901312139673 3.926949453849786 3.9450070812659606 3.9341571556376724 3.8968178854666875 3.8339101131841486 3.7449869449321405 3.6475270807161566 3.5619423411363913 3.4965808854315363 3.453733541220484 3.433472264264166 3.4420651140192673 3.486082593248738 3.5599608077770926 3.6499249166306797 3.770191952646288 3.939089899985837
