_RESULTS/CROSS_VALIDATION_POSTPROCESSED/Berg/GZ/6comp/2/Berg_GZ_z_90_kriged_reverse_6comp_spherical_2.asc
ncols 100
nrows 90
xllcorner  5.6208707817415728
yllcorner 50.959635321741573
cellsize 0.00013419651685393446
nodata_value 1.7014100000000001E+038
[rows 57 to 75 of 90, columns 0 to 42 of 100]
1.309998140426088 1.3514007396567551 1.3932310993576893 1.4354843103248007 1.4785816360883293 1.5231463963278997 1.5697603518014092 1.6187306660287286 1.6698584936573522 1.7221780097995454 1.7736390093791914 1.8207561329008186 1.8583903708653544 1.8800990386276712 1.8798731156198296 1.8565060636205073 1.8123087829418252 1.753583346053661 1.681736826445426 1.6003854577487049 1.515867312653982 1.4326471888986345 1.3536699452419843 1.2809790507915142 1.2156407763522388 1.1581597954597531 1.1087137015260369 1.0672730764393017 1.0339963504810663 1.0086609408568075 0.9906386741047888 0.9791357580986109 0.9734480489298856 0.9719356571710845 0.9676780875030652 0.960761274475612 0.9521601468314427 0.9425610932564631 0.9324109841602112 0.9220073015539539 0.9115641336043747 0.901252422255411 0.8917067023538752
1.2460844064653467 1.2909342023653896 1.3384884735318319 1.388733015018011 1.4419783607540686 1.4987328383808436 1.5595393155973916 1.6247853385796394 1.6944709845229167 1.7678894951616124 1.843148031281264 1.916452038318001 1.9811985080687564 2.027459860716949 2.043652851855457 2.0238826611555547 1.9713613905833407 1.8950880963059202 1.8002249184376418 1.697273229603634 1.5938792532768038 1.4947242907400473 1.4026744373737288 1.319135000223218 1.2446939681052251 1.1794759679267466 1.1233328174188828 1.075955951343489 1.0369486865169226 1.006144762977204 0.9830751630146424 0.9671504119023493 0.9580192858658582 0.9552696598688466 0.9519435316394833 0.9462890453490934 0.9389590245955752 0.9305157486325051 0.9213901703476397 0.9119036398626122 0.9023019848966021 0.8927839021138793 0.8837444882106151
1.1872393185935268 1.2343027762253984 1.2858664631307293 1.342011447999331 1.4030891305944282 1.469654264947717 1.5423658971788885 1.6218549295877676 1.70853775834325 1.8023205678694563 1.902075088188725 2.004650059880868 2.1030331264606725 2.1835501843176033 2.224868129236288 2.2092901059200543 2.1412908746294956 2.035812252870085 1.9120741810970798 1.7847340410155965 1.6617223789482316 1.5471528387255207 1.442820720359462 1.3493600270433952 1.2667844609910057 1.1947762705019833 1.1328485146130904 1.0804374264690202 1.036955824193057 1.001833286014013 0.9747854650265592 0.9554869315529816 0.9437055367916631 0.93948000277331 0.9367016493814381 0.9319553431827375 0.9256758680640002 0.9182942870909707 0.9101850413768299 0.9016563083713234 0.8929601714565782 0.8843075980433117 0.8759186244497584
1.132973591907897 1.1811044779113842 1.2351092349078345 1.2951975974710361 1.361824581850735 1.435662883942756 1.5175554861662435 1.6084459534567122 1.709272123490841 1.8207817816034084 1.9431634440442345 2.075206669315455 2.2121736148329414 2.3400862845935264 2.423580568401063 2.412505195532551 2.3097112055161966 2.1623880302408525 2.005645633724807 1.8541004579418567 1.7134012217410302 1.585547096997961 1.470995111815342 1.3694882371562997 1.280432926693275 1.203088567031862 1.1366696701334287 1.0804043387295594 1.0335712434861473 0.9955299714327724 0.9657575044174005 0.9440120988164695 0.9303139439343464 0.9247849942839115 0.9223310134213514 0.9182399549811416 0.9128070436690755 0.9063566283483635 0.8991987421639558 0.8916102208106246 0.8838320661412723 0.8760744531141009 0.868523909197646
1.0829931451549457 1.1311347506107705 1.1861463127446694 1.2483509450565689 1.3183055193587034 1.3967944778606247 1.4848178604883606 1.5835717137393432 1.6944181171389663 1.818833447459927 1.9583006549995674 2.114037810271795 2.286149865840583 2.47003239019063 2.6329598384653896 2.6219555680954407 2.446488197560195 2.2510904763260555 2.0657240660634284 1.8959399562093329 1.7427664226571005 1.6059132839118293 1.4845942382354727 1.3778242308779556 1.284555772729762 1.2037519358824835 1.1344295617670304 1.0756873235955067 1.0267271707184806 0.9868757360462213 0.9556112169378341 0.9325988489614263 0.9177443077908557 0.9113517841736555 0.9090752227932523 0.9054632384651861 0.9007104067608311 0.89506131186637 0.8887677478492734 0.8820699439620395 0.8751887531085427 0.8683247830961351 0.861660933416968
1.037447187271699 1.0844859023372444 1.139134197684701 1.2017700016312103 1.2729630940894867 1.353529692335966 1.4445265219594055 1.5472310682955757 1.663138603325464 1.793955679786185 1.9415858067483165 2.1080956008267657 2.2956228939877694 2.5060183319862728 2.7354389176289358 2.716329470205908 2.4866785656257435 2.272710456812755 2.0780592875650736 1.9025713997338094 1.7454617101240293 1.6056869479486104 1.4820874128431092 1.3734686197351982 1.2786555464354334 1.196530492509445 1.1260602852066441 1.0663169665460799 1.016495588100674 0.9759324730998538 0.9441267027761494 0.9207662000469586 0.9057577498780276 0.8992588521152092 0.8971100693097226 0.8938537035120351 0.8896508284331615 0.8846879664372479 0.8791687782473249 0.8732983280995517 0.8672741314896112 0.8612824620841542 0.8554979729120664
0.9965606129982091 1.041677178995099 1.0947739438487711 1.1562545752604931 1.226714169080702 1.3069384379760038 1.3978975097950577 1.500728970350616 1.6166991597135834 1.747117004089217 1.8931336927021476 2.0552312404907225 2.231708822424735 2.411930130756248 2.549051685312589 2.54154717433328 2.3974787220737577 2.2170521179081804 2.0386059161680197 1.8722058037547455 1.720688345825641 1.5845643065932276 1.4634408506846763 1.3565427437786377 1.2629434659585155 1.1816836775052566 1.1118390285863748 1.052562914456868 1.003116608642931 0.9628937538553977 0.9314434438435703 0.9084943216296621 0.8939808202445153 0.8880721887168199 0.8862912054419926 0.883491176054551 0.8798192458157276 0.8754594079694742 0.8706308325918553 0.8655214147590052 0.8603055810527661 0.8551534479539205 0.8502288844964727
0.9605160190744357 1.0030572787596044 1.05371569801386 1.1128684601612029 1.1810503077620738 1.2589380114367525 1.3473213931750627 1.4470475007548484 1.558911706217732 1.683440009582353 1.8204359582650098 1.9679883014721167 2.1184000361222197 2.2514547790677484 2.3344134157633127 2.330410504115895 2.2416393645470847 2.106415661138698 1.957364852937128 1.8101706806949798 1.6716677940042206 1.5446903349453711 1.4301932868443834 1.328215493085972 1.238345705298885 1.1599661013521323 1.0923890982920081 1.0349397001186387 0.987008931459821 0.9480919355275101 0.917818495238155 0.8959806662611619 0.8825605863225665 0.8777391886435013 0.8762625022058873 0.8739301302767646 0.8708607377976667 0.8672018657766175 0.8631181047757026 0.8587808297949846 0.8543604813435288 0.8500215336532437 0.8459197749510644
0.9296210158075106 0.9690744925375196 1.0166103571623506 1.0725380909667923 1.1372866558200712 1.2113712379381376 1.2953385958438504 1.389672454255792 1.4946257644180898 1.6099185285034308 1.7340955728405463 1.8607084203998396 1.9798263726828815 2.0768156498884776 2.1320235221886437 2.129469356232036 2.069989282197715 1.9704264600399182 1.8508046757047572 1.7261156572868335 1.6044304562585945 1.4900618322167658 1.3851303642737454 1.2905114959616675 1.2063845468655499 1.1325524584910642 1.0686332883658227 1.0141793078390116 0.9687546310630888 0.9319890545117863 0.9036186851246577 0.8835200682367989 0.8717424805636786 0.8683226575357958 0.8671046185780555 0.8651780539562359 0.8626386203716693 0.859607538698706 0.8562231262834763 0.8526329764544469 0.8489875958630747 0.8454358025118529 0.8421218102758867
0.9042956106179495 0.940282823163514 0.9842089066039261 1.0362887203187228 1.0968208464169789 1.166139086212858 1.2445385389143582 1.3321577916315124 1.4287845806214297 1.5321564333970938 1.638267834162679 1.7418749477463593 1.835032447549503 1.907007381125704 1.9461118170463279 1.9443356805216334 1.9020723778838293 1.8278582400766619 1.7334442573732418 1.6300694429694258 1.5258699346763889 1.4255024953476727 1.3317106133625183 1.245972611556345 1.168970805499287 1.100907057165205 1.0417110308160331 0.9911785170708596 0.9490654299282739 0.9151542765679697 0.889304170181443 0.8714919470587312 0.8618499378556389 0.8598892259754791 0.8588971834226784 0.8573279194020086 0.8552600345557885 0.8527946476330033 0.850049253421057 0.8471517732459479 0.8442354190634194 0.8414346925024839 0.8388825827739079
0.8850686729828676 0.9173276548720872 0.9573325469566568 1.0051904989637543 1.0610643483687905 1.1251143592778123 1.1972116916599385 1.2762591086107757 1.3609290343803226 1.4490952170920701 1.5374700370981726 1.621286512203142 1.6941739393913142 1.7486132127912162 1.77741824755822 1.77612248264389 1.744937822029438 1.6886535450233786 1.6145682873738434 1.5301467059751703 1.4422323884583212 1.3557228169888227 1.2734821149974802 1.1972910518514073 1.128169313324371 1.0666319217765152 1.0128791688222423 0.9669336877360339 0.9287393974588258 0.8982344961116804 0.8754078195991343 0.8603456488450709 0.8532745844267411 0.8525068035098248 0.8517151557324175 0.8504646241733218 0.848820920140223 0.8468696126466903 0.8447116137410902 0.8424586391295177 0.8402291056646111 0.838144751964408 0.8363280985587869
0.8724087116495274 0.9007147725708521 0.9364395037796357 0.9794581860355636 1.0295905815683595 1.0865204602785092 1.1496937461518892 1.2181896779492063 1.290562364129839 1.3646593309397792 1.437445716882268 1.5049059563493328 1.562158551222388 1.6039645021307756 1.6257262023254435 1.6247528424605961 1.6011694672888437 1.5578719832078787 1.4995601142615187 1.4314747117581421 1.3584374637606558 1.284748257853143 1.2136603183639758 1.1470128302815201 1.0859947031807407 1.0313273199867499 0.9834170701700102 0.9424762962893342 0.908617066048271 0.8819242832899402 0.862514552261658 0.8505865033306578 0.8464676318692586 0.8462424994444397 0.8456308860359341 0.844668084622529 0.8434099022129123 0.8419297364352327 0.8403152149411133 0.8386647148215054 0.8370841011636777 0.8356839217703903 0.8345771849683801
0.8620234305066964 0.8859820812063915 0.9167634292034696 0.9541024645569394 0.9976698692436183 1.0469978048939605 1.1013918797643265 1.1598285879850159 1.220842449917397 1.2824169306413784 1.3419103072443317 1.3960717587965303 1.4412244677815624 1.4736837608361932 1.4903991147968376 1.4896541974978588 1.4715277179874233 1.4378712388435055 1.3918164470401624 1.3370695524961107 1.2772841433216136 1.2156640537377021 1.154912990161728 1.0973556097727393 1.0442703902839119 0.9964874802710714 0.9545515520465104 0.9188198281553286 0.8895443499781093 0.866940337369322 0.8512441616438784 0.8427649762116556 0.8413290284463373 0.8411636426648874 0.8407157014855443 0.8400155100040491 0.8391111554713657 0.8380664074106978 0.8369581872768185 0.8358738847990704 0.83490876969537 0.8341636882026974 0.8337431631716097
0.8523212297861007 0.8717362558698056 0.8974395189144647 0.9290475720561346 0.9661151076575083 1.0080698369898324 1.0541405786280722 1.1032807667846163 1.154094437082346 1.2047794084835126 1.2531127411181844 1.2965137855944877 1.3322222091941534 1.3576088140920066 1.370585360727474 1.370008493036476 1.3559301735906464 1.3295858535960534 1.293125781592667 1.2492050609346228 1.2005790808401582 1.1498034823463434 1.0990669479939277 1.0501361811536627 1.0045570284220433 0.9634399008458652 0.9274092482172474 0.8969242210136221 0.8723470689971556 0.8540040649507888 0.8422402941515453 0.8374708770369296 0.837449370707338 0.8373387284152777 0.8370412205936404 0.8365831857381607 0.8360066217154725 0.8353676123282907 0.834734402992195 0.8341853203940353 0.8338067190942029 0.8336878725147872 0.8336878725147872
0.843992714946501 0.8587520835295827 0.8793482525726983 0.9053009056278659 0.9360789196518022 0.9710449946877704 1.0093990477912096 1.0501237526476157 1.0919394340376567 1.1332804989467413 1.1723107489631261 1.2069976184149207 1.235260892698196 1.2551945645346814 1.2653305592545812 1.2648807464926393 1.2538807148303779 1.2331830716460073 1.2043028049818973 1.1691704627042654 1.1298698867314667 1.0884217773331146 1.0467008673182443 1.006822758012969 0.9697010825669024 0.9358865844448535 0.9059754279688468 0.8805657193462885 0.8601497343796614 0.8453083570240725 0.8367513642444409 0.8348830502850072 0.8348982163410894 0.8348383341496192 0.8346805153914373 0.8344479601525358 0.8341778158752375 0.8339199851378114 0.8337356499753259 0.8336878725147872 0.8336878725147872 0.8336878725147872 0.8336878725147872
0.8377252300670702 0.8477737505290902 0.8633042178735586 0.8837580097943496 0.9085425862074692 0.9369850338016985 0.9682882685967218 1.001493289813538 1.0354535304049346 1.0688301596228178 1.1001191918858793 1.127720664572458 1.1500546690165152 1.1657171601647955 1.1736518969168364 1.173300199226641 1.1646871735959927 1.1484177345296287 1.1255836953638476 1.0976414120604487 1.0677955884611763 1.037717194475259 1.007876602619321 0.9787838255681117 0.9509715749148433 0.9249942521814787 0.9014364344727138 0.8809266249453718 0.8641546425400578 0.8518953957800729 0.8450533253859774 0.8413267277308043 0.8377483593414482 0.8349640821100747 0.8337162240961282 0.8336885529997041 0.8336878725147872 0.8336878725147872 0.8336878725147872 0.8336878725147872 0.8336878725147872 0.8336878725147872 0.8336878725147872
0.834204155870991 0.8395157508655693 0.850058569842919 0.8652097723608562 0.8843329829268178 0.9067391105022045 0.9316522941095461 0.9581837785464693 0.9853182038109219 1.0119181754055269 1.0367533561867677 1.058558678999748 1.0761216841574222 1.0883913407306118 1.0945917020680584 1.0943171049280505 1.0875857111498168 1.07484647427838 1.059283709813185 1.042860160024059 1.0254819613741966 1.0072295813806538 0.9883160795251875 0.969060040713324 0.9498717536138521 0.9312490531778443 0.9137789217161161 0.8981420403676684 0.8851194180003087 0.8756024429582099 0.8691285507176463 0.8618321923315122 0.8540285374024228 0.8464697515847299 0.8399748338034477 0.8354112234880313 0.8336878725147872 0.8336878725147872 0.8336878725147872 0.8336878725147872 0.8336878725147872 0.8336878725147872 0.8336878725147872
0.8336878725147872 0.8346740918053523 0.8403134386798685 0.8503630981047147 0.8641537334404487 0.8809908363981178 0.900127448975829 0.9207454391151383 0.9419483304200418 0.9627692519238007 0.982197256606089 0.9992235600371216 1.0129058837517781 1.022444360609292 1.0272575993562465 1.0270445371210595 1.022759920958462 1.0185386032542583 1.0141933291570384 1.0091637542919054 1.0030813365450013 0.9957457483472737 0.9871084937944601 0.9772650034456041 0.9664540756535775 0.9550617280624502 0.9436259298338933 0.9328394902698262 0.9235503791054015 0.9160613752504623 0.906697380907395 0.895318485859719 0.8827300851787095 0.8698298615747793 0.8575659136939617 0.8469066077246947 0.8388255021669027 0.8343027240772469 0.8336878725147872 0.8336878725147872 0.8336878725147872 0.8336878725147872 0.8336878725147872
0.8336878725147872 0.8336878725147872 0.8347455054348856 0.8398706848294234 0.8486243360911792 0.8603102821479207 0.8742105546985793 0.8895708448350266 0.9055962451603333 0.9214592184495114 0.9363212121947582 0.94936793833665 0.9598560346838689 0.9671659689118727 0.970853436916303 0.9729341242293377 0.9772363523053502 0.9828390448141688 0.9888486893325061 0.9945197956803826 0.9992461797337975 1.0025591188722422 1.0041337257715324 1.0038035027501022 1.001580868149836 0.997679364553019 0.9925321958520225 0.9868024117107993 0.9809069985223002 0.9715028513096534 0.9582651248193716 0.9420478381446166 0.9238659762650854 0.9048236032115868 0.8860519510748097 0.8686649245044626 0.8537355643271617 0.8422938274775964 0.8353441335612144 0.8336878725147872 0.8336878725147872 0.8336878725147872 0.8336878725147872
