_RESULTS/CROSS_VALIDATION_POSTPROCESSED/Berg/GZ/6comp/2/Berg_GZ_z_500_kriged_reverse_6comp_spherical_2.asc
ncols 100
nrows 90
xllcorner  5.6208707817415728
yllcorner 50.959635321741573
cellsize 0.00013419651685393446
nodata_value 1.7014100000000001E+038
[rows 18 to 35 of 90, columns 0 to 41 of 100]
0.058335423265686706 0.05926042917383424 0.06028416592331813 0.06133922411437285 0.062357888547264734 0.06327453241241177 0.064029033403479 0.06457079292285649 0.06486274313649552 0.06488462971529715 0.06463492607323698 0.06413098104437136 0.06340736864345242 0.06251278505309758 0.06150610902927718 0.06045233923258253 0.0594190479611916 0.05847380478073741 0.057682806027285226 0.05711076432956258 0.05682200327736081 0.05679998746213797 0.05679998746213797 0.05679998746213797 0.05679998746213797 0.05679998746213797 0.05679998746213797 0.05679998746213797 0.05679998746213797 0.05679998746213797 0.05683728624892733 0.05725873693284922 0.05844582393921756 0.06037821175445291 0.06300351990221434 0.0662695445599296 0.07011308545070664 0.07444887092131444 0.0791590811537069 0.08408474332464362 0.08902108392797115 0.09371956028721279
0.06008565254229603 0.06147857595735921 0.06296220042779982 0.06445795582708448 0.06588375340797872 0.06715738563979985 0.06820151114449066 0.06894968019665318 0.06935248206313996 0.06938267016136149 0.06903818397841092 0.06834238316878721 0.06734143943587874 0.06609948120533193 0.06469253041936787 0.0632023874695459 0.06171143313495733 0.060298955244265796 0.0590392263025344 0.058001267328354145 0.057250077622313045 0.05684908277697698 0.05679998746213797 0.05679998746213797 0.05679998746213797 0.05679998746213797 0.05679998746213797 0.05679998746213797 0.05679998746213797 0.05679998746213797 0.05695689728714659 0.057471938558156535 0.058409548155949974 0.060056059175797455 0.06238747447172209 0.06535045710489283 0.06888490798174354 0.07291371086355634 0.07733282697075858 0.08200248401747236 0.08674088476544095 0.09132259157358394
0.0624593681599018 0.06438878037871663 0.06641146959607362 0.06843419395933101 0.07035548258516854 0.0720701883098124 0.07347658013856731 0.07448530500761039 0.07502884472400563 0.07506959505145236 0.07460470169605563 0.07366643702675468 0.07231801989488758 0.07064593861867498 0.06875058125657851 0.06673708546761703 0.0647078839759996 0.06275772932751982 0.060971328044199115 0.05942327438013639 0.0581797846011167 0.05730174318973538 0.056848704988965354 0.05679998746213797 0.05679998746213797 0.05679998746213797 0.05679998746213797 0.05679998746213797 0.05679998746213797 0.05681850354244419 0.05713186521491676 0.05781562301946289 0.05885176096562996 0.060269977032948896 0.062325934154538846 0.06501802912917289 0.06828985514970706 0.07207303529653084 0.07627763276995068 0.080782849933542 0.08542873159949811 0.08975543524695091
0.06543848615012961 0.06799140057953089 0.07065459569667054 0.07331636549042592 0.0758497343567205 0.07811818936197004 0.07998554015839472 0.08132919342744047 0.08205481466367925 0.08210926307475187 0.08148848798827958 0.08023814844898512 0.07844677401930193 0.07623342467313152 0.07373307690459462 0.07108295732614198 0.06841205699728374 0.06583473975501018 0.06344826631066788 0.06133344097688341 0.05955742240067637 0.0581778684316778 0.057247848973091105 0.056821252651439114 0.05679998746213797 0.05679998746213797 0.05679998746213797 0.05679998746213797 0.05679998746213797 0.05688164840101363 0.057335848253703976 0.05817205402540129 0.059376397040608986 0.06093854579882343 0.06285256405165798 0.06529456746358901 0.06833704611107255 0.07192055546556123 0.07596967598071507 0.08038332691369687 0.08476987721859092 0.08848777231939814
0.06900136324815888 0.07228390469239789 0.07571387173663166 0.07915737427937612 0.08245470240678439 0.08542691639079616 0.08788914876030503 0.08967017553879406 0.09063538490960751 0.09070790931197698 0.08988185961711216 0.08822337335025902 0.08585912271342563 0.08295604986755065 0.07969829269169391 0.07626680925028026 0.0728249890897733 0.06951103940555284 0.0664361855944801 0.06368698613124522 0.06133008187679441 0.05941810203610612 0.05799594532065597 0.05710709736255765 0.05679998746213797 0.05679998746213797 0.05679998746213797 0.05679998746213797 0.05679998746213797 0.05696891045578689 0.05754456165164433 0.05851368166046556 0.059866378024715186 0.0615968986083561 0.06370201006493353 0.066179153694323 0.06904842480642441 0.0724620267059984 0.07639629647282406 0.08059662633058359 0.08437790764476241 0.08754623243634435
0.07311430043302572 0.07725119684333218 0.08160085988839752 0.08600437468636592 0.09026136930165257 0.09413632307571432 0.09737564684070513 0.09973625023577788 0.10102192267037052 0.10111871061550583 0.10001782778832763 0.09781749224632545 0.09470296466226971 0.0909123923321572 0.08669987858020006 0.08230528330602022 0.07793526600397453 0.07375542306355408 0.06989079137185855 0.06643141855020444 0.06344028011506453 0.06096176321580955 0.05902979361135902 0.05767531086203649 0.05693320867624673 0.05679998746213797 0.05679998746213797 0.05679998746213797 0.056802272133112446 0.05706113598713578 0.05773637843678467 0.05881549533891542 0.060292164507519036 0.062164865987938335 0.06443549863095564 0.06710783974278436 0.07018564619970423 0.07367010215176241 0.07749628279440596 0.08110524202040226 0.0842907481818591 0.08694542845159026
0.07772161270659941 0.08285332589523359 0.08830205013920227 0.09388345064814844 0.09934914074845702 0.10438985779466672 0.10865537714175558 0.11179525854438269 0.11351699647485017 0.11364695235067603 0.11217162596597874 0.10924101994235522 0.10513251620249134 0.10019150985626013 0.09477154012391104 0.08919026509239221 0.08370636600770279 0.07851412283911231 0.07374927656028135 0.0695003011391745 0.065821086176623 0.06274287750592643 0.06028464279163187 0.05846181879781987 0.05729381435124013 0.0568108512032563 0.05679998746213797 0.05679998746213797 0.05681414096876031 0.057142395803236615 0.05789303933937517 0.05905603952483866 0.06062798005174097 0.06261086297860055 0.06501096832730702 0.06783764854646021 0.07110190313439438 0.0748144204119961 0.07851699772455092 0.08174471772698777 0.0844678166312074 0.0866624623225284
0.08273436884567811 0.08901016927878548 0.09575927954877117 0.10277669947433558 0.10976219473704417 0.11631425885303213 0.12194841200005276 0.1261523429420298 0.12847907608731982 0.12865533492528133 0.1266596300367063 0.12272877111632145 0.11728909039940658 0.11084952927872067 0.10390378309420101 0.09686866942814662 0.09006065478746524 0.0836989425304836 0.07792189742141448 0.07280739119239495 0.06839201143764717 0.06468715754707856 0.0616917644455807 0.059402183968077706 0.05782003756790286 0.056958914879131434 0.05679998746213797 0.05679998746213797 0.05682711099714194 0.05720047927823768 0.058000382064432185 0.05921846429958554 0.06085330870882862 0.06290937814147665 0.0653960687325804 0.06832678333172736 0.07171792299636724 0.0754409200456978 0.07878574209373859 0.0816347780216762 0.08397941937776297 0.08582794184099408
0.08801866828368146 0.09558348622005193 0.1038441145669382 0.11258887503187474 0.1214715098131254 0.12999420004943282 0.13748888810932072 0.14318832817430796 0.14638251392049875 0.14662031336994208 0.14386783211680063 0.13852156676083197 0.13126693388275334 0.12287105860242492 0.11400948431673245 0.10521553544631315 0.0968602906158497 0.0891746591276978 0.0822841157736488 0.0762419313767867 0.07105622543351689 0.06671028618825435 0.06317723472049329 0.060430520217011764 0.05845166225155198 0.05723645944128328 0.05680071544273702 0.05679998746213797 0.05683409815033579 0.05722733375276105 0.05804898932802788 0.059291466522606556 0.060954257196834574 0.06304295315558074 0.06556839457422374 0.06854588395283528 0.07199410287346342 0.0754156783075381 0.07832358699920237 0.08070075442517255 0.08255195982004489 0.08390747642934071
0.09338555361411649 0.10235954025342604 0.1123614260417699 0.12320950239154473 0.1345248361126448 0.14568035900310977 0.15576214011401557 0.1636230697132218 0.1681063863488718 0.16843090316926154 0.16453645471069633 0.15711405501421605 0.1472933340213405 0.13624462434529244 0.12492547852089005 0.11400545228616185 0.1038870005851252 0.0947478267817235 0.0866710723269258 0.0796663570621047 0.0736999182962115 0.06871798469265816 0.06466216909253766 0.06147960054265522 0.05912985270034106 0.057590193983675216 0.05686033479950774 0.05679998746213797 0.056831970579633385 0.05721938336027302 0.05803465972472419 0.05926997836883923 0.06092456283665519 0.06300367111294516 0.06551771545973276 0.06848143399296937 0.07182512463077032 0.07482206538451343 0.07726882086028199 0.07913683981261795 0.08042130879028168 0.08114681983683343
0.09863691848138885 0.10919721655454616 0.12119793116171873 0.13450843347948838 0.1487794789537306 0.16331674874175245 0.17694455823790226 0.187964351418391 0.19442935276765005 0.19489274397173847 0.18923798072390285 0.17875728827171455 0.16538536452357863 0.15089187287915068 0.13653569061239812 0.12307521635590932 0.11090093482940001 0.10016725106752816 0.09087708461595237 0.08291808236715305 0.07619475746124717 0.07060835873892979 0.06606462686188812 0.06248221279508241 0.05979795163983678 0.057970655034502314 0.0569846047784887 0.05679998746213797 0.056821646973471064 0.05717767803872148 0.05795862810377338 0.05915549093435606 0.06076607042426006 0.06279386711964424 0.06527676557938375 0.0682556984648103 0.07143435946839702 0.07407088543824032 0.07607859694018447 0.07742244268948736 0.078089545509762 0.07809112661410016
0.10365476912035315 0.11583362962682131 0.12992308653316412 0.14591953592828819 0.16359937027383803 0.18232663437947644 0.20075302543506846 0.2164843400079215 0.22616664646564322 0.2268702168529849 0.21833955078922615 0.20323571452610478 0.18498933423666467 0.16617551898995006 0.14828382486746183 0.13203360284332794 0.11769163738742904 0.10528149617640861 0.09470614896251507 0.08581704676412381 0.07840422245678975 0.07227682779852398 0.06730324870779915 0.06337370884713087 0.06040314198822195 0.05833314539182533 0.05713404874647879 0.05679998746213797 0.05680806736211147 0.05710784930322595 0.05782750013771702 0.05895595806548975 0.06051917077502674 0.06257695574182279 0.0651191549975045 0.06813511791707576 0.07105921269921209 0.07333527800377718 0.07489908536896256 0.07570816219366337 0.07574140359602155 0.07499695762705405
0.10812613472302206 0.12181385786313814 0.1379072318615337 0.15658545862571002 0.1778680846253342 0.20140230363231312 0.22601105062006144 0.24880229885363084 0.2641171606963355 0.2652894046934502 0.2516444003583586 0.22944395744311316 0.20478450483703342 0.18093830907547298 0.159271749797376 0.140218480415606 0.12378970894396357 0.10981478734403775 0.09805543411571356 0.08826120927135298 0.08019663848461019 0.07362350940649076 0.0683024036773876 0.06409551396122797 0.060898758012484795 0.05863915623483259 0.05727550185100405 0.05680031073159236 0.05680004117496366 0.05701987975957886 0.057656683652654944 0.058783255708646294 0.06041358972237903 0.06252672570922213 0.06510510000192626 0.0681008706897956 0.07075843069816429 0.07269252395243517 0.07383201632652106 0.07412916543280824 0.07355965415915788 0.07220516870799074
0.11184690847934878 0.12677973709472776 0.14452301544368668 0.16546046642376633 0.1899566279713371 0.2181915323784468 0.24972152798702693 0.2824115411024398 0.3085268812083114 0.31083223204475613 0.28694260886566175 0.25434392357727836 0.22229917785125458 0.19344905283683908 0.16833875070689344 0.1468561506096846 0.12867491789981547 0.11341219519373129 0.1006916024428986 0.09016963513501017 0.08154614105776917 0.07456740547107694 0.06899824590588488 0.06459914877401687 0.06124691383118892 0.058858021638451524 0.05738306320115029 0.05680787664401844 0.05679998746213797 0.056944024961342724 0.057612889354586444 0.05880406877924434 0.06048796418478273 0.06264000588361378 0.06523694569050484 0.06816876635470767 0.07059266528977044 0.07222163925747686 0.07297925934574154 0.0728160214231561 0.07171095652278918 0.07054888121733464
0.11540820310972377 0.1312896647014414 0.15019439648860622 0.17260147212078247 0.19905632067228088 0.2301648838780417 0.26655357684708636 0.3086422415324394 0.3542797444466288 0.360562055945431 0.3152848010231286 0.27183750912445537 0.23402374011732668 0.20169009595923335 0.1742858451565014 0.15120719351099365 0.1318755117425087 0.11576359408197245 0.10240522121116567 0.09139733489605499 0.08239843053692822 0.07512506823724366 0.06934771366260113 0.06485013290238831 0.06142102615649391 0.058968513869763685 0.05743904811427598 0.05681513044511348 0.0568217388303516 0.057046802544072635 0.05777320185601131 0.05901486652726443 0.06073968080291203 0.06291887845463062 0.06552295476973949 0.06838259089396719 0.07061974854589155 0.07199685609902617 0.07243368220009998 0.07188196160322106 0.0704321547165287 0.07007948267527925
0.11876952165261456 0.13524373136948406 0.1547489176043566 0.1777285763262558 0.20467075673797322 0.23608701976490548 0.2724310486442341 0.313706948382712 0.35625841275836356 0.3610361428607157 0.3184390109722169 0.2751414810742932 0.23695643192148352 0.20414243478326538 0.17626741153316822 0.15276760293990835 0.1330755942710335 0.11666317131390425 0.1030578868248561 0.09184858701619186 0.08268546057453677 0.0752773218892411 0.06938774035787111 0.06483108872340172 0.061407785708681294 0.05896008883093303 0.05743474277309045 0.05682903923763336 0.056994631457993 0.057362658060408946 0.05813256149311853 0.05941329636404106 0.06116989717511256 0.06336915701082096 0.06597515151219092 0.06878094344115254 0.07089087590382176 0.07208312881873999 0.07227413832815226 0.07141813336151658 0.07018685818173821 0.0706872989966545
0.12180912027288043 0.1384751521317415 0.15795687033240208 0.18052750782114954 0.20637900129137454 0.2354708139552396 0.26712067609555884 0.29876253933842417 0.3223721027634258 0.3224532429605434 0.29763358370168447 0.26413788607834593 0.230875670377074 0.20061489727182022 0.17413672408783393 0.15142832709859883 0.1321948329967219 0.11605174905384903 0.1026057773955038 0.09149061310445451 0.08238231887209967 0.07500478002590953 0.0691303498430124 0.064578452252529 0.06120820519446104 0.058833546922396854 0.05737304532385237 0.05695828535730851 0.057317074045861914 0.05787258474415375 0.058689125777388135 0.059999787086449166 0.06178217928086816 0.0639987345783375 0.0666073041392681 0.06939452779354431 0.07144781880106753 0.0725336584765391 0.07256404598649475 0.07149466460861197 0.0709140442239311 0.07227711564037385
0.12449530808633076 0.14097043511814789 0.15986334609818148 0.18120212329119173 0.20479363534093054 0.22999457621062555 0.25525117365679795 0.2772695361432707 0.2902722088029613 0.2881826802310927 0.27109535555591296 0.24567046752795352 0.21835003835982258 0.19227944116356038 0.16847349375623 0.1474934576099261 0.12940003980041206 0.11402411688641594 0.10110430437567505 0.09035653020941929 0.08150908858935264 0.07431965266129262 0.06858281696686729 0.0641328899764176 0.06084469078513011 0.058600981901715074 0.05734225379995957 0.05721113866431455 0.057761228552284355 0.05851061521902715 0.05944341311167004 0.06077650134629429 0.06258121074804274 0.06481600684084311 0.06743304541637042 0.0702437663351192 0.0723208368747914 0.0733887264270737 0.07335206215822476 0.07228655627705918 0.07251195865680551 0.07475933204049467
