_RESULTS/REVERSE_NEW/MHZ/IZ/2comp/MHZ_IZ_z_63_kriged_reverse_2comp.asc
ncols 100
nrows 81
xllcorner 5.5967107547500001
yllcorner 50.982328804750004
cellsize 0.00017565049999994641
nodata_value 1.7014100000000001E+038
[rows 0 to 17 of 81, columns 0 to 39 of 100]
2.0726395415972847e-05 1.2623417766345663e-05 7.816771391013995e-06 5.13111054200532e-06 3.708514127197295e-06 3.0297085113530667e-06 2.8214817235089985e-06 2.958940112260175e-06 3.3865585407720695e-06 4.043282755856885e-06 4.785404526768553e-06 5.350667012924006e-06 5.443379171619679e-06 4.930834266938413e-06 3.96617775525546e-06 2.879673033702003e-06 1.951604029595083e-06 1.2934946956114325e-06 8.848665578818695e-07 6.595011119850179e-07 5.610511072571863e-07 5.625683311237465e-07 6.734096331660818e-07 9.545451304177975e-07 1.559807194701752e-06 2.8222994843475697e-06 5.3973017891396135e-06 1.0426060594404975e-05 1.958989677513401e-05 3.487372745643942e-05 5.8025129239976706e-05 9.00358036429227e-05 0.00013106209087866894 0.0001807845867490754 0.00023870812663562854 0.0003038715341236663 0.00037386675727307334 0.000443653802516682 0.0005051699097655428 0.000548787087245235
1.4973198675318732e-05 8.435103537654358e-06 4.833014626518486e-06 2.9532327980258672e-06 2.0093257498783407e-06 1.568508888303606e-06 1.4188361020284457e-06 1.4681066886800536e-06 1.679652530121443e-06 2.0239238097745414e-06 2.4326827907608546e-06 2.7729022058333466e-06 2.8830951564128064e-06 2.6748145179789044e-06 2.207601501290587e-06 1.6461681584310855e-06 1.1447268568067403e-06 7.756982002678831e-07 5.391036613319276e-07 4.0489280122825533e-07 3.4429944747052954e-07 3.430911203360634e-07 4.0757801776854344e-07 5.757428522234306e-07 9.465755072431618e-07 1.7468052219005942e-06 3.4600613524113883e-06 7.027067878868729e-06 1.4055387641276305e-05 2.6873805274329533e-05 4.827438151734822e-05 8.103413630644122e-05 0.00012757816916317714 0.00018999140958835575 0.00027002228243047075 0.00036832302086709786 0.0004824064935871236 0.0006037907061958115 0.0007163693428079509 0.000799016944440687
1.1708071258870175e-05 6.200317195782995e-06 3.3347729528692802e-06 1.917357553614804e-06 1.234686655900758e-06 9.198365038000756e-07 8.015975027587604e-07 8.064043117096132e-07 9.042440492536279e-07 1.0753238614953325e-06 1.2838648635614967e-06 1.4639046277115077e-06 1.5354130944715098e-06 1.451045838840969e-06 1.2322413257603587e-06 9.53440161356556e-07 6.91091835363099e-07 4.876091535713978e-07 3.503333490179875e-07 2.6873856173273673e-07 2.3008505445428158e-07 2.2786106106524077e-07 2.6679194509819254e-07 3.7097199676779194e-07 6.042224539295363e-07 1.1189916344540968e-06 2.2624707152287816e-06 4.775598316009776e-06 1.0091951981262611e-05 2.0652280443695388e-05 4.005885103382557e-05 7.297170467148199e-05 0.0001249079247242928 0.00020215721356269697 0.000311504461915021 0.0004586260024460209 0.0006437603407434497 0.0008547041746384291 0.001061127281472139 0.001218257394964803
1.0285898168238916e-05 5.246445230308044e-06 2.707796983386864e-06 1.4904449339950926e-06 9.177075190911499e-07 6.534669447643896e-07 5.443410640342063e-07 5.236893692845337e-07 5.622920992790394e-07 6.422026648487787e-07 7.407949269082754e-07 8.24274475619129e-07 8.557876484624814e-07 8.148074770287939e-07 7.102297572808943e-07 5.733670010896938e-07 4.3824691169329114e-07 3.2679001071089867e-07 2.464069720360905e-07 1.9544340760638287e-07 1.6970749391973083e-07 1.672082844818628e-07 1.919690620953169e-07 2.600594969444039e-07 4.139001287033525e-07 7.57719149340115e-07 1.5411993830353604e-06 3.3389709651030028e-06 7.3833791664292555e-06 1.606802726495569e-05 3.35396577383098e-05 6.62435673140168e-05 0.00012341081767870582 0.0002175565221457823 0.0003644988556226564 0.0005809346244895126 0.0008761845179416306 0.001236367854670621 0.0016080209970119 0.0019008480529104906
1.0449367614544787e-05 5.292075541486268e-06 2.695385370954517e-06 1.4526677557298937e-06 8.676591036018587e-07 5.931486037455195e-07 4.693910768163606e-07 4.2500544598319176e-07 4.267105711850123e-07 4.549774543718299e-07 4.923896105876533e-07 5.204669619530511e-07 5.235288610012727e-07 4.951056548313293e-07 4.402163752288632e-07 3.7124456560520586e-07 3.013423528721891e-07 2.4001864821201e-07 1.921521372711246e-07 1.5918955101337724e-07 1.4111499919418289e-07 1.3858015646111775e-07 1.5549598768430893e-07 2.0359904374779292e-07 3.129937043428974e-07 5.58650476652422e-07 1.1266066425845915e-06 2.470366492696003e-06 5.64518307564259e-06 1.292907210973287e-05 2.8803667502858924e-05 6.129894911039352e-05 0.0001237155162921407 0.0002367144801214063 0.0004299466300670405 0.0007397342064024918 0.0011953904573980582 0.0017874416015289476 0.0024281859462661516 0.0029475520265756657
1.2468633639546633e-05 6.484615530036187e-06 3.362491393984514e-06 1.8204646801084812e-06 1.0732720337872636e-06 7.095855619881377e-07 5.317298644727336e-07 4.4729222188071573e-07 4.114298673418564e-07 3.9944955282106e-07 3.9513396211095225e-07 3.873232298096752e-07 3.7011132101167486e-07 3.429133907582832e-07 3.0872556034509353e-07 2.715749869358297e-07 2.3486778958936797e-07 2.0109943709159448e-07 1.722466659987101e-07 1.5011638758428231e-07 1.3654766074362356e-07 1.3390861744697465e-07 1.4655522219740536e-07 1.8434246126219175e-07 2.7103481820772945e-07 4.655626977100495e-07 9.1690845156991e-07 2.002330119770664e-06 4.6527859430757155e-06 1.1044159629013786e-05 2.5896011210342232e-05 5.8648227490595506e-05 0.00012681919647469791 0.000260744962831951 0.0005086234670079104 0.0009361737443007418 0.0016066839683623482 0.002524540130538444 0.0035552735996696896 0.004404965163234768
1.7475817845845583e-05 9.650393388098906e-06 5.255817700043388e-06 2.9341604247694826e-06 1.739731720553573e-06 1.1233591732932358e-06 7.97615911013904e-07 6.186555486380447e-07 5.142267721292103e-07 4.468223277790151e-07 3.967687165942811e-07 3.547578743925463e-07 3.1775167269643025e-07 2.8571371291077424e-07 2.59044418991842e-07 2.3724003201413553e-07 2.1879430968983406e-07 2.0194350465490234e-07 1.8575395049151592e-07 1.7095088742013302e-07 1.6002105625884056e-07 1.5686762554538526e-07 1.6715692611709904e-07 2.0091477860721924e-07 2.799282524519844e-07 4.567334102408968e-07 8.641423431558203e-07 1.8442346962538474e-06 4.27058792553402e-06 1.0294111474712846e-05 2.4909340491124087e-05 5.893549574846049e-05 0.00013421746400612975 0.0002918028300387144 0.0006020180873553495 0.0011679866061815752 0.0020986888263693363 0.003419102879543027 0.004932986494922262 0.006180045668973485
2.832515517754041e-05 1.711059216309477e-05 1.006564934289142e-05 5.935178568622908e-06 3.6043556154739287e-06 2.2994105581875563e-06 1.554550553010322e-06 1.1109648353506882e-06 8.30624703763615e-07 6.417619492029999e-07 5.081937212015055e-07 4.122133273153665e-07 3.4478436331985107e-07 3.0023811154158484e-07 2.738834400252591e-07 2.6107560522763497e-07 2.567678588567455e-07 2.5550877235598855e-07 2.5246057423921263e-07 2.4542281415465903e-07 2.364235844936965e-07 2.314737301418835e-07 2.394942789946156e-07 2.735024465666478e-07 3.576538388329441e-07 5.466278737243895e-07 9.757242285605404e-07 1.991779487092179e-06 4.488657461032348e-06 1.072113178237439e-05 2.6131813235632204e-05 6.311518665350409e-05 0.00014812227935420228 0.0003336122711095034 0.0007138228767773622 0.0014323893434521234 0.002645967655092062 0.004393789916761094 0.00639714083042959 0.008006308346678419
5.156445275485599e-05 3.48808127842073e-05 2.266184682018811e-05 1.4393643267154393e-05 9.098298483359377e-06 5.805422366277091e-06 3.770342382205043e-06 2.4986921471215957e-06 1.6893634333015733e-06 1.1668415039145833e-06 8.290607250028562e-07 6.143357086175498e-07 4.833327579225737e-07 4.102886516637994e-07 3.784272108530537e-07 3.764614021905328e-07 3.9496098823178847e-07 4.2306574164236247e-07 4.47830742500924e-07 4.5845961243945336e-07 4.5311570620425714e-07 4.415737868778729e-07 4.415904319670105e-07 4.758278584740217e-07 5.779028158329088e-07 8.151762313836457e-07 1.3465947838822074e-06 2.5694265542110305e-06 5.492986974700327e-06 1.2658182040456543e-05 3.026694947707695e-05 7.275901291152642e-05 0.00017182353071796655 0.00039201702546838487 0.0008515132451842601 0.0017311286039768665 0.003222593358156659 0.005353013910718771 0.007734334904667249 0.009539199960232484
0.00010134503842295308 7.79326462458905e-05 5.674362263039746e-05 3.935809969159618e-05 2.6225428101228048e-05 1.6938214324904435e-05 1.0694173849140851e-05 6.656680573935924e-06 4.128656783110996e-06 2.591059683975447e-06 1.6815188383970298e-06 1.1592936457126185e-06 8.728412355046151e-07 7.328227070843835e-07 6.905454681703005e-07 7.209226702380657e-07 8.075895974218379e-07 9.286257999196122e-07 1.0477904274098566e-06 1.1228701159053264e-06 1.131750086221126e-06 1.0913101621161617e-06 1.0480368182168664e-06 1.0569001442892527e-06 1.1790748166827433e-06 1.512345922007497e-06 2.26867667757796e-06 3.956427658587714e-06 7.826378479866918e-06 1.6954991262441478e-05 3.876256344465352e-05 9.049881768381592e-05 0.00021017347404262354 0.0004753936501201436 0.0010270376670442193 0.002073950784296318 0.0038168068730005246 0.006227695003879 0.008783871151745162 0.010530892206976561
0.0002053133195490083 0.00018051153546282488 0.0001482071581478047 0.00011304546177884177 8.007298842417752e-05 5.29080436437422e-05 3.292221804921139e-05 1.9585522703478553e-05 1.1382646268184373e-05 6.651619006052441e-06 4.048461372625798e-06 2.666575969925984e-06 1.96845927253079e-06 1.6673901505342234e-06 1.6276940185608114e-06 1.7963946632463113e-06 2.1510501077851746e-06 2.6450878753372327e-06 3.1592977790887018e-06 3.515018956784586e-06 3.5831720596685447e-06 3.392257993257012e-06 3.104724742492799e-06 2.9058295335911744e-06 2.9472293643887027e-06 3.392675581903197e-06 4.546901250210439e-06 7.109396020277502e-06 1.2739298194947458e-05 2.5377183370886114e-05 5.4270663135978144e-05 0.00012051563532742037 0.00026992460623370104 0.0005943481198047893 0.001255108051621156 0.002475520601833877 0.004430814791205257 0.006991018985724026 0.009488657367429066 0.010923818980433613
0.0004079656515374735 0.0004085719163590165 0.0003773746532635042 0.00031657470187973274 0.00023928491426867263 0.0001631533582565667 0.00010149256656190412 5.887309924516752e-05 3.2882782808381235e-05 1.8422943255117237e-05 1.0848303594760317e-05 7.037409308002483e-06 5.233662043926317e-06 4.570294244541328e-06 4.689672266584578e-06 5.510189095187175e-06 7.054134614889687e-06 9.228737327813888e-06 1.1570477222666089e-05 1.3236301963494257e-05 1.3519280341374837e-05 1.2462334788514011e-05 1.079179956985772e-05 9.309697316046607e-06 8.519936657735359e-06 8.722086428075423e-06 1.0326867338344942e-05 1.4285044052493413e-05 2.2842991337610714e-05 4.118526439511152e-05 8.109071575631885e-05 0.00016866633801773057 0.0003590661648169723 0.0007591338892405416 0.001546452517171578 0.0029411925466108044 0.005056211654353526 0.00762293375123745 0.00984800321288035 0.010786025365850846
0.0007564208316263052 0.0008521013864512061 0.0008763419994082103 0.0008035367614794076 0.0006477875923415697 0.0004587034747414805 0.00028922306326506215 0.0001670395377055381 9.20924178144219e-05 5.100237040501775e-05 2.9994021182620058e-05 1.9750588117029007e-05 1.518659170841093e-05 1.3943102888753112e-05 1.522354707553761e-05 1.913159716708245e-05 2.6133755435338703e-05 3.612751706894442e-05 4.709261122520664e-05 5.4831175800088236e-05 5.560247705267311e-05 4.955095336011643e-05 4.039317845174063e-05 3.2006131454439834e-05 2.6355697026874283e-05 2.392065267553435e-05 2.491739657094561e-05 3.032465659626269e-05 4.297180352917362e-05 6.955230267825393e-05 0.0001249564200247234 0.0002411737853975833 0.00048339137297719634 0.0009720040368516665 0.0018922735127923245 0.0034385676383965748 0.005627859013945852 0.008042163202387391 0.009820595249524977 0.010176773914225574
0.001248594530044674 0.0015501658483963322 0.0017451641471749385 0.0017290294188829335 0.001480544727692223 0.0010934984470358032 0.0007079212492810507 0.00041552007728771725 0.00023213985052512819 0.00013086925939756702 7.916450479610463e-05 5.434889733763086e-05 4.415216399775426e-05 4.325955778270849e-05 5.063771700329065e-05 6.810491939395365e-05 9.87647428207e-05 0.00014300549978832716 0.0001918134442128914 0.00022508572038463327 0.00022488348024772003 0.00019285191408817615 0.0001477927796650033 0.0001077181618589628 8.007946926695012e-05 6.470438805742484e-05 5.953039111352189e-05 6.392005843653623e-05 8.036351341450441e-05 0.00011668739412278987 0.00019079218215199155 0.00034022489963790175 0.0006383519748041097 0.0012126177190071123 0.0022397482213762114 0.0038611127588549154 0.00597829710834575 0.008056578802471851 0.009268963485116232 0.009075923003880208
0.0017610278516891858 0.0023463320381760682 0.0028277801153044004 0.0029808610243607634 0.002693013891815164 0.002080569069289523 0.0013998124658425675 0.0008516725651140722 0.0004942794814583547 0.0002913657889063106 0.0001860068514355962 0.00013606444768788026 0.00011864518348207876 0.00012515639080209855 0.00015736388667958242 0.00022557737134365534 0.00034436973154700203 0.0005167109229088792 0.0007055319187962156 0.0008270597283768575 0.0008096812314850532 0.0006673261599557127 0.00048224468223385296 0.00032553443923768446 0.00022061242973622078 0.00016048662665344552 0.0001319111861854456 0.00012626197096967035 0.0001419972590593453 0.00018593939657757087 0.0002772406923409661 0.00045617298944306976 0.0007978690216452064 0.0014228375391578932 0.002475114415824407 0.00401881677511466 0.005852174281523781 0.00741150689707685 0.008029085046917177 0.007447831848784202
0.0020551339695992934 0.0028489283830190185 0.0035823738017242046 0.003947117977187805 0.003732322285988433 0.003023322334372466 0.002139097994468797 0.0013751673809423322 0.0008487430892051847 0.0005359789950508759 0.0003690579057192276 0.00029250806364731666 0.00027656256715954903 0.00031507755510508704 0.0004241160685159941 0.0006426150562816842 0.00102111155937614 0.001568598700857212 0.002157013195042022 0.0025068323279545763 0.002397194495642103 0.001902530645604865 0.0013056116609548964 0.0008257134594255897 0.00051774359063838 0.0003448267612839887 0.0002575629353256791 0.00022324282112581907 0.00022748303091081157 0.0002710271364908294 0.0003700516983663384 0.000561483721671592 0.000911012488594815 0.0015128969785899685 0.002454871165561133 0.0037192289963125912 0.005056730924957952 0.005996359994936474 0.006122289646612457 0.005410459674034912
0.0019436964419901558 0.0027119361891426927 0.0034626616791985283 0.003915130886782607 0.0038442258205218663 0.0032742190263757034 0.0024664231244379536 0.0017079054451885007 0.001146687744940482 0.0007933257405937425 0.0006004159063221509 0.0005223540269622302 0.0005387019800880658 0.0006621056284609051 0.0009474763208283663 0.0015006543673794473 0.0024497908535654716 0.0038041008226543096 0.005213730146715401 0.0059686682392998845 0.005567371828600469 0.004272342503170865 0.0028106575305077105 0.001689029097440674 0.0009972871684309575 0.0006201287183130836 0.0004293243463824533 0.00034311940810586493 0.0003214912373878116 0.00035196633034508245 0.00044190127633002345 0.0006172111833625753 0.0009223792939549366 0.0014106651110547337 0.002107317968384501 0.002941454399283495 0.00369732743170658 0.004084588150301783 0.003934789192101739 0.0033381252326517854
0.001478211862949708 0.0020081474663171204 0.0025352520064434573 0.0028910936151968197 0.002928617114967615 0.002634136104588552 0.0021415338929523754 0.0016295970069896324 0.0012175543216064954 0.000943054519092055 0.0007982686181803674 0.0007707401408820934 0.000870246156069677 0.0011502980380371898 0.0017348817777401106 0.0028375962487072123 0.004695663878607322 0.007278825540317648 0.009845852307627252 0.011039782445335825 0.010036925021903793 0.007481035962584936 0.004763434393403596 0.0027582296700419105 0.001560325978466729 0.0009233421001318406 0.0006040263809446824 0.0004530020012768342 0.00039578321328462404 0.00040172414755646 0.0004650854827797948 0.0005957692576374811 0.0008122363599051539 0.0011280668330440195 0.001526417344487458 0.0019323042810986176 0.0022176989653402 0.002267123400321055 0.0020617983368732954 0.001693420368922456
