_RESULTS/REVERSE_NEW/MHZ/IZ/2comp/MHZ_IZ_z_0_kriged_reverse_2comp_test3.asc
ncols 100
nrows 81
xllcorner 5.5967107548124995
yllcorner 50.982328804812504
cellsize 0.00017565037499993607
nodata_value 1.7014100000000001E+038
[rows 54 to 71 of 81, columns 40 to 79 of 100]
0.044461246532797295 0.1847538134971234 0.77492936931861 2.7573610369593364 6.846682944231203 10.239538620870405 8.530978917485236 3.684381774458171 0.8198431178189398 0.10893588380396371 0.011029545507607435 0.0011268288271641799 0.00015431664082492157 3.641903215942758e-05 1.78408158199852e-05 2.001157179883929e-05 5.130016912628893e-05 0.00027090434654338983 0.0024156857221822297 0.027564581507543838 0.28928550443256396 1.963896395999853 6.283733181673071 8.084000295882685 4.021738807781813 0.7859757488458883 0.07629286164499216 0.005456258851240013 0.00044461310839860835 6.168652564083089e-05 1.9520623665117443e-05 1.603354016060226e-05 3.251973231267982e-05 0.0001327307860889376 0.0008046267389076237 0.005196412358685408 0.02664369978423569 0.0881224279594326 0.17026684167727515 0.19313754928164084
0.028284851825928464 0.11271359964948283 0.4484337458831724 1.5143440685198926 3.638041520742802 5.39031178520107 4.524754793309218 2.0574978484711526 0.5218746377510723 0.08510629973715912 0.011124509523209106 0.0015048392327567687 0.0002723291112028804 8.256926246974326e-05 4.945900596368466e-05 6.367891913719489e-05 0.00017486909730714606 0.0009237703665217303 0.007729820699091008 0.07804890659014334 0.6849190120758024 3.660522454358877 8.825968769855974 8.482080262064772 3.0269785366485014 0.4088551299302215 0.027667722912344248 0.0014246647108350128 8.801086707247452e-05 9.89387853997872e-06 2.7275330599124865e-06 2.091087644135864e-06 4.19682452448279e-06 1.772353666929511e-05 0.00011473808074944362 0.0008090436295292624 0.004607106154348212 0.01718485098359965 0.03799749075930717 0.04996089312519664
0.010952087611384947 0.04083382869692518 0.15204436865683882 0.48645445499468754 1.1411315868155918 1.716194149816707 1.5217599951647505 0.7766533010684793 0.23978872447626134 0.05109254532071132 0.009118512915253538 0.001706290713953302 0.0004190725930625479 0.00016427867744843143 0.0001184927250090273 0.0001688378251416961 0.0004699226011320141 0.0023153865749001756 0.016806232064462124 0.1387137239019663 0.9499052843968064 3.8488457445210087 7.04304378821438 5.075349175684645 1.3150300675566693 0.13168191158391943 0.006883838791336738 0.0002855744368086111 1.4893753149317578e-05 1.4838289187409124e-06 3.794107031120153e-07 2.805089775417441e-07 5.601228555430754e-07 2.4126561724322473e-06 1.6278253841945828e-05 0.0001222410862337483 0.0007591699610452448 0.0031694540526758888 0.008050212455890696 0.012436807001351262
0.002896244452217461 0.010134305164050143 0.03578123642731339 0.11056015502939695 0.25873945777357943 0.40644384486336016 0.3979915959184412 0.23976937899218656 0.09383076717046657 0.026867029797863578 0.006658031816844382 0.001731471697379005 0.000572220751828845 0.0002836596152533499 0.00023778612388166554 0.0003574583329670209 0.0009512202592062314 0.004092932441867086 0.024062809464428236 0.15225150325631612 0.7752123684371719 2.340052384206831 3.2592418129338987 1.7849752902431861 0.35986339455052097 0.029959175532256643 0.0013828488573627315 5.321254927087976e-05 2.6765010426027333e-06 2.639833305038505e-07 6.770097622230911e-08 5.033468995240019e-08 1.0081052406905571e-07 4.3484518579792633e-07 2.953045996046999e-06 2.266038804039636e-05 0.00014749670768710374 0.0006667808273542459 0.0018986340677786544 0.00339183916728911
0.0006012745937449376 0.002022821696801457 0.007003561952309691 0.021705590341841653 0.05258389063502729 0.08928348843189177 0.09967444633494642 0.07264051923284776 0.036412135571614115 0.013950854906756693 0.004719318414148157 0.0016590688442312627 0.0007115370690083545 0.0004273783414020566 0.0003970143611529143 0.0005982578066960774 0.0014429238385504845 0.005138042936510182 0.023253293131883297 0.10808986368547671 0.3983574029206854 0.8882278878432409 0.9500266002630511 0.4180079272556451 0.07310443011917347 0.0057731316176689255 0.00027242308213691786 1.1308149091967505e-05 6.308722907202531e-07 6.906860359092026e-08 1.9232769798358536e-08 1.4975211003321214e-08 3.02112682557062e-08 1.272875168109047e-07 8.32107886381462e-07 6.178430170157364e-06 3.983724406208424e-05 0.000184985773247624 0.0005638541352623901 0.0011203650206551216
0.00011351280592768881 0.0003795824327300516 0.0013433896298716875 0.0043631052311970085 0.011387904171246513 0.021559315481030673 0.027961433572075232 0.024742649872158386 0.01568039830246306 0.007811434991191187 0.0034623241951308044 0.0015666483645809144 0.0008270418168646523 0.0005707808068001897 0.0005585323990510639 0.0008051045698718477 0.0016875294990545855 0.004795168955933041 0.016228626219368544 0.05440884782434883 0.14449518770338377 0.24060698812518752 0.20497824935526446 0.07847576425370675 0.013308483844581031 0.0011343351092277059 6.300288978059478e-05 3.2488001938599556e-06 2.2836954413021674e-07 3.0721936470762934e-08 9.939828336633566e-09 8.362051057126366e-09 1.6944065509902208e-08 6.763466446358268e-08 4.049687199720587e-07 2.738856532717994e-06 1.640908405825733e-05 7.353117524991256e-05 0.00022644457464899746 0.0004751681377406139
2.2471837305997244e-05 7.690717372196925e-05 0.00028834103271882267 0.0010178327053486477 0.002952531087000659 0.006359856856188328 0.009634541867512576 0.010232859659660573 0.007968664450689054 0.00494415746214512 0.002722370833186384 0.001495738921851196 0.0009170959857194131 0.0006893803451277296 0.0006787460187668369 0.000902226665033463 0.0015997700854771591 0.003565813685809219 0.008962080203124573 0.021767438325276556 0.04238802985551419 0.054470424607731986 0.03904770134141981 0.014099153722812018 0.0025613479585602193 0.0002636858116639858 1.9407237964927496e-05 1.3941026483673705e-06 1.364705890581453e-07 2.4360138308678664e-08 9.608896520418581e-09 8.89310422577774e-09 1.7928085198743004e-08 6.567280108674946e-08 3.434003673427097e-07 1.9982572133691858e-06 1.0467224641209314e-05 4.2594612656287714e-05 0.00012504467071339012 0.0002625565350846689
5.308897786182831e-06 1.8862829230011185e-05 7.632394932432898e-05 0.00029833192694069183 0.0009752114711214031 0.002400788897681764 0.004212895968564923 0.005249840628777631 0.004842582126398734 0.003566577520470311 0.0023088244108534 0.0014549564670106752 0.0009819143737170972 0.0007676661597097962 0.0007338767500957354 0.0008786038028600951 0.0013030485063377896 0.0022792900084907756 0.004303639138337044 0.007743265818698026 0.011428519084957003 0.01185253705096712 0.007575744669575919 0.0027679995727775764 0.0005833010502074456 7.893905977989194e-05 8.376009574690811e-06 9.056584594239077e-07 1.3166756416204084e-07 3.266845777807255e-08 1.6125328648422166e-08 1.6511896439630325e-08 3.2703604369536645e-08 1.069851225380789e-07 4.7042345867125873e-07 2.2527453797092266e-06 9.832931319037411e-06 3.459044310919836e-05 9.220235698078546e-05 0.00018485957644388297
1.66858347861671e-06 6.113126001031295e-06 2.6558079004025373e-05 0.00011435130916529786 0.00041791693074503806 0.0011600980449247202 0.002308124810373559 0.003273041093033634 0.0034383765075576152 0.002870858367205718 0.002079810032264001 0.001432264403342261 0.0010189519462211103 0.0008005320440140286 0.0007261532489929943 0.0007748400431083597 0.0009632063938424659 0.0013405591785802821 0.0019478867049329005 0.0026827444652348454 0.0031234833170587567 0.002737044306653565 0.0016404290729581594 0.0006395072481544092 0.00016484560036914649 3.0846149045726955e-05 4.936781904510768e-06 8.340359536062853e-07 1.8512694255103788e-07 6.494261933512304e-08 4.038007074296108e-08 4.561932629089481e-08 8.782678456365378e-08 2.5227402067037e-07 9.126771937808879e-07 3.5057409137445126e-06 1.238992673167177e-05 3.652196418494631e-05 8.553224010499142e-05 0.0001583263116370955
7.559267342308769e-07 2.7761245349998413e-06 1.257195110561434e-05 5.788432120643737e-05 0.00022958910645836224 0.000696986818493914 0.0015218894370892767 0.0023705749152080854 0.0027301801972852303 0.0024836080045985936 0.0019359979162024725 0.0014052734703318243 0.0010227264281526085 0.0007903828386011174 0.000672938321119976 0.0006403187544340549 0.0006750309826589102 0.0007639613668346746 0.0008802486017045543 0.000961785549964263 0.0009183143136963751 0.0007069802225899751 0.00041207599105795004 0.00017685844503751414 5.7136013421971945e-05 1.5023900077525543e-05 3.6562323532394903e-06 9.661746566788054e-07 3.261164482406772e-07 1.60662391845937e-07 1.2492516891813775e-07 1.5474877407502034e-07 2.8828938285596526e-07 7.248058469768571e-07 2.1510918309081835e-06 6.59914085543174e-06 1.8750054701689076e-05 4.581199637485908e-05 9.28770170740994e-05 0.00015586591770676877
5.15509013326353e-07 1.815257917009134e-06 8.159185824330447e-06 3.8231359658458343e-05 0.00015696551171598584 0.0004987529748008068 0.001147919063872869 0.001892269882564018 0.002308203777358637 0.0022164161305372656 0.0018074291522227636 0.0013508158653647425 0.0009884926270684441 0.0007442705126319935 0.0005942494118727955 0.0005084200498882914 0.00046238355400947796 0.00043618686011284946 0.0004107814658664175 0.00036800978930570075 0.000297600391033035 0.000206984919932744 0.00011971407757874453 5.711915488049814e-05 2.308228307439149e-05 8.417987839108401e-06 3.0474898092920085e-06 1.2262344394205386e-06 6.125576320104475e-07 4.1426040135091006e-07 3.9683013419905676e-07 5.360621248930372e-07 9.700442517511913e-07 2.1582375647217126e-06 5.3334862458525825e-06 1.3269424324396544e-05 3.06931913903511e-05 6.263667624546883e-05 0.00011012982338156154 0.00016693583572354934
5.294393986863412e-07 1.6978607938717746e-06 7.139189123266522e-06 3.204046707522485e-05 0.00012858162766530459 0.00040632983047375474 0.0009436361987482323 0.001587463184493114 0.001991086441772938 0.0019711002435235515 0.0016514872341030504 0.0012549652288698751 0.0009171169477381391 0.0006723566247347049 0.0005064807550916697 0.0003946483221661659 0.0003156033618626941 0.00025424097057238297 0.0002010958952297255 0.00015179726096695655 0.0001064597358029866 6.798839720061848e-05 3.9226631319736465e-05 2.0640559495607798e-05 1.020738195354995e-05 4.989875309657669e-06 2.575857007100388e-06 1.5089214615310385e-06 1.07065899395245e-06 9.631219599944462e-07 1.1164801341152045e-06 1.6403670606046783e-06 2.916566981974157e-06 5.871944393850576e-06 1.2432800259754663e-05 2.5847985385872188e-05 5.001326383256385e-05 8.709938462475582e-05 0.00013474873831632696 0.00018587839098657149
7.841325606137268e-07 2.182828500794891e-06 8.100076336285148e-06 3.2751958628294264e-05 0.00012121821759729546 0.00036200411261287847 0.0008133823405288261 0.0013515749237085536 0.0017017609895096893 0.0017084464130653748 0.0014559172378434929 0.001119734378664441 0.0008175189318049203 0.0005866370963554377 0.0004211540728326779 0.00030333552532791415 0.0002174172184430855 0.0001529220382409955 0.00010398660654091693 6.758238387769705e-05 4.178308530338636e-05 2.468119083497917e-05 1.413362603125275e-05 8.043376584019272e-06 4.7053732186214875e-06 2.9448481127042505e-06 2.0554515406764655e-06 1.6610022473639845e-06 1.5963103757366069e-06 1.8443438117760938e-06 2.540246740221762e-06 4.0577234625461346e-06 7.203399331193612e-06 1.350403670898537e-05 2.539340413748055e-05 4.581734817361331e-05 7.681317085757205e-05 0.00011755859108063531 0.00016358214684926778 0.00020834718155197208
1.5448212947305722e-06 3.6037141340569987e-06 1.1258029037487153e-05 3.894533683992195e-05 0.00012644410577797272 0.00034147514756281943 0.0007163212848363253 0.0011448475926854997 0.0014211192358775414 0.001431425102144872 0.001234967563303217 0.0009615809374772291 0.0007045427705824681 0.0004989703123089929 0.00034549158850436966 0.00023359184999854448 0.00015286263983125227 9.582373238784775e-05 5.7194485954673665e-05 3.259612206762285e-05 1.7989135461953232e-05 9.85888936681799e-06 5.550512305576013e-06 3.3356412109023803e-06 2.221991176324903e-06 1.6940531979760409e-06 1.511282896339401e-06 1.592551823341931e-06 1.973470252960063e-06 2.824826933427955e-06 4.536116457156149e-06 7.873545672028884e-06 1.4182868382726694e-05 2.548442790459914e-05 4.414506992367206e-05 7.186676171889764e-05 0.00010829608621870064 0.0001502922464826727 0.00019275356863668832 0.0002306319736157307
3.645811040078201e-06 7.009401883926659e-06 1.7909947524344346e-05 5.119350212869667e-05 0.00014075153525520013 0.00033300991999343207 0.0006356077347762205 0.0009588057745115573 0.0011591958080881485 0.0011641364021224027 0.001015397458969749 0.0008025204109995339 0.0005936775593476777 0.00041882866675878663 0.0002831969446085299 0.0001825620998265479 0.00011110384658834582 6.335215718764875e-05 3.3886127468081196e-05 1.725168074907932e-05 8.61023687953042e-06 4.395734559851618e-06 2.413419090017121e-06 1.4980825107347223e-06 1.0961111595803568e-06 9.707720905607249e-07 1.0483795912286226e-06 1.3636857941722942e-06 2.0751893394902843e-06 3.5469509806596643e-06 6.502294801320509e-06 1.2215238862199167e-05 2.258999337268086e-05 3.984747106615552e-05 6.562050380678637e-05 9.974942269403095e-05 0.00013963102473955454 0.0001808332242114736 0.00021872027761697405 0.0002500277897485349
9.224140015877436e-06 1.4665280300725284e-05 3.0410334511174682e-05 7.079118744507194e-05 0.00016202362958465534 0.000330301971584164 0.0005656179422061516 0.0007969383761631996 0.0009322175500977083 0.0009305888491227236 0.0008207612619494643 0.0006605127383301111 0.0004963008612093266 0.0003519282035673984 0.00023525258239752672 0.00014690326544426622 8.476032524284521e-05 4.494103842977732e-05 2.2047417803339916e-05 1.0248925115962703e-05 4.706891701971841e-06 2.25906355789046e-06 1.206759560370307e-06 7.614680606756287e-07 5.939352237308682e-07 5.859746284883891e-07 7.28847355590205e-07 1.1109462518768057e-06 1.9787291223561432e-06 3.885960109455862e-06 7.930679673713133e-06 1.5960512588578316e-05 3.0418991106360995e-05 5.347991335151611e-05 8.56446445359198e-05 0.00012477096542692394 0.00016650103687188816 0.0002059364922888461 0.0002393900729298623 0.0002652068934667959
2.2647014044687134e-05 3.0395158421337365e-05 5.175458687836184e-05 9.862166328515503e-05 0.00018805136656259918 0.0003297905043712602 0.0005053842290064737 0.0006634357161574674 0.0007494927039569533 0.0007431586896620069 0.0006632440391482044 0.00054488048371382 0.0004179364174219267 0.00030030904929816685 0.0002008424983130657 0.00012347923370120781 6.896201013638114e-05 3.48495584014316e-05 1.6112112143086552e-05 7.026822243013302e-06 3.040812437511434e-06 1.3948660586915455e-06 7.291012521465341e-07 4.640807859127337e-07 3.7748623804356596e-07 4.006342357558867e-07 5.490030275338202e-07 9.338701353101275e-07 1.8565077488761333e-06 4.021322485952003e-06 8.863555748854418e-06 1.877121527705907e-05 3.666672810915386e-05 6.456585079826473e-05 0.00010179727207564679 0.00014448844631651645 0.00018706489383203573 0.00022461969070129814 0.00025444589358863934 0.0002761321730226658
5.006813628390528e-05 5.8581519490788135e-05 8.409662879455333e-05 0.00013392529092020396 0.00021606961003849923 0.0003295417604890813 0.00045511995138892476 0.0005589024302671618 0.0006109736921484212 0.0006022126456916826 0.0005441965136131679 0.0004571373938479183 0.00035927015174784115 0.00026343725949834094 0.00017828627033557618 0.00010972375694592874 6.0642555637909455e-05 3.0014329294029013e-05 1.3488444869322799e-05 5.699285866505444e-06 2.394539034040913e-06 1.0749770159033124e-06 5.573107825376267e-07 3.579690866692512e-07 2.993847340477087e-07 3.323820216174889e-07 4.826244472506666e-07 8.75423016155739e-07 1.8537382894984274e-06 4.242861486256278e-06 9.752477252795185e-06 2.1200900781894103e-05 4.1845118172853925e-05 7.345567969713165e-05 0.00011432399501787144 0.00015926835394195377 0.0002019917583871734 0.0002378129276323961 0.00026485798133403326 0.00028359115389702964
