_RESULTS/REVERSE_NEW/MHZ/IZ/2comp/MHZ_IZ_z_1000_kriged_reverse_2comp_test3.asc
ncols 100
nrows 81
xllcorner 5.5967107548124995
yllcorner 50.982328804812504
cellsize 0.00017565037499993607
nodata_value 1.7014100000000001E+038
[rows 54 to 71 of 81, columns 40 to 79 of 100]
0.06044389139212259 0.053030607042483864 0.04868341447245487 0.04717615739060261 0.046493058758103334 0.044855808104373375 0.04084017298123669 0.031480034086414234 0.018220511353587206 0.007678426084922441 0.002416002293152551 0.0005994855978328587 0.00012786487825175197 2.62837380689548e-05 5.948639264791823e-06 1.7021541623911017e-06 6.98275866952147e-07 4.507142436262359e-07 4.771708024672451e-07 8.103216199197024e-07 2.0193227266213448e-06 6.347272048921437e-06 2.0976607789278684e-05 6.50783654635288e-05 0.00017153432012623703 0.00032819238831599746 0.0004383346113997036 0.0004309822155454923 0.00033761577885059083 0.00023074382174013196 0.00014984799764677505 9.871423796866519e-05 6.862947441138174e-05 5.118251520271515e-05 4.096883900025979e-05 3.496314916400334e-05 3.156925460798604e-05 2.9979043544869322e-05 2.981485277611812e-05 3.0923677828878836e-05
0.10878018635296755 0.0963512681855907 0.08820615028149105 0.08380547344046745 0.07964042544214286 0.0719256485128461 0.05835348681782575 0.03900776614279431 0.01983622644492814 0.007509124634654798 0.0021693726677047506 0.0005065517732984442 0.00010438553037957214 2.127145244250338e-05 4.884711088086701e-06 1.4458444448141825e-06 6.224059437937097e-07 4.2516672224485987e-07 4.773269834060617e-07 8.552047915274324e-07 2.216452331473183e-06 7.049859390999434e-06 2.3133778791771175e-05 7.17988361420673e-05 0.000182764754248626 0.0003225525418407724 0.0003910397009795845 0.0003462481634996353 0.00024435553729073163 0.0001521860235429546 9.206006006362475e-05 5.820262774317085e-05 4.0172223501975785e-05 3.0752315666426666e-05 2.5998233901633512e-05 2.3916459660483544e-05 2.3525834207728356e-05 2.4358758109072595e-05 2.621109442338805e-05 2.9004815048819078e-05
0.11038064220481544 0.10184048972601276 0.09632887597028973 0.09315483773736999 0.08858232583226569 0.07801179170929785 0.059552550774196814 0.03684991969338521 0.01758760767373073 0.006400070538327211 0.0018234559313910442 0.0004314029254377941 9.244938974841206e-05 2.0021937919817004e-05 4.958502662501212e-06 1.5918345921435935e-06 7.402090056782543e-07 5.38965232493872e-07 6.315731620219792e-07 1.150316770695145e-06 2.9426162040295804e-06 9.01740743916455e-06 2.8425307522137793e-05 8.286046766223258e-05 0.00018874108248034393 0.0002977558281183821 0.00032714502911675907 0.0002653659903826541 0.00017412517901862942 0.00010286775493619682 6.045360560795434e-05 3.8103168506352505e-05 2.68908253459096e-05 2.1519504097080164e-05 1.9336726423344806e-05 1.9085783871306885e-05 2.0177660958680345e-05 2.2334755914085795e-05 2.5419548174214217e-05 2.9342121323027055e-05
0.06887638102301526 0.06933477251444903 0.071238749930869 0.07365114408520912 0.0732870654621088 0.06593201423674146 0.05024684544622397 0.030717522122431277 0.014589799693944947 0.0053813310139009625 0.0015916172964154844 0.00040120623114088267 9.383648340276106e-05 2.257446574443872e-05 6.256670817315147e-06 2.2362322633570575e-06 1.1365153096425636e-06 8.774671441316399e-07 1.0490005714941706e-06 1.8692433418552668e-06 4.5052288899840775e-06 1.2743506773474318e-05 3.666717508005612e-05 9.378129260553434e-05 0.0001844613612724065 0.00025860582121754446 0.00025963215405196095 0.0001973688431063445 0.0001245350900023412 7.253226886205757e-05 4.2989538336911776e-05 2.7865865544556568e-05 2.0542215531059e-05 1.7359910620072038e-05 1.6567325565705402e-05 1.7372444504185964e-05 1.9418256439995045e-05 2.2522069651350523e-05 2.6547463189324855e-05 3.134139307040377e-05
0.03013325867661229 0.03488352289678507 0.04119885234721459 0.04818553031128078 0.052913732886199084 0.05113802059296916 0.04091077553083977 0.025908490784696706 0.012744218193238233 0.004922809351496663 0.001554142705980563 0.0004277144797309225 0.00011153355441279457 3.033830573164755e-05 9.529983231979013e-06 3.8130901616205933e-06 2.1099968160667123e-06 1.7023310609795042e-06 2.0239171661148814e-06 3.408844284844202e-06 7.440856935883868e-06 1.8571820865706204e-05 4.6238246516298904e-05 0.00010045413383302189 0.00017035701121536964 0.00021355177853023236 0.00019894333963481242 0.00014546798796553442 9.119013797119947e-05 5.416521797490668e-05 3.336561834178172e-05 2.2746077115243e-05 1.7736263121485657e-05 1.5864998219057265e-05 1.5972298557861348e-05 1.7553205176767506e-05 2.0379964523616157e-05 2.429770477377412e-05 2.91214898176749e-05 3.460141672098499e-05
0.010727305306479668 0.014973196170781916 0.02139263911005358 0.029798829514242092 0.03790843608485129 0.041106932277734015 0.03584019795197088 0.02423189589831634 0.012612933492599067 0.0051710954638371455 0.001754495086421897 0.0005281987029514 0.0001533160134255352 4.693945848410611e-05 1.6587024561838002e-05 7.348850889800291e-06 4.361395114858149e-06 3.6056274641869486e-06 4.162980643865412e-06 6.452735356376875e-06 1.2395636809712219e-05 2.6443465882407604e-05 5.545348284604473e-05 0.0001018575950507561 0.00015018071048605183 0.0001705460353196351 0.0001504674647175495 0.00010866474884038441 6.964551582171817e-05 4.333238169103935e-05 2.8336283381126563e-05 2.0586575833722657e-05 1.705184079979669e-05 1.6077071862829796e-05 1.688820597180492e-05 1.9153189988944273e-05 2.2699942682034864e-05 2.7347122199916108e-05 3.282476078245537e-05 3.8774551418951555e-05
0.0035809939296765165 0.006218409748505251 0.01112360074229345 0.019112164397582197 0.02911522648396893 0.03645949744543282 0.03543648031760604 0.025968478599561015 0.01440279956095494 0.00626127646627068 0.002265494561865224 0.0007364591264619802 0.00023401029540711052 7.912236856886749e-05 3.0821744155449225e-05 1.4809972766002576e-05 9.233954993538098e-06 7.667905620118484e-06 8.440312185322734e-06 1.1846854148830662e-05 1.9758750464452642e-05 3.5657877438366364e-05 6.284995893025029e-05 9.849232064840037e-05 0.00012817910029272174 0.00013441442027359925 0.00011488579996863785 8.393402239486359e-05 5.6250377581907145e-05 3.733593905425305e-05 2.6232280044045996e-05 2.0406580989517893e-05 1.7910252441992094e-05 1.764497880048767e-05 1.9087965923154973e-05 2.199908856638775e-05 2.6202544022130558e-05 3.1448699075430825e-05 3.73673419234859e-05 4.350964201661621e-05
0.0012594638771647002 0.0027420359498757196 0.006202254218856316 0.013294567095000076 0.024534398718727052 0.03584108171376746 0.03910992924918891 0.03114666879876471 0.018355780364257984 0.008388832227691581 0.003191479582367541 0.0010993501562117497 0.000373959672001532 0.0001362814776377835 5.709315006841691e-05 2.9062653921404158e-05 1.8648523744863097e-05 1.530289775878505e-05 1.5884104088355206e-05 2.0090059592400404e-05 2.9126288742112904e-05 4.479055605637127e-05 6.727243148213983e-05 9.16670939521179e-05 0.00010760200820729487 0.00010656715872976123 9.017862526682194e-05 6.794090824826236e-05 4.833103738850537e-05 3.4555584873810736e-05 2.6184544569326646e-05 2.1766294831990258e-05 2.0099025157338708e-05 2.0467050829950362e-05 2.2505627088950668e-05 2.6003769385026787e-05 3.0736521823527936e-05 3.636562363968462e-05 4.243513111205272e-05 4.845149150005745e-05
0.0005063827702772697 0.0013563344425249946 0.003811000205261457 0.010037826149367348 0.022173358888189918 0.03744637515482258 0.045548930668187014 0.039162843384785324 0.0243408157680803 0.011580621959129025 0.004572923610830582 0.0016420016881147914 0.0005864144752797196 0.0002254404400440042 9.937784902404786e-05 5.252618079572204e-05 3.413169729600149e-05 2.7396523410564907e-05 2.6738104498164127e-05 3.062404485645687e-05 3.907339432777165e-05 5.21655209440087e-05 6.832736346958181e-05 8.30278721002416e-05 9.011697014311413e-05 8.619197392809895e-05 7.353630825643868e-05 5.788329133334715e-05 4.4036959358021155e-05 3.3987198034664444e-05 2.7700184263701454e-05 2.4443161098037318e-05 2.3525509876698977e-05 2.4493555665975798e-05 2.7072140033908342e-05 3.103385858266835e-05 3.608201535915081e-05 4.179976190202303e-05 4.768854196170377e-05 5.32699062746396e-05
0.0002434626151074483 0.0007679776694536275 0.002566158224950958 0.007981005482257154 0.020407339483557278 0.03882078854622342 0.05167176728354105 0.04737834589326759 0.030806274690700873 0.015164730912916626 0.006175680659378808 0.0022924838485935085 0.0008502893264810749 0.00034034881164996607 0.00015567606041513995 8.435300499792407e-05 5.5004409860801064e-05 4.3046636643611264e-05 3.966728351796725e-05 4.163931553438212e-05 4.766004372908415e-05 5.660849484268604e-05 6.644527811987848e-05 7.397400726331193e-05 7.60529112018163e-05 7.160859499133618e-05 6.240719411670406e-05 5.1669729316447284e-05 4.2081198598632954e-05 3.4928884560410096e-05 3.040571400020977e-05 2.8229318505552733e-05 2.8048961835382194e-05 2.9583178946092446e-05 3.259780849229007e-05 3.68272405976056e-05 4.1911191669857393e-05 4.739355267770465e-05 5.2791057347574473e-05 5.7694005901870776e-05
0.00014173615375340551 0.0004947663630691703 0.0018456793047803952 0.006392082005362402 0.018001259193459563 0.03712520454095686 0.05268336059064098 0.05075657029689055 0.03432163807054178 0.01747787698611302 0.007357735947353562 0.002829488354735584 0.0010899567724786475 0.00045311587810840655 0.00021414745630883773 0.00011846805804026519 7.739301279040872e-05 5.9235541151733516e-05 5.202183702594718e-05 5.0856845638481415e-05 5.3372512280360584e-05 5.7866043186086365e-05 6.251924865074029e-05 6.538168093631168e-05 6.499466857966512e-05 6.111964372420909e-05 5.4826956167599457e-05 4.780499558745352e-05 4.1513965486694933e-05 3.678428931897431e-05 3.38900401673135e-05 3.2798601955634976e-05 3.336509046927522e-05 3.540998324641619e-05 3.8712217701083294e-05 4.2973851493886844e-05 4.7806995966813704e-05 5.277087127804559e-05 5.745024670999813e-05 6.153622897635445e-05
9.867088303922292e-05 0.00035483832398624946 0.0013730711757941512 0.0049436061293308044 0.014462390849361212 0.03092581337054112 0.04543559337843576 0.045316774329501826 0.0317786283804451 0.01683690696567259 0.007402791243849759 0.002982738418183662 0.0012050396422996843 0.0005239726361421103 0.00025704945206905496 0.00014570115383375954 9.579872269559413e-05 7.226214364158656e-05 6.122451239127503e-05 5.670624967480214e-05 5.5740594811897685e-05 5.648273310139464e-05 5.750245813502271e-05 5.7663815536669236e-05 5.629673786160735e-05 5.336698230196468e-05 4.941156158003786e-05 4.523856673142175e-05 4.1594502044758436e-05 3.898225066354322e-05 3.7650418463338864e-05 3.7665413655182305e-05 3.897972102921142e-05 4.146148770786262e-05 4.489406614397137e-05 4.8974048048970865e-05 5.3334377717760716e-05 5.7599637871730176e-05 6.145531768308416e-05 6.470030834950302e-05
7.980625184712202e-05 0.00027549573214130635 0.001027617149116854 0.0035896497282474596 0.010284877438451296 0.021806098809392164 0.032229407564484495 0.03284202013235117 0.02388419539358803 0.013293511372012054 0.006198306392085416 0.002661620797923637 0.0011458793493781757 0.0005281091968267577 0.0002717601175562824 0.0001592025660705499 0.00010625200862703345 7.978924489342384e-05 6.606843676426557e-05 5.892059881465096e-05 5.527427890550112e-05 5.3393534848341494e-05 5.218583149919091e-05 5.096276708003349e-05 4.938091544129129e-05 4.7411646385379626e-05 4.5265855868910135e-05 4.327427364906704e-05 4.176949578911248e-05 4.101051251880365e-05 4.115580250395531e-05 4.2264596525900054e-05 4.430347954379749e-05 4.714896728436957e-05 5.059176814422492e-05 5.435515678023037e-05 5.813442659258386e-05 6.165044940934369e-05 6.469855814897904e-05 6.71741623213162e-05
7.228675919029122e-05 0.0002254826646917633 0.0007607699732542269 0.002427207720167854 0.006467431322464154 0.013073002443279077 0.018961149259859842 0.019531703221555684 0.014754667062483304 0.008720016667220411 0.004382005323498078 0.002042120528838908 0.0009533485559256756 0.0004728192228474215 0.0002584323899041808 0.0001581259595154872 0.0001081777264705065 8.172068080160297e-05 6.693461521335359e-05 5.8284378062625185e-05 5.298782999177195e-05 4.955219962654307e-05 4.7145921142992934e-05 4.531650029931215e-05 4.385150335305732e-05 4.2696129164160886e-05 4.189269637564078e-05 4.153164416082106e-05 4.1713028151942385e-05 4.25183699886616e-05 4.399062783013598e-05 4.611933074415272e-05 4.883017609582637e-05 5.198224672428307e-05 5.537819533725955e-05 5.879029893486968e-05 6.199828268119913e-05 6.482753796199203e-05 6.717453387942413e-05 6.901184971610704e-05
7.061644053111177e-05 0.0001905409476590839 0.0005548717386820646 0.0015455945111841742 0.0036837509954415737 0.006891795072903163 0.009627469559912885 0.009947379880317237 0.007819290886235395 0.004950803719144661 0.0027170741660348216 0.0013948421544486029 0.0007164418227073788 0.0003873327015302613 0.00022734242499292297 0.00014666497382437435 0.00010376126000191378 7.957701168735658e-05 6.513017676383085e-05 5.600287525598889e-05 4.9931815925785425e-05 4.572905642050401e-05 4.277227722904198e-05 4.074535396358937e-05 3.949656735801506e-05 3.895815789663979e-05 3.910058628066355e-05 3.99062588258995e-05 4.135294287089618e-05 4.340110629667964e-05 4.598306066832448e-05 4.899497505053035e-05 5.229495651752258e-05 5.57105736095979e-05 5.905683713746224e-05 6.216139387208652e-05 6.488976280053824e-05 6.716250573457262e-05 6.8959265728505e-05 7.030993939043051e-05
7.196074463297404e-05 0.0001640218380944026 0.00040140291562826063 0.0009507754597621384 0.0019804607362866374 0.003368346114592828 0.004479907072642812 0.0046194347234545675 0.0037809080004295556 0.002577316866690933 0.0015564985668457551 0.0008878413600073178 0.0005060210166313513 0.00030052318200462916 0.00019070973323553675 0.00013053291402998963 9.610118375078861e-05 7.534114590110785e-05 6.210240829494803e-05 5.319245926622201e-05 4.693527383882151e-05 4.245660851412962e-05 3.93105091391178e-05 3.727427354586762e-05 3.62347271913382e-05 3.612661826961633e-05 3.6899000714698056e-05 3.849424989997465e-05 4.083197958658096e-05 4.37966318964055e-05 4.7231684642222895e-05 5.094428302282187e-05 5.472161932200441e-05 5.8355972676388536e-05 6.167151418439454e-05 6.454502517876798e-05 6.691508911576805e-05 6.877868055133665e-05 7.017814124585512e-05 7.118365993849858e-05
7.453583915055951e-05 0.00014288412142796184 0.0002918840400045203 0.0005833924033690848 0.0010541868048307428 0.0016197933983377727 0.0020417337236275142 0.0020952850391148838 0.0017835971046945244 0.001309017480644547 0.0008705717248249215 0.0005523484698464739 0.0003497184463458361 0.00022843366608662715 0.00015696288184904314 0.00011422335577197475 8.778094915778476e-05 7.065335768643078e-05 5.898225449920429e-05 5.06564218956594e-05 4.4543675748098344e-05 4.005676420025302e-05 3.6900584738817156e-05 3.492638204535491e-05 3.4052857397578064e-05 3.422582261334636e-05 3.5394636169310475e-05 3.749189823173385e-05 4.0412452693366624e-05 4.399622577988778e-05 4.802396127642399e-05 5.223295804946333e-05 5.635164774152705e-05 6.014202996339207e-05 6.343448447905776e-05 6.614354297563061e-05 6.826259716939624e-05 6.984386438641679e-05 7.097313048147964e-05 7.174710538751523e-05
7.711988912527959e-05 0.0001257670284977 0.00021659757345041892 0.00036827985508661203 0.0005807772279752609 0.0008091779260412104 0.0009679026114910632 0.0009875530261897814 0.0008716425189298308 0.0006855652889480983 0.0004992543901876862 0.0003501978147968223 0.0002448808159333251 0.00017504629855459814 0.00012975888893377002 0.00010019784811669759 8.037770136032173e-05 6.654900072537666e-05 5.647266549747739e-05 4.887227253513717e-05 4.306197676421135e-05 3.8696732581792406e-05 3.5609418842350374e-05 3.371478206917288e-05 3.2961188703062926e-05 3.330849937979329e-05 3.4712753987648076e-05 3.7106390078543536e-05 4.037324604597438e-05 4.432730488931216e-05 4.870906438391497e-05 5.3209391174731385e-05 5.751772589292313e-05 6.137724899360527e-05 6.462487595248578e-05 6.720251285988162e-05 6.914091083413083e-05 7.052822810538175e-05 7.147717829751843e-05 7.209984778235929e-05
