_RESULTS/REVERSE_NEW/MHZ/IZ/2comp/MHZ_IZ_z_355_kriged_reverse_2comp_test3.asc
ncols 100
nrows 81
xllcorner 5.5967107548124995
yllcorner 50.982328804812504
cellsize 0.00017565037499993607
nodata_value 1.7014100000000001E+038
[rows 60 to 79 of 81, columns 0 to 43 of 100]
5.679363487406048 5.737473329638837 5.793808642237053 5.844220860068911 5.885303302966919 5.915113155881556 5.93353927039481 5.942167465206618 5.943671173372109 5.940936210780809 5.936237018605852 5.930767568969985 5.9246834292100985 5.917574328788308 5.909087855830517 5.899431082087723 5.8896180223461565 5.881330895001568 5.876266212937223 5.875155002041733 5.8769553023901 5.878656441094734 5.875869393677456 5.8641072931400196 5.840423032795887 5.804904544168783 5.761505122302046 5.717844941038262 5.683917389948605 5.669957913756409 5.683969727468891 5.7294985792947255 5.8042180996079695 5.899746083302001 6.0028629020019375 6.097968615236458 6.170254528491294 6.208783950119404 6.208624273285795 6.171442576476007 6.1044941660491325 6.018463442761761 5.9249185172316325 5.834123485397445
5.617675524470173 5.662650610184425 5.70715471003058 5.748511223698014 5.784665382333292 5.814650919646304 5.838759183265118 5.858313725351916 5.875093769967875 5.89059378927044 5.90539525094146 5.918919130740605 5.929697326241477 5.93603949919902 5.936712496580838 5.931334091998795 5.920557456236954 5.906056598149425 5.889984816358957 5.873928534934442 5.857944750265089 5.840226036913886 5.817576723994558 5.786593871091887 5.74523042897988 5.69426186005077 5.638144799979392 5.5848921683028285 5.544862908000831 5.5286787993510655 5.544730463228338 5.596867274019697 5.682873841849256 5.794197874501687 5.917119288926803 6.035210298337386 6.132576478572184 6.197066480885835 6.222552245669311 6.209634890798991 6.164665833043568 6.0975423946647425 6.019077669843327 5.938761017801313
5.564923050216511 5.5987543982539645 5.6331709207556 5.666682775977992 5.69831110510716 5.727852748914283 5.755896007402427 5.783530097336187 5.811802428935903 5.8410903699466745 5.870625579935243 5.898410001095719 5.921659975782809 5.937647761576381 5.9444648780936244 5.9413164253034685 5.928581948582857 5.9078707997714135 5.881611521588467 5.8519937015979036 5.819895385547873 5.784439408885424 5.743379640184026 5.694204592046924 5.635645807235276 5.569129623195793 5.499667804542013 5.435797067939709 5.3884311128088 5.368793972171859 5.385860676690315 5.443913665141057 5.540899150025392 5.6680844430209705 5.811183242365707 5.952818335882895 6.075842028434553 6.166701277096136 6.217908848663292 6.228907617161558 6.205162419759777 6.155927464508802 6.091518297387517 6.020960523746419
5.522478820970673 5.547347489301973 5.573565733330424 5.600528256622234 5.628041343269229 5.656438971746246 5.686492205024198 5.719082891988394 5.754701416884818 5.792916189583719 5.832018139706996 5.869045659597197 5.900315538435647 5.922346431373011 5.932696507184418 5.930261597675551 5.9152593361380665 5.889242154548335 5.854727624869178 5.814181527482518 5.768934420260584 5.718691158695965 5.661856792618768 5.5965807917283685 5.522223177248151 5.440796485805802 5.357883239619088 5.2826269567740844 5.226638597351545 5.201942612948464 5.218286512132421 5.28046151172709 5.3865936630831435 5.527824466626795 5.689366874603335 5.852937627047205 6.0001468916950715 6.116015835371346 6.19165045509796 6.225291852458552 6.22151350593438 6.188991949346902 6.1377002221543115 6.0764325480645445
5.490213537317745 5.508212108635271 5.528032530233889 5.549669556616159 5.573442155435735 5.600009084176316 5.630214583097339 5.664754263259274 5.7037221696447595 5.746169139904421 5.78984451431844 5.831289747598016 5.866381243734456 5.891224528835288 5.903002832298401 5.900362480008167 5.883424395779908 5.853686862314251 5.813582960827608 5.765528716441232 5.710929191335982 5.6497135828343605 5.5806337170891585 5.502262424995857 5.414420376262506 5.319599942342142 5.223888151483265 5.1369917513031655 5.071261977019837 5.039803740682861 5.05344378421396 5.117329918246439 5.229541613236168 5.381233957357489 5.557382235250861 5.739039678162775 5.90679353033337 6.04441133724068 6.1416925397482265 6.195705270193538 6.210116696604961 6.193010869851588 6.1540514431707045 6.101920113240735
5.467026182951178 5.480001585481166 5.495016981397461 5.5124226652315 5.532816222148709 5.556997626159761 5.585787094577218 5.619707444022484 5.658589232035423 5.7012113129829975 5.745120230504554 5.786761452484073 5.821986824963537 5.8468501332534455 5.858397495734091 5.855126082356925 5.837064388033441 5.8055818750773565 5.762852568293432 5.710976282508827 5.651123767316857 5.5831481462318715 5.505885755650724 5.418118058972525 5.319950914800748 5.214189076739006 5.107196040180159 5.0088885612540475 4.93216372066989 4.89203207294336 4.901590762012934 4.96547043415996 5.080349026715909 5.237665967002709 5.422855485704121 5.616804133838881 5.799497211631254 5.9538133978664565 6.068502536187768 6.139579630316005 6.169803507150553 6.166592950866498 6.139227277131245 6.096271592835098
5.451374631644741 5.460880040507998 5.472455079686793 5.486611456639807 5.5040384499863535 5.525528713860401 5.551796537981775 5.5831963328722 5.619393433560781 5.6590813789627346 5.69986174481224 5.738388086465556 5.770812484865215 5.793457297202338 5.803502372126217 5.799444563782572 5.781212378158368 5.749933858417719 5.707368441254246 5.655117562685153 5.593914974255822 5.523333824168503 5.442107724351619 5.349058417702963 5.244406942730065 5.131035951659204 5.015120925876174 4.905836799896151 4.815719224256824 4.7635647823139395 4.768865890423242 4.834022456191623 4.949595512702628 5.107397740523019 5.29502850221739 5.494144264198763 5.684733771829471 5.849304128317362 5.975947478488254 6.059838951825691 6.10286247201397 6.111675233375164 6.09502397641383 6.061240893451829
5.441700346585879 5.4490271138570305 5.458345818194653 5.470186382743259 5.485189370249046 5.504025202100287 5.527233801198331 5.554994245605192 5.586867404656603 5.621585990261142 5.656981580065095 5.690123261245801 5.71768969526532 5.736510545203226 5.744125590993493 5.739178945027739 5.721519426682564 5.691964734843269 5.651769804896096 5.601948747533412 5.542704203536308 5.473230347971337 5.392058197596139 5.297943157546859 5.191083580511304 5.074207266474733 4.952785920639604 4.834008526007053 4.728160713920936 4.658910176851169 4.658897323241614 4.729196541259774 4.846274947432132 5.0002965761741 5.183622683815961 5.380277793213257 5.571046201873831 5.738671273707005 5.871063683311562 5.962845388165773 6.015105977048775 6.033656049486263 6.026533271534407 6.001644187694358
5.436699711820564 5.442954486391121 5.451101832008695 5.461591077584936 5.474912696322466 5.491526370170842 5.511736913103923 5.535526378811229 5.562373802735736 5.591116117421276 5.619914000281748 5.646374155975205 5.667839651794039 5.6817988555891885 5.686303856200606 5.680263209721181 5.663499226124335 5.636525814661033 5.6000911273148155 5.554624976103777 5.499801110663323 5.434429418277329 5.356820121831708 5.265621428722693 5.160933599034795 5.045227329185598 4.92321285611339 4.800105832801744 4.68308067917089 4.597207580464078 4.587241565140879 4.659661459479334 4.77743722131955 4.924250964733369 5.097194023517057 5.284130648499068 5.467538758839996 5.631029257757934 5.762826986743207 5.857322795945116 5.91493580268957 5.94058164549933 5.9414280450481085 5.924742576054665
5.435441564116142 5.4416357680536365 5.449682707091561 5.45988614968492 5.472512817575744 5.487739065692951 5.505573613640318 5.5257611510267814 5.54768467084918 5.5702979462852555 5.592126509216625 5.6113681297620674 5.626098195708639 5.634545881765892 5.6353678412490735 5.627826545420339 5.611793846183509 5.5875477039662265 5.555401030208619 5.515276722347044 5.466395318112317 5.407246835981468 5.33596409011732 5.2511002739168315 5.152640951988285 5.042833545612268 4.9260740742648395 4.807292183302816 4.692661317914838 4.603201735454491 4.581202804872107 4.641164161397398 4.749552011496305 4.884135380386765 5.0415341591093465 5.212604460508316 5.382081387057344 5.535006308044587 5.660371018677375 5.752648987349579 5.811739940997214 5.8416641348736915 5.848606928421629 5.839016911419835
5.437358300805878 5.444483106592874 5.453550337935297 5.464675560495971 5.4778438235281035 5.4928807570996625 5.509430109748832 5.526937389153132 5.544641841822118 5.561584423710936 5.5766443950098585 5.5886165794684795 5.596331071370645 5.598797724515487 5.595335867851691 5.585636439856273 5.569709528375675 5.547699655172507 5.519599477975306 5.484946135687097 5.442624085887901 5.390905618532606 5.3278223725882805 5.251872594060549 5.162931042326035 5.06304327401181 4.956573589633514 4.849329380607916 4.748637931446618 4.670050043840345 4.641881087053907 4.679473672292548 4.765627547531734 4.881126388057992 5.018631584301363 5.1692608423183755 5.319804819401084 5.457096458745026 5.571250672703186 5.6570920703293375 5.714159024877817 5.745622809770303 5.756639181358922 5.7527241243020075
5.442148265520431 5.451215326815535 5.462497547331373 5.475892057727394 5.491050392846796 5.507377304679586 5.524070113345314 5.540191844132849 5.554762564082114 5.56685044192404 5.575648087603125 5.580527746945227 5.581075452788924 5.577104590049762 5.568643048132453 5.555880097027828 5.539057404639458 5.518299953515378 5.493408092401929 5.463665244714169 5.427744633736131 5.3838079645239105 5.329865801812521 5.264405327114452 5.18718800412057 5.099991886713026 5.006962510322273 4.914335874122901 4.830204187232546 4.76620493904166 4.738391007734278 4.757543787059653 4.819002667073898 4.911570639969777 5.026347933599081 5.153792539494169 5.282310529198751 5.400642657407607 5.500248117910354 5.576501543923619 5.628727459155174 5.659332542318802 5.67246228720936 5.672662545883233
5.449627098383663 5.461662494789368 5.476401120497712 5.493497343490929 5.51221831164305 5.53147229906846 5.5499167609668225 5.566131977289002 5.578824369731645 5.587011657923279 5.590145896357207 5.588149095272606 5.581361375774044 5.570422341936516 5.556114816593652 5.539195868350204 5.520229683908612 5.4994298067937715 5.476521758597127 5.450651895118291 5.4203877833281435 5.383866986282655 5.33914091443321 5.284718377395645 5.220239988342286 5.147125697198082 5.068971769864959 4.991515344001178 4.922273027650819 4.870263140559452 4.8451708354158125 4.85383019095338 4.896301330870846 4.967164930738147 5.05884862140691 5.162362350629054 5.267747583776524 5.365651930530514 5.448965103289128 5.5137309873990885 5.5591852665949615 5.5870800492333785 5.600626790169961 5.603433213328081
5.459562951090552 5.475549687087364 5.4949493372727565 5.517152769059781 5.5409933926019805 5.564805891430523 5.586609801899862 5.604395770739128 5.61645539300465 5.621673402702908 5.619705654245337 5.610998054922152 5.596647501673584 5.578147615261972 5.557085155433754 5.534851790093009 5.512415390139617 5.490168637310363 5.467854869326346 5.444569252484436 5.418844862913826 5.388846952591267 5.352699988595266 5.308949334574576 5.257110536399652 5.198196387632307 5.135063577098662 5.072428092931019 5.0164943814321905 4.974253952013958 4.9523898652865554 4.95558798013477 4.984906025127783 5.037564616544516 5.107948736741766 5.188667054024773 5.271633345601405 5.3493663191424545 5.416168601349466 5.468797812111071 5.506497063342933 5.530486237904383 5.5431597397010535 5.547273282061347
5.471529005928804 5.492303018192069 5.517397009847803 5.545922754087127 5.576237993703871 5.60603553405987 5.632608470652698 5.653260926159177 5.6657785396537275 5.668839167522085 5.662252290431173 5.646963991118412 5.624830692417172 5.598226036476321 5.569584386830465 5.5409877599810935 5.513870903932827 5.488871388102487 5.465812347010036 5.443788775538773 5.421333547322896 5.3966555727942165 5.367954251780712 5.333808427916514 5.293609725214418 5.247967264500595 5.1989734216335135 5.150214376834418 5.106451283240625 5.072971518492622 5.054667939871789 5.054971342683758 5.074943732450178 5.11294388593447 5.164966529555737 5.2254168196496344 5.288107452501914 5.347313412652344 5.3986526377132575 5.4395794757094915 5.469410491508031 5.488955422463631 5.4999308384543655 5.504361454681148
5.4848058718360075 5.5109219683513375 5.542405038655988 5.578081456108142 5.615808252397201 5.652591479960621 5.6849376660235 5.709399394387476 5.7231972222925585 5.724752603446545 5.7139869543669795 5.692315259685515 5.662340091316029 5.627322317608786 5.590566832239088 5.554878093699351 5.5221943380610385 5.493435113421615 5.4685355928572825 5.4466116977673185 5.4262012543382685 5.405545911100469 5.38289977216791 5.356859153249449 5.326696744409663 5.292656910333255 5.256141286710871 5.219704331359084 5.186801045524527 5.161282723636934 5.146705458748974 5.1455857793947155 5.1587967625667535 5.18529949933839 5.222300486525159 5.265778518311854 5.311234476898146 5.354481821789666 5.392291584327363 5.422750977452508 5.445287378515541 5.460411740079425 5.469306564239472 5.473402066476149
5.498362008287767 5.529957652187894 5.568018016475834 5.611092017168554 5.656538089594908 5.7006691128219895 5.739192375446017 5.767899249118102 5.783444529609537 5.78398765182066 5.769528414078496 5.741892504016722 5.704374127744607 5.661087954575628 5.61619388748834 5.573213813066678 5.534591719976237 5.50153647855057 5.474103072916407 5.451429856773958 5.432049208685575 5.4142124051401606 5.396199220303559 5.376603247321484 5.354586821107444 5.330086123360906 5.303927991693642 5.277810010001837 5.25410682952768 5.2355012132448415 5.224489307062699 5.222859647095221 5.231275094845283 5.249077064983389 5.274374607065381 5.30439743937974 5.336018102798082 5.366307458634758 5.392987281205459 5.41468291027087 5.430945171135719 5.442079721763213 5.448869006004145 5.452283945025468
5.510927991645561 5.547620550102563 5.5918134904219645 5.6418047095717805 5.694491988750788 5.745539175253464 5.789903201350549 5.822677394418405 5.840031607156073 5.839920573993938 5.822394639610932 5.7895829557388785 5.745351894576124 5.69457795436187 5.642207640943546 5.592426938911752 5.548147795279723 5.510846981767797 5.480689722833324 5.456830480979834 5.437784791975418 5.421793617097162 5.4071384415422115 5.392395393062096 5.376630430990016 5.359534618756761 5.34148624813133 5.323516986840648 5.307162750424252 5.294200589446485 5.286305596827372 5.284694526897744 5.289840813319255 5.3013377337364265 5.317950814478369 5.337848070077231 5.358946507672522 5.3792832542027345 5.397318999625285 5.4121089874605826 5.423321558108034 5.431129545397246 5.4360301831724716 5.438656775278321
5.521159112848903 5.562011606297131 5.611217032090283 5.666869913725063 5.725487464914196 5.782188800830645 5.831299879002521 5.8673542738646765 5.886194086481219 5.885683429524559 5.865899330819645 5.829121242269758 5.779605494220454 5.722834620015759 5.664409689610889 5.6090699687603776 5.5601139986748445 5.5192386119398975 5.486699202097597 5.461662005266142 5.442624743893806 5.42781299143653 5.415501579971546 5.4042473988005035 5.393041629600162 5.3813938995314325 5.369353642792503 5.357464839515242 5.346648311874292 5.3380152235897755 5.332634023319517 5.331292870282446 5.334310616570608 5.341444299693962 5.351918805394929 5.36457142756326 5.378072059294124 5.391160231151976 5.402839768912255 5.412489692577022 5.419878628220001 5.425098609391397 5.42845312862637 5.430339047855873
5.527854778330732 5.571433411081227 5.623925858512754 5.683292408666808 5.745794925127597 5.806180759073156 5.858343623078658 5.896456065382423 5.916206355572908 5.91547263251512 5.894341207133026 5.8551085919689 5.802228497610871 5.741577873930878 5.679205386114895 5.620227389062508 5.56820352530555 5.524980109374456 5.490877440240368 5.4650769281370835 5.446073668691435 5.432093084271667 5.421415314930116 5.412592509107459 5.404571072648592 5.396740408554 5.388926003809681 5.381336069948023 5.374465312787404 5.3689612469595245 5.365467212106759 5.364467067054868 5.36616292110439 5.370414232667485 5.37675324821729 5.384471878984955 5.39275570342306 5.400828933940157 5.408074016608378 5.414100534704301 5.4187555748996665 5.422085046899443 5.424266895802018 5.425540044119522
