_RESULTS/CROSS_VALIDATION_POSTPROCESSED/MHZ/IZ/1comp/2/MHZ_IZ_z_1000_kriged_reverse_1comp_spherical_2.asc
ncols 100
nrows 81
xllcorner 5.5967107548124995
yllcorner 50.982328804812504
cellsize 0.00017565037499993607
nodata_value 1.7014100000000001E+038
[rows 17 to 33 of 81, columns 0 to 39 of 100]
0.005911844828882695 0.008657828751993387 0.011921949852447752 0.014691706208749027 0.014748436899258515 0.011734493047883012 0.008164777303415006 0.005357560259173328 0.0034341059359720605 0.002192819434595474 0.0014143206705121585 0.000931690555512867 0.0006327552758404737 0.0004465846613840015 0.0003297835769486938 0.000256285624225183 0.00021063488834700505 0.0001840117519833401 0.00016779880291918555 0.00015771678695400727 0.0001526732022844565 0.00015369357609317901 0.00016016149734629346 0.00017161612293508643 0.00018873549759625778 0.0002134727988262417 0.0002552270453717738 0.00032273636565986074 0.0004288397590748031 0.0005947405497331615 0.0008547665600401116 0.0012634764192469676 0.0019053338971470662 0.0029058311912308504 0.004439399406703914 0.006720425098643576 0.009926520896100657 0.013559804370802227 0.013493178855345312 0.011049637962364207
0.006856173550894049 0.009602913597199005 0.01236615646989647 0.014105298750879264 0.013688634685202018 0.01123555409094521 0.008122294291783393 0.005435519013797292 0.0034942904868420265 0.002213466260035006 0.0014073853401949435 0.0009111692733585235 0.0006076025637185503 0.0004212375373452047 0.00030592876258665465 0.000234204816187808 0.0001903886854218556 0.0001653803812992789 0.0001535537240431575 0.00014800974698114447 0.0001470113946527438 0.00015141501759596083 0.00015947627489257022 0.0001705570379437249 0.00018709949556458837 0.000214523981012419 0.0002619208211285467 0.00033842107104458546 0.000459729948166538 0.0006520894504999092 0.0009586376037971691 0.0014488870083478498 0.0022311231649736877 0.0034639799713765667 0.00535287833455065 0.00808702259578601 0.011585661087848698 0.014801698358011279 0.01564956642647171 0.01396640070239486
0.007560483368458944 0.010157177559447665 0.012420242698943238 0.013481015042246636 0.012740923251213664 0.010487150999122018 0.007692185268400937 0.00520004566661907 0.0033464886640878003 0.002105849086666249 0.0013236568845058974 0.0008452223308757043 0.000555685734691896 0.0003801361534913651 0.0002730554705861228 0.00020772523842231137 0.00016835233778722834 0.00014607282616555455 0.00013624723066345655 0.00013503255246547868 0.0001380405855898779 0.00014543277111684543 0.00015587563670128282 0.00016852524957018092 0.00018484218996542222 0.00021538344046324005 0.0002673778601138702 0.0003514140879612091 0.0004857625023332532 0.0007012414677153731 0.0010490432696735122 0.0016122599881230207 0.0025200816423558113 0.003957309238758393 0.006144590239602454 0.00922827776283711 0.012982798766923204 0.016396379851003406 0.017750369147769906 0.016322694321414147
0.008059610190846904 0.010483240351809416 0.012348902754081894 0.012939055549255528 0.011932144314174782 0.009711456589668507 0.0070968095319603845 0.004780998666026365 0.003055943298096896 0.0019033784841727976 0.0011818202363361955 0.0007452597217221949 0.0004848058136091986 0.0003297816918073188 0.00023716704467835196 0.00018133566748427138 0.00014802019256776334 0.00012942746086795715 0.00012158835777380837 0.00012287622488855882 0.00012937067361876408 0.0001386827763035719 0.00015021713960183624 0.0001641020115346749 0.00018279278080737428 0.0002154757570400931 0.00027075831978049295 0.0003603142680663121 0.0005044318458949904 0.0007375977826320771 0.0011175767806287451 0.0017387507431367434 0.0027481482048779394 0.004354487406335404 0.006800534343391776 0.010236484237133218 0.014421615095562822 0.01805701971467606 0.01949235662661414 0.018079795166993304
0.0084354099157027 0.010712990894277966 0.012286836506722233 0.01252915886966581 0.011273416879532682 0.008987157591443721 0.006450690699422912 0.0042724302900244 0.0026852873555741003 0.0016459022267510586 0.001007891792370717 0.0006312140263193244 0.00041184699894588554 0.0002827533768411117 0.00020569420570200095 0.00015931606687541786 0.00013181866590398792 0.00011681231290088865 0.00011111916715777523 0.00011373905049721503 0.0001234970020031704 0.00013442554073947807 0.00014667113353146688 0.00016099949194589897 0.00018234238068548685 0.00021620789349953854 0.00027178541576820174 0.0003640598588955072 0.0005137786582398187 0.0007574702343883531 0.0011593705638936668 0.0018264305719156194 0.0029246212808108764 0.004691811850774506 0.007411391427620803 0.011272435918769096 0.015707396312512962 0.01941838373959843 0.020894423676780877 0.019362913626571093
0.008792665840281936 0.011014260340071153 0.012408876435094418 0.01237411248155516 0.010845324331182779 0.008394776270116618 0.005842971025170253 0.003755928222085511 0.0022975192017222206 0.0013788803068644376 0.0008387631903464995 0.0005271887497233763 0.00034700834066521543 0.00024142364012963048 0.00017858409150999874 0.0001409439850904477 0.00011892809443529044 0.00010744213505957829 0.00010406814840423856 0.00010825936428009595 0.0001201478098955334 0.0001329020416483634 0.0001457652105081512 0.0001607732699677468 0.0001843154102335271 0.00022067942047771346 0.0002753094996218141 0.00036501076807064433 0.0005169035411976961 0.0007741172242190831 0.0012050329204307455 0.0019277537775570187 0.0031310038788040302 0.005093169860017782 0.00816466155583124 0.012335149683077234 0.0170073699585333 0.02098072297641994 0.02261543532338834 0.020803518450844362
0.00934965472905177 0.0116864811540429 0.013057878441639784 0.01277116873204137 0.010824176340802865 0.008012329571439956 0.0053113421529543264 0.0032636054865580293 0.0019294465559201717 0.001140046575312826 0.0006895643203379464 0.0004348045360970901 0.00028946430751443695 0.00020505147646444801 0.00015517374823215423 0.0001256282801877001 0.00010882965396633878 0.00010086774496145176 0.00010005038119168731 0.00010631237179210331 0.00011931714652056903 0.00013419090534848277 0.00014797357889350193 0.00016377862330593768 0.00018893436082779075 0.00022714903664579643 0.0002850330527407934 0.0003779870904106109 0.0005351138999237816 0.0008028880401001379 0.0012643354636761017 0.002046959152713854 0.0033630507480829955 0.005538850906579404 0.008845592054676242 0.013179278949452736 0.0181059615424815 0.022550579393047325 0.02474849852007219 0.022872539243922962
0.010157021565561735 0.012845231644015716 0.014449620521464842 0.013995952735951821 0.011444999847187035 0.007978570310631315 0.004921966143506998 0.0028369273849275845 0.001609250967116016 0.0009290944409849835 0.0005571229217466271 0.0003527163630464397 0.00023845502707861192 0.00017307824328425349 0.0001350077917340509 0.00011300163511349178 0.00010124990591092522 9.692128397174723e-05 9.902077499980323e-05 0.00010759364549148693 0.00012137317464323 0.00013855925739052387 0.0001540176884692655 0.00017049805865926637 0.00019718157323212984 0.00024042143325752786 0.00030663077108277354 0.00040711918132717246 0.0005735858993043636 0.0008548551258458915 0.0013377739436402666 0.002177262927590238 0.003603265151925903 0.0059317299257397715 0.009258963909009654 0.01356443357158358 0.018543085280976587 0.023437058171104804 0.026761067392213293 0.025726510118536734
0.011123292547777558 0.014448269588204757 0.016717210319126548 0.01631871642521485 0.012839442955329598 0.008253803776271138 0.004662340880989646 0.002504087706399974 0.0013425248396814406 0.0007446708303941779 0.00043927819227706155 0.00028001772130004056 0.00019347410695755754 0.00014514443433144935 0.00011782108022849084 0.00010289901142722179 9.61481446306092e-05 9.572079799803678e-05 0.00010128487363218129 0.00011178610089619459 0.0001267883880047413 0.00014535332887883934 0.0001616290296521803 0.00017773717229353482 0.00020705976063965822 0.00025498395508639357 0.00032891995326976125 0.0004402217693873379 0.0006197443399547277 0.0009222412138790089 0.0014363441648737008 0.00231652407868474 0.003829788951556431 0.006144880776335972 0.009302581337690305 0.013255836119715333 0.017765081029880385 0.022405187754850935 0.026577831500817224 0.02875129047362375
0.011997358562235175 0.016177030005456772 0.019814398725615603 0.02024438257112679 0.015242962711634635 0.008718625571703534 0.004435201259692206 0.0021948157958164606 0.001107339107773993 0.0005889200608376406 0.0003395037856388483 0.00021668367659417203 0.00015431960410243942 0.0001211000475854812 0.00010354381322500017 9.537267657496215e-05 9.37534203669828e-05 9.774290294936003e-05 0.00010598616849177354 0.00011660224815148189 0.00013049528718411856 0.00014798029650372682 0.0001639572297148721 0.00018207451277334582 0.00021242600344125627 0.0002623678534494844 0.00034011648590872705 0.00045825306502849067 0.0006435339701402901 0.0009568252638521007 0.0014914753064566612 0.002410205841958075 0.003946645533021738 0.006160341076548288 0.008955602735333058 0.01220793792336043 0.01560773735727022 0.018732670131982786 0.021083120915708395 0.021456346990036616
0.012343069707424461 0.017107972567985574 0.022492415733591946 0.026259853322483127 0.0185765285635061 0.008882718423745961 0.004042306377852671 0.0018591183894539746 0.0008890340711586961 0.000454905213164501 0.00025706443838433555 0.00016485637571995776 0.00012123409557564054 0.00010100730454489849 9.233468555675396e-05 9.075480897507933e-05 9.431985863270849e-05 0.00010081531503879941 0.00010873367008631394 0.00011838931351597109 0.00013064716199251197 0.00014645597854572482 0.00016350722714425893 0.0001830037555963432 0.00021344598412998954 0.00026247490965651516 0.00033969993590181585 0.0004582602766924281 0.0006415402101164971 0.0009503497813520685 0.0014783400601251309 0.002385342821682652 0.003816426481499627 0.005813580854270061 0.008241609997688701 0.010666645035300949 0.012667282249867774 0.013820102012312863 0.013549766796251968 0.011149476698352026
0.011784868504722714 0.01604858703125492 0.020914701626519625 0.025247803408466576 0.017146843577448192 0.0076593809247318245 0.0033586476439749226 0.0014953792321058695 0.0006915650092552125 0.000342512755955822 0.0001898003844561418 0.00012332496906489255 9.53398911070792e-05 8.526112085439426e-05 8.467379600460181e-05 8.88052158099128e-05 9.507176896451263e-05 0.00010200919486988275 0.0001095145347490017 0.00011794395665976938 0.00012816454440547922 0.0001434816675672271 0.0001606567020359783 0.00017988967045079538 0.00020973594628579583 0.00025577504759765127 0.00032832433903199856 0.0004410289482743337 0.0006146781957653794 0.0009055364515073224 0.0014033311312266483 0.002247456764665893 0.003496503293896704 0.005153269161017454 0.0070968451983359935 0.008846874209231019 0.009815720209243718 0.00960307033901054 0.00822875345701422 0.0059268913594631425
0.010438353639491482 0.013260793955106678 0.015393872703390585 0.014938779495800622 0.010444949928619558 0.005462392951830097 0.002548884869728762 0.0011563833520702343 0.000530936952823023 0.0002557387421002461 0.00013724546913594765 9.072331065495638e-05 7.63468652492772e-05 7.525256966485795e-05 8.025708485317248e-05 8.766791963583356e-05 9.52274868446006e-05 0.00010251879568106542 0.00010944417541294774 0.00011631053630496637 0.0001251372240412371 0.00013962684756656734 0.00015552784517836434 0.00017291280640059203 0.00019976575533711704 0.00024232268988017258 0.0003075319483595642 0.00040929085635880796 0.0005669154777107527 0.0008301564839713468 0.0012816333850035173 0.0020274628669541416 0.0030761213584812636 0.0043943589356977494 0.005835458149905123 0.006999172134635546 0.007365239073534544 0.006673379787869222 0.005130280167041995 0.0033574735376823597
0.008845525105104488 0.010294679699656329 0.010627257959813029 0.009225776394076604 0.006473361193621505 0.0037184515920206575 0.0018832397271023168 0.0008986778373243169 0.0004214744078655907 0.00020019675554644437 0.00010059164657523733 6.640369937719378e-05 6.54936859178815e-05 7.134530813326928e-05 7.884419038375656e-05 8.761020934584925e-05 9.619242154005055e-05 0.00010363560629896604 0.00010967459234285873 0.00011466928240522736 0.0001225465405655223 0.0001350197429183975 0.00014812455614097647 0.0001623429428436953 0.00018401566035765147 0.0002204683968151334 0.00027813194552562463 0.0003668349876808473 0.0005041836112024826 0.0007346846414764757 0.001132202433036373 0.001770900245835403 0.0026369419142785854 0.0036731983322950143 0.004712222460375608 0.005453042007770362 0.005482743047915564 0.004705588204998521 0.0033946939451463764 0.0020585049715697717
0.0074719971042108676 0.008036088547946916 0.00761300821590102 0.006247173927312845 0.004389720912728839 0.0026627289030807743 0.001448271417761991 0.0007384706064383132 0.00036620950615980845 0.0001816929910259294 9.298197749869624e-05 6.2721844521325e-05 6.705403111736368e-05 7.385557055113159e-05 8.153220735235475e-05 9.017104166822737e-05 9.922123605629573e-05 0.00010650316241226611 0.00011125405186307517 0.00011455514933471135 0.00012063795697585407 0.00012956103822922414 0.00013831506408811358 0.00014829943309148223 0.0001634260617489056 0.00019183559834911918 0.00023938351086468448 0.00031513865709532614 0.00043287399977662766 0.0006299360988875836 0.0009743121261226867 0.0015176346853815754 0.002239016667144693 0.003067640940682656 0.003835113107420873 0.004300866645150906 0.004171300419844387 0.0034327207852569903 0.002377860085030405 0.001380771575541441
0.006508073596288825 0.006573638527168178 0.005874940823212031 0.004669576777471082 0.0032925399492218766 0.002077346998913839 0.0012028034443344372 0.0006608688461418952 0.0003569345089339493 0.00019684708891062433 0.00011827780437577499 8.781210175393108e-05 8.148430301794469e-05 8.37036592621297e-05 8.9165147172799e-05 9.650558118283714e-05 0.0001050693065896494 0.00011201498453954364 0.00011512035381851951 0.00011651439822017738 0.0001194651466866906 0.00012287837076896795 0.00012586933054075058 0.00013057361331561936 0.00013928815540420795 0.00015897132241290195 0.00019662140353725552 0.00026154334767211965 0.00036790956931620147 0.0005518470127051661 0.0008740470168970255 0.0013760351567536915 0.0020356829393136603 0.0027623105754719496 0.003364172554477746 0.0036206827374229375 0.0033609249931836798 0.002646500467371188 0.0017739748614753958 0.0010079270304029844
0.00587771823858896 0.0056956505196254 0.004908244287319075 0.0038291243987273673 0.0027139094028958235 0.0017669354717519325 0.001079258439348856 0.0006361016946949447 0.0003740729593156591 0.00022880124393375744 0.00015395003126544575 0.0001183175313471227 0.00010329381406215724 9.924850105990019e-05 0.00010072800522695982 0.00010549629193998134 0.0001124476442400139 0.00011887931331513904 0.00012037086940320934 0.00011889706577183298 0.0001167638772812782 0.00011314732870384281 0.00011001673790493301 0.00010964140406826317 0.00011498851283182984 0.00013068107247216326 0.00016373745826509445 0.00022277455891767025 0.0003233353949705502 0.0005043036685842591 0.0008315716596670504 0.001355883148803994 0.0020548629681317473 0.002811767080609055 0.0033827993120055006 0.003516178429467391 0.0031115147700736564 0.0023122325183770986 0.0014629432657628353 0.0008006507726778616
