_RESULTS/CROSS_VALIDATION_POSTPROCESSED/Berg/IZ/5comp/5/Berg_IZ_z_710_kriged_reverse_5comp_spherical_5.asc
ncols 100
nrows 90
xllcorner  5.6208707817415728
yllcorner 50.959635321741573
cellsize 0.00013419651685393446
nodata_value 1.7014100000000001E+038
[rows 0 to 17 of 90, columns 41 to 81 of 100]
0.023742509802401147 0.024163805396491603 0.02412158184169122 0.02361023861767018 0.022700340285403894 0.021499691109350374 0.0201125086418943 0.018640136563221672 0.017169120146336852 0.015765753529950972 0.014475847940734763 0.013327666734792337 0.012336196624284448 0.011507544187377313 0.010842851075830426 0.010341554265907002 0.010004076050939913 0.009834166265604183 0.00981458268635496 0.00981458268635496 0.00981458268635496 0.00981458268635496 0.00981458268635496 0.00981458268635496 0.00981458268635496 0.00981458268635496 0.00981458268635496 0.00981458268635496 0.00981458268635496 0.00981458268635496 0.00981458268635496 0.00981458268635496 0.00981458268635496 0.00981458268635496 0.00981458268635496 0.00981458268635496 0.00981458268635496 0.00981458268635496 0.00981458268635496 0.00981458268635496 0.00981458268635496
0.027870727931154353 0.02853484444370968 0.02856441383161431 0.027948628088756394 0.026755325769904456 0.025112278872947435 0.023221065798082075 0.021249084607938798 0.01931350833328288 0.017497297280023527 0.01585201283725461 0.014404426112458058 0.013163936971312528 0.012129217176463343 0.011293517957585132 0.010648666914296584 0.010188045441808955 0.009908928202290238 0.00981458268635496 0.00981458268635496 0.00981458268635496 0.00981458268635496 0.00981458268635496 0.00981458268635496 0.00981458268635496 0.00981458268635496 0.00981458268635496 0.00981458268635496 0.00981458268635496 0.00981458268635496 0.00981458268635496 0.00981458268635496 0.00981458268635496 0.00981458268635496 0.00981458268635496 0.00981458268635496 0.00981458268635496 0.00981458268635496 0.00981458268635496 0.00981458268635496 0.00981458268635496
0.032773265029022766 0.03378119874209237 0.033910049120832404 0.0331414109742823 0.031585372293274794 0.029439959014586466 0.02693331557193682 0.024304736834831073 0.02177738026205944 0.019452647073572627 0.017383300254832586 0.015588936144792113 0.014068046615734386 0.012807510136158624 0.011789398119240556 0.010995596668720216 0.010410896961709498 0.010025169374357814 0.009835153306645429 0.00981458268635496 0.00981458268635496 0.00981458268635496 0.00981458268635496 0.00981458268635496 0.00981458268635496 0.00981458268635496 0.00981458268635496 0.00981458268635496 0.00981458268635496 0.00981458268635496 0.00981458268635496 0.00981458268635496 0.00981458268635496 0.00981458268635496 0.00981458268635496 0.00981458268635496 0.00981458268635496 0.00981458268635496 0.00981458268635496 0.00981458268635496 0.00981458268635496
0.038567608410096585 0.040066738724384474 0.040328365113828 0.03932381104197162 0.03724201219154838 0.03440421383598614 0.03115527018196009 0.02778773680287018 0.024531601442557664 0.021594641580915078 0.0190320256273502 0.01684664259595981 0.015018410850713173 0.01351678640205524 0.012308766128076068 0.011363727070681074 0.01065626722815275 0.01016794053903919 0.00988854987443149 0.00981458268635496 0.009813988410941478 0.009801335460886728 0.009783895784457089 0.009772826857028401 0.009773581413538074 0.009785812152301796 0.009803376852330124 0.009814450274121799 0.00981458268635496 0.00981458268635496 0.00981458268635496 0.00981458268635496 0.00981458268635496 0.00981458268635496 0.00981458268635496 0.00981458268635496 0.00981458268635496 0.00981458268635496 0.00981458268635496 0.00981458268635496 0.00981458268635496
0.04536829762967235 0.0475815035574257 0.048012884717639544 0.046622959640526776 0.043759582244592796 0.03995933707663669 0.03574214324529395 0.031501270134430534 0.027486703090275653 0.023852494449980523 0.020737136483947437 0.01812740632722181 0.015974889375475015 0.014225222369571437 0.012826320359323764 0.011732645659297044 0.010907240926953127 0.010309037020520315 0.00987132038911031 0.009612975188407355 0.00948430425644404 0.009370934888853582 0.009287199104198974 0.00924410236814922 0.009246890265362687 0.009295231278430795 0.009383204101215474 0.009499096770297312 0.009625146596791897 0.009737468209722074 0.00980651798654952 0.00981458268635496 0.00981458268635496 0.00981458268635496 0.00981458268635496 0.00981458268635496 0.00981458268635496 0.00981458268635496 0.00981458268635496 0.00981458268635496 0.00981458268635496
0.05346421415878027 0.05677512602727101 0.05740848064104457 0.05532370858518023 0.05121620683743572 0.04602546430347845 0.04053051634178685 0.03523172593542591 0.030393193189536157 0.02610506815286579 0.022411158834833737 0.019364873330558915 0.01688769189715135 0.01489548404407889 0.01331384141574416 0.01204475957427365 0.01094853983349928 0.010046579963610592 0.009357907994928551 0.008893485626344016 0.008629654372630025 0.00842999966614355 0.008291028431882105 0.008221700426300698 0.008226144782667293 0.008304103348663373 0.008450901593553365 0.008656953350982502 0.008906913852917208 0.009178718908815702 0.009442888253499754 0.009662605499248036 0.00979516150231705 0.00981458268635496 0.00981458268635496 0.00981458268635496 0.00981458268635496 0.00981458268635496 0.00981458268635496 0.00981458268635496 0.00981458268635496
0.06314203092149495 0.06820522783910218 0.06904077426936223 0.06566846594467879 0.05960586325276003 0.052492004721587694 0.0453963115277581 0.03885803896601154 0.03309000539438632 0.028132229727542826 0.023941344461443886 0.020479290268296493 0.017700013600392077 0.015478402116447446 0.013537936619352497 0.011836532001743772 0.010410405811948544 0.009266803447440557 0.008397481044716253 0.0077895285085681715 0.007420854563403061 0.007161619435918815 0.006986132656548852 0.0068999434277023965 0.006905443019612523 0.007002485319886778 0.007188346880134761 0.007457030011478322 0.007797978247446366 0.008194371132020355 0.008621314206717714 0.0090444361544133 0.009419605504087282 0.00969459213734415 0.009813391006490832 0.00981458268635496 0.00981458268635496 0.00981458268635496 0.00981458268635496 0.00981458268635496 0.00981458268635496
0.07428093338981265 0.08238181197224102 0.08327283658109214 0.0773546388294696 0.0682875115671143 0.05873793737765467 0.049875892390920315 0.04209233704147126 0.03544615832437008 0.02986326143996751 0.025222202626241832 0.021396155821218617 0.01828567005484684 0.015501321247590722 0.013072956847621936 0.011040587291807687 0.009398760715024069 0.008117236357469694 0.007156759926394218 0.006479905342951557 0.006054204452968311 0.0057668552232992415 0.0055760607675837005 0.005483392294748227 0.005489285400120874 0.005593718720367307 0.005796170823089921 0.0060948552451146045 0.006485240005971198 0.006957905702339396 0.007495919620866212 0.008072120914549263 0.008647007580370299 0.009168214314733058 0.009572721858470698 0.009792739085645789 0.00981458268635496 0.00981458268635496 0.00981458268635496 0.00981458268635496 0.00981458268635496
0.08567336105563257 0.09980070053823265 0.09993019371819307 0.08878969844627184 0.07571881548728525 0.06368727219631712 0.053284995125282356 0.0445084057752164 0.037196116212671645 0.03115126768088587 0.026181362482132903 0.021976130282970213 0.01809432070962106 0.014765803984756716 0.01201971230806567 0.009811914493274706 0.008087729714562517 0.006777875190057584 0.005814024186614712 0.005137833884228269 0.004704485536029161 0.004418128985229838 0.004231037968974477 0.0041410249262149295 0.004146732647962437 0.004248253069238028 0.0044470884902928715 0.004745451546724116 0.005144846159722978 0.005643858767153248 0.00623515913446342 0.0069019025974500405 0.007614059458798632 0.00832563675414565 0.008974174265572305 0.009484053470156358 0.009774756602115891 0.00981458268635496 0.00981458268635496 0.00981458268635496 0.00981458268635496
0.09224186777583493 0.11876897666957971 0.1139129278365787 0.09528070810926004 0.07937170087172585 0.06603620144542469 0.05492688416486519 0.0457158878017301 0.03811130819448525 0.03185721128910132 0.026575906405850017 0.021598812322306423 0.017149874992878823 0.013467079552199886 0.010569036795038471 0.008344885884545319 0.0066593998104593636 0.00541186649157763 0.00451377533023277 0.0038922185360276 0.003492664444295961 0.0032317569876238465 0.0030631995223363733 0.002982356091426675 0.0029874684588543014 0.0030787142279836725 0.003259147453020405 0.0035341631509895667 0.003910346798171494 0.00439353017819681 0.004985877398301061 0.005681953132314878 0.006464032072522175 0.007297411554493489 0.008127114703301812 0.00887790070579816 0.009459565118822106 0.009778709185095658 0.00981458268635496 0.00981458268635496 0.00981458268635496
0.08599496919310332 0.10492626992922444 0.10480858271772532 0.09131458038293651 0.07736334694515332 0.06500019857519732 0.05442400547490404 0.0455130266633399 0.03807521793702354 0.031815145782894946 0.02583124910109101 0.02033842970638367 0.015622802545526537 0.011791394730759125 0.008875765376879806 0.0067284166984568645 0.00517814772710314 0.004070648660312839 0.003296495058333725 0.002772550215621456 0.002439687099006829 0.002226704996064313 0.0020962468780248477 0.0020403251700812706 0.0020543053128688196 0.0021366052869227865 0.002290581268069306 0.0025284217266046956 0.0028606165577240803 0.0032985998424031205 0.003852597293026471 0.004527886032138226 0.005319724795462609 0.006207385152415373 0.007148450298821487 0.008075388475257184 0.008896985060594262 0.00950698892099783 0.00980080348124672 0.00981458268635496 0.00981458268635496
0.07226463735869171 0.0834432995014924 0.08592459265660309 0.08001561330717814 0.07071085580249217 0.060983364894843864 0.05195488022488429 0.04398263649676109 0.03712015937477853 0.03051621906866226 0.024085826407105538 0.018305857888590227 0.013510029470516414 0.0097752206243029 0.007047905545551174 0.005123655629368783 0.0037936925650426706 0.002883457105648498 0.002265425836731329 0.0018566643638036624 0.0016003104349460293 0.0014380371534485066 0.0013429315972362803 0.0013072982649191467 0.001327667663783769 0.0014044608473764407 0.001541437830545314 0.0017447614653104348 0.0020242428150569697 0.002401272891230952 0.0028928122204074642 0.0035129427749347967 0.004268823971148737 0.0051541688629077285 0.006141832882005918 0.0071773313414014795 0.008176137912679796 0.0090280553524331 0.009611058216949896 0.00981458268635496 0.00981458268635496
0.05891648391391679 0.06661616936197122 0.0696373852738392 0.0675607110022047 0.06212105975096547 0.055241568000499015 0.048142408095076424 0.04145045364175865 0.035008559430052974 0.028016154681088933 0.02134256879367995 0.015623080287706977 0.011092748350239415 0.00771235750028438 0.005331464450457649 0.0037184404930697165 0.002644804014318612 0.0019391913155047073 0.0014763784160608205 0.0011773797864330798 0.0009921298344968052 0.000875663688413337 0.000809851491237667 0.0007879744212431152 0.0008076200770147709 0.0008703853944279119 0.0009816371207780703 0.001150145394139962 0.0013872342043525373 0.0017049349752951968 0.0021238565789356103 0.002670343279294596 0.0033612708282117535 0.0042035351257555835 0.005185732241560594 0.006269341137737977 0.007382192240009932 0.008418091697272255 0.009246379704773126 0.009733089096817723 0.00981458268635496
0.049168077208294365 0.05498119499802958 0.057756159947134636 0.057118464893117636 0.05381919942945537 0.04903446863518993 0.043715680184841794 0.03821375977995294 0.03157019559668256 0.024504297764372466 0.01805576173969846 0.012756974668387051 0.008728526922331717 0.005841426191631842 0.003876255650264415 0.00259482650643239 0.0017725632571019003 0.0012501724794707152 0.0009204397794888015 0.000712819805853032 0.0005854127106010256 0.0005059308588280536 0.0004623464326275059 0.00044921403266504116 0.00046494786643222746 0.0005115968934255264 0.0005948796954378086 0.000724324172573334 0.0009131929162575222 0.0011776581185651749 0.00153447339483523 0.0020026961923416547 0.0026149369802586963 0.0033897387982528508 0.0043302012377664035 0.005414433330778651 0.0065858796954174 0.007748341599040086 0.00877050837402609 0.009503524949146863 0.009815537159437055
0.04289460668556538 0.04769346762657839 0.05021139452026947 0.05012581950165764 0.047809047703430585 0.04402956951376571 0.03945710733330751 0.03398755031101537 0.02735028037107077 0.020631900997839243 0.014734409739746508 0.010066696328166001 0.006647876146826559 0.004287566516876585 0.002735209495153835 0.0017583680362698356 0.0011534490838899642 0.0007817074283977813 0.0005544873459832418 0.0004159079757429335 0.00033134469911312163 0.00027925360367185467 0.0002513763596595213 0.00024354300794663476 0.0002547506583004642 0.000287014531576062 0.0003455947147635929 0.0004394979360900078 0.0005820220805583544 0.0007908819261658244 0.00108713783444009 0.0014918636870223712 0.0020250868436123997 0.00272211630365589 0.0035999087645233814 0.004652159435208848 0.005838945451920436 0.007077722859364449 0.00824302082268649 0.009186403661793451 0.009752830837499732
0.039332623611136146 0.04356150191335237 0.0458483079418877 0.0459266568895011 0.04403564497628422 0.040628417821881965 0.03600799091864222 0.02996920025243154 0.023182100499988246 0.01690523719643069 0.01171482176333803 0.007745894365644296 0.004942876510147077 0.0030775019826635454 0.001891972574672815 0.0011697513529087269 0.0007369400220639219 0.0004795190194570027 0.00032675907826405114 0.00023646285679987253 0.00018154544962739884 0.00014839799857947983 0.00013099442800505872 0.00012627271177345384 0.00013361228219603842 0.00015474826959297833 0.00019410348079812017 0.00025949674181982986 0.0003630986461676783 0.0005222991855586636 0.0007597943636301005 0.0011017464509968872 0.001572569116229593 0.0021934453538582526 0.0030003868731840705 0.0040020262680954075 0.005174352741810462 0.00645039406550479 0.007722110788422863 0.008837461445575845 0.009622951919592117
0.03804722956940101 0.0419495003336125 0.04401153031380399 0.04401752988022109 0.04210605976663568 0.03831238448529837 0.0332010444675593 0.026411562576793682 0.019406662359164148 0.013395864460287397 0.008827797923913873 0.005624142924852203 0.003468569491028514 0.002090998359990615 0.0012466047318628291 0.0007486092575082308 0.00045845028977540555 0.0002894829321047994 0.0001906835503829852 0.00013256354586557652 9.737853871642492e-05 7.66386911481302e-05 6.589899472823801e-05 6.297493873923154e-05 6.748638631998772e-05 8.081682678548732e-05 0.00010648258941975656 0.0001509227768750702 0.0002246758306253369 0.0003437455127614146 0.0005306112418825596 0.0008137936220340911 0.0012243123587861243 0.0017872470732279004 0.002524944517835076 0.003468855121462345 0.004609627204025896 0.005901403793961224 0.007246473765159087 0.008494281958902805 0.009461877671491243
0.03890034944364577 0.042609749527057275 0.04441310878811245 0.044132107022850156 0.041330215596382544 0.03628438246147177 0.029867641646464934 0.022409108002970798 0.015546158654328566 0.01014428796325767 0.006328749234964521 0.0038341290886427883 0.0022842770536375635 0.0013364186909976083 0.0007747268439129539 0.00045318122145114777 0.0002707620810618106 0.00016699475831643334 0.00010752580588894992 7.27254225311329e-05 5.160873750146529e-05 3.8942560363760216e-05 3.228654654727386e-05 3.039512600850306e-05 3.303989130493775e-05 4.128092713461618e-05 5.7830001413433295e-05 8.78433600736014e-05 0.00014018054221724165 0.00022905591415441323 0.00037570597481404735 0.0006091229262745543 0.0009641469990743533 0.0014746748441118785 0.0021606736602844514 0.0030483046766251447 0.004154252591543099 0.005446912054292747 0.006839097365904579 0.008186262498983144 0.00930066012147735
