_RESULTS/CROSS_VALIDATION_POSTPROCESSED_CLR/Berg/TZ/8comp/5/Berg_TZ_z_355_kriged_reverse_8comp_spherical_5.asc
ncols 100
nrows 90
xllcorner 5.6208707817415728
yllcorner 50.959635321741573
cellsize 0.00013419651685393446
nodata_value 1.7014100000000001E+038
[rows 57 to 75 of 90, columns 0 to 42 of 100]
1.1447905084442553 1.1041298061562363 1.05810354845447 1.0080414572668017 0.9552868932327798 0.9011786757142941 0.8470380272590065 0.794167971739187 0.7438736527871773 0.6975124296766141 0.6565789756080395 0.6228148413830751 0.5982882407500095 0.5840189465493225 0.5781052095196038 0.5868545339668702 0.6113879059259022 0.649703370737482 0.6987102137509577 0.7553419192935102 0.817062097626008 0.8818218533497619 0.9484589157888113 1.0194568461473117 1.094847487734258 1.17386810703075 1.255510708155654 1.3383077318698224 1.4176247797163735 1.489266236968323 1.5491142206587614 1.5919554110064496 1.6123834993950255 1.6088591890844892 1.5887340878895369 1.5572493288910074 1.5185714332107019 1.475566305532298 1.4300046517949925 1.3829238328583804 1.334878184606065 1.2860829594175345 1.2406325387682995
1.1565856313001972 1.1177522571386302 1.0731465131124798 1.0239749808461038 0.9714406002473912 0.9167299418085901 0.8610063672188437 0.8054164924688697 0.751054616273616 0.6990080968518025 0.6509849211308083 0.609026613911727 0.5757191818622797 0.5543497158982987 0.5469763346420536 0.5566206751716893 0.5853559575006037 0.629712916922543 0.6849873612722237 0.74720131655628 0.8133510888314087 0.8816954015693653 0.9538943971280316 1.0296572398565862 1.1082023729831991 1.1886351063333809 1.2698054538122732 1.3501617652132112 1.4275055951538251 1.4965979713248263 1.5528276380660004 1.5925429789779801 1.6125458665813128 1.611630238291189 1.5958588575603723 1.5693938774453398 1.5350313294941142 1.495096323571 1.4512642646860587 1.4046409739116699 1.3558912435498045 1.3078959622101067 1.265115742816753
1.1641913390390295 1.127438330453667 1.0845011318987456 1.0364777444013755 0.9844356272726527 0.9283329224609425 0.8690258776289762 0.8082212962425261 0.7475104640800561 0.6884182088836054 0.63252802334081 0.5817504405781083 0.5388430107313755 0.5082105027863806 0.4961837261748999 0.509413752383487 0.5469520268671213 0.6009965816089431 0.6638215021200418 0.7316755771145419 0.8024982524490881 0.8769606533416491 0.9542385709426486 1.033539254823272 1.1140640259022478 1.1948734069885714 1.2747745769908612 1.3522189796426385 1.425213907676463 1.491245111880543 1.5452821336656097 1.5833885863387054 1.6034931224290985 1.6045765470443811 1.5915692469616294 1.5686404078193155 1.5376507123938912 1.5003568644401812 1.4581799783041578 1.4121562107704668 1.3653469652985009 1.3216284793317565 1.282037678607921
1.167286860502725 1.1329396951469277 1.091910374687484 1.0429874065935851 0.9870165196427232 0.9259035521030508 0.8614280932323376 0.7952200737346099 0.7287493346101159 0.6633431301183662 0.6002639801809425 0.5409295477196188 0.48750543312999306 0.44451810584180373 0.422286086728229 0.43607585724801035 0.48765623704534855 0.5575211797150648 0.6335999427198424 0.7117575604459146 0.7901470933610314 0.8698409015700479 0.9507927205323854 1.0323248914634509 1.1136817987406458 1.1939379294679957 1.2718989626625565 1.3460970875271934 1.4148039724536594 1.4759019140961966 1.526851361673284 1.5640738317213443 1.5844134568895027 1.5870160369138262 1.5758411087394673 1.5553833578379956 1.5269009592305565 1.4916884958743308 1.4509431675753084 1.408408553982531 1.3669110525934338 1.3276769350013817 1.2917088685957638
1.1655293159756857 1.1321306268560223 1.0876743417883639 1.0341530383949595 0.9735776263398019 0.907858828820737 0.8387731626502014 0.7679283422483719 0.696731925460906 0.6263694871287475 0.5578046243736089 0.49183286792107717 0.4293060904769348 0.37213783478162776 0.32990064731121405 0.34510081795151915 0.4158308437551357 0.5023781378278211 0.5937163053553945 0.6852271966837964 0.7750636268035702 0.8615878389524059 0.944379401022362 1.0257581682845647 1.1055287449222195 1.1831045355551195 1.2576108248672897 1.3278540666322425 1.392316345721985 1.449191562061301 1.4964496636036833 1.5317403238782048 1.553047158758342 1.5577031011906017 1.548217399433686 1.5294857795203642 1.50280723519552 1.4698030920507137 1.4341013974441326 1.3974348211556946 1.3611626997771102 1.3264525507743563 1.2942867662732889
1.1587151363959833 1.118138228282965 1.0679548555577323 1.00981044495547 0.9449814581955993 0.8751304847355552 0.8020944998834092 0.7275422665261989 0.6529327446316496 0.5794757201605747 0.5080991739989228 0.43942941127801516 0.3737958124984777 0.3113168433915201 0.2531444928844371 0.27281738862700244 0.3600703787711501 0.4542025424055717 0.5524608735155631 0.6526001941488988 0.7503736298004486 0.8430689950789648 0.929493649834662 1.008930825883823 1.0853054916132951 1.159101344772763 1.2295167155330242 1.2954782396744342 1.3556489090859059 1.4084681353536794 1.452230366215054 1.4850172760739204 1.504976706954897 1.5107135128241 1.5044711736296965 1.4895877401877982 1.4677697789715187 1.440717998501597 1.4109339267002636 1.379814226217122 1.348589243357335 1.3183470318451762 1.290027031395204
1.1444325851367863 1.096527338847093 1.0393291157986786 0.9745924643727712 0.9040787054720828 0.8295343099279003 0.7526630675864344 0.675093732186059 0.5983477545280573 0.5238173028753517 0.4527763914410212 0.38648462193089195 0.3265799847288393 0.27656322696172 0.247998138809995 0.2686697490677381 0.3354352704395358 0.4224814521153162 0.518287558730274 0.616296154953407 0.7136945572501795 0.8082731696436851 0.8979150318944814 0.9801738567626039 1.053686485727097 1.122786283812748 1.1884783328607038 1.2497879646340675 1.3055221029641113 1.3543025299041815 1.3946258810608896 1.424909877138611 1.4433861123601903 1.4493548992515868 1.446093788999365 1.437523079488233 1.4238074352526469 1.4052147422875467 1.3819048615187075 1.355999232856379 1.329601672241318 1.3037127317005228 1.2792161072262322
1.1238233580416381 1.0689536777079984 1.0050913733892057 0.934110055003643 0.8579186942453264 0.7784435695232733 0.6976037427944135 0.6172829508582568 0.5393062174832637 0.46544009771051265 0.3974573967316868 0.33735708838331413 0.2879042140195982 0.25393006218807646 0.2442837661387769 0.26861090774031293 0.3251585149433185 0.4005909047398233 0.48720487009401725 0.5793094099845331 0.6729619178490377 0.7652594617361822 0.85377113747816 0.936280367716952 1.0106558127121201 1.0754077580308548 1.1355276884037435 1.191759016503988 1.2429998183645516 1.2880797875712349 1.3258009984870474 1.3549919501706702 1.3744408017335576 1.382995548552907 1.3842332239630317 1.3812282858855847 1.3739533475752779 1.3624905592144385 1.3469933728599053 1.3276519399790185 1.305621267229706 1.2838385839196798 1.2632094286257491
1.0980324652534081 1.0365429393755339 0.9663239927248399 0.8893800590322308 0.8077884125716811 0.7236868552641128 0.6392536492452664 0.5566821414612119 0.47815888212043955 0.40586544102796296 0.34203968082799974 0.2890903425477056 0.25006795054156394 0.22914371718057436 0.23139497823970578 0.2602545131256291 0.31158029545538857 0.378582848547091 0.4560929828810484 0.5413345093182199 0.630039485303426 0.7188658680140091 0.8050666718972076 0.88623439286079 0.9601446391376315 1.0246571892481409 1.0792019747784036 1.1298873048447882 1.176725660095281 1.2186285962318517 1.254464280803374 1.2830973835576192 1.3034306768092594 1.3144178890834253 1.3201673940360938 1.322649995268892 1.3216764978214715 1.3171589075513184 1.3090872687971016 1.2975053320452172 1.2824888399966725 1.2648802756947939 1.248120655497581
1.0681735654870526 1.0003883829681663 0.9240701924959089 0.8413563508712928 0.7545018198399107 0.6658745939763651 0.5779402104009965 0.4932344878234558 0.41432884028180084 0.3437597360474831 0.2840667152131586 0.23788677428017446 0.2080294363565951 0.19746864502183126 0.2087129110885937 0.23986546559884925 0.2885518720147864 0.3511966711164092 0.4231492802713728 0.5019091770415659 0.5853900720058094 0.670148663183715 0.7533004864271984 0.83234295590304 0.9050143543253922 0.9691874577699592 1.0227907686478699 1.0677254850053377 1.1099015320751777 1.1484451345743887 1.1822544560711754 1.2101908351469106 1.231119147029875 1.2445603599569313 1.2548980617473546 1.2628645861233707 1.2681240903735633 1.2704378474798061 1.2696514918660802 1.2656780629729976 1.258480309696216 1.24805447876277 1.2353667503307686
1.0353478573430337 0.9615800541477115 0.8793766544723208 0.7909980519480058 0.6988726016446127 0.6056028947019859 0.5139489477331013 0.42677864078376493 0.34704719499228043 0.2777013691016137 0.22158503353362358 0.18135259184737995 0.15937936038959477 0.15757525301613673 0.17415405358990643 0.20728222907926175 0.2556778299878233 0.31653663940090193 0.38624178012801647 0.4611176525454719 0.5396480034712643 0.6201634742973513 0.6998138332284531 0.7761213847847814 0.8468708464304773 0.9100074638269702 0.9635493279040425 1.005782841317215 1.0430623879325052 1.0780900711776193 1.109765883698224 1.1369134142797734 1.1583225180934065 1.1744314422131665 1.1894509169925676 1.2029596352658973 1.214440496013529 1.2235169458757615 1.229905380912538 1.2334027446174785 1.2338712332774204 1.2312226683178604 1.2254040960246124
1.0006531674551096 0.9212235546709945 0.8333196384796051 0.739296260093948 0.6417269614920509 0.5434267969992408 0.44745643032584725 0.3570909813789769 0.27573490891922714 0.20677051454690187 0.15334658024147996 0.11813904742730186 0.1031259019688231 0.10751429489675846 0.12803519891900006 0.16407302119399247 0.2139362125322024 0.27499247310267916 0.3440960243562712 0.41803568265343194 0.4938501017442839 0.5701643248805867 0.6460168767873832 0.7190720331696867 0.7872529528294995 0.8486519520344509 0.90143477845596 0.9437540670437592 0.9766390366453288 1.0080409484236292 1.0375350541689636 1.063872335331904 1.0857307750692367 1.1052384640400073 1.12493595754827 1.144054637820997 1.1617892999777697 1.1775922528379676 1.1910640422272667 1.2018999630763607 1.2098751954299534 1.2148287240404498 1.2166479047019896
0.9649568422215223 0.8802251165669989 0.7868127704211235 0.6871347288262065 0.5838780296921012 0.48004915143366245 0.3790044638987249 0.28443648508940456 0.20027615128837195 0.13047059561297947 0.07862638736614413 0.04757762823620548 0.03837592220550823 0.04695668158062394 0.0720214382009905 0.11213378963158571 0.1650301075976548 0.2279229777813354 0.2978138187221959 0.3717685991345203 0.4471123071273275 0.5215278262724303 0.5934850766052747 0.6627662704980538 0.727697619827198 0.7866017381523152 0.8378650569720013 0.8798286419599877 0.9109872837958812 0.9387172121702256 0.9660641427998172 0.9916644506502448 1.0145158486960155 1.0381145543284402 1.0627073219516605 1.0873902816723258 1.1113721897529767 1.1338832185617655 1.154352347787259 1.172388786470238 1.1876957668278176 1.2000527580716709 1.2092984773014215
0.9292725286355565 0.8396957777114666 0.7410661092265783 0.635802654398689 0.5266419262242754 0.41671889646987115 0.3096441791338971 0.20954204956825406 0.12098171591977813 0.048706714621402636 -0.002905888450585259 -0.03058294716246346 -0.03608126692931202 -0.02268964956878894 0.008100743958535217 0.0537513102667595 0.1112284254674396 0.17738683400139954 0.24920297343994458 0.3239145665091059 0.3991009295145924 0.47271795601163225 0.5430948044594545 0.6088970620405366 0.6697873461517817 0.7253207661706845 0.7741940436269504 0.815013540217127 0.8461603718877896 0.8705046255628668 0.8958483265942508 0.9209068554530306 0.9461817478206849 0.9742602608661954 1.0040428801220114 1.0344591843992392 1.0645860178432147 1.0936547461544681 1.1210148777173061 1.1460934435139938 1.1685302235331911 1.188044910374527 1.2033154689694627
0.8947364555245715 0.8009153270729883 0.6975102775051014 0.5868749236914437 0.4717053565066892 0.35516014123452644 0.24100603801518616 0.13375996823861525 0.03873765880853797 -0.038177237255804686 -0.0912813289142036 -0.11713319927346233 -0.11926281100483127 -0.09959571670592116 -0.061247886992884304 -0.008247597688894714 0.05538530955441501 0.12604886082718192 0.20065118878093746 0.27658670036169153 0.3516949098561688 0.4242281801844032 0.49282487214142745 0.5564754563128868 0.6144652270477236 0.6662746448588994 0.7117285441908534 0.7504964509118661 0.7812203937819913 0.8037808468933068 0.8274106157946294 0.8526623860767958 0.8819763758491141 0.9149968346170891 0.9503045221323013 0.9866530691526971 1.0229941873115804 1.0584721718933487 1.0924031517784925 1.1242121425485492 1.1526668315890098 1.1767737427715206 1.1958832215359414
0.8624615648697798 0.765196354834698 0.6576920736465217 0.5421616442755196 0.4211506033594128 0.2976886629436071 0.17551171202739924 0.05936124814235666 -0.044701854511696615 -0.12924090935116506 -0.18626602861471642 -0.21232813109746096 -0.20971421407617674 -0.18126552509551863 -0.13274380100088856 -0.07026184476848085 0.0010325840755547322 0.07714949345303657 0.1550322495178187 0.23230739845283965 0.3071176122415409 0.3780345527529141 0.4440227240462199 0.5044240496654073 0.5589308046425135 0.6075062955903274 0.6502080284944652 0.6868928983935148 0.7168611011028826 0.738946331457774 0.7613521190304697 0.7892019993220403 0.8233179291407919 0.8618122595781886 0.9029983742477735 0.9454584201457729 0.9879504180343244 1.0292583701057192 1.0684021284580658 1.1045206599122945 1.136842115343405 1.1646628002552735 1.1873310802223556
0.8334814180451866 0.7338194218120789 0.6232056715824934 0.5036484648911144 0.3774334831204058 0.2472796001525539 0.11660605547605618 -0.010010489163194025 -0.1261081813811693 -0.22247918200576788 -0.28747110014172494 -0.3153545626579999 -0.30528469068790365 -0.26393485499182545 -0.20176514402580303 -0.1276083091797271 -0.047533061092738915 0.034448493983506134 0.11558364883451078 0.1938763366181382 0.2678293523042703 0.33633837907842645 0.3986736175630803 0.4545078721477197 0.5039528352093635 0.547543950312817 0.5860763266735742 0.6201913688323385 0.6497502453443879 0.6733028039588709 0.6971965521972902 0.7301848563178583 0.7700397764911855 0.8144296095104719 0.8613600902145863 0.909188249735273 0.9565679148603127 1.0023819617555652 1.0456829319769991 1.0856470209004527 1.1215402743593972 1.1526943014426743 1.1784889401210739
0.8090176168259365 0.70793113703413 0.59556474150625 0.4733465624916421 0.3432337093192439 0.2074840478563753 0.06888710152869937 -0.0687550301496691 -0.1995821547791039 -0.3134878272312469 -0.39399038824864485 -0.4252335085090282 -0.40205366089023586 -0.34120614332564414 -0.26152434298478844 -0.17425549638199 -0.08530086894729272 0.0020433511152584405 0.08569459419963144 0.16417663876903243 0.23637593484525876 0.30147185230831375 0.3589631381584151 0.40876011908857324 0.4513224227130739 0.4877881206441992 0.519934214302322 0.5496659823147907 0.5778629962012058 0.6036924654337218 0.6328761600816588 0.6723746156371804 0.7189431130137925 0.7697245884946959 0.8225095794699941 0.8756127277835596 0.9277241869318968 0.9777911582446455 1.024934772715146 1.0683943891196743 1.1074907154362508 1.1416013066682287 1.1701441061635278
0.7922377136544172 0.6886174309282797 0.576017258054835 0.4530371224591663 0.32111785406924187 0.18203665712085515 0.0378122600633084 -0.1090253597786357 -0.2546788896477912 -0.3915848561543571 -0.5013673131431173 -0.5403350150229689 -0.4904369753456601 -0.40130193225342903 -0.3023068347212601 -0.2029885037201249 -0.10695847898509703 -0.016041005438449663 0.06856109081725692 0.14590093638039625 0.21518203217242804 0.2757625446182108 0.32723000620320586 0.36955048123053547 0.4033198196447034 0.4301346584513751 0.45294920067496836 0.4757709567671655 0.5019019321416222 0.5332730818775058 0.5701272739448893 0.617723572981717 0.6719250713689517 0.729451711045025 0.7880644039088491 0.8461880986474541 0.9026512775707777 0.9565278528218035 1.0070439957365702 1.0535228553641138 1.0953510722066344 1.131957971650652 1.1628022921169032
