_RESULTS/CROSS_VALIDATION_POSTPROCESSED_CLR/MHZ/TZ/3comp/1/MHZ_TZ_z_355_kriged_reverse_3comp_spherical_1.asc
ncols 100
nrows 81
xllcorner 5.5967107548124995
yllcorner 50.982328804812504
cellsize 0.00017565037499993607
nodata_value 1.7014100000000001E+038
[rows 0 to 18 of 81, columns 0 to 42 of 100]
1.0905398935633772 1.0777626132033264 1.0658955959177072 1.0557480338887808 1.05064382024586 1.0563765720781957 1.073340654488122 1.100894696364291 1.1376862707762228 1.1821806183539212 1.2330140725554826 1.289068382454651 1.3493770730931125 1.4130730507007474 1.479435733554516 1.5477787530336764 1.617446058319726 1.6878062932562479 1.7582455050694374 1.8281625138910726 1.896965882218728 1.8812175413048722 1.8182385842070052 1.755016845126196 1.6929545674493456 1.6324981577466162 1.5740901707533332 1.5181521499691506 1.4651190711987412 1.415428064968309 1.369516261804053 1.3278207922321743 1.2907787867788698 1.2588463208361176 1.2325557568183847 1.2122772071260757 1.1983723683539163 1.1912290031244035 1.1902964676294097 1.190179481947707 1.190005736031269 1.1898376844280996 1.1897625899006394
1.0824108755137456 1.068016142250323 1.0541827908044987 1.0417944135326387 1.0343694111629853 1.0386040860408667 1.055653695843042 1.0846175728165885 1.1232675816762905 1.1694627964137405 1.221629783924451 1.2786353627724292 1.3396201730983204 1.4038170771503053 1.4704124778005752 1.538606362104121 1.6076039288385653 1.6764463374671696 1.7436706768987744 1.8059313378420847 1.8508464268706866 1.8459805764900834 1.8005787210207864 1.7437351956456273 1.6848307027322236 1.6262463926842965 1.5690794316258605 1.5140550225404235 1.4617529924251993 1.412655270208708 1.3672405466768514 1.3262242830228428 1.2901062354631714 1.2591850665508404 1.233773676376604 1.2142045711050125 1.2008345225797552 1.1940483378941755 1.1931825617723502 1.1928625027832411 1.192327742576129 1.1916489958697125 1.1909246594786003
1.0766982477834703 1.060848259841777 1.0450326216186936 1.02999223774691 1.018937366582702 1.0201826607307793 1.0371897930127365 1.0681882416515862 1.1088145073823887 1.1562360629144106 1.2089346745731 1.2659155215578703 1.3263493203031398 1.3894686025934857 1.4544895023153077 1.520485652434122 1.5861995565423397 1.650023380337741 1.7092827642725292 1.7587812719898723 1.7886056773267929 1.7878613917630457 1.758805465460444 1.7136036235204073 1.6620557189016423 1.608369109872595 1.5546671981136413 1.502226555918079 1.4519419379824092 1.4048183714228286 1.3616999083640227 1.322901636845513 1.288746984790967 1.25955226589039 1.2356388011066073 1.217342550411135 1.205021939983611 1.1990640070568834 1.1984352351830154 1.1978973014877021 1.1969761371748302 1.1957527469212252 1.1943391164958364
1.0740167140911587 1.0571848654920288 1.039849410309886 1.022339914793343 1.0065053860952917 1.0015683002927696 1.0193704933773595 1.0539774778332505 1.0962749836570298 1.1439907754471659 1.196120210279893 1.251878672949509 1.310518140675027 1.3712517131388986 1.433193562409102 1.4952757878392322 1.5560701096386045 1.613396886376406 1.6641944504359136 1.7038663282480888 1.726447009928791 1.7273603658771006 1.7073575078514374 1.6720545467158148 1.6286196954428107 1.5811894142226066 1.5323183069836894 1.4837458819209632 1.4373026148736407 1.393908374256428 1.3540990679986868 1.3182949650751188 1.2868118367958943 1.2599903501679233 1.238167703512573 1.2216883921617057 1.2109161798089705 1.2062434886920355 1.205900048863755 1.2051261892337688 1.203787848200792 1.20197906106235 1.1998287846563704
1.0748156877944448 1.0577941454567235 1.0400522017499798 1.0217006256248853 1.003217422168435 0.9900137616634036 1.0102325709337119 1.0465442118861963 1.088116129113096 1.1342561191698102 1.1842917427084505 1.2375196726865625 1.293177748183975 1.3504118527737154 1.408226731434025 1.4654095587563487 1.5204124317722214 1.57114046913436 1.6146246790903367 1.6473669259012058 1.6657639015507608 1.6674876380881467 1.652824153338018 1.6247980911685396 1.588562445375802 1.5474662257499867 1.5041016520890398 1.4610814045808065 1.4196898057420853 1.3807596155005246 1.344929204433108 1.3127121676374296 1.2845222766962092 1.2606640030510228 1.2414836674359493 1.2273339126330485 1.2185834493409382 1.215630311460446 1.2154223223362248 1.214390215224566 1.2125969346077827 1.2101533229793404 1.2072098556021493
1.079204516736948 1.0628998921684611 1.0461314695562258 1.0293422328967434 1.0137182814011456 1.0069711101464929 1.0199514998616022 1.048690949641727 1.085610190119936 1.1278977788930136 1.1742514481753246 1.2237076135369767 1.2753529716964505 1.3282177954107008 1.38120632819503 1.4330272923543115 1.4821154784860133 1.5265569030015707 1.563982590567679 1.591635125387611 1.6071921661346709 1.6092815597082406 1.5980041088184138 1.5752794075497292 1.5450044934777925 1.5098825399149212 1.4729815742715178 1.4359893631344984 1.400060380759091 1.366084756112399 1.3347598523360493 1.3066469097079687 1.2822142118477833 1.2618370204634122 1.2457998977066334 1.2344533161201203 1.2281657418214904 1.227111058912368 1.226847028476851 1.2255286299223003 1.223233415773787 1.2200943588285071 1.216289668703176
1.0868892806310952 1.0720245656804577 1.0571793161640615 1.0431419696107298 1.0314914072957195 1.0266034608110042 1.0355380464710966 1.0571930539542294 1.087902553361262 1.1248754352033734 1.1663550699623841 1.2110711670443404 1.2579199075780492 1.3058078885715496 1.3535633889706298 1.3998738593424787 1.443240033523913 1.4819592653101803 1.514173220979329 1.537841660410487 1.5512074210999716 1.5533631397529515 1.5443211500595408 1.5255598813107343 1.5002391547822804 1.4713255267958107 1.4407101425483269 1.4097040613451441 1.3793922920630264 1.3506539452704431 1.3241985695479452 1.3006036584825684 1.2803486004970275 1.263845012335011 1.2513991274232195 1.243288145718018 1.2398697953431663 1.240347182711671 1.2400186282326193 1.2383780509536348 1.2355214890671107 1.2316117398264577 1.226863388417382
1.0972762129645006 1.0842457106260288 1.0716371265622198 1.0602914995827128 1.051501539188387 1.04715248886343 1.0526495019421198 1.0687567132411075 1.0934540495452991 1.12464947784221 1.160631512656416 1.2000114022997121 1.2415666055149484 1.2841203878237186 1.326463074837889 1.3673028137361543 1.4052425745808623 1.4387919606939683 1.466431402808087 1.486714895103754 1.4982173127964622 1.5002084842299483 1.492652525453059 1.4769758185203254 1.4565200068693196 1.4333126188094079 1.408541806539746 1.3833141078243998 1.3586003203031465 1.3352230379484684 1.3138661932659474 1.2950940544929195 1.279373712137321 1.2670993713658505 1.258611360253191 1.254130567720325 1.2539544228099317 1.2551835501501787 1.2547808009523609 1.2527711218644388 1.249276735093391 1.244501698604229 1.2387091832491286
1.1096515067026516 1.0985741930155073 1.0881290035838622 1.0790326464980855 1.0722075177137358 1.0686974739104165 1.070890646602175 1.0821461001614796 1.101273859936029 1.1267249287032193 1.1570131933863383 1.1907920639767735 1.2268184961300765 1.2638930041497725 1.3008099400845756 1.3363270577818525 1.3691587075358795 1.3979990901259065 1.4215829600906156 1.4387854826906907 1.4485870676065862 1.450222742418191 1.4436360292071018 1.430893715134835 1.4149770334577811 1.3968584279998817 1.3774717936386132 1.3577350760648172 1.3384926222436038 1.3204874686433588 1.3043535315836197 1.29061950139603 1.2797197673367697 1.2720110084728589 1.2677953599623886 1.267305737184689 1.2699712562523164 1.2714660188486824 1.2709759845569053 1.268534267850282 1.264301591357253 1.2585408025632163 1.2515811516029869
1.123318795318615 1.1141612848855953 1.1056777922761476 1.0984111019811793 1.0930219101186083 1.09020474272083 1.090430091752994 1.0971072897559848 1.110982895884549 1.1308615705235723 1.1554875786775984 1.1836278231246067 1.2140882419243737 1.2456988180566737 1.277281687528634 1.3075360695664804 1.3353416491622916 1.359640169350045 1.379419796469357 1.3937875083608888 1.4020130712595988 1.4033321098139697 1.397718630366622 1.3882114327278132 1.3762923344073799 1.3627267174250033 1.3482825849570559 1.3337180570457632 1.3197573363211543 1.3070578138611109 1.2961921029315906 1.2876403615254561 1.2817900894488077 1.27894331557575 1.2793339258709697 1.2831374569552962 1.2873549383525398 1.289411222475589 1.2890438980515733 1.286214363915477 1.281100691511788 1.274054633244629 1.2655432147746488
1.1376563127055963 1.1303311930665294 1.1236120204961373 1.1178673257403853 1.1135953046635072 1.1112355671702945 1.1110362251054537 1.1137476316270138 1.1225603191836186 1.1370450837802775 1.1561375878662894 1.1787330963103706 1.2035163695317628 1.229190021551785 1.254826628521069 1.279489736158675 1.302237518310037 1.3221446619281465 1.3383423566061516 1.3500741153561377 1.3567561122455805 1.357765435495198 1.3537161791214596 1.3476617199775176 1.3400457537622372 1.3312164326789073 1.3215915680397092 1.311873441183391 1.3029670209885351 1.2954510086573987 1.2898364271176785 1.2865520234595864 1.2859330511087115 1.2884329448759708 1.2944876847520226 1.3025246534785002 1.308558060805501 1.3117404862908089 1.3117294092792169 1.308496341132895 1.302309688749962 1.293653597959322 1.2831289080729427
1.1521121395919494 1.1465053632673403 1.1413762583667872 1.1369520472963563 1.1335823340307727 1.1315316033554768 1.131020519552414 1.1321680169931032 1.1361546014417285 1.1454006460831012 1.158934122564155 1.1752849876459803 1.1936078630296958 1.2130838310548695 1.2328827470732597 1.2521681651198302 1.2701056143147518 1.2858799200128186 1.2987266786740201 1.3079797088288652 1.3131253342327085 1.3137292741380766 1.3116657239311318 1.3087476308764225 1.3051062630717603 1.3009698615299408 1.2966275910224587 1.2923953578759415 1.2885929315213616 1.2860924880316749 1.2856556172125815 1.2878979829169928 1.2937535446865993 1.3031679488040762 1.3152607790751443 1.3260940551606795 1.3342233975198137 1.338703034573216 1.3390414196392746 1.335234612508334 1.3277102848716964 1.3171618784501151 1.3043751426319732
1.165683667743535 1.161603162510453 1.1579266267657897 1.1547177790112066 1.1521099501093521 1.1502427334828624 1.1494005429598413 1.1498416902338253 1.1516487749099191 1.1553964921836704 1.1625135106034807 1.1723847968429 1.1843987948100618 1.1978433496865075 1.2119896738606653 1.2261054845079475 1.239460221502851 1.2513332013697465 1.2610330857754046 1.2679423355647041 1.2715858141611505 1.2721133451365143 1.2720416636952043 1.2719854665086126 1.2720090223543752 1.2722444636149655 1.272874280945741 1.2741115951377198 1.2761788885342746 1.2792922099833075 1.284771902896566 1.2940490225270866 1.3070981798867645 1.3233331618907926 1.3392742888237152 1.3532092372844196 1.3638544519790583 1.3698902139006721 1.3705512705907288 1.3658933242868379 1.3566475791245975 1.343847990817393 1.328525322064296
1.1775734246144556 1.1749585516847698 1.1727433378059644 1.1707982767227336 1.168878079690809 1.1669817905559614 1.165637671811188 1.165307758140564 1.165301292525532 1.1653853000323018 1.166497664154529 1.170354736177903 1.1763834763280347 1.1839736866076815 1.1926441574210556 1.2017782813747107 1.210752629811277 1.218937375953316 1.2256902790494615 1.2303886814435683 1.232605659436855 1.2335954933289002 1.2353073855292451 1.2378720900485642 1.2412942869219212 1.2456185271149884 1.2509319772353908 1.2573573360738468 1.2651038967954196 1.2755269269130833 1.2889588387637252 1.3053937249298302 1.3252334205199727 1.3456993864505504 1.3654173190687562 1.3830448150582688 1.3968626686408638 1.4048854008770042 1.4057939196588396 1.399800675079649 1.3882727564395618 1.3727966550360071 1.3546827053658723
1.1873262973428858 1.1860642336698988 1.1853501139426477 1.1849283810295699 1.18373091337524 1.181394036933221 1.1792690096195673 1.1771533621087518 1.1749290686271958 1.1727805258580852 1.1707866175297093 1.169228723334432 1.1696728260598552 1.1718966103313737 1.17532402793303 1.179626201039166 1.1843798830818695 1.1890642010549044 1.1930903283160437 1.1957414653626866 1.1970848901472315 1.1986108877698194 1.2019112872373934 1.2068983598044274 1.2134994734734754 1.2216664748841106 1.2313947717689742 1.2427930497370423 1.2573629509934225 1.2755099074536513 1.296985139802545 1.3206166052769346 1.344382632719773 1.3685939444577007 1.392394165503625 1.414393262246548 1.432422025898204 1.4432535667524014 1.4442004379315687 1.4359583619130756 1.4213725003422046 1.4028223389239751 1.381787681027413
1.1944890981210865 1.1942922404860277 1.1948747787591807 1.1963665676606827 1.1963425762762356 1.192589806430374 1.1887761880576042 1.1846624831567754 1.1804566672708487 1.1762805047515235 1.172212346871298 1.1683064869305178 1.1646062839836562 1.1617064903882042 1.1603443068515276 1.1600757544388631 1.1606914417962335 1.1619836223130235 1.1635132449411054 1.1647888634902213 1.16557655508697 1.167522813776665 1.172215632332002 1.1792387611543813 1.1885165667842297 1.2000014263913854 1.2136846470286278 1.2309824747736273 1.2526685246609641 1.2782466590252854 1.3058544285023965 1.334336821151371 1.3627277769075596 1.3905891574050866 1.4184313571069391 1.445247027806165 1.468950977416358 1.4844931223202846 1.4847966437802111 1.4725108247515497 1.4541027969582485 1.4324201957509086 1.4086524873019404
1.1987199351980187 1.1990921857520773 1.2001449915966464 1.2018835283977884 1.2020233487719298 1.1983280629856943 1.1933010335863237 1.1877454638145808 1.1819172171307397 1.1759668904992941 1.1700040193705907 1.164120285401004 1.1584035589163368 1.1529460880672069 1.1478461410646792 1.1433725606546934 1.1400358858587043 1.137854010995333 1.1370425453361006 1.1380468405263238 1.1377920320194694 1.1396519586949405 1.1450264033657143 1.1535958975263667 1.1652067472812684 1.1797318589165409 1.1979837766817247 1.221282278869408 1.2483676741705563 1.2783526049598277 1.3103656839632993 1.3434959074137205 1.3767913878484708 1.409264168666673 1.4411029624246467 1.4723047496383905 1.502113374351069 1.5274228674793848 1.5240362648240782 1.505564626733901 1.4838949215954607 1.459931735007148 1.4341200432122065
1.199917347874136 1.2003961402206638 1.2011944406939357 1.2020038022725408 1.2017205965811093 1.1984632771951707 1.1930941106083128 1.1866235574536739 1.1795250640848418 1.1720507643843388 1.1643684197826412 1.1566156770856266 1.1489267006416364 1.1414463283856238 1.1343344894604293 1.1277591960161244 1.121873928271745 1.1170730953093146 1.114206573672733 1.1126953691227035 1.112165843597138 1.114203573538635 1.1203912641629499 1.130445840063527 1.1439994255161716 1.1609210593905728 1.1829058978187998 1.209664923908638 1.2403806423559054 1.2742000252002228 1.3102287088880367 1.3475251831999333 1.3850953304677487 1.421886290925153 1.4570186805307799 1.491051402044266 1.5229088154773796 1.5479721908139905 1.5467809791855087 1.5298250668886653 1.5084744457207606 1.4841160832942615 1.4573522261526128
1.1982012254381735 1.1985607769673388 1.1990075838988425 1.1993509149446742 1.1983907536076845 1.1947325575770318 1.188980096894977 1.181802685162156 1.1736660145193725 1.1648682375484942 1.1556188539595504 1.1460928183294132 1.1364640028783124 1.126925628516912 1.117699554343945 1.1090360516105864 1.1016411615322808 1.095592105723749 1.0907560029970393 1.0877680560274696 1.0868254304519367 1.0889606870213286 1.0955199484706692 1.1061950804827527 1.1205909455443526 1.139736322032232 1.164656216034952 1.194547434769029 1.2285752477263876 1.2658644603645721 1.3054863509988213 1.3464435732078326 1.3876495738382333 1.4278927786553666 1.4657581285690942 1.5005185283738787 1.5308138170399606 1.5513084085377762 1.5555240968973205 1.5456806164087447 1.527810795981973 1.5047916918555941 1.4780717982154572
