_RESULTS/CROSS_VALIDATION_POSTPROCESSED/MHZ/IZ/9comp/4/MHZ_IZ_z_710_kriged_reverse_9comp_spherical_4.asc
ncols 100
nrows 81
xllcorner 5.5967107548124995
yllcorner 50.982328804812504
cellsize 0.00017565037499993607
nodata_value 1.7014100000000001E+038
[rows 54 to 71 of 81, columns 40 to 79 of 100]
2.1988824811532246e-05 1.062904139904863e-05 5.254363814209301e-06 2.7393630362482058e-06 1.6303311909652283e-06 1.242819471102165e-06 1.3381041408120716e-06 2.052671331914395e-06 4.158421294933863e-06 1.0121591875307483e-05 2.7480500135453303e-05 7.701938406693315e-05 0.00020783765622928318 0.0005242516601208031 0.0011798483688268454 0.0022935984034512585 0.003928000420767198 0.006118590912729444 0.00849457730451401 0.01053064107423142 0.012377667886658988 0.013866903450401017 0.013228594221819759 0.01127340959454146 0.009767998189755543 0.008634916522962253 0.007742871472877755 0.00693976673814079 0.0060717175008675765 0.005072311038321474 0.004046759595129686 0.0031683825372420915 0.0024552831402346767 0.0018816909143516245 0.0014348989795092506 0.0010998762717966807 0.0008496584925018721 0.0006631925519884584 0.0005242354319748624 0.00042021479368061377
2.0828266790473358e-05 9.860765197675231e-06 4.8636317852306715e-06 2.6133517465313644e-06 1.6327798199580144e-06 1.2740927992394774e-06 1.3093682441901427e-06 1.7858639844786637e-06 3.112557551176023e-06 6.530652774793947e-06 1.5536285379254663e-05 3.966543238702751e-05 0.00010029642247407416 0.00024436322566670114 0.0005549516194213112 0.0011447647654745548 0.0021405129617983356 0.0036529852872952766 0.005687631363002249 0.0081161006044612 0.010750769311988451 0.012625243291200251 0.012438997521705086 0.01145531429744214 0.010784825240872464 0.01040592986577919 0.010246362983813234 0.010119909956834459 0.00963241937836408 0.008365363727203659 0.006568820676110445 0.004927085737061251 0.0036199283709057568 0.0026248985018373977 0.0019072379201364753 0.0014002437261309486 0.001039939591352041 0.0007826252584684233 0.0005976242324872717 0.00046349077076553966
2.2175222299330545e-05 1.0346961731236392e-05 5.113092205576886e-06 2.7490463786576565e-06 1.7196886323472844e-06 1.318472362919336e-06 1.2809249640488078e-06 1.5864526632242654e-06 2.4500367953187326e-06 4.530717006886629e-06 9.56990042783004e-06 2.2034978147975993e-05 5.257353409647028e-05 0.0001245873451453097 0.00028416800571746357 0.0006086365140660603 0.001210674240185252 0.0022301133474967746 0.003806047936682698 0.006043985063555933 0.008795435403648721 0.010540451993168796 0.010688422562222789 0.010614393354575587 0.010800935073691306 0.011327519412801267 0.012261526824405502 0.013568477557982059 0.014649591778515724 0.013458189652183882 0.010023784021688653 0.007032011196007113 0.004850037323493847 0.0033493273456777894 0.002332771825736388 0.0016439003996569666 0.0011736917524864526 0.0008513618631266344 0.0006288556317182507 0.00047392340659248256
2.597986037717626e-05 1.1857361096127441e-05 5.790857377296995e-06 3.0735344698885853e-06 1.877339698323902e-06 1.3834677316978566e-06 1.262157135618806e-06 1.4359825226949169e-06 2.0075032518740045e-06 3.345221302007409e-06 6.393777193933161e-06 1.3461967616132324e-05 3.01839909551912e-05 6.990225935302363e-05 0.0001595610554387693 0.00035040861764479183 0.0007294774403283536 0.0014261919588188367 0.002608197662789005 0.004462236275999386 0.006623882910988386 0.008024450381326502 0.008431575416249877 0.008940802233903325 0.009714832352047969 0.0109039899928417 0.012728980300023483 0.015533444627053973 0.01977921458498978 0.02045700353712793 0.013185905374248071 0.008627439649689818 0.005662040139278612 0.0037404911077352143 0.0025015843821324683 0.0016998775894940831 0.001174163233709686 0.0008266964504923529 0.0005971742817109885 0.000446000483999519
3.296531551566452e-05 1.4548456186276232e-05 6.886422640184519e-06 3.552190141408507e-06 2.081045307434658e-06 1.4561502655033625e-06 1.2499076612990404e-06 1.3233252535572324e-06 1.7082437435565716e-06 2.6218680067843233e-06 4.628866575841641e-06 9.070981395856457e-06 1.9153839860223466e-05 4.332875219276933e-05 9.857407782965954e-05 0.00021932547852818857 0.0004692141738008989 0.0009547595849020642 0.0018367515933220254 0.0032187596450928267 0.004694650643636205 0.005625844614765318 0.006176294351064158 0.0068665471270064875 0.007830451865957386 0.009184974991310288 0.01112475554287837 0.013895668957179067 0.01738220005417203 0.017672628163708046 0.012768688451791578 0.008423459130188863 0.005456661196923538 0.003536992476204207 0.002315286847658156 0.0015378824829044104 0.0010425614514165337 0.0007262285808494055 0.0005225135228676625 0.00039000905963557374
4.4808516768086685e-05 1.8870204960900137e-05 8.491993229656367e-06 4.167602289223047e-06 2.3247533857978893e-06 1.530034960746683e-06 1.2321914113983362e-06 1.2255794782836729e-06 1.487777794135987e-06 2.1496789015650798e-06 3.5802686499967057e-06 6.646513142946758e-06 1.336990791306613e-05 2.9324717173254667e-05 6.626360432456675e-05 0.00014821889894572134 0.00032258206105212746 0.000674902448533612 0.001326456702770037 0.002235820715021791 0.0031435759627057532 0.0037843255205421327 0.0043455133438735525 0.004962170399718077 0.005784036685923061 0.00689007149402736 0.008353570166159197 0.010136174974931574 0.011725420524610331 0.011611724644834983 0.009344552904115731 0.006574698905010227 0.004375564091896349 0.0028616892702412185 0.0018761519478641489 0.001245320532614846 0.0008436606661995931 0.0005878399687183562 0.00042391903682448035 0.0003180097346525639
6.475303133471077e-05 2.5666333151082897e-05 1.0781489973308153e-05 4.937716281427316e-06 2.5791104899818194e-06 1.5998795432192332e-06 1.213416385474967e-06 1.1449899997891834e-06 1.3302043896320271e-06 1.8465578684653763e-06 2.958060295175184e-06 5.28839491316865e-06 1.0258516929130037e-05 2.1757159419304196e-05 4.8745245720701804e-05 0.00010902231808955102 0.00023932806927327057 0.0005047561603758537 0.0009405560984678894 0.001495611664470171 0.0020084298704071708 0.002501962759339918 0.002984948065097178 0.0034696504120455105 0.004086290862017564 0.004871482188712266 0.005829688903874064 0.006868078512219637 0.0075291220278064525 0.007283630299321552 0.006059421733552196 0.004480812207734925 0.003095890258398822 0.002073810417727454 0.0013792168530782731 0.0009231582739532396 0.0006293637715352958 0.0004412883980124073 0.00032069111983225215 0.00024300463995020072
9.88357062363736e-05 3.639036387437853e-05 1.4054480761692322e-05 5.905433669260503e-06 2.8379723011576968e-06 1.6398953582152574e-06 1.186257539584587e-06 1.086322117740001e-06 1.2346819455584453e-06 1.6833322284111325e-06 2.64233986599044e-06 4.6150393433464695e-06 8.72914369138787e-06 1.7938782728485153e-05 3.961250595668209e-05 8.808562647665797e-05 0.00019156625598312587 0.0003772806723639933 0.0006509337510590895 0.0009631520009735953 0.0012907527773378673 0.001656719354960754 0.0020324373388649146 0.0023969764864757346 0.002835713114853324 0.0033732559233389673 0.003996121965455435 0.004525540547943227 0.004741130022904974 0.004472384002283366 0.003743945256262205 0.0028430122471033957 0.0020213116306640718 0.0013861627602272776 0.0009372160469992572 0.0006350075548360124 0.00043741926891108517 0.0003098827976743135 0.00022785518995228579 0.00017512981321134226
0.00015776206926765442 5.347906830602235e-05 1.8850206465788924e-05 7.182617580664362e-06 3.116943796576848e-06 1.646637681623574e-06 1.135266823054584e-06 1.0410562541949137e-06 1.2080982597207527e-06 1.662980731183765e-06 2.598609696702022e-06 4.479971592694403e-06 8.326907476469005e-06 1.6622674597390116e-05 3.593687031007587e-05 7.743022763448476e-05 0.00015444838759017684 0.0002774847918981225 0.0004385142824779138 0.0006247911259840259 0.0008545684808353774 0.0011195831806476775 0.0014002574254624017 0.0016711945300433816 0.001982273919115763 0.002344784067393178 0.00269853274590095 0.002931230645200663 0.002960882436953642 0.0027125862287052083 0.0022579800928954545 0.0017331404982223876 0.00125388104764295 0.0008749400335789594 0.0005998943765629174 0.00041144575315183693 0.00028669878080737877 0.00020560057124249754 0.000153344518634028 0.00011991886599358096
0.0002558976620440684 8.102698541744036e-05 2.6247236687726674e-05 9.0833714500953e-06 3.5013773534583354e-06 1.6322789814013332e-06 1.0652253352949645e-06 1.0232280781987415e-06 1.2640708515233653e-06 1.8092562737487065e-06 2.8670307769193637e-06 4.917778971176833e-06 9.001585506103481e-06 1.7444803546807328e-05 3.5169040982253285e-05 6.837575288702716e-05 0.00012305620532679465 0.00019997483673231476 0.00029780545004490764 0.0004282080940264968 0.0005925892198647878 0.0007861331292548838 0.0009943979388460577 0.0011915361665436924 0.0014013668391823476 0.0016290379664960124 0.0018092976183021335 0.0018983810358330984 0.0018402716198550688 0.0016397956104864232 0.001348806486531384 0.0010359084722736391 0.0007553679425190474 0.0005319425037028385 0.0003681729837112721 0.0002549420358747344 0.0001794772425125254 0.0001302742095939051 9.864998292229085e-05 7.865146976877994e-05
0.00040694113495209395 0.00012430620392329104 3.856040593954443e-05 1.2463118385114575e-05 4.320708745753081e-06 1.68069208184267e-06 9.946455216579583e-07 1.1161513901934795e-06 1.504128203003237e-06 2.226024111335653e-06 3.5549398532481693e-06 6.049035994327455e-06 1.0636715496307038e-05 1.8935122616091553e-05 3.420369943910155e-05 5.962602221262543e-05 9.618742128998077e-05 0.0001466615830464503 0.00021773267811361576 0.0003129544613091736 0.00043309041285034106 0.0005737705848690818 0.0007232586999978406 0.0008622638100079106 0.0010051267677761316 0.001137398480297772 0.0012240194541562283 0.0012304777221622482 0.0011490753752883712 0.0009969370439454684 0.0008074129490308851 0.0006163650818033816 0.00044919353913729077 0.0003169291617026781 0.00022020639027783354 0.00015328875419393816 0.0001086891837346524 7.9701399297977e-05 6.124474804542005e-05 4.983004897690143e-05
0.0006038756104277765 0.0001894280897031503 5.98766500023554e-05 1.946002072597902e-05 6.648957218669132e-06 2.48327683404686e-06 1.4069709226779847e-06 1.638767335679813e-06 2.1905657771679227e-06 3.1456071301510525e-06 4.767319977201344e-06 7.511422704113054e-06 1.2116542947027163e-05 1.9696544599625795e-05 3.1895554528563807e-05 4.989205529028818e-05 7.644328105426227e-05 0.00011498373121579497 0.00016872109712508633 0.0002400511041220548 0.00032919175841071503 0.00043249042185581547 0.0005409267562868113 0.0006402403725350517 0.0007358236561951163 0.0008082011027505359 0.0008339423600904497 0.0008054827688557922 0.0007274255621140032 0.0006151721365341907 0.0004895930913101882 0.0003696821545593296 0.00026741395971724516 0.00018790553294366894 0.00013031294779853903 9.071225284004006e-05 6.448505197093971e-05 4.7602992682602835e-05 3.70456162323278e-05 3.0758770870323994e-05
0.0007263969925867781 0.00025455746760582167 8.880996108878414e-05 3.179035593988621e-05 1.2150012227225768e-05 5.386052909673827e-06 3.3196581377942618e-06 3.0437830894431523e-06 3.5006217372207956e-06 4.505084242389706e-06 6.196198559131473e-06 8.88525778941353e-06 1.3040051048496905e-05 1.9289522206320877e-05 2.9114858126583768e-05 4.385981105353632e-05 6.55422397189978e-05 9.64577433516296e-05 0.00013885614008910628 0.00019426221783785285 0.00026245807472316524 0.00034028411368004145 0.0004206792024835831 0.0004932887625653389 0.0005513387698940967 0.0005812235455869706 0.0005766284511410063 0.0005376154647564862 0.0004711070238935814 0.00038889255328846854 0.00030380093312023376 0.000225920673967802 0.00016154131064909316 0.00011249059429044704 7.743642449656997e-05 5.358829007731726e-05 3.796821195634933e-05 2.8067810533279438e-05 2.2041389740226147e-05 1.865720227830591e-05
0.0006932156010856167 0.0002805973290005466 0.00011203354763585241 4.582120972289235e-05 2.018614820295504e-05 1.0283377837560392e-05 6.5668650905982e-06 5.3893147127999585e-06 5.398368017155001e-06 6.1482352326842855e-06 7.581108965573917e-06 9.886487532808024e-06 1.356789324707379e-05 1.9460442250833584e-05 2.8891125470760943e-05 4.2177980505357265e-05 6.096663104565286e-05 8.713600632534844e-05 0.00012224168446421923 0.0001671670959073817 0.0002213611596559208 0.0002819978760907878 0.000342092472607942 0.000390166427392719 0.00041950198611703066 0.0004261347802233867 0.00040841810255401326 0.0003691490715996935 0.0003149250725111995 0.00025413117305549094 0.00019459335493758747 0.00014232968271211415 0.00010035220067425914 6.899885637364091e-05 4.691775285279227e-05 3.2081758199691155e-05 2.2493946749568434e-05 1.6530513973830177e-05 1.302369598784217e-05 1.121404245376607e-05
0.0006067993130921915 0.0002731218067639518 0.00012210584273847754 5.6331096069524094e-05 2.798091542199296e-05 1.5706544481592525e-05 1.0397457066141858e-05 8.232580216376867e-06 7.637475255192781e-06 8.022249287598211e-06 9.27211789647988e-06 1.1563564459874659e-05 1.534270852047734e-05 2.1465541510974955e-05 3.114771634704769e-05 4.438458863158436e-05 6.175210503191535e-05 8.516693555755187e-05 0.0001157627882752613 0.0001538250801719225 0.00019776553083048715 0.00024379414765831616 0.00028562065901608725 0.00031445806334816877 0.00032669627842250924 0.00032126765019937977 0.00029883658671783764 0.0002629657021167156 0.00021899577542926698 0.00017290690663241488 0.0001299549286963842 9.353329785334122e-05 6.498442921539928e-05 4.403149213199207e-05 2.9470470458577932e-05 1.979923057335703e-05 1.3626302583187176e-05 9.855714271958943e-06 7.719184755558856e-06 6.73381533282047e-06
0.0005279133506030556 0.0002638288844950913 0.00013087384109685215 6.682664382866207e-05 3.64428363990095e-05 2.19950757160621e-05 1.5104873808380731e-05 1.193425445132986e-05 1.0768316660873539e-05 1.0895262540891784e-05 1.211953279465831e-05 1.4590169518334783e-05 1.8786615602183144e-05 2.5656421494540963e-05 3.6179740576928965e-05 5.015304167006717e-05 6.779187018790351e-05 8.946908515008499e-05 0.00011644089244937798 0.00014820270762595702 0.00018282712281724066 0.00021668690350826533 0.0002446002670841069 0.0002602450778916671 0.0002624199658690835 0.00025097892736742114 0.00022754844860028983 0.00019550699745857943 0.0001593656696191263 0.00012353206778813002 9.13931004812691e-05 6.486983752094805e-05 4.4475962445890464e-05 2.9711403432170006e-05 1.9552553525860518e-05 1.2857985177515473e-05 8.616870975556843e-06 6.054091907544693e-06 4.643009490597469e-06 4.0718008511518505e-06
0.0004614039309064319 0.00025396908960384647 0.00013878053187771998 7.772442615227683e-05 4.600709904789458e-05 2.9586883478993787e-05 2.110188150309022e-05 1.685814361889764e-05 1.5066572774825471e-05 1.492650354913276e-05 1.619229976877791e-05 1.9007187992308792e-05 2.3906569484212013e-05 3.197087910410564e-05 4.3560778505869616e-05 5.8487321073566034e-05 7.681932101029949e-05 9.807275595568633e-05 0.00012168559354769253 0.00014786757511870528 0.00017455132402039125 0.00019842211008271082 0.0002153691259531339 0.00022266199609855406 0.00021880383302022203 0.00020422893346036777 0.000181044982528518 0.00015250611873935703 0.00012223267804227495 9.342463306450862e-05 6.831901692265017e-05 4.801246799788563e-05 3.261005096695418e-05 2.1556092162740837e-05 1.398849129467115e-05 9.011733204131106e-06 5.855674600775736e-06 3.9395809606834e-06 2.88352023526137e-06 2.4985053314401453e-06
0.00040683166975807725 0.0002441476237947401 0.00014554541906344127 8.853504733375839e-05 5.636966461147391e-05 3.840657277718553e-05 2.84719104802904e-05 2.3181423550887722e-05 2.0768193061665225e-05 2.039360562442974e-05 2.1793469744219945e-05 2.5142006139072816e-05 3.1077976683487254e-05 4.0645650351163014e-05 5.342189599398279e-05 6.936953806637171e-05 8.834033544625562e-05 0.00010960938015360792 0.00013172542472435415 0.0001528123443991155 0.00017220222879350648 0.00018730445707043714 0.00019581892370552556 0.00019761953652228402 0.00018988934064118897 0.0001736930774675231 0.00015127829040030932 0.00012555153851090495 9.943655485260959e-05 7.531914715828339e-05 5.472858985965967e-05 3.8296359760493674e-05 2.592933449227055e-05 1.708215989418805e-05 1.1021278267438167e-05 7.017501113040343e-06 4.452638763441637e-06 2.858579820896937e-06 1.926548751055468e-06 1.567309576926368e-06
