_RESULTS/CROSS_VALIDATION_POSTPROCESSED/MHZ/IZ/9comp/4/MHZ_IZ_z_180_kriged_reverse_9comp_spherical_4.asc
ncols 100
nrows 81
xllcorner 5.5967107548124995
yllcorner 50.982328804812504
cellsize 0.00017565037499993607
nodata_value 1.7014100000000001E+038
[rows 19 to 37 of 81, columns 0 to 43 of 100]
45.1319712463347 44.68071004715764 44.31055902053217 44.04413832751134 43.872121435274494 43.810143735928186 43.834526387591296 43.90335928361712 43.978759958460074 44.03347861886158 44.0491457897028 44.01333335844508 43.917638461300804 43.75699972655665 43.537786774062134 43.28472755053677 43.02104635579489 42.78582040130797 42.63882306725941 42.64764729651399 42.842737403172855 43.19587058373873 43.68874714557193 44.26179547108028 44.86508345491483 45.441992146067534 45.970755903426316 46.44249394249145 46.84984096884372 47.16666058775193 47.390100671276016 47.52549219351853 47.57837180547039 47.554596921139115 47.460517892528046 47.30311481997765 47.09073608594371 46.88671256378459 46.737438831432435 46.65456612402679 46.644898384497175 46.70797076733587 46.84583597712042 47.04501452051637
45.63383897328146 45.283562150646524 45.00614769728306 44.820684555039776 44.69179885540468 44.62492153802996 44.61091790566805 44.62742947396141 44.64954840012278 44.65591903730098 44.63027092721428 44.561041100186365 44.448245888716315 44.29715316350059 44.11454857129699 43.91409164853651 43.717567073031894 43.556341033236095 43.469086846703306 43.49056767194949 43.63258152255697 43.896681577400734 44.28977340949633 44.76740989229995 45.278325263594866 45.76932771656488 46.223099301381396 46.62853410132291 46.97824788059123 47.26615494009938 47.47074311240612 47.58837388410049 47.62350667499117 47.581066420394855 47.46667806466182 47.286969719757195 47.0551288236278 46.844786645709384 46.69003493566336 46.60525849790883 46.59911689547479 46.67742038943229 46.837242704824206 47.0599635425585
46.10360658137336 45.82048147569858 45.6061458081093 45.47701300733015 45.389381244909394 45.33236368968724 45.30274828879839 45.289040345221245 45.27681690377819 45.252896275479365 45.20743095656746 45.133892859597545 45.030061357522 44.89891811167836 44.74790391969003 44.589468632729314 44.44149553563876 44.326642835816784 44.26899853176343 44.28696226480772 44.38493530865285 44.59109221549034 44.90847215028596 45.305643759896384 45.728893541359525 46.138840106484146 46.51858437036851 46.855669019600604 47.14246989897942 47.373049602738675 47.54244548631751 47.63652963675098 47.64733025761333 47.57890713949021 47.43605648086814 47.224837143666235 46.970100170820395 46.74660574376548 46.57989065786167 46.48913933602194 46.48724491644132 46.58593236860106 46.77398317686218 47.026478709411556
46.57172534126711 46.337958301618464 46.16389071464909 46.063781527350876 46.01065532587788 45.969451809348946 45.940495619562434 45.91843979767706 45.89509917133719 45.8617542916482 45.81015131324641 45.73674532187326 45.641371420010515 45.52721261736591 45.40098241993611 45.272992660938215 45.156815920102694 45.068002664314974 45.02127956400026 45.02628173324592 45.09113887905873 45.256855527628296 45.51614362263905 45.84493049530577 46.19101351965804 46.52696785703455 46.837628539962736 47.11043496576019 47.33406436522813 47.50210353317334 47.6113669108661 47.6580639804454 47.63765226751628 47.53828319133677 47.36083975253913 47.1101063997234 46.83286623282695 46.587310602237366 46.399009773060094 46.29701277240507 46.30565238875906 46.43486569958403 46.66025731400873 46.949709437649474
47.0253320638323 46.832214009884034 46.689978705006716 46.608843901024606 46.584331577015895 46.56573767128076 46.54774370230939 46.52873587459419 46.50347522413896 46.4655673837938 46.41183999287058 46.3408240818654 46.25324603461428 46.152299784354064 46.043715310357264 45.93557489711329 45.83770842389352 45.76043228144614 45.71250192838715 45.69853600290965 45.744778077732526 45.880288888555796 46.094265487476505 46.36557552339104 46.64634100365634 46.91707191322012 47.16255923762887 47.37108684845128 47.533788137795085 47.643073800159925 47.693002654643266 47.681312307566074 47.60435343793804 47.45874050697802 47.24140391898902 46.952470903607235 46.65358869599305 46.37609971150988 46.150315150180035 46.02270802963404 46.04473442299614 46.221575864228484 46.50252051760173 46.83887793508866
47.454690383196166 47.29556123041101 47.17918897619182 47.113153078975536 47.101950384468985 47.110702297288185 47.1107589539136 47.10102757255675 47.07827333145534 47.04131092644357 46.989181357063565 46.92188726160154 46.84087017521016 46.74923972450868 46.651766845472046 46.554606991525205 46.46467632323237 46.38860812301054 46.33131596148455 46.30104521526345 46.339752505801926 46.45209265198541 46.63020266184379 46.85415009887296 47.080124391723075 47.29084831625342 47.475793958033215 47.625548685702206 47.731534558056374 47.78604799986535 47.782197100146526 47.714304011820325 47.58062846907642 47.377380218788545 47.10048688998164 46.77682112730229 46.451197480596676 46.134618098228245 45.851090416050546 45.665991707700684 45.70543825077252 45.96291712938976 46.31782567982959 46.705305437048125
47.852367455030134 47.72211625006642 47.627265644659204 47.57361164939015 47.56457015540783 47.59446014920709 47.61566074487884 47.617905864400164 47.60266322142082 47.57067747186222 47.5226012122603 47.45956411705823 47.38354882775903 47.29755923336894 47.20557130176239 47.112245987621385 47.02237904817758 46.940087088995824 46.86812202497252 46.83805981409045 46.87123488172759 46.96552750470984 47.11496790920789 47.29954981824185 47.476685250566476 47.63583459033228 47.76839374609263 47.86586314288822 47.920173537547086 47.923837122092735 47.86997625283636 47.752270909649845 47.565672638989085 47.30888824557258 46.98587695289183 46.64415727601833 46.29463484715192 45.9408591256481 45.589126000937135 45.273434857721455 45.34098825575869 45.740017260562865 46.17222553716772 46.606794138331175
48.21237591679588 48.10704457194578 48.0304800542777 47.98723474794787 47.97995237503841 48.00792917836772 48.04920182316547 48.06704568271302 48.06276198322016 48.03843391381861 47.99584839355866 47.93700275498761 47.86428560382195 47.780612426961824 47.68937771091311 47.5941824236645 47.49837304030947 47.40440810563879 47.32991288901082 47.30622364026368 47.33534762469663 47.41553151987897 47.540845370211024 47.69067297103799 47.82834215980457 47.9449096999588 48.032853835636914 48.08451575183253 48.092456673161145 48.049667926665535 47.94965920788157 47.78644974351232 47.55448577616292 47.251367844646694 46.91700146956902 46.57342317272585 46.224066259692144 45.87276982838639 45.52672967539339 45.225380018930814 45.30133029847237 45.70464729401623 46.14643471828887 46.59405165135935
48.529636029957416 48.446127803866695 48.38538808252933 48.35107928261849 48.345442816125235 48.364112018420194 48.40408373571907 48.440981713770896 48.450604893135846 48.43583609981606 48.3992835399299 48.34355406810461 48.27146032838539 48.18609731402841 48.090768201309444 47.98874712444831 47.88230899640579 47.78256169205261 47.720887052411435 47.7026564558049 47.72897246698091 47.7976539811442 47.900460170887335 48.02313568484687 48.129951596762375 48.21193888025695 48.26235520458537 48.27427477355995 48.24095193638653 48.15606296181763 48.01383670637312 47.80908879358736 47.537182435177094 47.22121347475341 46.89459980172161 46.5654042416811 46.24059082259876 45.931441624302494 45.66294036252698 45.50164402065243 45.57019477357392 45.85709662717578 46.24828994697589 46.678141848410036
48.799626376518425 48.73554375963333 48.689781600224144 48.66536379671515 48.66075520269384 48.67135600257399 48.69621100510239 48.73314226098932 48.75831524280825 48.75421715373759 48.72403587862039 48.67081250852108 48.5976019571416 48.50753352742201 48.403749566019584 48.28920578818118 48.1749051316769 48.089151097137524 48.038416954075466 48.024975030121055 48.04955160717686 48.10699116473556 48.191767100719716 48.29360957590987 48.377023120325106 48.43139763597773 48.45051004281748 48.428054225278686 48.358001456618084 48.23486152712751 48.05384786720557 47.810951977 47.52358896082834 47.22141233206286 46.91236172613108 46.60930553925233 46.32349911415687 46.07103150281725 45.879302934551866 45.792273551215686 45.866078894343445 46.09973444815893 46.44060859496395 46.83883045253183
49.018946192756026 48.97485859243724 48.94437261811832 48.92899273662082 48.92368911543185 48.926978364785676 48.93811570175035 48.955297185147515 48.9758570047925 48.983126899848 48.95947730701132 48.90813369737342 48.8323390355851 48.735299033757705 48.62015231762044 48.50124330270689 48.400534054696585 48.325249705558946 48.280983974393656 48.27120285720562 48.29376228936406 48.34251347440265 48.41345677419083 48.49902855587872 48.5654334157934 48.59812373840563 48.59118626746907 48.53882982521329 48.435735493065266 48.27733300686334 48.06003160674365 47.80266112770522 47.527916491438326 47.24390102745043 46.95957199801901 46.68849833343377 46.44585347119386 46.247561600227776 46.114868920135834 46.075163203271394 46.16201828124273 46.3733874157229 46.680350643643095 47.0489409366911
49.18698876774539 49.16187420070064 49.1455264975488 49.13700665321095 49.131119218292305 49.127876215430376 49.12659478009264 49.12571517226157 49.12296244029724 49.11554125532544 49.09624638735267 49.046318939540505 48.96673086990307 48.86217195816379 48.75196792909923 48.647978179253556 48.558329578817336 48.49040944271664 48.4501469029408 48.44103726960441 48.46042862357058 48.503722376867984 48.56455703305228 48.63646321315535 48.69126854990098 48.70716347283208 48.67839735897827 48.5996066781564 48.46614498449577 48.276467673576434 48.05204423875758 47.805192406833484 47.54472856760219 47.28065574636936 47.023724405226844 46.786452146916936 46.58564275652472 46.43485685541721 46.350255827424036 46.34989263796086 46.450823439577846 46.654017966456315 46.94039064725422 47.28583750881519
49.299532176944396 49.29218810531658 49.28906220060424 49.285964948033374 49.27986556115492 49.2709382672823 49.258517207643976 49.24119572594922 49.21696341488092 49.18336966539918 49.137702281718546 49.07765997200968 49.00410607032749 48.915984027654005 48.821318150530864 48.728488531288825 48.646031182930564 48.5822131948069 48.544042477852116 48.53470701577551 48.55134949947965 48.59034424029443 48.64445889357452 48.70405207139899 48.750741779943745 48.75366773217377 48.70622603404306 48.60345777446331 48.45314999639662 48.26692330424369 48.051281182081354 47.814861455739035 47.56827254051291 47.32355786478538 47.09324365902043 46.88950018813095 46.727709288039485 46.61979277947274 46.57952425945635 46.61334366089108 46.72894710719463 46.931032597883714 47.20533481381792 47.53358805485225
49.35182750524432 49.361319591264355 49.370186793259194 49.37236096366628 49.36659354746341 49.352930462280625 49.33068684923498 49.298537119202216 49.254715305627464 49.200473432557885 49.13756579918193 49.06704081979832 48.99040796646605 48.90977697167009 48.826886225550616 48.74166324138495 48.662353017345986 48.59881491504546 48.56038553211277 48.55069690829 48.56748878159488 48.60451760449557 48.65308217507401 48.70271200506295 48.74012518723577 48.73355669091593 48.67986792389969 48.58140821888568 48.440949372517174 48.263356562036364 48.05587581691431 47.82837915940984 47.59335986495462 47.36529413049492 47.15899304017023 46.98718863259538 46.8622707098814 46.79720234246423 46.797367501328786 46.86115380356164 46.980335001313215 47.16643866090172 47.41512662425792 47.716287681971515
49.370630461767185 49.38605311160927 49.39980993464545 49.40399384342085 49.39775824781641 49.381347976787936 49.35493527610772 49.31780718032217 49.269885691132004 49.2114053642283 49.142884980089995 49.065197053990175 48.97965149688267 48.88812667693097 48.79331401361504 48.69919113903185 48.611863589059666 48.54061407330734 48.49720189464241 48.487785174845214 48.50904365274013 48.549391458875746 48.59704842241526 48.64372891937296 48.68123678908992 48.68999264767629 48.65083237433087 48.56476264516326 48.434665194089774 48.265549825780944 48.06500666683344 47.84376959092699 47.61618639424855 47.39990292305497 47.21349282040996 47.07164599565618 46.98483375200833 46.953864435478316 46.9606227713121 47.00968326105345 47.10573373698533 47.26224635158871 47.48112636250913 47.75535377837201
49.40606414364115 49.42501543142962 49.44015922157679 49.44387157405233 49.435806046260886 49.41617490858482 49.38533207472054 49.34379672931185 49.29228656325493 49.230559999382976 49.15746892464606 49.07368569921692 48.98029002097984 48.8788187638303 48.77143458758886 48.66137071556694 48.554100235852744 48.46023744068662 48.399392075771466 48.39028056793006 48.4255386505444 48.48032993072109 48.53772781859538 48.58923919160069 48.629935396965735 48.65069237123247 48.626820799250915 48.55394769341777 48.434854803778535 48.27429098159281 48.079549654578784 47.86139979390165 47.63545804007403 47.42336342603304 47.250702487653065 47.13359767896546 47.05125901699504 47.00470626494648 46.99466875158162 47.023955986582926 47.096688939847255 47.221692355369846 47.41197217203929 47.666220484660336
49.457590076315014 49.479986705669056 49.496698169579275 49.50045265636175 49.4911137522744 49.46888313803817 49.43409037906992 49.38721447512064 49.32892732467337 49.26015006018694 49.1820932078153 49.09378042797707 48.994358625135405 48.88508706526089 48.76755661838053 48.643823071687585 48.51700782549524 48.39402475087658 48.29978830890427 48.29760697273933 48.361012498936965 48.43353459986518 48.49960358169278 48.55407322096158 48.5944285325607 48.61684840026775 48.60803196926244 48.54929856299354 48.44240007870423 48.29141964512593 48.10259435798358 47.88535659775123 47.65459965139372 47.4352119289364 47.250545220112954 47.10269338558341 47.00320141772759 46.94241078952188 46.91335692451932 46.92402432579979 46.99550145085304 47.12619815163009 47.32160666313906 47.57636369613121
49.52288847562475 49.54858141983276 49.56716318754908 49.57146759904913 49.56144078800198 49.53730483564044 49.499380802351695 49.448105483784076 49.38409500023436 49.30824529055911 49.22182355357863 49.12648908318176 49.023108567279955 48.909296560315305 48.786128739259304 48.655148542022886 48.51792895143123 48.37604797166011 48.23032282851819 48.25116099073617 48.34180361502784 48.42189995115693 48.48931583664077 48.54215274496122 48.57891220011174 48.598065605692945 48.59395695972585 48.55064260579927 48.45801175470975 48.319297975590985 48.139233990396775 47.92463701635907 47.68615254836501 47.42122774651252 47.14751945918286 46.96643574068343 46.8647644071655 46.79773833106599 46.78564805937763 46.828353367728425 46.924146417762245 47.071058672480234 47.26946146881437 47.52280423980245
49.59953502973911 49.62829966371151 49.64905210042747 49.65438095412957 49.644248148493496 49.61894228059442 49.57879973200346 49.52420447306353 49.45567994406082 49.37407570505359 49.28076568344218 49.17772058573963 49.06739370103752 48.951810678696 48.82849520499701 48.6989136159139 48.56658795709389 48.43906067519176 48.34146041205001 48.33238733539113 48.387179832244534 48.45165089421333 48.509401746957906 48.55479373220694 48.584989549675015 48.59838665208676 48.59063184605363 48.556751092943244 48.481372909841056 48.359424875363224 48.19453123433577 47.99134316748026 47.73264967884668 47.37694930180815 46.95578221964235 46.77666980173368 46.71502988598255 46.69427809617718 46.71557398360187 46.78136969613965 46.89326090726015 47.05131188282486 47.25361905219076 47.50659074301421
