_RESULTS/CROSS_VALIDATION_POSTPROCESSED/MHZ/IZ/9comp/4/MHZ_IZ_z_355_kriged_reverse_9comp_spherical_4.asc
ncols 100
nrows 81
xllcorner 5.5967107548124995
yllcorner 50.982328804812504
cellsize 0.00017565037499993607
nodata_value 1.7014100000000001E+038
[rows 20 to 39 of 81, columns 44 to 87 of 100]
6.370876494524697 6.1511745983193356 5.916610714592209 5.678110073794006 5.4456211333692925 5.228155198487257 5.033926949883411 4.870557905134698 4.740079573757192 4.635904760572519 4.561937245264354 4.5201227592434625 4.511104567871674 4.527985352743109 4.56716731410942 4.626194992903569 4.701665474729879 4.789761872189709 4.886621722946735 4.9885189264654475 5.091907352945569 5.193387398853912 5.289643019724422 5.377378371772423 5.453102140331458 5.512892212283658 5.555673755346058 5.578438860566856 5.56564760938514 5.526683656251075 5.465267915513517 5.385121910373895 5.293233376470994 5.191906088337495 5.083336424758544 4.969108275646453 4.851124595462027 4.731651739439649 4.613438887163257 4.499992820297689 4.396069137250347 4.308297464978506 4.245454695741425 4.217303356569808
6.28522014697955 6.064239587243329 5.831767465908331 5.597906939593736 5.371716753381352 5.1613995071580065 4.974528167508276 4.8105250926812015 4.668013151024602 4.55198473400094 4.46458435094869 4.409679338229736 4.391087747373534 4.404544419923639 4.443237514377108 4.504021230586417 4.5827734752371025 4.675156642716536 4.777035173848073 4.884599519114949 4.994324513754691 5.102864285206962 5.206941536074027 5.303250149344137 5.387192207261356 5.454715739929825 5.5057280641313024 5.535223608676986 5.52458299150383 5.485894036368015 5.431707844814 5.361338357009861 5.274237584851347 5.173770080275564 5.061643730537177 4.941415883310815 4.815123804497339 4.6848752811706715 4.553137252346113 4.423005772556674 4.298918595376765 4.187997655831875 4.101705288819033 4.055568989200791
6.232052504113921 6.008091830883911 5.776290744760453 5.5457067627347065 5.324366502007058 5.117643450412638 4.923448987951538 4.745754009021574 4.589426245109961 4.456554976890678 4.3526305025806264 4.284249609112502 4.2563764700626665 4.2675353356168255 4.308032861554414 4.372974444999057 4.456961073891489 4.554907217024698 4.662412816310859 4.775700663285315 4.891406174555881 5.006167332788718 5.111748202680014 5.204538983598592 5.284351214601202 5.35196506291546 5.405786489559246 5.439117539171218 5.439921570343255 5.414320082841793 5.375002110810464 5.320846484403293 5.250007558350538 5.161727987901221 5.059713108669425 4.943716512428713 4.813061495062347 4.672817207367132 4.528176251541446 4.381450984169868 4.235828114981795 4.097324430464037 3.9790270160248706 3.9064273838487575
6.2108195996292315 5.983486514369858 5.75217295895236 5.522981515281354 5.296952826009907 5.078195199206571 4.870962684544892 4.679559934470888 4.505238358632667 4.3528108676598745 4.230545861607012 4.147393745600269 4.110777138620836 4.121243726824203 4.166622692088263 4.23856410093858 4.32968256548279 4.434076040555765 4.547287812141298 4.66582215189916 4.780982863992372 4.885568789752558 4.979478666300605 5.063418970999715 5.138772059325701 5.204685866505136 5.26141200356921 5.30803995262081 5.327107657218065 5.318647247154966 5.296724269818489 5.261562822444622 5.210633667676891 5.141593346293497 5.054117990297272 4.9511298641315085 4.83195057578613 4.6957922516426915 4.542723688277193 4.381590483656716 4.216150904429814 4.048762414521145 3.8881408432460045 3.7690525108316617
6.219854017718962 5.9844683151650235 5.745202541324292 5.505307545724614 5.268707724791014 5.039208356976593 4.820596871094736 4.613879923769186 4.420494450996217 4.247385111068474 4.103931873171933 4.002859595977445 3.95734462221669 3.9704039384267698 4.0252652306166326 4.107509020534869 4.207209488639322 4.3181083440453705 4.435164391974166 4.544895734474824 4.644242776368511 4.7336857160007035 4.814932213598211 4.889937039563968 4.95892321028912 5.023642326344882 5.091469167124424 5.153090014821989 5.190609837015183 5.201958841743429 5.199930577387843 5.186679894869428 5.158941386830988 5.11333501328133 5.047541301253571 4.961273497232865 4.857176118658043 4.734390166706747 4.592347166194174 4.429844499218673 4.251511340862349 4.064185154423221 3.8668809386714376 3.6625457399844166
6.228321435044791 5.978535458836443 5.728339152866681 5.480266510998626 5.2359669625791 4.998835124446739 4.770729357036983 4.549675766290713 4.339651585757 4.146374017804307 3.978789781383713 3.853907873657836 3.798399840592919 3.821646002273231 3.893102191658576 3.9885270047305834 4.096717752200891 4.210185960276434 4.313552935241592 4.405239367956644 4.486602496843535 4.560365990448564 4.628408365991906 4.692605833442111 4.755443929036875 4.825793300002845 4.903194776452754 4.978329905078827 5.033793180319984 5.0664851075268205 5.0867414420849775 5.098400902870802 5.097427269892167 5.079348207345027 5.0405887638159435 4.977730551286742 4.892879179040911 4.787530806416536 4.662102572241671 4.5168165858676845 4.349027516996965 4.161544998935151 3.970913735808409 3.809775752571434
6.217092705952341 5.958296823573674 5.699716006572102 5.445721173541891 5.198653898237997 4.958697889759642 4.723425793703512 4.493303819328945 4.271808845842432 4.062459983674602 3.870264320760423 3.708910150449813 3.6345784505167957 3.6873318843520813 3.784258612879686 3.892571747904156 4.003359012509387 4.100941957787759 4.184057498684582 4.255775140363773 4.321064755361299 4.382084299953097 4.43982400578705 4.496069723141533 4.560443304657859 4.6352865668276415 4.718987895085197 4.804094694336996 4.872925027180403 4.922301627098119 4.962068933377322 4.998345233064307 5.027401501656449 5.041468004007267 5.034695642182735 5.002609982092698 4.942534475246855 4.858661670276215 4.753334171319054 4.631661470061758 4.492649392422318 4.3324330019947395 4.168925325765659 4.0486277319512025
6.183392556395689 5.924087069021886 5.664049362004452 5.408251106109726 5.1606242148839625 4.920645673287406 4.6832103080060135 4.450903725561979 4.226309170495597 4.011714500024745 3.808998943081463 3.6197874825419842 3.5038595243854185 3.6087695181768393 3.7178277350679134 3.8271565050041123 3.9212408359808637 3.996921680970559 4.061839103760514 4.119777698449159 4.172519738281389 4.221562825951681 4.268116117884931 4.319951497534985 4.384556372785877 4.460978090063091 4.548071592405545 4.640970086108818 4.722021555031113 4.787154169752066 4.845500208605503 4.903256282737352 4.956679478816642 5.001112722490903 5.030907545004228 5.03584599802258 5.008922137352798 4.951734318578862 4.86743849494354 4.771480815489375 4.668912523630158 4.544237624215347 4.410126481766131 4.301441136093618
6.131723918586044 5.878615426769227 5.623141327277968 5.371128022872572 5.127060609152436 4.889654047472136 4.655435708832432 4.427241726853272 4.208329199618246 4.0021274188917015 3.813984313898464 3.658655538509877 3.585562330075233 3.624011130566005 3.7066004190976116 3.7898346019398144 3.859103920424152 3.9180247862695707 3.9671844050309226 4.00889455636495 4.046466053818352 4.081597297097566 4.117341038037364 4.165703811506445 4.2277945501478005 4.302838105504094 4.390205856012623 4.487818419383236 4.579494982110736 4.659561711659244 4.73765424781436 4.819043944603736 4.899497088585757 4.973471570401828 5.034637063327294 5.0771375860411725 5.092294463025582 5.071023073948874 5.018313404797063 4.950174108728813 4.8751677919143654 4.778069388517713 4.669946383922928 4.566390138209552
6.067895707488742 5.825261582878502 5.578832139058434 5.335125700335664 5.09868069111916 4.866939413645185 4.6413866113919715 4.423574652281802 4.217625260227257 4.028730764329413 3.8651566647206885 3.7421850949832747 3.6820376648186963 3.68964303687827 3.73473040283271 3.7846969361289826 3.8308474990162202 3.869321660131051 3.89971539380702 3.9234683846115788 3.9435507011935926 3.963279256039766 3.99068107822031 4.033434423773061 4.090478319166298 4.161100795520476 4.245297475982055 4.343314821783513 4.4434071907081 4.537160128597069 4.635686698280609 4.742540359813168 4.852989199976766 4.960486161527645 5.057279295873218 5.13536326546648 5.188624736698565 5.2113347839395745 5.2006413138781875 5.163332372880858 5.10463992877896 5.02625414263065 4.93524480535753 4.840760835952225
5.9970244111569455 5.767116945284351 5.5326343217251095 5.300472073533072 5.07443000486946 4.852332504404426 4.6386032576682 4.4353574940871 4.246308064157843 4.077191446368452 3.9356991215639887 3.8325151204299814 3.778129856281604 3.7703886540745883 3.787599355308509 3.8115240006891966 3.833574063970871 3.8492371080552026 3.857967275206335 3.8617399069160903 3.8637014424858016 3.868484020886489 3.8882224525638205 3.9239435966848832 3.973645950580122 4.036570967762185 4.113597490267507 4.206585925257411 4.311577838474044 4.417406142407213 4.5365011301810085 4.670276031328053 4.813409558092886 4.958136762024529 5.09492671969785 5.213462268278599 5.304393733894292 5.362199751171062 5.390101955607417 5.382572247273456 5.343764748320572 5.280804120330233 5.201550559254032 5.1131997132285445
5.922740497820877 5.706472111763829 5.485521961927909 5.266893087304739 5.053295556558653 4.843764404442186 4.643600297954845 4.45597389414957 4.283520070526928 4.131967044521449 4.007833035752824 3.918021548839051 3.8676082799099136 3.854174128216022 3.85383561682777 3.8573737154627397 3.8585500320639516 3.8532708366527473 3.840474945614968 3.8226975943409056 3.8056095454121754 3.7984898098484647 3.8112233801894524 3.839521561632824 3.8796880748374396 3.9310582618474115 3.995954952124924 4.078489063358725 4.181675350913588 4.297679808787331 4.436967564576377 4.598829658945232 4.777090218794966 4.962464410808644 5.143265092510997 5.3062068314839115 5.43798995081141 5.5286630105929175 5.58101310441458 5.60134647908425 5.582679177644829 5.533526680197031 5.463101754675407 5.378363747330224
5.878426301694311 5.674160465399819 5.462253561933169 5.250829224853454 5.042964540639683 4.83964575795904 4.649131445681115 4.476141802196186 4.319936897935644 4.184828336373222 4.075712886899301 3.9970740160519846 3.9558941412135415 3.940041116832342 3.9286281442505135 3.917409558180841 3.9016394833946366 3.877502009620263 3.843472590801166 3.802659563859473 3.766380093838136 3.753812402062657 3.7637767418117 3.785224211446947 3.8131547691697856 3.8479123396216295 3.8941552268199877 3.959299081337042 4.0513810402815045 4.1753947115780665 4.334250813830612 4.525359999270851 4.741037467915514 4.970097141348349 5.198564083315429 5.409753270413058 5.5852786196847966 5.709288424386273 5.780335107388324 5.813805107909913 5.81325103722463 5.776194163442495 5.712931543515565 5.630611804563642
5.893860571746395 5.699533061054303 5.494303230243496 5.285575446837086 5.075624979138378 4.868952886237364 4.67480449425591 4.501387803547778 4.353368155952272 4.233361808408399 4.138271973417403 4.072976759764053 4.04490468431974 4.028237148459941 4.01142326442775 3.9913975550012664 3.9642401866299934 3.926033632612532 3.8736861923755956 3.806878120096366 3.7419474329525517 3.735877538589518 3.755010619252694 3.7699715846140207 3.7811288391099906 3.7924179044614195 3.8113565939581524 3.8498077086577807 3.921903106564484 4.048157640982552 4.226403484378452 4.448524570612819 4.703801100516348 4.978682639187407 5.257455921285871 5.520607802712899 5.74328542185494 5.900318686410815 5.985539794794946 6.020658582591811 6.0264480469256245 5.999864560880665 5.943130110107205 5.863216560525002
5.958181839190087 5.770040024140241 5.567595888730938 5.359120989281842 5.1481547299831085 4.938549352252926 4.738781225090112 4.559483693205391 4.406567072140144 4.283556454897211 4.195680573469094 4.1486278648493915 4.132508643468464 4.119140097820003 4.10234668146081 4.079786310121267 4.048234746766201 4.004050985054287 3.943552221427754 3.863313338808702 3.7669358230442214 3.77720141082362 3.7982524684740206 3.8025751179301333 3.7920605741851596 3.7717784760458004 3.752767742435269 3.7519679861162567 3.7954797727730756 3.9148677650690487 4.11364430934851 4.370238210917085 4.666923233926799 4.987403588023121 5.3159421544876295 5.633155251016561 5.908206293736959 6.097204788969591 6.186123788066839 6.214142434688358 6.21302776145616 6.194660469354981 6.145318047378733 6.06907407742156
6.006874990411173 5.820048931180058 5.618795478038362 5.412947996605123 5.20681405824605 5.004221429237774 4.813656924526341 4.642244039156726 4.492066059106353 4.363742747036031 4.270988516114627 4.226828209740587 4.220951195878081 4.213440499304926 4.201015356538989 4.182179436953661 4.153746713567096 4.113148931625841 4.058546654975705 3.991655757897683 3.929182693170874 3.907147698538297 3.9029326109008187 3.8870352797579897 3.851359329610365 3.7953670706570692 3.7274948504355336 3.6707412770172803 3.672367612991313 3.7809451881124776 4.001555814193218 4.2989840881648345 4.637163178102218 4.997948949165746 5.368166160732975 5.7338754341791365 6.0690149996024845 6.291760064397235 6.360465002761834 6.373068538261258 6.365787988338993 6.3507692427614355 6.3117123828275545 6.2416364966186455
6.026022912638981 5.839457389539436 5.639290404586732 5.435860273255709 5.238376302758634 5.049448897160018 4.876067467976765 4.723452597225266 4.593393234410765 4.483036555983889 4.397723507330855 4.347032893944005 4.333188303852635 4.330003614533262 4.320802458464004 4.304009950843066 4.279847332840054 4.248737996680703 4.208776363745248 4.160672791446174 4.113031165404904 4.082996558732957 4.060252187729022 4.0251767613034755 3.9649505135242387 3.8745114125590665 3.753631589707894 3.6238359938489886 3.5537043654840637 3.653730393792608 3.915541112895911 4.254817233672532 4.628415310534717 5.015969182837058 5.408308189965254 5.796213170193095 6.167950347869333 6.425809979269455 6.461875130019397 6.473467525874225 6.470691754239409 6.460418703187592 6.436100093761723 6.375866687284129
6.0170655612638475 5.831457940457799 5.63863478129008 5.448687733798143 5.266174771909327 5.092293765000218 4.9353992169480785 4.802164478059012 4.6942629885772815 4.605207229739506 4.543598652476506 4.5100760763555305 4.4897853988219305 4.474761745558603 4.470581955465037 4.459386882118046 4.440490992510799 4.414631967237663 4.3840223014344835 4.352129653191052 4.31737336543468 4.289594490676544 4.261467919739244 4.217078743479926 4.141515295631924 4.026127153520469 3.8643441927192232 3.665322328257551 3.4587238009435914 3.5783997118639097 3.9140035040213323 4.276928988033515 4.6591389451518594 5.05078328954287 5.43847792478152 5.809879429095074 6.138925721447444 6.364018397894661 6.465448321759486 6.507961495741746 6.523480461342047 6.524721275615912 6.514559980176732 6.467380120266432
5.986237446282959 5.816010458315678 5.639697378910824 5.463670086392036 5.294018656830316 5.132583144436432 4.989840393020831 4.87635014232342 4.788016471659843 4.715795124229757 4.671770821719099 4.654519921107673 4.650155702704044 4.632004146467534 4.618407414333411 4.616915915969474 4.609819795582494 4.598049286008204 4.582430517127458 4.563197781259387 4.54001058339143 4.522406976499096 4.501334821937494 4.461746012210463 4.386819506005482 4.265793840632478 4.097945868382691 3.8941552686929413 3.7094357404024434 3.7876313853132295 4.07165360363008 4.400483603776611 4.749567356819364 5.110092544942008 5.469234542224837 5.803711497622551 6.088610582504322 6.2947051947277055 6.422367750912011 6.494013067576438 6.530797839139277 6.54643687668731 6.548547485570917 6.515346675780788
5.954819665544482 5.804518314568299 5.645314066007417 5.4831429120535224 5.324561168554377 5.172049904313993 5.031450829061207 4.920699357269002 4.843739003727163 4.788870670183134 4.761709318807171 4.759838208463001 4.772764263886994 4.773030954429964 4.761224951604167 4.759507300481453 4.7660512003061095 4.770246524854743 4.772620858937363 4.772611102176514 4.768169167961608 4.768905010087547 4.7712857457678775 4.752372189235281 4.6978501357999445 4.598211203963468 4.452028237268224 4.284952544884025 4.167321843919388 4.1939081755771435 4.365112717305706 4.614567278265884 4.901518139978755 5.205103449700006 5.5095081240291295 5.797575445919369 6.044116747706537 6.231222319632465 6.36387968028547 6.450500790481513 6.502655020151351 6.530634086385934 6.542001897287259 6.52152079430418
