_RESULTS/CROSS_VALIDATION_POSTPROCESSED/MHZ/IZ/9comp/4/MHZ_IZ_z_500_kriged_reverse_9comp_spherical_4.asc
ncols 100
nrows 81
xllcorner 5.5967107548124995
yllcorner 50.982328804812504
cellsize 0.00017565037499993607
nodata_value 1.7014100000000001E+038
[rows 19 to 37 of 81, columns 0 to 42 of 100]
0.5707380220486669 0.607763118893678 0.6392931741143771 0.6617561667598104 0.6738128591296286 0.6737145495971774 0.6637878938345441 0.6482680356184867 0.6309101981159514 0.6142675670205093 0.5999012090270106 0.5887371919878784 0.5813238251764824 0.577970571185477 0.5784293088197051 0.5816140692252416 0.5865121490413078 0.5912869375752672 0.5930105860655445 0.5883863438937144 0.5761515799021432 0.5578458886949864 0.5332322462335723 0.505504238581304 0.4773375147646002 0.45143373861825575 0.42856179223741175 0.4088413606068042 0.3923764754184959 0.3805213880887399 0.3731831285507639 0.36986138679316694 0.3701409491339411 0.3736620883462565 0.38009183375838707 0.38909891661256074 0.4003056947215756 0.4109901517865137 0.41898150337620055 0.4235566678291148 0.42422589815600054 0.41887073855022994 0.40585226547976877
0.5320044731685992 0.5596588082442289 0.5821686978686061 0.5970764547800855 0.6054519682685279 0.6066134958100039 0.6014514906187695 0.5920921282652135 0.5808510913120062 0.5696318780841177 0.5597972287640844 0.552251355659541 0.5472064967197035 0.5444835517149094 0.5437751917906156 0.5447044250477651 0.5464888188842271 0.5478519384437563 0.5471297608739848 0.5428375269031449 0.5346255830572001 0.522007018099745 0.5035458081866621 0.4815716836130487 0.45862815212864655 0.4371483011680239 0.41791997767631683 0.40125339825814205 0.3872679061936442 0.3760661687504682 0.36877151871735164 0.36543687476866726 0.3656995775976191 0.3692497350404305 0.37580174841960456 0.38506375038735735 0.3964885810659556 0.4069501436227969 0.414807661746721 0.41923791528591553 0.4197316580039412 0.4150371470031571 0.40267994418374625
0.4963615293733086 0.5176241096751956 0.5341823027591455 0.5442506658686367 0.5496341990892663 0.5507514411051789 0.5479573687583824 0.5423259252525348 0.5351793795085097 0.527722655872261 0.5208769703508837 0.5150293013250008 0.5103456942172704 0.5070736764243244 0.5052069292276851 0.5044769493730883 0.5043403945519881 0.504008413804819 0.5025983342797008 0.4994623333945568 0.49455719323092273 0.4856357387738584 0.4719507231959203 0.4550624333934826 0.4374705533589935 0.42080700672738847 0.4055684188147449 0.3920711773037962 0.3808030098687028 0.37195413297347046 0.36558917883437136 0.36242228293847606 0.36288773779435324 0.3667425659304979 0.37376859036437193 0.3837349507443782 0.39565041168070686 0.4063386977242539 0.41449789252590835 0.4190681625063746 0.419259641450649 0.41355578364054263 0.40156238787417436
0.462698081855563 0.479278966602678 0.491922827714464 0.4993108128298795 0.502449024736448 0.5030502123883068 0.5012063069638623 0.49745757098107235 0.4925678284339362 0.48720143206156036 0.4815496955150034 0.47619535530611024 0.47158994512621727 0.4679788608884264 0.46541022017317435 0.46374403320367996 0.46267211628952193 0.4617728236557663 0.46062790349505517 0.4590014972824048 0.4564862855070673 0.45015591070377925 0.4401500457643111 0.4275485335573555 0.41461478163732624 0.4023653470503095 0.3912175909535921 0.381440703173573 0.3731734365188467 0.36671516364133194 0.36256552619164395 0.3608627031163352 0.361823734077665 0.36617842727484695 0.3739475582474043 0.3849929942478154 0.39746433034579165 0.4088642402860142 0.41789238408741597 0.42304234492550263 0.4227290730288135 0.41535933809615916 0.4022034180177816
0.43180474166468286 0.4447530401310433 0.45448279301772765 0.46010699580102676 0.4615878124919508 0.4613251985001021 0.45965453441350024 0.45682535337919783 0.45295922216008294 0.4481050720140878 0.4428798443992362 0.437803375880404 0.43325813428830234 0.4294826272996084 0.42657664912683035 0.42451509298356654 0.42317461263292167 0.42238235635188104 0.42199349100336037 0.4219897141797922 0.42078254770978796 0.4164064347216532 0.40927826955166413 0.40024017921269733 0.39121537635207637 0.3828192986313817 0.37533228333571284 0.3689864077382077 0.3639652861635548 0.36039708083076155 0.35847524097717987 0.35886784557579093 0.3618431406120794 0.3676050266401608 0.37640366140306325 0.38852477447053835 0.4015789235079457 0.41418301169246247 0.4248577130601701 0.43130323241758645 0.4303072185138905 0.4206840004855695 0.4050470763401799
0.40407852409354494 0.4141856019662717 0.42170236730661986 0.4260153055991438 0.42674922817063693 0.42545950020581247 0.42351334931655243 0.4205934812636995 0.4164805466753508 0.4116384714429536 0.4065282594784829 0.4015548464692935 0.39704020372677085 0.39321391606112294 0.39021592974689423 0.38810894808541735 0.3869012378716558 0.38658226952779146 0.3871716569749663 0.3883780074450282 0.38774493004000415 0.3848894855869855 0.38005117206406 0.3739341025649454 0.36812430511561506 0.3629401927442684 0.35861336777858716 0.3553459799198055 0.3533038240537978 0.3526237141693537 0.353422396868882 0.3558961637556819 0.3608564396920791 0.3687078140123012 0.3797748341281002 0.39318482736727717 0.40723417450066174 0.42146656560581924 0.4347795388419287 0.44405851263151114 0.44223592340928697 0.4289446028422296 0.4100817563736882
0.37967115199712737 0.38753291657009986 0.39333872999989744 0.3966532634360691 0.3972139809502335 0.39524441824009204 0.3924112331803544 0.38854223642720626 0.3838920964652661 0.3787907029315471 0.3735794971372613 0.36857633571936727 0.36405441101791775 0.36023364699012933 0.35728194526105667 0.3553243598405796 0.3544595383969999 0.35478346175054726 0.3564017262787894 0.357709195325527 0.35753537379780637 0.3558960417190017 0.35291307738056615 0.349151441947212 0.34589936770270774 0.3433860856801418 0.3417665297633795 0.3411894406860325 0.3417950573808998 0.34371698953874535 0.3470862641357381 0.3520361231052266 0.3588589269067144 0.3685499452622816 0.38128119631168167 0.3953703917831045 0.41047057808641974 0.42648185820835544 0.443135721413582 0.4587680461889076 0.4558174156988781 0.4361717393070884 0.41399249244767344
0.3585988800821717 0.364665353748964 0.36912609630201887 0.3716647389890192 0.3720936008698605 0.3701744804386868 0.3659222244939393 0.3610008313157608 0.3556572946622323 0.3501281574860337 0.34467338315716256 0.3395416879667209 0.3349677738716646 0.3311630713868661 0.32831401010470623 0.3265893662304845 0.32615104956501656 0.32716887782124027 0.32895682579145863 0.3300046712691363 0.33021613006810646 0.32957651282377476 0.3281091882890369 0.32620179199754257 0.3250265190480071 0.3247259542084695 0.3253868530867202 0.32711084624467335 0.33001093787690017 0.3342104711863516 0.33984386414112305 0.34705839531429616 0.3560164090346325 0.36720035783069027 0.38013501113912307 0.3941412417457848 0.4091679709286422 0.42510447200999657 0.44163854290216914 0.4568191767032048 0.45384921610185985 0.43454655399596515 0.41244684730287273
0.3408114184122857 0.34542345325252355 0.3488092500048362 0.3507333326096517 0.35096156587398475 0.3486712394365323 0.3438400060988069 0.33771829969106104 0.33153069191657014 0.3254580578599219 0.3196953294873361 0.3144382060574723 0.3098746872034984 0.30618247638606044 0.3035310040433834 0.3020865471141866 0.30207963607738125 0.30328239428920367 0.3043800227064078 0.305229512879876 0.3057781419386803 0.3059774183159375 0.30574379060833107 0.3053604085914957 0.3058798854026447 0.3074042195638865 0.309966850842299 0.31363014507488535 0.3184815212164226 0.3246306110960116 0.33220741531734804 0.34136095497766694 0.3522574886083575 0.3640606794891001 0.3763724091114095 0.38956241840920314 0.4034258178388727 0.41750921619721704 0.4306755047158105 0.4397075811078154 0.43758457166963227 0.4242386444413706 0.4046392611645872
0.32623647380032633 0.3296465389473012 0.3320297271387156 0.3332038107504924 0.3326926525192977 0.3298620788437056 0.3249795209243608 0.31842200870818127 0.3113606000039885 0.3046934188554143 0.2985628777934807 0.29312144333335455 0.28852789776233784 0.28494797048158615 0.282558169865462 0.2815510123014994 0.2817412689332431 0.28210930288392466 0.2826060346454191 0.2833049288310693 0.28416361634116916 0.2850631359538771 0.28590927300499736 0.286821237116683 0.2887373611252691 0.29177154476908174 0.29591581499832487 0.30120113752008154 0.3076928753234948 0.31548641757206247 0.32470314615778517 0.3354860743715695 0.3472520785687373 0.3589260519476889 0.3703578701233998 0.38223698554652824 0.39434925837372414 0.4060174908212337 0.415978777926641 0.4220506934074798 0.42006041311809406 0.4091706296605674 0.3920805378883344
0.31471561181179936 0.3168204881869614 0.3181426991385682 0.3185357106034139 0.31712083881677416 0.3137954375627783 0.30882487415640547 0.3025433043519844 0.2953304269811797 0.28803398520568535 0.2814871072389055 0.2758075516771294 0.2711261641143577 0.2675951403655276 0.26539503923460694 0.2642383740265404 0.26352115665562426 0.26326357009519596 0.2634745006441596 0.2641253077500915 0.2652670191914279 0.2668142456898646 0.2686498834590083 0.2707247431122749 0.27381529954950384 0.27811387917128527 0.28358082711533206 0.2902233919683985 0.29808967475346365 0.30726270164441094 0.3178536194947512 0.3292643856586822 0.3407413583725577 0.3519907631319045 0.3626415906847828 0.3730067005160292 0.3832781035690924 0.39277039459961777 0.4004659007170494 0.4045921586327496 0.40192629414723957 0.392216174706585 0.37705589240074383
0.3058195553665168 0.306711118346326 0.307088761092755 0.3065613551626772 0.30433511181647066 0.30055534122130206 0.29547296264823775 0.2893878791304214 0.2826311277633758 0.27554797035497236 0.268614106221514 0.26264376201611417 0.2578155683398746 0.25420461009523926 0.2513108072527818 0.24901701379238936 0.2473983756237968 0.2465523756496797 0.24655855282755185 0.24742469230382647 0.2490002820083547 0.2512014799263599 0.2539907405317334 0.2571909750680558 0.26130030821595246 0.2666803467764588 0.27326886884986007 0.2810573792995927 0.2900825233924109 0.30035180458136995 0.31118811625739323 0.32221887825310197 0.33319571655492564 0.34381775797188 0.35370573766115704 0.3626669464535265 0.3712711725413975 0.3790264876163535 0.38480949410985393 0.3869258765770021 0.38374367465022036 0.37473970455830435 0.36102849637422
0.29959646810198537 0.29938118398249125 0.29888838119809547 0.2973736307191013 0.29441975594777325 0.29021806378106607 0.28500708952520887 0.2790590250544797 0.2726654830589732 0.2661250113779996 0.2597345409243109 0.253765553060313 0.24828535422239859 0.24348271172573802 0.23935933772627443 0.23597743921387834 0.23346894325203998 0.23201830617697858 0.231803621403604 0.23288300686824712 0.2351040916906823 0.23820566178473418 0.24197182552600582 0.24632497814302035 0.25138034446797486 0.2577108706940863 0.26527010195047196 0.27404150203386346 0.28369471367076593 0.29383082921857234 0.3042541217378618 0.31475062736755555 0.32507737999455877 0.3349459724887419 0.34399885985511564 0.35184530655850943 0.35903899612110335 0.36529451702166915 0.3689590228395413 0.3694543509799073 0.3659108715976434 0.3574292283158447 0.3448626522637553
0.29618967905345894 0.2949330277170561 0.29354105381701523 0.29109673386231916 0.28747631704148224 0.2828748349425172 0.2775211658594002 0.271665809569463 0.2655652223848293 0.2593272574831715 0.25303534200320066 0.24680803248713865 0.24075909703108228 0.2350112982640368 0.22974915714797545 0.2252902870729179 0.22184158283960212 0.21969867338332552 0.21920016317212923 0.2205040028836976 0.22346377528194497 0.22768547484769133 0.23268654577126763 0.23821034915216627 0.24427659335648144 0.2514419681624331 0.25956015372082697 0.26839966088071965 0.27777743041352293 0.2875081134413147 0.2973976772284745 0.30723894405258284 0.31680591091476357 0.32584188911061496 0.3340368143904375 0.3409978645567096 0.347029173564337 0.35148806125564297 0.3534128959620779 0.35265808286973915 0.34916231168845696 0.341678527121792 0.33057148342989223
0.2937172874853378 0.2919207770427276 0.2899764753242003 0.2870073233933969 0.28302211650319276 0.2781271314710146 0.2724459514347981 0.26629566281802647 0.25986575704489917 0.2532998025962119 0.24671591772185497 0.2402110121918964 0.23387021355379248 0.2277822929190341 0.22206344536567119 0.21689506379764784 0.21258360010288788 0.20963325169909564 0.20872058215360756 0.21030127691673292 0.2142009501247017 0.2197109710955483 0.22608261320140544 0.232749530172793 0.23956570667346844 0.24682803258932276 0.25484934130886006 0.2634509270529596 0.27245563432089476 0.2816810555774116 0.2909366279787139 0.30002491419706157 0.30874456921263077 0.31688761065424803 0.3242169998090107 0.33041952521083323 0.33521390636633747 0.3382848333461285 0.33978155550814604 0.3393154759216091 0.3365923490879605 0.33042795725158197 0.32070792612108
0.28776617524180875 0.28554370782543054 0.28328492723065457 0.2801796998897581 0.2762996188007854 0.2717366121128476 0.2665489301553047 0.2607625030729312 0.25437266392246194 0.2475920064024289 0.24083815028839703 0.23418779727261596 0.22769154730045182 0.2213929908462028 0.21535103147701085 0.2096778384073081 0.20461890769254365 0.20073848394864283 0.19919129811933636 0.20120892923242528 0.20641389709252644 0.21333064528297552 0.2209108824693396 0.22857524239214075 0.23600837284545986 0.24337011826249516 0.25118719617454544 0.2594485453924798 0.2679850997567443 0.27661741164198855 0.28515659760083434 0.2934117872131059 0.3012052291061016 0.3083893378866665 0.31483440500274923 0.32043460877707597 0.32497318301685646 0.3284707212465983 0.3304663231292507 0.3305322829746292 0.32840762562463066 0.3234946772969204 0.31493333673785256
0.2785465765064893 0.27593248096081596 0.27343291759139604 0.2703160021441618 0.2666699974963853 0.262571460215083 0.2580617047960301 0.25314806681160235 0.24780345188253547 0.24196580943412097 0.23554204083489752 0.2289087298581913 0.2224411345312041 0.2161354164818817 0.20998630600433335 0.20400899804440664 0.1982843939652294 0.19312896055782425 0.1899914229255582 0.19279300922665735 0.2001107159983305 0.20858073100292143 0.2172365225112216 0.22570555311996462 0.2337355416245066 0.2413101022338342 0.24880511826226373 0.2566120552590156 0.26458715936764154 0.27255128849490406 0.28031250738776736 0.28767654087720085 0.2944722854961401 0.30060412788085444 0.30652018881756843 0.312953665384873 0.318262500926199 0.322537559141179 0.32528380838163146 0.32585756367108193 0.3234765703144257 0.318262653173305 0.30962822948973956
0.26665656446259606 0.26369897063026126 0.26105901434363205 0.2580509522104377 0.25475472890824363 0.25123067651309 0.24750621267040665 0.24357752666589408 0.23940600746016863 0.23491136135645693 0.22996772390528672 0.22441027214979833 0.218268502957817 0.21222404401090225 0.2063022832579678 0.20046034591860137 0.19466723122081578 0.1889051295734276 0.18315285471658474 0.1876769372522042 0.19701345388282646 0.20636487848982535 0.2155726399317595 0.22446373277322879 0.23285205546333354 0.2405867339006133 0.2478890626895462 0.25511851355989346 0.26244265191018473 0.2696790877496002 0.2766291167294625 0.2830848858499454 0.2888502741411805 0.2944317057287147 0.30108144182565916 0.3085331894809647 0.3150223362189289 0.32016596785193363 0.322467612128539 0.3217396684935456 0.3181350801211348 0.31194497610286875 0.30322698894665684
0.25273222749523955 0.24949108400323253 0.24681825832128948 0.24403127604574176 0.24118379060147146 0.23831791271085256 0.23544992911224547 0.2325743619404462 0.22965703425636935 0.22661768242039187 0.22331299528320658 0.21953725328300364 0.21504867046357393 0.20974385813990554 0.20443046499958728 0.1992739537642421 0.19434264678911897 0.18996588998660824 0.18758319501665793 0.19078658397700518 0.1983509854929278 0.20713573593372597 0.21614791705216338 0.22499594398772008 0.2334167485569524 0.2411805715863559 0.24835744833440732 0.25509685846856633 0.2616870456346241 0.26815250021174486 0.2742901857225653 0.27988341969054525 0.2852924553439146 0.29160231833339456 0.29854011204714787 0.30738374344705177 0.3144330040862741 0.31836857774757293 0.31927634105254094 0.31725272882274275 0.312504790002987 0.3053390726468681 0.2961454284863406
