_RESULTS/POSTPROCESSED/MHZ/GZ/1comp/MHZ_GZ_z_710_kriged_reverse_1comp_spherical.asc
ncols 100
nrows 74
xllcorner 5.5967023332191781
yllcorner 50.982320383219182
cellsize 0.00019249356164376555
nodata_value 1.7014100000000001E+038
[rows 18 to 35 of 74, columns 40 to 79 of 100]
0.03405988585488965 0.01857907325371572 0.01106156604616566 0.007350032911397255 0.005541747884102837 0.004794387031866964 0.004785946606241405 0.005491244998437454 0.007122918723286957 0.010281967332031183 0.015872552069134238 0.024738312322581963 0.03675128673468533 0.050202153253702725 0.0629653109505658 0.06940869440017165 0.06457434680908794 0.05269014108177075 0.04021138390003605 0.0298083653021888 0.021928914300758634 0.016749370235839493 0.013513816420353804 0.011686363946380517 0.011262734466860111 0.01216333526382154 0.014179928146029645 0.017552211398744716 0.022948279449257303 0.031511365841641256 0.04513775977538952 0.06637089273827516 0.09520951369216693 0.1291745662184608 0.15873885281869626 0.16641272931540285 0.14487811652114876 0.11261297628406006 0.08445401885345588 0.0631273985208037
0.024366148195406927 0.013776364718465038 0.008630123414626184 0.0061308439733328045 0.005017913645197678 0.004773497383785444 0.005274585465429818 0.006639469781325443 0.009369687548766388 0.014526452674374895 0.023349397564567477 0.03711789021090681 0.05502358496673662 0.07271547280666055 0.08279735486588856 0.08296138430944955 0.07387741209379435 0.05947538942336683 0.04479151362724556 0.03251180632600651 0.02321324722485052 0.01705223797957084 0.01334387329177174 0.01150002367980182 0.011120344230635187 0.012018444338441316 0.014200623276659783 0.017731749116745448 0.023253659473531127 0.03181849645514583 0.04505376473623998 0.06452498000106857 0.08881720658245876 0.11421779713703588 0.13268509937447562 0.1347019005456696 0.12066178037179383 0.10073902574248722 0.08113617275984301 0.0649860770954335
0.015006635249821553 0.008715227729182606 0.00571323217085502 0.004328246672394761 0.003845712432542935 0.0040158800390689775 0.00487201191856215 0.006754132408948844 0.010477704685057928 0.017575688000579896 0.029644408397691897 0.04815117121749175 0.07146023444818751 0.09251507030536811 0.10300825075713746 0.09702018550252468 0.0817026051003803 0.06361557519251096 0.046755163227316654 0.03315086668762607 0.023073083746541635 0.016400371772981488 0.012741186045294575 0.011088569250087908 0.010790448577048955 0.011677562367941307 0.013909350877675208 0.017500752585151373 0.022994650865351008 0.03134108243678212 0.043932191092525025 0.06133292967578591 0.08160564354317734 0.10100151004356264 0.1132746488124589 0.11384125888397176 0.10532662578582123 0.09225305679962212 0.07826204766396315 0.06618218708184756
0.007930408918014196 0.004695829618156903 0.0032025162309467486 0.002573620670421896 0.0024600175198251253 0.0028005453501325967 0.0037508587301031816 0.005791702112720303 0.010028861887644309 0.018408637644620838 0.03307536854583453 0.055360576722704044 0.08238865708626217 0.10527549019566697 0.1154895018850362 0.10789764802996246 0.0864753338748 0.06449182836919994 0.04585804018884828 0.031582264493688374 0.021425441385590525 0.015110961405182156 0.011920736459350828 0.010516500317361746 0.010329146375708937 0.011220638186905846 0.013414245333617342 0.016985147502970685 0.02233836982814401 0.030334050848423905 0.0421499687316354 0.05749971572191379 0.07470237819380028 0.09038191051051954 0.10001577631393807 0.10157960642637812 0.09640765268128502 0.08649612774412638 0.07490369928041914 0.06471536454703215
0.0036196074364725074 0.0021386564130067122 0.0014966044747776858 0.0012641958392905896 0.0013044316561919053 0.001635001144075888 0.0024423329090677982 0.004242904432317226 0.008288192041638883 0.016842703663766317 0.03297983797638138 0.05757438798110409 0.08556982299665704 0.10743991493815683 0.11598925323295817 0.10799758498632273 0.08624103286455514 0.06145877751148722 0.042091258289610634 0.028054327441737744 0.018925894342981146 0.013680959474385643 0.01101497778801031 0.00988509041888594 0.009821137092780447 0.010727832967025452 0.012841538680543545 0.016332416000101855 0.02147001271772525 0.029046276432613496 0.039887477498743884 0.05338073739971116 0.06832443925116097 0.08200873232974659 0.09207538884317147 0.09438851395225728 0.0892491202326257 0.0796304668430915 0.06898016067488437 0.0595672299423132
0.0014895410044197576 0.000851713889540309 0.0006116892108534085 0.0005590935477845522 0.0006352413921405655 0.0008888893573508934 0.0014955317571862356 0.002942042544461966 0.006446955097783775 0.01462066922841175 0.03152200848303368 0.05639967304600357 0.08017978932574532 0.09703146787993076 0.1029998767214989 0.09596895732802169 0.07769435280469464 0.05447135502997488 0.036260767552073817 0.024092851395902056 0.016348955329802965 0.012337810492209358 0.010236320960654589 0.009354934396252627 0.009392499209437636 0.01029953363707347 0.01231026694744373 0.01567479852206312 0.02054013381698214 0.0276383565025481 0.03722022608927006 0.04895928661233437 0.06214319399723575 0.07539422157457012 0.08545063265105783 0.08750057289198306 0.08139914414251238 0.0711935852234881 0.06142210334232198 0.05432655846274837
0.0006104138553463125 0.00034490293072491425 0.0002464351917328158 0.0002338480712789487 0.0002922128554934828 0.0004593088520455822 0.000875195769071232 0.001943586876972499 0.0047226428718425235 0.012045105673519211 0.030459801478389194 0.056939154459731335 0.07015713791493622 0.07746106805369901 0.07946279224749898 0.07482229101390053 0.062206540960913784 0.04558190296937416 0.03109247095691608 0.021428876153637366 0.015194567677128911 0.011962100380274673 0.010224457964523724 0.009464981211837677 0.009565237527777009 0.010468144854585833 0.01235197005362216 0.015428329052602423 0.01979184682090001 0.02602278492025514 0.03412157838876016 0.044015264938800126 0.05515563008631014 0.06678270034342419 0.0772658129807471 0.08054109988158227 0.0719358489496052 0.06041765682792769 0.05154712809958683 0.04617572909216673
0.00026040011277464887 0.00014450067637437864 0.00010314379400245699 9.898545106445021e-05 0.0001317723965855299 0.00023027151381044291 0.0004941453748862959 0.0012062522934443184 0.003165154114857213 0.008567155753728139 0.022788904266457754 0.04355677759999676 0.05223020075544258 0.05652112214216907 0.05683639963584931 0.05342678785810105 0.04755842493374633 0.03837742106837946 0.027923683299208767 0.020366105905095834 0.015410968405654306 0.012579729578756546 0.011059567424246365 0.010370262183091542 0.010540867941162506 0.01152423530439712 0.013413183080477644 0.01629985334064053 0.0201203225656794 0.024903569892578886 0.0308920265416072 0.03838568014051219 0.04637161212451713 0.055378793819732985 0.06542508360900373 0.07484036189885236 0.05880203425989365 0.047033067262368666 0.03969650942358515 0.035845266686915206
0.00011902619989516814 6.364376905346171e-05 4.472142517122367e-05 4.393451632153338e-05 6.19354017680218e-05 0.00012129757396333626 0.00028814270586884625 0.0007568869944657947 0.0020627551260095217 0.005497678260650208 0.013157642604274256 0.024555089173595647 0.03436550265341774 0.039861212395738366 0.04170288997939833 0.04080264085432938 0.037630500518629345 0.032846433603366657 0.02606765045966143 0.020214191600065188 0.016206495551201162 0.013835149604461573 0.012610595002918168 0.012206286526611558 0.012537997497034846 0.013757967865947032 0.015802862090500455 0.018501354691969164 0.021528934980761198 0.025095951212124323 0.02939273994924524 0.033581817358191164 0.037872763297477456 0.04310541878846806 0.047900553550167285 0.04857891520941933 0.0412806031434601 0.033671598463261496 0.02862759530939928 0.026018292331490965
6.106852619379002e-05 3.0392620802693214e-05 2.03197802316552e-05 2.041771102140553e-05 3.170938309660516e-05 6.955385103003021e-05 0.00018537589691593098 0.0005250317531403086 0.0014681653911794226 0.003813644264143405 0.008621151873969357 0.01600287172513205 0.023823304971664204 0.02984008484310259 0.03334815410032719 0.03421167745250604 0.03272269047754702 0.029467033796519042 0.02512615742468756 0.020758434631086786 0.017613134585356658 0.01571889778853027 0.014807643471905272 0.014754075757504174 0.015547090892366515 0.0172566415985128 0.019707746108286985 0.021961043697222123 0.02409129646483455 0.0266367547122496 0.028995694091236795 0.03035360562535666 0.03132374903630734 0.032396372095472144 0.032906551474284985 0.030944758362561903 0.026904963163352374 0.02270271279651985 0.019637234635109805 0.018023768347354877
3.772782482944564e-05 1.6692454658025965e-05 9.916758083739305e-06 9.962943486538007e-06 1.7959181692760828e-05 4.684526074006316e-05 0.00014243646087517577 0.0004268713556456953 0.0011823756233493568 0.0029187253712158207 0.006225910917716657 0.011258622072481836 0.017315384439488483 0.023268039773883878 0.02800986472307344 0.030763290450803712 0.031098168679028843 0.028984454744733223 0.02531274142039047 0.021908111656637873 0.019383852104361936 0.017789465756735862 0.01714315684477881 0.017433826062184014 0.018815915180923525 0.021853580826334592 0.02574516833294468 0.026104146094135815 0.026974649781192322 0.02818954018609679 0.02850551991505051 0.0277105585845187 0.026575496643266437 0.025195925278571223 0.02325390839225936 0.020699797573615123 0.017753484360375896 0.01507352455524047 0.013106747877114687 0.012049834988029253
3.151445368909352e-05 1.2112804009503889e-05 5.562642111263788e-06 5.092518234878265e-06 1.238235977094984e-05 3.9875505233814495e-05 0.00013029463399729532 0.00038864670786174923 0.0010228937761417923 0.00235037159447737 0.004681253646814727 0.008161325350174862 0.012649815305634379 0.017611209055178937 0.022369273174283232 0.026242944361261934 0.028605537377929074 0.028905425273986533 0.026609922900257505 0.023167789112788533 0.021199676183623443 0.019936957560818473 0.019535831664823027 0.020041236090689855 0.02183377871084968 0.025202459755314814 0.028757225384373617 0.029474837980024753 0.029723858866854108 0.029447789741813765 0.02798233736837387 0.025493210251049357 0.02289325533424532 0.020280376213583483 0.017532665725577844 0.014688444059437339 0.012205756312370806 0.010180979134784045 0.008724828794197233 0.007903975994690409
4.0938571892450314e-05 1.4987692192984226e-05 5.480217640702295e-06 3.674625689551121e-06 1.3673489277475127e-05 4.702781551844684e-05 0.0001483128237312623 0.0004168728148259263 0.0010025886984811156 0.0020737351732526303 0.0037768014531281363 0.006224996301368174 0.009398289278126915 0.013141029165228076 0.017195356343905708 0.02120215443428991 0.02454093070386141 0.026168627413344046 0.02557661787973996 0.023693853796833537 0.023100200254295513 0.02236507163057094 0.022149580179796922 0.022734529430612112 0.02450324751959312 0.027359762645458547 0.030314897648651626 0.03182300189235748 0.032181533485279835 0.03068504503493831 0.0277563813974854 0.023968045679962614 0.020349241608600018 0.01702542372803638 0.013939170429188835 0.011151371779645447 0.00888922526031214 0.007162254985570292 0.005928465285301468 0.00518523646681414
8.319733637073103e-05 3.627929974960298e-05 1.7965741213508578e-05 1.6005657596296396e-05 3.3073452201175376e-05 8.769904182824165e-05 0.00022898242315952275 0.0005471202305030935 0.0011267515411521874 0.002024621915127277 0.003307934328649294 0.004980295028814802 0.007091924431316063 0.009689136414304024 0.012786035296536602 0.01622265735100797 0.019356079836198567 0.021595915137532548 0.022343657335205692 0.022151908131607737 0.02321926215610628 0.02477027039754525 0.024955689265759053 0.025595535329040152 0.027190773318161953 0.029671083494968817 0.03200168124296101 0.03356043167976862 0.0338150776768819 0.031751180063818434 0.02798839610715389 0.023302384433211722 0.01893094391507347 0.015111790263945627 0.01181097413180749 0.009060489778103227 0.006892044534647676 0.005358256905315595 0.004212146411091313 0.0034740242580554434
0.00021834933920576805 0.00011630560745823494 7.545741123887194e-05 7.338344577388162e-05 0.00011262371022427217 0.00022163287860542253 0.000456453214386361 0.0008819397595098531 0.0014720202739176588 0.002177692108288708 0.0030268980792750185 0.0040462041005873695 0.005305616810048382 0.0069452370661181 0.009072403310964232 0.011500800622913043 0.014022983325157211 0.016281430998208373 0.017736233646188353 0.018830043734476082 0.02116225005281871 0.02468324477328549 0.02760104279728153 0.028979136766335203 0.03049785008171219 0.032626059703442664 0.034483828578716375 0.03600405968617515 0.03594553833156269 0.03335802006917366 0.0289310666330049 0.023526791091357562 0.01847900195055073 0.014190342424897232 0.01065305947937294 0.007867319537181162 0.005729373194425007 0.004204589677136007 0.00312413025464839 0.0023596132034440463
0.0005852382340117595 0.00036438547423855403 0.00027724131295858224 0.00028281790462918687 0.0003868344450137109 0.0006293355381832136 0.0010510371634632394 0.001633628773172476 0.0021968878110375555 0.002621010404111828 0.0029490469695879432 0.0033244013800736195 0.003883430731756275 0.004725146026683191 0.005852725858804953 0.007282157835251865 0.009027968251952118 0.010891461098098031 0.012497640768275382 0.01441189035164121 0.01763103443400431 0.022645517297689384 0.028787633344241403 0.033756218776876824 0.03616756043812181 0.03757782893732445 0.03876698384649279 0.0400819025545662 0.039512228343036186 0.03635863922761682 0.031265391423443326 0.0251223044023673 0.019252966985317355 0.014319585901724828 0.010337399881133816 0.007263111975239678 0.005010265306961092 0.0034482729302795258 0.0024051111028395604 0.0016613272343644488
0.0014196454953219776 0.0009891846907138335 0.0008533656324578368 0.0009335876168610008 0.0012555179627243736 0.0018620678293072 0.0026388605923177355 0.0032559002594709013 0.0033437147567403017 0.0031334037680861336 0.002899291328742833 0.002738844086204319 0.0027712051033850936 0.0030624056123156884 0.003539350530819174 0.004242535431444264 0.0052143511654049275 0.006464727735886314 0.007885868921673677 0.010059997895944183 0.013698954874417735 0.020141545385102707 0.029925287862375735 0.03962479505658542 0.04523297778950623 0.045252713007031285 0.04503146909643105 0.04599383622110871 0.04471571376091354 0.04090696904109641 0.03519441668936805 0.028323904912975713 0.02146324790990754 0.015683962655204765 0.011002705507980796 0.00740673339047876 0.004822308397751392 0.0030854424854217526 0.00198385078212369 0.0012640454764646406
0.003046603768680387 0.0022687525765819716 0.002163642185797685 0.002560764702837964 0.003620638974752416 0.005414978476922059 0.006960988442276804 0.0066855479155492024 0.005024198930010805 0.0036028376760898328 0.002719097007155248 0.002233489857147899 0.0020054020854106294 0.0019711186195447905 0.00212648638237361 0.0024458766560527274 0.002940714218240505 0.003620985899903752 0.0045734193363401844 0.006528187798955415 0.010376922522357933 0.018006335174487575 0.03157478895372586 0.04709161092635974 0.056995837305271246 0.05725118977115652 0.054747488622329976 0.053789573375872875 0.05145335468504934 0.047062467302202364 0.040915381520128365 0.033485496706099294 0.025632302683698698 0.018695256457172058 0.012911717127892668 0.008406629754877168 0.005201403089651251 0.003117772103729121 0.0018557946229417004 0.0010874056141797434
