_RESULTS/POSTPROCESSED/MHZ/GZ/1comp/MHZ_GZ_z_1000_kriged_reverse_1comp_spherical.asc
ncols 100
nrows 74
xllcorner 5.5967023332191781
yllcorner 50.982320383219182
cellsize 0.00019249356164376555
nodata_value 1.7014100000000001E+038
[rows 18 to 35 of 74, columns 40 to 79 of 100]
0.03714701123899122 0.017613569897938858 0.009302346903599172 0.005624017159161775 0.003972563208495117 0.003323714141428971 0.0033165126067471592 0.003928044353820838 0.005410856913882765 0.008501935718975432 0.014509946427564532 0.025057549282432708 0.040793633773163404 0.05989323340353406 0.07916374821648924 0.08925554939517341 0.08166237542897566 0.06356909032244813 0.04557299403976695 0.031523031042555306 0.021601424186313733 0.015502963206443393 0.01190281394975822 0.009953355487504001 0.009511049731613975 0.010455805160471255 0.012629169604077848 0.016422822196408608 0.022844267450371086 0.03375489712010904 0.052542382067683954 0.08446928165515774 0.13173428282268754 0.19183106662049612 0.2472881540509837 0.2621015164051232 0.22095746455777304 0.16199754010482828 0.11365172178252286 0.0794147855601395
0.024594239443787625 0.012188141486920571 0.006853058520967291 0.004498625063719349 0.0035154856393092 0.003305896045246536 0.0037381374737901684 0.004962372655529467 0.00758303484417606 0.013010189766053627 0.02333686848522196 0.041295257797651044 0.06705341252612629 0.09452109412134907 0.1109121146376215 0.11118280509244055 0.09638467139453996 0.07379548190298707 0.052046528922993655 0.03507920248678267 0.023169445147266654 0.015848803819735087 0.011718806789995043 0.009758335357225967 0.00936323652190636 0.01030268425212209 0.01265186499868439 0.016629879247304732 0.02321911622593535 0.034160432099777 0.05242201300311664 0.08158549832007385 0.12092645350952907 0.16484616674673758 0.19827420296160786 0.20199385169110384 0.17637745255193066 0.1412208121563276 0.10817778662526986 0.08230407800835152
0.013541648906729624 0.006936347624023373 0.004124425003160035 0.0029304978808804517 0.002533659766480552 0.0026723644865371664 0.0033900820797559015 0.005068080515695534 0.008701621552598862 0.01644986954313453 0.03130968476411613 0.056894527486116425 0.09251563175340757 0.12715739638847667 0.14514949020113563 0.13482696639717046 0.10910869508408744 0.08017176401422582 0.054870236466077235 0.03593011035931061 0.02299732403976609 0.01510623749029675 0.011070641327722622 0.009330310854796296 0.009022462697737236 0.009944127649821067 0.012333147733071346 0.016363565873208096 0.022901113666124445 0.03353044841955869 0.05081975207853826 0.0766439573057977 0.1089492361196281 0.14167420486356247 0.16317090110300672 0.16417695383945036 0.1491840922275137 0.12671396581725947 0.10347768179782932 0.08417361238716325
0.0061755930533199735 0.0032398067448724953 0.002022568619205742 0.001545349859210122 0.0014618142914621646 0.0017147500054157814 0.0024569533326428486 0.0041942698318531224 0.008245026396306492 0.017414854664903813 0.035829385364060586 0.06755948329196566 0.11023820086101177 0.14909487785486888 0.16711012678437123 0.15368256500697675 0.11701127084142113 0.08153388016153303 0.053576702752237415 0.033848430755247426 0.020992449381215146 0.013657640893954175 0.010199666799979988 0.008741302796973355 0.008549986756691236 0.009467304967551668 0.011794937300682548 0.015772070683944667 0.022099074293376313 0.032208897739460784 0.04829321014773437 0.07078842128531461 0.09771193521560613 0.12355578652989885 0.13997295553794217 0.14267372402881454 0.13377922717230417 0.11704592711627938 0.09803635291719073 0.08188205220797853
0.0023515517335004846 0.001230420702411759 0.0007928954370200167 0.0006441661901066816 0.0006694946025532064 0.0008840917889320778 0.0014488892621727862 0.002859531287322379 0.00652034654485765 0.015609386479388304 0.03570201059920471 0.07090164574715647 0.11550397563711223 0.15287983519322002 0.16800140445016612 0.1538579306343611 0.11662090496011888 0.07683767211627654 0.048210394768045485 0.02925495344391029 0.018019237580901893 0.0120843119603128 0.009254138187111693 0.00809975791383542 0.008035295032298382 0.008958051659356418 0.011178084019052415 0.015029213970482094 0.021046228231213826 0.030533697763193507 0.04512140485062432 0.06459664205508918 0.08754153743053061 0.1096124274371711 0.1264134476775138 0.13033647151851444 0.12165117567556638 0.10571057217899377 0.08857736694957215 0.07393583727226724
0.0007882915573105907 0.0003961601383986625 0.00026358056518348884 0.00023596723809036566 0.0002761275908173976 0.0004175504659022206 0.0007921959295560316 0.0018220123805563835 0.00478584253553644 0.013114151366165033 0.03376893440886453 0.06912440989195527 0.10660943524869418 0.13484627938900817 0.1451349550549146 0.13302978703160004 0.10255400458601906 0.06622566570455939 0.040124267340892916 0.024255049955646174 0.0150479534310407 0.01064075085000609 0.008455494163181244 0.007568338735881424 0.007605768830129165 0.008519820753336106 0.010611513957174227 0.014287709448101933 0.019929671037927463 0.028721800963669757 0.041435489525987274 0.05807259563163308 0.07789278635454752 0.09882764882609957 0.11530584867176341 0.11872229150150951 0.10860978237533626 0.09209065981889505 0.07678121086788287 0.06600894853940338
0.0002629042821813721 0.00013020546261801949 8.608569004846161e-05 8.070599413212792e-05 0.00010617202424266185 0.0001852505134622926 0.00040964682173814704 0.001093764095590193 0.003262594432514934 0.010330828105756303 0.03237337567070975 0.06993954098680882 0.0904423385816895 0.10217488806999546 0.10543649035679614 0.09790514363685528 0.07799058044808056 0.05317972232662241 0.03320326321222314 0.020996592781939542 0.013750729896158952 0.010243254756481022 0.008443432333832464 0.007678088636683554 0.007778331623404036 0.008691848703656036 0.010655786801977549 0.014011632127682703 0.019039590171249197 0.026668893698816806 0.037229873872218704 0.05093810824218557 0.06725162334529698 0.0851151899481086 0.10185777810687954 0.10720143259042353 0.09327455500886118 0.07523787906305135 0.06187524198458306 0.05403410406071545
9.212885613917104e-05 4.462532235494062e-05 2.946833354962438e-05 2.8012941731000048e-05 3.9837515459702216e-05 7.918939099527807e-05 0.00020269346167367614 0.0006080179500398443 0.001993561475593818 0.006791555884924798 0.022649093967692657 0.05028554403860808 0.06288646321007146 0.06930775677709111 0.06978414469481381 0.06466527150740622 0.05603332715166414 0.043027373486942334 0.029087307674164203 0.019721986309555316 0.013992224214421372 0.010898188472618786 0.0093002777993687 0.008591903893747985 0.008766243990909455 0.009783633753343651 0.011793787436749421 0.014992332516298725 0.01942936793251975 0.02526379868215048 0.032939908607331154 0.04303877539664997 0.05431649589460641 0.06758686084795393 0.08298933132386849 0.09793426641671525 0.07276796452062895 0.055272110701717954 0.04485555504050444 0.039558908124265844
3.514892360488566e-05 1.6265612790315813e-05 1.053569259631524e-05 1.030798971028993e-05 1.572990644670884e-05 3.597630386263501e-05 0.00010435471807834797 0.00034258742927603035 0.0011768901082067499 0.0039337101070486165 0.01151778564266185 0.024829250396423672 0.03755784122412838 0.04508482325154197 0.047663247884161195 0.04639949311704732 0.04199858685934405 0.03552428006461123 0.02672551532211155 0.019541027073254943 0.014886687173586108 0.01225219997807932 0.010931116713166869 0.010501277423497352 0.01085369702574989 0.012168107216535929 0.014431554803936788 0.017522903313012136 0.021117362257783462 0.0255042989090932 0.030982736614765156 0.03650607244724336 0.04233175910224257 0.049644678042116086 0.05653010389976607 0.057517525533546394 0.047069653440819724 0.036626280408832174 0.029992713108742377 0.02666322516376424
1.545936930569228e-05 6.549415394626748e-06 3.990284002492857e-06 4.013966033130284e-06 6.9003796294925875e-06 1.8144153097204372e-05 6.0636960209272554e-05 0.00021839862253621715 0.0007743899849418812 0.002507677362480415 0.006844289360019002 0.014656751556948552 0.023921385827189168 0.03156433699246747 0.03619356964463278 0.03735095318931275 0.03535957020767454 0.03107918628458161 0.025542099220973214 0.0201907667527822 0.01649302897096892 0.014337212681375026 0.013320923141824054 0.013261621425702166 0.014144534261547608 0.0160830152879874 0.018940033476760224 0.021640396933431668 0.024253122662047138 0.02744568903002282 0.030468243100488818 0.03223446443809146 0.03350761725154793 0.03492591219419551 0.035604352609232934 0.033009152268905356 0.02778633480948457 0.02254367381590299 0.018856639124434155 0.016967694044780206
8.546037802827728e-06 3.1325541419896333e-06 1.6503078180933838e-06 1.6597723254887893e-06 3.427639825741787e-06 1.1154844751091545e-05 4.3841990426673986e-05 0.00016928089725910922 0.0005932376478328125 0.0018042530389561933 0.00458465082904607 0.009506774628159732 0.016150443605615586 0.023236796009454323 0.029197877468968018 0.03277097653354494 0.033210754941803484 0.030453702724961382 0.025775824743610905 0.021576197758179712 0.018557534802225488 0.01669654591614288 0.015952901533035413 0.016286558307366177 0.017890410070665195 0.02151009698746872 0.026319036800602057 0.026771590516482334 0.027874971278498226 0.029428652098886798 0.029835320788139233 0.0288142104594312 0.027367997463157757 0.025629447484987206 0.023219422236229963 0.020120572022287453 0.01665497905916708 0.013615996456510258 0.011462962816937141 0.010335821901433302
6.848208161472653e-06 2.1109863936394784e-06 8.10109238269867e-07 7.266871420408276e-07 2.1689511798074417e-06 9.148677155087533e-06 3.9288346816228426e-05 0.00015082026851332927 0.000496333227797864 0.001382029116013321 0.003227431711622125 0.006397698407384831 0.01097298509431882 0.016490809164354903 0.0221367202573618 0.026946957279818044 0.029964262207365325 0.03035149893178773 0.0274116540432113 0.023113596054058314 0.020720444040482757 0.019211599282214647 0.01873683062773622 0.019335386404333722 0.02148610284519092 0.02563763141675208 0.030160015817794834 0.031089321091557404 0.03141303439626358 0.031054197884137227 0.029162551614345285 0.026002269650235485 0.022776848454193713 0.019619827183640786 0.016400310045807647 0.013189032221450235 0.010500715862830612 0.008399252438178422 0.006945755745077136 0.0061502631350500185
9.449783424394817e-06 2.743577910163833e-06 7.953613187602737e-07 4.863312445812191e-07 2.4505597459845067e-06 1.1208371421998807e-05 4.607874376363747e-05 0.00016441370805988554 0.00048423356789955484 0.0011846062282767971 0.0024778886985846764 0.004583821741247934 0.007611541215660474 0.011499884564747093 0.01601272520251716 0.020723426251663513 0.024811625085205288 0.026853033647727884 0.026107051678474772 0.023761451349481672 0.023030604356714463 0.022131601296678526 0.021869355796415742 0.02258257774497768 0.024764726265721182 0.028365760678786787 0.03218385977641316 0.034166387842067714 0.03464095510838647 0.0326683799909082 0.028872886758085876 0.02410044842488738 0.019701882227848067 0.015818127266473515 0.012365706684123803 0.009395408684760423 0.00710721812667708 0.005447665350823156 0.0043165226996252064 0.0036603404279288696
2.2619295686912084e-05 8.144004084584357e-06 3.42918071439027e-06 2.9746879732981166e-06 7.2675166732188565e-06 2.413496851654717e-05 7.86440927312546e-05 0.0002297625714541093 0.0005590734688551548 0.001150166266924019 0.0021048327719043764 0.0034830705213770934 0.005381887435097462 0.00790254975545641 0.01111863515432376 0.014904966106657272 0.018524805892509398 0.02119827889939414 0.022105514596414952 0.021872185689612734 0.023176836890130895 0.025097409705514453 0.025328911977949793 0.0261308280058053 0.0281502018132457 0.03134437674621116 0.03440274140225541 0.03647745011455917 0.03681853880929523 0.03407146974699807 0.029170326103977382 0.02327903109395969 0.0180251567201929 0.013658563179665026 0.010084172500721831 0.007276161477445586 0.005195772166626949 0.0038112677461508673 0.0028340347659079803 0.002235670739912018
7.417349750712732e-05 3.416270109478139e-05 2.005780969538869e-05 1.9381440990446372e-05 3.283647969197025e-05 7.554878594519482e-05 0.00018383387090674809 0.0004135357662143751 0.0007768935632749752 0.001258123622366866 0.0018869152146929655 0.0026972263930568575 0.0037652283578942995 0.005245181343431542 0.007287941188528576 0.00975914698341512 0.012457305305005226 0.014971474356266157 0.01663505738982706 0.01790695026470383 0.02067541699017488 0.024988893004773624 0.028674066040633446 0.030446823295430307 0.0324231730732606 0.03523104877859154 0.03771713030930143 0.03977479470932002 0.039695206459612546 0.03620675423578282 0.030384652194076066 0.02355534725922271 0.01749684286288321 0.012640589506475994 0.008881247942522314 0.006115168693608638 0.004138773863369092 0.002827777262616883 0.001961802450454529 0.0013887212985295553
0.000249621861157069 0.00013931658704718897 9.951661835751668e-05 0.00010198615975476872 0.0001499550929791332 0.0002729710893365402 0.0005131954460047888 0.0008831784240448346 0.001271788722345911 0.001580451652386586 0.001827353611768421 0.002117738295014322 0.0025642841444050743 0.0032647233087812547 0.0042487375909052395 0.005560150612288114 0.007244023490803433 0.009126553711619526 0.010810704420515212 0.012883987947529313 0.016513667116953002 0.022473769488907377 0.03019928613848685 0.036739646529558405 0.039997312158896244 0.041926215783615876 0.04356579419068787 0.045392370141666395 0.04459929492596963 0.040257657352585345 0.03343077140854511 0.02553727693067716 0.018403385129880594 0.012782473910018582 0.008558398030574921 0.005542254201331797 0.0035088906756984826 0.0022152884634804707 0.0014217559436041434 0.000901646950488843
0.0007430092362151333 0.0004762770949559178 0.000397106029567213 0.0004435436753093509 0.0006387276405497723 0.0010375706590578825 0.0015937115727528265 0.002064150503514178 0.0021328933593777618 0.001968973251481146 0.0017894762648422847 0.001668364163096049 0.0016926627986651724 0.001914199286134131 0.0022875330102678304 0.002859225154349955 0.003685657121964542 0.004802089059526808 0.006132922933886693 0.008276550310254281 0.012103883581120911 0.0194546023909855 0.03167534070684428 0.04475579667697784 0.052678896971442596 0.05270719986036075 0.05239007096902836 0.05377212928536077 0.051938095416833 0.04654561938427599 0.03867636741096232 0.029601452463308198 0.021038064289856842 0.014297993915340923 0.00924144687933956 0.0056774736962457596 0.003347558048308477 0.0019319400564041392 0.0011217221435533315 0.0006440718819735394
0.0019020480363589685 0.0013231917330007023 0.0012481393247736458 0.0015358529902350557 0.0023523767154492352 0.0038609939152298377 0.005259829212937054 0.005004801950433137 0.0035209070164063396 0.002338147595617865 0.0016535693474500762 0.001297921467450886 0.0011367408353154351 0.0011128670097315311 0.0012218076118892787 0.0014514775292855519 0.0018209997952282207 0.0023526541841398926 0.003136158034490656 0.004860183987268549 0.008598697660516205 0.01694749118342279 0.03383856629302837 0.05535684038962263 0.07002529038167087 0.07041183066331935 0.0666393251272742 0.06520641310267374 0.061736661097277684 0.05531465804740934 0.04655740600542629 0.036377191381599755 0.026177050551341636 0.017749272960529874 0.011253336189244192 0.006635238409521189 0.003674394075209482 0.001956888811238748 0.0010332695482547516 0.0005351403778500889
