_RESULTS/POSTPROCESSED/MHZ/GZ/1comp/MHZ_GZ_z_250_kriged_reverse_1comp_spherical.asc
ncols 100
nrows 74
xllcorner 5.5967023332191781
yllcorner 50.982320383219182
cellsize 0.00019249356164376555
nodata_value 1.7014100000000001E+038
[rows 20 to 39 of 74, columns 0 to 42 of 100]
26.719553962974153 26.721361904133367 26.729485482538358 26.740740204868985 26.750780012531667 26.758284123072812 26.76267313847937 26.76439576295257 26.76443138513856 26.763921297242945 26.76374130554896 26.7641054673806 26.76454431001388 26.76390467926123 26.76039395554713 26.751975335660532 26.73651341647611 26.712627668159563 26.68135129560397 26.654225602828397 26.642109424824824 26.645788316882996 26.659931565715077 26.67984858555268 26.69551022223749 26.70244251751176 26.701831638888628 26.695655495038366 26.683421520688498 26.663357906472406 26.632168951888318 26.58556194058598 26.53032669204873 26.495953838368557 26.507843870487026 26.56240500302757 26.633000301486852 26.689638148777682 26.72550396470778 26.746537946046896 26.75791784657363 26.76291609257711 26.764423831378497
26.715775235625678 26.71943907175668 26.729814168044275 26.743082142168102 26.754419566435132 26.761327231567144 26.764294077279015 26.764210133505316 26.76265196154521 26.761194631925605 26.760805017706463 26.761693696478428 26.76336227696181 26.764531137774394 26.76336303839144 26.757634461409797 26.744963334178035 26.723817466019913 26.695013440983033 26.666520663398824 26.651505952763127 26.651885316753237 26.661833877407403 26.676277400582983 26.69102573251953 26.698912054132627 26.699619504832224 26.69304320921433 26.680166238163412 26.660195009597302 26.628905195419826 26.589403066223554 26.553933094215303 26.54339382589631 26.56710758374881 26.618031639551525 26.676525871079605 26.720555417773006 26.745992922150112 26.758347787809118 26.76341171206041 26.76455338140486 26.763907383729606
26.712475725001777 26.71710246932278 26.72906286803916 26.744267470106838 26.75708533154163 26.76355655753132 26.76427773846619 26.76160312433973 26.75796201646477 26.755244096903514 26.7546023997452 26.7562957208202 26.759663895765446 26.763092036529745 26.76454696422651 26.761779024315757 26.752281645992444 26.73427001765453 26.709803038081386 26.683691853744207 26.66718782185948 26.66241230979584 26.664558891830286 26.671341930199993 26.68221790028606 26.69175105928638 26.69458938783859 26.690441274750114 26.67718956850107 26.654195808081287 26.621979937497354 26.59105377781942 26.573958755288185 26.58022294641873 26.609116356627936 26.65292500627338 26.702411988208937 26.73965178451961 26.757706843478946 26.763899416675812 26.76423578171945 26.762081553933783 26.759594467456647
26.71050990435552 26.714783946494393 26.726951225384227 26.744026760188415 26.758673937376802 26.764476791694737 26.76227233226531 26.756084593998875 26.749337106527992 26.744707075302127 26.743786764644916 26.746824826055953 26.75265501331149 26.759076781840353 26.763661078376217 26.764064554563756 26.75775563014045 26.74229664216587 26.723792909616634 26.70203963909133 26.685345433922652 26.677362522740133 26.673143083313683 26.673169047747564 26.678020038741856 26.68570620449285 26.687574099600436 26.682517656366077 26.668886782469492 26.64301469880248 26.614652286234236 26.595559895833453 26.596564664858175 26.61634071302602 26.64813299473485 26.682116449380782 26.71920334114533 26.75296218865537 26.763585999041307 26.763842442413736 26.75955635329968 26.75416241424117 26.75017761243494
26.711674417412425 26.714516564680558 26.724151601476294 26.741721398016782 26.75969598222403 26.76444095379214 26.758646400122903 26.748024365920237 26.737050561746855 26.729463657361467 26.72783276394619 26.73276779575363 26.742089212301995 26.752467417934522 26.76078017428215 26.764517613159754 26.761669551778976 26.751781670417312 26.737386158320277 26.720249992708588 26.70496276170638 26.693946718894473 26.686234140115545 26.681390963221315 26.68076279634209 26.684831386004998 26.685326343464215 26.67850567784504 26.662029189506182 26.634226784742985 26.607149144926673 26.602962926479893 26.621075085540912 26.652464365621736 26.687900242146174 26.719745531123905 26.746407590872483 26.762138198603925 26.764073160022477 26.75852696448785 26.750150707276415 26.741985829330204 26.73645167917225
26.71788290212305 26.72046940823859 26.726428316979412 26.736291283257007 26.761120024845997 26.763512760152253 26.753486704682096 26.737736867590208 26.72152223203338 26.710004900051924 26.707690787825438 26.715596295904575 26.729819401363454 26.745059320846305 26.757214850825186 26.7636797554584 26.763869627417076 26.758238040822512 26.7481922678845 26.735157655563235 26.721512460020413 26.709817365786286 26.700216847380613 26.692724259246987 26.688227700198443 26.688554786296354 26.68793152015731 26.679898930124796 26.661394170285714 26.636039999777772 26.617228640881983 26.617376040881265 26.643977389973607 26.68310667967929 26.71877727888216 26.745193518412 26.760483700495474 26.76449523746736 26.759583830752813 26.749382467092175 26.737394941916182 26.72660755259623 26.719743332570395
26.728535674955868 26.733515671317825 26.74169542637567 26.753605518037286 26.764077800419223 26.760869137762818 26.746888831622172 26.72626089547344 26.70385214001736 26.686620226634723 26.683571570204645 26.696926836204188 26.718134703505513 26.738660480119474 26.75364975057181 26.76216299400349 26.764538791972008 26.76173918540245 26.755153875717454 26.74541844938031 26.734443279798338 26.724111087916913 26.714131574568906 26.70523989329431 26.69836629539028 26.69587525107292 26.69461864024822 26.686107940857067 26.66730390467682 26.649140488452606 26.640060965724192 26.644274155867866 26.669016148233993 26.705240248746254 26.737671785762934 26.75722735416851 26.76438276230375 26.761858287813368 26.752278072778772 26.738201922108928 26.722719227012952 26.70906817389761 26.700651078036703
26.73981238944646 26.746639204567202 26.755286602439355 26.762653321219155 26.764107841765945 26.75639311468312 26.739764999217414 26.71605971595803 26.687832323359885 26.661214407570217 26.656111877567756 26.680611770730412 26.710264105084754 26.734361420452846 26.751183586209166 26.76087977908656 26.76445293526663 26.763355006498724 26.75903414362987 26.752099155999463 26.744169455133125 26.736390788554782 26.728016351526257 26.718574425972154 26.709623608220333 26.7056138912609 26.704662138320735 26.6966356357431 26.68167496501707 26.669859141121506 26.666244947494093 26.67315938324212 26.693325893974475 26.722603344706762 26.748184275266475 26.762070131333694 26.764156574714693 26.757646797678202 26.744645402355303 26.727209157781388 26.708109481271187 26.690852861697874 26.679999807415356
26.748611587303124 26.755311817990318 26.761687649020455 26.764545677788735 26.761740271870426 26.751826394234918 26.73457413387824 26.71072384957305 26.681372276325405 26.647650770087374 26.636203362219003 26.676807262135394 26.70960714679041 26.734255294122278 26.75107112848095 26.760671198287284 26.76434298440336 26.76390485346539 26.760943044626202 26.756340369721443 26.751429740347373 26.746681830140577 26.74121237523432 26.73349393817729 26.722565825470728 26.717459586952913 26.718798988760867 26.713105999408988 26.701667001449632 26.692787187071975 26.690465049312134 26.696965727822032 26.71242604358816 26.73513249770732 26.754230550808888 26.763613063580454 26.763077823015163 26.754262667236528 26.73902074147831 26.71900211362035 26.69641190907801 26.674464211731742 26.659068085617122
26.754335742100167 26.759968611982888 26.76394941064626 26.76405182807549 26.759313994895667 26.749081535754225 26.73335455326436 26.712995786194742 26.690017014019517 26.66981687417964 26.669429579116112 26.692459327258895 26.7181891397486 26.739135767674366 26.753690121210077 26.76179757124074 26.76449270480747 26.763822612193167 26.7616039108806 26.759010528578976 26.756870018413032 26.75498483846595 26.752646090893094 26.748568184995293 26.74223583475579 26.738139100181012 26.736738092426226 26.730604350511474 26.720186745490448 26.711338939196104 26.707934971771863 26.712682671979437 26.72507918090056 26.74295357615666 26.757066396040003 26.764032945677783 26.762675865267227 26.75321013039243 26.737353152572375 26.716424548024143 26.69179804351077 26.665108515928104 26.64073113816947
26.757572206866953 26.762112300707823 26.764495586001054 26.763276380759926 26.75809580128347 26.748909453543263 26.73616212606742 26.721186396661583 26.706749337556573 26.69801756979438 26.70080273986593 26.71416837722731 26.731512021789083 26.74708128890647 26.75810464092685 26.763648536233454 26.764405711829802 26.762835364453995 26.7612455653819 26.76068680754825 26.760868080314882 26.761072586744124 26.76080568217019 26.759619449556656 26.757406962786018 26.75485998805084 26.751545241507745 26.744634920510574 26.73357319498712 26.72254575552655 26.71600922191706 26.718155187534904 26.729317947128166 26.74479114126799 26.75733716499232 26.763878224905763 26.76334372346868 26.755237794192304 26.740919874394937 26.72171611359191 26.698462640874325 26.671366660456535 26.640240423725096
26.758517118946955 26.762624201681156 26.76453885699103 26.76323242136628 26.758653687490693 26.751127332922213 26.741524437277537 26.731514464780638 26.723676792819024 26.720935351688585 26.723952468109957 26.732653613690726 26.74416370759619 26.75490232074341 26.762210947172388 26.76454570186223 26.762298354225777 26.759561000453147 26.7599545827237 26.76202813558244 26.763588385339837 26.76424368761382 26.76441523717386 26.764357904690605 26.76396220821149 26.762999683860674 26.760659623335652 26.754940881173845 26.74400027644928 26.729916745419384 26.71762593888134 26.71518315238262 26.725503238181492 26.740333561498275 26.754047838386235 26.762487116306865 26.7643898987948 26.75936293626678 26.748366034879673 26.733176311312373 26.715113292788534 26.69541927856635 26.67655154533873
26.757541921509258 26.76197790329895 26.76440062177229 26.763906878478522 26.760679358517336 26.755223997202403 26.74854977812896 26.74217552166414 26.73810300268688 26.73781724175343 26.740715363426 26.746606421947217 26.753965850789776 26.76059766163064 26.764320318738122 26.763023753153664 26.755490340955568 26.75181347629094 26.759018534885286 26.7635425326066 26.76455232602032 26.763926573862783 26.763121396680678 26.762923933250587 26.763476710345017 26.764290479680763 26.76438177342293 26.761360706383776 26.751914804870374 26.735174058564297 26.714532227340626 26.70331096853414 26.711357925441526 26.728426997665167 26.746030948500277 26.758308640417887 26.76410071888976 26.76323245573 26.756224469510485 26.74588493924518 26.734332363152436 26.722244757078244 26.712944916340618
26.754254654893312 26.759760369163498 26.763559296098766 26.764532775876194 26.76305516644976 26.759745356734467 26.755566105076657 26.751826761771262 26.75014880741958 26.75043941282398 26.75238253402546 26.7560465449396 26.760261999430647 26.763594608880226 26.764433335176847 26.760784966638944 26.749471352476945 26.746630524087916 26.76098981185502 26.764544743055506 26.762963261575855 26.759506335262845 26.756516619339504 26.755519605577906 26.756800275710656 26.75983804545133 26.763424354478545 26.76427090350234 26.757765787619096 26.739671588602114 26.706855002331753 26.674029615531005 26.680957354627193 26.70617620234041 26.731524857708177 26.750105252797397 26.760828722619916 26.764531701059457 26.762234851353313 26.75643860071068 26.749603080683265 26.742840184371136 26.738450422868603
26.747208842584985 26.75469072362795 26.760927147509488 26.76398250381333 26.764482047522314 26.76322571374855 26.761142575030515 26.759443946763334 26.758983810085784 26.759219070805585 26.76011566193399 26.76171341759212 26.763531163446675 26.764531265783692 26.76386615756589 26.76113291247779 26.757871618648245 26.759843485700856 26.764209616706513 26.76328973136194 26.75767094401153 26.750068501423396 26.74369181634413 26.74142611622829 26.74405492065775 26.750647365756198 26.758763852053708 26.76416416641682 26.76179600667806 26.74507597061846 26.702754951665902 26.61025320967752 26.641359475460558 26.679420247664414 26.713020083556703 26.737926234599136 26.753812719775848 26.762131441087405 26.76455516650455 26.762812971369996 26.759161737768927 26.755775015233958 26.75418405763925
26.734741928750637 26.746547359016382 26.756338578929384 26.761753799112302 26.76411531895509 26.764531713895433 26.76405501062627 26.76361450576102 26.76364725227845 26.763803117448138 26.764051675762513 26.764351063571784 26.76455366214346 26.764285250652094 26.763400371929542 26.76246998970939 26.762763211831786 26.764225159849186 26.76393043984043 26.758769486120805 26.748548108777758 26.735419383071946 26.72379004387752 26.719554760461712 26.725208323740873 26.738033438106385 26.751929638773653 26.762045245744165 26.763933631361436 26.751190923881484 26.715653367489423 26.663056725382784 26.645988893868562 26.665944296478067 26.696429588653743 26.723526284563338 26.743212003778027 26.755632280603553 26.762278756006697 26.76454129249151 26.76374230437966 26.762416451129624 26.762149195757885
26.724963626207337 26.738315223166236 26.7508312775745 26.75838261348694 26.76235214123625 26.763979081051698 26.764445579399194 26.76451280362897 26.76445215333497 26.76436232835457 26.764224705395534 26.764004944687166 26.763657368789335 26.76321692299718 26.762858137635288 26.76323424973862 26.764235444872536 26.76436169139263 26.761224784386833 26.752630837765402 26.737754812448866 26.71762554342304 26.697063002336126 26.688857441849628 26.702064290456644 26.724625748043707 26.745344224421785 26.75944079323675 26.764545139362006 26.756596294047334 26.73174278885209 26.698706256423637 26.674493695984186 26.674544669718415 26.692414722993984 26.71445507278929 26.733367991333406 26.747064845488094 26.756895369162496 26.762679364809173 26.76443397113017 26.764513051397508 26.764508286841952
26.719125412494332 26.731788495143434 26.74548319481983 26.754708679197186 26.75982330106877 26.76218440524228 26.763064128975124 26.763064692605486 26.762482043333254 26.761986291697692 26.761593335902724 26.761258590488058 26.761051393003292 26.76110051492964 26.761796703890294 26.76331110260051 26.764497592038396 26.763662173767642 26.758824593008008 26.74807566363772 26.729978162495467 26.70373764845584 26.67003123558925 26.650191605078376 26.68272303259443 26.716033964058045 26.7412056731836 26.75754127820972 26.76443827503841 26.75986778634974 26.743140958614966 26.72058381789092 26.699784948914118 26.692991741618155 26.700647802399256 26.714993013363998 26.729552370436892 26.74165266544631 26.752451996365036 26.75988083603388 26.763054597085212 26.764065318323116 26.764140015620818
26.714607192629618 26.726706207115754 26.74090337562574 26.751485230312266 26.757255153370984 26.7600067256799 26.760930158314235 26.760467746043364 26.758963197748475 26.757870386966292 26.757208622885464 26.756849884498106 26.75696210669038 26.75799378649752 26.760160779795132 26.76262120029227 26.76443084813313 26.763665215298605 26.758653401797456 26.747835402071857 26.72989303012156 26.70405385022299 26.671568479531395 26.6552589907742 26.685882208905028 26.717850462914523 26.741988430289425 26.75765887697047 26.764365497353964 26.76145138788859 26.74970139968243 26.733894904498168 26.71884987910357 26.71252622770589 26.715605963587507 26.72402030192224 26.733566860436724 26.7426094052522 26.752111073024626 26.759155735978705 26.762392775618583 26.763560738600322 26.763658727358326
26.712121921478793 26.7234591164114 26.737665173480302 26.749153580890546 26.75543153590966 26.758407052726646 26.7592388197128 26.758207364859004 26.755276392506943 26.753619164225604 26.752475541363623 26.751757240738865 26.752184688087617 26.75425940231509 26.757614212775415 26.76087663371785 26.763735791361025 26.764348485012622 26.760752622033827 26.751933826854053 26.737378800511312 26.718024486370602 26.699816041503084 26.694485595199772 26.708409590146598 26.729468504866123 26.747811909878266 26.76001269613839 26.76453503208256 26.761654601543082 26.753325297283997 26.742581084285867 26.733385780600592 26.730022241668998 26.732162490643578 26.737327591207393 26.742928025779605 26.749034772361192 26.756012581552945 26.76115253323902 26.763435325432116 26.76418618484001 26.76423822764704
