_RESULTS/CROSS_VALIDATION_POSTPROCESSED_CLR/MHZ/TZ/4comp/2/MHZ_TZ_z_500_kriged_reverse_4comp_spherical_2.asc
ncols 100
nrows 81
xllcorner 5.5967107548124995
yllcorner 50.982328804812504
cellsize 0.00017565037499993607
nodata_value 1.7014100000000001E+038
[rows 36 to 53 of 81, columns 0 to 41 of 100]
-0.5134770891444327 -0.5431372289415967 -0.5730714936943261 -0.6015243969994839 -0.6269482125097231 -0.6481004636438228 -0.6639898374836927 -0.673850191849849 -0.6770155662847097 -0.672768221657277 -0.6615195627669083 -0.644541137056549 -0.6255977229177836 -0.6060318424496545 -0.5870274939576458 -0.5697543524606492 -0.5552498675104305 -0.5443886298002403 -0.5343048094789036 -0.5185395408573815 -0.49433716193202315 -0.4612947172472119 -0.42041752461924303 -0.372498228341425 -0.318090707130503 -0.2571227522282826 -0.18615508571748557 -0.10138398400537463 -0.001544456157154539 0.1109575122335032 0.232623717268108 0.3589138734810671 0.4847451310272675 0.5996424605695769 0.6779356002049137 0.6831977424045046 0.6313050941811627 0.555583685693466 0.4685943052012758 0.37514082636263907 0.2780571774460013 0.17967499405537096
-0.5124546894486632 -0.5447318325249 -0.5782042165371468 -0.6104810662260265 -0.6398778508133809 -0.6650841538623802 -0.6849262352874668 -0.6980425210967984 -0.7028903178639375 -0.6991383628037486 -0.687133738857983 -0.6679516580002884 -0.6451770694870562 -0.6218349575893096 -0.5989225359597997 -0.5777028905763514 -0.5593396476765616 -0.5447661691675387 -0.5305083947529821 -0.5077278691973379 -0.47502460181864536 -0.43355910442771295 -0.3843298247727729 -0.32817376614499866 -0.2657811602976026 -0.19774714324748607 -0.12214927423102664 -0.03689137381132007 0.06039185949122261 0.16934651190700695 0.28753100931760583 0.41207964507247113 0.5379662574759452 0.6589310388384377 0.766978650680971 0.7348540509796646 0.6418992153521028 0.5418384453423386 0.4373480435577131 0.3301503880325079 0.2220237692389057 0.1148847820732507
-0.5132539680565005 -0.5491806064364928 -0.5867976315890231 -0.6229979081983459 -0.656415626253744 -0.6858305506260671 -0.7096366059929538 -0.7255466847199799 -0.7322344793891014 -0.728882334583415 -0.7156165999494752 -0.6937249699931187 -0.6661145719025867 -0.6374178925820557 -0.609750364092477 -0.5840791500042921 -0.5615422641530586 -0.5431057224531072 -0.5233415635890172 -0.4928258688679164 -0.4526325483036313 -0.40391109000099923 -0.347679162076863 -0.2848469482235713 -0.2162554415092671 -0.14273899315969563 -0.06408313036642088 0.022583894557487827 0.11661641516058951 0.2193429357323033 0.3298136223994566 0.4444612418967406 0.5555235229166502 0.6569205170045587 0.7281996608808432 0.6991345107288884 0.6067034585832385 0.499376679084599 0.3861353335303785 0.27033297059176514 0.15442995678853172 0.040721609936188397
-0.5187000178449354 -0.5585125953125794 -0.599220745155431 -0.6386334808627172 -0.675738159515637 -0.7092192267998634 -0.7365855802528858 -0.7558729291579682 -0.7649688362042599 -0.762072912752551 -0.7468718551389801 -0.7211433864341024 -0.6880789467304094 -0.6529231913677073 -0.6191943823166854 -0.5885999758941085 -0.5617127213430925 -0.538458201125159 -0.5116108235258149 -0.47441129929612214 -0.42790679643000384 -0.37324015861866383 -0.3114558795643597 -0.2435419851013516 -0.1704841919727977 -0.09333484654022928 -0.012899638040263284 0.0734798242277927 0.16542924235191375 0.26121149341381006 0.3601818381202267 0.45612436083781865 0.5425428559574352 0.6102186909485074 0.6401214034456881 0.6118561494131349 0.5344928715974042 0.43153358809084846 0.31669630710807456 0.19680969486801697 0.07610915238304722 -0.04212579069515454
-0.5350178937708803 -0.573635529919523 -0.6149387533846835 -0.6563471522593971 -0.6964646197236807 -0.7331221589568073 -0.764375469679206 -0.7880432824322563 -0.800759786490151 -0.7987192855972836 -0.7805439777726423 -0.7492279014084215 -0.7098584991239502 -0.6674381739209465 -0.6270507724500493 -0.5908302728863477 -0.5591783928902004 -0.5287932170713879 -0.49557375113382884 -0.4529104364145938 -0.4014143025553542 -0.34221750405822593 -0.27638392560995323 -0.20496624413968972 -0.129074469987402 -0.04995399250221061 0.031012438820853416 0.11568102238778061 0.20410197152465342 0.2940207792057807 0.38020877107511125 0.454988296321201 0.5153088795343108 0.5536003528396041 0.5584593348295275 0.5222026380128939 0.44863281020420936 0.3492554991680847 0.23486261699678318 0.1131047990228331 -0.010580257478494504 -0.13268263441475425
-0.5514456504040594 -0.5904005613134817 -0.6318960508575917 -0.6743952719280041 -0.7162335394027164 -0.7553365073271532 -0.7905796059762706 -0.8198809680088872 -0.8386450189790905 -0.8387721698426456 -0.8155995876245017 -0.7758658166350683 -0.7286565350627645 -0.6794173781484346 -0.6323568987722883 -0.5900029623374925 -0.5520004729346503 -0.5141990650738054 -0.47539223337845804 -0.4286372720372256 -0.37358792268866314 -0.3113555058962583 -0.24300296001934216 -0.169618794910463 -0.0924019525567264 -0.012752431988077406 0.06763706567805833 0.149672256430689 0.23375261285914956 0.31674761767532283 0.3898302358983284 0.44766458410865045 0.48602850283982907 0.5002446498143625 0.48588644950845 0.439128764680279 0.3624392875896875 0.262593510846344 0.14742213034528 0.023869826764373936 -0.10231568230844351 -0.22561262119109224
-0.5674938841596855 -0.6066934838950235 -0.6481271039545226 -0.6908295504327399 -0.7328037682582892 -0.7731100907622196 -0.8113284766874798 -0.8465331519317187 -0.8752531427757171 -0.8821237117570242 -0.8484395338484183 -0.7964351136925792 -0.7409345548805775 -0.6860735518175962 -0.6330992836317519 -0.5844103598708327 -0.539401233257111 -0.49499961484799093 -0.45119342938252427 -0.4018456406481794 -0.3447812189331786 -0.28107446466194763 -0.21175339097313725 -0.13789808564912137 -0.06074568880126935 0.018205344273827972 0.09709063647308852 0.17609135942537452 0.2557376213307882 0.3306612336653257 0.39161913436602697 0.43475423524291196 0.4564208836139368 0.4533479644878287 0.42340492689236525 0.3654941386831965 0.28199967777940765 0.17823566717404654 0.060166603110792916 -0.06622971298738334 -0.19381043488356273 -0.3110203507539431
-0.5828494299850486 -0.6217458551629409 -0.6624560513993707 -0.7039456175134295 -0.7444667205752973 -0.7838110868670354 -0.821999753687028 -0.8591366511156513 -0.8953758026375651 -0.9264275626206251 -0.8644110004239312 -0.802843222061574 -0.7422809309322147 -0.6832915490545854 -0.6267087655110353 -0.5734041971087258 -0.5219012232425215 -0.47171287207988055 -0.4231976723137465 -0.37278239140381514 -0.31532354277136976 -0.2517682091198339 -0.1830566148813983 -0.11020073125350976 -0.03441335610365426 0.0427791389559401 0.1194263032286953 0.1954000446347986 0.2710857827244522 0.33804546032893573 0.3888050294340864 0.41953728912065197 0.4269640915701522 0.409130031617885 0.3658058640467899 0.2980220133991052 0.20752421545316707 0.09860555635604884 -0.023650535126429784 -0.15391697056558448 -0.27693622212730196 -0.3874530558775355
-0.5974250754507467 -0.6353295492693216 -0.6744129333882198 -0.7131576861685378 -0.7504583386379622 -0.7862272113396818 -0.8202297954790416 -0.8516137908489476 -0.8769028621599149 -0.8806454353156601 -0.8438715294862745 -0.7884821541264484 -0.729053396293996 -0.6695539986066956 -0.6117478848952684 -0.5563105751512317 -0.5001436120103271 -0.4451220978679802 -0.3927228407423315 -0.34172937321482144 -0.2855688670258236 -0.22386437685137162 -0.15738434686424327 -0.08700001413649949 -0.013837107673600357 0.06062199277321084 0.1344405513422604 0.207613845105227 0.2797203500384739 0.34044755237805163 0.38356835330512024 0.40442985373475576 0.39954262635475285 0.3680342901951485 0.31154805871988106 0.23297112726881136 0.13439761163469294 0.019360330089420563 -0.10789017789497357 -0.23881262169779982 -0.3550577159400863 -0.46003612990881093
-0.6107796778392192 -0.6473027935291782 -0.683831500974309 -0.7185879873930014 -0.7510708509125019 -0.7810856011968539 -0.8078630183245838 -0.829381089486332 -0.8409438541057727 -0.834263201240367 -0.8044285599387314 -0.7578707296889573 -0.7033756609058828 -0.6461413913811995 -0.5890299772447014 -0.5326690616675673 -0.47445559271867094 -0.41641119664509046 -0.36102949169283427 -0.3090264932308854 -0.2559410046494395 -0.19788394578262636 -0.1353150082729966 -0.06889211107553761 0.0003831214412879924 0.07111965882748783 0.14148989223480868 0.212100767676141 0.28124327238750174 0.33823880293706926 0.377044111893933 0.3910518172284186 0.3752277970473365 0.33000802912453514 0.2599639522024743 0.17000082298860314 0.0629271418078618 -0.05864276532550622 -0.19044658732624375 -0.3166116462323356 -0.4272093302070796 -0.5275880518508637
-0.6209395332958665 -0.6557782114646868 -0.6889401315071333 -0.7187625031274927 -0.7452798465732946 -0.7683294664688729 -0.7869349066712814 -0.7989734719597785 -0.800937690710338 -0.7887647334154027 -0.760752245057702 -0.7197090634573926 -0.6705534158908866 -0.617061534144581 -0.5619655258539311 -0.5054552680686224 -0.4457623767833797 -0.38598592045840374 -0.32911771919655536 -0.276287246505587 -0.22700150571167868 -0.17452119237728994 -0.11757999266988467 -0.05659814900734589 0.0075126423143162535 0.073440178680168 0.1395918412093582 0.20750373463074706 0.2742268184048568 0.32995611929618346 0.3688180437098148 0.38045901197044213 0.35417868155891924 0.29342771898536574 0.20904996141607673 0.10790982916029423 -0.006835936369115503 -0.13295686577889954 -0.26548525860495076 -0.38550236269222937 -0.4905932617586588 -0.5867127847599336
-0.6279683397511322 -0.6608445394384423 -0.6896898496197948 -0.7136209680296418 -0.7335315302459318 -0.7494709339659774 -0.7605052151032827 -0.7648638947823156 -0.7607253440481931 -0.7469938464579213 -0.7222807875990909 -0.6872580662382929 -0.6440691647439087 -0.59519464976652 -0.5428812614666632 -0.4867577482595837 -0.42565707547300635 -0.36301642912907234 -0.30314129733532574 -0.24907482512090573 -0.20100681121919317 -0.15483791969517174 -0.10509600270360159 -0.05090648711530138 0.0068087101475579614 0.06672638045697515 0.1276801603835796 0.19198252488711315 0.25580140851057837 0.31107534935195097 0.3543241051461789 0.37293708056433744 0.3336403681925378 0.2529465652196951 0.15500022587727608 0.045672300839211644 -0.07324186928467685 -0.20140073027241695 -0.3306105191251366 -0.4436851572826174 -0.5419484068062727 -0.6324367583642427
-0.6319753089433973 -0.6631590329364572 -0.6863583462341527 -0.7034314387928272 -0.7166339999373111 -0.7260199678456931 -0.7313305030942636 -0.7332160077103356 -0.7293777451033461 -0.7176483497249425 -0.6968279541129501 -0.6669570298591436 -0.6290693983068008 -0.5846875363827595 -0.5354458435187633 -0.4805537625493983 -0.4187198516801292 -0.3528353615915175 -0.28861977204240513 -0.23458978400077257 -0.1887075551256498 -0.14551168138709714 -0.10047549787258275 -0.0524058875446235 -0.002252001999930253 0.05041431606017782 0.1050752395908679 0.16403636142828487 0.22279029321338023 0.2742240292003763 0.3172589587451116 0.34987497262382 0.2928629241032044 0.19872857508250868 0.09518502649335853 -0.01672923178092134 -0.13616344528159938 -0.26333719947594925 -0.385452381496753 -0.48972382686727756 -0.5783148154309945 -0.6591512531305088
-0.631447082822416 -0.6631856849085613 -0.6774207691087756 -0.6874486014554508 -0.6948572910830941 -0.701657541218978 -0.7078329353371118 -0.7111280333230383 -0.7093734521988122 -0.7007761757751304 -0.6842097533042226 -0.659351792974201 -0.626592772218082 -0.5868025017746572 -0.5411265433560558 -0.48888066315835044 -0.4279040604768308 -0.35998388499273903 -0.2875620953747578 -0.23718360096120533 -0.19533232995413882 -0.15218016239925292 -0.10920096503056104 -0.06436988495745677 -0.018392869666344347 0.026300172789959275 0.07349936194823237 0.1250315339716579 0.17595768063830836 0.21815967256223162 0.24763837267362349 0.2516417533951291 0.20705369997024686 0.12517943910154794 0.026470880369462935 -0.0820787132582404 -0.19788750324283902 -0.32028583159865487 -0.4324688810596683 -0.5255047669563248 -0.6013572422397038 -0.6677628518322574
-0.6180610080664913 -0.646082085089871 -0.6578034412567458 -0.6648162140797731 -0.6731904786676037 -0.6828600920788658 -0.691878292147015 -0.6982314152300191 -0.7000155685936543 -0.695627884281913 -0.6839396609918118 -0.6643892062350873 -0.63696509567401 -0.6021145513089448 -0.5609106711553254 -0.5128718117802836 -0.45543962718558983 -0.39093642815472435 -0.3249987265614732 -0.27083805972548347 -0.22434336706724536 -0.17816800031433022 -0.1324561250067747 -0.08868174873666851 -0.045639536913993695 -0.003958877657659621 0.03708640799937907 0.07974372580580646 0.12119828018822609 0.15147595287881327 0.16523566375985715 0.15447199645562476 0.11204300997848482 0.041377405180862414 -0.04796458615992205 -0.1488980620680636 -0.25756729679496043 -0.37181721603159945 -0.47382513875538906 -0.5565823769262495 -0.6192572608982885 -0.6680853515921633
-0.5935354423324775 -0.6153202863887484 -0.6292696898434691 -0.6416363643123636 -0.655318509489228 -0.6696167759323948 -0.683057463473492 -0.6939315677834121 -0.7005487564343 -0.7014134826094723 -0.6953617661109845 -0.6816492832321785 -0.6599856305411628 -0.6307525192875068 -0.5947749900001018 -0.5520731920754747 -0.5000797477957266 -0.44156583869147636 -0.38174437366444713 -0.3254107807170158 -0.2727566282835789 -0.22182458183169895 -0.1723427647482368 -0.12544064311626327 -0.08285065769913413 -0.04308057424767925 -0.0038798466658730435 0.03158015967530797 0.06223280593751168 0.0807926388274085 0.08291964341609526 0.06430249244841912 0.022299905386794827 -0.041369872241054484 -0.12171277258734542 -0.21348601062564454 -0.3135925776002005 -0.42062076515694596 -0.5138967587751648 -0.5861607099847341 -0.6353511581750402 -0.665889172114962
-0.5669144386139853 -0.584742324936337 -0.6027891980956102 -0.6218639879632819 -0.6417758874105528 -0.6618814952394596 -0.6809806796373243 -0.6975945358095217 -0.7101800290586056 -0.7172880459579851 -0.7176870157074847 -0.7104645663488995 -0.6953114450149458 -0.6723081787480123 -0.6419488308774776 -0.6048828268044852 -0.5586806579431868 -0.5053462099293813 -0.44880569546661647 -0.39160214667944493 -0.33512215387295946 -0.2798901639170647 -0.22655620353776132 -0.17639283909012338 -0.13067870790434655 -0.08821400353061593 -0.05071899669349317 -0.01947250554880553 0.002611856642673882 0.011757862907630257 0.005810189840598612 -0.017464655045926925 -0.05901595734910042 -0.1175805014142596 -0.1900188668973399 -0.2737857965551621 -0.3676404992547894 -0.46761629103776037 -0.5525232234319991 -0.6148231656162064 -0.6520646116183413 -0.6657900559589837
-0.5406378170151271 -0.5586367673403997 -0.5815837045581213 -0.6067611764548222 -0.6330574391389808 -0.6595949287460294 -0.685210386765781 -0.7085223411167563 -0.7280493413648397 -0.7423251663773219 -0.7500427683344878 -0.7502924579529904 -0.7423662192550174 -0.7259745442090602 -0.7013889856575402 -0.6695251147992232 -0.6287363996128826 -0.5794978050933264 -0.524987966363891 -0.4671140344459138 -0.4079573436268612 -0.3491985099779152 -0.29234055428168493 -0.23901431998343037 -0.18869078510162554 -0.14254342586655538 -0.1035635289454096 -0.07363047382097909 -0.05479724982234102 -0.05210498684614345 -0.06368052772354843 -0.08975407321799383 -0.13046791128884333 -0.18466076055043268 -0.2515761527380375 -0.33032023092463486 -0.4181207011806311 -0.5112226024290574 -0.5889262090083847 -0.6426749808270166 -0.6699958537016703 -0.670312813870241
