_RESULTS/CROSS_VALIDATION_POSTPROCESSED_80-20/MHZ/GZ/3comp/2/MHZ_GZ_z_180_kriged_reverse_3comp_spherical_2.asc
ncols 100
nrows 74
xllcorner 5.5967023332191781
yllcorner 50.982320383219182
cellsize 0.00019249356164376555
nodata_value 1.7014100000000001E+038
[rows 0 to 19 of 74, columns 0 to 43 of 100]
43.70217292334122 43.62347309335558 43.5950522576481 43.62403684028103 43.68572426308574 43.757364402349026 43.82143975721353 43.84547943190425 43.792869942000664 43.630414570715 43.33062288833311 42.87079067170902 42.23206639869617 41.40083730142862 40.36926451794444 39.132345884483485 37.68543966467444 36.02136401063702 34.127190780103604 33.98381696989777 35.44468441091719 36.80726176280164 38.07456001913967 39.2422420964431 40.310331188808185 41.26955607775534 42.114167248712434 42.8339607565952 43.40207913528389 43.830854118762495 44.13784892993566 44.34078054657753 44.464071540169364 44.52916540861916 44.55137837716385 44.55516481195445 44.55968681142552 44.56361010973095 44.58038823059478 44.640247407068024 44.73691508690068 44.8594825074081 44.996945299813085 45.137350829744896
43.635846714627554 43.562850334981896 43.538992568040044 43.57371094326758 43.65148147641788 43.75893185317798 43.877997868946835 43.96303330961823 43.96815898477099 43.85774622688978 43.60387369265874 43.184153640470875 42.58547021167535 41.79783973304143 40.817309752391466 39.64911053764713 38.31204290197183 36.86778148904338 35.588425307636356 35.370291281506844 36.22057673931551 37.323953736069925 38.440702808151414 39.51244518391754 40.509246028520444 41.41025516064951 42.20589150027332 42.89530901761805 43.44020207954924 43.83668287830246 44.113284920944714 44.29568298633041 44.406645508216954 44.46533352976774 44.485684474397516 44.493068415569155 44.50550599179172 44.52833102967118 44.59959263649635 44.71322769410508 44.853694706798024 45.00679870020764 45.16723538625382 45.32544948226533
43.59846707784795 43.53167626164113 43.50988267863976 43.54081825564441 43.62123309988397 43.76403673401283 43.95854544291025 44.122052556451706 44.19788413673585 44.15099969120042 43.95683478557193 43.59849672713276 43.065448116449986 42.356028959111555 41.47801338679288 40.451215282700566 39.32822248680257 38.22533314610386 37.38889234137809 37.14725298103606 37.52728425251043 38.25116414618032 39.111968836324614 40.00747055848252 40.87521648697987 41.67868989349197 42.38269624642594 42.96301995289982 43.43245042916359 43.778229387978776 44.021377938990575 44.183255601962 44.28280900468468 44.3359428296292 44.35440985744082 44.367176347559976 44.389731135180185 44.45704444677236 44.58387534888164 44.7513629435823 44.94052854082703 45.13441085250199 45.31950690038395 45.487754205425084
43.59405764186888 43.53851900307071 43.524152087130446 43.5513481093426 43.610574482521145 43.76451562629376 44.07613603145825 44.32479972867891 44.46874024851338 44.48904512765627 44.367974091665296 44.08996690122254 43.64527411075564 43.03490763483964 42.27691830709704 41.41016492660686 40.49759133213405 39.65051168101536 39.02697219290992 38.77375835044857 38.91385782158179 39.34327919234071 39.95067536776959 40.644655849032425 41.353268513581625 41.991791901148 42.53245646436871 42.98692729923137 43.36763407347263 43.656583769721856 43.86205851488616 44.00084365580245 44.08765241344435 44.13449266085692 44.15126723714465 44.17254099463139 44.22151763258715 44.34636532503819 44.5324525648127 44.75566667075469 44.99269280321692 45.22331065029676 45.43204195444354 45.60978959665029
43.62368701529982 43.58814801907765 43.59625258425414 43.64750687417659 43.738042499485445 43.92574968935066 44.27671264354886 44.56697444271314 44.76395685096488 44.85126415181227 44.81109618815231 44.62658069822126 44.28480107708376 43.78375936273817 43.143479341718844 42.41291187443345 41.66393399103402 40.9826672193295 40.47040832755472 40.20628532309648 40.20824363329296 40.43373325244778 40.832507841584196 41.334941809526846 41.824492404396935 42.25743917183904 42.6328721011891 42.95776932995823 43.243247848133215 43.46974964535343 43.629860336609674 43.73909009032763 43.80820868754935 43.84529619295976 43.86154647193072 43.89655403904368 43.99653721150574 44.18761157025805 44.440928575846215 44.726479818129356 45.01561865801042 45.28364205779664 45.51152101252804 45.68814138681528
43.68263262403626 43.674159491629425 43.717107526215585 43.8160769640928 43.983742808924156 44.229488152287125 44.5339258947959 44.826395820615694 45.060655768155875 45.21008898587552 45.253875059887356 45.17219428296209 44.943936188720556 44.55322217994709 44.01395189918358 43.38374394195713 42.74245547164471 42.16454762016629 41.71367306388707 41.43799574902455 41.35086437828848 41.4350565153457 41.67098812631005 41.954018223898366 42.22162244915768 42.463393001222336 42.678165782136595 42.87131703510257 43.052176003571645 43.20950209547336 43.31361287944463 43.3809515985834 43.421681705333 43.44091193977789 43.460429482764184 43.52400611967194 43.69669683094746 43.967268389642975 44.30029236945192 44.659845257587605 45.0107166077046 45.322539895943976 45.571257964015544 45.74073121459575
43.76088559492048 43.780233253957576 43.85741885311899 43.9969151697633 44.2052579884906 44.47317684142009 44.769180082540444 45.065012406602946 45.32808876359232 45.53239926031647 45.65775271396815 45.68495846959665 45.58425102498299 45.304294981213936 44.83414329630521 44.26225986467912 43.68441545558618 43.1678521571507 42.75266264124163 42.46648067080369 42.31834410788956 42.303273809873666 42.374894857658525 42.45545715972712 42.533041567801874 42.60221607571032 42.66370896831883 42.72338147576881 42.7907653534372 42.86106119219648 42.89531024681332 42.90034401194117 42.89281034075154 42.878975157770455 42.90841773393751 43.02474699752997 43.29633531764833 43.66427136927553 44.09429124475828 44.54550666816338 44.973555643975395 45.341577723162295 45.6197948984767 45.78473070242592
43.84678385815097 43.88894068613743 43.99144824613043 44.15597128203312 44.38159639206303 44.65467910185654 44.95120874121782 45.252674037369786 45.53727232602143 45.78433331478425 45.97811858546395 46.10746750747918 46.15457761736149 46.00793992119852 45.54162509928122 44.987933705501085 44.45097377090599 43.97384350053411 43.58350618276703 43.29098444456348 43.101524317620445 43.00107486186927 42.917137592727514 42.83683841345698 42.755362062473054 42.67122965798404 42.58718941046425 42.51031114382631 42.45159830631196 42.41126948680526 42.346857666321306 42.26105250400156 42.17136631016506 42.10986358320643 42.14628476189425 42.33243319433792 42.7294394181677 43.232072888317084 43.79298272622833 44.36395226782407 44.89192589776374 45.3347952474654 45.65831089117639 45.829087175838964
43.930462554834826 43.98764703288106 44.10493244429667 44.281723790453334 44.509226665669814 44.776130923925834 45.07103150689532 45.37371789556927 45.66875693427051 45.93968978699181 46.17341994626605 46.36247617940637 46.504104571730196 46.49563450814731 46.00953090403495 45.49662293852566 45.00895216974908 44.57163744991941 44.204596589932535 43.913445422942324 43.69958807702011 43.508488674665216 43.3092238950619 43.10421686331986 42.89181568974862 42.67230625736115 42.44915363655559 42.229978712339985 42.02734825153201 41.84471949073773 41.63856017884849 41.41491089345328 41.19266709290157 41.070452187544646 41.103140546718464 41.36866931983544 41.91091633757887 42.60600188640055 43.35482897763084 44.08715849566055 44.74622287603289 45.28839496715395 45.67812440713257 45.87274182935614
44.005318127 44.069152813604134 44.19153358548376 44.370087720510476 44.589960483963985 44.84456766108668 45.128477932336814 45.42448376881073 45.71652291439351 45.98974299075672 46.22920744360848 46.418087139888904 46.52348994889047 46.456385914512545 46.15902243953344 45.756118065275025 45.34011739213991 44.951258707786934 44.61213388911154 44.331673483344716 44.09639264310018 43.84169845560337 43.565067488435524 43.26881444236258 42.950465979005266 42.61126365909559 42.25342028226915 41.88316017359166 41.513180989376515 41.14629045589918 40.74014647546688 40.317075136843286 39.94106110600337 39.74156892766998 39.7666584012702 40.13080569158093 40.86403340578749 41.79812249966584 42.780919090871514 43.71015877022854 44.52456916915622 45.186293075745404 45.65910807887425 45.90577620303782
44.06802372859988 44.129568000022815 44.2473858496489 44.41744586355498 44.624965806481654 44.865044209191744 45.13044262313409 45.4107337696076 45.68778914984941 45.94522714071437 46.16291839299515 46.32025246434398 46.386115191701855 46.319366217333304 46.109043386070745 45.80273221682429 45.46005064419123 45.122804861971865 44.816829032824515 44.55482138528669 44.30321178745165 44.015126502662994 43.69197144481882 43.334914585628795 42.93861797999809 42.49716434204432 42.007711101479494 41.47566038712849 40.91259680715208 40.32799775712403 39.677882399002954 39.00313007405909 38.44579753215806 38.1205755330984 38.12598697308218 38.611702949697076 39.59218376653338 40.82362038863319 42.08749688758851 43.247739562098346 44.23899306903938 45.03144353344683 45.59345982354828 45.91013785213145
44.09888668407797 44.14525950429701 44.24813643691675 44.401666917444125 44.594925782645866 44.82230857375499 45.07302333223926 45.33490553291653 45.59163306228956 45.81951036810241 46.00230909743602 46.124241989485064 46.16340580722764 46.10018576701158 45.933314887637486 45.687459443781044 45.40044987766031 45.10815992682748 44.837018880795185 44.600322264642664 44.34812526781562 44.05244827482712 43.70842521096246 43.31323430221005 42.85799714470581 42.33170445389163 41.72258442792709 41.03122944453047 40.28412309394282 39.45288984152048 38.500554978040256 37.54519582391849 36.718033924283624 36.19342077671687 36.16188429438159 36.8051896161102 38.11078687553241 39.711354921662576 41.302093177627896 42.71718868338777 43.89637103803121 44.82086496088112 45.47826660213039 45.875036065881275
44.0866755503793 44.11078662585424 44.19039934494754 44.32030715321359 44.49863252061544 44.716603051614584 44.9555275259586 45.19505506021056 45.41970046417686 45.618536031302234 45.77303535174816 45.86572286209402 45.881399892955486 45.814326508750945 45.66544719523394 45.449796813831476 45.194227242124704 44.932330263645795 44.694247246184894 44.491169470174654 44.25999267390853 43.97833856431417 43.63483874277931 43.220465448740356 42.7223040473109 42.1230340681858 41.419037343613766 40.61076537469211 39.68446171528624 38.58867342027714 37.35298712548601 36.046924633777635 34.82500539835783 33.97371829739559 33.870574292232895 34.74397005497742 36.49068732794085 38.540627882346264 40.48942698669606 42.161885143344094 43.52103912655508 44.5652076352478 45.311816729466194 45.78323968371205
44.03870569230049 44.03501295698206 44.082181156977974 44.176977825712115 44.34274243523196 44.56039855152778 44.787225774172484 45.004688343993884 45.202518070043695 45.37026902931858 45.496621617770856 45.56579669996455 45.563869802709355 45.483618259024084 45.333280629030746 45.12442983767927 44.873166375279325 44.61643296397931 44.41296021074435 44.259332119075765 44.06905747409846 43.818194196127486 43.491535078113465 43.07368684792944 42.54757187495075 41.90509903737794 41.143902503882515 40.24097424897728 39.185471507006255 37.91392068027637 36.413236186738125 34.713187232184445 32.950222117208426 31.53643683653812 31.27418053995028 32.556373856917276 34.918355776843455 37.47340719410177 39.762525455780995 41.65356091588615 43.154975816654336 44.289523070200694 45.10281141740794 45.63302632805539
43.96316688259211 43.93068101087775 43.944536843403185 43.98718741626274 44.16049576291374 44.39841988602406 44.62332806379282 44.828458034957464 45.00621036019975 45.1478161044282 45.24386328122817 45.284985321802864 45.262561932308856 45.16745889442034 44.9971070322573 44.763289334334274 44.47954613902808 44.169600598857635 44.01842291642719 43.94512179188031 43.81412867844737 43.61132382075098 43.320880354496275 42.92083819708561 42.397877040879735 41.7542699522992 40.97211014160916 40.0536850252596 38.95517273520725 37.58764843407932 35.90318131537475 33.88281134516316 31.531970921098427 29.158991107932465 28.442419549466376 30.646761014998603 33.792041815294496 36.77039452916594 39.27575249791618 41.283842674440045 42.853848657122406 44.03008084685951 44.87676439773498 45.44135011615778
43.86639743575465 43.80813921319049 43.8159558501782 43.896178652692775 44.069692368207676 44.28829277136781 44.500511482695586 44.69083761999311 44.849848628038 44.96879564636949 45.03923872694279 45.053485318135515 45.00521651757287 44.8900608363368 44.70566031639066 44.450011673496995 44.134264544262365 43.79122903256996 43.648145801932955 43.631607468181784 43.558674144593304 43.40908657242174 43.16362107623624 42.799716899817355 42.32602244929942 41.739008219462725 41.02767323168771 40.177647805279655 39.110830343337206 37.7662953148123 36.078786851610396 33.97601595641619 31.392803055135737 28.244445426058324 26.20736934357128 30.234017694299315 33.71392515434186 36.71514335870803 39.17591781962147 41.1391598935525 42.67770177303582 43.83336314403253 44.670563684570524 45.23733640280387
43.75199679283061 43.696350446360135 43.735362883218556 43.85300421783225 44.027600654799514 44.226716399136954 44.423322666083536 44.599182344386854 44.742104645320275 44.84236414580632 44.89173629880302 44.883551008155884 44.81299808703028 44.67738044343355 44.476059273115254 44.21339817864139 43.908546677652296 43.6208133983711 43.44271160759273 43.38131973578051 43.3373145628506 43.241719833613566 43.05686364280137 42.77648681458982 42.40200052879024 41.921556512931666 41.32843579336403 40.5850613591277 39.63274600105327 38.438484742764416 36.95986571881661 35.15241685607049 33.04769718528988 30.947405168676617 30.37526778591209 32.3694334678156 34.948470834869404 37.416772240645024 39.54609012294597 41.29614397582016 42.694810044270206 43.75780318782579 44.53436635342694 45.064676886692226
43.65566422102653 43.62267752566705 43.68843016011532 43.831156695582294 44.0096130322782 44.20252479222885 44.39050924122069 44.556962743397065 44.68871314250718 44.77519612984473 44.80808907280765 44.78135644593389 44.69142000825971 44.53775316567984 44.326964138906895 44.07783006893457 43.80862786449085 43.54919358588084 43.363562605338466 43.270572804845344 43.21295269162654 43.163840351100845 43.058760487497125 42.88437389477582 42.629039796734915 42.28013852204812 41.82277521386207 41.210363323704854 40.4274364941626 39.46298147226581 38.31172387824664 36.991675998527576 35.61442332112679 34.53000622064666 34.37684119967045 35.39991343725846 37.00721639161332 38.7229174502025 40.34150747611297 41.748388755578944 42.916115283938176 43.822750124031806 44.491960856352804 44.950043535785085
43.57221849760528 43.5804211880832 43.666840749975364 43.82715010303484 44.014610769974624 44.21152584487682 44.40048524154171 44.56556286980124 44.693027452203324 44.77161360620511 44.792757833557296 44.751115490478945 44.64670824484629 44.480208796305796 44.27013312343987 44.03555444120988 43.791630352367065 43.55744744170179 43.37718412500407 43.28281188134523 43.23020247377799 43.19780172941031 43.17283756242932 43.10980782447512 42.97887738777016 42.765908870257654 42.43086765215955 41.96419095622533 41.36766572008346 40.64890994940133 39.82902906259783 38.956701024955755 38.13733820780181 37.5894269332207 37.595885130430105 38.207820966444146 39.196523435603225 40.28690077426265 41.39022186789178 42.415454739832946 43.30800477121598 44.01960804542494 44.5488005675026 44.907326051484624
43.49439688053077 43.546327552035905 43.66703739557104 43.84054630406556 44.04229613361832 44.25225185493359 44.45224104106021 44.62536518233951 44.757121373359745 44.8359163639582 44.852241121014565 44.79693160347307 44.671276687210124 44.49075602382395 44.277370017772675 44.04471768883907 43.81111508770842 43.59691884588485 43.42720954999823 43.347372430078536 43.32469397165761 43.332326931422216 43.373499121873536 43.42518779775221 43.413193755449164 43.302675205760075 43.08489101819945 42.75973776502602 42.33428673485308 41.82833946360793 41.27517590893978 40.72669014643521 40.259488330671545 40.019508713574155 40.11800303972642 40.534759161737945 41.15311407127656 41.84240655720902 42.52468846755248 43.19742361217765 43.81386435256902 44.319569038693466 44.69396724042192 44.93735721712975
