_RESULTS/CROSS_VALIDATION_POSTPROCESSED/MHZ/GZ/9comp/5/MHZ_GZ_z_1000_kriged_reverse_9comp_spherical_5.asc
ncols 100
nrows 74
xllcorner 5.5967023332191781
yllcorner 50.982320383219182
cellsize 0.00019249356164376555
nodata_value 1.7014100000000001E+038
[rows 54 to 71 of 74, columns 40 to 79 of 100]
0.004463138577162816 0.00959959688921548 0.01922733094797268 0.034261658784056 0.05176496800514015 0.06390240459813323 0.06441236977559034 0.05308493563611278 0.03464175987182429 0.018176920842666738 0.007969354771621367 0.003008796734391067 0.001013546748885535 0.0003240736366615483 0.00010518182032526463 3.6253142938236754e-05 1.389441481438252e-05 6.088527722756597e-06 3.0825397409770913e-06 1.8738068415594035e-06 1.387916456879006e-06 1.250323599718435e-06 1.4031644408120574e-06 2.1329646076960627e-06 3.955466363288556e-06 7.836229706958018e-06 1.549470262914019e-05 2.9466837238444696e-05 5.2632640243253217e-05 8.687039442857976e-05 0.00013423361080128142 0.00019491767257025022 0.0002648323474290154 0.0003354909996029301 0.00039532660831589347 0.0004475208285979961 0.0004927147426964474 0.0005210697340655152 0.0005282400533137699 0.0005282400533137699
0.01058806864535896 0.020482875208857818 0.037040806173334204 0.05961604511825276 0.08076226935318001 0.08924430081334445 0.08077975643405909 0.05998877334916991 0.035429401137806446 0.01731344696584357 0.007209084849496674 0.0026307649953310436 0.0008842051280160266 0.0002912805624472373 9.823236721872451e-05 3.5446062416782794e-05 1.4314493238510897e-05 6.708941581009793e-06 3.5899877156912974e-06 2.253119904459555e-06 1.6999132581448442e-06 1.5659438310432567e-06 1.8544534754676658e-06 2.772777501385826e-06 4.766189312686417e-06 8.850492944939652e-06 1.6794287424473208e-05 3.128236380855539e-05 5.5587085394962025e-05 9.222946475347591e-05 0.00014074921430687944 0.00020127569114069887 0.00027084278559905893 0.0003413335039449055 0.0004026609784595434 0.00045635243302920184 0.0004986226634663427 0.0005235596192802013 0.0005282400533137699 0.0005282400533137699
0.0248769782375887 0.043974818808596924 0.06894024367311767 0.0941760601950444 0.11171266210310715 0.10980193107391742 0.08895174696405218 0.05829371780717472 0.031635604171237355 0.01453938451356615 0.005786979113871955 0.002086214433666189 0.0007159101085173359 0.0002432896251172952 8.534353835024977e-05 3.224965754104373e-05 1.370490583055108e-05 6.8130760458208015e-06 3.8918935295508955e-06 2.5706394091122815e-06 2.039403559723467e-06 2.021310773281156e-06 2.5186452493045706e-06 3.673622791343833e-06 6.026815412994275e-06 1.0661969501222869e-05 1.9474146128128237e-05 3.5385737791165856e-05 6.210223450035266e-05 0.00010282618420305459 0.00015759259883412358 0.00022138609721578188 0.00029240500881846064 0.0003608741080826814 0.00041812715919915583 0.00046834418261869934 0.0005062179704566226 0.0005262141410273289 0.0005282400533137699 0.0005282400533137699
0.05583774441946502 0.09386183020983575 0.1280481633973498 0.13999760214684873 0.13427429345282735 0.11386090128465001 0.0810061858572754 0.04746135365794878 0.024078403989266414 0.010561723754020647 0.004154501631585594 0.0015178002155598626 0.0005332583800854389 0.00018708928174680228 6.821642115369754e-05 2.6940067844060976e-05 1.2011180915242543e-05 6.289057490249119e-06 3.861157353673636e-06 2.802020775443401e-06 2.466696648669651e-06 2.6744971377341866e-06 3.4010367186675603e-06 4.904216606944886e-06 7.829137927864777e-06 1.3400161297142723e-05 2.374677615640427e-05 4.2158332247009275e-05 7.287166177189665e-05 0.0001196279428458251 0.00018253471928838063 0.0002539995281114448 0.0003227674786836781 0.0003839118928816108 0.0004370746632765951 0.00048246440034599983 0.0005144525825388239 0.0005280261255904634 0.0005282400533137699 0.0005282400533137699
0.11101891086989818 0.1936453418643615 0.23027131179410562 0.18783899371513968 0.14201486976787428 0.09999352268216077 0.06083518433017968 0.032219988556187844 0.015527588659183664 0.006775833059087594 0.0026958479581358744 0.0010048932944693098 0.00036272919862594496 0.00013147536226240213 4.982552779954308e-05 2.0644002019380266e-05 9.790868231806508e-06 5.561707804177755e-06 3.77989852822961e-06 3.0451002060526816e-06 2.9689373833274416e-06 3.3891574248548907e-06 4.3955207153493015e-06 6.374168795879728e-06 1.0099639491586554e-05 1.700067079767465e-05 2.9503660002980205e-05 5.126941190361216e-05 8.684965845873523e-05 0.00014001923505595426 0.00021030061326153096 0.0002886674680659974 0.0003564462344398562 0.0004099693841567766 0.00045829546861825943 0.0004973613003176881 0.0005219542225287462 0.0005282400533137699 0.0005282400533137699 0.0005282400533137699
0.1648565459371733 0.31032586009552354 0.320380028870504 0.1936998789893706 0.12263161484210432 0.07401596610800579 0.04065270657279819 0.020479175331426708 0.009551581070808866 0.00414849493816799 0.0016677005432035837 0.0006360624352590479 0.00023743910475766884 8.990928698169744e-05 3.595060938268595e-05 1.58609432778313e-05 8.085519355094265e-06 4.98504099840732e-06 3.7201214848058635e-06 3.308370280828511e-06 3.423559025413095e-06 4.0447052876306895e-06 5.384922730357592e-06 7.925239726093522e-06 1.259426966883353e-05 2.1053950186638863e-05 3.604161494938983e-05 6.154326554420841e-05 0.00010227376148761727 0.00016171011806075472 0.00023831751320737893 0.0003212564714296565 0.0003896427333170497 0.00043821579776637796 0.0004801424115344689 0.0005113080169067725 0.0005270670243064049 0.0005282400533137699 0.0005282400533137699 0.0005282400533137699
0.1616201439199324 0.21907853931727297 0.20798682482077502 0.13920699151581936 0.08566944075139112 0.048591223094412675 0.025696638859835332 0.012766246703010613 0.005902436095728713 0.002578922993408005 0.0010623290959794716 0.00041832512278993 0.00016233939409087837 6.429107006219468e-05 2.703447629073719e-05 1.2617584068388197e-05 6.857280261192599e-06 4.555762374902867e-06 3.6741798218906982e-06 3.428593648466074e-06 3.695367356880894e-06 4.547666252513073e-06 6.265664809667098e-06 9.440707608694908e-06 1.5175026317336056e-05 2.5378874849478478e-05 4.308650214989204e-05 7.251733823970347e-05 0.00011831561512335416 0.0001832543445917811 0.00026426432011910695 0.0003484580411759474 0.00041928282359791235 0.0004666702320854865 0.0005005166402194236 0.0005222475161991847 0.0005282400533137699 0.0005282400533137699 0.0005282400533137699 0.0005282400533137699
0.12185244522061457 0.1345288414363642 0.11839900075076 0.08439461904390712 0.05302667117336395 0.03035496427542282 0.01599761346865373 0.007947300639799783 0.0037250210085809287 0.0016529109820033216 0.0007053306114105989 0.00028967430908607316 0.00011756114845520361 4.876998518999535e-05 2.1500719312085936e-05 1.0535368018807987e-05 6.030822534897793e-06 4.165366343357526e-06 3.4217744913413965e-06 3.3050880649790284e-06 3.7377669903974456e-06 4.83940908766467e-06 6.966123419857755e-06 1.0831914595566718e-05 1.7723855466238002e-05 2.9795546142664006e-05 5.032324918030187e-05 8.360062150595626e-05 0.0001338861384762097 0.00020279804455617943 0.00028533655635744175 0.00036955197604289654 0.0004447421460640094 0.0004928059891843939 0.0005169319042394663 0.0005279123183712213 0.0005282400533137699 0.0005282400533137699 0.0005282400533137699 0.0005282400533137699
0.07956397626015842 0.07861614776990686 0.06709708893274714 0.04956590062149592 0.03253881032856343 0.01917819681262791 0.01026693372021053 0.005139561156820341 0.0024551010555772207 0.0011230072923386375 0.0004962426240163899 0.00021473133065398153 9.181547529705096e-05 4.0037848617846055e-05 1.8384109229374517e-05 9.180895122181914e-06 5.223143293308762e-06 3.5746808835142486e-06 2.9497561029340896e-06 2.9624268182940037e-06 3.56561212555417e-06 4.927046822887446e-06 7.484928964970844e-06 1.2083179233678857e-05 2.0191699843680644e-05 3.4172855093602795e-05 5.743598818453673e-05 9.411382706634163e-05 0.000147698226449823 0.00021822238546149845 0.0003003796052832536 0.0003876542805426883 0.0004648488643083903 0.0005127222902793284 0.0005266842800118678 0.0005282400533137699 0.0005282400533137699 0.0005282400533137699 0.0005282400533137699 0.0005282400533137699
0.0474986476847054 0.04372281467143766 0.03664593060720177 0.028350564916292488 0.019813165234551386 0.012361739649891325 0.006904857494969136 0.003561409897319961 0.001738626491500165 0.0008197998212183445 0.0003770234528310129 0.00017034151780615403 7.638869530058634e-05 3.4376348360827995e-05 1.5963166534727793e-05 7.910646276629623e-06 4.38174161727264e-06 2.883913228931202e-06 2.3455788038721084e-06 2.4814969731193103e-06 3.2640213191400335e-06 4.901040197253046e-06 7.915338089767092e-06 1.3280547723222329e-05 2.2627361906276295e-05 3.845184947660822e-05 6.412406897013518e-05 0.00010331187181321796 0.00015834151483273752 0.00022910169348740517 0.00031357813891329223 0.00040210559847066586 0.0004783539564787959 0.0005228726546140161 0.0005282400533137699 0.0005282400533137699 0.0005282400533137699 0.0005282400533137699 0.0005282400533137699 0.0005282400533137699
0.02653122595955513 0.02368803768493193 0.020102189154478686 0.016176115140650534 0.011913669026116904 0.007817207937356619 0.004586120975503906 0.0024709426215102116 0.001251359392697384 0.0006076649818607077 0.00028792760423422244 0.000135038901578867 6.303279716192766e-05 2.9541407315449056e-05 1.4050702428169676e-05 6.961980987072776e-06 3.722972394767546e-06 2.242330704778776e-06 1.7153157203891618e-06 1.989405635590289e-06 2.9911923728592443e-06 4.938990824318053e-06 8.446803243732206e-06 1.4607740246344586e-05 2.516217592941848e-05 4.2614860441380956e-05 7.006273037785047e-05 0.00011043498234070461 0.00016666887713004267 0.0002395505647037634 0.00032489361046072026 0.00041197515470730656 0.00048392336609167334 0.0005228591745753522 0.0005282400533137699 0.0005282400533137699 0.0005282400533137699 0.0005282400533137699 0.0005282400533137699 0.0005282400533137699
0.014599822568426204 0.012995519461383883 0.01122726869407788 0.009374801753092903 0.007235557084559184 0.004966036284478707 0.0030565174689816507 0.0017257389672369046 0.0009127986976298395 0.00046094223561523196 0.00022603365856194884 0.00010930715013974366 5.2872697182447784e-05 2.5895835374998558e-05 1.2907847267417502e-05 6.584929570215492e-06 3.4973545624683884e-06 1.8868730435708645e-06 1.1510539197474616e-06 1.7132222079147909e-06 2.9978701819714996e-06 5.295951364562832e-06 9.335696874915817e-06 1.6295589822235414e-05 2.7933669793422784e-05 4.659579201238648e-05 7.537397481710158e-05 0.00011766067602491696 0.00017586044190135808 0.00024960357812283394 0.00033356261488775457 0.00041607292899217894 0.0004822371293405791 0.0005217171107129686 0.0005282400533137699 0.0005282400533137699 0.0005282400533137699 0.0005282400533137699 0.0005282400533137699 0.0005282400533137699
0.008137275610561113 0.007294890538523074 0.006445499963403347 0.005593368864190041 0.004503964625654353 0.0032244136102089326 0.0020810034040325918 0.0012343969792681184 0.0006857713085179799 0.00036321000282290547 0.00018645122520886972 9.420656697766997e-05 4.753165127058349e-05 2.4281259864476326e-05 1.2730793213786169e-05 6.949257722291991e-06 3.94257369027224e-06 2.2838219136647034e-06 1.6229598841386336e-06 2.1522038531156694e-06 3.6089217882574765e-06 6.251539342659644e-06 1.0830512736273982e-05 1.8574036897692318e-05 3.131171397266132e-05 5.154117791888563e-05 8.227667257273763e-05 0.000126456077846054 0.00018571191188193725 0.00025853916740220637 0.00033861624702405884 0.0004174324198090891 0.000482998482659061 0.0005220052135091501 0.0005282400533137699 0.0005282400533137699 0.0005282400533137699 0.0005282400533137699 0.0005282400533137699 0.0005282400533137699
0.004655205145002771 0.004234869386562965 0.0038421460779782275 0.0034746975653503044 0.0029023379260837583 0.0021656181009186196 0.0014662003047211975 0.000915969091501619 0.000537093236878922 0.00030058498578149567 0.00016317957897445424 8.72891645717215e-05 4.672700447410538e-05 2.543080473978567e-05 1.4318174829207281e-05 8.510925427576091e-06 5.294604104571807e-06 3.597785730078225e-06 3.0332750004766968e-06 3.5199086444001553e-06 5.113432196679138e-06 8.163285143758943e-06 1.3453923838175777e-05 2.2270354606582923e-05 3.647624713992316e-05 5.8502961688733886e-05 9.108249045604808e-05 0.00013653056586716082 0.000195677963650492 0.00026738281033038226 0.0003466370007024971 0.00042418490146400536 0.0004875195576711589 0.0005236230443770862 0.0005282400533137699 0.0005282400533137699 0.0005282400533137699 0.0005282400533137699 0.0005282400533137699 0.0005282400533137699
0.002769770055789887 0.002571315702974696 0.002403519365391247 0.002258590028131215 0.0019496191026768827 0.0015170275803441634 0.001078666738408226 0.0007114473235686381 0.00044215376400416303 0.000263089597942891 0.00015229705915346977 8.716944564628519e-05 5.01634504926468e-05 2.9554628561758505e-05 1.8207559586183465e-05 1.179486271055213e-05 8.040904511679023e-06 6.076809892324537e-06 5.446027381548939e-06 6.008487874150491e-06 7.88879907343808e-06 1.1523327861832362e-05 1.7748308166178966e-05 2.78787508354025e-05 4.375727441840255e-05 6.770221665386356e-05 0.00010224075318153434 0.00014950873064732687 0.0002102678445262935 0.00028266758042932365 0.00036115003627382576 0.00043614634097891784 0.0004952290277724084 0.00052595824638358 0.0005282400533137699 0.0005282400533137699 0.0005282400533137699 0.0005282400533137699 0.0005282400533137699 0.0005282400533137699
0.001736592042357205 0.0016521543945079574 0.0015954749792728648 0.0015352255827124474 0.001371804104846913 0.001114547008679114 0.0008335451914849117 0.0005817547868148155 0.00038450934670639916 0.0002443959142168526 0.00015177734633110536 9.363767301472868e-05 5.841345637345695e-05 3.7577191449092124e-05 2.5239916091341057e-05 1.750701074630301e-05 1.287501309852313e-05 1.0420937993956782e-05 9.630463530895775e-06 1.0335329007461393e-05 1.2685613568400763e-05 1.7174683687246375e-05 2.470067779429246e-05 3.663101124621003e-05 5.4823552612499265e-05 8.152729254280891e-05 0.00011905663722873822 0.0001691412459140784 0.00023193588381944158 0.0003048578663113894 0.00038167468817095217 0.00045246771357136944 0.0005050447238170553 0.0005278966258734125 0.0005282400533137699 0.0005282400533137699 0.0005282400533137699 0.0005282400533137699 0.0005282400533137699 0.0005282400533137699
0.001162463345364012 0.001136906318764557 0.0011286303779100692 0.0010959154647093498 0.0010143294284782095 0.0008618623931910401 0.0006790313275016517 0.0005024501334954114 0.00035407273517614667 0.00024117615717100062 0.00016130352701422185 0.00010771709087516926 7.313323755705311e-05 5.1150591286217596e-05 3.6425103912757594e-05 2.68303151707221e-05 2.0931778106797466e-05 1.7746877268420457e-05 1.671088291903225e-05 1.7634925093270357e-05 2.068758462225558e-05 2.6411438309349788e-05 3.576440924350272e-05 5.015537382607716e-05 7.142098383659633e-05 0.00010166435437714076 0.00014286059180211585 0.0001961585752068868 0.000260906593328747 0.0003336149369674794 0.00040729639495061954 0.0004717648378020375 0.0005153371937431234 0.0005282400533137699 0.0005282400533137699 0.0005282400533137699 0.0005282400533137699 0.0005282400533137699 0.0005282400533137699 0.0005282400533137699
0.0008416098705391819 0.0008470392625326404 0.0008464567611986856 0.0008282244607507281 0.0007897600575860922 0.0007029263373898755 0.0005842550752075004 0.00045902324907406435 0.0003454478069234603 0.00025262796218949464 0.00018231222655648604 0.00013199627473028946 9.683439991332948e-05 7.134505978568888e-05 5.3470436731149605e-05 4.145579898473415e-05 3.3869799409229185e-05 2.9691808791112247e-05 2.831816847878426e-05 2.954373607634921e-05 3.355170066823875e-05 4.0922774736875455e-05 5.265384624600462e-05 7.015439208085576e-05 9.516559490792064e-05 0.00012952666011834029 0.00017471083783546874 0.0002310961739673229 0.0002970479523688328 0.00036806934643430453 0.00043646297787118424 0.0004920066051139906 0.0005239260865792879 0.0005282400533137699 0.0005282400533137699 0.0005282400533137699 0.0005282400533137699 0.0005282400533137699 0.0005282400533137699 0.0005282400533137699
