_RESULTS/CROSS_VALIDATION_POSTPROCESSED/MHZ/GZ/9comp/5/MHZ_GZ_z_250_kriged_reverse_9comp_spherical_5.asc
ncols 100
nrows 74
xllcorner 5.5967023332191781
yllcorner 50.982320383219182
cellsize 0.00019249356164376555
nodata_value 1.7014100000000001E+038
[rows 19 to 37 of 74, columns 44 to 87 of 100]
30.566310191966377 29.779752492161343 29.14725137863344 28.677592693682968 28.38996885499722 28.301490004907077 28.261316896775373 28.184849282435927 28.074743694186182 27.935359823864225 27.772526622322886 27.59332053154851 27.40599852434218 27.22019221320517 27.047316297221663 26.900778649158042 26.795140060393884 26.742843331950816 26.740693903770556 26.759017020324944 26.77563088975842 26.78646307425117 26.788646392700954 26.78062013691866 26.762055188365075 26.733818826113616 26.698017865195588 26.658065213689593 26.61863522010571 26.585288570804334 26.56353539266123 26.55733739705041 26.567074574153327 26.594651480531507 26.637441880953133 26.691246189503232 26.751732736274235 26.81523240513737 26.87899305781813 26.94109256980766 27.000198716089763 27.05529117926056 27.1054040114935 27.149415521831266
29.948370660183834 29.247949217909095 28.691129345027278 28.292764099478145 28.074432768167686 28.02932651460838 27.984461564243336 27.90767654045785 27.801127035603614 27.66837530526566 27.514300521027163 27.34508020668735 27.16839075030465 26.993969702481905 26.8345348345915 26.70647531133712 26.628445850510612 26.61139401775758 26.62904013811888 26.652486070078634 26.673772014454755 26.687038770096223 26.688733109179903 26.677094625732845 26.65177282394211 26.613721357512127 26.56532572934492 26.510680802699977 26.455853686753333 26.408769380946445 26.378117337634176 26.366077044332304 26.371080359875627 26.40108807770864 26.45172720063769 26.51598982109632 26.587533444047516 26.661643471391926 26.73525357469751 26.806564982062415 26.87457810697454 26.938660107691593 26.99818791578299 27.052281234324678
29.333220101654316 28.72583048776739 28.25684984526636 27.943679550092998 27.808464706312495 27.78604693449673 27.73746130187894 27.66087912322884 27.558056422664233 27.43195001677781 27.286715114445677 27.127797620126238 26.962250459883165 26.79945509244283 26.65250847562925 26.540368089091793 26.48829977467797 26.49092883898403 26.517221985176764 26.551291630390068 26.58035757155067 26.597366789389465 26.598810103578185 26.583126883802866 26.55004209508861 26.500464676730996 26.43675435129536 26.36330128140995 26.287349409813004 26.219680221410748 26.171083973086528 26.144484056212836 26.146848954030293 26.184178040584815 26.248169511111545 26.327238647464952 26.41252126992577 26.49846382127299 26.582109786298208 26.66219845914562 26.73840408444685 26.81073860186926 26.879091366510536 26.942901087750098
28.752950416280783 28.24551892730615 27.87374526953488 27.656254789561846 27.60437363964845 27.577688675053185 27.526478605934063 27.451151761443043 27.353193746609563 27.23517853660947 27.10079678685076 26.95494388950039 26.803924230285325 26.655886144681862 26.521923874595522 26.41931577642762 26.363104344408345 26.369113193578052 26.41588139209481 26.466417207790254 26.50476739199939 26.525349282665577 26.525908252176016 26.505469995533197 26.46383111312852 26.401601159173037 26.320599795172818 26.224691509182662 26.121296020295553 26.0231421165237 25.94012783826369 25.893260964889052 25.896655249768074 25.95007165377854 26.035416116061878 26.13417425587965 26.235213587720636 26.33307155278249 26.42571602404708 26.51300999405751 26.5957203297685 26.67480821562188 26.750873334064572 26.82374853115271
28.24736127507744 27.843539680374306 27.57500589470509 27.46063744946035 27.445902247662453 27.41345331707955 27.360815619730943 27.28830606455139 27.197278889606146 27.0901378477284 26.970349019995044 26.842447111747227 26.712007351240647 26.585541501551912 26.465495565146043 26.343390873924115 26.236302314880234 26.26528144158312 26.347431901935327 26.413182078762443 26.457323158250713 26.478677703396887 26.4765803887217 26.45050390498555 26.400087613162782 26.325321673026526 26.226926250404386 26.107137542930296 25.971462748857867 25.82715844085552 25.691086924938656 25.61280869189409 25.626124655976295 25.711781432409193 25.82854394595228 25.950502454377983 26.066988682502075 26.174600511176894 26.273289667534307 26.364623051393178 26.45085230100936 26.534206998727868 26.616229218179573 26.69721865478605
27.85539866953963 27.55753041850093 27.396420842627627 27.366334284484623 27.34351624076118 27.306064014642256 27.253268086384143 27.185426302170413 27.103864370013348 27.01093964097882 26.910020949173212 26.805423157037346 26.69886448727065 26.58573714922216 26.467099993582544 26.346261876927834 26.24235227839468 26.266104903909643 26.343377199440766 26.40539556149456 26.44573341547791 26.462792981062965 26.455583848282753 26.42319650837579 26.364737443002582 26.27938662266875 26.166551207105698 26.026216832291738 25.859369149080035 25.65891508079797 25.442516302453516 25.30301624596689 25.354416964886195 25.49851043625062 25.65243918636506 25.79485711330538 25.921648733083597 26.03345610360573 26.132769042022215 26.223047188254316 26.308236367938832 26.392160454894025 26.47763621575221 26.57290512340217
27.579770997422898 27.40894460280106 27.361934854601454 27.341668521538914 27.310479770652098 27.268978100348267 27.21731933952767 27.155860066009556 27.085382555054778 27.00623875388965 26.919066244215 26.824727519148304 26.724504379134718 26.62056132178307 26.517236545121904 26.4250959353327 26.367903502209504 26.366041011704155 26.40305273786383 26.443470264820274 26.470889739705385 26.4790000753443 26.464737657897746 26.426110310866775 26.361502766873723 26.26943534342824 26.148476116115027 25.997209291849277 25.810673095470992 25.57198622232193 25.276683314696136 24.963211950221694 25.166005261665493 25.366941162081226 25.54000800361182 25.687753179766677 25.813292475088957 25.920108523551683 26.012233562902175 26.094446926749796 26.172299299065966 26.251621823913503 26.33899053711018 26.463470316261077
27.41148378101427 27.37099163980735 27.363885691628436 27.345458703925047 27.316321559169808 27.27700845885248 27.22802563526531 27.169898816488093 27.103224709296452 27.028737054302542 26.947405975693524 26.860606982595602 26.770436876154548 26.680344173087345 26.59639434621961 26.529382597967427 26.492477205020194 26.483351752532563 26.49596355018803 26.514811447733784 26.526850773583433 26.524056362702364 26.50218859165384 26.458760549948423 26.39096196496697 26.297231987153825 26.176378336097095 26.027585402322224 25.84304341994893 25.612881914260875 25.353015972957156 25.16475752577469 25.22074300981552 25.36879456424052 25.515083569016273 25.64367810012055 25.75261028202605 25.843411283014806 25.919316627004118 25.985152932823258 26.04764202003469 26.115270051139618 26.212226725887216 26.36592768271775
27.37105253789264 27.37105253789264 27.36634178679214 27.35057670079741 27.324387097062914 27.288395125367853 27.243269526826197 27.189961250007507 27.128280330477665 27.05979760941758 26.98606140659903 26.908637123672474 26.83015053628859 26.75453815734883 26.687696953668954 26.637860582700085 26.612132755447803 26.5964793915963 26.58293726614428 26.57005140303596 26.55426144555994 26.53244238586925 26.502023123696056 26.46037076894267 26.404318189087995 26.330019541979695 26.233167010223045 26.109617746634285 25.946740539747747 25.754475021350405 25.563644412206045 25.434590543621894 25.41662007132216 25.481175941240853 25.572937203546616 25.66396149995469 25.743747227889735 25.809207858986728 25.860914566042293 25.90223878917114 25.940033921282946 25.98850874158032 26.096087143635778 26.27697750847753
27.37105253789264 27.37105253789264 27.37128158342861 27.377121914175394 27.381877456997074 27.37741404926526 27.357630276171392 27.318801051626906 27.25987293003386 27.182685802229944 27.092111838558235 26.99612126522868 26.90579514577358 26.8350406966753 26.781849231932085 26.73277463528036 26.684203703063176 26.63357946085328 26.58363910226262 26.53748147235873 26.49547748760497 26.456790479326127 26.41992829651734 26.38273292279561 26.34229798888149 26.295082212096847 26.237367128313615 26.165627227839906 26.06534228198363 25.935843853355195 25.794045819963824 25.685728117776623 25.638440278694123 25.648354257114477 25.688918307949997 25.738401945586318 25.784137245332335 25.819830347540133 25.843122276091712 25.85467190440057 25.85913145362344 25.882124170982756 25.986370480470235 26.19483853630571
27.37899766944255 27.417550318912483 27.4811730673565 27.54776697575048 27.603592701530687 27.639409066188147 27.648183130467224 27.625539363418085 27.570138281094664 27.48393881041028 27.372318188836914 27.244045309881393 27.111114732366705 26.984439077594622 26.856659617276396 26.750142420392088 26.663617424020035 26.577970269618017 26.49404350314324 26.417711080071115 26.35224576876578 26.299041368436672 26.258035369454497 26.227883681706317 26.20610550481836 26.189386602284266 26.17416288753432 26.156475246471867 26.12072771524919 26.064907849417796 25.995380054256884 25.91892731789967 25.8587394052147 25.83628254523207 25.83894328827751 25.852720804463157 25.866835715993847 25.87419521476183 25.870528297634156 25.85360448650375 25.823264683118737 25.811705716930085 25.8794733065211 26.12732873033144
27.52729256507372 27.627357231693118 27.74698271292577 27.871084777126782 27.98150866126824 28.060943908751174 28.10074157938042 28.095655435524264 28.043928825388992 27.94760937154913 27.812639491541642 27.648712358710593 27.458285357226313 27.227674165135095 26.982397420562897 26.752055573541494 26.56620583806792 26.437308956943458 26.320131310651213 26.215129404884152 26.127950153716533 26.062051932913455 26.01887269117329 25.997966914451716 25.997220396016818 26.013246970396903 26.042011554701045 26.078447721741227 26.105193626294128 26.116905226628557 26.11360082176392 26.09630532099433 26.06785133664628 26.029346575337815 26.00664131823362 25.99382421423958 25.98295990560764 25.967822383514783 25.94388657008912 25.907913681712685 25.859158881297944 25.833136959494407 25.849787956144887 26.142708616797826
27.84830553485918 28.01293076162069 28.18742068584245 28.35828314862909 28.508248444643176 28.62768288077501 28.70101598964298 28.714617645264656 28.666158952880444 28.557779831950945 28.396143808066686 28.1794332636607 27.88528839694043 27.538332836594247 27.16897057745749 26.808749725585002 26.489132700128494 26.23879643308064 26.06888537625562 25.93537045104957 25.827087933801984 25.749502192854536 25.705558744000424 25.695664465809177 25.717868855013094 25.76830277709648 25.841843255167348 25.931996949582626 26.019549174569136 26.09514056073563 26.154359589035003 26.198067978943516 26.222541686620655 26.216924531097536 26.181696450967877 26.151142075232446 26.123070569116592 26.092944320611416 26.057447285037732 26.01484188652421 25.97084410809016 25.97449980257845 26.066979186384398 26.299272411569753
28.32108285976775 28.552628504028377 28.77368570955931 28.97626115061599 29.153679905131114 29.295725907184345 29.396708773747555 29.444338717845554 29.414507830768983 29.298583664750023 29.09752992828732 28.78430498393696 28.377238269388616 27.907110036182264 27.40697424644659 26.91087356670036 26.45264921607568 26.064917771959855 25.770601007045922 25.584856888730574 25.4549140101304 25.365726041109284 25.321821764812334 25.324387962694068 25.371353768479583 25.457883128585834 25.577170982299318 25.720977994882084 25.868780995877653 26.00662423421653 26.12927587063938 26.235256887775453 26.31586583617786 26.360308428247738 26.35633197580865 26.31621585036004 26.277883999618588 26.23951405306253 26.199531311234892 26.158334935188766 26.127364359668775 26.158233313594426 26.27318154529587 26.48066071719406
28.838587138993994 29.066054234931453 29.285897690829938 29.495087945377513 29.687992085934916 29.85357536024483 29.981225796954785 30.06334114061125 30.08688038554111 30.022622467738923 29.814205508321546 29.443205281767636 28.925164171733904 28.32479727382573 27.68716457760717 27.049221451780035 26.44749469103796 25.917181468817464 25.489981959094106 25.185747037185248 25.017238380039124 24.915541923918827 24.871913087839975 24.88829275492126 24.962134235840765 25.087030312918834 25.253824573898655 25.451817135391224 25.660488369022065 25.861177260636193 26.050134407196108 26.219001871626347 26.357652610366024 26.455237951814663 26.500342702758946 26.482117157310313 26.438828838476457 26.39704743853749 26.356629712933984 26.319237609325707 26.2978167082493 26.340501105835145 26.457671421492147 26.646958254146163
29.21346665116587 29.429273414379576 29.647848269907424 29.865902214314527 30.076347684550303 30.268790979740057 30.428094873255912 30.541912087600426 30.601664561776737 30.565099168101895 30.35620928641575 29.980441595444784 29.449349053438333 28.777045345411256 28.00027306175891 27.214846610318332 26.46495576531045 25.78841794120982 25.221086814994415 24.79198675105931 24.52355299937243 24.40410644302855 24.360463646298744 24.39220354758349 24.49581948003806 24.662468431796675 24.879738090434195 25.133491696184997 25.404462976437408 25.672896598082577 25.92861826976654 26.16059626899638 26.357969180996932 26.50988124020497 26.60550909066198 26.634283549663984 26.59848604921568 26.556234049068234 26.517058649083136 26.48295604500882 26.4651444122486 26.508420677603073 26.618564040872972 26.789777841842895
29.434140595585063 29.6350702305063 29.852067431133513 30.081862962740004 30.315593783712064 30.539402639290657 30.7363736692087 30.887617622031726 30.97568823667479 30.932311948760827 30.72322583240433 30.341672698739703 29.801500590514944 29.118631224796786 28.31000103428241 27.399142780352083 26.497218885543898 25.67122222148545 24.959609701354175 24.398937548359527 24.016690569189073 23.83680967374227 23.792319976558886 23.84154452339662 23.979244977898137 24.19273784437296 24.4649934005741 24.777848477208213 25.116359664529853 25.45459575372883 25.77697624431346 26.071517944656865 26.326996220599735 26.5326948392942 26.67831423673985 26.75403899417526 26.75077922086564 26.709629567825143 26.67209917469318 26.640027147337697 26.621108688741714 26.657372100117854 26.75470471742426 26.90610445180178
29.494120390436183 29.67526843396655 29.889524898571874 30.134332824926513 30.398929151849575 30.664576137805888 30.907213775804916 31.102642153734916 31.206739400389644 31.148134725324176 30.930475965517285 30.53847610297203 29.983845245964204 29.286351671913625 28.464915901267446 27.537714378601148 26.526298910073386 25.55208159694829 24.697649547399298 24.001653746873473 23.501329916753203 23.226991956537123 23.172385828248345 23.242381257385055 23.420831567737864 23.68870613670981 24.022882984133958 24.40374546721836 24.811421550321803 25.219861170125597 25.607962597294826 25.9633605794031 26.274880502043462 26.532160811893586 26.72545767677047 26.845604934424138 26.884084428437284 26.85158829683739 26.815574156789562 26.784377258448412 26.76178222181965 26.78548768536849 26.86561309907683 26.999222534228988
29.38670698532527 29.540331583113634 29.74874448797893 30.011554748918783 30.316564364028498 30.638746121781075 30.943099626836464 31.19268692278043 31.30341500210283 31.224524806267585 30.973362591927415 30.561305339315 29.987839710549835 29.27539640246361 28.44340641178862 27.50898235561766 26.488677427669028 25.408012238472587 24.41231757893889 23.582845176368195 22.962829705775935 22.59526780360855 22.505462105504286 22.601763690147656 22.831582272212348 23.166764853826006 23.576084316419646 24.030588884653646 24.506752052189224 24.98326517564896 25.43466107683181 25.847625017455762 26.211487836858616 26.516487702235636 26.75351214249791 26.913999585428687 26.989941860365267 26.9778619694669 26.943059929446694 26.911857663186574 26.88547380615283 26.892264371107107 26.955668818527307 27.074861049520372
