_RESULTS/CROSS_VALIDATION_POSTPROCESSED/MHZ/IZ/8comp/5/MHZ_IZ_z_90_kriged_reverse_8comp_spherical_5.asc
ncols 100
nrows 81
xllcorner 5.5967107548124995
yllcorner 50.982328804812504
cellsize 0.00017565037499993607
nodata_value 1.7014100000000001E+038
[rows 38 to 56 of 81, columns 0 to 42 of 100]
0.9275786323357337 0.9647680055013526 1.0047389694321758 1.0553199578675279 1.1166575623791282 1.1870428902813868 1.2626866037938527 1.336768213177515 1.4030213238874272 1.45473601490559 1.4858815527148526 1.4926608922464013 1.473244122359709 1.4270288007038803 1.3589751371298113 1.2757814547566793 1.184242126098546 1.0902006972240732 0.9945865357315274 0.8947829072528807 0.7968869549375911 0.7052250387734099 0.6223665205860348 0.5495440503114914 0.4870634979114819 0.43465116326733644 0.3917238409837689 0.3552241031857327 0.32104839954790404 0.2894720878148797 0.2606700186110473 0.23463111153215377 0.21129309499021187 0.19150233200249298 0.17872791435919758 0.184720073900799 0.20211540462998218 0.22162267155456084 0.24132240498134955 0.26038634132723476 0.2781825787214667 0.29392347999562407 0.3069306238940238
0.9720487737764698 0.999829428612033 1.0327490717323466 1.0749535028466317 1.1247778137294229 1.1793771889818103 1.2330461159303476 1.2811743735795138 1.3191615534616337 1.3426244206676012 1.3482548916128787 1.3346505272986455 1.3027675162376084 1.2554160119868434 1.1958843162044672 1.1254640288700306 1.0487981083939775 0.9720556815275715 0.8950787469681096 0.8129732541663018 0.7310390707077415 0.6532319505878988 0.5820656187443644 0.5189159881331945 0.4643436691493675 0.41838198093358303 0.38032859695684235 0.345439541259167 0.31295921977602875 0.28329226884942543 0.25684622565764736 0.23392392798948633 0.21460756902774636 0.20019229358781665 0.19376074840038401 0.19752613238406205 0.2095486974941463 0.22536504345858932 0.2422120978849942 0.25861814083096196 0.2736813962195983 0.28680963328819004 0.2976363476457695
0.9837495671668639 1.0220458586635406 1.0575007422636955 1.095915100068449 1.137394433505672 1.1777948789920374 1.213020619112089 1.239786675856379 1.254904808648848 1.2558226297082713 1.241166168946621 1.2111349468320054 1.1675942293876824 1.1136986447292978 1.0532250073009075 0.9904710290741374 0.9273702231867449 0.8665117106618795 0.805205727172258 0.7387866989601741 0.6713687907523158 0.6064428087693478 0.5463573979175723 0.49253577604406185 0.4457231655239908 0.4062185174422155 0.37122475888472367 0.33816633002132007 0.307994521767245 0.2820638254824211 0.259985090001587 0.241375732635281 0.22665745092216666 0.21685853382175974 0.21381642728236766 0.21740637316742356 0.22670564313332794 0.2394812784626625 0.253515252007777 0.267186300283175 0.2793988166663318 0.28945109268430347 0.29649484022178324
1.0058933821573155 1.04645957223718 1.0843614750786288 1.1211042999734429 1.1556129785808085 1.1838424588950818 1.2034608931838588 1.2121745565767903 1.2081129395275125 1.1902470769009275 1.1586905527782803 1.11481357014605 1.0611237305142251 1.0009311972292685 0.9377064009181618 0.8768012058516419 0.8235544380996533 0.7747078200345361 0.7262430595458499 0.673479429273073 0.6190175642918069 0.5658459937078909 0.5160740113159633 0.4710929163556569 0.4317661807884258 0.39725828223452986 0.3641918590680042 0.3346411860956447 0.30938410454538184 0.2880916652770334 0.2702173901711033 0.25584901582769287 0.24545973926010278 0.23977199399855703 0.2395033915847534 0.24388268361358884 0.25219427893093266 0.26304439019082854 0.2747370288220079 0.2857790558170651 0.29506513918266625 0.301525856880073 0.30393241107902047
1.039240807254884 1.0804333829295392 1.1191500935981904 1.1542886460927846 1.1819948613504483 1.1996276985225773 1.2055183514056367 1.1983190853077361 1.177386298603473 1.1430328673500454 1.0966144531375845 1.0404376885571782 0.9775101285960439 0.9113589547676653 0.8478630541753293 0.7906856691940112 0.7404952467911979 0.6969047159776263 0.6584683081090152 0.6174972518471098 0.5745137752043635 0.531999670737818 0.4917742879993504 0.45513231504031737 0.4222837729705383 0.3903770030830121 0.36211580948172317 0.3378785246074376 0.3174048677807425 0.3004520277651382 0.2867137186992568 0.27657559266807813 0.2704941095867834 0.26891862370737024 0.2719238757273764 0.27803452767032333 0.2866187598701339 0.29655159300431627 0.30643335533561455 0.31495442976960447 0.32096107109573413 0.3226739653124556 0.31997359924124336
1.0847829592113984 1.126632825530881 1.1656198956769792 1.1983454049390618 1.219631528006371 1.2274826859627872 1.2206328213504043 1.1986141603939975 1.1619610534927844 1.1122493057544032 1.051962274218386 0.9842341592735495 0.9139825789146566 0.845754175631638 0.782651927146454 0.7270936017782196 0.6779758008212328 0.6359931215326197 0.6016159848020599 0.5707822866224217 0.5380091997019155 0.5052186082300868 0.47389858998118095 0.4446230107670159 0.41519438319656743 0.38903536605728395 0.36653377706805906 0.34737636832479857 0.3315180417034562 0.3187006501799982 0.30910216857244754 0.3033578784230438 0.30196495207071117 0.3051270445506217 0.31252592659432615 0.32166064495085384 0.33175955497143605 0.3417071593638579 0.35022404612998426 0.356176767145936 0.35766472562107504 0.353773864765406 0.34507183502695477
1.1437314564667682 1.1869635608209972 1.2265099866449012 1.256409905479105 1.271567655751707 1.2699183357424062 1.2505416708313937 1.2138549491110966 1.1616122110354132 1.0969761676541214 1.024687185632815 0.9490197147072215 0.8739127744680818 0.8027625852265275 0.7383111207827135 0.682184372849465 0.6328730762194092 0.5913366477385381 0.5579236839305539 0.5330143940569314 0.5094797833065452 0.4857452925189856 0.46208118310987845 0.4366027425852641 0.4135498044280191 0.39384883929591735 0.3770321991159451 0.3629173805346355 0.3515675466749688 0.3427935173788529 0.33734415349801317 0.33631605815180177 0.34046027531230044 0.3497148831417304 0.3631842502453966 0.37734949952747554 0.39046912584270316 0.4013952905393618 0.4088534295197515 0.4114806877502568 0.40715364135931353 0.3962640512882632 0.38007895895579036
1.2120148710366447 1.264319332457021 1.3050800737643444 1.3323508558955568 1.3417237367310453 1.3308212164027822 1.2992380881918064 1.2486473199980406 1.1824866188305874 1.1053238486365973 1.0221180383097201 0.9375840261626421 0.8557766305692679 0.7799129796387468 0.712392834484813 0.653959367306663 0.6031304871336539 0.5607385331768908 0.5275727069043475 0.5046033721127061 0.48889640183439115 0.4721376557853002 0.4523584753520734 0.4333571826528042 0.41763194340490434 0.40451029024941626 0.3935939235216295 0.38474305691570054 0.3779629142363063 0.37315743119543626 0.3716924678100152 0.3756922148428625 0.3868168277454701 0.40460522380744973 0.42677410079722855 0.4488350306931857 0.4669352050589454 0.4798875534913218 0.48642517265727636 0.48421695515656277 0.4723067792036135 0.4522307000747485 0.4262596032249015
1.2920183774520682 1.359620595143509 1.4130331255344095 1.443006225047096 1.4472826417167268 1.4273091138834888 1.3830837831273128 1.3173647742550876 1.2351255171025561 1.142458703052685 1.0454727387399034 0.9494241987127132 0.8584444800869016 0.775704993450027 0.7032784708977131 0.6410119459566151 0.5873109954319794 0.5428353328598635 0.5091230316000374 0.4864094183595894 0.47243144124024405 0.4600042776999282 0.44607430486089966 0.4352754082650922 0.42710578074872374 0.4209876881469263 0.41655145351069744 0.41360222982740985 0.41186982500471025 0.41108008523165207 0.41295528953325406 0.42169027875147747 0.4422083680098533 0.47296961959980766 0.5080558238432166 0.5416217690653776 0.5672041643721881 0.5833574971972072 0.5884001090943135 0.579295360936694 0.557049095384837 0.5245511568905941 0.48541249316503615
1.3840400820266674 1.4706603568005496 1.5419067997305687 1.5859766687198358 1.5966856867568404 1.571538337097353 1.5126246327956698 1.4274959468896813 1.3240337680652616 1.2100292874103822 1.0937565784449825 0.9817482751902642 0.8785007674376054 0.7867258864186408 0.707816005333021 0.6405859936285369 0.5825158515987937 0.5338133263664694 0.49638476997375697 0.47153930762724 0.4575799496506662 0.44977522449859175 0.4444283584446279 0.44198823031612616 0.44178621796596257 0.4433872928398582 0.44646059476445077 0.45071734658473206 0.45545805049840293 0.4597120650798458 0.46413124151864543 0.4744757459634723 0.5094378012536358 0.5613538810248294 0.6150414023552 0.6639625369531905 0.7000365613142644 0.7203229765222587 0.7221877656060697 0.7031308831906253 0.6664699367500262 0.6170797401472371 0.5601822835169592
1.4864221207215704 1.5967040379077484 1.691199100912909 1.7547192656745598 1.7774076932434206 1.7539090462364202 1.6852361345585136 1.578449466629745 1.4472435789072966 1.3057005894639313 1.165228975020795 1.0335810177954883 0.9151663993206804 0.8118932668621129 0.7240525848284184 0.6488675666249747 0.5825602302554335 0.5261318603916767 0.4825834241115056 0.4571092422182462 0.44520207863214795 0.44242486914676354 0.4468058146545829 0.45323146015786253 0.46146618591010474 0.47172632368334455 0.4838019153163519 0.497424257642108 0.5116624018973729 0.5249735881314537 0.5364973097615042 0.5458124282856731 0.6051145369747737 0.6841851949866596 0.7604999963708025 0.8273442748358626 0.8763923695628218 0.9010204753602093 0.8968490487839592 0.8633091138419486 0.8066009421492989 0.7345460956339988 0.6543321627782341
1.595907039014107 1.7353028528015697 1.8604040750092556 1.9513453006788342 1.9921319410536642 1.969565405072112 1.8834494891095017 1.7480257829780712 1.584006401655915 1.4110479074207611 1.2435656724104578 1.0901914873945027 0.9550045703507108 0.8390787738270027 0.7416797116799337 0.6584237105030614 0.5854021895979836 0.522389426264442 0.4692799151665412 0.446518316523551 0.4382567800641568 0.4394905934247681 0.4516615417115925 0.4675428168572528 0.48563465741007994 0.5057538618728821 0.5286123577449113 0.554446447647977 0.5826948710681272 0.6123852787004714 0.6448581339020711 0.6874909565617998 0.7593412417616627 0.8542545286800856 0.9516579600663575 1.037065932151773 1.0988858095018614 1.1265915011619003 1.1120483863746211 1.0584858943201547 0.9778753917115879 0.881363016554243 0.7764137528844653
1.706802281961932 1.880959765341382 2.045974959567259 2.1758126965684172 2.2402389863877388 2.2175626501617067 2.107469404474713 1.9329381993070567 1.7266681961243786 1.5162040423442606 1.3188109945445654 1.1430084657890511 0.9916349341591902 0.8643363277074095 0.7582735740057164 0.6692263326327444 0.592750010263146 0.5285459672339937 0.47870041999868534 0.45146515663778825 0.44026006711398524 0.44315087944995885 0.45939490619640727 0.4832770366837688 0.5118173806798043 0.5440469328250989 0.5799951039612212 0.621000177133258 0.6679967178760556 0.7197762091677136 0.7788564286971957 0.8527975966035861 0.949985430860769 1.0677110162788062 1.1906143492426147 1.2983293807811775 1.371773531901524 1.3994108688039912 1.3700205140642387 1.2927192981308309 1.1834925309191238 1.0577227592948077 0.924600516056827
1.8101565944232316 2.023226594479952 2.237801919432269 2.417475193037062 2.519633554058632 2.5017833110901773 2.356497066653544 2.126294361622512 1.866073196279805 1.6128415918433103 1.3845507136460105 1.187476247034076 1.0219341471498644 0.8846564816256912 0.7718732387234781 0.6796603737966257 0.6026569490254942 0.5403180943789319 0.493642697748562 0.4635050205041137 0.4489260452027118 0.4520289490025797 0.4710098553043096 0.500355109740987 0.5379271771884302 0.5829995575695418 0.6347375999147183 0.6932557763230003 0.7583927611640239 0.8321663759037754 0.9191520027971631 1.0258003108061184 1.157255442849761 1.3110173280147523 1.472127395440051 1.612897884709482 1.7029810366617808 1.7294674067088456 1.6796880987114164 1.5674787789154352 1.4197947290954178 1.2577180368289496 1.0917749231948035
1.8936035491917105 2.144700749587025 2.409605534404121 2.6551546681062197 2.8250989893704013 2.825307220117391 2.620905047182694 2.3092735927778696 1.9846768547721518 1.6881519236234872 1.4322439700155092 1.2179867058278049 1.0410460784995013 0.8965057708379455 0.7798966215231934 0.6868295828419213 0.6111361454514013 0.5510152364933386 0.5059531025036993 0.4750074050409688 0.4598757839859376 0.4636981309669028 0.48513626403827415 0.5195717074347197 0.5641640940481507 0.6192410118645857 0.6841633555994552 0.7562187377501491 0.837142636514821 0.9311299319654296 1.0441102880375013 1.1828041558236382 1.3527009391766005 1.5531229614441708 1.7695425097776416 1.9683111979117152 2.0987406254125753 2.1195020559857105 2.0300204456728292 1.8666961834547007 1.6700939201191736 1.4666026055917472 1.265666782980284
1.9431222606281253 2.2184939350240094 2.522341634791637 2.8378253314422386 3.122493001084832 3.1864533436119413 2.8576959010487077 2.4388480296844075 2.0549143479310685 1.726227115234501 1.4525019655077542 1.2273320242263257 1.0442442689832665 0.8969576282875819 0.7797912485220349 0.6879057375675908 0.6150680255343569 0.557751405857587 0.514667113500773 0.4843985784915634 0.4705181627713738 0.47598129181051435 0.5001578076239531 0.5389577729014836 0.5886208906362163 0.648698961861106 0.7177999578835927 0.7978874968051004 0.8916718860093024 1.001055740704747 1.1337980414291964 1.2982454113721607 1.5025248022712363 1.7514633438234868 2.043306814056773 2.3464374866545996 2.5516398507865063 2.5456246661465074 2.3749868796853497 2.1445130186907675 1.9001598447627628 1.6589678917052435 1.429316406151734
1.9462566270738495 2.2222832883482964 2.532415593124179 2.8698914298325566 3.2240199792407136 3.427248209786269 2.916150084700387 2.448275911791424 2.048060646329295 1.7127991482784464 1.4361366943906875 1.2106948780317137 1.028984878355598 0.8840548078467242 0.7697974911104398 0.6810773662195884 0.6126483324034636 0.5592599282915991 0.5192041751048458 0.49103577721038816 0.4794535509245826 0.48725442234389005 0.5134329332148938 0.5546427129091279 0.6064131572413076 0.6664639768470293 0.7362268102963941 0.8179961390780277 0.9149786322840876 1.0306900472462144 1.1711286813150312 1.3473720945816468 1.5696111458336666 1.8533158148246494 2.2210062995881787 2.669962691246442 3.0473932186747614 2.9308002071668495 2.627650190579594 2.328924104143598 2.0577588837469425 1.8084797410482638 1.5720849830378802
1.89899645134734 2.1518251018036354 2.4268674297748034 2.7074172678314588 2.9383087805711208 2.964504628623489 2.687667110185905 2.3116888698035694 1.9540836674326305 1.6429373733702692 1.3820257173434638 1.1679381818170065 0.9950615696100886 0.8574065465664145 0.74936389114271 0.666024954574017 0.6031021021429666 0.5550237836158146 0.5192705617914795 0.49451143446190593 0.48573653636934955 0.4949607761367638 0.5224525551139627 0.5644200722176776 0.6138590264726703 0.6711786111945413 0.7379738735444912 0.8164850282934488 0.9097815830800049 1.0217739515361786 1.1560853982944337 1.323487994953471 1.536872201941328 1.8212639362806748 2.199571980580661 2.696290606444159 3.2522602345647904 2.999760929403503 2.665807119235987 2.373906938367031 2.1182475602703135 1.8890515396924663 1.672413257945685
1.8103872827077878 2.024055560594346 2.241782678067242 2.4395927486359748 2.5629296452804 2.5419198448798777 2.359111519244885 2.0857968018715924 1.7965762612254612 1.5291539412357316 1.2971554546661057 1.103103269198052 0.9448173073696954 0.8183239700288442 0.719194936614263 0.6431808769800886 0.5865264113127082 0.5450798224459407 0.514895892217937 0.4945462527351211 0.48764357922654833 0.4981429219463384 0.526668304850804 0.5657620263968967 0.610851823632773 0.6629083096355036 0.7233047330154156 0.7939272413933101 0.8772886739023159 0.9766251979577436 1.0948976096324974 1.2379170279141856 1.4237604188645019 1.6679311926637983 1.977095611302131 2.3341957010243055 2.6132391004062177 2.6175821289047443 2.457771765875144 2.2635229184668924 2.0737952804339748 1.8938884871131187 1.7156751674187656
