_RESULTS/CROSS_VALIDATION_POSTPROCESSED_80-20/MHZ/IZ/2comp/3/MHZ_IZ_z_250_kriged_reverse_2comp_spherical_3.asc
ncols 100
nrows 81
xllcorner 5.5967107548124995
yllcorner 50.982328804812504
cellsize 0.00017565037499993607
nodata_value 1.7014100000000001E+038
[rows 57 to 75 of 81, columns 44 to 87 of 100]
32.630114204276126 32.8637528230866 33.06476160751926 33.234083660222815 33.37534269320239 33.50637902891606 33.62861639007529 33.73960472594678 33.83507091987931 33.88749018265511 33.91380103191148 33.94756235831471 33.99485767865033 34.06209470298334 34.15483890817464 34.277442749208745 34.3868362446125 34.44643779254771 34.46536057777006 34.47714504589565 34.45134072890795 34.32204440208176 34.07175710061352 33.763000362873655 33.432482541714336 33.21029003838352 33.29860977501217 33.40001349538465 33.49930534315727 33.59482743390323 33.68658596048565 33.773850061236985 33.85707484647621 33.93891945765182 34.01516864257 34.07936463137141 34.13369506578132 34.17984159172175 34.21735298338658 34.22732380140213 34.200043826391386 34.13114996105906 34.02594098030718 33.91844480450897
32.58884145275101 32.80465719546724 32.99401315927193 33.15545909192315 33.28952415379716 33.41353906941592 33.531141781509106 33.64017012120039 33.73669498891202 33.799590623963375 33.848134033637415 33.90644217817535 33.978980488646684 34.07025228614199 34.18448841066595 34.30434662752425 34.3782989553039 34.40461832121604 34.40632354942097 34.37752722452079 34.298554172995416 34.14997842885429 33.92771564992834 33.65630428467713 33.369508413904974 33.18397048253522 33.22512281791195 33.310953577928586 33.39665706432286 33.48068607046471 33.56507627545647 33.651156432938734 33.73228131523505 33.80539123767426 33.87037010234873 33.92798488656434 33.97927253678626 34.02489197288387 34.062681096343326 34.0724209840536 34.04602363266533 33.98754098042914 33.91322228358793 33.83820028788735
32.614716572467586 32.803340611616576 32.97275864650803 33.12086387861239 33.24395053766253 33.356297093347095 33.464854629883895 33.56749632299338 33.660931428297324 33.73043734773364 33.80129194565204 33.88287973011372 33.978629787774395 34.09203495687548 34.21718891756557 34.30507939758237 34.34204223175714 34.33176752379555 34.313490162949684 34.27476957173475 34.19070380889908 34.05261062767644 33.86459854612122 33.648188383218354 33.441999872889596 33.299985820901355 33.26300703256935 33.29026109504933 33.33956415811548 33.3953061246022 33.45289521835248 33.51061527710844 33.5674333054147 33.621631045031414 33.67289202097727 33.72153884411214 33.7678733434886 33.81176411236313 33.848242462110456 33.85650697122233 33.84113182543199 33.81234943345518 33.76988694159188 33.72885866170879
32.70367429336603 32.85434568731965 32.9972018662959 33.12668718258936 33.23652838799128 33.33331097667182 33.42899537299917 33.521403003945515 33.60839416537539 33.68550847186128 33.77786106436073 33.88154031937656 33.9993000364646 34.12861121572664 34.22736579325633 34.28064191642269 34.28334533177541 34.25812953438002 34.21340242985544 34.156893567145794 34.07881333664958 33.963543330464155 33.81557445980932 33.65229703969194 33.49099011701285 33.36359923025364 33.29012940136863 33.263922766175284 33.26495928830921 33.27908496854166 33.30000108052843 33.32542011048405 33.354703135195976 33.38774670633543 33.42328641633935 33.46110311955579 33.50102206161308 33.542287136810415 33.5767776176245 33.59931652881162 33.61166647573795 33.61274656830654 33.60261352363783 33.59694346169329
32.84654473410344 32.95680077251401 33.06514852746582 33.168998641780796 33.26332619966527 33.342994378401315 33.4226578352601 33.50191715480117 33.58013555519773 33.66945481739298 33.78179564353409 33.906895547926375 34.040229371342136 34.14563573471156 34.211328968729134 34.23072770863695 34.217517956957394 34.184703581617 34.12822606751761 34.053415692590534 33.96588791632891 33.86354683807508 33.748493361944334 33.61505881432524 33.4752372260577 33.349804758285266 33.25252492080518 33.18666827382228 33.144785732414036 33.11826333541775 33.10200878393118 33.09409347074047 33.09433187848418 33.10329238493092 33.121307516646894 33.146900099744755 33.17986083290688 33.227290072539034 33.27882765889185 33.32498802111874 33.364369535502206 33.39497517484588 33.418195442116584 33.449150152598456
33.03398002693705 33.104022511841556 33.17748882715487 33.25120585647896 33.322161359756805 33.383652179522365 33.44495469816312 33.5097862827501 33.58071193650047 33.68550650481766 33.81689555421476 33.95158414105192 34.059270137778995 34.13299585124509 34.1665279398075 34.166471877836265 34.149421409244276 34.11309699409655 34.0548128201373 33.972626206820564 33.87703400145415 33.77600804960314 33.6641130630712 33.53439142148561 33.39916482478581 33.26785964207543 33.15023673934881 33.05230085975456 32.97296586698163 32.90838007992936 32.85572687850282 32.814220281715876 32.784552354908904 32.7680970661932 32.769022710917014 32.79109706537619 32.835290909058564 32.900516046960924 32.96998554679482 33.03904248169793 33.10511925342991 33.165144998189355 33.22360440353173 33.29238663719196
33.2574432153312 33.28929535908798 33.32913876953955 33.373457359587036 33.419266934015624 33.460385149925 33.49822929129382 33.544890468126766 33.617354048102364 33.73460583162401 33.859696333367054 33.965969083697836 34.04365232978131 34.08684765245605 34.10024668338054 34.098529830308664 34.08026700204789 34.043613774925205 33.98736819164872 33.91191309393907 33.81892094630349 33.717221259218654 33.593026496679 33.45100955425791 33.297814395101085 33.14372838005328 32.99839147254261 32.86759412335314 32.75257540418759 32.65221797401744 32.565855938474805 32.494655887607365 32.441576634342624 32.410684806232524 32.40632933390009 32.43230859303306 32.48937147355645 32.56806255703287 32.65493086628009 32.746795477005605 32.83972113550809 32.92964314934153 33.02608600700255 33.13383503927325
33.50967092324639 33.50676507600459 33.515434582603824 33.532073463089006 33.5535947979366 33.57540400171251 33.59295707351173 33.62137969375138 33.680861765260545 33.76751608576779 33.86341283726676 33.9410633506497 33.989786345013584 34.01643657736272 34.030071184867275 34.029616510795165 34.01403234127171 33.98244747763579 33.934408787584864 33.870242336902585 33.791218667228364 33.680818597486315 33.54050952993602 33.37912484020467 33.2041366528424 33.02448731687182 32.848826646334345 32.683734547629136 32.53280680239421 32.39755921204291 32.27932862608121 32.18070534549064 32.10588928228857 32.060194236646545 32.04911262700696 32.07727149251638 32.14461796700145 32.23367689599769 32.338271688134036 32.4536266758361 32.574143111249185 32.69715990197412 32.83328054717945 32.980695288396575
33.78507225163837 33.751769543004905 33.73252681608584 33.723742118305644 33.719787927147884 33.71422202349579 33.697932379864014 33.69307206018992 33.71816450453602 33.76874886974003 33.83507050534662 33.88629740934151 33.925006335057006 33.952818414608 33.96881295143924 33.972099354126684 33.961871888685465 33.93752781869956 33.89886822524294 33.846377241667916 33.774991545723836 33.66189290491564 33.50849055536968 33.32543675609651 33.127045654909004 32.921214594695044 32.71578446182177 32.51760256179937 32.3317237076749 32.161680242397516 32.01068968699705 31.882929129108618 31.784130808056094 31.721281887563947 31.701572331092652 31.730856322212254 31.801184768094192 31.9011692393911 32.02486232556539 32.16530944032975 32.31481591714955 32.47620635571421 32.65170586194558 32.82795435844882
34.040858386864684 33.981304781181144 33.93122311496853 33.886946062513104 33.84368234259427 33.79732181199386 33.7559293171648 33.72974893009141 33.72259251019184 33.739426450424425 33.78281111891248 33.831219610972795 33.87073814967753 33.900557390179564 33.91990276995132 33.92804463437584 33.92433066068425 33.908259507225544 33.879623208533836 33.83872374573993 33.76606737050818 33.64694603612091 33.48733761474448 33.294285354706474 33.0756510932607 32.84427459187435 32.61032214186999 32.38047897731881 32.160539410867855 31.9554471582823 31.770076982092526 31.61032474100269 31.483855738296302 31.400009784300188 31.368606980526515 31.39200077701643 31.462076048048644 31.574734898920365 31.720232092188844 31.888454129222655 32.07181223511761 32.26978046545644 32.47340325160379 32.675354401856076
34.20013230101968 34.12139260293996 34.045280076765536 33.96880975577257 33.88959740398023 33.81976871167423 33.76544775036119 33.72595065085277 33.70402948341665 33.70799353523756 33.74113352044052 33.78663529099838 33.8275407079589 33.86002881670117 33.88347295442182 33.89728313285723 33.90089620232753 33.8937766473964 33.87471090166487 33.83979732806095 33.76174407723213 33.636921833892615 33.47126439273318 33.2716463906206 33.04535473569512 32.79989117948148 32.54296446378343 32.283660008032314 32.03110957663023 31.79104973041731 31.569551638895366 31.374121355323563 31.214681223652708 31.10385426301639 31.052327261408237 31.060122640193597 31.13086119433946 31.259440444301955 31.430653053114703 31.6261040397153 31.841399423157803 32.069674892695296 32.30143348129976 32.52913531785614
34.26000498572743 34.16433396973832 34.067086298810466 33.965941074161385 33.874605674593624 33.80406249566487 33.75037688317958 33.71382982198072 33.69519297148823 33.69523937102733 33.718241553912875 33.75405164872205 33.795747135215834 33.83133997424143 33.85934818740815 33.87915209352753 33.88954961764149 33.88945126055828 33.87761115158091 33.84482717499017 33.76287472263046 33.63345738871381 33.46275085551411 33.2575598774459 33.02462559660666 32.77060309529073 32.50217883545776 32.22608461219412 31.94908145797965 31.678115823993945 31.420845881543315 31.186638160331913 30.98795317355407 30.83873915792699 30.748788546095657 30.735520353284745 30.80613455929637 30.9507776889053 31.145423152823355 31.373101418095846 31.623619570448113 31.88366187080766 32.14353097636924 32.396006497846564
34.25961023892292 34.148013946310236 34.03492233173895 33.9334130828043 33.84931503922132 33.7853514049478 33.73747292648829 33.706107269762065 33.69236510930199 33.69723693650705 33.715846736478724 33.74054768560301 33.774682673645735 33.812347658661736 33.84361867542388 33.86749697721208 33.883234924861796 33.88978250332703 33.885581263697325 33.85417861730353 33.77033270086823 33.63803479540125 33.464018377851055 33.25499516138054 33.017119059603736 32.75629533304545 32.47833438181525 32.18897614471333 31.89395460856181 31.599252908021853 31.311706567553905 31.04016817730111 30.793705434820883 30.583897827408098 30.43964881304751 30.39532372987616 30.46778511277301 30.638163247242233 30.871452853670878 31.142523319248223 31.4304342807066 31.72187309621741 32.008087901635314 32.282884598521136
34.20843568524371 34.09303384355554 33.98773761599412 33.895126582030635 33.81968880464996 33.763289002784866 33.72218795340833 33.697261059157555 33.689669163646194 33.700368250658144 33.72009745594935 33.741792193049385 33.7659907371957 33.79694412910759 33.830677233644245 33.85853156201229 33.87951531296584 33.892710744177876 33.896458958576666 33.86772079260253 33.78467717913175 33.65174291898651 33.476639360898936 33.26594924309208 33.02539210644764 32.76033969178505 32.47590336021468 32.17696677284514 31.86827476940656 31.55465258122505 31.24123737758267 30.928540870641957 30.62280416548307 30.34138799644162 30.121856533024104 30.032190823151893 30.119985752936557 30.342953722117187 30.634805157300487 30.952469472219015 31.27611994840122 31.595305355163372 31.90359189216062 32.196404578595114
34.13370640312591 34.03001962727637 33.93560244678303 33.853152612776164 33.787435274194024 33.73918648499729 33.70548937031887 33.68760238476881 33.6867248641757 33.7022144551079 33.722359726201 33.74452795636101 33.76841966139262 33.7937036571027 33.8209531846561 33.85117341004855 33.8768145016547 33.89601930812612 33.90730104313445 33.88415992297006 33.806019967225254 33.67465859189939 33.500638547211686 33.29072387270859 33.05040435075387 32.784641472000736 32.49799131891699 32.19467937408281 31.878669218512872 31.550468978496195 31.210062020383678 30.85987936596442 30.503666582503563 30.149594282243953 29.82446135044288 29.645365684150192 29.795935364601988 30.113495736435276 30.467561366372355 30.825037015167624 31.175738738369912 31.51446907265285 31.83761725081171 32.14220479042893
34.055174163938936 33.9638264905841 33.88109940350633 33.80971535164778 33.754465292695926 33.71453782597199 33.688692936821916 33.678291486475516 33.68455444187291 33.70233058369625 33.722502048109206 33.74470017389358 33.76862666577786 33.79395206742617 33.82029610859335 33.8471944656277 33.874042646551814 33.89788160861232 33.91499482708304 33.89853057879067 33.82897956104199 33.70277103752523 33.53318171252851 33.32770423773119 33.09169183432186 32.82982785236413 32.54564601125891 32.240730236974606 31.91721289135845 31.57693323155869 31.22145286702263 30.8520965786316 30.469956599978044 30.075835586644374 29.67160479627104 29.26524748546167 29.632203962980558 30.022911193949398 30.4071067324718 30.780704867893473 31.141488697458108 31.487187426742285 31.815497342341175 32.12410712353196
33.97608002527352 33.89738258912718 33.82686006875277 33.767173963685416 33.72240587988472 33.69097006187899 33.6732667693416 33.670656738858646 33.68316972011043 33.70070990690414 33.72051606293881 33.74229817741906 33.76574206271658 33.79049546460967 33.81614444433407 33.84217297330242 33.86789255621644 33.89231465666834 33.913773375608095 33.90415386372185 33.841936355006695 33.7276018531731 33.56808360673254 33.37092853125432 33.14157473597849 32.884148893386794 32.601995053374004 32.2979477969857 31.974512564242318 31.634023532388756 31.27884167621723 30.911720845463886 30.537624347713543 30.16924203614942 29.836639434442013 29.65820902829734 29.80518934974652 30.119347345856667 30.471597292174486 30.8280318835307 31.17806564318763 31.516328286027935 31.839127454732424 32.1434417757162
33.899477622934334 33.83352466873872 33.775496505874905 33.727958990937864 33.69304209262787 33.670200832630485 33.660794633178796 33.666162857162384 33.68056462255154 33.697445876191026 33.71651748736512 33.737469047168275 33.75995863210416 33.78359589290205 33.807914170541125 33.83232445413191 33.856039383562994 33.877949662025856 33.8964389986815 33.88905559849811 33.83362846583168 33.73110167787382 33.5848106300165 33.39955120191191 33.18061841956503 32.932443480729546 32.65877863759696 32.362978324760654 32.04826208870558 31.718508910314558 31.379144138551396 31.036964417376485 30.702617921154264 30.3956315307347 30.155593496674875 30.051381450886517 30.131313862702125 30.352030140745452 30.64176679858075 30.957910585482413 31.280465315328016 31.598832742802195 31.906484941029582 32.19878864707378
33.82822874008487 33.77496938402039 33.729560691721396 33.694246079300655 33.668262835106106 33.6540033412586 33.652942568440906 33.66328008424958 33.67680335093106 33.69272379794329 33.7107335181851 33.730497799889896 33.751643396528614 33.773740152088806 33.796272583695405 33.81859690225063 33.839879159541994 33.85901687628349 33.874575486690325 33.87053076214906 33.820833775823864 33.72673810573669 33.59132368935903 33.41864588130354 33.21302464990376 32.978659047539225 32.71962657568931 32.440072095921636 32.144489109144345 31.838113748741726 31.527545817242046 31.221827088900177 30.934357128741496 30.685952259533778 30.50761294034105 30.43533237749409 30.48784143544695 30.648718407171664 30.88010827009484 31.14965327252443 31.436317540336706 31.726748596533994 32.012140286515 32.28625297888209
