_RESULTS/POSTPROCESSED/Berg/GZ/2comp/Berg_GZ_z_0_kriged_reverse_2comp_spherical.asc
ncols 100
nrows 90
xllcorner  5.6208707817415728
yllcorner 50.959635321741573
cellsize 0.00013419651685393446
nodata_value 1.7014100000000001E+038
[rows 18 to 35 of 90, columns 41 to 81 of 100]
8.764753717312418e-07 3.2649742335748257e-07 2.3663028016683286e-07 3.0236098962917925e-07 5.342332586997064e-07 1.0982229853877772e-06 2.316268430310371e-06 4.504891536065384e-06 7.893951919739564e-06 1.2443208969538133e-05 1.7842380962016304e-05 2.3695058867273526e-05 2.9753969185479848e-05 3.597170578596964e-05 4.147767002442904e-05 4.2650345273124124e-05 3.8966363689915924e-05 3.1940638249211426e-05 2.3253186892881344e-05 1.480290063056186e-05 8.51101970443748e-06 5.4480040625114655e-06 4.205655617286364e-06 3.774994748490642e-06 3.9550546314822285e-06 4.954922680212756e-06 7.229459324219604e-06 1.1668631666603544e-05 1.99162001151111e-05 3.4812926411423064e-05 6.095053601084721e-05 0.00010518626747984389 0.00017674597379655637 0.00028628945884495477 0.0004432070394521509 0.000653298754881558 0.0009279216595834855 0.0012666299624431285 0.001653410318335977 0.002054109239988759 0.0024173577221183982
7.980645107506515e-07 3.3184119407017486e-07 2.44995414365302e-07 3.058717784514506e-07 5.421262345755972e-07 1.1378077153287615e-06 2.405131088320177e-06 4.598789304565347e-06 7.758970440756512e-06 1.1576518314504783e-05 1.554054152966316e-05 1.923108821331297e-05 2.2522749558818357e-05 2.5614202626739103e-05 2.826374215473806e-05 2.7824981868839207e-05 2.4407971720842028e-05 1.8921706993001903e-05 1.2735009922355219e-05 7.438884567826175e-06 3.831319094103016e-06 2.1331710624098018e-06 1.4255321592285748e-06 1.216249227360518e-06 1.3406235229085537e-06 1.9247993798344017e-06 3.2842386523616736e-06 6.079589608069289e-06 1.160361443172241e-05 2.220900822608118e-05 4.19081464370524e-05 7.704258152022787e-05 0.00013670337618363167 0.00023228040268961821 0.00037537574551801945 0.0005749130780338798 0.000838904251966007 0.0011738157729071677 0.0015678596212876394 0.001990197327035771 0.0023902196291266547
7.219789759482136e-07 3.013340932490664e-07 2.354318753514869e-07 3.28952246755102e-07 6.530654312025191e-07 1.472462327258123e-06 3.1533716626834303e-06 5.851723601969229e-06 9.286999621729114e-06 1.2791895426592658e-05 1.572464138998339e-05 1.7811068264379622e-05 1.9177568569903936e-05 2.0191768462010907e-05 2.075395950464367e-05 1.936861547982484e-05 1.593586105934877e-05 1.1428557612688545e-05 7.123747450623557e-06 3.836804608485832e-06 1.803577904897875e-06 8.823626441835209e-07 4.989854996779383e-07 3.7040546643717494e-07 4.4514516580486243e-07 8.041479047051826e-07 1.6545410962108896e-06 3.5139580594558686e-06 7.425337057988061e-06 1.537336206536013e-05 3.0899923065589225e-05 5.98670017341798e-05 0.00011110205541748967 0.00019633088711531338 0.0003290238299076968 0.0005213597426775159 0.0007790353532852301 0.001111426777730443 0.0015116127202384013 0.0019517034935304216 0.002382097662736949
6.763135920992989e-07 2.4983644857955905e-07 2.1453500743717888e-07 3.997811861574683e-07 1.000450776498448e-06 2.5295289009334908e-06 5.485385545126201e-06 9.636453625466394e-06 1.3899045725953706e-05 1.7073452967471966e-05 1.8655815930770106e-05 1.889956417837769e-05 1.840264755365229e-05 1.7751027590770783e-05 1.662714989470178e-05 1.418165333597703e-05 1.0735569139567741e-05 7.156125812869728e-06 4.180498265093771e-06 2.120095527763363e-06 9.50856170606832e-07 4.322075896397414e-07 2.1514374244660482e-07 1.1983142202290592e-07 1.626274910496458e-07 4.2035519004762147e-07 1.0314808977333919e-06 2.4077195516447917e-06 5.4438256440457115e-06 1.188070582260931e-05 2.4933768128182584e-05 5.011026351311447e-05 9.600553296962835e-05 0.00017455395423608672 0.00030071471027408585 0.0004888142506407074 0.0007457622096772899 0.001078355297230964 0.0014853341142516035 0.0019410532658030299 0.00239671925632017
8.356972661898692e-07 2.084647194776771e-07 2.1107934567279363e-07 6.875785033057314e-07 2.263392665226548e-06 6.288381419372593e-06 1.326055025700183e-05 2.093909597186677e-05 2.6061920059447198e-05 2.732902385862965e-05 2.5681063043222905e-05 2.2736756033270318e-05 1.972592102127695e-05 1.7087795648443378e-05 1.4042391622485675e-05 1.0679461668695867e-05 7.455838013047276e-06 4.663197718239209e-06 2.601239350651187e-06 1.284083152919945e-06 5.865390828419086e-07 2.7518595854604193e-07 1.4665626267065351e-07 9.839964442290282e-08 1.3799552156853118e-07 3.362871551207448e-07 8.531670588883433e-07 2.0443309560139054e-06 4.6968002086569465e-06 1.04378539843064e-05 2.2309795043789734e-05 4.5635550060919975e-05 8.891032179085887e-05 0.00016438852110532728 0.0002880293665298763 0.0004758216052372391 0.0007371388292938342 0.001073934891463651 0.0014895108687528497 0.001959871536513496 0.002436489101699699
2.189043785945324e-06 5.88129516332523e-07 6.737836671874672e-07 2.5211715119124825e-06 8.867618106826485e-06 2.4296916590466327e-05 4.584912397590693e-05 5.988086225484994e-05 5.9919645007047054e-05 5.094622388189455e-05 3.980858619536746e-05 2.996419237445717e-05 2.244853643259816e-05 1.694316955860695e-05 1.2161381830872405e-05 8.252940999018373e-06 5.305624323397101e-06 3.1461954890148558e-06 1.7074072475932624e-06 8.548500223307588e-07 4.201067727889392e-07 2.2229251162519504e-07 1.4418607766433393e-07 1.2891068167137937e-07 1.867841786957865e-07 3.847577010126958e-07 9.036209717840307e-07 2.1275622312473417e-06 4.777012009272421e-06 1.045929189684428e-05 2.221597742135665e-05 4.537975927060297e-05 8.853676412120004e-05 0.00016443804115530363 0.00028980162356969166 0.00048187507296033405 0.0007520931457850741 0.0011017083827366135 0.0015349646719031548 0.0020286446898224396 0.002530709982840994
1.233896199046365e-05 6.47828764211121e-06 7.722770685326548e-06 1.9449829357931354e-05 5.91629957055246e-05 0.00014548389395218397 0.0002225926020384285 0.00021397807774676446 0.00015747790148213964 0.0001024613784317338 6.387674495361473e-05 3.99330162148172e-05 2.5741482814521544e-05 1.681593682654095e-05 1.0605497662103693e-05 6.470245860217952e-06 3.830712702492615e-06 2.1720105132461334e-06 1.1631003688682617e-06 6.146896396941781e-07 3.361217536271765e-07 2.0798576853433496e-07 1.6322136118582478e-07 1.7359645428926024e-07 2.647653829824698e-07 5.155996468132439e-07 1.1325273994062378e-06 2.562361958313965e-06 5.622199678696027e-06 1.1842669684007007e-05 2.4492556751573218e-05 4.9134426362245125e-05 9.469076632933724e-05 0.000174658349786432 0.0003083417258839741 0.0005172190504679097 0.0008170718577289662 0.0012072567147128803 0.0016883759959899004 0.0022356972314802157 0.002792149695394621
8.58609313751528e-05 6.526699216032747e-05 8.421058985942745e-05 0.00018215208615004837 0.0005123499713765064 0.0012000232752344085 0.001323344420661272 0.0007981590693260381 0.0004009596485387489 0.00019530081745822525 9.741802494625922e-05 5.117411954732025e-05 2.8678218133283086e-05 1.6252777963495253e-05 9.132631649919433e-06 5.078176243182002e-06 2.7926660939483793e-06 1.5163659467868012e-06 8.11136621988557e-07 4.646614599235173e-07 2.8835848570727434e-07 2.1062996530068077e-07 1.9496043629410137e-07 2.3578981352257714e-07 3.8068024101281414e-07 7.377866720804789e-07 1.5653320032367e-06 3.424284202504951e-06 7.339208036273093e-06 1.4893499048386394e-05 2.9476683863552284e-05 5.709418437822786e-05 0.00010814807619638728 0.00019961120799790605 0.00035486313395196895 0.0006006344780555926 0.0009572819267850534 0.001421682919322037 0.0019861325355469213 0.002627848537045878 0.0032623610376398683
0.0005354901398008649 0.0004879742132611662 0.0006462049463050515 0.0012785160457685029 0.0035182623753511463 0.011062103046823856 0.006733598411479957 0.002322323516202619 0.0008320657274609793 0.00031880867865927376 0.0001322759866789957 6.0223727936440126e-05 2.953206462286507e-05 1.4853904833013354e-05 7.623063888251328e-06 3.95414509738805e-06 2.0536011225931375e-06 1.064575989229275e-06 5.750156659050927e-07 3.615681301852789e-07 2.6118102166809587e-07 2.258495789617119e-07 2.4184216815693634e-07 3.257976908223755e-07 5.575898400090436e-07 1.0974196842879324e-06 2.286809309687589e-06 4.827783724795818e-06 9.958671156239776e-06 1.9461940407300577e-05 3.65028792656217e-05 6.874534188890273e-05 0.00012833758283045457 0.0002352839623379606 0.00041845690008166956 0.0007129490777357865 0.001148308719177872 0.0017279048820626817 0.0024449449948511846 0.003257812926989345 0.004007753604232202
0.0027131855890377807 0.0025913978428570633 0.003186478691732753 0.005171832058642214 0.01040973523677513 0.01890011070279454 0.011601692884360734 0.003862893743511629 0.0012257635383769911 0.0004112693228731701 0.00015126780322278393 6.188726995120302e-05 2.7006161550314567e-05 1.2464148738175876e-05 6.0344525395530256e-06 3.016702779438535e-06 1.527371585200602e-06 7.834394180539771e-07 4.1496612977196296e-07 2.9540589940304186e-07 2.567138397935986e-07 2.593018450607248e-07 3.1423078833259996e-07 4.6400281427093266e-07 8.339574529195577e-07 1.6414101279149524e-06 3.3220349747964284e-06 6.743601027280734e-06 1.3364753970427161e-05 2.548564523343158e-05 4.657176256997558e-05 8.524125586689507e-05 0.00015597711166834104 0.00028240710089282695 0.0004991967570276315 0.000850210228016193 0.001377006850023757 0.0020938176146149154 0.0030003901628445277 0.004031869424390277 0.004991463031577237
0.011049193042197755 0.00996965370945242 0.01040946280556352 0.012573771699091258 0.015860814516465552 0.016065834083827134 0.009769241012896744 0.0038673414398884146 0.0012772199975163347 0.0004137553514559306 0.0001432114528636879 5.335156171000198e-05 2.146809837755701e-05 9.41742276034086e-06 4.467189279258446e-06 2.2436058783233874e-06 1.173149347681968e-06 6.579398985922039e-07 3.986941976625913e-07 3.0357952348724717e-07 2.8570382145304e-07 3.219214040111667e-07 4.3005279000785583e-07 6.729005163625382e-07 1.2329104143985675e-06 2.3999733064945023e-06 4.724316919272358e-06 9.23882452020065e-06 1.7839173763739254e-05 3.363736641694484e-05 6.0522009760234695e-05 0.00010742948056945185 0.00019200318331873617 0.00034198927663682896 0.0005985183433087274 0.0010147632966751423 0.0016447693100601183 0.00252044989930642 0.003638403598254764 0.004904303372807548 0.006096528125600566
0.03568198838336497 0.028328261605315166 0.024233178721012442 0.021903627829214695 0.01907287227162299 0.013833605692814308 0.007472797123683735 0.003084255433815528 0.0010569537214670654 0.00034071016685082546 0.0001113131536963334 3.836387969795355e-05 1.4623855012639066e-05 6.307824162424839e-06 3.0461893434717577e-06 1.6007625165120572e-06 9.276640584925762e-07 5.942396922033106e-07 4.2380362902704614e-07 3.4347617540084256e-07 3.398533298084382e-07 4.0990072216427363e-07 5.756883756138821e-07 9.371346345219745e-07 1.752260141629821e-06 3.386964536232406e-06 6.529995466878527e-06 1.2528604411430721e-05 2.3853635089625065e-05 4.43315380336788e-05 7.88090886320039e-05 0.00013583727542286643 0.00023666301371102374 0.00041369765595700587 0.0007151125456260686 0.0012042375955407982 0.0019511781209355116 0.002994731707798986 0.004325587120459662 0.005839090583643367 0.007274969845074495
0.08703482670929209 0.060130747486928246 0.043092723570262614 0.030911283163840036 0.020769231938395586 0.012061651344572655 0.005749513611096158 0.0022834816074221607 0.0007857826550185671 0.0002442180144717298 7.310717293527582e-05 2.315726608306862e-05 8.434149246463549e-06 3.6400001062147017e-06 1.8456733619558066e-06 1.0863149603236404e-06 7.191706864596425e-07 5.280422094737266e-07 4.258651402961162e-07 3.7753237780624187e-07 4.032704583582674e-07 5.065189801744106e-07 7.376102648601822e-07 1.238699105728427e-06 2.3441278459345635e-06 4.487232628041088e-06 8.552448734180477e-06 1.643349751410063e-05 3.127998373202015e-05 5.773244526901544e-05 0.00010120076727342938 0.00016998855412784033 0.000288767994419598 0.0004947810952915754 0.0008437955799273629 0.0014110318978446362 0.002279467950271617 0.0034786366237662806 0.005016684579666213 0.006776409529795427 0.008453241344313049
0.1465424805982432 0.09615673634259146 0.061612464941443346 0.03782794234918515 0.021383078275081895 0.010654492642496929 0.004562855504297729 0.0016952980378250636 0.0005549384847862997 0.00015889937866415827 4.271348904954338e-05 1.1911984817948138e-05 3.979989661965691e-06 1.7792019742632375e-06 1.0365014721183212e-06 7.138485331346789e-07 5.467676372069211e-07 4.5626634194073746e-07 4.0746143803381514e-07 4.019920038723866e-07 4.582368481393325e-07 6.018302839167898e-07 9.073649382237816e-07 1.5666848033754745e-06 2.9672683737135633e-06 5.61449930164503e-06 1.0748960312361413e-05 2.0626993838970978e-05 3.913849345148486e-05 7.211956734088147e-05 0.0001264873644834375 0.00020917063628782482 0.00034604933061558354 0.0005801218853525046 0.0009745769415629353 0.0016147158297591052 0.002584326141531966 0.003923752318041008 0.005654351439003927 0.00763458955757912 0.009666832147107663
0.18260851144769477 0.12227883327267002 0.07473985986858675 0.04195946610702548 0.021313956791337345 0.009604619214368743 0.0037955945689993518 0.001290419469057819 0.00038179531103844 9.987730669576277e-05 2.31773811510264e-05 5.3194108785693e-06 1.5791961836110928e-06 7.96994631634516e-07 5.755098962801558e-07 4.749501124018246e-07 4.185349855135067e-07 3.8976238634761575e-07 3.824688569905697e-07 4.1360688301090346e-07 5.027194905779046e-07 6.923596980987691e-07 1.0835542334198062e-06 1.92570761502094e-06 3.6005110479838762e-06 6.784376726167206e-06 1.2981447380273635e-05 2.4830631825865063e-05 4.673269698668655e-05 8.55032009673024e-05 0.00014946802854199937 0.0002466611771409941 0.00040468082985848866 0.0006650421040882739 0.0010946312595034571 0.0017832708923474674 0.0028216768019186243 0.004269445145672847 0.006163324676231827 0.008355443657847234 0.010960662232106178
0.19619272030877943 0.13462343824992112 0.0813463286529335 0.04376641826763387 0.020985284627104254 0.008848044263721645 0.0032068969947596304 0.0010006532506824698 0.00027089905452004387 6.388553288950199e-05 1.3312255058431965e-05 2.5276585840165155e-06 5.509723889982847e-07 3.859891809126864e-07 3.591887055551359e-07 3.441219444454341e-07 3.3538052470260395e-07 3.3715336441786597e-07 3.6113422606585494e-07 4.210451741280747e-07 5.43932028826939e-07 7.857874737184956e-07 1.27542421564067e-06 2.3032962904446312e-06 4.230440596846048e-06 7.92872377606794e-06 1.5044247822856371e-05 2.8488967676949847e-05 5.3037143240790865e-05 9.574726723696909e-05 0.00016580310153264973 0.00027221736476817384 0.0004451588526041932 0.0007282555894118202 0.0011766652578809177 0.0018894248114115827 0.0029620270758585906 0.004478076641029713 0.006475834230205285 0.00906330620651881 0.012363518958834899
0.19705390823456484 0.13698298047068602 0.08322784645589744 0.04396878383160301 0.020076463642869902 0.007914463251022229 0.0026953347543551124 0.0007968136389672147 0.000204784537312502 4.6920313553130974e-05 9.919885280533533e-06 1.996155052413947e-06 4.960335181483657e-07 3.2206608363147535e-07 2.94821793669381e-07 2.8659485332175547e-07 2.8847286431430185e-07 3.0706245115108145e-07 3.5146088228830727e-07 4.35405345435861e-07 5.919535190158218e-07 8.913627788083473e-07 1.49489729438901e-06 2.6801160485915244e-06 4.845747622194438e-06 8.95706910807744e-06 1.671489931365254e-05 3.1083218121356426e-05 5.683720183398895e-05 0.00010073171063084296 0.00017107791791293105 0.00027656646994902464 0.00044861689956224884 0.000733566312765594 0.001191242878560473 0.0018976536058206226 0.0029641515496662105 0.004512532275778372 0.006721205661609642 0.00983781721014649 0.013942630134563356
0.1935686656839144 0.13318284600808733 0.07998002281244479 0.04111769460868384 0.01819171777843402 0.006981333360964786 0.0023390388851776264 0.0006800667087557868 0.0001753835664725611 4.159384326910388e-05 9.597304414489386e-06 2.398321643716064e-06 7.897832135141847e-07 4.1563931814438116e-07 3.0900148761591214e-07 2.7090463666168213e-07 2.6769236649610343e-07 2.976429005874843e-07 3.564655637276532e-07 4.619332140949405e-07 6.542097346473946e-07 1.0203086940079615e-06 1.7492675583935105e-06 3.046435553064889e-06 5.404694035101378e-06 9.765795620704016e-06 1.7752505931761535e-05 3.207038844687581e-05 5.687806652976081e-05 9.782184573588986e-05 0.00016122768946802424 0.00025494990486840625 0.0004097572657173279 0.0006704255599240352 0.0011014084861714912 0.0017819935563932647 0.0028045410059291424 0.004426328372874136 0.006987394285683905 0.010770309188936681 0.015881285848901815
