_RESULTS/POSTPROCESSED/Berg/GZ/2comp/Berg_GZ_z_1000_kriged_reverse_2comp_spherical.asc
ncols 100
nrows 90
xllcorner  5.6208707817415728
yllcorner 50.959635321741573
cellsize 0.00013419651685393446
nodata_value 1.7014100000000001E+038
[rows 54 to 71 of 90, columns 0 to 40 of 100]
0.039725163085757735 0.044106290327447756 0.0483655230975017 0.052415398202628805 0.056226961607847674 0.05976143820093237 0.06292857409427377 0.06557793236635186 0.0675130057913758 0.06851882511685047 0.06839723178423672 0.06721787059857316 0.06555917933370353 0.06334630139380387 0.060741394345296136 0.05839423632196967 0.05637955543801015 0.05480849091180741 0.05385112768324323 0.053249112089340536 0.05279213073228973 0.05264451545495514 0.05294508179745853 0.05381635523020996 0.05537650120976302 0.05732909722226151 0.06024927931435498 0.06460498095809826 0.07064303107765219 0.07810020601285131 0.08552198054637077 0.09270369289226515 0.09516613656219658 0.07818935929000899 0.0608464212098797 0.04612536781059011 0.03416435964778949 0.02476068914075117 0.017578615099873487 0.012150439839939024 0.007788943309841787
0.03307584417646195 0.03694209407982004 0.040999090221072634 0.045172588221309325 0.049411416733252334 0.05365922320413324 0.05782647586053477 0.06177192832538609 0.06529501026606055 0.06813863728258512 0.07000405755562841 0.07058580485548167 0.07015111176361899 0.068843914411744 0.06669279682943376 0.06437991902313789 0.062038728034201296 0.05987354731477088 0.058115079833574224 0.05641002311636674 0.05483304060379053 0.05360048697034771 0.05287304171229701 0.05277559500370114 0.053214860228506446 0.053824666346610574 0.05483076677887502 0.05701999335282584 0.06053161600390848 0.06496234141858148 0.06872040684855019 0.0707765630604724 0.06843793694850378 0.0592370883662419 0.047433640648675085 0.03642374490101592 0.02717273668316279 0.019799568362585583 0.014135137325631274 0.00991208093440957 0.006718961609672157
0.027888744354266106 0.03129237386744954 0.0350666097118265 0.03918084020295283 0.04361146990327993 0.04832833485333153 0.053275574577999925 0.05835063959815612 0.06338284801563712 0.06811233778856385 0.07217352788867168 0.07509601565185678 0.07642529145329433 0.0763535505388492 0.07480200715027255 0.07243797663717443 0.06950290351987264 0.06637715312259301 0.06331669683145479 0.06012314010001347 0.0571497271528658 0.05466261351332876 0.052824320247756656 0.051644855839474244 0.050754333103187145 0.05011828380253608 0.04974483280372944 0.050001160731642055 0.05129524439642244 0.0531833979716854 0.054153117525502614 0.05344459949480579 0.05027214862943892 0.044292680117731256 0.03646704593439162 0.028625511539299694 0.02172137916480831 0.01606221737947207 0.011635453383578537 0.008291488536313603 0.005836103673920982
0.023827610837158154 0.026824281419797404 0.030291547732466558 0.03424476666431518 0.03870515998689155 0.0436923794954279 0.04921117387495501 0.055231469229316404 0.0616596389003852 0.06829731035019293 0.07478552043413106 0.08054269319068269 0.08473601539985665 0.08656736912521965 0.08595068939028311 0.08342295499034547 0.07943478460788932 0.07472824839800428 0.06957506490897519 0.06438481132216366 0.059693614736134715 0.05578290108520065 0.052719232353590974 0.0501556371904082 0.04801284435379687 0.046265457130883675 0.04487597320509712 0.043802186170424355 0.04337019114731941 0.04346800221561054 0.04284326076426672 0.04106065620759436 0.03798136468215054 0.03370980367716347 0.028326991567739237 0.022740137095858187 0.017629670824209586 0.013309982726920189 0.00984877994633456 0.007181979182678274 0.005189266062486147
0.02064172805175493 0.023282182054867925 0.026443289134754574 0.03017905565286498 0.03455627787641351 0.03965181911799692 0.04554552342910321 0.05230604380093728 0.059965589848729 0.06847229984553449 0.07759019221511612 0.08676184987181558 0.09491712477235467 0.10036737800040911 0.10146075204963995 0.09860626194146188 0.09270643005281731 0.08515307799840872 0.07688127555647169 0.06907211240568058 0.062337863522157484 0.05681923691522034 0.05216914256470111 0.04827086646698402 0.045037991743918745 0.04237605143552426 0.040192331162385034 0.03839550446831277 0.036900277850881506 0.03584973726408241 0.034445511483890384 0.03235128269805491 0.029608658692062733 0.02638280746459849 0.022537790899876946 0.01847710043217965 0.014657064301958731 0.011335664783765015 0.008605240500066533 0.006452373477213209 0.00480922819755149
0.01814522519794764 0.020473349620910658 0.023340048611511472 0.02682772999470649 0.031041429514985557 0.03612474843036867 0.042242418491346766 0.0495705421074344 0.05829185355204187 0.06855940869468392 0.08040967288249558 0.09356565058742831 0.10702675489888665 0.11839765056123476 0.1236077946432719 0.1200912090107484 0.11036467587265078 0.09761634852101345 0.08492085943263968 0.07386262700048482 0.06474720320768462 0.05720368976650057 0.05102648746942534 0.045993497267341615 0.041896650126721634 0.038556682219613 0.035822732243828745 0.0335662941207733 0.03167389145553641 0.030043717464536976 0.028320461357133266 0.026236624846722068 0.02386595668790738 0.02134259274930732 0.01850382902078797 0.01547500919811905 0.012564563950736055 0.009970596990090884 0.007784324122849377 0.006018738781252415 0.004621823299095968
0.016201590581000794 0.018254712356776427 0.02084423283318299 0.024089476891389114 0.028133339696547393 0.03315031122929496 0.039362091295926854 0.047046644613642746 0.056545575007501486 0.06826203805196233 0.08262621688053408 0.09995980480452608 0.1200287876788721 0.14066804091565255 0.15463992537457927 0.15114567981294122 0.13292720330974717 0.11155105998886712 0.09293373371575941 0.07790296530958256 0.06601499765935961 0.05664289621207924 0.049237273746364295 0.043360254102310265 0.03866897523606731 0.034899266502014706 0.03184730102381001 0.029353886518417395 0.027292625440043822 0.0255625676867875 0.023900214598124542 0.02195526305514944 0.019926026464454353 0.017904773884667675 0.015746302904570963 0.013425229024739829 0.011156052088948598 0.0090892846185203 0.007305740206939504 0.005803351051347188 0.0045709346991191415
0.014711318372548503 0.01653264256705252 0.018902911252907943 0.021937695696077474 0.02579052370897343 0.030664755321207805 0.0368283846058255 0.04463442414740139 0.05454851903081956 0.06718507177483933 0.08334987110014772 0.1040715286763016 0.1305276670703305 0.16330539638518254 0.1964126356740094 0.19258475674666584 0.15676901306988128 0.1240916906907794 0.09883224732322518 0.07992332843178387 0.06573539184621933 0.05501284429806306 0.04681890684485236 0.04044874556281685 0.03544552836796887 0.03147934333689797 0.028307647021519517 0.025750018598788938 0.02367115470322964 0.02197013849968406 0.020536298659709316 0.01896330108460396 0.017259892283277383 0.015615294645459027 0.013929321819822026 0.01210332727497513 0.010291255223078107 0.008599191427541545 0.007070059162832697 0.005746381574983623 0.00464253977409313
0.013504623239435956 0.01522388507332545 0.017444702039968604 0.020287733905526396 0.02393361055129965 0.028609204681421706 0.034604253397127166 0.04230742197454781 0.052242797866351685 0.06512231812265819 0.08192146578063456 0.10398839571582541 0.13319680585686258 0.1721180196963317 0.22298961416185994 0.2172415012627969 0.16617422153606154 0.12808136497383235 0.10001930884784796 0.0792500982570925 0.06389416958996699 0.05247897687629897 0.04389840198698425 0.03737831080380543 0.03232402916901964 0.028358113334449195 0.02521996730898339 0.02272004482365916 0.02071995404124531 0.019119565920354097 0.017849075421470875 0.016680642919192384 0.015423180026252268 0.014169098735609646 0.012835797268478761 0.011358964742996684 0.009839196525800594 0.00836996004923018 0.007022244955471316 0.005838189370465561 0.004835065533002987
0.012493048229026204 0.014110013809281967 0.016216406194542673 0.0189328067660444 0.022421994699089225 0.026901938793269416 0.032663346520605714 0.04009278361244164 0.04970188647427428 0.062160756511029355 0.07832457168588806 0.09920901447510108 0.12573370555782074 0.15721327328866005 0.18424200633854132 0.18147063658018311 0.15159445161396767 0.12031501054698755 0.09492091174404502 0.07536999872159182 0.06052981270336535 0.049292611300915744 0.040773594066314776 0.03432064350597844 0.02940336155331426 0.025584412539992548 0.022585521456839838 0.020220273685189694 0.018353692901924814 0.016889217777136954 0.015760228680170678 0.01489338381829315 0.014029633588266083 0.013160728127054296 0.012168547434501794 0.010961081646859149 0.009658005305118279 0.008362715738471206 0.007151562243357071 0.00604278336808997 0.005076998910854131
0.011656212187748085 0.013161545249336671 0.01513451314851552 0.017689994720095886 0.02098165073724347 0.025212213397751943 0.030646053746976813 0.03762292207642574 0.04656904962829149 0.057994559139528445 0.07244671957723277 0.09033600548537232 0.111202872574557 0.1319942162368808 0.14573790798126907 0.14385338391843494 0.12728798774971967 0.10542028951393737 0.08524270445324675 0.06860284088162495 0.055459216881607494 0.04526309562342299 0.037409320369391534 0.031372709919045456 0.026734307615289492 0.023167355660728767 0.02038079467329642 0.01819357204330435 0.01648256431695264 0.0151571426571508 0.014152632414014783 0.013425868363812734 0.012855711504177877 0.012282902955825483 0.011562156493006062 0.010624536327995928 0.009547752164974593 0.008359546532244484 0.007179961925358551 0.00609968790141675 0.005167605933744699
0.010981477197411342 0.012371736904851474 0.014202172579841016 0.01657788421218144 0.019637489157853988 0.023559778510790913 0.028570049638629285 0.03494314694491514 0.04299640506308991 0.05305739014449317 0.06536660021907414 0.0795961366519482 0.09457657833006217 0.10780023876142956 0.1153232289353867 0.11380792396309376 0.10374735187988356 0.0890486080720384 0.07382420662621506 0.060459012086815825 0.04943291508878472 0.04061979699726273 0.033689782152380596 0.028286122834652067 0.024092029088160164 0.020848576052486703 0.018343290796371797 0.01637808801353437 0.014842291679425586 0.01365912795267174 0.012773603436021835 0.012149236088421295 0.011763644098352385 0.011463629125421431 0.010982813859217861 0.010174419076901423 0.00912270596694755 0.007980368373138962 0.0068668085348304025 0.005859824207167497 0.004999473949413351
0.01046270589563668 0.011739275752293925 0.013426546261384934 0.01561771073001408 0.01843356970900542 0.022025561534413138 0.026576385638433685 0.032294390627443936 0.0393942656781775 0.0479585367165539 0.057838672168089696 0.06855465073096258 0.07903466180603466 0.08749888638477761 0.09180280677325106 0.09049533451293634 0.08389522109106937 0.07390133847967698 0.06274192042094552 0.05224018542604358 0.04325761464214269 0.035871307313701424 0.02993746822458047 0.025236461749082978 0.021545162654081657 0.01866699175399867 0.01644076474698561 0.014719733309675038 0.013376554719145999 0.0123482353431342 0.01159019661966708 0.011073386392818381 0.01078325884542412 0.010651398429334345 0.010173688711577025 0.009354919400745551 0.00834542892618756 0.007280985594942736 0.0062636495884296085 0.0053571825416659545 0.004592304734186001
0.010099604287908718 0.011267450716438206 0.012817581852810882 0.014830800177924906 0.017409941722842777 0.020679896174322736 0.024775286216216826 0.029796445766077328 0.03580884798800441 0.042776983319513684 0.05047985983177574 0.05841120359370385 0.06570594200207375 0.07119168230807386 0.07368620291662735 0.07251546919453034 0.06791310924997486 0.06091329646865944 0.05282499218145343 0.04474301199262228 0.03749378894100854 0.031395818054155804 0.026403313368521166 0.022388092864929487 0.019198808352020414 0.0166913066290753 0.014741509796556798 0.01324787230119866 0.012098128706986797 0.01122519448769723 0.010594729514691682 0.010185263314688506 0.009938024913575384 0.009618864870661301 0.00906935996123022 0.008268400227081517 0.007327671773111659 0.006364128929135492 0.005461983901952564 0.004671183374864924 0.004013571785827981
0.009893871783567198 0.010958618198105518 0.012376746343857438 0.014212560000691715 0.01654260187963749 0.01945012414195903 0.023013871768252335 0.02728811104656909 0.032270938839791145 0.03785991094343211 0.04379983719573492 0.049639344426532485 0.054730125955750955 0.05831502690982426 0.05972908323023691 0.05865475583979703 0.05527777725831287 0.0502169523115783 0.04427396167385337 0.03817646113641471 0.032439271049628994 0.027417428674557105 0.023244908029028382 0.019846657699035507 0.01712005914466838 0.014960430931876796 0.01327373694387277 0.01198183721464236 0.011012444132134782 0.010287718527862647 0.00977980866136661 0.009428057730915278 0.009031838045619961 0.008510037890732498 0.007822966184119068 0.007045119066177793 0.006192898985973732 0.005343909818250786 0.004565331957763355 0.0038945213924991844 0.00334557823270687
0.009743278907443347 0.010697838996991987 0.011970418104324991 0.013609919014499015 0.015672290681434973 0.0182137211627602 0.0212787057516876 0.02488111483064331 0.028977578594762417 0.03343576855471007 0.038005999330562916 0.04231177561917294 0.04587923866029273 0.04821968969075731 0.04895643389816052 0.04795074241272012 0.04535934241406797 0.04158324708481021 0.03713566221703782 0.03250261494877748 0.02805501903570454 0.024024210716778897 0.020538264101118715 0.017665551211420407 0.015342645686887178 0.01349240377745548 0.012043452020791304 0.010935385957611999 0.010119839686443206 0.009532071722929122 0.00911568692202988 0.008645577255686392 0.008108661805845761 0.007425163755198177 0.006639870318728003 0.005829664256889416 0.005053664667750827 0.004324175806823406 0.0036686334899206784 0.0031136409745828853 0.0026670380158691567
0.009609866169792588 0.010449017635418093 0.01157366135258336 0.013019431964283483 0.014825575636268807 0.017027782348120146 0.019646648737051832 0.022670709187580438 0.0260346937972725 0.029597418885543465 0.03312900679088202 0.0363205305689114 0.03882517625318496 0.04032711492093814 0.04061901640133407 0.03966004822707965 0.03758885670577178 0.03468354444032236 0.03128632440531947 0.02772594057869325 0.02426489384928584 0.02107966566554778 0.018266498039820715 0.015860034210266563 0.013875901145641226 0.0122904589659495 0.011048640086079059 0.010103622780436802 0.009419016005547084 0.008953326530084986 0.00847162887025305 0.007891333871222666 0.00722076100088158 0.006425456648263815 0.005586898413994725 0.004772895878338934 0.00403032664662135 0.003385681958623833 0.0028441508826158395 0.002394988089986778 0.002039569896093918
0.009507727241543012 0.01022885005015668 0.011207043513591737 0.01246693693814644 0.014034908752081859 0.015932179050365168 0.018164234183758655 0.02070583011680466 0.023482613262217487 0.026354451914323913 0.029111311180272638 0.03149442060710573 0.03324477721522885 0.03416138847795178 0.03414481623250269 0.033213900373382704 0.031495749478819085 0.029193865499081144 0.02654395750215759 0.023770990188574002 0.021059001320828996 0.018538041075433297 0.016286929334909286 0.014352071727675338 0.01272855201490955 0.011394729477662876 0.010332945760538854 0.009525476926221958 0.008946764121408362 0.008484179645793583 0.007888337585657048 0.007211165633205793 0.006414004293980794 0.00554724194883681 0.004688670068766519 0.0038948627880131103 0.003199546939208947 0.0026168025528284936 0.002146422942486146 0.001779411876932136 0.0014986494616856228
