_RESULTS/REVERSE_NEW/Berg/GZ/5comp/Berg_GZ_z_250_kriged_reverse_5comp_test1.asc
ncols 100
nrows 90
xllcorner 5.6208706962070707
yllcorner 50.959635321741573
cellsize 0.00013436758585859339
nodata_value 1.7014100000000001E+038
[rows 19 to 37 of 90, columns 0 to 42 of 100]
28.019066703758703 28.017419509892612 28.016075161607333 28.0151115503167 28.0145001943173 28.014061893779996 28.013448744233916 28.01217424250685 28.00970764727638 28.005631432193255 27.99982921519649 27.992629954894138 27.98480081038244 27.977291873871508 27.970724993721507 27.964769628363566 27.957663461411 27.946096899353268 27.925481590872202 27.89040630178941 27.835002849991756 27.753007504909334 27.637375723903503 27.479233673489915 27.265627004208753 26.9750455694796 26.57017522447575 25.993510350456038 25.192411975301532 24.219913909575894 23.37132788953108 23.116455848528535 23.722590231015783 24.967988086039263 26.346863187957766 27.513837025804772 28.426745095461126 29.174482657763395 29.81925994990304 30.378813650362694 30.85739505229571 31.260736022283474 31.5953421316184
28.013055354316695 28.01014353745399 28.007428222306523 28.004968628724043 28.00267459961894 28.000245788371902 27.99714711761101 27.99265336882324 27.985992056431357 27.97659370986726 27.9644137211988 27.95021753885611 27.935644570443845 27.92285467544805 27.91370234614731 27.90867523003652 27.9060845424785 27.9019383410492 27.890531317527255 27.86535968619141 27.819855518729874 27.74763626527335 27.64221358819595 27.496173385042578 27.299701000617787 27.03820813858599 26.68960634002505 26.225949623269635 25.633990936694996 24.97087866684787 24.420642396755564 24.241034984357064 24.58305215914394 25.365937218812977 26.33047321385674 27.22391557094972 27.956611350362266 28.563421619041673 29.089300462430522 29.555019839857817 29.97106128043152 30.346609381878626 30.68813708856232
28.005224074615597 28.000585443641786 27.995963231391706 27.991385424077 27.986676059044512 27.981370997108908 27.974679813163988 27.965541572209013 27.952824542815318 27.93570176005447 27.914175176437556 27.889600984888922 27.864909559012073 27.844139109927298 27.83111319772419 27.82763931113524 27.832128705499265 27.839460695760536 27.842138663169486 27.831970671307264 27.801357636550662 27.74374890334722 27.65335704445984 27.524423444604647 27.350248220126232 27.122160488334945 26.82917508063924 26.46119468807131 26.021993944216792 25.555404792421577 25.166007882875256 24.99480560317583 25.146767659694873 25.617002449690307 26.26850463117006 26.92097540414399 27.481251755663795 27.953419904441517 28.368278394692513 28.748052156831726 29.10753847675767 29.457777983457454 29.80424807239866
27.995465294949234 27.988598440265918 27.981487207656958 27.974117703822593 27.966206784206122 27.957085826250587 27.945638506060135 27.930359063649206 27.90961204005343 27.88216662919191 27.848008048765216 27.809239305523946 27.770585615548725 27.738808446677965 27.720635523781645 27.71979105627737 27.734717579941094 27.75847045381308 27.780819248296996 27.79111782060035 27.780351394446196 27.741752498224376 27.670342788869036 27.562053606701724 27.412909979143873 27.218604124255002 26.97500036474253 26.680900152316283 26.345108427160152 25.997596280615426 25.697156482185406 25.523761981207947 25.550668772816277 25.798210432326474 26.199888530749043 26.641305473821586 27.04473573885667 27.396769366547147 27.715518012389012 28.0220548238783 28.33315491446656 28.660246732225676 29.00721029623522
27.983852318752966 27.974260683210066 27.96408438225398 27.953262013428127 27.941390316266446 27.92756717358187 27.910292933425733 27.88751867636874 27.85696434346382 27.816843109310312 27.76705091843345 27.710597735362064 27.654540796442234 27.60926021836437 27.585335043762687 27.58891240894708 27.61820257525561 27.663531127272776 27.710876385496142 27.74639265574442 27.759367360258107 27.74286086394498 27.69283122043678 27.606863648623797 27.48321378411716 27.320488008448084 27.118221592901982 26.878790608836685 26.611047669831112 26.334980454233243 26.08478386883064 25.90713434745663 25.850285969634427 25.938514188545643 26.14670869318315 26.412074504915275 26.679427553332967 26.929063023247917 27.168765065609385 27.41572841673337 27.686101751679047 27.990409804659688 28.33079851678696
27.970705517691158 27.957956729113885 27.94421425497945 27.92937135286261 27.912906154633195 27.89367774731193 27.86978131372186 27.838576045395786 27.797060550522946 27.742814325103076 27.675640662597147 27.599642946718255 27.524668778894696 27.46536772882955 27.436713115353495 27.447343330219066 27.494701394226983 27.565506003094026 27.64117981961739 27.70432249934632 27.74255817509256 27.748981694063975 27.720637741173913 27.65669024300319 27.557164880959583 27.422506010648945 27.253969526449218 27.054856208108784 26.832453614692074 26.60012137488496 26.37861960598375 26.1958383882841 26.08254879796974 26.060113298128222 26.12538768470362 26.25072922262949 26.40382478666728 26.5673853429822 26.742601169603635 26.941086126522677 27.175873639037935 27.45542020487862 27.78042583648224
27.956649024539924 27.940445798058217 27.922791210537294 27.903544631660054 27.882086177958413 27.8570661123195 27.826213127342992 27.786342913223272 27.733799128417736 27.66563261411717 27.581723216136346 27.48749561359957 27.39578219920558 27.325476410959464 27.295538932094455 27.316365665965836 27.38388684729741 27.48082232876074 27.584142962183655 27.673341453524387 27.73488420077622 27.76224188623027 27.753635436599932 27.70963985611001 27.631620970712124 27.521126663863495 27.380077323127466 27.21157257564762 27.021060232340577 26.817454166550036 26.613795174741174 26.42723997742887 26.277477820178063 26.181548926159465 26.1461637046499 26.164706567668382 26.223705156620188 26.313240603548206 26.4324404989007 26.58777529649956 26.787780740997906 27.038065786381594 27.338510479635936
27.942647378230447 27.922903799992476 27.901230085590832 27.877471728770654 27.850951792440128 27.820183647823228 27.782646526828348 27.734794640215988 27.672586172907504 27.592904799051272 27.496095343343395 27.389116935228003 27.28749106149797 27.213287991861197 27.187773485569743 27.22150414857622 27.308220815020523 27.42720170641891 27.552328211858274 27.661397494383106 27.740650571105558 27.78427984535441 27.791594358860998 27.76424836672899 27.704492224510087 27.61444983264382 27.49615945402964 27.352127960428362 27.186146296567426 27.004057296305472 26.81420865017694 26.627511592593674 26.45689996817523 26.315429667466013 26.212918123333644 26.15340025198926 26.13609624279809 26.159298983659102 26.223800614430896 26.333432452653447 26.493064288283776 26.706023158649245 26.972800623201902
27.93001222336834 27.906927185004175 27.88144398018966 27.853419317039922 27.82217668811388 27.786203376483094 27.74292328250101 27.688744032216324 27.619701783617757 27.533091742652143 27.430232731018318 27.319655026556923 27.218632483645163 27.150316428160952 27.135607396321404 27.183238724492586 27.284555331220297 27.41700470988841 27.553803377936454 27.67310366152126 27.762007973425597 27.81563641664385 27.83408288309237 27.819594361845855 27.77481604851414 27.702031702414043 27.603104487412256 27.479868873455903 27.33476051464743 27.171451802190255 26.995278376986104 26.8133721175504 26.634504282971072 26.468476324274803 26.32486870341727 26.211616569018158 26.134448486004754 26.097575108312572 26.104835669951086 26.16027175017071 26.267947844083313 26.431787254625682 26.656323961973516
27.920371467487076 27.89448971770386 27.865784600555582 27.83414800016927 27.798968051118557 27.758839624802267 27.711374052900812 27.65332564213076 27.581362253810575 27.49381030453829 27.393356871599963 27.289779435676113 27.20061328703246 27.14751242476472 27.148264817986846 27.208236227686655 27.316886234771797 27.45204495383302 27.588940412146645 27.708065760173145 27.798267256173904 27.855606438723157 27.88054234629546 27.875392628487294 27.842741461345515 27.784709271089863 27.702826109539053 27.598300211526244 27.472517750751358 27.327603125709793 27.16686337779692 26.995003855776957 26.818115417406556 26.64346439005979 26.47904933167643 26.33294903462139 26.212709769430536 26.12506284464768 26.076034493543904 26.07138985979419 26.117544655436802 26.22314372457287 26.40042367563686
27.915597061983387 27.887848040124585 27.856921280135055 27.822758514554675 27.784868652130086 27.742083053755874 27.692439259880725 27.633412108641203 27.5627792371728 27.480324596478184 27.39015394993998 27.302569226433892 27.23370297200359 27.201504991065978 27.218845720304053 27.28725301956937 27.395398985701686 27.52352940632698 27.650865955146465 27.761506089708593 27.846482752424212 27.90267828398722 27.930546142655853 27.932069352323218 27.90944039090759 27.864407840397202 27.798107188462286 27.711225785319005 27.604385362589596 27.478621984010122 27.33582739200955 27.179030987030504 27.012470056723902 26.841476564896478 26.672232323445627 26.51142470971101 26.36586352830837 26.242211677694137 26.147070201519973 26.087690589018848 26.073350600391947 26.11617021846562 26.227128098859108
27.917692301777368 27.88939786060317 27.857662106603705 27.822473463265773 27.78349293935732 27.739880108772763 27.690273223571843 27.63311950803117 27.567560809744236 27.494915929977104 27.420359808851245 27.353790933021433 27.3086143890177 27.29791965305474 27.329297598514792 27.40107159961522 27.502371071231575 27.61708121042573 27.729206313820477 27.826759782346482 27.90295461933235 27.955332895732028 27.984129807479547 27.990788025486307 27.976948594398678 27.94390585383119 27.89242231151713 27.822809182014634 27.73519462106452 27.629898627021817 27.507819470513024 27.370731321131963 27.221416097696494 27.063606512010452 26.901774776896676 26.74083160265494 26.58581050965905 26.44163386929188 26.31305570649794 26.20464373043005 26.119804120443597 26.056838460109823 26.004954008399572
27.92864446144212 27.901488877887044 27.87072824131938 27.836369972134907 27.798219853940026 27.75579376549343 27.708396098912218 27.655514264520427 27.597628781838722 27.537330390134457 27.480267154108834 27.43512215937886 27.411950427591687 27.41903110297732 27.459535755181037 27.529829243661307 27.62044692736929 27.719180684897516 27.814544373380567 27.898044664781153 27.964769554934684 28.012774310669965 28.042018712575985 28.05337761757426 28.047929279260554 28.02653723381678 27.98967844404279 27.937463270423855 27.869795192630832 27.78661547658774 27.688171014351724 27.57523770581958 27.449233844383997 27.312173164317784 27.16643151610781 27.0143162940599 26.85740619985559 26.695540852976045 26.525174880966535 26.336836346853058 26.113436122773727 25.840633431499533 25.557781026389563
27.9502528209856 27.926211938928258 27.898498929058075 27.867085401850357 27.831869812920086 27.792677997216487 27.74942468375899 27.702523182439382 27.653538165487852 27.60587391332352 27.565054602239492 27.538098747899365 27.531831107487374 27.550641626530066 27.594731281871255 27.659777181081104 27.73818638543147 27.821244590718653 27.9011290352542 27.97208203073992 28.030643170114182 28.07525324295262 28.10562154221838 28.122124079561427 28.125350204712195 28.115820065709684 28.093853269578062 28.05955425460957 28.012874813195605 27.95371241082763 27.882002140455736 27.797757896437286 27.701011340003816 27.591581133555227 27.468572766119387 27.329452204031035 27.16846780616482 26.974268156653817 26.727479835906053 26.40287801311734 25.9904291347904 25.556164573124757 25.322487040524997
27.983945043367598 27.9651754963878 27.94274850775115 27.91652101572132 27.88639154059971 27.852383628829465 27.81486751656219 27.77494133968668 27.734884028392397 27.698437435574537 27.670588775265138 27.656657930640716 27.66087191826361 27.68500370893699 27.727727260904526 27.784982835309258 27.85111398751603 27.92021472388492 27.98717598584949 28.04820643956001 28.100880639367325 28.143901025691058 28.17675884237587 28.199416848709635 28.21207195430923 28.215009843863616 28.20853547133953 28.192947625043402 28.168519358076118 28.135446586866564 28.09373016402592 28.042954425829635 27.98190711794894 27.907941748556432 27.81591593933459 27.696505380074125 27.533940436371584 27.30450315017357 26.98104299652273 26.55595273851371 26.095688899110954 25.80342255848789 25.98905524247803
28.030596413454877 28.019290106259696 28.004397992275504 27.985568095979254 27.962579777181496 27.93550020714456 27.904945065635427 27.872405553238238 27.840502190275934 27.812942445539495 27.794001362806036 27.787569063879562 27.796106211269926 27.81997808942151 27.857457464212644 27.905322748565258 27.959710136541922 28.016864048389994 28.073598578673725 28.12746560013369 28.17672234519042 28.220204859684557 28.257187824627533 28.287278224671148 28.310360835018876 28.326588209643706 28.336387360412825 28.340442182095384 28.339607218365863 28.33471361703727 28.32623587200407 28.31378664066208 28.295382913283866 28.266376924673065 28.217918083178184 28.135022363130048 27.995377643845803 27.772992021663978 27.45578688661415 27.086418307602646 26.811787775544833 26.874207275531393 27.467747746696197
28.09036725072615 28.08858038414711 28.083304087274634 28.073880559975716 28.059843930461053 28.041140069741477 28.018412335132687 27.993268279971556 27.968365733314688 27.947148312214036 27.933192042484094 27.92936106615418 27.937138051501204 27.95642684525336 27.985852693164 28.02332746336208 28.066586192605385 28.113522752774394 28.1623132094853 28.211405630668374 28.25946466016451 28.305331552884116 28.348030901556903 28.386833017621043 28.4213615933486 28.451716749948687 28.478566293871925 28.50314835465504 28.527130614913798 28.552284380147906 28.579948719367614 28.610268457563816 28.641179365570746 28.667100442334707 28.677388855578002 28.655170716823577 28.578879283267216 28.43206827808275 28.22863928721319 28.04945921216207 28.053768046972742 28.407066162830148 29.13158771653531
28.16257468067624 28.17204464005844 28.17810945182834 28.179720171362632 28.17605365798801 28.166788077380613 28.152406927889178 28.134412670624908 28.115288744681415 28.09810712724002 28.08585942782279 28.08078665346867 28.084019055676627 28.095650979780295 28.115113850315936 28.141583432657285 28.174226830520254 28.212251501275897 28.254831119087182 28.30100874048817 28.34964991100291 28.39948115557852 28.44922156033628 28.49779470316834 28.54458840890072 28.589709308621348 28.634162481847884 28.679880249906486 28.729533088775394 28.78607908767702 28.852039604336476 28.928517220175237 29.013994306781342 29.10300183171128 29.18497563318403 29.24437435005033 29.264819947711462 29.24180594117483 29.205470354424616 29.239115298388747 29.457667217828416 29.92536030590286 30.57406714594471
28.245616180815375 28.26758357043544 28.286179697293136 28.29990408330224 28.307496316353088 28.30826117474721 28.302388051952704 28.291123277560825 28.276649435811592 28.261637705498654 28.24863648644602 28.23959162023183 28.23571874876868 28.237708568677615 28.246045571814093 28.26121062730149 28.283676401847334 28.31374890959645 28.35136931143147 28.395975542006823 28.446481527763513 28.501394932417927 28.55906799653831 28.618053339949473 28.677512487672296 28.737600895380787 28.79973599536615 28.86665198439251 28.94216165298351 29.030581043841387 29.13582102652274 29.260203069093034 29.403117154261686 29.559750984901818 29.720416519012417 29.8717162019831 30.00190584859669 30.11278316789841 30.234954755248246 30.43022282744318 30.75907277682231 31.22263701004752 31.742726081937235
