_RESULTS/REVERSE_NEW/Berg/GZ/5comp/Berg_GZ_z_63_kriged_reverse_5comp_test1.asc
ncols 100
nrows 90
xllcorner 5.6208706962070707
yllcorner 50.959635321741573
cellsize 0.00013436758585859339
nodata_value 1.7014100000000001E+038
[rows 19 to 37 of 90, columns 44 to 87 of 100]
59.23796514045661 58.7683166207056 58.141098300746584 57.39909765211371 56.59236483605737 55.777502775280595 55.01392592681489 54.357459250458795 53.85353794770985 53.53315149657223 53.41174775068048 53.48807329202939 53.74460760710779 54.15316497644456 54.68151150004148 55.295857083566005 55.96036599922202 56.6368268303028 57.28574793891149 57.86872612310655 58.351484828028134 58.706837557012925 58.916920468341075 58.97439218674373 58.88266493676632 58.65530671084353 58.31460395464584 57.889233524401185 57.41119996324381 56.91246883156008 56.42185439875465 55.962651176969615 55.55130130359374 55.19714753986913 54.90310227297752 54.6669212727829 54.482736513500384 54.3425589708131 54.237561163566994 54.15904756300351 54.0991001528746 54.05094142947885 54.009086098212855 53.96935713525547
59.59465102562306 58.968402686285636 58.18048174964151 57.28776911753505 56.355492309451606 55.45395727925683 54.65207974087257 54.00920725514988 53.56881603232967 53.35638919302552 53.37790207403113 53.61822845644433 54.046739709153094 54.62736425869922 55.32340366828059 56.096964764726906 56.907690998198255 57.71279078458146 58.468457714368526 59.13244085753313 59.667317530707095 60.043790441044564 60.24331144352679 60.2595793160918 60.098810465594084 59.77889940618672 59.32758906486211 58.77972573255212 58.17376929176675 57.5479500249776 56.93664153045776 56.367525875763505 55.85995354524793 55.42462046355141 55.06439352243555 54.77590461196831 54.55146351972133 54.38091032986706 54.253169633755284 54.15740649705878 54.083784493706396 54.02388838309069 53.97090298267367 53.919639857478664
59.617986290188426 58.84506614302574 57.914039648732285 56.89678520980744 55.87353367583382 54.926230202475054 54.12902021977324 53.53926032975733 53.19407008304387 53.11010197137548 53.27931976479471 53.67063606098542 54.2438664134463 54.96004896596995 55.78173961291791 56.67039669072869 57.5848656536205 58.48126186775914 59.314254647087814 60.039685200768645 60.61805280866038 61.01812673568796 61.21994803072841 61.21671167115663 61.01532431761786 60.63566612560925 60.108671324411425 59.47335258538708 58.77297405614787 58.05077446562985 57.345844554530586 56.689818636507006 56.10488545182706 55.60331423109249 55.18834260249872 54.85599866914585 54.597318245953964 54.400489849993065 54.252639427726464 54.14114596901021 54.054502560602415 53.98280557841897 53.917981208650424 53.85385230500566
59.23270931300364 58.336263603982374 57.29727326188827 56.202210017612785 55.143817508859584 54.21047532038056 53.474105262915536 52.983768899865055 52.76817096814316 52.83175558779038 53.14655079181725 53.66644346953785 54.34820845016779 55.155500474052666 56.05432583588501 57.00951147299611 57.982739811830676 58.931899896151464 59.81214554133515 60.578635515240606 61.19034801063295 61.61409733037193 61.827953549033424 61.82353163791343 61.606908421949015 61.198133618304496 60.629400056635305 59.941989460881615 59.18221804757334 58.3968141314388 57.628381635610225 56.91168448594769 56.271338889901955 55.72116729743212 55.26507648082731 54.89900327922199 54.6133263018391 54.395208067591085 54.23053802938787 54.105361284427886 54.00682174271946 53.92372050385027 53.84681201510395 53.76894639249886
58.40421270599179 57.42281723680992 56.33002417190019 55.22436015497094 54.20524665126422 53.35797248796066 52.74256153616186 52.39874241018537 52.34895517009592 52.57572963238655 53.02440934771874 53.64122874744438 54.388788200501935 55.238550405982934 56.16394615199073 57.136724874616526 58.12426433068067 59.08830550511372 59.9858653223615 60.772212228947545 61.40512338183313 61.84940567381947 62.08079260431651 62.08865062365779 61.87724497180282 61.46551289260126 60.885378532981115 60.17870652561219 59.39312592267242 58.57718712368638 57.775551078631274 57.02499880325143 56.35189688316705 55.77140395711826 55.28828931783135 54.89889457229814 54.5936061657458 54.35926760575867 54.18118068839796 54.04458159520703 53.9356345309082 53.8420576958335 53.75351160487799 53.661856323740345
57.15009613411136 56.139224187948976 55.0652149865716 54.0327450566967 53.13634788139016 52.4435525279211 52.001396917026966 51.85530162989382 52.01203934869382 52.40762900258876 52.965019733250514 53.63920444206632 54.406581484340364 55.24991447419474 56.15297785421188 57.09690738837605 58.05664903196972 58.99917924459201 59.88437355623621 60.66826942059301 61.30780033351962 61.76586017531663 62.015712474072096 62.044121627603 61.852939766699436 61.45910052542016 60.893058794278346 60.195780631974486 59.414533521118216 58.59796761520252 57.7912130243602 57.03179573027276 56.347010795239214 55.75303530000967 55.255651415256956 54.85211415613757 54.533535935358934 54.287220092312026 54.09859962944488 53.95268005947271 53.83504325269317 53.73253577495698 53.63377159049053 53.52954555381446
55.53977930683532 54.57141057560093 53.60329947485872 52.73228486820871 52.02607062215618 51.53220490647645 51.323601556840245 51.451759990931315 51.84767406135897 52.3913799964641 53.017083086251006 53.704778405478116 54.44679698575216 55.23830648954382 56.07488021519291 56.94821548631265 57.84176965618577 58.72862534305503 59.57234996037316 60.33049217116802 60.95972002229742 61.42138052952188 61.68640453506835 61.738854472559346 61.5778064838982 61.217519139964374 60.68595954032718 60.021837222039466 59.27044267199584 58.47881124489815 57.69093550116665 56.94379328739858 56.26478042266404 55.67079260080634 55.168818391074396 54.75759935815565 54.42976925455111 54.17394813811139 53.97648544566324 53.82277885147918 53.69824185368898 53.58904662900068 53.48276276635278 53.36896815625576
53.682110849097796 52.84096718745528 52.06452295113958 51.40910945662298 50.91396986323837 50.686401617491626 50.845787688232846 51.32333164237789 51.93211546268729 52.568210824027226 53.21431439769027 53.87341866372045 54.54999972070631 55.251180538749075 55.984426168813016 56.752025165834354 57.54615750951623 58.34654562130404 59.121250811005986 59.830249363374556 60.43080725658454 60.88340432640684 61.15705579772845 61.23323519510235 61.10802190764072 60.792413618122644 60.31092029818489 59.6986696097778 58.99739465266671 58.25085503193613 57.5003796362869 56.781210972092346 56.12014020319187 55.534609960470114 55.03313474089209 54.616635384415225 54.28017300548217 54.01463900030231 53.808162402511726 53.64720602768082 53.51744536906081 53.4045557576844 53.29500885157125 53.17692194204051
51.720911766497615 51.07381540324564 50.50728404128635 50.04809287242908 49.8528560213268 50.12542396963576 50.78720625208679 51.555985909447244 52.277815595379316 52.94301883877791 53.56822085427421 54.16415641297622 54.74397548582955 55.32587355716008 55.92827067986127 56.563269305015616 57.23149717728436 57.91963470046443 58.60103659221306 59.23917229714453 59.793007284031106 60.22309882070866 60.4971974380212 60.59446155540803 60.50782622592627 60.2444444374168 59.824369834205 59.27780792638906 58.64139186238353 57.95405175979046 57.25309572598811 56.57105011458307 55.93361152014342 55.358801144104774 54.85716032361723 54.43264193447862 54.08378426384076 53.804833929667794 53.586671031906896 53.417571310209475 53.2839319088624 53.1710868373098 53.06428429941923 52.949820667479386
49.78963359093711 49.27617607570793 48.84655159839584 48.73612069343143 49.22762579429682 50.19003495375769 51.21129699583622 52.08871746952495 52.83647106638887 53.49128358783448 54.06685941295505 54.5753576989633 55.03804837768453 55.482826575238754 55.93741864864242 56.42253342278342 56.94671362033078 57.50375680505629 58.07304924564573 58.622651808360175 59.114432370403016 59.51010388863804 59.776927922409214 59.89210053722145 59.84528074548635 59.63916023599046 59.28829866247045 58.81664747113297 58.254289275093306 57.63395137020534 56.987807266375725 56.34495275594712 55.72975419670703 55.16106589910659 54.652147768870165 54.211009221559934 53.84088465101166 53.540632947206134 53.30502191058552 53.125016774666065 52.988256944657905 52.879864856585556 52.78362928705535 52.68349088218531
47.78687652388191 47.31209769405416 47.31628765362836 48.12734043957752 49.49469062426003 50.840417474415624 51.92246219687174 52.80223889285273 53.54632822586174 54.16953395187233 54.676739239186354 55.08430172541381 55.4209870691282 55.72219951798333 56.022939515113954 56.35119980254464 56.72282746251071 57.138740085331904 57.58490163686506 58.034908489246575 58.45463559330233 58.80797590910392 59.06245117700129 59.19362950235422 59.18774084350312 59.04238550625668 58.76561847929295 58.37390799047388 57.8895273789481 57.337889225430025 56.74520709443832 56.136702607533365 55.53540071082135 54.96141701850027 54.431562782482104 53.95907024605704 53.553266308124016 53.21910920200629 52.95665318850315 52.76066287410585 52.620667655266075 52.52167584264602 52.44559013194519 52.37316721713271
45.62275416091985 45.729048835354604 46.88807337578781 48.69659466032631 50.39543331447297 51.702453690603235 52.74021455012262 53.614852415157344 54.34302977935044 54.9186215282828 55.347123319666295 55.65049128042594 55.862871762229545 56.02455354890849 56.175748890903456 56.35052442963095 56.571483817315105 56.8464777169518 57.16820059749593 57.51632778729334 57.86152274392643 58.17063741536098 58.41203672362272 58.559910178685016 58.59689784085869 58.51494898389231 58.314759950798575 58.00432928808832 57.597167303688465 57.11058113018901 56.564283912760274 55.97938896981853 55.37769048005741 54.78104512433474 54.2106711366062 53.68624250425489 53.22472356137358 52.8389512432667 52.5360829650421 52.31622022796856 52.17169199280196 52.0874539614925 52.042761986488806 52.01386047818913
44.29285437546583 45.69636534655126 47.850777806085624 49.85859558855366 51.3762278295525 52.57032372896162 53.58975144872692 54.456503670763524 55.1526843958113 55.6696329699661 56.01743408368195 56.22210421513518 56.32055182436086 56.355495390712406 56.37052201851578 56.404833483600136 56.487441144912495 56.63267461891917 56.83942288274743 57.09330621780955 57.370058838246884 57.63991121710427 57.87243210669245 58.04061476520401 58.12343275694178 58.106840780436556 57.983642494374934 57.75276208833101 57.418380408547 56.98924005007553 56.47823695200307 55.902229679440666 55.281850494147335 54.64104367439765 54.00612329924706 53.40430203447515 52.861764022514 52.40133091076582 52.039728020231024 51.78470734058895 51.63283556022501 51.56905472592792 51.56864283929474 51.60118266522464
44.820410502579634 47.077779752402506 49.25604731898131 50.92829824616939 52.249267031076506 53.398498169898865 54.40784209830344 55.24962590965904 55.899912006318885 56.3542140626191 56.62642397142606 56.744426244337234 56.74570658069944 56.67342865521561 56.57303201624985 56.4883127712002 56.454649077923214 56.491891168235966 56.60351212250963 56.78012361444824 57.00233090482607 57.24383621124046 57.47561454095845 57.66969866156144 57.8015666377001 57.8512240369392 57.80351114559692 57.648140508532755 57.379803767145376 56.998507196023255 56.510132524121936 55.927069648051756 55.268624548687164 54.56082648052424 53.83536153818594 53.127670834824634 52.47450770791715 51.91102858523028 51.46692636504462 51.16128026724797 50.99736548025141 50.96018465405089 51.01876396933835 51.13258720962241
46.52487550457302 48.65449788350965 50.38069509470788 51.77419641590569 53.01280163015547 54.14011770746443 55.12311690634534 55.92333176047926 56.5205126008673 56.91444170713833 57.12117214625177 57.16884435180939 57.094070385080165 56.93898607231568 56.74968892016504 56.57446432627413 56.455038764819264 56.414709120289665 56.45878237485964 56.581523588907935 56.76799372112294 56.99523306097496 57.23580014046499 57.461240638577884 57.64413873035794 57.75912077521671 57.78351949234687 57.69816500409387 57.48846495289903 57.14573077509909 56.66864233851439 56.064694447948604 55.35130080805576 54.55603528235019 53.715574898488214 52.873494320463934 52.077721026401406 51.37796708986407 50.821445983305004 50.44447763091631 50.26143099680163 50.257644775720834 50.39213450666732 50.60892641454049
48.13820337596758 49.78404350828664 51.17637231983102 52.446514750209836 53.644701607593625 54.73849745130225 55.67789146881596 56.42685857015226 56.969985953347226 57.31020735752885 57.46465325312863 57.460935484167194 57.33408558956461 57.124323854516625 56.877624637231825 56.64651957708594 56.477583481368264 56.39396824988665 56.40041598851825 56.49415822702907 56.66409542864995 56.89021579817971 57.1469843053108 57.406372631492744 57.63923343128272 57.81593674021077 57.907238473795644 57.885806996072674 57.72826990205817 57.41743231284908 56.94451423372762 56.31138565529598 55.53250991438941 54.63584219759655 53.66188553802069 52.661134926661546 51.69182745441252 50.819441008626285 50.11421611447149 49.6388444156698 49.426422702653504 49.46352263918538 49.693294221091705 50.03630683809962
49.202279163654445 50.509359863724434 51.74569122668208 52.954710945240116 54.109825955934596 55.15512706088792 56.040677570923336 56.735370219012374 57.22799180559607 57.52389703823739 57.64095172280592 57.606168694237766 57.4530025875949 57.219688921093706 56.95159861842377 56.70318175155904 56.520996389386525 56.42505095394872 56.42006350600638 56.50598362244486 56.67416386694521 56.90706749873148 57.1818523264362 57.47242681663936 57.74962979973844 57.98113291988645 58.13237935686729 58.16889308375147 58.059270549687334 57.77810468763768 57.30879905983175 56.64656266846278 55.80138532840617 54.79989025837053 53.68458059884092 52.510538093810666 51.34337486647497 50.26313175207701 49.36832437700816 48.760689581629464 48.504388954740186 48.58965508261309 48.935632516528344 49.4283754460148
49.83567209973811 50.97510314833429 52.13302221564465 53.29027164049823 54.39254058895975 55.38071189004149 56.20905773994669 56.85126353460836 57.29976351749632 57.56216700875766 57.65727613090913 57.61188464347854 57.45836608629376 57.2334810895471 56.98086599099429 56.751248276347624 56.58514168119398 56.50020090605179 56.503106514588 56.5948641324428 56.76764444737385 57.006677272256724 57.29335793752669 57.6055927599336 57.916281686645156 58.192164585573835 58.39482290542286 58.483886153308696 58.42086954119981 58.172526287040505 57.71401996041598 57.032659531936204 56.1321250022591 55.03565605613879 53.7856567144661 52.43894957852119 51.063763793456964 49.74983247942605 48.62630357426774 47.84830644486979 47.52836800469093 47.6658056754861 48.14665025455934 48.809144988900584
50.204866198095246 51.25820364053341 52.359404572041534 53.46256891258477 54.50678561949176 55.43567049519902 56.20827663692807 56.80266851836778 57.214734498299194 57.45454417847441 57.542281459065315 57.504975064061234 57.37425266840509 57.18527614599367 56.9775757633027 56.79288337216991 56.66334638124714 56.605730983941626 56.62744508842456 56.72834336925946 56.901402526066434 57.136135032276734 57.420284096265604 57.7380384159479 58.0664674380618 58.373146670483145 58.617365912756206 58.75430216529311 58.739474038982785 58.53222426417123 58.09908055849712 57.41821657689664 56.48510571307403 55.31747409114085 53.955699963438796 52.45608826680163 50.88461682290304 49.33257621519663 47.95596217632909 46.973830670383876 46.56605725001033 46.75069855256744 47.37452919602665 48.21584181329619
