_RESULTS/REVERSE_NEW/Berg/GZ/5comp/Berg_GZ_z_63_kriged_reverse_5comp_test_gaussian.asc
ncols 100
nrows 90
xllcorner  5.6208707817415728
yllcorner 50.959635321741573
cellsize 0.00013419651685393446
nodata_value 1.7014100000000001E+038
[rows 54 to 71 of 90, columns 41 to 81 of 100]
0.0002433424524641302 7.491399262914688e-05 2.3154513377953337e-05 7.672847321694229e-06 2.9232357728953307e-06 1.3706507938229945e-06 8.397688005220134e-07 7.035570697441208e-07 8.268779869842264e-07 1.3656269096919514e-06 3.094269427366969e-06 9.158013594980957e-06 3.297783232875157e-05 0.00013241057203807372 0.0005386349154905801 0.002018047409350523 0.006392913936913556 0.016008795569324486 0.030340538371950027 0.04279401367261885 0.04538636917400806 0.03747544773555068 0.025412409402132803 0.01509887712899987 0.008415764034823296 0.0046932059607206 0.002765692116112075 0.0017944555881903594 0.0013156835275594419 0.0011026765874956356 0.0010552909209617443 0.0011408956550461613 0.001369174728853253 0.0017850795868670903 0.002470204724471381 0.003544737488237714 0.0051604422747878595 0.0074733328743934995 0.01058882916368525 0.014487828560399488 0.018965709898267256
0.00020557676273161508 6.853884082372881e-05 2.3420548868028084e-05 8.740731603421344e-06 3.8053477934200206e-06 2.0567168186300167e-06 1.454416487630648e-06 1.396441127805187e-06 1.851521644878799e-06 3.369140571966127e-06 8.163241707355809e-06 2.4980552995246194e-05 8.986602773279556e-05 0.0003491981725684036 0.0013392587486583695 0.004645495185701273 0.013507926823515712 0.03109448756587416 0.0547321223799397 0.07287589007469361 0.07442579296089344 0.06042838959006932 0.04108706699457022 0.024868610969826253 0.01427254223862521 0.008235705383799944 0.0050172185495823765 0.0033448126592420416 0.002494053662541379 0.002097804724335706 0.001985036587686824 0.0020895421210595645 0.0024061090855943463 0.0029713869898744063 0.0038546721998596327 0.005148530643212036 0.006951379271184977 0.009337221829437815 0.012314675750493094 0.015788029869836566 0.0195414731034977
0.0002062672688856825 7.517914080087784e-05 2.8490738971603717e-05 1.19203713687966e-05 5.851468182138002e-06 3.5637601164785794e-06 2.8174456167201557e-06 2.977566936661373e-06 4.247241998945523e-06 8.077020101599609e-06 1.9787017612485328e-05 5.914419417103231e-05 0.00020109948991564353 0.000718050674877487 0.0024785205630768895 0.007649750656074648 0.01977563684270172 0.04087407853889176 0.06581971253310842 0.08216070304752289 0.08086181840283757 0.06507383465444272 0.04500236666145453 0.028296821305738535 0.017123745210985898 0.010500126808692828 0.006802843575006894 0.004796711096198049 0.003743134240474039 0.003248715607458102 0.0031211034341232452 0.0032802989814389775 0.003711467721425147 0.0044400044063783815 0.0055152693352205455 0.00699446931243257 0.008922176387694535 0.011305476158660973 0.014090113026395639 0.017147413849114237 0.02028177742831402
0.000242452488139067 9.729905736458127e-05 4.0942815958653436e-05 1.9088892336131274e-05 1.0416850328101866e-05 6.988586362645609e-06 5.988217142397528e-06 6.702708304197036e-06 9.837113668843848e-06 1.8619340376090695e-05 4.3830910593199895e-05 0.000121644899888463 0.0003724977827775532 0.0011695889343685405 0.0034975362324102146 0.009311191247828494 0.020904949006189475 0.038186494311729026 0.055767352486788296 0.06514334303351871 0.06207821671054673 0.05003364389885149 0.035724898470248206 0.023771553539418677 0.01548789253410528 0.010319144302033323 0.007273803474660549 0.0055486945735102045 0.004632517739458202 0.0042375648121677776 0.00421793377411719 0.004512569418432514 0.005110540683855187 0.006028823868687259 0.007294877770611161 0.00892974352080525 0.010930848707691898 0.013256887089227839 0.01581936921492244 0.018485526673353802 0.021094465672245155
0.00032589933135344045 0.0001446584350195679 6.754053944017036e-05 3.484892798425957e-05 2.0853143020210907e-05 1.5094978980312658e-05 1.3639343182186019e-05 1.5640736058519188e-05 2.274467036843352e-05 4.1152013819598015e-05 8.933829717442538e-05 0.00022121737960738118 0.0005880344764146176 0.001572165450125049 0.003966785526191294 0.008929201250569252 0.01717960854377933 0.027526799481358565 0.03637329594158761 0.039867082444085655 0.03704790688355631 0.03022298493114732 0.02257198898595133 0.01612619612211377 0.011484877075745175 0.008441741974771643 0.006570389430202987 0.005499704756058587 0.004979131002200144 0.004862795457383944 0.005078089490002816 0.0055989274539655215 0.0064255173524403394 0.007567998292207017 0.009031860192941256 0.010804935707471684 0.012847483874047556 0.0150877262797766 0.01742476692539784 0.019739183894048697 0.021909291670742462
0.00048557837411681865 0.00023878385589364316 0.00012338163500122965 6.99328463097059e-05 4.531597862071133e-05 3.4776243329138536e-05 3.24087004791779e-05 3.71014835637455e-05 5.19651389308785e-05 8.728332917040801e-05 0.00016982716876132975 0.0003654586144001767 0.0008243587884714175 0.0018430036534277366 0.0038730380094820368 0.007315262179981947 0.012026558989782776 0.016919476815613493 0.020310861639188896 0.021025083832054387 0.019209470874816604 0.016002839445591305 0.012612210503594443 0.009754852323313159 0.007650459081032809 0.00624354660482342 0.005395208355628643 0.0049788532912702155 0.004909049724955947 0.005140506445954349 0.00565763702777105 0.006462181357573444 0.007560696724467831 0.008952561722049591 0.010619749975582108 0.012520284789334632 0.014587070214194215 0.016732624899129373 0.01885868179526675 0.020868373440029536 0.022678224562582047
0.0007748547053243838 0.00042158136133021404 0.0002400182763030534 0.00014829929934239824 0.00010292753011438113 8.258043067485395e-05 7.80894311295318e-05 8.767341620418807e-05 0.00011614865197144489 0.00017801316755675138 0.000305760453311254 0.0005650104389291955 0.0010728141711998402 0.0019980681609500202 0.003498870418015405 0.005568487057653596 0.007877745809751827 0.00981665666409464 0.010808956233133486 0.01066660841667076 0.00965924366388354 0.008267696324432331 0.006901777136527154 0.005786499744211608 0.00499285174864358 0.004511864023838638 0.004311837470358072 0.004367465134334661 0.004669331163053529 0.0052229677527690045 0.006042541442813722 0.007141500299545561 0.008522010073382843 0.010165676625225271 0.012028440468053398 0.014041656155172595 0.01611932572684144 0.018169312273546394 0.020105284895167403 0.021856506064130532 0.023373835266921675
0.0012801870097827294 0.0007675065737517774 0.0004785715720957426 0.00031981133570323597 0.0002355263621006937 0.00019552541297393524 0.00018562848178377305 0.00020235838251446306 0.000251434759407632 0.0003495395654686472 0.0005285918956644835 0.0008397403180837577 0.0013491436695104186 0.0021122085414143127 0.0031199714180824636 0.004244572656309536 0.005246842166756757 0.005879148887101577 0.006018863265840136 0.005723941554184965 0.005174202958631006 0.004563741871101195 0.004030152818159965 0.003643838233526648 0.0034302511845002255 0.0033960481512827615 0.003546830548908455 0.0038955994728180334 0.004464288543595067 0.005280155708510986 0.006367993376377599 0.0077395323418155484 0.009382894529653492 0.011256126651978279 0.013288170100580622 0.015387824140693443 0.017457866905488596 0.01940961966924756 0.021173805432191106 0.022705769127177727 0.02398543387706514
0.002124976191458517 0.001394818624547175 0.0009455336598261384 0.0006779980989159348 0.0005256332734356862 0.00044825535918720195 0.00042481722362328864 0.00044811882091009295 0.0005220472468752016 0.00066052084905692 0.000886079259729921 0.0012244657271129925 0.0016908868495116797 0.002267809866475176 0.002885895774314383 0.003430410701577381 0.003784677237914725 0.00388717810814787 0.0037589465168294993 0.0034834182884751295 0.003161050381815007 0.002872895156818253 0.002669083613330694 0.002575983068115379 0.0026091169607332654 0.0027839267884409 0.003122137735608129 0.0036538101958134535 0.004415195619561225 0.005442179053036098 0.006759661618538509 0.008369072743626436 0.010238419900212351 0.012299925659674625 0.01445788489444768 0.016604780318826902 0.018639906746570168 0.020484236583673574 0.022087874577705113 0.023430031756084994 0.02451389472032754
0.0034595561983986316 0.002465875610168602 0.0018021196589387042 0.0013755928568038335 0.00111509013017384 0.0009721679453031284 0.0009178382922818995 0.0009382346251487847 0.0010305488606927008 0.0011987589235295582 0.0014476020050153005 0.0017734268250428017 0.002153101198546235 0.002537114774242459 0.0028562495120560212 0.0030453421763909617 0.0030726338638053753 0.002954026445214684 0.002742368500386181 0.0025022626815449163 0.0022885124902452046 0.0021378394279738303 0.0020720744748585047 0.0021062055418961 0.0022561575147909633 0.002544237735962524 0.0030017692345132 0.003668460881321949 0.0045876342612418955 0.005796676126014857 0.007313710235642675 0.009124195324966026 0.011173280090676337 0.013368987988415338 0.015596939974018906 0.017741724368957986 0.019707048621310907 0.02142828679306901 0.0228753527110043 0.024047876385699055 0.024966499325385538
0.005432353503098321 0.0041656017741638135 0.0032528014543804404 0.002622486836558239 0.002209666567777666 0.001963217604747659 0.0018471226234720289 0.0018380788405471093 0.0019210476037557968 0.002083266853077381 0.0023070729427957528 0.0025631132737773833 0.0028077281950248502 0.0029890920612682457 0.0030629012670065022 0.003010463912396131 0.0028472504955289486 0.0026155369269545282 0.0023667637132323747 0.0021454506786335614 0.0019822006955529593 0.001895468000356758 0.0018977155455537215 0.002002039181861012 0.0022273717972824945 0.0026017043820884106 0.0031628642885495975 0.003955857495797629 0.005025548303901531 0.006404419727658046 0.00809765274990145 0.010070775265323111 0.012246327073536675 0.014513345790434467 0.016747653766865548 0.01883557662671206 0.020692556999554388 0.02227154823365037 0.023561198100189848 0.02457742493983013 0.025352824848143708
0.008151037954299252 0.006659137313612196 0.005505998893991702 0.004653106556284848 0.004053588358148867 0.003662013146101668 0.003438952326895604 0.003351037656094315 0.0033678273385272066 0.003457025804980707 0.0035801764607951685 0.0036917776540691958 0.003744624638190485 0.003701427688250565 0.0035477776041238024 0.0032983592356461916 0.0029914175691993635 0.002674485301016896 0.002389984683037591 0.0021676791380468613 0.00202505584878348 0.0019724764432925146 0.0020194660155512753 0.002180062870696941 0.0024765388647621693 0.002941173744001906 0.0036153506327841734 0.0045447256131271015 0.005769474142356082 0.0073103219805123135 0.009154022207051098 0.011244447366221306 0.013485057573835866 0.015754155097550356 0.017928182824329595 0.019904471615632222 0.02161582834282445 0.02303400576138197 0.024163982170799375 0.025033497062570676 0.025682120288385717
0.011657110584747832 0.01005059854642895 0.008723031715392938 0.007671967137047655 0.0068764810263805196 0.006304956153844779 0.0059204090111022655 0.0056826604585008935 0.005548078857092709 0.005468725861588687 0.0053934124841776305 0.0052728791530209035 0.005069288997288362 0.004766729611071162 0.004376824663950283 0.003934974271380273 0.00348827038222066 0.0030814157425915045 0.0027474347194580456 0.002505862427455665 0.002366640704148882 0.0023362736314426783 0.0024236380829938307 0.0026443135492430552 0.003023091156127305 0.003594250889239166 0.004398710770957854 0.005476965339339452 0.0068575868591542214 0.00854326745231157 0.010499112464242963 0.012649123125569001 0.014884653716354222 0.017083448308575857 0.019132710097943977 0.02094799610806253 0.022482440013659608 0.02372564185890947 0.024695409526227407 0.025426809278764822 0.025962092295213585
0.015936028685115487 0.014374355528619782 0.01299117346359677 0.011812792840356781 0.010844480406270084 0.01007324965167347 0.009471345584605202 0.008999397113111738 0.008609384897635824 0.008248586674021282 0.007865887734952108 0.0074207502398838466 0.006892827777366501 0.006288059052086335 0.005637258558612341 0.004986666555934391 0.004384532363018066 0.0038698872901397046 0.003467656899139797 0.0031902566455671785 0.003043012661952634 0.0030303944237912027 0.003161171364001102 0.003451744791412493 0.003927337797970426 0.004620542687884528 0.005566452980593488 0.006793901696059295 0.00831366953637307 0.010106719353174143 0.012117312001684371 0.014255481498048206 0.016410020773881394 0.01846833880051743 0.02033630597091741 0.02195160401501635 0.023287591942152318 0.024348809738045252 0.025161721108278225 0.025764534849523558 0.02619872256213065
0.020963560773280803 0.019632599680623378 0.018347251815514776 0.017146779063795973 0.016055224298183426 0.015078748546617057 0.01420566424355734 0.013408878248828547 0.012650631214375672 0.011889576030474238 0.011089843165885214 0.010230578523955968 0.009313053482085203 0.00836210832486324 0.007420449813872281 0.0065376701173012666 0.00575858139193788 0.005115498795145398 0.0046265516290486825 0.0042990370755442335 0.004135211178204756 0.004138065425028735 0.004315627985500129 0.004683154330168933 0.005262851144566209 0.006080715019828658 0.007160155520620196 0.008512788060707939 0.010128238121796668 0.01196639867585919 0.013956085989143554 0.016002394687442235 0.0180015609199934 0.01985869682634237 0.021502538820986808 0.022893043230706157 0.024020987333084828 0.024901649770898912 0.025565884020764762 0.026051500892087055 0.02639665871804594
0.026765527232791624 0.02586148392740153 0.02484332151847371 0.02374199891101456 0.02258746362057936 0.021402528061935308 0.02019901732289036 0.018977252636575286 0.017729166599815074 0.016444493990301942 0.015118559516715058 0.013759337230077797 0.012391146652171853 0.011053151588240597 0.00979281463168895 0.008656753131582103 0.007682618155899191 0.0068948759731904076 0.006305286722135954 0.005916866558665303 0.005729224082085285 0.0057433938638453905 0.005965000459458002 0.006405169576524659 0.007078877512494888 0.008000599495708431 0.00917753422350245 0.010601557557304627 0.012242190527884654 0.014043553040241108 0.015927670529868074 0.017804370187609893 0.019585233789222174 0.021197258278743716 0.022592123061793624 0.023749029812848484 0.02467164337297546 0.02538138882093737 0.025909735549766902 0.026291450212372107 0.026559787305664783
0.033462240484208074 0.03319128680667251 0.03261816700421997 0.0317400715142203 0.030576466272800428 0.0291634793371077 0.02754642751913366 0.025773074450439158 0.0238895852689323 0.0219397801754538 0.019966817631735113 0.01801545407477272 0.016132916825581347 0.01436725105296009 0.01276340318405841 0.011358573533484873 0.010178810243357756 0.009238211914069419 0.008540895345313763 0.008084802739139526 0.007865954208092107 0.007881884639517117 0.008133416006507988 0.00862431374551344 0.009358690010701123 0.01033637528467783 0.011547036435499413 0.012964545086090417 0.014543661495134861 0.016220969633406718 0.017920851303499415 0.019565414849924134 0.021085617578381934 0.022430307311438177 0.023570845715620792 0.02450076993816242 0.025231609433062543 0.02578680402865707 0.026195582053751408 0.02648801614118389 0.02669173002478374
0.04128024196388574 0.04187315055918622 0.04193832005043752 0.04140788695581952 0.04027100342940151 0.03857463304544401 0.03641280848162423 0.03390847529821627 0.03119390908509872 0.028394810637144705 0.025620545387248846 0.022960245965503955 0.020482855265793135 0.018238951837571855 0.01626293003199401 0.014575087385341594 0.013183825663801597 0.012088286687265758 0.01128145889422176 0.010753410364706046 0.010494073818200512 0.010495000168657767 0.010749647921964943 0.011252008279246394 0.011993664704149113 0.0129597806680181 0.014124983479997995 0.015450510656811944 0.016884023771987878 0.018362927321416356 0.019820901135892285 0.02119611134456936 0.022438848129444133 0.023516553520502314 0.02441522148547582 0.02513741712715956 0.02569807892932399 0.026119554487934907 0.02642706376953958 0.02664527033246146 0.026796142238346386
