_RESULTS/CROSS_VALIDATION_POSTPROCESSED/Berg/GZ/4comp/5/Berg_GZ_z_1000_kriged_reverse_4comp_spherical_5.asc
ncols 100
nrows 90
xllcorner  5.6208707817415728
yllcorner 50.959635321741573
cellsize 0.00013419651685393446
nodata_value 1.7014100000000001E+038
[rows 36 to 53 of 90, columns 0 to 40 of 100]
0.01414210185560045 0.01792514377515497 0.023189276149276117 0.030365012506613474 0.03987846368216 0.05198316372889577 0.06644803366255853 0.08212131816618827 0.09664681178326692 0.10699374160916479 0.11100136529602082 0.10848868649206188 0.1008117308029597 0.08985472691892721 0.07717320313453156 0.06390241671605254 0.05129565803822585 0.04016553077496243 0.03089266678401797 0.023517282227238725 0.017862006762192174 0.013646834184705465 0.010573186871538916 0.008372650325411821 0.006827643772342312 0.0057734676066827344 0.00503725553185216 0.00452840996833236 0.004171817587429438 0.003931142070096226 0.0037908927054459258 0.0036641187839806795 0.0034755340566396363 0.00323239626907792 0.002963915494281676 0.00268280108648644 0.00230461868806599 0.0018717746391977038 0.0014498206970725994 0.001079864196276644 0.0007793989775621617
0.01582722213627075 0.019728514210213884 0.025029319937744376 0.03203818570449999 0.040978574821564716 0.05181192377270887 0.06398747063817259 0.0762204155602531 0.08654423937646125 0.09288787472407933 0.09399898254233129 0.08999158491863406 0.08208663778471292 0.07193215522749687 0.06104847748022521 0.050366471860569785 0.040431962428643956 0.03178308410223639 0.024631580069189845 0.018954133690206987 0.014589357914247819 0.011317427842859638 0.00891432578196827 0.007182051524916227 0.0059610549980009695 0.005132083346052855 0.0045908808666188464 0.00422849099010712 0.003979163136774915 0.0038282532525292998 0.0037780911298849677 0.003773750559913764 0.003700076647865568 0.003554251247200804 0.003362225143919249 0.003144387095315393 0.0028075956717393286 0.0023657890273042353 0.001896875112316435 0.001458605420032491 0.0010836140837448057
0.017966289583745458 0.02205309990401698 0.027428195135106165 0.03433934961405704 0.042854474021443906 0.05273232930587486 0.06322664876540003 0.07299431498698665 0.08030640812700539 0.08363747191581745 0.08234141647439747 0.07690697245262212 0.06862340389725761 0.05899078471824487 0.049272289606817815 0.04031374160285443 0.03235184686853784 0.025522297987035824 0.019922670520912084 0.015491148051399029 0.012080815363302503 0.009514690107977505 0.007620660761627081 0.006249905867694965 0.005283987857773646 0.004635584610467683 0.004242114966811676 0.004001226877206044 0.003847042670395559 0.003780323817124151 0.0037780911298849677 0.0037780911298849677 0.0037780911298849677 0.0037449750826078 0.003650842162243456 0.003516890511171473 0.0032698691184890796 0.002864099212061858 0.00238211491870963 0.001895602049836038 0.001453631812370389
0.02044002321776877 0.02505358416169467 0.030577452005725793 0.03748041310911186 0.04574601643467557 0.0549959882259804 0.06434345184645676 0.07236132818121192 0.07739705881244673 0.07824617289863085 0.07475928673703275 0.06786168161264254 0.059019383924538114 0.0496396557389871 0.04074234600780061 0.032906154889119806 0.026332789609717328 0.02084330830746481 0.016385792670892012 0.012873589660660037 0.010172005847469202 0.008135200678146524 0.006627983400840025 0.00553649905718643 0.004771872085739485 0.0042702484763856045 0.003991880957317797 0.0038505787733746064 0.003782866709071258 0.0037780911298849677 0.0037780911298849677 0.0037780911298849677 0.0037780911298849677 0.0037780911298849677 0.003775958248027756 0.0037377713474501862 0.0036149244068118744 0.0032972986814033783 0.002850304837287925 0.002352356068514673 0.001866593051378329
0.023221609708139142 0.028524077598055968 0.034672466807115186 0.04168603369417253 0.049875400946147244 0.05882037542576836 0.06752136937405845 0.07438158871652342 0.07760726251185321 0.07613724294445073 0.07036156588738086 0.06180260998435722 0.052191689049296844 0.04284144452372317 0.0345073654964194 0.027499124145981328 0.021842890557641065 0.01734412727210458 0.013734595122706172 0.010905884146575517 0.008733848162818988 0.007095980040167324 0.005884033200959621 0.005009576657271256 0.004405459542396898 0.004025535528711945 0.0038398484141169958 0.0037816975505913573 0.0037780911298849677 0.0037780911298849677 0.0037780911298849677 0.0037780911298849677 0.0037780911298849677 0.0037780911298849677 0.0037780911298849677 0.0037780911298849677 0.003765639877546697 0.0035827414787247534 0.0032244912111561745 0.0027651162067745733 0.002275028348783427
0.026285932802400516 0.03231866506176127 0.03929884996137699 0.04708153318633391 0.05542209024886748 0.06435834659821316 0.07294179299349797 0.07928875176536776 0.08106142210843194 0.07705765875245997 0.06850015265617436 0.05789802845010282 0.047303488423351345 0.037829236522234 0.02989068247812355 0.023512554208065077 0.01853596996890025 0.014730020519551756 0.011757474608816976 0.00944177683032112 0.007668609235640006 0.006333714199113679 0.005349152332032112 0.0046455234082068255 0.004172157882783812 0.0038968553703373596 0.0037862932771213606 0.0037780911298849677 0.0037780911298849677 0.0037780911298849677 0.0037780911298849677 0.0037780911298849677 0.0037780911298849677 0.0037780911298849677 0.0037780911298849677 0.0037780911298849677 0.0037780911298849677 0.003693372939149729 0.0034360588356493037 0.0030553405448768833 0.0026088059857441253
0.029579579866917963 0.03632805617744884 0.04408870946428688 0.05275272837545413 0.06207509728788932 0.07154569987862426 0.08057614912287112 0.08739181156021429 0.08826604310399336 0.08094431506864352 0.06852378779788523 0.05537163166155118 0.04366946865983372 0.03403162861391705 0.026414216762779996 0.02054593196858623 0.016105320889113334 0.012791938840548396 0.010301600620742249 0.008375206241760257 0.006905465605411086 0.005803156571460686 0.00499626177500444 0.0044301846149585045 0.0040673586648798865 0.0038798277447541353 0.00379194863827067 0.0037780911298849677 0.0037780911298849677 0.0037780911298849677 0.0037780911298849677 0.0037780911298849677 0.0037780911298849677 0.0037780911298849677 0.0037780911298849677 0.0037780911298849677 0.0037780911298849677 0.0037591904830287523 0.0035907779993081617 0.0032818984912111474 0.002883853982507913
0.033025118649304 0.04039102159388555 0.04872930484316149 0.057964295455754725 0.06799180605299687 0.07860799805406499 0.08928685817901043 0.09835588246745174 0.10021616469403337 0.0873713051528622 0.06925521362078231 0.053328843939016435 0.04070113630823783 0.031029519484424548 0.023749290268854552 0.018329809043184764 0.01432941989322509 0.011399463498955459 0.009260486472950429 0.007632990784838164 0.0063968320281071024 0.005475841916597958 0.004811078132714219 0.004359703762326503 0.004071984335954541 0.003892582895313698 0.003796603201197339 0.0037780911298849677 0.0037780911298849677 0.0037780911298849677 0.0037780911298849677 0.0037780911298849677 0.0037780911298849677 0.0037780911298849677 0.0037780911298849677 0.0037780911298849677 0.0037780911298849677 0.0037780911298849677 0.0037103174539744968 0.003490910605122303 0.0031609721310049904
0.03653664110367593 0.044320826306116425 0.0528464102132313 0.062037653410176107 0.07189512463732768 0.08246340906857016 0.09379138858907693 0.10588620146254914 0.11755691488463652 0.09199221206761773 0.06838603128990324 0.050993681007981184 0.038203945668704865 0.028805413040307693 0.021909450646149423 0.016861967001311404 0.013180767218203151 0.010511407170379091 0.008594651604278424 0.007176908445760863 0.006116211175672019 0.005334509829630499 0.004759771294650188 0.004354862245535742 0.0040808465942605565 0.003897730129428609 0.00379858574728284 0.0037780911298849677 0.0037780911298849677 0.0037780911298849677 0.0037780911298849677 0.0037780911298849677 0.0037780911298849677 0.0037780911298849677 0.0037780911298849677 0.0037780911298849677 0.0037780911298849677 0.0037780911298849677 0.0037733020480228197 0.0036588242229642154 0.003417144499900608
0.04004479688743797 0.04794816545534683 0.056090037329525555 0.0643826554351403 0.0728674861027847 0.0815719703795027 0.09030997388908125 0.09809731024583485 0.09939532888847862 0.08383390144466507 0.06442141661629941 0.048614376381109325 0.036617307885402635 0.027696636235748452 0.021124579720815478 0.01630926992096421 0.01279604026704103 0.010245108569379116 0.008407528538052619 0.007062010516965171 0.006036689126496738 0.005271793385822872 0.004722923975774283 0.004346326944150298 0.0040755902433240775 0.0038946733099362156 0.0037974016282923944 0.0037780911298849677 0.0037780911298849677 0.0037780911298849677 0.0037780911298849677 0.0037780911298849677 0.0037780911298849677 0.0037780911298849677 0.0037780911298849677 0.0037780911298849677 0.0037780911298849677 0.0037780911298849677 0.0037780911298849677 0.0037598933448501244 0.0036241701544660757
0.04352360558688861 0.05115287434062055 0.05819252297465464 0.06467988070680374 0.07075150988645135 0.07637345334584869 0.08140916776746569 0.08424824148511732 0.0815120294557181 0.07138902392140935 0.057896558086082156 0.045268877628546166 0.034911924006835036 0.026854702154186845 0.020740155100790934 0.016163154391362896 0.012768252235664261 0.01027021905994128 0.008450452070111657 0.007121190338096291 0.0061010349017151175 0.005331619594230396 0.004764588019247574 0.004346135731256125 0.004058298238524181 0.0038837656705088376 0.0037933436773655827 0.0037780911298849677 0.0037780911298849677 0.0037780911298849677 0.0037780911298849677 0.0037780911298849677 0.0037780911298849677 0.0037780911298849677 0.0037780911298849677 0.0037780911298849677 0.0037780911298849677 0.0037780911298849677 0.0037780911298849677 0.0037780911298849677 0.003751552615778263
0.047009455063502376 0.05382871037413712 0.058900849558560155 0.06285382110979382 0.06630421440634503 0.06955030795050977 0.07190004188551882 0.0720645867664413 0.06857014724030236 0.061142368548641614 0.05147850353378288 0.04172823487849907 0.03313326796960885 0.026075062496859796 0.02050060321408055 0.01619978393139999 0.012933616496669204 0.010484709039022594 0.00867326847394781 0.007342502690123443 0.006313121231310192 0.005514630158632982 0.004892155479474778 0.004422399567435113 0.004088067230798062 0.0038781086326353264 0.003787479963291568 0.0037780911298849677 0.0037780911298849677 0.0037780911298849677 0.0037780911298849677 0.0037780911298849677 0.0037780911298849677 0.0037780911298849677 0.0037780911298849677 0.0037780911298849677 0.0037780911298849677 0.0037780911298849677 0.0037780911298849677 0.0037780911298849677 0.0037780911298849677
0.05060753628169282 0.05561103411337708 0.05772222571857832 0.059309064483495016 0.06103409081225443 0.0625797398693844 0.06330157016592962 0.062361052332821285 0.05906685792505571 0.053408856530179176 0.046222505053693456 0.03866365820855126 0.03161397359043925 0.02551579283202082 0.020485891417188866 0.0164657268384637 0.013324141806349003 0.010913522172787633 0.009096751711962612 0.007745633978894809 0.006664746489232227 0.005792259137367955 0.005103462814030439 0.004575862351894842 0.004191003755964589 0.003935866919502491 0.0038042028172618203 0.0037780911298849677 0.0037780911298849677 0.0037780911298849677 0.0037780911298849677 0.0037780911298849677 0.0037780911298849677 0.0037780911298849677 0.0037780911298849677 0.0037780911298849677 0.0037780911298849677 0.0037780911298849677 0.0037780911298849677 0.0037780911298849677 0.0037780911298849677
0.05448829696681309 0.05456121285770352 0.05419459545891214 0.05454919277947791 0.05527005749007939 0.05590817411051231 0.055923198576123295 0.05475713635995263 0.05202147828484232 0.047716272881834776 0.042276374122658514 0.03636150813458523 0.030576470544169745 0.025322371464127802 0.02079234740935907 0.017030578721574298 0.013994957629330512 0.011603128088582288 0.009746206254676277 0.008308151375826205 0.007131284724841709 0.00616983240663727 0.005402633802827127 0.0048078665995877285 0.004366049911488866 0.004062209998921558 0.0038876363024268135 0.0038058502486881633 0.0037780911298849677 0.0037780911298849677 0.0037780911298849677 0.0037780911298849677 0.0037780911298849677 0.0037780911298849677 0.0037780911298849677 0.0037780911298849677 0.0037780911298849677 0.0037780911298849677 0.0037780911298849677 0.0037780911298849677 0.0037780911298849677
0.04516354614888323 0.04773184532966708 0.048252945906308964 0.04871616084998503 0.049301678891767044 0.04975894884876487 0.049722649619273425 0.04882313232174754 0.04680478604453004 0.043637022818482744 0.03954223935214922 0.03490977519285925 0.030157008073288954 0.02562340840026765 0.021530328655692516 0.017988144842169707 0.015004468946990278 0.012550730753438388 0.010580870827340966 0.009024476937340473 0.007729474003738887 0.006659404272241222 0.005797576260574998 0.0051230926452723435 0.0046153314109169796 0.004257134552072555 0.0040347330812442045 0.0038896463196897236 0.003802532778187549 0.0037780911298849677 0.0037780911298849677 0.0037780911298849677 0.0037780911298849677 0.0037780911298849677 0.0037780911298849677 0.0037780911298849677 0.0037780911298849677 0.0037780911298849677 0.0037780911298849677 0.0037780911298849677 0.0037780911298849677
0.03571359527324452 0.039060160688092566 0.041027820848087315 0.042392677086146004 0.043483318837106544 0.04428098333486781 0.044608777890890926 0.04424588723267389 0.043019415194740424 0.040873940120541845 0.03790558229913555 0.034336548320460444 0.030445547762472918 0.026505735787190433 0.022740361705208652 0.01930559054931317 0.016291808941760518 0.013734593050886609 0.011629356044463243 0.00992665789674041 0.008482636214596762 0.0072774429572607146 0.006299591805596479 0.005529037222168547 0.0049435450159634655 0.004523214160918577 0.004238345269244122 0.0040234147426126705 0.003873840046544034 0.003792392922504362 0.0037780911298849677 0.0037780911298849677 0.0037780911298849677 0.0037780911298849677 0.0037780911298849677 0.0037780911298849677 0.0037780911298849677 0.0037780911298849677 0.0037780911298849677 0.0037780911298849677 0.0037780911298849677
0.02848497435402366 0.031620091285708904 0.03411936748273747 0.03613945667571424 0.037825251017377645 0.03918695550506948 0.04012468879040232 0.04048585577125511 0.04012559761192523 0.03896045611474861 0.03700184859587035 0.03435948466264802 0.0312175962461353 0.0277973977617171 0.024319848249980538 0.02097690461420821 0.017913936510297292 0.015223277466565715 0.012947538265765886 0.011055694753216399 0.009420177566430406 0.008044524896096968 0.006922885164020463 0.006035463197147936 0.005357401309174971 0.004864972821434864 0.00449445262205771 0.0042015721972895525 0.003985074071038135 0.0038444761391035385 0.00378133262010847 0.0037780911298849677 0.0037780911298849677 0.0037780911298849677 0.0037780911298849677 0.0037780911298849677 0.0037780911298849677 0.0037780911298849677 0.0037780911298849677 0.0037780911298849677 0.0037780911298849677
0.022954268580701927 0.025703283591327064 0.028249130226632304 0.030567335643924696 0.03266969615615567 0.03453127967371463 0.036069933360802914 0.03716040904468701 0.03766469014398047 0.03746748362051485 0.03650758950991989 0.03479741786432407 0.03242705867018718 0.029553702640061033 0.026379390988785646 0.023120998534581227 0.0199782242461347 0.01710746060914442 0.014608510736700147 0.012462087993963622 0.010577200452881004 0.008984551653580341 0.0076837130205309285 0.006653631231572237 0.005864980074428772 0.0052751956314446525 0.004798112959883462 0.004418108961116589 0.004129474649505523 0.0039276336088825544 0.0038103865601001787 0.0037780911298849677 0.0037780911298849677 0.0037780911298849677 0.0037780911298849677 0.0037780911298849677 0.0037780911298849677 0.0037780911298849677 0.0037780911298849677 0.0037780911298849677 0.0037780911298849677
